period,mktsize,entries,exits,surviv,entryrate,exitrate,survivrate,firms,totresinv,totinninv,totimiinv,costshareinn,firmsres,firmsinn,firmsimi,hindex,div,gini,pcm,cs,totprofits,ts,maxage,minage,avgage,actfirms,inactfirms,profitablefirms,wmc,avgproxopt,price,totoutput,avgoutput,magtechshock
1,4,40,27,13,1.0,0.675,0.32499999999999996,40,0,0,0,0,0,0,0,362.34419168975217,0.9999732905982905,-0.038136279500230796,0.15567113285120396,118444.14515867249,1383.5096075805936,119827.65476625308,0,0,0.0,36,4,13,47.826286055838374,0.5011574074074073,56.644144144144164,973.4234234234259,27.039539539539607,0
2,4,39,35,17,0.75,0.6730769230769231,0.32692307692307687,52,200,0,200,0.0,4,0,4,323.62104045260736,1.0003456510809452,-0.051465311697029836,0.15167739314866208,122262.18156533447,-286.6771187641736,121975.5044465703,1,0,0.25,41,11,14,44.75154228107131,0.5327743902439025,52.75297619047619,988.9880952380953,24.121660859465738,0
3,4,32,30,19,0.6530612244897959,0.6122448979591837,0.3877551020408163,49,700,600,100,0.8571428571428571,8,6,2,326.36924920474644,0.9946145124716553,-0.22242990253553385,0.15544580398591282,122951.17323133706,225.49641927085622,123176.66965060792,2,0,0.5102040816326531,39,10,19,43.96520411021251,0.5430021367521367,52.05729166666668,991.7708333333354,25.43002136752142,0
4,4,25,20,24,0.5681818181818182,0.45454545454545453,0.5454545454545454,44,450,300,150,0.6666666666666666,6,3,3,326.33610654944647,0.9898476039464412,-0.1810459076779155,0.15997843079347263,124173.37968670092,504.45145280881474,124677.83113950974,3,0,0.8636363636363636,38,6,19,42.696609139957836,0.5572916666666667,50.82799145299145,996.6880341880336,26.228632478632463,0
5,4,6,7,23,0.2,0.23333333333333334,0.7666666666666666,30,700,400,300,0.5714285714285714,10,4,6,356.07483474756157,0.9787356321839081,-0.010043196544276434,0.17353962998749584,123927.04358885421,2825.460313331028,126752.50390218524,4,0,2.0,30,0,21,42.2116855651548,0.5722222222222222,51.075268817204304,995.6989247311828,33.18996415770609,2
6,4,14,19,18,0.3783783783783784,0.5135135135135135,0.4864864864864865,37,500,200,300,0.4,8,2,6,297.9189342315527,0.9877377377377378,-0.09581986717334945,0.15014325096040512,125329.16378116353,67.58618036319838,125396.74996152673,5,0,1.8918918918918919,37,0,12,42.2132793108483,0.5709459459459458,49.67105263157895,1001.3157894736851,27.06258890469419,0
7,4,26,22,22,0.5909090909090909,0.5,0.5,44,350,200,150,0.5714285714285714,5,2,3,318.037718607727,0.9886804087385483,-0.21492232078234652,0.15919571067658317,125046.30058299037,-846.1119684499336,124200.18861454044,6,0,1.75,44,0,19,42.00128834166513,0.5572916666666667,49.9537037037037,1000.1851851851849,22.731481481481474,0
8,4,5,3,24,0.18518518518518517,0.1111111111111111,0.8888888888888888,27,350,200,150,0.5714285714285714,5,2,3,390.05338216234315,0.9783950617283951,-0.0377723596114401,0.19142619832275015,124219.9707031251,4290.483940972236,128510.45464409734,7,0,3.5185185185185186,27,0,21,41.06038836642285,0.5844907407407407,50.78125000000001,996.8750000000008,36.921296296296326,0
9,4,7,6,25,0.22580645161290322,0.1935483870967742,0.8064516129032258,31,950,600,350,0.631578947368421,13,6,7,344.2981192986668,0.9775089605734767,-0.050727190377937825,0.1737756649373586,125390.93017578128,2434.3722873263905,127825.30246310767,8,0,3.838709677419355,31,0,21,40.98847287224821,0.5846774193548387,49.609375,1001.5625000000002,32.308467741935495,0
10,4,5,5,25,0.16666666666666666,0.16666666666666666,0.8333333333333334,30,550,300,250,0.5454545454545454,8,3,5,347.7407971812969,0.9687260536398468,-0.036721648562871745,0.17628165360849293,125571.88918155292,2733.293769510943,128305.18295106386,9,0,4.566666666666666,30,0,22,40.71537928568237,0.5892361111111111,49.42876344086022,1002.2849462365602,33.40949820788534,0
11,4,3,3,25,0.10714285714285714,0.10714285714285714,0.8928571428571429,28,950,500,450,0.5263157894736842,14,5,9,370.07442158054727,0.972718253968254,-0.03968083143718104,0.186482186839829,125323.48487663503,3675.8032352358414,128999.28811187088,10,0,5.464285714285714,28,0,23,40.412899985650746,0.5926339285714285,49.67672413793104,1001.2931034482765,35.76046798029559,0
12,4,6,6,25,0.1935483870967742,0.1935483870967742,0.8064516129032258,31,900,600,300,0.6666666666666666,12,6,6,340.42278872787267,0.9672939068100358,-0.04037584969354635,0.17581300011825468,126338.19792005768,2401.6803317600024,128739.87825181767,11,0,5.741935483870968,31,0,18,40.10936083408884,0.5944220430107525,48.66536458333334,1005.338541666668,32.43027553763445,0
13,4,5,3,27,0.16666666666666666,0.1,0.9,30,900,600,300,0.6666666666666666,12,6,6,348.5774774382675,0.9660440613026821,0.0009658610406375612,0.18141047453336942,126651.92733625272,2829.6018687131427,129481.52920496586,12,0,6.6,30,0,21,39.58166421863178,0.6003472222222221,48.35349462365591,1006.586021505376,33.552867383512535,0
14,4,3,4,26,0.1,0.13333333333333333,0.8666666666666667,30,800,700,100,0.875,9,7,2,348.37694109880215,0.9655172413793104,-0.012137390994839237,0.18175766314151992,126753.41802520522,2831.5936090877517,129585.01163429297,13,0,7.3,30,0,22,39.482392329596024,0.601388888888889,48.25268817204301,1006.9892473118279,33.5663082437276,0
15,4,2,2,26,0.07142857142857142,0.07142857142857142,0.9285714285714286,28,750,700,50,0.9333333333333333,8,7,1,370.6351018368766,0.9620260141093474,0.0034016033944639368,0.19240605027158225,126549.31143892836,3780.7233865107532,130330.03482543911,14,0,8.571428571428571,28,0,23,39.13233614165361,0.6052827380952381,48.455459770114935,1006.1781609195389,35.93493431855496,0
16,4,3,5,24,0.10344827586206896,0.1724137931034483,0.8275862068965517,29,500,400,100,0.8,6,4,2,358.41609763005783,0.9619252873563218,-0.02509911297452949,0.18758660694144566,126882.03124999983,3295.312499999987,130177.34374999981,15,0,8.724137931034482,29,0,24,39.097394540942936,0.6056034482758621,48.12499999999999,1007.4999999999986,34.74137931034478,0
17,4,2,2,24,0.07692307692307693,0.07692307692307693,0.9230769230769231,26,1000,700,300,0.7,13,7,6,396.7312513830717,0.960448717948718,-0.03523721787194889,0.20458516549944117,126276.38996056218,4819.558041838097,131095.94800240028,16,0,9.384615384615385,26,0,24,38.75806080147396,0.6093750000000002,48.72685185185183,1005.0925925925908,38.65740740740734,0
18,4,7,3,28,0.22580645161290322,0.0967741935483871,0.9032258064516129,31,650,500,150,0.7692307692307693,8,5,3,347.46289215076115,0.9597670250896058,-0.01598747647676002,0.18338845288720015,127223.34120008688,2641.0780164930597,129864.41921657995,17,0,8.64516129032258,31,0,23,39.022973670624665,0.603494623655914,47.786458333333336,1008.8541666666673,32.54368279569895,2
19,4,1,1,28,0.034482758620689655,0.034482758620689655,0.9655172413793104,29,950,600,350,0.631578947368421,13,6,7,395.0804808738939,0.9575123152709359,-0.030051373538573012,0.20241224636692953,126008.97231867263,4156.737075617258,130165.7093942899,18,0,10.206896551724139,29,0,18,39.07626112417577,0.5966235632183909,48.99305555555554,1004.0277777777761,34.62164750957849,4
20,4,3,5,26,0.0967741935483871,0.16129032258064516,0.8387096774193549,31,850,700,150,0.8235294117647058,10,7,3,377.4798691801217,0.9611111111111111,0.0008003034483912153,0.19778718399356532,126927.95011732304,3382.5492011176116,130310.49931844065,19,0,10.419354838709678,31,0,17,38.56993259249688,0.600470430107527,48.07942708333333,1007.6822916666658,32.50588037634406,0
21,4,1,2,25,0.037037037037037035,0.07407407407407407,0.9259259259259259,27,900,800,100,0.8888888888888888,10,8,2,417.2803634330376,0.9531101614434948,0.021793585801281656,0.2157278818452207,126380.27753419074,5147.2016280470525,131527.47916223778,20,0,12.185185185185185,27,0,18,38.13406467367175,0.6068672839506173,48.623511904761905,1005.5059523809522,37.240961199294524,0
22,4,4,0,29,0.13793103448275862,0.0,1.0,29,950,900,50,0.9473684210526315,10,9,1,407.28706460881233,0.95309934318555,0.05577111914045729,0.2095529605533535,126183.34297839513,4478.568672839516,130661.91165123464,21,0,12.10344827586207,29,0,21,38.58918532854114,0.5984195402298851,48.81944444444445,1004.7222222222229,34.645593869731826,4
23,4,6,7,28,0.17142857142857143,0.2,0.8,35,700,300,400,0.42857142857142855,11,3,8,354.9842353099335,0.9543417366946778,0.05711595689234872,0.19054333843515484,127903.57320011317,2084.0104560342425,129987.58365614741,22,0,10.857142857142858,34,1,19,38.13600878741518,0.6032475490196079,47.11309523809523,1011.5476190476174,29.75140056022404,0
24,4,4,4,28,0.125,0.125,0.875,32,1150,900,250,0.782608695652174,14,9,5,379.48557612579725,0.9429603494623656,0.08861125385405932,0.20627903104491677,128408.3387586807,3345.8224826389073,131754.1612413196,23,0,11.5625,31,1,19,36.99897225077081,0.6155913978494623,46.61458333333334,1013.5416666666678,32.694892473118315,0
25,4,2,3,27,0.06666666666666667,0.1,0.9,30,650,300,350,0.46153846153846156,10,3,7,393.76240354797363,0.9432471264367817,0.08985050061719946,0.21281850884123635,128179.68991126552,4094.4685570987804,132274.1584683643,24,0,12.7,29,1,22,36.87179970740185,0.6188936781609196,46.840277777777786,1012.6388888888896,34.91858237547895,0
26,4,0,1,26,0.0,0.037037037037037035,0.962962962962963,27,900,600,300,0.6666666666666666,12,6,6,418.0936492697633,0.9343542260208927,0.1028743813978712,0.22467393152562046,127949.29317177266,5298.957380734652,133248.25055250732,25,1,13.88888888888889,26,1,22,36.49297081553793,0.6266025641025641,47.067901234567906,1011.7283950617289,38.912630579297264,0
27,4,3,2,27,0.10344827586206896,0.06896551724137931,0.9310344827586207,29,600,300,300,0.5,9,3,6,386.942580266332,0.9356527093596059,0.05983456869695947,0.2118285660341735,128690.63986325813,4159.177648962886,132849.81751222102,26,0,13.379310344827585,28,1,20,36.520874634192374,0.6272321428571428,46.33620689655173,1014.6551724137939,36.23768472906407,0
28,4,1,1,27,0.03571428571428571,0.03571428571428571,0.9642857142857143,28,700,400,300,0.5714285714285714,10,4,6,399.1752878845779,0.9325947971781304,0.0763375175506611,0.2182179581001739,128634.67538708195,4669.556715915537,133304.23210299748,27,0,14.821428571428571,27,1,20,36.26793922057601,0.6300154320987653,46.39136904761905,1014.4345238095241,37.571649029982375,0
29,4,1,2,26,0.03571428571428571,0.07142857142857142,0.9285714285714286,28,550,300,250,0.5454545454545454,8,3,5,400.4947572689088,0.9300595238095237,0.07517336014916287,0.21935532127041685,128710.16521843118,4709.549275439354,133419.71449387053,28,0,15.785714285714286,27,1,20,36.157091704551014,0.630787037037037,46.31696428571429,1014.7321428571433,37.58267195767198,0
30,4,1,1,26,0.037037037037037035,0.037037037037037035,0.962962962962963,27,750,500,250,0.6666666666666666,10,5,5,413.7501764248923,0.9252136752136753,0.08706972340569408,0.22584436540401942,128574.57895137943,5239.550944977906,133814.12989635734,29,0,17.185185185185187,26,1,20,35.96000710083181,0.6330128205128205,46.45061728395062,1014.1975308641981,39.0075973409307,0
31,4,3,3,26,0.10344827586206896,0.10344827586206896,0.896551724137931,29,850,700,150,0.8235294117647058,10,7,3,392.8958509857683,0.9253899835796388,0.05071252017141448,0.2172753990635138,129091.85751502856,4343.93104274015,133435.7885577687,30,0,16.896551724137932,28,1,20,35.95922286629908,0.6313244047619047,45.941091954023,1016.2356321839093,36.2941297208539,0
32,4,1,1,26,0.037037037037037035,0.037037037037037035,0.962962962962963,27,850,600,250,0.7058823529411765,11,6,5,416.8984787542888,0.9247388414055081,0.08129669066693657,0.2280108651689432,128652.84684118285,5327.035227099539,133979.8820682824,31,0,19.11111111111111,26,1,20,35.79980478653279,0.6338141025641025,46.37345679012346,1014.506172839507,39.01946818613489,0
33,4,1,1,26,0.037037037037037035,0.037037037037037035,0.962962962962963,27,400,200,200,0.5,6,2,4,417.6309672864828,0.9249762583095917,0.08799675587996747,0.22886177007299255,128731.1385459533,5352.4219821673405,134083.56052812064,32,0,20.074074074074073,26,1,20,35.700843978102185,0.6346153846153846,46.29629629629629,1014.8148148148144,39.031339031339016,0
34,4,0,0,26,0.0,0.0,1.0,26,650,500,150,0.7692307692307693,8,5,3,430.4949327213066,0.9228205128205128,0.10084605659826873,0.23484240812589902,128550.50131492438,5868.067882971722,134418.5691978961,33,7,21.846153846153847,25,1,21,35.56020859671301,0.6366666666666667,46.47435897435897,1014.102564102564,40.56410256410256,0
35,4,3,2,27,0.10344827586206896,0.06896551724137931,0.9310344827586207,29,700,300,400,0.42857142857142855,11,3,8,392.6711836760202,0.9274425287356322,0.06335793142389834,0.21937560450795954,129493.69963007008,4369.688862465331,133863.38849253542,34,0,20.482758620689655,28,1,18,35.554300771692084,0.6354166666666666,45.54597701149426,1017.8160919540235,36.3505747126437,0
36,4,2,2,27,0.06896551724137931,0.06896551724137931,0.9310344827586207,29,400,300,100,0.75,5,3,2,392.06136695041187,0.92497947454844,0.08285589222314105,0.22026268555296516,129713.14944180207,4371.102936319196,134084.25237812128,35,0,21.413793103448278,28,1,19,35.345850963798775,0.6376488095238095,45.33045977011494,1018.6781609195401,36.38136288998358,0
37,4,1,0,28,0.03571428571428571,0.0,1.0,28,1050,900,150,0.8571428571428571,12,9,3,395.7052586712132,0.9202491181657848,0.07648592283628752,0.2232768551810388,129883.08930342969,4679.084289965981,134562.17359339568,36,0,21.892857142857142,27,1,22,35.079683698296826,0.642746913580247,45.163690476190474,1019.345238095238,37.753527336860664,0
38,4,0,0,28,0.0,0.0,1.0,28,1150,600,550,0.5217391304347826,17,6,11,393.9697193428422,0.9184854497354497,0.07037600566926527,0.22316268234511055,130034.82187145675,4645.956455498846,134680.7783269556,37,1,22.892857142857142,27,1,22,34.9692393736018,0.6442901234567902,45.01488095238094,1019.9404761904748,37.775573192239804,0
39,4,0,0,28,0.0,0.0,1.0,28,1100,800,300,0.7272727272727273,14,8,6,394.19455233498564,0.9166666666666666,0.06602899214796021,0.22438011904279398,130224.61214303432,4666.766537344111,134891.37868037843,38,2,23.892857142857142,27,1,22,34.770162074160474,0.6462191358024691,44.82886904761905,1020.684523809524,37.80313051146385,0
40,4,2,2,28,0.06666666666666667,0.06666666666666667,0.9333333333333333,30,1200,900,300,0.75,15,9,6,371.8667169955328,0.9184865900383142,0.045689069925322734,0.21480771534683116,130794.81336805546,3727.6475694444352,134522.46093749988,39,0,23.233333333333334,29,1,23,34.761116768499654,0.6454741379310346,44.27083333333333,1022.9166666666658,35.2729885057471,0
41,4,0,1,27,0.0,0.03571428571428571,0.9642857142857143,28,700,300,400,0.42857142857142855,11,3,8,406.2687686941272,0.9183752204585537,0.013640945940269544,0.21897307168442592,128069.2075007087,4806.103847789125,132875.3113484978,40,1,25.428571428571427,27,1,20,36.66874938743506,0.6242283950617283,46.949404761904766,1012.2023809523815,37.488977072310426,6
42,4,3,3,27,0.1,0.1,0.9,30,1100,900,200,0.8181818181818182,13,9,4,369.59056107052754,0.9244731800766284,0.03215217689877736,0.19801242642785213,127828.32031250003,3448.8281250000014,131277.14843750003,41,0,24.6,29,1,21,37.84378862793571,0.615301724137931,47.1875,1011.2500000000002,34.87068965517242,6
43,4,2,1,28,0.06896551724137931,0.034482758620689655,0.9655172413793104,29,800,300,500,0.375,13,3,10,369.2777019343246,0.9176929392446633,0.0014202124637843205,0.19836421687976558,127933.68055555563,3648.6111111111168,131582.29166666674,42,0,24.96551724137931,29,0,22,37.7436847885777,0.6163793103448276,47.083333333333336,1011.6666666666673,34.88505747126439,0
44,4,3,2,29,0.0967741935483871,0.06451612903225806,0.935483870967742,31,750,600,150,0.8,9,6,3,350.5882399869284,0.9252688172043011,-0.004240885616191514,0.19136172398445592,128573.35620456279,2815.2613321940203,131388.61753675682,43,0,24.258064516129032,31,0,21,37.56272200111268,0.617271505376344,46.45182291666667,1014.1927083333339,32.71589381720432,0
45,4,3,3,29,0.09375,0.09375,0.90625,32,900,800,100,0.8888888888888888,10,8,2,339.7104772293512,0.9230090725806452,0.0024355189558733503,0.18731808014462878,128976.8442792829,2362.957064330196,131339.8013436131,44,0,24.40625,32,0,22,37.42749119535944,0.6188151041666665,46.05429292929294,1015.7828282828298,31.74321338383843,0
46,4,4,3,30,0.12121212121212122,0.09090909090909091,0.9090909090909091,33,500,200,300,0.4,8,2,6,330.9296783510313,0.924636994949495,0.0044698613028337775,0.18380552014436827,129263.69214965419,1955.4384131103743,131219.13056276456,45,0,24.484848484848484,33,0,24,37.358901743392,0.6193181818181817,45.77205882352943,1016.911764705884,30.815508021390425,0
47,4,0,0,30,0.0,0.0,1.0,30,950,500,450,0.5263157894736842,14,5,9,360.2708368868502,0.9174329501915709,0.030923375706214618,0.19773004070999223,128791.76783443178,3279.983596369533,132071.75143080132,46,1,27.8,30,0,24,37.09420241878532,0.6222222222222221,46.23655913978495,1015.0537634408607,33.83512544802869,0
48,4,2,0,32,0.0625,0.0,1.0,32,1200,900,300,0.75,15,9,6,339.2869242531876,0.9180107526881721,0.03863030265442835,0.18969009593129,129522.5056754415,2389.0585144373326,131911.56418987882,47,0,27.0,32,0,20,36.883424295046744,0.6243489583333333,45.51767676767678,1017.9292929292948,31.81029040404046,0
49,4,1,1,32,0.030303030303030304,0.030303030303030304,0.9696969696969697,33,950,600,350,0.631578947368421,13,6,7,329.6098560549384,0.9194286616161617,0.03469450973960919,0.18555896771136196,129793.87622849405,1956.268172097298,131750.14440059135,48,0,27.151515151515152,33,0,20,36.854454800561236,0.6246843434343432,45.25122549019609,1018.9950980392173,30.878639334521736,0
50,4,1,4,29,0.030303030303030304,0.12121212121212122,0.8787878787878788,33,1200,900,300,0.75,15,9,6,330.5460364780904,0.914535984848485,0.03195314122108228,0.18668109147734116,129918.78311526823,1988.8277645617156,131907.61087982994,49,0,28.12121212121212,33,0,21,36.704005890131036,0.6259469696969696,45.12867647058824,1019.4852941176475,30.893493761140835,0
51,4,1,1,29,0.03333333333333333,0.03333333333333333,0.9666666666666667,30,1100,900,200,0.8181818181818182,13,9,4,358.670559049828,0.9127873563218392,0.011046588359508558,0.2011581662413433,129645.87894915606,3300.031976240031,132945.91092539608,50,0,28.7,30,0,22,36.264627601073414,0.6309027777777778,45.39650537634409,1018.4139784946244,33.94713261648748,0
52,4,2,1,30,0.06451612903225806,0.03225806451612903,0.967741935483871,31,750,500,250,0.6666666666666666,10,5,5,350.2072443806111,0.9092293906810036,0.04423398924594091,0.1997072729591541,130295.81917656782,2926.107957628028,133221.92713419584,51,0,28.70967741935484,31,0,24,35.82039386982955,0.634744623655914,44.75911458333333,1020.9635416666657,32.93430779569889,0
53,4,0,0,30,0.0,0.0,1.0,30,1000,600,400,0.6,14,6,8,359.5111149606351,0.9075191570881226,0.04886927501866212,0.20411734283217517,130125.41415553821,3356.306545554392,133481.7207010926,52,1,30.433333333333334,30,0,24,35.75588416106791,0.6357638888888889,44.9260752688172,1020.2956989247311,34.00985663082437,0
54,4,2,1,31,0.0625,0.03125,0.96875,32,1200,900,300,0.75,15,9,6,342.08584810482114,0.9055359543010754,0.04644123997532401,0.19818483194350045,130907.84940631037,2556.344537547162,133464.19394385754,53,0,29.46875,32,0,20,35.408441291383916,0.6383463541666667,44.16035353535352,1023.3585858585842,31.979955808080756,0
55,4,1,1,31,0.03125,0.03125,0.96875,32,800,400,400,0.5,12,4,8,340.2763320895966,0.9079721102150539,0.0548117832038475,0.1977993388469202,131037.09323347094,2517.764290633589,133554.85752410453,54,0,30.4375,32,0,20,35.32417684054755,0.6396484375000002,44.0340909090909,1023.8636363636352,31.9957386363636,0
56,4,0,0,31,0.0,0.0,1.0,31,1350,1100,250,0.8148148148148148,16,11,5,351.36776541123606,0.9016129032258065,0.06067471066239838,0.20366892596845973,130928.03955078115,3000.7785373263755,133928.8180881075,55,2,32.41935483870968,31,0,20,35.15055131467345,0.6411290322580645,44.14062499999999,1023.4374999999992,33.01411290322578,0
57,4,0,1,30,0.0,0.03225806451612903,0.967741935483871,31,1350,1000,350,0.7407407407407407,17,10,7,353.5902402094795,0.8991935483870968,0.06823111650545122,0.20620418233713703,131161.34855482323,3075.474548339853,134236.82310316307,56,3,33.41935483870968,31,0,21,34.85776556078133,0.6434811827956989,43.91276041666667,1024.3489583333342,33.04351478494626,0
58,4,0,0,30,0.0,0.0,1.0,30,750,500,250,0.6666666666666666,10,5,5,360.9014531700661,0.8939176245210728,0.07008177008177019,0.21081622816210072,131224.8187109781,3471.8455529540997,134696.6642639322,57,4,34.4,30,0,24,34.60634483361757,0.646875,43.850806451612904,1024.5967741935483,34.15322580645161,0
59,4,0,0,30,0.0,0.0,1.0,30,1550,1300,250,0.8387096774193549,18,13,5,358.24722355744274,0.8923850574712644,0.06865417376490601,0.21077752991263266,131500.3924767315,3421.9301003006194,134922.32257703212,58,5,35.4,30,0,26,34.39588520508452,0.6496527777777779,43.58198924731183,1025.6720430107532,34.18906810035844,0
60,4,1,2,29,0.03225806451612903,0.06451612903225806,0.935483870967742,31,950,600,350,0.631578947368421,13,6,7,350.50545363280634,0.8918458781362008,0.05313092979127099,0.20819179354334177,131862.521701389,3043.706597222231,134906.2282986112,59,0,35.225806451612904,31,0,21,34.22920892494929,0.650537634408602,43.22916666666667,1027.0833333333342,33.131720430107556,0
61,4,0,0,29,0.0,0.0,1.0,29,900,600,300,0.6666666666666666,12,6,6,366.05257609617877,0.8879310344827586,0.05152113346493614,0.2162080323560886,131648.6328125002,3838.06423611114,135486.69704861136,60,7,36.827586206896555,29,0,22,34.04596359453242,0.6540948275862067,43.437500000000014,1026.2500000000016,35.38793103448281,0
62,4,1,1,29,0.03333333333333333,0.03333333333333333,0.9666666666666667,30,1100,800,300,0.7272727272727273,14,8,6,356.1615243046056,0.8870689655172415,0.04893598465027038,0.21203260839442434,131948.81633714895,3399.018311365496,135347.83464851446,61,0,36.56666666666667,30,0,22,33.99698020233734,0.6541666666666666,43.14516129032259,1027.4193548387107,34.24731182795702,0
63,4,0,0,29,0.0,0.0,1.0,29,850,600,250,0.7058823529411765,11,6,5,366.2113138744156,0.8855706075533661,0.053452240469782364,0.21711309089603517,131791.2061149694,3852.6861496913925,135643.8922646608,62,9,38.827586206896555,29,0,22,33.89791582127237,0.6555316091954021,43.29861111111113,1026.8055555555577,35.40708812260544,0
64,4,0,0,29,0.0,0.0,1.0,29,1000,700,300,0.7,13,7,6,368.29181820035535,0.8817733990147782,0.05621276952764487,0.21937382214542925,131969.5312500002,3920.659722222251,135890.19097222245,63,10,39.827586206896555,29,0,23,33.66450391997838,0.6573275862068965,43.125000000000014,1027.5000000000016,35.431034482758676,0
65,4,0,0,29,0.0,0.0,1.0,29,700,400,300,0.5714285714285714,10,4,6,368.51716581446266,0.8808497536945813,0.05899347623485496,0.2199215344376635,132040.89506172857,3931.867283950635,135972.76234567922,64,11,40.827586206896555,29,0,23,33.58671171171171,0.6580459770114941,43.055555555555564,1027.7777777777792,35.440613026819975,0
66,4,0,0,29,0.0,0.0,1.0,29,1250,900,350,0.72,16,9,7,396.2905793327483,0.8794129720853858,0.07858252100211427,0.23039859233761972,131043.55709876535,4586.265432098753,135629.8225308641,65,12,41.827586206896555,29,0,20,33.88383975402423,0.6479885057471264,44.02777777777777,1023.8888888888882,35.30651340996166,3
67,4,0,0,29,0.0,0.0,1.0,29,850,500,350,0.5882352941176471,12,5,7,393.9378285439167,0.8759236453201971,0.07907946270833133,0.2303069175116497,131256.95408950624,4541.415895061741,135798.36998456798,66,13,42.827586206896555,29,0,20,33.727523267371474,0.6501436781609196,43.81944444444445,1024.7222222222229,35.33524904214561,0
68,4,0,0,29,0.0,0.0,1.0,29,400,100,300,0.25,7,1,6,396.25884063718695,0.8747947454844006,0.08298289879450516,0.2320944638017809,131328.125,4607.986111111111,135936.11111111112,67,14,43.827586206896555,29,0,20,33.59586720867208,0.6508620689655172,43.75,1025.0,35.3448275862069,0
69,4,0,1,28,0.0,0.034482758620689655,0.9655172413793104,29,1050,800,250,0.7619047619047619,13,8,5,397.32446591934183,0.8725369458128078,0.09159920445950864,0.2340222093524929,131541.75347222228,4652.951388888899,136194.70486111118,68,15,44.827586206896555,29,0,21,33.35194963444353,0.6530172413793103,43.54166666666667,1025.833333333334,35.37356321839083,0
70,4,0,0,28,0.0,0.0,1.0,28,800,700,100,0.875,9,7,2,408.9482445148719,0.8691578483245149,0.07632189889124574,0.24045078824935393,131475.43640177045,5153.329782666148,136628.7661844366,69,16,45.0,28,0,21,33.121147380218545,0.6555059523809523,43.606321839080465,1025.5747126436788,36.627668308702816,0
71,4,0,0,28,0.0,0.0,1.0,28,1000,800,200,0.8,12,8,4,411.1984897162736,0.8676146384479717,0.07540904908589008,0.24270905897137415,131622.8303771966,5224.621812656912,136847.4521898535,70,17,46.0,28,0,19,32.91386633062635,0.6569940476190474,43.46264367816093,1026.1494252873574,36.648193760262764,0
72,4,1,1,28,0.034482758620689655,0.034482758620689655,0.9655172413793104,29,900,700,200,0.7777777777777778,11,7,4,396.9504871763629,0.8662766830870279,0.07826402929310783,0.2373366321550435,132112.2781635803,4688.406635802475,136800.68479938278,71,0,45.37931034482759,29,0,20,32.783932270557514,0.6587643678160919,42.986111111111114,1028.0555555555559,35.45019157088124,0
73,4,1,1,28,0.034482758620689655,0.034482758620689655,0.9655172413793104,29,1100,700,400,0.6363636363636364,15,7,8,394.8597747873265,0.8670977011494253,0.06980315510261059,0.23787893749382855,132398.00347222234,4655.729166666685,137053.73263888902,72,0,44.6551724137931,29,0,20,32.54892037786775,0.6616379310344827,42.70833333333334,1029.1666666666677,35.48850574712647,0
74,4,0,1,27,0.0,0.03571428571428571,0.9642857142857143,28,1200,1000,200,0.8333333333333334,14,10,4,405.9821790830497,0.8615520282186948,0.08621308858739019,0.24386177871095965,132287.1251156033,5141.243063812947,137428.36817941625,73,2,47.25,28,0,20,32.37488361266294,0.663690476190476,42.816091954023,1028.7356321839095,36.74055829228248,0
75,4,0,0,27,0.0,0.0,1.0,27,850,600,250,0.7058823529411765,11,6,5,415.9020218656888,0.8603988603988605,0.08233335495448735,0.23512876681713704,129958.94451530615,5410.037556689345,135368.9820719955,74,3,48.148148148148145,27,0,19,34.487497567620146,0.6435185185185186,45.089285714285715,1019.6428571428575,37.76455026455027,5
76,4,2,1,28,0.06896551724137931,0.034482758620689655,0.9655172413793104,29,1200,900,300,0.75,15,9,6,392.2705140116739,0.8672003284072249,0.07108205810185653,0.2263855850456087,130759.29783950618,4458.603395061731,135217.90123456792,75,0,45.758620689655174,29,0,18,34.2754164403404,0.6451149425287357,44.30555555555556,1022.7777777777778,35.26819923371648,0
77,4,0,0,28,0.0,0.0,1.0,28,1100,900,200,0.8181818181818182,13,9,4,405.0663321565003,0.8582451499118166,0.092833059045478,0.23365171412398453,130739.70512947551,4991.650564803806,135731.3556942793,76,1,48.392857142857146,28,0,19,33.968167556429705,0.648065476190476,44.32471264367816,1022.7011494252876,36.52504105090313,0
78,4,0,0,28,0.0,0.0,1.0,28,850,400,450,0.47058823529411764,13,4,9,406.5324769599796,0.8568121693121693,0.08757022471910081,0.23494409382752082,130813.18536134237,5035.961652794299,135849.14701413666,77,2,49.392857142857146,28,0,19,33.855922284644194,0.6488095238095237,44.252873563218394,1022.988505747127,36.53530377668311,0
79,4,1,1,28,0.034482758620689655,0.034482758620689655,0.9655172413793104,29,850,500,350,0.5882352941176471,12,5,7,396.10286002564794,0.8597085385878489,0.07771948037372667,0.23071583647939412,131114.67013888896,4586.979166666673,135701.64930555565,78,0,48.6551724137931,29,0,19,33.816449688093286,0.6487068965517242,43.958333333333336,1024.1666666666672,35.31609195402301,0
80,4,0,0,28,0.0,0.0,1.0,28,950,700,250,0.7368421052631579,12,7,5,406.66641235500686,0.8546075837742504,0.08839335846635121,0.2359195050176767,130960.20775531775,5051.4235698242865,136011.63132514205,79,4,51.392857142857146,28,0,19,33.70297585626054,0.6502976190476191,44.10919540229885,1023.5632183908046,36.55582922824302,0
81,4,1,1,28,0.034482758620689655,0.034482758620689655,0.9655172413793104,29,550,300,250,0.5454545454545454,8,3,5,394.9092072163226,0.8599137931034483,0.07235910308367588,0.23066074597266906,131221.3758680555,4564.105902777775,135785.48177083328,80,0,50.58620689655172,29,0,19,33.73873186932357,0.6497844827586207,43.854166666666664,1024.583333333333,35.330459770114935,0
82,4,0,0,28,0.0,0.0,1.0,28,650,500,150,0.7692307692307693,8,5,3,405.00610911298793,0.8535052910052909,0.08575237560643112,0.23540567157741873,131033.74991742641,5013.893843308239,136047.64376073465,81,6,53.392857142857146,28,0,19,33.670712882402476,0.6510416666666666,44.037356321839084,1023.8505747126442,36.56609195402301,0
83,4,1,0,29,0.034482758620689655,0.0,1.0,29,1150,1000,150,0.8695652173913043,13,10,3,393.49376532551423,0.8542692939244663,0.08209735868793677,0.23133423273595524,131470.5246913581,4546.566358024698,136017.09104938278,82,0,52.51724137931034,29,0,20,33.52236818345975,0.6522988505747127,43.611111111111114,1025.5555555555559,35.363984674329515,0
84,4,0,2,27,0.0,0.06896551724137931,0.9310344827586207,29,900,600,300,0.6666666666666666,12,6,6,395.4809354757048,0.8516009852216748,0.07418155352035805,0.23402718927949823,131719.90981867278,4618.54263117283,136338.45244984562,83,1,53.51724137931034,29,0,19,33.218751409371755,0.6548132183908046,43.36805555555555,1026.5277777777771,35.39750957854404,0
85,4,0,0,27,0.0,0.0,1.0,27,550,200,350,0.36363636363636365,9,2,7,418.8405653878906,0.8442545109211776,0.08189115229324284,0.24556533233678116,131366.2602085105,5604.303739725059,136970.56394823556,84,9,56.629629629629626,27,0,19,32.97844994435574,0.6577932098765432,43.71279761904762,1025.1488095238096,37.96847442680777,0
86,4,1,1,27,0.03571428571428571,0.03571428571428571,0.9642857142857143,28,1100,700,400,0.6363636363636364,15,7,8,408.02216295027324,0.8522376543209876,0.07235355292894163,0.24106718858178666,131659.69177318664,5144.014442132379,136803.70621531902,85,0,55.57142857142857,28,0,19,32.957965840683194,0.6573660714285714,43.42672413793103,1026.2931034482756,36.6533251231527,0
87,4,0,0,27,0.0,0.0,1.0,27,750,400,350,0.5333333333333333,11,4,7,422.5523656741727,0.8428300094966762,0.08391337973704571,0.2494795474048883,131633.36167800458,5724.397675736968,137357.75935374157,86,11,58.629629629629626,27,0,19,32.61190061871617,0.6604938271604939,43.452380952380956,1026.1904761904766,38.007054673721356,0
88,4,0,0,27,0.0,0.0,1.0,27,800,500,300,0.625,11,5,6,422.5616519499235,0.8425925925925927,0.08119472234304759,0.249735022579145,131671.54117506376,5727.8687907454605,137399.40996580923,87,12,59.629629629629626,27,0,19,32.57288797061524,0.6608796296296295,43.41517857142857,1026.3392857142856,38.01256613756613,0
89,4,1,1,27,0.03571428571428571,0.03571428571428571,0.9642857142857143,28,1050,800,250,0.7619047619047619,13,8,5,413.18676842786505,0.8465057319223985,0.06327514928801081,0.24649916218219517,132028.5895800304,5310.493253732336,137339.08283376275,88,0,58.464285714285715,28,0,19,32.45141898504125,0.6610863095238095,43.06752873563219,1027.7298850574716,36.70463875205256,0
90,4,2,2,27,0.06896551724137931,0.06896551724137931,0.9310344827586207,29,850,600,250,0.7058823529411765,11,6,5,401.06188088575993,0.8498563218390804,0.04550551603162112,0.24184455648855713,132433.7408371914,4822.825038580253,137256.56587577166,89,0,57.37931034482759,29,0,20,32.353230558179284,0.6619971264367815,42.673611111111114,1029.3055555555559,35.4932950191571,0
91,4,0,0,27,0.0,0.0,1.0,27,650,400,250,0.6153846153846154,9,4,5,416.9235173166357,0.8392687559354226,0.05369673984079526,0.25066166945454077,132321.43964356577,5633.584006519274,137955.02365008503,90,1,59.77777777777778,27,0,20,32.05874554044933,0.6674382716049383,42.782738095238095,1028.8690476190477,38.10626102292769,0
92,4,0,0,27,0.0,0.0,1.0,27,650,600,50,0.9230769230769231,7,6,1,415.60865571242084,0.8376068376068376,0.05067493400585765,0.2506333976951016,132436.29369065343,5608.333997661571,138044.627688315,91,2,60.77777777777778,27,0,21,31.976320418293085,0.6685956790123456,42.671130952380956,1029.3154761904768,38.122795414462104,0
93,4,1,1,27,0.03571428571428571,0.03571428571428571,0.9642857142857143,28,1350,1100,250,0.8148148148148148,16,11,5,403.3246367677819,0.8427579365079365,0.03257873819176749,0.24061560690575023,132028.5895800304,5050.07658706567,137078.6661670961,92,0,59.57142857142857,28,0,18,32.70480917097722,0.6610863095238095,43.06752873563219,1027.7298850574716,36.70463875205256,3
94,4,0,0,27,0.0,0.0,1.0,27,600,300,300,0.5,9,3,6,412.85905127628126,0.8385565052231719,0.03418969662587501,0.2340900576095043,130072.76885363513,5340.343989158159,135413.11284279329,93,4,62.77777777777778,27,0,21,34.448851203501114,0.6446759259259259,44.97767857142857,1020.0892857142851,37.78108465608463,4
95,4,0,0,27,0.0,0.0,1.0,27,500,200,300,0.4,8,2,6,413.04433663875955,0.8389126305792973,0.03388219024158379,0.23442317648967978,130110.72137188195,5348.299319727874,135459.02069160983,94,5,63.77777777777778,27,0,21,34.40538700894595,0.6450617283950617,44.94047619047618,1020.2380952380942,37.78659611992941,0
96,4,0,0,27,0.0,0.0,1.0,27,600,400,200,0.6666666666666666,8,4,4,414.32736359850065,0.8372507122507123,0.028722600151171784,0.2360702420503084,130262.58680555543,5394.270833333314,135656.85763888876,95,6,64.77777777777777,27,0,21,34.21768707482993,0.646604938271605,44.79166666666666,1020.8333333333323,37.8086419753086,0
97,4,0,0,27,0.0,0.0,1.0,27,1000,600,400,0.6,14,6,8,412.0820904037687,0.8370132953466287,0.028403695070361445,0.23571095571095566,130414.5408163265,5348.299319727883,135762.84013605438,96,7,65.77777777777777,27,0,22,34.12004662004661,0.6481481481481481,44.64285714285714,1021.4285714285711,37.83068783068782,0
98,4,0,0,27,0.0,0.0,1.0,27,1050,800,250,0.7619047619047619,13,8,5,413.6340524319312,0.8358262108262109,0.022649323755904893,0.23752831706542682,130566.58340419504,5401.35700113379,135967.94040532885,97,8,66.77777777777777,27,0,21,33.92545136866628,0.6496913580246912,44.49404761904762,1022.0238095238097,37.852733686067026,0
99,4,1,0,28,0.03571428571428571,0.0,1.0,28,800,700,100,0.875,9,7,2,402.03168975069275,0.8434193121693121,0.02340350877192976,0.23345360957405756,130996.97625594531,4932.987143281812,135929.96339922713,98,0,65.35714285714286,28,0,22,33.7842105263158,0.6506696428571428,44.07327586206897,1023.7068965517242,36.560960591133004,0
100,4,0,0,28,0.0,0.0,1.0,28,700,500,200,0.7142857142857143,9,5,4,407.85904685807554,0.8434193121693121,-0.0022064641791952333,0.21904924095558426,127926.41293846609,4835.188969811071,132761.60190827717,99,1,66.35714285714286,28,0,18,36.775375183449334,0.6194196428571428,47.09051724137931,1011.6379310344826,36.12992610837438,5
101,4,4,4,28,0.125,0.125,0.875,32,800,500,300,0.625,11,5,6,366.63869911742256,0.8681955645161291,-0.020245713220676143,0.202658533687982,129073.05377002349,3064.635305070911,132137.6890750944,100,0,58.9375,32,0,17,36.645491633532146,0.6197916666666667,45.95959595959596,1016.1616161616163,31.75505050505051,0
102,4,7,5,30,0.2,0.14285714285714285,0.8571428571428572,35,650,500,150,0.7692307692307693,8,5,3,335.8106452642755,0.882422969187675,-0.0156481121058778,0.1896038566338293,129908.37191358022,1724.922839506167,131633.2947530864,101,0,53.857142857142854,35,0,16,36.58038147138962,0.6214285714285714,45.138888888888886,1019.4444444444442,29.12698412698412,0
103,4,0,0,30,0.0,0.0,1.0,30,800,600,200,0.75,10,6,4,377.58667024993304,0.8622605363984674,0.029508196721311553,0.20938897168405365,129201.3888888888,3756.9444444444357,132958.33333333323,102,1,63.833333333333336,30,0,19,36.23633879781422,0.6263888888888889,45.83333333333333,1016.666666666666,33.888888888888864,0
104,4,1,1,30,0.03225806451612903,0.03225806451612903,0.967741935483871,31,800,500,300,0.625,11,5,6,370.5406890696842,0.8662186379928315,0.023505428615053336,0.20704192755237458,129499.41211276574,3396.960279676641,132896.37239244237,103,0,62.74193548387097,31,0,18,36.111599718562125,0.6266801075268817,45.54036458333333,1017.8385416666658,32.833501344085995,0
105,4,2,1,31,0.0625,0.03125,0.96875,32,850,500,350,0.5882352941176471,12,5,7,363.8428981142735,0.8656754032258065,0.02604940564635916,0.20576997515202228,129972.73875114803,3057.931588613426,133030.67033976145,104,0,61.71875,32,0,19,35.80052005943534,0.62890625,45.075757575757585,1019.6969696969712,31.86553030303035,0
106,4,2,4,29,0.06060606060606061,0.12121212121212122,0.8787878787878788,33,900,500,400,0.5555555555555556,13,5,8,369.0329222220897,0.8703440656565657,-0.020796696995183384,0.2090851607661299,130043.75007509111,2998.0850213859794,133041.8350964771,105,0,60.78787878787879,33,0,16,35.59601405743121,0.627209595959596,45.00612745098038,1019.9754901960769,30.908348187759906,4
107,4,1,2,28,0.03333333333333333,0.06666666666666667,0.9333333333333333,30,800,500,300,0.625,11,5,6,394.0581645859637,0.8615421455938698,-0.016497339138848766,0.22139116600422665,129714.32978162204,4222.998142848867,133937.3279244709,106,0,64.93333333333334,30,0,16,35.293794256058405,0.6315972222222224,45.32930107526881,1018.6827956989238,33.95609318996413,0
108,4,0,0,28,0.0,0.0,1.0,28,550,400,150,0.7272727272727273,7,4,3,417.30346814428356,0.8538910934744267,0.00482680008876879,0.23248826576944698,129384.044395726,5198.482089774081,134582.52648550007,107,6,70.28571428571429,28,0,18,35.03977780916068,0.6343005952380952,45.65373563218391,1017.3850574712644,36.33518062397373,0
109,4,2,1,29,0.06666666666666667,0.03333333333333333,0.9666666666666667,30,900,700,200,0.7777777777777778,11,7,4,393.95027450640043,0.8627394636015326,-0.010082630098453116,0.22230051204289714,129885.5359001039,4233.688504451358,134119.22440455525,108,0,66.53333333333333,30,0,17,35.12191235935301,0.6333333333333334,45.16129032258063,1019.3548387096762,33.97849462365587,0
110,4,3,2,30,0.09375,0.0625,0.9375,32,550,200,350,0.36363636363636365,9,2,7,375.87537950918033,0.8664734543010754,-0.009076329490516954,0.2110081201461766,129683.21352731863,3348.945420110191,133032.15894742883,109,0,63.28125,32,0,15,35.788552125945216,0.6259765625,45.359848484848484,1018.560606060606,31.830018939393938,1
111,4,0,0,30,0.0,0.0,1.0,30,1150,900,250,0.782608695652174,14,9,5,398.2426642812134,0.8576628352490422,0.0035472229557256263,0.22276882860161804,129543.23657359226,4317.928734535775,133861.16530812805,110,1,68.5,30,0,15,35.36192896752046,0.6298611111111112,45.497311827956985,1018.0107526881716,33.93369175627239,0
112,4,1,1,30,0.03225806451612903,0.03225806451612903,0.967741935483871,31,550,300,250,0.5454545454545454,8,3,5,387.04136899392137,0.8601254480286739,0.0002637348146441454,0.21828240896861784,129864.12896050341,3852.5580512152737,133716.6870117187,111,0,67.25806451612904,31,0,16,35.31979219894396,0.6303763440860215,45.182291666666664,1019.2708333333328,32.87970430107525,0
113,4,1,2,29,0.03225806451612903,0.06451612903225806,0.935483870967742,31,750,500,250,0.6666666666666666,10,5,5,384.6377932078376,0.8605734767025089,0.0034276768425822723,0.21729537668234986,129930.49621582031,3795.2358669704863,133725.7320827908,112,0,68.12903225806451,31,0,16,35.313431247339295,0.6310483870967742,45.1171875,1019.53125,32.88810483870968,0
114,4,3,2,30,0.09375,0.0625,0.9375,32,650,500,150,0.7692307692307693,8,5,3,374.0729147513699,0.8659274193548387,0.006888607125185464,0.21295812977817422,130230.36552392617,3343.130484134276,133573.49600806044,113,0,66.5625,32,0,18,35.27776059706416,0.6315104166666666,44.823232323232325,1020.7070707070711,31.897095959595973,0
115,4,0,0,30,0.0,0.0,1.0,30,1050,900,150,0.8571428571428571,12,9,3,392.38648731688744,0.8540229885057472,0.025595081247254736,0.22258695356765143,130091.13228407914,4209.2004856052745,134300.3327696844,114,1,71.6,30,0,19,34.95223978919629,0.6354166666666666,44.95967741935484,1020.1612903225811,34.00537634408604,0
116,4,2,2,30,0.0625,0.0625,0.9375,32,500,200,300,0.4,8,2,6,371.7938703849395,0.8599210349462366,0.009552148944053318,0.21395984140062946,130649.55305899907,3314.9405991735557,133964.49365817264,115,0,68.0625,32,0,16,34.91030628627888,0.6357421875,44.41287878787879,1022.3484848484848,31.94839015151515,0
117,4,0,0,30,0.0,0.0,1.0,30,900,500,400,0.5555555555555556,13,5,8,390.24241358038756,0.8521072796934867,0.019584101079231253,0.22293698183336738,130365.5137154585,4174.830543993532,134540.34425945202,116,3,73.6,30,0,19,34.72761472317277,0.6381944444444445,44.69086021505377,1021.2365591397854,34.04121863799285,0
118,4,1,2,29,0.03225806451612903,0.06451612903225806,0.935483870967742,31,1500,1400,100,0.9333333333333333,16,14,2,372.86062320506653,0.8562724014336918,0.008683216729321819,0.2015159207479893,128178.55568562842,3424.672108047176,131603.2277936756,117,0,72.19354838709677,30,1,22,37.40211043270508,0.6159722222222221,46.84139784946237,1012.6344086021508,33.75448028673836,7
119,4,2,1,30,0.06451612903225806,0.03225806451612903,0.967741935483871,31,1150,800,350,0.6956521739130435,15,8,7,374.6932895675065,0.8619175627240143,0.026668034258167328,0.2049409383808361,128655.37200832457,3441.260911666081,132096.63291999066,118,0,72.74193548387096,30,1,19,36.86765809927576,0.6208333333333333,46.37096774193548,1014.5161290322574,33.81720430107524,1
120,4,1,1,30,0.03225806451612903,0.03225806451612903,0.967741935483871,31,900,800,100,0.8888888888888888,10,8,2,374.3297135215131,0.8572580645161291,0.03500424953981107,0.20562271463476284,128825.8780820037,3444.6708073187647,132270.54888932247,119,0,73.70967741935483,30,1,20,36.7025795489651,0.6225694444444445,46.20295698924731,1015.1881720430107,33.83960573476703,0
121,4,2,2,30,0.0625,0.0625,0.9375,32,1150,800,350,0.6956521739130435,15,8,7,365.070615513573,0.864121303763441,0.017574622085575475,0.20210930671623753,129135.2081298828,3028.6939832899307,132163.90211317272,120,0,72.34375,31,1,21,36.62193611751644,0.622983870967742,45.8984375,1016.4062499999999,32.78729838709677,0
122,4,2,1,31,0.0625,0.03125,0.96875,32,650,400,250,0.6153846153846154,9,4,5,363.8573613722846,0.8610971102150539,0.024943982074264293,0.20211422420466157,129267.58660210497,3006.992594401037,132274.579196506,121,0,73.28125,31,1,22,36.51781903542468,0.6243279569892474,45.768229166666664,1016.9270833333328,32.80409946236558,0
123,4,1,0,32,0.03125,0.0,1.0,32,750,500,250,0.6666666666666666,10,5,5,363.609853420162,0.8613491263440861,0.03696017274472152,0.20282733793565796,129433.15505981455,3012.634107801663,132445.78916761623,122,0,74.25,31,1,20,36.355432928129666,0.626008064516129,45.60546875000001,1017.5781250000008,32.82510080645164,0
124,4,1,2,31,0.030303030303030304,0.06060606060606061,0.9393939393939394,33,750,500,250,0.6666666666666666,10,5,5,356.35834016254734,0.8698705808080809,0.02549225055111748,0.2003801705067314,129747.52456700856,2647.3224989797063,132394.84706598826,123,0,72.96969696969697,32,1,21,36.2201532614533,0.6266276041666666,45.29671717171718,1018.813131313132,31.837910353535374,0
125,4,1,1,31,0.03125,0.03125,0.96875,32,1200,1000,200,0.8333333333333334,14,10,4,362.97637007624866,0.8558887768817205,0.03564297124600646,0.2041905173146401,129764.60986667205,3020.2974107530335,132784.90727742508,124,0,76.15625,31,1,22,36.03421192758253,0.6293682795698925,45.279947916666664,1018.8802083333329,32.86710349462364,0
126,4,2,1,32,0.06060606060606061,0.030303030303030304,0.9696969696969697,33,1200,900,300,0.75,15,9,6,353.5336609155963,0.8629261363636365,0.04022652265226512,0.20060056040716417,130101.52025303531,2599.0533491480287,132700.57360218334,125,0,74.78787878787878,32,1,23,35.93260107260725,0.6302083333333335,44.94949494949494,1020.2020202020195,31.88131313131311,0
127,4,1,0,33,0.030303030303030304,0.0,1.0,33,1100,800,300,0.7272727272727273,14,8,6,355.450210885013,0.8611111111111112,0.060358780685190405,0.20302834079364265,130359.27456381972,2667.246326905386,133026.5208907251,126,0,75.75757575757575,32,1,24,35.62221810089023,0.6328125000000002,44.69696969696968,1021.2121212121189,31.912878787878714,0
128,4,0,0,33,0.0,0.0,1.0,33,1050,800,250,0.7619047619047619,13,8,5,355.6572231986627,0.8607165404040404,0.0573106247846733,0.2038228222467123,130488.247372717,2681.817544128139,133170.06491684515,127,1,76.75757575757575,32,1,22,35.48617976602405,0.6341145833333335,44.570707070707066,1021.7171717171711,31.928661616161598,0
129,4,1,0,34,0.029411764705882353,0.0,1.0,34,550,400,150,0.7272727272727273,7,4,3,346.8128969101674,0.866421568627451,0.055049718461722685,0.20033544986222568,130794.81336805524,2272.265624999961,133067.0789930552,128,0,75.47058823529412,33,1,23,35.401816021724365,0.6347853535353537,44.270833333333314,1022.9166666666641,30.99747474747467,0
130,4,1,2,33,0.02857142857142857,0.05714285714285714,0.9428571428571428,35,1000,700,300,0.7,13,7,6,335.50591204167307,0.8657563025210083,0.04662038728534901,0.19526534880801535,131084.190759637,1795.9041950113142,132880.0949546483,129,0,74.28571428571429,34,1,23,35.39874447802837,0.6354166666666667,43.98809523809523,1024.0476190476174,30.11904761904757,0
131,4,1,1,33,0.029411764705882353,0.029411764705882353,0.9705882352941176,34,850,400,450,0.47058823529411764,13,4,9,346.13722249405623,0.8630793226381462,0.05173287893084,0.20108695109286123,131014.28086553233,2269.7838571703023,133284.06472270263,130,0,77.32352941176471,33,1,23,35.197210916926025,0.6369949494949496,44.0563725490196,1023.7745098039204,31.023469994058193,0
132,4,0,0,33,0.0,0.0,1.0,33,1100,800,300,0.7272727272727273,14,8,6,356.44523159458663,0.8577178030303031,0.06817153899921924,0.20685050053953571,130972.4633487654,2736.9020061728397,133709.36535493826,131,3,80.66666666666667,32,1,23,34.97568973315242,0.6389973958333334,44.09722222222222,1023.611111111111,31.987847222222218,0
133,4,0,0,33,0.0,0.0,1.0,33,900,700,200,0.7777777777777778,11,7,4,359.1705297534971,0.8572443181818182,0.06693569480252592,0.2089578906959012,131069.41415416797,2815.2541832466077,133884.66833741457,132,4,81.66666666666667,32,1,23,34.807850390464445,0.6399739583333334,44.00252525252525,1023.9898989898992,31.99968434343435,0
134,4,1,0,34,0.029411764705882353,0.0,1.0,34,1100,900,200,0.8181818181818182,13,9,4,352.89676780158595,0.8641191325014855,0.05730514002924325,0.20737641523621295,131453.76778162253,2477.9219530949745,133931.6897347175,133,0,80.23529411764706,33,1,24,34.58014659018483,0.6414141414141414,43.62745098039216,1025.490196078432,31.075460487225214,0
135,4,1,2,33,0.02857142857142857,0.05714285714285714,0.9428571428571428,35,1000,800,200,0.8,12,8,4,344.36198245359674,0.8669467787114845,0.0478535569140397,0.20202891621365965,131390.93888168002,2052.5879469434667,133443.5268286235,134,0,78.91428571428571,33,2,23,34.862339628655675,0.6407828282828284,43.68872549019607,1025.2450980392148,31.0680332739156,1
136,4,0,0,33,0.0,0.0,1.0,33,1500,1100,400,0.7333333333333333,19,11,8,352.96450525480867,0.8589015151515152,0.039418576003941386,0.20673635307781624,131328.1249999998,2670.833333333303,133998.9583333331,135,1,80.81818181818181,33,0,23,34.70528455284553,0.6401515151515154,43.749999999999986,1024.9999999999984,31.060606060606013,0
137,4,0,1,32,0.0,0.030303030303030304,0.9696969696969697,33,800,600,200,0.75,10,6,4,352.6203102628041,0.858743686868687,0.04359637493751767,0.20687387907844432,131390.93888168002,2666.2227268358147,134057.16160851583,136,2,81.81818181818181,33,0,24,34.6506693760459,0.6407828282828284,43.68872549019607,1025.2450980392148,31.0680332739156,0
138,4,1,0,33,0.030303030303030304,0.0,1.0,33,1050,600,450,0.5714285714285714,15,6,9,347.32282059862337,0.8670296717171718,0.020121650501397248,0.19245442864833556,129170.24289035473,2372.7546196174594,131542.9975099722,137,0,80.93939393939394,33,0,20,37.03724633313242,0.618371212121212,45.8639705882353,1016.5441176470592,30.804367201426036,6
139,4,2,2,33,0.05714285714285714,0.05714285714285714,0.9428571428571428,35,850,200,650,0.23529411764705882,15,2,13,330.9936796845237,0.8759803921568626,0.019863358270719056,0.18618130110305847,129760.92470689747,1590.0091896004972,131350.93389649797,138,0,77.25714285714285,35,0,19,36.8526117990079,0.6199404761904761,45.283564814814824,1018.8657407407422,29.110449735449777,0
140,4,2,2,33,0.05714285714285714,0.05714285714285714,0.9428571428571428,35,1000,500,500,0.5,15,5,10,330.1308941338933,0.8747899159663864,0.027792915531335005,0.1863969817648293,129908.37191358046,1577.3533950617516,131485.7253086422,139,0,77.91428571428571,35,0,19,36.725136239782,0.6214285714285713,45.1388888888889,1019.4444444444462,29.126984126984176,0
141,4,2,3,32,0.05714285714285714,0.08571428571428572,0.9142857142857143,35,1150,800,350,0.6956521739130435,15,8,7,332.8086632988606,0.876750700280112,0.03338304908890466,0.18847750263429047,130026.38996056248,1654.781807270242,131681.1717678327,140,0,78.85714285714286,35,0,20,36.537297624451504,0.6226190476190476,45.02314814814815,1019.907407407408,29.140211640211657,0
142,4,0,1,31,0.0,0.03125,0.96875,32,1250,1000,250,0.8,15,10,5,387.22891565127884,0.8643733198924732,0.01797864668255378,0.20165748820951315,126678.57752078878,3410.721641924305,130089.29916271308,141,3,86.53125,32,0,17,38.581514695430414,0.5953776041666666,48.32702020202021,1006.6919191919199,31.459122474747495,7
143,4,4,4,31,0.11428571428571428,0.11428571428571428,0.8857142857142857,35,950,700,250,0.7368421052631579,12,7,5,361.1881452771561,0.8801120448179272,-0.005520821045180924,0.19100386197844352,127302.1701388888,2196.680504540344,129498.85064342915,142,0,79.45714285714286,34,1,18,38.59585741811175,0.5971200980392157,47.70833333333333,1009.166666666666,29.681372549019585,0
144,4,4,3,32,0.11428571428571428,0.08571428571428572,0.9142857142857143,35,950,700,250,0.7368421052631579,12,7,5,360.86748058352686,0.888095238095238,0.006600962640385122,0.1917740338350703,127500.81045310346,2202.1792481138436,129702.9897012173,143,0,80.34285714285714,35,0,15,38.40008786003515,0.5970238095238096,47.51157407407407,1009.9537037037029,28.855820105820083,0
145,4,2,3,31,0.058823529411764705,0.08823529411764706,0.9117647058823529,34,950,700,250,0.7368421052631579,12,7,5,364.24302350118575,0.8781937017231135,0.019166516476965434,0.19391256571085708,127572.62613378685,2493.4878117913822,130066.11394557822,144,0,83.6470588235294,34,0,18,38.24117173383611,0.5998774509803921,47.44047619047619,1010.2380952380953,29.712885154061627,0
146,4,3,2,32,0.08823529411764706,0.058823529411764705,0.9411764705882353,34,700,500,200,0.7142857142857143,9,5,4,360.61599492335114,0.8797162804515746,0.028968493084269964,0.19298750125293143,127783.17920918364,2416.1316609977252,130199.31087018136,145,0,83.61764705882354,34,0,19,38.11692962832135,0.6020220588235294,47.232142857142854,1011.0714285714283,29.737394957983184,0
147,4,2,2,32,0.058823529411764705,0.058823529411764705,0.9411764705882353,34,900,600,300,0.6666666666666666,12,6,6,364.1204095351902,0.8827614379084968,0.045167696533972235,0.1960346802697058,128024.0238803856,2523.232001133804,130547.2558815194,146,0,84.55882352941177,34,0,20,37.781584519468296,0.6044730392156862,46.99404761904763,1012.0238095238104,29.765406162465013,0
148,4,2,1,33,0.058823529411764705,0.029411764705882353,0.9705882352941176,34,850,600,250,0.7058823529411765,11,6,5,366.00888823113445,0.8890745692216281,0.054176570216763587,0.19825881193437483,128268.64216887754,2589.5493123720325,130858.19148124958,147,0,84.91176470588235,33,1,21,37.48336559399952,0.6092171717171716,46.75245098039217,1012.9901960784329,30.69667260843736,0
149,4,3,1,35,0.08333333333333333,0.027777777777777776,0.9722222222222222,36,950,700,250,0.7368421052631579,12,7,5,350.8744247205783,0.887367724867725,0.06287749287749267,0.19327828480370862,128936.76757812513,1848.1228298611254,130784.89040798626,148,0,81.11111111111111,35,1,19,37.18482905982906,0.6116071428571428,46.09375000000001,1015.625000000001,29.01785714285717,0
150,4,2,1,36,0.05405405405405406,0.02702702702702703,0.972972972972973,37,1200,1000,200,0.8333333333333334,14,10,4,343.23090058048706,0.8936436436436437,0.07253133880352847,0.19090589584185574,129319.08543381347,1477.5324984996628,130796.61793231314,149,0,79.86486486486487,35,2,23,36.98983462297072,0.6154761904761905,45.717592592592595,1017.1296296296299,29.060846560846567,0
151,4,1,3,34,0.02702702702702703,0.08108108108108109,0.9189189189189189,37,900,700,200,0.7777777777777778,11,7,4,339.7172846503352,0.8928303303303303,0.06882624692245987,0.18965930691621588,129466.28146701398,1396.3867187500111,130862.66818576399,150,0,80.72972972972973,35,2,16,36.92958887751621,0.6169642857142856,45.57291666666667,1017.708333333334,29.077380952380974,0
152,4,2,2,34,0.05555555555555555,0.05555555555555555,0.9444444444444444,36,900,600,300,0.6666666666666666,12,6,6,343.12447707579787,0.8968253968253969,0.046902821642557546,0.1915983771731547,129473.85381235839,1685.1296768707623,131158.98348922914,151,0,79.66666666666667,34,2,17,36.83520489725894,0.6191789215686274,45.5654761904762,1017.7380952380961,29.93347338935577,0
153,4,0,0,34,0.0,0.0,1.0,34,850,600,250,0.7058823529411765,11,6,5,362.02379773742194,0.8861408199643495,0.05746519034479847,0.20028441325126364,129107.96215698296,2548.0309556420702,131655.99311262503,152,3,85.3529411764706,33,1,24,36.72713433015795,0.617739898989899,45.92524509803922,1016.2990196078438,30.796939988116478,0
154,4,0,3,31,0.0,0.08823529411764706,0.9117647058823529,34,750,300,450,0.4,12,3,9,379.86394428723537,0.8847296494355319,-0.004977037509064086,0.20710708327025054,128528.34093778711,2964.6902993544495,131493.03123714155,153,4,86.3529411764706,32,2,17,36.866517245673016,0.6142578125,46.49621212121213,1014.0151515151528,31.687973484848523,6
155,4,1,2,30,0.03125,0.0625,0.9375,32,1150,800,350,0.6956521739130435,15,8,7,401.9760567858855,0.8707577284946237,0.006898381533563258,0.21799248316920877,128314.69859232276,3915.8873135622543,132230.585905885,154,0,92.125,30,2,20,36.52521667993278,0.6173611111111111,46.706989247311824,1013.1720430107522,33.77240143369174,0
156,4,0,0,30,0.0,0.0,1.0,30,650,300,350,0.46153846153846156,10,3,7,420.77348325924993,0.8577586206896552,0.023252835711672137,0.2268193155320572,128074.22839506168,4778.04783950617,132852.27623456786,155,6,99.03333333333333,29,1,20,36.296537687522864,0.617816091954023,46.94444444444444,1012.222222222222,34.904214559386965,0
157,4,4,3,31,0.11764705882352941,0.08823529411764706,0.9117647058823529,34,950,600,350,0.631578947368421,13,6,7,379.52793317254816,0.884915329768271,-0.011307831020449077,0.20352462849077568,127865.5013246106,2905.725178483685,130771.22650309428,156,0,88.26470588235294,33,1,18,37.55439941031545,0.6051136363636365,47.15073529411764,1011.3970588235283,30.648395721925098,3
158,4,3,2,32,0.08823529411764706,0.058823529411764705,0.9411764705882353,34,750,700,50,0.9333333333333333,8,7,1,384.5910984165615,0.8815359477124184,-0.014520633834929297,0.20671771539890166,127958.47750865034,3042.3382833525316,131000.81579200286,157,0,89.17647058823529,33,1,19,37.33093104005168,0.6060606060606062,47.058823529411754,1011.7647058823516,30.65953654188944,0
159,4,1,1,32,0.030303030303030304,0.030303030303030304,0.9696969696969697,33,900,500,400,0.5555555555555556,13,5,8,411.0725966479066,0.8734217171717172,0.026750103149498328,0.20741907357577594,125379.07483930225,3707.9803719008482,129087.0552112031,158,0,92.84848484848484,32,1,16,39.32882627332327,0.58203125,49.62121212121213,1001.5151515151526,31.29734848484852,6
160,4,1,1,32,0.030303030303030304,0.030303030303030304,0.9696969696969697,33,1050,600,450,0.5714285714285714,15,6,9,410.3713139095001,0.8751578282828284,0.030974565600604187,0.2086535835511685,125695.40895061744,3716.3580246913775,129411.76697530881,159,0,93.78787878787878,32,1,17,39.01777469990766,0.5852864583333333,49.305555555555564,1002.7777777777791,31.336805555555596,0
161,4,3,3,32,0.08571428571428572,0.08571428571428572,0.9142857142857143,35,600,400,200,0.6666666666666666,8,4,4,393.5063499533101,0.8913165266106442,0.005674549922446204,0.20223019125813668,126136.14843149258,2927.557326375527,129063.7057578681,160,0,89.34285714285714,33,2,17,38.984155788703184,0.5874368686868687,48.866421568627445,1004.5343137254893,30.44043374925725,0
162,4,2,2,32,0.058823529411764705,0.058823529411764705,0.9411764705882353,34,550,400,150,0.7272727272727273,7,4,3,399.1228125552386,0.8798276886512181,0.039181200118238335,0.20576538781992873,126265.8147127844,3279.1134195490263,129544.92813233343,161,0,92.91176470588235,32,2,15,38.708909128978235,0.5911458333333334,48.73737373737374,1005.050505050505,31.40782828282828,0
163,4,4,0,36,0.1111111111111111,0.0,1.0,36,1150,1000,150,0.8695652173913043,13,10,3,384.08071188371787,0.8929563492063493,0.06976751813804616,0.20191058652658003,127062.00573979587,2560.4131235827635,129622.41886337864,162,0,87.25,34,2,19,38.26553705671665,0.5946691176470589,47.94642857142857,1008.2142857142853,29.653361344537803,0
164,4,4,3,37,0.1,0.075,0.925,40,1200,700,500,0.5833333333333334,17,7,10,355.33136792441036,0.9059561965811965,0.08238942256940818,0.19136179922387359,128036.38100162527,1099.068481079687,129135.44948270495,163,0,79.425,38,2,17,37.99130863154932,0.5967653508771931,46.9818376068376,1012.0726495726485,26.633490778227593,0
165,4,1,3,35,0.02631578947368421,0.07894736842105263,0.9210526315789473,38,900,700,200,0.7777777777777778,11,7,4,374.008963559277,0.9022937411095306,0.08641928281342492,0.2005357911478129,127859.63909433073,1964.1302197467642,129823.7693140775,164,0,84.55263157894737,36,2,17,37.699959173069075,0.5986689814814815,47.15653153153153,1011.3738738738732,28.0937187187187,0
166,4,3,1,37,0.07894736842105263,0.02631578947368421,0.9736842105263158,38,1050,700,350,0.6666666666666666,14,7,7,381.6573969875349,0.9052572309151257,0.12201350415512491,0.20718544407894712,128355.55555555527,2198.203524470382,130553.75908002566,165,0,84.55263157894737,34,4,19,36.99801260964912,0.6078431372549021,46.66666666666665,1013.3333333333311,29.803921568627384,0
167,4,0,0,37,0.0,0.0,1.0,37,950,700,250,0.7368421052631579,12,7,5,387.9826444993013,0.8989614614614615,0.13009719529617936,0.21032475554594893,128299.6792850104,2555.6097714821017,130855.2890564925,166,1,87.83783783783784,33,4,19,36.8950596750131,0.6095328282828284,46.721813725490186,1013.1127450980379,30.700386215092056,0
168,4,2,2,37,0.05128205128205128,0.05128205128205128,0.9487179487179487,39,950,700,250,0.7368421052631579,12,7,5,369.7631382470528,0.9066576698155646,0.12496820091756833,0.2027800474852033,128760.50407503838,1722.1776138117045,130482.68168885008,167,0,84.28205128205128,35,4,16,36.885263427984945,0.6098214285714286,46.2673611111111,1014.9305555555538,28.998015873015824,0
169,4,0,0,37,0.0,0.0,1.0,37,1600,1300,300,0.8125,19,13,6,390.0950108773428,0.8969594594594594,0.13613778135966448,0.2127291486973881,128536.57171201796,2628.2950680271865,131164.86678004515,168,3,89.83783783783784,34,3,17,36.598722313532114,0.6096813725490197,46.48809523809523,1014.0476190476177,29.824929971988755,0
170,4,1,0,38,0.02631578947368421,0.0,1.0,38,800,600,200,0.75,10,6,4,379.65502712259723,0.8969298245614035,0.12845332869389958,0.20882216632893663,128877.9996811769,2185.836092892639,131063.83577406954,169,0,88.44736842105263,35,3,18,36.51413902503895,0.6110119047619048,46.15162037037036,1015.3935185185167,29.011243386243333,0
171,4,1,3,36,0.02564102564102564,0.07692307692307693,0.9230769230769231,39,800,600,200,0.75,10,6,4,375.5710830421926,0.8960301394511921,0.1324085750315258,0.20827123695976157,129201.38888888907,1905.2663376629134,131106.655226552,170,0,87.15384615384616,36,3,20,36.287568306010925,0.6122685185185185,45.83333333333334,1016.6666666666681,28.24074074074078,0
172,4,1,1,36,0.02702702702702703,0.02702702702702703,0.972972972972973,37,1200,900,300,0.75,15,9,6,381.1071105125063,0.8986486486486487,0.1217185754254424,0.21086966209264751,129113.15164448299,2441.1880304783895,131554.33967496137,171,0,88.4054054054054,35,2,20,36.23697471814145,0.6133928571428571,45.920138888888886,1016.3194444444441,29.037698412698404,0
173,4,1,1,36,0.02702702702702703,0.02702702702702703,0.972972972972973,37,1250,900,350,0.72,16,9,7,380.431293777723,0.8952702702702703,0.12243477380447665,0.21129025432050122,129261.91184807249,2435.0854129267336,131696.99726099923,172,0,89.37837837837837,34,3,21,36.10224966830563,0.6170343137254901,45.77380952380952,1016.9047619047612,29.908963585434154,0
174,4,3,5,34,0.07692307692307693,0.1282051282051282,0.8717948717948718,39,850,500,350,0.5882352941176471,12,5,7,368.2640785385766,0.8975483580746739,0.11516208133123595,0.20676279269903336,129688.42734203806,1751.917838446562,131440.3451804846,173,0,85.71794871794872,36,3,17,35.97705914870094,0.6171875,45.35472972972973,1018.5810810810817,28.293918918918937,0
175,4,0,0,34,0.0,0.0,1.0,34,1000,800,200,0.8,12,8,4,409.70793774721506,0.8840983363042187,0.13925077861122048,0.22609808416420407,129008.91012396707,3771.194903581283,132780.10502754836,174,4,97.79411764705883,32,2,21,35.61707680835199,0.619140625,46.02272727272728,1015.9090909090919,31.747159090909122,0
176,4,0,1,33,0.0,0.029411764705882353,0.9705882352941176,34,750,600,150,0.8,9,6,3,406.6542593346478,0.8841726084373144,0.13614635715121026,0.22477702466519578,129073.0537700237,3697.6214161820485,132770.67518620574,175,5,98.79411764705883,32,2,21,35.62893472498343,0.6197916666666665,45.95959595959597,1016.161616161618,31.755050505050562,0
177,4,2,0,35,0.05714285714285714,0.0,1.0,35,1150,700,450,0.6086956521739131,16,7,9,345.15158861340655,0.8908263305322128,0.065537662337662,0.18466281491962408,127772.55893166084,1893.8973069489261,129666.45623860977,176,0,92.02857142857142,33,2,19,38.51868686868685,0.6041666666666667,47.24264705882352,1011.0294117647054,30.63725490196077,8
178,4,2,2,35,0.05405405405405406,0.05405405405405406,0.9459459459459459,37,850,500,350,0.5882352941176471,12,5,7,332.79148910179083,0.8999624624624625,0.07482651049268241,0.1811634961493216,128466.99948827586,1150.5448120284616,129617.54430030432,177,0,88.0,35,2,15,38.12233607337215,0.606845238095238,46.55671296296296,1013.7731481481479,28.964947089947085,0
179,4,2,1,36,0.05405405405405406,0.02702702702702703,0.972972972972973,37,1100,800,300,0.7272727272727273,14,8,6,329.671276589167,0.8980230230230231,0.07947456869305136,0.18026005859663446,128643.06205257637,1081.984498242462,129725.04655081884,178,0,88.75675675675676,35,2,17,38.022081194143375,0.6086309523809523,46.383101851851855,1014.4675925925931,28.98478835978837,0
180,4,2,1,37,0.05263157894736842,0.02631578947368421,0.9736842105263158,38,1100,800,300,0.7272727272727273,14,8,6,325.7065329010625,0.897848506401138,0.0927670938924976,0.180357494844478,129144.15048494452,812.6186997808769,129956.7691847254,179,0,87.36842105263158,36,2,19,37.613099194918384,0.6116898148148149,45.88963963963965,1016.4414414414424,28.23448448448451,0
181,4,1,0,38,0.02631578947368421,0.0,1.0,38,800,200,600,0.25,14,2,12,330.39768648584186,0.8977299668089141,0.1052281944897675,0.18375319608005705,129315.90374157965,945.1350844087629,130261.0388259884,180,0,88.26315789473684,36,2,20,37.31939216120461,0.6134259259259258,45.720720720720735,1017.117117117119,28.253253253253305,0
182,4,4,6,36,0.09523809523809523,0.14285714285714285,0.8571428571428572,42,1300,1000,300,0.7692307692307693,16,10,6,305.66006362205223,0.902995547812621,0.09810699822649616,0.17380738159075046,130184.79100568462,-441.54169971576346,129743.24930596886,181,0,80.76190476190476,40,2,15,37.06951636460199,0.6151041666666666,44.867886178861795,1020.5284552845542,25.513211382113855,0
183,4,3,2,37,0.07692307692307693,0.05128205128205128,0.9487179487179487,39,850,500,350,0.5882352941176471,12,5,7,325.061577295365,0.8960863697705803,0.11096313085774345,0.18375365393736162,129954.95158366037,648.6723078254863,130603.62389148585,182,0,87.53846153846153,37,2,18,36.80716116428291,0.6179617117117117,45.093201754385966,1019.6271929824562,27.557491702228546,0
184,4,1,0,38,0.02631578947368421,0.0,1.0,38,1700,1200,500,0.7058823529411765,22,12,10,332.5988632614693,0.8967816500711238,0.11940593369048558,0.18852819170352872,130061.4867401185,1051.6605287720154,131113.14726889052,183,0,90.21052631578948,36,2,20,36.50709317730182,0.6209490740740742,44.98873873873874,1020.0450450450451,28.334584584584587,0
185,4,0,2,36,0.0,0.05263157894736842,0.9473684210526316,38,950,500,450,0.5263157894736842,14,5,9,332.3282007208876,0.8948850165955429,0.11506696558212925,0.1889308754662915,130176.38204082474,1052.2565639964384,131228.63860482117,184,1,91.21052631578948,36,2,20,36.39764032958139,0.6221064814814814,44.87612612612613,1020.4954954954966,28.347097097097127,0
186,4,0,0,36,0.0,0.0,1.0,36,750,600,150,0.8,9,6,3,346.2293076454289,0.8918650793650794,0.11903725571830459,0.19533898221866058,129878.87577428416,1793.5746474194143,131672.45042170357,185,2,96.52777777777777,35,1,20,36.344787290412924,0.6211309523809523,45.167824074074076,1019.3287037037039,29.123677248677254,0
187,4,0,0,36,0.0,0.0,1.0,36,1150,800,350,0.6956521739130435,15,8,7,356.7350912940127,0.8909060846560847,0.041148518855525396,0.19901109915336065,129436.83556241443,2034.9322702332163,131471.76783264766,186,3,97.52777777777777,35,1,17,36.52657719138612,0.6166666666666665,45.60185185185186,1017.5925925925939,29.07407407407411,6
188,4,2,2,36,0.05263157894736842,0.05263157894736842,0.9473684210526316,38,1100,700,400,0.6363636363636364,15,7,8,340.5148743740751,0.8909139402560455,0.051347191888557964,0.19290312797975967,130038.81602993263,1256.0302208372182,131294.84625076986,187,0,93.34210526315789,37,1,18,36.32820898731456,0.6188063063063061,45.01096491228072,1019.9561403508799,27.5663821716454,0
189,4,0,0,36,0.0,0.0,1.0,36,1400,1000,400,0.7142857142857143,18,10,8,362.5161524782623,0.8870701058201059,0.10432367981432655,0.19085215930773994,127121.191875107,2016.6970754029335,129137.88895050994,188,1,99.38888888888889,35,1,18,38.74825452389151,0.5931547619047619,47.887731481481474,1008.4490740740728,28.81283068783065,7
190,4,2,3,35,0.05263157894736842,0.07894736842105263,0.9210526315789473,38,1250,900,350,0.72,16,9,7,372.5333039409038,0.8985301090564248,0.1470522464546824,0.1964203288295754,127182.05959467117,1969.4777182670841,129151.53731293825,189,0,95.10526315789474,34,4,17,38.433111058656905,0.5958946078431373,47.82738095238095,1008.6904761904759,29.667366946778703,8
191,4,0,0,35,0.0,0.0,1.0,35,800,500,300,0.625,11,5,6,396.1690004437118,0.8866946778711484,0.17079573706079754,0.20668702708863337,126752.42282115035,3043.0761305747583,129795.49895172511,190,3,104.05714285714286,33,2,17,38.2802675347856,0.59375,48.253676470588225,1006.9852941176457,30.5147058823529,0
192,4,2,2,35,0.05405405405405406,0.05405405405405406,0.9459459459459459,37,1200,700,500,0.5833333333333334,17,7,10,376.7013970682839,0.89258008008008,0.1641969838691153,0.1992380221488321,127308.35383326115,2192.355554354083,129500.70938761524,191,0,99.37837837837837,33,4,18,38.198112730216565,0.5994318181818183,47.702205882352935,1009.1911764705874,30.581550802139013,0
193,4,5,4,36,0.125,0.1,0.9,40,1800,1600,200,0.8888888888888888,20,16,4,351.45752244809756,0.9048076923076923,0.14809915518008032,0.19046457059898114,128287.09621783948,1017.4929997565173,129304.589217596,192,0,88.05,36,4,19,37.8330183785386,0.6030092592592593,46.734234234234236,1013.0630630630633,28.140640640640648,0
194,4,0,1,35,0.0,0.027777777777777776,0.9722222222222222,36,1050,600,450,0.5714285714285714,15,6,9,416.8723266068947,0.8908068783068783,0.24908107540432733,0.21834204037133392,126912.01814058954,3381.2216553287976,130293.23979591834,193,1,98.55555555555556,34,2,18,37.5940256773787,0.5931372549019608,48.095238095238095,1007.6190476190475,29.63585434173669,7
195,4,2,1,36,0.05405405405405406,0.02702702702702703,0.972972972972973,37,1450,1100,350,0.7586206896551724,18,11,7,403.5618349094071,0.8945195195195195,0.25522659621189403,0.21403683090886055,127420.45932345914,2884.9170779965534,130305.3764014557,194,0,96.8108108108108,31,6,18,37.404887799845234,0.605510752688172,47.59114583333333,1009.6354166666662,32.56888440860214,0
196,4,3,1,38,0.07692307692307693,0.02564102564102564,0.9743589743589743,39,500,300,200,0.6,7,3,4,390.35377398431797,0.8998538011695907,0.26464070908515325,0.21079103795153173,128144.53125000001,2208.443196614582,130352.9744466146,195,0,92.76923076923077,31,8,20,36.99417009602195,0.6129032258064516,46.875,1012.5000000000001,32.66129032258065,0
197,4,2,1,39,0.05,0.025,0.975,40,900,800,100,0.8888888888888888,10,8,2,380.64851517498636,0.9028044871794871,0.2791433370660694,0.20853933990875032,128720.46100206621,1799.4504706152547,130519.91147268146,196,0,91.4,32,8,19,36.6500248849073,0.6162109375,46.30681818181819,1014.772727272728,31.71164772727275,0
198,4,0,1,38,0.0,0.02564102564102564,0.9743589743589743,39,1500,1100,400,0.7333333333333333,19,11,8,390.60661929203553,0.90176563202879,0.29540145937374573,0.21409198247272335,128738.47961425791,2257.220458984388,130995.7000732423,197,1,94.71794871794872,31,8,19,36.37894534257123,0.6189516129032258,46.28906250000001,1014.8437500000008,32.73689516129035,0
199,4,0,0,38,0.0,0.0,1.0,38,1050,800,250,0.7619047619047619,13,8,5,394.31095816591414,0.9007527264106212,0.2823715265588287,0.21648226970855405,128804.55864800353,2557.8097873263946,131362.36843532993,198,2,93.60526315789474,31,7,19,36.2172909184197,0.6196236559139785,46.223958333333336,1015.1041666666671,32.74529569892474,0
200,4,0,0,38,0.0,0.0,1.0,38,1050,700,350,0.6666666666666666,14,7,7,398.2636836818169,0.8987375533428165,0.2873883966230486,0.21919960967074745,128903.7089877659,2667.5331963433196,131571.24218410923,199,3,94.60526315789474,31,7,19,36.01543467111168,0.6206317204301075,46.126302083333336,1015.4947916666672,32.75789650537636,0
201,4,1,0,39,0.02564102564102564,0.0,1.0,39,1150,800,350,0.6956521739130435,15,8,7,390.20469517123036,0.9024966261808367,0.2806295168953643,0.21656776578480014,129234.48562622069,2285.9239366319443,131520.40956285264,200,0,93.15384615384616,31,8,20,35.881808383489144,0.623991935483871,45.80078125,1016.7968749999999,32.799899193548384,0
202,4,0,0,39,0.0,0.0,1.0,39,1300,900,400,0.6923076923076923,17,9,8,392.19176904714465,0.9013157894736843,0.2806171174275618,0.2184030143667384,129366.91496107307,2347.3278469509496,131714.24280802402,201,1,94.15384615384616,31,8,20,35.695982123810744,0.6253360215053764,45.670572916666664,1017.3177083333328,32.816700268817186,0
203,4,1,3,37,0.025,0.075,0.925,40,1400,800,600,0.5714285714285714,20,8,12,382.42315349581133,0.9038728632478632,0.27104236343366783,0.21574438282122174,129876.1944731404,1933.5327708907134,131809.7272440311,202,0,92.775,32,8,18,35.4251827077914,0.6279296875,45.17045454545454,1019.318181818181,31.853693181818155,0
204,4,1,1,37,0.02631578947368421,0.02631578947368421,0.9736842105263158,38,800,600,200,0.75,10,6,4,403.2605877745155,0.897226173541963,0.2880070620290822,0.22518356715550375,129474.83090530695,2842.4192825760165,132317.25018788298,203,0,98.36842105263158,30,8,18,35.30413585138227,0.6291666666666667,45.564516129032256,1017.7419354838709,33.924731182795696,0
205,4,1,1,37,0.02631578947368421,0.02631578947368421,0.9736842105263158,38,950,600,350,0.631578947368421,13,6,7,398.9272702297864,0.8967816500711238,0.2829048324135144,0.2234678548135337,129598.82948133686,2740.1014539930607,132338.9309353299,204,0,99.34210526315789,31,7,18,35.287723785166236,0.6276881720430108,45.442708333333336,1018.2291666666671,32.84610215053765,0
206,4,2,1,38,0.05128205128205128,0.02564102564102564,0.9743589743589743,39,1350,1100,250,0.8148148148148148,16,11,5,390.55790201113206,0.8951866846603689,0.28456585514535004,0.2208785445827663,129972.73875114787,2352.376033057855,132325.11478420574,205,0,97.74358974358974,32,7,19,35.11948984645864,0.62890625,45.07575757575758,1019.6969696969699,31.865530303030308,0
207,4,2,0,40,0.05,0.0,1.0,40,1350,1000,350,0.7407407407407407,17,10,7,381.7380962299118,0.8952190170940171,0.28727289581015913,0.21858761051636366,130455.99819214887,1960.3277089072665,132416.32590105615,206,0,96.25,32,8,21,34.852768508219015,0.6337890625,44.602272727272734,1021.59090909091,31.92471590909094,0
208,4,0,0,40,0.0,0.0,1.0,40,1550,1100,450,0.7096774193548387,20,11,9,379.8085589371982,0.8942574786324786,0.28398404701931157,0.21762638871886053,130481.60750973187,1911.6062632160715,132393.21377294793,207,1,97.25,33,7,21,34.87602954699931,0.6316287878787878,44.57720588235294,1021.6911764705884,30.96033868092692,0
209,4,0,1,39,0.0,0.025,0.975,40,1200,900,300,0.75,15,9,6,379.14079603053386,0.8944978632478633,0.2799394557007553,0.21794716607103276,130606.84479827479,1903.6766207708674,132510.52141904566,208,2,98.25,33,7,18,34.76589038084962,0.6328914141414141,44.454656862745104,1022.1813725490204,30.975193107546072,0
210,4,1,1,39,0.025,0.025,0.975,40,1050,600,450,0.5714285714285714,15,6,9,376.75451732731966,0.8938034188034188,0.27630966239813715,0.21720277206991112,130718.714569161,1849.773242630385,132568.4878117914,209,0,99.175,34,6,18,34.71332945285216,0.6317401960784315,44.345238095238095,1022.6190476190477,30.07703081232493,0
211,4,0,0,39,0.0,0.0,1.0,39,900,500,400,0.5555555555555556,13,5,8,386.6428988738551,0.8918690958164642,0.2856273118894539,0.22190055978727308,130544.21864487216,2294.7990256151465,132839.01767048732,210,4,102.71794871794872,33,6,18,34.63782128152857,0.632260101010101,44.51593137254902,1021.9362745098039,30.967765894236482,0
212,4,0,1,38,0.0,0.02564102564102564,0.9743589743589743,39,1100,900,200,0.8181818181818182,13,9,4,388.08235334131825,0.8906320287899235,0.28328047791135025,0.22362977598618528,130700.81218762032,2344.5357554786847,133045.347943099,211,5,103.71794871794872,33,6,18,34.44191434963248,0.6338383838383838,44.36274509803923,1022.5490196078446,30.98633392751044,0
213,4,0,0,38,0.0,0.0,1.0,38,1100,800,300,0.7272727272727273,14,8,6,396.9583955044771,0.8904397818871503,0.2810970815110374,0.22882320606339973,130714.103232451,2777.6121377920895,133491.7153702431,212,6,102.5,32,6,18,34.2014960694736,0.6363932291666665,44.34974747474749,1022.601010101012,31.956281565656624,0
214,4,0,1,37,0.0,0.02631578947368421,0.9736842105263158,38,800,500,300,0.625,11,5,6,396.4200152647914,0.8907657657657658,0.27918195921147193,0.22880507934992766,130763.47588667838,2767.45182141486,133530.92770809325,213,7,103.5,33,5,18,34.165069094975635,0.6344696969696968,44.301470588235304,1022.7941176470603,30.99376114082001,0
215,4,1,0,38,0.02631578947368421,0.0,1.0,38,1050,900,150,0.8571428571428571,12,9,3,375.3351666472764,0.8918622569938359,0.22953473314216977,0.2073453493420393,129050.14349489803,2088.6279021412574,131138.7713970393,214,0,99.36842105263158,34,4,17,36.447959382933014,0.6148897058823529,45.98214285714286,1016.0714285714291,29.884453781512622,8
216,4,2,0,40,0.05,0.0,1.0,40,1250,1200,50,0.96,13,12,1,361.40484654346335,0.9013087606837606,0.24355974557019522,0.20344042640464524,129790.4074502744,1381.4650345735079,131171.8724848479,215,0,95.35,35,5,18,36.048008480993495,0.6202380952380953,45.25462962962963,1018.9814814814819,29.113756613756625,0
217,4,2,2,40,0.047619047619047616,0.047619047619047616,0.9523809523809523,42,1500,1100,400,0.7333333333333333,19,11,8,349.6395961108131,0.9099883855981417,0.23701028813248248,0.19951620419725707,130321.66950660154,714.8378557956147,131036.50736239715,216,0,91.76190476190476,35,7,20,35.80867905992594,0.6255952380952381,44.7337962962963,1021.0648148148151,29.17328042328043,0
218,4,1,2,39,0.024390243902439025,0.04878048780487805,0.9512195121951219,41,1350,1000,350,0.7407407407407407,17,10,7,355.03194781900544,0.9119918699186992,0.22150161142720637,0.2033968074888323,130475.34722222232,1064.583333333339,131539.93055555565,217,0,91.8780487804878,34,7,22,35.51522566612289,0.6292892156862745,44.583333333333336,1021.6666666666674,30.04901960784316,0
219,4,1,2,38,0.025,0.05,0.95,40,950,800,150,0.8421052631578947,11,8,3,362.3122677183665,0.9081997863247864,0.22176025917926556,0.2070994814242022,130387.71896626301,1448.214028258368,131835.93299452137,218,0,93.85,33,7,22,35.41816654667627,0.6306818181818181,44.669117647058826,1021.3235294117651,30.949197860962578,0
220,4,0,0,38,0.0,0.0,1.0,38,1100,900,200,0.8181818181818182,13,9,4,379.36319480039697,0.9038643907064959,0.23679296853406728,0.21513985547614844,130080.3589143991,2269.5401077097513,132349.89902210885,219,3,99.47368421052632,34,4,22,35.295347570700585,0.6253063725490196,44.970238095238095,1020.1190476190477,30.003501400560225,0
221,4,0,0,38,0.0,0.0,1.0,38,1300,800,500,0.6153846153846154,18,8,10,375.3652205552257,0.9028568041725936,0.23254467536498336,0.21354648482941774,130203.51750042845,2174.7744127228834,132378.29191315133,220,4,100.47368421052632,35,3,22,35.272076056550986,0.6244047619047619,44.849537037037024,1020.60185185185,29.16005291005286,0
222,4,1,2,37,0.02564102564102564,0.05128205128205128,0.9487179487179487,39,1500,1100,400,0.7333333333333333,19,11,8,368.6777287727084,0.9027215474583896,0.2270797671007383,0.21138015671717822,130505.75573979596,1822.9399154209066,132328.69565521687,221,0,98.87179487179488,34,5,17,35.13583051769001,0.629595588235294,44.55357142857143,1021.7857142857147,30.052521008403374,0
223,4,2,1,38,0.05128205128205128,0.02564102564102564,0.9743589743589743,39,1100,800,300,0.7272727272727273,14,8,6,359.0127131202938,0.9038461538461539,0.208155713697447,0.2080203413767782,130913.23329260964,1599.9030135459454,132513.1363061556,222,0,94.43589743589743,35,4,18,34.96993515795823,0.631547619047619,44.15509259259259,1023.3796296296289,29.23941798941797,0
224,4,0,0,38,0.0,0.0,1.0,38,800,400,400,0.5,12,4,8,369.76996956652715,0.9023826458036984,0.22395673848339714,0.21384946961337398,130840.48327664408,2076.1763038548866,132916.65958049896,223,1,97.92105263157895,34,4,19,34.7684430998371,0.6329656862745097,44.22619047619048,1023.0952380952389,30.09103641456585,0
225,4,1,3,36,0.02564102564102564,0.07692307692307693,0.9230769230769231,39,1300,900,400,0.6923076923076923,17,9,8,362.5395001436368,0.9021592442645074,0.21274228596262534,0.21136196154619155,131150.23389274697,1709.428047839513,132859.6619405865,224,0,96.38461538461539,35,4,20,34.63983050847459,0.6339285714285714,43.923611111111114,1024.3055555555559,29.265873015873026,0
226,4,1,1,36,0.02702702702702703,0.02702702702702703,0.972972972972973,37,1150,900,250,0.782608695652174,14,9,5,381.4836961836698,0.8923923923923924,0.22584050621433782,0.2201841582537284,130763.47588667837,2576.82682141486,133340.30270809322,225,0,102.13513513513513,33,4,20,34.546988577362406,0.6344696969696968,44.301470588235304,1022.7941176470601,30.993761140820006,0
227,4,0,0,36,0.0,0.0,1.0,36,1300,900,400,0.6923076923076923,17,9,8,389.99574702678433,0.8891534391534393,0.23742640986707197,0.22436858770327148,130638.16350682436,2989.6656334102377,133627.8291402346,226,4,105.97222222222223,33,3,20,34.456665068328945,0.6332070707070706,44.42401960784314,1022.303921568628,30.978906714200846,0
228,4,0,0,36,0.0,0.0,1.0,36,1300,1200,100,0.9230769230769231,14,12,2,388.2927314885866,0.8880621693121694,0.23461190314550784,0.22429615430693667,130794.81336805562,2957.3350694444503,133752.14843750006,227,5,106.97222222222223,33,3,20,34.34105566870332,0.6347853535353535,44.270833333333336,1022.9166666666672,30.997474747474765,0
229,4,0,1,35,0.0,0.027777777777777776,0.9722222222222222,36,850,600,250,0.7058823529411765,11,6,5,390.55337786183946,0.8869708994708996,0.23768663951909996,0.22604756112609517,130870.93431122461,3022.417091836747,133893.35140306136,228,6,107.97222222222223,34,2,20,34.20593368237347,0.6332720588235293,44.19642857142858,1023.2142857142867,30.094537815126078,0
230,4,0,0,35,0.0,0.0,1.0,35,1500,1100,400,0.7333333333333333,19,11,8,388.04895872313006,0.8878851540616246,0.22210216781782144,0.22580341915671814,131077.01965590153,3172.860198000763,134249.8798539023,229,7,108.08571428571429,33,2,20,34.06085447582575,0.6376262626262627,43.995098039215684,1024.019607843137,31.030897207367786,0
231,4,0,0,35,0.0,0.0,1.0,35,1400,1000,400,0.7142857142857143,18,10,8,389.92239188663245,0.8857843137254902,0.22382775119617238,0.22763625671593915,131202.54229142642,3231.761822376013,134434.30411380244,230,8,109.08571428571429,33,2,20,33.88556618819777,0.6388888888888888,43.872549019607845,1024.509803921569,31.045751633986942,0
232,4,1,1,35,0.027777777777777776,0.027777777777777776,0.9722222222222222,36,1300,1200,100,0.9230769230769231,14,12,2,376.2197990489069,0.8861772486772488,0.1841349003840307,0.22248059721534102,131694.4515306121,2709.212018140567,134403.66354875267,231,0,107.02777777777777,34,2,17,33.738788370834286,0.6415441176470589,43.39285714285713,1026.4285714285702,30.189075630252063,1
233,4,0,0,35,0.0,0.0,1.0,35,750,500,250,0.6666666666666666,10,5,5,380.9485623066948,0.8850140056022409,0.18916585623859006,0.22478381340337963,131610.90573637545,3027.397064830838,134638.3028012063,232,10,111.08571428571429,33,2,17,33.70195370038616,0.6429924242424242,43.474264705882355,1026.102941176471,31.09402852049912,0
234,4,1,0,36,0.027777777777777776,0.0,1.0,36,850,500,350,0.5882352941176471,12,5,7,382.6515777656619,0.8878637566137567,0.19205410143022195,0.2246768948186169,131422.35145436839,2860.1406310072857,134282.49208537568,233,0,108.97222222222223,33,3,18,33.849124536871024,0.6410984848484849,43.65808823529411,1025.3676470588225,31.07174688057038,1
235,4,0,1,35,0.0,0.027777777777777776,0.9722222222222222,36,1000,900,100,0.9,11,9,2,380.78583643170475,0.8871362433862434,0.18616188162837344,0.22431796177127386,131548.0392907776,2818.326034457908,134366.36532523553,234,1,109.97222222222223,33,3,18,33.76973579421018,0.642361111111111,43.53553921568628,1025.8578431372553,31.086601307189554,0
236,4,0,0,35,0.0,0.0,1.0,35,750,600,150,0.8,9,6,3,386.60155601710693,0.8824929971988795,0.19557462975340356,0.22720534283436639,131457.57607642084,3164.340692276306,134621.91676869715,235,2,113.57142857142857,32,3,18,33.71219116802101,0.6438802083333333,43.62373737373738,1025.505050505051,32.047032828282845,0
237,4,0,0,35,0.0,0.0,1.0,35,1000,700,300,0.7,13,7,6,381.9021633136095,0.8820028011204482,0.186282197802198,0.22501487142299328,131554.70623214473,3048.205380828496,134602.91161297323,236,3,114.57142857142857,32,3,16,33.73435897435898,0.6448567708333333,43.52904040404041,1025.8838383838388,32.05886994949496,0
238,4,0,0,35,0.0,0.0,1.0,35,1300,700,600,0.5384615384615384,19,7,12,380.41374910874805,0.8813725490196078,0.1883647356580429,0.22470951691540011,131651.87225793296,3016.436460565259,134668.3087184982,237,4,115.57142857142857,32,3,16,33.67423310367453,0.6458333333333333,43.43434343434344,1026.262626262627,32.070707070707094,0
239,4,1,2,34,0.027777777777777776,0.05555555555555555,0.9444444444444444,36,850,600,250,0.7058823529411765,11,6,5,370.4381937969815,0.8845238095238096,0.1787664334181509,0.22057910630638453,131956.93963860057,2576.378075740106,134533.31771434066,238,0,113.33333333333333,33,3,16,33.622077767175576,0.6464646464646464,43.13725490196079,1027.4509803921571,31.13487819370173,0
240,4,2,2,34,0.05555555555555555,0.05555555555555555,0.9444444444444444,36,1100,900,200,0.8181818181818182,13,9,4,370.121058513612,0.8834986772486773,0.1775134798563911,0.22093988026716485,132051.3913669022,2575.000150182624,134626.39151708482,239,0,114.13888888888889,33,3,16,33.534910178450765,0.6474116161616161,43.0453431372549,1027.8186274509808,31.146019013666084,0
241,4,0,1,33,0.0,0.029411764705882353,0.9705882352941176,34,450,300,150,0.6666666666666666,6,3,3,391.1948708056518,0.8758541295306002,0.1995545141816717,0.23134202299782117,131695.40617201073,3503.7134806315303,135199.11965264226,240,18,121.8529411764706,31,3,16,33.35355089010107,0.6488575268817203,43.39192708333334,1026.4322916666677,33.11071908602154,0
242,4,0,0,33,0.0,0.0,1.0,33,650,200,450,0.3076923076923077,11,2,9,398.20425100858637,0.8709753787878789,0.21141870572125976,0.23513452872780785,131638.287753642,3883.785155798353,135522.07290944038,241,26,126.0,30,3,17,33.23155424579785,0.6510416666666666,43.44758064516129,1026.2096774193546,34.206989247311824,0
243,4,1,1,33,0.029411764705882353,0.029411764705882353,0.9705882352941176,34,600,500,100,0.8333333333333334,7,5,2,387.6500952393097,0.8719919786096257,0.18930352523723992,0.23086391709685997,131962.84188164608,3431.08164469402,135393.9235263401,242,0,123.26470588235294,31,3,17,33.17400097157098,0.6515456989247311,43.13151041666667,1027.4739583333337,33.14432123655915,0
244,4,0,0,33,0.0,0.0,1.0,33,600,300,300,0.5,9,3,6,397.71756269475907,0.8696338383838385,0.2026017072464803,0.23655683514988662,131914.2950955313,3892.926385998383,135807.22148152968,243,28,128.0,30,3,18,32.96453181560469,0.6538194444444445,43.178763440860216,1027.2849462365593,34.24283154121864,0
245,4,0,0,33,0.0,0.0,1.0,33,750,600,150,0.8,9,6,3,397.48656987365683,0.8682133838383839,0.20187486374536734,0.23684994752019548,131983.3420951845,3892.321185975268,135875.66328115977,244,29,129.0,30,3,18,32.90058862001309,0.6545138888888888,43.11155913978495,1027.5537634408608,34.25179211469536,0
246,4,1,1,33,0.029411764705882353,0.029411764705882353,0.9705882352941176,34,1050,900,150,0.8571428571428571,12,9,3,389.55551994872627,0.8694295900178254,0.19134772896500385,0.2338517179023508,132264.0313042534,3504.8366970486068,135768.868001302,245,0,126.17647058823529,31,3,18,32.82067510548522,0.6545698924731183,42.838541666666664,1028.645833333333,33.18212365591397,0
247,4,0,0,33,0.0,0.0,1.0,33,1200,900,300,0.75,15,9,6,397.046947755137,0.8660827020202021,0.2011645870469403,0.23766894759990603,132156.0386316337,3894.43035322003,136050.46898485374,246,31,131.0,30,3,18,32.737200435729854,0.65625,42.943548387096776,1028.225806451613,34.274193548387096,0
248,4,0,0,33,0.0,0.0,1.0,33,850,700,150,0.8235294117647058,10,7,3,395.679108995414,0.8635574494949496,0.19849177602280133,0.23793586640690453,132328.8480785351,3871.952140420855,136200.80021895596,247,32,132.0,30,3,19,32.59770302634443,0.657986111111111,42.7755376344086,1028.8978494623657,34.29659498207886,0
249,4,0,0,33,0.0,0.0,1.0,33,1200,900,300,0.75,15,9,6,397.21978514642797,0.8617424242424243,0.19409292718250715,0.2395204027284524,132432.58794369295,3920.968825875833,136353.5567695688,248,33,133.0,30,3,19,32.45326238356404,0.6590277777777778,42.6747311827957,1029.3010752688176,34.31003584229392,0
250,4,0,1,32,0.0,0.030303030303030304,0.9696969696969697,33,750,400,350,0.5333333333333333,11,4,7,397.9293928032837,0.8607165404040404,0.19557106513628275,0.24016873281957055,132467.17693158166,3942.516656549889,136409.69358813154,249,34,134.0,30,3,19,32.400063106584845,0.6593749999999999,42.641129032258064,1029.4354838709676,34.31451612903225,0
251,4,0,0,32,0.0,0.0,1.0,32,950,800,150,0.8421052631578947,11,8,3,395.4180788323283,0.8557207661290324,0.1808405650528515,0.23953270656854797,132605.57804731763,4086.928582784138,136692.50663010177,250,35,133.0,30,2,19,32.32497063813128,0.6607638888888889,42.50672043010753,1029.97311827957,34.33243727598566,0
252,4,0,1,31,0.0,0.03125,0.96875,32,750,600,150,0.8,9,6,3,395.05879740855664,0.8545866935483871,0.17909437777198023,0.23997787170633875,132709.4263065094,4085.6052722858144,136795.03157879523,251,36,134.0,30,2,18,32.229432994173415,0.6618055555555555,42.405913978494624,1030.3763440860214,34.34587813620071,0
253,4,0,0,31,0.0,0.0,1.0,31,550,400,150,0.7272727272727273,7,4,3,395.68028036185865,0.8513440860215054,0.16054561442630155,0.24057737585522365,132744.05142574286,4304.840696901381,137048.89212264423,252,37,131.90322580645162,30,1,18,32.17849223946785,0.6621527777777778,42.37231182795699,1030.510752688172,34.35035842293907,0
254,4,0,1,30,0.0,0.03225806451612903,0.967741935483871,31,850,400,450,0.47058823529411764,13,4,9,394.5370387683604,0.850268817204301,0.15577238507801638,0.24054841711870625,132847.95388195172,4282.68766620419,137130.6415481559,253,38,132.90322580645162,30,1,18,32.10316166883965,0.6631944444444444,42.27150537634409,1030.913978494624,34.36379928315413,0
255,4,0,0,30,0.0,0.0,1.0,30,800,500,300,0.625,11,5,6,400.97064101539513,0.8472701149425288,0.14420485175202158,0.24386902920772385,132755.59413580244,4646.21913580246,137401.81327160491,254,39,134.86666666666667,29,1,18,32.03054806828392,0.6652298850574713,42.36111111111111,1030.5555555555552,35.53639846743294,0
256,4,1,0,31,0.03225806451612903,0.0,1.0,31,350,200,150,0.5714285714285714,5,2,3,389.48147990960103,0.8514336917562724,0.1364463591467895,0.2385690629135027,133021.21497066144,4161.859933229287,137183.07490389072,255,0,131.48387096774192,30,1,19,32.05890336590661,0.6649305555555556,42.10349462365592,1031.5860215053772,34.386200716845906,0
257,4,0,0,31,0.0,0.0,1.0,31,800,700,100,0.875,9,7,2,386.12840983473865,0.8492831541218638,0.1288221899184092,0.2371755144568899,133125.22582090422,4080.6863510232492,137205.91217192746,256,1,132.48387096774192,30,1,20,32.04067899626639,0.6659722222222222,42.002688172043015,1031.9892473118284,34.39964157706095,0
258,4,0,0,31,0.0,0.0,1.0,31,750,400,350,0.5333333333333333,11,4,7,386.2939298582067,0.8485663082437276,0.13157795243836357,0.23749808545886048,133159.9051371545,4087.7726109954765,137247.67774815,257,2,133.48387096774192,30,1,20,32.001508442939624,0.6663194444444445,41.96908602150537,1032.1236559139777,34.404121863799254,0
259,4,0,0,31,0.0,0.0,1.0,31,1050,500,550,0.47619047619047616,16,5,11,387.1722008672797,0.8455197132616488,0.13868910413858848,0.23892723046291628,133298.66756633704,4121.9076988669085,137420.57526520395,258,3,134.48387096774192,30,1,20,31.83923380623888,0.6677083333333333,41.83467741935483,1032.6612903225798,34.42204301075266,0
260,4,0,0,31,0.0,0.0,1.0,31,600,300,300,0.5,9,3,6,389.42390735943394,0.8462365591397849,0.1339343422897099,0.24099131658330195,133402.78681061396,4190.046898485375,137592.83370909933,259,4,135.48387096774192,30,1,21,31.67637045710816,0.6687500000000001,41.733870967741936,1033.0645161290324,34.43548387096775,0
261,4,0,0,31,0.0,0.0,1.0,31,300,100,200,0.3333333333333333,5,1,4,389.62396957236024,0.8448028673835125,0.13334508032002135,0.2417932770009586,133506.94670265348,4203.501307954675,137710.44801060815,260,5,136.48387096774192,30,1,21,31.56646941518186,0.6697916666666668,41.63306451612903,1033.467741935484,34.4489247311828,0
262,4,0,0,31,0.0,0.0,1.0,31,1100,700,400,0.6363636363636364,15,7,8,389.4155503101514,0.8422043010752688,0.13513672153416634,0.24280091119013775,133680.63685108084,4211.46375303501,137892.10060411584,261,6,137.48387096774192,30,1,22,31.397300927129375,0.671527777777778,41.46505376344085,1034.1397849462348,34.4713261648745,0
263,4,0,0,31,0.0,0.0,1.0,31,500,300,200,0.6,7,3,4,390.70474781519795,0.8413978494623656,0.13736611540799437,0.24383398495036046,133715.38843002054,4248.647423112465,137964.035853133,262,7,138.48387096774192,30,1,18,31.329055663850987,0.6718750000000002,41.43145161290321,1034.274193548385,34.47580645161283,0
264,4,1,1,31,0.03125,0.03125,0.96875,32,1000,800,200,0.8,12,8,4,382.02427940635613,0.8448000672043011,0.11732793840352018,0.24099945619964797,134112.09318372927,3846.8151516384455,137958.9083353677,263,0,135.125,31,1,19,31.155588728263144,0.6730510752688172,41.04817708333333,1035.8072916666658,33.41313844086019,0
265,4,0,0,31,0.0,0.0,1.0,31,850,600,250,0.7058823529411765,11,6,5,392.2825844818735,0.839516129032258,0.13548805760817229,0.2471412357671983,134063.15262241298,4318.127998901605,138381.2806213146,264,9,140.48387096774192,30,1,19,30.93905472636816,0.6753472222222222,41.09543010752688,1035.6182795698924,34.520609318996414,0
266,4,0,0,31,0.0,0.0,1.0,31,750,400,350,0.5333333333333333,11,4,7,394.7761563815114,0.8379032258064516,0.1411269397525825,0.24942086994989246,134167.5699502832,4393.2315152040655,138560.80146548728,265,10,141.48387096774192,30,1,19,30.76970896038749,0.6763888888888889,40.994623655913976,1036.0215053763436,34.534050179211455,0
267,4,0,0,31,0.0,0.0,1.0,31,1200,1000,200,0.8333333333333334,14,10,4,394.3892742463111,0.8368279569892473,0.14120432338375055,0.25012582919305526,134306.85628396345,4393.836715227192,138700.69299919065,266,11,142.48387096774192,30,1,19,30.640019882434302,0.6777777777777778,40.86021505376344,1036.5591397849462,34.551971326164875,0
268,4,0,0,31,0.0,0.0,1.0,31,950,600,350,0.631578947368421,13,6,7,394.50805894312083,0.8363799283154122,0.1449835426573487,0.25043956038092924,134341.68915842872,4399.775805006361,138741.46496343508,267,12,143.48387096774192,30,1,19,30.602013915899562,0.6781249999999999,40.82661290322581,1036.6935483870968,34.556451612903224,0
269,4,0,0,31,0.0,0.0,1.0,31,1050,700,350,0.6666666666666666,14,7,7,395.68187650707796,0.8353046594982079,0.14605816068404676,0.251664111892177,134411.36845661356,4436.828498959429,138848.196955573,268,13,144.48387096774192,30,1,19,30.501728235039973,0.6788194444444444,40.75940860215054,1036.9623655913983,34.565412186379945,0
270,4,0,0,31,0.0,0.0,1.0,31,850,500,350,0.5882352941176471,12,5,7,396.0907713728495,0.8346774193548387,0.14542885332530608,0.2521647188046955,134446.2148803331,4450.5809920222155,138896.79587235532,269,14,145.48387096774192,30,1,19,30.45619491964748,0.6791666666666666,40.72580645161291,1037.0967741935494,34.569892473118315,0
271,4,0,0,31,0.0,0.0,1.0,31,950,700,250,0.7368421052631579,12,7,5,398.16628940293,0.8337813620071685,0.15038995561276924,0.2539708612902329,134515.92127702644,4511.941048098072,139027.8623251245,270,15,146.48387096774192,30,1,19,30.332501943508674,0.679861111111111,40.65860215053765,1037.3655913978512,34.578853046595036,0
272,4,0,0,31,0.0,0.0,1.0,31,800,600,200,0.75,10,6,4,397.6484253044522,0.831899641577061,0.14901964061148698,0.2543698004785151,134620.51474520183,4506.327140420868,139126.8418856227,271,16,147.48387096774192,30,1,19,30.241117299140864,0.6809027777777777,40.557795698924735,1037.7688172043017,34.592293906810056,0
273,4,0,0,31,0.0,0.0,1.0,31,1000,900,100,0.9,11,9,2,402.15358155044817,0.8297491039426523,0.15907743438577748,0.2584890658118771,134794.92752052261,4641.65257544225,139436.58009596486,272,17,148.48387096774192,30,1,19,29.94946716714125,0.6826388888888888,40.38978494623656,1038.4408602150538,34.6146953405018,0
274,4,0,0,31,0.0,0.0,1.0,31,900,500,400,0.5555555555555556,13,5,8,402.76349006990495,0.828853046594982,0.1602591666423141,0.2591301821623778,134829.82362484105,4660.906065730149,139490.7296905712,273,18,149.48387096774192,30,1,19,29.89867779647124,0.6829861111111111,40.35618279569893,1038.5752688172047,34.61917562724015,0
275,4,0,0,31,0.0,0.0,1.0,31,950,900,50,0.9473684210526315,10,9,1,402.59702876345744,0.8282258064516129,0.1622501356257562,0.2597725402622308,134934.53903630472,4664.848898716604,139599.3879350213,274,19,150.48387096774192,30,1,19,29.79813497197068,0.6840277777777778,40.25537634408602,1038.9784946236555,34.63261648745518,0
276,4,0,0,31,0.0,0.0,1.0,31,1100,800,300,0.7272727272727273,14,8,6,398.8961964025584,0.8280465949820789,0.15814461892762344,0.2578817216207845,135004.3718927044,4570.546089143252,139574.91798184766,275,20,151.48387096774192,30,1,19,29.824377047766838,0.6847222222222222,40.18817204301075,1039.2473118279572,34.64157706093191,0
277,4,0,0,31,0.0,0.0,1.0,31,550,200,350,0.36363636363636365,9,2,7,399.5360204645729,0.8271505376344086,0.1526367370769648,0.2590453577781618,135109.15505043935,4596.194827436695,139705.34987787605,276,21,152.48387096774192,30,1,19,29.702919629390223,0.685763888888889,40.08736559139785,1039.6505376344085,34.65501792114695,0
278,4,0,0,31,0.0,0.0,1.0,31,1200,1000,200,0.8333333333333334,14,10,4,399.27505656378423,0.8242831541218638,0.15348319571170732,0.2598813845876471,135248.92915727242,4600.304767892228,139849.23392516465,277,22,153.48387096774192,30,1,20,29.569927208511007,0.6871527777777777,39.952956989247305,1040.18817204301,34.67293906810033,0
279,4,0,0,31,0.0,0.0,1.0,31,650,500,150,0.7692307692307693,8,5,3,401.1654540927225,0.8232078853046595,0.1553271020248279,0.26161935805659364,135318.84330919766,4657.049044687256,139975.8923538849,278,23,154.48387096774192,30,1,20,29.45086767428842,0.6878472222222223,39.88575268817205,1040.4569892473123,34.681899641577075,0
280,4,0,0,31,0.0,0.0,1.0,31,1200,1000,200,0.8333333333333334,14,10,4,418.72799484975894,0.8240143369175628,0.20120269632567167,0.26240052898448735,133867.1899112655,5018.014270476048,138885.20418174154,279,24,155.48387096774192,29,2,18,30.451589272133504,0.6763649425287355,41.28472222222223,1034.8611111111118,35.684865900383166,4
281,4,0,0,31,0.0,0.0,1.0,31,700,500,200,0.7142857142857143,9,5,4,439.0012937425368,0.8237455197132616,0.1971386890773259,0.26840294238139323,132951.89698592323,5473.210956468958,138425.10794239218,280,25,156.48387096774192,30,1,19,30.851959251053486,0.664236111111111,42.170698924731184,1031.3172043010754,34.37724014336918,2
282,4,0,0,31,0.0,0.0,1.0,31,1050,500,550,0.47619047619047616,16,5,11,439.2612233714526,0.8217741935483871,0.19496041284943422,0.2693106350318905,133055.88073765746,5489.257789917895,138545.13852757536,281,26,157.48387096774192,30,1,19,30.74002301545943,0.6652777777777779,42.06989247311827,1031.7204301075262,34.390681003584206,0
283,4,0,0,31,0.0,0.0,1.0,31,400,200,200,0.5,6,2,4,441.06530625618035,0.8216845878136201,0.19588464916150872,0.2706681339831091,133090.55102107173,5540.324929182556,138630.8759502543,282,27,158.48387096774192,30,1,19,30.65840606139551,0.665625,42.03629032258064,1031.8548387096769,34.39516129032256,0
284,4,0,0,31,0.0,0.0,1.0,31,750,500,250,0.6666666666666666,10,5,5,440.72671036689775,0.821236559139785,0.201118257165541,0.2709640039157254,133159.9051371547,5537.425388773283,138697.330525928,283,28,159.48387096774192,30,1,19,30.59697443243478,0.6663194444444444,41.96908602150538,1032.1236559139795,34.40412186379932,0
285,4,0,0,31,0.0,0.0,1.0,31,600,500,100,0.8333333333333334,7,5,2,441.84468587239576,0.8209677419354838,0.19735383064516143,0.27190442207532056,133194.58896982312,5570.2642646548775,138764.85323447798,284,29,160.48387096774192,30,1,19,30.533040364583332,0.6666666666666666,41.935483870967744,1032.2580645161293,34.40860215053764,0
286,4,0,0,31,0.0,0.0,1.0,31,450,200,250,0.4444444444444444,7,2,5,441.44078866253557,0.8198924731182796,0.19946082589379466,0.2721627719506901,133263.97018441436,5565.630419701698,138829.60060411604,285,30,161.48387096774192,30,1,19,30.4732925453441,0.6673611111111111,41.86827956989247,1032.5268817204299,34.41756272401433,0
287,4,1,1,31,0.03125,0.03125,0.96875,32,750,600,150,0.8,9,6,3,429.285867471068,0.8203125000000001,0.18193604499934923,0.2664067017744183,133506.9467026535,5062.691676783443,138569.63837943695,286,0,157.40625,30,2,19,30.541737113625516,0.6697916666666666,41.63306451612903,1033.4677419354841,34.44892473118281,0
288,4,0,0,31,0.0,0.0,1.0,31,850,700,150,0.8235294117647058,10,7,3,443.49574798389216,0.8197132616487455,0.20251199133853937,0.2747100575948574,133437.50225820908,5635.7929746213495,139073.29523283042,287,32,163.48387096774192,30,1,19,30.244785568709077,0.6690972222222222,41.700268817204304,1033.198924731183,34.4399641577061,0
289,4,0,0,31,0.0,0.0,1.0,31,1200,900,300,0.75,15,9,6,438.3206870531648,0.8166666666666667,0.18917220910331678,0.2730792899674319,133651.68065200612,5516.463814257578,139168.1444662637,288,33,164.48387096774192,29,2,19,30.16216140586523,0.6742097701149425,41.49305555555555,1034.0277777777774,35.65613026819922,0
290,4,0,0,31,0.0,0.0,1.0,31,800,500,300,0.625,11,5,6,439.1375651652338,0.814247311827957,0.19274290985150633,0.2746545527217318,133795.33420138882,5550.911458333315,139346.24565972213,289,34,165.48387096774192,29,2,17,29.99605651765337,0.675646551724138,41.35416666666666,1034.5833333333326,35.67528735632181,0
291,4,0,0,31,0.0,0.0,1.0,31,800,400,400,0.5,12,4,8,434.445507609409,0.8129928315412186,0.18918497740377127,0.2725158184095381,133903.12499999988,5434.722222222208,139337.8472222221,290,35,166.48387096774192,29,2,17,30.00872249060656,0.6767241379310346,41.24999999999999,1034.999999999999,35.689655172413765,0
292,4,0,0,31,0.0,0.0,1.0,31,1100,900,200,0.8181818181818182,13,9,4,433.3986754431439,0.8126344086021505,0.1879215423583347,0.27304470926323965,134063.1526224129,5420.558554457145,139483.71117687004,291,36,167.48387096774192,30,1,17,29.874540341769414,0.6753472222222223,41.09543010752687,1035.6182795698915,34.520609318996385,0
293,4,0,0,31,0.0,0.0,1.0,31,800,600,200,0.75,10,6,4,435.52507680890704,0.8122759856630825,0.1888432139179359,0.27464453697949553,134097.95388195157,5480.604332870839,139578.5582148224,292,37,168.48387096774192,30,1,17,29.78442123021022,0.6756944444444445,41.06182795698924,1035.7526881720423,34.52508960573474,0
294,4,0,0,31,0.0,0.0,1.0,31,700,500,200,0.7142857142857143,9,5,4,437.8012290319547,0.8116487455197132,0.18653430871988874,0.2766042519162547,134167.56995028327,5547.745404092955,139715.31535437622,293,38,169.48387096774192,30,1,17,29.655336446981487,0.6763888888888889,40.994623655913976,1036.021505376344,34.53405017921147,0
295,4,0,1,30,0.0,0.03225806451612903,0.967741935483871,31,800,500,300,0.625,11,5,6,438.92224362172914,0.8117383512544802,0.1884935496424378,0.27757601116324093,134202.38475907606,5580.882363568027,139783.2671226441,294,39,170.48387096774192,30,1,17,29.59122454274225,0.6767361111111112,40.96102150537634,1036.1559139784936,34.53853046594978,0
296,4,0,0,30,0.0,0.0,1.0,30,550,300,250,0.5454545454545454,8,3,5,426.3137356919873,0.8092911877394636,0.14489247311827946,0.26431451612903223,133472.22222222228,5380.208333333343,138852.43055555562,295,40,168.86666666666667,29,1,20,30.653561827956985,0.6724137931034482,41.66666666666667,1033.333333333334,35.632183908045995,3
297,4,0,0,30,0.0,0.0,1.0,30,1050,700,350,0.6666666666666666,14,7,7,421.1325327114902,0.8104406130268199,0.14014267185473384,0.2621513585979139,133620.7309420003,5254.407368873042,138875.13831087333,296,41,169.86666666666667,28,2,21,30.637680655919958,0.6770833333333333,41.52298850574713,1033.9080459770119,36.92528735632185,0
298,4,0,0,30,0.0,0.0,1.0,30,900,600,300,0.6666666666666666,12,6,6,420.540226827278,0.8099616858237548,0.1343010603324537,0.26257320840672793,133732.16667079536,5247.95114116792,138980.11781196328,297,42,170.86666666666667,28,2,17,30.54070009723574,0.6781994047619048,41.41522988505747,1034.33908045977,36.94068144499179,0
299,4,0,0,30,0.0,0.0,1.0,30,850,500,350,0.5882352941176471,12,5,7,421.85921846121744,0.8077586206896552,0.12956175667545944,0.2644605701110661,133880.81989447083,5295.771609525693,139176.59150399652,298,43,171.86666666666667,28,2,17,30.35685362580407,0.6796875,41.27155172413793,1034.913793103448,36.96120689655171,0
300,4,0,0,30,0.0,0.0,1.0,30,1250,1200,50,0.96,13,12,1,424.619534220825,0.805411877394636,0.13450795412504624,0.2675400002328415,134066.75254326867,5385.472403884273,139452.22494715295,299,44,172.86666666666667,28,2,17,30.098212634110247,0.6815476190476191,41.09195402298851,1035.6321839080465,36.98686371100166,0
301,4,0,1,29,0.0,0.03333333333333333,0.9666666666666667,30,650,400,250,0.6153846153846154,9,4,5,423.3976645574719,0.8042145593869732,0.13451790264181263,0.2668872683520769,134082.87278163587,5354.075038580254,139436.94782021613,300,45,173.86666666666667,29,1,17,30.113623664565736,0.6785201149425287,41.07638888888889,1035.694444444445,35.71360153256707,0
302,4,0,0,29,0.0,0.0,1.0,29,900,500,400,0.5555555555555556,13,5,8,429.1492572371187,0.8006978653530378,0.11544955778457022,0.2706681535802615,134103.95455558857,5710.12249801823,139814.0770536068,301,46,171.75862068965517,28,1,17,29.9434734359828,0.6819196428571428,41.05603448275862,1035.7758620689654,36.99199507389162,0
303,4,0,0,29,0.0,0.0,1.0,29,650,400,250,0.6153846153846154,9,4,5,429.07204022137256,0.7994663382594417,0.11261881538432084,0.27144452228741567,134215.59155766948,5717.631539833537,139933.223097503,302,47,172.75862068965517,28,1,18,29.83309068219633,0.6830357142857142,40.94827586206897,1036.2068965517244,37.00738916256159,0
304,4,0,0,29,0.0,0.0,1.0,29,1050,700,350,0.6666666666666666,14,7,7,428.2448448768615,0.798440065681445,0.11450283174421116,0.27174903744824586,134327.2750074316,5704.992609657815,140032.2676170894,303,48,173.75862068965517,28,1,18,29.742145992145996,0.6841517857142856,40.84051724137931,1036.6379310344826,37.02278325123152,0
305,4,0,0,29,0.0,0.0,1.0,29,1000,800,200,0.8,12,8,4,433.00377018439485,0.798440065681445,0.13675205482734665,0.2692707110178669,133583.59602077553,5768.440142356988,139352.03616313252,304,49,174.75862068965517,28,1,18,30.36831132731064,0.6767113095238095,41.55890804597701,1033.764367816092,36.92015599343186,1
306,4,0,0,29,0.0,0.0,1.0,29,750,500,250,0.6666666666666666,10,5,5,449.58036690044486,0.7979269293924466,0.14349095810401002,0.26041730686497444,130901.38888888876,5970.1388888888705,136871.52777777764,305,50,175.75862068965517,29,0,17,32.664902280130285,0.646551724137931,44.16666666666666,1023.3333333333322,35.28735632183904,8
307,4,0,0,29,0.0,0.0,1.0,29,800,400,400,0.5,12,4,8,448.36318760868465,0.7977216748768473,0.14038305857249145,0.2599518748614002,130936.92370756168,5941.459297839503,136878.38300540118,306,51,176.75862068965517,29,0,17,32.65976274483196,0.64691091954023,44.13194444444444,1023.472222222222,35.29214559386972,0
308,4,1,1,29,0.03333333333333333,0.03333333333333333,0.9666666666666667,30,350,100,250,0.2857142857142857,6,1,5,443.35644383616597,0.8037356321839081,0.12713361315145222,0.2592139208440893,131259.2496242338,5638.926826800763,136898.17645103458,307,0,171.83333333333334,30,0,17,32.459174973767055,0.6472222222222224,43.81720430107526,1024.7311827956974,34.15770609318991,0
309,4,0,0,29,0.0,0.0,1.0,29,950,600,350,0.631578947368421,13,6,7,454.64489893136704,0.7961822660098522,0.14227119452616033,0.26456960061728235,131079.11120756165,6118.8898533950505,137198.0010609567,308,53,178.75862068965517,29,0,17,32.3538304172883,0.6483477011494253,43.99305555555555,1024.0277777777771,35.311302681992316,0
310,4,0,0,29,0.0,0.0,1.0,29,450,300,150,0.6666666666666666,6,3,3,471.17400483592985,0.7969006568144499,0.11913203800879302,0.2553610997769517,128290.04667475895,6295.989059220002,134586.03573397896,309,54,179.75862068965517,28,1,18,34.797960100222184,0.6231398809523809,46.731321839080465,1013.0747126436787,36.18123973727424,4
311,4,1,1,29,0.03333333333333333,0.03333333333333333,0.9666666666666667,30,750,600,150,0.8,9,6,3,452.2091841682515,0.8056513409961686,0.09794661190965104,0.24744480077521164,128672.41753472218,5637.369791666661,134309.78732638885,310,0,174.73333333333332,29,1,15,34.88406913073237,0.6239224137931034,46.354166666666664,1014.5833333333329,34.98563218390803,0
312,4,3,2,30,0.09375,0.0625,0.9375,32,650,400,250,0.6153846153846154,9,4,5,434.02311206664854,0.8285870295698925,0.07940573770491777,0.2406855439642324,129201.38888888893,4815.277777777781,134016.66666666672,311,0,164.71875,31,1,16,34.80191256830601,0.6236559139784945,45.833333333333336,1016.6666666666671,32.7956989247312,0
313,4,1,2,29,0.03225806451612903,0.06451612903225806,0.935483870967742,31,650,300,350,0.46153846153846156,10,3,7,440.5296712826789,0.8110215053763441,0.09046932455144985,0.24387155009074807,129133.0735489652,5177.390088449528,134310.46363741474,312,0,171.0,30,1,16,34.706702371506644,0.6256944444444444,45.9005376344086,1016.3978494623656,33.87992831541219,0
314,4,1,1,29,0.03333333333333333,0.03333333333333333,0.9666666666666667,30,850,600,250,0.7058823529411765,11,6,5,442.0376465500672,0.8075670498084292,0.09667019027484147,0.245980949197861,129338.0737657533,5434.4595473465215,134772.53331309982,313,0,172.66666666666666,30,0,18,34.45785984848486,0.6277777777777778,45.6989247311828,1017.2043010752691,33.906810035842305,0
315,4,1,1,29,0.03333333333333333,0.03333333333333333,0.9666666666666667,30,550,200,350,0.36363636363636365,9,2,7,437.107852116489,0.8095785440613027,0.07449168207024037,0.24450922244684556,129543.23657359235,5324.873178980234,134868.10975257258,314,0,163.76666666666668,30,0,15,34.372799489481565,0.6298611111111111,45.49731182795699,1018.0107526881723,33.93369175627241,0
316,4,0,0,29,0.0,0.0,1.0,29,1000,800,200,0.8,12,8,4,445.8422586346348,0.8043924466338259,0.08471265936569039,0.24879560007737744,129448.61352237636,5742.732445987626,135191.34596836398,315,2,170.41379310344828,29,0,15,34.24761726036121,0.6318247126436782,45.590277777777764,1017.6388888888874,35.09099616858232,0
317,4,2,2,29,0.06451612903225806,0.06451612903225806,0.935483870967742,31,450,300,150,0.6666666666666666,6,3,3,422.4320590258887,0.8241935483870968,0.06091496050663592,0.23844416655469935,129897.31046888554,4774.557664659278,134671.8681335448,316,0,160.3548387096774,31,0,15,34.384047558223706,0.630712365591398,45.14973958333333,1019.4010416666658,32.883904569892444,0
318,4,2,2,29,0.06451612903225806,0.06451612903225806,0.935483870967742,31,1000,600,400,0.6,14,6,8,424.95582756743954,0.8257168458781362,0.07875610137543321,0.24171290105033302,130196.1347791883,4865.521240234364,135061.65601942266,317,0,161.29032258064515,31,0,16,34.01431062345836,0.633736559139785,44.85677083333333,1020.5729166666661,32.92170698924729,0
319,4,1,1,29,0.03333333333333333,0.03333333333333333,0.9666666666666667,30,950,700,250,0.7368421052631579,12,7,5,433.89181535844887,0.8155651340996168,0.0769112545558337,0.24634800077681243,130125.41415553808,5292.070434443268,135417.48458998135,318,0,167.43333333333334,30,0,16,33.85862644359548,0.635763888888889,44.92607526881719,1020.29569892473,34.00985663082433,0
320,4,0,0,29,0.0,0.0,1.0,29,650,400,250,0.6153846153846154,9,4,5,445.16799094365444,0.8075738916256158,0.08733378408834835,0.2522618615347373,130049.99999999988,5778.819444444432,135828.81944444432,319,2,174.20689655172413,29,0,16,33.64821623093683,0.6379310344827587,44.99999999999999,1019.9999999999991,35.172413793103416,0
321,4,0,1,28,0.0,0.034482758620689655,0.9655172413793104,29,550,400,150,0.7272727272727273,7,4,3,445.9300023000642,0.8066502463054187,0.08195874836880512,0.25315315277405487,130120.84297839498,5804.957561728384,135925.80054012337,320,3,175.20689655172413,29,0,17,33.556243760776844,0.6386494252873565,44.93055555555555,1020.2777777777771,35.18199233716473,0
322,4,2,1,29,0.06666666666666667,0.03333333333333333,0.9666666666666667,30,550,200,350,0.36363636363636365,9,2,7,426.9340070798142,0.8112068965517242,0.05352791655710387,0.24563237956498243,130640.18419759508,5154.947465024858,135795.13166261994,321,0,161.2,30,0,17,33.51055088088351,0.6409722222222223,44.42204301075269,1022.3118279569892,34.07706093189964,0
323,4,1,1,29,0.03333333333333333,0.03333333333333333,0.9666666666666667,30,750,400,350,0.5333333333333333,11,4,7,428.8430967062821,0.8199233716475096,0.059730250481695446,0.24805118937144516,130846.37674875706,5222.513079546767,136068.88982830383,322,0,162.16666666666666,30,0,17,33.25149982483797,0.6430555555555555,44.22043010752688,1023.1182795698923,34.10394265232974,0
324,4,1,1,29,0.03333333333333333,0.03333333333333333,0.9666666666666667,30,700,400,300,0.5714285714285714,10,4,6,429.1490212021493,0.8149904214559387,0.06391332895600788,0.2488933584504468,130949.53399598216,5239.372868250661,136188.90686423282,323,0,163.13333333333333,30,0,17,33.13854235062377,0.6440972222222222,44.119623655913976,1023.5215053763438,34.1173835125448,0
325,4,1,0,30,0.03333333333333333,0.0,1.0,30,650,200,450,0.3076923076923077,11,2,9,427.8068798669057,0.8126915708812261,0.07010016183353018,0.24945036200961637,131155.9704337206,5221.885297433222,136377.8557311538,324,0,164.1,30,0,18,32.96264707168788,0.6461805555555555,43.91801075268817,1024.3279569892468,34.144265232974895,0
326,4,1,1,30,0.03225806451612903,0.03225806451612903,0.967741935483871,31,850,600,250,0.7058823529411765,11,6,5,414.05074867038843,0.8173835125448029,0.06396673188996838,0.24405014398463887,131569.3310823505,4695.388917793952,136264.72000014444,325,0,159.7741935483871,30,1,15,32.894995414646914,0.6503472222222222,43.51478494623655,1025.9408602150531,34.198028673835104,0
327,4,0,0,30,0.0,0.0,1.0,30,1000,900,100,0.9,11,9,2,424.2518105691369,0.8110632183908046,0.06665312203711204,0.24918465532473658,131434.91753472228,5152.300347222227,136587.2178819445,326,2,166.1,29,1,19,32.76996139780577,0.6519396551724138,43.645833333333336,1025.416666666667,35.35919540229886,0
328,4,0,0,30,0.0,0.0,1.0,30,1000,900,100,0.9,11,9,2,421.9818845809877,0.808572796934866,0.06302513424484424,0.24877734887468136,131577.3750964507,5104.653742283963,136682.02883873467,327,3,167.1,29,1,16,32.68340214791751,0.6533764367816092,43.50694444444445,1025.9722222222229,35.37835249042148,0
329,4,2,3,29,0.0625,0.09375,0.90625,32,700,500,200,0.7142857142857143,9,5,4,399.59281914584284,0.820270497311828,0.04173131728942381,0.23881796420563423,132096.66146172408,4156.975470648861,136253.63693237296,328,0,157.59375,31,1,16,32.73181866160018,0.6528897849462366,43.00130208333333,1027.9947916666658,33.16112231182793,0
330,4,2,2,29,0.06451612903225806,0.06451612903225806,0.935483870967742,31,350,300,50,0.8571428571428571,4,3,1,410.74349367946803,0.8193548387096774,0.04539179553427819,0.24386099729641147,131845.26616155045,4630.917049658913,136476.18321120937,329,0,163.48387096774192,30,1,16,32.69996291933865,0.653125,43.24596774193548,1027.0161290322578,34.23387096774193,0
331,4,1,1,29,0.03333333333333333,0.03333333333333333,0.9666666666666667,30,700,500,200,0.7142857142857143,9,5,4,420.8530595038,0.8127873563218391,0.05425968520272395,0.24904123000741282,131719.90981867287,5086.945408950621,136806.85522762348,330,0,169.9,29,1,16,32.567621656970196,0.6548132183908046,43.36805555555556,1026.5277777777778,35.39750957854406,0
332,4,0,1,28,0.0,0.034482758620689655,0.9655172413793104,29,500,400,100,0.8,6,4,2,431.3133089832444,0.8027504105090312,0.06599136723993104,0.25458178948415977,131622.8303771966,5554.135701545802,137176.9660787424,331,10,176.75862068965517,28,1,18,32.397846074862315,0.6569940476190474,43.46264367816093,1026.1494252873574,36.648193760262764,0
333,4,0,0,28,0.0,0.0,1.0,28,950,600,350,0.631578947368421,13,6,7,443.24187031760187,0.7941468253968254,0.0794024994300635,0.26091086354391396,131518.8564032385,6058.932778840717,137577.7891820792,332,15,183.71428571428572,27,1,19,32.19767034189274,0.6593364197530863,43.5639880952381,1025.7440476190484,37.99052028218698,0
334,4,0,0,28,0.0,0.0,1.0,28,650,400,250,0.6153846153846154,9,4,5,440.02777762824263,0.7933201058201058,0.06956413655949611,0.2597972221339353,131633.36167800467,5984.467120181427,137617.8287981861,333,16,184.71428571428572,27,1,18,32.16357308584688,0.6604938271604937,43.45238095238096,1026.1904761904773,38.00705467372138,0
335,4,1,1,28,0.034482758620689655,0.034482758620689655,0.9655172413793104,29,450,300,150,0.6666666666666666,6,3,3,430.8801634399146,0.8022372742200328,0.05262370912739178,0.2560567155803781,131880.96852705107,5564.9786547099975,137445.94718176106,334,0,179.31034482758622,28,1,18,32.14668718235651,0.6595982142857142,43.21120689655172,1027.1551724137928,36.6841133004926,0
336,4,0,0,28,0.0,0.0,1.0,28,900,700,200,0.7777777777777778,11,7,4,438.8826944361015,0.7917768959435626,0.05918574326282244,0.26068574500843117,131862.5217013888,5974.4357638888705,137836.95746527766,335,18,186.71428571428572,27,1,18,31.95993914807302,0.6628086419753088,43.22916666666666,1027.0833333333323,38.040123456790084,0
337,4,0,0,28,0.0,0.0,1.0,28,450,300,150,0.6666666666666666,6,3,3,438.48504038988636,0.790950176366843,0.06286604167960075,0.26071164804576963,131900.7344148597,5967.299771471087,137868.0341863308,336,19,187.71428571428572,27,1,18,31.93131609445168,0.6631944444444444,43.191964285714285,1027.232142857143,38.045634920634924,0
338,4,0,0,28,0.0,0.0,1.0,28,700,500,200,0.7142857142857143,9,5,4,434.5902181199712,0.7899029982363315,0.05536593438417947,0.259177896920252,132015.4057716836,5874.520797902485,137889.9265695861,337,20,188.71428571428572,27,1,19,31.914880779998075,0.6643518518518519,43.08035714285714,1027.6785714285709,38.06216931216929,0
339,4,1,1,28,0.034482758620689655,0.034482758620689655,0.9655172413793104,29,700,400,300,0.5714285714285714,10,4,6,423.9325953719779,0.7979269293924466,0.049039577404427215,0.2548934773684916,132324.07940695604,5419.298082639716,137743.37748959576,338,0,183.17241379310346,28,1,19,31.87578550481776,0.6640625,42.7801724137931,1028.8793103448277,36.74568965517242,0
340,4,1,1,28,0.034482758620689655,0.034482758620689655,0.9655172413793104,29,1200,1000,200,0.8333333333333334,14,10,4,424.23365976853694,0.7954638752052545,0.05142571093012949,0.25582575240587524,132434.97324613552,5436.674676311262,137871.64792244678,339,0,184.13793103448276,28,1,19,31.7557114275079,0.6651785714285714,42.672413793103445,1029.3103448275858,36.76108374384235,0
341,4,0,0,28,0.0,0.0,1.0,28,500,300,200,0.6,7,3,4,439.10230703273345,0.7844466490299823,0.06981153520282701,0.2637284316696165,132283.16603334039,6017.168677366779,138300.33471070716,340,23,191.71428571428572,27,1,19,31.527104730218436,0.6670524691358024,42.819940476190474,1028.7202380952378,38.100749559082885,0
342,4,0,0,28,0.0,0.0,1.0,28,1000,800,200,0.8,12,8,4,438.4598993591111,0.7825176366843033,0.07301908617698105,0.26414535400414724,132398.00347222216,6010.243055555546,138408.2465277777,341,24,192.71428571428572,27,1,19,31.427125506072883,0.6682098765432098,42.70833333333333,1029.166666666666,38.117283950617264,0
343,4,0,0,28,0.0,0.0,1.0,28,900,700,200,0.7777777777777778,11,7,4,429.57184924198094,0.7825176366843033,0.08269408409976298,0.24684766845779066,130592.80659598343,5619.798685427377,136212.6052814108,342,25,193.71428571428572,28,0,17,33.49147221441289,0.6465773809523812,44.46839080459769,1022.1264367816077,36.50451559934313,3
344,4,0,0,28,0.0,0.0,1.0,28,550,400,150,0.7272727272727273,7,4,3,426.8026419020736,0.781084656084656,0.07975989721352272,0.24572229771643633,130666.24554102246,5553.739760866675,136219.98530188913,343,26,194.71428571428572,28,0,17,33.487329023796136,0.6473214285714286,44.39655172413792,1022.4137931034472,36.51477832512312,0
345,4,0,0,28,0.0,0.0,1.0,28,1000,800,200,0.8,12,8,4,429.09433783613196,0.7828483245149911,0.07942415730337049,0.24798309134685523,130813.18536134217,5626.239430572049,136439.4247919142,344,27,195.71428571428572,28,0,17,33.27890917602996,0.648809523809524,44.25287356321838,1022.9885057471253,36.535303776683044,0
346,4,0,0,28,0.0,0.0,1.0,28,450,300,150,0.6666666666666666,6,3,3,431.79287727312584,0.7834545855379188,0.07926755872971247,0.24978042884337331,130849.93321855576,5700.013831087294,136549.94704964306,345,28,196.71428571428572,28,0,17,33.17242428497868,0.6491815476190477,44.21695402298849,1023.1321839080443,36.54043513957301,0
347,4,1,0,29,0.034482758620689655,0.0,1.0,29,750,400,350,0.5333333333333333,11,4,7,419.100199650094,0.7879720853858785,0.03569624197896881,0.22892212102054132,128601.97000385802,4979.422260802461,133581.39226466048,346,0,190.89655172413794,29,0,17,35.79621959012277,0.6232040229885057,46.42361111111111,1014.3055555555555,34.97605363984674,8
348,4,0,0,29,0.0,0.0,1.0,29,850,500,350,0.5882352941176471,12,5,7,416.96938395698163,0.7887931034482758,0.037097520224284475,0.2283641918433064,128707.64853395057,4933.429783950614,133641.07831790118,347,1,191.89655172413794,29,0,18,35.74174194725796,0.6242816091954023,46.31944444444444,1014.722222222222,34.99042145593869,0
349,4,2,0,31,0.06451612903225806,0.0,1.0,31,1000,900,100,0.9,11,9,2,397.00336829761096,0.8094086021505377,0.028442686196856082,0.22072920557737105,129303.89577190988,4067.7616471396577,133371.65741904953,348,0,180.4516129032258,30,1,20,35.63802255407249,0.6274305555555557,45.73252688172042,1017.069892473117,33.9023297491039,0
350,4,2,3,30,0.06060606060606061,0.09090909090909091,0.9090909090909091,33,1200,1000,200,0.8333333333333334,14,10,4,376.2723104164085,0.831439393939394,0.021836504056798933,0.21192559786258428,129811.85154894905,3168.9210603509764,132980.77260930004,349,0,170.45454545454547,32,1,17,35.6474311320365,0.6272786458333334,45.233585858585855,1019.0656565656562,31.845801767676758,0
351,4,0,0,30,0.0,0.0,1.0,30,800,600,200,0.75,10,6,4,413.51456180370076,0.7978927203065135,0.06513921379753196,0.21886455357811319,127337.21305941363,4531.158371913586,131868.37143132722,350,2,188.46666666666667,29,1,17,37.2395474978212,0.6102729885057471,47.673611111111114,1009.3055555555559,34.80363984674331,3
352,4,1,0,31,0.03225806451612903,0.0,1.0,31,600,500,100,0.8333333333333334,7,5,2,399.98185464513574,0.8061827956989247,0.06848780404115762,0.21380693168344453,127736.59030306968,4018.4636590935283,131755.05396216322,351,0,183.3548387096774,30,1,20,37.16981341133714,0.6114583333333334,47.27822580645161,1010.8870967741932,33.69623655913977,0
353,4,0,0,31,0.0,0.0,1.0,31,1000,600,400,0.6,14,6,8,395.34062058157645,0.8052867383512545,0.05950125586140098,0.2122206498214654,127906.48666030762,3913.3259625390347,131819.81262284666,352,1,184.3548387096774,30,1,20,37.11245460182478,0.6131944444444444,47.11021505376345,1011.5591397849469,33.71863799283156,0
354,4,1,0,32,0.03125,0.0,1.0,32,600,400,200,0.6666666666666666,8,4,4,391.6223673886641,0.8167842741935485,0.08204780403236134,0.21340541461550244,128507.33651055244,3665.2694702148633,132172.60598076732,353,0,179.5625,31,1,16,36.5899629724755,0.6165994623655913,46.51692708333334,1013.9322916666679,32.70749327956993,0
355,4,2,1,33,0.058823529411764705,0.029411764705882353,0.9705882352941176,34,700,400,300,0.5714285714285714,10,4,6,375.8069437119914,0.828579916815211,0.09284584447549649,0.20790973877275162,129107.96215698306,2903.9337334198603,132011.89589040293,354,0,169.94117647058823,33,1,17,36.37693938663129,0.6177398989898989,45.92524509803923,1016.2990196078446,30.796939988116502,0
356,4,1,2,32,0.029411764705882353,0.058823529411764705,0.9411764705882353,34,650,400,250,0.6153846153846154,9,4,5,379.2663262563824,0.8318850267379679,0.0872709739633557,0.21032041728763037,129201.38888888895,3000.3810133121924,132201.76990220114,355,0,170.91176470588235,32,2,17,36.193647540983605,0.62109375,45.833333333333336,1016.6666666666672,31.77083333333335,0
357,4,1,1,32,0.030303030303030304,0.030303030303030304,0.9696969696969697,33,700,400,300,0.5714285714285714,10,4,6,390.7898615022571,0.8271780303030304,0.09473367212497652,0.21635889856211601,129137.21335833071,3493.1027446178905,132630.3161029486,356,0,176.84848484848484,32,1,18,35.96635610766047,0.6204427083333334,45.89646464646464,1016.4141414141409,31.762941919191903,0
358,4,1,1,32,0.030303030303030304,0.030303030303030304,0.9696969696969697,33,900,400,500,0.4444444444444444,14,4,10,389.40010445458404,0.8226799242424243,0.09120643774723991,0.21576464149785654,129169.29913082848,3459.707714774003,132629.00684560247,357,0,177.8181818181818,32,1,18,35.96887550200804,0.6207682291666667,45.86489898989899,1016.540404040404,31.766887626262626,0
359,4,2,1,33,0.058823529411764705,0.029411764705882353,0.9705882352941176,34,1000,800,200,0.8,12,8,4,377.1419049390591,0.8329248366013072,0.08624387254901977,0.2111994667658729,129586.776859504,2974.5247615039116,132561.3016210079,358,0,173.52941176470588,32,2,18,35.85456969246034,0.625,45.454545454545446,1018.181818181817,31.81818181818178,0
360,4,1,1,33,0.029411764705882353,0.029411764705882353,0.9705882352941176,34,800,400,400,0.5,12,4,8,375.20601334223824,0.8335561497326204,0.08701025966355336,0.21063235279275108,129683.2135273185,2931.5843089990667,132614.79783631756,359,0,174.5,32,2,18,35.80559687616215,0.6259765625,45.35984848484848,1018.5606060606049,31.830018939393902,0
361,4,0,0,33,0.0,0.0,1.0,33,550,500,50,0.9090909090909091,6,5,1,384.79091164152464,0.8244160353535355,0.09943145484774885,0.21536722534896777,129565.68611992724,3371.1396959092835,132936.82581583652,360,2,180.78787878787878,31,2,18,35.68137975870743,0.6273521505376344,45.475260416666664,1018.0989583333328,32.84190188172041,0
362,4,0,0,33,0.0,0.0,1.0,33,750,600,150,0.8,9,6,3,389.25891356612306,0.8235479797979799,0.09971321420692725,0.2141916308807034,128894.11212640183,3448.411705960062,132342.52383236188,361,3,181.78787878787878,30,3,17,36.25386057798369,0.623263888888889,46.13575268817204,1015.4569892473113,33.84856630824371,4
363,4,1,0,34,0.029411764705882353,0.0,1.0,34,1050,800,250,0.7619047619047619,13,8,5,384.02037831468425,0.8318478906714202,0.11840458467821624,0.2103866244386584,128720.46100206621,3086.2560261708104,131806.717028237,362,0,177.41176470588235,32,2,18,36.56448301605075,0.6162109375,46.30681818181819,1014.772727272728,31.71164772727275,1
364,4,0,0,34,0.0,0.0,1.0,34,950,500,450,0.5263157894736842,14,5,9,386.3993442534132,0.8318107546048723,0.12555407639305427,0.21254606884308824,128880.67065860632,3159.8813258851224,132040.55198449144,363,1,178.41176470588235,32,2,18,36.340203514880216,0.6178385416666666,46.1489898989899,1015.4040404040409,31.731376262626277,0
365,4,4,2,36,0.10526315789473684,0.05263157894736842,0.9473684210526316,38,950,800,150,0.8421052631578947,11,8,3,348.8567897811663,0.8442093409198672,0.12672499600624265,0.19737828674144436,129989.29280045339,1470.326590997573,131459.61939145095,364,0,160.52631578947367,34,4,18,36.16575219861469,0.6243872549019608,45.0595238095238,1019.7619047619037,29.99299719887952,0
366,4,1,0,37,0.02702702702702703,0.0,1.0,37,1050,800,250,0.7619047619047619,13,8,5,358.50077703993634,0.8431556556556556,0.14313508316632917,0.2027929956321759,129981.25908604857,1919.6764765955313,131900.9355626441,365,0,165.83783783783784,33,4,19,35.928048511797456,0.6265782828282829,45.06740196078431,1019.7303921568622,30.90092097445037,0
367,4,2,2,37,0.05128205128205128,0.05128205128205128,0.9487179487179487,39,600,200,400,0.3333333333333333,10,2,8,342.3682035424037,0.849246513720198,0.13597721860162149,0.19598809570362677,130444.94224773235,1132.3442275194311,131577.28647525178,366,0,158.28205128205127,34,5,20,35.869459658936414,0.6289828431372548,44.613095238095234,1021.5476190476185,30.045518207282896,0
368,4,1,1,37,0.02631578947368421,0.02631578947368421,0.9736842105263158,38,450,300,150,0.6666666666666666,6,3,3,351.34908336451076,0.844950213371266,0.15174606984279393,0.20067113856589916,130356.43029423783,1560.1224589100407,131916.55275314787,367,0,163.31578947368422,33,5,21,35.729804192167684,0.6303661616161615,44.69975490196079,1021.2009803921571,30.945484254307793,0
369,4,0,0,37,0.0,0.0,1.0,37,1000,700,300,0.7,13,7,6,361.3494377342773,0.8384634634634635,0.15863210148924423,0.2058851447555767,130262.58680555563,2014.0625000000086,132276.64930555565,368,1,168.48648648648648,32,5,21,35.56972789115646,0.6318359375,44.79166666666667,1020.833333333334,31.90104166666669,0
370,4,0,0,37,0.0,0.0,1.0,37,1150,800,350,0.6956521739130435,15,8,7,368.23106430353425,0.8382132132132132,0.13143576313849148,0.1986952392663231,128114.39909297039,2035.1403061224341,130149.53939909283,369,2,169.48648648648648,34,3,20,37.58500901536532,0.6053921568627452,46.9047619047619,1012.3809523809513,29.775910364145627,6
371,4,3,3,37,0.075,0.075,0.925,40,550,400,150,0.7272727272727273,7,4,3,343.8542957666154,0.8581463675213675,0.12267532179316509,0.18849239132899842,128743.83674214738,853.8278065365236,129597.66454868391,370,0,157.7,36,4,17,37.55964269862406,0.6076388888888891,46.283783783783775,1014.8648648648634,28.19069069069065,0
372,4,1,1,37,0.02631578947368421,0.02631578947368421,0.9736842105263158,38,1150,900,250,0.782608695652174,14,9,5,358.69182126702026,0.8500177809388336,0.12727227790066853,0.19560415707762327,128536.57171201805,1621.0034013605343,130157.57511337858,371,0,166.81578947368422,34,4,18,37.39483055490335,0.6096813725490196,46.488095238095234,1014.0476190476184,29.824929971988777,0
373,4,3,2,38,0.075,0.05,0.95,40,1250,1100,150,0.88,14,11,3,343.77550182183495,0.8575320512820512,0.12247518342684538,0.19010210924133428,129089.93632656187,875.5915281624933,129965.52785472437,372,0,159.4,37,3,20,37.20912458639045,0.6092342342342343,45.94298245614034,1016.2280701754373,27.465623518255065,0
374,4,0,1,37,0.0,0.02631578947368421,0.9736842105263158,38,850,700,150,0.8235294117647058,10,7,3,359.2319196506364,0.8489509246088194,0.13483129211696432,0.19729637866347688,128819.24518014806,1655.1969468020961,130474.44212695016,373,1,168.6315789473684,35,3,20,37.092525557709116,0.6104166666666668,46.209490740740726,1015.162037037035,29.004629629629573,0
375,4,1,2,36,0.02631578947368421,0.05263157894736842,0.9473684210526316,38,750,500,250,0.6666666666666666,10,5,5,349.37086148791735,0.8542555713608345,0.1372103097249302,0.18866026520347481,128144.5312499996,1355.1250107166907,129499.65626071629,374,0,168.1315789473684,33,5,20,38.0315500685871,0.6079545454545456,46.87499999999998,1012.4999999999968,30.681818181818084,8
376,4,2,1,37,0.05263157894736842,0.02631578947368421,0.9736842105263158,38,1000,700,300,0.7,13,7,6,346.7704999620924,0.8560633001422475,0.16415161559162028,0.18886322226375152,128485.98082768625,1311.0295619473002,129797.01038963355,375,0,168.92105263157896,33,5,19,37.748675409968165,0.6114267676767678,46.53799019607842,1013.8480392156845,30.72266785502074,0
377,4,1,1,37,0.02631578947368421,0.02631578947368421,0.9736842105263158,38,1250,900,350,0.72,16,9,7,346.5085487772849,0.8551149834044571,0.15700817367988562,0.18910354433271528,128566.75347222204,1309.8958333333087,129876.64930555536,376,0,169.89473684210526,34,4,19,37.67289783620924,0.6099877450980393,46.45833333333332,1014.1666666666652,29.828431372548977,0
378,4,2,2,37,0.05128205128205128,0.05128205128205128,0.9487179487179487,39,1050,800,250,0.7619047619047619,13,8,5,338.90535592888637,0.8577372919478183,0.149006128944577,0.18640856975323608,128877.9996811769,935.4888706704169,129813.48855184732,377,0,166.48717948717947,35,4,19,37.54856282533532,0.6110119047619048,46.15162037037036,1015.3935185185167,29.011243386243333,0
379,4,1,1,37,0.02631578947368421,0.02631578947368421,0.9736842105263158,38,850,600,250,0.7058823529411765,11,6,5,348.834289350797,0.8510253674727359,0.15682975767865437,0.1912419496280092,128747.91843820858,1382.3377267573699,130130.25616496595,378,0,171.8421052631579,34,4,19,37.42913000977518,0.6118259803921569,46.279761904761905,1014.8809523809521,29.849439775910355,0
380,4,0,0,37,0.0,0.0,1.0,37,1100,700,400,0.6363636363636364,15,7,8,357.5000959731432,0.8464089089089089,0.1641474847295077,0.19554658651367923,128657.3200113378,1799.000850340124,130456.32086167792,379,4,177.48648648648648,34,3,20,37.30173863725259,0.6109068627450981,46.36904761904761,1014.523809523809,29.838935574229676,0
381,4,1,1,37,0.02631578947368421,0.02631578947368421,0.9736842105263158,38,550,300,250,0.5454545454545454,8,3,5,350.9566180494007,0.8513513513513513,0.1641632574712364,0.19318026140310174,128907.3819551612,1448.179762517143,130355.56171767834,380,0,173.78947368421052,35,3,20,37.212692804498126,0.6113095238095239,46.12268518518518,1015.5092592592594,29.014550264550266,0
382,4,0,0,37,0.0,0.0,1.0,37,1150,700,450,0.6086956521739131,16,7,9,360.42370615904775,0.8459084084084084,0.16826677739073648,0.19789651915120426,128808.33510487541,1885.1155045351622,130693.45060941057,381,6,179.48648648648648,34,3,20,37.07341386185059,0.612438725490196,46.2202380952381,1015.1190476190486,29.85644257703084,0
383,4,1,0,38,0.02631578947368421,0.0,1.0,38,1000,800,200,0.8,12,8,4,351.0394571700328,0.8560336652441916,0.16777739155449534,0.19437758593109897,129142.5607103053,1466.826881858723,130609.38759216403,382,0,175.73684210526315,35,3,21,36.970982312305466,0.613690476190476,45.89120370370371,1016.4351851851859,29.041005291005312,0
384,4,0,0,38,0.0,0.0,1.0,38,1150,900,250,0.782608695652174,14,9,5,349.36844934157466,0.8560633001422475,0.16436583261432247,0.19374068554396434,129201.38888888905,1427.7911736968642,130629.18006258592,383,1,176.73684210526315,34,4,21,36.9535519125683,0.6164215686274509,45.83333333333334,1016.666666666668,29.901960784313765,0
385,4,5,4,39,0.11627906976744186,0.09302325581395349,0.9069767441860466,43,1000,900,100,0.9,11,9,2,312.629330719,0.8791528239202657,0.1478252408290357,0.17875217713359093,130398.9517130543,-446.6925998977256,129952.25911315657,384,0,157.06976744186048,38,5,20,36.67538354253834,0.6206140350877192,44.65811965811966,1021.3675213675215,26.878092667566353,0
386,4,0,0,39,0.0,0.0,1.0,39,1000,600,400,0.6,14,6,8,343.27883589013163,0.8536887089518669,0.18049030264375343,0.19377038046982203,129898.25857426319,1118.2645975056867,131016.52317176887,385,1,174.12820512820514,34,5,21,36.40030752462142,0.6234681372549018,45.14880952380953,1019.4047619047631,29.982492997198914,0
387,4,0,1,38,0.0,0.02564102564102564,0.9743589743589743,39,1050,800,250,0.7619047619047619,13,8,5,343.8483644513499,0.8530139451192084,0.17439848656285717,0.19454458982102138,129989.29280045355,1139.321145124717,131128.61394557825,386,2,175.12820512820514,34,5,21,36.29343723246944,0.6243872549019608,45.05952380952381,1019.7619047619049,29.992997198879557,0
388,4,0,0,38,0.0,0.0,1.0,38,1200,1000,200,0.8333333333333334,14,10,4,349.91900448200033,0.8493361782835467,0.18562718982026083,0.19809700376185083,130012.50270328723,1498.7691032295315,131511.27180651677,387,3,180.18421052631578,33,5,21,36.115116558519595,0.6268939393939394,45.036764705882355,1019.8529411764708,30.904634581105178,0
389,4,1,1,38,0.02564102564102564,0.02564102564102564,0.9743589743589743,39,650,500,150,0.7692307692307693,8,5,3,339.69179508538093,0.8520580296896086,0.17519623233908943,0.19354532510678696,130262.58680555565,1049.826388888899,131312.41319444455,388,0,176.53846153846155,35,4,22,36.12244897959183,0.625,44.79166666666667,1020.8333333333342,29.16666666666669,0
390,4,0,0,38,0.0,0.0,1.0,38,850,400,450,0.47058823529411764,13,4,9,346.59822098468044,0.8463134186818397,0.18624851141148846,0.19732623816219455,130232.20663265303,1427.6502267573653,131659.85685941039,389,5,182.18421052631578,34,4,22,35.97698468237307,0.6268382352941178,44.82142857142857,1020.7142857142854,30.021008403361336,0
391,4,0,0,38,0.0,0.0,1.0,38,650,400,250,0.6153846153846154,9,4,5,349.10151463995345,0.8450094831673779,0.19119452081696764,0.19906214026278185,130292.97052154188,1497.0946712018078,131790.0651927437,390,6,183.18421052631578,34,4,22,35.8515041977612,0.6274509803921569,44.76190476190476,1020.9523809523804,30.028011204481775,0
392,4,3,3,38,0.07317073170731707,0.07317073170731707,0.926829268292683,41,900,400,500,0.4444444444444444,14,4,10,325.69651888914166,0.8607215447154472,0.16518039162389098,0.18854838177875102,130878.94833025527,325.3635734071844,131204.31190366246,391,0,170.70731707317074,37,4,18,35.856908129732815,0.6272522522522523,44.18859649122806,1023.2456140350862,27.65528686581314,0
393,4,0,0,38,0.0,0.0,1.0,38,900,500,400,0.5555555555555556,13,5,8,346.7278667371615,0.8430832147937412,0.18595203492828594,0.1987952758988013,130505.75573979583,1449.9964569160884,131955.75219671192,392,8,185.18421052631578,34,4,18,35.696531904151605,0.6295955882352942,44.55357142857142,1021.7857142857135,30.05252100840334,0
394,4,0,0,38,0.0,0.0,1.0,38,1100,700,400,0.6363636363636364,15,7,8,349.3645010330794,0.8412458511142722,0.192504321600647,0.2007793578226251,130597.00255102033,1525.1913265305989,132122.19387755092,393,9,186.18421052631578,34,4,18,35.536774982529685,0.630514705882353,44.46428571428571,1022.1428571428565,30.063025210084017,0
395,4,1,0,39,0.02564102564102564,0.0,1.0,39,650,500,150,0.7692307692307693,8,5,3,355.83094259993896,0.8410931174089069,0.18284309000791588,0.19659155727406297,129054.34355977783,1408.9726932117878,130463.31625298962,394,0,182.3846153846154,35,4,22,36.93912081862018,0.612797619047619,45.97800925925925,1016.0879629629619,29.031084656084627,6
396,4,1,0,40,0.025,0.0,1.0,40,1100,700,400,0.6363636363636364,15,7,8,346.9254810811783,0.8473023504273505,0.180109446330329,0.1928291727310674,129292.1786422902,971.1177040903701,130263.29634638056,395,0,178.8,34,6,23,36.9232607592961,0.6173406862745099,45.74404761904761,1017.0238095238091,29.912464985994383,0
397,4,0,1,39,0.0,0.025,0.975,40,850,600,250,0.7058823529411765,11,6,5,346.4827779007328,0.8468482905982906,0.18414675767918087,0.1930027641158072,129377.9538001542,965.4465663580096,130343.4003665122,396,1,179.8,35,5,23,36.847269624573364,0.6160714285714286,45.659722222222214,1017.3611111111102,29.06746031746029,0
398,4,2,1,40,0.04878048780487805,0.024390243902439025,0.975609756097561,41,1150,700,450,0.6086956521739131,16,7,9,329.9616011988961,0.8564024390243903,0.17251827890979854,0.18625701313576992,129899.05698147474,372.34016716679,130271.39714864154,397,0,170.65853658536585,37,4,18,36.7388897852354,0.6173986486486488,45.14802631578946,1019.4078947368395,27.551564722617282,0
399,4,0,0,40,0.0,0.0,1.0,40,1100,900,200,0.8181818181818182,13,9,4,336.41590824821117,0.8505608974358975,0.17884118786313752,0.1894939061369015,129815.2376211911,734.3822137580717,130549.61983494918,398,1,175.875,37,3,19,36.65940391650527,0.6165540540540541,45.23026315789473,1019.0789473684208,27.542674253200563,0
400,4,2,0,42,0.047619047619047616,0.0,1.0,42,1000,700,300,0.7,13,7,6,324.22324155582334,0.8569008904374757,0.18115275307203227,0.18553216943083847,130430.54112803943,59.261503539558674,130489.80263157899,399,0,168.45238095238096,37,5,21,36.34741305281237,0.6227477477477477,44.627192982456144,1021.4912280701757,27.607871028923668,0
401,4,1,1,42,0.023255813953488372,0.023255813953488372,0.9767441860465116,43,1100,900,200,0.8181818181818182,13,9,4,319.3828694598103,0.8616648209671465,0.1837580987224241,0.18429488904995583,130753.8343400725,-247.89303911898168,130505.94130095352,400,0,165.51162790697674,38,5,16,36.144625509244754,0.6241776315789472,44.310897435897445,1022.7564102564118,26.91464237516873,0
402,4,1,0,43,0.023255813953488372,0.0,1.0,43,1400,900,500,0.6428571428571429,19,9,10,325.651676893028,0.8629568106312292,0.18971898041665458,0.18915512296126974,131008.00781250026,-67.4045138888597,130940.6032986114,401,0,166.46511627906978,39,4,19,35.72785239451906,0.6249999999999998,44.062500000000014,1023.750000000002,26.250000000000053,0
403,4,0,3,40,0.0,0.06976744186046512,0.9302325581395349,43,1100,700,400,0.6363636363636364,15,7,8,324.42180629608686,0.863095238095238,0.18277357624946178,0.18922681157270016,131168.0175781253,-89.24696180552547,131078.77061631976,402,1,167.46511627906978,39,4,20,35.59801030438614,0.6266025641025641,43.906250000000014,1024.3750000000023,26.2660256410257,0
404,4,2,2,40,0.047619047619047616,0.047619047619047616,0.9523809523809523,42,1150,800,350,0.6956521739130435,15,8,7,324.184709840483,0.8659504452187379,0.16869237529231285,0.1894732207239536,131246.00643080237,109.58970249838464,131355.59613330074,403,0,164.97619047619048,38,4,20,35.52549264935878,0.629111842105263,43.83012820512822,1024.6794871794893,26.96524966261814,0
405,4,1,0,41,0.024390243902439025,0.0,1.0,41,900,500,400,0.5555555555555556,13,5,8,335.11798532619457,0.8558943089430894,0.17826690462026518,0.19628339140534265,131328.12500000015,602.083333333348,131930.2083333335,404,0,169.97560975609755,37,4,22,35.16260162601626,0.6317567567567567,43.75000000000001,1025.0000000000011,27.702702702702734,0
406,4,0,1,40,0.0,0.024390243902439025,0.975609756097561,41,1000,700,300,0.7,13,7,6,335.05792529695486,0.8563516260162601,0.1758366420873514,0.19655252332982942,131387.44882758908,604.4812028463584,131991.93003043544,405,1,170.97560975609755,35,6,22,35.104331301271934,0.6363095238095238,43.692129629629626,1025.2314814814808,29.292328042328023,0
407,4,0,0,40,0.0,0.0,1.0,40,1450,1200,250,0.8275862068965517,17,12,5,336.9610903309047,0.8553952991452991,0.171502707581227,0.19859196174821417,131565.5006858711,866.4909122085069,132431.99159807962,406,2,171.025,35,5,17,34.87609055354992,0.638095238095238,43.51851851851852,1025.9259259259263,29.312169312169324,0
408,4,1,1,40,0.024390243902439025,0.024390243902439025,0.975609756097561,41,1100,700,400,0.6363636363636364,15,7,8,326.5676158421775,0.8578252032520325,0.16868358992732624,0.19419490167616335,131905.89871966577,415.2389720802063,132321.13769174597,407,0,167.82926829268294,36,5,17,34.80025396477381,0.6394675925925926,43.186936936936945,1027.2522522522536,28.534784784784822,0
409,4,0,1,39,0.0,0.025,0.975,40,1200,900,300,0.75,15,9,6,345.49522450168377,0.8536057692307693,0.14175203846958007,0.198379790971375,130562.68376981521,1048.0108315942996,131610.69460140952,408,4,173.025,38,2,18,35.670386438079305,0.6222587719298245,44.49786324786325,1022.0085470085472,26.89496176338282,8
410,4,0,0,39,0.0,0.0,1.0,39,850,500,350,0.5882352941176471,12,5,7,354.16299857640985,0.846097615834458,0.1525092223515141,0.20339823226929848,130570.58572108716,1448.6540329716725,132019.23975405883,409,5,178.28205128205127,37,2,18,35.44091746236096,0.6241554054054055,44.49013157894736,1022.0394736842098,27.622688477951616,0
411,4,0,0,39,0.0,0.0,1.0,39,1100,1000,100,0.9090909090909091,12,10,2,353.9294768030036,0.8447480881691408,0.14502603694111382,0.2040016255046234,130710.70545744828,1452.474319021222,132163.1797764695,410,6,179.28205128205127,37,2,18,35.30497176352849,0.6255630630630631,44.35307017543859,1022.5877192982442,27.637505926979575,0
412,4,0,1,38,0.0,0.02564102564102564,0.9743589743589743,39,1100,700,400,0.6363636363636364,15,7,8,354.79907379052474,0.8432860998650472,0.14360733040403018,0.20524675496214415,130850.90033712289,1485.1556488534875,132336.0559859764,411,7,180.28205128205127,37,2,18,35.14081645411354,0.6269707207207207,44.21600877192982,1023.1359649122801,27.65232337600757,0
413,4,0,0,38,0.0,0.0,1.0,38,700,500,200,0.7142857142857143,9,5,4,362.29550323774447,0.8414532954006638,0.14741710033727773,0.20904496571824627,130751.61944038633,1874.144752860966,132625.7641932473,412,8,185.07894736842104,36,2,18,35.04964031417455,0.6278935185185186,44.31306306306306,1022.7477477477478,28.40965965965966,0
414,4,0,0,38,0.0,0.0,1.0,38,1050,700,350,0.6666666666666666,14,7,7,360.13962848393186,0.8400308202939782,0.14537967939214202,0.20873398875395216,130924.43795146483,1830.2156886616162,132754.65364012646,413,9,186.07894736842104,36,2,18,34.929760856807505,0.6296296296296298,44.144144144144136,1023.4234234234223,28.428428428428397,0
415,4,2,0,40,0.05,0.0,1.0,40,1000,800,200,0.8,12,8,4,347.1092534513565,0.846474358974359,0.1499438562720563,0.2037550928451745,131412.4312889541,1123.5155822127472,132535.94687116685,414,0,177.725,37,3,20,34.77023402131678,0.6326013513513514,43.667763157894726,1025.3289473684197,27.71159317211945,0
416,4,0,1,39,0.0,0.025,0.975,40,1150,900,250,0.782608695652174,14,9,5,350.16590442450183,0.8471955128205129,0.15533347584437807,0.20630681371509055,131553.00188519532,1213.075176977518,132766.07706217284,415,1,178.725,37,3,20,34.550021376656694,0.6340090090090091,43.53070175438596,1025.8771929824552,27.726410621147437,0
417,4,1,0,40,0.025,0.0,1.0,40,1150,800,350,0.6956521739130435,15,8,7,366.9981834791432,0.8465811965811966,0.22808279831746692,0.20440577000928414,129373.18019032579,1498.649583433695,130871.82977375948,416,0,179.325,36,4,19,36.33034462401299,0.6140046296296295,45.66441441441443,1017.342342342345,28.259509509509584,4
418,4,1,4,37,0.024390243902439025,0.0975609756097561,0.9024390243902439,41,550,300,250,0.5454545454545454,8,3,5,339.2487340833078,0.8504573170731707,0.18968555573355905,0.19013898572309454,129619.76431450043,597.7149456989794,130217.47926019941,417,0,175.9268292682927,37,4,14,36.78562775923333,0.6145833333333335,45.42214912280701,1018.3114035087705,27.521929824561365,3
419,4,2,2,37,0.05128205128205128,0.05128205128205128,0.9487179487179487,39,1000,800,200,0.8,12,8,4,347.2274966298561,0.8504835807467387,0.18788064313931363,0.19414277386265594,129525.18332315215,1194.9410311642391,130720.12435431639,418,0,178.02564102564102,35,4,14,36.67862895584614,0.617559523809524,45.51504629629628,1017.9398148148125,29.08399470899464,0
420,4,1,0,38,0.02631578947368421,0.0,1.0,38,1100,600,500,0.5454545454545454,16,6,10,358.6015228786543,0.8459874348032242,0.20792149240695545,0.20148084249984496,129716.28578514708,1703.291524943274,131419.57731009036,419,0,183.68421052631578,34,4,16,36.194782049783804,0.6216299019607845,45.327380952380935,1018.6904761904736,29.96148459383746,0
421,4,1,0,39,0.02564102564102564,0.0,1.0,39,1250,900,350,0.72,16,9,7,351.6704490433171,0.8489091318038687,0.21524966261808398,0.19976331693079108,130144.46159122055,1353.5922496570304,131498.05384087758,420,0,179.94871794871796,35,4,19,35.93655474894132,0.623809523809524,44.90740740740739,1020.3703703703679,29.153439153439084,0
422,4,2,1,40,0.04878048780487805,0.024390243902439025,0.975609756097561,41,1200,700,500,0.5833333333333334,17,7,10,340.1118957610912,0.8602642276422764,0.20899199020938397,0.1961795703007851,130738.73842191815,693.1600348183914,131431.89845673656,421,0,172.1219512195122,37,4,15,35.62986937564777,0.6258445945945947,44.325657894736835,1022.6973684210516,27.640469416785177,0
423,4,0,0,40,0.0,0.0,1.0,40,1200,1000,200,0.8333333333333334,14,10,4,345.30263248475893,0.8556891025641026,0.21459916308776528,0.19909163210121253,130722.82745160707,1027.7872889781693,131750.61474058524,422,1,177.425,36,4,16,35.51325111037697,0.6276041666666666,44.34121621621622,1022.6351351351356,28.40653153153154,0
424,4,0,0,40,0.0,0.0,1.0,40,1200,1000,200,0.8333333333333334,14,10,4,342.22924287068196,0.8554754273504274,0.20457521734345785,0.19820504333753247,130895.62694028475,959.26226057137,131854.88920085612,423,2,178.425,36,4,16,35.417125197168126,0.6293402777777779,44.17229729729729,1023.3108108108098,28.42530030030027,0
425,4,0,1,39,0.0,0.025,0.975,40,1200,500,700,0.4166666666666667,19,5,14,344.46223415023866,0.8536057692307693,0.21043385021445093,0.2003963592532387,131068.54056336741,1029.6324618537453,132098.17302522116,424,3,179.425,36,4,16,35.185261556508664,0.6310763888888888,44.00337837837838,1023.9864864864865,28.44406906906907,0
426,4,0,0,39,0.0,0.0,1.0,39,550,300,250,0.5454545454545454,8,3,5,344.46223415023866,0.8491902834008097,0.21535303290499597,0.2003963592532387,131068.54056336741,1229.6324618537456,132298.17302522116,425,4,183.23076923076923,36,3,16,35.185261556508664,0.6310763888888888,44.00337837837838,1023.9864864864865,28.44406906906907,0
427,4,0,0,39,0.0,0.0,1.0,39,900,600,300,0.6666666666666666,12,6,6,348.66235427702395,0.8489653621232569,0.2170197769977873,0.20314440180330118,131126.20380092924,1343.7541849281615,132469.9579858574,426,5,184.23076923076923,36,3,16,35.019470404984425,0.6316550925925927,43.94707207207207,1024.2117117117111,28.45032532532531,0
428,4,0,0,39,0.0,0.0,1.0,39,1200,900,300,0.75,15,9,6,346.0278633146297,0.8494152046783626,0.21492922580954277,0.20221628312779788,131241.5683208546,1282.6478928252575,132524.21621367984,427,6,185.23076923076923,36,3,17,34.970417994651434,0.6328125,43.83445945945946,1024.6621621621618,28.462837837837828,0
429,4,0,0,39,0.0,0.0,1.0,39,800,700,100,0.875,9,7,2,346.35468305902543,0.8482905982905983,0.21096518657494245,0.20286488579171508,131328.12500000015,1297.2222222222367,132625.3472222224,428,7,186.23076923076923,36,3,18,34.874661246612455,0.6336805555555556,43.75000000000001,1025.0000000000011,28.472222222222253,0
430,4,0,0,39,0.0,0.0,1.0,39,950,500,450,0.5263157894736842,14,5,9,347.4073564295887,0.8476158344579398,0.21825852823216652,0.20378843897776902,131385.8453047642,1328.8818379190043,132714.7271426832,429,8,187.23076923076923,36,3,18,34.78942406268308,0.6342592592592593,43.693693693693696,1025.2252252252251,28.478478478478475,0
431,4,1,1,39,0.025,0.025,0.975,40,1000,600,400,0.6,14,6,8,341.963437796771,0.8514155982905983,0.2137713675213675,0.20206930415263755,131665.51246537405,1004.9582563865908,132670.47072176065,430,0,183.525,37,3,14,34.64699074074075,0.6351351351351351,43.42105263157895,1026.3157894736848,27.73826458036986,0
432,4,1,1,39,0.025,0.025,0.975,40,1050,700,350,0.6666666666666666,14,7,7,342.1959567401743,0.8502403846153846,0.2172041862451941,0.20280524929841748,131778.07113727316,1018.7846260387994,132796.85576331196,431,0,184.5,37,3,14,34.52762352271109,0.6362612612612611,43.31140350877194,1026.7543859649136,27.750118539592258,0
433,4,0,0,39,0.0,0.0,1.0,39,950,500,450,0.5263157894736842,14,5,9,374.367285412049,0.8441857849752586,0.27920749655899013,0.20054242628112023,127822.46823827582,1771.9648643522446,129594.43310262806,432,11,190.23076923076923,35,4,17,37.729030750448274,0.600297619047619,47.19328703703703,1011.2268518518513,28.89219576719575,8
434,4,0,1,38,0.0,0.02564102564102564,0.9743589743589743,39,800,500,300,0.625,11,5,6,376.5958417166842,0.845310391363023,0.28154955240434165,0.2020301449209393,127880.9950086805,1831.8901909722176,129712.88519965272,433,12,191.23076923076923,35,4,17,37.61264160659115,0.6008928571428571,47.135416666666664,1011.4583333333329,28.89880952380951,0
435,4,3,1,40,0.07317073170731707,0.024390243902439025,0.975609756097561,41,1050,800,250,0.7619047619047619,13,8,5,361.25284185767754,0.8542682926829268,0.2843638147639185,0.19684767405173506,128505.59937913585,1084.6025940674035,129590.20197320325,434,0,182.3658536585366,37,4,18,37.36155419775784,0.6033220720720721,46.51864035087719,1013.925438596491,27.403390232337593,0
436,4,1,1,40,0.024390243902439025,0.024390243902439025,0.975609756097561,41,1300,800,500,0.6153846153846154,18,8,10,361.346019014316,0.8578252032520325,0.28286566912361755,0.19758707848229595,128644.60699445967,1097.0433210218316,129741.6503154815,435,0,183.34146341463415,37,4,18,37.21717826776191,0.6047297297297298,46.38157894736841,1014.473684210525,27.41820768136554,0
437,4,1,1,40,0.024390243902439025,0.024390243902439025,0.975609756097561,41,1300,1100,200,0.8461538461538461,15,11,4,363.48120381070794,0.8541666666666666,0.28026645867150135,0.19931173118909404,128755.86718990435,1160.0675207755953,129915.93471067995,436,0,184.3170731707317,37,4,18,37.04939138576778,0.6058558558558559,46.27192982456139,1014.9122807017526,27.43006164058791,0
438,4,1,0,41,0.024390243902439025,0.0,1.0,41,1400,1100,300,0.7857142857142857,17,11,6,368.6650401953168,0.8523373983739837,0.293783317757625,0.20343547334184658,129006.37846500824,1312.0283404508862,130318.40680545912,437,0,185.29268292682926,37,4,19,36.66205702464473,0.6083896396396398,46.0252192982456,1015.8991228070157,27.456733048838263,0
439,4,3,1,43,0.06818181818181818,0.022727272727272728,0.9772727272727273,44,1100,1000,100,0.9090909090909091,12,10,2,350.3777540445398,0.8626013037350247,0.29230989136649566,0.19755341451447422,129853.92011834294,299.8795387770384,130153.79965711998,438,0,173.5909090909091,38,6,16,36.264412997903555,0.6151315789473686,45.19230769230768,1019.2307692307671,26.821862348178083,0
440,4,1,0,44,0.022727272727272728,0.0,1.0,44,850,500,350,0.5882352941176471,12,5,7,354.882980661584,0.8645613107822411,0.30992537174893786,0.20137450246810834,130103.13042534703,434.27734374997965,130537.40776909702,439,0,174.5681818181818,39,5,18,35.896552310938674,0.6159188034188036,44.94791666666666,1020.2083333333318,26.159188034187995,0
441,4,2,3,43,0.043478260869565216,0.06521739130434782,0.9347826086956522,46,1350,900,450,0.6666666666666666,18,9,9,337.3837634976511,0.8714371980676329,0.2845887138960108,0.19377889831501272,130574.00238160134,-389.1926760588287,130184.80970554252,440,0,167.93478260869566,40,6,13,35.866187729939355,0.6190104166666668,44.48678861788617,1022.0528455284535,25.55132113821134,0
442,4,1,0,44,0.022727272727272728,0.0,1.0,44,1200,900,300,0.75,15,9,6,349.8017605332338,0.8624251233262862,0.30266585537449364,0.2002876906717834,130453.51765103375,326.5740284169871,130780.09167945074,441,0,176.4090909090909,38,6,19,35.67092832740708,0.6211622807017543,44.60470085470086,1021.5811965811972,26.88371569950519,0
443,4,1,0,45,0.022222222222222223,0.0,1.0,45,1250,1000,250,0.8,15,10,5,344.2516656640229,0.8668350168350168,0.30626607925624105,0.19852174851444487,130729.84959556155,0.7936950558550109,130730.6432906174,442,0,173.46666666666667,40,5,15,35.53301699294445,0.6205729166666667,44.334349593495936,1022.6626016260167,25.566565040650417,0
444,4,1,1,45,0.021739130434782608,0.021739130434782608,0.9782608695652174,46,1150,900,250,0.782608695652174,14,9,5,337.39859383450533,0.8705716586151369,0.3042214357937314,0.1960559396605908,131023.2426303854,-358.58843537415805,130664.65419501124,443,0,170.67391304347825,41,5,16,35.411821705426355,0.6219512195121951,44.047619047619044,1023.8095238095231,24.97096399535422,0
445,4,0,2,43,0.0,0.044444444444444446,0.9555555555555556,45,1100,900,200,0.8181818181818182,13,9,4,340.7596674322445,0.8652777777777778,0.30614586781418973,0.19743670029014404,130911.78882444321,-78.1084754444974,130833.6803489987,444,2,175.46666666666667,40,5,16,35.43838960609071,0.6223958333333333,44.15650406504066,1023.3739837398381,25.58434959349595,0
446,4,2,2,43,0.044444444444444446,0.044444444444444446,0.9555555555555556,45,1300,900,400,0.6923076923076923,17,9,8,342.03623580313706,0.8692760942760943,0.29881136950904463,0.1987507856693903,131023.2426303854,-37.06065759638068,130986.18197278903,445,0,166.48888888888888,41,4,16,35.293120155038764,0.6219512195121951,44.047619047619044,1023.8095238095231,24.97096399535422,0
447,4,1,0,44,0.022727272727272728,0.0,1.0,44,1150,900,250,0.782608695652174,14,9,5,352.54739308706553,0.8679968287526427,0.31390889237821873,0.20481905639902562,131015.81090124954,437.8565172847123,131453.66741853426,446,0,171.25,40,4,18,35.03159949705513,0.6234374999999999,44.0548780487805,1023.7804878048803,25.594512195122007,0
448,4,0,0,44,0.0,0.0,1.0,44,950,700,250,0.7368421052631579,12,7,5,350.10833799825303,0.8667195207892883,0.31210031658984927,0.20409149442940394,131145.89659139744,383.05437818099307,131528.95096957844,447,1,172.25,40,4,19,34.96254588748885,0.6247395833333333,43.92784552845529,1024.28861788618,25.6072154471545,0
449,4,0,0,44,0.0,0.0,1.0,44,1800,1400,400,0.7777777777777778,22,14,8,345.592852425184,0.8661028893587034,0.3030580970838779,0.20228113271665613,131302.08462431442,275.41239093795946,131577.4970152524,448,2,173.25,40,4,20,34.92046769129071,0.6263020833333333,43.77540650406505,1024.8983739837415,25.622459349593537,0
450,4,2,3,43,0.043478260869565216,0.06521739130434782,0.9347826086956522,46,1100,500,600,0.45454545454545453,17,5,12,330.59525473500725,0.8734500805152979,0.2895793351421705,0.19567665077558535,131728.82080078122,-490.20764039933766,131238.61316038188,449,0,166.67391304347825,39,7,14,34.874957720277365,0.6322115384615385,43.359375,1026.5624999999998,26.32211538461538,0
451,4,1,1,43,0.022727272727272728,0.022727272727272728,0.9772727272727273,44,1850,1500,350,0.8108108108108109,22,15,7,332.81856130882113,0.8707716701902749,0.27988488783943355,0.197130994005994,131755.55555555545,-29.861111111122085,131725.69444444432,450,0,173.0,39,5,14,34.790990259740255,0.6324786324786326,43.33333333333333,1026.6666666666658,26.324786324786302,0
452,4,0,0,43,0.0,0.0,1.0,43,1100,600,500,0.5454545454545454,16,6,10,338.2583713133174,0.8629568106312292,0.2804544167164935,0.19997834912043297,131684.2689043208,308.6612654320845,131992.9301697529,451,5,178.02325581395348,38,5,14,34.72316193053676,0.6334978070175439,43.40277777777777,1026.3888888888875,27.01023391812862,0
453,4,0,0,43,0.0,0.0,1.0,43,1350,900,450,0.6666666666666666,18,9,9,350.09124225754357,0.8617109634551494,0.28763463061294936,0.20215763289346925,130781.15297866898,558.9962743808894,131340.14925304987,452,6,179.02325581395348,38,5,17,35.33180140658729,0.6244517543859649,44.284188034188034,1022.8632478632477,26.9174538911381,2
454,4,1,0,44,0.022727272727272728,0.0,1.0,44,1350,1100,250,0.8148148148148148,16,11,5,324.3564161280138,0.8689217758985202,0.2539379886555264,0.17646179336138731,128442.17985243625,-411.8382003798696,128030.34165205638,453,0,175.9318181818182,38,6,14,38.3613950955593,0.6008771929824561,46.58119658119658,1013.6752136752136,26.67566351776878,8
455,4,1,0,45,0.022222222222222223,0.0,1.0,45,1450,900,550,0.6206896551724138,20,9,11,319.85943564451446,0.8719276094276095,0.25578138187458643,0.17525706535707894,128725.26584201405,-765.2018229166493,127960.06401909741,454,0,173.0,39,6,15,38.187316088414434,0.6020299145299145,46.30208333333334,1014.791666666668,26.02029914529918,0
456,4,1,0,46,0.021739130434782608,0.0,1.0,46,850,500,350,0.5882352941176471,12,5,7,314.76877657803675,0.8727657004830918,0.25075514874141924,0.17129397416071543,128453.40617563935,-1104.2502641347062,127349.15591150464,455,0,170.2173913043478,40,6,12,38.59294068504594,0.59765625,46.570121951219505,1013.7195121951207,25.342987804878017,4
457,4,0,0,46,0.0,0.0,1.0,46,1350,800,550,0.5925925925925926,19,8,11,309.67229083592156,0.8720008051529791,0.24598992199783076,0.16939498517342497,128659.52934967614,-1231.5417616828595,127427.98758799328,456,1,171.2173913043478,40,6,13,38.51255467628301,0.5997395833333334,46.36686991869919,1014.5325203252034,25.363313008130085,0
458,4,1,2,45,0.02127659574468085,0.0425531914893617,0.9574468085106383,47,750,500,250,0.6666666666666666,10,5,5,301.7473352761162,0.8733811285846438,0.2363978421977153,0.16595292727302782,128873.80248685111,-1622.5347025384365,127251.26778431267,457,0,168.5531914893617,41,6,13,38.49607148672852,0.6003556910569106,46.15575396825396,1015.3769841269833,24.765292295780082,0
459,4,0,0,45,0.0,0.0,1.0,45,1250,800,450,0.64,17,8,9,314.96123010196754,0.8707491582491583,0.2396515949563358,0.17303337928826243,128830.99500868046,-884.6462673611168,127946.34874131935,458,3,171.24444444444444,39,6,13,38.204135029755804,0.6030982905982907,46.197916666666664,1015.2083333333326,26.030982905982885,0
460,4,2,1,46,0.0425531914893617,0.02127659574468085,0.9787234042553191,47,1200,900,300,0.75,15,9,6,305.2783380455709,0.8745760098674067,0.23730312240950546,0.1699575174547365,129356.41503899792,-1501.52603624455,127854.88900275336,459,0,164.91489361702128,40,7,14,37.91708291708292,0.6067708333333334,45.68089430894309,1017.2764227642274,25.431910569105685,0
461,4,1,1,46,0.02127659574468085,0.02127659574468085,0.9787234042553191,47,1150,800,350,0.6956521739130435,15,8,7,304.1966256805506,0.8766574159728646,0.23995921012098909,0.16991239298330807,129485.67450137153,-1522.178948542535,127963.49555282899,460,0,165.89361702127658,40,7,14,37.81369612248294,0.6080729166666667,45.55386178861789,1017.7845528455284,25.444613821138212,0
462,4,0,0,46,0.0,0.0,1.0,46,1600,1300,300,0.8125,19,13,6,311.9977837374035,0.87079307568438,0.2476249593962616,0.17430133475689932,129492.7856445312,-1119.7075737847226,128373.07807074649,461,1,170.34782608695653,39,7,15,37.60799389349436,0.609775641025641,45.546875,1017.8124999999997,26.0977564102564,0
463,4,1,2,45,0.02127659574468085,0.0425531914893617,0.9574468085106383,47,1100,700,400,0.6363636363636364,15,7,8,304.6354477895221,0.8728029602220166,0.24280824751893282,0.17150924396325307,129796.16057117115,-1491.8977006081163,128304.26287056303,462,0,167.70212765957447,40,7,15,37.48836474851233,0.6111979166666668,45.24898373983739,1019.0040650406495,25.475101626016237,0
464,4,0,0,45,0.0,0.0,1.0,45,1350,800,550,0.5925925925925926,19,8,11,317.10735026569506,0.8684343434343434,0.24605988554378388,0.1779272731067021,129663.428722423,-776.554738293531,128886.87398412947,463,3,166.26666666666668,38,7,15,37.30506311409491,0.6132127192982457,45.3792735042735,1018.4829059829051,26.80218173639224,0
465,4,2,2,45,0.0425531914893617,0.0425531914893617,0.9574468085106383,47,800,400,400,0.5,12,4,8,304.5266339392311,0.8791628122109157,0.23787730079556701,0.17258801947194025,130055.18297846844,-1478.9465802432471,128576.23639822518,464,0,160.14893617021278,40,7,15,37.22933479459333,0.6138020833333333,44.99491869918699,1020.0203252032516,25.50050813008129,0
466,4,0,1,44,0.0,0.022222222222222223,0.9777777777777777,45,1300,1000,300,0.7692307692307693,16,10,6,319.33428836661375,0.868013468013468,0.25055334218680847,0.1797999080543545,129799.47973738048,-710.115101541373,129089.3646358391,465,5,168.26666666666668,38,7,15,37.110549031942405,0.6145833333333333,45.2457264957265,1019.0170940170948,26.816239316239336,0
467,4,1,0,45,0.022222222222222223,0.0,1.0,45,1600,1000,600,0.625,22,10,12,321.1517613224139,0.8713804713804715,0.25981683859326665,0.18186216860079543,130023.4388563367,-648.5487196180603,129374.89013671863,466,0,168.55555555555554,39,6,16,36.83750808565691,0.6151175213675215,45.026041666666664,1019.8958333333325,26.15117521367519,0
468,4,1,0,46,0.021739130434782608,0.0,1.0,46,1300,700,600,0.5384615384615384,19,7,12,314.2256256102534,0.8701489533011273,0.26380892232224373,0.17975422669371977,130418.24811826626,-1003.8488788089072,129414.39923945736,467,0,165.8695652173913,40,6,18,36.61513779723411,0.6174479166666667,44.639227642276424,1021.4430894308944,25.53607723577236,0
469,4,0,0,46,0.0,0.0,1.0,46,1250,700,550,0.56,18,7,11,314.0747766943672,0.8694645732689211,0.2671848312541891,0.18014956529731097,130522.07396597591,-1001.2617530900903,129520.81221288582,468,1,166.8695652173913,40,6,15,36.51417205370463,0.6184895833333333,44.53760162601626,1021.8495934959348,25.546239837398367,0
470,4,0,0,46,0.0,0.0,1.0,46,1300,1100,200,0.8461538461538461,15,11,4,315.453131827447,0.8695249597423511,0.2703796242662124,0.18130443428116919,130599.97046235706,-960.3660602154806,129639.60440214157,469,2,167.8695652173913,40,6,16,36.40033638231589,0.6192708333333334,44.46138211382114,1022.1544715447154,25.553861788617887,0
471,4,0,0,46,0.0,0.0,1.0,46,1200,700,500,0.5833333333333334,17,7,10,319.3513973365983,0.8687399355877617,0.27853436394194775,0.18416235595405117,130729.84959556168,-850.2479716107948,129879.60162395089,470,3,168.8695652173913,40,6,16,36.169631322667186,0.6205729166666666,44.33434959349594,1022.6626016260177,25.566565040650442,0
472,4,0,1,45,0.0,0.021739130434782608,0.9782608695652174,46,1050,700,350,0.6666666666666666,14,7,7,318.53446963926365,0.8688808373590983,0.28066068297065394,0.1840624553036071,130807.80805902604,-866.6408470486858,129941.16721197736,471,4,169.8695652173913,40,6,16,36.11186999139014,0.6213541666666667,44.25813008130083,1022.9674796747994,25.574186991869986,0
473,4,0,1,44,0.0,0.022222222222222223,0.9777777777777777,45,1550,900,650,0.5806451612903226,22,9,13,328.5871047713278,0.8622474747474748,0.2811465299702389,0.18967647159022183,130768.17626953151,-406.2527126735815,130361.92355685793,472,5,174.53333333333333,39,6,16,35.894800047526914,0.6225961538461537,44.296875000000014,1022.812500000002,26.22596153846159,0
474,4,1,0,45,0.022222222222222223,0.0,1.0,45,1250,800,450,0.64,17,8,9,327.29790236501174,0.8630892255892256,0.27799493304379297,0.18958576608690325,130901.3888888891,-431.249999999976,130470.13888888912,473,0,175.11111111111111,39,6,17,35.79329533116178,0.6239316239316238,44.16666666666668,1023.333333333335,26.23931623931628,0
475,4,1,1,45,0.021739130434782608,0.021739130434782608,0.9782608695652174,46,1400,800,600,0.5714285714285714,20,8,12,322.1821774353797,0.8684983896940419,0.225246769105526,0.18701029283269197,130981.34901258672,-751.521809895839,130229.82720269088,474,0,172.2826086956522,39,7,15,35.84353057901699,0.6247329059829061,44.088541666666664,1023.6458333333327,26.247329059829042,2
476,4,0,0,45,0.0,0.0,1.0,45,1100,800,300,0.7272727272727273,14,8,6,330.1228745958986,0.8641835016835018,0.23364655112410415,0.19116788953322333,130890.45606874116,-358.0132770838079,130532.44279165735,475,2,177.11111111111111,38,7,16,35.732059580984206,0.6255482456140351,44.17735042735042,1023.2905982905969,26.92869995501571,0
477,4,0,0,45,0.0,0.0,1.0,45,1350,800,550,0.5925925925925926,19,8,11,331.3475050588351,0.8635521885521886,0.21951372221642518,0.19255931722127456,131027.14913662433,-316.8962077215233,130710.2529289028,476,3,178.11111111111111,38,7,17,35.562758704650605,0.6269188596491228,44.04380341880342,1023.8247863247865,26.942757534862803,0
478,4,1,0,46,0.021739130434782608,0.0,1.0,46,1300,1000,300,0.7692307692307693,16,10,6,325.5077450813618,0.864694041867955,0.21914022146908962,0.19092740353305318,131382.8849806415,-646.4253917378863,130736.45958890363,477,0,175.2173913043478,38,8,19,35.353706405446694,0.6304824561403508,43.6965811965812,1025.213675213676,26.979307242465158,0
479,4,1,0,47,0.02127659574468085,0.0,1.0,47,1700,1300,400,0.7647058823529411,21,13,8,330.3549994057059,0.8658263953129818,0.24542599499869477,0.1964251961172282,131901.6665014213,-685.1250082622572,131216.54149315905,478,0,172.46808510638297,40,7,14,34.707245086400235,0.6322916666666666,43.19105691056912,1027.2357723577252,25.68089430894313,0
480,4,0,1,46,0.0,0.02127659574468085,0.9787234042553191,47,950,700,250,0.7368421052631579,12,7,5,328.66141692945735,0.8649013259327782,0.2447034464059028,0.19587312753482863,131989.91894211396,-724.0012440161163,131265.91769809785,479,1,173.46808510638297,41,6,14,34.66201647679732,0.6316056910569106,43.105158730158735,1027.5793650793657,25.062911343399165,0
481,4,0,0,46,0.0,0.0,1.0,46,1600,1200,400,0.75,20,12,8,337.73359553802607,0.8630032206119163,0.25240220293294446,0.20150441602808625,132032.1911250745,-281.6586729129367,131750.53245216154,480,2,177.3695652173913,40,6,14,34.38643330366856,0.63359375,43.06402439024391,1027.7439024390253,25.693597560975633,0
482,4,0,0,46,0.0,0.0,1.0,46,1100,700,400,0.6363636363636364,15,7,8,337.82846849809187,0.8620169082125604,0.25935468067093304,0.20211771826109984,132136.65729930936,-272.0950864234128,131864.56221288594,481,3,178.3695652173913,40,6,15,34.27893644360977,0.6346354166666666,42.962398373983746,1028.1504065040658,25.703760162601647,0
483,4,0,0,46,0.0,0.0,1.0,46,1200,1000,200,0.8333333333333334,14,10,4,341.4021824901987,0.8619162640901772,0.2603132531155623,0.2048210722574572,132241.164784933,-170.51554547556646,132070.64923945745,482,4,179.3695652173913,40,6,15,34.08198300563185,0.6356770833333333,42.86077235772358,1028.5569105691065,25.713922764227664,0
484,4,0,1,45,0.0,0.021739130434782608,0.9782608695652174,46,1400,1100,300,0.7857142857142857,17,11,6,339.9511546800536,0.8599838969404187,0.26481539801041065,0.2051067763583769,132454.4330947985,-194.11365351237953,132260.31944128612,483,5,180.3695652173913,37,9,18,33.90498508734555,0.6430180180180181,42.65350877192983,1029.3859649122815,27.821242294926527,0
485,4,0,0,45,0.0,0.0,1.0,45,1000,700,300,0.7,13,7,6,333.63618749970215,0.8593013468013468,0.23734737149959795,0.1977954978948171,131790.2425229284,-189.5417956466158,131600.70072728177,484,6,184.75555555555556,36,9,16,34.7350935877751,0.6383101851851851,43.29954954954955,1026.8018018018024,28.52227227227229,3
486,4,0,0,45,0.0,0.0,1.0,45,800,500,300,0.625,11,5,6,335.43055916857554,0.8593013468013468,0.24721522530086815,0.18755765069003444,129527.44904667977,-310.5070677186088,129216.94197896116,485,7,185.75555555555556,38,7,16,36.9765428211587,0.6118421052631579,45.51282051282051,1017.9487179487176,26.788124156545198,5
487,4,2,1,46,0.0425531914893617,0.02127659574468085,0.9787234042553191,47,1250,700,550,0.56,18,7,11,322.8568466340088,0.8654024051803885,0.2638543673068072,0.1834638142078147,130158.86423631782,-995.4639062396637,129163.40033007816,486,0,178.80851063829786,40,7,19,36.65699797496928,0.61484375,44.893292682926834,1020.4268292682939,25.510670731707346,0
488,4,0,0,46,0.0,0.0,1.0,46,1100,800,300,0.7272727272727273,14,8,6,325.23019286380116,0.8639090177133656,0.2596315130860778,0.1850525801207623,130209.42382812515,-730.392795138876,129479.03103298627,487,1,177.80434782608697,39,7,19,36.545298360209586,0.6169871794871794,44.84375000000001,1020.6250000000011,26.169871794871824,0
489,4,0,1,45,0.0,0.021739130434782608,0.9782608695652174,46,1050,700,350,0.6666666666666666,14,7,7,330.3517533328964,0.8636674718196458,0.26172712011682764,0.18848786308074572,130317.12420784937,-589.8910550327813,129727.23315281658,488,2,178.80434782608697,38,8,19,36.30563112552755,0.6197916666666666,44.738247863247864,1021.0470085470085,26.86965811965812,0
490,4,0,0,45,0.0,0.0,1.0,45,1550,1000,550,0.6451612903225806,21,10,11,333.5532480211367,0.862037037037037,0.2600564794477558,0.1908499463991677,130426.23325525985,-299.18125410912734,130127.05200115073,489,3,182.2888888888889,38,7,20,36.113508001255084,0.6208881578947367,44.63141025641026,1021.4743589743603,26.880904183535797,0
491,4,0,1,44,0.0,0.022222222222222223,0.9777777777777777,45,1700,1400,300,0.8235294117647058,20,14,6,333.32348771266527,0.8608164983164983,0.2565821256038643,0.19166100543478254,130617.28395061729,-292.4382716049407,130324.84567901235,490,4,183.2888888888889,38,7,17,35.926177536231876,0.6228070175438596,44.44444444444444,1022.2222222222223,26.900584795321638,0
492,4,0,0,44,0.0,0.0,1.0,44,850,500,350,0.5882352941176471,12,5,7,339.7107865202366,0.8600246652572234,0.26731973240233287,0.19523945449701843,130598.6036568941,73.15087334560712,130671.75453023972,491,5,187.3409090909091,37,7,17,35.78184223700207,0.6244369369369371,44.462719298245595,1022.1491228070149,27.62565196775716,0
493,4,0,0,44,0.0,0.0,1.0,44,1250,900,350,0.72,16,9,7,337.85289910802226,0.859650281888654,0.26849378503534016,0.19459408796678826,130682.67549871087,30.30415608645643,130712.97965479732,492,6,188.3409090909091,37,7,17,35.74430294906165,0.6252815315315317,44.380482456140335,1022.4780701754364,27.634542437173955,0
494,4,1,1,44,0.022222222222222223,0.022222222222222223,0.9777777777777777,45,1200,900,300,0.75,15,9,6,335.40767549421554,0.8605639730639731,0.2683732146169542,0.1950574734184804,131054.49631090632,-208.6632058587489,130845.83310504758,493,0,185.13333333333333,38,7,18,35.43123087089593,0.6271929824561404,44.017094017094,1023.931623931622,26.94556905083216,0
495,4,0,2,42,0.0,0.045454545454545456,0.9545454545454546,44,950,700,250,0.7368421052631579,12,7,5,345.2089789523966,0.8568093727977449,0.27225748975240216,0.20057350569250304,131019.23338190593,245.8031557786926,131265.03653768462,494,1,190.1818181818182,37,7,19,35.215964264039116,0.6286599099099099,44.051535087719294,1023.7938596491224,27.670104314841147,0
496,4,0,0,42,0.0,0.0,1.0,42,900,700,200,0.7777777777777778,11,7,4,344.2770905418382,0.8574090205187767,0.24009104765983014,0.20061711183726202,131131.515526412,629.1153287550014,131760.630855167,489,2,177.83333333333334,37,5,19,35.12639171394924,0.629786036036036,43.94188596491228,1024.2324561403511,27.681958274063543,0
497,4,0,1,41,0.0,0.023809523809523808,0.9761904761904762,42,950,600,350,0.631578947368421,13,6,7,348.8257197420901,0.8567799070847851,0.24777446559147975,0.20386343658473005,131243.84576263864,756.2457919744633,132000.09155461311,490,3,178.83333333333334,37,5,19,34.89644640627786,0.6309121621621621,43.83223684210527,1024.6710526315799,27.693812233285943,0
498,4,0,2,39,0.0,0.04878048780487805,0.9512195121951219,41,600,400,200,0.6666666666666666,8,4,4,352.8220131206167,0.8585873983739838,0.24490518182086296,0.20587696301207525,131183.8797200919,1056.9121063631455,132240.79182645504,491,4,180.70731707317074,36,5,19,34.85466820563557,0.6322337962962962,43.89076576576578,1024.4369369369385,28.456581581581627,0
499,4,1,0,40,0.025,0.0,1.0,40,500,300,200,0.6,7,3,4,358.8399219095599,0.8579326923076923,0.25439770554493335,0.2108688529873033,131453.76778162253,1434.3304731014669,132888.098254724,492,0,181.05,33,7,21,34.42778043339707,0.6414141414141414,43.62745098039216,1025.490196078432,31.075460487225214,0
500,4,0,0,40,0.0,0.0,1.0,40,1000,600,400,0.6,14,6,8,360.9895195826914,0.8566773504273504,0.25794707920200644,0.21265610615247776,131548.03929077755,1497.492701124562,133045.53199190213,493,1,182.05,33,7,21,34.277440966829936,0.6423611111111112,43.53553921568627,1025.8578431372548,31.08660130718954,0
501,4,0,0,40,0.0,0.0,1.0,40,1050,600,450,0.5714285714285714,15,6,9,363.2714992203163,0.855315170940171,0.26254029850746274,0.21470704347001746,131673.7872002354,1566.666816849277,133240.4540170847,494,2,183.05,33,7,18,34.09191542288557,0.6436237373737375,43.412990196078425,1026.3480392156857,31.10145573380866,0
502,4,0,0,40,0.0,0.0,1.0,40,1250,1100,150,0.88,14,11,3,362.4848258400817,0.8545673076923077,0.25988816780623547,0.21556730269979762,131908.37762188195,1562.9570578231169,133471.33467970506,495,3,184.05,34,6,18,33.87535249352957,0.6436887254901962,43.1845238095238,1027.2619047619037,30.213585434173638,0
503,4,0,0,40,0.0,0.0,1.0,40,1050,600,450,0.5714285714285714,15,6,9,363.4769905040177,0.8536858974358974,0.2641891891891899,0.21691368788142984,132040.89506172825,1598.765432098754,133639.66049382702,496,4,185.05,35,5,18,33.71621621621622,0.6428571428571428,43.05555555555555,1027.7777777777767,29.365079365079335,0
504,4,0,2,38,0.0,0.05,0.95,40,1100,900,200,0.8181818181818182,13,9,4,364.75071819002915,0.853392094017094,0.2660533423362601,0.21870275855847482,132219.38898533932,1645.4234182098594,133864.81240354918,497,5,186.05,35,5,18,33.50354490209319,0.6446428571428573,42.881944444444436,1028.4722222222208,29.384920634920594,0
505,4,0,0,38,0.0,0.0,1.0,38,1200,800,400,0.6666666666666666,16,8,8,375.9151722455692,0.8500474158368895,0.2653214207357202,0.22482018196071582,132122.47732426305,2333.368764172332,134455.84608843538,498,6,187.6315789473684,34,4,18,33.31427551335494,0.6458333333333333,42.976190476190474,1028.095238095238,30.238095238095237,0
506,4,0,0,38,0.0,0.0,1.0,38,1500,1100,400,0.7333333333333333,19,11,8,373.659669002923,0.8501659554291133,0.2577680605123085,0.2245595868931333,132306.1295351472,2287.4929138321777,134593.62244897938,499,7,188.6315789473684,34,4,19,33.18700339427602,0.6476715686274511,42.79761904761904,1028.8095238095223,30.259103641456537,0
507,4,0,1,37,0.0,0.02631578947368421,0.9736842105263158,38,1200,900,300,0.75,15,9,6,377.7202726219496,0.8499288762446657,0.2597296110738081,0.22774967917264294,132430.49178655233,2404.40006772528,134834.8918542776,500,8,189.6315789473684,32,6,19,32.95714753025844,0.6536458333333334,42.676767676767675,1029.2929292929289,32.16540404040403,0
508,4,0,0,37,0.0,0.0,1.0,37,1250,900,350,0.72,16,9,7,374.10562744134694,0.8482857857857857,0.24188112085107805,0.22615503274901277,132527.98064291905,2515.8926703907737,135043.87331330983,501,9,186.45945945945945,32,5,19,32.95192111179238,0.6546223958333334,42.582070707070706,1029.6717171717169,32.17724116161615,0
509,4,0,0,37,0.0,0.0,1.0,37,1050,900,150,0.8571428571428571,12,9,3,377.76688620085883,0.8457832832832832,0.24675122481226164,0.22915985312362885,132658.02158261914,2622.761548566477,135280.78313118563,502,10,187.45945945945945,32,5,18,32.72664133676512,0.6559244791666666,42.45580808080808,1030.176767676768,32.193023989899,0
510,4,0,0,37,0.0,0.0,1.0,37,650,300,350,0.46153846153846156,10,3,7,377.4078828747293,0.8450325325325325,0.2471080319383221,0.22933922056147948,132723.06596584548,2618.1462669625703,135341.21223280806,503,11,188.45945945945945,32,5,18,32.670373320263025,0.6565755208333333,42.392676767676775,1030.4292929292942,32.200915404040444,0
511,4,0,0,37,0.0,0.0,1.0,37,1200,800,400,0.6666666666666666,16,8,8,377.1202115572459,0.8447822822822822,0.24797065561396758,0.22976189605622074,132820.662432405,2617.8712631364315,135438.5336955414,504,12,189.45945945945945,32,5,18,32.57951576024826,0.6575520833333333,42.29797979797981,1030.8080808080817,32.212752525252554,0
512,4,0,0,37,0.0,0.0,1.0,37,1700,1400,300,0.8235294117647058,20,14,6,380.33301674609993,0.8416541541541541,0.25538505323003924,0.2323245884641285,132918.29476902867,2710.643206050407,135628.93797507908,505,13,190.45945945945945,32,5,18,32.398422513366796,0.6585286458333334,42.20328282828283,1031.1868686868688,32.22458964646465,0
513,4,0,0,37,0.0,0.0,1.0,37,1200,600,600,0.5,18,6,12,378.1783528433746,0.8408408408408409,0.25290071562565175,0.23141115838033902,132983.402921258,2658.2888544536277,135641.69177571163,506,14,191.45945945945945,32,5,18,32.38845023870732,0.6591796875,42.140151515151516,1031.4393939393938,32.232481060606055,0
514,4,0,0,37,0.0,0.0,1.0,37,1150,900,250,0.782608695652174,14,9,5,376.69733935304464,0.8379004004004004,0.2456040576911629,0.23151308660690142,133146.2430491788,2631.1671002959015,135777.4101494747,507,15,192.45945945945945,32,5,18,32.26286599787946,0.6608072916666666,41.98232323232324,1032.070707070708,32.25220959595963,0
515,4,0,0,37,0.0,0.0,1.0,37,1400,1200,200,0.8571428571428571,16,12,4,377.64272849770924,0.8377127127127127,0.24537512931789607,0.23270418921821914,133243.9949526834,2663.7251619732683,135907.72011465667,508,16,193.45945945945945,32,5,18,32.14020015490605,0.6617838541666666,41.88762626262626,1032.449494949495,32.264046717171716,0
516,4,0,0,37,0.0,0.0,1.0,37,900,600,300,0.6666666666666666,12,6,6,378.4951668151199,0.8365865865865866,0.24427410295381002,0.23384369067580638,133341.7827262523,2693.8440592796533,136035.62678553196,509,17,194.45945945945945,32,5,18,32.0199164629177,0.6627604166666667,41.79292929292929,1032.8282828282818,32.275883838383805,0
517,4,0,0,37,0.0,0.0,1.0,37,1500,1300,200,0.8666666666666667,17,13,4,383.06451612903237,0.8343968968968969,0.25065387968613795,0.2375,133472.22222222216,2825.7582134476024,136297.98043566977,510,18,195.45945945945945,31,6,19,31.770833333333332,0.6666666666666667,41.666666666666664,1033.333333333333,33.33333333333332,0
518,4,0,0,37,0.0,0.0,1.0,37,1400,1300,100,0.9285714285714286,15,13,2,382.8814824643783,0.8347097097097097,0.2506018680895843,0.23760205835181922,133505.86149427615,2823.384433322473,136329.24592759862,511,19,196.45945945945945,31,6,19,31.74176326067785,0.667002688172043,41.63411458333333,1033.4635416666658,33.33753360215051,0
519,4,0,0,37,0.0,0.0,1.0,37,550,400,150,0.7272727272727273,7,4,3,380.1238573088395,0.8342717717717718,0.24780882017965222,0.23630022929289796,133570.09369260777,2754.635847107421,136324.7295397152,512,20,197.45945945945945,32,5,20,31.74850372541835,0.6650390625,41.57196969696969,1033.71212121212,32.30350378787875,0
520,4,0,0,37,0.0,0.0,1.0,37,1100,700,400,0.6363636363636364,15,7,8,379.6812891960144,0.8320820820820821,0.2503299197635136,0.2370692927662919,133733.29252117127,2755.2057825732027,136488.49830374448,513,21,198.45945945945945,32,5,19,31.59612019856771,0.6666666666666667,41.41414141414141,1034.343434343434,32.32323232323231,0
521,4,0,0,37,0.0,0.0,1.0,37,1200,1100,100,0.9166666666666666,13,11,2,382.1285174998768,0.8322697697697697,0.25473863321593915,0.23944383252515214,133863.92332415062,2830.6445133149705,136694.56783746558,514,22,199.45945945945945,32,5,19,31.401750854075154,0.66796875,41.28787878787879,1034.848484848485,32.339015151515156,0
522,4,0,0,37,0.0,0.0,1.0,37,1100,900,200,0.8181818181818182,13,9,4,383.6924772893376,0.8301426426426426,0.2586406384430533,0.24106472193833567,133961.9382747934,2880.037591827369,136841.97586662078,515,23,200.45945945945945,32,5,19,31.262958897426522,0.6689453125,41.19318181818182,1035.227272727273,32.35085227272728,0
523,4,0,0,37,0.0,0.0,1.0,37,700,400,300,0.5714285714285714,10,4,6,385.11501678479664,0.8290165165165165,0.25768775726098014,0.24238896797023138,134027.30150303527,2923.1852935924776,136950.48679662775,516,24,201.45945945945945,32,5,19,31.160580010567813,0.6695963541666667,41.1300505050505,1035.479797979797,32.35874368686866,0
524,4,0,0,37,0.0,0.0,1.0,37,1250,900,350,0.72,16,9,7,387.1875511766023,0.8262637637637638,0.2633924601017841,0.2445630375214799,134158.07578627183,2988.8673668503297,137146.94315312215,517,25,202.45945945945945,32,5,19,30.975776965265094,0.6708984375,41.00378787878788,1035.9848484848487,32.37452651515152,0
525,4,0,1,36,0.0,0.02702702702702703,0.972972972972973,37,900,500,400,0.5555555555555556,13,5,8,385.53916108197876,0.8241366366366366,0.26213812789522395,0.2443931253530475,134288.91383851145,2954.7270367819765,137243.64087529344,518,26,203.45945945945945,32,5,19,30.887339099362496,0.6722005208333333,40.87752525252526,1036.4898989898998,32.39030934343437,0
526,4,0,0,36,0.0,0.0,1.0,36,1350,1000,350,0.7407407407407407,17,10,7,388.4245347339712,0.8215608465608466,0.25033500837520917,0.2461671414396825,134280.734592014,3231.5863715277874,137512.32096354177,519,27,205.75,31,5,19,30.820770519262982,0.6747311827956989,40.88541666666667,1036.4583333333342,33.43413978494626,0
527,4,0,0,36,0.0,0.0,1.0,36,1000,500,500,0.5,15,5,10,388.37062680070363,0.8203373015873017,0.2544046604148906,0.24662886439756976,134354.35677800732,3235.857151056011,137590.21392906332,520,28,206.75,32,4,20,30.748386311046154,0.6728515625,40.81439393939394,1036.742424242424,32.39820075757575,0
528,4,0,0,36,0.0,0.0,1.0,36,900,700,200,0.7777777777777778,11,7,4,387.85621939630596,0.820436507936508,0.2549914779644509,0.24696519272257803,134452.5510789715,3229.651629935719,137682.20270890722,521,29,207.75,32,4,20,30.663349159970785,0.673828125,40.71969696969697,1037.121212121212,32.410037878787875,0
529,4,0,2,34,0.0,0.05555555555555555,0.9444444444444444,36,1350,1100,250,0.8148148148148148,16,11,5,386.2840921920615,0.8189484126984128,0.253792949576082,0.24662753578416233,134550.78125,3195.001147842057,137745.78239784206,522,30,208.75,31,5,20,30.605756358768403,0.6774193548387096,40.625,1037.5,33.46774193548387,0
530,4,0,0,34,0.0,0.0,1.0,34,800,500,300,0.625,11,5,6,393.4243201159765,0.8111259655377303,0.24528345016763242,0.25142680060391864,134585.64573939174,3789.853234477964,138375.4989738697,494,31,202.14705882352942,30,4,20,30.385632556131267,0.6805555555555556,40.59139784946236,1037.6344086021497,34.58781362007166,0
531,4,0,0,34,0.0,0.0,1.0,34,700,500,200,0.7142857142857143,9,5,4,392.84594620255564,0.8105689245395128,0.2415892940110138,0.2517800201263349,134690.26630607576,3782.505022256897,138472.77132833266,495,32,203.14705882352942,30,4,20,30.295869480771724,0.6815972222222222,40.49059139784946,1038.0376344086014,34.60125448028671,0
532,4,1,0,35,0.02857142857142857,0.0,1.0,35,1100,700,400,0.6363636363636364,15,7,8,387.7817604413226,0.8099439775910363,0.2452586592278665,0.25248479903551163,135260.9443664551,3490.345425075955,138751.28979153108,496,0,198.31428571428572,31,4,19,29.856808319773013,0.684475806451613,39.94140625,1040.2343750000002,33.55594758064517,0
533,4,0,0,35,0.0,0.0,1.0,35,1650,1300,350,0.7878787878787878,20,13,7,387.094811054908,0.8080532212885153,0.2367122308585723,0.2534662583443071,135464.19143676758,3487.4971177842885,138951.68855455186,497,1,199.31428571428572,31,4,19,29.67180008338545,0.686491935483871,39.74609375,1041.015625,33.581149193548384,0
534,4,0,1,34,0.0,0.02857142857142857,0.9714285714285714,35,800,400,400,0.5,12,4,8,390.1344178255116,0.8061624649859943,0.24056014003500903,0.25618186155734335,135565.8721923828,3577.7825249565967,139143.6547173394,498,2,200.31428571428572,31,4,19,29.491226973410022,0.6875,39.6484375,1041.40625,33.59375,0
535,4,0,1,33,0.0,0.029411764705882353,0.9705882352941176,34,800,600,200,0.75,10,6,4,395.41807883232826,0.8039958407605466,0.17897690199660743,0.239532706568548,132605.57804731763,3691.828349494209,136297.40639681183,499,3,204.64705882352942,30,4,24,32.32497063813128,0.6607638888888887,42.50672043010753,1029.97311827957,34.33243727598566,8
536,4,0,1,32,0.0,0.030303030303030304,0.9696969696969697,33,450,300,150,0.6666666666666666,6,3,3,397.67520704791616,0.8006628787878789,0.167959269185463,0.2415672058026406,132709.4263065094,3955.0497167302574,136664.47602323967,500,4,201.12121212121212,30,3,20,32.162035829202544,0.6618055555555555,42.405913978494624,1030.3763440860214,34.34587813620071,0
537,4,0,0,32,0.0,0.0,1.0,32,1350,1100,250,0.8148148148148148,16,11,5,401.39795236694874,0.7949848790322581,0.17442959582790096,0.2447315019598171,132847.9538819518,4264.97933287087,137112.93321482267,501,5,204.78125,30,2,20,31.926336375488933,0.6631944444444444,42.271505376344095,1030.9139784946246,34.36379928315416,0
538,4,0,0,32,0.0,0.0,1.0,32,950,600,350,0.631578947368421,13,6,7,402.21147332607705,0.7944808467741936,0.17170392335766405,0.2456820400762472,132917.2447681814,4292.168169730617,137209.412937912,502,6,205.78125,30,2,21,31.835462287104626,0.6638888888888889,42.20430107526882,1031.1827956989255,34.37275985663085,0
539,4,0,0,32,0.0,0.0,1.0,32,800,500,300,0.625,11,5,6,398.80964226979546,0.7944808467741936,0.19012137773258808,0.2327770226542099,131194.69536675338,4064.3419053819352,135259.03727213532,503,7,206.78125,31,1,22,33.66590408405357,0.6438172043010754,43.88020833333333,1024.4791666666658,33.04771505376341,3
540,4,0,0,32,0.0,0.0,1.0,32,650,400,250,0.6153846153846154,9,4,5,397.5727660856012,0.7935987903225807,0.14041573660714302,0.22264074900793643,129586.776859504,3904.0346648301024,133490.8115243341,504,8,207.78125,32,0,16,35.33451140873016,0.625,45.454545454545446,1018.181818181817,31.81818181818178,8
541,4,1,0,33,0.030303030303030304,0.0,1.0,33,600,400,200,0.6666666666666666,8,4,4,387.55166202133165,0.7992424242424243,0.13748934402937785,0.2187011346467729,129887.55076172612,3467.627234717395,133355.17799644353,505,0,202.45454545454547,33,0,17,35.28292057385588,0.6256313131313131,45.159313725490186,1019.3627450980381,30.889780154486004,0
542,4,1,0,34,0.029411764705882353,0.0,1.0,34,600,500,100,0.8333333333333334,7,5,2,382.67388588088306,0.8027703505644682,0.14297719087635086,0.2180351210251542,130262.5868055555,3170.1587129949967,133432.7455185505,506,0,197.47058823529412,33,1,18,35.02551020408163,0.629419191919192,44.791666666666664,1020.8333333333329,30.934343434343422,0
543,4,0,0,34,0.0,0.0,1.0,34,650,300,350,0.46153846153846156,10,3,7,382.0087269376011,0.8025846702317291,0.14032281980130934,0.21783125969316575,130293.8642138839,3154.6786392252775,133448.5428531092,507,1,198.47058823529412,33,1,18,35.010677989837156,0.6297348484848486,44.761029411764696,1020.9558823529397,30.938057040998174,0
544,4,1,1,34,0.02857142857142857,0.02857142857142857,0.9714285714285714,35,1050,700,350,0.6666666666666666,14,7,7,373.3164093757008,0.8074929971988795,0.12793077627090454,0.214376011671598,130566.58340419491,2748.5296201813935,133315.1130243763,508,0,193.77142857142857,34,1,15,34.955591147350034,0.6302083333333334,44.49404761904761,1022.0238095238087,30.059523809523785,0
545,4,0,0,34,0.0,0.0,1.0,34,650,500,150,0.7692307692307693,8,5,3,384.19260539122695,0.802621806298277,0.13617759963870424,0.2199608213283837,130450.30757400989,3223.6087081891465,133673.91628219903,509,3,200.47058823529412,33,1,19,34.79586532309662,0.6313131313131313,44.607843137254896,1021.5686274509795,30.956625074272107,0
546,4,2,2,34,0.05555555555555555,0.05555555555555555,0.9444444444444444,36,1100,900,200,0.8181818181818182,13,9,4,371.94271485319655,0.819675925925926,0.11848123853326342,0.21551228602437478,130913.23329260954,2538.4446802125976,133451.67797282213,510,0,190.27777777777777,35,1,15,34.63912764834501,0.6315476190476191,44.15509259259258,1023.3796296296281,29.239417989417944,0
547,4,1,1,34,0.02857142857142857,0.02857142857142857,0.9714285714285714,35,1450,1200,250,0.8275862068965517,17,12,5,379.155216500971,0.8092436974789915,0.1288506281991626,0.21962387069018488,130901.38888888874,2926.3888888888705,133827.7777777776,511,0,196.68571428571428,34,1,15,34.46661237785016,0.6335784313725491,44.16666666666666,1023.3333333333321,30.09803921568624,0
548,4,1,1,34,0.02857142857142857,0.02857142857142857,0.9714285714285714,35,550,500,50,0.9090909090909091,6,5,1,377.7365137131914,0.811064425770308,0.13402428289069412,0.21966948982063264,131053.7149234692,2900.754676870727,133954.46960033994,512,0,197.65714285714284,34,1,17,34.34847692128821,0.6351102941176471,44.01785714285713,1023.92857142857,30.115546218487353,0
549,4,0,0,34,0.0,0.0,1.0,34,1050,800,250,0.7619047619047619,13,8,5,385.67975550858034,0.8055184194890078,0.13573360378634236,0.22369425819497657,130951.5570934256,3301.072904652056,134252.62999807764,513,1,204.26470588235293,33,1,17,34.24878272669221,0.6363636363636364,44.11764705882353,1023.5294117647059,31.016042780748663,0
550,4,0,0,34,0.0,0.0,1.0,34,650,400,250,0.6153846153846154,9,4,5,387.21628966817786,0.8056669637551991,0.13283527440183662,0.22495166091015,131014.28086553246,3346.1727460592056,134360.45361159166,514,2,205.26470588235293,33,1,17,34.145818370441305,0.6369949494949496,44.056372549019606,1023.7745098039214,31.023469994058225,0
551,4,0,0,34,0.0,0.0,1.0,34,600,400,200,0.6666666666666666,8,4,4,387.21628966817786,0.8056669637551991,0.13283527440183662,0.22495166091015,131014.28086553246,3346.1727460592056,134360.45361159166,515,3,206.26470588235293,33,1,17,34.145818370441305,0.6369949494949496,44.056372549019606,1023.7745098039214,31.023469994058225,0
552,4,0,0,34,0.0,0.0,1.0,34,800,400,400,0.5,12,4,8,387.9689468065259,0.8048128342245989,0.1356954271834412,0.22557275926016154,131045.6483834341,3368.3284373798356,134413.97682081393,516,4,207.26470588235293,33,1,17,34.094728705366045,0.6373106060606062,44.02573529411764,1023.8970588235281,31.027183600712974,0
553,4,1,0,35,0.02857142857142857,0.0,1.0,35,700,400,300,0.5714285714285714,10,4,6,383.97259439023037,0.8080532212885153,0.13775888268537972,0.22545254015881097,131422.35145436847,3092.8203695693933,134515.17182393785,517,0,202.31428571428572,33,2,18,33.81526134416954,0.6410984848484849,43.658088235294116,1025.3676470588234,31.071746880570405,0
554,4,0,0,35,0.0,0.0,1.0,35,1150,700,450,0.6086956521739131,16,7,9,387.71454732885945,0.8082633053221288,0.13986381555369798,0.22839961123785227,131548.0392907775,3200.61770112456,134748.65699190204,518,1,203.31428571428572,33,2,18,33.59203898379326,0.6423611111111112,43.53553921568627,1025.8578431372543,31.086601307189525,0
555,4,1,1,35,0.027777777777777776,0.027777777777777776,0.9722222222222222,36,1450,1200,250,0.8275862068965517,17,12,5,380.7892111513772,0.812962962962963,0.13084202394747035,0.22663523394733695,131938.95266439908,2848.185941043085,134787.13860544216,519,0,198.63888888888889,34,2,18,33.374372344534585,0.6439950980392157,43.154761904761905,1027.3809523809523,30.21708683473389,0
556,4,0,0,35,0.0,0.0,1.0,35,1150,900,250,0.782608695652174,14,9,5,381.8980271473509,0.8051820728291316,0.13243713060609563,0.22711220373911029,131908.3776218821,3075.109835600909,134983.48745748302,520,3,205.31428571428572,34,1,18,33.37679143971879,0.6436887254901961,43.18452380952381,1027.2619047619048,30.21358543417367,0
557,4,0,0,35,0.0,0.0,1.0,35,900,300,600,0.3333333333333333,15,3,12,379.5305267551991,0.8030812324929971,0.1284059314179795,0.22625051843583424,132000.11337868485,3019.6145124716554,135019.7278911565,521,4,206.31428571428572,34,1,19,33.344918134074746,0.6446078431372548,43.095238095238095,1027.619047619048,30.22408963585435,0
558,4,1,1,35,0.027777777777777776,0.027777777777777776,0.9722222222222222,36,950,700,250,0.7368421052631579,12,7,5,371.3159849199474,0.811441798941799,0.12489684147347924,0.222639260593701,132219.38898533932,2619.0345293209707,134838.4235146603,522,0,201.55555555555554,35,1,19,33.33474004051317,0.6446428571428573,42.881944444444436,1028.4722222222208,29.384920634920594,0
559,4,1,1,35,0.027777777777777776,0.027777777777777776,0.9722222222222222,36,1450,1300,150,0.896551724137931,16,13,3,372.240161287679,0.8079695767195768,0.12696806117858728,0.22425199960501607,132398.00347222207,2657.011959876518,135055.0154320986,523,0,202.52777777777777,33,3,19,33.130904183535755,0.6508838383838385,42.70833333333332,1029.1666666666654,31.18686868686865,0
560,4,0,0,35,0.0,0.0,1.0,35,1050,700,350,0.6666666666666666,14,7,7,381.6186642962817,0.8002100840336134,0.14136928193839715,0.22972048370062545,132368.22601862552,3102.837121699231,135471.06314032475,524,7,209.31428571428572,35,0,19,32.91964252240094,0.6461309523809524,42.73726851851851,1029.0509259259247,29.401455026454993,0
561,4,0,0,35,0.0,0.0,1.0,35,950,600,350,0.631578947368421,13,6,7,387.3313981788757,0.7990896358543417,0.14107011458004837,0.2339481645000409,132495.48037190086,3263.9419799053308,135759.4223518062,525,8,210.31428571428572,32,3,19,32.64425435369144,0.654296875,42.61363636363637,1029.545454545455,32.17329545454547,0
562,4,0,0,35,0.0,0.0,1.0,35,1100,800,300,0.7272727272727273,14,8,6,384.1657211886037,0.7963585434173669,0.13469727607945758,0.23318997964134244,132681.93310565653,3194.3701040465294,135876.30320970307,526,9,211.31428571428572,33,2,19,32.537741366321725,0.6537247474747474,42.43259803921569,1030.2696078431377,31.22029114676175,0
563,4,0,0,35,0.0,0.0,1.0,35,850,700,150,0.8235294117647058,10,7,3,385.44510597626686,0.7965686274509803,0.13086461695260732,0.23455812889004363,132776.64389898113,3235.62151576316,136012.2654147443,527,10,212.31428571428572,33,2,19,32.409334126040434,0.6546717171717171,42.3406862745098,1030.6372549019604,31.231431966726074,0
564,4,0,0,35,0.0,0.0,1.0,35,1300,1000,300,0.7692307692307693,16,10,6,383.34863789409286,0.7948179271708683,0.14095238095238138,0.2342686120463898,132934.57031249985,3192.057291666653,136126.6276041665,528,11,213.31428571428572,33,2,20,32.30429292929294,0.65625,42.18749999999999,1031.2499999999989,31.249999999999964,0
565,4,0,0,35,0.0,0.0,1.0,35,650,500,150,0.7692307692307693,8,5,3,383.29069453839463,0.7957282913165266,0.1442454895704277,0.23462965643124842,132997.76715986626,3195.3613093521553,136193.1284692184,529,12,214.31428571428572,33,2,20,32.242163676686076,0.6568813131313131,42.12622549019607,1031.4950980392146,31.257427213309533,0
566,4,0,0,35,0.0,0.0,1.0,35,550,300,250,0.5454545454545454,8,3,5,376.7332521414036,0.7955882352941176,0.153203969580193,0.2232157840481385,131768.1375552672,2929.1325752114553,134697.27013047866,530,13,215.31428571428572,33,2,19,33.65112994350282,0.6445707070707071,43.32107843137255,1026.7156862745096,31.112596553773017,4
567,4,1,0,36,0.027777777777777776,0.0,1.0,36,1400,1200,200,0.8571428571428571,16,12,4,367.5164869877008,0.8046296296296297,0.1493927932795598,0.21997504491425993,132153.0771683673,2513.686933106573,134666.76410147388,531,0,210.30555555555554,34,2,20,33.49928601752152,0.646139705882353,42.94642857142857,1028.2142857142853,30.24159663865545,0
568,4,0,0,36,0.0,0.0,1.0,36,950,700,250,0.7368421052631579,12,7,5,368.3058874829588,0.804265873015873,0.15289032955159398,0.22062595395823828,132183.68055555547,2536.805555555551,134720.48611111104,532,1,211.30555555555554,34,2,20,33.4481361426256,0.6464460784313726,42.916666666666664,1028.3333333333328,30.24509803921567,0
569,4,1,1,36,0.02702702702702703,0.02702702702702703,0.972972972972973,37,900,800,100,0.8888888888888888,10,8,2,361.6781950771614,0.8071821821821822,0.1480390043656321,0.21843698898944877,132492.61289227704,2184.2850406093826,134676.89793288644,533,0,206.56756756756758,33,4,20,33.307418759671464,0.6518308080808082,42.61642156862745,1029.5343137254904,31.198009506833042,0
570,4,0,0,36,0.0,0.0,1.0,36,800,400,400,0.5,12,4,8,372.297838473228,0.8002314814814815,0.15866141732283445,0.2239328676608252,132338.45191400888,2653.8639188957454,134992.31583290463,534,3,213.30555555555554,35,1,20,33.18944506936633,0.6458333333333334,42.7662037037037,1028.935185185185,29.39814814814814,0
571,4,1,0,37,0.02702702702702703,0.0,1.0,37,650,400,250,0.6153846153846154,9,4,5,365.11817200893205,0.8044294294294294,0.15032738592948025,0.22107010933451482,132587.25610342177,2282.043503789495,134869.29960721126,535,0,208.51351351351352,33,4,21,33.12361177217198,0.6527777777777778,42.52450980392157,1029.9019607843136,31.20915032679738,0
572,4,0,1,36,0.0,0.02702702702702703,0.972972972972973,37,950,700,250,0.7368421052631579,12,7,5,369.1182484012733,0.8041166166166166,0.15195831015980876,0.22405610933642622,132681.93310565644,2395.0645484909596,135076.9976541474,536,1,209.51351351351352,33,4,13,32.92531521351254,0.6537247474747474,42.432598039215684,1030.269607843137,31.220291146761728,0
573,4,0,0,36,0.0,0.0,1.0,36,1000,600,400,0.6,14,6,8,376.5755116271324,0.7979497354497355,0.16145750700724548,0.22800724781804194,132587.2561034218,2785.8227604767376,135373.07886389853,537,6,216.30555555555554,33,3,21,32.82861335871806,0.6527777777777778,42.52450980392157,1029.9019607843138,31.20915032679739,0
574,4,0,0,36,0.0,0.0,1.0,36,1150,900,250,0.782608695652174,14,9,5,372.93783003998715,0.7951719576719577,0.15918701765514287,0.22656512102429277,132713.4996155325,2698.776912725868,135412.27652825837,538,7,217.30555555555554,33,3,13,32.79515540754836,0.6540404040404041,42.40196078431372,1030.392156862745,31.224004753416516,0
575,4,0,0,36,0.0,0.0,1.0,36,950,700,250,0.7368421052631579,12,7,5,374.20671360065313,0.7920304232804233,0.16784511784511835,0.22868188053373237,132934.57031249988,2749.001736111097,135683.57204861098,539,8,218.30555555555554,33,3,15,32.539983164983155,0.65625,42.18749999999999,1031.249999999999,31.24999999999997,0
576,4,0,0,36,0.0,0.0,1.0,36,1050,700,350,0.6666666666666666,14,7,7,376.6695169006481,0.7905092592592593,0.16445275897111067,0.23096727332749836,133060.97902549483,2824.0029375720696,135884.9819630669,540,9,219.30555555555554,33,3,16,32.3493239497961,0.6575126262626263,42.06495098039215,1031.74019607843,31.26485442661909,0
577,4,0,0,36,0.0,0.0,1.0,36,700,300,400,0.42857142857142855,11,3,8,375.6391998633473,0.7894841269841271,0.16908757487004933,0.23092214169701525,133155.82498317945,2803.7095107650835,135959.53449394455,541,10,220.30555555555554,33,3,18,32.280535106467184,0.658459595959596,41.97303921568627,1032.1078431372543,31.275995246583467,0
578,4,0,1,35,0.0,0.027777777777777776,0.9722222222222222,36,950,500,450,0.5263157894736842,14,5,9,376.84325566728614,0.7888227513227514,0.16569744441807144,0.23245104482083084,133282.33882400978,2845.310097078019,136127.6489210878,542,11,221.30555555555554,33,3,18,32.12230002373606,0.6597222222222223,41.85049019607842,1032.5980392156846,31.290849673202562,0
579,4,0,0,35,0.0,0.0,1.0,35,600,400,200,0.6666666666666666,8,4,4,384.7659337327164,0.7768907563025209,0.17540455270210686,0.2365327513793384,133155.82498317945,3246.7650663206377,136402.59004950008,543,26,228.31428571428572,33,2,18,32.045040766247126,0.658459595959596,41.97303921568627,1032.1078431372543,31.275995246583467,0
580,4,0,0,35,0.0,0.0,1.0,35,1000,800,200,0.8,12,8,4,387.5504054803691,0.7771708683473388,0.17206612971598179,0.23885238962487967,133250.70473195385,3328.2729298827117,136578.97766183657,544,27,229.31428571428572,33,2,18,31.87772007912957,0.6594065656565657,41.88112745098038,1032.4754901960769,31.287136066547784,0
581,4,0,0,35,0.0,0.0,1.0,35,1000,800,200,0.8,12,8,4,386.67133845259787,0.7769607843137254,0.17019488222335255,0.23932741432859006,133408.9127378891,3317.0805699730704,136725.99330786217,545,28,230.31428571428572,33,2,19,31.741300909450374,0.6609848484848486,41.72794117647058,1033.0882352941164,31.30570409982171,0
582,4,0,0,35,0.0,0.0,1.0,35,1200,900,300,0.75,15,9,6,386.21194588041,0.7763305322128851,0.17526136661139757,0.23966222721995112,133504.8420601214,3312.247985561464,136817.09004568285,546,29,231.31428571428572,32,3,19,31.656739971492573,0.6643880208333334,41.63510101010101,1033.4595959595958,32.29561237373737,0
583,4,0,0,35,0.0,0.0,1.0,35,1150,900,250,0.782608695652174,14,9,5,383.7182564613487,0.7747899159663865,0.1797582365489454,0.23912958995722716,133662.2407847941,3257.7283977316156,136919.9691825257,547,30,232.31428571428572,33,2,20,31.563067867583154,0.6635101010101011,41.48284313725489,1034.0686274509787,31.33541295305996,0
584,4,0,0,35,0.0,0.0,1.0,35,600,300,300,0.5,9,3,6,386.6698106922253,0.7735294117647058,0.18253761402677404,0.24158992391214468,133757.30075271532,3343.982032151095,137101.28278486643,548,31,233.31428571428572,33,2,15,31.3912994116021,0.6644570707070707,41.39093137254902,1034.436274509804,31.346553773024365,0
585,4,1,1,35,0.027777777777777776,0.027777777777777776,0.9722222222222222,36,1000,800,200,0.8,12,8,4,375.28735632183907,0.7795304232804233,0.16858237547892707,0.23659420289855068,134088.01020408163,2864.306972789113,136952.31717687074,549,0,227.80555555555554,34,2,15,31.354166666666657,0.6654411764705883,41.07142857142857,1035.7142857142856,30.462184873949575,0
586,4,0,0,35,0.0,0.0,1.0,35,1150,700,450,0.6086956521739131,16,7,9,387.07091644434,0.7710084033613445,0.1830411037654498,0.2435117031301735,134010.95920138893,3374.348958333339,137385.30815972228,550,33,235.31428571428572,33,2,15,31.12634138162307,0.6669823232323232,41.145833333333336,1035.416666666667,31.376262626262637,0
587,4,0,0,35,0.0,0.0,1.0,35,1200,1000,200,0.8333333333333334,14,10,4,389.90539839447797,0.7698879551820728,0.1828219821830046,0.24571890543115116,134074.41135921297,3455.267355103824,137529.6787143168,551,34,236.31428571428572,33,2,15,30.989305999290018,0.6676136363636362,41.08455882352942,1035.6617647058836,31.38368983957223,0
588,4,0,0,35,0.0,0.0,1.0,35,1500,1300,200,0.8666666666666667,17,13,4,385.34079084287197,0.7693977591036414,0.1624423963133641,0.2389112903225807,133472.22222222228,3287.303110582478,136759.52533280477,552,35,237.31428571428572,34,1,19,31.712029569892476,0.6593137254901961,41.66666666666667,1033.333333333334,30.392156862745114,1
589,4,0,0,35,0.0,0.0,1.0,35,700,400,300,0.5714285714285714,10,4,6,393.4492810834614,0.7693977591036414,0.16227645697454318,0.23641775385457525,132300.56244260777,3428.073347107427,135728.6357897152,553,36,238.31428571428572,32,3,20,32.68363402061857,0.65234375,42.8030303030303,1028.7878787878778,32.14962121212118,6
590,4,0,0,35,0.0,0.0,1.0,35,700,400,300,0.5714285714285714,10,4,6,391.33968158380054,0.7693277310924369,0.16220858895705503,0.23555527362688136,132365.5191434547,3359.9760228547966,135725.4951663095,554,37,239.31428571428572,32,3,20,32.67229038854804,0.6529947916666667,42.73989898989898,1029.0404040404035,32.15751262626261,0
591,4,1,1,35,0.027777777777777776,0.027777777777777776,0.9722222222222222,36,1050,800,250,0.7619047619047619,13,8,5,380.6037974073191,0.777281746031746,0.16100085752787008,0.23168298271707255,132788.12629132214,2907.937008978659,135696.0633003008,555,0,233.63888888888889,32,4,16,32.52251010657847,0.6572265625,42.329545454545446,1030.6818181818169,32.20880681818178,0
592,4,0,0,35,0.0,0.0,1.0,35,800,700,100,0.875,9,7,2,389.8021985551208,0.7672969187675069,0.17003449085360334,0.23630078105513885,132632.61795043945,3340.097215440539,135972.71516587998,556,39,241.31428571428572,31,4,16,32.44230080478658,0.658266129032258,42.48046875,1030.078125,33.228326612903224,0
593,4,0,0,35,0.0,0.0,1.0,35,800,500,300,0.625,11,5,6,387.9172413229039,0.76687675070028,0.1661707352303916,0.23536819120757782,132666.1512586805,3292.6974826388837,135958.84874131938,557,40,242.31428571428572,31,4,16,32.457027300303345,0.6586021505376344,42.447916666666664,1030.208333333333,33.23252688172042,0
594,4,0,0,35,0.0,0.0,1.0,35,950,700,250,0.7368421052631579,12,7,5,387.06146674425077,0.7660364145658263,0.16722625365536659,0.23526915881827962,132733.2305908203,3275.183783637153,136008.41437445747,558,41,243.31428571428572,31,4,17,32.411443854772145,0.6592741935483871,42.3828125,1030.46875,33.24092741935484,0
595,4,0,0,35,0.0,0.0,1.0,35,850,700,150,0.8235294117647058,10,7,3,392.7392678210051,0.7649159663865546,0.17072132212319113,0.23957700482332198,132867.4401177301,3436.4522298177185,136303.8923475478,559,42,244.31428571428572,31,4,17,32.129851814431255,0.6606182795698924,42.25260416666667,1030.989583333334,33.25772849462368,0
596,4,1,0,36,0.027777777777777776,0.0,1.0,36,1000,600,400,0.6,14,6,8,384.1247216419262,0.7706679894179894,0.17706040596722916,0.2369058803610615,133276.58689164388,3038.966368227754,136315.55325987164,560,0,238.5,32,4,19,31.94011371973589,0.662109375,41.856060606060616,1032.5757575757589,32.267992424242465,0
597,4,0,0,36,0.0,0.0,1.0,36,800,500,300,0.625,11,5,6,382.11567297119444,0.7708664021164021,0.17024887623416518,0.23630616342437247,133377.2636275711,2993.1085700211456,136370.37219759225,561,1,239.5,33,3,19,31.89076897219915,0.6606691919191918,41.75857843137255,1032.9656862745096,31.301990493166958,0
598,4,0,0,36,0.0,0.0,1.0,36,1050,900,150,0.8571428571428571,12,9,3,380.4129268142032,0.7687169312169313,0.1608507600571092,0.2362846489085405,133539.50500488293,2960.098371025432,136499.60337590837,562,2,240.5,31,5,19,31.771751910640802,0.6673387096774193,41.60156250000001,1033.593750000001,33.34173387096777,0
599,4,0,0,36,0.0,0.0,1.0,36,800,500,300,0.625,11,5,6,378.1741943306428,0.7685515873015873,0.15698668620984435,0.23508824062148662,133570.09369260815,2902.5525137741306,136472.64620638228,563,3,241.5,32,4,19,31.798888481739343,0.6650390624999998,41.57196969696971,1033.712121212123,32.303503787878846,0
600,4,2,1,37,0.05263157894736842,0.02631578947368421,0.9736842105263158,38,600,300,300,0.5,9,3,6,364.2423040129225,0.7748340445708867,0.16672712104174958,0.23079283105796974,134273.0229591837,2181.583049886627,136454.60600907032,564,0,229.73684210526315,34,4,16,31.45507887280803,0.6672794117647058,40.892857142857146,1036.4285714285718,30.483193277310935,0
601,4,0,0,37,0.0,0.0,1.0,37,1550,1200,350,0.7741935483870968,19,12,7,370.28904187360035,0.7709584584584585,0.1745654651549169,0.23403235522338017,134180.50063775515,2537.1138038548825,136717.61444161003,565,1,236.94594594594594,34,3,16,31.390995442184686,0.666360294117647,40.98214285714286,1036.0714285714291,30.472689075630267,0
602,4,0,0,37,0.0,0.0,1.0,37,1250,800,450,0.64,17,8,9,372.0082359305873,0.7692692692692693,0.17433347919052378,0.23631070216772346,134365.57716836748,2597.0202664399276,136962.59743480742,566,2,237.94594594594594,34,3,18,31.161250813334863,0.6681985294117645,40.80357142857144,1036.7857142857154,30.493697478991628,0
603,4,1,1,37,0.02631578947368421,0.02631578947368421,0.9736842105263158,38,1000,700,300,0.7,13,7,6,366.3366906482038,0.7774122807017544,0.16133371440642685,0.23491582940809505,134709.75894187338,2270.080559797457,136979.83950167085,567,0,232.6578947368421,33,5,19,30.964344036516742,0.6739267676767677,40.4718137254902,1038.1127450980398,31.457961972667874,0
604,4,0,0,37,0.0,0.0,1.0,37,1000,600,400,0.6,14,6,8,374.8550641256412,0.7692067067067067,0.1691447026197288,0.23995824172940727,134646.1566014274,2694.55873341985,137340.71533484728,568,4,239.94594594594594,33,4,19,30.806839650490016,0.6732954545454545,40.53308823529412,1037.8676470588243,31.450534759358312,0
605,4,0,0,37,0.0,0.0,1.0,37,1350,1200,150,0.8888888888888888,15,12,3,371.7393339772537,0.7690815815815816,0.16965000398628693,0.23921722516759505,134837.00867755196,2624.8439602556755,137461.85263780763,569,5,240.94594594594594,33,4,17,30.69702556538838,0.6751893939393939,40.349264705882355,1038.6029411764712,31.472816399287005,0
606,4,0,0,37,0.0,0.0,1.0,37,1000,600,400,0.6,14,6,8,366.5637948076185,0.77002002002002,0.1619020785019185,0.23684199591974112,134983.42013888893,2496.0069444444507,137479.42708333337,570,6,241.94594594594594,34,3,17,30.685311414060415,0.6743259803921569,40.208333333333336,1039.166666666667,30.563725490196088,0
607,4,0,0,37,0.0,0.0,1.0,37,1200,1000,200,0.8333333333333334,14,10,4,365.07488138485905,0.7687062062062062,0.16146257355740778,0.23628382426769504,135045.28238378692,2460.3280895691655,137505.6104733561,571,7,242.94594594594594,34,3,17,30.66229526972854,0.6749387254901961,40.148809523809526,1039.4047619047624,30.57072829131654,0
608,4,0,1,36,0.0,0.02702702702702703,0.972972972972973,37,1200,900,300,0.75,15,9,6,360.7301947768365,0.7662662662662663,0.15198643236026443,0.23494514425030483,135272.23186728396,2359.355709876547,137631.5875771605,572,8,243.94594594594594,35,2,18,30.549065420560744,0.6749999999999999,39.93055555555556,1040.2777777777778,29.722222222222225,0
609,4,0,1,35,0.0,0.027777777777777776,0.9722222222222222,36,700,500,200,0.7142857142857143,9,5,4,366.80877722298635,0.7642857142857143,0.1638275278826955,0.2386305500072398,135230.95415249432,2720.78018707483,137951.73433956914,573,9,249.61111111111111,34,2,18,30.43211819465111,0.6767769607843137,39.970238095238095,1040.1190476190475,30.591736694677866,0
610,4,0,0,35,0.0,0.0,1.0,35,1050,800,250,0.7619047619047619,13,8,5,366.2636344118679,0.761484593837535,0.1735207584177838,0.23889135557908395,135323.8378684807,2912.8401360544185,138236.67800453512,574,10,254.02857142857144,34,1,19,30.353737604881765,0.6776960784313726,39.88095238095238,1040.4761904761904,30.60224089635854,0
611,4,1,1,35,0.027777777777777776,0.027777777777777776,0.9722222222222222,36,850,600,250,0.7058823529411765,11,6,5,354.7764891608445,0.7693452380952381,0.1606258720104703,0.23320917647614609,135603.54141214423,2421.789667995543,138025.33108013976,575,0,247.94444444444446,35,1,19,30.374323998962847,0.6782738095238094,39.61226851851852,1041.550925925926,29.75859788359789,0
612,4,1,1,35,0.027777777777777776,0.027777777777777776,0.9722222222222222,36,700,400,300,0.5714285714285714,10,4,6,352.9888958867994,0.7641203703703704,0.1557250599931439,0.23243083731417477,135664.68431122453,2377.628774149839,138042.31308537436,576,0,248.91666666666666,34,2,19,30.360101702662536,0.6810661764705882,39.55357142857143,1041.7857142857147,30.64075630252102,0
613,4,0,0,35,0.0,0.0,1.0,35,750,500,250,0.6666666666666666,10,5,5,360.23728148771215,0.7579131652661064,0.16059834084525493,0.23658826865274055,135571.6836734693,2767.594954648517,138339.2786281178,577,13,257.0285714285714,34,1,19,30.263822206980645,0.6801470588235294,39.64285714285714,1041.4285714285706,30.630252100840313,0
614,4,0,0,35,0.0,0.0,1.0,35,400,200,200,0.5,6,2,4,360.23728148771215,0.7579131652661064,0.16059834084525493,0.23658826865274055,135571.6836734693,2767.594954648517,138339.2786281178,578,14,258.0285714285714,34,1,19,30.263822206980645,0.6801470588235294,39.64285714285714,1041.4285714285706,30.630252100840313,0
615,4,0,0,35,0.0,0.0,1.0,35,900,800,100,0.8888888888888888,10,8,2,362.78399851784627,0.7562324929971989,0.15623886816547383,0.23909996553478519,135697.5156790658,2845.7916377335278,138543.30731679933,579,15,259.0285714285714,33,2,19,30.072335920959762,0.6837121212121212,39.52205882352941,1041.9117647058827,31.57308377896614,0
616,4,0,0,35,0.0,0.0,1.0,35,900,700,200,0.7777777777777778,11,7,4,364.3933392558573,0.755532212885154,0.15648785731080572,0.24102097540515716,135825.23098087273,2898.761894463666,138723.9928753364,580,16,260.0285714285714,33,2,19,29.903401520495343,0.6849747474747475,39.39950980392157,1042.4019607843136,31.58793820558526,0
617,4,0,0,35,0.0,0.0,1.0,35,1000,700,300,0.7,13,7,6,367.0551834397295,0.753781512605042,0.15935254214520755,0.24321693930725996,135889.11115916955,2975.7605247981505,138864.8716839677,581,17,261.0285714285714,33,2,17,29.77051010813351,0.6856060606060606,39.338235294117645,1042.6470588235293,31.595365418894826,0
618,4,0,0,35,0.0,0.0,1.0,35,1250,900,350,0.72,16,9,7,367.1245596759595,0.7528011204481793,0.16150798180246873,0.24384975491441102,135974.9167375283,2983.94628684807,138958.8630243764,582,18,262.0285714285714,34,1,17,29.683398013925366,0.6841299019607843,39.25595238095238,1042.9761904761904,30.675770308123248,0
619,4,0,0,35,0.0,0.0,1.0,35,800,200,600,0.25,14,2,12,364.63064847043455,0.7526610644257703,0.1594705613874945,0.24282849568350207,136068.0555555555,2922.9166666666624,138990.97222222216,583,19,263.0285714285714,34,1,17,29.65588391906283,0.6850490196078431,39.166666666666664,1043.333333333333,30.686274509803912,0
620,4,0,0,35,0.0,0.0,1.0,35,650,400,250,0.6153846153846154,9,4,5,363.8876423726712,0.7526610644257703,0.15917203161926508,0.24254564147501634,136099.10891439914,2904.9567743764273,139004.06568877556,584,20,264.0285714285714,34,1,17,29.644419091081957,0.6853553921568627,39.136904761904766,1043.4523809523814,30.68977591036416,0
621,4,0,0,35,0.0,0.0,1.0,35,750,700,50,0.9333333333333333,8,7,1,360.64834509363845,0.7516806722689076,0.15759254431699743,0.2410186501357487,136192.29024943314,2823.5048185941123,139015.79506802725,585,21,265.0285714285714,34,1,17,29.636414613746954,0.6862745098039216,39.04761904761905,1043.809523809524,30.700280112044826,0
622,4,0,0,35,0.0,0.0,1.0,35,850,400,450,0.47058823529411764,13,4,9,360.98099724094124,0.7509103641456583,0.1559442381603806,0.24208909081020927,136316.5816326531,2841.539115646263,139158.12074829938,586,22,266.0285714285714,34,1,19,29.504388964888275,0.6875,38.92857142857143,1044.2857142857147,30.714285714285726,0
623,4,0,0,35,0.0,0.0,1.0,35,950,600,350,0.631578947368421,13,6,7,358.506830301702,0.7502801120448179,0.1502645502645501,0.24106493761666178,136409.837372449,2780.771683673472,139190.60905612246,587,23,267.0285714285714,34,1,19,29.476495726495724,0.6884191176470589,38.839285714285715,1044.6428571428573,30.724789915966394,0
624,4,0,0,35,0.0,0.0,1.0,35,1100,700,400,0.6363636363636364,15,7,8,357.2237102833929,0.7495798319327731,0.14937343358396027,0.2408379208039651,136503.12500000012,2752.4305555555707,139255.55555555568,588,24,268.0285714285714,34,1,20,29.41753056884635,0.6893382352941175,38.75000000000001,1045.000000000001,30.735294117647086,0
625,4,0,0,35,0.0,0.0,1.0,35,600,400,200,0.6666666666666666,8,4,4,357.6997317365519,0.7488795518207282,0.15401887406443238,0.24158489574207112,136565.33446712018,2769.876700680272,139335.21116780044,589,25,269.0285714285714,34,1,21,29.34344153378891,0.6899509803921569,38.69047619047619,1045.2380952380952,30.742296918767504,0
626,4,0,0,35,0.0,0.0,1.0,35,950,700,250,0.7368421052631579,12,7,5,361.12963036241956,0.7464285714285713,0.15209701541062493,0.24563523154991826,136814.31405895695,2881.5405328798274,139695.85459183677,590,26,270.0285714285714,34,1,22,29.007121453497206,0.6924019607843137,38.452380952380956,1046.1904761904766,30.77030812324931,0
627,4,0,0,35,0.0,0.0,1.0,35,700,600,100,0.8571428571428571,8,6,2,361.7039593121687,0.7461484593837534,0.15552919381835317,0.24668266146728282,136907.7398667801,2904.014314058963,139811.75418083905,591,27,271.0285714285714,34,1,22,28.89958480263906,0.6933210784313726,38.36309523809524,1046.5476190476195,30.780812324929986,0
628,4,0,0,35,0.0,0.0,1.0,35,1100,700,400,0.6363636363636364,15,7,8,360.6095995838128,0.7441876750700279,0.14872477988238764,0.2465941538678111,137001.1975623583,2880.7893990929742,139881.9869614513,592,28,272.0285714285714,34,1,21,28.83571184898795,0.6942401960784312,38.273809523809526,1046.9047619047622,30.79131652661065,0
629,4,0,0,35,0.0,0.0,1.0,35,850,500,350,0.5882352941176471,12,5,7,360.0660930929814,0.7429271708683473,0.14692671202845142,0.2468824178440339,137094.6871456915,2872.629676870735,139967.31682256225,593,29,273.0285714285714,34,1,21,28.757436247205487,0.6951593137254902,38.1845238095238,1047.261904761904,30.80182072829129,0
630,4,0,0,35,0.0,0.0,1.0,35,950,600,350,0.631578947368421,13,6,7,358.3688320013937,0.7415966386554621,0.14801564757251584,0.24659922521065417,137219.389526644,2835.0304705215412,140054.41999716553,594,30,274.0285714285714,34,1,21,28.678559254630155,0.6963848039215685,38.06547619047619,1047.7380952380954,30.815826330532218,0
631,4,0,0,35,0.0,0.0,1.0,35,800,400,400,0.5,12,4,8,357.46555528784603,0.7401960784313725,0.14765096314568105,0.24641889453397892,137281.76197562367,2814.700255102054,140096.4622307257,595,31,275.0285714285714,34,1,21,28.640567609527046,0.6969975490196079,38.00595238095239,1047.9761904761913,30.822829131652686,0
632,4,0,0,35,0.0,0.0,1.0,35,1100,700,400,0.6363636363636364,15,7,8,357.63245032770817,0.739985994397759,0.14508340364769245,0.24675517967751906,137312.95351473923,2821.5136054421746,140134.46712018142,596,32,276.0285714285714,34,1,21,28.605368771770397,0.6973039215686274,37.976190476190474,1048.095238095238,30.826330532212886,0
633,4,0,0,35,0.0,0.0,1.0,35,950,700,250,0.7368421052631579,12,7,5,357.25897561543013,0.7385854341736694,0.14094978590891372,0.24738498877521287,137437.75510204077,2820.1743197278856,140257.92942176867,597,33,277.0285714285714,34,1,22,28.491853996366938,0.6985294117647058,37.857142857142854,1048.5714285714282,30.84033613445377,0
634,4,0,1,34,0.0,0.02857142857142857,0.9714285714285714,35,1100,1000,100,0.9090909090909091,12,10,2,356.69940769299177,0.7348739495798319,0.14131449312937505,0.24878654890992213,137687.52834467124,2822.611961451251,140510.14030612248,598,34,278.0285714285714,34,1,22,28.259934588626738,0.7009803921568627,37.61904761904762,1049.5238095238096,30.86834733893558,0
635,4,0,0,34,0.0,0.0,1.0,34,750,700,50,0.9333333333333333,8,7,1,367.7068039401422,0.729538027332145,0.14985471007274853,0.2561979952920617,137651.7013438341,3323.0934316128487,140974.79477544696,599,35,283.2352941176471,33,1,22,28.00651543462184,0.7029671717171717,37.65318627450981,1049.387254901961,31.799613784907905,0
636,4,0,0,34,0.0,0.0,1.0,34,750,400,350,0.5333333333333333,11,4,7,362.49924524900644,0.7274584076054664,0.10933802894403755,0.25000754398141145,137298.2747020376,3154.1041906958753,140452.37889273348,600,36,284.2352941176471,33,1,17,28.49236046149048,0.6994949494949495,37.99019607843137,1048.039215686274,31.758764111705272,3
637,4,0,0,34,0.0,0.0,1.0,34,500,200,300,0.4,8,2,6,362.90673531435675,0.7263071895424837,0.10681838501798491,0.2505198795111939,137330.3856239187,3167.6243812475996,140498.0100051663,601,37,285.2352941176471,33,1,17,28.44993472076075,0.6998106060606061,37.95955882352941,1048.1617647058824,31.762477718360074,0
638,4,0,1,33,0.0,0.029411764705882353,0.9705882352941176,34,700,500,200,0.7142857142857143,9,5,4,356.13640473012697,0.7265671420083185,0.0914768299159272,0.2404978144056415,136560.7597588668,2926.851601547483,139487.61136041427,602,38,286.2352941176471,33,1,19,29.388825380075822,0.6922348484848484,38.69485294117647,1045.2205882352941,31.67335115864528,1
639,4,0,0,33,0.0,0.0,1.0,33,750,600,150,0.8,9,6,3,362.0740957092395,0.7239583333333334,0.1072379382953399,0.24378870154548074,136456.94835029598,3281.50523543517,139738.45358573116,603,39,293.3333333333333,32,1,19,29.336606243705937,0.6936848958333333,38.794191919191924,1044.823232323233,32.65072601010103,0
640,4,0,0,33,0.0,0.0,1.0,33,800,500,300,0.625,11,5,6,363.17543755090435,0.7231691919191919,0.10632051366528295,0.24521747732841653,136555.90787929806,3318.750318845013,139874.65819814306,604,40,294.3333333333333,32,1,20,29.209702424095994,0.6946614583333334,38.69949494949495,1045.2020202020203,32.662563131313135,0
641,4,0,0,33,0.0,0.0,1.0,33,1200,1000,200,0.8333333333333334,14,10,4,365.5534551564798,0.7238794191919192,0.10715854194115049,0.24728616084114807,136621.90082644636,3388.5215794306782,140010.42240587703,605,41,295.3333333333333,32,1,20,29.082125603864732,0.6953125,38.63636363636364,1045.454545454546,32.67045454545456,0
642,4,0,0,33,0.0,0.0,1.0,33,700,500,200,0.7142857142857143,9,5,4,363.32756622910756,0.7229324494949495,0.10044669805625994,0.24647356519866484,136720.92013888885,3334.8958333333285,140055.8159722222,606,42,296.3333333333333,32,1,20,29.04216467463479,0.6962890625,38.541666666666664,1045.833333333333,32.68229166666666,0
643,4,0,0,33,0.0,0.0,1.0,33,950,600,350,0.631578947368421,13,6,7,362.2365371099805,0.7230902777777778,0.09155974704828762,0.2473592168568153,136952.1046959494,3321.811230996841,140273.91592694624,607,43,297.3333333333333,32,1,18,28.84172698029755,0.6985677083333334,38.32070707070707,1046.7171717171718,32.70991161616162,0
644,4,0,0,33,0.0,0.0,1.0,33,650,400,250,0.6153846153846154,9,4,5,363.52175083293673,0.7203282828282829,0.09330249315779304,0.24894185628881438,137051.24357527285,3364.2216036628824,140415.46517893573,608,44,298.3333333333333,32,1,19,28.709956187949665,0.6995442708333334,38.2260101010101,1047.095959595959,32.721748737373716,0
645,4,0,0,33,0.0,0.0,1.0,33,500,200,300,0.4,8,2,6,363.3784486395103,0.718671085858586,0.09173105375637003,0.2493154864735101,137117.35608930202,3365.098427456369,140482.4545167584,609,45,299.3333333333333,32,1,20,28.648282097649197,0.7001953125,38.16287878787878,1047.348484848484,32.72964015151513,0
646,4,0,0,33,0.0,0.0,1.0,33,700,600,100,0.8571428571428571,8,6,2,361.98252826256635,0.7185921717171718,0.09082144656981916,0.24906559034185544,137216.55475206618,3333.999081726359,140550.55383379254,610,46,300.3333333333333,32,1,20,28.586707640395268,0.701171875,38.06818181818182,1047.7272727272732,32.74147727272729,0
647,4,0,0,33,0.0,0.0,1.0,33,1300,1200,100,0.9230769230769231,14,12,2,360.0279164389762,0.7185921717171718,0.07099608387162082,0.2150936013596956,132082.88278546688,2910.7050173010116,134993.5878027679,611,47,301.3333333333333,33,0,20,33.76251788268957,0.6477272727272729,43.01470588235293,1027.9411764705862,31.149732620320794,8
648,4,1,1,33,0.029411764705882353,0.029411764705882353,0.9705882352941176,34,900,500,400,0.5555555555555556,13,5,8,348.96490681702727,0.7232248960190137,0.06037151702786425,0.21023007800928187,132398.0034722219,2440.8268454440213,134838.8303176659,612,0,293.44117647058823,33,1,20,33.729757085020246,0.6508838383838386,42.708333333333314,1029.166666666664,31.186868686868607,0
649,4,0,0,33,0.0,0.0,1.0,33,800,400,400,0.5,12,4,8,357.46752175651255,0.7166982323232324,0.0675004963271788,0.21481315999612882,132303.4278432572,2858.835694204131,135162.26353746135,613,49,303.3333333333333,33,0,20,33.606189199920586,0.6499368686868687,42.800245098039206,1028.7990196078417,31.175727866904296,0
650,4,0,0,33,0.0,0.0,1.0,33,650,500,150,0.7692307692307693,8,5,3,356.319361306152,0.7161458333333334,0.06388427386832896,0.21503121781858292,132462.98408644518,2839.8589683677815,135302.84305481295,614,50,304.3333333333333,32,1,22,33.47515229567846,0.6539713541666667,42.645202020202014,1029.4191919191912,32.169349747474726,0
651,4,0,0,33,0.0,0.0,1.0,33,650,500,150,0.7692307692307693,8,5,3,355.63740988921063,0.7147253787878789,0.06352638696925128,0.2151764625412761,132560.4848995,2828.693500663201,135389.17840016322,615,51,305.3333333333333,32,1,22,33.3946378943927,0.6549479166666666,42.55050505050505,1029.7979797979797,32.181186868686865,0
652,4,0,0,33,0.0,0.0,1.0,33,1150,600,550,0.5217391304347826,17,6,11,356.17314238379737,0.7151199494949495,0.06365901941340146,0.21606071886315256,132658.0215826191,2849.844881899811,135507.8664645189,616,52,306.3333333333333,32,1,19,33.28277566695265,0.6559244791666666,42.45580808080808,1030.1767676767677,32.19302398989899,0
653,4,0,0,33,0.0,0.0,1.0,33,650,500,150,0.7692307692307693,8,5,3,357.59693695919094,0.714251893939394,0.05889079473985115,0.21748928460960645,132755.59413580262,2894.5987654321198,135650.19290123472,617,53,307.3333333333333,32,1,19,33.148023360287524,0.6569010416666665,42.36111111111112,1030.5555555555568,32.20486111111115,0
654,4,0,0,33,0.0,0.0,1.0,33,650,500,150,0.7692307692307693,8,5,3,357.1867961084873,0.7128314393939394,0.0550606506020519,0.21761738831564872,132820.66243240502,2888.3573742475423,135709.01980665256,618,54,308.3333333333333,32,1,19,33.09320390331538,0.6575520833333333,42.29797979797981,1030.808080808082,32.21275252525256,0
655,4,0,0,33,0.0,0.0,1.0,33,750,500,250,0.6666666666666666,10,5,5,359.43463114308923,0.7127525252525253,0.0537269350787164,0.21955891043721845,132918.2947690287,2955.0876504948524,135873.38241952355,619,55,309.3333333333333,32,1,19,32.93717603363127,0.6585286458333333,42.20328282828283,1031.186868686869,32.22458964646466,0
656,4,1,1,33,0.029411764705882353,0.029411764705882353,0.9705882352941176,34,650,500,150,0.7692307692307693,8,5,3,350.5406817225821,0.7241161616161617,0.046090770670652814,0.21549296507062654,133155.82498317945,2535.3067329873056,135691.13171616677,620,0,301.20588235294116,33,1,19,32.928144542072346,0.658459595959596,41.97303921568627,1032.1078431372543,31.275995246583467,0
657,4,0,0,33,0.0,0.0,1.0,33,1050,500,550,0.47619047619047616,16,5,11,361.01300023072224,0.7134627525252526,0.053708895118586675,0.22148635419560536,133081.09504132232,3008.801078971536,136089.89612029385,621,57,311.3333333333333,32,1,20,32.73296010768479,0.66015625,42.04545454545455,1031.818181818182,32.24431818181819,0
658,4,0,0,33,0.0,0.0,1.0,33,900,600,300,0.6666666666666666,12,6,6,361.01300023072224,0.7134627525252526,0.053708895118586675,0.22148635419560536,133081.09504132232,3008.801078971536,136089.89612029385,622,58,312.3333333333333,32,1,20,32.73296010768479,0.66015625,42.04545454545455,1031.818181818182,32.24431818181819,0
659,4,0,1,32,0.0,0.030303030303030304,0.9696969696969697,33,750,600,150,0.8,9,6,3,360.88619895401484,0.7119633838383839,0.056280654784395256,0.22166467406212687,133124.20590938587,3008.537731881977,136132.74364126785,623,59,313.3333333333333,33,0,20,32.692945216324276,0.6581439393939392,42.00367647058824,1031.9852941176475,31.272281639928714,0
660,4,0,0,32,0.0,0.0,1.0,32,850,700,150,0.8235294117647058,10,7,3,369.85304267317565,0.7098034274193549,0.05411697247706404,0.22750553979331914,133178.8230314509,3451.318583562906,136630.14161501382,624,60,304.90625,32,0,20,32.40672782874618,0.6611328125,41.95075757575758,1032.19696969697,32.25615530303031,0
661,4,1,2,31,0.030303030303030304,0.06060606060606061,0.9393939393939394,33,1300,800,500,0.6153846153846154,18,8,10,360.95217135657725,0.7226957070707072,0.0343338108087099,0.22438234069068308,133570.0936926078,3042.805899908155,136612.89959251595,625,0,296.6363636363636,32,1,21,32.24395382924148,0.6650390625,41.57196969696969,1033.7121212121203,32.30350378787876,0
662,4,0,0,31,0.0,0.0,1.0,31,850,600,250,0.7058823529411765,11,6,5,374.7802819775835,0.7076164874551971,0.01352928024066502,0.23215312548728514,133438.5871887206,3802.0302666558023,137240.6174553764,626,62,297.19354838709677,31,0,21,32.01861478680949,0.6663306451612904,41.69921874999999,1033.203124999999,33.3291330645161,0
663,4,0,0,31,0.0,0.0,1.0,31,750,500,250,0.6666666666666666,10,5,5,374.06829330983953,0.7066308243727598,0.011804186417215368,0.2323574455212168,133541.67569950267,3790.7455814823093,137332.42128098497,627,63,298.19354838709677,30,1,23,31.933517555266576,0.670138888888889,41.599462365591386,1033.602150537633,34.4534050179211,0
664,4,0,0,31,0.0,0.0,1.0,31,650,300,350,0.46153846153846156,10,3,7,372.8511567716869,0.7051971326164874,0.013770373569604644,0.2322545707728408,133645.88978855917,3766.0049210891166,137411.8947096483,628,64,299.19354838709677,30,1,23,31.8604033970276,0.6711805555555557,41.49865591397848,1034.0053763440844,34.46684587813615,0
665,4,0,0,31,0.0,0.0,1.0,31,900,600,300,0.6666666666666666,12,6,6,373.8100981799008,0.7061827956989247,0.018073905170679527,0.23350994444744425,133750.14452537845,3799.4309313215117,137549.57545669997,629,65,300.19354838709677,30,1,19,31.731039934164937,0.6722222222222223,41.39784946236558,1034.408602150536,34.4802867383512,0
666,4,0,0,31,0.0,0.0,1.0,31,750,600,150,0.8,9,6,3,374.1077823000884,0.7062724014336917,0.017082482911230823,0.23391613325457175,133784.90513715448,3809.994833217704,137594.89997037218,630,66,301.19354838709677,30,1,19,31.688482525659357,0.6725694444444446,41.36424731182795,1034.5430107526875,34.48476702508958,0
667,4,0,0,31,0.0,0.0,1.0,31,1050,700,350,0.6666666666666666,14,7,7,372.9203348612381,0.7018817204301075,0.015197020914753612,0.23405537887256672,133923.99274843908,3788.59604434038,137712.58879277945,631,67,302.19354838709677,30,1,19,31.57977318962905,0.6739583333333334,41.229838709677416,1035.08064516129,34.502688172043,0
668,4,0,0,31,0.0,0.0,1.0,31,1000,700,300,0.7,13,7,6,370.80511833845003,0.7014336917562723,0.015293580632598003,0.233168312372333,133993.56365258983,3737.099845357834,137730.66349794765,632,68,303.19354838709677,30,1,19,31.564812410749052,0.6746527777777779,41.162634408602145,1035.3494623655909,34.51164874551969,0
669,4,0,0,31,0.0,0.0,1.0,31,800,500,300,0.625,11,5,6,369.92707618465374,0.7014336917562723,0.009928070476236783,0.22246299513022355,132331.00891113296,3590.5646430121683,135921.5735541451,633,69,304.19354838709677,31,0,23,33.257930481734576,0.6552419354838709,42.77343750000001,1028.9062500000011,33.19052419354843,3
670,4,0,0,31,0.0,0.0,1.0,31,850,500,350,0.5882352941176471,12,5,7,368.30631546165307,0.7002688172043011,0.00705237038004447,0.2218820973634839,132398.00347222236,3552.604166666685,135950.60763888905,634,70,305.19354838709677,31,0,23,33.23211875843456,0.6559139784946235,42.70833333333334,1029.1666666666679,33.198924731182835,0
671,4,1,1,31,0.03125,0.03125,0.96875,32,300,100,200,0.3333333333333333,5,1,4,357.732619533378,0.7138776881720431,0.0020738528631016884,0.21685998108264803,132632.6179504396,3089.4027709961083,135722.02072143572,635,0,296.625,31,1,17,33.26815510049298,0.658266129032258,42.48046875000001,1030.0781250000011,33.22832661290326,0
672,4,0,0,31,0.0,0.0,1.0,31,500,400,100,0.8,6,4,2,369.0962544144647,0.6985663082437276,0.010285179990649818,0.22276660461468775,132467.1769315818,3578.6277676610152,136045.8046992428,636,72,307.19354838709677,30,1,24,33.14210950080516,0.6593749999999999,42.64112903225807,1029.4354838709687,34.31451612903229,0
673,4,0,0,31,0.0,0.0,1.0,31,750,600,150,0.8,9,6,3,377.38472542216357,0.700089605734767,0.029642988892076838,0.22065511062945203,131261.4017062716,3707.2096082899116,134968.6113145615,637,73,308.19354838709677,31,0,20,34.14707750952985,0.644489247311828,43.81510416666666,1024.7395833333323,33.05611559139782,2
674,4,1,1,31,0.03125,0.03125,0.96875,32,1000,800,200,0.8,12,8,4,368.55230343599516,0.716733870967742,0.02055900812207745,0.21733352813649456,131587.09092184468,3299.3450923375167,134886.4360141822,638,0,299.53125,32,0,17,34.04401509557798,0.6451822916666667,43.49747474747475,1026.010101010101,32.062815656565654,0
675,4,1,0,32,0.03125,0.0,1.0,32,850,500,350,0.5882352941176471,12,5,7,369.066574661228,0.7058131720430109,0.030435317265125272,0.21874995518550316,131781.48275686146,3327.2280889705025,135108.71084583196,639,0,300.5,32,0,19,33.83444007214297,0.6471354166666667,43.3080808080808,1026.7676767676762,32.08648989898988,0
676,4,0,0,32,0.0,0.0,1.0,32,1300,1000,300,0.7692307692307693,16,10,6,373.24965925386954,0.7057711693548387,0.03306181673013153,0.2229365719725423,132073.33953486884,3459.265795582079,135532.60533045093,640,1,301.5,32,0,21,33.43236907832781,0.6500651041666667,43.023989898989896,1027.90404040404,32.12200126262625,0
677,4,0,0,32,0.0,0.0,1.0,32,800,400,400,0.5,12,4,8,375.20086552777855,0.7048471102150539,0.03811003683241232,0.2248720419222779,132203.1572830579,3520.5478076216737,135723.70509067958,641,2,302.5,32,0,21,33.25122774708409,0.6513671875,42.89772727272727,1028.4090909090912,32.1377840909091,0
678,4,0,0,32,0.0,0.0,1.0,32,1150,800,350,0.6956521739130435,15,8,7,375.1905456571981,0.7066952284946237,0.050480769230769384,0.22602942628616585,132398.00347222236,3535.0393135904687,135933.04278581284,642,3,303.5,31,1,21,33.054993252361676,0.6559139784946235,42.70833333333334,1029.1666666666679,33.198924731182835,0
679,4,1,0,33,0.030303030303030304,0.0,1.0,33,400,200,200,0.5,6,2,4,368.9353553128719,0.7168560606060607,0.027672407528522625,0.21190915036565783,130575.52984429066,3034.7858996539767,133610.31574394464,643,0,295.27272727272725,33,0,19,35.05845323741006,0.6325757575757576,44.48529411764706,1022.0588235294118,30.971479500891267,3
680,4,0,0,33,0.0,0.0,1.0,33,450,300,150,0.6666666666666666,6,3,3,370.60914409403756,0.7151988636363636,0.02395766365561358,0.2133879978727781,130669.48596993941,3085.4612709054136,133754.94724084483,644,1,296.27272727272725,33,0,19,34.920367373846325,0.6335227272727273,44.393382352941174,1022.426470588235,30.982620320855606,0
681,4,0,0,33,0.0,0.0,1.0,33,1050,800,250,0.7619047619047619,13,8,5,371.5335470520613,0.7174084595959597,0.028880080149845222,0.21478961570572097,130826.1546039986,3121.261053441001,133947.4156574396,645,2,297.27272727272725,33,0,19,34.73786136399936,0.63510101010101,44.24019607843138,1023.0392156862756,31.001188354129564,0
682,4,1,1,33,0.029411764705882353,0.029411764705882353,0.9705882352941176,34,600,400,200,0.6666666666666666,8,4,4,362.65661387042167,0.7309120617944148,0.02632766661651864,0.21106713075191957,131084.19075963736,2707.7097505669126,133791.9005102043,646,0,289.5,34,0,19,34.70365418894831,0.6354166666666665,43.98809523809525,1024.0476190476204,30.11904761904766,0
683,4,0,0,33,0.0,0.0,1.0,33,700,500,200,0.7142857142857143,9,5,4,377.50645099139103,0.7181976010101011,0.03157638881330982,0.2191321323927097,130982.91710219647,3289.379235149969,134272.29633734643,647,4,299.27272727272725,33,0,19,34.426129334769946,0.6366792929292928,44.08700980392158,1023.6519607843153,31.019756387403493,0
684,4,1,0,34,0.029411764705882353,0.0,1.0,34,850,400,450,0.47058823529411764,13,4,9,371.092682300687,0.7296122994652406,0.037686569787470425,0.2178899980919193,131422.35145436856,2954.4288855248096,134376.78033989336,648,0,291.44117647058823,33,1,20,34.14542747300904,0.6410984848484848,43.65808823529412,1025.367647058824,31.071746880570426,0
685,4,0,0,34,0.0,0.0,1.0,34,600,400,200,0.6666666666666666,8,4,4,372.3305261962491,0.7291666666666667,0.034198336999993195,0.21897640012202452,131485.18786344197,2991.1898368416078,134476.37770028357,649,1,292.44117647058823,33,1,20,34.050140399091894,0.6417297979797979,43.5968137254902,1025.6127450980396,31.07917409387999,0
686,4,0,0,34,0.0,0.0,1.0,34,950,500,450,0.5263157894736842,14,5,9,371.3849129380262,0.7311720142602496,0.037497980202471304,0.2191406537019096,131610.9057363756,2975.660953719742,134586.56669009535,650,2,293.44117647058823,33,1,16,33.947285919025425,0.6429924242424241,43.47426470588236,1026.102941176472,31.094028520499155,0
687,4,0,0,34,0.0,0.0,1.0,34,900,600,300,0.6666666666666666,12,6,6,373.57599408180783,0.7308006535947713,0.03769073583832516,0.22116226872249495,131736.6836823577,3042.7325127354866,134779.4161950932,651,3,294.44117647058823,33,1,17,33.76395189208549,0.6442550505050505,43.35171568627451,1026.5931372549016,31.108882947118232,0
688,4,0,0,34,0.0,0.0,1.0,34,900,700,200,0.7777777777777778,11,7,4,374.7682610149427,0.7309120617944148,0.03960166743862903,0.222787770484202,131893.9905925605,3085.936298539017,134979.92689109952,652,4,295.44117647058823,33,1,17,33.57442535592142,0.6458333333333334,43.1985294117647,1027.2058823529408,31.127450980392144,0
689,4,0,0,34,0.0,0.0,1.0,34,950,900,50,0.9473684210526315,10,9,1,379.98148724408696,0.7302807486631017,0.04723346355353897,0.22682595968086516,132051.39136690204,3235.416816849277,135286.80818375133,653,5,296.44117647058823,33,1,17,33.281541870354914,0.6474116161616161,43.045343137254896,1027.8186274509796,31.14601901366605,0
690,4,0,1,33,0.0,0.029411764705882353,0.9705882352941176,34,1050,800,250,0.7619047619047619,13,8,5,381.21039150700153,0.7302436125965538,0.044752155927925585,0.2281280445608946,132145.87688629373,3275.0762927720084,135420.95317906575,654,6,297.44117647058823,33,1,17,33.154549066348835,0.6483585858585859,42.95343137254902,1028.1862745098038,31.157159833630416,0
691,4,0,1,32,0.0,0.030303030303030304,0.9696969696969697,33,900,700,200,0.7777777777777778,11,7,4,386.65789315529275,0.7296401515151516,0.053612481307055315,0.2319377906953619,132235.6216840118,3625.9893760840655,135861.61106009586,655,7,300.5151515151515,32,1,19,32.92387879531877,0.6516927083333334,42.86616161616161,1028.5353535353531,32.141729797979785,0
692,4,0,0,32,0.0,0.0,1.0,32,650,500,150,0.7692307692307693,8,5,3,396.7074761620093,0.7202620967741936,0.06185869014441314,0.23688417676421367,132063.20020887596,4078.0917697482746,136141.29197862424,656,8,310.53125,31,1,19,32.839815049404606,0.6525537634408602,43.03385416666667,1027.8645833333342,33.15692204301078,0
693,4,0,0,32,0.0,0.0,1.0,32,800,500,300,0.625,11,5,6,395.56791480738974,0.7200100806451614,0.0606952887537997,0.2366215344938751,132130.1269531251,4053.2877604166815,136183.41471354177,657,9,311.53125,31,1,19,32.80141843971633,0.6532258064516128,42.96875000000001,1028.1250000000007,33.16532258064518,0
694,4,0,0,32,0.0,0.0,1.0,32,750,500,250,0.6666666666666666,10,5,5,394.8184720751498,0.7199680779569892,0.058974135747752454,0.2363822194069341,132163.59668307842,4036.1258612738816,136199.7225443523,658,10,312.53125,31,1,19,32.786844160229634,0.6535618279569892,42.93619791666667,1028.255208333334,33.16952284946238,0
695,4,0,0,32,0.0,0.0,1.0,32,850,600,250,0.7058823529411765,11,6,5,398.28003168113133,0.7201360887096775,0.06626930135425901,0.23930118101236658,132297.51798841698,4138.291931152363,136435.80991956935,659,11,313.53125,31,1,19,32.562465721638624,0.6549059139784945,42.80598958333334,1028.7760416666677,33.18632392473121,0
696,4,0,0,32,0.0,0.0,1.0,32,700,400,300,0.5714285714285714,10,4,6,397.1545181858414,0.7193380376344086,0.06819331983805665,0.2392613804680558,132398.00347222228,4116.49305555556,136514.49652777784,660,12,314.53125,31,1,19,32.48987854251012,0.6559139784946236,42.708333333333336,1029.166666666667,33.19892473118281,0
697,4,1,0,33,0.030303030303030304,0.0,1.0,33,600,300,300,0.5,9,3,6,383.4249969122573,0.728219696969697,0.06297476108796873,0.23319782599089756,132755.59413580253,3580.362654320994,136335.9567901235,661,0,305.969696969697,32,1,20,32.482592093441156,0.6569010416666666,42.361111111111114,1030.5555555555559,32.20486111111112,0
698,4,0,0,33,0.0,0.0,1.0,33,1250,900,350,0.72,16,9,7,382.2380842592376,0.7283775252525253,0.05922510663414715,0.23267781370679774,132788.12629132232,3551.3358011937535,136339.46209251607,662,1,306.969696969697,32,1,20,32.480399362979284,0.6572265625,42.32954545454545,1030.6818181818182,32.20880681818182,0
699,4,0,0,33,0.0,0.0,1.0,33,600,400,200,0.6666666666666666,8,4,4,366.1395039241996,0.7283775252525253,0.04719893327488234,0.2028809074850524,129170.24289035462,2858.865730728556,132029.10862108317,663,2,307.969696969697,33,0,19,36.55904661442636,0.6183712121212122,45.86397058823529,1016.5441176470584,30.804367201426015,8
700,4,0,1,32,0.0,0.030303030303030304,0.9696969696969697,33,900,500,400,0.5555555555555556,13,5,8,362.8277606378592,0.7286142676767677,0.049665125587034176,0.20152240681211225,129263.69214965402,2780.0911908881217,132043.78334054214,664,3,308.969696969697,33,0,19,36.54796336466619,0.6193181818181819,45.77205882352941,1016.9117647058827,30.815508021390382,0
701,4,1,1,32,0.030303030303030304,0.030303030303030304,0.9696969696969697,33,750,600,150,0.8,9,6,3,365.4333887321894,0.7275094696969697,0.05361249206105878,0.20361261699695551,129388.34372597076,2856.564182045364,132244.90790801612,665,0,309.8484848484849,33,0,19,36.35469364811692,0.6205808080808082,45.64950980392157,1017.4019607843136,30.830362448009502,0
702,4,0,0,32,0.0,0.0,1.0,32,850,600,250,0.7058823529411765,11,6,5,374.6796639028467,0.7199680779569892,0.055947392923649586,0.2082846578838805,129297.68207644623,3289.042412763994,132586.72448921023,666,18,320.53125,32,0,20,36.21198013656113,0.6220703125,45.73863636363636,1017.0454545454542,31.782670454545443,0
703,4,2,2,32,0.058823529411764705,0.058823529411764705,0.9411764705882353,34,1000,800,200,0.8,12,8,4,358.18798208023753,0.7454693998811647,0.04137855188815398,0.20140425431292183,129746.60572562355,2494.734977324256,132241.3407029478,667,0,302.61764705882354,34,0,17,36.17448586118252,0.6219362745098039,45.297619047619044,1018.8095238095235,29.96498599439775,0
704,4,2,1,33,0.058823529411764705,0.029411764705882353,0.9705882352941176,34,900,800,100,0.8888888888888888,10,8,2,357.89237221448514,0.7486259655377303,0.04581309220335705,0.20170616185175835,129837.58680555562,2493.5763888888932,132331.16319444453,668,0,303.55882352941177,34,0,18,36.08953393295175,0.6228553921568627,45.208333333333336,1019.1666666666672,29.975490196078447,0
705,4,1,1,33,0.029411764705882353,0.029411764705882353,0.9705882352941176,34,1150,900,250,0.782608695652174,14,9,5,356.35940810443395,0.7440210932857992,0.05492599842038404,0.20146655646300185,129958.94451530626,2462.4185090703118,132421.36302437657,669,0,304.52941176470586,34,0,18,36.005302588052146,0.6240808823529411,45.08928571428572,1019.6428571428582,29.98949579831936,0
706,4,0,0,33,0.0,0.0,1.0,33,950,600,350,0.631578947368421,13,6,7,360.0126345027138,0.7327967171717172,0.05624114172869743,0.2029983105870559,129856.32216275009,2749.9833297289747,132606.30549247906,670,2,314.75757575757575,33,0,18,36.01646727586069,0.6253156565656565,45.18995098039217,1019.2401960784329,30.886066547831298,0
707,4,1,0,34,0.029411764705882353,0.0,1.0,34,1000,500,500,0.5,15,5,10,352.8313638630849,0.7469919786096257,0.05415428740025141,0.2007182005572813,130201.83000283457,2387.8578514739343,132589.6878543085,671,0,306.47058823529414,34,0,19,35.84874023095766,0.626531862745098,44.85119047619048,1020.5952380952389,30.017507002801143,0
708,4,0,0,34,0.0,0.0,1.0,34,850,500,350,0.5882352941176471,12,5,7,355.09761709178,0.7474004753416519,0.049934152765583883,0.20248119442680212,130292.9705215419,2453.344671201809,132746.3151927437,672,1,307.47058823529414,34,0,20,35.69846082089554,0.6274509803921569,44.76190476190476,1020.9523809523805,30.02801120448178,0
709,4,1,1,34,0.02857142857142857,0.02857142857142857,0.9714285714285714,35,400,200,200,0.5,6,2,4,346.34612167367544,0.7588235294117647,0.05032765399737915,0.19869330138121405,130528.5644531251,2041.6124131944591,132570.17686631955,673,0,299.65714285714284,35,0,16,35.68318892286783,0.6276785714285713,44.53125000000001,1021.8750000000008,29.196428571428594,0
710,4,1,0,35,0.02857142857142857,0.0,1.0,35,950,900,50,0.9473684210526315,10,9,1,344.25243787490524,0.7610644257703081,0.049129274799903255,0.19839988836430456,130706.03358892752,1999.174141589514,132705.20773051702,674,0,300.62857142857143,35,0,18,35.55708828522919,0.6294642857142856,44.35763888888889,1022.5694444444448,29.216269841269852,0
711,4,0,1,34,0.0,0.02857142857142857,0.9714285714285714,35,950,500,450,0.5263157894736842,14,5,9,346.5407712564116,0.7639355742296918,0.04538328511628675,0.2003318428473135,130824.41332572453,2067.1986186128343,132891.61194433738,675,1,301.62857142857143,35,0,18,35.378837161066485,0.6306547619047618,44.24189814814815,1023.032407407408,29.22949735449737,0
712,4,1,0,35,0.02857142857142857,0.0,1.0,35,1000,800,200,0.8,12,8,4,350.17845496253074,0.761484593837535,0.05837680691270286,0.20337021891947352,131002.08340031284,2174.8214323988223,133176.90483271168,676,0,302.4,35,0,19,35.1061098549086,0.6324404761904763,44.06828703703703,1023.7268518518512,29.249338624338606,0
713,4,0,0,35,0.0,0.0,1.0,35,750,400,350,0.5333333333333333,11,4,7,350.5415144747212,0.759453781512605,0.061379488504262225,0.20405206053107436,131090.96364883392,2190.564986282564,133281.52863511647,677,1,303.4,35,0,20,35.00696955997588,0.6333333333333333,43.981481481481474,1024.0740740740732,29.259259259259235,0
714,4,0,0,35,0.0,0.0,1.0,35,700,600,100,0.8571428571428571,8,6,2,353.4659044339188,0.7596638655462185,0.05647787981987484,0.20623116151249934,131179.874038173,2273.522564086073,133453.39660225908,678,2,304.4,35,0,21,34.84222592550747,0.6342261904761906,43.894675925925924,1024.4212962962963,29.269179894179896,0
715,4,1,1,35,0.027777777777777776,0.027777777777777776,0.9722222222222222,36,900,600,300,0.6666666666666666,12,6,6,343.96391912174676,0.7702050264550265,0.04480375291289995,0.20222591423122968,131472.44953991158,1844.3558000568191,133316.8053399684,679,0,296.9166666666667,36,0,21,34.79031697229236,0.6351273148148149,43.609234234234236,1025.5630630630635,28.487862862862876,0
716,4,0,0,35,0.0,0.0,1.0,35,700,400,300,0.5714285714285714,10,4,6,351.24467776143024,0.7581232492997199,0.04667935361094111,0.2060480367954138,131387.44882758908,2229.828425068581,133617.27725265766,680,4,306.4,35,0,21,34.689452096033726,0.6363095238095238,43.692129629629626,1025.2314814814808,29.292328042328023,0
717,4,0,0,35,0.0,0.0,1.0,35,550,500,50,0.9090909090909091,6,5,1,352.7905874679614,0.7583333333333333,0.04016768784263114,0.20727616743807303,131446.78605109756,2274.6377743484386,133721.423825446,681,5,307.4,35,0,21,34.58991723100076,0.6369047619047619,43.63425925925927,1025.4629629629642,29.298941798941833,0
718,4,0,0,35,0.0,0.0,1.0,35,850,700,150,0.8235294117647058,10,7,3,352.5264758174649,0.7576330532212885,0.03828861493836144,0.20792729262287635,131595.18771701414,2278.1575520833685,133873.3452690975,682,6,308.4,35,0,17,34.44691201353638,0.638392857142857,43.48958333333335,1026.0416666666688,29.31547619047625,0
719,4,0,0,35,0.0,0.0,1.0,35,1100,800,300,0.7272727272727273,14,8,6,357.30145843094937,0.7569327731092437,0.04429199478235635,0.21173154560727822,131773.38023244613,2416.564187885816,134189.94442033194,683,7,309.4,35,0,18,34.14461447412917,0.6401785714285714,43.31597222222223,1026.7361111111122,29.33531746031749,0
720,4,0,0,35,0.0,0.0,1.0,35,900,700,200,0.7777777777777778,11,7,4,356.26560899242526,0.7549019607843137,0.04311793682990417,0.21161318702803097,131862.521701389,2395.6163194444557,134258.13802083346,684,8,310.4,35,0,20,34.08130493576741,0.6410714285714285,43.22916666666667,1027.0833333333342,29.34523809523812,0
721,4,1,1,35,0.027777777777777776,0.027777777777777776,0.9722222222222222,36,1100,900,200,0.8181818181818182,13,9,4,351.44565116984927,0.7640873015873016,0.038949738347328955,0.21026859732508021,132137.36329234645,2087.8203372291277,134225.18362957556,685,0,302.75,36,0,20,33.928212851405625,0.6417824074074073,42.961711711711715,1028.1531531531534,28.559809809809817,0
722,4,1,0,36,0.027777777777777776,0.0,1.0,36,1000,700,300,0.7,13,7,6,347.5748971647749,0.7651785714285715,0.04375676431602904,0.20907122023663927,132340.06123944905,1999.6166352163132,134339.67787466536,686,0,303.72222222222223,36,0,21,33.823784247200045,0.6438078703703705,42.76463963963965,1028.9414414414425,28.581706706706736,0
723,4,1,2,35,0.02702702702702703,0.05405405405405406,0.9459459459459459,37,950,700,250,0.7368421052631579,12,7,5,339.57913424053316,0.7738363363363363,0.036078232799544585,0.2058068636810043,132623.79410010765,1607.254636041851,134231.0487361495,687,0,296.4864864864865,37,0,21,33.74450003548364,0.6447072072072072,42.489035087719294,1030.0438596491222,27.83902323376006,0
724,4,1,1,35,0.027777777777777776,0.027777777777777776,0.9722222222222222,36,950,700,250,0.7368421052631579,12,7,5,348.1821238333833,0.7617063492063493,0.04878122873529689,0.21056728441352243,132542.9145361579,2029.8146964532202,134572.72923261113,688,0,305.25,36,0,21,33.60423046077573,0.6458333333333334,42.56756756756757,1029.7297297297307,28.60360360360363,0
725,4,0,0,35,0.0,0.0,1.0,35,400,200,200,0.5,6,2,4,356.0429142202001,0.75,0.05437280074553774,0.21432481721948515,132368.22601862552,2425.7537883658997,134793.9798069914,689,3,314.9714285714286,35,0,21,33.577611254826984,0.6461309523809524,42.73726851851851,1029.0509259259247,29.401455026454993,0
726,4,1,1,35,0.027777777777777776,0.027777777777777776,0.9722222222222222,36,1300,1000,300,0.7692307692307693,16,10,6,351.61199377588946,0.7620039682539683,0.046385337364465595,0.21379410996964546,132745.92318247302,2135.0117431620847,134880.9349256351,690,0,307.19444444444446,36,0,18,33.31193312206316,0.6478587962962963,42.3704954954955,1030.5180180180182,28.625500500500507,0
727,4,0,0,35,0.0,0.0,1.0,35,950,700,250,0.7368421052631579,12,7,5,364.1095821234695,0.7515406162464986,0.04969502407704662,0.22074763493861543,132636.3436642659,2658.8327331961373,135295.17639746206,691,5,316.9714285714286,35,0,18,33.100187265917604,0.648809523809524,42.47685185185184,1030.092592592591,29.431216931216888,0
728,4,0,0,35,0.0,0.0,1.0,35,1200,700,500,0.5833333333333334,17,7,10,359.99447838943377,0.7502100840336134,0.04967269926838691,0.21894746144668795,132755.59413580218,2558.256172839469,135313.85030864165,692,6,317.9714285714286,35,0,19,33.08625336927222,0.6500000000000001,42.36111111111109,1030.5555555555532,29.444444444444375,0
729,4,0,0,35,0.0,0.0,1.0,35,550,300,250,0.5454545454545454,8,3,5,360.6613859382894,0.7506302521008403,0.045041865836835226,0.2197024831167169,132815.23946544903,2580.2656678669123,135395.50513331595,693,7,318.9714285714286,35,0,20,33.00911370611572,0.6505952380952382,42.303240740740726,1030.7870370370354,29.451058201058153,0
730,4,0,0,35,0.0,0.0,1.0,35,650,400,250,0.6153846153846154,9,4,5,364.23015169384047,0.7494397759103641,0.043184296619411144,0.22223028707457038,132874.89819101492,2679.4088648833804,135554.3070558983,694,8,319.9714285714286,35,0,20,32.8571695853914,0.6511904761904763,42.24537037037036,1031.018518518517,29.457671957671916,0
731,4,0,0,35,0.0,0.0,1.0,35,1050,900,150,0.8571428571428571,12,9,3,364.52976650038596,0.7486694677871147,0.041794012475345976,0.22259052020232584,132904.7325772674,2689.5462266374843,135594.2788039049,695,9,320.9714285714286,35,0,20,32.819456916227026,0.6514880952380953,42.21643518518517,1031.134259259257,29.460978835978775,0
732,4,0,0,35,0.0,0.0,1.0,35,750,300,450,0.4,12,3,9,362.16279136161677,0.7480392156862744,0.0427080494413008,0.2214984649158108,132964.411396712,2630.952476637506,135595.3638733495,696,10,321.9714285714286,35,0,20,32.82050742527963,0.6520833333333333,42.15856481481481,1031.3657407407397,29.467592592592563,0
733,4,0,0,35,0.0,0.0,1.0,35,700,400,300,0.5714285714285714,10,4,6,362.2977451275871,0.7488795518207282,0.03807814353024175,0.2221129367309016,133053.9547432269,2641.029556755816,135694.98429998272,697,11,322.9714285714286,35,0,20,32.72707725674969,0.6529761904761905,42.07175925925925,1031.712962962962,29.477513227513196,0
734,4,0,0,35,0.0,0.0,1.0,35,950,700,250,0.7368421052631579,12,7,5,357.6756072282206,0.7481792717086834,0.033908948194662836,0.219982832086984,133173.39275763018,2526.5748242455284,135699.9675818757,698,12,323.9714285714286,35,0,20,32.72641474172088,0.6541666666666668,41.95601851851851,1032.175925925925,29.490740740740712,0
735,4,0,0,35,0.0,0.0,1.0,35,1150,900,250,0.782608695652174,14,9,5,359.89775915560966,0.747689075630252,0.04104600701394778,0.22188306215806453,133263.00643272034,2592.2114786951274,135855.21791141547,699,13,324.9714285714286,35,0,20,32.57914378059261,0.6550595238095238,41.86921296296296,1032.523148148148,29.500661375661373,0
736,4,0,0,35,0.0,0.0,1.0,35,850,700,150,0.8235294117647058,10,7,3,361.0230335626377,0.7463585434173668,0.04494094299158147,0.22347375850070067,133412.4295374657,2632.9920053155024,136045.4215427812,700,14,325.9714285714286,35,0,21,32.40019792366868,0.6565476190476189,41.72453703703704,1033.101851851852,29.51719576719577,0
737,4,0,0,35,0.0,0.0,1.0,35,1050,800,250,0.7619047619047619,13,8,5,380.22579772850156,0.7463585434173668,0.08069767441860476,0.2209420175989944,131023.24263038569,2963.6967859417646,133986.93941632746,701,15,326.9714285714286,34,1,17,34.31564922480621,0.6348039215686274,44.04761904761906,1023.8095238095254,30.11204481792722,3
738,4,0,0,35,0.0,0.0,1.0,35,950,700,250,0.7368421052631579,12,7,5,393.9629519555681,0.7463585434173668,0.07920971164214397,0.20507044913580735,126659.88592128047,3002.8905557321227,129662.7764770126,702,16,327.9714285714286,33,2,17,38.431336742147565,0.5928030303030302,48.34558823529413,1006.6176470588251,30.503565062388642,7
739,4,2,0,37,0.05405405405405406,0.0,1.0,37,750,600,150,0.8,9,6,3,384.99023401703965,0.7697697697697697,0.07814954542643338,0.20668394627204695,127910.26341735241,2448.840449245526,130359.10386659794,703,0,311.18918918918916,35,2,17,37.37032799389779,0.6011904761904763,47.106481481481474,1011.574074074073,28.90211640211637,1
740,4,1,0,38,0.02631578947368421,0.0,1.0,38,1150,800,350,0.6956521739130435,15,8,7,376.64244943689005,0.7768788525367473,0.08430707117989544,0.203967419186323,128258.57688347125,2061.524911736056,130320.1017952073,704,0,303.9736842105263,36,2,18,37.22438391699093,0.6027199074074074,46.762387387387385,1012.9504504504499,28.137512512512497,0
741,4,1,0,39,0.02564102564102564,0.0,1.0,39,1150,1000,150,0.8695652173913043,13,10,3,369.50439737034367,0.7891363022941971,0.09087733887733873,0.20176597849325115,128588.99493113245,1702.8398160972356,130291.83474722967,705,0,297.15384615384613,37,2,18,37.067117117117114,0.6041666666666667,46.43640350877192,1014.2543859649105,27.412280701754337,0
742,4,0,0,39,0.0,0.0,1.0,39,1000,800,200,0.8,12,8,4,372.91982439011275,0.7883490778227621,0.09508454668350952,0.20448731602813283,128755.86718990449,1803.123076331167,130558.99026623565,706,1,298.15384615384613,37,2,19,36.80990708729473,0.6058558558558559,46.2719298245614,1014.9122807017536,27.430061640587937,0
743,4,1,0,40,0.025,0.0,1.0,40,1000,800,200,0.8,12,8,4,362.9953836221862,0.7959134615384615,0.10985423214479262,0.19507037883994835,127950.32035097349,1289.8445916051237,129240.16494257862,707,0,291.675,37,3,19,37.885530688920205,0.5976914414414414,47.06688596491229,1011.7324561403517,27.344120436225722,2
744,4,1,1,40,0.024390243902439025,0.024390243902439025,0.975609756097561,41,850,600,250,0.7058823529411765,11,6,5,361.6773286570576,0.8056910569105691,0.10786709446100318,0.19558413810059672,128201.54772593555,1073.8132240315858,129275.36094996714,708,0,285.5365853658537,36,5,19,37.661699840616784,0.6021412037037036,46.8186936936937,1012.7252252252266,28.131256256256293,0
745,4,1,2,39,0.024390243902439025,0.04878048780487805,0.9512195121951219,41,800,500,300,0.625,11,5,6,360.4376591315327,0.8038617886178862,0.10740165420993986,0.19547062201364707,128315.618722608,1049.9562484782357,129365.57497108623,709,0,286.5121951219512,36,5,19,37.57641436034234,0.6032986111111109,46.706081081081095,1013.1756756756777,28.143768768768822,0
746,4,1,0,40,0.025,0.0,1.0,40,850,600,250,0.7058823529411765,11,6,5,368.262652527163,0.799599358974359,0.1093235831809869,0.19944521874490928,128261.74554183827,1446.8021262002894,129708.54766803856,710,0,294.525,35,5,20,37.43334856794638,0.6047619047619046,46.75925925925927,1012.9629629629641,28.941798941798975,0
747,4,2,2,40,0.047619047619047616,0.047619047619047616,0.9523809523809523,42,1050,700,350,0.6666666666666666,14,7,7,355.17628808864214,0.8151858304297329,0.1132130325814531,0.1948137838823388,128767.28121119179,747.0169935715132,129514.2982047633,711,0,281.45238095238096,38,4,17,37.24846491228068,0.6041666666666665,46.260683760683776,1014.9572649572675,26.709401709401778,0
748,4,5,4,41,0.1111111111111111,0.08888888888888889,0.9111111111111111,45,1000,700,300,0.7,13,7,6,334.449668739336,0.8361531986531987,0.11019133343170573,0.18654859300794102,129430.4693206722,-338.75191442973073,129091.71740624247,712,0,263.55555555555554,36,9,13,37.099979710786485,0.6145833333333333,45.60810810810812,1017.5675675675691,28.265765765765806,0
749,4,0,0,41,0.0,0.0,1.0,41,1250,900,350,0.72,16,9,7,363.3311562782466,0.8067073170731708,0.11591204831336999,0.1996955452927806,128848.62075617284,1162.943672839511,130011.56442901235,713,1,290.2682926829268,38,3,19,36.95850433196535,0.6049890350877192,46.18055555555556,1015.2777777777777,26.71783625730994,0
750,4,3,2,42,0.06818181818181818,0.045454545454545456,0.9545454545454546,44,1150,900,250,0.782608695652174,14,9,5,344.21167383788577,0.82978770260747,0.1199002532430613,0.19245655889410096,129525.1833231526,119.70954968280282,129644.8928728354,714,0,271.40909090909093,35,9,16,36.75537710820542,0.6175595238095237,45.515046296296305,1017.9398148148161,29.083994708994748,0
751,4,0,0,42,0.0,0.0,1.0,42,700,500,200,0.7142857142857143,9,5,4,359.8402695030676,0.8172183507549361,0.1423613732566278,0.19223313324497612,127712.20419908341,793.2919079200628,128505.49610700348,715,1,285.3333333333333,38,4,17,38.20927139484904,0.5934758771929823,47.30235042735044,1010.7905982906,26.599752586594736,5
752,4,3,1,44,0.06666666666666667,0.022222222222222223,0.9777777777777777,45,1050,600,450,0.5714285714285714,15,6,9,329.9525124623063,0.8406565656565657,0.14205160843689613,0.1768097712176849,127836.0281268589,-546.0416639370331,127289.98646292186,716,0,267.24444444444447,40,5,17,38.83801460489732,0.5914062500000001,47.17987804878048,1011.2804878048772,25.28201219512193,6
753,4,3,2,45,0.06382978723404255,0.0425531914893617,0.9574468085106383,47,850,700,150,0.8235294117647058,10,7,3,320.57560631095055,0.8437403638606228,0.15376370663802708,0.1739118194415289,128329.16802300338,-1171.044423233638,127158.12359976974,717,0,256.8085106382979,39,8,18,38.572294472430684,0.5980235042735043,46.69270833333333,1013.2291666666658,25.98023504273502,0
754,4,1,2,44,0.021739130434782608,0.043478260869565216,0.9565217391304348,46,1150,1000,150,0.8695652173913043,13,10,3,327.72017535033206,0.8393518518518519,0.15632037868606607,0.1772081883711235,128198.62349559856,-797.3449256702554,127401.2785699283,718,0,263.3695652173913,38,8,18,38.524413616063576,0.5984100877192983,46.82158119658119,1012.7136752136744,26.650359874044064,0
755,4,0,0,44,0.0,0.0,1.0,44,1350,900,450,0.6666666666666666,18,9,9,335.2371434569578,0.8387508809020437,0.15429781115194108,0.17556842927228786,126908.26958550364,-287.22030926118117,126621.04927624247,719,2,271.65909090909093,39,5,19,39.65429976911679,0.5836004273504274,48.09895833333334,1007.6041666666681,25.83600427350431,3
756,4,2,0,46,0.043478260869565216,0.0,1.0,46,550,400,150,0.7272727272727273,7,4,3,324.13552685626814,0.8440418679549114,0.16671600751775162,0.17196746917448316,127433.60595703125,-938.5823567708335,126495.02360026042,720,0,260.80434782608694,39,7,15,39.39623525568281,0.5889423076923077,47.578125,1009.6875,25.889423076923077,0
757,4,3,1,48,0.061224489795918366,0.02040816326530612,0.9795918367346939,49,800,400,400,0.5,12,4,8,310.459423990489,0.8596584467120182,0.1782475747599177,0.16723819925635164,128046.4395638033,-1849.355225797729,126197.08433800557,721,0,245.77551020408163,42,7,17,39.11640338279877,0.5905257936507937,46.9718992248062,1012.1124031007756,24.097914359542276,0
758,4,0,3,45,0.0,0.0625,0.9375,48,1450,1100,350,0.7586206896551724,18,11,7,315.46264130207146,0.8539265661938534,0.18518881484385208,0.17013640548870676,128094.31295666391,-1518.205939783345,126576.10701688056,722,1,251.89583333333334,41,7,17,38.941019861492215,0.592479674796748,46.92460317460316,1012.3015873015854,24.69028261711184,0
759,4,2,1,46,0.0425531914893617,0.02127659574468085,0.9787234042553191,47,1300,800,500,0.6153846153846154,18,8,10,319.9271824838089,0.8512565525747764,0.1826991048165758,0.17322841902507113,128252.72715547167,-1193.673587257594,127059.05356821408,723,0,256.82978723404256,38,9,18,38.66658756108708,0.5989583333333333,46.7681623931624,1012.9273504273515,26.655982905982935,0
760,4,3,1,48,0.061224489795918366,0.02040816326530612,0.9795918367346939,49,800,500,300,0.625,11,5,6,306.3219178839572,0.8603316326530612,0.19678345480337023,0.16782897150696302,128722.74900990492,-1913.880129598132,126808.86888030678,724,0,247.28571428571428,41,8,14,38.533316225111605,0.5988313008130081,46.304563492063494,1014.7817460317463,24.750774293457226,0
761,4,3,2,49,0.058823529411764705,0.0392156862745098,0.9607843137254902,51,1250,900,350,0.72,16,9,7,292.93171938263595,0.8609150326797387,0.21250142430983954,0.16295200097294824,129324.56099580874,-2622.458566368637,126702.10242944011,725,0,238.52941176470588,42,9,18,38.2633133276174,0.6034226190476188,45.71220930232559,1017.1511627906992,24.21788482834998,0
762,4,1,1,49,0.02,0.02,0.98,50,1250,900,350,0.72,16,9,7,293.0598715272388,0.8557312925170067,0.2513400479616308,0.1559545258127342,127556.54450040552,-2523.6590912505358,125032.88540915499,726,0,244.12,42,8,16,40.055355715427666,0.5855654761904763,47.456395348837205,1010.1744186046503,24.051771871539295,6
763,4,1,2,48,0.02,0.04,0.96,50,1250,1000,250,0.8,15,10,5,292.71176422463054,0.8581972789115646,0.2503509108341324,0.15624276872379192,127678.93024006962,-2525.375015023144,125153.55522504647,727,0,244.98,42,8,16,39.939477468839875,0.5868055555555556,47.33527131782945,1010.6589147286813,24.06330749354003,0
764,4,0,2,46,0.0,0.041666666666666664,0.9583333333333334,48,1300,700,600,0.5384615384615384,19,7,12,307.97467531202034,0.8466681442080378,0.19653135236312602,0.16561194794710313,127976.79498285422,-1708.2543526993982,126268.54063015482,728,2,256.1041666666667,43,5,17,39.2502144751209,0.5884205426356588,47.0407196969697,1011.837121212122,23.531095842142374,6
765,4,1,1,46,0.02127659574468085,0.02127659574468085,0.9787234042553191,47,1450,1200,250,0.8275862068965517,17,12,5,315.27890740154845,0.8446654332408263,0.2208266001208241,0.1706890206448255,128247.44824715792,-1313.0372237761635,126934.41102338176,729,0,261.9148936170213,40,7,18,38.789672586201135,0.5955729166666666,46.773373983739845,1012.9065040650419,25.322662601626046,0
766,4,1,2,45,0.02127659574468085,0.0425531914893617,0.9574468085106383,47,1100,800,300,0.7272727272727273,14,8,6,314.4559774252111,0.8428923835954363,0.21655377160504385,0.17123432482499498,128479.16253552795,-1319.7918732235905,127159.37066230437,730,0,262.8085106382979,40,7,15,38.574662523389485,0.5979166666666667,46.54471544715448,1013.8211382113834,25.345528455284587,0
767,4,2,2,45,0.0425531914893617,0.0425531914893617,0.9574468085106383,47,1250,900,350,0.72,16,9,7,316.66237463355765,0.849059512796793,0.23098477503489323,0.17344343448799093,128711.0859628033,-1248.4083754709413,127462.67758733236,731,0,263.48936170212767,40,7,17,38.282840928058754,0.6002604166666666,46.31605691056911,1014.7357723577242,25.368394308943103,0
768,4,1,0,46,0.021739130434782608,0.0,1.0,46,1400,1000,400,0.7142857142857143,18,10,8,321.76419188748054,0.8391103059581321,0.24262558379434807,0.17669612494579653,128814.23017259876,-910.4386649811827,127903.79150761759,732,0,270.1521739130435,40,6,18,38.048520038709256,0.6013020833333333,46.21443089430893,1015.1422764227624,25.37855691056906,0
769,4,2,1,47,0.041666666666666664,0.020833333333333332,0.9791666666666666,48,1900,1600,300,0.8421052631578947,22,16,6,311.3406654482032,0.8504358747044917,0.24206003822786526,0.17334965443370295,129360.29188368047,-1543.2333042604541,127817.05857942002,733,0,259.8541666666667,39,9,19,37.75897672196053,0.608440170940171,45.67708333333333,1017.291666666666,26.084401709401693,0
770,4,1,0,48,0.020833333333333332,0.0,1.0,48,1950,1600,350,0.8205128205128205,23,16,7,315.634201381531,0.8472591607565012,0.2563791163837186,0.17716826757225113,129678.39084201407,-1413.812934027759,128264.57790798631,734,0,260.8333333333333,39,9,20,37.327418695029664,0.6116452991452991,45.36458333333334,1018.5416666666681,26.116452991453027,0
771,4,0,0,48,0.0,0.0,1.0,48,850,600,250,0.7058823529411765,11,6,5,310.41498070818614,0.8472591607565012,0.23681642247250756,0.1754587888138159,129951.54303200812,-1521.791337982919,128429.7516940252,735,1,261.8333333333333,40,8,18,37.18395959998672,0.6127604166666667,45.09654471544716,1019.6138211382118,25.490345528455297,2
772,4,1,0,49,0.02040816326530612,0.0,1.0,49,1150,800,350,0.6956521739130435,15,8,7,306.0391503540191,0.8484977324263039,0.24323198667221946,0.17437114380635987,130262.58680555565,-1826.9097222222117,128435.67708333343,736,0,257.46938775510205,42,7,19,36.9812925170068,0.6128472222222221,44.79166666666667,1020.8333333333342,24.305555555555575,0
773,4,0,0,49,0.0,0.0,1.0,49,1600,900,700,0.5625,23,9,14,307.5760085564478,0.8476473922902494,0.24816576299056048,0.17584739148081494,130395.54172092043,-1778.691948784689,128616.84977213574,737,1,258.46938775510205,39,10,19,36.807857385687605,0.6188568376068375,44.66145833333335,1021.354166666669,26.188568376068435,0
774,4,1,1,49,0.02,0.02,0.98,50,1200,700,500,0.5833333333333334,17,7,10,300.83280095888375,0.8493367346938775,0.24476985783875138,0.17301756116897743,130625.9411250745,-2140.68645069071,128485.25467438379,738,0,254.28,40,10,16,36.74777148159196,0.6195312499999999,44.435975609756106,1022.2560975609767,25.556402439024417,0
775,4,1,0,50,0.02,0.0,1.0,50,1650,1100,550,0.6666666666666666,22,11,11,303.247415570931,0.846547619047619,0.2576539020843429,0.17563150430174929,130896.3128798974,-2061.2062822814232,128835.10659761599,739,0,255.26,41,9,17,36.41369768944901,0.620680894308943,44.17162698412699,1023.3134920634927,24.958865660085188,0
776,4,0,0,50,0.0,0.0,1.0,50,1700,1200,500,0.7058823529411765,22,12,10,300.1993049571229,0.8468367346938775,0.25325809435707747,0.1742832699563102,130988.6193253557,-2135.4615042470227,128853.15782110867,740,1,256.26,43,7,17,36.39878199198275,0.6187015503875969,44.08143939393939,1023.6742424242414,23.80637773079631,0
777,4,1,0,51,0.0196078431372549,0.0,1.0,51,900,600,300,0.6666666666666666,12,6,6,301.44758164566656,0.8480392156862746,0.27732636102593533,0.1764528440632409,131304.39921982176,-2283.7212791495076,129020.67794067225,741,0,252.2156862745098,44,7,18,36.049251663805826,0.6205018939393939,43.77314814814815,1024.907407407408,23.293350168350184,0
778,4,0,1,50,0.0,0.0196078431372549,0.9803921568627451,51,1400,1100,300,0.7857142857142857,17,11,6,297.8131708927791,0.8479738562091504,0.2706958094958678,0.17476548516293341,131400.93338391028,-2373.412130786311,129027.52125312397,742,1,253.2156862745098,43,8,19,36.04539961823838,0.6228197674418604,43.67897727272728,1025.2840909090921,23.843816067653304,0
779,4,0,0,50,0.0,0.0,1.0,50,1500,1000,500,0.6666666666666666,20,10,10,307.3567321039066,0.8406292517006803,0.27918699186991924,0.18002322880371685,131328.12500000023,-1927.0833333333035,129401.04166666693,743,2,259.06,44,6,19,35.873983739837435,0.6207386363636362,43.750000000000014,1025.0000000000018,23.295454545454586,0
780,4,1,2,49,0.0196078431372549,0.0392156862745098,0.9607843137254902,51,1300,800,500,0.6153846153846154,18,8,10,302.6411399417658,0.8468627450980393,0.2786901562655517,0.17850390589379628,131595.18771701408,-2234.7764756944243,129360.41124131966,744,0,254.9607843137255,43,8,17,35.726522842639596,0.6247577519379843,43.48958333333334,1026.0416666666683,23.86143410852717,0
781,4,1,1,49,0.02,0.02,0.98,50,1000,700,300,0.7,13,7,6,309.94344054306447,0.8462755102040816,0.28514922553834543,0.18272166750946367,131576.54663181308,-1843.742488432176,129732.8041433809,745,0,257.36,42,8,17,35.557942954287874,0.6259920634920635,43.5077519379845,1025.9689922480627,24.427833148763398,0
782,4,0,0,49,0.0,0.0,1.0,49,1300,800,500,0.6153846153846154,18,8,10,320.28203786140705,0.841765873015873,0.2916940492472022,0.18872003153987485,131557.01929209149,-1372.9299532313194,130184.08933886017,746,5,263.61224489795916,41,8,17,35.31240934145636,0.6272865853658538,43.5267857142857,1025.8928571428544,25.021777003484253,0
783,4,0,1,48,0.0,0.02040816326530612,0.9795918367346939,49,950,400,550,0.42105263157894735,15,4,11,314.3422513919225,0.8413761337868481,0.2752409749054743,0.18596336621796544,131709.7262081913,-1519.613626700714,130190.1125814906,747,6,264.61224489795916,41,8,17,35.311261718372464,0.6288109756097562,43.377976190476176,1026.4880952380927,25.036295005807137,0
784,4,0,0,48,0.0,0.0,1.0,48,1350,1000,350,0.7407407407407407,17,10,7,318.3499264860326,0.8424386820330969,0.2765096618357492,0.1887125852881119,131786.11288265293,-1209.1801303854959,130576.93275226743,748,7,263.5833333333333,41,7,17,35.13164251207729,0.6295731707317074,43.30357142857142,1026.7857142857133,25.043554006968616,0
785,4,0,0,48,0.0,0.0,1.0,48,1500,1200,300,0.8,18,12,6,321.17443722209174,0.8415521572104019,0.277946779744346,0.19101427055840187,131911.15702479336,-1126.7016758494087,130784.45534894394,749,8,264.5833333333333,43,5,17,34.93347468043266,0.627906976744186,43.18181818181818,1027.272727272727,23.89006342494714,0
786,4,1,0,49,0.02040816326530612,0.0,1.0,49,1300,800,500,0.6153846153846154,18,8,10,329.70378482740716,0.8479308390022676,0.3061569530845649,0.1891141789184019,130522.07396597623,-1172.2199142470865,129349.85405172914,750,0,260.16326530612247,40,9,14,36.11490966351734,0.6184895833333333,44.537601626016276,1021.8495934959374,25.546239837398435,5
787,4,0,0,49,0.0,0.0,1.0,49,1600,1200,400,0.75,20,12,8,329.3961874874015,0.8464781746031746,0.29773197549397445,0.18957240538462605,130651.91436975363,-1192.751503734528,129459.1628660191,751,1,261.16326530612247,40,9,15,35.991550695825055,0.6197916666666665,44.41056910569107,1022.3577235772373,25.558943089430933,0
788,4,0,0,49,0.0,0.0,1.0,49,1700,1100,600,0.6470588235294118,23,11,12,327.92373993957517,0.8454152494331066,0.3017343594504043,0.18987142826058567,130885.78976014619,-1215.888463381573,129669.90129676461,752,2,262.16326530612247,40,9,15,35.793028106068135,0.6221354166666666,44.181910569105696,1023.2723577235781,25.581808943089452,0
789,4,2,3,48,0.0392156862745098,0.058823529411764705,0.9411764705882353,51,1200,700,500,0.5833333333333334,17,7,10,314.0507839307141,0.854607843137255,0.29507240390381395,0.18382756270860584,131303.8600224548,-1952.7839653638528,129351.07605709096,753,0,252.84313725490196,43,8,16,35.72686639563892,0.6218507751937984,43.77367424242425,1024.9053030303044,23.83500704721638,0
790,4,0,0,48,0.0,0.0,1.0,48,1000,600,400,0.6,14,6,8,332.5874986830323,0.8424756205673759,0.30770949166004735,0.192962055687529,130963.79469892269,-888.6158206094193,130075.17887831327,754,4,269.2083333333333,40,8,17,35.59496624305003,0.6229166666666666,44.10569105691057,1023.5772357723586,25.589430894308965,0
791,4,0,1,47,0.0,0.020833333333333332,0.9791666666666666,48,950,600,350,0.631578947368421,13,6,7,332.7989011891931,0.8423093971631206,0.30834284721532756,0.1932151776183716,130989.80150910528,-881.3475981558339,130108.45391094945,755,5,270.2083333333333,40,8,18,35.563304543499136,0.6231770833333332,44.08028455284554,1023.6788617886199,25.5919715447155,0
792,4,0,0,47,0.0,0.0,1.0,47,1550,1100,450,0.7096774193548387,20,11,9,335.6991291887126,0.8397317298797409,0.3180428909152315,0.19582449202674915,131171.92147531247,-593.1400373454742,130578.781437967,756,6,272.8936170212766,40,7,19,35.30526620370373,0.6249999999999998,43.902439024390254,1024.3902439024403,25.609756097561007,0
793,4,0,0,47,0.0,0.0,1.0,47,1700,1400,300,0.8235294117647058,20,14,6,333.50917738573133,0.8401557200123342,0.3113461484410638,0.1954772968822504,131354.8190646703,-638.2995189934074,130716.5195456769,757,7,273.8936170212766,39,8,19,35.17691714934119,0.6284722222222221,43.72395833333334,1025.104166666668,26.28472222222226,0
794,4,1,0,48,0.020833333333333332,0.0,1.0,48,1600,1200,400,0.75,20,12,8,327.98170601359453,0.8458924349881797,0.31600108867775045,0.19447929328411745,131797.29327781097,-954.5797805538949,130842.71349725708,758,0,269.1666666666667,40,8,16,34.87315254684611,0.63125,43.29268292682927,1026.829268292684,25.6707317073171,0
795,4,0,0,48,0.0,0.0,1.0,48,1600,1100,500,0.6875,21,11,10,329.8462706470176,0.8446919326241135,0.32392433234421425,0.19639256750537956,131953.86860499685,-895.101708639052,131058.7668963578,759,1,270.1666666666667,40,8,17,34.667820639630726,0.6328125,43.14024390243902,1027.4390243902426,25.685975609756063,0
796,4,0,1,47,0.0,0.020833333333333332,0.9791666666666666,48,1800,1400,400,0.7777777777777778,22,14,8,332.1402483564647,0.8448766252955082,0.3292792792792798,0.19821272885789015,132040.89506172825,-828.7808641975425,131212.11419753073,760,2,271.1666666666667,41,7,17,34.52139639639638,0.6321138211382114,43.05555555555555,1027.7777777777767,25.067750677506748,0
797,4,0,0,47,0.0,0.0,1.0,47,1650,1000,650,0.6060606060606061,23,10,13,335.02454954712016,0.8437018193031144,0.32346903578068953,0.20030191153774596,132110.53688280762,-547.9453780818492,131562.59150472577,761,3,269.1914893617021,40,7,18,34.37726538816396,0.6343750000000001,42.98780487804877,1028.048780487803,25.701219512195074,0
798,4,0,0,47,0.0,0.0,1.0,47,1550,1000,550,0.6451612903225806,21,10,11,334.77166932866226,0.8432778291705211,0.3206012850450106,0.20112128241032917,132293.4340195154,-542.3812504131233,131751.05276910227,762,4,270.1914893617021,40,7,19,34.19996542526918,0.6361979166666667,42.80995934959349,1028.7601626016253,25.719004065040632,0
799,4,0,3,44,0.0,0.06382978723404255,0.9361702127659575,47,1600,1100,500,0.6875,21,11,10,355.29731381355504,0.8435090965155719,0.3308258299561819,0.20566208094228378,130874.74093967029,-94.8001242052535,130779.94081546503,763,5,271.1914893617021,39,8,16,35.10394397502461,0.6236645299145298,44.19270833333334,1023.2291666666679,26.23664529914533,4
800,4,0,0,44,0.0,0.0,1.0,44,1400,1100,300,0.7857142857142857,17,11,6,374.2472017890291,0.8343904157857647,0.33229983229983207,0.215400056140797,130654.64854570657,979.4273237919579,131634.07586949854,764,14,286.3863636363636,37,7,17,34.84243171743172,0.6249999999999998,44.40789473684212,1022.3684210526332,27.631578947368464,0
801,4,0,0,44,0.0,0.0,1.0,44,1250,900,350,0.72,16,9,7,373.1940717020419,0.8341261451726568,0.33331790409183504,0.21557445788906207,130794.81336805571,962.3697916666863,131757.1831597224,765,15,287.3863636363636,37,7,17,34.72717243720299,0.6264076576576575,44.27083333333334,1022.9166666666679,27.64639639639643,0
802,4,0,0,44,0.0,0.0,1.0,44,850,500,350,0.5882352941176471,12,5,7,376.2284450372983,0.8331351303735025,0.33970138496600844,0.21811902521603385,130935.0533337182,1052.2983033241158,131987.3516370423,766,16,288.3863636363636,37,7,17,34.507356617384474,0.6278153153153152,44.13377192982457,1023.4649122807028,27.661213845424403,0
803,4,0,0,44,0.0,0.0,1.0,44,1200,1000,200,0.8333333333333334,14,10,4,378.35761921994697,0.8317697322057788,0.3366644599778035,0.21999398806200884,131047.29940943359,1116.5488419513636,132163.84825138494,767,17,289.3863636363636,37,7,17,34.339080459770116,0.6289414414414414,44.02412280701754,1023.9035087719292,27.673067804646735,0
804,4,0,0,44,0.0,0.0,1.0,44,1100,700,400,0.6363636363636364,15,7,8,378.37027060379717,0.8318137773079634,0.3396046880627672,0.2201619911008638,131075.368442694,1119.0045254309134,132194.3729681249,768,18,290.3863636363636,37,7,18,34.31030713495379,0.6292229729729729,43.996710526315795,1024.0131578947373,27.67603129445236,0
805,4,0,0,44,0.0,0.0,1.0,44,650,500,150,0.7692307692307693,8,5,3,378.6996995597271,0.8315935517970402,0.33605269048476405,0.22067585112834764,131131.51552641205,1131.8931065327934,132263.40863294486,769,19,291.3863636363636,37,7,18,34.24497287942049,0.6297860360360359,43.94188596491229,1024.2324561403516,27.681958274063557,0
806,4,0,0,44,0.0,0.0,1.0,44,1300,800,500,0.6153846153846154,18,8,10,379.74810117689094,0.8305584918957012,0.33893775115626634,0.22210632844443545,131273.37643363292,1170.163087150276,132443.5395207832,770,20,292.3863636363636,38,6,19,34.07440227967751,0.6293859649122806,43.80341880341881,1024.7863247863254,26.96806117858751,0
807,4,0,0,44,0.0,0.0,1.0,44,1150,800,350,0.6956521739130435,15,8,7,376.4777972794751,0.8292151162790699,0.33741412366192747,0.22084109964125884,131385.84530476408,1092.7935553563484,132478.63886012044,771,21,293.3863636363636,36,8,19,34.04433033099005,0.6342592592592593,43.69369369369369,1025.2252252252242,28.47847847847845,0
808,4,1,0,45,0.022222222222222223,0.0,1.0,45,1100,700,400,0.6363636363636364,15,7,8,368.9709411320112,0.8307239057239058,0.3363513372879592,0.2184498936129079,131739.10307774486,721.5801692965074,132460.68324704136,772,0,287.84444444444443,38,7,16,33.87969611822249,0.634046052631579,43.34935897435897,1026.6025641025637,27.015856950067466,0
809,4,0,0,45,0.0,0.0,1.0,45,1200,900,300,0.75,15,9,6,362.2237345733831,0.8307659932659933,0.32026952416365284,0.21530369177987532,131889.27001953125,554.6847873263907,132443.95480685766,773,1,288.84444444444443,39,6,16,33.901332691072575,0.6338141025641025,43.203125,1027.1875,26.338141025641026,0
810,4,0,0,45,0.0,0.0,1.0,45,1400,1100,300,0.7857142857142857,17,11,6,364.24575150235245,0.8301767676767677,0.32102269527510363,0.2171168784634867,131996.2904188367,615.8175998263791,132612.10801866307,774,2,289.84444444444443,39,6,16,33.74144703497212,0.6348824786324787,43.09895833333333,1027.6041666666658,26.348824786324766,0
811,4,0,2,43,0.0,0.044444444444444446,0.9555555555555556,45,1600,1300,300,0.8125,19,13,6,364.1686521018469,0.8296717171717172,0.3202233027192509,0.21814762946295108,132183.68055555562,627.4305555555668,132811.11111111118,775,3,290.84444444444443,39,6,16,33.55449756888169,0.6367521367521367,42.91666666666667,1028.333333333334,26.367521367521384,0
812,4,0,0,43,0.0,0.0,1.0,43,1200,1000,200,0.8333333333333334,14,10,4,368.22153035048336,0.8308416389811738,0.3123394830470534,0.22026342451874367,132130.126953125,1130.6315104166677,133260.75846354166,776,4,294.5348837209302,39,4,17,33.50430597771024,0.6362179487179487,42.96875,1028.125,26.362179487179485,0
813,4,0,0,43,0.0,0.0,1.0,43,550,400,150,0.7272727272727273,7,4,3,365.2495268867314,0.8314414913252122,0.30838156211796774,0.2189501262266363,132210.46142578125,1057.9616970486109,133268.42312282987,777,5,295.5348837209302,39,4,17,33.49971724231068,0.6370192307692308,42.890625,1028.4375,26.370192307692307,0
814,4,0,0,43,0.0,0.0,1.0,43,1000,600,400,0.6,14,6,8,365.4862621332387,0.8300572166851237,0.31214972637448524,0.2195585355734712,132290.8203125,1070.0954861111109,133360.91579861112,778,6,296.5348837209302,39,4,18,33.41265019576077,0.6378205128205128,42.8125,1028.75,26.378205128205128,0
815,4,0,0,43,0.0,0.0,1.0,43,1050,900,150,0.8571428571428571,12,9,3,363.09576010244393,0.8277962347729789,0.31480176726889764,0.2194173519244314,132513.92598257054,1023.1791440934323,133537.10512666398,779,7,297.5348837209302,36,7,19,33.24948047686755,0.6455439814814814,42.59572072072073,1029.6171171171181,28.600475475475506,0
816,4,0,0,43,0.0,0.0,1.0,43,1050,800,250,0.7619047619047619,13,8,5,358.1903112380788,0.8277962347729789,0.3076895699657314,0.21728945405874983,132658.9004545087,903.4265684603708,133562.32702296905,780,8,298.5348837209302,36,7,17,33.22994097070398,0.6469907407407407,42.454954954954964,1030.1801801801814,28.61611611611615,0
817,4,0,0,43,0.0,0.0,1.0,43,1350,900,450,0.6666666666666666,18,9,9,359.2098783905383,0.826734957548911,0.3072202398333146,0.2183605716115317,132736.76155163138,936.0711949830866,133672.83274661447,781,9,299.5348837209302,37,6,17,33.12539902106831,0.6458333333333333,42.37938596491229,1030.4824561403518,27.85087719298248,0
818,4,0,1,42,0.0,0.023255813953488372,0.9767441860465116,43,1500,1200,300,0.8,18,12,6,359.930318583978,0.8262273901808785,0.30917047419497656,0.21929390311134014,132821.5187004656,961.2983081332782,133782.81700859885,782,10,300.5348837209302,37,6,17,33.02164220118427,0.6466779279279278,42.29714912280702,1030.8114035087724,27.859767662399253,0
819,4,0,0,42,0.0,0.0,1.0,42,1150,800,350,0.6956521739130435,15,8,7,365.9982903674398,0.822251258226868,0.3091387358134159,0.2225415518373717,132745.92318247314,1316.956187606543,134062.8793700797,783,11,306.85714285714283,36,6,18,32.941299675809574,0.6478587962962963,42.370495495495504,1030.5180180180191,28.625500500500532,0
820,4,0,0,42,0.0,0.0,1.0,42,1300,900,400,0.6923076923076923,17,9,8,365.4205756546771,0.8219608981804104,0.30740613553113505,0.22236230773880383,132774.93709926168,1303.738789465168,134078.67588872684,784,12,307.85714285714283,36,6,18,32.92700138403264,0.6481481481481481,42.342342342342356,1030.6306306306326,28.628628628628682,0
821,4,0,0,42,0.0,0.0,1.0,42,1250,900,350,0.72,16,9,7,362.9840464906716,0.8219125048393341,0.30304089302174786,0.221321401109293,132849.77709487555,1244.4699330563462,134094.2470279319,785,13,308.85714285714283,37,5,18,32.91453945968943,0.6469594594594594,42.269736842105274,1030.9210526315806,27.86273115220488,0
822,4,0,0,42,0.0,0.0,1.0,42,1400,1000,400,0.7142857142857143,18,10,8,375.68893810627117,0.8216463414634146,0.3217618631004455,0.227202357807126,132542.91453615788,1561.8909122119132,134104.8054483698,786,14,309.85714285714283,36,6,20,32.89611585010207,0.6458333333333334,42.56756756756757,1029.7297297297305,28.603603603603624,1
823,4,0,0,42,0.0,0.0,1.0,42,1400,1000,400,0.7142857142857143,18,10,8,354.959656473472,0.8216463414634146,0.21832220542538017,0.2032950759802611,130463.84222059889,868.3731028325524,131332.21532343145,787,15,310.85714285714283,36,6,18,35.52873309817753,0.625,44.59459459459459,1021.6216216216209,28.378378378378358,7
824,4,1,1,42,0.023255813953488372,0.023255813953488372,0.9767441860465116,43,700,400,300,0.5714285714285714,10,4,6,313.80734586435585,0.8266888150609081,0.10076728527163414,0.17904188615613595,130315.76063368046,-274.63966024725005,130041.12097343321,788,0,304.6046511627907,39,4,17,36.729323947493725,0.6180555555555556,44.73958333333333,1021.0416666666658,26.180555555555536,6
825,4,1,1,42,0.023255813953488372,0.023255813953488372,0.9767441860465116,43,600,400,200,0.6666666666666666,8,4,4,312.9016848432239,0.8282576596530085,0.10108748502780918,0.17889218774856053,130395.54172092021,-439.8030598958288,129955.73866102438,789,0,305.5813953488372,39,4,18,36.67187234404214,0.6188568376068376,44.661458333333336,1021.3541666666673,26.188568376068392,0
826,4,1,2,41,0.023255813953488372,0.046511627906976744,0.9534883720930233,43,1100,900,200,0.8181818181818182,13,9,4,315.1853176602352,0.8265503875968991,0.11120882350849604,0.1809410855216249,130555.17713758688,-370.18500434027294,130184.99213324662,790,0,306.5581395348837,39,4,15,36.45238762613393,0.6204594017094017,44.505208333333336,1021.9791666666673,26.204594017094035,0
827,4,1,1,41,0.023809523809523808,0.023809523809523808,0.9761904761904762,42,1700,1600,100,0.9411764705882353,18,16,2,332.87514326889243,0.8244773519163763,0.07239976282483829,0.19048309795411567,130430.54112803943,296.33205198956136,130726.873180029,791,0,314.4047619047619,37,5,18,36.12646701016174,0.6227477477477477,44.627192982456144,1021.4912280701757,27.607871028923668,4
828,4,1,1,41,0.023809523809523808,0.023809523809523808,0.9761904761904762,42,1200,900,300,0.75,15,9,6,328.96681926946894,0.8316879597367403,0.07790647342418344,0.18955697936352112,130699.2056235846,199.14039100737588,130898.34601459197,792,0,313.5,38,4,17,35.954750461463455,0.6236293859649124,44.36431623931624,1022.5427350427348,26.90901934322986,0
829,4,0,0,41,0.0,0.0,1.0,41,1100,700,400,0.6363636363636364,15,7,8,333.38725745418157,0.8203252032520325,0.07151751054190081,0.19188288817918445,130654.64854570634,511.7189904585961,131166.36753616494,793,2,322.1463414634146,37,4,18,35.886779636779636,0.625,44.4078947368421,1022.3684210526313,27.631578947368414,0
830,4,0,0,41,0.0,0.0,1.0,41,1850,1700,150,0.918918918918919,20,17,3,329.42134855369636,0.8186991869918699,0.07412459852660258,0.19084354103362144,130906.99932912021,424.712050823299,131331.7113799435,794,3,323.1463414634146,37,4,18,35.733307439551396,0.627533783783784,44.1611842105263,1023.3552631578924,27.658250355618712,0
831,4,1,0,42,0.023809523809523808,0.0,1.0,42,700,600,100,0.8571428571428571,8,6,2,326.85570758146594,0.8207752613240418,0.09310878823073887,0.19144405729771558,131328.1249999998,185.06944444441424,131513.1944444442,795,0,316.42857142857144,38,4,19,35.374322493224916,0.6299342105263159,43.749999999999986,1024.9999999999984,26.973684210526272,0
832,4,0,0,42,0.0,0.0,1.0,42,850,700,150,0.8235294117647058,10,7,3,325.8119991193719,0.8203397212543554,0.096466157579006,0.19124267618034294,131410.26925131466,163.00850591713103,131573.2777572318,796,1,317.42857142857144,38,4,19,35.31832864436803,0.6307565789473686,43.66987179487178,1025.3205128205107,26.982118758434492,0
833,4,0,0,42,0.0,0.0,1.0,42,1200,900,300,0.75,15,9,6,327.9309179518709,0.8193234610917538,0.09719969646019022,0.19303891742832052,131519.83486969437,225.8840355394519,131745.71890523384,797,2,318.42857142857144,38,4,19,35.15367322848314,0.6318530701754387,43.56303418803417,1025.747863247861,26.99336482231213,0
834,4,0,0,42,0.0,0.0,1.0,42,700,300,400,0.42857142857142855,11,3,8,325.2911666202834,0.8183072009291521,0.10141295456235633,0.19203575017749328,131629.44614517098,163.57921962886525,131793.02536479983,798,3,319.42857142857144,38,4,17,35.11105327086586,0.6329495614035089,43.456196581196565,1026.175213675211,27.00461088618976,0
835,4,0,0,42,0.0,0.0,1.0,42,1550,1200,350,0.7741935483870968,19,12,7,322.7672988220562,0.8187669376693767,0.09810554803788918,0.19082002706359924,131684.26890432072,100.67515432095922,131784.94405864167,799,4,320.42857142857144,38,4,17,35.12065854758682,0.633497807017544,43.402777777777764,1026.3888888888869,27.010233918128602,0
836,4,0,0,42,0.0,0.0,1.0,42,450,200,250,0.4444444444444444,7,2,5,323.6350796345819,0.8191298877274487,0.0958724872130372,0.19147080327149363,131711.68456424834,125.304304551066,131836.9888687994,800,5,321.42857142857144,38,4,17,35.07081772134334,0.6337719298245617,43.37606837606836,1026.4957264957238,27.013045434097997,0
837,4,0,1,41,0.0,0.023809523809523808,0.9761904761904762,42,900,500,400,0.5555555555555556,13,5,8,321.2444044185536,0.8188637243515292,0.1013496440090973,0.19046761078758248,131793.94866544273,67.61370899989487,131861.5623744426,801,6,322.42857142857144,38,4,17,35.04946588977909,0.6345942982456142,43.295940170940156,1026.8162393162368,27.02147998200623,0
838,4,0,0,41,0.0,0.0,1.0,41,1350,1000,350,0.7407407407407407,17,10,7,324.5214656948388,0.8133130081300813,0.09491345931098394,0.18832466158826489,130972.46334876555,311.29328292791195,131283.75663169345,802,7,331.0487804878049,38,3,16,35.79262777023971,0.6263706140350876,44.09722222222223,1023.6111111111121,26.937134502924003,3
839,4,0,0,41,0.0,0.0,1.0,41,850,700,150,0.8235294117647058,10,7,3,322.06973143625015,0.8129573170731708,0.09355646266409057,0.18711248411123307,131015.81090124913,239.2454061735603,131255.0563074227,803,8,332.0487804878049,40,1,16,35.81166037985571,0.6234375000000001,44.05487804878048,1023.7804878048771,25.59451219512193,0
840,4,1,1,41,0.023809523809523808,0.023809523809523808,0.9761904761904762,42,1150,800,350,0.6956521739130435,15,8,7,316.2918931785446,0.8220334881920248,0.09985248697736604,0.18501105642889956,131277.28666698167,-95.61169375156743,131181.6749732301,804,0,325.1190476190476,41,1,17,35.69619232010324,0.6244918699186992,43.79960317460318,1024.801587301588,24.99516066589239,0
841,4,0,0,41,0.0,0.0,1.0,41,1150,700,450,0.6086956521739131,16,7,9,323.72746290973646,0.8236788617886179,0.10629622896751578,0.18948602942325724,131302.70460325349,301.25828687957096,131603.96289013306,805,1,324.780487804878,41,0,17,35.4800882457329,0.6247459349593496,43.77480158730159,1024.9007936507946,24.99758033294621,0
842,4,1,1,41,0.023809523809523808,0.023809523809523808,0.9761904761904762,42,1200,800,400,0.6666666666666666,16,8,8,315.6492768038767,0.8290989159891599,0.10352243516326887,0.1858337938640823,131524.88175448216,-96.84093612180635,131428.04081836037,806,0,318.0238095238095,37,5,17,35.46354445038303,0.6337274774774775,43.55811403508772,1025.7675438596493,27.723447131341874,0
843,4,0,0,41,0.0,0.0,1.0,41,1600,1200,400,0.75,20,12,8,320.8259747248609,0.8215955284552846,0.10435676044988806,0.1886037298303975,131468.65051025315,235.71158914280971,131704.36209939595,807,3,326.780487804878,37,4,17,35.38737570832887,0.6331644144144144,43.612938596491226,1025.548245614035,27.717520151730678,0
844,4,0,1,40,0.0,0.024390243902439025,0.975609756097561,41,1400,1000,400,0.7142857142857143,18,10,8,321.18196827932655,0.8217987804878049,0.10242964152231804,0.18950951192673013,131609.25116381972,254.1036665127794,131863.3548303325,808,4,327.780487804878,37,4,14,35.23678492555389,0.634572072072072,43.47587719298246,1026.0964912280708,27.732337600758672,0
845,4,0,1,39,0.0,0.025,0.975,40,650,300,350,0.46153846153846156,10,3,7,324.87830707491094,0.819818376068376,0.10062500000000041,0.18118213279177728,129424.43828870426,424.8879462911733,129849.32623499543,809,5,335.125,37,3,19,37.34958692528736,0.6126126126126126,45.6140350877193,1017.5438596491231,27.501185395922246,7
846,4,0,1,38,0.0,0.02564102564102564,0.9743589743589743,39,1350,1100,250,0.8148148148148148,16,11,5,324.18574263386245,0.8227620332883491,0.10063101500904392,0.18143849429508216,129563.94184989613,600.5565414358296,130164.49839133196,810,6,335.71794871794873,37,2,15,37.2257000538503,0.6140202702702702,45.47697368421053,1018.0921052631579,27.516002844950215,0
847,4,0,0,38,0.0,0.0,1.0,38,1350,1100,250,0.8148148148148148,16,11,5,325.49985099886055,0.8136557610241821,0.11544953957554815,0.18235251875661096,129602.41280131499,837.1132111841798,130439.52601249918,811,16,345.39473684210526,36,2,15,37.15323859028241,0.6163194444444444,45.4391891891892,1018.2432432432445,28.28453453453457,0
848,4,0,0,38,0.0,0.0,1.0,38,1300,1000,300,0.7692307692307693,16,10,6,346.1183066458826,0.8139224751066857,0.07988375147023552,0.18485043746591825,127700.83703639593,1239.9194944598441,128940.75653085577,812,17,346.39473684210526,37,1,19,38.567657481738614,0.5951576576576576,47.313596491228076,1010.7456140350887,27.31744902797537,6
849,4,1,1,38,0.02564102564102564,0.02564102564102564,0.9743589743589743,39,800,500,300,0.625,11,5,6,339.0001362479452,0.820119208277103,0.07934857934857908,0.1824437096898035,128009.35057345337,879.0374570823503,128888.38803053572,813,0,338.4871794871795,38,1,19,38.432133305180166,0.5964912280701753,47.00854700854702,1011.9658119658138,26.63067926225826,0
850,4,0,0,38,0.0,0.0,1.0,38,1050,700,350,0.6666666666666666,14,7,7,344.69826571436255,0.8139817449027975,0.07816029019232063,0.185365710723318,127978.05574792244,1222.762773160975,129200.8185210834,814,19,348.39473684210526,37,1,20,38.319968212686035,0.5979729729729729,47.03947368421053,1011.8421052631579,27.347083926031296,0
851,4,2,0,40,0.05,0.0,1.0,40,1200,900,300,0.75,15,9,6,344.4389094642948,0.8274038461538461,0.04886970258198042,0.1791277478738108,126622.55603887729,806.4506627038983,127429.00670158118,815,0,331.925,37,3,17,39.71599575117112,0.584177927927928,48.382675438596486,1006.4692982456136,27.201872925557122,7
852,4,2,1,41,0.047619047619047616,0.023809523809523808,0.9761904761904762,42,1250,1100,150,0.88,14,11,3,330.57851239669424,0.8410762679055362,0.049783549783549486,0.1739130434782606,127092.01388888864,4.515091181868826,127096.5289800705,816,0,317.07142857142856,37,5,19,39.58333333333331,0.5889639639639641,47.91666666666665,1008.3333333333313,27.252252252252198,0
853,4,3,2,42,0.06818181818181818,0.045454545454545456,0.9545454545454546,44,650,300,350,0.46153846153846156,10,3,7,315.6812649323067,0.8568093727977449,0.05883388670892531,0.1678735201798924,127527.8968062163,-748.3664444114105,126779.5303618049,817,0,303.59090909090907,40,4,12,39.51332293657983,0.5882812500000001,47.48475609756097,1010.0609756097542,25.251524390243855,0
854,4,3,3,42,0.06666666666666667,0.06666666666666667,0.9333333333333333,45,900,700,200,0.7777777777777778,11,7,4,316.1886413373662,0.8598063973063973,0.07570772970557171,0.1693594756254213,127818.28826727418,-917.0618189405727,126901.2264483336,818,0,297.77777777777777,41,4,13,39.204090225318,0.5896849593495936,47.19742063492062,1011.2103174603149,24.663666279519873,0
855,4,1,2,41,0.023255813953488372,0.046511627906976744,0.9534883720930233,43,1300,900,400,0.6923076923076923,17,9,8,327.7913839625802,0.8561738648947951,0.06287769649572517,0.17486896577917876,127656.23967215256,-231.0769052812733,127425.16276687129,819,0,312.5581395348837,40,3,14,39.076327433628315,0.5895833333333336,47.35772357723576,1010.5691056910548,25.26422764227637,0
856,4,5,2,44,0.10869565217391304,0.043478260869565216,0.9565217391304348,46,1400,1100,300,0.7857142857142857,17,11,6,313.44251866066367,0.8615539452495975,0.10315627070185829,0.17068245448464964,128479.16253552782,-1143.037275266041,127336.12526026178,820,0,292.9782608695652,40,6,13,38.600349171344575,0.5979166666666667,46.54471544715447,1013.8211382113824,25.34552845528456,0
857,4,1,0,45,0.022222222222222223,0.0,1.0,45,1000,500,500,0.5,15,5,10,322.2645383189884,0.8601430976430977,0.11269824958037877,0.1752910129894959,128434.73442925369,-722.0079210069207,127712.72650824676,821,0,300.46666666666664,39,6,15,38.42198900421335,0.5990918803418803,46.58854166666668,1013.6458333333351,25.990918803418847,0
858,4,1,1,45,0.021739130434782608,0.021739130434782608,0.9782608695652174,46,900,600,300,0.6666666666666666,12,6,6,315.0698268595227,0.8625201288244767,0.1138740206176585,0.1723475113171845,128659.52934967626,-1092.6528727939572,127566.8764768823,822,0,294.9130434782609,40,6,15,38.37565528064376,0.5997395833333332,46.366869918699194,1014.5325203252044,25.36331300813011,0
859,4,1,0,46,0.021739130434782608,0.0,1.0,46,1700,1400,300,0.8235294117647058,20,14,6,319.6530576507124,0.8629227053140097,0.12350166855929556,0.1759941049643843,128917.4156937837,-958.2307778108038,127959.18491597289,823,0,295.89130434782606,40,6,17,37.9972230561393,0.6023437499999998,46.11280487804879,1015.5487804878068,25.38871951219517,0
860,4,2,3,45,0.041666666666666664,0.0625,0.9375,48,950,700,250,0.7368421052631579,12,7,5,310.3607944473029,0.8737810283687943,0.11921995840644684,0.17321441944724905,129453.66138353513,-1564.2193444015438,127889.44203913359,824,0,284.5208333333333,41,7,11,37.68928316111002,0.6061991869918697,45.58531746031747,1017.658730158732,24.820944638017856,0
861,4,1,1,45,0.021739130434782608,0.021739130434782608,0.9782608695652174,46,1200,900,300,0.75,15,9,6,323.9564239009296,0.8613325281803543,0.11018323044992528,0.17988979579754713,129254.34570312516,-825.4448784722074,128428.90082465296,825,0,297.7173913043478,39,7,19,37.54567028614355,0.6073717948717948,45.78125000000001,1016.8750000000013,26.07371794871798,0
862,4,2,2,45,0.0425531914893617,0.0425531914893617,0.9574468085106383,47,1550,1100,450,0.7096774193548387,20,11,9,317.9764224046912,0.8669827320382362,0.10978893277275192,0.17819484074356887,129614.99851279023,-1157.097296582702,128457.90121620754,826,0,292.3404255319149,40,7,15,37.33200266134397,0.609375,45.42682926829269,1018.292682926831,25.457317073170778,0
863,4,0,0,45,0.0,0.0,1.0,45,1450,1200,250,0.8275862068965517,17,12,5,326.78289513454297,0.8557239057239058,0.10347925979003869,0.18231536850767296,129439.78000217034,-540.2587890624809,128899.52121310786,827,4,306.3333333333333,39,6,15,37.28556744122562,0.6092414529914529,45.59895833333334,1017.6041666666683,26.092414529914574,0
864,4,1,0,46,0.021739130434782608,0.0,1.0,46,1200,500,700,0.4166666666666667,19,5,14,320.86659216603226,0.8641304347826088,0.10762864776709802,0.18028961434261814,129718.50419723713,-875.5331234714728,128842.97107376566,828,0,300.6521739130435,40,6,16,37.1535398377228,0.6104166666666667,45.32520325203252,1018.6991869918701,25.467479674796753,0
865,4,0,0,46,0.0,0.0,1.0,46,1150,700,450,0.6086956521739131,16,7,9,321.3808889506376,0.8634460547504026,0.1094024477446609,0.1812657142558583,129867.21543364284,-852.6317716783803,129014.58366196445,829,1,301.6521739130435,42,4,16,36.98981208606649,0.6088789682539681,45.179263565891475,1019.2829457364343,24.268641565153196,0
866,4,1,1,46,0.02127659574468085,0.02127659574468085,0.9787234042553191,47,1050,800,250,0.7619047619047619,13,8,5,314.7161509107806,0.8684474252235583,0.10721634826157533,0.17864867280889107,130117.62242452949,-1209.9765409779543,128907.64588355154,830,0,296.21276595744683,43,4,16,36.906364086380776,0.6099806201550386,44.933712121212125,1020.2651515151523,23.727096546864008,0
867,4,0,1,45,0.0,0.021739130434782608,0.9782608695652174,46,1500,900,600,0.6,21,9,12,316.96546919685693,0.8628824476650564,0.11185888124979826,0.18014872869542886,130165.93491735544,-948.3786730945749,129217.55624426086,831,3,303.6521739130435,43,3,17,36.800142291512,0.6104651162790697,44.88636363636364,1020.454545454546,23.731501057082465,0
868,4,2,1,46,0.0425531914893617,0.02127659574468085,0.9787234042553191,47,1250,800,450,0.64,17,8,9,317.9137934907127,0.86536386062288,0.1430392255722499,0.18287843627737252,130633.79322907251,-1093.8713071642974,129539.92192190822,832,0,297.9148936170213,42,5,16,36.30331753554503,0.6165674603174605,44.4282945736434,1022.2868217054242,24.34016242155772,0
869,4,1,0,47,0.02127659574468085,0.0,1.0,47,1300,800,500,0.6153846153846154,18,8,10,321.5495080109496,0.8650169596053037,0.1513562476001069,0.18609225677869878,130867.47378795041,-983.9256377697515,129883.54815018066,833,0,298.8936170212766,43,4,17,35.974568101187735,0.6174903100775195,44.1998106060606,1023.2007575757566,23.795366455250154,0
870,4,0,0,47,0.0,0.0,1.0,47,1200,600,600,0.5,18,6,12,322.3480592000555,0.864400246685168,0.15156621572672768,0.18690653561342258,130940.15438475656,-958.3390725436244,129981.81531221294,834,1,299.8936170212766,43,4,17,35.880829015544045,0.6182170542635659,44.128787878787875,1023.4848484848477,23.801973220577853,0
871,4,2,1,48,0.04081632653061224,0.02040816326530612,0.9795918367346939,49,1600,1100,500,0.6875,21,11,10,313.7047712742291,0.8686224489795918,0.15218758075900918,0.1842188617993277,131427.46548434562,-1552.3936371309605,129875.07184721467,835,0,288.61224489795916,42,7,19,35.61137623637621,0.6245039682539684,43.653100775193785,1025.3875968992227,24.413990402362444,0
872,4,0,1,47,0.0,0.020833333333333332,0.9791666666666666,48,1700,1200,500,0.7058823529411765,22,12,10,331.1422378389721,0.8675384160756501,0.14835939161880463,0.18243592199174694,128942.6451045952,-1060.3287894376012,127882.3163151576,836,1,295.2083333333333,44,4,12,37.679862947093305,0.5968276515151516,46.087962962962955,1015.648148148147,23.082912457912432,7
873,4,2,0,49,0.04081632653061224,0.0,1.0,49,1300,700,600,0.5384615384615384,19,7,12,327.16406704532625,0.8762046485260772,0.152338957875233,0.18199476479993595,129324.56099580863,-1337.1520961725464,127987.40889963608,837,0,290.1224489795918,42,7,15,37.39282652186338,0.603422619047619,45.71220930232558,1017.1511627906983,24.21788482834996,0
874,4,1,2,48,0.02,0.04,0.96,50,1250,900,350,0.72,16,9,7,321.97677483594816,0.8774829931972788,0.15910522102641633,0.18054787428830757,129639.18364215769,-1651.8387517065694,127987.34489045112,838,0,285.3,45,5,12,37.20565018233568,0.6025462962962962,45.40307971014493,1018.3876811594207,22.630837359098237,0
875,4,1,1,48,0.02040816326530612,0.02040816326530612,0.9795918367346939,49,1400,900,500,0.6428571428571429,19,9,10,324.67355371900777,0.8708191609977325,0.15738404452690102,0.1822147495361781,129672.496570645,-1379.7539437585506,128292.74262688645,839,0,292.0612244897959,44,5,12,37.10321969696968,0.6041666666666665,45.37037037037038,1018.5185185185208,23.1481481481482,0
876,4,0,0,48,0.0,0.0,1.0,48,1200,800,400,0.6666666666666666,16,8,8,328.46330912183294,0.86541445035461,0.1587599584612045,0.1840524212082895,129610.88266363951,-1085.5161164198532,128525.36654721966,840,2,299.1458333333333,43,5,13,37.06920936792833,0.6048934108527131,45.430871212121225,1018.2765151515174,23.68084918957017,0
877,4,1,1,48,0.02040816326530612,0.02040816326530612,0.9795918367346939,49,1350,900,450,0.6666666666666666,18,9,9,324.19642863112193,0.8683035714285714,0.16349892369048957,0.18271531438519018,129837.5868055558,-1381.4236111110918,128456.1631944447,841,0,294.0204081632653,44,5,14,36.948078495502855,0.6058238636363635,45.20833333333334,1019.1666666666686,23.16287878787883,0
878,4,2,1,49,0.04,0.02,0.98,50,1750,1100,650,0.6285714285714286,24,11,13,318.6356905140002,0.8720748299319727,0.1620060358601101,0.1811175423476656,130170.13642748402,-1704.6297390253862,128465.50668845863,842,0,289.1,45,5,16,36.75328421800109,0.6078703703703703,44.88224637681161,1020.471014492756,22.677133655394577,0
879,4,0,0,49,0.0,0.0,1.0,49,1150,500,650,0.43478260869565216,18,5,13,326.452059507451,0.8662485827664399,0.1612211569439972,0.18566329204804588,130191.70524691379,-1299.7299382715823,128891.9753086422,843,1,296.0,44,5,16,36.532049537289076,0.609375,44.86111111111112,1020.5555555555571,23.194444444444482,0
880,4,0,0,49,0.0,0.0,1.0,49,1050,700,350,0.6666666666666666,14,7,7,330.422488688454,0.8667446145124716,0.15758658023330785,0.18850361468923862,130312.05047961354,-1188.3550146392217,129123.69546497431,844,2,297.0,42,7,18,36.308958906709655,0.6133432539682541,44.74321705426356,1021.0271317829452,24.310169804355837,0
881,4,0,0,49,0.0,0.0,1.0,49,600,300,300,0.5,9,3,6,328.1814725331745,0.8667446145124716,0.15779285288524325,0.18756953795814965,130383.45210808361,-1242.113338642106,129141.3387694415,845,3,298.0,43,6,18,36.29394606706848,0.6126453488372093,44.67329545454545,1021.3068181818176,23.751321353065524,0
882,4,0,0,49,0.0,0.0,1.0,49,1500,1100,400,0.7333333333333333,19,11,8,328.9615179382584,0.8666383219954649,0.1592778737224798,0.18848464243419383,130480.18470392849,-1215.4080757862703,129264.77662814222,846,4,299.0,43,6,18,36.176217289214314,0.6136143410852714,44.578598484848484,1021.6856060606061,23.760130373502466,0
883,4,0,0,49,0.0,0.0,1.0,49,1200,900,300,0.75,15,9,6,327.8023256389025,0.8668154761904762,0.15656344079514728,0.1881724839518635,130552.75769054177,-1240.9004820936625,129311.8572084481,847,5,300.0,43,6,12,36.13247467259699,0.6143410852713178,44.50757575757576,1021.9696969696968,23.76673713883016,0
884,4,0,1,48,0.0,0.02040816326530612,0.9795918367346939,49,1300,1000,300,0.7692307692307693,16,10,6,326.6848169191919,0.8678075396825397,0.15919526901669778,0.18913331505847966,130881.55759870211,-1244.0050953261248,129637.55250337599,848,6,301.0,42,7,15,35.828993055555564,0.619047619047619,44.186046511627914,1023.2558139534893,24.36323366555927,1
885,4,0,2,46,0.0,0.041666666666666664,0.9583333333333334,48,1300,900,400,0.6923076923076923,17,9,8,335.48675605116165,0.8620161052009456,0.16277796632082508,0.1940479481298726,130845.55820302657,-820.6096269526334,130024.94857607393,849,11,308.1458333333333,41,7,15,35.64019118264974,0.6201727642276422,44.22123015873016,1023.1150793650792,24.95402632597754,0
886,4,0,0,46,0.0,0.0,1.0,46,1350,700,650,0.5185185185185185,20,7,13,347.9414154063517,0.8595209339774558,0.16270470387132763,0.20071027123734228,130741.54188368077,-101.92057291664298,130639.62131076412,850,15,319.60869565217394,39,7,15,35.426852040469896,0.6223290598290598,44.32291666666668,1022.7083333333351,26.223290598290642,0
887,4,1,0,47,0.02127659574468085,0.0,1.0,47,1400,1100,300,0.7857142857142857,17,11,6,347.1800861701322,0.8607770582793709,0.1904489161854177,0.2026754522260576,131201.04762101616,-289.9217962647883,130911.12582475138,851,0,313.78723404255317,41,6,17,34.98182353700655,0.6237296747967478,43.874007936507944,1024.5039682539696,24.987901664730966,0
888,4,0,0,47,0.0,0.0,1.0,47,950,500,450,0.5263157894736842,14,5,9,348.84965000465047,0.8609312365094048,0.18678342604472808,0.20419069315569655,131302.7046032534,-239.01949089820846,131063.68511235519,852,1,314.78723404255317,41,6,17,34.836394508437394,0.6247459349593496,43.77480158730159,1024.900793650794,24.997580332946193,0
889,4,1,0,48,0.020833333333333332,0.0,1.0,48,1700,1200,500,0.7058823529411765,22,12,10,342.29530460599653,0.8626625295508275,0.18766503284153524,0.20227269053340918,131666.88484243857,-586.2037883170899,131080.68105412147,853,0,309.2083333333333,40,8,15,34.6370927814635,0.6299479166666666,43.41971544715448,1026.3211382113836,25.65802845528459,0
890,4,1,0,49,0.02040816326530612,0.0,1.0,49,1450,1100,350,0.7586206896551724,18,11,7,337.4737455327672,0.8642998866213152,0.19278119588408793,0.20126024927886796,132015.4057716837,-889.6533092403574,131125.75246244334,854,0,303.8775510204082,41,8,16,34.409993725263064,0.631859756097561,43.080357142857146,1027.6785714285718,25.06533101045297,0
891,4,0,2,47,0.0,0.04081632653061224,0.9591836734693877,49,1200,1000,200,0.8333333333333334,14,10,4,335.0407359316893,0.863343253968254,0.19783356834108878,0.20025054464784758,132098.996125909,-948.291024427604,131150.7051014814,855,1,304.8775510204082,42,7,16,34.38845162911993,0.6312003968253967,42.999031007751945,1028.0038759689933,24.476282761166505,0
892,4,0,0,47,0.0,0.0,1.0,47,1500,900,600,0.6,21,9,12,339.611217670051,0.8590040086339809,0.19544011378165993,0.20362923618192097,132219.38898533932,-419.36246141976983,131800.02652391954,856,2,313.51063829787233,41,6,18,34.14992685122664,0.6338922764227642,42.881944444444436,1028.4722222222208,25.084688346883436,0
893,4,0,0,47,0.0,0.0,1.0,47,1950,1500,450,0.7692307692307693,24,15,9,343.0641380779887,0.8575007708911501,0.19932810750279994,0.2066752246469833,132398.00347222213,-315.43692129630557,132082.56655092584,857,3,314.51063829787233,38,9,19,33.881578947368425,0.640625,42.70833333333333,1029.1666666666658,27.08333333333331,0
894,4,0,0,47,0.0,0.0,1.0,47,1050,800,250,0.7619047619047619,13,8,5,340.68227955875307,0.8572695035460992,0.19338385310405148,0.20569012818472077,132480.48159105846,-373.2495069033617,132107.23208415508,858,4,315.51063829787233,38,9,19,33.860004151100036,0.6414473684210527,42.628205128205124,1029.487179487179,27.09176788124155,0
895,4,0,0,47,0.0,0.0,1.0,47,1250,900,350,0.72,16,9,7,341.0195976431391,0.8568455134135059,0.18807530780553816,0.2066480163970775,132618.00219382346,-354.93245032507906,132263.06974349837,859,5,316.51063829787233,38,9,19,33.713221311758815,0.6428179824561404,42.49465811965812,1030.0213675213672,27.10582546108861,0
896,4,1,0,48,0.020833333333333332,0.0,1.0,48,750,200,550,0.26666666666666666,13,2,11,333.33442572061995,0.8600768321513003,0.19410974706139905,0.20326622374349823,132854.01611328128,-743.0365668402771,132110.979546441,860,0,310.8958333333333,39,9,15,33.67445101209118,0.6434294871794872,42.265625,1030.9375000000002,26.43429487179488,0
897,4,0,1,47,0.0,0.020833333333333332,0.9791666666666666,48,800,300,500,0.375,13,3,10,335.83979096380966,0.8599844858156028,0.19718209065804526,0.20494095258691675,132880.8648003473,-674.6636284722189,132206.2011718751,861,1,311.8958333333333,39,9,15,33.58296288812554,0.6436965811965811,42.239583333333336,1031.0416666666672,26.436965811965827,0
898,4,0,0,47,0.0,0.0,1.0,47,1400,1100,300,0.7857142857142857,17,11,6,340.71857529366804,0.8601988899167436,0.19114757785505287,0.20768120865499695,132838.18354381248,-347.912671670691,132490.2708721418,862,2,315.8085106382979,38,9,15,33.50001727294711,0.6450109649122808,42.2809829059829,1030.876068376068,27.128317588843892,0
899,4,0,0,47,0.0,0.0,1.0,47,1200,600,600,0.5,18,6,12,342.7813020374438,0.8608156028368794,0.19989950147441915,0.20970916919325008,132975.889628534,-283.6702827087304,132692.21934582526,863,3,316.8085106382979,38,9,16,33.30873213175886,0.6463815789473684,42.147435897435905,1031.4102564102575,27.142375168690986,0
900,4,0,2,45,0.0,0.0425531914893617,0.9574468085106383,47,950,600,350,0.631578947368421,13,6,7,344.0018491964505,0.8604301572617946,0.1989634930987676,0.21076661521833304,133030.99203740238,-247.41854773905354,132783.57348966334,864,4,317.8085106382979,38,9,16,33.22200359016846,0.6469298245614035,42.0940170940171,1031.6239316239323,27.147998200629797,0
901,4,0,0,45,0.0,0.0,1.0,45,700,400,300,0.5714285714285714,10,4,6,361.67443336601457,0.8556397306397306,0.19317191577158788,0.2205948992315701,132861.99787202766,610.557559248464,133472.55543127612,865,5,329.2,36,9,16,32.93600946659386,0.6490162037037035,42.257882882882896,1030.9684684684703,28.638013013013065,0
902,4,1,0,46,0.021739130434782608,0.0,1.0,46,850,600,250,0.7058823529411765,11,6,5,356.1001064946128,0.8587761674718196,0.19422923221207333,0.21860783445667364,133104.23790252797,279.68665839491683,133383.9245609229,866,0,323.0217391304348,37,9,17,32.836463535578936,0.6494932432432431,42.02302631578949,1031.9078947368441,27.889402560455245,0
903,4,0,0,46,0.0,0.0,1.0,46,1250,1000,250,0.8,15,10,5,356.1410322024587,0.8584138486312399,0.1964371467622179,0.21946491879701266,133245.71021852884,290.85295475531643,133536.56317328414,867,1,324.0217391304348,37,9,19,32.69346502407251,0.6509009009009008,41.885964912280706,1032.4561403508776,27.90422000948318,0
904,4,0,0,46,0.0,0.0,1.0,46,1000,700,300,0.7,13,7,6,355.7807780726408,0.8573268921095009,0.19491906575935136,0.21976567294749008,133334.25931633066,287.55330466067824,133621.81262099135,868,2,325.0217391304348,38,8,19,32.61396158753147,0.6499451754385964,41.800213675213676,1032.7991452991455,27.1789248762933,0
905,4,0,0,46,0.0,0.0,1.0,46,950,600,350,0.631578947368421,13,6,7,354.8115740854615,0.8569041867954912,0.1926936738456002,0.21965607691462288,133417.02849915985,267.581178318346,133684.6096774782,869,3,326.0217391304348,38,8,19,32.55601516718372,0.6507675438596492,41.720085470085465,1033.1196581196575,27.187359424201514,0
906,4,0,0,46,0.0,0.0,1.0,46,1200,600,600,0.5,18,6,12,360.53748355367316,0.8559983896940419,0.19460500518971302,0.22370413314637055,133500.54974848026,426.40186614403774,133926.9516146243,870,4,327.0217391304348,37,9,19,32.324381078691424,0.6534346846846846,41.63925438596491,1033.44298245614,27.930891417733516,0
907,4,1,0,47,0.02127659574468085,0.0,1.0,47,1050,700,350,0.6666666666666666,14,7,7,351.16165235627665,0.8568840579710144,0.20171857102375923,0.2174265701174577,133422.16231746893,-29.450603930052495,133392.71171353888,871,0,321.0425531914894,42,5,17,32.6451416244607,0.6443452380952381,41.71511627906977,1033.1395348837211,24.598560354374314,1
908,4,1,0,48,0.020833333333333332,0.0,1.0,48,1000,600,400,0.6,14,6,8,344.4050316310339,0.8594858156028369,0.21359692206941694,0.21535892027051184,133787.44877387822,-384.55772626010634,133402.89104761812,872,0,315.3333333333333,40,8,15,32.45415848068109,0.6510416666666665,41.36178861788619,1034.552845528457,25.863821138211428,0
909,4,0,1,47,0.0,0.020833333333333332,0.9791666666666666,48,1350,900,450,0.6666666666666666,18,9,9,345.3727844524816,0.8587655141843972,0.21727651254867286,0.21704580846498686,133971.50262947025,-345.97781991535976,133625.5248095549,873,1,316.3333333333333,40,8,16,32.24514086580937,0.6528645833333331,41.18394308943091,1035.2642276422791,25.88160569105698,0
910,4,0,0,47,0.0,0.0,1.0,47,1200,1100,100,0.9166666666666666,13,11,2,353.0670088649437,0.8570767807585569,0.22019176725497847,0.2212480831551834,133866.31350593263,52.755779463317594,133919.06928539596,874,2,324.02127659574467,40,7,16,32.151216079086076,0.6518229166666665,41.285569105691074,1034.8577235772384,25.87144308943096,0
911,4,0,0,47,0.0,0.0,1.0,47,1300,800,500,0.6153846153846154,18,8,10,350.62870853451113,0.855881899475794,0.22229092078823198,0.22019137023011945,133945.2014756431,-6.993398440049845,133938.20807720305,875,3,325.02127659574467,40,7,16,32.135406440212066,0.6526041666666664,41.20934959349595,1035.1626016260186,25.879065040650467,0
912,4,0,0,47,0.0,0.0,1.0,47,1300,1000,300,0.7692307692307693,16,10,6,347.5963141866897,0.8549182855380819,0.22378945126801475,0.21906951378333697,134076.7330643964,-79.08435372461321,133997.64871067178,876,4,326.02127659574467,40,7,17,32.08243384685834,0.6539062499999999,41.08231707317074,1035.6707317073187,25.89176829268297,0
913,4,0,0,47,0.0,0.0,1.0,47,1200,800,400,0.6666666666666666,16,8,8,350.9233435045039,0.854841196423065,0.2261000978978065,0.22148369290039702,134129.36377363023,13.824959514852821,134143.1887331451,877,5,327.02127659574467,40,7,17,31.943695019457802,0.6544270833333332,41.03150406504066,1035.8739837398384,25.89684959349596,0
914,4,0,0,47,0.0,0.0,1.0,47,1350,900,450,0.6666666666666666,18,9,9,350.11950906912637,0.8522587110699968,0.22930422487038382,0.22241091105375038,134366.32977229182,8.854683059044248,134375.18445535086,878,6,328.02127659574467,40,7,18,31.72784748088609,0.6567708333333333,40.80284552845529,1036.7886178861804,25.91971544715451,0
915,4,0,0,47,0.0,0.0,1.0,47,1200,900,300,0.75,15,9,6,354.27681036939475,0.8505627505396237,0.23348812779297012,0.22602860501567404,134524.42329301353,131.77672020623754,134656.20001321976,879,7,329.02127659574467,40,7,18,31.462251828631135,0.6583333333333332,40.650406504065046,1037.3983739837406,25.934959349593516,0
916,4,0,0,47,0.0,0.0,1.0,47,1200,600,600,0.5,18,6,12,353.62517517801734,0.8487897008942337,0.23144461830423402,0.2269531307790919,134739.97531467004,129.4920567881743,134869.46737145822,880,8,330.02127659574467,39,8,19,31.26410905989766,0.6621260683760685,40.44270833333333,1038.2291666666658,26.621260683760664,0
917,4,0,1,46,0.0,0.02127659574468085,0.9787234042553191,47,1300,800,500,0.6153846153846154,18,8,10,351.04696911493437,0.8475948196114708,0.22814106126935196,0.22609017462657516,134867.27812685914,68.94984384296566,134936.2279707021,881,9,331.02127659574467,40,7,15,31.204138538303507,0.6617187499999999,40.32012195121952,1038.719512195123,25.96798780487807,0
918,4,0,0,46,0.0,0.0,1.0,46,1550,1300,250,0.8387096774193549,18,13,5,358.5484657085125,0.8443035426731079,0.2374385718583889,0.23079966117363335,134848.1458875869,469.91916232639744,135318.0650499133,882,10,337.89130434782606,39,7,15,31.0284199177615,0.6631944444444444,40.33854166666667,1038.6458333333342,26.631944444444464,0
919,4,0,0,46,0.0,0.0,1.0,46,1500,1100,400,0.7333333333333333,19,11,8,362.14912733403673,0.8440217391304348,0.2450937655295078,0.23364006442624036,134929.30230034702,572.9058159722019,135502.2081163192,883,11,338.89130434782606,39,7,15,30.853970322839388,0.6639957264957266,40.26041666666666,1038.9583333333317,26.63995726495722,0
920,4,0,0,46,0.0,0.0,1.0,46,1400,1000,400,0.7142857142857143,18,10,8,361.7254549178522,0.8425523349436393,0.24540385118062247,0.2344168857194909,135091.68836805536,573.2204861110911,135664.90885416645,884,12,339.89130434782606,39,7,16,30.703072812291236,0.6655982905982907,40.10416666666666,1039.5833333333317,26.655982905982864,0
921,4,0,0,46,0.0,0.0,1.0,46,1350,1000,350,0.7407407407407407,17,10,7,363.44702331413947,0.8411433172302738,0.24775206287692342,0.23641814513300902,135227.08468967033,629.5762803819644,135856.6609700523,885,13,340.89130434782606,39,7,17,30.523389250542476,0.6669337606837606,39.97395833333334,1040.1041666666683,26.66933760683765,0
922,4,0,0,46,0.0,0.0,1.0,46,1150,900,250,0.782608695652174,14,9,5,361.65911243984146,0.8395933977455717,0.24708701310572057,0.2359642634984702,135335.45057508687,589.0597873263989,135924.51036241328,886,14,341.89130434782606,39,7,18,30.46194564020422,0.6680021367521367,39.86979166666667,1040.520833333334,26.680021367521384,0
923,4,0,0,46,0.0,0.0,1.0,46,1200,900,300,0.75,15,9,6,357.81987248974775,0.8385869565217392,0.23772075235273338,0.23416463561166032,135443.85986328142,492.90093315973763,135936.76079644117,887,15,342.89130434782606,39,7,18,30.45392191200507,0.6690705128205128,39.76562500000001,1040.9375000000014,26.690705128205163,0
924,4,0,0,46,0.0,0.0,1.0,46,1000,700,300,0.7,13,7,6,359.7016040576517,0.8376610305958132,0.239295928846039,0.23594767190619084,135527.84077764567,549.9163444378399,136077.7571220835,888,16,343.89130434782606,40,6,18,30.32138558136509,0.6682291666666667,39.6849593495935,1041.2601626016267,26.031504065040668,0
925,4,0,0,46,0.0,0.0,1.0,46,1100,900,200,0.8181818181818182,13,9,4,361.05145321387045,0.8367149758454107,0.24063796830866369,0.23719137395739714,135582.01550296025,590.4167454018468,136172.4322483621,889,17,344.89130434782606,41,5,18,30.23234584365276,0.6671747967479675,39.6329365079365,1041.4682539682524,25.401664730932985,0
926,4,0,1,45,0.0,0.021739130434782608,0.9782608695652174,46,1150,700,450,0.6086956521739131,16,7,9,358.793092944755,0.8357085346215781,0.2435834573998621,0.23678402087842662,135744.9925578934,540.9026720210504,136285.89522991443,890,18,345.89130434782606,38,8,19,30.12909233818604,0.6737938596491228,39.476495726495735,1042.0940170940187,27.423526765632072,0
927,4,0,0,45,0.0,0.0,1.0,45,1050,800,250,0.7619047619047619,13,8,5,363.2140827867341,0.8327020202020202,0.23547750084715013,0.2406831159037669,135890.79241930207,871.4899055478555,136762.28232484992,891,19,351.46666666666664,37,8,15,29.868961860693375,0.6770833333333333,39.33662280701754,1042.6535087719296,28.179824561403503,0
928,4,0,0,45,0.0,0.0,1.0,45,1550,1000,550,0.6451612903225806,21,10,11,364.3013752992462,0.8316498316498316,0.22946149175657404,0.2427655383296656,136090.93663434897,915.6230763311726,137006.55971068013,892,20,352.46666666666664,37,8,16,29.641743729858483,0.6790540540540541,39.14473684210526,1043.4210526315785,28.20056899004266,0
929,4,0,0,45,0.0,0.0,1.0,45,1250,900,350,0.72,16,9,7,361.0856243448873,0.831060606060606,0.22727304554843708,0.24159495638704637,136233.98695992987,838.4268476838924,137072.41380761378,893,21,353.46666666666664,37,8,17,29.583617792248724,0.6804617117117118,39.007675438596486,1043.9692982456131,28.215386439070624,0
930,4,0,0,45,0.0,0.0,1.0,45,1000,800,200,0.8,12,8,4,361.03426848333015,0.8303451178451179,0.23139300937766438,0.24221756859468443,136330.12963191248,843.9697247790177,137174.0993566915,894,22,354.46666666666664,38,7,17,29.489556692242118,0.6795504385964912,38.91559829059829,1044.3376068376067,27.48256860098965,0
931,4,0,0,45,0.0,0.0,1.0,45,1400,900,500,0.6428571428571429,19,9,10,361.7731169671377,0.8303451178451179,0.2072511567781763,0.2280484822992985,134083.84471887434,726.8572909327914,134810.70200980714,895,23,355.46666666666664,36,9,17,31.70825631546519,0.6611689814814814,41.075450450450454,1035.6981981981987,28.76939439439441,5
932,4,0,0,45,0.0,0.0,1.0,45,1200,900,300,0.75,15,9,6,362.2475979659471,0.8302609427609428,0.1975470655330962,0.228955020279614,134181.31209843387,721.3715999153329,134902.6836983492,896,24,356.46666666666664,37,8,17,31.598471619571725,0.6601914414414416,40.981359649122794,1036.0745614035068,28.00201517306775,0
933,4,0,0,45,0.0,0.0,1.0,45,1300,800,500,0.6153846153846154,18,8,10,354.47870378204715,0.8300084175084176,0.2001953955610727,0.21896138207418878,133334.25931633092,453.3390512365781,133787.5983675675,897,25,357.46666666666664,38,7,18,32.64758111789249,0.6499451754385963,41.80021367521369,1032.7991452991475,27.178924876293355,2
934,4,0,0,45,0.0,0.0,1.0,45,1300,1100,200,0.8461538461538461,15,11,4,354.48625745784597,0.829419191919192,0.1991818913018497,0.21945468051327618,133417.0284991601,458.9006227628208,133875.92912192293,898,26,358.46666666666664,38,7,18,32.5644174422613,0.650767543859649,41.72008547008548,1033.1196581196596,27.187359424201567,0
935,4,0,0,45,0.0,0.0,1.0,45,1500,1200,300,0.8,18,12,6,360.1161414321746,0.829419191919192,0.10741970416384028,0.209234873214201,131019.23338190577,436.43957005291327,131455.6729519587,899,27,359.46666666666664,37,8,16,34.8344177287494,0.6286599099099099,44.05153508771929,1023.7938596491211,27.67010431484111,7
936,4,0,0,45,0.0,0.0,1.0,45,1050,700,350,0.6666666666666666,14,7,7,360.8159796199889,0.8272306397306398,0.10313280525226576,0.21040841957615056,131159.59357686958,464.8954485995425,131624.4890254691,900,28,360.46666666666664,37,8,16,34.674498679797324,0.6300675675675678,43.91447368421051,1024.342105263156,27.684921763869085,0
937,4,0,1,44,0.0,0.022222222222222223,0.9777777777777777,45,1100,900,200,0.8181818181818182,13,9,4,356.1011931600065,0.825925925925926,0.10414125200642066,0.20811542527081014,131243.8457626382,347.21801419664064,131591.06377683484,901,29,361.46666666666664,37,8,16,34.710072231139634,0.6309121621621623,43.832236842105246,1024.6710526315765,27.69381223328585,0
938,4,1,2,43,0.022222222222222223,0.044444444444444446,0.9555555555555556,45,1250,1100,150,0.88,14,11,3,353.37542183818493,0.8303030303030303,0.11995021597481537,0.20760236072635552,131443.5782911289,289.8130369024273,131733.39132803134,902,0,361.6666666666667,36,9,16,34.57816274983527,0.634837962962963,43.637387387387385,1025.45045045045,28.484734734734722,0
939,4,1,1,43,0.022727272727272728,0.022727272727272728,0.9772727272727273,44,950,700,250,0.7368421052631579,12,7,5,355.3408963129991,0.8282020789288231,0.10444364594562217,0.20907266690043896,131501.32395909424,545.5596643941244,132046.88362348836,903,0,357.4318181818182,36,8,16,34.46946823305517,0.6354166666666667,43.58108108108108,1025.6756756756758,28.490990990990994,0
940,4,0,0,43,0.0,0.0,1.0,43,1200,800,400,0.6666666666666666,16,8,8,359.4521033136228,0.8221668512366186,0.1057539055992478,0.2113108436387373,131468.650510253,851.3365891427954,132319.9870993958,904,32,366.74418604651163,37,6,16,34.3970517481022,0.6331644144144144,43.61293859649122,1025.548245614034,27.717520151730646,0
941,4,0,0,43,0.0,0.0,1.0,43,750,600,150,0.8,9,6,3,356.9509865910592,0.8202288667404947,0.10365079246727316,0.21045938131900077,131581.1250216412,793.6024786472667,132374.72750028846,905,33,367.74418604651163,37,6,16,34.34761408571122,0.6342905405405406,43.503289473684205,1025.9868421052627,27.729374110953046,0
942,4,0,0,43,0.0,0.0,1.0,43,850,500,350,0.5882352941176471,12,5,7,357.6268401730084,0.8191675895164267,0.10137238872171284,0.21116905975893913,131637.3803117305,815.412073907351,132452.79238563785,906,34,368.74418604651163,37,6,16,34.273493428785116,0.6348536036036037,43.4484649122807,1026.206140350877,27.735301090564242,0
943,4,0,0,43,0.0,0.0,1.0,43,1300,800,500,0.6153846153846154,18,8,10,356.1219973196762,0.8193521594684385,0.1048290483485681,0.21084265386597464,131739.1030777449,783.0385026298427,132522.14158037474,907,35,369.74418604651163,38,5,16,34.20946508481631,0.634046052631579,43.34935897435897,1026.602564102564,27.015856950067473,0
944,4,0,1,42,0.0,0.023255813953488372,0.9767441860465116,43,1000,600,400,0.6,14,6,8,354.0148004756851,0.8183831672203765,0.10846906483175078,0.21004878161557305,131821.37573964495,733.3436061801409,132554.71934582508,908,36,370.74418604651163,38,5,16,34.180581564710764,0.6348684210526316,43.26923076923077,1026.9230769230767,27.024291497975703,0
945,4,0,0,42,0.0,0.0,1.0,42,900,500,400,0.5555555555555556,13,5,8,357.00620039580474,0.816298877274487,0.11025789626195315,0.2120530804760625,131862.521701389,1015.1475694444557,132877.66927083346,909,37,376.1904761904762,37,5,16,34.06228870858689,0.6371058558558558,43.22916666666667,1027.0833333333342,27.75900900900903,0
946,4,0,0,42,0.0,0.0,1.0,42,950,500,450,0.5263157894736842,14,5,9,358.4897386947989,0.815403600464576,0.11411239701345366,0.21325018170359197,131918.83710612892,1058.3098886195899,132977.1469947485,910,38,377.1904761904762,37,5,16,33.967405806382764,0.6376689189189189,43.174342105263165,1027.3026315789484,27.764935988620227,0
947,4,0,0,42,0.0,0.0,1.0,42,1000,600,400,0.6,14,6,8,361.2519323294583,0.8158633372048006,0.11526187681347233,0.21521245123072819,131975.16453379887,1135.2566414666096,133110.42117526548,911,39,378.1904761904762,37,5,16,33.839660477359224,0.6382319819819819,43.11951754385965,1027.5219298245615,27.77086296823139,0
948,4,0,0,42,0.0,0.0,1.0,42,1050,900,150,0.8571428571428571,12,9,3,363.3767537777779,0.8144357336430507,0.11292698412698443,0.21712282132993424,132087.85545792943,1199.531225954152,133287.38668388358,912,40,379.1904761904762,37,5,16,33.67144444444445,0.6393581081081081,43.00986842105264,1027.96052631579,27.782716927453784,0
949,4,0,0,42,0.0,0.0,1.0,42,1400,800,600,0.5714285714285714,20,8,12,365.98434152310574,0.8147744870305846,0.11680689726809979,0.2195221966257284,132233.1242809008,1279.0505834977007,133512.17486439852,913,41,380.1904761904762,38,4,16,33.45798275682973,0.6389802631578947,42.868589743589745,1028.5256410256416,27.066464237516882,0
950,4,0,0,42,0.0,0.0,1.0,42,950,700,250,0.7368421052631579,12,7,5,366.35606378294256,0.8139034068912118,0.11896849299487133,0.22006503669157565,132288.07259706708,1292.9075124187384,133580.98010948583,914,42,381.1904761904762,38,4,16,33.393048776266134,0.6395285087719298,42.815170940170944,1028.739316239317,27.07208726945571,0
951,4,0,0,42,0.0,0.0,1.0,42,950,500,450,0.5263157894736842,14,5,9,365.9298226785493,0.8128145567169958,0.12055168291248508,0.22013731963573135,132344.40646701382,1285.7530381944396,133630.15950520826,915,43,382.1904761904762,39,3,16,33.34725315515961,0.6383547008547009,42.760416666666664,1028.9583333333328,26.383547008546994,0
952,4,0,0,42,0.0,0.0,1.0,42,1150,900,250,0.782608695652174,14,9,5,366.04356349068115,0.8119192799070848,0.12014656020999714,0.2211986980168737,132513.9259825705,1301.2064878434323,133815.13247041396,916,44,383.1904761904762,36,6,16,33.17360275620695,0.6455439814814814,42.59572072072073,1029.617117117118,28.6004754754755,0
953,4,0,0,42,0.0,0.0,1.0,42,950,700,250,0.7368421052631579,12,7,5,366.36970546437556,0.8106610530391019,0.1144408353634414,0.22225133060929095,132658.90045450858,1320.4404573492454,133979.3409118578,917,45,384.1904761904762,36,6,15,33.019284725258714,0.6469907407407407,42.45495495495496,1030.1801801801803,28.616116116116117,0
954,4,0,3,39,0.0,0.07142857142857142,0.9285714285714286,42,1050,900,150,0.8571428571428571,12,9,3,364.2829648185844,0.8106610530391019,0.06039707258695559,0.20770598196116596,130290.57167830486,1138.9069312759534,131429.4786095808,918,46,385.1904761904762,37,5,16,35.466450971968634,0.6213400900900901,44.76425438596491,1020.9429824561403,27.593053579895685,7
955,4,0,0,39,0.0,0.0,1.0,39,750,500,250,0.6666666666666666,10,5,5,372.0046034183896,0.8061740890688259,0.07846233072452491,0.21148718420184723,130176.38204082457,1885.2426751075363,132061.6247159321,919,47,406.3333333333333,36,3,16,35.38540057382476,0.6221064814814815,44.876126126126124,1020.4954954954951,28.347097097097087,0
956,4,0,0,39,0.0,0.0,1.0,39,950,700,250,0.7368421052631579,12,7,5,370.67888379841753,0.8060616284300495,0.08498168498168535,0.21120075937351676,130262.58680555539,1857.1751227578748,132119.76192831327,920,48,407.3333333333333,34,5,17,35.33163265306122,0.6271446078431373,44.79166666666666,1020.833333333332,30.02450980392153,0
957,4,2,0,41,0.04878048780487805,0.0,1.0,41,1150,400,750,0.34782608695652173,19,4,15,351.2316712686959,0.818089430894309,0.09755052115458973,0.20333089058805623,130878.94833025533,993.7663511849626,131872.7146814403,921,0,388.4146341463415,37,4,17,35.20368981283039,0.6272522522522523,44.18859649122806,1023.2456140350866,27.655286865813153,0
958,4,0,0,41,0.0,0.0,1.0,41,1250,1000,250,0.8,15,10,5,349.1473974751248,0.818089430894309,0.09343323510355939,0.20271393674301996,130991.17036011058,947.0452446906504,131938.21560480123,922,1,389.4146341463415,37,4,18,35.14353041988004,0.6283783783783785,44.07894736842104,1023.684210526314,27.667140825035514,0
959,4,0,0,41,0.0,0.0,1.0,41,1050,800,250,0.7619047619047619,13,8,5,347.9166762193418,0.8170731707317073,0.09646419804669115,0.20258988503046443,131103.44048168653,922.6146506617265,132026.05513234827,923,2,390.4146341463415,37,4,18,35.06156316916488,0.6295045045045045,43.96929824561403,1024.1228070175428,27.678994784257913,0
960,4,0,0,41,0.0,0.0,1.0,41,850,500,350,0.5882352941176471,12,5,7,346.87576966832444,0.8163617886178862,0.10008770464416994,0.20257544948630132,131215.758694983,903.1134579870651,132118.87215297006,924,3,391.4146341463415,37,4,18,34.974760987442934,0.6306306306306306,43.859649122807014,1024.5614035087713,27.690848743480306,0
961,4,1,1,41,0.023809523809523808,0.023809523809523808,0.9761904761904762,42,1200,800,400,0.6666666666666666,16,8,8,341.7291654013251,0.8217915214866435,0.09113405841378452,0.2007444192734415,131440.53939673727,583.4612573099212,132024.00065404718,925,0,383.07142857142856,37,5,18,34.879793983461646,0.632882882882883,43.64035087719297,1025.4385964912267,27.714556661925045,0
962,4,1,0,42,0.023809523809523808,0.0,1.0,42,1300,1000,300,0.7692307692307693,16,10,6,341.44816016081353,0.8232917150600078,0.10973203440668322,0.20157403677594407,131629.44614517112,588.9264418511025,132218.37258702223,926,0,384.04761904761904,38,4,17,34.6965556133958,0.6329495614035088,43.45619658119657,1026.1752136752123,27.004610886189795,0
963,4,0,0,42,0.0,0.0,1.0,42,1050,500,550,0.47619047619047616,16,5,11,338.84860225160065,0.8225900116144018,0.11307665626084007,0.200760485057822,131766.52444480933,529.7805263349729,132296.3049711443,927,1,385.04761904761904,38,4,18,34.62517343045438,0.6343201754385968,43.32264957264955,1026.7094017093987,27.018668466036807,0
964,4,1,0,43,0.023255813953488372,0.0,1.0,43,900,500,400,0.5555555555555556,13,5,8,334.4528809881028,0.8254429678848283,0.12456519075046413,0.19978093399458796,132076.58420138867,234.67881944442047,132311.26302083308,928,0,377.06976744186045,39,4,19,34.42609106877448,0.6356837606837609,43.02083333333332,1027.916666666665,26.356837606837562,0
965,4,1,1,43,0.022727272727272728,0.022727272727272728,0.9772727272727273,44,1500,1200,300,0.8,18,12,6,330.60695962890736,0.8298757928118393,0.12946264262053742,0.19917053421546363,132398.00347222213,-45.26909722223178,132352.7343749999,929,0,369.47727272727275,39,5,19,34.20209176788124,0.6388888888888891,42.70833333333333,1029.1666666666658,26.388888888888868,0
966,4,0,1,42,0.0,0.023255813953488372,0.9767441860465116,43,1050,800,250,0.7619047619047619,13,8,5,335.8820701810611,0.823781838316722,0.12926700029437765,0.201631333923281,132264.03130425327,285.02332899303633,132549.0546332463,930,2,379.06976744186045,39,4,19,34.20094936708861,0.6375534188034189,42.83854166666666,1028.6458333333317,26.375534188034145,0
967,4,0,0,42,0.0,0.0,1.0,42,1050,900,150,0.8571428571428571,12,9,3,332.5304511340947,0.8239934185056136,0.12442699521351241,0.20018697908310296,132371.2036132811,403.4912109374859,132774.6948242186,931,3,384.5952380952381,39,3,19,34.17950956574552,0.6386217948717949,42.73437499999999,1029.0624999999989,26.38621794871792,0
968,4,0,0,42,0.0,0.0,1.0,42,1200,800,400,0.6666666666666666,16,8,8,331.41171284499745,0.8221060782036391,0.12119190901095878,0.20038557643664254,132535.48127145867,384.7648848556381,132920.2461563143,932,4,385.5952380952381,38,4,19,34.04341322542713,0.6419956140350878,42.57478632478632,1029.7008547008534,27.09739091318035,0
969,4,0,1,41,0.0,0.023809523809523808,0.9761904761904762,42,1150,900,250,0.782608695652174,14,9,5,333.3081005373102,0.8213075880758808,0.11620815494091463,0.20227124062185545,132673.03040990944,444.1991516911443,133117.22956160057,933,5,386.5952380952381,38,4,18,33.856597186214536,0.6433662280701754,42.44123931623932,1030.235042735043,27.111448493027446,0
970,4,0,0,41,0.0,0.0,1.0,41,850,600,250,0.7058823529411765,11,6,5,337.1413859409665,0.8200711382113821,0.11101909422500289,0.20448310657943067,132652.03145438991,744.4979464835421,133396.52940087346,934,6,390.0731707317073,37,4,18,33.77893826503458,0.6449887387387387,42.46162280701755,1030.1535087719305,27.84198672356569,0
971,4,0,0,41,0.0,0.0,1.0,41,1550,1200,350,0.7741935483870968,19,12,7,338.2635682478349,0.8192073170731707,0.10009260147902932,0.20640443427867566,132878.03849501786,789.5598886195864,133667.59838363744,935,7,391.0731707317073,37,4,18,33.5233214576908,0.6472409909909909,42.242324561403514,1031.030701754387,27.865694642010464,0
972,4,0,0,41,0.0,0.0,1.0,41,1100,700,400,0.6363636363636364,15,7,8,356.4218187815179,0.8191565040650407,0.09248468429475576,0.21308282800631828,132108.41912436095,1218.5901321782626,133327.00925653923,936,8,392.0731707317073,36,5,21,33.829462883850006,0.6414930555555556,42.98986486486487,1028.0405405405415,28.55668168168171,4
973,4,0,0,41,0.0,0.0,1.0,41,1100,600,500,0.5454545454545454,16,6,10,355.83495605971865,0.8177845528455284,0.0864827754792099,0.2132508659989841,132200.59447378037,1208.318545129263,133408.91301890963,937,9,393.0731707317073,37,4,22,33.7517103813484,0.6404842342342343,42.90021929824561,1028.3991228070172,27.79457088667614,0
974,4,0,0,41,0.0,0.0,1.0,41,750,500,250,0.6666666666666666,10,5,5,353.8205860582666,0.8168191056910569,0.08631873974639914,0.2123602634557005,132256.98201610113,1159.0485774469032,133416.03059354803,938,10,394.0731707317073,37,4,22,33.746735422662816,0.6410472972972973,42.8453947368421,1028.6184210526317,27.800497866287344,0
975,4,0,0,41,0.0,0.0,1.0,41,1150,800,350,0.6956521739130435,15,8,7,350.9318297300399,0.8172256097560976,0.0837365458674828,0.2114150291300482,132398.00347222207,1092.7601521621807,133490.76362438424,939,11,395.0731707317073,34,7,22,33.679149797570844,0.6485906862745099,42.70833333333332,1029.1666666666654,30.269607843137216,0
976,4,0,0,41,0.0,0.0,1.0,41,650,500,150,0.7692307692307693,8,5,3,350.0077508267327,0.8167682926829268,0.08084945526762688,0.21102977779971602,132428.63520408142,1070.2097505668696,133498.8449546483,940,12,396.0731707317073,34,7,22,33.672121983190685,0.6488970588235295,42.678571428571416,1029.2857142857126,30.27310924369743,0
977,4,0,0,41,0.0,0.0,1.0,41,850,400,450,0.47058823529411764,13,4,9,354.08819432857683,0.8148882113821139,0.0812256301964247,0.21436087957568334,132581.84700963704,1189.1333616779912,133770.98037131503,941,13,397.0731707317073,34,7,22,33.41304473471275,0.6504289215686274,42.5297619047619,1029.8809523809514,30.29061624649857,0
978,4,1,0,42,0.023809523809523808,0.0,1.0,42,1100,700,400,0.6363636363636364,15,7,8,343.1799941337444,0.8172667440960124,0.08356843635120148,0.21005632607966535,132994.2558299039,728.1935871056171,133722.4494170095,942,0,388.5952380952381,35,7,18,33.28003441053262,0.6523809523809524,42.129629629629626,1031.4814814814808,29.470899470899454,0
979,4,0,0,42,0.0,0.0,1.0,42,1000,700,300,0.7,13,7,6,343.77304405959086,0.8172425474254743,0.0869917135484286,0.21058756987650365,133024.1036120753,746.0202064042892,133770.1238184796,943,1,389.5952380952381,35,7,18,33.23481151127566,0.6526785714285716,42.10069444444443,1031.59722222222,29.474206349206284,0
980,4,0,0,42,0.0,0.0,1.0,42,1750,1400,350,0.8,21,14,7,342.34010043257706,0.8168795973674022,0.08570857163635637,0.21076102757994808,133210.5262991029,720.6609903822423,133931.18728948515,944,2,390.5952380952381,36,6,18,33.084933275153624,0.652488425925926,41.92004504504503,1032.3198198198177,28.67555055055049,0
981,4,0,0,42,0.0,0.0,1.0,42,950,300,650,0.3157894736842105,16,3,13,340.16784617232514,0.8157665505226481,0.0906163992314486,0.20991515137282732,133297.72973987472,668.7203250547517,133966.45006492946,945,3,391.5952380952381,36,6,18,33.053662304616495,0.6533564814814816,41.83558558558557,1032.6576576576554,28.684934934934873,0
982,4,0,0,42,0.0,0.0,1.0,42,1050,700,350,0.6666666666666666,14,7,7,338.0072048955193,0.8160327138985676,0.08927939675127128,0.20924467046817194,133415.57618690343,619.085199292067,134034.6613861955,946,4,392.5952380952381,37,5,19,32.9914915446119,0.6525900900900903,41.721491228070164,1033.1140350877174,27.922000948316686,0
983,4,0,0,42,0.0,0.0,1.0,42,1400,1100,300,0.7857142857142857,17,11,6,336.89142230169296,0.8150406504065041,0.08878385079258488,0.2093790739440792,133561.9363667052,599.1981874497634,134161.13455415497,947,5,393.5952380952381,35,7,19,32.873908296943235,0.6580357142857143,41.57986111111111,1033.680555555555,29.53373015873014,0
984,4,0,0,42,0.0,0.0,1.0,42,1250,900,350,0.72,16,9,7,336.6571813226231,0.8147260936895083,0.08490606273857537,0.209402642310144,133591.8477794924,594.9309842249617,134186.77876371736,948,6,394.5952380952381,35,7,20,32.85005224660398,0.6583333333333334,41.550925925925924,1033.7962962962958,29.537037037037024,0
985,4,0,0,42,0.0,0.0,1.0,42,700,300,400,0.42857142857142855,11,3,8,336.6571813226231,0.8147260936895083,0.08490606273857537,0.209402642310144,133591.8477794924,594.9309842249617,134186.77876371736,949,7,395.5952380952381,35,7,20,32.85005224660398,0.6583333333333334,41.550925925925924,1033.7962962962958,29.537037037037024,0
986,4,1,0,43,0.023255813953488372,0.0,1.0,43,1000,600,400,0.6,14,6,8,330.66509360101827,0.8174603174603174,0.10067738818541927,0.20794356159834218,133996.38447569197,261.5854029705463,134257.96987866252,950,0,387.3720930232558,36,7,18,32.60097164817636,0.6603009259259258,41.15990990990991,1035.3603603603608,28.76001001001002,0
987,4,0,0,43,0.0,0.0,1.0,43,900,600,300,0.6666666666666666,12,6,6,333.5614366729677,0.8158914728682171,0.10633973710818978,0.2107668418537983,134171.33349565777,350.8765522278961,134522.21004788566,951,1,388.3720930232558,36,7,19,32.3514492753623,0.6620370370370371,40.99099099099099,1036.0360360360357,28.778778778778772,0
988,4,0,0,43,0.0,0.0,1.0,43,1700,1400,300,0.8235294117647058,20,14,6,329.09811845049137,0.813861203396087,0.10559983830830033,0.20877658031266522,134317.21153163296,240.7083181154095,134557.91984974837,952,2,389.3720930232558,36,7,19,32.32165489770051,0.6634837962962963,40.85022522522522,1036.599099099099,28.794419419419416,0
989,4,0,0,43,0.0,0.0,1.0,43,1250,900,350,0.72,16,9,7,328.05046572267787,0.8137227759320782,0.10339566208084716,0.20827810947882563,134346.39665002836,214.4795978410751,134560.87624786943,953,3,390.3720930232558,36,7,19,32.31972807589253,0.6637731481481481,40.82207207207207,1036.7117117117111,28.79754754754753,0
990,4,0,0,43,0.0,0.0,1.0,43,1200,900,300,0.75,15,9,6,326.793555257224,0.8137227759320782,0.10164475096404679,0.20797801315575495,134433.97102761536,186.43106789220766,134620.40209550757,954,4,391.3720930232558,36,7,20,32.26508488073263,0.6646412037037037,40.73761261261261,1037.0495495495488,28.806931931931913,0
991,4,0,0,43,0.0,0.0,1.0,43,950,700,250,0.7368421052631579,12,7,5,326.9233682603348,0.8129383536360281,0.08870363408363158,0.20939907472241176,134667.6421987866,205.19983666098065,134872.8420354476,955,5,392.3720930232558,36,7,22,32.02913095367256,0.6669560185185186,40.512387387387385,1037.9504504504503,28.83195695695695,0
992,4,0,0,43,0.0,0.0,1.0,43,1450,1300,150,0.896551724137931,16,13,3,319.4108713323273,0.8157069029162052,-0.00995266942059203,0.19555560955698278,133003.43940618364,-103.45110581490562,132899.98830036874,956,6,393.3720930232558,38,5,20,33.88378215087174,0.646655701754386,42.12072649572649,1031.5170940170929,27.145186684660338,6
993,4,0,0,43,0.0,0.0,1.0,43,1000,700,300,0.7,13,7,6,320.2974803707527,0.8150609080841639,-0.010547837332118837,0.19638811225018124,133058.54752218918,-76.33649737016265,132982.21102481903,957,7,394.3720930232558,38,5,20,33.80578854716788,0.647203947368421,42.067307692307686,1031.730769230768,27.150809716599156,0
994,4,0,1,42,0.0,0.023255813953488372,0.9767441860465116,43,700,500,200,0.7142857142857143,9,5,4,319.0970066307044,0.8148763381321521,-0.010094053851007034,0.19579662579665463,133086.105860545,-106.52439915260595,132979.5814613924,958,8,395.3720930232558,38,5,20,33.809190998826516,0.6474780701754386,42.04059829059829,1031.8376068376072,27.15362123256861,0
995,4,0,0,42,0.0,0.0,1.0,42,1400,1100,300,0.7857142857142857,17,11,6,326.4588487285269,0.8095238095238095,-0.014712727419909699,0.20056336058961427,133132.52635426272,292.458256386567,133424.9846106493,959,9,405.4047619047619,37,5,23,33.57283255418614,0.6497747747747749,41.99561403508771,1032.0175438596482,27.89236605026076,0
996,4,0,0,42,0.0,0.0,1.0,42,1000,500,500,0.5,15,5,10,327.47970845722784,0.8091124661246613,-0.013001036845964986,0.2016495392494966,133217.40974386354,325.1997008695049,133542.60944473304,960,10,406.4047619047619,37,5,23,33.4615639936272,0.6506193693693694,41.91337719298246,1032.3464912280706,27.901256519677585,0
997,4,0,0,42,0.0,0.0,1.0,42,950,700,250,0.7368421052631579,12,7,5,331.70820260364434,0.8084833526906697,-0.019445593711211906,0.20504826744066687,133361.84619037167,447.4436591423617,133809.28984951403,961,11,407.4047619047619,38,4,23,33.20791959729693,0.6502192982456141,41.773504273504265,1032.9059829059815,27.18173639226267,0
998,4,0,0,42,0.0,0.0,1.0,42,1050,800,250,0.7619047619047619,13,8,5,332.0109261186265,0.8089188927603562,-0.023041474654378113,0.205846774193548,133472.222222222,462.9841935130064,133935.20641573498,962,12,408.4047619047619,35,7,24,33.089717741935466,0.6571428571428573,41.66666666666665,1033.3333333333314,29.52380952380947,0
999,4,0,2,40,0.0,0.047619047619047616,0.9523809523809523,42,1500,1100,400,0.7333333333333333,19,11,8,330.809144836972,0.8108546264034069,-0.025302283922973734,0.2057651310364785,133591.84777949232,438.6809842249477,134030.52876371727,963,13,409.4047619047619,35,7,24,33.001194208090745,0.6583333333333334,41.55092592592592,1033.7962962962952,29.537037037037006,0
1000,4,0,0,40,0.0,0.0,1.0,40,850,600,250,0.7058823529411765,11,6,5,335.0239186896393,0.8098290598290598,-0.045594159113796495,0.20923191903069904,133741.45507812488,961.3172743055418,134702.77235243042,964,14,395.825,35,5,16,32.74274085263511,0.6598214285714286,41.40624999999999,1034.374999999999,29.553571428571402,0
1001,4,0,0,40,0.0,0.0,1.0,40,750,400,350,0.5333333333333333,11,4,7,335.7579777637597,0.8076655982905983,-0.0363018678000222,0.21037225502353,133861.20119866668,988.9932430984089,134850.19444176508,965,15,396.825,35,5,17,32.60413171531895,0.6610119047619047,41.29050925925925,1034.8379629629617,29.566798941798904,0
1002,4,0,1,39,0.0,0.025,0.975,40,1000,800,200,0.8,12,8,4,338.5706593686872,0.8070512820512821,-0.03294768611670018,0.2129995160838447,134010.95920138867,1074.435763888865,135085.39496527755,966,16,397.825,35,5,18,32.3817907444668,0.6625000000000001,41.14583333333332,1035.416666666665,29.583333333333282,0
1003,4,0,0,39,0.0,0.0,1.0,39,1500,1300,200,0.8666666666666667,17,13,4,350.9284185388085,0.805161943319838,-0.035859099688886786,0.22031210102490556,133933.93034297062,1600.2444727891307,135534.17481575976,967,17,407.87179487179486,34,5,18,32.13892083572935,0.6639093137254901,41.2202380952381,1035.1190476190484,30.444677871148482,0
1004,4,0,1,38,0.0,0.02564102564102564,0.9743589743589743,39,950,600,350,0.631578947368421,13,6,7,347.4501255119566,0.8053306342780028,-0.03636899498968449,0.21904464434449455,134088.01020408186,1517.7791950113626,135605.78939909322,968,18,408.87179487179486,34,5,18,32.07495210727969,0.6654411764705881,41.071428571428584,1035.7142857142874,30.462184873949628,0
1005,4,0,0,38,0.0,0.0,1.0,38,1050,700,350,0.6666666666666666,14,7,7,348.9151230204667,0.8022463252726411,-0.034750143595634664,0.220894992428594,134242.17864229044,1767.825255102063,136010.0038973925,969,19,416.7368421052632,34,4,19,31.883017422937026,0.6669730392156862,40.92261904761906,1036.3095238095252,30.479691876750742,0
1006,4,0,0,38,0.0,0.0,1.0,38,650,300,350,0.46153846153846156,10,3,7,347.11043961063297,0.8020981507823614,-0.03231890891943845,0.21993766282752358,134273.02295918384,1721.5136054421985,135994.53656462603,970,20,417.7368421052632,34,4,19,31.898977716517358,0.6672794117647057,40.89285714285715,1036.428571428573,30.483193277310967,0
1007,4,0,0,38,0.0,0.0,1.0,38,1250,1000,250,0.8,15,10,5,348.11214429920915,0.7994013750592698,-0.03074957564921099,0.2218801107007322,134489.03238378683,1763.4530895691628,136252.485473356,971,21,418.7368421052632,34,4,21,31.65743716286011,0.6694240196078431,40.68452380952381,1037.2619047619046,30.50770308123249,0
1008,4,0,0,38,0.0,0.0,1.0,38,900,600,300,0.6666666666666666,12,6,6,346.5570407394316,0.7997273589378853,-0.01302261016869366,0.2183797465166503,134070.88584533604,1711.0092365135333,135781.89508184957,972,22,419.7368421052632,35,3,20,32.11518402622559,0.6630952380952382,41.08796296296296,1035.6481481481478,29.58994708994708,3
1009,4,0,0,38,0.0,0.0,1.0,38,800,500,300,0.625,11,5,6,346.119537664262,0.7994013750592698,-0.01214235745736536,0.21899704739986883,134220.76106235015,1691.2855527692225,135912.04661511938,973,23,420.7368421052632,35,3,20,31.976828065080586,0.6645833333333332,40.943287037037045,1036.2268518518533,29.606481481481524,0
1010,4,0,1,37,0.0,0.02631578947368421,0.9736842105263158,38,1200,900,300,0.75,15,9,6,348.83485409162563,0.7981270744428639,-0.017742665248585476,0.22143967314661217,134340.72151759718,1772.545197830965,136113.26671542815,974,24,421.7368421052632,35,3,21,31.786707789066266,0.6657738095238093,40.82754629629631,1036.689814814817,29.619708994709057,0
1011,4,0,0,37,0.0,0.0,1.0,37,800,400,400,0.5,12,4,8,356.2233276937451,0.79491991991992,-0.013038163791932789,0.22575937009890226,134280.73459201408,2166.78602430558,136447.52061631967,975,25,432.8918918918919,35,2,21,31.65515075376886,0.6651785714285714,40.88541666666668,1036.4583333333348,29.61309523809528,0
1012,4,0,0,37,0.0,0.0,1.0,37,1000,600,400,0.6,14,6,8,357.5580095634869,0.7942317317317317,-0.010259226514669262,0.22697711492984796,134340.72151759703,2206.9201978309507,136547.64171542798,976,26,433.8918918918919,35,2,21,31.56062762829815,0.6657738095238095,40.827546296296305,1036.6898148148161,29.619708994709033,0
1013,4,0,0,37,0.0,0.0,1.0,37,1200,900,300,0.75,15,9,6,358.8286821415876,0.7935435435435435,-0.002353238049687789,0.22873155648485594,134492.36979800765,2251.9439625436503,136744.3137605513,977,27,434.8918918918919,36,1,21,31.376207795027696,0.6652199074074073,40.68130630630632,1037.2747747747765,28.813188188188235,0
1014,4,0,1,36,0.0,0.02702702702702703,0.972972972972973,37,550,400,150,0.7272727272727273,7,4,3,358.8286821415876,0.7935435435435435,-0.002353238049687789,0.22873155648485594,134492.36979800765,2251.9439625436503,136744.3137605513,978,28,435.8918918918919,36,1,21,31.376207795027696,0.6652199074074073,40.68130630630632,1037.2747747747765,28.813188188188235,0
1015,4,0,0,36,0.0,0.0,1.0,36,900,600,300,0.6666666666666666,12,6,6,369.1512680380746,0.78994708994709,-0.010443402894022347,0.2351076412856564,134460.73555652,2727.270206404311,137188.0057629243,979,29,442.0,35,1,21,31.140148978908602,0.6669642857142857,40.71180555555555,1037.1527777777771,29.63293650793649,0
1016,4,0,0,36,0.0,0.0,1.0,36,1050,700,350,0.6666666666666666,14,7,7,372.54648499036153,0.7894179894179895,-0.013367772340039608,0.23807722044011173,134584.55615573467,2827.9212292329876,137412.47738496764,980,30,443.0,31,5,21,30.928310745806662,0.677755376344086,40.59244791666667,1037.630208333334,33.471942204301094,0
1017,4,0,0,36,0.0,0.0,1.0,36,600,200,400,0.3333333333333333,10,2,8,372.7281274716617,0.7874338624338625,-0.013676045298521622,0.23904607364056177,134714.57791296803,2842.38247372717,137556.9603866952,981,31,444.0,32,4,21,30.79365320684343,0.6764322916666667,40.467171717171716,1038.131313131313,32.44160353535353,0
1018,4,0,0,36,0.0,0.0,1.0,36,1500,1100,400,0.7333333333333333,19,11,8,381.15764937799645,0.7869378306878307,-0.013565891472867797,0.2444198673641942,134709.75894187315,3075.3803756221364,137785.13931749528,982,32,445.0,33,3,23,30.579698382717517,0.6739267676767678,40.471813725490186,1038.1127450980377,31.45796197266781,1
1019,4,0,0,36,0.0,0.0,1.0,36,1000,800,200,0.8,12,8,4,382.9066437444348,0.7858796296296297,-0.011720235519361966,0.245971796243108,134773.3763005814,3121.124237072273,137894.5005376537,983,33,446.0,33,3,23,30.470686297651362,0.6745580808080809,40.41053921568627,1038.3578431372543,31.465389185977404,0
1020,4,0,0,36,0.0,0.0,1.0,36,550,300,250,0.5454545454545454,8,3,5,379.13981804004897,0.7858796296296297,-0.011150593509603013,0.24392446700452666,134828.826530612,3023.7953514738883,137852.62188208586,984,34,447.0,34,2,19,30.51304829588873,0.672794117647059,40.35714285714284,1038.5714285714264,30.546218487394896,0
1021,4,0,0,36,0.0,0.0,1.0,36,1200,900,300,0.75,15,9,6,378.9536440851141,0.7869708994708995,-0.013562634480475566,0.24442930169481064,134921.57206632636,3025.8042800453295,137947.3763463717,985,35,448.0,34,2,19,30.425212940682176,0.6737132352941178,40.26785714285713,1038.92857142857,30.55672268907559,0
1022,4,0,0,36,0.0,0.0,1.0,36,950,800,150,0.8421052631578947,11,8,3,377.4812329299198,0.7869708994708995,-0.015253335313482497,0.24381485678020273,134971.39301483182,2989.833569101488,137961.2265839333,986,36,449.0,35,1,20,30.41369644315733,0.6720238095238096,40.2199074074074,1039.1203703703693,29.689153439153408,0
1023,4,0,0,36,0.0,0.0,1.0,36,1000,700,300,0.7,13,7,6,376.72213547706514,0.7869378306878307,-0.01896905813507499,0.24393233588460833,135061.6095062798,2976.139590835026,138037.74909711484,987,37,450.0,35,1,20,30.34334057083473,0.6729166666666668,40.13310185185184,1039.467592592591,29.69907407407403,0
1024,4,0,0,36,0.0,0.0,1.0,36,700,400,300,0.5714285714285714,10,4,6,378.84750431347163,0.7860780423280423,-0.01944104295768523,0.24571748240057126,135121.77057881074,3038.109112439972,138159.8796912507,988,38,451.0,35,1,20,30.228046495231727,0.6735119047619048,40.075231481481474,1039.699074074073,29.7056878306878,0
1025,4,0,1,35,0.0,0.027777777777777776,0.9722222222222222,36,800,500,300,0.625,11,5,6,385.2253523874411,0.7855820105820106,-0.05162464771669417,0.245535369082061,134489.03238378675,3171.124262622988,137660.15664640974,989,39,452.0,34,2,21,30.695034240024487,0.6694240196078431,40.6845238095238,1037.261904761904,30.507703081232467,3
1026,4,0,0,35,0.0,0.0,1.0,35,650,400,250,0.6153846153846154,9,4,5,385.36503764637786,0.7796218487394957,-0.038306778287874765,0.24561217459630572,134487.21645520945,3365.334246443665,137852.55070165312,990,40,461.42857142857144,33,2,21,30.693230151228722,0.6717171717171717,40.686274509803916,1037.2549019607836,31.43196672608435,0
1027,4,0,0,35,0.0,0.0,1.0,35,900,500,400,0.5555555555555556,13,5,8,379.78848100591426,0.7778011204481792,-0.03501564129301338,0.24313561634490766,134649.04729109275,3227.6464461777277,137876.69373727049,991,41,462.42857142857144,32,3,22,30.675942822384428,0.67578125,40.53030303030303,1037.8787878787878,32.43371212121212,0
1028,4,0,0,35,0.0,0.0,1.0,35,700,300,400,0.42857142857142855,11,3,8,379.3239670416626,0.7778711484593837,-0.037124437416372835,0.24305707973885482,134681.810609249,3217.607737730836,137899.41834697983,992,42,463.42857142857144,32,3,23,30.655232534565947,0.6761067708333334,40.49873737373737,1038.00505050505,32.43765782828281,0
1029,4,0,0,35,0.0,0.0,1.0,35,650,300,350,0.46153846153846156,10,3,7,380.76962747354224,0.7759803921568627,-0.04069622012229013,0.24464448565175104,134780.12447709424,3264.0355575961744,138044.16003469043,993,43,464.42857142857144,32,3,19,30.51941472114137,0.6770833333333333,40.40404040404041,1038.383838383839,32.44949494949497,0
1030,4,1,0,36,0.027777777777777776,0.0,1.0,36,750,600,150,0.8,9,6,3,366.8578020278427,0.7819775132275133,-0.03289137693969746,0.23816285005403567,135155.39583633695,2716.5622897443227,137871.95812608127,994,0,452.5,33,3,20,30.506162836377918,0.6783459595959596,40.04289215686274,1039.8284313725487,31.50995246583481,0
1031,4,0,0,36,0.0,0.0,1.0,36,1200,800,400,0.6666666666666666,16,8,8,366.0884939544422,0.7826719576719577,-0.0387815351583467,0.23808375848209598,135219.11832288068,2700.4326761341845,137919.55099901487,995,1,453.5,33,3,20,30.462643847452956,0.6789772727272727,39.981617647058826,1040.073529411765,31.517379679144398,0
1032,4,0,0,36,0.0,0.0,1.0,36,900,600,300,0.6666666666666666,12,6,6,366.9478815928389,0.7811838624338625,-0.034151289098285575,0.23927707486353342,135314.7302119379,2730.6907199154343,138045.42093185332,996,2,454.5,33,3,20,30.345013741656853,0.6799242424242424,39.88970588235295,1040.4411764705894,31.52852049910877,0
1033,4,0,0,36,0.0,0.0,1.0,36,650,500,150,0.7692307692307693,8,5,3,367.6422073176581,0.7816137566137566,-0.032089532707834434,0.23994235067903436,135346.60835075466,2751.8251694060127,138098.43352016067,997,3,455.5,33,3,20,30.29519000510344,0.680239898989899,39.85906862745099,1040.5637254901972,31.53223410576355,0
1034,4,0,0,36,0.0,0.0,1.0,36,550,300,250,0.5454545454545454,8,3,5,367.7186228083275,0.7808201058201059,-0.0333052055941494,0.2404183420716804,135410.37589208488,2758.58338739909,138168.95927948397,998,4,456.5,33,3,20,30.229674437772296,0.680871212121212,39.797794117647065,1040.8088235294126,31.539661319073108,0
1035,4,0,0,36,0.0,0.0,1.0,36,900,300,600,0.3333333333333333,15,3,12,363.9120586821349,0.7783399470899471,-0.03062191884717469,0.2387768928665716,135537.95602953198,2664.7793216551427,138202.73535118712,999,5,457.5,33,3,21,30.201713349809737,0.6821338383838383,39.67524509803922,1041.2990196078438,31.554515745692235,0
1036,4,0,0,36,0.0,0.0,1.0,36,750,500,250,0.6666666666666666,10,5,5,363.87370919283825,0.7782738095238095,-0.03139258213384577,0.23917731279427165,135601.76862564884,2668.383704584782,138270.15233023363,1000,6,458.5,33,3,21,30.139207553829863,0.6827651515151516,39.6139705882353,1041.5441176470592,31.561942959001794,0
1037,4,0,0,36,0.0,0.0,1.0,36,850,500,350,0.5882352941176471,12,5,7,363.7966102952023,0.778968253968254,-0.033273863205635745,0.23955344571026457,135665.5962400279,2670.9368091599426,138336.53304918783,1001,7,459.5,33,3,21,30.077711445712264,0.6833964646464646,39.552696078431374,1041.7892156862747,31.569370172311356,0
1038,4,0,0,36,0.0,0.0,1.0,36,800,400,400,0.5,12,4,8,361.7621712582184,0.7778439153439154,-0.03271067727730059,0.2386395455553632,135729.43887266918,2620.3553020472896,138349.79417471646,1002,8,460.5,33,3,22,30.067206672154917,0.6840277777777777,39.49142156862745,1042.0343137254904,31.57679738562092,0
1039,4,0,0,36,0.0,0.0,1.0,36,450,200,250,0.4444444444444444,7,2,5,361.9282636592715,0.7780423280423281,-0.03259193938206262,0.23917637004056758,135793.29652357264,2629.48640546905,138422.78292904168,1003,9,461.5,33,3,22,29.99938761512835,0.6846590909090908,39.43014705882353,1042.2794117647059,31.58422459893048,0
1040,4,0,1,35,0.0,0.027777777777777776,0.9722222222222222,36,600,500,100,0.8333333333333334,7,5,2,361.9282636592715,0.7776785714285714,-0.03259193938206262,0.23917637004056758,135793.29652357264,2629.48640546905,138422.78292904168,1004,10,462.5,33,3,22,29.99938761512835,0.6846590909090908,39.43014705882353,1042.2794117647059,31.58422459893048,0
1041,4,0,0,35,0.0,0.0,1.0,35,850,700,150,0.8235294117647058,10,7,3,367.75320731894413,0.7772408963585433,-0.0346028668374766,0.24238813632555345,135699.45031119278,2980.7816166717694,138680.23192786454,1005,11,462.48571428571427,32,3,22,29.940973905315875,0.6861979166666666,39.52020202020202,1041.9191919191921,32.559974747474755,0
1042,4,0,0,35,0.0,0.0,1.0,35,1550,1300,250,0.8387096774193549,18,13,5,368.37159043937856,0.7778711484593837,-0.03075805279728694,0.24414226274866704,135896.85523160917,3012.1081394755834,138908.96337108474,1006,12,463.48571428571427,32,3,21,29.728495600226044,0.6881510416666666,39.33080808080809,1042.6767676767688,32.583648989899025,0
1043,4,0,0,35,0.0,0.0,1.0,35,700,500,200,0.7142857142857143,9,5,4,367.83889703706865,0.7759103641456582,-0.0313932980599646,0.24469283150726748,136028.5382231405,3007.3174931129442,139035.85571625343,1007,13,464.48571428571427,32,3,21,29.61147421931736,0.689453125,39.20454545454545,1043.181818181818,32.59943181818181,0
1044,4,0,1,34,0.0,0.02857142857142857,0.9714285714285714,35,1000,800,200,0.8,12,8,4,369.96584332726167,0.774719887955182,-0.03905626134301288,0.24679319573041303,136127.34231519746,3072.4933999081727,139199.83571510564,1008,14,465.48571428571427,32,3,21,29.45780399274046,0.6904296875,39.109848484848484,1043.5606060606062,32.611268939393945,0
1045,4,0,1,33,0.0,0.029411764705882353,0.9705882352941176,34,750,200,550,0.26666666666666666,13,2,11,375.4168310086414,0.7704991087344029,-0.02976400140894675,0.25077844311377234,136176.7578125,3424.6093750000005,139601.3671875,1009,15,474.88235294117646,31,3,21,29.266467065868262,0.6935483870967742,39.0625,1043.75,33.66935483870968,0
1046,4,0,0,33,0.0,0.0,1.0,33,750,400,350,0.5333333333333333,11,4,7,412.6153568972755,0.7634154040404041,-0.003361992267417957,0.24416654145938851,131719.9098186728,4332.865547839496,136052.7753665123,1010,60,489.8181818181818,29,4,19,32.779027420736924,0.6548132183908046,43.36805555555555,1026.5277777777774,35.397509578544046,8
1047,4,0,1,32,0.0,0.030303030303030304,0.9696969696969697,33,450,400,50,0.8888888888888888,5,4,1,408.0362044742424,0.7636521464646465,-0.0032791051322096365,0.24190951561171398,131791.2061149691,4155.116705246906,135946.322820216,1011,61,490.8181818181818,29,4,19,32.824265070562234,0.6555316091954023,43.29861111111111,1026.8055555555552,35.40708812260535,0
1048,4,1,1,32,0.030303030303030304,0.030303030303030304,0.9696969696969697,33,900,700,200,0.7777777777777778,11,7,4,404.54679871686,0.7671243686868687,0.0038513856794009094,0.2405167301696059,131898.18672839506,4071.797839506171,135969.98456790124,1012,0,489.93939393939394,29,4,20,32.80545790517397,0.6566091954022989,43.19444444444444,1027.2222222222222,35.421455938697314,0
1049,4,0,0,32,0.0,0.0,1.0,32,850,400,450,0.47058823529411764,13,4,9,415.14798184757325,0.7591985887096775,0.006459937018894246,0.245752471441666,131733.43004772748,4537.773525234497,136271.20357296197,1013,87,506.25,28,4,20,32.70031490552834,0.6581101190476191,43.35488505747126,1026.5804597701142,36.66358784893265,0
1050,4,0,0,32,0.0,0.0,1.0,32,950,800,150,0.8421052631578947,11,8,3,416.6806278886029,0.757728494623656,0.010684806939003977,0.2473781667896788,131844.07616593997,4587.374488043328,136431.4506539833,1014,88,507.25,28,4,20,32.54873157992911,0.6592261904761905,43.247126436781606,1027.0114942528733,36.678981937602614,0
1051,4,1,0,33,0.030303030303030304,0.0,1.0,33,1050,800,250,0.7619047619047619,13,8,5,406.2633803445856,0.766729797979798,0.009577132753793904,0.2433635977403974,132183.68055555553,4140.277777777775,136323.9583333333,1015,0,492.8484848484849,29,4,21,32.47231226364127,0.6594827586206897,42.916666666666664,1028.3333333333333,35.45977011494253,0
1052,4,0,0,33,0.0,0.0,1.0,33,750,700,50,0.9333333333333333,8,7,1,405.0193517324599,0.766729797979798,0.011129387310861993,0.2430772543703886,132255.1022376542,4113.175154320973,136368.2773919752,1016,1,493.8484848484849,29,4,21,32.432037087046545,0.6602011494252874,42.847222222222214,1028.6111111111102,35.4693486590038,0
1053,4,0,0,33,0.0,0.0,1.0,33,750,500,250,0.6666666666666666,10,5,5,405.0193517324599,0.766729797979798,0.011129387310861993,0.2430772543703886,132255.1022376542,4113.175154320973,136368.2773919752,1017,2,494.8484848484849,29,4,21,32.432037087046545,0.6602011494252874,42.847222222222214,1028.6111111111102,35.4693486590038,0
1054,4,0,0,33,0.0,0.0,1.0,33,600,400,200,0.6666666666666666,8,4,4,404.0527818337419,0.7660984848484849,0.012027934263656892,0.24272659813808015,132290.82031250003,4090.494791666667,136381.3151041667,1018,3,495.8484848484849,29,4,21,32.42076751721345,0.6605603448275863,42.8125,1028.7500000000002,35.47413793103449,0
1055,4,0,0,33,0.0,0.0,1.0,33,600,200,400,0.3333333333333333,10,2,8,406.02739901758173,0.765546085858586,0.008262975325610489,0.2441437477209614,132326.5432098765,4145.640432098752,136472.18364197525,1019,4,496.8484848484849,29,4,21,32.333850791936634,0.6609195402298851,42.77777777777777,1028.8888888888885,35.47892720306512,0
1056,4,0,0,33,0.0,0.0,1.0,33,850,600,250,0.7058823529411765,11,6,5,405.650129205619,0.7653093434343435,0.007032952654326463,0.24461131875857128,132433.7408371913,4144.352816358018,136578.0936535493,1020,5,497.8484848484849,29,4,21,32.2351628210318,0.6619971264367817,42.67361111111111,1029.305555555555,35.49329501915707,0
1057,4,0,0,33,0.0,0.0,1.0,33,950,800,150,0.8421052631578947,11,8,3,404.6281915034587,0.7648358585858587,0.0054784215604506414,0.2442267227543678,132469.48302469132,4120.177469135796,136589.6604938271,1021,6,498.8484848484849,29,4,21,32.225332793667924,0.6623563218390804,42.638888888888886,1029.4444444444443,35.49808429118774,0
1058,4,0,0,33,0.0,0.0,1.0,33,800,600,200,0.75,10,6,4,403.7059729160775,0.7637310606060607,-0.0009806805923311401,0.24459832476679985,132612.50000000003,4107.291666666667,136719.7916666667,1022,7,499.8484848484849,29,4,22,32.104571197411,0.6637931034482758,42.5,1030.0000000000002,35.517241379310356,0
1059,4,0,0,33,0.0,0.0,1.0,33,850,400,450,0.47058823529411764,13,4,9,402.52369012554703,0.7621527777777778,-0.0016340269777854743,0.24434703218914128,132684.03742283944,4081.6936728394962,136765.73109567893,1023,8,500.8484848484849,29,4,19,32.062775231419074,0.6645114942528736,42.43055555555555,1030.2777777777771,35.526819923371626,0
1060,4,0,0,33,0.0,0.0,1.0,33,800,600,200,0.75,10,6,4,400.1174675987115,0.761126893939394,-0.0034309941305492586,0.24311805832226377,132719.8133680556,4020.703125000006,136740.5164930556,1024,9,501.8484848484849,29,4,19,32.08864065237904,0.6648706896551724,42.395833333333336,1030.416666666667,35.53160919540231,0
1061,4,0,0,33,0.0,0.0,1.0,33,1150,800,350,0.6956521739130435,15,8,7,400.1930711549346,0.7597064393939394,-0.00400066949979383,0.24409475490411495,132862.96537422837,4034.167631172837,136897.1330054012,1025,10,502.8484848484849,29,4,21,31.942245947280963,0.666307471264368,42.25694444444444,1030.9722222222222,35.5507662835249,0
1062,4,0,0,33,0.0,0.0,1.0,33,650,300,350,0.46153846153846156,10,3,7,402.1222324252628,0.7589962121212122,-0.004652586470768272,0.24574136425988277,132934.5703125,4091.189236111112,137025.75954861112,1026,11,503.8484848484849,29,4,21,31.82028619528619,0.6670258620689655,42.1875,1031.25,35.560344827586206,0
1063,4,1,0,34,0.029411764705882353,0.0,1.0,34,700,600,100,0.8571428571428571,8,6,2,391.2206963678671,0.7677881758764112,-0.004076621189527785,0.24102477867139233,133236.86599731448,3625.0038994683164,136861.8698967828,1027,0,490.0,31,3,22,31.796911127927007,0.6643145161290323,41.89453125,1032.4218750000002,33.30393145161291,0
1064,4,0,1,33,0.0,0.029411764705882353,0.9705882352941176,34,850,600,250,0.7058823529411765,11,6,5,388.432594808065,0.7670454545454546,-0.006966432104166476,0.2401742614662805,133371.32983737517,3561.154344346783,136932.48418172196,1028,1,491.0,31,3,22,31.733607504516993,0.6656586021505377,41.764322916666664,1032.942708333333,33.32073252688171,0
1065,4,0,0,33,0.0,0.0,1.0,33,850,700,150,0.8235294117647058,10,7,3,398.32003116186036,0.7574968434343435,-0.008805671609994015,0.2453485292184644,133229.2773189098,4013.5779786680614,137242.85529757786,1029,2,506.4848484848485,30,3,22,31.621316668836517,0.6670138888888888,41.90188172043011,1032.3924731182801,34.413082437276,0
1066,4,0,0,33,0.0,0.0,1.0,33,700,500,200,0.7142857142857143,9,5,4,397.0485938452259,0.7571022727272728,-0.014670389475178514,0.2452509160053631,133333.36946467802,3987.9653717192814,137321.3348363973,1030,3,507.4848484848485,30,3,22,31.549323269130667,0.6680555555555556,41.80107526881721,1032.7956989247314,34.426523297491045,0
1067,4,0,0,33,0.0,0.0,1.0,33,550,300,250,0.5454545454545454,8,3,5,395.03100771638583,0.7552083333333334,-0.019308474362461858,0.24469003677001272,133437.502258209,3942.3901968435566,137379.89245505256,1031,4,508.4848484848485,30,3,22,31.49662850700316,0.6690972222222222,41.7002688172043,1033.1989247311824,34.43996415770608,0
1068,4,1,1,33,0.029411764705882353,0.029411764705882353,0.9705882352941176,34,1050,1000,50,0.9523809523809523,11,10,1,382.86371537834054,0.7629233511586453,-0.024368478349416023,0.23889131902986302,133707.78613620327,3438.371955023861,137146.15809122715,1032,0,494.5,31,3,18,31.539431994628387,0.6690188172043011,41.43880208333333,1034.244791666666,33.362735215053746,0
1069,4,0,0,33,0.0,0.0,1.0,33,900,800,100,0.8888888888888888,10,8,2,392.62736295647426,0.7553661616161617,-0.020764135963719843,0.24411455525450637,133576.40921277023,3889.1506604809742,137465.55987325122,1033,6,510.4848484848485,30,3,22,31.41902873488493,0.6704861111111111,41.56586021505376,1033.7365591397847,34.45788530465949,0
1070,4,0,0,33,0.0,0.0,1.0,33,900,700,200,0.7777777777777778,11,7,4,391.36360107352954,0.7541824494949496,-0.02539562508369353,0.24401552241975158,133680.63685108098,3863.547086368359,137544.18393744936,1034,7,511.4848484848485,30,3,22,31.34693700719176,0.6715277777777778,41.46505376344086,1034.139784946236,34.47132616487453,0
1071,4,0,0,33,0.0,0.0,1.0,33,750,400,350,0.5333333333333333,11,4,7,391.35392930862787,0.7537089646464648,-0.028810522377773706,0.2442391310648735,133715.38843002074,3866.008534223607,137581.39696424434,1035,8,512.4848484848485,30,3,19,31.312269872211395,0.671875,41.431451612903224,1034.2741935483866,34.47580645161289,0
1072,4,0,0,33,0.0,0.0,1.0,33,550,300,250,0.5454545454545454,8,3,5,391.3021527700897,0.7532354797979799,-0.034417187333908084,0.24466715433561156,133784.90513715448,3870.0642776621485,137654.96941481662,1036,9,513.4848484848485,30,3,19,31.24377463080855,0.6725694444444446,41.36424731182795,1034.5430107526875,34.48476702508958,0
1073,4,2,1,34,0.05714285714285714,0.02857142857142857,0.9714285714285714,35,950,700,250,0.7368421052631579,12,7,5,381.13669134024764,0.7717787114845938,-0.008710758594065338,0.22764738108591037,132073.33953486898,3069.785075267606,135143.12461013658,1037,0,485.0857142857143,32,3,22,33.22969127461818,0.6500651041666666,43.0239898989899,1027.904040404041,32.122001262626284,6
1074,4,0,0,34,0.0,0.0,1.0,34,1050,900,150,0.8571428571428571,12,9,3,389.5853012115663,0.7650029708853239,0.0007602635580332695,0.23222108739891867,131996.29041883687,3484.762912326395,135481.05333116328,1038,1,500.05882352941177,31,3,22,33.09047136340598,0.6518817204301075,43.098958333333336,1027.6041666666672,33.14852150537636,0
1075,4,0,0,34,0.0,0.0,1.0,34,400,300,100,0.75,5,3,2,388.4911869707114,0.7636660724896019,-0.0027645717521871394,0.23197802041957616,132063.20020887593,3461.0778808593855,135524.2780897353,1039,2,501.05882352941177,31,3,22,33.050945866058605,0.6525537634408602,43.03385416666667,1027.864583333334,33.15692204301077,0
1076,4,0,0,34,0.0,0.0,1.0,34,1200,900,300,0.75,15,9,6,383.113648654624,0.7616607248960191,-0.007279402456007,0.22978091956893507,132230.5488586426,3331.865607367622,135562.41446601023,1040,3,502.05882352941177,31,3,22,33.020134405198974,0.654233870967742,42.87109375,1028.5156250000002,33.17792338709678,0
1077,4,0,0,34,0.0,0.0,1.0,34,1250,1000,250,0.8,15,10,5,381.41913488173844,0.7610665478312537,-0.011312217194570318,0.22978177150192558,132398.00347222234,3299.826388888894,135697.82986111124,1041,4,503.05882352941177,31,3,23,32.894736842105246,0.6559139784946236,42.708333333333336,1029.1666666666674,33.19892473118282,0
1078,4,1,0,35,0.02857142857142857,0.0,1.0,35,1100,700,400,0.6363636363636364,15,7,8,372.30912300840583,0.7655462184873949,0.002002310358105497,0.22643718792806342,132755.59413580265,2885.22376543212,135640.81790123475,1042,0,489.65714285714284,32,3,20,32.76898023360289,0.6569010416666665,42.36111111111112,1030.555555555557,32.20486111111116,0
1079,4,0,1,34,0.0,0.02857142857142857,0.9714285714285714,35,1100,800,300,0.7272727272727273,14,8,6,362.40554672261453,0.7658963585434173,0.02567958357432043,0.218327244001185,132398.0034722223,2596.354166666672,134994.357638889,1043,1,490.65714285714284,33,2,22,33.38394062078272,0.6508838383838383,42.708333333333336,1029.1666666666672,31.186868686868703,4
1080,4,1,0,35,0.02857142857142857,0.0,1.0,35,750,300,450,0.4,12,3,9,361.03337356495473,0.7663165266106442,0.038013663709595136,0.2189643966945895,132650.3703503461,2578.2421424452236,135228.61249279132,1044,0,491.45714285714286,33,2,20,33.16529859624078,0.6534090909090908,42.46323529411765,1030.14705882353,31.216577540106968,0
1081,4,0,0,35,0.0,0.0,1.0,35,750,400,350,0.5333333333333333,11,4,7,368.1357802575608,0.7656862745098039,0.054266630316248676,0.21920812369882034,131956.93963860057,2715.6141868512173,134672.5538254518,1045,1,492.45714285714286,33,2,19,33.68121819338422,0.6464646464646464,43.13725490196079,1027.4509803921571,31.13487819370173,7
1082,4,0,0,35,0.0,0.0,1.0,35,900,700,200,0.7777777777777778,11,7,4,371.0037893212252,0.7644257703081232,0.06123130387380371,0.22128291445574635,132019.90370290275,2795.976907920034,134815.8806108228,1046,2,493.45714285714286,33,2,19,33.54400190794182,0.6470959595959596,43.075980392156865,1027.6960784313726,31.142305407011293,0
1083,4,0,0,35,0.0,0.0,1.0,35,850,600,250,0.7058823529411765,11,6,5,370.48880362704114,0.7630252100840336,0.06265831404058275,0.222081574288438,132208.88600538266,2796.3824009996265,135005.2684063823,1047,3,494.45714285714286,33,2,20,33.36659914204002,0.648989898989899,42.892156862745104,1028.4313725490206,31.164587046940017,0
1084,4,0,0,35,0.0,0.0,1.0,35,950,600,350,0.631578947368421,13,6,7,372.89580225868326,0.7635154061624649,0.06477732793522284,0.22464698331193833,132398.00347222213,2874.402273164157,135272.4057453863,1048,4,495.45714285714286,31,4,20,33.11403508771931,0.6559139784946237,42.70833333333333,1029.1666666666658,33.19892473118277,0
1085,4,1,1,35,0.027777777777777776,0.027777777777777776,0.9722222222222222,36,850,600,250,0.7058823529411765,11,6,5,362.71670111624036,0.772718253968254,0.05938568179651682,0.22003015348753927,132658.021582619,2423.4559930109076,135081.4775756299,1049,0,482.6666666666667,32,4,19,33.11425011235038,0.6559244791666667,42.455808080808076,1030.1767676767668,32.19302398989896,0
1086,4,0,0,35,0.0,0.0,1.0,35,1200,900,300,0.75,15,9,6,370.55653343768455,0.7614145658263305,0.06943729312247093,0.22439715243141758,132592.99314164385,2826.6399793388514,135419.6331209827,1050,6,497.45714285714286,32,3,20,32.977810469535356,0.6552734375,42.5189393939394,1029.9242424242434,32.185132575757606,0
1087,4,0,0,35,0.0,0.0,1.0,35,950,500,450,0.5263157894736842,14,5,9,370.6744356696042,0.7588935574229692,0.07316134000770114,0.2254429764482346,132755.59413580244,2841.8209876543124,135597.41512345677,1051,7,498.45714285714286,32,3,20,32.81109613656784,0.6569010416666667,42.36111111111111,1030.5555555555552,32.2048611111111,0
1088,4,0,0,35,0.0,0.0,1.0,35,1050,700,350,0.6666666666666666,14,7,7,370.4541491458554,0.7589635854341736,0.08080193135299663,0.22609331703475735,132885.7466712579,2845.6152433425004,135731.3619146004,1052,8,499.45714285714286,32,3,20,32.68583149644869,0.658203125,42.23484848484848,1031.060606060605,32.22064393939391,0
1089,4,0,0,35,0.0,0.0,1.0,35,750,600,150,0.8,9,6,3,370.5368984946888,0.7588935574229692,0.08219139743567339,0.22634067688901444,132918.29476902867,2850.2265393837406,135768.5213084124,1053,9,500.45714285714286,32,3,20,32.650963225990765,0.6585286458333334,42.20328282828283,1031.1868686868688,32.22458964646465,0
1090,4,0,0,35,0.0,0.0,1.0,35,650,300,350,0.46153846153846156,10,3,7,367.7870346927066,0.7591036414565826,0.08081832488197249,0.2252488810674222,133015.9629757167,2784.309317926735,135800.27229364344,1054,10,501.45714285714286,32,3,20,32.623674010607914,0.6595052083333334,42.108585858585855,1031.5656565656561,32.236426767676754,0
1091,4,0,0,35,0.0,0.0,1.0,35,750,500,250,0.6666666666666666,10,5,5,368.51417001429616,0.757563025210084,0.08290329347598058,0.22608842322498715,133081.09504132235,2808.453856749315,135889.54889807166,1055,11,502.45714285714286,32,3,20,32.539464023494865,0.66015625,42.04545454545455,1031.8181818181822,32.244318181818194,0
1092,4,0,0,35,0.0,0.0,1.0,35,800,500,300,0.625,11,5,6,367.7328751621999,0.7561624649859944,0.07990907086026433,0.22587006139612575,133124.20590938578,2790.829398548629,135915.03530793442,1056,12,503.45714285714286,33,2,20,32.516303487313465,0.6581439393939394,42.00367647058823,1031.9852941176468,31.272281639928693,0
1093,4,0,0,35,0.0,0.0,1.0,35,1100,900,200,0.8181818181818182,13,9,4,365.0755399801002,0.7547619047619047,0.07808054260279773,0.22500083572292204,133250.7047319541,2729.3145965494086,135980.0193285035,1057,13,504.45714285714286,33,2,21,32.45783877349159,0.6594065656565655,41.881127450980394,1032.4754901960787,31.287136066547838,0
1094,4,0,0,35,0.0,0.0,1.0,35,800,500,300,0.625,11,5,6,366.82123297389745,0.7530812324929972,0.07671474331813677,0.2268478483299325,133377.2636275711,2785.122458910034,136162.38608648116,1058,14,505.45714285714286,33,2,22,32.285734764898955,0.6606691919191918,41.75857843137255,1032.9656862745096,31.301990493166958,0
1095,4,0,0,35,0.0,0.0,1.0,35,950,600,350,0.631578947368421,13,6,7,365.84476290619756,0.7530812324929972,0.07557144551569905,0.22663021278928372,133440.56560277296,2763.7064170030735,136204.27201977602,1059,15,506.45714285714286,33,2,22,32.24743506108409,0.661300505050505,41.697303921568626,1033.2107843137253,31.309417706476523,0
1096,4,0,0,35,0.0,0.0,1.0,35,1100,600,500,0.5454545454545454,16,6,10,367.7207036415326,0.7514005602240896,0.07811917747891206,0.22837676100977075,133535.54672481734,2820.757040561317,136356.30376537866,1060,16,507.45714285714286,33,2,22,32.10368745553711,0.6622474747474747,41.60539215686274,1033.5784313725487,31.32055852644087,0
1097,4,0,0,35,0.0,0.0,1.0,35,850,500,350,0.5882352941176471,12,5,7,365.34700456239716,0.7507703081232493,0.08135202872044989,0.22729110106846487,133598.88624567477,2761.9905805459503,136360.87682622072,1061,17,508.45714285714286,33,2,22,32.101509404140984,0.6628787878787878,41.544117647058826,1033.823529411765,31.327985739750456,0
1098,4,0,0,35,0.0,0.0,1.0,35,600,400,200,0.6666666666666666,8,4,4,366.748842592739,0.7509103641456583,0.07491747498857393,0.2287504421759144,133693.92368620232,2806.4183547193265,136500.34204092165,1062,18,509.45714285714286,33,2,23,31.96999545759766,0.6638257575757576,41.452205882352935,1034.1911764705874,31.33912655971477,0
1099,4,0,0,35,0.0,0.0,1.0,35,700,500,200,0.7142857142857143,9,5,4,367.3041935266504,0.7505602240896359,0.07169939065673692,0.22929344625480236,133725.61034217596,2823.5954921184025,136549.20583429438,1063,19,510.45714285714286,33,2,20,31.923874407582936,0.6641414141414143,41.421568627450974,1034.313725490195,31.342840166369548,0
1100,4,0,0,35,0.0,0.0,1.0,35,1000,600,400,0.6,14,6,8,365.66633394706895,0.7513305322128851,0.06458097155716502,0.22885995978614526,133820.69283749026,2786.7444312283565,136607.4372687186,1064,20,511.45714285714286,33,2,21,31.870953255162075,0.6650883838383839,41.32965686274509,1034.6813725490185,31.353980986333895,0
1101,4,0,0,35,0.0,0.0,1.0,35,1000,800,200,0.8,12,8,4,363.1218054622237,0.7514005602240896,0.06229214243423864,0.2276587711305476,133884.09994052752,2723.2472186178206,136607.34715914534,1065,21,512.4571428571429,33,2,21,31.873273139924997,0.665719696969697,41.26838235294117,1034.926470588234,31.361408199643453,0
1102,4,0,0,35,0.0,0.0,1.0,35,600,400,200,0.6666666666666666,8,4,4,359.721818683999,0.751890756302521,0.05748106060606051,0.22611085745851364,133979.23875432523,2639.051086120716,136618.28984044594,1066,22,513.4571428571429,33,2,21,31.86602351641415,0.6666666666666667,41.17647058823529,1035.2941176470586,31.372549019607835,0
1103,4,0,0,35,0.0,0.0,1.0,35,750,400,350,0.5333333333333333,11,4,7,360.3229578796261,0.7502100840336134,0.057264581572273876,0.22687995484968992,134042.683403018,2659.7312331795365,136702.41463619753,1067,23,514.4571428571429,33,2,21,31.78698224852072,0.6672979797979799,41.11519607843137,1035.539215686274,31.379976232917393,0
1104,4,0,0,35,0.0,0.0,1.0,35,850,700,150,0.8235294117647058,10,7,3,361.0941794373215,0.7492296918767507,0.060259986138580635,0.2275620365715736,134074.41135921268,2682.6979106593512,136757.10926987205,1068,24,515.4571428571429,33,2,21,31.73527294600244,0.6676136363636365,41.084558823529406,1035.6617647058813,31.38368983957216,0
1105,4,1,0,36,0.027777777777777776,0.0,1.0,36,950,600,350,0.631578947368421,13,6,7,352.5630079912575,0.7551587301587303,0.07430364248546062,0.22452696824706397,134458.16326530615,2280.9948979591873,136739.15816326535,1069,0,502.1111111111111,34,2,22,31.5728305785124,0.6691176470588236,40.714285714285715,1037.1428571428573,30.504201680672274,0
1106,4,0,1,35,0.0,0.027777777777777776,0.9722222222222222,36,1000,400,600,0.4,16,4,12,351.0924641201102,0.7551587301587303,0.0722510924766746,0.22435470895886575,134582.56927924344,2250.217062928098,136832.78634217154,1070,1,503.1111111111111,33,3,24,31.486826306050954,0.6726641414141415,40.59436274509803,1037.6225490196068,31.44310754604869,0
1107,4,0,0,35,0.0,0.0,1.0,35,1000,800,200,0.8,12,8,4,349.5825633884383,0.7489495798319327,0.06621582879403642,0.22417213432728705,134709.75894187336,2418.436568867738,137128.1955107411,1071,2,500.42857142857144,33,2,24,31.399160862550655,0.6739267676767677,40.47181372549019,1038.1127450980393,31.45796197266786,0
1108,4,0,0,35,0.0,0.0,1.0,35,950,500,450,0.5263157894736842,14,5,9,349.5825633884383,0.7489495798319327,0.06621582879403642,0.22417213432728705,134709.75894187336,2418.436568867738,137128.1955107411,1072,3,501.42857142857144,33,2,24,31.399160862550655,0.6739267676767677,40.47181372549019,1038.1127450980393,31.45796197266786,0
1109,4,0,1,34,0.0,0.02857142857142857,0.9714285714285714,35,1100,900,200,0.8181818181818182,13,9,4,349.5240774131813,0.7503501400560224,0.07193292722866373,0.22487080024724118,134828.82653061204,2425.184240362791,137254.01077097483,1073,4,502.42857142857144,34,1,23,31.28199984716492,0.6727941176470589,40.35714285714285,1038.5714285714268,30.546218487394906,0
1110,4,0,0,34,0.0,0.0,1.0,34,700,500,200,0.7142857142857143,9,5,4,350.6978925699993,0.7474004753416519,0.06423673763984139,0.22587502564006925,134868.83049788536,2659.6429257977593,137528.4734236831,1074,5,499.6470588235294,33,1,24,31.211656441717793,0.6755050505050505,40.31862745098039,1038.7254901960778,31.47653000594175,0
1111,4,0,0,34,0.0,0.0,1.0,34,800,500,300,0.625,11,5,6,347.8584177823724,0.7456550802139038,0.06496398984222163,0.22444015722670876,134932.48540224915,2587.480175893888,137519.96557814305,1075,6,500.6470588235294,33,1,24,31.221986317527712,0.6761363636363636,40.25735294117647,1038.9705882352941,31.483957219251337,0
1112,4,0,0,34,0.0,0.0,1.0,34,900,700,200,0.7777777777777778,11,7,4,347.8584177823724,0.7456550802139038,0.06496398984222163,0.22444015722670876,134932.48540224915,2587.480175893888,137519.96557814305,1076,7,501.6470588235294,33,1,24,31.221986317527712,0.6761363636363636,40.25735294117647,1038.9705882352941,31.483957219251337,0
1113,4,0,0,34,0.0,0.0,1.0,34,1100,1000,100,0.9090909090909091,12,10,2,345.92694206147553,0.7444667260843731,0.06405953090974714,0.22398109332560573,135059.8402657632,2544.1675076893616,137604.00777345255,1077,8,502.6470588235294,33,1,24,31.145366658806903,0.6773989898989898,40.13480392156863,1039.4607843137258,31.49881164587048,0
1114,4,0,0,34,0.0,0.0,1.0,34,650,500,150,0.7692307692307693,8,5,3,345.92694206147553,0.7444667260843731,0.06405953090974714,0.22398109332560573,135059.8402657632,2544.1675076893616,137604.00777345255,1078,9,503.6470588235294,33,1,24,31.145366658806903,0.6773989898989898,40.13480392156863,1039.4607843137258,31.49881164587048,0
1115,4,0,0,34,0.0,0.0,1.0,34,750,500,250,0.6666666666666666,10,5,5,344.9041610566393,0.743426916221034,0.06384335912582895,0.22371306593306767,135123.54022491342,2520.9342560553573,137644.47448096878,1079,10,504.6470588235294,33,1,25,31.10855728429986,0.678030303030303,40.0735294117647,1039.7058823529405,31.506238859180016,0
1116,4,0,1,33,0.0,0.029411764705882353,0.9705882352941176,34,1250,900,350,0.72,16,9,7,345.8666863142625,0.7424985145573382,0.05951316546413565,0.22493261047886182,135219.11832288068,2553.557676134185,137772.67599901487,1080,11,505.6470588235294,33,1,25,30.98844801853815,0.6789772727272727,39.981617647058826,1040.073529411765,31.517379679144398,0
1117,4,0,0,33,0.0,0.0,1.0,33,1050,700,350,0.6666666666666666,14,7,7,353.54450279611376,0.7364267676767677,0.05471533684129248,0.23068568864155,135337.91394054188,2969.595098714433,138307.5090392563,1081,12,501.42424242424244,32,1,25,30.67058002669578,0.6826171875,39.86742424242425,1040.530303030304,32.516571969697,0
1118,4,0,0,33,0.0,0.0,1.0,33,850,600,250,0.7058823529411765,11,6,5,353.43952674857894,0.7357165404040404,0.0472189140311412,0.23125043321549896,135436.46694214887,2973.7201561065367,138410.1870982554,1082,13,502.42424242424244,32,1,25,30.575266860747227,0.68359375,39.77272727272728,1040.9090909090917,32.528409090909115,0
1119,4,0,0,33,0.0,0.0,1.0,33,900,600,300,0.6666666666666666,12,6,6,354.28050460702997,0.7346117424242425,0.04844956967198044,0.23222551995147636,135502.1888710338,3001.156769717403,138503.3456407512,1083,14,503.42424242424244,32,1,25,30.48801439081576,0.6842447916666665,39.70959595959597,1041.161616161618,32.53630050505056,0
1120,4,0,0,33,0.0,0.0,1.0,33,900,700,200,0.7777777777777778,11,7,4,354.84579133971266,0.7346906565656566,0.052096079014958496,0.2328093270627377,135535.05581382016,3018.808826905436,138553.8646407256,1084,15,504.42424242424244,32,1,25,30.440614769006913,0.6845703125,39.67803030303031,1041.28787878788,32.54024621212125,0
1121,4,0,0,33,0.0,0.0,1.0,33,750,500,250,0.6666666666666666,10,5,5,356.15999999999997,0.7353219696969697,0.05915151515151518,0.2343157894736845,135633.68055555582,3061.458333333369,138695.1388888892,1085,16,505.42424242424244,32,1,25,30.308333333333334,0.6855468749999999,39.58333333333335,1041.6666666666688,32.5520833333334,0
1122,4,0,0,33,0.0,0.0,1.0,33,650,300,350,0.46153846153846156,10,3,7,355.6381589171849,0.734296085858586,0.05651621619637104,0.23483498909619585,135765.23600908084,3056.659715845335,138821.89572492617,1086,17,506.42424242424244,32,1,25,30.19116993780792,0.6868489583333333,39.45707070707071,1042.1717171717182,32.567866161616195,0
1123,4,0,0,33,0.0,0.0,1.0,33,400,100,300,0.25,7,1,6,356.91537232963736,0.7325599747474748,0.062103594080338054,0.23611324631037595,135831.03764921974,3096.0370752984777,138927.07472451823,1087,18,507.42424242424244,32,1,25,30.092508478682177,0.6874999999999999,39.39393939393941,1042.4242424242448,32.57575757575765,0
1124,4,0,0,33,0.0,0.0,1.0,33,850,700,150,0.8235294117647058,10,7,3,358.470801279703,0.732638888888889,0.06405542467542902,0.23758040746129946,135896.8552316092,3143.010917253362,139039.86614886255,1088,19,508.42424242424244,32,1,22,29.98657867118753,0.6881510416666666,39.33080808080809,1042.676767676769,32.58364898989903,0
1125,4,0,0,33,0.0,0.0,1.0,33,550,400,150,0.7272727272727273,7,4,3,359.3463642279661,0.7324810606060607,0.06721696382713294,0.2386013640291803,135962.68875624952,3171.539575043379,139134.2283312929,1089,20,509.42424242424244,32,1,23,29.898355528652125,0.6888020833333333,39.267676767676775,1042.9292929292942,32.591540404040444,0
1126,4,0,0,33,0.0,0.0,1.0,33,400,200,200,0.5,6,2,4,359.3463642279661,0.7324810606060607,0.06721696382713294,0.2386013640291803,135962.68875624952,3171.539575043379,139134.2283312929,1090,21,510.42424242424244,32,1,23,29.898355528652125,0.6888020833333333,39.267676767676775,1042.9292929292942,32.591540404040444,0
1127,4,0,0,33,0.0,0.0,1.0,33,1100,800,300,0.7272727272727273,14,8,6,360.9753380458423,0.7319286616161617,0.06748511249963296,0.24057259625893895,136094.4036322825,3225.344671462105,139319.74830374462,1091,22,511.42424242424244,32,1,24,29.725062520167796,0.6901041666666666,39.141414141414145,1043.434343434344,32.60732323232325,0
1128,4,0,0,33,0.0,0.0,1.0,33,650,400,250,0.6153846153846154,9,4,5,361.1343609758083,0.7307449494949495,0.06242416911341553,0.24134985951390536,136193.23163771562,3236.8111353433424,139430.04277305896,1092,23,512.4242424242424,32,1,24,29.62279746784404,0.6910807291666666,39.04671717171718,1043.813131313132,32.61916035353538,0
1129,4,0,0,33,0.0,0.0,1.0,33,1000,900,100,0.9,11,9,2,363.10165731106974,0.7303503787878789,0.06606639621514465,0.2431164052069018,136259.1369024845,3295.183686613618,139554.32058909812,1093,24,513.4242424242424,32,1,24,29.506036602571854,0.6917317708333333,38.98358585858586,1044.065656565657,32.62705176767678,0
1130,4,0,0,33,0.0,0.0,1.0,33,1000,800,200,0.8,12,8,4,365.00185432949183,0.7297190656565657,0.07189506573043447,0.24530140868138786,136390.99525877458,3356.593236659523,139747.58849543412,1094,25,514.4242424242424,32,1,24,29.32556710584634,0.6930338541666667,38.85732323232323,1044.5707070707067,32.642834595959584,0
1131,4,0,1,32,0.0,0.030303030303030304,0.9696969696969697,33,950,700,250,0.7368421052631579,12,7,5,365.20726104540756,0.7284564393939394,0.07747118356108218,0.24612828114102545,136489.93087440048,3369.422762983355,139859.35363738384,1095,26,515.4242424242424,32,1,24,29.22204768809408,0.6940104166666667,38.762626262626256,1044.9494949494942,32.654671717171695,0
1132,4,0,0,32,0.0,0.0,1.0,32,700,500,200,0.7142857142857143,9,5,4,348.5669730048905,0.7248823924731184,0.05391992947470814,0.22395428015564178,134780.124477094,2995.9800020405874,137776.1044791346,1096,27,521.3125,32,0,18,31.355382619974076,0.6770833333333335,40.404040404040394,1038.3838383838372,32.44949494949491,3
1133,4,0,0,32,0.0,0.0,1.0,32,750,500,250,0.6666666666666666,10,5,5,349.358043624874,0.7257644489247312,0.0550417933130698,0.22466535643585528,134812.90373750127,3019.594461024385,137832.49819852566,1097,28,522.3125,32,0,18,31.302178318135773,0.6774088541666667,40.37247474747475,1038.5101010101012,32.45344065656566,0
1134,4,0,0,32,0.0,0.0,1.0,32,950,600,350,0.631578947368421,13,6,7,346.52120449541013,0.7263944892473119,0.05289104278074874,0.2234464318642816,134911.26543209868,2949.9228395061596,137861.18827160483,1098,29,523.3125,32,0,19,31.277852049910862,0.6783854166666667,40.27777777777777,1038.8888888888882,32.46527777777776,0
1135,4,0,0,32,0.0,0.0,1.0,32,850,700,150,0.8235294117647058,10,7,3,344.56251181468696,0.7247563844086022,0.051493591301178476,0.22278821954019548,135009.66299676045,2903.8537202836333,137913.51671704408,1099,30,524.3125,32,0,20,31.23076377920868,0.6793619791666667,40.1830808080808,1039.2676767676762,32.47711489898988,0
1136,4,0,0,32,0.0,0.0,1.0,32,450,100,350,0.2222222222222222,8,1,7,344.6400946884376,0.7242103494623656,0.052865342565597384,0.22304066505308334,135042.4701561066,2908.209940312223,137950.68009641883,1100,31,525.3125,32,0,20,31.196094509232267,0.6796875,40.151515151515156,1039.39393939394,32.48106060606062,0
1137,4,0,0,32,0.0,0.0,1.0,32,550,400,150,0.7272727272727273,7,4,3,355.0418565626131,0.7242103494623656,0.06980076419213965,0.23229881472239555,135436.46694214878,3217.1229338842986,138653.58987603307,1101,32,526.3125,32,0,22,30.533569868995638,0.68359375,39.77272727272727,1040.909090909091,32.52840909090909,1
1138,4,0,0,32,0.0,0.0,1.0,32,800,800,0,1.0,8,8,0,355.48625704826554,0.7249243951612904,0.06814978173881414,0.2332295275956283,135535.05581382004,3236.169938016532,138771.22575183658,1102,33,527.3125,32,0,23,30.42394203952953,0.6845703125,39.678030303030305,1041.287878787879,32.54024621212122,0
1139,4,0,0,32,0.0,0.0,1.0,32,500,300,200,0.6,7,3,4,365.56401708307936,0.7257224462365592,0.04455081001472738,0.21966191822956707,132300.56244260783,3272.865013774093,135573.42745638193,1103,34,528.3125,32,0,20,33.40083456062836,0.65234375,42.8030303030303,1028.7878787878783,32.1496212121212,7
1140,4,0,0,32,0.0,0.0,1.0,32,850,700,150,0.8235294117647058,10,7,3,369.20929159996933,0.7273185483870969,-0.0177408454165644,0.21995792203810768,131976.01807213554,3345.354428119588,135321.37250025512,1104,35,529.3125,32,0,17,33.63439010403867,0.6490885416666666,43.11868686868687,1027.5252525252529,32.11016414141415,3
1141,4,0,0,32,0.0,0.0,1.0,32,850,700,150,0.8235294117647058,10,7,3,371.2779012322748,0.7271925403225807,-0.015580856160177126,0.22175886969420017,132073.33953486886,3407.1824622487447,135480.5219971176,1105,36,530.3125,32,0,17,33.4830385292552,0.6500651041666667,43.023989898989896,1027.9040404040402,32.122001262626256,0
1142,4,1,0,33,0.030303030303030304,0.0,1.0,33,800,400,400,0.5,12,4,8,360.44236183468297,0.7400568181818182,-0.019877228880444076,0.21696304747855408,132366.47450800153,2942.0969398788693,135308.5714478804,1106,0,515.2121212121212,33,0,18,33.466193283315484,0.6505681818181819,42.73897058823528,1029.0441176470572,31.183155080213854,0
1143,4,1,1,33,0.029411764705882353,0.029411764705882353,0.9705882352941176,34,850,500,350,0.5882352941176471,12,5,7,352.4253603696304,0.7528966131907309,-0.02854851207873943,0.21387721378953561,132673.8166099771,2551.523526077067,135225.34013605418,1107,0,501.02941176470586,34,0,15,33.363425390956,0.6513480392156864,42.440476190476176,1030.2380952380934,30.301120448179216,0
1144,4,0,0,33,0.0,0.0,1.0,33,650,200,450,0.3076923076923077,11,2,9,362.56311728770794,0.7425820707070707,-0.024031821247101348,0.21933893985375125,132555.70461180768,3011.9618956650984,135567.66650747278,1108,2,517.2121212121212,33,0,19,33.2211462176207,0.6524621212121213,42.555147058823515,1029.7794117647038,31.20543672014254,0
1145,4,0,0,33,0.0,0.0,1.0,33,850,600,250,0.7058823529411765,11,6,5,364.21146379670915,0.7406881313131314,-0.02402038705119458,0.2210776733674317,132681.9331056562,3064.856215157598,135746.7893208138,1109,3,518.2121212121212,33,0,15,33.05169798977043,0.6537247474747476,42.43259803921567,1030.2696078431352,31.22029114676167,0
1146,4,0,0,33,0.0,0.0,1.0,33,950,800,150,0.8421052631578947,11,8,3,364.21146379670915,0.7406881313131314,-0.02402038705119458,0.2210776733674317,132681.9331056562,3064.856215157598,135746.7893208138,1110,4,519.2121212121212,33,0,15,33.05169798977043,0.6537247474747476,42.43259803921567,1030.2696078431352,31.22029114676167,0
1147,4,0,0,33,0.0,0.0,1.0,33,750,600,150,0.8,9,6,3,361.909340134968,0.7417929292929294,-0.027442078333873576,0.22023571277388382,132776.64389898087,3010.6215157631314,135787.265414744,1111,5,520.2121212121212,33,0,15,33.015755053507725,0.6546717171717173,42.340686274509785,1030.6372549019584,31.23143196672601,0
1148,4,0,1,32,0.0,0.030303030303030304,0.9696969696969697,33,700,500,200,0.7142857142857143,9,5,4,360.3269020616567,0.7425820707070707,-0.02572083171227213,0.21964274638714867,132839.8032006918,2973.1509515570683,135812.95415224886,1112,6,521.2121212121212,33,0,15,32.99304564907276,0.6553030303030305,42.27941176470587,1030.8823529411745,31.238859180035593,0
1149,4,1,0,33,0.030303030303030304,0.0,1.0,33,600,500,100,0.8333333333333334,7,5,2,360.1673298642998,0.7428188131313131,-0.020569329660238722,0.22010225713929402,132934.57031249977,2975.7378472221926,135910.30815972196,1113,0,522.0,33,0,16,32.90193602693602,0.6562500000000002,42.187499999999986,1031.2499999999982,31.249999999999943,0
1150,4,1,0,34,0.029411764705882353,0.0,1.0,34,850,800,50,0.9411764705882353,9,8,1,352.0458815331514,0.7538621509209745,-0.021826661063135022,0.21790685876923585,133410.72137188195,2593.3390022675567,136004.0603741495,1114,0,507.61764705882354,34,0,17,32.63376738111699,0.658700980392157,41.72619047619047,1033.0952380952372,30.385154061624622,0
1151,4,0,0,34,0.0,0.0,1.0,34,750,400,350,0.5333333333333333,11,4,7,339.5418146296932,0.7544934640522877,-0.01292545586371907,0.2106906713938791,133502.97796201814,2265.9686791383183,135768.94664115645,1115,1,508.61764705882354,34,0,21,32.86439734285603,0.6596200980392157,41.63690476190476,1033.452380952381,30.39565826330532,6
1152,4,0,0,34,0.0,0.0,1.0,34,600,400,200,0.6666666666666666,8,4,4,339.96431542541524,0.7540849673202615,-0.014936190966483354,0.2114792346099071,133595.26643990917,2283.5246598639246,135878.7910997731,1116,2,509.61764705882354,34,0,23,32.761160371564564,0.6605392156862746,41.54761904761904,1033.8095238095227,30.40616246498596,0
1153,4,1,1,34,0.02857142857142857,0.02857142857142857,0.9714285714285714,35,600,300,300,0.5,9,3,6,331.81468760128234,0.7596638655462185,-0.020023655020299236,0.20739578166295522,133771.38658479069,1877.4621699245308,135648.8487547152,1117,0,496.0285714285714,35,0,19,32.795834265682075,0.6601190476190477,41.3773148148148,1034.4907407407397,29.55687830687828,0
1154,4,0,0,34,0.0,0.0,1.0,34,1400,900,500,0.6428571428571429,19,9,10,338.63739228112274,0.753527926322044,-0.009122419827638062,0.21153273195763267,133749.15143140563,2258.4927721088193,136007.64420351444,1118,4,511.61764705882354,34,0,20,32.64160624544444,0.6620710784313726,41.39880952380951,1034.4047619047599,30.423669467787054,0
1155,4,0,0,34,0.0,0.0,1.0,34,850,600,250,0.7058823529411765,11,6,5,339.5327431023601,0.7533793820558526,-0.012199909304419165,0.21244629735799925,133810.73022959163,2286.6248582766198,136097.35508786826,1119,5,512.6176470588235,34,0,20,32.55690752886128,0.6626838235294119,41.3392857142857,1034.6428571428555,30.430672268907514,0
1156,4,0,0,34,0.0,0.0,1.0,34,350,100,250,0.2857142857142857,6,1,5,338.7680717598735,0.7542706476530007,-0.016933841292182672,0.21232233942383405,133872.3232001132,2270.3337585033737,136142.65695861657,1120,6,513.6176470588235,34,0,20,32.51514628628397,0.6632965686274511,41.27976190476189,1034.880952380951,30.437675070027968,0
1157,4,0,0,34,0.0,0.0,1.0,34,850,700,150,0.8235294117647058,10,7,3,340.1427995318092,0.7528966131907309,-0.018466908382488434,0.2137197821335699,133964.73922902474,2313.4282879818306,136278.16751700657,1121,7,514.6176470588235,34,0,20,32.387256593069594,0.6642156862745099,41.190476190476176,1035.2380952380934,30.44817927170863,0
1158,4,0,0,34,0.0,0.0,1.0,34,1050,800,250,0.7619047619047619,13,8,5,343.10238704403565,0.7491458704694,-0.00650702758979671,0.21648541476940916,134118.8368055555,2403.2986111111077,136522.1354166666,1122,8,515.6176470588235,34,0,20,32.156744435505495,0.6657475490196079,41.041666666666664,1035.833333333333,30.465686274509796,0
1159,4,0,0,34,0.0,0.0,1.0,34,1050,700,350,0.6666666666666666,14,7,7,343.11793045275493,0.747586155674391,-0.003666754533595107,0.21685950244955138,134180.50063775489,2407.947137188189,136588.44777494308,1123,9,516.6176470588235,34,0,20,32.09477574782642,0.6663602941176471,40.98214285714285,1036.0714285714268,30.4726890756302,0
1160,4,0,0,34,0.0,0.0,1.0,34,850,600,250,0.7058823529411765,11,6,5,348.1047509514625,0.7457293523469994,0.004137032008808106,0.22112649715800758,134365.57716836722,2554.659155328789,136920.236323696,1124,10,517.6176470588235,34,0,21,31.78082060703488,0.6681985294117647,40.80357142857142,1036.7857142857133,30.493697478991567,0
1161,4,0,0,34,0.0,0.0,1.0,34,800,700,100,0.875,9,7,2,351.5175980723956,0.7449123588829472,0.005790515035081212,0.22367200853240551,134427.29768990903,2650.712159863921,137078.00984977296,1125,11,518.6176470588235,34,0,21,31.630744652355276,0.668811274509804,40.744047619047606,1037.0238095238074,30.50070028011198,0
1162,4,0,0,34,0.0,0.0,1.0,34,1050,900,150,0.8571428571428571,12,9,3,351.72006941415134,0.7445781342840166,0.008033050263943187,0.22436959625731412,134519.90504535128,2662.6700680271833,137182.57511337847,1126,12,519.6176470588235,34,0,21,31.533069390253225,0.6697303921568629,40.65476190476189,1037.3809523809507,30.511204481792667,0
1163,4,0,0,34,0.0,0.0,1.0,34,700,500,200,0.7142857142857143,9,5,4,350.80079353558835,0.7445409982174689,0.009095204346799335,0.22397281433425992,134550.78124999977,2640.1077097505386,137190.8889597503,1127,13,520.6176470588235,33,1,21,31.52610441767069,0.672348484848485,40.624999999999986,1037.4999999999982,31.439393939393884,0
1164,4,0,0,34,0.0,0.0,1.0,34,700,500,200,0.7142857142857143,9,5,4,356.02645848834834,0.7441325014854427,0.01011409167609889,0.22830432474298246,134709.75894187333,2792.04767997885,137501.80662185219,1128,14,521.6176470588235,33,1,22,31.231923621768374,0.6739267676767677,40.47181372549019,1038.112745098039,31.457961972667853,0
1165,4,0,0,34,0.0,0.0,1.0,34,1350,1000,350,0.7407407407407407,17,10,7,357.7778168756089,0.7449866310160428,0.003581045443189268,0.23043501336152417,134868.83049788536,2850.615148019983,137719.44564590533,1129,15,522.6176470588235,33,1,21,31.027803995595406,0.6755050505050505,40.31862745098039,1038.7254901960778,31.47653000594175,0
1166,4,0,0,34,0.0,0.0,1.0,34,850,800,50,0.9411764705882353,9,8,1,359.6101346713949,0.7437611408199644,0.011505935078359508,0.232226529465252,134964.31848627934,2906.9073493367955,137871.22583561615,1130,16,523.6176470588235,33,1,22,30.885005110665563,0.6764520202020202,40.22671568627451,1039.0931372549023,31.487670825906132,0
1167,4,0,0,34,0.0,0.0,1.0,34,1050,900,150,0.8571428571428571,12,9,3,367.14307569450426,0.7441696375519905,-0.06351194651625547,0.23461755801379733,134583.53261146802,3112.022333896287,137695.5549453643,1131,17,524.6176470588235,32,2,21,31.06950190638436,0.6751302083333335,40.59343434343433,1037.6262626262612,32.42582070707066,4
1168,4,0,0,34,0.0,0.0,1.0,34,1050,800,250,0.7619047619047619,13,8,5,368.5065799989346,0.7443924539512775,-0.0662730785744956,0.23591309093389723,134649.04729109266,3123.811983471062,137772.85927456373,1132,18,525.6176470588235,32,2,21,30.96867396593674,0.67578125,40.530303030303024,1037.878787878787,32.433712121212096,0
1169,4,0,0,34,0.0,0.0,1.0,34,700,500,200,0.7142857142857143,9,5,4,380.44880113853867,0.744503862150921,-0.03417541439441285,0.2365022274048002,133570.093692608,3363.316402663006,136933.410095271,1133,19,526.6176470588235,32,2,18,31.740106266031514,0.6650390625,41.5719696969697,1033.712121212122,32.30350378787881,3
1170,4,0,0,34,0.0,0.0,1.0,34,1150,900,250,0.782608695652174,14,9,5,376.28404291682085,0.7439839572192514,-0.031436942986204364,0.23474048709304512,133700.6447843334,3261.8838320069585,136962.52861634034,1134,20,527.6176470588235,32,2,17,31.71672160501363,0.6663411458333333,41.44570707070708,1034.217171717173,32.319286616161655,0
1171,4,0,0,34,0.0,0.0,1.0,34,700,600,100,0.8571428571428571,8,6,2,376.3843347516883,0.7443181818181819,-0.02908871627733345,0.23542696480575057,133798.5999515355,3271.9394066931864,137070.53935822868,1135,21,528.6176470588235,32,2,17,31.615867301277348,0.6673177083333334,41.3510101010101,1034.5959595959591,32.33112373737372,0
1172,4,0,0,34,0.0,0.0,1.0,34,750,400,350,0.5333333333333333,11,4,7,377.5892893508742,0.7432783719548426,-0.025945224356213714,0.23659952718041036,133863.92332415073,3309.116735537207,137173.04005968795,1136,22,529.6176470588235,32,2,17,31.519186188384577,0.66796875,41.287878787878796,1034.848484848486,32.339015151515184,0
1173,4,0,0,34,0.0,0.0,1.0,34,600,300,300,0.5,9,3,6,377.68990101012173,0.7424242424242424,-0.025084500068174087,0.2368725415898981,133896.59098880223,3314.2780392306995,137210.86902803293,1137,23,530.6176470588235,32,2,17,31.483825383270304,0.6682942708333333,41.256313131313135,1034.974747474748,32.342960858585876,0
1174,4,0,0,34,0.0,0.0,1.0,34,650,400,250,0.6153846153846154,9,4,5,378.9024390243902,0.7417557932263815,-0.023213773314203934,0.23826687116564413,133994.61789613302,3354.1775073972003,137348.7954035302,1138,24,531.6176470588235,32,2,17,31.354166666666664,0.6692708333333334,41.16161616161616,1035.353535353535,32.35479797979797,0
1175,4,0,0,34,0.0,0.0,1.0,34,950,800,150,0.8421052631578947,11,8,3,379.0511194744464,0.7403074866310161,-0.016848211916730804,0.23899741222512558,134092.6806735282,3365.5961445260664,137458.27681805426,1139,25,532.6176470588235,32,2,18,31.252031776992155,0.6702473958333334,41.06691919191919,1035.732323232323,32.3666351010101,0
1176,4,0,0,34,0.0,0.0,1.0,34,800,600,200,0.75,10,6,4,379.0511194744464,0.7403074866310161,-0.016848211916730804,0.23899741222512558,134092.6806735282,3365.5961445260664,137458.27681805426,1140,26,533.6176470588235,32,2,18,31.252031776992155,0.6702473958333334,41.06691919191919,1035.732323232323,32.3666351010101,0
1177,4,0,0,34,0.0,0.0,1.0,34,650,400,250,0.6153846153846154,9,4,5,381.6961237412761,0.7386363636363636,-0.01261630657624968,0.24130958331439994,134190.77932098764,3444.0200617283945,137634.79938271604,1141,27,534.6176470588235,32,2,18,31.08523235031278,0.6712239583333334,40.97222222222222,1036.111111111111,32.37847222222222,0
1178,4,0,0,34,0.0,0.0,1.0,34,950,600,350,0.631578947368421,13,6,7,381.0360452788892,0.7378936423054071,-0.014684382524939865,0.24132282867662994,134256.1983471075,3431.290174472004,137687.4885215795,1142,28,535.6176470588235,32,2,18,31.03679337231969,0.671875,40.909090909090914,1036.363636363637,32.386363636363654,0
1179,4,0,0,34,0.0,0.0,1.0,34,1150,800,350,0.6956521739130435,15,8,7,377.8840129271204,0.7379307783719549,-0.01337593791506464,0.23979901465495235,134328.37017313065,3352.1087141964736,137680.47888732713,1143,29,536.6176470588235,33,1,18,31.046198329195718,0.6701388888888888,40.83946078431373,1036.6421568627459,31.413398692810482,0
1180,4,0,0,34,0.0,0.0,1.0,34,600,400,200,0.6666666666666666,8,4,4,378.2712387063754,0.7370766488413548,-0.007083570842659981,0.24067152044611637,134423.6666786812,3369.7213811995307,137793.38805988073,1144,30,537.6176470588235,33,1,18,30.940774442606156,0.6710858585858586,40.74754901960784,1037.0098039215682,31.424539512774793,0
1181,4,1,0,35,0.02857142857142857,0.0,1.0,35,900,600,300,0.6666666666666666,12,6,6,367.2445125967085,0.7471288515406161,-0.0006878821567539717,0.2359545993433852,134780.12447709413,2899.572370360481,137679.69684745462,1145,0,523.2285714285714,32,3,18,30.8705212386511,0.6770833333333334,40.4040404040404,1038.383838383838,32.44949494949494,0
1182,4,0,0,35,0.0,0.0,1.0,35,650,300,350,0.46153846153846156,10,3,7,367.70909359669645,0.7467086834733893,-0.0041267911419882175,0.23646655940835246,134812.90373750124,2914.386127691053,137727.2898651923,1146,1,524.2285714285714,32,3,18,30.825734549138815,0.6774088541666667,40.37247474747475,1038.510101010101,32.453440656565654,0
1183,4,0,0,35,0.0,0.0,1.0,35,1150,900,250,0.782608695652174,14,9,5,363.2982381275078,0.7469887955182072,-0.003167863040474339,0.2344020139151453,134932.48540224906,2804.146842560542,137736.63224480962,1147,2,525.2285714285714,33,2,18,30.820948336871904,0.6761363636363638,40.257352941176464,1038.9705882352935,31.483957219251316,0
1184,4,0,0,35,0.0,0.0,1.0,35,800,600,200,0.75,10,6,4,362.6092170747998,0.7454481792717086,-0.005007363770250128,0.23448729370837051,135014.34948979592,2791.4895124716604,137805.83900226757,1148,3,526.2285714285714,34,1,18,30.75720694921727,0.6746323529411764,40.17857142857143,1039.2857142857144,30.567226890756306,0
1185,4,0,0,35,0.0,0.0,1.0,35,750,600,150,0.8,9,6,3,360.33705975991256,0.7448879551820727,-0.006373198540838398,0.23361718952363147,135107.15880102044,2736.8232709750605,137843.9820719955,1149,4,527.2285714285714,34,1,18,30.723739455704422,0.6755514705882353,40.089285714285715,1039.6428571428573,30.57773109243698,0
1186,4,0,0,35,0.0,0.0,1.0,35,950,600,350,0.631578947368421,13,6,7,359.88264503710377,0.7457282913165265,-0.006522948084660696,0.23352266134874175,135138.10232426296,2726.771541950102,137864.87386621305,1150,5,528.2285714285714,34,1,18,30.70471719716052,0.675857843137255,40.0595238095238,1039.7619047619041,30.58123249299718,0
1187,4,0,0,35,0.0,0.0,1.0,35,1300,1000,300,0.7692307692307693,16,10,6,362.28422369528533,0.7462885154061624,-0.013450378434930244,0.23609260483766578,135292.87308673467,2802.894699546484,138095.76778628115,1151,6,529.2285714285714,34,1,18,30.48808978906816,0.677389705882353,39.910714285714285,1040.3571428571427,30.598739495798313,0
1188,4,0,0,35,0.0,0.0,1.0,35,900,600,300,0.6666666666666666,12,6,6,361.13191146206975,0.7467086834733893,-0.012455050670153511,0.235544246729738,135323.8378684807,2773.9512471655307,138097.78911564624,1152,7,530.2285714285714,34,1,18,30.487223493516392,0.6776960784313726,39.88095238095238,1040.4761904761904,30.60224089635854,0
1189,4,0,0,35,0.0,0.0,1.0,35,850,700,150,0.8235294117647058,10,7,3,361.8946493885664,0.7462885154061624,-0.012146370961151787,0.2362450433387196,135354.8061933105,2796.836026077079,138151.64221938758,1153,8,531.2285714285714,34,1,18,30.436544255043287,0.6780024509803921,39.85119047619047,1040.595238095237,30.605742296918734,0
1190,4,0,0,35,0.0,0.0,1.0,35,900,700,200,0.7777777777777778,11,7,4,389.4124165177969,0.7448179271708683,-0.015021845939375389,0.2355818960402482,132555.70461180797,3345.8798378419992,135901.58444964996,1154,9,532.2285714285714,33,2,21,32.52992482843428,0.6524621212121213,42.55514705882353,1029.779411764706,31.205436720142607,8
1191,4,0,0,35,0.0,0.0,1.0,35,1000,600,400,0.6,14,6,8,391.2521353864428,0.7469187675070027,-0.0096914503194232,0.2376913261798564,132713.49961553255,3384.888023836994,136098.38763936955,1155,10,533.2285714285714,33,2,17,32.32338249286395,0.654040404040404,42.40196078431373,1030.3921568627454,31.224004753416526,0
1192,4,0,0,35,0.0,0.0,1.0,35,950,600,350,0.631578947368421,13,6,7,392.8399569649398,0.7445378151260503,-0.006676741777181139,0.23966370978578944,132871.38848339577,3439.4381067377944,136310.82659013357,1156,11,534.2285714285714,33,2,20,32.123276476881024,0.6556186868686869,42.24877450980392,1031.004901960784,31.242572786690427,0
1193,4,0,0,35,0.0,0.0,1.0,35,650,400,250,0.6153846153846154,9,4,5,390.4805761756527,0.7448879551820727,0.02838574056231935,0.23605404734710483,132527.980642919,3351.2758463327054,135879.2564892517,1157,12,535.2285714285714,32,3,21,32.53040057224607,0.6546223958333335,42.5820707070707,1029.6717171717162,32.17724116161613,1
1194,4,0,0,35,0.0,0.0,1.0,35,450,200,250,0.4444444444444444,7,2,5,389.0579539026991,0.7446078431372548,0.021167653136273,0.23580496195677708,132625.50536935008,3319.801550862156,135945.30692021223,1158,13,536.2285714285714,32,3,15,32.468640189588946,0.6555989583333334,42.48737373737374,1030.050505050505,32.189078282828284,0
1195,4,0,0,35,0.0,0.0,1.0,35,1250,900,350,0.72,16,9,7,393.78585398161766,0.7461484593837534,0.01760341569258772,0.23991550088850216,132820.66243240502,3460.5795964697636,136281.24202887478,1159,14,537.2285714285714,32,3,16,32.15003878817573,0.6575520833333333,42.29797979797981,1030.808080808082,32.21275252525256,0
1196,4,0,0,35,0.0,0.0,1.0,35,800,500,300,0.625,11,5,6,396.9101467834138,0.7462184873949579,0.016878345754172575,0.2422397801669177,132885.74667125815,3548.7402433425304,136434.48691460068,1160,15,538.2285714285714,32,3,16,32.00388807249571,0.658203125,42.23484848484849,1031.060606060607,32.220643939393966,0
1197,4,0,1,34,0.0,0.02857142857142857,0.9714285714285714,35,450,300,150,0.6666666666666666,6,3,3,396.9101467834138,0.7462184873949579,0.016878345754172575,0.2422397801669177,132885.74667125815,3548.7402433425304,136434.48691460068,1161,16,539.2285714285714,32,3,16,32.00388807249571,0.658203125,42.23484848484849,1031.060606060607,32.220643939393966,0
1198,4,0,0,34,0.0,0.0,1.0,34,600,400,200,0.6666666666666666,8,4,4,399.91837567595127,0.7444667260843731,0.004099821746880616,0.2443945629130815,132934.57031250012,3832.595486111125,136767.16579861124,1162,17,530.1176470588235,31,3,17,31.877104377104377,0.661290322580645,42.18750000000001,1031.250000000001,33.26612903225809,0
1199,4,0,0,34,0.0,0.0,1.0,34,850,700,150,0.8235294117647058,10,7,3,402.15313137985515,0.7436497326203209,-0.0018786105707115919,0.2462022493656272,133001.71746148018,3897.4114312066163,136899.1288926868,1163,18,531.1176470588235,31,3,18,31.751767230497347,0.6619623655913978,42.12239583333334,1031.5104166666679,33.274529569892515,0
1200,4,0,0,34,0.0,0.0,1.0,34,850,700,150,0.8235294117647058,10,7,3,402.38652866033425,0.7432783719548426,-0.0016777028832739571,0.24678876572016195,133068.88156467027,3909.025065104177,136977.90662977446,1164,19,532.1176470588235,31,3,18,31.67802456671713,0.6626344086021505,42.05729166666667,1031.7708333333344,33.282930107526916,0
1201,4,0,0,34,0.0,0.0,1.0,34,500,100,400,0.2,9,1,8,402.9764849884064,0.7426470588235294,0.0007979216923359456,0.24737324891813509,133102.4699740941,3927.4330986870855,137029.9030727812,1165,20,533.1176470588235,31,3,18,31.628943217665622,0.6629704301075268,42.02473958333334,1031.9010416666679,33.28713037634412,0
1202,4,1,0,35,0.02857142857142857,0.0,1.0,35,500,400,100,0.8,6,4,2,394.3788829439106,0.7519607843137255,0.004232804232804144,0.24387102353470436,133374.38662190104,3520.008321854936,136894.39494375596,1166,0,518.8571428571429,32,3,19,31.576977142158654,0.6630859375,41.76136363636365,1032.954545454547,32.2798295454546,0
1203,4,0,0,35,0.0,0.0,1.0,35,650,400,250,0.6153846153846154,9,4,5,394.7710718002077,0.7509803921568627,0.002764976958524956,0.244758064516129,133472.22222222234,3538.194444444455,137010.4166666668,1167,1,519.8571428571429,32,3,19,31.468413978494613,0.6640625,41.66666666666667,1033.3333333333344,32.2916666666667,0
1204,4,0,0,35,0.0,0.0,1.0,35,750,500,250,0.6666666666666666,10,5,5,394.7710718002077,0.7509803921568627,0.002764976958524956,0.244758064516129,133472.22222222234,3538.194444444455,137010.4166666668,1168,2,520.8571428571429,32,3,19,31.468413978494613,0.6640625,41.66666666666667,1033.3333333333344,32.2916666666667,0
1205,4,0,0,35,0.0,0.0,1.0,35,900,400,500,0.4444444444444444,14,4,10,395.63992269482907,0.7503501400560224,0.0008936207347935987,0.24551271927651097,133504.84206012153,3563.9690784103827,137068.81113853192,1169,3,521.8571428571429,32,3,19,31.41315414375891,0.6643880208333333,41.63510101010102,1033.459595959597,32.295612373737406,0
1206,4,0,0,35,0.0,0.0,1.0,35,950,500,450,0.5263157894736842,14,5,9,393.4892495628532,0.7481792717086834,-0.006411217887228204,0.24547375804793098,133700.6447843334,3521.953276451403,137222.5980607848,1170,4,522.8571428571429,32,3,15,31.271873601106904,0.6663411458333333,41.44570707070708,1034.217171717173,32.319286616161655,0
1207,4,0,0,35,0.0,0.0,1.0,35,650,400,250,0.6153846153846154,9,4,5,392.0140862464903,0.7487394957983192,-0.007359095982142794,0.24476977092463806,133733.29252117142,3485.066893684328,137218.35941485575,1171,5,523.8571428571429,32,3,15,31.27721150716146,0.6666666666666666,41.41414141414142,1034.343434343435,32.32323232323235,0
1208,4,0,0,35,0.0,0.0,1.0,35,650,600,50,0.9230769230769231,7,6,1,394.7475859642621,0.7494397759103641,-0.004624156509912547,0.24669465841382152,133765.9442435721,3560.7567148760345,137326.70095844814,1172,6,524.8571428571429,32,3,15,31.17371536677652,0.6669921875,41.38257575757576,1034.469696969697,32.32717803030303,0
1209,4,0,1,34,0.0,0.02857142857142857,0.9714285714285714,35,850,700,150,0.8235294117647058,10,7,3,394.2216263536878,0.7485294117647058,-0.009564474807856271,0.24724060223574443,133896.5909888022,3556.986372564034,137453.57736136625,1173,7,525.8571428571429,32,3,16,31.05607742670084,0.6682942708333333,41.256313131313135,1034.9747474747478,32.34296085858587,0
1210,4,0,0,34,0.0,0.0,1.0,34,1100,600,500,0.5454545454545454,16,6,10,396.8183041693936,0.7412358882947119,0.0003227333362021412,0.24997724506892222,134059.9890955005,3839.4915059687864,137899.4806014693,1174,8,538.4705882352941,32,2,16,30.82479882955377,0.669921875,41.09848484848485,1035.606060606061,32.362689393939405,0
1211,4,0,1,33,0.0,0.029411764705882353,0.9705882352941176,34,1000,700,300,0.7,13,7,6,395.9223485156949,0.7398618538324421,0.005379195665106806,0.25052696332060975,134223.48684126622,3828.4156272319206,138051.90246849813,1175,9,539.4705882352941,32,2,16,30.68391819991066,0.6715494791666666,40.94065656565657,1036.237373737374,32.382417929292934,0
1212,4,0,0,33,0.0,0.0,1.0,33,800,500,300,0.625,11,5,6,408.17507856812273,0.7279829545454546,0.007770007770007803,0.2577334067530146,134145.81298828125,4350.99555121528,138496.80853949653,1176,31,556.5454545454545,31,2,16,30.44452823864589,0.6733870967741935,41.015625,1035.9375,33.417338709677416,0
1213,4,0,0,33,0.0,0.0,1.0,33,900,700,200,0.7777777777777778,11,7,4,409.64161409847486,0.7262468434343435,0.005077784502479865,0.2598531386325069,134314.47558932847,4404.159715440558,138718.63530476904,1177,32,557.5454545454545,31,2,18,30.237119499225397,0.6750672043010753,40.85286458333334,1036.5885416666679,33.43834005376348,0
1214,4,1,1,33,0.029411764705882353,0.029411764705882353,0.9705882352941176,34,700,500,200,0.7142857142857143,9,5,4,401.24849458611595,0.7333630421865717,-0.00267580993998795,0.25641934670062216,134584.55615573464,4000.5777994791774,138585.13395521382,1178,0,542.1176470588235,31,3,18,30.183758940895974,0.677755376344086,40.59244791666667,1037.6302083333337,33.47194220430109,0
1215,4,0,0,33,0.0,0.0,1.0,33,900,700,200,0.7777777777777778,11,7,4,412.30335637434484,0.7252998737373738,-0.0033555897962678216,0.26250969092898935,134449.48196411136,4486.794535319012,138936.27649943036,1179,34,559.5454545454545,31,2,18,30.032564344005014,0.6764112903225806,40.72265625,1037.1093750000002,33.45514112903226,0
1216,4,0,0,33,0.0,0.0,1.0,33,600,500,100,0.8333333333333334,7,5,2,410.79982580926094,0.7244318181818182,-0.01046610685164917,0.26227988878591285,134550.78125000003,4454.725646972657,139005.50689697269,1180,35,560.5454545454545,30,3,18,29.96987951807229,0.6802083333333333,40.625,1037.5000000000002,34.58333333333334,0
1217,4,0,0,33,0.0,0.0,1.0,33,700,400,300,0.5714285714285714,10,4,6,402.12559852946777,0.7244318181818182,0.007347152978220972,0.23468616477730495,131190.39231414034,3955.343283905652,135145.73559804598,1181,36,561.5454545454545,30,3,19,33.58534505379165,0.6465277777777778,43.884408602150536,1024.4623655913977,34.14874551971325,6
1218,4,0,0,33,0.0,0.0,1.0,33,550,500,50,0.9090909090909091,6,5,1,400.13759742004856,0.7250631313131314,0.00972081470442121,0.23415573141426474,131293.68505390795,3907.107938779046,135200.792992687,1182,37,562.5454545454545,30,3,19,33.53142076502732,0.6475694444444444,43.78360215053763,1024.8655913978491,34.16218637992831,0
1219,4,0,0,33,0.0,0.0,1.0,33,1050,1000,50,0.9523809523809523,11,10,1,401.687102604623,0.7250631313131314,0.00593507174524488,0.23569763220523582,131397.01844143838,3956.097525725525,135353.1159671639,1183,38,563.5454545454545,30,3,20,33.386864184583125,0.648611111111111,43.682795698924735,1025.2688172043015,34.175627240143385,0
1220,4,0,0,33,0.0,0.0,1.0,33,600,500,100,0.8333333333333334,7,5,2,401.687102604623,0.7255366161616162,0.00593507174524488,0.23569763220523582,131397.01844143838,3956.097525725525,135353.1159671639,1184,39,564.5454545454545,30,3,20,33.386864184583125,0.648611111111111,43.682795698924735,1025.2688172043015,34.175627240143385,0
1221,4,0,1,32,0.0,0.030303030303030304,0.9696969696969697,33,950,700,250,0.7368421052631579,12,7,5,400.4627522248693,0.7241161616161617,0.009897136502641013,0.23540298917378677,131465.9299485489,3929.44162619955,135395.37157474845,1185,40,565.5454545454545,30,3,20,33.3483508082132,0.6493055555555556,43.61559139784946,1025.5376344086017,34.184587813620055,0
1222,4,0,0,32,0.0,0.0,1.0,32,1050,800,250,0.7619047619047619,13,8,5,419.8206050191766,0.7140456989247312,0.015192151004888244,0.24228518302203889,130759.29783950612,4579.089506172829,135338.38734567896,1186,41,581.96875,29,3,17,33.570975918884656,0.6451149425287357,44.30555555555555,1022.7777777777774,35.26819923371646,1
1223,4,0,0,32,0.0,0.0,1.0,32,650,400,250,0.6153846153846154,9,4,5,419.47101730113087,0.7125336021505377,0.01803047787130052,0.24252931816641515,130830.33371913577,4575.906635802461,135406.24035493823,1187,42,582.96875,29,3,17,33.50755724499954,0.6458333333333334,44.23611111111111,1023.0555555555553,35.27777777777777,0
1224,4,0,0,32,0.0,0.0,1.0,32,850,600,250,0.7058823529411765,11,6,5,417.6416548072517,0.7125336021505377,0.01632462686567182,0.24236370046688538,130972.46334876538,4539.911265432096,135512.37461419747,1188,43,583.96875,29,3,17,33.409656264133886,0.6472701149425287,44.09722222222222,1023.6111111111107,35.29693486590037,0
1225,4,1,1,32,0.030303030303030304,0.030303030303030304,0.9696969696969697,33,900,800,100,0.8888888888888888,10,8,2,408.40204246170396,0.7236426767676768,0.005039244908097373,0.23899198570763558,131293.68505390795,4124.121827667932,135417.80688157587,1189,0,567.2424242424242,30,3,19,33.31967213114754,0.6475694444444444,43.78360215053763,1024.8655913978491,34.16218637992831,0
1226,4,0,0,32,0.0,0.0,1.0,32,850,500,350,0.5882352941176471,12,5,7,419.05468471050494,0.7119875672043011,0.002732309882065742,0.24476376952568432,131221.3758680555,4597.7864583333285,135819.16232638882,1190,45,585.96875,29,3,20,33.120255523925714,0.6497844827586208,43.854166666666664,1024.583333333333,35.330459770114935,0
1227,4,1,1,32,0.030303030303030304,0.030303030303030304,0.9696969696969697,33,950,800,150,0.8421052631578947,11,8,3,407.689490556138,0.7230902777777778,-0.007222824124232696,0.23967987247344927,131470.524691358,4119.873649691351,135590.39834104935,1191,0,569.1818181818181,29,4,20,33.15840556157458,0.6522988505747127,43.61111111111111,1025.5555555555552,35.36398467432949,0
1228,4,0,0,32,0.0,0.0,1.0,32,800,400,400,0.5,12,4,8,421.1278253131978,0.7115675403225807,-0.006489980381165772,0.24713553959169218,131401.77037917814,4667.3883604174825,136069.15873959562,1192,47,587.96875,28,4,20,32.88373505231688,0.6547619047619048,43.678160919540225,1025.2873563218384,36.6174055829228,0
1229,4,1,1,32,0.030303030303030304,0.030303030303030304,0.9696969696969697,33,250,200,50,0.8,3,2,1,410.00947115986406,0.728772095959596,-0.013699529129956645,0.24194488601669908,131613.00154320974,4192.5154320987485,135805.51697530848,1193,0,571.1212121212121,29,4,17,32.954340371774045,0.6537356321839081,43.472222222222214,1026.1111111111102,35.38314176245208,0
1230,4,0,0,32,0.0,0.0,1.0,32,950,900,50,0.9473684210526315,10,9,1,424.46392266270357,0.7129956317204301,-0.005104721210423158,0.2495735980202946,131475.43640177033,4761.315893777247,136236.75229554757,1194,49,589.96875,28,4,20,32.72333520127019,0.6555059523809523,43.60632183908046,1025.574712643678,36.62766830870278,0
1231,4,0,0,32,0.0,0.0,1.0,32,800,300,500,0.375,13,3,10,418.3505120660072,0.7139196908602151,-0.0028332205683356815,0.2473288227334237,131684.2689043211,4618.036265432114,136302.3051697532,1195,50,590.96875,29,3,17,32.66801984663961,0.6544540229885057,43.402777777777786,1026.3888888888898,35.39272030651344,0
1232,4,0,0,32,0.0,0.0,1.0,32,1150,800,350,0.6956521739130435,15,8,7,413.7605552355925,0.7146757392473119,-6.760411033002178e-05,0.24599461949537338,131898.18672839517,4514.85339506174,136413.0401234569,1196,51,591.96875,29,3,17,32.56884351901928,0.6566091954022988,43.19444444444445,1027.222222222223,35.42145593869735,0
1233,4,0,0,32,0.0,0.0,1.0,32,1250,900,350,0.72,16,9,7,413.2314418724646,0.7123655913978495,-0.00045204136812238005,0.2459109393025439,131933.85657793208,4503.843557098764,136437.70013503084,1197,52,592.96875,29,3,18,32.54627439051868,0.6569683908045977,43.15972222222222,1027.361111111111,35.42624521072797,0
1234,4,0,0,32,0.0,0.0,1.0,32,800,500,300,0.625,11,5,6,410.5916727538348,0.7129956317204301,0.00042229729729714727,0.2450305143853531,132040.89506172843,4442.97839506173,136483.87345679017,1198,53,593.96875,29,3,18,32.505630630630634,0.6580459770114943,43.05555555555556,1027.777777777778,35.44061302681993,0
1235,4,1,0,33,0.030303030303030304,0.0,1.0,33,1050,700,350,0.6666666666666666,14,7,7,397.81015915684566,0.721511994949495,0.004907373328426168,0.23965636417497782,132398.00347222228,3933.854166666671,136331.85763888893,1199,0,576.939393939394,30,3,19,32.47300944669366,0.6586805555555555,42.708333333333336,1029.166666666667,34.305555555555564,0
1236,4,1,1,33,0.029411764705882353,0.029411764705882353,0.9705882352941176,34,1000,800,200,0.8,12,8,4,389.43265071527946,0.7311720142602496,0.010269595458193725,0.23713452792785789,132800.32687717018,3543.356662326393,136343.6835394966,1200,0,560.9411764705883,31,3,16,32.28271854471956,0.6599462365591398,42.317708333333336,1030.729166666667,33.249327956989255,0
1237,4,0,0,33,0.0,0.0,1.0,33,550,300,250,0.5454545454545454,8,3,5,402.6171216129634,0.7211174242424243,0.008959638135003445,0.24411848259823998,132640.18961729686,4080.642270782756,136720.8318880796,1201,2,578.939393939394,30,3,16,32.10464509394572,0.6611111111111111,42.473118279569896,1030.107526881721,34.33691756272403,0
1238,4,0,1,32,0.0,0.030303030303030304,0.9696969696969697,33,700,300,400,0.42857142857142855,11,3,8,398.58381627605263,0.7194602272727273,0.013658566463013111,0.24270688381855637,132800.32687717018,3986.4122178819484,136786.73909505212,1202,3,579.939393939394,31,2,16,32.046909213407446,0.6599462365591398,42.317708333333336,1030.729166666667,33.249327956989255,0
1239,4,0,0,32,0.0,0.0,1.0,32,800,600,200,0.75,10,6,4,392.95597572624604,0.7126176075268817,0.03542424636174646,0.24546990171990182,133750.14452537868,4111.58370909932,137861.728234478,1203,58,598.96875,30,2,17,31.23592342342342,0.6722222222222222,41.39784946236559,1034.4086021505377,34.48028673835126,3
1240,4,0,0,32,0.0,0.0,1.0,32,900,700,200,0.7777777777777778,11,7,4,395.8007940842406,0.7133736559139785,0.029796700441673263,0.2477133750293076,133819.67026534854,4193.186351023236,138012.85661637178,1204,59,599.96875,30,2,17,31.092491556248383,0.6729166666666666,41.33064516129032,1034.6774193548383,34.489247311827945,0
1241,4,0,0,32,0.0,0.0,1.0,32,450,400,50,0.8888888888888888,5,4,1,398.1989768520409,0.7110635080645162,0.021235066874431885,0.24992097153525394,133923.99274843908,4265.679377673714,138189.6721261128,1205,60,600.96875,30,2,18,30.92563736311302,0.6739583333333334,41.229838709677416,1035.08064516129,34.502688172043,0
1242,4,0,0,32,0.0,0.0,1.0,32,1150,900,250,0.782608695652174,14,9,5,396.03797998451955,0.711861559139785,0.016115689073449513,0.24974375399023782,134097.95388195154,4221.57655509306,138319.5304370446,1206,61,601.96875,30,2,20,30.806892897309464,0.6756944444444445,41.06182795698924,1035.752688172042,34.525089605734735,0
1243,4,0,0,32,0.0,0.0,1.0,32,600,400,200,0.6666666666666666,8,4,4,397.1919925921899,0.7116515456989247,0.012930615025301684,0.25070914716691284,134132.75965790838,4255.291616082775,138388.05127399115,1207,62,602.96875,30,2,20,30.742074304744605,0.6760416666666667,41.02822580645161,1035.887096774193,34.5295698924731,0
1244,4,0,0,32,0.0,0.0,1.0,32,900,700,200,0.7777777777777778,11,7,4,397.201984004996,0.7129116263440861,0.01309751589051733,0.2511919683916744,134202.38475907609,4261.09069690136,138463.47545597746,1208,63,603.96875,30,2,20,30.671941886107145,0.6767361111111112,40.96102150537634,1036.1559139784938,34.53853046594979,0
1245,4,0,0,32,0.0,0.0,1.0,32,550,400,150,0.7272727272727273,7,4,3,399.5598549870009,0.7132896505376345,0.01485509595435719,0.25340506592596634,134306.85628396345,4332.725604116081,138639.58188807953,1209,64,604.96875,30,2,20,30.506029564315355,0.6777777777777778,40.86021505376344,1036.5591397849462,34.551971326164875,0
1246,4,0,0,32,0.0,0.0,1.0,32,1200,900,300,0.75,15,9,6,396.8756532502507,0.7125336021505377,0.008575732054936669,0.2531476274202843,134515.9212770264,4277.218825875849,138793.14010290225,1210,65,605.96875,30,2,20,30.365973481903772,0.679861111111111,40.65860215053765,1037.365591397851,34.57885304659503,0
1247,4,0,0,32,0.0,0.0,1.0,32,700,500,200,0.7142857142857143,9,5,4,395.09077452615406,0.7110215053763441,0.009413040663040606,0.2529760332413732,134655.38826742975,4240.22032893976,138895.6085963695,1211,66,606.96875,30,2,20,30.272543814210472,0.6812499999999999,40.524193548387096,1037.9032258064515,34.596774193548384,0
1248,4,0,0,32,0.0,0.0,1.0,32,900,600,300,0.6666666666666666,12,6,6,394.673090565779,0.7116095430107527,0.008661684782608647,0.25416947032436166,134864.7242455775,4245.495505260721,139110.2197508382,1212,67,607.96875,30,2,19,30.073811680469294,0.6833333333333333,40.32258064516129,1038.7096774193546,34.62365591397849,0
1249,4,0,0,32,0.0,0.0,1.0,32,550,400,150,0.7272727272727273,7,4,3,395.58490629017706,0.7114835349462366,0.00999886790011617,0.25500214684877237,134899.62938273224,4272.851449589563,139172.4808323218,1213,68,608.96875,30,2,19,30.0152024841506,0.6836805555555555,40.28897849462366,1038.8440860215064,34.62813620071688,0
1250,4,0,0,32,0.0,0.0,1.0,32,750,400,350,0.5333333333333333,11,4,7,395.76708486284224,0.7115675403225807,0.011920353123787253,0.2556119743587831,134969.4532062955,4283.2934081974745,139252.74661449296,1214,69,609.96875,30,2,20,29.940607079722326,0.684375,40.221774193548384,1039.1129032258063,34.637096774193544,0
1251,4,0,0,32,0.0,0.0,1.0,32,1000,700,300,0.7,13,7,6,396.4416405878178,0.7097194220430109,0.011669252650633677,0.2567905903104004,135074.22281477618,4309.809298762856,139384.03211353903,1215,70,610.96875,30,2,21,29.818280751659337,0.6854166666666666,40.12096774193548,1039.5161290322574,34.65053763440858,0
1252,4,0,0,32,0.0,0.0,1.0,32,350,200,150,0.5714285714285714,5,2,3,398.7641818051546,0.7083753360215055,0.013088159255429277,0.2587952777218686,135144.0918025205,4378.124638686556,139522.21644120707,1216,71,611.96875,30,2,21,29.688038607376768,0.6861111111111111,40.053763440860216,1039.784946236559,34.659498207885306,0
1253,4,0,0,32,0.0,0.0,1.0,32,1150,1100,50,0.9565217391304348,12,11,1,399.58741868205107,0.7076612903225807,0.011418346904485066,0.2595808445292214,135179.03307101972,4403.168176956866,139582.20124797657,1217,72,612.96875,30,2,21,29.63169402438499,0.6864583333333333,40.02016129032258,1039.919354838709,34.663978494623635,0
1254,4,0,0,32,0.0,0.0,1.0,32,850,700,150,0.8235294117647058,10,7,3,401.68350116616415,0.7082073252688172,0.012252843111915324,0.2611955405062,135213.97885593717,4462.6448866921155,139676.62374262928,1218,73,613.96875,30,2,21,29.54224821228569,0.6868055555555554,39.98655913978495,1040.0537634408608,34.66845878136203,0
1255,4,0,0,32,0.0,0.0,1.0,32,650,500,150,0.7692307692307693,8,5,3,403.27370817725955,0.707955309139785,0.009665697674418494,0.2627389310851844,135283.88397502605,4511.2867094461835,139795.17068447225,1219,74,614.96875,30,2,21,29.430986218776923,0.6875,39.91935483870968,1040.3225806451617,34.677419354838726,0
1256,4,0,0,32,0.0,0.0,1.0,32,400,200,200,0.5,6,2,4,403.27370817725955,0.7072412634408602,0.009665697674418494,0.2627389310851844,135283.88397502605,4511.2867094461835,139795.17068447225,1220,75,615.96875,30,2,21,29.430986218776923,0.6875,39.91935483870968,1040.3225806451617,34.677419354838726,0
1257,4,0,0,32,0.0,0.0,1.0,32,1300,1000,300,0.7692307692307693,16,10,6,402.475016648453,0.7044690860215055,0.007497740185950397,0.2632404162943936,135423.74841022087,4500.935079199915,139924.68348942077,1221,76,616.96875,30,2,21,29.311940426997246,0.6888888888888889,39.78494623655914,1040.8602150537638,34.695340501792124,0
1258,4,0,0,32,0.0,0.0,1.0,32,600,500,100,0.8333333333333334,7,5,2,403.1263568190178,0.705015120967742,0.0408364907238048,0.2421922398031995,132294.2771563186,4266.424586657409,136560.701742976,1222,77,617.96875,30,2,19,32.441098336381835,0.6576388888888889,42.80913978494623,1028.7634408602146,34.29211469534049,6
1259,4,0,0,32,0.0,0.0,1.0,32,1150,1000,150,0.8695652173913043,13,10,3,395.7285212011597,0.7051411290322581,0.06676266902980177,0.22992098748964412,131018.32807622272,3969.5378439704054,134987.86592019312,1223,78,618.96875,30,2,20,33.92384359546627,0.6447916666666667,44.05241935483871,1023.7903225806455,34.12634408602152,8
1260,4,1,0,33,0.030303030303030304,0.0,1.0,33,650,400,250,0.6153846153846154,9,4,5,391.02618006173816,0.7208017676767677,0.08104347103661746,0.21208445974352266,128320.37278163579,3449.777576445904,131770.15035808168,1224,0,601.1818181818181,29,4,19,36.796750057116775,0.6203304597701149,46.70138888888889,1013.1944444444443,34.93773946360153,8
1261,4,2,2,33,0.05714285714285714,0.05714285714285714,0.9428571428571428,35,700,400,300,0.5714285714285714,10,4,6,370.3782720685044,0.7556022408963585,0.06585285384361583,0.20300479975400296,128738.47961425773,2536.387125651027,131274.86673990876,1225,0,567.7714285714286,31,4,19,36.89216063638696,0.618951612903226,46.28906249999999,1014.8437499999993,32.7368951612903,0
1262,4,3,2,34,0.08333333333333333,0.05555555555555555,0.9444444444444444,36,1100,800,300,0.7272727272727273,14,8,6,359.2716764736377,0.7603174603174604,0.08149251261686108,0.20020824128800635,129394.01113406791,2097.5206611570193,131491.53179522493,1226,0,552.9166666666666,32,4,20,36.50564656242244,0.623046875,45.64393939393939,1017.424242424242,31.794507575757564,0
1263,4,1,0,35,0.02857142857142857,0.0,1.0,35,1250,900,350,0.72,16,9,7,370.3164469135712,0.7482492997198879,0.09234256466502178,0.20656838205778427,129433.15505981444,2586.24521891276,132019.4002787272,1227,0,569.6857142857143,31,4,17,36.184820857325676,0.626008064516129,45.60546875,1017.5781249999999,32.82510080645161,0
1264,4,0,0,35,0.0,0.0,1.0,35,1050,600,450,0.5714285714285714,15,6,9,370.4340046242705,0.747689075630252,0.09586196812399539,0.2068080128673783,129466.28146701382,2591.742621527773,132058.0240885416,1228,1,570.6857142857143,31,4,17,36.14807233026272,0.6263440860215055,45.572916666666664,1017.7083333333327,32.829301075268795,0
1265,4,0,0,35,0.0,0.0,1.0,35,500,300,200,0.6,7,3,4,373.6521599308286,0.7493697478991597,0.10149471914629271,0.20895655124028736,129532.5469970703,2680.0231933593745,132212.57019042966,1229,2,571.6857142857143,31,4,17,35.99865694551037,0.627016129032258,45.5078125,1017.9687499999999,32.837701612903224,0
1266,4,2,2,35,0.05405405405405406,0.05405405405405406,0.9459459459459459,37,600,400,200,0.6666666666666666,8,4,4,353.49204215581216,0.7688938938938938,0.07890813539173136,0.1999597065111156,129981.25908604843,1789.468143262183,131770.7272293106,1230,0,541.7297297297297,33,4,17,36.0557374914874,0.6265782828282829,45.0674019607843,1019.7303921568612,30.90092097445034,0
1267,4,0,0,35,0.0,0.0,1.0,35,1000,600,400,0.6,14,6,8,371.33819881799343,0.7455182072829131,0.10108991328160677,0.20889442169308403,129764.60986667217,2637.3112996419363,132401.9211663141,1231,4,573.6857142857143,31,4,18,35.821219382321615,0.6293682795698924,45.27994791666667,1018.8802083333339,32.86710349462368,0
1268,4,1,0,36,0.027777777777777776,0.0,1.0,36,1300,1100,200,0.8461538461538461,15,11,4,360.01665972511444,0.755026455026455,0.09988662131519277,0.20512577123872813,130262.58680555563,2179.340277777788,132441.92708333343,1232,0,558.7222222222222,32,4,20,35.60374149659864,0.6318359375,44.79166666666667,1020.833333333334,31.90104166666669,0
1269,4,0,0,36,0.0,0.0,1.0,36,500,400,100,0.8,6,4,2,360.2807660831812,0.7541997354497355,0.10362217275400587,0.20544642274672817,130294.81207274778,2188.5429420467462,132483.35501479454,1233,1,559.7222222222222,32,4,20,35.56429837579355,0.6321614583333333,44.76010101010102,1020.9595959595968,31.9049873737374,0
1270,4,1,1,36,0.02702702702702703,0.02702702702702703,0.972972972972973,37,850,600,250,0.7058823529411765,11,6,5,370.1607406572182,0.7659534534534534,0.032025696582658414,0.20401882682735065,128959.43877551034,2185.4216185249857,131144.86039403532,1234,0,545.5675675675676,34,3,20,36.671989764025625,0.613970588235294,46.07142857142858,1015.7142857142868,29.873949579831965,7
1271,4,2,1,37,0.05263157894736842,0.02631578947368421,0.9736842105263158,38,800,600,200,0.75,10,6,4,364.85538204607997,0.769203413940256,0.07343454953299444,0.20393598945321278,129513.0553753365,1851.1605745239365,131364.21594986043,1235,0,532.1052631578947,33,5,17,36.24237498996709,0.6218434343434343,45.52696078431373,1017.8921568627458,30.845216874628658,0
1272,4,1,0,38,0.02631578947368421,0.0,1.0,38,1050,800,250,0.7619047619047619,13,8,5,367.5643200669141,0.7741524419155998,0.08022612460909295,0.2067611472960977,129762.65889321415,1939.2246972318335,131701.88359044597,1236,0,533.078947368421,33,5,18,35.91933285221714,0.6243686868686869,45.28186274509804,1018.8725490196078,30.874925727866906,0
1273,4,1,2,37,0.02564102564102564,0.05128205128205128,0.9487179487179487,39,1000,800,200,0.8,12,8,4,359.9491257156153,0.7779464687359424,0.08129698017338516,0.20369375380091748,129996.88042534716,1558.452690972213,131555.33311631938,1237,0,520.3846153846154,35,4,18,35.875255362614915,0.6223214285714285,45.05208333333333,1019.7916666666661,29.136904761904745,0
1274,4,0,1,36,0.0,0.02702702702702703,0.972972972972973,37,500,300,200,0.6,7,3,4,377.2926682342819,0.7640765765765766,0.08317909918583899,0.21139074715837133,129606.62853529885,2379.926140186458,131986.5546754853,1238,2,549.4324324324324,33,4,18,35.83050006017571,0.6227904040404041,45.43504901960784,1018.259803921568,30.856357694592973,0
1275,4,1,1,36,0.02702702702702703,0.02702702702702703,0.972972972972973,37,700,200,500,0.2857142857142857,12,2,10,377.094333932728,0.7667667667667668,0.09006192000780122,0.2122910891435768,129793.87622849371,2388.9070609861433,132182.78328947985,1239,0,550.027027027027,33,4,19,35.64479354580075,0.6246843434343434,45.25122549019607,1018.9950980392146,30.878639334521655,0
1276,4,1,0,37,0.02702702702702703,0.0,1.0,37,700,400,300,0.5714285714285714,10,4,6,377.8678852585492,0.7603853853853854,0.10532777700185458,0.21374838023360915,129981.25908604871,2423.1486988177685,132404.4077848665,1240,0,551.0,33,4,21,35.43431779032968,0.6265782828282829,45.067401960784316,1019.7303921568633,30.900920974450404,0
1277,4,2,2,37,0.05128205128205128,0.05128205128205128,0.9487179487179487,39,750,500,250,0.6666666666666666,10,5,5,360.63974875163694,0.7825011246063878,0.09467455621301779,0.20628593628593606,130414.54081632638,1606.8375665216854,132021.37838284805,1241,0,523.6923076923077,34,5,22,35.433663558663554,0.6286764705882353,44.64285714285713,1021.4285714285702,30.042016806722653,0
1278,4,2,2,37,0.05128205128205128,0.05128205128205128,0.9487179487179487,39,600,500,100,0.8333333333333334,7,5,2,359.3564131155045,0.7816576698155646,0.08896975781151961,0.20587428153252713,130475.34722222206,1577.4305555555325,132052.77777777758,1242,0,524.6410256410256,34,5,22,35.40477161500814,0.6292892156862746,44.58333333333332,1021.6666666666653,30.049019607843096,0
1279,4,1,0,38,0.02631578947368421,0.0,1.0,38,750,500,250,0.6666666666666666,10,5,5,367.10264990871127,0.7748340445708867,0.10653192107156828,0.2105159487578292,130512.91120001933,1982.3271097654915,132495.23830978482,1243,0,539.421052631579,33,5,15,35.168805468937414,0.6319444444444444,44.54656862745099,1021.8137254901969,30.964052287581726,0
1280,4,0,0,38,0.0,0.0,1.0,38,1250,900,350,0.72,16,9,7,368.28404545154103,0.774685870080607,0.10806096506999285,0.2120492609525332,130669.4859699394,2024.6973820165285,132694.18335195593,1244,1,540.421052631579,33,5,17,34.97979843381676,0.6335227272727273,44.393382352941174,1022.4264705882349,30.982620320855602,0
1281,4,1,0,39,0.02564102564102564,0.0,1.0,39,1350,1000,350,0.7407407407407407,17,10,7,358.6938885884264,0.7794646873594242,0.11684555754323234,0.2084302325581396,131023.24263038553,1599.447278911573,132622.6899092971,1245,0,527.5384615384615,34,5,20,34.86676356589149,0.6348039215686274,44.04761904761905,1023.8095238095241,30.112044817927178,0
1282,4,0,0,39,0.0,0.0,1.0,39,850,600,250,0.7058823529411765,11,6,5,358.6938885884264,0.7794646873594242,0.11684555754323234,0.2084302325581396,131023.24263038553,1599.447278911573,132622.6899092971,1246,1,528.5384615384615,34,5,20,34.86676356589149,0.6348039215686274,44.04761904761905,1023.8095238095241,30.112044817927178,0
1283,4,0,1,38,0.0,0.02564102564102564,0.9743589743589743,39,950,600,350,0.631578947368421,13,6,7,358.4876507885643,0.7790710751237068,0.11812027634812483,0.20867754830113253,131090.9636488339,1598.898319615898,132689.86196844978,1247,2,529.5384615384615,35,4,20,34.80353375527426,0.6333333333333333,43.981481481481474,1024.074074074073,29.259259259259228,0
1284,4,0,0,38,0.0,0.0,1.0,38,550,400,150,0.7272727272727273,7,4,3,358.36717087117074,0.7757823613086771,0.13398778333561356,0.20876834068722758,131120.59709630045,1797.863484867959,132918.46058116842,1248,3,541.7894736842105,35,3,21,34.77664613703996,0.6336309523809525,43.95254629629629,1024.1898148148139,29.26256613756611,0
1285,4,0,0,38,0.0,0.0,1.0,38,1150,800,350,0.6956521739130435,15,8,7,361.55727410932644,0.7745673304883831,0.13371844244758213,0.2117692605497485,131328.12500000012,1896.5277777777928,133224.6527777779,1249,4,542.7894736842105,35,3,22,34.48509485094852,0.6357142857142857,43.75000000000001,1025.000000000001,29.285714285714313,0
1286,4,0,0,38,0.0,0.0,1.0,38,1050,800,250,0.7619047619047619,13,8,5,360.16062282244286,0.7743302513039355,0.13267334205494574,0.21164495026532318,131453.76778162245,1868.8941753171814,133322.6619569396,1250,5,543.7894736842105,33,5,22,34.39392128744422,0.6414141414141414,43.627450980392155,1025.4901960784314,31.075460487225193,0
1287,4,0,0,38,0.0,0.0,1.0,38,450,300,150,0.6666666666666666,6,3,3,360.16062282244286,0.7741820768136558,0.13267334205494574,0.21164495026532318,131453.76778162245,1868.8941753171814,133322.6619569396,1251,6,544.7894736842105,33,5,22,34.39392128744422,0.6414141414141414,43.627450980392155,1025.4901960784314,31.075460487225193,0
1288,4,0,0,38,0.0,0.0,1.0,38,1400,1000,400,0.7142857142857143,18,10,8,356.7817614645259,0.7739449976292082,0.12758161225849407,0.2106974943937898,131642.34459102264,1793.517517301027,133435.86210832366,1252,7,545.7894736842105,33,5,19,34.29016399968156,0.6433080808080809,43.44362745098039,1026.225490196078,31.09774212715388,0
1289,4,0,0,38,0.0,0.0,1.0,38,1400,1000,400,0.7142857142857143,18,10,8,354.54768255984095,0.7747155049786629,0.12237177688017864,0.2103389484017323,131816.67375283447,1747.059240362816,133563.73299319728,1253,8,546.7894736842105,34,4,20,34.17164193523456,0.6427696078431373,43.273809523809526,1026.904761904762,30.203081232493,0
1290,4,1,1,38,0.02564102564102564,0.02564102564102564,0.9743589743589743,39,500,200,300,0.4,8,2,6,349.15434827900174,0.784919028340081,0.12288754554010106,0.2086937362997373,132100.37964034648,1424.6843921467876,133525.06403249328,1254,0,533.7435897435897,35,4,20,34.02433761164902,0.6434523809523809,42.99768518518519,1028.0092592592603,29.371693121693152,0
1291,4,0,0,38,0.0,0.0,1.0,38,1300,1000,300,0.7692307692307693,16,10,6,354.67598594740855,0.7739153627311522,0.12807871259657633,0.211263522064326,131969.53125000003,1761.2847222222229,133730.81597222225,1255,10,548.7894736842105,34,4,20,34.01426061097593,0.6443014705882353,43.125,1027.5000000000002,30.220588235294123,0
1292,4,0,0,38,0.0,0.0,1.0,38,1050,600,450,0.5714285714285714,15,6,9,356.3499331997445,0.7732633949739213,0.11730132904334445,0.2132913633434648,132153.07716836748,1818.5480442176984,133971.62521258518,1256,11,549.7894736842105,34,4,20,33.78632627069584,0.6461397058823529,42.94642857142858,1028.2142857142867,30.24159663865549,0
1293,4,0,0,38,0.0,0.0,1.0,38,1150,900,250,0.782608695652174,14,9,5,357.81714251597054,0.7727892366050261,0.11772821128158917,0.21486434527314105,132275.51197562352,1866.0891439909228,134141.60111961444,1257,12,550.7894736842105,34,4,20,33.62530378428423,0.6473651960784315,42.82738095238095,1028.6904761904757,30.255602240896344,0
1294,4,0,0,38,0.0,0.0,1.0,38,1300,1000,300,0.7692307692307693,16,10,6,356.1769574980737,0.7732337600758653,0.12156403153633022,0.21457489878542516,132398.00347222234,1831.4236111111163,134229.42708333346,1258,13,551.7894736842105,34,4,21,33.544197031039126,0.6485906862745099,42.708333333333336,1029.1666666666674,30.269607843137276,0
1295,4,1,1,38,0.02564102564102564,0.02564102564102564,0.9743589743589743,39,850,600,250,0.7058823529411765,11,6,5,350.7439263649387,0.7776090868196132,0.1193642892328437,0.21281333937111918,132666.15125868047,1506.3693576388841,134172.52061631935,1259,0,538.6153846153846,35,4,17,33.414433771486365,0.6491071428571429,42.447916666666664,1030.2083333333328,29.434523809523796,0
1296,4,0,0,38,0.0,0.0,1.0,38,600,400,200,0.6666666666666666,8,4,4,355.695722280059,0.7727003319108582,0.11858079120798837,0.21498338937807346,132520.55165816328,1827.3986678004558,134347.95032596373,1260,15,553.7894736842105,34,4,21,33.43329672023741,0.6498161764705883,42.589285714285715,1029.6428571428573,30.28361344537816,0
1297,4,1,0,39,0.02564102564102564,0.0,1.0,39,650,500,150,0.7692307692307693,8,5,3,349.85781915984364,0.7791835357624831,0.12609811981163577,0.2134611954161566,132874.89819101503,1497.46442043895,134372.36261145398,1261,0,540.5641025641025,35,4,19,33.22762311031282,0.6511904761904762,42.24537037037037,1031.018518518518,29.457671957671945,0
1298,4,0,0,39,0.0,0.0,1.0,39,1000,700,300,0.7,13,7,6,350.48723085659714,0.779408457040036,0.12842098598075657,0.2140158149212765,132904.73257726768,1516.2823377486243,134421.0149150163,1262,1,541.5641025641025,35,4,19,33.18145040595652,0.6514880952380953,42.21643518518518,1031.1342592592594,29.46097883597884,0
1299,4,0,0,39,0.0,0.0,1.0,39,1350,900,450,0.6666666666666666,18,9,9,348.9934847585904,0.7787899235267657,0.12983628062726016,0.21378549344696327,133024.1036120756,1484.9090952932067,134509.0127073688,1263,2,542.5641025641025,35,4,20,33.100176708179056,0.6526785714285714,42.10069444444444,1031.597222222222,29.47420634920634,0
1300,4,0,0,39,0.0,0.0,1.0,39,1150,700,450,0.6086956521739131,16,7,9,346.59460663277775,0.7778340080971661,0.13005100603216824,0.21316763461731783,133173.39275763018,1431.4359353566392,134604.8286929868,1264,3,543.5641025641025,35,4,20,33.01235329296555,0.6541666666666668,41.95601851851851,1032.175925925925,29.490740740740712,0
1301,4,0,0,39,0.0,0.0,1.0,39,1250,1100,150,0.88,14,11,3,345.40729715369775,0.7744601889338731,0.13142821029892504,0.21380759600512506,133412.42953746562,1416.3253386488216,134828.75487611446,1265,4,544.5641025641025,35,4,20,32.80351407872134,0.656547619047619,41.72453703703703,1033.101851851851,29.517195767195744,0
1302,4,1,1,39,0.025,0.025,0.975,40,1250,900,350,0.72,16,9,7,337.5761107134871,0.778525641025641,0.12607430617726045,0.2106550366854553,133711.52692043895,1027.5768389917657,134739.10375943073,1266,0,531.925,35,5,16,32.70665472993135,0.6595238095238095,41.43518518518518,1034.2592592592591,29.550264550264547,0
1303,4,0,0,39,0.0,0.0,1.0,39,1400,600,800,0.42857142857142855,22,6,16,344.8454983861237,0.7743477282950968,0.13033327134858141,0.21505189120461285,133687.58680555562,1420.3125000000055,135107.89930555562,1267,6,546.5641025641025,34,5,20,32.542640343808735,0.6614583333333333,41.458333333333336,1034.1666666666672,30.416666666666682,0
1304,4,0,0,39,0.0,0.0,1.0,39,950,600,350,0.631578947368421,13,6,7,346.3442920100556,0.7732231219073324,0.1218413389624986,0.21670829675013645,133810.73022959198,1468.9165249433272,135279.6467545353,1268,7,547.5641025641025,34,5,19,32.38071951827562,0.6626838235294117,41.33928571428572,1034.6428571428582,30.430672268907596,0
1305,4,0,0,39,0.0,0.0,1.0,39,800,500,300,0.625,11,5,6,346.6136403152188,0.7732793522267207,0.12544986843192119,0.217058051989905,133841.52494331065,1478.25963718821,135319.78458049888,1269,8,548.5641025641025,34,5,19,32.34295904279799,0.6629901960784313,41.30952380952381,1034.7619047619046,30.434173669467782,0
1306,4,0,0,39,0.0,0.0,1.0,39,950,600,350,0.631578947368421,13,6,7,351.1944921559112,0.77361673414305,0.1507159726503231,0.20678931021643143,131530.201548677,1438.5364672104483,132968.73801588744,1270,9,549.5641025641025,36,3,18,34.546648003805764,0.6357060185185186,43.552927927927925,1025.788288288288,28.49411911911911,6
1307,4,1,1,39,0.025,0.025,0.975,40,950,600,350,0.631578947368421,13,6,7,343.0571629389349,0.7817574786324787,0.14910552173448743,0.20316535209343733,131749.9269606993,1039.5512321098672,132789.47819280915,1271,0,536.8,37,3,17,34.53387002029267,0.6359797297297298,43.33881578947368,1026.644736842104,27.747155049786596,0
1308,4,0,0,39,0.0,0.0,1.0,39,1200,900,300,0.75,15,9,6,350.5486215779416,0.7738416554206028,0.14934526070016974,0.2073491684414627,131703.53366457688,1433.6984366122963,133137.23210118918,1272,11,551.5641025641025,36,3,17,34.38837081733406,0.6374421296296295,43.38400900900901,1026.463963963965,28.512887887887914,0
1309,4,1,0,40,0.025,0.0,1.0,40,1400,1100,300,0.7857142857142857,17,11,6,345.98084281703933,0.7767094017094017,0.15873506825938577,0.2068824223375356,132116.0357032932,1141.923476454278,133257.95917974747,1273,0,538.75,37,3,18,34.0901414960182,0.6396396396396398,42.98245614035087,1028.0701754385955,27.785680417259336,0
1310,4,1,1,40,0.024390243902439025,0.024390243902439025,0.975609756097561,41,550,200,350,0.36363636363636365,9,2,7,345.0310609910016,0.7857723577235772,0.1601658931569072,0.2078601757677494,132398.00347222202,936.2847222221972,133334.2881944442,1274,0,526.5853658536586,38,3,18,33.83097165991903,0.6406250000000002,42.70833333333332,1029.166666666665,27.083333333333286,0
1311,4,2,1,41,0.047619047619047616,0.023809523809523808,0.9761904761904762,42,1000,800,200,0.8,12,8,4,337.4032029497624,0.7872628726287263,0.1650731063833888,0.20486525969159594,132692.98095703113,554.2073567708192,133247.18831380195,1275,0,515.0,39,3,16,33.73110656152057,0.6418269230769231,42.42187499999999,1030.312499999999,26.41826923076921,0
1312,4,0,0,41,0.0,0.0,1.0,41,1400,1100,300,0.7857142857142857,17,11,6,344.10375103418534,0.7770325203252032,0.16984391559149437,0.2088226854136342,132673.03040990932,930.657485024462,133603.68789493377,1276,1,528.560975609756,38,3,16,33.578545749939515,0.6433662280701755,42.44123931623931,1030.235042735042,27.11144849302742,0
1313,4,0,0,41,0.0,0.0,1.0,41,1300,1000,300,0.7692307692307693,16,10,6,341.52155887230526,0.7767276422764228,0.16481616308700442,0.20801767676767677,132810.65088757392,871.5401051939486,133682.19099276786,1277,2,529.560975609756,38,3,16,33.50694444444445,0.6447368421052632,42.30769230769231,1030.7692307692305,27.125506072874487,0
1314,4,0,0,41,0.0,0.0,1.0,41,800,500,300,0.625,11,5,6,343.0057147014742,0.7767784552845528,0.16570401583381567,0.20907530898007096,132838.18354381248,912.8512172181977,133751.0347610307,1278,3,530.560975609756,38,3,16,33.441073340933436,0.6450109649122808,42.2809829059829,1030.876068376068,27.128317588843892,0
1315,4,0,0,41,0.0,0.0,1.0,41,800,500,300,0.625,11,5,6,344.80732368654185,0.7765752032520326,0.16659168456969553,0.21032810831701199,132865.71905361972,962.6145993133198,133828.33365293304,1279,4,531.560975609756,38,3,16,33.367012089810025,0.6452850877192982,42.254273504273506,1030.9829059829062,27.131129104813322,0
1316,4,1,1,41,0.023809523809523808,0.023809523809523808,0.9761904761904762,42,550,400,150,0.7272727272727273,7,4,3,340.6864010935087,0.7802216415021294,0.16769047378717317,0.20924861597231187,133122.62505425353,670.6136067708378,133793.23866102437,1280,0,519.8809523809524,39,3,16,33.215676625954714,0.6461004273504274,42.005208333333336,1031.979166666667,26.46100427350428,0
1317,4,0,0,41,0.0,0.0,1.0,41,1450,1200,250,0.8275862068965517,17,12,5,350.41205376263036,0.7760670731707318,0.172603604855313,0.21453572473545965,133003.4394061839,1121.201671962901,134124.6410781468,1281,6,533.560975609756,38,3,16,33.08432591058173,0.6466557017543859,42.1207264957265,1031.517094017095,27.14518668466039,0
1318,4,0,0,41,0.0,0.0,1.0,41,1200,600,600,0.5,18,6,12,353.0910959223282,0.7746951219512195,0.17014113228880667,0.21761941013988367,133251.51581561824,1209.984750529608,134461.50056614785,1282,7,534.560975609756,38,3,17,32.76636658388521,0.6491228070175439,41.880341880341874,1032.4786324786314,27.17049032838504,0
1319,4,0,1,40,0.0,0.024390243902439025,0.975609756097561,41,1300,900,400,0.6923076923076923,17,9,8,358.04939387238153,0.772510162601626,0.1690596225577603,0.22182547649838535,133444.62393390655,1355.9533430126078,134800.57727691915,1283,8,535.560975609756,38,3,17,32.44472305518214,0.6510416666666667,41.693376068376054,1033.2264957264938,27.19017094017089,0
1320,4,0,0,40,0.0,0.0,1.0,40,1450,1000,450,0.6896551724137931,19,10,9,366.88743537224707,0.7659989316239316,0.17096200785312532,0.22729653540517303,133443.8977016966,1791.7778787703844,135235.67558046698,1284,9,549.4,37,3,17,32.21715925572181,0.6528716216216216,41.69407894736842,1033.2236842105258,27.92496443812232,0
1321,4,0,0,40,0.0,0.0,1.0,40,1550,1100,450,0.7096774193548387,20,11,9,371.46148482756104,0.7649038461538461,0.1732129600169694,0.23118880134911354,133613.88991083784,1926.4827879732138,135540.37269881106,1285,10,550.4,37,3,18,31.92842560186658,0.6545608108108107,41.52960526315789,1033.8815789473676,27.942745376955884,0
1322,4,0,0,40,0.0,0.0,1.0,40,1100,700,400,0.6363636363636364,15,7,8,370.37200165806087,0.7649305555555556,0.16075365698537203,0.2313966532213341,133755.6327427669,1907.8682863958015,135663.5010291627,1286,11,551.4,37,3,15,31.81444774220903,0.6559684684684686,41.392543859649116,1034.4298245614027,27.957562825983857,0
1323,4,0,0,40,0.0,0.0,1.0,40,1050,600,450,0.5714285714285714,15,6,9,372.2588693073087,0.7641292735042735,0.17279186707477034,0.22582388172568058,132658.9004545087,1889.7834282633883,134548.68388277208,1287,12,552.4,36,4,15,32.86761222853811,0.6469907407407407,42.454954954954964,1030.1801801801814,28.61611611611615,6
1324,4,0,0,40,0.0,0.0,1.0,40,850,600,250,0.7058823529411765,11,6,5,371.05246366308387,0.7647970085470085,0.16868236965788563,0.2252660245556442,132687.90486009675,1846.8347993263678,134534.73965942312,1288,13,553.4,36,4,15,32.86948482529965,0.6472800925925926,42.42680180180181,1030.292792792794,28.61924424424428,0
1325,4,0,0,40,0.0,0.0,1.0,40,650,500,150,0.7692307692307693,8,5,3,373.191438663215,0.7655448717948717,0.1669353076166542,0.22691527277123463,132745.92318247302,1907.9284098287517,134653.85159230177,1289,14,554.4,36,4,16,32.75598295268277,0.6478587962962963,42.3704954954955,1030.5180180180182,28.625500500500507,0
1326,4,0,0,40,0.0,0.0,1.0,40,1550,1000,550,0.6451612903225806,21,10,11,376.65505477630853,0.7646634615384615,0.1752294079091108,0.22955395282438937,132832.97444403867,2006.4422530638783,134839.41669710254,1290,15,555.4,36,4,16,32.57910931468939,0.6487268518518519,42.28603603603604,1030.8558558558561,28.634884884884894,0
1327,4,0,0,40,0.0,0.0,1.0,40,1000,500,500,0.5,15,5,10,378.4290917411947,0.7652510683760684,0.18008733624454143,0.2317119305046355,133007.16256797352,2066.755945134342,135073.91851310787,1291,16,556.4,36,4,18,32.358078602620076,0.6504629629629629,42.117117117117125,1031.5315315315327,28.653653653653684,0
1328,4,1,0,41,0.024390243902439025,0.0,1.0,41,1400,1000,400,0.7142857142857143,18,10,8,374.1177436423898,0.7666666666666667,0.17539645148096517,0.2315990394611432,133415.57618690372,1782.626865958763,135198.2030528625,1292,0,543.8048780487804,37,4,20,32.05883393476261,0.6525900900900901,41.72149122807018,1033.11403508772,27.922000948316754,0
1329,4,0,0,41,0.0,0.0,1.0,41,1100,800,300,0.7272727272727273,14,8,6,372.658688865765,0.7657012195121952,0.1711250983477579,0.23104838709677425,133472.22222222216,1747.9286895967957,135220.15091181896,1293,1,544.8048780487804,36,5,20,32.039650537634415,0.6550925925925927,41.666666666666664,1033.333333333333,28.703703703703695,0
1330,4,0,0,41,0.0,0.0,1.0,41,1000,700,300,0.7,13,7,6,372.8321756677892,0.7658536585365854,0.17105329601841301,0.23133744936465872,133501.3153990139,1754.7171749452214,135256.03257395912,1294,2,545.8048780487804,36,5,20,32.005966001961426,0.6553819444444444,41.638513513513516,1033.4459459459463,28.706831831831842,0
1331,4,0,0,41,0.0,0.0,1.0,41,900,400,500,0.4444444444444444,14,4,10,371.20201747949375,0.7651422764227642,0.16658385126176145,0.23068810551416896,133559.51126379767,1715.5120069393815,135275.02327073706,1295,3,546.8048780487804,36,5,20,31.98968660347897,0.6559606481481481,41.58220720720721,1033.6711711711719,28.713088088088107,0
1332,4,2,1,42,0.046511627906976744,0.023255813953488372,0.9767441860465116,43,850,600,250,0.7058823529411765,11,6,5,358.35022872870707,0.778516057585825,0.15933543848198983,0.22552794914536564,134024.78723792834,1005.5626324055916,135030.3498703339,1296,0,522.3255813953489,38,5,19,31.855955083230167,0.656798245614035,41.13247863247864,1035.4700854700861,27.249212775528584,0
1333,4,0,1,41,0.0,0.023809523809523808,0.9761904761904762,42,1300,1000,300,0.7692307692307693,16,10,6,362.9422409709765,0.7715108401084011,0.15401935422056146,0.22833201742098155,134010.95920138896,1327.64756944445,135338.6067708334,1297,1,535.7619047619048,37,5,21,31.750922199865858,0.6585022522522522,41.145833333333336,1035.4166666666672,27.984234234234247,0
1334,4,0,0,41,0.0,0.0,1.0,41,900,600,300,0.6666666666666666,12,6,6,365.9243879209687,0.7729166666666667,0.1422402661129536,0.23038599463504153,134039.3438365649,1609.652970144638,135648.99680670953,1298,2,523.560975609756,37,4,21,31.64531272059861,0.6587837837837839,41.11842105263157,1035.526315789472,27.98719772403978,0
1335,4,0,0,41,0.0,0.0,1.0,41,800,500,300,0.625,11,5,6,365.1027467295415,0.7725609756097561,0.135239732835563,0.2304025149201051,134124.51577648876,1593.84582275314,135718.3615992419,1299,3,524.560975609756,37,4,21,31.581344165696347,0.6596283783783785,41.03618421052631,1035.8552631578934,27.99608819345658,0
1336,4,0,0,41,0.0,0.0,1.0,41,1050,800,250,0.7619047619047619,13,8,5,370.6713697824812,0.7726626016260163,0.13491289198606315,0.2344608061877138,134209.71476800545,1749.5397622345247,135959.25453023997,1300,4,525.560975609756,37,4,21,31.351851851851844,0.660472972972973,40.95394736842105,1036.184210526315,28.004978662873377,0
1337,4,0,0,41,0.0,0.0,1.0,41,650,400,250,0.6153846153846154,9,4,5,371.9528224561614,0.7713922764227642,0.13733154786324153,0.2358195862292483,134294.9408111149,1790.27645525546,136085.21726637037,1301,5,526.560975609756,37,4,21,31.233360661518393,0.6613175675675675,40.87171052631579,1036.5131578947364,28.013869132290175,0
1338,4,0,0,41,0.0,0.0,1.0,41,950,800,150,0.8421052631578947,11,8,3,370.6388261753023,0.771239837398374,0.13323564164349078,0.2351690914537789,134323.35550361636,1757.0901623576328,136080.445665974,1302,6,527.560975609756,37,4,21,31.238981736125798,0.6615990990990992,40.84429824561403,1036.6228070175428,28.01683262209575,0
1339,4,0,0,41,0.0,0.0,1.0,41,1150,700,450,0.6086956521739131,16,7,9,368.33926474709773,0.771239837398374,0.13895298902076814,0.22907009155907906,133585.55036164977,1641.1530470914154,135226.7034087412,1303,7,528.560975609756,37,4,22,32.03754773016547,0.6542792792792793,41.55701754385965,1033.7719298245618,27.939781887150318,1
1340,4,1,1,41,0.023809523809523808,0.023809523809523808,0.9761904761904762,42,950,700,250,0.7368421052631579,12,7,5,361.78013868783796,0.7780681378242353,0.1386627934846174,0.2266030200331013,133849.2241753474,1284.798177083353,135134.02235243074,1304,0,516.952380952381,39,3,18,31.942906516341186,0.6533119658119657,41.30208333333334,1034.791666666668,26.533119658119695,0
1341,4,1,1,41,0.023809523809523808,0.023809523809523808,0.9761904761904762,42,1050,600,450,0.5714285714285714,15,6,9,360.8933702750474,0.7753339140534262,0.1410964023399881,0.22687661019378236,133983.9965820314,1270.7872178819584,135254.78379991336,1305,0,517.9285714285714,39,3,18,31.83093956467787,0.6546474358974359,41.17187500000001,1035.3125000000011,26.54647435897439,0
1342,4,0,0,41,0.0,0.0,1.0,41,1200,900,300,0.75,15,9,6,372.2754099053149,0.7681910569105691,0.14736820913401072,0.2342917709611891,134024.7872379282,1778.8265212944643,135803.61375922264,1306,10,531.560975609756,38,3,19,31.495477369651944,0.6567982456140351,41.13247863247863,1035.470085470085,27.24921277552855,0
1343,4,0,0,41,0.0,0.0,1.0,41,1300,1000,300,0.7692307692307693,16,10,6,372.696304283894,0.7668191056910569,0.15047693793769645,0.23526454207920794,134135.4372123602,1798.3563445101822,135933.7935568704,1307,11,532.560975609756,38,3,19,31.373762376237636,0.6578947368421053,41.02564102564102,1035.8974358974351,27.260458839406187,0
1344,4,0,1,40,0.0,0.024390243902439025,0.975609756097561,41,950,500,450,0.5263157894736842,14,5,9,374.21563831616226,0.7659552845528456,0.15094339622641528,0.2367591308563898,134218.45465565412,1845.3289365548917,136063.78359220902,1308,12,533.560975609756,38,3,19,31.25128879265904,0.6587171052631579,40.94551282051282,1036.2179487179483,27.268893387314428,0
1345,4,0,1,39,0.0,0.025,0.975,40,1400,1100,300,0.7857142857142857,17,11,6,383.22438199871084,0.7594017094017094,0.1501402561659786,0.24183839256792397,134124.51577648893,2279.956933864265,136404.4727103532,1309,13,546.1,37,3,19,31.112059383931403,0.6596283783783784,41.036184210526315,1035.8552631578948,27.996088193456615,0
1346,4,0,0,39,0.0,0.0,1.0,39,650,500,150,0.7692307692307693,8,5,3,393.5036464607515,0.7506185335132703,0.1534835985564722,0.24746050106430556,133996.38447569186,2745.613180748309,136741.99765644016,1310,18,560.7692307692307,36,3,19,30.97445797984192,0.6603009259259259,41.159909909909906,1035.36036036036,28.760010010009996,0
1347,4,0,0,39,0.0,0.0,1.0,39,750,400,350,0.5333333333333333,11,4,7,394.8023527448532,0.7504498425551057,0.1590602380076065,0.2486713997151829,134054.68813408003,2785.0212543624684,136839.7093884425,1311,19,561.7692307692307,36,3,19,30.882312962157457,0.6608796296296295,41.1036036036036,1035.5855855855855,28.766266266266264,0
1348,4,0,0,39,0.0,0.0,1.0,39,950,600,350,0.631578947368421,13,6,7,391.41856695356205,0.7486504723346828,0.15546247760137577,0.2475218030611494,134200.5027620526,2705.7136951140346,136906.21645716665,1312,20,562.7692307692307,36,3,19,30.823642357714736,0.6623263888888888,40.96283783783784,1036.1486486486488,28.78190690690691,0
1349,4,0,0,39,0.0,0.0,1.0,39,1100,900,200,0.8181818181818182,13,9,4,391.78244536976666,0.7486504723346828,0.15865965190808784,0.23068818971384636,131530.20154867697,2507.1578757811812,134037.35942445815,1313,21,563.7692307692307,36,3,18,33.50578182749662,0.6357060185185186,43.552927927927925,1025.7882882882877,28.494119119119105,7
1350,4,0,0,39,0.0,0.0,1.0,39,550,300,250,0.5454545454545454,8,3,5,395.43099780239453,0.74842555105713,0.15744805384840532,0.2333657546616203,131616.85333982625,2609.0767287557783,134225.93006858203,1314,22,564.7692307692307,36,3,17,33.32441652033947,0.6365740740740742,43.468468468468465,1026.1261261261257,28.50350350350349,0
1351,4,1,0,40,0.025,0.0,1.0,40,650,600,50,0.9230769230769231,7,6,1,391.5532668846405,0.756383547008547,0.1647460520699957,0.2334374820129041,132003.33275623273,2337.2672360726438,134340.5999923054,1315,0,551.625,37,3,18,33.032792715891304,0.6385135135135135,43.0921052631579,1027.6315789473688,27.773826458036993,0
1352,4,1,0,41,0.024390243902439025,0.0,1.0,41,1250,1000,250,0.8,15,10,5,387.9971489001225,0.7613313008130081,0.17287395672960026,0.2335742836378738,132370.51647308067,2071.876597998403,134442.39307107907,1316,0,539.1463414634146,38,3,20,32.7532357419712,0.6403508771929824,42.73504273504274,1029.0598290598298,27.08052181736394,0
1353,4,1,1,41,0.023809523809523808,0.023809523809523808,0.9761904761904762,42,1150,700,450,0.6086956521739131,16,7,9,375.6079258087699,0.7687524196670538,0.16522220617266115,0.22789953289869536,132666.15125868053,1566.1029941353415,134232.25425281588,1317,0,527.2857142857143,35,7,17,32.77405628581059,0.6491071428571429,42.447916666666664,1030.2083333333333,29.434523809523807,0
1354,4,1,0,42,0.023809523809523808,0.0,1.0,42,1150,800,350,0.6956521739130435,15,8,7,376.34733690083164,0.7648567557104142,0.18016211649717184,0.22925782369622463,132815.2394654491,1596.932334533593,134412.1717999827,1318,0,528.2619047619048,35,7,18,32.60489183322105,0.6505952380952382,42.30324074074073,1030.787037037036,29.451058201058174,0
1355,4,1,1,42,0.023255813953488372,0.023255813953488372,0.9767441860465116,43,900,700,200,0.7777777777777778,11,7,4,369.76377810478164,0.7698874123292727,0.18305118256184638,0.22682380390912604,133075.95245652506,1241.333391043394,134317.28584756845,1319,0,516.953488372093,37,6,18,32.51239815798796,0.6492117117117117,42.050438596491226,1031.7982456140348,27.88643907064959,0
1356,4,0,0,42,0.0,0.0,1.0,42,1050,800,250,0.7619047619047619,13,8,5,378.0944648665784,0.7631629887727449,0.1744065162360109,0.2316871834543628,133036.20501836293,1660.0505488596684,134696.2555672226,1320,2,530.2619047619048,36,6,19,32.337490448640985,0.6507523148148149,42.08896396396396,1031.644144144144,28.65678178178178,0
1357,4,0,0,42,0.0,0.0,1.0,42,600,500,100,0.8333333333333334,7,5,2,378.8959898631367,0.7620015485869145,0.17542128434795812,0.23242576692386666,133075.95245652506,1684.3889465989494,134760.341403124,1321,3,531.2619047619048,37,5,19,32.276833156216796,0.6492117117117117,42.050438596491226,1031.7982456140348,27.88643907064959,0
1358,4,0,0,42,0.0,0.0,1.0,42,1200,900,300,0.75,15,9,6,378.1257288777109,0.7623403019744484,0.17463440128588226,0.23201640975228285,133086.10586054495,1664.6561564029498,134750.7620169479,1322,4,532.2619047619048,38,4,19,32.286489611375714,0.6474780701754386,42.04059829059829,1031.8376068376067,27.153621232568597,0
1359,4,0,0,42,0.0,0.0,1.0,42,1200,800,400,0.6666666666666666,16,8,8,378.5291486205369,0.7610578784359272,0.1602714753775285,0.2334705948575293,133279.09412895376,1690.0044059098377,134969.0985348636,1323,5,533.2619047619048,38,4,19,32.082040006897735,0.6493969298245614,41.85363247863247,1032.5854700854688,27.173301844354445,0
1360,4,0,0,42,0.0,0.0,1.0,42,1050,800,250,0.7619047619047619,13,8,5,375.64411956475067,0.759388308168796,0.15944598774553276,0.2322076309432228,133361.8461903717,1619.3186591423612,134981.16484951405,1324,6,534.2619047619048,38,4,19,32.07337780995724,0.6502192982456141,41.773504273504265,1032.9059829059818,27.18173639226268,0
1361,4,0,0,42,0.0,0.0,1.0,42,1000,800,200,0.8,12,8,4,375.3036053285783,0.7578639179248935,0.1582355554824162,0.23288138655163623,133502.97796201822,1621.012418637199,135123.99038065542,1325,7,535.2619047619048,34,8,19,31.940444649233953,0.6596200980392157,41.636904761904766,1033.4523809523816,30.395658263305343,0
1362,4,0,0,42,0.0,0.0,1.0,42,950,500,450,0.5263157894736842,14,5,9,373.7123215260907,0.7586140147115756,0.15422165180285452,0.23208657907650346,133533.73724489793,1580.6405895691557,135114.37783446707,1326,8,536.2619047619048,34,8,19,31.950683406281197,0.6599264705882353,41.607142857142854,1033.5714285714282,30.399159663865536,0
1363,4,0,0,42,0.0,0.0,1.0,42,1200,700,500,0.5833333333333334,17,7,10,370.3147365681825,0.7582752613240418,0.1419004983078851,0.2308975695210544,133681.60211173262,1500.853454003766,135182.4555657364,1327,9,537.2619047619048,35,7,19,31.890155754523413,0.6592261904761905,41.46412037037037,1034.143518518518,29.546957671957657,0
1364,4,0,0,42,0.0,0.0,1.0,42,850,500,350,0.5882352941176471,12,5,7,372.6691067076788,0.756508904374758,0.1428331654917756,0.2327424043778145,133741.455078125,1568.2617187500011,135309.716796875,1328,10,538.2619047619048,35,7,17,31.769259818731125,0.6598214285714286,41.40625,1034.375,29.553571428571427,0
1365,4,0,0,42,0.0,0.0,1.0,42,1450,1200,250,0.8275862068965517,17,12,5,372.7108184602365,0.7562669376693767,0.13921994653374603,0.2337152972420363,133891.1461012519,1580.5357295953554,135471.68183084726,1329,11,539.2619047619048,35,7,17,31.618113024677537,0.6613095238095237,41.26157407407408,1034.9537037037053,29.570105820105866,0
1366,4,0,0,42,0.0,0.0,1.0,42,1200,900,300,0.75,15,9,6,373.75574414659593,0.7547425474254743,0.13976798984955607,0.2352282044782991,134025.5347196859,1618.5626927603307,135644.09741244625,1330,12,540.2619047619048,36,6,17,31.456407467826725,0.6605902777777778,41.13175675675676,1035.4729729729731,28.763138138138142,0
1367,4,0,0,42,0.0,0.0,1.0,42,750,500,250,0.6666666666666666,10,5,5,370.9857194190741,0.7549845141308555,0.1372160416513175,0.23400823355679387,134107.7704383994,1550.4135391555242,135658.18397755493,1331,13,541.2619047619048,38,4,17,31.44576242049166,0.6576206140350876,41.052350427350426,1035.790598290598,27.25764732343679,0
1368,4,0,1,41,0.0,0.023809523809523808,0.9761904761904762,42,1050,700,350,0.6666666666666666,14,7,7,371.9520193136646,0.7535327138985676,0.14286450738662348,0.23532698208240235,134218.45465565397,1584.565047665989,135803.01970331997,1332,14,542.2619047619048,38,4,17,31.309928858645222,0.658717105263158,40.94551282051281,1036.2179487179471,27.2688933873144,0
1369,4,1,0,42,0.023809523809523808,0.0,1.0,42,1250,900,350,0.72,16,9,7,368.9527114686734,0.7549119241192412,0.15292945944089587,0.23466939826441274,134412.26189823923,1518.353696398547,135930.61559463778,1333,0,542.9047619047619,38,4,18,31.1937633079195,0.6606359649122808,40.758547008547,1036.9658119658102,27.28857399910027,0
1370,4,0,0,42,0.0,0.0,1.0,42,800,500,300,0.625,11,5,6,369.9206785602964,0.7547909407665505,0.1503210741389378,0.2354636083137569,134439.96006145424,1546.4242503104433,135986.38431176468,1334,1,543.9047619047619,38,4,18,31.14097215068164,0.6609100877192984,40.731837606837594,1037.0726495726478,27.29138551506968,0
1371,4,0,0,42,0.0,0.0,1.0,42,1500,1000,500,0.6666666666666666,20,10,10,374.3427124792699,0.7527584204413472,0.1545745807818515,0.23938709892411333,134609.2053835931,1678.0863277885596,136287.29171138167,1335,2,544.9047619047619,36,6,18,30.857071803219398,0.6663773148148149,40.568693693693696,1037.7252252252256,28.82570070070071,0
1372,4,1,1,42,0.023255813953488372,0.023255813953488372,0.9767441860465116,43,900,600,300,0.6666666666666666,12,6,6,365.8152403059131,0.7583056478405316,0.1595161298240959,0.2357641895685866,134892.28055747921,1269.1304055093842,136161.4109629886,1336,0,533.2093023255813,37,6,18,30.795686440081624,0.6672297297297298,40.296052631578945,1038.8157894736842,28.07610241820768,0
1373,4,0,0,42,0.0,0.0,1.0,42,1050,800,250,0.7619047619047619,13,8,5,373.6877767373576,0.7502177700348432,0.1629687015804151,0.2399304527519804,134755.32119957806,1671.2832765197736,136426.60447609783,1337,4,546.9047619047619,36,6,18,30.728036876355752,0.6678240740740741,40.42792792792793,1038.288288288289,28.841341341341362,0
1374,4,0,0,42,0.0,0.0,1.0,42,1150,600,550,0.5217391304347826,17,6,11,377.3150902240727,0.7501451800232288,0.1656239514776099,0.24323771539602188,134901.51627556622,1780.0755569759096,136681.59183254212,1338,5,547.9047619047619,36,6,18,30.487804878048784,0.6692708333333333,40.28716216216217,1038.8513513513524,28.85698198198201,0
1375,4,0,0,42,0.0,0.0,1.0,42,1000,700,300,0.7,13,7,6,375.3223056266842,0.7507017034456059,0.16705851029091856,0.24284506041196863,135034.6996792283,1736.3069646429744,136771.00664387128,1339,6,548.9047619047619,37,5,18,30.406578577205753,0.6686373873873874,40.15899122807018,1039.36403508772,28.090919867235673,0
1376,4,0,0,42,0.0,0.0,1.0,42,750,500,250,0.6666666666666666,10,5,5,372.24750101405186,0.7506291134339915,0.1660940929478003,0.2412357181896261,135091.68836805565,1657.5086805555661,136749.1970486112,1340,7,549.9047619047619,37,5,18,30.42960921843687,0.6692004504504505,40.10416666666667,1039.5833333333342,28.09684684684687,0
1377,4,0,0,42,0.0,0.0,1.0,42,1150,900,250,0.782608695652174,14,9,5,372.94655831867124,0.7501693766937669,0.16408533461897723,0.24187956675633657,135120.18722106802,1678.521756694366,136798.70897776238,1341,8,550.9047619047619,37,5,18,30.38300639808759,0.6694819819819819,40.07675438596491,1039.6929824561405,28.099810336652446,0
1378,4,0,0,42,0.0,0.0,1.0,42,1100,800,300,0.7272727272727273,14,8,6,373.6755868971354,0.750193573364305,0.15797031592054767,0.24273556617345438,135177.1939442906,1702.4834564481398,136879.67740073873,1342,9,551.9047619047619,37,5,18,30.307184029242226,0.670045045045045,40.021929824561404,1039.9122807017548,28.105737316263642,0
1379,4,0,0,42,0.0,0.0,1.0,42,1050,700,350,0.6666666666666666,14,7,7,373.1028667790893,0.7494434765776229,0.15146952541556225,0.243131868131868,135291.24345952598,1695.5101569713706,136986.75361649736,1343,10,552.9047619047619,37,5,18,30.208333333333332,0.6711711711711712,39.91228070175438,1040.3508771929824,28.11759127548601,0
1380,4,0,0,42,0.0,0.0,1.0,42,850,300,550,0.35294117647058826,14,3,11,372.1020422044492,0.7477739063104917,0.15212657605450763,0.243057156404847,135376.81215614424,1674.7976540858735,137051.60981023012,1344,11,553.9047619047619,37,5,18,30.149066659642465,0.6720157657657657,39.83004385964912,1040.6798245614036,28.1264817449028,0
1381,4,0,0,42,0.0,0.0,1.0,42,950,700,250,0.7368421052631579,12,7,5,371.6523004127042,0.7478948896631823,0.1584280094798307,0.24356097293354448,135494.6047579262,1671.3763103586946,137165.9810682849,1345,12,554.9047619047619,38,4,19,30.043398323926787,0.6713267543859648,39.71688034188035,1041.1324786324797,27.39822312190736,0
1382,4,0,0,42,0.0,0.0,1.0,42,1150,800,350,0.6956521739130435,15,8,7,367.9999999999997,0.7458623693379791,0.15942857142857148,0.24210526315789482,135633.68055555574,1582.6388888889082,137216.31944444464,1346,13,555.9047619047619,39,3,19,30.000000000000007,0.6709401709401708,39.58333333333334,1041.666666666668,26.709401709401746,0
1383,4,0,0,42,0.0,0.0,1.0,42,1300,1200,100,0.9230769230769231,14,12,2,365.4331230643136,0.7441927990708479,0.1589029214528992,0.24122872727793843,135754.27061899868,1521.8214163237362,137276.09203532242,1347,14,556.9047619047619,35,7,19,29.94687546275729,0.6797619047619048,39.467592592592595,1042.12962962963,29.775132275132286,0
1384,4,0,0,42,0.0,0.0,1.0,42,800,400,400,0.5,12,4,8,362.37670097800515,0.744023422377081,0.1596509593067823,0.23981829138199065,135844.74833086852,1445.394349065503,137290.142679934,1348,15,557.9047619047619,35,7,20,29.936553976536754,0.6806547619047618,39.38078703703704,1042.4768518518522,29.78505291005292,0
1385,4,0,0,42,0.0,0.0,1.0,42,1000,600,400,0.6,14,6,8,363.7122890954804,0.7444347657762291,0.16001796945193192,0.24131426544552848,135935.2561835561,1488.264639060341,137423.52082261644,1349,16,558.9047619047619,35,7,18,29.811783203847572,0.6815476190476191,39.293981481481474,1042.824074074073,29.794973544973516,0
1386,4,0,1,41,0.0,0.023809523809523808,0.9761904761904762,42,1050,500,550,0.47619047619047616,16,5,11,361.15218145663766,0.7434427022841656,0.16075495687605446,0.24008670176079622,136005.1425077909,1423.7107812019108,137428.85328899283,1350,17,559.9047619047619,37,5,18,29.809098952310883,0.6782094594594594,39.22697368421053,1043.0921052631581,28.191678520625896,0
1387,4,0,0,41,0.0,0.0,1.0,41,1100,700,400,0.6363636363636364,15,7,8,361.1878332032304,0.7389227642276422,0.1745374772230437,0.24088469576700386,136119.54068800015,1632.9443915435481,137752.4850795437,1351,18,572.0,37,4,18,29.69455973521067,0.6793355855855856,39.11732456140351,1043.530701754386,28.20353247984827,0
1388,4,0,1,40,0.0,0.024390243902439025,0.975609756097561,41,900,600,300,0.6666666666666666,12,6,6,363.5443683491299,0.738770325203252,0.17233825032861105,0.24284763805721876,136176.75781250003,1701.2586805555557,137878.0164930556,1352,19,573.0,37,4,18,29.57626413838988,0.6798986486486487,39.0625,1043.7500000000002,28.209459459459467,0
1389,4,0,0,40,0.0,0.0,1.0,40,750,400,350,0.5333333333333333,11,4,7,364.5496433867667,0.7382211538461538,0.17594537815126077,0.24371577282598422,136205.3708833486,1930.7238765773957,138136.094759926,1353,20,580.45,37,3,18,29.521621148459374,0.6801801801801801,39.03508771929824,1043.859649122806,28.21242294926503,0
1390,4,0,0,40,0.0,0.0,1.0,40,1050,600,450,0.5714285714285714,15,6,9,368.4822236843956,0.7384882478632478,0.17263804325005272,0.24754313560067367,136377.11242882424,2050.5083294859965,138427.62075831025,1354,21,581.45,37,3,19,29.248460354118563,0.6818693693693694,38.87061403508772,1044.517543859649,28.230203888098625,0
1391,4,0,0,40,0.0,0.0,1.0,40,750,400,350,0.5333333333333333,11,4,7,357.31268020624407,0.7378472222222222,0.07740045040434063,0.2385910849579488,136162.81920017878,1730.9732000555682,137893.79240023435,1355,22,582.45,38,2,20,29.7527041321186,0.677905701754386,39.07585470085469,1043.6965811965797,27.46569950517315,3
1392,4,0,0,40,0.0,0.0,1.0,40,1200,800,400,0.6666666666666666,16,8,8,361.6031708886021,0.7373397435897436,0.08233578882750159,0.24240805159569226,136302.23742603525,1857.4642504930703,138159.70167652832,1356,23,583.45,38,2,21,29.502378759975443,0.6792763157894738,38.94230769230768,1044.2307692307672,27.47975708502019,0
1393,4,0,0,40,0.0,0.0,1.0,40,1550,1300,250,0.8387096774193549,18,13,5,360.58588224445793,0.7378472222222222,0.08786430105327714,0.24268199191111867,136441.72699110597,1839.7921004090833,138281.51909151505,1357,24,584.45,38,2,22,29.39057333742373,0.6806469298245614,38.80876068376068,1044.764957264957,27.49381466486729,0
1394,4,0,0,40,0.0,0.0,1.0,40,1150,900,250,0.782608695652174,14,9,5,356.1883365275497,0.7375534188034188,0.08025454917194841,0.24029202123534418,136525.454972971,1725.7549400978855,138251.2099130689,1358,25,585.45,38,2,22,29.42245110066107,0.6814692982456141,38.72863247863248,1045.08547008547,27.502249212775524,0
1395,4,0,0,40,0.0,0.0,1.0,40,800,600,200,0.75,10,6,4,359.98150318720127,0.7360309829059829,0.08261369443025024,0.24342909527897486,136609.20863695303,1835.3576548688711,138444.5662918219,1359,26,586.45,38,2,22,29.240333844319537,0.6822916666666666,38.64850427350427,1045.405982905983,27.51068376068376,0
1396,4,0,0,40,0.0,0.0,1.0,40,800,600,200,0.75,10,6,4,360.27518635150307,0.7352564102564103,0.08459534028203608,0.24382109084618303,136637.13223208408,1845.3936554898037,138482.5258875739,1360,27,587.45,38,2,22,29.20498671571633,0.6825657894736843,38.62179487179487,1045.5128205128199,27.513495276653156,0
1397,4,0,0,40,0.0,0.0,1.0,40,1150,1100,50,0.9565217391304348,12,11,1,360.23628972301054,0.7347222222222223,0.08079285161004734,0.2445871788299657,136751.18319455147,1852.624816198463,138603.80801074993,1361,28,588.45,35,5,22,29.09301113938992,0.6895833333333334,38.512731481481474,1045.949074074073,29.884259259259228,0
1398,4,0,0,40,0.0,0.0,1.0,40,900,700,200,0.7777777777777778,11,7,4,361.4297197954561,0.7329059829059829,0.08205121114920866,0.24624612635046883,136872.26890700034,1893.941159765104,138766.21006676543,1362,29,589.45,35,5,22,28.941880507318515,0.6907738095238094,38.39699074074075,1046.4120370370383,29.897486772486808,0
1399,4,0,0,40,0.0,0.0,1.0,40,900,800,100,0.8888888888888888,10,8,2,363.08066945290875,0.73258547008547,0.08049043459029104,0.24779913161227615,136932.83185710324,1943.5328521519423,138876.3647092552,1363,30,590.45,35,5,22,28.838719635814076,0.6913690476190475,38.33912037037038,1046.64351851852,29.904100529100575,0
1400,4,0,0,40,0.0,0.0,1.0,40,950,600,350,0.631578947368421,13,6,7,366.54148572204844,0.729326923076923,0.08655376284672345,0.251465800174285,137114.60108292624,2051.6379190243647,139166.2390019506,1364,31,591.45,35,5,20,28.568188934320553,0.6931547619047618,38.16550925925927,1047.337962962964,29.923941798941826,0
1401,4,0,0,40,0.0,0.0,1.0,40,1300,900,400,0.6923076923076923,17,9,8,366.79476876806314,0.7288728632478633,0.08238471460819086,0.25220190198442705,137192.4220462019,2064.292544233456,139256.71459043535,1365,32,592.45,36,4,20,28.484539037586455,0.6918402777777777,38.09121621621623,1047.6351351351375,29.10097597597604,0
1402,4,0,0,40,0.0,0.0,1.0,40,1250,900,350,0.72,16,9,7,368.0177599120037,0.727857905982906,0.08313366283442569,0.25390224547820767,137310.42433903506,2106.534955563685,139416.95929459875,1366,33,593.45,36,4,20,28.335750868521906,0.6929976851851851,37.97860360360361,1048.0855855855864,29.11348848848851,0
1403,4,0,0,40,0.0,0.0,1.0,40,950,600,350,0.631578947368421,13,6,7,372.3162440395911,0.7269230769230769,0.0821052631578949,0.2575233456172803,137398.95934786147,2231.1728958688545,139630.13224373033,1367,34,594.45,36,4,20,28.135517364840684,0.6938657407407407,37.89414414414415,1048.423423423424,29.12287287287289,0
1404,4,0,0,40,0.0,0.0,1.0,40,850,400,450,0.47058823529411764,13,4,9,372.3162440395911,0.7261485042735043,0.0821052631578949,0.2575233456172803,137398.95934786147,2231.1728958688545,139630.13224373033,1368,35,595.45,36,4,20,28.135517364840684,0.6938657407407407,37.89414414414415,1048.423423423424,29.12287287287289,0
1405,4,0,0,40,0.0,0.0,1.0,40,700,600,100,0.8571428571428571,8,6,2,371.0777963992314,0.7244925213675214,0.07510736525660322,0.25754236927439994,137517.0504118987,2205.904806833897,139722.9552187326,1369,36,596.45,36,4,21,28.051186386085462,0.6950231481481479,37.78153153153155,1048.8738738738762,29.135385385385447,0
1406,4,0,0,40,0.0,0.0,1.0,40,1300,1100,200,0.8461538461538461,15,11,4,371.3988478441973,0.7233974358974359,0.07765643447461623,0.2584259197434195,137605.65199912759,2221.316121865114,139826.9681209927,1370,37,597.45,36,4,21,27.95517155021287,0.6958912037037037,37.697072072072075,1049.2117117117123,29.144769769769784,0
1407,4,0,0,40,0.0,0.0,1.0,40,800,500,300,0.625,11,5,6,368.17334082410804,0.7227831196581197,0.07524141630901315,0.2568394862635246,137694.28211995782,2139.072772096427,139833.35489205425,1371,38,598.45,36,4,22,27.95220851216023,0.6967592592592593,37.612612612612615,1049.5495495495497,29.15415415415416,0
1408,4,0,0,40,0.0,0.0,1.0,40,1400,1100,300,0.7857142857142857,17,11,6,364.2061108755184,0.7221688034188034,0.0706246648793567,0.25516318436620655,137842.06239601082,2040.5842920623272,139882.64668807315,1372,39,599.45,36,4,22,27.910411081322604,0.6982060185185186,37.471846846846844,1050.1126126126123,29.169794794794786,0
1409,4,0,0,40,0.0,0.0,1.0,40,950,500,450,0.5263157894736842,14,5,9,362.44302855708725,0.7222489316239317,0.06783722925155455,0.2541461416784509,137871.62796242192,1994.1220781592447,139865.75004058116,1373,40,600.45,36,4,22,27.9275234112517,0.6984953703703703,37.443693693693696,1050.2252252252256,29.172922922922933,0
1410,4,0,0,40,0.0,0.0,1.0,40,1150,800,350,0.6956521739130435,15,8,7,363.7125398745022,0.7223824786324786,0.06641923035695196,0.2556951231717579,137960.34368405552,2035.5814006574033,139995.92508471292,1374,41,601.45,36,4,22,27.806660235109156,0.6993634259259259,37.35923423423423,1050.563063063062,29.182307307307276,0
1411,4,0,0,40,0.0,0.0,1.0,40,1000,600,400,0.6,14,6,8,363.92946834584666,0.721207264957265,0.06946009389671359,0.25667873098564664,138071.66778479906,2049.669730109253,140121.33751490831,1375,42,602.45,37,3,16,27.691162406537988,0.6984797297297297,37.253289473684205,1050.9868421052624,28.405049786628716,0
1412,4,0,0,40,0.0,0.0,1.0,40,1000,700,300,0.7,13,7,6,366.85639845626883,0.7194978632478632,0.06977526332255701,0.2596152033060637,138186.93161597798,2138.9520092720813,140325.88362525008,1376,43,603.45,37,3,17,27.5005866096569,0.6996058558558559,37.14364035087719,1051.4254385964912,28.416903745851112,0
1413,4,0,0,40,0.0,0.0,1.0,40,1200,700,500,0.5833333333333334,17,7,10,367.75975358782836,0.7197115384615385,0.07484363598457211,0.26113392421673126,138302.24353887743,2172.3998009002835,140474.64333977771,1377,44,604.45,37,3,17,27.363159769276205,0.7007319819819819,37.03399122807018,1051.86403508772,28.42875770507351,0
1414,4,0,0,40,0.0,0.0,1.0,40,1200,1100,100,0.9166666666666666,13,11,2,368.15998431526305,0.7196581196581197,0.07400990099009896,0.2618602705340956,138359.91753472234,2187.717013888899,140547.63454861124,1378,45,605.45,37,3,17,27.295792079207917,0.701295045045045,36.97916666666667,1052.0833333333342,28.434684684684708,0
1415,4,0,0,40,0.0,0.0,1.0,40,1100,700,400,0.6363636363636364,15,7,8,366.9622825218455,0.7188034188034188,0.07922872617435672,0.2623384120991989,138533.0116598377,2167.278032663905,140700.28969250162,1379,46,606.45,37,3,17,27.156784883519077,0.7029842342342342,36.814692982456144,1052.741228070176,28.452465623518272,0
1416,4,0,0,40,0.0,0.0,1.0,40,1200,900,300,0.75,15,9,6,365.52515563330553,0.7175747863247863,0.0846606287736833,0.26242411397709525,138677.3394217452,2138.0112149892316,140815.35063673442,1380,47,607.45,37,3,18,27.052536609063786,0.7043918918918919,36.67763157894737,1053.2894736842109,28.46728307254624,0
1417,4,0,0,40,0.0,0.0,1.0,40,850,600,250,0.7058823529411765,11,6,5,364.1411091645109,0.7175213675213675,0.0782889258950874,0.2618763306027412,138735.09156663597,2103.8300246229687,140838.92159125893,1381,48,608.45,37,3,19,27.03216069941715,0.704954954954955,36.62280701754386,1053.5087719298253,28.47321005215744,0
1418,4,0,0,40,0.0,0.0,1.0,40,1350,1000,350,0.7407407407407407,17,10,7,365.1303200481459,0.7153846153846154,0.07960930184164039,0.2632608781682467,138821.74232696596,2137.6054410972592,140959.34776806322,1382,49,609.45,37,3,19,26.9208675822842,0.7057995495495495,36.540570175438596,1053.8377192982452,28.482100521574196,0
1419,4,0,0,40,0.0,0.0,1.0,40,950,700,250,0.7368421052631579,12,7,5,355.896963047565,0.7153846153846154,0.09302915082382768,0.22829488117441385,134721.47680055414,1608.1516668590461,136329.6284674132,1383,50,610.45,37,3,19,31.223595268272085,0.6655405405405406,40.46052631578948,1038.157894736843,28.058321479374136,6
1420,4,0,0,40,0.0,0.0,1.0,40,650,400,250,0.6153846153846154,9,4,5,358.64467139913893,0.7163194444444444,0.10123271037905202,0.23059902802588217,134806.86515322025,1669.552771044941,136476.4179242652,1384,51,611.45,37,3,16,31.06709516770493,0.6663851351351351,40.37828947368421,1038.4868421052633,28.067211948790902,0
1421,4,0,0,40,0.0,0.0,1.0,40,850,700,150,0.8235294117647058,10,7,3,360.1437472587911,0.7147702991452991,0.09819261213720343,0.23229149116930198,134920.75837036403,1718.1735005001663,136638.93187086418,1385,52,612.45,37,3,17,30.91457783641162,0.6675112612612611,40.2686403508772,1038.9254385964919,28.079065908013295,0
1422,4,0,0,40,0.0,0.0,1.0,40,750,400,350,0.5333333333333333,11,4,7,360.2551673054283,0.7146367521367522,0.09998944702406098,0.2325461829282181,134949.23918898133,1723.2321483533538,136672.4713373347,1386,53,613.45,37,3,18,30.883284086112283,0.6677927927927927,40.241228070175445,1039.035087719299,28.082029397818893,0
1423,4,0,0,40,0.0,0.0,1.0,40,1000,500,500,0.5,15,5,10,326.3280549371403,0.715892094017094,0.07115305386754578,0.2080314566897371,134495.36494859017,779.6534702859148,135275.01841887608,1387,54,614.45,38,2,18,32.216028083908405,0.6614583333333333,40.67841880341881,1037.2863247863254,27.297008547008563,8
1424,4,0,0,40,0.0,0.0,1.0,40,1450,1100,350,0.7586206896551724,18,11,7,326.1356749473212,0.7154380341880342,0.07236270892120666,0.20839210186994597,134579.99173159667,778.2901161063216,135358.281847703,1388,55,615.45,36,4,21,32.13678460314016,0.6660879629629628,40.59684684684686,1037.6126126126144,28.82257257257262,0
1425,4,0,0,40,0.0,0.0,1.0,40,850,500,350,0.5882352941176471,12,5,7,321.71176075724975,0.7134081196581197,0.07062316954116521,0.20639253461524634,134726.09169558098,668.5936358656237,135394.6853314466,1389,56,616.45,36,4,21,32.10624796615684,0.6675347222222221,40.456081081081095,1038.1756756756777,28.83821321321327,0
1426,4,0,0,40,0.0,0.0,1.0,40,1200,800,400,0.6666666666666666,16,8,8,321.07953217017877,0.712767094017094,0.06773476469312523,0.20648503805253793,134813.78971877307,657.1897065985186,135470.9794253716,1390,57,617.45,36,4,15,32.035485794838436,0.6684027777777777,40.371621621621635,1038.5135135135154,28.847597597597648,0
1427,4,0,0,40,0.0,0.0,1.0,40,850,700,150,0.8235294117647058,10,7,3,321.97636621352643,0.7116185897435897,0.07126558265582639,0.2075633807351352,134901.51627556622,687.020001420353,135588.53627698656,1391,58,618.45,36,4,16,31.925022583559173,0.6692708333333333,40.28716216216217,1038.8513513513524,28.85698198198201,0
1428,4,0,0,40,0.0,0.0,1.0,40,1050,900,150,0.8571428571428571,12,9,3,320.2658851112255,0.7089476495726496,0.07361785186748282,0.20705866705894915,135006.20984341338,647.5766582025283,135653.78650161592,1392,59,619.45,37,3,17,31.86546036435254,0.6683558558558558,40.18640350877193,1039.2543859649124,28.087956377430068,0
1429,4,1,1,40,0.024390243902439025,0.024390243902439025,0.975609756097561,41,1200,700,500,0.5833333333333334,17,7,10,310.0076316887956,0.7165650406504065,0.07355636800721221,0.20237763623651953,135355.6002995106,192.25381693331028,135547.85411644392,1393,0,605.3170731707318,38,3,18,31.785592060232723,0.6699561403508771,39.85042735042735,1040.598290598291,27.384165542060288,0
1430,4,0,0,40,0.0,0.0,1.0,40,900,700,200,0.7777777777777778,11,7,4,316.5655396293399,0.7066773504273505,0.07440432261465446,0.20580014690776494,135205.70181450067,560.293191174212,135765.9950056749,1394,61,621.45,37,3,18,31.763639957828147,0.6703265765765766,39.99451754385965,1040.021929824562,28.108700806069244,0
1431,4,0,0,40,0.0,0.0,1.0,40,850,600,250,0.7058823529411765,11,6,5,314.70364587307586,0.7064102564102565,0.07481515711645081,0.2051261113461858,135300.0184911244,515.8818211702969,135815.90031229472,1395,62,622.45,38,2,18,31.718525364551237,0.669407894736842,39.90384615384616,1040.3846153846166,27.37854251012149,0
1432,4,0,0,40,0.0,0.0,1.0,40,1200,700,500,0.5833333333333334,17,7,10,316.8206574204919,0.7049679487179488,0.07407616505850956,0.2071454258114385,135411.1935221712,580.2126707575538,135991.40619292876,1396,63,623.45,38,2,18,31.553240265517005,0.6705043859649122,39.79700854700855,1040.8119658119667,27.389788573999123,0
1433,4,0,1,39,0.0,0.025,0.975,40,750,400,350,0.5333333333333333,11,4,7,319.76011753326196,0.7041132478632479,0.07253745126205646,0.20971615783843695,135522.4142103149,666.9326192563459,136189.34682957124,1397,64,624.45,38,2,18,31.36650078664752,0.6716008771929824,39.690170940170944,1041.2393162393166,27.40103463787675,0
1434,4,0,0,39,0.0,0.0,1.0,39,1000,700,300,0.7,13,7,6,320.00000000000006,0.6993364822312191,0.07343589743589729,0.21052631578947362,135633.68055555547,880.5555555555466,136514.236111111,1398,65,627.6923076923077,37,2,20,31.249999999999996,0.6745495495495495,39.58333333333333,1041.666666666666,28.153153153153138,0
1435,4,0,0,39,0.0,0.0,1.0,39,950,500,450,0.5263157894736842,14,5,9,323.0776833996531,0.7006860098965363,0.07310282310282323,0.21323127104377118,135747.92243767323,971.424861495859,136719.34729916908,1399,66,628.6923076923077,37,2,21,31.056660353535367,0.6756756756756757,39.47368421052632,1042.1052631578955,28.165007112375555,0
1436,4,0,0,39,0.0,0.0,1.0,39,1000,700,300,0.7,13,7,6,321.84618225772914,0.7005735492577598,0.06924641387086172,0.21275867931446282,135805.0614131273,941.6681094183004,136746.7295225456,1400,67,629.6923076923077,37,2,21,31.03215513009328,0.6762387387387387,39.418859649122815,1042.32456140351,28.170934091986755,0
1437,4,0,0,39,0.0,0.0,1.0,39,1700,1400,300,0.8235294117647058,20,14,6,318.28285620320696,0.6963000449842556,0.0709594836762466,0.21192871775881858,136062.3355864305,861.261758425676,136923.59734485619,1401,68,630.6923076923077,37,2,16,30.870445787353308,0.6787725225225225,39.17214912280702,1043.3114035087724,28.197605500237092,0
1438,4,0,0,39,0.0,0.0,1.0,39,600,400,200,0.6666666666666666,8,4,4,319.33297536009803,0.6960188933873145,0.06923831387891943,0.21279920122735932,136090.93663434897,891.6647429978393,136982.60137734681,1402,69,631.6923076923077,37,2,16,30.814768109850085,0.6790540540540541,39.14473684210526,1043.4210526315785,28.20056899004266,0
1439,4,0,0,39,0.0,0.0,1.0,39,1100,800,300,0.7272727272727273,14,8,6,320.574994703764,0.6969185784975259,0.06993104934281424,0.2143169908412802,136205.37088334846,932.807209910714,137138.17809325916,1403,70,632.6923076923077,37,2,16,30.66920518207283,0.6801801801801803,39.03508771929823,1043.859649122805,28.212422949264997,0
1440,4,0,0,39,0.0,0.0,1.0,39,550,300,250,0.5454545454545454,8,3,5,321.2618818024484,0.6977620332883491,0.06984829755547128,0.21494971023479312,136233.98695992975,953.3574032394322,137187.3443631692,1404,71,633.6923076923077,37,2,16,30.62298690613731,0.6804617117117118,39.00767543859648,1043.9692982456122,28.2153864390706,0
1441,4,0,0,39,0.0,0.0,1.0,39,950,600,350,0.631578947368421,13,6,7,338.37402128797464,0.6978182636077374,-0.010890438859746387,0.22316285238614594,135721.67342595966,1651.2035047910906,137372.87693075076,1405,72,634.6923076923077,36,3,22,30.684192514139546,0.6773726851851853,39.49887387387387,1042.004504504504,28.944569569569556,7
1442,4,0,0,39,0.0,0.0,1.0,39,1050,900,150,0.8571428571428571,12,9,3,338.95162601376876,0.6980994152046784,-0.009536078903987999,0.22391129898339962,135780.35119156315,1404.5941634201727,137184.94535498333,1406,73,635.6923076923077,36,3,22,30.610931028273015,0.677951388888889,39.442567567567565,1042.2297297297293,28.950825825825817,0
1443,4,0,0,39,0.0,0.0,1.0,39,850,600,250,0.7058823529411765,11,6,5,343.3417491272575,0.6960751237067027,-0.00650093167099941,0.2279346192593212,135956.46057797657,1535.905795998697,137492.36637397527,1407,74,636.6923076923077,36,3,18,30.32182449699457,0.6796875,39.273648648648646,1042.905405405405,28.969594594594582,0
1444,4,0,0,39,0.0,0.0,1.0,39,1000,700,300,0.7,13,7,6,343.81772180312106,0.6973121907332434,0.0008524866037822321,0.22881662175173198,136044.5580715849,1554.9060039769288,137599.46407556185,1408,75,637.6923076923077,36,3,18,30.222051309729423,0.6805555555555557,39.18918918918918,1043.2432432432417,28.978978978978937,0
1445,4,0,0,39,0.0,0.0,1.0,39,1250,1000,250,0.8,15,10,5,342.62736684381815,0.6970310391363023,0.0008908513440240018,0.22878029077150577,136162.06578199795,1530.570012580121,137692.63579457806,1409,76,638.6923076923077,36,3,18,30.136626025032367,0.6817129629629631,39.076576576576564,1043.6936936936916,28.99149149149143,0
1446,4,0,0,39,0.0,0.0,1.0,39,750,500,250,0.6666666666666666,10,5,5,341.0059175156821,0.696693657219973,0.009668970514618458,0.2282646831254792,136250.2298540093,1492.426928617795,137742.65678262708,1410,77,639.6923076923077,36,3,19,30.091593858986794,0.6825810185185186,38.99211711711711,1044.0315315315306,29.00087587587585,0
1447,4,0,0,39,0.0,0.0,1.0,39,1000,700,300,0.7,13,7,6,339.6696087218796,0.6968061178587495,0.0059007817014935515,0.22774810424280467,136309.02175401748,1460.0064168898555,137769.02817090735,1411,78,640.6923076923077,36,3,19,30.068253711492133,0.6831597222222223,38.93581081081081,1044.2567567567564,29.007132132132124,0
1448,4,0,0,39,0.0,0.0,1.0,39,900,600,300,0.6666666666666666,12,6,6,339.6696087218796,0.6968061178587495,0.0059007817014935515,0.22774810424280467,136309.02175401748,1460.0064168898555,137769.02817090735,1412,79,641.6923076923077,36,3,19,30.068253711492133,0.6831597222222223,38.93581081081081,1044.2567567567564,29.007132132132124,0
1449,4,0,0,39,0.0,0.0,1.0,39,650,200,450,0.3076923076923077,11,2,9,340.4548598113053,0.6970310391363023,0.008127193265732302,0.22908572770353902,136434.38365650948,1489.9497922437424,137924.33344875323,1413,80,642.6923076923077,37,2,20,29.92364609571788,0.6824324324324326,38.8157894736842,1044.7368421052615,28.23613086770977,0
1450,4,0,0,39,0.0,0.0,1.0,39,1000,500,500,0.5,15,5,10,338.72078573065033,0.6957377417903734,0.008145302731958015,0.2286605190923906,136548.96218067082,1450.394352108324,137999.35653277914,1414,81,643.6923076923077,37,2,20,29.85557420618268,0.6835585585585586,38.706140350877185,1045.17543859649,28.247984826932164,0
1451,4,0,1,38,0.0,0.02564102564102564,0.9743589743589743,39,950,700,250,0.7368421052631579,12,7,5,337.96216902539834,0.6960188933873145,0.00876754180718975,0.22851995173674802,136606.2694771467,1433.550226992907,138039.8197041396,1415,82,644.6923076923077,37,2,21,29.818718970701337,0.6841216216216217,38.65131578947368,1045.3947368421045,28.253911806543364,0
1452,4,0,0,38,0.0,0.0,1.0,38,1000,700,300,0.7,13,7,6,339.4657296580183,0.6900782361308677,0.023344880568328064,0.22951641430556316,136603.1714780659,1674.4190558802059,138277.5905339461,1416,83,660.0263157894736,36,2,21,29.782487701533267,0.6860532407407407,38.65427927927928,1045.382882882883,29.038413413413416,0
1453,4,0,0,38,0.0,0.0,1.0,38,1250,800,450,0.64,17,8,9,338.56605450707116,0.6905820293978189,0.024847976514992265,0.22967589103047278,136720.920138889,1657.863226402088,138378.78336529108,1417,84,661.0263157894736,35,3,22,29.689575033200523,0.6892857142857143,38.54166666666667,1045.8333333333342,29.880952380952404,0
1454,4,0,0,38,0.0,0.0,1.0,38,750,400,350,0.5333333333333333,11,4,7,337.9121309421254,0.6914710763394974,0.031625523986958504,0.23002452287024214,136841.99245541848,1648.1138545953472,138490.10631001383,1418,85,662.0263157894736,35,3,23,29.587020648967545,0.6904761904761905,38.42592592592593,1046.296296296297,29.894179894179914,0
1455,4,0,0,38,0.0,0.0,1.0,38,750,400,350,0.5333333333333333,11,4,7,349.03657247443766,0.6914710763394974,0.022528390415708976,0.22513245883107286,134921.57206632648,1825.3713239410922,136746.94339026758,1419,86,663.0263157894736,34,4,20,31.202255452427337,0.6737132352941178,40.26785714285714,1038.9285714285709,30.556722689075613,3
1456,4,0,0,38,0.0,0.0,1.0,38,1250,1000,250,0.8,15,10,5,350.0719694434932,0.6927453769559033,0.015674926146982182,0.22637987357345882,135014.34948979583,1852.9478458049791,136867.2973356008,1420,87,664.0263157894736,34,4,20,31.082951508209256,0.6746323529411765,40.17857142857142,1039.2857142857138,30.567226890756288,0
1457,4,0,0,38,0.0,0.0,1.0,38,800,700,100,0.875,9,7,2,349.47731628130674,0.6930713608345187,0.014249742474533589,0.2273554216194919,135230.95415249435,1852.0301870748299,137082.98433956917,1421,88,665.0263157894736,34,4,21,30.882787760863767,0.6767769607843137,39.970238095238095,1040.1190476190477,30.591736694677873,0
1458,4,0,0,38,0.0,0.0,1.0,38,1100,900,200,0.8181818181818182,13,9,4,349.70604298864856,0.692271218587008,0.014025914714475451,0.22795559248911976,135302.3341719178,1863.2087780778388,137165.54294999567,1422,89,666.0263157894736,35,3,21,30.805822857566653,0.675297619047619,39.90162037037037,1040.3935185185182,29.725529100529094,0
1459,4,0,0,38,0.0,0.0,1.0,38,1350,900,450,0.6666666666666666,18,9,9,347.61583497022525,0.6924193930772878,0.014332579636516574,0.22701893505016627,135369.87314595009,1811.342296688587,137181.21544263867,1423,90,667.0263157894736,36,2,21,30.79302384301843,0.673900462962963,39.836711711711715,1040.6531531531537,28.907032032032046,0
1460,4,0,0,38,0.0,0.0,1.0,38,1050,800,250,0.7619047619047619,13,8,5,350.00705640272747,0.6926564722617354,0.01161334039415296,0.22895366046216656,135428.47482195043,1880.1843651083634,137308.6591870588,1424,91,668.0263157894736,36,2,21,30.672535973168884,0.6744791666666666,39.78040540540541,1040.8783783783792,28.913288288288314,0
1461,4,0,0,38,0.0,0.0,1.0,38,500,300,200,0.6,7,3,4,350.96105774019986,0.6931009957325747,0.015540148229105988,0.23014084679899918,135516.4011139519,1912.195895219556,137428.59700917144,1425,92,669.0263157894736,36,2,22,30.56028733145866,0.6753472222222222,39.69594594594595,1041.216216216217,28.922672672672693,0
1462,4,0,1,37,0.0,0.02631578947368421,0.9736842105263158,38,750,400,350,0.5333333333333333,11,4,7,351.7091884080803,0.6924193930772878,0.010985210712760374,0.23158819471475647,135664.68431122456,1943.0046557520068,137607.68896697657,1426,93,670.0263157894736,34,4,23,30.393431226907385,0.6810661764705881,39.55357142857143,1041.785714285715,30.640756302521027,0
1463,4,0,0,37,0.0,0.0,1.0,37,950,800,150,0.8421052631578947,11,8,3,353.44804109165335,0.6919419419419419,0.021658492551118957,0.233155057672795,135729.43887266918,2194.6608576028466,137924.09973027202,1427,94,685.0540540540541,33,4,23,30.283796895213445,0.6840277777777777,39.49142156862745,1042.0343137254904,31.57679738562092,0
1464,4,0,0,37,0.0,0.0,1.0,37,950,500,450,0.5263157894736842,14,5,9,354.16778043398807,0.6907532532532532,0.0219114011730992,0.2342574759231341,135825.23098087285,2220.984116685905,138046.21509755874,1428,95,686.0540540540541,33,4,23,30.169880084646145,0.6849747474747474,39.399509803921575,1042.4019607843145,31.58793820558529,0
1465,4,0,0,37,0.0,0.0,1.0,37,600,400,200,0.6666666666666666,8,4,4,355.55683757028146,0.6901276276276276,0.023519993900812164,0.23559794190404632,135889.11115916955,2263.2605247981514,138152.3716839677,1429,96,687.0540540540541,33,4,20,30.070228020686404,0.6856060606060606,39.338235294117645,1042.6470588235293,31.595365418894826,0
1466,4,0,0,37,0.0,0.0,1.0,37,700,500,200,0.7142857142857143,9,5,4,355.02399973147163,0.6880005005005005,0.023064417801260007,0.23609095982142858,136016.9165705497,2257.8539504036826,138274.7705209534,1430,97,688.0540540540541,33,4,20,29.957217261904777,0.6868686868686869,39.2156862745098,1043.1372549019602,31.610219845513946,0
1467,4,0,0,37,0.0,0.0,1.0,37,850,700,150,0.8235294117647058,10,7,3,355.3378539038272,0.6866866866866866,0.024671606066954732,0.23672507731902867,136080.84180363332,2270.9348567858556,138351.7766604192,1431,98,689.0540540540541,33,4,20,29.885580612324794,0.6875,39.154411764705884,1043.382352941177,31.617647058823547,0
1468,4,0,1,36,0.0,0.02702702702702703,0.972972972972973,37,1100,700,400,0.6363636363636364,15,7,8,355.9315639601726,0.6866866866866866,0.02757289934368412,0.23754805632326237,136144.78205497874,2291.6450403690756,138436.4270953478,1432,99,690.0540540540541,33,4,20,29.806638484421487,0.6881313131313131,39.093137254901954,1043.6274509803911,31.625074272133066,0
1469,4,0,0,36,0.0,0.0,1.0,36,750,600,150,0.8,9,6,3,357.21226214669906,0.685515873015873,0.042216172615446856,0.2382856615530643,136127.34231519746,2525.2711776859505,138652.6134928834,1433,100,704.5277777777778,32,4,20,29.79053236539624,0.6904296875,39.109848484848484,1043.5606060606062,32.611268939393945,0
1470,4,0,0,36,0.0,0.0,1.0,36,950,500,450,0.5263157894736842,14,5,9,355.8487885907779,0.6840939153439154,0.03737836216117474,0.23792150558997252,136208.7373245868,2493.94283448675,138702.68015907356,1434,101,705.5277777777778,33,3,21,29.745343194803173,0.6887626262626263,39.031862745098046,1043.8725490196089,31.632501485442692,0
1471,4,0,0,36,0.0,0.0,1.0,36,1300,1000,300,0.7692307692307693,16,10,6,357.2238959893035,0.6835978835978836,0.030495913019671805,0.2399227159587734,136368.69120350346,2542.831032535557,138911.52223603902,1435,102,706.5277777777778,33,3,21,29.55079881888224,0.6903409090909092,38.87867647058823,1044.485294117647,31.65106951871658,0
1472,4,0,0,36,0.0,0.0,1.0,36,500,400,100,0.8,6,4,2,356.47627278494286,0.6836309523809524,0.03096902464351725,0.23948873027680628,136378.74858276654,2523.1575963718847,138901.90617913843,1436,103,707.5277777777778,34,2,21,29.56034875769318,0.6881127450980392,38.86904761904762,1044.52380952381,30.72128851540618,0
1473,4,0,0,36,0.0,0.0,1.0,36,500,500,0,1.0,5,5,0,356.9159341239113,0.6830687830687832,0.03442545109211825,0.23999519708331982,136409.83737244896,2537.3689058956943,138947.20627834465,1437,104,708.5277777777778,34,2,21,29.518043684710353,0.6884191176470589,38.839285714285715,1044.642857142857,30.724789915966387,0
1474,4,0,0,36,0.0,0.0,1.0,36,1250,1000,250,0.8,15,10,5,354.6800159744002,0.6812830687830689,0.026625908204855664,0.2391229785117731,136503.12500000003,2482.9861111111118,138986.11111111115,1438,105,709.5277777777778,34,2,21,29.48398458266878,0.6893382352941176,38.75,1045.0000000000002,30.735294117647065,0
1475,4,0,0,36,0.0,0.0,1.0,36,1250,1000,250,0.8,15,10,5,356.59608072165025,0.6811838624338625,0.032825407668855444,0.24147905759277208,136658.67524092968,2546.3895975056653,139205.06483843533,1439,106,710.5277777777778,34,2,21,29.279811378040907,0.6908700980392157,38.601190476190474,1045.5952380952378,30.752801120448172,0
1476,4,0,0,36,0.0,0.0,1.0,36,800,700,100,0.875,9,7,2,356.7190125176236,0.6820436507936508,0.0272346275062032,0.24244602286370054,136786.95294166403,2558.929700400201,139345.88264206424,1440,107,711.5277777777778,32,4,21,29.149567491450426,0.6969401041666667,38.47853535353535,1046.0858585858577,32.690183080808055,0
1477,4,0,1,35,0.0,0.027777777777777776,0.9722222222222222,36,800,500,300,0.625,11,5,6,357.16582683512775,0.6812169312169313,0.03151722289237391,0.24389659839070899,136952.10469594933,2582.9223421079373,139535.02703805728,1441,108,712.5277777777778,32,4,21,28.974416968234813,0.6985677083333334,38.320707070707066,1046.7171717171711,32.7099116161616,0
1478,4,0,0,35,0.0,0.0,1.0,35,1150,800,350,0.6956521739130435,15,8,7,347.3723305853174,0.6768907563025209,0.032586818097814385,0.22914716268168758,135729.43887266915,2429.7303020472914,138159.16917471646,1442,109,717.1142857142858,33,2,23,30.442074365910074,0.6840277777777777,39.49142156862745,1042.0343137254902,31.576797385620914,2
1479,4,0,0,35,0.0,0.0,1.0,35,700,500,200,0.7142857142857143,9,5,4,346.9059421766979,0.6758403361344537,0.027419165196942874,0.22924903171816757,135793.2965235728,2421.5002943579534,138214.79681793074,1443,110,718.1142857142858,33,2,23,30.390824025083287,0.6846590909090908,39.430147058823536,1042.2794117647068,31.584224598930508,0
1480,4,0,0,35,0.0,0.0,1.0,35,750,500,250,0.6666666666666666,10,5,5,346.1790626044027,0.6757002801120447,0.025864095932283337,0.22897349195280334,135825.23098087285,2403.9702277970146,138229.20120866987,1444,111,719.1142857142858,33,2,23,30.378066462888956,0.6849747474747474,39.399509803921575,1042.4019607843145,31.58793820558529,0
1481,4,0,0,35,0.0,0.0,1.0,35,900,500,400,0.5555555555555556,13,5,8,345.219701354974,0.6776610644257702,0.02325604821785343,0.22895358057907064,135921.05688016638,2384.5253328047,138305.5822129711,1445,112,720.1142857142858,33,2,21,30.307982724174394,0.6859217171717171,39.30759803921569,1042.769607843138,31.599079025549635,0
1482,4,0,0,35,0.0,0.0,1.0,35,1100,900,200,0.8181818181818182,13,9,4,345.9341189873726,0.6770308123249299,0.030507962611803663,0.23025310046438657,136048.8773098088,2412.7897022779753,138461.66701208678,1446,113,721.1142857142858,33,2,21,30.16256999099416,0.6871843434343434,39.185049019607845,1043.259803921569,31.61393345216876,0
1483,4,0,0,35,0.0,0.0,1.0,35,1250,900,350,0.72,16,9,7,345.8539972227733,0.6740896358543417,0.03446009389671367,0.23165692266808396,136272.70761245672,2426.092128027679,138698.7997404844,1447,114,722.1142857142858,33,2,21,29.94278169014085,0.6893939393939394,38.970588235294116,1044.1176470588234,31.639928698752225,0
1484,4,0,0,35,0.0,0.0,1.0,35,900,700,200,0.7777777777777778,11,7,4,345.3035894764562,0.6735994397759103,0.03290693580565707,0.23149739464428665,136304.69838824015,2413.3003231930134,138717.99871143317,1448,115,723.1142857142858,33,2,21,29.925453780855154,0.6897095959595959,38.93995098039216,1044.2401960784318,31.643642305407024,0
1485,4,0,0,35,0.0,0.0,1.0,35,1200,800,400,0.6666666666666666,16,8,8,340.2307709693363,0.6744397759103641,0.004138516270113302,0.22461388906980173,135757.7168367347,2237.7905328798206,137995.50736961453,1449,116,724.1142857142858,34,1,22,30.600059020638184,0.6819852941176471,39.464285714285715,1042.1428571428573,30.651260504201687,2
1486,4,0,0,35,0.0,0.0,1.0,35,900,700,200,0.7777777777777778,11,7,4,340.5445725555863,0.6740896358543417,0.00117483886758607,0.2250164326584269,135788.7347647391,2248.4233276643863,138037.1580924035,1450,117,725.1142857142858,34,1,22,30.561107938320966,0.6822916666666667,39.4345238095238,1042.261904761904,30.65476190476188,0
1487,4,0,0,35,0.0,0.0,1.0,35,1000,800,200,0.8,12,8,4,339.19283324088104,0.6738795518207282,0.0007372850944442622,0.22470883763416302,135881.80980725627,2218.027210884354,138099.83701814062,1451,118,726.1142857142858,34,1,20,30.504015376417744,0.6832107843137255,39.345238095238095,1042.6190476190477,30.66526610644258,0
1488,4,0,0,35,0.0,0.0,1.0,35,1150,900,250,0.782608695652174,14,9,5,339.20240493285047,0.6712885154061624,0.0064752775468288615,0.22569708993368004,136037.00573979586,2228.8159013605405,138265.8216411564,1452,119,727.1142857142858,34,1,20,30.3499087070638,0.6847426470588236,39.19642857142857,1043.214285714285,30.68277310924368,0
1489,4,0,1,34,0.0,0.02857142857142857,0.9714285714285714,35,950,800,150,0.8421052631578947,11,8,3,336.87370080016206,0.6701680672268907,0.0030764718343136987,0.22493311004684083,136161.22626133787,2173.8272392290196,138335.0535005669,1453,120,728.1142857142858,34,1,20,30.287584122276694,0.685968137254902,39.07738095238095,1043.6904761904761,30.696778711484594,0
1490,4,0,0,34,0.0,0.0,1.0,34,900,500,400,0.5555555555555556,13,5,8,348.0038353637853,0.6707516339869282,0.004035824856258419,0.23142255051691732,136016.91657054983,2666.8817281814763,138683.7982987313,1454,121,719.6470588235294,33,1,20,30.140292136591466,0.6868686868686869,39.21568627450981,1043.1372549019613,31.61021984551398,0
1491,4,0,0,34,0.0,0.0,1.0,34,950,600,350,0.631578947368421,13,6,7,349.124353161738,0.6709001782531194,0.0034514686880273704,0.23237651434447829,136048.87730980892,2699.5952578335464,138748.47256764246,1455,122,720.6470588235294,33,1,20,30.079363914013864,0.6871843434343434,39.18504901960785,1043.25980392157,31.613933452168787,0
1492,4,0,0,34,0.0,0.0,1.0,34,950,600,350,0.631578947368421,13,6,7,349.124353161738,0.6709001782531194,0.0034514686880273704,0.23237651434447829,136048.87730980892,2699.5952578335464,138748.47256764246,1456,123,721.6470588235294,33,1,20,30.079363914013864,0.6871843434343434,39.18504901960785,1043.25980392157,31.613933452168787,0
1493,4,0,0,34,0.0,0.0,1.0,34,950,600,350,0.631578947368421,13,6,7,348.5991941563429,0.6721256684491979,0.0061614124278177584,0.2326544465074779,136144.78205497898,2691.992262591329,138836.7743175703,1457,124,722.6470588235294,33,1,21,29.997945044621904,0.688131313131313,39.09313725490197,1043.6274509803932,31.625074272133126,0
1494,4,0,0,34,0.0,0.0,1.0,34,800,500,300,0.625,11,5,6,364.7338298174193,0.6711229946524064,0.017556227376869016,0.2257603548613099,133410.72137188207,2931.880668934237,136342.6020408163,1458,125,723.6470588235294,34,0,20,32.30607090727511,0.6587009803921569,41.726190476190474,1033.095238095238,30.38515406162465,6
1495,4,0,0,34,0.0,0.0,1.0,34,400,200,200,0.5,6,2,4,365.4493862140748,0.6707887700534759,0.013877310343425764,0.22639080820499316,133441.47002551012,2953.220663265304,136394.69068877542,1459,126,724.6470588235294,34,0,20,32.256740407881104,0.6590073529411764,41.69642857142857,1033.214285714285,30.388655462184857,0
1496,4,0,0,34,0.0,0.0,1.0,34,750,600,150,0.8,9,6,3,366.4802289281995,0.6711972667855021,0.017789373814041776,0.2272177419354839,133472.2222222223,2982.9861111111213,136455.20833333343,1460,127,725.6470588235294,34,0,20,32.19926075268817,0.6593137254901961,41.66666666666667,1033.3333333333342,30.39215686274512,0
1497,4,2,1,35,0.05555555555555555,0.027777777777777776,0.9722222222222222,36,950,600,350,0.631578947368421,13,6,7,347.4916889779289,0.6942791005291006,0.01537247837696265,0.21852026168048086,133995.55165816337,2112.468112244911,136108.01977040828,1461,0,686.2777777777778,34,2,15,32.1662642290445,0.6645220588235293,41.16071428571429,1035.3571428571436,30.451680672268928,0
1498,4,0,0,35,0.0,0.0,1.0,35,600,400,200,0.6666666666666666,8,4,4,355.28760357705374,0.680532212885154,0.015302617553001996,0.22236421326916736,133820.69283749053,2508.966653450609,136329.65949094112,1462,1,706.8857142857142,33,2,15,32.13942022977615,0.6650883838383839,41.329656862745104,1034.6813725490206,31.35398098633396,0
1499,4,1,0,36,0.027777777777777776,0.0,1.0,36,650,300,350,0.46153846153846156,10,3,7,342.7407684646222,0.6871693121693122,0.008071137983801657,0.2130144609017079,133561.9363667054,1955.4241415895267,135517.36050829492,1463,0,688.2222222222222,35,1,20,32.7227494121599,0.6580357142857142,41.57986111111112,1033.6805555555568,29.533730158730194,5
1500,4,0,1,35,0.0,0.027777777777777776,0.9722222222222222,36,750,700,50,0.9333333333333333,8,7,1,341.14671204122163,0.688128306878307,0.0024868198547700615,0.21288317170393578,133711.52692043915,1923.0495541838386,135634.576474623,1464,1,689.2222222222222,35,1,17,32.61433154282304,0.6595238095238094,41.4351851851852,1034.259259259261,29.550264550264597,0
1501,4,0,0,35,0.0,0.0,1.0,35,750,500,250,0.6666666666666666,10,5,5,351.34591400083985,0.6785714285714285,0.015330208076321794,0.21874116581342615,133626.03635204086,2389.7923752834527,136015.82872732432,1465,2,709.8285714285714,34,1,22,32.43619266935329,0.660845588235294,41.517857142857146,1033.9285714285718,30.40966386554623,0
1502,4,1,0,36,0.027777777777777776,0.0,1.0,36,600,300,300,0.5,9,3,6,342.55079216340613,0.6917989417989419,0.013241268776324144,0.21497766556612938,133921.09435281658,1974.955391589529,135896.0497444061,1466,0,691.0833333333334,35,1,19,32.36854243542434,0.6616071428571427,41.2326388888889,1035.0694444444462,29.57341269841275,0
1503,4,0,0,36,0.0,0.0,1.0,36,400,100,300,0.25,7,1,6,341.8807863518102,0.6919642857142858,0.013690121248261189,0.21473186468613709,133951.04595336085,1959.0577846365,135910.10373799736,1467,1,692.0833333333334,35,1,19,32.355955575432326,0.6619047619047618,41.20370370370371,1035.185185185186,29.576719576719597,0
1504,4,0,0,36,0.0,0.0,1.0,36,850,700,150,0.8235294117647058,10,7,3,342.3485497791942,0.6908399470899471,0.01839020513584666,0.21572780446649503,134070.88584533616,1979.7946673525494,136050.6805126887,1468,2,693.0833333333334,35,1,20,32.2241469229623,0.663095238095238,41.08796296296297,1035.648148148149,29.589947089947113,0
1505,4,0,1,35,0.0,0.027777777777777776,0.9722222222222222,36,900,600,300,0.6666666666666666,12,6,6,336.580265036498,0.6904761904761906,0.013652217239661146,0.20734088150038368,133233.13185871026,1768.7285665294582,135001.86042523972,1469,3,694.0833333333334,35,1,15,33.210949177877424,0.6547619047619049,41.89814814814813,1032.4074074074051,29.497354497354433,3
1506,4,0,0,35,0.0,0.0,1.0,35,450,200,250,0.4444444444444444,7,2,5,343.9272945972134,0.6782913165266106,0.054467382328654335,0.20803993694167097,132551.19756235817,2117.5949546485126,134668.7925170067,1470,7,714.8285714285714,34,1,20,33.70544315992292,0.6501225490196079,42.5595238095238,1029.761904761904,30.28711484593835,5
1507,4,1,1,35,0.027777777777777776,0.027777777777777776,0.9722222222222222,36,950,700,250,0.7368421052631579,12,7,5,338.3736353433323,0.6943452380952382,0.05157126823793501,0.20678388826536975,132934.5703125,1796.3107638888885,134730.88107638888,1471,0,695.9444444444445,35,1,17,33.463804713804706,0.6517857142857143,42.1875,1031.25,29.464285714285715,0
1508,4,0,1,34,0.0,0.02857142857142857,0.9714285714285714,35,850,400,450,0.47058823529411764,13,4,9,345.3278690131614,0.6792717086834733,0.05986834507448946,0.21042885417205934,132827.17013888882,2173.784722222217,135000.95486111104,1472,9,716.8285714285714,34,1,17,33.392279708973334,0.6528799019607843,42.291666666666664,1030.8333333333328,30.318627450980376,0
1509,4,0,0,34,0.0,0.0,1.0,34,1050,900,150,0.8571428571428571,12,9,3,351.24254077648516,0.6715686274509804,0.0729365595685294,0.21356460776496478,132745.06987997398,2525.1431240388224,135270.2130040128,1473,140,738.6470588235294,33,1,17,33.32230843937052,0.6543560606060606,42.37132352941176,1030.5147058823525,31.227718360071286,0
1510,4,0,0,34,0.0,0.0,1.0,34,750,600,150,0.8,9,6,3,351.68173575252706,0.6726455733808675,0.07148950154173139,0.21455391173937693,132871.3884833957,2545.6881067377813,135417.07659013348,1474,141,739.6470588235294,33,1,17,33.18413467253061,0.6556186868686869,42.248774509803916,1031.0049019607836,31.242572786690413,0
1511,4,1,0,35,0.02857142857142857,0.0,1.0,35,750,400,350,0.5333333333333333,11,4,7,342.64005289960653,0.680392156862745,0.06800869794412256,0.21103512349043926,133226.30385487515,2129.7335600906886,135356.03741496583,1475,0,719.4857142857143,34,1,18,33.06138530135303,0.6568627450980392,41.9047619047619,1032.3809523809514,30.364145658263276,0
1512,4,0,0,35,0.0,0.0,1.0,35,1300,1300,0,1.0,13,13,0,341.6920662076758,0.6803221288515405,0.06695759571840276,0.2109735711282266,133318.49666950098,2110.774518140573,135429.27118764154,1476,1,720.4857142857143,34,1,18,32.99351585014409,0.6577818627450981,41.81547619047618,1032.738095238094,30.374649859943943,0
1513,4,0,0,35,0.0,0.0,1.0,35,700,400,300,0.5714285714285714,10,4,6,342.53150892726194,0.6796918767507002,0.06971468084756083,0.21184218837931929,133379.97626133778,2137.368905895675,135517.34516723346,1477,2,721.4857142857143,34,1,18,32.91028005070875,0.6583946078431373,41.75595238095237,1032.9761904761897,30.381652661064404,0
1514,4,1,1,35,0.027777777777777776,0.027777777777777776,0.9722222222222222,36,500,400,100,0.8,6,4,2,333.4903997994248,0.6920304232804233,0.05710723036929233,0.20760067884378097,133621.76254125923,1712.3150023576522,135334.07754361688,1478,0,702.4166666666666,35,1,19,32.90199727601776,0.6586309523809525,41.521990740740726,1033.9120370370354,29.54034391534387,0
1515,4,0,0,35,0.0,0.0,1.0,35,700,500,200,0.7142857142857143,9,5,4,341.1673505705518,0.6792717086834733,0.06001941843434766,0.2116993402646862,133502.9779620181,2109.3714569160948,135612.3494189342,1479,4,723.4857142857143,34,1,21,32.822399493145944,0.6596200980392157,41.63690476190476,1033.4523809523807,30.395658263305315,0
1516,4,0,0,35,0.0,0.0,1.0,35,650,400,250,0.6153846153846154,9,4,5,342.90091141729204,0.6780112044817926,0.053557035940455355,0.21348347065657194,133626.0363520407,2164.09793083898,135790.1342828797,1480,5,724.4857142857143,34,1,21,32.65448090577623,0.6608455882352942,41.51785714285713,1033.9285714285704,30.40966386554619,0
1517,4,0,0,35,0.0,0.0,1.0,35,750,500,250,0.6666666666666666,10,5,5,343.82953321818536,0.6766806722689075,0.059530111964223975,0.21477604702608266,133749.15143140568,2197.381660997707,135946.53309240338,1481,6,725.4857142857143,34,1,16,32.50733686269996,0.6620710784313726,41.39880952380951,1034.4047619047603,30.423669467787068,0
1518,4,0,0,35,0.0,0.0,1.0,35,800,600,200,0.75,10,6,4,344.53027556717257,0.674859943977591,0.05870715435932805,0.2161144455830446,133903.125,2226.7361111111113,136129.86111111112,1482,7,726.4857142857143,34,1,16,32.33527911969941,0.6636029411764706,41.25,1035.0,30.441176470588236,0
1519,4,0,0,35,0.0,0.0,1.0,35,900,800,100,0.8888888888888888,10,8,2,345.2243044216154,0.6747899159663865,0.05674206212322819,0.21709441616448216,133995.55165816325,2251.704223356008,136247.25588151926,1483,8,727.4857142857143,34,1,16,32.22495304894407,0.6645220588235294,41.160714285714285,1035.3571428571427,30.451680672268903,0
1520,4,0,0,35,0.0,0.0,1.0,35,850,600,250,0.7058823529411765,11,6,5,347.4501255119568,0.6736694677871148,0.06374384236453223,0.2190446443444944,134088.0102040816,2317.7791950113347,136405.78939909293,1484,9,728.4857142857143,34,1,16,32.074952107279685,0.6654411764705883,41.07142857142857,1035.7142857142853,30.462184873949568,0
1521,4,0,0,35,0.0,0.0,1.0,35,900,700,200,0.7777777777777778,11,7,4,348.6038306875705,0.674719887955182,0.059947132513504586,0.2199566302257107,134118.8368055555,2350.8680555555516,136469.70486111107,1485,10,729.4857142857143,34,1,16,32.014279967819796,0.6657475490196079,41.041666666666664,1035.833333333333,30.465686274509796,0
1522,4,0,1,34,0.0,0.02857142857142857,0.9714285714285714,35,1100,600,500,0.5454545454545454,16,6,10,349.56175701012296,0.6750700280112044,0.05901370312628251,0.22130437052895405,134242.17864229018,2385.186366213145,136627.36500850332,1486,11,730.4857142857143,34,1,16,31.86626459888953,0.6669730392156863,40.922619047619044,1036.3095238095232,30.47969187675068,0
1523,4,0,0,34,0.0,0.0,1.0,34,600,400,200,0.6666666666666666,8,4,4,356.4583082615649,0.6647727272727273,0.0639557135997666,0.22502928153360752,134137.87853529878,2762.912251297564,136900.79078659634,1487,154,752.6470588235294,33,1,16,31.791844118458933,0.6682449494949496,41.02328431372548,1035.9068627450968,31.39111705288172,0
1524,4,0,0,34,0.0,0.0,1.0,34,800,400,400,0.5,12,4,8,355.0976550437728,0.6642899584076055,0.06394345817797364,0.22475342597680703,134233.10745866972,2733.1723375624742,136966.2797962322,1488,155,753.6470588235294,33,1,16,31.731906338694408,0.6691919191919191,40.931372549019606,1036.2745098039213,31.4022578728461,0
1525,4,0,0,34,0.0,0.0,1.0,34,750,600,150,0.8,9,6,3,358.5332729741965,0.6609105763517529,0.07031010985954689,0.22771707878090858,134360.13192041515,2834.515570934249,137194.6474913494,1489,156,754.6470588235294,33,1,17,31.51595744680851,0.6704545454545454,40.80882352941176,1036.7647058823525,31.417112299465227,0
1526,4,0,0,34,0.0,0.0,1.0,34,750,400,350,0.5333333333333333,11,4,7,360.178756276932,0.660019310754605,0.06367047705083206,0.22975984716535255,134518.9969753219,2890.177005238357,137409.17398056027,1490,157,755.6470588235294,33,1,18,31.31460425280567,0.6720328282828283,40.655637254901954,1037.3774509803914,31.435680332739132,0
1527,4,0,0,34,0.0,0.0,1.0,34,1400,1300,100,0.9285714285714286,15,13,2,361.65182760816356,0.6608363042186572,0.06198582348081416,0.2323181148843039,134773.37630058144,2948.207570405606,137721.58387098706,1491,158,756.6470588235294,33,1,18,31.02243892363979,0.6745580808080809,40.41053921568627,1038.3578431372546,31.46538918597741,0
1528,4,0,0,34,0.0,0.0,1.0,34,1000,800,200,0.8,12,8,4,360.90625038122124,0.6616904337492573,0.059385802940482346,0.23204245566999007,134805.19061178388,2930.4071751249426,137735.59778690882,1492,159,757.6470588235294,33,1,16,31.010050350090474,0.6748737373737375,40.37990196078431,1038.4803921568623,31.469102792632192,0
1529,4,0,0,34,0.0,0.0,1.0,34,750,600,150,0.8,9,6,3,362.7957260894375,0.6609105763517529,0.05465654469880432,0.2338721954418373,134900.65607278442,2988.276293973459,137888.9323667579,1493,160,758.6470588235294,33,1,16,30.86574947898233,0.6758207070707072,40.287990196078425,1038.8480392156857,31.48024361259654,0
1530,4,0,0,34,0.0,0.0,1.0,34,850,500,350,0.5882352941176471,12,5,7,367.6388182794584,0.6602421271538919,0.05818195690019934,0.2378295055551552,135027.9959180362,3128.3065707900632,138156.30248882627,1494,161,759.6470588235294,33,1,16,30.6129141610659,0.6770833333333335,40.16544117647058,1039.3382352941167,31.495098039215655,0
1531,4,0,0,34,0.0,0.0,1.0,34,1300,1200,100,0.9230769230769231,14,12,2,365.7826885941776,0.6604278074866311,0.0536927642344065,0.237255376913838,135123.54022491336,3085.1703671664536,138208.71059207982,1495,162,760.6470588235294,33,1,16,30.56586908690868,0.6780303030303031,40.073529411764696,1039.70588235294,31.50623885918,0
1532,4,0,0,34,0.0,0.0,1.0,34,500,300,200,0.6,7,3,4,366.857802027843,0.6592765894236483,0.05628271343894098,0.23816285005403565,135155.39583633692,3116.562289744322,138271.95812608124,1496,163,761.6470588235294,33,1,16,30.50616283637793,0.6783459595959596,40.04289215686274,1039.8284313725485,31.509952465834804,0
1533,4,0,0,34,0.0,0.0,1.0,34,750,400,350,0.5333333333333333,11,4,7,366.81269159942826,0.6596850861556744,0.05957199090757892,0.23876580723128404,135250.9851980006,3122.3555843905942,138373.3407823912,1497,164,762.6470588235294,33,1,18,30.41205230914231,0.6792929292929294,39.95098039215685,1040.1960784313712,31.52109328579913,0
1534,4,0,0,34,0.0,0.0,1.0,34,750,300,450,0.4,12,3,9,366.7234729691564,0.6596108140225788,0.05696711091407858,0.23955505634262084,135378.49024413666,3129.2940215301505,138507.78426566682,1498,165,763.6470588235294,33,1,19,30.28732925105982,0.6805555555555557,39.828431372549005,1040.6862745098022,31.53594771241825,0
1535,4,0,0,34,0.0,0.0,1.0,34,950,800,150,0.8421052631578947,11,8,3,360.7097986621952,0.6589795008912657,0.060010799659395486,0.23667576519171182,135537.95602953172,2977.973766099557,138515.92979563127,1499,166,764.6470588235294,33,1,19,30.285076105292067,0.6821338383838385,39.675245098039206,1041.2990196078417,31.554515745692175,0
1536,4,0,0,34,0.0,0.0,1.0,34,500,300,200,0.6,7,3,4,360.0559233379904,0.6597593582887701,0.057653703985713234,0.23645712801593832,135569.8604503075,2962.5462562475896,138532.40670655508,1500,167,765.6470588235294,33,1,19,30.270357731230884,0.682449494949495,39.64460784313725,1041.4215686274504,31.55822935234698,0
1537,4,0,0,34,0.0,0.0,1.0,34,350,100,250,0.2857142857142857,6,1,5,358.0800000000001,0.6592394533571004,0.05929411764705894,0.23557894736842086,135633.68055555536,2913.541666666641,138547.222222222,1501,168,766.6470588235294,33,1,19,30.258333333333333,0.6830808080808082,39.58333333333332,1041.6666666666652,31.56565656565652,0
1538,4,0,0,34,0.0,0.0,1.0,34,300,100,200,0.3333333333333333,5,1,4,355.42746082521955,0.6574569221628046,0.05787565555509433,0.23425149394852826,135697.51567906563,2846.1246876201335,138543.64036668578,1502,169,767.6470588235294,33,1,19,30.26395750019603,0.6837121212121213,39.522058823529406,1041.9117647058815,31.573083778966108,0
1539,4,0,0,34,0.0,0.0,1.0,34,700,400,300,0.5714285714285714,10,4,6,357.5341447420241,0.6557486631016043,0.05598749377455592,0.2360613638886777,135761.3658208379,2907.8647635524503,138669.23058439035,1503,170,768.6470588235294,33,1,19,30.1456177485105,0.6843434343434345,39.460784313725476,1042.156862745096,31.580510992275638,0
1540,4,0,0,34,0.0,0.0,1.0,34,550,300,250,0.5454545454545454,8,3,5,357.13390573930155,0.6555258467023173,0.05339765535843988,0.2360080705759717,135793.2965235725,2899.278072135701,138692.5745957082,1504,171,769.6470588235294,33,1,20,30.12431412894376,0.684659090909091,39.43014705882352,1042.2794117647047,31.584224598930447,0
1541,4,0,0,34,0.0,0.0,1.0,34,650,400,250,0.6153846153846154,9,4,5,356.4046214262724,0.6545974450386216,0.05621637321752182,0.23573699143482643,135825.23098087255,2881.748005574761,138706.97898644733,1505,172,770.6470588235294,33,1,20,30.111587898738158,0.6849747474747476,39.39950980392156,1042.4019607843122,31.587938205585218,0
1542,4,0,0,34,0.0,0.0,1.0,34,850,700,150,0.8235294117647058,10,7,3,357.4732285485232,0.6561571598336304,0.0562100721812,0.2368677748045819,135889.11115916938,2915.3438581314686,138804.45501730085,1506,173,771.6470588235294,33,1,15,30.020275035260944,0.6856060606060607,39.33823529411764,1042.647058823528,31.595365418894787,0
1543,4,0,0,34,0.0,0.0,1.0,34,600,500,100,0.8333333333333334,7,5,2,358.18288016724637,0.6559343434343434,0.055263703601299285,0.23776414276312524,135953.00635572855,2939.2078767781554,138892.2142325067,1507,174,772.6470588235294,33,1,16,29.938307873090483,0.6862373737373737,39.27696078431372,1042.8921568627447,31.602792632204388,0
1544,4,0,0,34,0.0,0.0,1.0,34,450,400,50,0.8888888888888888,5,4,1,358.18288016724637,0.6559343434343434,0.055263703601299285,0.23776414276312524,135953.00635572855,2939.2078767781554,138892.2142325067,1508,175,773.6470588235294,33,1,16,29.938307873090483,0.6862373737373737,39.27696078431372,1042.8921568627447,31.602792632204388,0
1545,4,0,0,34,0.0,0.0,1.0,34,600,400,200,0.6666666666666666,8,4,4,359.3208791387498,0.6557857991681522,0.0587855163214388,0.2387338019008508,135984.95958585633,2972.447045607451,138957.4066314638,1509,176,774.6470588235294,33,1,16,29.876899502604466,0.6865530303030304,39.24632352941176,1043.0147058823525,31.606506238859165,0
1546,4,0,0,34,0.0,0.0,1.0,34,850,500,350,0.5882352941176471,12,5,7,361.56626644176254,0.6546717171717172,0.06159783307191069,0.24065782847683523,136048.87730980865,3038.1369245001815,139087.01423430882,1510,177,775.6470588235294,33,1,17,29.754860213790668,0.6871843434343434,39.18504901960784,1043.2598039215682,31.613933452168734,0
1547,4,1,0,35,0.02857142857142857,0.0,1.0,35,700,500,200,0.7142857142857143,9,5,4,351.25218199955475,0.6648459383753501,0.06060152090016446,0.23577164442862208,136347.66333616772,2578.4828514739106,138926.14618764163,1511,0,754.4571428571429,34,1,18,29.727573236065194,0.6878063725490196,38.89880952380952,1044.4047619047612,30.71778711484592,0
1548,4,0,0,35,0.0,0.0,1.0,35,850,700,150,0.8235294117647058,10,7,3,350.2341701771899,0.6648459383753501,0.06583638583638574,0.23550228684328314,136409.8373724491,2555.077239229042,138964.91461167816,1512,1,755.4571428571429,34,1,18,29.692545109211775,0.6884191176470588,38.83928571428572,1044.6428571428582,30.72478991596642,0
1549,4,0,0,35,0.0,0.0,1.0,35,700,500,200,0.7142857142857143,9,5,4,351.207850572305,0.6649859943977591,0.0667637192227355,0.23661973693781857,136478.93625685867,2586.4947702331906,139065.43102709186,1513,2,756.4571428571429,35,0,18,29.598656033082268,0.6869047619047619,38.773148148148145,1044.9074074074072,29.854497354497347,0
1550,4,0,0,35,0.0,0.0,1.0,35,750,500,250,0.6666666666666666,10,5,5,351.3659441775343,0.6659663865546218,0.06721199943040679,0.23692928379230435,136509.17252068318,2592.9348583247433,139102.1073790079,1514,3,757.4571428571429,35,0,18,29.56457433455163,0.6872023809523811,38.744212962962955,1045.0231481481471,29.857804232804202,0
1551,4,0,0,35,0.0,0.0,1.0,35,650,500,150,0.7692307692307693,8,5,3,350.5612520833105,0.6665966386554621,0.0667489321309922,0.2365895445674359,136539.41213348767,2573.085455246916,139112.49758873458,1515,4,758.4571428571429,35,0,18,29.555647840531563,0.6875,38.71527777777778,1045.138888888889,29.86111111111111,0
1552,4,0,0,35,0.0,0.0,1.0,35,950,700,250,0.7368421052631579,12,7,5,350.85238522391404,0.6668767507002801,0.05487232192268188,0.2378057989871016,136690.66043220597,2591.6488500943137,139282.3092823003,1516,5,759.4571428571429,35,0,18,29.398289061058843,0.6889880952380951,38.570601851851855,1045.7175925925928,29.87764550264551,0
1553,4,0,0,35,0.0,0.0,1.0,35,750,400,350,0.5333333333333333,11,4,7,347.30055455167735,0.6649859943977591,0.05166756235576764,0.23600770015323785,136781.44959919428,2500.8546596365068,139282.3042588308,1517,6,760.4571428571429,35,0,18,29.401324039241718,0.6898809523809524,38.483796296296305,1046.0648148148161,29.887566137566175,0
1554,4,0,0,35,0.0,0.0,1.0,35,600,400,200,0.6666666666666666,8,4,4,347.0512611078291,0.6656862745098039,0.05393769854440267,0.2360418622388013,136811.7193528165,2496.135947145084,139307.85529996158,1518,7,761.4571428571429,35,0,19,29.377904082309993,0.6901785714285713,38.45486111111112,1046.1805555555568,29.89087301587305,0
1555,4,0,0,35,0.0,0.0,1.0,35,850,500,350,0.5882352941176471,12,5,7,346.79301433158435,0.6656162464985994,0.05711757269279416,0.23606994349077742,136841.99245541845,2491.1694101509024,139333.16186556936,1519,8,762.4571428571429,35,0,20,29.354719764011808,0.6904761904761904,38.42592592592593,1046.2962962962968,29.894179894179906,0
1556,4,0,0,35,0.0,0.0,1.0,35,450,300,150,0.6666666666666666,6,3,3,346.88375283844607,0.6649159663865546,0.05073466679306127,0.23654018802151047,136902.54870756174,2497.853973765436,139400.4026813272,1520,9,763.4571428571429,35,0,21,29.292468480424702,0.6910714285714286,38.36805555555556,1046.5277777777778,29.900793650793652,0
1557,4,0,0,35,0.0,0.0,1.0,35,1050,700,350,0.6666666666666666,14,7,7,349.1564460230891,0.6640056022408963,0.04753901560624274,0.23850233367317356,136963.11835562412,2564.311128257884,139527.429483882,1521,10,764.4571428571429,35,0,14,29.17311661506709,0.6916666666666667,38.31018518518518,1046.759259259259,29.907407407407398,0
1558,4,0,0,35,0.0,0.0,1.0,35,1100,1000,100,0.9090909090909091,12,10,2,346.305117182278,0.6623249299719888,0.0463812050018948,0.23737641668676165,137084.29783950627,2494.5987654321116,139578.89660493837,1522,11,765.4571428571429,35,0,15,29.127984084880644,0.6928571428571428,38.19444444444445,1047.222222222223,29.920634920634946,0
1559,4,0,0,35,0.0,0.0,1.0,35,750,500,250,0.6666666666666666,10,5,5,347.51710875736364,0.6628151260504201,0.049098658247829,0.23862138347907005,137144.90767532587,2532.0403592249704,139676.94803455085,1523,12,766.4571428571429,35,0,15,29.03637200736647,0.6934523809523809,38.136574074074076,1047.4537037037044,29.927248677248695,0
1560,4,0,0,35,0.0,0.0,1.0,35,650,500,150,0.7692307692307693,8,5,3,350.5303628890676,0.661484593837535,0.05430875321519313,0.24131949621556872,137235.84754640347,2621.0662883659134,139856.9138347694,1524,13,767.4571428571429,35,0,16,28.867617548510623,0.6943452380952381,38.04976851851852,1047.800925925926,29.937169312169317,0
1561,4,0,0,35,0.0,0.0,1.0,35,900,600,300,0.6666666666666666,12,6,6,348.83411976526156,0.6628151260504201,0.056549853326183896,0.2412014852544838,137387.48097779482,2585.088198731129,139972.56917652595,1525,14,768.4571428571429,35,0,16,28.762327960550532,0.6958333333333333,37.90509259259259,1048.3796296296289,29.95370370370368,0
1562,4,0,0,35,0.0,0.0,1.0,35,550,400,150,0.7272727272727273,7,4,3,348.40507423578026,0.6625350140056022,0.05926860422941704,0.241115474981049,137417.81771101244,2575.412996184836,139993.23070719728,1526,15,769.4571428571429,35,0,16,28.7436297236634,0.6961309523809524,37.876157407407405,1048.4953703703698,29.957010582010565,0
1563,4,0,0,35,0.0,0.0,1.0,35,950,500,450,0.5263157894736842,14,5,9,348.9669226736384,0.6617647058823529,0.061959399823477534,0.2425641247786699,137569.55161179684,2601.4446159121926,140170.99622770902,1527,16,770.4571428571429,35,0,17,28.579177699323328,0.6976190476190476,37.731481481481474,1049.074074074073,29.973544973544943,0
1564,4,0,0,35,0.0,0.0,1.0,35,1050,700,350,0.6666666666666666,14,7,7,353.7144763670391,0.6610644257703081,0.06147157506734091,0.24694661941283108,137721.3692370755,2742.8084008487544,140464.17763792427,1528,17,771.4571428571429,35,0,19,28.304870989083692,0.6991071428571429,37.58680555555555,1049.652777777777,29.99007936507934,0
1565,4,0,0,35,0.0,0.0,1.0,35,750,700,50,0.9333333333333333,8,7,1,356.4295831020637,0.6611344537815126,0.05782950375608342,0.249280859546555,137782.1197300454,2821.9246988597374,140604.04442890515,1529,18,772.4571428571429,35,0,20,28.17368996435528,0.6997023809523809,37.52893518518518,1049.884259259259,29.996693121693113,0
1566,4,0,0,35,0.0,0.0,1.0,35,550,400,150,0.7272727272727273,7,4,3,359.6014591810856,0.6599439775910364,0.05416201257022846,0.25195624723816196,137844.6709949297,2913.835663982202,140758.5066589119,1530,19,773.4571428571429,33,2,20,28.02872272143775,0.7048611111111112,37.46936274509803,1050.1225490196068,31.82189542483657,0
1567,4,0,0,35,0.0,0.0,1.0,35,600,500,100,0.8333333333333334,7,5,2,358.0858396783191,0.6595238095238095,0.048988844092550776,0.2513437838887677,137906.26594387752,2876.456207482992,140782.7221513605,1531,20,774.4571428571429,34,1,20,28.007763799161282,0.703125,37.410714285714285,1050.3571428571427,30.89285714285714,0
1568,4,0,0,35,0.0,0.0,1.0,35,1200,800,400,0.6666666666666666,16,8,8,355.28607252271695,0.6579131652661064,0.046665722780688146,0.25068786515763714,138086.07313368045,2812.0117187499905,140898.08485243045,1532,21,775.4571428571429,35,0,15,27.904071688140075,0.7026785714285715,37.23958333333333,1051.0416666666658,30.02976190476188,0
1569,4,0,0,35,0.0,0.0,1.0,35,550,400,150,0.7272727272727273,7,4,3,356.2069494790537,0.6582633053221288,0.04507006810210612,0.2517842585306025,138146.90400216464,2841.777450917335,140988.68145308198,1533,22,776.4571428571429,35,0,15,27.819942933685645,0.7032738095238096,37.181712962962955,1051.273148148147,30.036375661375626,0
1570,4,0,0,35,0.0,0.0,1.0,35,850,600,250,0.7058823529411765,11,6,5,351.91507761356877,0.6572829131652661,0.039839034205231716,0.2498597051056336,138299.03978052118,2733.9034636488213,141032.94324417,1534,23,777.4571428571429,35,0,15,27.782973884976514,0.7047619047619047,37.03703703703703,1051.851851851851,30.05291005291003,0
1571,4,0,0,35,0.0,0.0,1.0,35,600,500,100,0.8333333333333334,7,5,2,351.6832173004858,0.6571428571428571,0.04276757232427686,0.25036430136873256,138390.36143529223,2733.913510588118,141124.27494588034,1535,24,778.4571428571429,35,0,15,27.699212591207424,0.705654761904762,36.950231481481474,1052.199074074073,30.062830687830658,0
1572,4,0,0,35,0.0,0.0,1.0,35,800,500,300,0.625,11,5,6,351.99789274197883,0.6574929971988795,0.042753463822300386,0.2512612901566372,138481.71323088146,2749.0542481138655,141230.76747899532,1536,25,779.4571428571429,35,0,15,27.60107396818415,0.706547619047619,36.86342592592593,1052.5462962962972,30.072751322751348,0
1573,4,0,0,35,0.0,0.0,1.0,35,750,400,350,0.5333333333333333,11,4,7,344.7681298513772,0.6574929971988795,0.03719102547851438,0.22991342150443914,136116.3623113854,2385.716735253766,138502.07904663918,1537,26,780.4571428571429,35,0,15,30.126072167997638,0.6833333333333333,39.12037037037037,1043.518518518518,29.8148148148148,6
1574,4,0,0,35,0.0,0.0,1.0,35,800,600,200,0.75,10,6,4,348.9756687528576,0.6570028011204482,0.038999049730757296,0.23351339259278747,136237.16670953357,2508.6912722908023,138745.85798182437,1538,27,781.4571428571429,35,0,16,29.89652623798964,0.6845238095238095,39.004629629629626,1043.981481481481,29.828042328042315,0
1575,4,0,0,35,0.0,0.0,1.0,35,1100,800,300,0.7272727272727273,14,8,6,350.67858595314635,0.6567226890756303,0.038977443609022444,0.2356570542239125,136388.24755926343,2565.687558942027,138953.93511820547,1539,28,782.4571428571429,35,0,16,29.702331486611254,0.6860119047619049,38.859953703703695,1044.5601851851843,29.844576719576693,0
1576,4,0,0,35,0.0,0.0,1.0,35,850,800,50,0.9411764705882353,9,8,1,350.4044198411745,0.6569327731092437,0.041931348810711144,0.23587626382597157,136448.7033420137,2562.4457465277533,139011.14908854145,1540,29,783.4571428571429,35,0,16,29.64959288800266,0.686607142857143,38.80208333333332,1044.7916666666652,29.851190476190432,0
1577,4,0,0,35,0.0,0.0,1.0,35,950,900,50,0.9473684210526315,10,9,1,349.60762022494237,0.6579831932773109,0.04465116279069781,0.2359459499724385,136539.41213348758,2547.0437885802335,139086.4559220678,1541,30,784.4571428571429,35,0,17,29.58056478405315,0.6875,38.71527777777777,1045.1388888888882,29.861111111111093,0
1578,4,0,0,35,0.0,0.0,1.0,35,850,700,150,0.8235294117647058,10,7,3,349.243434033583,0.6570028011204482,0.043957990636467326,0.23610529163108673,136599.9014060355,2541.323731138526,139141.225137174,1542,31,785.4571428571429,35,0,17,29.530188957779746,0.6880952380952381,38.6574074074074,1045.370370370369,29.86772486772483,0
1579,4,0,0,35,0.0,0.0,1.0,35,600,500,100,0.8333333333333334,7,5,2,350.9468103680894,0.6557422969187675,0.04052361980648844,0.23807472811456873,136720.92013888885,2596.354166666663,139317.2743055555,1543,32,786.4571428571429,35,0,17,29.365869853917662,0.6892857142857143,38.541666666666664,1045.833333333333,29.880952380952372,0
1580,4,0,0,35,0.0,0.0,1.0,35,600,400,200,0.6666666666666666,8,4,4,350.0799689041043,0.6547619047619048,0.03664933053004349,0.23769141089304194,136751.18319455147,2574.7699920695995,139325.95318662107,1544,33,787.4571428571429,35,0,17,29.35858599830327,0.6895833333333334,38.512731481481474,1045.949074074073,29.884259259259228,0
1581,4,1,1,35,0.027777777777777776,0.027777777777777776,0.9722222222222222,36,1000,800,200,0.8,12,8,4,342.05309731440406,0.6678902116402117,0.027975016436554867,0.23360643200127743,136956.5696397411,2169.2837685658624,139125.85340830695,1545,0,766.5555555555555,36,0,15,29.365474269320423,0.689525462962963,38.31644144144144,1046.7342342342342,29.07595095095095,0
1582,4,0,0,35,0.0,0.0,1.0,35,1100,800,300,0.7272727272727273,14,8,6,349.2719732360125,0.6536414565826331,0.03140676117775354,0.23755224725961757,136811.71935281632,2556.899836033943,139368.61918885025,1546,35,789.4571428571429,35,0,18,29.319822436110183,0.6901785714285714,38.45486111111111,1046.1805555555552,29.890873015873005,0
1583,4,0,0,35,0.0,0.0,1.0,35,600,200,400,0.3333333333333333,10,2,8,350.6481753947634,0.6534313725490196,0.028669394978431795,0.2389005390914886,136872.26890700002,2598.8022708761855,139471.0711778762,1547,36,790.4571428571429,35,0,18,29.223928953286876,0.6907738095238096,38.39699074074073,1046.412037037036,29.897486772486744,0
1584,4,0,0,35,0.0,0.0,1.0,35,950,600,350,0.631578947368421,13,6,7,346.0018288243791,0.6490896358543417,0.02842299736297771,0.23696279677321397,137053.99794506593,2484.1867873370975,139538.18473240302,1548,37,791.4571428571429,35,0,16,29.165860690468296,0.6925595238095239,38.223379629629626,1047.1064814814808,29.917328042328023,0
1585,4,0,0,35,0.0,0.0,1.0,35,650,300,350,0.46153846153846156,10,3,7,346.2826820947256,0.6480392156862744,0.027052713006962437,0.2375672471777988,137114.60108292583,2496.082363468762,139610.6834463946,1549,38,792.4571428571429,35,0,16,29.09863428739824,0.693154761904762,38.165509259259245,1047.3379629629608,29.923941798941737,0
1586,4,0,0,35,0.0,0.0,1.0,35,800,500,300,0.625,11,5,6,346.4775327664447,0.6480392156862744,0.027043747238179927,0.23832178013691924,137205.5309070644,2507.726766117967,139713.25767318238,1550,39,793.4571428571429,35,0,17,29.003719251730743,0.694047619047619,38.0787037037037,1047.6851851851848,29.933862433862423,0
1587,4,0,0,35,0.0,0.0,1.0,35,950,600,350,0.631578947368421,13,6,7,348.24848127932233,0.6483193277310924,0.023175234308435266,0.23995751518287517,137266.16753472202,2560.5468749999754,139826.714409722,1551,40,794.4571428571429,35,0,18,28.89744864148442,0.6946428571428572,38.02083333333332,1047.916666666665,29.94047619047614,0
1588,4,0,1,34,0.0,0.02857142857142857,0.9714285714285714,35,350,100,250,0.2857142857142857,6,1,5,350.29779370450376,0.6470588235294117,0.026350328117112687,0.24179091614237697,137326.81755829905,2621.0562414266096,139947.87379972567,1552,41,795.4571428571429,35,0,18,28.783863368669024,0.6952380952380952,37.96296296296296,1048.148148148148,29.947089947089943,0
1589,4,0,0,34,0.0,0.0,1.0,34,650,300,350,0.46153846153846156,10,3,7,356.1547174692383,0.6428624480095069,0.031463670572194014,0.24507565820537655,137219.389526644,2974.2665816326526,140193.65610827666,1553,42,810.2647058823529,34,0,18,28.736554558194143,0.6963848039215685,38.06547619047619,1047.7380952380954,30.815826330532218,0
1590,4,0,0,34,0.0,0.0,1.0,34,950,400,550,0.42105263157894735,15,4,11,354.3138110380088,0.6418969102792632,0.028643484651101447,0.24468494950507186,137344.1485969387,2932.5857426303814,140276.73433956908,1554,43,811.2647058823529,34,0,18,28.66150861253077,0.6976102941176471,37.94642857142857,1048.214285714285,30.82983193277309,0
1591,4,0,0,34,0.0,0.0,1.0,34,850,600,250,0.7058823529411765,11,6,5,353.65473150821737,0.6413027332144979,0.02840320867758983,0.24466906680226788,137406.54939058964,2918.895266439919,140325.44465702955,1555,44,812.2647058823529,34,0,19,28.61715112978313,0.6982230392156863,37.886904761904766,1048.4523809523814,30.83683473389357,0
1592,4,0,0,34,0.0,0.0,1.0,34,750,500,250,0.6666666666666666,10,5,5,353.89806002585084,0.6402257872846109,0.02897118902031992,0.24594240575298093,137562.61337868485,2936.6284013605496,140499.2417800454,1556,45,813.2647058823529,34,0,19,28.45669730670297,0.6997549019607843,37.73809523809524,1049.0476190476195,30.854341736694693,0
1593,4,0,0,34,0.0,0.0,1.0,34,850,500,350,0.5882352941176471,12,5,7,354.4928211698907,0.6400029708853239,0.028490978968720215,0.24724752463874655,137687.52834467124,2961.8480725623613,140649.3764172336,1557,46,814.2647058823529,34,0,19,28.317831215970955,0.7009803921568627,37.61904761904762,1049.5238095238096,30.86834733893558,0
1594,4,0,0,34,0.0,0.0,1.0,34,750,500,250,0.6666666666666666,10,5,5,353.9934492315447,0.6397058823529412,0.03594771241830097,0.2477954144620812,137812.49999999997,2956.9444444444457,140769.4444444444,1558,47,815.2647058823529,34,0,20,28.20767195767196,0.7022058823529411,37.5,1049.9999999999998,30.882352941176464,0
1595,4,0,0,34,0.0,0.0,1.0,34,500,300,200,0.6,7,3,4,355.8921270225644,0.6385175282234106,0.03663968421193031,0.2495771339104182,137875.00708616766,3013.725907029462,140888.73299319713,1559,48,816.2647058823529,34,0,20,28.09618945061589,0.7028186274509804,37.44047619047618,1050.2380952380943,30.88935574229689,0
1596,4,0,1,33,0.0,0.029411764705882353,0.9705882352941176,34,700,500,200,0.7142857142857143,9,5,4,354.8925037517355,0.6376633986928105,0.03627728711881395,0.2495558841122759,137968.7942885486,2992.818168934221,140961.61245748284,1560,49,817.2647058823529,34,0,20,28.029981114258725,0.7037377450980393,37.35119047619047,1050.595238095237,30.899859943977557,0
1597,4,0,0,33,0.0,0.0,1.0,33,850,400,450,0.47058823529411764,13,4,9,362.99375450167406,0.6335227272727273,0.029574626074042376,0.2545709063894717,137876.8457444251,3409.6867791233963,141286.53252354852,1561,50,809.4242424242424,33,0,20,27.907915208090245,0.7051767676767677,37.43872549019607,1050.2450980392148,31.825609031491357,0
1598,4,0,0,33,0.0,0.0,1.0,33,650,400,250,0.6153846153846154,9,4,5,364.8013264428633,0.6338383838383839,0.031013671895716133,0.25607798271431437,137909.02424848604,3461.878994857727,141370.90324334375,1562,51,810.4242424242424,33,0,20,27.828700462800914,0.7054924242424243,37.40808823529411,1050.3676470588225,31.829322638146138,0
1599,4,0,0,33,0.0,0.0,1.0,33,700,500,200,0.7142857142857143,9,5,4,363.9813085086195,0.6338383838383839,0.031006436698726603,0.25598127627927775,137973.39252030465,3443.9471897827702,141417.33971008743,1563,52,811.4242424242424,33,0,20,27.78672868307478,0.7061237373737375,37.34681372549019,1050.6127450980389,31.836749851455725,0
1600,4,0,0,33,0.0,0.0,1.0,33,900,400,500,0.4444444444444444,14,4,10,365.6393509507095,0.6334438131313131,0.028115557911476463,0.25763002747759495,138037.77581038524,3494.4085507977466,141532.184361183,1564,53,812.4242424242424,33,0,20,27.679664723032065,0.7067550505050506,37.28553921568626,1050.8578431372534,31.844177064765255,0
1601,4,0,0,33,0.0,0.0,1.0,33,850,700,150,0.8235294117647058,10,7,3,359.66887248136936,0.6334438131313131,0.026464717875110066,0.23390879086202165,135219.11832288068,3126.821565023074,138345.93988790375,1565,54,813.4242424242424,33,0,21,30.629565806527623,0.6789772727272727,39.981617647058826,1040.073529411765,31.517379679144398,6
1602,4,0,0,33,0.0,0.0,1.0,33,400,200,200,0.5,6,2,4,359.752771779153,0.6328125,0.027675434838488666,0.23417036248937526,135250.98519800082,3131.3833621684025,138382.36856016924,1566,55,814.4242424242424,33,0,21,30.595644831919575,0.6792929292929293,39.950980392156865,1040.1960784313728,31.521093285799175,0
1603,4,0,0,33,0.0,0.0,1.0,33,650,600,50,0.9230769230769231,7,6,1,359.1852481659794,0.6339962121212122,0.02645848281376617,0.23400794870920946,135282.8558276865,3118.321228613998,138401.17705630048,1567,56,815.4242424242424,33,0,21,30.57866552793812,0.6796085858585859,39.9203431372549,1040.3186274509806,31.524806892453956,0
1604,4,0,0,33,0.0,0.0,1.0,33,750,400,350,0.5333333333333333,11,4,7,364.4687312546155,0.6339962121212122,0.06431751648936546,0.22481797434490405,133282.33882400996,3115.448985966939,136397.7878099769,1568,57,816.4242424242424,33,0,17,32.441747764854824,0.6597222222222222,41.85049019607843,1032.5980392156862,31.29084967320261,5
1605,4,0,0,33,0.0,0.0,1.0,33,850,600,250,0.7058823529411765,11,6,5,367.4720602078249,0.6351799242424243,0.06673928752467173,0.22725032982331295,133377.2636275711,3202.483570021145,136579.74719759225,1569,58,817.4242424242424,33,0,17,32.268927709890455,0.6606691919191918,41.75857843137255,1032.9656862745096,31.301990493166958,0
1606,4,0,0,33,0.0,0.0,1.0,33,650,300,350,0.46153846153846156,10,3,7,368.98150549543624,0.6345486111111112,0.06441198793061975,0.22896994863382472,133504.84206012153,3252.1973139447914,136757.0393740663,1570,59,818.4242424242424,32,1,18,32.101914070454086,0.6643880208333333,41.63510101010102,1033.459595959597,32.295612373737406,0
1607,4,0,0,33,0.0,0.0,1.0,33,850,300,550,0.35294117647058826,14,3,11,369.07576709906124,0.6334438131313131,0.062005174500594284,0.229432293488232,133570.093692608,3259.4969582185613,136829.59065082658,1571,60,819.4242424242424,32,1,19,32.034017344570664,0.6650390625,41.5719696969697,1033.712121212122,32.30350378787881,0
1608,4,1,1,33,0.029411764705882353,0.029411764705882353,0.9705882352941176,34,350,100,250,0.2857142857142857,6,1,5,360.47696876206106,0.6478386809269162,0.05712006465502251,0.2256120865276563,133820.69283749053,2847.855542339497,136668.54837983003,1572,0,796.2941176470588,33,1,16,32.005186742469114,0.6650883838383839,41.329656862745104,1034.6813725490206,31.35398098633396,0
1609,4,0,0,33,0.0,0.0,1.0,33,600,400,200,0.6666666666666666,8,4,4,369.778902002888,0.6347064393939394,0.05959953670296869,0.2302752417111522,133635.36126734532,3283.107431639652,136918.46869898497,1573,62,821.4242424242424,32,1,19,31.950380591850873,0.6656901041666665,41.508838383838395,1033.9646464646476,32.311395202020236,0
1610,4,1,0,34,0.029411764705882353,0.0,1.0,34,650,300,350,0.46153846153846156,10,3,7,359.72902806810606,0.6469845513963162,0.05598891225919722,0.22572595624541048,133915.80912389472,2834.68077181854,136750.48989571325,1574,0,798.2352941176471,33,1,18,31.929315652379813,0.6660353535353535,41.23774509803922,1035.0490196078438,31.365121806298298,0
1611,4,0,0,34,0.0,0.0,1.0,34,750,500,250,0.6666666666666666,10,5,5,360.12426007739043,0.6484328579916816,0.05906363925356284,0.22646425812675833,133995.5516581634,2851.009778911577,136846.56143707497,1575,1,799.2352941176471,34,0,18,31.839283661032535,0.6645220588235293,41.16071428571429,1035.3571428571438,30.451680672268935,0
1612,4,0,0,34,0.0,0.0,1.0,34,1100,900,200,0.8181818181818182,13,9,4,360.9085391211657,0.6482843137254902,0.05452818838669571,0.22810363224193936,134180.50063775512,2885.377692743772,137065.87833049888,1576,2,800.2352941176471,34,0,19,31.63396721437052,0.666360294117647,40.98214285714286,1036.071428571429,30.47268907563026,0
1613,4,0,0,34,0.0,0.0,1.0,34,600,200,400,0.3333333333333333,10,2,8,366.00173175906184,0.648135769459299,0.019775884585975234,0.22939099164971355,133872.3232001135,2999.500425170083,136871.82362528358,1577,3,801.2352941176471,34,0,16,31.81055638636451,0.6632965686274509,41.27976190476191,1034.8809523809534,30.437675070028043,4
1614,4,0,1,33,0.0,0.029411764705882353,0.9705882352941176,34,550,500,50,0.9090909090909091,6,5,1,368.4277183353443,0.6488784907902555,0.013378209248046558,0.23129812353255016,133933.93034297053,3068.9944727891148,137002.92481575964,1578,4,802.2352941176471,34,0,17,31.686074372244576,0.6639093137254901,41.220238095238095,1035.1190476190477,30.44467787114846,0
1615,4,0,0,33,0.0,0.0,1.0,33,1200,800,400,0.6666666666666666,16,8,8,370.68449984244256,0.6362847222222223,0.03170163170163187,0.2334041746399881,134042.68340301808,3337.509010957327,137380.1924139754,1579,68,827.4242424242424,33,0,17,31.518737672583832,0.6672979797979798,41.115196078431374,1035.5392156862747,31.379976232917414,0
1616,4,0,0,33,0.0,0.0,1.0,33,950,800,150,0.8421052631578947,11,8,3,371.29384263563605,0.6354955808080809,0.01391806439797949,0.2315852725796108,133693.92368620256,3327.9461324971335,137021.8698186997,1580,69,828.4242424242424,33,0,18,31.852485484062107,0.6638257575757576,41.45220588235295,1034.1911764705892,31.339126559714824,1
1617,4,0,0,33,0.0,0.0,1.0,33,550,200,350,0.36363636363636365,9,2,7,370.22528694324023,0.6347064393939394,0.010742496050553108,0.23111696906811757,133725.6103421762,3301.720492118432,137027.33083429464,1581,70,829.4242424242424,33,0,14,31.848341232227494,0.6641414141414141,41.42156862745099,1034.313725490197,31.342840166369605,0
1618,4,0,0,33,0.0,0.0,1.0,33,450,300,150,0.6666666666666666,6,3,3,371.3043182009649,0.6340751262626263,0.010739951038458484,0.23218896698167013,133788.99491782018,3335.286308150725,137124.28122597092,1582,71,830.4242424242424,33,0,14,31.75689015241254,0.6647727272727272,41.360294117647065,1034.5588235294126,31.35026737967917,0
1619,4,0,0,33,0.0,0.0,1.0,33,550,300,250,0.5454545454545454,8,3,5,370.531363808013,0.6335227272727273,0.007565887466396859,0.23190484096597902,133820.6928374905,3316.9527645617195,137137.64560205222,1583,72,831.4242424242424,33,0,14,31.745109360811714,0.6650883838383839,41.329656862745104,1034.6813725490204,31.35398098633395,0
1620,4,0,0,33,0.0,0.0,1.0,33,500,300,200,0.6,7,3,4,370.5779850185138,0.6329703282828283,0.009028114179091107,0.23233341376995917,133884.09994052778,3322.8999963956267,137206.9999369234,1584,73,832.4242424242424,33,0,15,31.680358200118395,0.6657196969696969,41.26838235294118,1034.926470588236,31.361408199643517,0
1621,4,0,0,33,0.0,0.0,1.0,33,400,300,100,0.75,5,3,2,369.93722191402316,0.6324968434343435,0.01195332034683294,0.23233157721247244,133947.52206182727,3310.434838763946,137257.9569005912,1585,74,833.4242424242424,33,0,15,31.633395485576738,0.6663510101010102,41.20710784313726,1035.1715686274515,31.368835412953075,0
1622,4,0,0,33,0.0,0.0,1.0,33,800,600,200,0.75,10,6,4,369.93722191402316,0.6324968434343435,0.01195332034683294,0.23233157721247244,133947.52206182727,3310.434838763946,137257.9569005912,1586,75,834.4242424242424,33,0,15,31.633395485576738,0.6663510101010102,41.20710784313726,1035.1715686274515,31.368835412953075,0
1623,4,0,0,33,0.0,0.0,1.0,33,550,500,50,0.9090909090909091,6,5,1,369.93722191402316,0.6324968434343435,0.01195332034683294,0.23233157721247244,133947.52206182727,3310.434838763946,137257.9569005912,1587,76,835.4242424242424,33,0,15,31.633395485576738,0.6663510101010102,41.20710784313726,1035.1715686274515,31.368835412953075,0
1624,4,0,0,33,0.0,0.0,1.0,33,300,100,200,0.3333333333333333,5,1,4,371.0601218147385,0.631628787878788,0.010976239669421961,0.23323779085497837,133979.23875432528,3342.8705305651742,137322.10928489047,1588,77,836.4242424242424,33,0,15,31.572561553030315,0.6666666666666666,41.1764705882353,1035.294117647059,31.37254901960785,0
1625,4,0,0,33,0.0,0.0,1.0,33,800,500,300,0.625,11,5,6,372.4244340833941,0.6314709595959597,0.007802555193396232,0.23470237825792425,134074.41135921286,3386.5173551038106,137460.92871431666,1589,78,837.4242424242424,33,0,15,31.441915157969465,0.6676136363636364,41.08455882352941,1035.6617647058827,31.383689839572202,0
1626,4,0,0,33,0.0,0.0,1.0,33,950,800,150,0.8421052631578947,11,8,3,372.6198775968108,0.6298137626262627,-0.0021929117353025607,0.23604841234728322,134264.85794225786,3405.950986399472,137670.80892865732,1590,79,838.4242424242424,33,0,17,31.24618166410469,0.6695075757575757,40.90073529411765,1036.3970588235302,31.405971479500916,0
1627,4,1,1,33,0.029411764705882353,0.029411764705882353,0.9705882352941176,34,650,300,350,0.46153846153846156,10,3,7,363.86092539047695,0.6473559120617944,-0.007089612704586079,0.2317219577486724,134458.16326530627,2984.8143424036452,137442.9776077099,1591,0,814.7352941176471,34,0,17,31.279891720232634,0.6691176470588235,40.71428571428572,1037.1428571428582,30.504201680672303,0
1628,4,0,0,33,0.0,0.0,1.0,33,850,700,150,0.8235294117647058,10,7,3,375.998967767472,0.6298137626262627,-0.002922500026861341,0.23901782616683556,134391.89742226552,3506.242941416768,137898.1403636823,1592,81,840.4242424242424,33,0,18,31.031472836150183,0.670770202020202,40.77818627450981,1036.8872549019613,31.42082590612004,0
1629,4,0,0,33,0.0,0.0,1.0,33,650,400,250,0.6153846153846154,9,4,5,377.61956789748484,0.6293402777777778,-0.0048691069485018446,0.2406756041177944,134487.21645520942,3557.0009131103297,138044.21736831975,1593,82,841.4242424242424,33,0,18,30.894080812854437,0.6717171717171717,40.686274509803916,1037.2549019607834,31.431966726084344,0
1630,4,0,0,33,0.0,0.0,1.0,33,1050,800,250,0.7619047619047619,13,8,5,375.87837978048026,0.6288667929292929,-0.0009733613890439141,0.24040318126745494,134614.36106305252,3519.7255863129394,138134.08664936546,1594,83,842.4242424242424,33,0,19,30.812076838293187,0.672979797979798,40.56372549019607,1037.7450980392146,31.44682115270347,0
1631,4,0,0,33,0.0,0.0,1.0,33,450,300,150,0.6666666666666666,6,3,3,374.0693647680957,0.6278409090909092,0.0019460333472847147,0.2398744579069293,134709.75894187318,3478.158791089946,138187.91773296313,1595,84,843.4242424242424,33,0,19,30.763659347578013,0.6739267676767678,40.471813725490186,1038.112745098038,31.457961972667817,0
1632,4,0,0,33,0.0,0.0,1.0,33,450,200,250,0.4444444444444444,7,2,5,376.23909812114533,0.627209595959596,0.002189029101210771,0.24147709388502572,134741.56574394446,3539.009034986523,138280.57477893098,1596,85,844.4242424242424,33,0,19,30.6755587031791,0.6742424242424243,40.441176470588225,1038.2352941176457,31.4616755793226,0
1633,4,0,0,33,0.0,0.0,1.0,33,750,600,150,0.8,9,6,3,386.45358370207305,0.627209595959596,-0.02612379721384439,0.24124765136431203,133725.61034217622,3735.7482698962094,137461.35861207242,1597,86,845.4242424242424,33,0,16,31.428712480252766,0.6641414141414141,41.42156862745099,1034.3137254901972,31.342840166369612,4
1634,4,0,0,33,0.0,0.0,1.0,33,950,600,350,0.631578947368421,13,6,7,385.2540413870225,0.6274463383838385,-0.022456261262231436,0.2409121938806847,133788.99491782006,3708.5501970395985,137497.54511485965,1598,87,846.4242424242424,33,0,16,31.396094922214324,0.6647727272727273,41.36029411764706,1034.5588235294117,31.350267379679142,0
1635,4,0,0,33,0.0,0.0,1.0,33,600,500,100,0.8333333333333334,7,5,2,385.2540413870225,0.6274463383838385,-0.022456261262231436,0.2409121938806847,133788.99491782006,3708.5501970395985,137497.54511485965,1599,88,847.4242424242424,33,0,16,31.396094922214324,0.6647727272727273,41.36029411764706,1034.5588235294117,31.350267379679142,0
1636,4,0,1,32,0.0,0.030303030303030304,0.9696969696969697,33,1000,900,100,0.9,11,9,2,385.1661624112558,0.6294981060606061,-0.02781635179503783,0.24147945371663362,133884.09994052764,3713.524996395611,137597.62493692324,1600,89,848.4242424242424,33,0,17,31.30291592658378,0.665719696969697,41.268382352941174,1034.926470588235,31.36140819964348,0
1637,4,0,0,32,0.0,0.0,1.0,32,1000,700,300,0.7,13,7,6,387.82657882925736,0.6185315860215054,-0.007547572578677997,0.24344581112115277,133929.26263901655,3988.2655468829835,137917.52818589954,1601,268,873.15625,32,0,17,31.188755387492883,0.6686197916666666,41.22474747474748,1035.101010101011,32.346906565656596,0
1638,4,0,0,32,0.0,0.0,1.0,32,1200,900,300,0.75,15,9,6,387.97204045211186,0.6182795698924731,-0.010815548780487738,0.24397014813706425,133994.6178961331,3997.2330629527696,137991.85095908586,1602,269,874.15625,32,0,18,31.119410569105693,0.6692708333333333,41.161616161616166,1035.3535353535358,32.35479797979799,0
1639,4,0,0,32,0.0,0.0,1.0,32,600,400,200,0.6666666666666666,8,4,4,390.34317641940396,0.6183635752688172,-0.00955559619604962,0.24589821297941283,134059.9890955006,4065.8803948576874,138125.8694903583,1603,270,875.15625,32,0,19,30.992440868080962,0.669921875,41.09848484848486,1035.6060606060619,32.362689393939434,0
1640,4,0,0,32,0.0,0.0,1.0,32,950,700,250,0.7368421052631579,12,7,5,392.0462304767517,0.6194556451612904,-0.0025134048257373642,0.24785295587767533,134190.77932098764,4121.797839506172,138312.57716049382,1604,271,876.15625,32,0,19,30.81713583556747,0.6712239583333334,40.97222222222222,1036.111111111111,32.37847222222222,0
1641,4,0,0,32,0.0,0.0,1.0,32,750,500,250,0.6666666666666666,10,5,5,393.2960684609401,0.6184895833333334,0.00515059690583497,0.24931022594562616,134288.9138385114,4163.060370115294,138451.9742086267,1605,272,877.15625,32,0,19,30.686340195720135,0.6722005208333334,40.87752525252525,1036.489898989899,32.390309343434346,0
1642,4,0,0,32,0.0,0.0,1.0,32,600,500,100,0.8333333333333334,7,5,2,391.22354061595655,0.6182795698924731,0.010297430589381484,0.24866313587757258,134387.0842260995,4115.078180797895,138502.1624068974,1606,273,878.15625,32,0,19,30.641642312063652,0.6731770833333333,40.78282828282829,1036.868686868688,32.4021464646465,0
1643,4,0,0,32,0.0,0.0,1.0,32,600,400,200,0.6666666666666666,8,4,4,390.0314471582905,0.6173975134408602,0.013180919050517659,0.24857318373974835,134485.29048375168,4090.698493776149,138575.98897752783,1607,274,879.15625,32,0,20,30.574152972205315,0.6741536458333334,40.688131313131315,1037.2474747474748,32.41398358585859,0
1644,4,0,0,32,0.0,0.0,1.0,32,700,400,300,0.5714285714285714,10,4,6,389.5932791647602,0.6144573252688172,0.015934876505657503,0.24918810594981822,134616.2879584991,4089.120210947858,138705.40816944695,1608,275,880.15625,32,0,20,30.454333455002622,0.6754557291666667,40.561868686868685,1037.7525252525252,32.42976641414141,0
1645,4,0,0,32,0.0,0.0,1.0,32,650,400,250,0.6153846153846154,9,4,5,389.78102189781015,0.6143313172043011,0.012545620437956151,0.24953271028037385,134649.04729109278,4096.728650137744,138745.77594123053,1609,276,881.15625,32,0,20,30.41666666666667,0.67578125,40.53030303030303,1037.878787878788,32.433712121212125,0
1646,4,0,0,32,0.0,0.0,1.0,32,1150,800,350,0.6956521739130435,15,8,7,385.7381953233986,0.6134492607526882,0.01767857142857121,0.24806072373220914,134812.90373750127,4000.497238802164,138813.40097630344,1610,277,882.15625,32,0,17,30.35764944275582,0.6774088541666667,40.37247474747475,1038.5101010101012,32.45344065656566,0
1647,4,1,1,32,0.030303030303030304,0.030303030303030304,0.9696969696969697,33,750,500,250,0.6666666666666666,10,5,5,375.0977239570795,0.6321022727272728,0.016515937308016593,0.24329733104372017,135123.54022491336,3536.906478277565,138660.44670319092,1611,0,856.3939393939394,33,0,18,30.32374666038032,0.6780303030303031,40.073529411764696,1039.70588235294,31.50623885918,0
1648,4,0,0,32,0.0,0.0,1.0,32,650,600,50,0.9230769230769231,7,6,1,383.0667354395959,0.611265120967742,0.04191459172464307,0.23939479507678194,133765.9442435722,3848.256714876047,137614.20095844823,1612,279,884.15625,32,0,17,31.475802514341527,0.6669921875,41.382575757575765,1034.4696969696977,32.32717803030305,2
1649,4,0,0,32,0.0,0.0,1.0,32,450,100,350,0.2222222222222222,8,1,7,381.3702085491641,0.6100050403225807,0.047944630872482685,0.23875697930178788,133831.25964506195,3807.8510802469395,137639.11072530888,1613,280,885.15625,32,0,17,31.45413870246085,0.6676432291666665,41.31944444444446,1034.722222222224,32.3350694444445,0
1650,4,0,0,32,0.0,0.0,1.0,32,450,200,250,0.4444444444444444,7,2,5,393.2745483536861,0.6100050403225807,0.009213223595643472,0.24106874228041783,133048.52701573816,4064.919874247524,137113.44688998567,1614,281,886.15625,32,0,16,31.93356586301148,0.6598307291666667,42.0770202020202,1031.691919191919,32.24037247474747,4
1651,4,2,0,34,0.058823529411764705,0.0,1.0,34,1150,1000,150,0.8695652173913043,13,10,3,376.99457179390583,0.6449049316696376,0.012409289839063753,0.23019102518678686,132902.97752066507,3221.4137802035466,136124.39130086862,1615,0,834.9705882352941,33,1,18,32.49990095871959,0.6559343434343434,42.218137254901954,1031.1274509803916,31.2462863933452,6
1652,4,0,0,34,0.0,0.0,1.0,34,700,400,300,0.5714285714285714,10,4,6,377.61226127311363,0.6466131907308378,0.010763811227913367,0.23095819701122997,132966.16685890045,3241.9309880815063,136208.09784698195,1616,1,835.9705882352941,33,1,19,32.420389733840295,0.6565656565656566,42.15686274509804,1031.372549019608,31.253713606654788,0
1653,4,0,0,34,0.0,0.0,1.0,34,650,500,150,0.7692307692307693,8,5,3,377.21101435502254,0.6468360071301248,0.005080150378041548,0.23110351665506398,133029.3712153979,3236.0288110342153,136265.40002643212,1617,2,836.9705882352941,33,1,19,32.3671497584541,0.6571969696969697,42.095588235294116,1031.6176470588234,31.261140819964346,0
1654,4,0,0,34,0.0,0.0,1.0,34,600,300,300,0.5,9,3,6,377.0967214132171,0.6462418300653595,0.004149783428811116,0.23142524739790715,133092.5905901576,3237.755911187999,136330.3465013456,1618,3,837.9705882352941,33,1,20,32.30651227236738,0.6578282828282829,42.03431372549019,1031.8627450980389,31.268568033273905,0
1655,4,0,0,34,0.0,0.0,1.0,34,800,500,300,0.625,11,5,6,377.5949285496405,0.6457219251336899,0.005119644628214681,0.23212441520037025,133155.82498317948,3255.7928440984165,136411.6178272779,1619,4,838.9705882352941,33,1,20,32.23007203356288,0.658459595959596,41.97303921568627,1032.1078431372546,31.275995246583474,0
1656,4,0,0,34,0.0,0.0,1.0,34,850,500,350,0.5882352941176471,12,5,7,378.8499428645312,0.6433452168746286,0.0058907283843774305,0.2340870468080843,133345.6182718185,3303.5959727028076,136649.2142445213,1620,5,839.9705882352941,33,1,20,32.00690159784845,0.6603535353535354,41.78921568627451,1032.8431372549019,31.298276886512177,0
1657,4,0,0,34,0.0,0.0,1.0,34,1050,800,250,0.7619047619047619,13,8,5,381.45720672283306,0.6426396316102199,0.011020254383333317,0.23630166861720817,133440.56560277293,3380.3730836697396,136820.93868644268,1621,6,840.9705882352941,33,1,20,31.844161428063103,0.661300505050505,41.697303921568626,1033.210784313725,31.309417706476516,0
1658,4,0,0,34,0.0,0.0,1.0,34,800,600,200,0.75,10,6,4,360.3936254059984,0.6437908496732027,0.014791084452321135,0.21449634394853573,131938.9526643992,2709.991496598655,134648.94416099787,1622,7,841.9705882352941,34,0,18,33.898223252220944,0.6439950980392156,43.15476190476191,1027.3809523809532,30.21708683473392,8
1659,4,0,0,34,0.0,0.0,1.0,34,600,500,100,0.8333333333333334,7,5,2,362.76128610828846,0.6437908496732027,0.012641061985498414,0.21625382746455438,132000.11337868482,2776.906179138321,134777.01955782314,1623,8,842.9705882352941,34,0,18,33.77572791164658,0.6446078431372548,43.095238095238095,1027.6190476190477,30.224089635854344,0
1660,4,0,0,34,0.0,0.0,1.0,34,800,700,100,0.875,9,7,2,362.1179993225039,0.6423054070112894,0.01978721085469881,0.21656863172777993,132122.47732426302,2768.7854308389988,134891.262755102,1624,9,843.9705882352941,34,0,18,33.66889570788946,0.6458333333333333,42.976190476190474,1028.0952380952378,30.23809523809523,0
1661,4,0,0,34,0.0,0.0,1.0,34,750,500,250,0.6666666666666666,10,5,5,362.1179993225039,0.6423054070112894,0.01978721085469881,0.21656863172777993,132122.47732426302,2768.7854308389988,134891.262755102,1625,10,844.9705882352941,34,0,18,33.66889570788946,0.6458333333333333,42.976190476190474,1028.0952380952378,30.23809523809523,0
1662,4,0,0,34,0.0,0.0,1.0,34,550,400,150,0.7272727272727273,7,4,3,362.1179993225039,0.6423054070112894,0.01978721085469881,0.21656863172777993,132122.47732426302,2768.7854308389988,134891.262755102,1626,11,845.9705882352941,34,0,18,33.66889570788946,0.6458333333333333,42.976190476190474,1028.0952380952378,30.23809523809523,0
1663,4,0,0,34,0.0,0.0,1.0,34,750,600,150,0.8,9,6,3,362.08275527137664,0.6425653594771242,0.020133154523237495,0.21742578792911516,132275.51197562364,2778.9363662131595,135054.4483418368,1627,12,846.9705882352941,34,0,18,33.515603903869156,0.6473651960784313,42.827380952380956,1028.6904761904766,30.25560224089637,0
1664,4,1,1,34,0.02857142857142857,0.02857142857142857,0.9714285714285714,35,1100,800,300,0.7272727272727273,14,8,6,354.73286778709615,0.659733893557423,0.010668868703550993,0.21457617526981684,132551.19756235817,2404.1099773242504,134955.30753968243,1628,0,823.7428571428571,34,1,19,33.42726396917148,0.6501225490196079,42.5595238095238,1029.761904761904,30.28711484593835,0
1665,4,0,0,34,0.0,0.0,1.0,34,800,500,300,0.625,11,5,6,358.89847335905216,0.6421197266785502,0.01517484671165037,0.21730423415774278,132587.25610342162,2717.072760476724,135304.32886389835,1629,14,848.9705882352941,33,1,20,33.283753768046964,0.6527777777777779,42.52450980392156,1029.9019607843125,31.209150326797346,0
1666,4,0,0,34,0.0,0.0,1.0,34,650,600,50,0.9230769230769231,7,6,1,358.41579909980146,0.6426396316102199,0.017571482554478157,0.2173768547787105,132650.37035034577,2708.797698000737,135359.1680483465,1630,15,849.9705882352941,33,1,17,33.23271076215401,0.653409090909091,42.46323529411763,1030.1470588235272,31.216577540106886,0
1667,4,1,0,35,0.02857142857142857,0.0,1.0,35,950,800,150,0.8421052631578947,11,8,3,347.24467166607445,0.6606442577030812,0.01423628274839328,0.2135185321521181,133164.8596938775,2248.1575963718706,135413.01729024935,1631,0,826.6571428571428,34,1,18,33.00413302575932,0.65625,41.96428571428571,1032.1428571428567,30.357142857142843,0
1668,4,1,1,35,0.027777777777777776,0.027777777777777776,0.9722222222222222,36,900,800,100,0.8888888888888888,10,8,2,336.8886576482832,0.6747685185185186,0.017025089605734678,0.20887096774193536,133472.22222222207,1793.0555555555366,135265.2777777776,1632,0,804.6666666666666,35,1,19,32.96370967741935,0.6571428571428573,41.66666666666666,1033.3333333333321,29.52380952380949,0
1669,4,0,0,35,0.0,0.0,1.0,35,950,500,450,0.5263157894736842,14,5,9,348.14189744568426,0.6593137254901961,0.026029697428637144,0.21549039843321302,133410.72137188195,2289.1723356008906,135699.89370748284,1633,2,828.6571428571428,34,1,19,32.73459706537604,0.658700980392157,41.72619047619047,1033.0952380952372,30.385154061624622,0
1670,4,0,0,35,0.0,0.0,1.0,35,900,500,400,0.5555555555555556,13,5,8,347.70973750603724,0.6586834733893557,0.029960180340277143,0.21593819320653862,133533.7372448977,2286.196145124682,135819.93339002237,1634,3,829.6571428571428,34,1,19,32.622571604085074,0.6599264705882355,41.60714285714284,1033.5714285714264,30.399159663865483,0
1671,4,0,0,35,0.0,0.0,1.0,35,1150,700,450,0.6086956521739131,16,7,9,348.0978360840909,0.6573529411764706,0.03710831482852228,0.21671897536848214,133626.03635204065,2302.9868197278693,135929.02317176852,1635,4,830.6571428571428,34,1,19,32.52014968336211,0.6608455882352943,41.51785714285713,1033.92857142857,30.409663865546175,0
1672,4,0,0,35,0.0,0.0,1.0,35,600,500,100,0.8333333333333334,7,5,2,346.7501124952834,0.6574929971988795,0.03113295957121487,0.21660041175208583,133749.15143140568,2275.506660997707,136024.65809240338,1636,5,831.6571428571428,34,1,16,32.4318103349062,0.6620710784313726,41.39880952380951,1034.4047619047603,30.423669467787068,0
1673,4,0,0,35,0.0,0.0,1.0,35,1250,1000,250,0.8,15,10,5,345.2463116651463,0.6581232492997199,0.03477200843437056,0.21264034195739676,133226.30385487515,2199.1780045351334,135425.4818594103,1637,6,832.6571428571428,34,1,17,32.994119003690045,0.6568627450980392,41.9047619047619,1032.3809523809514,30.364145658263276,1
1674,4,1,1,35,0.027777777777777776,0.027777777777777776,0.9722222222222222,36,1050,700,350,0.6666666666666666,14,7,7,338.0378543257881,0.6691468253968255,0.040875281415973186,0.21043150889841553,133621.7625412593,1833.842780135445,135455.60532139475,1638,0,810.5,35,1,20,32.78445557670063,0.6586309523809524,41.52199074074073,1033.912037037036,29.540343915343886,0
1675,4,0,0,35,0.0,0.0,1.0,35,1050,900,150,0.8571428571428571,12,9,3,341.55797155822023,0.6696778711484593,0.039419298620587906,0.2133570966836358,133749.1514314058,2136.6177721088334,135885.76920351465,1639,1,814.3142857142857,34,1,18,32.56607971765067,0.6620710784313726,41.39880952380952,1034.4047619047612,30.423669467787096,0
1676,4,0,0,35,0.0,0.0,1.0,35,550,200,350,0.36363636363636365,9,2,7,340.54989598244606,0.6688375350140056,0.03919118855827719,0.21290493497032056,133779.93905895686,2111.748866213141,135891.68792517,1640,2,815.3142857142857,34,1,18,32.561373225930176,0.6623774509803921,41.36904761904761,1034.523809523809,30.42717086834732,0
1677,4,0,0,35,0.0,0.0,1.0,35,950,700,250,0.7368421052631579,12,7,5,340.1279434739489,0.6693277310924369,0.036894352771021044,0.21299654788728842,133841.5249433106,2104.6485260770855,135946.17346938766,1641,3,816.3142857142857,34,1,19,32.51073784322749,0.6629901960784315,41.3095238095238,1034.7619047619041,30.434173669467768,0
1678,4,0,0,35,0.0,0.0,1.0,35,800,400,400,0.5,12,4,8,353.6724242492306,0.6700280112044817,0.020013540961408394,0.2207836731259991,133725.61034217622,2489.65629143816,136215.26663361437,1642,4,817.3142857142857,33,2,17,32.27636255924171,0.6641414141414141,41.42156862745099,1034.3137254901972,31.342840166369612,4
1679,4,0,0,35,0.0,0.0,1.0,35,750,500,250,0.6666666666666666,10,5,5,352.92295079383376,0.6704481792717086,0.02199468580229147,0.22050500574765022,133757.30075271544,2441.2042543733332,136198.50500708877,1643,5,818.3142857142857,33,2,17,32.26402381234452,0.6644570707070706,41.390931372549026,1034.436274509805,31.34655377302439,0
1680,4,0,0,35,0.0,0.0,1.0,35,1150,1000,150,0.8695652173913043,13,10,3,354.50879772799135,0.6712885154061624,0.026094606483048066,0.22206767715245992,133852.39451172634,2490.370290272982,136342.76480199932,1644,6,819.3142857142857,33,2,17,32.12784225485552,0.6654040404040404,41.29901960784314,1034.803921568628,31.35769459298873,0
1681,4,0,0,35,0.0,0.0,1.0,35,950,500,450,0.5263157894736842,14,5,9,354.3595577489082,0.6697478991596638,0.023340040241448756,0.22293253190026238,134010.9592013888,2497.612847222213,136508.572048611,1645,7,820.3142857142857,33,2,18,31.973088531187123,0.6669823232323233,41.14583333333333,1035.4166666666658,31.3762626262626,0
1682,4,0,0,35,0.0,0.0,1.0,35,650,500,150,0.7692307692307693,8,5,3,354.494590525542,0.6685574229691876,0.026698224852071517,0.22321008121764735,134042.68340301793,2503.4812331795365,136546.16463619747,1646,8,821.3142857142857,33,2,18,31.937869822485215,0.6672979797979799,41.11519607843137,1035.5392156862736,31.379976232917382,0
1683,4,0,0,35,0.0,0.0,1.0,35,650,500,150,0.7692307692307693,8,5,3,357.42901344011045,0.6686274509803921,0.021828260465431182,0.22564207995588137,134137.87853529878,2588.953917964231,136726.83245326302,1647,9,822.3142857142857,33,2,18,31.766705114555,0.6682449494949496,41.02328431372548,1035.9068627450968,31.39111705288172,0
1684,4,0,0,35,0.0,0.0,1.0,35,750,500,250,0.6666666666666666,10,5,5,359.87299793214237,0.6676470588235294,0.021187800963081926,0.2275786235988228,134201.36072964725,2659.0892024702025,136860.44993211745,1648,10,823.3142857142857,33,2,18,31.639931992903612,0.6688762626262627,40.96200980392157,1036.1519607843136,31.398544266191323,0
1685,4,0,0,35,0.0,0.0,1.0,35,600,300,300,0.5,9,3,6,361.05820576717673,0.6676470588235294,0.00908355795148208,0.23336688909341918,134996.15532487506,2748.2939254133016,137744.44925028837,1649,11,824.3142857142857,33,2,16,30.815644654088047,0.6767676767676767,40.19607843137255,1039.2156862745098,31.491384432560903,1
1686,4,0,0,35,0.0,0.0,1.0,35,800,700,100,0.875,9,7,2,361.35220340662306,0.6674369747899159,0.016465119412537366,0.23396865567137234,135059.84026576325,2760.8341743560286,137820.67444011927,1650,12,825.3142857142857,33,2,17,30.744517802405102,0.6773989898989898,40.13480392156863,1039.4607843137262,31.49881164587049,0
1687,4,0,0,35,0.0,0.0,1.0,35,1250,1000,250,0.8,15,10,5,358.46914999364867,0.665266106442577,0.013639423724249644,0.2333348270817554,135250.9851980008,2696.661139946179,137947.64633794696,1651,13,826.3142857142857,33,2,18,30.629025290606354,0.6792929292929293,39.950980392156865,1040.1960784313726,31.521093285799168,0
1688,4,1,0,36,0.027777777777777776,0.0,1.0,36,850,600,250,0.7058823529411765,11,6,5,352.2815291360439,0.6757936507936508,0.017757584993840503,0.23156356862593885,135602.68034297042,2354.0639172335523,137956.74426020397,1652,0,804.3333333333334,34,2,20,30.440145540442725,0.680453431372549,39.613095238095234,1041.5476190476184,30.63375350140054,0
1689,4,0,0,36,0.0,0.0,1.0,36,950,700,250,0.7368421052631579,12,7,5,354.6568534181029,0.6739087301587302,0.016933207902164238,0.2341616367599025,135761.365820838,2429.743306636366,138191.10912747437,1653,1,805.3333333333334,33,3,21,30.22058247099405,0.6843434343434345,39.46078431372548,1042.1568627450968,31.58051099227566,0
1690,4,0,0,36,0.0,0.0,1.0,36,550,400,150,0.7272727272727273,7,4,3,354.25729098731904,0.6736772486772488,0.018221307727480873,0.23410709089721432,135793.29652357264,2421.1530721357167,138214.44959570837,1654,2,806.3333333333334,33,3,22,30.199270037232996,0.6846590909090908,39.43014705882353,1042.2794117647059,31.58422459893048,0
1691,4,0,0,36,0.0,0.0,1.0,36,950,700,250,0.7368421052631579,12,7,5,352.93741174500843,0.672255291005291,0.021060979908354094,0.2344926082249622,135984.95958585633,2398.8359344963396,138383.79552035267,1655,3,807.3333333333334,33,3,19,30.043350761759278,0.6865530303030303,39.24632352941176,1043.0147058823525,31.606506238859165,0
1692,4,0,0,36,0.0,0.0,1.0,36,1350,900,450,0.6666666666666666,18,9,9,355.33785390382724,0.6723544973544974,0.020038890193928793,0.23672507731902864,136080.8418036333,2470.9348567858547,138551.77666041916,1656,4,808.3333333333334,33,3,19,29.885580612324805,0.6875,39.154411764705884,1043.3823529411768,31.61764705882354,0
1693,4,0,1,35,0.0,0.027777777777777776,0.9722222222222222,36,800,400,400,0.5,12,4,8,356.88796002154146,0.6716269841269842,0.015735086895255934,0.238186353255756,136144.78205497886,2517.6867070357566,138662.4687620146,1657,5,809.3333333333334,33,3,19,29.781685454830125,0.6881313131313131,39.09313725490196,1043.6274509803923,31.625074272133098,0
1694,4,0,1,34,0.0,0.02857142857142857,0.9714285714285714,35,800,600,200,0.75,10,6,4,363.32055762055506,0.6618347338935574,0.016527926960257844,0.24160817081766917,136016.91657054974,2883.5483948481274,138900.46496539787,1658,20,833.3142857142857,33,2,19,29.740856046365895,0.6868686868686869,39.2156862745098,1043.1372549019604,31.610219845513953,0
1695,4,0,0,34,0.0,0.0,1.0,34,500,400,100,0.8,6,4,2,367.00777984276124,0.6514408793820559,0.0351018373451073,0.24368844545829677,135962.68875624952,3179.872908376713,139142.56166462624,1659,21,857.5588235294117,32,2,19,29.698597659402726,0.6888020833333333,39.267676767676775,1042.9292929292942,32.591540404040444,0
1696,4,0,0,34,0.0,0.0,1.0,34,1050,900,150,0.8571428571428571,12,9,3,366.0062414128507,0.6519236482471777,0.034480426564914346,0.24369940151445504,136061.4689349302,3159.869369197037,139221.33830412722,1660,22,858.5588235294117,32,2,21,29.6265480656743,0.6897786458333333,39.17297979797981,1043.3080808080815,32.60337752525255,0
1697,4,0,0,34,0.0,0.0,1.0,34,1100,800,300,0.7272727272727273,14,8,6,364.3534834144689,0.6512180629827689,0.02475881499188959,0.24372771851705724,136226.1822773186,3126.896808999082,139353.0790863177,1661,23,859.5588235294117,32,2,21,29.506077648766333,0.69140625,39.015151515151516,1043.9393939393938,32.623106060606055,0
1698,4,0,0,34,0.0,0.0,1.0,34,900,600,300,0.6666666666666666,12,6,6,366.605499815938,0.6514037433155081,0.02244029792349922,0.24546241926947293,136259.13690248443,3190.6697977247286,139449.80670020916,1662,24,860.5588235294117,32,2,21,29.41458056193818,0.6917317708333333,38.98358585858586,1044.0656565656566,32.62705176767677,0
1699,4,0,0,34,0.0,0.0,1.0,34,400,100,300,0.25,7,1,6,367.57265739572387,0.6512923351158646,0.026225193826018733,0.24633921204721537,136292.09551321302,3219.4495459647096,139511.54505917773,1663,25,861.5588235294117,32,2,21,29.356610237807324,0.6920572916666666,38.95202020202021,1044.1919191919199,32.630997474747495,0
1700,4,0,0,34,0.0,0.0,1.0,34,800,500,300,0.625,11,5,6,360.39337000507174,0.6512923351158646,0.025617591669436113,0.2362578758922135,135506.05536332165,2967.09678969625,138473.1521530179,1664,26,862.5588235294117,33,1,22,30.325054927809163,0.6818181818181819,39.70588235294117,1041.176470588234,31.550802139037394,3
1701,4,0,0,34,0.0,0.0,1.0,34,450,200,250,0.4444444444444444,7,2,5,360.39337000507174,0.6512923351158646,0.025617591669436113,0.2362578758922135,135506.05536332165,2967.09678969625,138473.1521530179,1665,27,863.5588235294117,33,1,22,30.325054927809163,0.6818181818181819,39.70588235294117,1041.176470588234,31.550802139037394,0
1702,4,0,0,34,0.0,0.0,1.0,34,900,600,300,0.6666666666666666,12,6,6,360.64,0.6526292335115865,0.024470588235294244,0.23726315789473695,135633.6805555556,2983.0461841599436,138616.72673971552,1666,28,864.5588235294117,32,2,22,30.191666666666677,0.685546875,39.583333333333336,1041.666666666667,32.55208333333334,0
1703,4,0,0,34,0.0,0.0,1.0,34,750,300,450,0.4,12,3,9,360.64,0.6526292335115865,0.024470588235294244,0.23726315789473695,135633.6805555556,2982.986111111116,138616.66666666672,1667,29,865.5588235294117,32,2,22,30.191666666666677,0.685546875,39.583333333333336,1041.666666666667,32.55208333333334,0
1704,4,0,0,34,0.0,0.0,1.0,34,750,600,150,0.8,9,6,3,360.2602589508115,0.6514780154486037,0.030908546624756728,0.23766809889057136,135732.34116735542,2979.793675390272,138712.1348427457,1668,30,866.5588235294117,32,2,22,30.103447231309826,0.6865234375,39.48863636363637,1042.045454545455,32.56392045454547,0
1705,4,0,0,34,0.0,0.0,1.0,34,850,500,350,0.5882352941176471,12,5,7,361.2123016309839,0.6496954842543078,0.0397203086151503,0.2391764213766667,135863.94444763288,3015.145616518722,138879.0900641516,1669,31,867.5588235294117,32,2,19,29.94782204997781,0.6878255208333334,39.36237373737374,1042.5505050505049,32.57970328282828,0
1706,4,0,0,34,0.0,0.0,1.0,34,1000,900,100,0.9,11,9,2,371.13980177921115,0.6496954842543078,0.06215039284921309,0.23610930999323496,134419.81565975418,3177.708747831861,137597.52440758605,1670,32,868.5588235294117,32,2,21,31.12951012622265,0.6735026041666666,40.75126262626263,1036.99494949495,32.40609217171719,2
1707,4,0,0,34,0.0,0.0,1.0,34,1000,600,400,0.6,14,6,8,370.6674954777808,0.6493241235888295,0.06290859618345213,0.23623223237781002,134485.2904837518,3169.8651604428305,137655.15564419463,1671,33,869.5588235294117,32,2,21,31.076283221748838,0.6741536458333333,40.68813131313132,1037.2474747474757,32.41398358585862,0
1708,4,0,0,34,0.0,0.0,1.0,34,750,600,150,0.8,9,6,3,370.6674954777808,0.6493241235888295,0.06290859618345213,0.23623223237781002,134485.2904837518,3169.8651604428305,137655.15564419463,1672,34,870.5588235294117,32,2,21,31.076283221748838,0.6741536458333333,40.68813131313132,1037.2474747474757,32.41398358585862,0
1709,4,0,0,34,0.0,0.0,1.0,34,500,400,100,0.8,6,4,2,369.72305123448797,0.6495840760546643,0.060147738822956764,0.23626625466913098,134583.53261146825,3151.726864605658,137735.2594760739,1673,35,871.5588235294117,32,2,21,31.00257564695384,0.6751302083333333,40.593434343434346,1037.626262626263,32.42582070707072,0
1710,4,0,0,34,0.0,0.0,1.0,34,1050,800,250,0.7619047619047619,13,8,5,370.6229034407286,0.6488784907902555,0.06234750316620996,0.2374817528594101,134681.81060924914,3183.232737730853,137865.04334697998,1674,36,872.5588235294117,32,2,21,30.881026233629324,0.6761067708333333,40.49873737373738,1038.005050505051,32.437657828282845,0
1711,4,0,0,34,0.0,0.0,1.0,34,1050,900,150,0.8571428571428571,12,9,3,367.88856568608134,0.6479500891265597,0.05911678873884152,0.23636840345330745,134780.12447709427,3116.813335373952,137896.9378124682,1675,37,873.5588235294117,32,2,20,30.853801880674435,0.6770833333333333,40.40404040404041,1038.3838383838392,32.44949494949498,0
1712,4,0,0,34,0.0,0.0,1.0,34,550,300,250,0.5454545454545454,8,3,5,367.88856568608134,0.647690136660725,0.05911678873884152,0.23636840345330745,134780.12447709427,3116.813335373952,137896.9378124682,1676,38,874.5588235294117,32,2,20,30.853801880674435,0.6770833333333333,40.40404040404041,1038.3838383838392,32.44949494949498,0
1713,4,0,0,34,0.0,0.0,1.0,34,350,0,350,0.0,7,0,7,367.88856568608134,0.647690136660725,0.05911678873884152,0.23636840345330745,134780.12447709427,3116.813335373952,137896.9378124682,1677,39,875.5588235294117,32,2,20,30.853801880674435,0.6770833333333333,40.40404040404041,1038.3838383838392,32.44949494949498,0
1714,4,0,0,34,0.0,0.0,1.0,34,800,500,300,0.625,11,5,6,368.3977236981327,0.6475415923945336,0.05261088392576285,0.23755301493638226,134911.26543209888,3140.2006172839683,138051.46604938284,1678,40,876.5588235294117,32,2,20,30.709670231729064,0.6783854166666665,40.277777777777786,1038.8888888888898,32.46527777777781,0
1715,4,0,0,34,0.0,0.0,1.0,34,1100,600,500,0.5454545454545454,16,6,10,367.3477172243217,0.6456476530005942,0.049543308886016435,0.23881950645435995,135206.5657362771,3133.5646553923298,138340.13039166943,1679,41,877.5588235294117,32,2,20,30.442414309416865,0.6813151041666666,39.99368686868688,1040.025252525254,32.50078914141419,0
1716,4,0,0,34,0.0,0.0,1.0,34,800,500,300,0.625,11,5,6,377.710807722558,0.6460561497326204,0.06397566906505614,0.24826585282098668,135600.80165608105,3443.577664268952,139044.37932035,1680,42,878.5588235294117,32,2,20,29.779872307754463,0.6852213541666667,39.61489898989899,1041.5404040404042,32.54813762626263,1
1717,4,1,1,34,0.02857142857142857,0.02857142857142857,0.9714285714285714,35,850,700,150,0.8235294117647058,10,7,3,366.84757319389394,0.6628851540616246,0.05283044215687949,0.24286165798914056,135857.16919273834,2967.774563869663,138824.943756608,1681,0,854.4285714285714,33,2,21,29.80768288860154,0.6852904040404041,39.368872549019606,1042.5245098039213,31.59165181224004,0
1718,4,0,0,34,0.0,0.0,1.0,34,600,500,100,0.8333333333333334,7,5,2,376.09831395711007,0.6475044563279858,0.05821776251086819,0.24834523867215905,135765.2360090808,3412.2152714008903,139177.4512804817,1682,44,880.5588235294117,32,2,21,29.65809506501898,0.6868489583333333,39.45707070707071,1042.171717171718,32.56786616161619,0
1719,4,0,0,34,0.0,0.0,1.0,34,600,500,100,0.8333333333333334,7,5,2,375.7679404407788,0.6487299465240642,0.05450581395348886,0.24858494521466917,135831.0376492195,3408.1898530762255,139239.22750229572,1683,45,881.5588235294117,32,2,21,29.601199127906977,0.6875,39.3939393939394,1042.4242424242427,32.575757575757585,0
1720,4,0,0,34,0.0,0.0,1.0,34,700,500,200,0.7142857142857143,9,5,4,375.0785766443203,0.6486928104575164,0.05361645748151567,0.24858739052398043,135896.85523160893,3394.39980614222,139291.25503775117,1684,46,882.5588235294117,32,2,18,29.55366513280051,0.6881510416666667,39.330808080808076,1042.676767676767,32.58364898989897,0
1721,4,0,0,34,0.0,0.0,1.0,34,900,700,200,0.7777777777777778,11,7,4,376.3645809138637,0.6488042186571599,0.0576877888305789,0.2501325666073553,135995.6114969135,3436.7862654320897,139432.3977623456,1685,47,883.5588235294117,32,2,20,29.42188193519752,0.6891276041666667,39.23611111111111,1043.055555555555,32.59548611111109,0
1722,4,0,0,34,0.0,0.0,1.0,34,1000,700,300,0.7,13,7,6,378.04917281471904,0.64965834818776,0.05606817890554949,0.2514848845245739,136028.53822314047,3485.0952708907216,139513.63349403118,1686,48,884.5588235294117,32,2,20,29.345194868070696,0.689453125,39.20454545454545,1043.1818181818178,32.599431818181806,0
1723,4,0,1,33,0.0,0.029411764705882353,0.9705882352941176,34,800,500,300,0.625,11,5,6,376.71069880736036,0.6499554367201427,0.05804785015869407,0.2515258995429436,136160.28498367514,3458.607221201922,139618.89220487708,1687,49,885.5588235294117,32,2,21,29.24908258730543,0.6907552083333334,39.07828282828283,1043.6868686868688,32.61521464646465,0
1724,4,0,0,33,0.0,0.0,1.0,33,500,400,100,0.8,6,4,2,382.1854817258532,0.6421243686868687,0.0758842638288535,0.2545679355834796,136074.84817504874,3801.166280110662,139876.0144551594,1688,50,911.2121212121212,31,2,21,29.191236116310982,0.6925403225806452,39.16015624999999,1043.3593749999993,33.65675403225804,0
1725,4,0,0,33,0.0,0.0,1.0,33,1100,800,300,0.7272727272727273,14,8,6,381.18904471458524,0.6414141414141414,0.07013365091967771,0.25439052401227297,136142.783694797,3779.227532280806,139922.0112270778,1689,51,912.2121212121212,31,2,21,29.14964129756707,0.693212365591398,39.09505208333333,1043.6197916666658,33.665154569892444,0
1726,4,0,0,33,0.0,0.0,1.0,33,750,500,250,0.6666666666666666,10,5,5,379.8338347650882,0.6414930555555556,0.07164321271842766,0.25397229802432947,136210.7361687553,3747.489251030796,139958.2254197861,1690,52,913.2121212121212,31,2,21,29.11742235250093,0.6938844086021506,39.02994791666666,1043.8802083333323,33.67355510752685,0
1727,4,0,0,33,0.0,0.0,1.0,33,400,200,200,0.5,6,2,4,381.58463817150607,0.6422032828282829,0.07330621816716087,0.25572973725108217,136292.09551321293,3801.3939904091385,140093.48950362206,1691,53,914.2121212121212,32,1,21,28.990830310358707,0.6920572916666667,38.9520202020202,1044.1919191919192,32.630997474747474,0
1728,4,0,0,33,0.0,0.0,1.0,33,600,400,200,0.6666666666666666,8,4,4,380.2452723726509,0.6402304292929294,0.07216472191091494,0.255784502732627,136423.96981175384,3774.9139118457188,140198.88372359955,1692,54,915.2121212121212,32,1,21,28.894730481024894,0.693359375,38.82575757575757,1044.696969696969,32.64678030303028,0
1729,4,0,0,33,0.0,0.0,1.0,33,700,400,300,0.5714285714285714,10,4,6,379.19893215248413,0.641177398989899,0.06736529138655767,0.2555578471086285,136489.93087440048,3751.3672074277997,140241.29808182828,1693,55,916.2121212121212,32,1,21,28.856532946673106,0.6940104166666667,38.762626262626256,1044.9494949494942,32.654671717171695,0
1730,4,0,0,33,0.0,0.0,1.0,33,700,500,200,0.7142857142857143,9,5,4,378.98675642517395,0.6392834595959597,0.07019585881767298,0.2561331719546133,136588.90236009075,3753.077013825108,140341.97937391585,1694,56,917.2121212121212,32,1,21,28.763789910214598,0.6949869791666667,38.66792929292929,1045.3282828282822,32.66650883838382,0
1731,4,0,0,33,0.0,0.0,1.0,33,1100,900,200,0.8181818181818182,13,9,4,381.4377231674018,0.6380208333333334,0.0739569609134827,0.2580314009661836,136621.90082644636,3822.549357208455,140444.45018365482,1695,57,918.2121212121212,32,1,21,28.666968599033826,0.6953125,38.63636363636364,1045.454545454546,32.67045454545456,0
1732,4,0,0,33,0.0,0.0,1.0,33,750,500,250,0.6666666666666666,10,5,5,403.4963387427522,0.6380208333333334,0.06453231782018931,0.2564637719624985,134387.08422609937,4244.93929190899,138632.02351800835,1696,58,919.2121212121212,32,1,19,30.323510310115278,0.6731770833333334,40.782828282828284,1036.8686868686868,32.402146464646464,4
1733,4,1,1,33,0.029411764705882353,0.029411764705882353,0.9705882352941176,34,650,400,250,0.6153846153846154,9,4,5,392.98120775996597,0.6508467023172906,0.05443206140674661,0.2513691995061739,134618.33530002157,3780.694476702581,138399.02977672414,1697,0,893.1470588235294,31,3,19,30.36438728565456,0.6780913978494625,40.55989583333333,1037.7604166666656,33.476142473118244,0
1734,4,0,0,33,0.0,0.0,1.0,33,1050,800,250,0.7619047619047619,13,8,5,404.1158703163367,0.6373895202020202,0.05439005439005462,0.25875478860553486,134655.38826742975,4283.275884495315,138938.66415192507,1698,60,921.2121212121212,30,3,20,30.03836441336441,0.68125,40.524193548387096,1037.9032258064515,34.596774193548384,0
1735,4,0,0,33,0.0,0.0,1.0,33,1000,800,200,0.8,12,8,4,401.8315903703934,0.6380997474747475,0.056079824912339094,0.25828210209664376,134794.92752052256,4232.9720198866935,139027.89954040924,1699,61,922.2121212121212,30,3,17,29.957826387091213,0.6826388888888889,40.38978494623656,1038.4408602150534,34.614695340501775,0
1736,4,0,0,33,0.0,0.0,1.0,33,700,500,200,0.7142857142857143,9,5,4,402.89853483516805,0.6347853535353536,0.056686681326360455,0.25988095468470546,134922.538333469,4272.0186021592945,139194.5569356283,1700,62,923.2121212121212,31,2,17,29.802319630697244,0.6811155913978495,40.266927083333336,1038.932291666667,33.51394489247313,0
1737,4,1,0,34,0.029411764705882353,0.0,1.0,34,700,400,300,0.5714285714285714,10,4,6,392.6942925817703,0.6466874628639335,0.0599871501998861,0.2559969122526732,135305.07091113165,3826.7058208346334,139131.7767319663,1701,0,897.0294117647059,32,2,18,29.68497168284791,0.6822916666666666,39.89898989898991,1040.4040404040416,32.5126262626263,0
1738,4,0,0,34,0.0,0.0,1.0,34,1100,800,300,0.7272727272727273,14,8,6,391.9497666484379,0.646353238265003,0.06076813838479689,0.256212682512536,135403.61195605062,3814.282821905954,139217.89477795656,1702,1,898.0294117647059,32,2,18,29.605928262364017,0.6832682291666666,39.80429292929294,1040.78282828283,32.52446338383844,0
1739,4,0,0,34,0.0,0.0,1.0,34,950,700,250,0.7368421052631579,12,7,5,393.71468721578526,0.6467245989304813,0.05856324830817328,0.2587850561627898,135600.80165608102,3877.605442046729,139478.40709812776,1703,2,899.0294117647059,32,2,19,29.363155129914738,0.6852213541666667,39.61489898989899,1041.540404040404,32.54813762626262,0
1740,4,0,0,34,0.0,0.0,1.0,34,750,500,250,0.6666666666666666,10,5,5,393.3343610650496,0.645907605466429,0.055932434893462,0.25927958902859394,135703.69406867845,3875.393131259515,139579.08719993796,1704,3,900.0294117647059,30,4,19,29.270403336773303,0.6916666666666667,39.516129032258064,1041.9354838709676,34.73118279569892,0
1741,4,0,0,34,0.0,0.0,1.0,34,650,300,350,0.46153846153846156,10,3,7,407.32539857764266,0.645907605466429,0.09907139034273782,0.25938260708522126,134455.43968966266,4153.423112504811,138608.86280216748,1705,4,901.0294117647059,33,1,19,30.155653038717556,0.6714015151515151,40.716911764705884,1037.1323529411766,31.428253119429595,4
1742,4,0,0,34,0.0,0.0,1.0,34,950,600,350,0.631578947368421,13,6,7,403.6598420180511,0.6454619726678551,0.096829212374687,0.2579462552729688,134582.56927924353,4065.1157307285653,138647.6850099721,1706,5,902.0294117647059,33,1,19,30.123198889807487,0.6726641414141414,40.59436274509804,1037.6225490196075,31.44310754604871,0
1743,4,0,0,34,0.0,0.0,1.0,34,750,400,350,0.5333333333333333,11,4,7,402.89924869040635,0.6469474153297683,0.09488237377841724,0.2579103353861716,134646.15660142727,4049.767066753169,138695.92366818045,1707,6,903.0294117647059,33,1,21,30.079185854292117,0.6732954545454546,40.533088235294116,1037.8676470588232,31.450534759358277,0
1744,4,0,0,34,0.0,0.0,1.0,34,650,400,250,0.6153846153846154,9,4,5,387.4761549997849,0.6453877005347594,0.08238758400886881,0.25266302273027463,135314.73021193786,3686.24627547099,139000.97648740886,1708,7,904.0294117647059,33,1,22,29.811052218296044,0.6799242424242424,39.88970588235295,1040.4411764705892,31.528520499108765,1
1745,4,0,0,34,0.0,0.0,1.0,34,700,600,100,0.8571428571428571,8,6,2,387.4761549997849,0.6453877005347594,0.08238758400886881,0.25266302273027463,135314.73021193786,3686.24627547099,139000.97648740886,1709,8,905.0294117647059,33,1,22,29.811052218296044,0.6799242424242424,39.88970588235295,1040.4411764705892,31.528520499108765,0
1746,4,0,1,33,0.0,0.029411764705882353,0.9705882352941176,34,1150,800,350,0.6956521739130435,15,8,7,386.32846499106336,0.6442736185383244,0.08063131068297347,0.2528100139933818,135442.26529459847,3665.0404892349366,139107.3057838334,1710,9,906.0294117647059,33,1,22,29.713621379797505,0.6811868686868685,39.76715686274511,1040.9313725490215,31.543374925727925,0
1747,4,0,0,33,0.0,0.0,1.0,33,900,600,300,0.6666666666666666,12,6,6,393.4977720994389,0.6458333333333334,0.09009307044241566,0.2574599708879186,135436.46694214875,4058.789600550966,139495.2565426997,1711,10,921.8181818181819,32,1,22,29.532842066957798,0.68359375,39.77272727272727,1040.9090909090908,32.528409090909086,0
1748,4,0,0,33,0.0,0.0,1.0,33,500,400,100,0.8,6,4,2,393.4977720994389,0.6458333333333334,0.09009307044241566,0.2574599708879186,135436.46694214875,4058.789600550966,139495.2565426997,1712,11,922.8181818181819,32,1,22,29.532842066957798,0.68359375,39.77272727272727,1040.9090909090908,32.528409090909086,0
1749,4,0,0,33,0.0,0.0,1.0,33,1100,800,300,0.7272727272727273,14,8,6,392.62033415184567,0.6458333333333334,0.09124833145276079,0.25089843748521534,134583.53261146825,3968.046309050104,138551.57892051837,1713,12,923.8181818181819,32,1,22,30.408605094507983,0.6751302083333333,40.593434343434346,1037.626262626263,32.42582070707072,1
1750,4,0,0,33,0.0,0.0,1.0,33,900,600,300,0.6666666666666666,12,6,6,389.48165540761005,0.643939393939394,0.08895572116199713,0.2497908089517451,134714.5779129682,3893.7713626160735,138608.34927558427,1714,13,924.8181818181819,32,1,22,30.358844157950216,0.6764322916666666,40.46717171717172,1038.131313131314,32.441603535353565,0
1751,4,0,0,33,0.0,0.0,1.0,33,750,700,50,0.9333333333333333,8,7,1,389.279626019715,0.6441761363636365,0.08036842590034077,0.2503381488672525,134812.9037375014,3895.98334991329,138708.88708741468,1715,14,925.8181818181819,32,1,22,30.265704154002023,0.6774088541666665,40.372474747474755,1038.510101010102,32.45344065656569,0
1752,4,0,0,33,0.0,0.0,1.0,33,500,200,300,0.4,8,2,6,389.279626019715,0.6441761363636365,0.08036842590034077,0.2503381488672525,134812.9037375014,3895.98334991329,138708.88708741468,1716,15,926.8181818181819,32,1,22,30.265704154002023,0.6774088541666665,40.372474747474755,1038.510101010102,32.45344065656569,0
1753,4,0,0,33,0.0,0.0,1.0,33,650,400,250,0.6153846153846154,9,4,5,393.9089179243778,0.6448074494949495,0.08610346998972584,0.25423344985095764,134944.06063475687,4031.1337809917586,138975.1944157486,1717,16,927.8181818181819,32,1,22,30.014278770202942,0.6787109375,40.24621212121213,1039.015151515153,32.469223484848534,0
1754,4,0,0,33,0.0,0.0,1.0,33,650,400,250,0.6153846153846154,9,4,5,393.9089179243778,0.6448074494949495,0.08610346998972584,0.25423344985095764,134944.06063475687,4031.1337809917586,138975.1944157486,1718,17,928.8181818181819,32,1,22,30.014278770202942,0.6787109375,40.24621212121213,1039.015151515153,32.469223484848534,0
1755,4,0,0,33,0.0,0.0,1.0,33,850,500,350,0.5882352941176471,12,5,7,393.22735176441137,0.643386994949495,0.09207586615578811,0.2547160336016051,135075.28130101535,4023.0590309662434,139098.3403319816,1719,18,929.8181818181819,32,1,22,29.900755091299242,0.6800130208333333,40.1199494949495,1039.520202020203,32.48500631313134,0
1756,4,0,0,33,0.0,0.0,1.0,33,550,300,250,0.5454545454545454,8,3,5,395.5817351227661,0.6410195707070707,0.09758341059943776,0.2569409440434624,135173.73864911756,4094.452415569857,139268.19106468742,1720,19,930.8181818181819,32,1,22,29.741126355836165,0.6809895833333333,40.02525252525253,1039.898989898991,32.49684343434347,0
1757,4,0,0,33,0.0,0.0,1.0,33,650,400,250,0.6153846153846154,9,4,5,395.5966740974245,0.6403882575757577,0.09464316590697552,0.2571846728129826,135206.5657362771,4097.4535442812185,139304.0192805583,1721,20,931.8181818181819,32,1,22,29.707923596778766,0.6813151041666665,39.99368686868688,1040.025252525254,32.50078914141419,0
1758,4,0,0,33,0.0,0.0,1.0,33,700,400,300,0.5714285714285714,10,4,6,393.35504360709484,0.6395202020202021,0.09510251826347926,0.2559604146315366,135239.3968089993,4039.419765840249,139278.81657483955,1722,21,932.8181818181819,32,1,22,29.733400097110945,0.6816406249999999,39.962121212121225,1040.151515151517,32.50473484848491,0
1759,4,0,0,33,0.0,0.0,1.0,33,1050,700,350,0.6666666666666666,14,7,7,392.0284219115031,0.6384943181818182,0.09356763852577465,0.2557962173375059,135337.91394054188,4011.2617653810994,139349.17570592297,1723,22,933.8181818181819,32,1,22,29.66948792622254,0.6826171875,39.86742424242425,1040.530303030304,32.516571969697,0
1760,4,0,0,33,0.0,0.0,1.0,33,900,800,100,0.8888888888888888,10,8,2,387.66608279417363,0.6375473484848485,0.08594373081941309,0.25387663642875,135469.32591380988,3903.3725831547886,139372.69849696467,1724,23,934.8181818181819,32,1,22,29.651809177279173,0.6839192708333333,39.74116161616162,1041.035353535354,32.532354797979814,0
1761,4,0,0,33,0.0,0.0,1.0,33,850,600,250,0.7058823529411765,11,6,5,385.91999999999985,0.6356534090909092,0.08412121212121226,0.25389473684210534,135633.6805555557,3868.7500000000196,139502.43055555574,1725,24,935.8181818181819,32,1,22,29.533333333333342,0.685546875,39.58333333333334,1041.6666666666679,32.55208333333337,0
1762,4,0,0,33,0.0,0.0,1.0,33,950,800,150,0.8421052631578947,11,8,3,387.91027244456427,0.6359690656565657,0.0914816772374909,0.256617564847943,135831.03764921974,3938.050964187366,139769.0886134071,1726,25,936.8181818181819,32,1,22,29.284762596899228,0.6874999999999999,39.39393939393941,1042.4242424242448,32.57575757575765,0
1763,4,0,0,33,0.0,0.0,1.0,33,650,500,150,0.7692307692307693,8,5,3,389.0051180549327,0.6351799242424243,0.09412032398589254,0.2575794113696539,135863.9444476331,3970.3539498520854,139834.2983974852,1727,26,937.8181818181819,32,1,21,29.223436679988716,0.6878255208333333,39.36237373737375,1042.5505050505067,32.57970328282833,0
1764,4,0,0,33,0.0,0.0,1.0,33,700,600,100,0.8571428571428571,8,6,2,391.0454059478616,0.6373895202020202,0.0964370738005893,0.25988946890871184,135995.61149691374,4036.091820987676,140031.7033179014,1728,27,938.8181818181819,32,1,22,29.039059032401248,0.6891276041666665,39.23611111111112,1043.055555555557,32.59548611111116,0
1765,4,0,0,33,0.0,0.0,1.0,33,750,600,150,0.8,9,6,3,392.6034499227603,0.6386521464646465,0.09536380135291189,0.261894068895207,136127.34231519746,4088.812844352617,140216.15515955008,1729,28,939.8181818181819,32,1,22,28.86721113127646,0.6904296875,39.109848484848484,1043.5606060606062,32.611268939393945,0
1766,4,0,0,33,0.0,0.0,1.0,33,850,700,150,0.8235294117647058,10,7,3,392.6034499227603,0.6386521464646465,0.09536380135291189,0.261894068895207,136127.34231519746,4088.812844352617,140216.15515955008,1730,29,940.8181818181819,32,1,22,28.86721113127646,0.6904296875,39.109848484848484,1043.5606060606062,32.611268939393945,0
1767,4,0,0,33,0.0,0.0,1.0,33,1250,1100,150,0.88,14,11,3,394.62126175163945,0.6390467171717172,0.10060694022958172,0.26397480519114513,136226.18227731864,4151.54958677686,140377.7318640955,1731,30,941.8181818181819,32,1,22,28.716134494436382,0.69140625,39.015151515151516,1043.939393939394,32.62310606060606,0
1768,4,0,0,33,0.0,0.0,1.0,33,600,400,200,0.6666666666666666,8,4,4,394.62126175163945,0.6390467171717172,0.10060694022958172,0.26397480519114513,136226.18227731864,4151.54958677686,140377.7318640955,1732,31,942.8181818181819,32,1,22,28.716134494436382,0.69140625,39.015151515151516,1043.939393939394,32.62310606060606,0
1769,4,0,0,33,0.0,0.0,1.0,33,900,600,300,0.6666666666666666,12,6,6,395.25803531009507,0.6385732323232324,0.10412637008381687,0.26538753799392095,136358.02469135798,4179.320987654315,140537.3456790123,1733,32,943.8181818181819,32,1,22,28.56826241134752,0.6927083333333334,38.888888888888886,1044.4444444444441,32.63888888888888,0
1770,4,0,0,33,0.0,0.0,1.0,33,300,100,200,0.3333333333333333,5,1,4,395.86950388697653,0.638888888888889,0.10627488471076085,0.26604617430194616,136390.9952587746,4198.607125548412,140589.60238432302,1734,33,944.8181818181819,32,1,22,28.519481042749504,0.6930338541666667,38.85732323232323,1044.570707070707,32.64283459595959,0
1771,4,0,0,33,0.0,0.0,1.0,33,700,300,400,0.42857142857142855,11,3,8,395.4713812396749,0.6390467171717172,0.1062199029570634,0.26627548248643673,136456.94835029583,4192.963568768488,140649.91191906433,1735,34,945.8181818181819,32,1,22,28.464249748237663,0.6936848958333334,38.79419191919192,1044.8232323232319,32.650726010100996,0
1772,4,0,0,33,0.0,0.0,1.0,33,850,700,150,0.8235294117647058,10,7,3,395.9128429150329,0.6387310606060607,0.10927833541991583,0.2673219016028254,136555.90787929788,4212.84754106722,140768.7554203651,1736,35,946.8181818181819,32,1,22,28.354272368527024,0.6946614583333334,38.69949494949494,1045.202020202019,32.66256313131309,0
1773,4,0,0,33,0.0,0.0,1.0,33,850,700,150,0.8235294117647058,10,7,3,394.56024331321976,0.638888888888889,0.1096606671568574,0.26693048657455,136624.81264717883,4181.343864138776,140806.1565113176,1737,36,947.8181818181819,33,0,22,28.321098542570226,0.6928661616161618,38.63357843137254,1045.4656862745087,31.68077837195481,0
1774,4,0,0,33,0.0,0.0,1.0,33,700,500,200,0.7142857142857143,9,5,4,390.36058970921744,0.6384943181818182,0.10601266384695451,0.26457084289028987,136688.8805537532,4071.590403931161,140760.47095768436,1738,37,948.8181818181819,33,0,22,28.367196960818784,0.6934974747474748,38.57230392156862,1045.7107843137242,31.68820558526437,0
1775,4,0,0,33,0.0,0.0,1.0,33,850,700,150,0.8235294117647058,10,7,3,389.3588990650941,0.6389678030303031,0.10358565737051739,0.26413265855496926,136720.92013888888,4046.7013888888832,140767.62152777775,1739,38,949.8181818181819,33,0,22,28.361553784860554,0.6938131313131314,38.541666666666664,1045.8333333333333,31.69191919191919,0
1776,4,0,0,33,0.0,0.0,1.0,33,900,800,100,0.8888888888888888,10,8,2,389.3588990650941,0.6389678030303031,0.10358565737051739,0.26413265855496926,136720.92013888888,4046.7013888888832,140767.62152777775,1740,39,950.8181818181819,33,0,22,28.361553784860554,0.6938131313131314,38.541666666666664,1045.8333333333333,31.69191919191919,0
1777,4,0,0,33,0.0,0.0,1.0,33,900,600,300,0.6666666666666666,12,6,6,391.5062405744944,0.6359690656565657,0.10545553911287642,0.2668054100770633,136881.17438304957,4117.966797625887,140999.14118067545,1741,40,951.8181818181819,33,0,23,28.146226138892146,0.6953914141414141,38.38848039215685,1046.4460784313708,31.710487225193052,0
1778,4,0,0,33,0.0,0.0,1.0,33,850,600,250,0.7058823529411765,11,6,5,385.6623669844404,0.6359690656565657,0.11105340508525163,0.24846079038222318,134878.47421500352,3806.6679138305967,138685.14212883412,1742,41,952.8181818181819,32,1,17,30.294052104858,0.6780598958333334,40.30934343434343,1038.7626262626259,32.46133207070706,6
1779,4,0,0,33,0.0,0.0,1.0,33,600,500,100,0.8333333333333334,7,5,2,385.2247639535575,0.6359690656565657,0.11014262199096336,0.24862859471167253,134944.06063475672,3796.7587809917422,138740.81941574847,1743,42,953.8181818181819,32,1,17,30.239852959047273,0.6787109375,40.246212121212125,1039.015151515152,32.4692234848485,0
1780,4,0,0,33,0.0,0.0,1.0,33,650,600,50,0.9230769230769231,7,6,1,383.1399974384999,0.6366003787878789,0.10704542693365493,0.2477317611088997,135009.6629967605,3745.520386950314,138755.18338371083,1744,43,954.8181818181819,32,1,17,30.228455432713734,0.6793619791666666,40.18308080808081,1039.2676767676767,32.477114898989896,0
1781,4,0,0,33,0.0,0.0,1.0,33,1050,800,250,0.7619047619047619,13,8,5,377.30839640151936,0.6340751262626263,0.1028934648745281,0.24551868637880853,135239.3968089991,3605.3919880624403,138844.78879706154,1745,44,955.8181818181819,32,1,17,30.15067370721047,0.681640625,39.96212121212121,1040.1515151515152,32.50473484848485,0
1782,4,0,0,33,0.0,0.0,1.0,33,400,300,100,0.75,5,3,2,377.30839640151936,0.6340751262626263,0.1028934648745281,0.24551868637880853,135239.3968089991,3605.3919880624403,138844.78879706154,1746,45,956.8181818181819,32,1,17,30.15067370721047,0.681640625,39.96212121212121,1040.1515151515152,32.50473484848485,0
1783,4,0,0,33,0.0,0.0,1.0,33,600,500,100,0.8333333333333334,7,5,2,381.69236753755075,0.6343907828282829,0.10402214551189415,0.2495075484228418,135403.61195605065,3736.5050441281765,139140.1170001788,1747,46,957.8181818181819,32,1,19,29.872821383800392,0.6832682291666666,39.80429292929294,1040.7828282828302,32.524463383838444,1
1784,4,0,0,33,0.0,0.0,1.0,33,700,500,200,0.7142857142857143,9,5,4,380.2398723646474,0.6340751262626263,0.10431605910767705,0.2488256915150476,135442.26529459833,3700.1099336793663,139142.3752282777,1748,47,958.8181818181819,33,0,19,29.87206655678518,0.6811868686868687,39.767156862745104,1040.9313725490204,31.54337492572789,0
1785,4,0,0,33,0.0,0.0,1.0,33,1350,1100,250,0.8148148148148148,16,11,5,378.00818332703415,0.6337594696969697,0.10381864554907505,0.2475851593957715,135474.15845167733,3642.0681048154674,139116.2265564928,1749,48,959.8181818181819,33,0,19,29.89834706690211,0.6815025252525253,39.73651960784314,1041.053921568628,31.54708853238267,0
1786,4,0,0,33,0.0,0.0,1.0,33,700,700,0,1.0,7,7,0,378.00818332703415,0.6337594696969697,0.10381864554907505,0.2475851593957715,135474.15845167733,3642.0681048154674,139116.2265564928,1750,49,960.8181818181819,33,0,19,29.89834706690211,0.6815025252525253,39.73651960784314,1041.053921568628,31.54708853238267,0
1787,4,0,0,33,0.0,0.0,1.0,33,750,500,250,0.6666666666666666,10,5,5,372.6993319296479,0.6329703282828283,0.10300606630881859,0.24563486202060997,135697.5156790659,3514.874687620165,139212.39036668607,1751,50,961.8181818181819,33,0,19,29.81406335764133,0.6837121212121211,39.52205882352942,1041.9117647058833,31.57308377896616,0
1788,4,0,0,33,0.0,0.0,1.0,33,400,400,0,1.0,4,4,0,371.3553983734859,0.6332859848484849,0.10032822640137695,0.24496780080448033,135729.43887266918,3480.7719687139584,139210.21084138314,1752,51,962.8181818181819,33,0,19,29.817294876318154,0.6840277777777777,39.49142156862745,1042.0343137254904,31.57679738562092,0
1789,4,0,0,33,0.0,0.0,1.0,33,800,600,200,0.75,10,6,4,370.6418052176652,0.6335227272727273,0.10225491034522083,0.24471567636421007,135761.36582083817,3463.7675413302577,139225.13336216842,1753,52,963.8181818181819,33,0,19,29.804111790529944,0.6843434343434343,39.46078431372549,1042.1568627450981,31.580510992275702,0
1790,4,0,0,33,0.0,0.0,1.0,33,1100,900,200,0.8181818181818182,13,9,4,367.37458193610314,0.635022095959596,0.09397216167314926,0.24342857812401608,135889.1111591696,3384.441080353721,139273.55223952333,1754,53,964.8181818181819,33,0,19,29.76218461056262,0.6856060606060606,39.33823529411765,1042.64705882353,31.595365418894847,0
1791,4,0,0,33,0.0,0.0,1.0,33,450,300,150,0.6666666666666666,6,3,3,370.49194707779736,0.6357323232323233,0.09393903789392022,0.2461558908336559,135984.95958585633,3476.2664900518953,139461.22607590823,1755,54,965.8181818181819,33,0,19,29.58560979908354,0.6865530303030303,39.24632352941176,1043.0147058823525,31.606506238859165,0
1792,4,0,0,33,0.0,0.0,1.0,33,150,0,150,0.0,3,0,3,369.7025252275426,0.635574494949495,0.09150717703349298,0.24585217927631575,136016.9165705497,3457.1595059592373,139474.07607650897,1756,55,966.8181818181819,33,0,19,29.574424342105264,0.6868686868686869,39.2156862745098,1043.1372549019602,31.610219845513946,0
1793,4,0,0,33,0.0,0.0,1.0,33,850,600,250,0.7058823529411765,11,6,5,372.3804732693405,0.6357323232323233,0.0967988754248299,0.24830224979549192,136112.81005202315,3537.150525038434,139649.96057706157,1757,56,967.8181818181819,33,0,19,29.409253278528084,0.6878156565656566,39.123774509803916,1043.5049019607834,31.621360665478285,0
1794,4,0,0,33,0.0,0.0,1.0,33,1100,800,300,0.7272727272727273,14,8,6,376.7484405651437,0.6371527777777778,0.09238867548726715,0.2523503705672186,136272.7076124566,3668.106016916551,139940.81362937315,1758,57,968.8181818181819,33,0,19,29.13634585289515,0.6893939393939394,38.97058823529411,1044.1176470588223,31.63992869875219,0
1795,4,0,0,33,0.0,0.0,1.0,33,800,700,100,0.875,9,7,2,376.3204103261649,0.6357323232323233,0.09767509661913043,0.2527485309070056,136368.6912035033,3663.664365868875,140032.35556937216,1759,58,969.8181818181819,33,0,19,29.05214810903829,0.6903409090909092,38.878676470588225,1044.4852941176457,31.651069518716536,0
1796,4,0,0,33,0.0,0.0,1.0,33,1150,700,450,0.6086956521739131,16,7,9,394.6619942334331,0.6364425505050506,0.08274644095539596,0.24679530039397365,133788.9949178201,3960.2863081507094,137749.2812259708,1760,59,970.8181818181819,33,0,20,31.15276790649924,0.6647727272727273,41.36029411764706,1034.558823529412,31.35026737967915,6
1797,4,0,0,33,0.0,0.0,1.0,33,750,700,50,0.9333333333333333,8,7,1,374.0231610397284,0.6363636363636365,0.09942491920277674,0.22069738741265985,131610.90573637534,3245.1053981641576,134856.0111345395,1761,60,971.8181818181819,33,0,18,33.87960806560771,0.6429924242424243,43.47426470588235,1026.1029411764698,31.094028520499084,6
1798,4,1,1,33,0.029411764705882353,0.029411764705882353,0.9705882352941176,34,1600,1100,500,0.6875,21,11,10,360.6424634679942,0.6546717171717172,0.08549614679649231,0.21516422855004783,132030.69905045338,2723.1753117913668,134753.87436224474,1762,0,944.2058823529412,34,0,18,33.799326228811914,0.6449142156862746,43.06547619047618,1027.7380952380943,30.227591036414537,0
1799,4,0,0,33,0.0,0.0,1.0,33,800,700,100,0.875,9,7,2,370.4903093920055,0.6407039141414141,0.08973051922228725,0.22024466477473675,131893.99059256038,3173.0890763167804,135067.07966887715,1763,62,973.8181818181819,33,0,18,33.68428378270898,0.6458333333333335,43.198529411764696,1027.2058823529399,31.127450980392116,0
1800,4,0,0,33,0.0,0.0,1.0,33,750,500,250,0.6666666666666666,10,5,5,367.6020835400126,0.6421243686868687,0.09117290977756087,0.21907203059580702,131988.41979346878,3103.843623846589,135092.26341731538,1764,63,974.8181818181819,33,0,19,33.663163387000594,0.6467803030303031,43.10661764705882,1027.5735294117642,31.13859180035649,0
1801,4,0,0,33,0.0,0.0,1.0,33,550,500,50,0.9090909090909091,6,5,1,368.04495516786113,0.6414141414141414,0.09312779596585963,0.21951813613354762,132019.90370290255,3117.8519079200064,135137.75561082255,1765,64,975.8181818181819,33,0,19,33.62002146434533,0.6470959595959597,43.07598039215685,1027.696078431371,31.142305407011243,0
1802,4,0,0,33,0.0,0.0,1.0,33,800,700,100,0.875,9,7,2,368.04495516786113,0.6414141414141414,0.09312779596585963,0.21951813613354762,132019.90370290255,3117.8519079200064,135137.75561082255,1766,65,976.8181818181819,33,0,19,33.62002146434533,0.6470959595959597,43.07598039215685,1027.696078431371,31.142305407011243,0
1803,4,2,0,35,0.05714285714285714,0.0,1.0,35,700,200,500,0.2857142857142857,12,2,10,349.17770559010467,0.6780812324929971,0.08865696781544674,0.2113881267361786,132581.84700963704,2259.4656857841046,134841.31269542116,1767,0,921.9428571428572,34,1,22,33.53947520517858,0.6504289215686274,42.5297619047619,1029.8809523809514,30.29061624649857,0
1804,4,0,1,34,0.0,0.02857142857142857,0.9714285714285714,35,600,400,200,0.6666666666666666,8,4,4,348.1725535571919,0.6770308123249299,0.0890290204364621,0.21129630283898576,132673.8166099772,2238.67630385486,134912.49291383204,1768,1,922.9428571428572,34,1,17,33.47296048070256,0.6513480392156863,42.44047619047618,1030.2380952380943,30.301120448179244,0
1805,4,0,0,34,0.0,0.0,1.0,34,600,300,300,0.5,9,3,6,357.74715830489424,0.6598336304218657,0.09184130740738183,0.21606282364625543,132492.61289227687,2679.77115172048,135172.38404399736,1769,2,951.0588235294117,33,1,21,33.40859719081062,0.6518308080808082,42.616421568627445,1029.5343137254893,31.198009506833007,0
1806,4,0,0,34,0.0,0.0,1.0,34,1150,900,250,0.782608695652174,14,9,5,358.32332227123203,0.6584967320261438,0.08952973362534045,0.21750355020463852,132681.9331056563,2708.606215157613,135390.5393208139,1770,3,952.0588235294117,33,1,18,33.203357321279896,0.6537247474747476,42.43259803921568,1030.2696078431359,31.220291146761692,0
1807,4,0,0,34,0.0,0.0,1.0,34,600,200,400,0.3333333333333333,10,2,8,375.2213955288114,0.6581996434937611,0.07611522015485983,0.22469140038137067,132170.69686766661,3131.724308025787,135302.4211756924,1771,4,953.0588235294117,32,2,20,33.28344998362803,0.6510416666666666,42.929292929292934,1028.2828282828289,32.1338383838384,3
1808,4,0,0,34,0.0,0.0,1.0,34,900,500,400,0.5555555555555556,13,5,8,383.26257664278864,0.6581996434937611,0.0790777331144199,0.21524854980100397,129700.23548635135,3142.0445813072756,132842.28006765863,1772,5,954.0588235294117,33,1,17,35.58309271735642,0.6237373737373737,45.343137254901954,1018.6274509803917,30.867498514557326,7
1809,4,0,1,33,0.0,0.029411764705882353,0.9705882352941176,34,700,500,200,0.7142857142857143,9,5,4,379.92328516619045,0.6603535353535354,0.06999971705854091,0.2140543387155854,129825.09731833906,3064.7154940407513,132889.81281237982,1773,6,955.0588235294117,33,1,19,35.540925124258465,0.625,45.220588235294116,1019.1176470588232,30.88235294117646,0
1810,4,0,0,33,0.0,0.0,1.0,33,400,400,0,1.0,4,4,0,387.3667775322742,0.6434659090909092,0.08346479169483612,0.21763754603972094,129715.36705438238,3449.4847464544623,133164.85180083686,1774,73,984.8181818181819,32,1,19,35.46314658734094,0.6263020833333333,45.32828282828284,1018.6868686868702,31.833964646464693,0
1811,4,1,0,34,0.029411764705882353,0.0,1.0,34,650,300,350,0.46153846153846156,10,3,7,376.8457466475484,0.6573455139631611,0.08576223282105677,0.21385418137974377,130106.2560823962,3005.9978433775486,133112.25392577375,1775,0,956.8235294117648,33,1,20,35.33320820820821,0.6278409090909091,44.94485294117647,1020.2205882352941,30.91577540106952,0
1812,4,0,0,34,0.0,0.0,1.0,34,600,400,200,0.6666666666666666,8,4,4,377.8993061335726,0.6563428401663696,0.08721792824744656,0.2146241216144696,130137.51471789692,3035.7753027681665,133173.2900206651,1776,1,957.8235294117648,33,1,20,35.27454159660502,0.6281565656565657,44.91421568627451,1020.3431372549016,30.91948900772429,0
1813,4,0,0,34,0.0,0.0,1.0,34,1100,800,300,0.7272727272727273,14,8,6,371.43168470269177,0.6577168746286394,0.0825624018153257,0.21215674194035108,130359.27456382012,2883.9730666209225,133243.24763044104,1777,2,958.8235294117648,32,2,22,35.214206231454,0.6328125,44.6969696969697,1021.2121212121219,31.91287878787881,0
1814,4,0,0,34,0.0,0.0,1.0,34,650,400,250,0.6153846153846154,9,4,5,362.37884384052177,0.6574569221628046,0.07029784707185893,0.21315013385347995,131489.94880943268,2729.835125242321,134219.783934675,1778,3,959.8235294117648,32,2,21,34.30049448069268,0.6442057291666667,43.592171717171716,1025.631313131313,32.05097853535353,5
1815,4,0,0,34,0.0,0.0,1.0,34,550,400,150,0.7272727272727273,7,4,3,362.6151708911012,0.6560086155674392,0.07325795196247364,0.21383242951096423,131587.09092184468,2743.0950923375167,134330.1860141822,1779,4,960.8235294117648,32,2,17,34.1963040446304,0.6451822916666667,43.49747474747475,1026.010101010101,32.062815656565654,0
1816,4,1,2,33,0.02857142857142857,0.05714285714285714,0.9428571428571428,35,1100,800,300,0.7272727272727273,14,8,6,350.74454359226314,0.6737394957983193,0.05419564209550343,0.20841762548994822,131877.8061224491,2251.0841836734853,134128.8903061226,1780,0,934.3428571428572,34,1,18,34.20766689847009,0.6433823529411764,43.21428571428572,1027.1428571428582,30.210084033613477,0
1817,4,1,0,34,0.029411764705882353,0.0,1.0,34,1300,1000,300,0.7692307692307693,16,10,6,358.5972098799606,0.65274064171123,0.07658845981140572,0.21352833861033987,131956.93963860034,2663.8780757400773,134620.8177143404,1781,0,962.6470588235294,33,1,19,33.926228530534345,0.6464646464646466,43.13725490196077,1027.4509803921553,31.134878193701677,0
1818,4,0,0,34,0.0,0.0,1.0,34,1100,900,200,0.8181818181818182,13,9,4,362.2327155292327,0.6541889483065954,0.07663470777604009,0.21623101673620462,132051.39136690216,2766.6668168492915,134818.05818375145,1782,1,963.6470588235294,33,1,19,33.737604824927466,0.6474116161616161,43.0453431372549,1027.8186274509806,31.146019013666077,0
1819,4,0,1,33,0.0,0.029411764705882353,0.9705882352941176,34,1000,800,200,0.8,12,8,4,362.2327155292327,0.6540032679738562,0.07663470777604009,0.21623101673620462,132051.39136690216,2766.6668168492915,134818.05818375145,1783,2,964.6470588235294,33,1,19,33.737604824927466,0.6474116161616161,43.0453431372549,1027.8186274509806,31.146019013666077,0
1820,4,0,0,33,0.0,0.0,1.0,33,600,300,300,0.5,9,3,6,366.9503526249836,0.6498579545454546,0.06775458231411013,0.21879918827946848,132008.4545741507,3088.109791092758,135096.56436524345,1784,3,964.939393939394,32,1,20,33.65969406561001,0.6494140625,43.08712121212122,1027.6515151515162,32.11410984848488,0
1821,4,0,0,33,0.0,0.0,1.0,33,750,600,150,0.8,9,6,3,366.50556797910497,0.6500157828282829,0.06584504879485209,0.21878165114880807,132051.39136690216,3079.514039071514,135130.90540597367,1785,4,965.939393939394,33,0,20,33.627811891419256,0.6474116161616161,43.0453431372549,1027.8186274509806,31.146019013666077,0
1822,4,0,0,33,0.0,0.0,1.0,33,850,500,350,0.5882352941176471,12,5,7,365.44498601405564,0.6496212121212122,0.06311987575396416,0.21869354013251976,132145.87688629373,3058.4096261053437,135204.28651239906,1786,5,966.939393939394,33,0,21,33.55979340484705,0.6483585858585859,42.95343137254902,1028.1862745098038,31.157159833630416,0
1823,4,0,0,33,0.0,0.0,1.0,33,650,400,250,0.6153846153846154,9,4,5,365.31591117451245,0.6511205808080809,0.05867105652666793,0.21934633464941744,132271.9101427335,3064.2066753171803,135336.11681805068,1787,6,967.939393939394,33,0,21,33.436085299023105,0.6496212121212122,42.830882352941174,1028.676470588235,31.172014260249544,0
1824,4,1,0,34,0.029411764705882353,0.0,1.0,34,700,500,200,0.7142857142857143,9,5,4,355.9523003143716,0.6611333927510399,0.0635691687431752,0.21552039854769314,132587.2561034219,2639.007833525581,135226.26393694748,1788,0,940.4411764705883,33,1,23,33.359610502935105,0.6527777777777777,42.524509803921575,1029.9019607843147,31.209150326797417,0
1825,4,0,0,34,0.0,0.0,1.0,34,350,100,250,0.2857142857142857,6,1,5,355.8802035982522,0.6602792632204397,0.05954088952654257,0.21565775856116134,132618.81134960105,2639.28191681084,135258.0932664119,1789,1,941.4411764705883,33,1,23,33.32973924251437,0.6530934343434343,42.493872549019606,1030.024509803921,31.212863933452155,0
1826,4,2,0,36,0.05555555555555555,0.0,1.0,36,1000,700,300,0.7,13,7,6,337.794988512867,0.6906415343915344,0.050465973935361896,0.20775556603846562,133173.3927576304,1797.0609353566688,134970.4536929871,1790,0,890.0833333333334,35,1,21,33.23942214248336,0.6541666666666666,41.956018518518526,1032.1759259259268,29.490740740740765,0
1827,4,0,0,36,0.0,0.0,1.0,36,650,400,250,0.6153846153846154,9,4,5,337.7506609631422,0.6921957671957673,0.05410143357122399,0.2082290011369864,133263.00643272043,1801.9337009173646,135064.9401336378,1791,1,891.0833333333334,35,1,23,33.15082856929344,0.6550595238095237,41.86921296296297,1032.523148148149,29.500661375661398,0
1828,4,0,1,35,0.0,0.027777777777777776,0.9722222222222222,36,550,300,250,0.5454545454545454,8,3,5,336.1554115427558,0.6919973544973546,0.05368461030794336,0.20757887454643673,133322.7656276792,1763.4338295181808,135086.1994571974,1792,2,892.0833333333334,35,1,23,33.13219115394673,0.6556547619047619,41.811342592592595,1032.75462962963,29.507275132275144,0
1829,4,1,1,35,0.027777777777777776,0.027777777777777776,0.9722222222222222,36,650,400,250,0.6153846153846154,9,4,5,334.48394366719606,0.6938492063492064,0.05890058872583803,0.20721291916148932,133442.32420535415,1726.8629704646833,135169.18717581884,1793,0,890.5277777777778,35,1,23,33.05573447593442,0.6568452380952381,41.695601851851855,1033.217592592593,29.52050264550266,0
1830,4,0,0,35,0.0,0.0,1.0,35,950,700,250,0.7368421052631579,12,7,5,341.22988093198524,0.6850840336134453,0.061818600898928766,0.21103718295415816,133379.97626133793,2102.6466836734803,135482.62294501142,1794,4,916.9714285714285,34,1,23,32.943893818908236,0.6583946078431373,41.75595238095239,1032.976190476191,30.381652661064443,0
1831,4,0,0,35,0.0,0.0,1.0,35,750,600,150,0.8,9,6,3,343.3922996878249,0.6864145658263305,0.06313364055299542,0.21290322580645163,133472.2222222223,2166.666666666675,135638.888888889,1795,5,917.9714285714285,34,1,23,32.79569892473117,0.6593137254901961,41.66666666666667,1033.3333333333342,30.39215686274512,0
1832,4,0,0,35,0.0,0.0,1.0,35,700,400,300,0.5714285714285714,10,4,6,342.79288651141036,0.686624649859944,0.061882271627692775,0.2127080091354935,133502.9779620182,2152.7742346938867,135655.75219671207,1796,6,918.9714285714285,34,1,23,32.78040164343585,0.6596200980392157,41.636904761904766,1033.4523809523814,30.395658263305336,0
1833,4,0,1,34,0.0,0.02857142857142857,0.9714285714285714,35,450,200,250,0.4444444444444444,7,2,5,340.77272010606134,0.6859943977591036,0.0319742735729871,0.2161040112136547,134303.8708191612,2153.4190759637404,136457.28989512494,1797,7,919.9714285714285,34,1,19,32.03241644653726,0.6675857843137254,40.86309523809525,1036.5476190476206,30.486694677871196,1
1834,4,0,1,33,0.0,0.029411764705882353,0.9705882352941176,34,1100,800,300,0.7272727272727273,14,8,6,350.74281164079264,0.6719771241830066,0.041087459927817926,0.222575652188257,134328.37017313062,2622.942047529805,136951.31222066042,1798,8,947.8235294117648,33,1,21,31.749591165228345,0.6701388888888888,40.83946078431373,1036.6421568627457,31.413398692810475,0
1835,4,0,0,33,0.0,0.0,1.0,33,900,700,200,0.7777777777777778,11,7,4,358.3899852556136,0.6565656565656566,0.05266208189828592,0.22718327327902194,134288.9138385114,3025.5603701152954,137314.4742086267,1799,11,977.3030303030303,32,1,22,31.590835262110684,0.6722005208333334,40.87752525252525,1036.489898989899,32.390309343434346,0
1836,4,0,1,32,0.0,0.030303030303030304,0.9696969696969697,33,450,400,50,0.8888888888888888,5,4,1,359.00991185996094,0.6569602272727273,0.05645738751707041,0.2277798590703461,134321.633315478,3044.559547495145,137366.19286297314,1800,12,978.3030303030303,32,1,22,31.542072675598853,0.6725260416666667,40.84595959595959,1036.6161616161614,32.394255050505045,0
1837,4,0,0,32,0.0,0.0,1.0,32,450,200,250,0.4444444444444444,7,2,5,369.6087091467144,0.6440272177419355,0.06869344602237004,0.23359622705960353,134179.5370313857,3518.785095214855,137698.32212660054,1801,13,1009.28125,31,1,22,31.409581710024725,0.6737231182795698,40.98307291666667,1036.067708333334,33.421538978494645,0
1838,4,1,1,32,0.030303030303030304,0.030303030303030304,0.9696969696969697,33,750,300,450,0.4,12,3,9,356.05828606210684,0.6521464646464648,0.05900534065091012,0.227125378748934,134518.03387409446,2979.252117130901,137497.28599122536,1802,0,979.6666666666666,32,1,22,31.422427783187278,0.6744791666666667,40.656565656565654,1037.3737373737372,32.41792929292929,0
1839,4,0,0,32,0.0,0.0,1.0,32,750,600,150,0.8,9,6,3,367.75440575114976,0.6411710349462366,0.06281779661016906,0.23414579071206315,134449.48196411136,3488.8778686523456,137938.3598327637,1803,15,1011.28125,31,1,22,31.18761770244821,0.6764112903225806,40.72265625,1037.1093750000002,33.45514112903226,0
1840,4,0,0,32,0.0,0.0,1.0,32,1000,600,400,0.6,14,6,8,369.96652907164207,0.6409190188172044,0.06866843393148447,0.23642848998972865,134584.55615573467,3558.3562215169372,138142.9123772516,1804,16,1012.28125,31,1,22,30.99523675074246,0.677755376344086,40.59244791666667,1037.630208333334,33.471942204301094,0
1841,4,0,0,32,0.0,0.0,1.0,32,550,400,150,0.7272727272727273,7,4,3,369.96652907164207,0.6409190188172044,0.06866843393148447,0.23642848998972865,134584.55615573467,3558.3562215169372,138142.9123772516,1805,17,1013.28125,31,1,22,30.99523675074246,0.677755376344086,40.59244791666667,1037.630208333334,33.471942204301094,0
1842,4,0,0,32,0.0,0.0,1.0,32,750,500,250,0.6666666666666666,10,5,5,370.0748838316399,0.6378108198924731,0.06774034240561888,0.2373778800313489,134719.6981641983,3571.2753295898638,138290.97349378816,1806,18,1014.28125,31,1,22,30.857398929721146,0.6790994623655914,40.46223958333334,1038.1510416666679,33.48874327956993,0
1843,4,0,0,32,0.0,0.0,1.0,32,800,500,300,0.625,11,5,6,367.6515757510244,0.638650873655914,0.062260971786833874,0.23626279747094453,134787.29459974507,3510.952250162771,138298.24684990785,1807,19,1015.28125,31,1,20,30.852795193312442,0.679771505376344,40.39713541666667,1038.411458333334,33.49714381720432,0
1844,4,0,0,32,0.0,0.0,1.0,32,600,400,200,0.6666666666666666,8,4,4,367.6515757510244,0.638650873655914,0.062260971786833874,0.23626279747094453,134787.29459974507,3510.952250162771,138298.24684990785,1808,20,1016.28125,31,1,20,30.852795193312442,0.679771505376344,40.39713541666667,1038.411458333334,33.49714381720432,0
1845,4,0,0,32,0.0,0.0,1.0,32,850,500,350,0.5882352941176471,12,5,7,370.660578334078,0.6389028897849462,0.06204948602231419,0.23864079365382906,134854.90798950195,3597.079637315538,138451.98762681748,1809,21,1017.28125,31,1,20,30.70716330282896,0.6804435483870968,40.33203125,1038.671875,33.50554435483871,0
1846,4,0,0,32,0.0,0.0,1.0,32,900,600,300,0.6666666666666666,12,6,6,371.3732442887545,0.6402889784946237,0.06409402807369347,0.23954625029749183,134922.5383334691,3621.324157714864,138543.86249118397,1810,22,1018.28125,31,1,20,30.62113568951832,0.6811155913978494,40.26692708333334,1038.9322916666679,33.513944892473155,0
1847,4,0,0,32,0.0,0.0,1.0,32,800,600,200,0.75,10,6,4,372.64910582688424,0.6414230510752689,0.06343937875751493,0.24149597897092898,135091.68836805562,3668.35937500001,138760.04774305562,1811,23,1019.28125,31,1,20,30.419171676686698,0.6827956989247312,40.10416666666667,1039.583333333334,33.53494623655916,0
1848,4,0,0,32,0.0,0.0,1.0,32,600,500,100,0.8333333333333334,7,5,2,373.57945333473987,0.6412970430107527,0.06320835942391967,0.24232590860096648,135125.53109063045,3696.024407280821,138821.55549791126,1812,24,1020.28125,31,1,20,30.361224170319364,0.6831317204301075,40.071614583333336,1039.7135416666667,33.539146505376344,0
1849,4,0,0,32,0.0,0.0,1.0,32,550,300,250,0.5454545454545454,8,3,5,373.1603796070956,0.6417170698924731,0.05899039063478151,0.24250870235328503,135193.2292514378,3689.7513495551325,138882.98060099292,1813,25,1021.28125,31,1,20,30.304583489837643,0.6838037634408602,40.00651041666667,1039.973958333334,33.54754704301077,0
1850,4,0,0,32,0.0,0.0,1.0,32,600,300,300,0.5,9,3,6,372.19932115783934,0.6410450268817205,0.05856979727193101,0.2427954918671259,135328.67643568243,3673.848300509973,139002.5247361924,1814,26,1022.28125,31,1,20,30.19451570516832,0.6851478494623656,39.87630208333333,1040.494791666666,33.56434811827955,0
1851,4,0,0,32,0.0,0.0,1.0,32,400,200,200,0.5,6,2,4,369.288099424581,0.6387348790322581,0.05637822116587454,0.2415784833715303,135430.30632866747,3602.5600857204768,139032.86641438794,1815,27,1023.28125,31,1,21,30.168980902343435,0.6861559139784946,39.77864583333333,1040.885416666666,33.57694892473116,0
1852,4,0,0,32,0.0,0.0,1.0,32,900,700,200,0.7777777777777778,11,7,4,377.6588690021305,0.6399529569892474,0.05726376035070624,0.2400413802047595,134387.08422609928,3750.4948474645325,138137.5790735638,1816,28,1024.28125,32,0,20,30.99326189316447,0.6731770833333335,40.78282828282828,1036.8686868686862,32.40214646464644,2
1853,4,0,0,32,0.0,0.0,1.0,32,1050,800,250,0.7619047619047619,13,8,5,376.88064152439426,0.6408770161290324,0.052730094959824836,0.23997655732413736,134452.55107897142,3734.512741046816,138187.06382001823,1817,29,1025.28125,32,0,20,30.947924275626974,0.673828125,40.71969696969696,1037.121212121211,32.41003787878785,0
1854,4,0,0,32,0.0,0.0,1.0,32,850,600,250,0.7058823529411765,11,6,5,376.92940436444553,0.6428511424731184,0.05434236947791127,0.24065492740191527,134550.78125000003,3743.265036730945,138294.04628673097,1818,30,1026.28125,31,1,21,30.848393574297187,0.6774193548387097,40.625,1037.5000000000002,33.46774193548388,0
1855,4,0,0,32,0.0,0.0,1.0,32,750,600,150,0.8,9,6,3,376.7501357611648,0.6446152553763441,0.05191608128449543,0.24143505484630295,134685.90630425356,3748.5866970486213,138434.49300130218,1819,31,1027.28125,31,1,21,30.71792941963539,0.678763440860215,40.49479166666667,1038.0208333333342,33.484543010752716,0
1856,4,0,0,32,0.0,0.0,1.0,32,950,800,150,0.8421052631578947,11,8,3,374.3436547510284,0.6457073252688172,0.045938362177075476,0.24033947689087765,134753.4942626953,3688.8231065538203,138442.31736924913,1820,32,1028.28125,31,1,21,30.71283755538835,0.6794354838709677,40.4296875,1038.28125,33.492943548387096,0
1857,4,0,0,32,0.0,0.0,1.0,32,950,500,450,0.5263157894736842,14,5,9,377.0975376446218,0.6458333333333334,0.04023677447662011,0.24278507326805077,134854.90798950198,3770.6907484266494,138625.59873792864,1821,33,1029.28125,31,1,21,30.54001608791943,0.6804435483870968,40.33203125,1038.6718750000002,33.50554435483872,0
1858,4,0,0,32,0.0,0.0,1.0,32,1150,900,250,0.782608695652174,14,9,5,378.46747193799035,0.6477234543010754,0.039802631578947034,0.24435035809588695,134956.35986328128,3815.318467881945,138771.67833116322,1822,34,1030.28125,31,1,21,30.403091060985794,0.6814516129032258,40.234375,1039.0625000000002,33.51814516129033,0
1859,4,0,0,32,0.0,0.0,1.0,32,150,100,50,0.6666666666666666,2,1,1,378.46747193799035,0.6477234543010754,0.039802631578947034,0.24435035809588695,134956.35986328128,3815.318467881945,138771.67833116322,1823,35,1031.28125,31,1,21,30.403091060985794,0.6814516129032258,40.234375,1039.0625000000002,33.51814516129033,0
1860,4,0,0,32,0.0,0.0,1.0,32,450,400,50,0.8888888888888888,5,4,1,380.0818385841539,0.6481014784946237,0.03932386292444523,0.2456221177117514,134990.18563164596,3861.4635891384346,138851.6492207844,1824,36,1032.28125,31,1,21,30.32736603600216,0.6817876344086022,40.20182291666666,1039.1927083333326,33.5223454301075,0
1861,4,0,0,32,0.0,0.0,1.0,32,900,600,300,0.6666666666666666,12,6,6,379.39606668246296,0.6469674059139785,0.04640531062124231,0.24586836009681706,135091.68836805565,3850.651041666676,138942.33940972234,1825,37,1033.28125,31,1,21,30.2438209752839,0.6827956989247312,40.10416666666667,1039.5833333333342,33.534946236559165,0
1862,4,0,0,32,0.0,0.0,1.0,32,450,300,150,0.6666666666666666,6,3,3,379.9580646045428,0.6452872983870969,0.04719978712747275,0.2466947238969008,135159.37805175784,3870.9791395399307,139030.35719129778,1826,38,1034.28125,31,1,21,30.16163703147175,0.683467741935484,40.0390625,1039.8437500000002,33.54334677419356,0
1863,4,0,0,32,0.0,0.0,1.0,32,650,500,150,0.7692307692307693,8,5,3,374.0958880357596,0.6460433467741936,0.01715001256123605,0.23730496929503445,134314.47558932827,3700.5850897894866,138015.06067911777,1827,39,1035.28125,31,1,22,31.158276807771223,0.6750672043010753,40.85286458333333,1036.588541666666,33.43834005376342,7
1864,4,0,0,32,0.0,0.0,1.0,32,550,300,250,0.5454545454545454,8,3,5,374.0958880357596,0.6460433467741936,0.01715001256123605,0.23730496929503445,134314.47558932827,3649.2986043294172,137963.77419365768,1828,40,1036.28125,31,1,22,31.158276807771223,0.6750672043010753,40.85286458333333,1036.588541666666,33.43834005376342,0
1865,4,0,0,32,0.0,0.0,1.0,32,550,400,150,0.7272727272727273,7,4,3,374.0958880357596,0.6460433467741936,0.01715001256123605,0.23730496929503445,134314.47558932827,3649.2986043294172,137963.77419365768,1829,41,1037.28125,31,1,22,31.158276807771223,0.6750672043010753,40.85286458333333,1036.588541666666,33.43834005376342,0
1866,4,0,0,32,0.0,0.0,1.0,32,1000,900,100,0.9,11,9,2,370.14480173901944,0.6484375,0.0037714118868417135,0.2334153717021998,134097.95388195154,3533.578949027522,137631.53283097906,1830,42,1038.28125,30,2,21,31.47736612163683,0.6756944444444444,41.06182795698924,1035.752688172042,34.525089605734735,2
1867,4,0,0,32,0.0,0.0,1.0,32,600,300,300,0.5,9,3,6,371.8078845154846,0.6469254032258065,0.00276498443175921,0.23490944047912748,134167.56995028324,3576.912070759621,137744.48202104287,1831,43,1039.28125,30,2,21,31.364599550250837,0.6763888888888889,40.994623655913976,1036.0215053763438,34.53405017921146,0
1868,4,0,0,32,0.0,0.0,1.0,32,850,500,350,0.5882352941176471,12,5,7,373.79908004334266,0.6469254032258065,-0.01542515009136003,0.2262281636091698,132570.9709937565,3510.981399583765,136081.95239334027,1832,44,1040.28125,30,2,23,32.916503523884096,0.6604166666666667,42.54032258064516,1029.8387096774193,34.32795698924731,3
1869,4,0,0,32,0.0,0.0,1.0,32,950,600,350,0.631578947368421,13,6,7,373.1622078993605,0.6470514112903226,-0.016303816046966624,0.2264678007560251,132674.80570369403,3501.8446858018224,136176.65038949586,1833,45,1041.28125,30,2,19,32.828332246140455,0.6614583333333334,42.439516129032256,1030.2419354838707,34.34139784946236,0
1870,4,0,0,32,0.0,0.0,1.0,32,700,500,200,0.7142857142857143,9,5,4,374.716420006155,0.6465053763440861,-0.01389703964527933,0.2280417070323173,132778.6810613944,3550.8704040929542,136329.55146548734,1834,46,1042.28125,30,2,19,32.683718049034944,0.6624999999999999,42.33870967741935,1030.6451612903227,34.35483870967742,0
1871,4,0,0,32,0.0,0.0,1.0,32,750,500,250,0.6666666666666666,10,5,5,374.129045832196,0.6491095430107527,-0.003283042231491562,0.22852850633953894,132917.24476818144,3545.640391952839,136462.8851601343,1835,47,1043.28125,30,2,19,32.55941518943343,0.6638888888888889,42.20430107526882,1031.1827956989257,34.37275985663086,0
1872,4,0,0,32,0.0,0.0,1.0,32,650,500,150,0.7692307692307693,8,5,3,374.58645974082367,0.6509576612903226,-0.0058069455303624284,0.2292325751236907,132986.5537200832,3562.992470227764,136549.54619031097,1836,48,1044.28125,30,2,20,32.477901572408996,0.6645833333333333,42.137096774193544,1031.4516129032254,34.381720430107514,0
1873,4,0,0,32,0.0,0.0,1.0,32,650,400,250,0.6153846153846154,9,4,5,376.8207212227287,0.6515036962365592,-0.008454637228083595,0.23124321957049446,133090.5510210717,3630.2554847381116,136720.80650580983,1837,49,1045.28125,30,2,20,32.315683209587085,0.6656249999999999,42.03629032258064,1031.8548387096766,34.395161290322555,0
1874,4,0,0,32,0.0,0.0,1.0,32,300,100,200,0.3333333333333333,5,1,4,376.1896412607849,0.65234375,-0.009461681208490669,0.2312858490986044,133159.90513715468,3618.6753887732834,136778.58052592797,1838,50,1046.28125,30,2,20,32.26223032512913,0.6663194444444444,41.96908602150538,1032.1236559139793,34.40412186379931,0
1875,4,0,0,32,0.0,0.0,1.0,32,650,400,250,0.6153846153846154,9,4,5,376.4276339499582,0.6529737903225807,-0.020563089622641417,0.22167405110386412,131534.8595213319,3502.6711903110154,135037.53071164293,1839,51,1047.28125,30,2,22,33.894839709993015,0.65,43.54838709677419,1025.806451612903,34.19354838709676,2
1876,4,0,0,32,0.0,0.0,1.0,32,650,600,50,0.9230769230769231,7,6,1,376.42644735683115,0.6511256720430108,-0.025119499738082807,0.2224761882365917,131672.772863915,3513.0228205573067,135185.79568447228,1840,52,1048.28125,30,2,20,33.75540204295442,0.6513888888888888,43.41397849462366,1026.3440860215062,34.21146953405021,0
1877,4,0,0,32,0.0,0.0,1.0,32,1000,900,100,0.9,11,9,2,375.65153058674076,0.6505796370967742,-0.02422192040843063,0.2226223461716148,131776.2552932421,3500.3903991791085,135276.6456924212,1841,53,1049.28125,30,2,20,33.67069206266091,0.6524305555555555,43.31317204301076,1026.747311827958,34.224910394265265,0
1878,4,0,0,32,0.0,0.0,1.0,32,850,600,250,0.7058823529411765,11,6,5,392.7449042324645,0.6495295698924731,-0.0069342541788948164,0.22320100177446134,130162.9151238334,3824.1643269856586,133987.07945081906,1842,54,1050.28125,31,1,20,34.869981072689384,0.6334005376344087,44.88932291666666,1020.4427083333321,32.91750672043007,6
1879,4,1,0,33,0.030303030303030304,0.0,1.0,33,700,500,200,0.7142857142857143,9,5,4,383.58006719849084,0.675189393939394,-0.004742814327315825,0.21967658447002616,130462.04460991749,3408.5661146375824,133870.61072455507,1843,0,1019.4242424242424,31,2,21,34.79957940351771,0.6364247311827957,44.596354166666664,1021.6145833333329,32.95530913978493,0
1880,4,1,2,32,0.029411764705882353,0.058823529411764705,0.9411764705882353,34,400,300,100,0.75,5,3,2,377.18768279737844,0.6961898395721926,-0.043518994118370236,0.22337312810090923,131749.07415378527,3138.8255981532484,134887.89975193853,1844,0,990.4117647058823,32,2,16,33.658734063050886,0.6468098958333334,43.339646464646464,1026.6414141414139,32.08254419191918,8
1881,4,0,0,32,0.0,0.0,1.0,32,800,500,300,0.625,11,5,6,392.2662742991004,0.6520077284946237,-0.026148126310272746,0.23100125042058126,131534.85952133182,3919.3378569776687,135454.1973783095,1845,57,1053.28125,30,2,21,33.488655223619844,0.6500000000000001,43.548387096774185,1025.8064516129023,34.19354838709674,0
1882,4,0,0,32,0.0,0.0,1.0,32,750,500,250,0.6666666666666666,10,5,5,390.96017712083113,0.6509996639784946,-0.02842546502488874,0.23064837651780706,131603.8071597872,3890.3695513932157,135494.1767111804,1846,58,1054.28125,30,2,16,33.452318574796955,0.6506944444444445,43.48118279569892,1026.0752688172038,34.20250896057346,0
1883,4,0,0,32,0.0,0.0,1.0,32,550,500,50,0.9090909090909091,6,5,1,391.28029029102447,0.6501176075268817,-0.03210134250163743,0.2310460182808948,131638.2877536419,3901.4934891316725,135539.78124277358,1847,59,1055.28125,30,2,16,33.40919013315869,0.6510416666666667,43.44758064516128,1026.2096774193537,34.20698924731179,0
1884,4,0,0,32,0.0,0.0,1.0,32,600,500,100,0.8333333333333334,7,5,2,391.8870538013413,0.6498235887096775,-0.03462992667277742,0.23182350347644018,131707.2624906058,3922.8742123366765,135630.13670294246,1848,60,1056.28125,30,2,16,33.3237855178735,0.6517361111111111,43.38037634408602,1026.4784946236555,34.215949820788516,0
1885,4,0,0,32,0.0,0.0,1.0,32,500,400,100,0.8,6,4,2,389.4849534792808,0.6487315188172044,-0.03360632936248187,0.23082044682918718,131776.25529324185,3864.9737325124133,135641.22902575426,1849,61,1057.28125,30,2,16,33.31560631845357,0.6524305555555556,43.313172043010745,1026.7473118279559,34.224910394265194,0
1886,4,0,0,32,0.0,0.0,1.0,32,950,700,250,0.7368421052631579,12,7,5,385.96877912877125,0.6496135752688172,-0.025860376864695,0.22936029627543292,131879.77837033168,3780.2954098739565,135660.07378020562,1850,62,1058.28125,30,2,16,33.30116461659253,0.6534722222222223,43.21236559139784,1027.1505376344073,34.23835125448024,0
1887,4,2,1,33,0.058823529411764705,0.029411764705882353,0.9705882352941176,34,1150,1000,150,0.8695652173913043,13,10,3,364.0097655053236,0.6759878193701724,-0.031856435108062575,0.2204326397347381,132592.99314164362,2853.028868227726,135446.02200987135,1851,0,996.9705882352941,32,2,18,33.146377344612,0.6552734375,42.51893939393939,1029.9242424242416,32.18513257575755,0
1888,4,0,0,33,0.0,0.0,1.0,33,800,600,200,0.75,10,6,4,371.3677060518041,0.6631155303030304,-0.030437165380885922,0.2243242514707113,132498.52710300003,3241.1348130967644,135739.66191609678,1852,1,1028.1818181818182,31,2,20,33.05206884195438,0.6569220430107527,42.61067708333332,1029.5572916666652,33.21152553763436,0
1889,4,2,3,32,0.05714285714285714,0.08571428571428572,0.9142857142857143,35,600,400,200,0.6666666666666666,8,4,4,353.83641837172206,0.6925770308123249,-0.042197071250403284,0.21696640977942663,133060.979025495,2416.3640486831955,135477.3430741782,1853,0,970.3714285714286,33,2,16,32.938269588628884,0.6575126262626263,42.064950980392155,1031.7401960784314,31.264854426619134,0
1890,4,0,0,32,0.0,0.0,1.0,32,700,500,200,0.7142857142857143,9,5,4,384.90569946925865,0.65234375,-0.02516397989818575,0.2327357982347269,132536.36845661345,3802.800721181635,136339.1691777951,1854,66,1062.28125,30,2,20,32.66544837488579,0.6600694444444445,42.57392473118279,1029.7043010752684,34.32347670250895,0
1891,4,0,0,32,0.0,0.0,1.0,32,550,400,150,0.7272727272727273,7,4,3,383.96232226015627,0.6528477822580646,-0.01959496933315963,0.23259314430668576,132605.57804731742,3783.109138339665,136388.6871856571,1855,67,1063.28125,30,2,20,32.61994867110358,0.6607638888888889,42.506720430107514,1029.9731182795683,34.33243727598561,0
1892,4,0,0,32,0.0,0.0,1.0,32,850,700,150,0.8235294117647058,10,7,3,384.92021005603846,0.6543178763440861,-0.022241064440386094,0.23381920208316886,132709.42630650944,3816.5080500635922,136525.93435657304,1856,68,1064.28125,30,2,17,32.49059700843552,0.6618055555555555,42.405913978494624,1030.3763440860216,34.34587813620072,0
1893,4,0,0,32,0.0,0.0,1.0,32,350,200,150,0.5714285714285714,5,2,3,384.8904057777764,0.6550319220430108,-0.019837452719447146,0.2340170294288828,132744.05142574292,3818.3823635680474,136562.43378931098,1857,69,1065.28125,30,2,17,32.45646928394418,0.6621527777777778,42.37231182795699,1030.5107526881725,34.35035842293908,0
1894,4,0,0,32,0.0,0.0,1.0,32,850,700,150,0.8235294117647058,10,7,3,382.6190820512764,0.6554099462365592,-0.016162669447341127,0.23371445839947405,132917.2447681814,3771.334836397284,136688.5796045787,1858,70,1066.28125,30,2,18,32.34054570733403,0.6638888888888889,42.20430107526882,1031.1827956989255,34.37275985663085,0
1895,4,0,0,32,0.0,0.0,1.0,32,550,300,250,0.5454545454545454,8,3,5,382.09296217256644,0.6544858870967742,-0.01969311962470699,0.23382626728168063,132986.5537200832,3762.6452480055436,136749.19896808875,1859,71,1067.28125,30,2,19,32.284336721396926,0.6645833333333333,42.137096774193544,1031.4516129032254,34.381720430107514,0
1896,4,0,1,31,0.0,0.03125,0.96875,32,950,700,250,0.7368421052631579,12,7,5,383.2820719583231,0.655241935483871,-0.022341205211726445,0.23477174000639495,133021.21497066133,3796.929377673714,136818.14434833504,1860,72,1068.28125,30,2,19,32.218783930510305,0.6649305555555556,42.10349462365591,1031.5860215053763,34.38620071684588,0
1897,4,0,0,31,0.0,0.0,1.0,31,700,400,300,0.5714285714285714,10,4,6,392.9803081318233,0.6488351254480287,-0.013163897034864647,0.24015463274722534,132934.5703125,4248.133680555557,137182.70399305556,1861,73,1096.3548387096773,29,2,19,32.05597643097643,0.6670258620689655,42.1875,1031.25,35.560344827586206,0
1898,4,0,0,31,0.0,0.0,1.0,31,550,300,250,0.5454545454545454,8,3,5,392.69393283763236,0.6491039426523297,-0.010787430298608403,0.24067083606583606,133042.0138888889,4248.958333333338,137290.97222222225,1862,74,1097.3548387096773,29,2,20,31.955102315562744,0.6681034482758621,42.083333333333336,1031.6666666666667,35.57471264367816,0
1899,4,1,0,32,0.03125,0.0,1.0,32,950,700,250,0.7368421052631579,12,7,5,387.6192641274172,0.6716229838709677,0.005593832020997613,0.22581489240450459,131121.55306971906,3765.0479824257172,134886.60105214478,1863,0,1064.03125,30,2,18,34.026684164479434,0.6458333333333334,43.95161290322581,1024.1935483870968,34.13978494623656,7
1900,4,0,0,32,0.0,0.0,1.0,32,1000,700,300,0.7,13,7,6,385.3770484660258,0.6735131048387097,-0.00012708251344584198,0.22511335175911987,131224.8187109781,3714.2066640652124,134939.02537504333,1864,1,1065.03125,30,2,18,33.97940443394991,0.646875,43.850806451612904,1024.5967741935483,34.15322580645161,0
1901,4,0,0,32,0.0,0.0,1.0,32,850,500,350,0.5882352941176471,12,5,7,383.9392851384036,0.6738491263440861,-0.003938524590163972,0.22467667299925762,131293.68505390798,3681.760716556824,134975.4457704648,1865,2,1066.03125,30,2,18,33.94644808743169,0.6475694444444444,43.78360215053763,1024.8655913978494,34.162186379928315,0
1902,4,0,0,32,0.0,0.0,1.0,32,850,700,150,0.8235294117647058,10,7,3,383.119777510249,0.6752352150537635,-0.003429428346663377,0.22460065665416384,131362.56946251015,3665.5196771303094,135028.08913964045,1866,3,1067.03125,30,2,18,33.89766618591845,0.6482638888888889,43.71639784946237,1025.1344086021509,34.17114695340503,0
1903,4,0,0,32,0.0,0.0,1.0,32,700,400,300,0.5714285714285714,10,4,6,379.61524143279723,0.6740591397849462,-0.0034285292961073743,0.22294724225487383,131431.47193678466,3578.6779902300823,135010.14992701475,1867,4,1068.03125,30,2,18,33.91772622012494,0.6489583333333333,43.649193548387096,1025.403225806452,34.180107526881734,0
1904,4,1,0,33,0.030303030303030304,0.0,1.0,33,600,400,200,0.6666666666666666,8,4,4,370.90387716092954,0.6873421717171718,0.013163202969213028,0.22011428737157654,131829.0901184082,3179.1841295030395,135008.27424791123,1868,0,1036.6363636363637,31,2,19,33.73919635687418,0.6502016129032258,43.26171875,1026.953125,33.12752016129032,0
1905,4,0,0,33,0.0,0.0,1.0,33,1250,900,350,0.72,16,9,7,370.5821557157917,0.685763888888889,0.011669489930359322,0.2203106726783633,131895.95752292217,3175.657653808599,135071.61517673076,1869,1,1037.6363636363637,31,2,19,33.67993936705116,0.6508736559139785,43.196614583333336,1027.2135416666672,33.13592069892475,0
1906,4,0,0,33,0.0,0.0,1.0,33,850,600,250,0.7058823529411765,11,6,5,389.8639489847545,0.6871843434343435,0.018659658344283736,0.2251035395883142,130777.62783269736,3683.770645570297,134461.39847826766,1870,2,1038.6363636363637,30,3,21,34.318331143232584,0.6423611111111112,44.287634408602145,1022.8494623655909,34.09498207885303,7
1907,4,0,0,33,0.0,0.0,1.0,33,750,400,350,0.5333333333333333,11,4,7,388.7064399519635,0.6878156565656566,0.0166005828118283,0.2248353663308773,130846.37674875707,3572.165857324545,134418.5426060816,1871,3,1039.6363636363637,30,3,21,34.27811350499211,0.6430555555555555,44.22043010752688,1023.1182795698924,34.10394265232974,0
1908,4,0,0,33,0.0,0.0,1.0,33,650,400,250,0.6153846153846154,9,4,5,390.3697690350067,0.6881313131313131,0.019435325016414984,0.22640257358732485,130949.53399598216,3623.7478682506617,134573.28186423282,1872,4,1040.6363636363637,30,3,21,34.13082731451084,0.6440972222222222,44.119623655913976,1023.5215053763438,34.1173835125448,0
1909,4,2,2,33,0.05714285714285714,0.05714285714285714,0.9428571428571428,35,700,500,200,0.7142857142857143,9,5,4,368.1122788822345,0.7050420168067226,0.005579202870510169,0.21633921339229403,131457.5760764206,2678.2295811651657,134135.80565758576,1873,0,982.1142857142858,32,3,21,34.186212345071,0.6438802083333335,43.62373737373736,1025.5050505050492,32.04703282828279,0
1910,4,0,0,33,0.0,0.0,1.0,33,700,400,300,0.5714285714285714,10,4,6,389.659576411832,0.688052398989899,0.021139319982589777,0.22723883525810828,131161.34855482305,3621.6551038953953,134783.00365871846,1874,6,1042.6363636363637,31,2,21,33.93407588661499,0.643481182795699,43.912760416666664,1024.3489583333328,33.04351478494622,0
1911,4,0,0,33,0.0,0.0,1.0,33,450,300,150,0.6666666666666666,6,3,3,391.076485145361,0.6864741161616162,0.013616916399989298,0.22846183085440575,131228.04641723633,3664.0406290690103,134892.08704630533,1875,7,1043.6363636363637,31,2,22,33.830140424450384,0.6441532258064516,43.84765625,1024.609375,33.05191532258065,0
1912,4,0,0,33,0.0,0.0,1.0,33,550,400,150,0.7272727272727273,7,4,3,391.27240788609026,0.6870265151515152,0.014662508182202938,0.22877517459610192,131261.4017062718,3671.7929416232732,134933.19464789508,1876,8,1044.6363636363637,31,2,22,33.7912960609911,0.644489247311828,43.81510416666667,1024.7395833333342,33.05611559139788,0
1913,4,1,0,34,0.029411764705882353,0.0,1.0,34,550,300,250,0.5454545454545454,8,3,5,382.7880805759687,0.6986779560308972,0.03157487321579744,0.22668972200751672,131749.0741537854,3286.3950425977064,135035.46919638308,1877,0,1014.8823529411765,32,2,20,33.51499405567172,0.6468098958333333,43.33964646464647,1026.6414141414148,32.08254419191921,0
1914,4,0,0,34,0.0,0.0,1.0,34,1050,800,250,0.7619047619047619,13,8,5,382.5834703840031,0.6987893642305407,0.03264358840881498,0.22753648501785437,131911.15702479336,3293.405647382916,135204.56267217628,1878,1,1015.8823529411765,32,2,21,33.3563790560472,0.6484375,43.18181818181818,1027.272727272727,32.10227272727272,0
1915,4,0,0,34,0.0,0.0,1.0,34,750,600,150,0.8,9,6,3,382.1037253469683,0.6990864527629234,0.036406995230524375,0.2280296425457716,132040.89506172854,3290.66358024693,135331.55864197548,1879,2,1016.8823529411765,32,2,21,33.23761261261261,0.6497395833333333,43.055555555555564,1027.777777777779,32.11805555555559,0
1916,4,1,1,34,0.02857142857142857,0.02857142857142857,0.9714285714285714,35,950,900,50,0.9473684210526315,10,9,1,370.279318950698,0.7123949579831932,0.03212031507851476,0.22288426102000083,132366.47450800176,2802.513606545565,135168.98811454733,1880,0,988.8,33,2,21,33.21312671192094,0.6505681818181817,42.7389705882353,1029.044117647059,31.183155080213908,0
1917,4,0,0,34,0.0,0.0,1.0,34,700,500,200,0.7142857142857143,9,5,4,379.49039103600774,0.6972667855020797,0.03706806887784597,0.2272477753380332,132170.69686766673,3231.5018875625183,135402.19875522924,1881,4,1018.8823529411765,32,2,21,33.17370661427636,0.6510416666666665,42.92929292929294,1028.2828282828298,32.13383838383843,0
1918,4,0,0,34,0.0,0.0,1.0,34,700,600,100,0.8571428571428571,8,6,2,374.5059931377365,0.6972667855020797,0.0008934490013547958,0.22816917372958828,132820.66243240502,3148.4268186919876,135969.089251097,1882,5,1019.8823529411765,32,2,20,32.64688469704394,0.6575520833333333,42.29797979797981,1030.808080808082,32.21275252525256,2
1919,4,0,0,34,0.0,0.0,1.0,34,750,500,250,0.6666666666666666,10,5,5,373.5674565559526,0.6961527035056447,0.003821117178596012,0.2279059472085011,132871.38848339583,3127.285328960018,135998.67381235585,1883,6,1020.8823529411765,33,1,20,32.62002753674868,0.6556186868686869,42.24877450980392,1031.0049019607845,31.24257278669044,0
1920,4,0,0,34,0.0,0.0,1.0,34,600,500,100,0.8333333333333334,7,5,2,371.44279834242326,0.6952985739750446,0.004970707084830606,0.22680113971358123,132902.97752066512,3073.170775663208,135976.14829632832,1884,7,1021.8823529411765,33,1,20,32.6430156089058,0.6559343434343434,42.21813725490196,1031.1274509803923,31.24628639334522,0
1921,4,0,0,34,0.0,0.0,1.0,34,850,500,350,0.5882352941176471,12,5,7,370.28874604632176,0.6954099821746881,0.0032679738562091387,0.22628756702830777,132934.5703125,3044.835069444445,135979.40538194444,1885,8,1022.8823529411765,33,1,20,32.64099326599327,0.65625,42.1875,1031.25,31.25,0
1922,4,0,0,34,0.0,0.0,1.0,34,850,700,150,0.8235294117647058,10,7,3,367.9656512883587,0.693441770647653,0.002361324577336843,0.22582148570320568,133092.5905901577,2994.700355632458,136087.29094579016,1886,9,1023.8823529411765,33,1,21,32.542062549485365,0.6578282828282829,42.0343137254902,1031.8627450980398,31.268568033273933,0
1923,4,0,0,34,0.0,0.0,1.0,34,750,600,150,0.8,9,6,3,366.9121464017139,0.69281045751634,0.0027201430257486336,0.22574879540844678,133187.4478115389,2973.6184700595995,136161.0662815985,1887,10,1024.8823529411766,33,1,21,32.473955241600386,0.6587752525252526,41.942401960784316,1032.2303921568632,31.27970885323828,0
1924,4,0,0,34,0.0,0.0,1.0,34,750,400,350,0.5333333333333333,11,4,7,367.55049154593337,0.6932932263814617,-0.023008276848666354,0.219640034221393,132091.88102324237,2910.087159863913,135001.96818310628,1888,11,1025.8823529411766,34,0,21,33.56012352827639,0.6455269607843139,43.005952380952365,1027.9761904761883,30.234593837534952,4
1925,4,0,0,34,0.0,0.0,1.0,34,750,400,350,0.5333333333333333,11,4,7,366.0600487290944,0.6937759952465835,-0.02503201373184738,0.21892621750861863,132122.47732426273,2872.9520975056357,134995.42942176835,1889,12,1026.8823529411766,34,0,21,33.56757565230818,0.6458333333333335,42.97619047619046,1028.0952380952358,30.23809523809517,0
1926,4,0,0,34,0.0,0.0,1.0,34,500,0,500,0.0,10,0,10,364.3656633104715,0.6940730837789661,-0.018829249690151872,0.2182656449151074,132183.6805555553,2832.6388888888546,135016.31944444415,1890,13,1027.8823529411766,34,0,21,33.54943273905995,0.6464460784313728,42.91666666666665,1028.3333333333312,30.245098039215623,0
1927,4,0,0,34,0.0,0.0,1.0,34,850,700,150,0.8235294117647058,10,7,3,360.86579211089554,0.6953357100415924,-0.023585226731284825,0.21687080496678385,132306.12953514708,2748.9512471654975,135055.08078231258,1891,14,1028.8823529411766,34,0,22,33.51606495410012,0.6476715686274512,42.79761904761903,1028.8095238095214,30.25910364145651,0
1928,4,0,0,34,0.0,0.0,1.0,34,750,600,150,0.8,9,6,3,364.70029012112985,0.6952243018419489,-0.02941176470588225,0.21970968697541213,132398.00347222216,2857.118055555545,135255.1215277777,1892,15,1029.8823529411766,34,0,22,33.324898785425106,0.6485906862745099,42.70833333333333,1029.166666666666,30.269607843137237,0
1929,4,1,1,34,0.02857142857142857,0.02857142857142857,0.9714285714285714,35,750,500,250,0.6666666666666666,10,5,5,354.94710263855586,0.7149159663865545,-0.029585874799358258,0.21519272571411052,132636.34366426594,2415.777177640581,135052.12084190652,1893,0,1001.4285714285714,35,0,17,33.336142322097366,0.648809523809524,42.47685185185184,1030.0925925925912,29.43121693121689,0
1930,4,0,0,34,0.0,0.0,1.0,34,1150,700,450,0.6086956521739131,16,7,9,363.883655629774,0.6967840166369579,-0.023209075513660027,0.21993219689321525,132520.55165816302,2844.4125566893163,135364.96421485234,1894,17,1031.8823529411766,34,0,22,33.22253054303001,0.6498161764705884,42.5892857142857,1029.6428571428553,30.283613445378098,0
1931,4,0,0,34,0.0,0.0,1.0,34,550,400,150,0.7272727272727273,7,4,3,363.58018872864767,0.6961527035056447,-0.02450980392156854,0.22028682022970994,132612.49999999988,2843.055555555542,135455.55555555542,1895,18,1032.8823529411766,34,0,22,33.13781014023732,0.6507352941176471,42.49999999999999,1029.999999999999,30.294117647058798,0
1932,4,0,0,34,0.0,0.0,1.0,34,850,400,450,0.47058823529411764,13,4,9,363.15054829319297,0.6960784313725491,-0.030920408828965962,0.2207465692433902,132735.14739229012,2840.568310657579,135575.7157029477,1896,19,1033.8823529411766,34,0,18,33.02550254158964,0.6519607843137256,42.38095238095237,1030.4761904761895,30.30812324929969,0
1933,4,1,1,34,0.02857142857142857,0.02857142857142857,0.9714285714285714,35,550,300,250,0.5454545454545454,8,3,5,357.4767008944651,0.7098739495798319,-0.02538827715535885,0.21898211924895974,133024.10361207544,2510.6035397376368,135534.70715181308,1897,0,1005.3142857142857,35,0,19,32.881395153147075,0.6526785714285714,42.100694444444436,1031.597222222221,29.474206349206316,0
1934,4,0,0,34,0.0,0.0,1.0,34,550,400,150,0.7272727272727273,7,4,3,368.15196505565706,0.694555852644088,-0.024359853603221016,0.22507413361165537,132949.91673752837,2989.1546201814135,135939.0713577098,1898,21,1035.8823529411766,34,0,19,32.68065335334181,0.6541053921568627,42.17261904761905,1031.309523809524,30.332633053221297,0
1935,4,0,0,34,0.0,0.0,1.0,34,850,500,350,0.5882352941176471,12,5,7,369.4008523832018,0.6957070707070707,-0.027558680984509865,0.22639517586653665,133042.01388888893,3029.166666666671,136071.1805555556,1899,22,1036.8823529411766,34,0,20,32.55586968228326,0.6550245098039216,42.083333333333336,1031.666666666667,30.34313725490197,0
1936,4,0,0,34,0.0,0.0,1.0,34,950,800,150,0.8421052631578947,11,8,3,371.706241352809,0.6937759952465835,-0.023752001954450153,0.22818340651884894,133103.4297052153,3095.075113378672,136198.50481859397,1900,23,1037.8823529411766,34,0,20,32.434673511767414,0.6556372549019608,42.02380952380952,1031.904761904761,30.350140056022383,0
1937,4,0,0,34,0.0,0.0,1.0,34,1200,600,600,0.5,18,6,12,370.4528828672136,0.6929218657159834,-0.027892512937377933,0.22835379197635725,133257.03125000012,3073.090277777793,136330.1215277779,1901,24,1038.8823529411766,34,0,21,32.31268496099003,0.6571691176470588,41.87500000000001,1032.500000000001,30.367647058823557,0
1938,4,0,0,34,0.0,0.0,1.0,34,950,600,350,0.631578947368421,13,6,7,371.21584231940665,0.6933303624480095,-0.02610912937921306,0.22901324440103368,133287.7621882086,3095.7057823129244,136383.46797052154,1902,25,1039.8823529411766,34,0,21,32.26212435631389,0.6574754901960784,41.845238095238095,1032.6190476190475,30.37114845938375,0
1939,4,0,0,34,0.0,0.0,1.0,34,450,300,150,0.6666666666666666,6,3,3,369.689973340863,0.6927733214497921,-0.027174097304627942,0.2282605351410667,133318.49666950115,3057.3022959183663,136375.79896541953,1903,26,1040.8823529411766,34,0,21,32.27065321805954,0.657781862745098,41.81547619047619,1032.7380952380954,30.374649859943982,0
1940,4,1,0,35,0.02857142857142857,0.0,1.0,35,750,600,150,0.8,9,6,3,361.4065671583523,0.7046918767507002,-0.019517009936171448,0.22481766684836196,133595.26643990938,2656.5299036281253,136251.7963435375,1904,0,1012.1142857142858,34,1,22,32.206980270228776,0.6605392156862745,41.54761904761905,1033.8095238095243,30.40616246498601,0
1941,4,0,0,35,0.0,0.0,1.0,35,900,400,500,0.4444444444444444,14,4,10,360.66158983985576,0.7038515406162464,-0.014731693281542002,0.2252433702584761,133741.45507812512,2647.081163194459,136388.53624131958,1905,1,1013.1142857142858,35,0,18,32.07976670023497,0.6598214285714286,41.40625000000001,1034.375000000001,29.553571428571455,0
1942,4,0,0,35,0.0,0.0,1.0,35,900,700,200,0.7777777777777778,11,7,4,362.6696633253515,0.7045518207282913,-0.020707175611548667,0.22723401960700568,133861.20119866697,2709.4793542095495,136570.68055287653,1906,2,1014.1142857142858,35,0,18,31.907900868657503,0.6610119047619047,41.29050925925927,1034.837962962964,29.56679894179897,0
1943,4,0,0,35,0.0,0.0,1.0,35,700,500,200,0.7142857142857143,9,5,4,361.9700077764728,0.7042717086834733,-0.01587017633529242,0.22734970151353753,133951.04595336085,2697.252229080945,136648.2981824418,1907,3,1015.1142857142858,35,0,18,31.836053965414433,0.6619047619047618,41.20370370370371,1035.185185185186,29.576719576719597,0
1944,4,0,0,35,0.0,0.0,1.0,35,1000,600,400,0.6,14,6,8,361.2418980684914,0.7031512605042016,-0.014027019258407325,0.22726230802536745,134010.95920138893,2682.0746527777833,136693.03385416672,1908,4,1016.1142857142858,35,0,18,31.794936284372906,0.6624999999999999,41.145833333333336,1035.416666666667,29.583333333333343,0
1945,4,0,0,35,0.0,0.0,1.0,35,850,700,150,0.8235294117647058,10,7,3,359.1106110399427,0.7014005602240896,-0.014022316938843149,0.2264750428609196,134100.8541907794,2631.407937885819,136732.26212866523,1909,5,1017.1142857142858,35,0,20,31.760182701977882,0.663392857142857,41.059027777777786,1035.7638888888896,29.59325396825399,0
1946,4,0,0,35,0.0,0.0,1.0,35,700,600,100,0.8571428571428571,8,6,2,355.1738580850298,0.6988795518207283,-0.017462622265481675,0.2247259046950723,134220.76106235,2534.341108324762,136755.10217067477,1910,6,1018.1142857142858,35,0,20,31.74226981644886,0.6645833333333333,40.94328703703704,1036.2268518518522,29.60648148148149,0
1947,4,0,0,35,0.0,0.0,1.0,35,700,500,200,0.7142857142857143,9,5,4,356.91184989890456,0.6993697478991596,-0.021129523596867372,0.22656693405701567,134340.72151759703,2589.5590867198393,136930.28060431688,1911,7,1019.1142857142858,35,0,20,31.577374306873573,0.6657738095238095,40.827546296296305,1036.6898148148161,29.619708994709033,0
1948,4,0,0,35,0.0,0.0,1.0,35,550,300,250,0.5454545454545454,8,3,5,358.6955692764043,0.6990196078431372,-0.023423595828150567,0.22788616379986038,134370.72000385812,2639.6363811728475,137010.35638503096,1912,8,1020.1142857142858,35,0,20,31.501172136637635,0.6660714285714285,40.798611111111114,1036.805555555556,29.623015873015888,0
1949,4,0,0,35,0.0,0.0,1.0,35,850,800,50,0.9411764705882353,9,8,1,362.06221314474715,0.7002801120448179,-0.04582426394776051,0.23393346103186485,134983.42013888873,2780.3867669752835,137763.806905864,1913,9,1021.1142857142858,34,1,17,30.802258754343747,0.674325980392157,40.20833333333332,1039.1666666666654,30.563725490196042,1
1950,4,0,0,35,0.0,0.0,1.0,35,600,400,200,0.6666666666666666,8,4,4,363.57362073874623,0.6996498599439775,-0.04804450990018039,0.23511094141105587,135014.34948979586,2817.531179138313,137831.88066893417,1914,10,1022.1142857142858,34,1,17,30.732149675448635,0.6746323529411765,40.17857142857142,1039.285714285714,30.567226890756295,0
1951,4,0,0,35,0.0,0.0,1.0,35,600,200,400,0.3333333333333333,10,2,8,362.7732065684674,0.6995798319327731,-0.045012921587228916,0.2353983050645612,135138.10232426296,2804.896541950101,137942.99886621305,1915,11,1023.1142857142858,34,1,18,30.629579803068463,0.675857843137255,40.0595238095238,1039.7619047619041,30.58123249299718,0
1952,4,0,0,35,0.0,0.0,1.0,35,550,500,50,0.9090909090909091,6,5,1,361.66669233282107,0.6991596638655462,-0.041965818954943,0.23488167713956778,135169.04939058935,2777.2285997732147,137946.27799036258,1916,12,1024.1142857142856,34,1,18,30.627504293073834,0.6761642156862746,40.02976190476189,1039.8809523809505,30.584733893557367,0
1953,4,0,0,35,0.0,0.0,1.0,35,550,300,250,0.5454545454545454,8,3,5,360.71067059535835,0.7002100840336134,-0.04617472489739849,0.23466337520414327,135230.9541524942,2755.84963151926,137986.80378401346,1917,13,1025.1142857142856,34,1,18,30.590687116096305,0.6767769607843138,39.97023809523809,1040.1190476190466,30.59173669467784,0
1954,4,0,0,35,0.0,0.0,1.0,35,650,500,150,0.7692307692307693,8,5,3,360.8605878795762,0.7009103641456582,-0.0474773567014356,0.23496272853142586,135261.91184807246,2762.1386054421605,138024.05045351462,1918,14,1026.1142857142856,34,1,18,30.55595292591744,0.6770833333333334,39.94047619047618,1040.2380952380945,30.595238095238074,0
1955,4,0,0,35,0.0,0.0,1.0,35,550,300,250,0.5454545454545454,8,3,5,360.8605878795762,0.7009103641456582,-0.0474773567014356,0.23496272853142586,135261.91184807246,2762.1386054421605,138024.05045351462,1919,15,1027.1142857142856,34,1,18,30.55595292591744,0.6770833333333334,39.94047619047618,1040.2380952380945,30.595238095238074,0
1956,4,0,0,35,0.0,0.0,1.0,35,1100,800,300,0.7272727272727273,14,8,6,364.3392383056934,0.7006302521008403,-0.048708728342595875,0.2376361897605792,135323.83786848074,2860.756802721086,138184.59467120183,1920,16,1028.1142857142856,34,1,18,30.40379481311974,0.6776960784313726,39.88095238095238,1040.4761904761906,30.60224089635855,0
1957,4,0,0,35,0.0,0.0,1.0,35,850,500,350,0.5882352941176471,12,5,7,365.80896835274024,0.6999299719887955,-0.05681613983500766,0.23962542533668238,135478.7149234692,2911.86578798184,138390.58071145104,1921,17,1029.1142857142856,34,1,18,30.211311225462165,0.6792279411764707,39.73214285714285,1041.071428571427,30.61974789915962,0
1958,4,0,0,35,0.0,0.0,1.0,35,600,500,100,0.8333333333333334,7,5,2,366.522654320849,0.6994397759103641,-0.05720165953415424,0.24030038490930608,135509.70096371864,2933.4750566893217,138443.17602040796,1922,18,1030.1142857142856,34,1,18,30.161883527707907,0.6795343137254903,39.70238095238094,1041.1904761904748,30.623249299719845,0
1959,4,0,0,35,0.0,0.0,1.0,35,900,700,200,0.7777777777777778,11,7,4,365.7246016627529,0.7000700280112044,-0.058586287412438875,0.24040004056704892,135602.6803429703,2918.64725056687,138521.32759353716,1923,19,1031.1142857142856,34,1,18,30.090105535870766,0.6804534313725491,39.61309523809523,1041.5476190476174,30.633753501400513,0
1960,4,0,0,35,0.0,0.0,1.0,35,800,700,100,0.875,9,7,2,364.210751446887,0.7003501400560224,-0.05898385859542021,0.24023637584134142,135726.70245181397,2886.624858276631,138613.3273100906,1924,20,1032.1142857142856,34,1,18,30.006140751742258,0.6816789215686274,39.49404761904761,1042.0238095238087,30.647759103641434,0
1961,4,0,0,35,0.0,0.0,1.0,35,750,500,250,0.6666666666666666,10,5,5,366.75460966907724,0.7002801120448179,-0.061809578200212045,0.24233483831341648,135788.7347647391,2960.228883219942,138748.96364795906,1925,21,1033.1142857142856,34,1,18,29.878164858176284,0.6822916666666667,39.4345238095238,1042.261904761904,30.65476190476188,0
1962,4,0,0,35,0.0,0.0,1.0,35,600,500,100,0.8333333333333334,7,5,2,366.02374856725817,0.7007002801120448,-0.06410465533552967,0.24248381164538904,135881.80980725607,2947.1938775510043,138829.00368480707,1926,22,1034.1142857142856,34,1,15,29.80465479180939,0.6832107843137256,39.34523809523809,1042.6190476190463,30.66526610644254,0
1963,4,0,0,35,0.0,0.0,1.0,35,750,500,250,0.6666666666666666,10,5,5,364.00680112822994,0.7000700280112044,-0.05546274428999376,0.24212496668403927,136025.79417706173,2902.8628418638355,138928.65701892556,1927,23,1035.1142857142856,35,0,15,29.714139761085843,0.6824404761904763,39.20717592592592,1043.171296296295,29.80489417989414,0
1964,4,0,0,35,0.0,0.0,1.0,35,950,500,450,0.5263157894736842,14,5,9,361.16224853616006,0.6986694677871148,-0.06591798267150273,0.2414619955187265,136206.96058652658,2838.562430341182,139045.52301686775,1928,24,1036.1142857142856,35,0,15,29.60844236242007,0.6842261904761906,39.033564814814795,1043.865740740738,29.824735449735368,0
1965,4,0,0,35,0.0,0.0,1.0,35,1000,600,400,0.6,14,6,8,364.79887213071686,0.6983893557422969,-0.05583263377940173,0.22598782378461743,133441.47002551018,2736.8274073067982,136178.29743281697,1929,25,1037.1142857142856,34,1,20,32.27354341898068,0.6590073529411764,41.69642857142857,1033.2142857142856,30.388655462184868,7
1966,4,0,0,35,0.0,0.0,1.0,35,700,500,200,0.7142857142857143,9,5,4,367.13059313215376,0.69796918767507,-0.05852534562211986,0.2276209677419355,133472.2222222223,2800.3472222222326,136272.56944444453,1930,26,1038.1142857142856,34,1,20,32.182459677419345,0.6593137254901961,41.66666666666667,1033.3333333333342,30.39215686274512,0
1967,4,0,0,35,0.0,0.0,1.0,35,1000,800,200,0.8,12,8,4,364.69725696348416,0.6985994397759103,-0.05882273250694281,0.22688687756223866,133598.8862456749,2744.629469434853,136343.51571510974,1931,27,1039.1142857142856,33,2,21,32.11830251303936,0.6628787878787877,41.54411764705883,1033.823529411766,31.327985739750485,0
1968,4,0,0,35,0.0,0.0,1.0,35,1100,800,300,0.7272727272727273,14,8,6,363.1117308970535,0.6985994397759103,-0.07400378201822222,0.20360718513863094,129637.82709775066,2429.9818579392295,132067.8089556899,1932,28,1040.1142857142856,33,2,17,36.159747292418764,0.6231060606060608,45.40441176470587,1018.3823529411748,30.86007130124772,8
1969,4,0,0,35,0.0,0.0,1.0,35,1050,700,350,0.6666666666666666,14,7,7,363.98985932521765,0.6978991596638655,-0.07781081870842399,0.20426196629654833,129669.02941476814,2439.6423551037797,132108.67176987193,1933,29,1041.1142857142856,33,2,17,36.10563811013515,0.6234217171717172,45.37377450980391,1018.5049019607826,30.863784907902502,0
1970,4,0,0,35,0.0,0.0,1.0,35,700,500,200,0.7142857142857143,9,5,4,364.0416358245409,0.696078431372549,-0.07607361963190151,0.20461650565310374,129731.44531249975,2445.5295138888596,132176.9748263886,1934,30,1042.1142857142856,33,2,17,36.040814587593715,0.6240530303030305,45.312499999999986,1018.7499999999981,30.871212121212064,0
1971,4,0,0,35,0.0,0.0,1.0,35,950,600,350,0.631578947368421,13,6,7,362.0180560511565,0.694327731092437,-0.07330253010185661,0.2041290964188113,129856.32216274974,2402.0666630622654,132258.388825812,1935,31,1043.1142857142856,33,2,18,35.96536711955433,0.6253156565656567,45.18995098039215,1019.2401960784301,30.886066547831216,0
1972,4,1,1,35,0.027777777777777776,0.027777777777777776,0.9722222222222222,36,1050,700,350,0.6666666666666666,14,7,7,357.5292246799704,0.708234126984127,-0.07945282281941768,0.2035539207522697,130233.05047850218,2112.4243130572636,132345.47479155945,1936,0,1015.1111111111111,35,1,19,35.69719261443096,0.6247023809523811,44.82060185185185,1020.7175925925922,29.163359788359777,0
1973,4,0,0,35,0.0,0.0,1.0,35,1050,800,250,0.7619047619047619,13,8,5,366.0595904276781,0.692156862745098,-0.08238784081061268,0.20808108813965895,130171.45691609978,2530.1020408163263,132701.5589569161,1937,33,1045.1142857142856,34,1,19,35.54207497277959,0.6262254901960784,44.88095238095238,1020.4761904761905,30.014005602240896,0
1974,4,1,1,35,0.027777777777777776,0.027777777777777776,0.9722222222222222,36,700,600,100,0.8571428571428571,8,6,2,355.5076651912858,0.7063161375661376,-0.07648565638256355,0.20363829725136134,130469.43486636225,2076.5768336333963,132546.01169999564,1938,0,1017.0555555555555,35,1,20,35.509067822212145,0.6270833333333334,44.58912037037037,1021.6435185185181,29.189814814814802,0
1975,4,0,0,35,0.0,0.0,1.0,35,900,600,300,0.6666666666666666,12,6,6,364.88175572738606,0.6931372549019608,-0.08181061186423733,0.20838586555456165,130353.74858276639,2512.7409297052086,132866.4895124716,1939,35,1047.1142857142856,34,1,20,35.387036605269294,0.6280637254901962,44.70238095238095,1021.1904761904758,30.03501400560223,0
1976,4,0,0,35,0.0,0.0,1.0,35,750,500,250,0.6666666666666666,10,5,5,366.63026173515703,0.6920868347338935,-0.0792873792873795,0.2097125097125095,130414.54081632636,2562.783446711996,132977.32426303835,1940,36,1048.1142857142856,34,1,20,35.28069153069152,0.6286764705882353,44.64285714285713,1021.4285714285701,30.04201680672265,0
1977,4,1,1,35,0.027777777777777776,0.027777777777777776,0.9722222222222222,36,850,600,250,0.7058823529411765,11,6,5,360.1915133416543,0.7051256613756615,-0.07986229013393709,0.20758591130942686,130706.0335889273,2215.8408082561523,132921.87439718345,1941,0,1019.9722222222222,35,1,14,35.1496179966044,0.6294642857142858,44.35763888888888,1022.5694444444431,29.216269841269803,0
1978,4,1,1,35,0.027777777777777776,0.027777777777777776,0.9722222222222222,36,950,500,450,0.5263157894736842,14,5,9,360.1936274113003,0.707473544973545,-0.09052613047633418,0.20774614176280964,130735.62349965681,2218.027692043865,132953.6511917007,1942,0,1020.9444444444445,35,1,14,35.119586539912476,0.629761904761905,44.32870370370369,1022.6851851851832,29.21957671957666,0
1979,4,0,0,35,0.0,0.0,1.0,35,650,400,250,0.6153846153846154,9,4,5,369.30497911295964,0.6912464985994398,-0.08430335097001762,0.21223912655045984,130597.00255102031,2646.0246598639324,133243.02721088423,1943,39,1051.1142857142856,34,1,14,35.02722455159562,0.630514705882353,44.46428571428571,1022.1428571428564,30.063025210084014,0
1980,4,0,0,35,0.0,0.0,1.0,35,900,600,300,0.6666666666666666,12,6,6,369.2728095336254,0.6906162464985994,-0.08141210134921584,0.2123875161061779,130627.42524092947,2647.4312641723077,133274.85650510178,1944,40,1052.1142857142856,34,1,15,34.99718566825824,0.6308210784313726,44.434523809523796,1022.2619047619029,30.066526610644203,0
1981,4,0,0,35,0.0,0.0,1.0,35,700,500,200,0.7142857142857143,9,5,4,370.374445156574,0.6911764705882353,-0.08312353459600541,0.21369287161451472,130749.15143140574,2685.228883219938,133434.38031462568,1945,41,1053.1142857142856,34,1,15,34.84557482636868,0.632046568627451,44.31547619047618,1022.7380952380939,30.080532212885117,0
1982,4,0,0,35,0.0,0.0,1.0,35,700,600,100,0.8571428571428571,8,6,2,372.75547520069773,0.6923669467787115,-0.08399880315170061,0.215576080341507,130840.48327664385,2754.3013038548565,133594.7845804987,1946,42,1054.1142857142856,34,1,15,34.692081684896436,0.6329656862745099,44.22619047619047,1023.095238095237,30.091036414565796,0
1983,4,0,1,34,0.0,0.02857142857142857,0.9714285714285714,35,900,600,300,0.6666666666666666,12,6,6,370.4470162010768,0.692436974789916,-0.09468210589271164,0.21508939178346123,130992.77388038555,2705.176445578241,133697.9503259638,1947,43,1055.1142857142856,34,1,16,34.59680389192542,0.6344975490196079,44.077380952380956,1023.6904761904767,30.108543417366963,0
1984,4,0,0,34,0.0,0.0,1.0,34,750,500,250,0.6666666666666666,10,5,5,376.7308355719968,0.6919191919191919,-0.10522312373225162,0.21850388463175807,130951.55709342561,3066.6979046520546,134018.25499807767,1948,44,1039.5588235294117,33,1,16,34.47776979565773,0.6363636363636364,44.11764705882353,1023.529411764706,31.016042780748666,0
1985,4,0,0,34,0.0,0.0,1.0,34,750,500,250,0.6666666666666666,10,5,5,379.2426964641231,0.691027926322044,-0.09983390341061038,0.22103978082616038,131139.7734645328,3146.760260476732,134286.53372500953,1949,45,1040.5588235294117,33,1,16,34.222700805615375,0.6382575757575758,43.93382352941176,1024.2647058823525,31.03832442067735,0
1986,4,0,0,34,0.0,0.0,1.0,34,1000,800,200,0.8,12,8,4,379.0733029281512,0.6922162804515746,-0.09612625538020081,0.22202864885791723,131328.12500000012,3156.5972222222376,134484.72222222236,1950,46,1041.5588235294117,33,1,16,34.036246612466115,0.6401515151515151,43.75000000000001,1025.000000000001,31.060606060606087,0
1987,4,0,0,34,0.0,0.0,1.0,34,750,600,150,0.8,9,6,3,374.4671824858046,0.6922162804515746,-0.08661384016693918,0.21578412780811837,130700.8121876202,2988.6329777008928,133689.44516532109,1951,47,1042.5588235294117,33,1,18,34.78996883988495,0.6338383838383839,44.36274509803922,1022.5490196078437,30.986333927510415,2
1988,4,0,0,34,0.0,0.0,1.0,34,650,600,50,0.9230769230769231,7,6,1,376.01470045337436,0.6924762329174095,-0.08332334970648114,0.2172037857913023,130794.81336805572,3036.154513888909,133830.96788194464,1952,48,1043.5588235294117,33,1,18,34.65504073319755,0.6347853535353534,44.27083333333334,1022.916666666668,30.997474747474786,0
1989,4,0,0,34,0.0,0.0,1.0,34,550,400,150,0.7272727272727273,7,4,3,377.1734531125552,0.6931075460487226,-0.08550128244877264,0.21805013757504255,130826.15460399863,3068.830497885447,133894.9851018841,1953,49,1044.5588235294117,33,1,18,34.59361523718255,0.63510101010101,44.24019607843138,1023.0392156862758,31.00118835412957,0
1990,4,1,1,34,0.02857142857142857,0.02857142857142857,0.9714285714285714,35,700,500,200,0.7142857142857143,9,5,4,367.1386539752971,0.7018207282913165,-0.08396365871078093,0.21350639370125296,131053.71492346944,2622.976899092978,133676.69182256242,1954,0,1015.6857142857143,34,1,18,34.619763205828775,0.635110294117647,44.017857142857146,1023.9285714285718,30.115546218487406,0
1991,4,1,0,35,0.02857142857142857,0.0,1.0,35,900,700,200,0.7777777777777778,11,7,4,363.8256756830421,0.7057422969187674,-0.024091007511783724,0.20762028079397532,130323.35778061207,2482.9967403627916,132806.35452097486,1955,0,1016.6571428571428,34,1,19,35.44484279662664,0.6277573529411765,44.73214285714285,1021.0714285714271,30.03151260504197,4
1992,4,0,0,35,0.0,0.0,1.0,35,850,600,250,0.7058823529411765,11,6,5,369.4382467182863,0.707422969187675,-0.050846105256158514,0.21365762397691462,130840.48327664396,2667.4957482993163,133507.97902494328,1956,1,1017.6571428571428,34,1,18,34.776927701497165,0.6329656862745099,44.226190476190474,1023.095238095238,30.09103641456582,4
1993,4,1,0,36,0.027777777777777776,0.0,1.0,36,1100,800,300,0.7272727272727273,14,8,6,358.2372881355932,0.722123015873016,-0.05015065913370986,0.20885375494071143,131150.23389274688,2196.580825617277,133346.81471836416,1957,0,990.3611111111111,35,1,19,34.75,0.6339285714285714,43.92361111111111,1024.3055555555552,29.265873015873005,0
1994,4,0,0,36,0.0,0.0,1.0,36,550,300,250,0.5454545454545454,8,3,5,359.421467402158,0.721660052910053,-0.05357523945819043,0.20970595965566916,131179.8740381731,2229.7725640860886,133409.6466022592,1958,1,991.3611111111111,35,1,19,34.68970078710504,0.6342261904761904,43.89467592592593,1024.421296296297,29.269179894179914,0
1995,4,0,0,36,0.0,0.0,1.0,36,600,300,300,0.5,9,3,6,359.77557762900454,0.7224537037037038,-0.047996912534357006,0.2102371741748896,131239.16437596452,2243.3292341821025,133482.49361014663,1959,2,992.3611111111111,35,1,20,34.62067943070146,0.6348214285714285,43.83680555555556,1024.6527777777778,29.275793650793652,0
1996,4,0,0,36,0.0,0.0,1.0,36,750,500,250,0.6666666666666666,10,5,5,360.09158150910525,0.7208664021164022,-0.048745216136520386,0.21074758455142956,131298.46810967516,2255.8946062671566,133554.36271594232,1960,3,993.3611111111111,35,1,20,34.55263034067383,0.6354166666666665,43.77893518518519,1024.88425925926,29.28240740740743,0
1997,4,1,1,36,0.02702702702702703,0.02702702702702703,0.972972972972973,37,1200,700,500,0.5833333333333334,17,7,10,353.8804679027006,0.7331706706706707,-0.04061172673990954,0.20884448338921074,131616.85333982654,1915.3267287558065,133532.18006858235,1961,0,967.4864864864865,36,1,15,34.39031862745099,0.636574074074074,43.46846846846848,1026.126126126128,28.503503503503552,0
1998,4,0,0,36,0.0,0.0,1.0,36,800,700,100,0.875,9,7,2,361.57351623916105,0.7223875661375662,-0.030244676030811046,0.207270844244111,130498.9979852535,2239.3075351377083,132738.3055203912,1962,5,995.3611111111111,35,1,16,35.324157982177915,0.6273809523809525,44.56018518518517,1021.7592592592571,29.19312169312163,2
1999,4,1,1,36,0.02702702702702703,0.02702702702702703,0.972972972972973,37,950,700,250,0.7368421052631579,12,7,5,351.8717615323408,0.7381756756756757,-0.0335635194666033,0.20272814687269375,130694.0386332277,1797.5083191299198,132491.5469523576,1963,0,969.4324324324324,36,1,16,35.37444933920704,0.6273148148148149,44.36936936936936,1022.5225225225215,28.403403403403374,0
2000,4,1,0,37,0.02702702702702703,0.0,1.0,37,750,600,150,0.8,9,6,3,352.4675078426734,0.7344219219219219,-0.02351961207217168,0.20382987324956617,130838.01442912496,1823.2297753834746,132661.24420450843,1964,0,970.4054054054054,36,1,18,35.213492937075756,0.6287615740740742,44.228603603603595,1023.0855855855847,28.419044044044018,0
2001,4,0,0,37,0.0,0.0,1.0,37,500,400,100,0.8,6,4,2,353.8409359657064,0.7353603603603603,-0.02718167110772729,0.2050833179882869,130924.43795146495,1865.2851331060765,132789.72308457101,1965,1,971.4054054054054,36,1,18,35.09091659330987,0.6296296296296295,44.14414414414414,1023.4234234234232,28.428428428428422,0
2002,4,0,0,37,0.0,0.0,1.0,37,850,600,250,0.7058823529411765,11,6,5,354.7676786484698,0.7356731731731732,-0.024654879252327566,0.20623706740868844,131039.71370018662,1897.731008035055,132937.44470822168,1966,2,972.4054054054054,36,1,18,34.95059759495526,0.6307870370370371,44.03153153153153,1023.8738738738734,28.44094094094093,0
2003,4,0,0,37,0.0,0.0,1.0,37,1450,1300,150,0.896551724137931,16,13,3,357.0367674216528,0.7373623623623624,-0.018560657822034088,0.20849297240065462,131212.72243527317,1969.5532525769072,133182.27568785008,1967,3,973.4054054054054,36,1,19,34.717566131750566,0.6325231481481481,43.862612612612615,1024.54954954955,28.45970970970972,0
2004,4,0,0,37,0.0,0.0,1.0,37,850,600,250,0.7058823529411765,11,6,5,365.26524460197686,0.7373623623623624,0.02276653522914729,0.20240941455015615,129172.76810171656,2036.515273719662,131209.2833754362,1968,4,974.4054054054054,36,1,21,36.57868985635685,0.6119791666666667,45.861486486486484,1016.5540540540538,28.237612612612608,5
2005,4,2,1,38,0.05128205128205128,0.02564102564102564,0.9743589743589743,39,1150,1000,150,0.8695652173913043,13,10,3,347.3700091693699,0.7571412505623032,0.02355897005498342,0.19477240749426075,129636.22708013731,1206.347477901959,130842.57455803927,1969,0,925.3846153846154,38,1,18,36.562150300741365,0.6129385964912281,45.4059829059829,1018.3760683760681,26.799370220422844,0
2006,4,1,0,39,0.02564102564102564,0.0,1.0,39,550,300,250,0.5454545454545454,8,3,5,349.4287849539918,0.7612460638776428,0.041625670059304065,0.1967444953300574,129799.47973738034,1271.1348984586134,131070.61463583895,1970,0,926.3589743589744,38,1,19,36.343878870482975,0.6145833333333334,45.245726495726494,1019.0170940170938,26.816239316239308,0
2007,4,2,1,40,0.04878048780487805,0.024390243902439025,0.975609756097561,41,800,600,200,0.75,10,6,4,333.69429404414814,0.7764735772357724,0.04659034345445501,0.19012814428096825,130262.58680555565,494.4010702023621,130756.98787575802,1971,0,882.1219512195122,39,2,20,36.27551020408164,0.6175213675213675,44.79166666666667,1020.8333333333342,26.175213675213698,0
2008,4,0,0,40,0.0,0.0,1.0,40,1000,900,100,0.9,11,9,2,338.4861509714885,0.7697382478632478,0.04724660610390963,0.19246365763596482,130182.84640842024,813.0181206597317,130995.86452907998,1972,1,905.175,39,1,20,36.233987445136265,0.6167200854700854,44.86979166666667,1020.5208333333342,26.167200854700877,0
2009,4,0,0,40,0.0,0.0,1.0,40,650,400,250,0.6153846153846154,9,4,5,340.6312363586709,0.7692574786324786,0.045513371281280524,0.19422029649329944,130290.57167830468,876.2565314567762,131166.82820976144,1973,2,906.175,37,3,20,36.07012762682132,0.6213400900900901,44.764254385964904,1020.9429824561389,27.593053579895646,0
2010,4,0,0,40,0.0,0.0,1.0,40,1300,1000,300,0.7692307692307693,16,10,6,336.96443102095435,0.7690170940170941,0.04067632597552073,0.1925309621117335,130371.67302441735,786.1233243845331,131157.79634880187,1974,3,907.175,38,2,21,36.08161592914181,0.6203399122807018,44.684829059829056,1021.2606837606832,26.875281151596926,0
2011,4,1,1,40,0.024390243902439025,0.024390243902439025,0.975609756097561,41,650,500,150,0.7692307692307693,8,5,3,332.76391097600197,0.7781504065040651,0.039056207928568565,0.1911639048300079,130581.79253472235,490.58159722223127,131072.37413194458,1975,0,886.0243902439024,39,2,17,35.97635548308193,0.6207264957264957,44.47916666666667,1022.0833333333344,26.207264957264986,0
2012,4,1,1,40,0.024390243902439025,0.024390243902439025,0.975609756097561,41,1000,900,100,0.9,11,9,2,333.6665382895981,0.7751016260162602,0.039767674107786144,0.1924757974692878,130741.54188368077,524.8155381944684,131266.35742187523,1976,0,887.0,39,2,18,35.79182793508523,0.6223290598290598,44.32291666666668,1022.7083333333351,26.223290598290642,0
2013,4,0,0,40,0.0,0.0,1.0,40,650,300,350,0.46153846153846156,10,3,7,336.97530123056305,0.7662927350427351,0.036300183411453135,0.19384968383802753,130635.03146701405,804.155815972241,131439.1872829863,1977,6,910.175,39,1,18,35.814907275320984,0.6212606837606838,44.42708333333334,1022.291666666668,26.21260683760687,0
2014,4,0,0,40,0.0,0.0,1.0,40,750,400,350,0.5333333333333333,11,4,7,340.4849723917639,0.76741452991453,0.035554197229014095,0.19613852634962187,130688.28125000012,899.4791666666815,131587.7604166668,1978,7,911.175,39,1,18,35.67135289323555,0.6217948717948718,44.37500000000001,1022.5000000000009,26.21794871794874,0
2015,4,0,1,39,0.0,0.025,0.975,40,900,400,500,0.4444444444444444,14,4,10,338.87619917865413,0.7663728632478632,0.03820399225990423,0.19561583772693758,130768.1762695314,862.8445095486261,131631.02077908002,1979,8,912.175,39,1,18,35.63170468818956,0.6225961538461537,44.29687500000001,1022.8125000000011,26.22596153846157,0
2016,4,1,1,39,0.025,0.025,0.975,40,600,100,500,0.16666666666666666,11,1,10,335.66101519821615,0.7698450854700855,0.03705070766724372,0.19402747676643237,130821.45317925372,782.3323567708578,131603.78553602457,1980,0,912.95,39,1,18,35.660086379526874,0.6231303418803418,44.24479166666668,1023.0208333333353,26.23130341880347,0
2017,4,1,1,39,0.025,0.025,0.975,40,700,500,200,0.7142857142857143,9,5,4,336.76100201360947,0.7720886752136752,0.0418702290076336,0.19520217373355273,130928.03955078151,818.2915581597517,131746.33110894126,1981,0,913.925,39,1,19,35.52427905004243,0.6241987179487178,44.140625000000014,1023.437500000002,26.241987179487232,0
2018,4,1,0,40,0.025,0.0,1.0,40,700,500,200,0.7142857142857143,9,5,4,337.52842058638737,0.7728632478632479,0.03237538148524899,0.19632570262510016,131061.33355034747,847.3849826389132,131908.7185329864,1982,0,914.6,39,1,21,35.370040691759925,0.6255341880341879,44.01041666666668,1023.9583333333353,26.25534188034193,0
2019,4,0,0,40,0.0,0.0,1.0,40,1250,900,350,0.72,16,9,7,339.2101155502522,0.7731570512820513,0.02932726533102792,0.19771506023744134,131141.3425021704,896.8939887153017,132038.2364908857,1983,1,915.6,39,1,21,35.246215973422835,0.62633547008547,43.93229166666668,1024.2708333333353,26.26335470085475,0
2020,4,0,0,40,0.0,0.0,1.0,40,1000,700,300,0.7,13,7,6,342.6690191811719,0.7722222222222223,0.02140715519869918,0.20056635810372103,131301.43364800338,998.5866970486063,132300.02034505198,1984,2,916.6,39,1,21,34.996040417386595,0.6279380341880343,43.776041666666664,1024.8958333333328,26.27938034188033,0
2021,4,2,2,40,0.047619047619047616,0.047619047619047616,0.9523809523809523,42,850,600,250,0.7058823529411765,11,6,5,332.46659836690884,0.7872386759581882,0.019488050366565757,0.19668564284176143,131709.7262081916,357.8169288548737,132067.54313704648,1985,0,873.9047619047619,41,1,16,34.84615105827776,0.6288109756097562,43.37797619047619,1026.4880952380952,25.0362950058072,0
2022,4,1,0,41,0.024390243902439025,0.0,1.0,41,1100,800,300,0.7272727272727273,14,8,6,353.31893761752167,0.7785569105691057,0.09438009438009409,0.2033546774287514,130654.64854570637,1047.854017386035,131702.5025630924,1986,0,896.1951219512196,37,4,17,35.37734162734162,0.625,44.4078947368421,1022.3684210526316,27.63157894736842,3
2023,4,1,0,42,0.023809523809523808,0.0,1.0,42,1000,700,300,0.7,13,7,6,343.89171502730846,0.7897067363530779,0.10308414023048629,0.19947343517463606,130954.6929253473,606.8467881944488,131561.53971354174,1987,0,875.8333333333334,39,3,18,35.314895854535585,0.624465811965812,44.114583333333336,1023.5416666666673,26.244658119658137,0
2024,4,0,0,42,0.0,0.0,1.0,42,1100,900,200,0.8181818181818182,13,9,4,345.27146244836473,0.7900212930700735,0.09798208775932316,0.20096884235227197,131088.00048828125,652.1891276041669,131740.1896158854,1988,1,876.8333333333334,39,3,19,35.14488607466177,0.625801282051282,43.984375,1024.0625,26.25801282051282,0
2025,4,0,1,41,0.0,0.023809523809523808,0.9761904761904762,42,850,400,450,0.47058823529411764,13,4,9,346.02202223830966,0.7902390631049168,0.09684799186578541,0.201965969656604,131194.69536675356,679.2507595486153,131873.94612630218,1989,2,877.8333333333334,39,3,19,35.01789950855787,0.6268696581196581,43.880208333333336,1024.4791666666672,26.268696581196593,0
2026,4,0,0,41,0.0,0.0,1.0,41,1000,700,300,0.7,13,7,6,354.19156611596793,0.7802845528455284,0.09865991025367093,0.2065686579026703,131163.9135437212,1091.4303911900038,132255.3439349112,1990,3,900.0487804878048,38,3,19,34.839773675427615,0.6282894736842106,43.91025641025641,1024.3589743589741,26.956815114709844,0
2027,4,1,0,42,0.023809523809523808,0.0,1.0,42,1250,800,450,0.64,17,8,9,347.52649508190655,0.7882791327913279,0.10588570614222581,0.20475175617042296,131553.00188519535,743.8361894693003,132296.83807466464,1991,0,879.5952380952381,37,5,22,34.617714122844504,0.6340090090090091,43.53070175438596,1025.8771929824554,27.726410621147444,0
2028,4,1,1,42,0.023255813953488372,0.023255813953488372,0.9767441860465116,43,1250,900,350,0.72,16,9,7,339.46408128715035,0.7915282392026578,0.1073162945478463,0.2019979335183933,131931.11257213814,357.1747844984935,132288.28735663663,1992,0,860.1162790697674,38,5,18,34.4436789378813,0.6359649122807018,43.16239316239316,1027.3504273504268,27.035537561853335,0
2029,4,0,0,42,0.0,0.0,1.0,42,850,700,150,0.8235294117647058,10,7,3,348.57732411386087,0.7867063492063492,0.10989830239804266,0.2069718231443201,131848.80566741532,791.9007734312116,132640.70644084652,1993,2,881.5952380952381,38,4,18,34.292537882728254,0.6351425438596492,43.24252136752136,1027.0299145299136,27.027103013945094,0
2030,4,0,0,42,0.0,0.0,1.0,42,1000,700,300,0.7,13,7,6,346.04369346984106,0.7868273325590399,0.10703391173441101,0.20591312849046955,131931.1125721381,730.7858956096043,132661.89846774773,1994,3,882.5952380952381,38,4,18,34.27468975318913,0.6359649122807018,43.16239316239316,1027.3504273504266,27.03553756185333,0
2031,4,0,0,42,0.0,0.0,1.0,42,1000,700,300,0.7,13,7,6,348.4660336011688,0.7866821525358111,0.10836550836550862,0.20795553618134266,132040.8950617284,802.3533950617314,132843.24845679014,1995,4,883.5952380952381,38,4,18,34.101914414414416,0.6370614035087719,43.05555555555556,1027.7777777777778,27.046783625730995,0
2032,4,0,1,41,0.0,0.023809523809523808,0.9761904761904762,42,1350,900,450,0.6666666666666666,18,9,9,349.20638141151824,0.7866337591947348,0.10688809078586758,0.209306390253255,132205.6544031705,833.4116352545891,133039.0660384251,1996,5,884.5952380952381,38,4,19,33.91703892236304,0.6387061403508771,42.89529914529915,1028.418803418804,27.06365272154747,0
2033,4,0,0,41,0.0,0.0,1.0,41,850,600,250,0.7058823529411765,11,6,5,357.9715766692992,0.7740853658536585,0.10726233197494062,0.21424866006625237,132150.7232084156,1261.240548980948,133411.96375739656,1997,6,906.9512195121952,38,3,20,33.74701267664173,0.638157894736842,42.948717948717956,1028.205128205129,27.05802968960866,0
2034,4,0,0,41,0.0,0.0,1.0,41,1100,800,300,0.7272727272727273,14,8,6,361.38913217451557,0.7727134146341463,0.10751772834026219,0.21676592993420954,132233.12428090078,1357.5228057199229,133590.6470866207,1998,7,907.9512195121952,38,3,20,33.576140022852385,0.6389802631578947,42.868589743589745,1028.5256410256413,27.06646423751688,0
2035,4,0,0,41,0.0,0.0,1.0,41,1200,800,400,0.6666666666666666,16,8,8,363.07761848655093,0.7720528455284553,0.10860140993436529,0.21857272632890368,132370.51647308064,1412.1543757761806,133782.67084885683,1999,8,908.9512195121952,38,3,20,33.39432793466224,0.6403508771929824,42.73504273504274,1029.0598290598296,27.080521817363934,0
2036,4,1,1,41,0.023809523809523808,0.023809523809523808,0.9761904761904762,42,850,500,350,0.5882352941176471,12,5,7,354.9774629422121,0.779979674796748,0.10832370410914494,0.2154630647160867,132680.2718144044,1019.7069613691859,133699.9787757736,2000,0,888.2857142857143,37,5,19,33.29120547750816,0.6452702702702702,42.43421052631579,1030.2631578947367,27.84495021337126,0
2037,4,0,0,41,0.0,0.0,1.0,41,900,700,200,0.7777777777777778,11,7,4,362.16023808383073,0.7709349593495934,0.10845531917103268,0.21949246945545192,132623.79410010768,1406.2129693751842,134030.00706948288,2001,10,910.9512195121952,37,4,20,33.16301185153643,0.6447072072072072,42.489035087719294,1030.0438596491224,27.839023233760066,0
2038,4,0,0,41,0.0,0.0,1.0,41,1200,800,400,0.6666666666666666,16,8,8,365.36441828881846,0.7721036585365854,0.10000000000000009,0.2224368867820526,132793.26331178815,1503.5866805170722,134296.84999230521,2002,11,911.9512195121952,37,4,20,32.910017730496456,0.6463963963963963,42.32456140350877,1030.7017543859643,27.856804172593627,0
2039,4,0,0,41,0.0,0.0,1.0,41,850,800,50,0.9411764705882353,9,8,1,373.46559117874347,0.7709857723577236,0.09589105034150491,0.22840164828525739,132962.84072983984,1731.4091835949405,134694.2499134348,2003,12,912.9512195121952,37,4,20,32.53065419235948,0.6480855855855856,42.16008771929824,1031.359649122806,27.87458511142719,0
2040,4,0,0,41,0.0,0.0,1.0,41,900,700,200,0.7777777777777778,11,7,4,371.7519998239528,0.7714939024390244,0.09729662486296564,0.22821644294476276,133104.2379025274,1696.3533250615271,134800.59122758894,2004,13,913.9512195121952,37,4,20,32.43268072822583,0.6494932432432434,42.02302631578946,1031.9078947368398,27.88940256045513,0
2041,4,0,0,41,0.0,0.0,1.0,41,1100,600,500,0.5454545454545454,16,6,10,370.96375742047536,0.7708333333333334,0.09669773816645288,0.22846544218955067,133223.94035585123,1684.2506985535606,134908.1910544048,2005,14,914.9512195121952,38,3,20,32.33273828003723,0.6488486842105264,41.90705128205127,1032.3717948717933,27.167678812415613,0
2042,4,0,0,41,0.0,0.0,1.0,41,1100,900,200,0.8181818181818182,13,9,4,369.6917545604496,0.7701219512195122,0.10114828274278942,0.22804943142238532,133283.9206271699,1654.7932942708103,134938.7139214407,2006,15,915.9512195121952,39,2,20,32.30532717979758,0.6477029914529915,41.84895833333332,1032.6041666666647,26.477029914529865,0
2043,4,0,0,41,0.0,0.0,1.0,41,1100,600,500,0.5454545454545454,16,6,10,367.3921274434233,0.7690548780487805,0.09605595148510426,0.2274528789003662,133418.40820312474,1603.3745659721944,135021.78276909693,2007,16,916.9512195121952,39,2,20,32.22970020837534,0.6490384615384617,41.718749999999986,1033.124999999998,26.490384615384563,0
2044,4,0,0,41,0.0,0.0,1.0,41,950,700,250,0.7368421052631579,12,7,5,365.67972845588645,0.7676321138211382,0.09934698889323035,0.22689945017171495,133501.31539901363,1563.7775048063033,135065.09290381992,2008,17,917.9512195121952,36,5,20,32.19075769132978,0.6553819444444446,41.6385135135135,1033.445945945944,28.706831831831778,0
2045,4,0,1,40,0.0,0.024390243902439025,0.975609756097561,41,1300,900,400,0.6923076923076923,17,9,8,363.482946929461,0.7654979674796748,0.08523233961940924,0.2270478640110347,133748.36205164716,1523.0497571042263,135271.41180875138,2009,18,918.9512195121952,38,3,19,31.999888108517524,0.6540570175438598,41.39957264957264,1034.401709401708,27.221097615834424,0
2046,4,0,0,40,0.0,0.0,1.0,40,950,500,450,0.5263157894736842,14,5,9,365.4642390376367,0.7646634615384615,0.08043662568885135,0.22868173471877545,133812.35091566603,1780.7258002461917,135593.07671591223,2010,19,910.55,37,3,19,31.884537939804996,0.6565315315315317,41.337719298245595,1034.649122807015,27.963489805594996,0
2047,4,0,0,40,0.0,0.0,1.0,40,600,400,200,0.6666666666666666,8,4,4,365.38884773295047,0.7636485042735043,0.08164335664335698,0.2289867161290557,133869.08111149556,1782.8538588796218,135651.93497037518,2011,20,911.55,37,3,19,31.82966023875114,0.6570945945945947,41.28289473684209,1034.8684210526292,27.969416785206192,0
2048,4,0,0,40,0.0,0.0,1.0,40,750,600,150,0.8,9,6,3,364.3062338408507,0.7625801282051282,0.08546610169491542,0.22866029570861862,133925.82333025523,1758.0024622960618,135683.82579255127,2012,21,912.55,37,3,19,31.800847457627107,0.6576576576576578,41.22807017543858,1035.0877192982437,27.975343764817396,0
2049,4,0,0,40,0.0,0.0,1.0,40,1500,1400,100,0.9333333333333333,16,14,2,364.3749639103702,0.7616720085470086,0.08684088329377837,0.2291471625733543,133997.13187824137,1765.0400184454393,135762.1718966868,2013,22,913.55,38,2,20,31.727676882330677,0.6565241228070177,41.15918803418802,1035.3632478632455,27.246401259559093,0
2050,4,0,0,40,0.0,0.0,1.0,40,1100,800,300,0.7272727272727273,14,8,6,359.5163206952664,0.7624198717948718,0.083384036299887,0.22711594539296365,134163.1068398894,1646.7653088245784,135809.87214871397,2014,23,914.55,38,2,21,31.687420508060917,0.658168859649123,40.99893162393161,1036.0042735042714,27.263270355375564,0
2051,4,0,0,40,0.0,0.0,1.0,40,900,700,200,0.7777777777777778,11,7,4,365.59546266796474,0.7623397435897435,0.08945727244613977,0.2316552307865397,134273.81388569277,1817.9794223463955,136091.79330803917,2015,24,915.55,38,2,21,31.41922654021921,0.6592653508771931,40.89209401709401,1036.4316239316229,27.274516419253235,0
2052,4,0,0,40,0.0,0.0,1.0,40,1100,800,300,0.7272727272727273,14,8,6,361.51635535786386,0.7625,0.08849304482225673,0.22976530640131423,134384.566588593,1716.4437458908583,136101.01033448387,2016,25,916.55,38,2,21,31.41421947449768,0.6603618421052632,40.78525641025641,1036.8589743589741,27.2857624831309,0
2053,4,1,0,41,0.024390243902439025,0.0,1.0,41,1250,800,450,0.64,17,8,9,356.34075139103646,0.7658536585365854,0.09985900723026964,0.2294268069552091,134855.77493790633,1411.0243626269232,136266.79930053325,2017,0,895.170731707317,38,3,19,31.078138928889793,0.6650219298245614,40.33119658119658,1038.6752136752136,27.333558254610885,0
2054,4,0,0,41,0.0,0.0,1.0,41,1300,900,400,0.6923076923076923,17,9,8,357.36426703647896,0.7660060975609756,0.09930636012097316,0.23079182345264215,134966.76734056525,1446.4599769888023,136413.22731755406,2018,1,896.170731707317,38,3,19,30.940905819453008,0.6661184210526316,40.224358974358964,1039.1025641025626,27.34480431848849,0
2055,4,0,0,41,0.0,0.0,1.0,41,850,400,450,0.47058823529411764,13,4,9,363.2644480405104,0.7666666666666667,0.1042696088385493,0.2351430349292165,135050.04160502952,1611.7757642997976,136661.8173693293,2019,2,897.170731707317,38,3,19,30.704594511255014,0.6669407894736842,40.14423076923077,1039.4230769230765,27.353238866396747,0
2056,4,0,1,40,0.0,0.024390243902439025,0.975609756097561,41,1000,800,200,0.8,12,8,4,365.22704915914187,0.7651930894308943,0.10375627800667653,0.23695930949445132,135133.3415516109,1670.8703155818648,136804.21186719276,2020,3,898.170731707317,38,3,19,30.57054048499795,0.6677631578947367,40.06410256410257,1039.7435897435905,27.361673414305013,0
2057,4,0,0,40,0.0,0.0,1.0,40,850,500,350,0.5882352941176471,12,5,7,368.8194136487311,0.7642361111111111,0.11030001054518612,0.2393918206455113,135148.68907981314,1969.0920523622801,137117.7811321754,2021,4,915.825,37,3,19,30.46185718302927,0.6697635135135134,40.049342105263165,1039.8026315789484,28.102773826458066,0
2058,4,1,1,40,0.024390243902439025,0.024390243902439025,0.975609756097561,41,900,600,300,0.6666666666666666,12,6,6,363.9122379578732,0.7684959349593496,0.10807724954366882,0.23775111401392654,135383.39548405667,1653.5348865877868,137036.93037064446,2022,0,894.4634146341464,38,3,19,30.35558464223386,0.6702302631578947,39.823717948717956,1040.7051282051293,27.386977058029718,0
2059,4,0,0,40,0.0,0.0,1.0,40,1250,1100,150,0.88,14,11,3,372.78205682370753,0.7627938034188034,0.10481661045531188,0.2429228128532513,135291.2434595261,2086.8296014158304,137378.07306094194,2023,6,917.825,37,3,19,30.216677206295678,0.6711711711711711,39.91228070175439,1040.3508771929833,28.117591275486035,0
2060,4,0,0,40,0.0,0.0,1.0,40,850,600,250,0.7058823529411765,11,6,5,374.666899632335,0.7629807692307692,0.10781529870403528,0.24473252198282827,135376.81215614435,2144.2420985303334,137521.0542546747,2024,7,918.825,37,3,19,30.08233677519053,0.6720157657657657,39.83004385964913,1040.6798245614048,28.126481744902833,0
2061,4,0,0,40,0.0,0.0,1.0,40,1450,1200,250,0.8275862068965517,17,12,5,373.4663431203949,0.7604967948717949,0.10954085930918289,0.2449196404883476,135519.4867651586,2122.393428747319,137641.8801939059,2025,8,919.825,37,3,20,29.971391463072166,0.6734234234234233,39.692982456140356,1041.2280701754394,28.141299193930795,0
2062,4,0,0,40,0.0,0.0,1.0,40,1250,1100,150,0.88,14,11,3,373.8596449794457,0.7605502136752137,0.11033529845246903,0.2457642053743776,135605.1275993575,2139.4569723376467,137744.58457169516,2026,9,920.825,37,3,22,29.87584219391515,0.6742680180180181,39.61074561403509,1041.5570175438597,28.15018966334756,0
2063,4,0,0,40,0.0,0.0,1.0,40,900,600,300,0.6666666666666666,12,6,6,376.02401303848245,0.7576655982905983,0.11097944031981721,0.24845964031335194,135788.73476473923,2211.974011528667,138000.7087762679,2027,10,921.825,34,6,22,29.636636207881214,0.6822916666666666,39.43452380952381,1042.2619047619048,30.654761904761905,0
2064,4,0,0,40,0.0,0.0,1.0,40,1100,900,200,0.8181818181818182,13,9,4,372.94656575248666,0.7575587606837607,0.11045737122557742,0.24702225472782366,135874.91426611802,2134.816529492462,138009.7307956105,2028,11,922.825,35,5,19,29.631068679692135,0.680952380952381,39.351851851851855,1042.592592592593,29.788359788359802,0
2065,4,0,0,40,0.0,0.0,1.0,40,1200,900,300,0.75,15,9,6,371.5362774071897,0.7558226495726496,0.1083963078916117,0.2470596222270496,136015.18906998227,2106.9154035792685,138122.10447356154,2029,12,923.825,36,4,19,29.52832055849437,0.6802662037037037,39.21734234234235,1043.1306306306317,28.97585085085088,0
2066,4,0,0,40,0.0,0.0,1.0,40,850,700,150,0.8235294117647058,10,7,3,369.9784725764448,0.7560096153846154,0.10905656303972333,0.2462270524388065,136044.55807158523,2066.7115595325135,138111.26963111773,2030,13,924.825,36,4,19,29.539750647668384,0.6805555555555556,39.18918918918919,1043.243243243244,28.978978978979,0
2067,4,0,0,40,0.0,0.0,1.0,40,850,700,150,0.8235294117647058,10,7,3,370.96419539906844,0.7563568376068376,0.10552347544522434,0.24708722288802085,136073.9302435882,2095.7112095203347,138169.64145310855,2031,14,925.825,36,4,19,29.484844396474198,0.6808449074074074,39.16103603603604,1043.355855855856,28.982107107107108,0
2068,4,0,0,40,0.0,0.0,1.0,40,800,300,500,0.375,13,3,10,372.5906395635718,0.7551549145299146,0.1093008200258958,0.24878746739734758,136162.06578199822,2146.5422348023726,138308.6080168006,2032,15,926.825,36,4,19,29.354814055531584,0.681712962962963,39.07657657657658,1043.6936936936938,28.991491491491495,0
2069,4,0,0,40,0.0,0.0,1.0,40,850,500,350,0.5882352941176471,12,5,7,372.90215078245177,0.7545673076923077,0.10816431114467595,0.24920187711626135,136191.45063560182,2157.216972039605,138348.66760764143,2033,16,927.825,36,4,19,29.31748300787572,0.6820023148148149,39.04842342342342,1043.8063063063062,28.994619619619616,0
2070,4,0,0,40,0.0,0.0,1.0,40,1000,500,500,0.5,15,5,10,373.46430121471235,0.7532051282051282,0.11014344262295084,0.2501994942819951,136279.6242188134,2179.1149257365446,138458.73914454994,2034,17,928.825,36,4,19,29.21519988495829,0.6828703703703705,38.96396396396396,1044.144144144144,29.004004004004003,0
2071,4,0,0,40,0.0,0.0,1.0,40,1050,700,350,0.6666666666666666,14,7,7,374.26441249337046,0.7522168803418804,0.11431536388140207,0.2513615080286758,136367.82633562625,2207.5248813002313,138575.35121692647,2035,18,929.825,36,4,19,29.106693620844577,0.6837384259259259,38.87950450450451,1044.4819819819825,29.013388388388403,0
2072,4,0,0,40,0.0,0.0,1.0,40,1150,900,250,0.782608695652174,14,9,5,374.465154949465,0.7501068376068376,0.11401939655172444,0.25254626729149965,136514.89327165004,2224.0141323756206,138738.90740402567,2036,19,930.825,36,4,20,28.955414870689655,0.6851851851851851,38.73873873873874,1045.045045045045,29.02902902902903,0
2073,4,0,0,40,0.0,0.0,1.0,40,1050,800,250,0.7619047619047619,13,8,5,373.0053288994832,0.7495726495726496,0.11326475657044432,0.2524038974856268,136632.6038876714,2192.937870302731,138825.54175797413,2037,20,931.825,36,4,20,28.876741347120493,0.6863425925925926,38.626126126126124,1045.495495495495,29.04154154154153,0
2074,4,0,0,40,0.0,0.0,1.0,40,1150,1100,50,0.9565217391304348,12,11,1,376.192470639731,0.747676282051282,0.11717101012276565,0.25498710090222954,136691.47821808307,2284.4609812515373,138975.9391993346,2038,21,932.825,36,4,20,28.73501328164262,0.6869212962962963,38.56981981981983,1045.7207207207216,29.047797797797823,0
2075,4,0,0,40,0.0,0.0,1.0,40,1200,900,300,0.75,15,9,6,376.4935157847706,0.747142094017094,0.11780814339455636,0.25584574403479377,136781.44959919414,2299.468941147733,139080.91854034187,2039,22,933.825,35,5,21,28.637880799586927,0.6898809523809524,38.4837962962963,1046.064814814815,29.887566137566143,0
2076,4,0,0,40,0.0,0.0,1.0,40,800,400,400,0.5,12,4,8,365.28678185772947,0.747142094017094,0.13372086892333623,0.2370988742201813,135148.68907981302,1873.6059412511545,137022.29502106417,2040,23,934.825,37,3,18,30.553688178846343,0.6697635135135136,40.04934210526316,1039.8026315789475,28.10277382645804,2
2077,4,0,0,40,0.0,0.0,1.0,40,900,700,200,0.7777777777777778,11,7,4,366.039222463378,0.747409188034188,0.13773321387161386,0.23834002083116443,135262.72657211832,1902.292652546931,137165.01922466524,2041,24,935.825,37,3,18,30.42046572502722,0.6708896396396395,39.93969298245614,1040.241228070175,28.11462778568041,0
2078,4,0,0,40,0.0,0.0,1.0,40,1400,1100,300,0.7857142857142857,17,11,6,365.52294228746587,0.7468482905982906,0.14894944707740954,0.23951969199582349,135490.9458318904,1905.0098347568285,137395.95566664723,2042,25,936.825,37,3,18,30.206578023521143,0.6731418918918919,39.720394736842096,1041.11842105263,28.138335704125137,0
2079,4,0,0,40,0.0,0.0,1.0,40,850,700,150,0.8235294117647058,10,7,3,365.06743000447,0.7458867521367522,0.1520506475729182,0.23960230703195912,135548.03070415882,1896.834242266836,137444.86494642566,2043,26,937.825,37,3,19,30.16160805166544,0.673704954954955,39.66557017543859,1041.3377192982443,28.144262683736333,0
2080,4,0,0,40,0.0,0.0,1.0,40,1200,800,400,0.6666666666666666,16,8,8,367.53391739306414,0.746474358974359,0.14770606531881847,0.2422064659130572,135693.96888931742,1974.4812936862645,137668.45018300368,2044,27,938.825,35,5,19,29.952140265126282,0.6791666666666667,39.525462962962955,1041.898148148147,29.768518518518484,0
2081,4,0,0,40,0.0,0.0,1.0,40,600,400,200,0.6666666666666666,8,4,4,368.24668351691287,0.7457799145299145,0.1512579140286574,0.24288094444708896,135724.1180796681,1995.9912712191224,137720.1093508872,2045,28,939.825,35,5,19,29.903573808730428,0.6794642857142857,39.49652777777777,1042.013888888888,29.77182539682537,0
2082,4,0,0,40,0.0,0.0,1.0,40,650,400,250,0.6153846153846154,9,4,5,366.7670592036446,0.7453525641025641,0.1557606885063858,0.2423138201121655,135784.4265073086,1960.2509591477847,137744.6774664564,2046,29,940.825,35,5,19,29.882125670923557,0.680059523809524,39.4386574074074,1042.2453703703688,29.77843915343911,0
2083,4,0,0,40,0.0,0.0,1.0,40,1300,1000,300,0.7692307692307693,16,10,6,362.70428924776405,0.7445779914529914,0.14394830264033764,0.24146354972521003,136055.98020618994,1869.617519718793,137925.59772590874,2047,30,941.825,35,5,18,29.718123659492644,0.6827380952380953,39.17824074074074,1043.2870370370367,29.80820105820105,0
2084,4,0,0,40,0.0,0.0,1.0,40,600,300,300,0.5,9,3,6,365.4402428820727,0.7432692307692308,0.14460740822890106,0.24390634123372687,136146.55838745285,1950.6862729338104,138097.24466038667,2048,31,942.825,35,5,18,29.556786255591295,0.6836309523809524,39.09143518518518,1043.6342592592591,29.81812169312169,0
2085,4,0,0,40,0.0,0.0,1.0,40,850,500,350,0.5882352941176471,12,5,7,352.6927138331574,0.7448717948717949,0.12756599788806788,0.22659430122116697,134778.3993632656,1508.2808691996656,136286.68023246527,2049,32,943.825,37,3,20,31.25,0.6661036036036037,40.405701754385966,1038.377192982456,28.0642484589853,6
2086,4,0,0,40,0.0,0.0,1.0,40,1400,1000,400,0.7142857142857143,18,10,8,349.40554171145993,0.744017094017094,0.12513721764830077,0.22518830627036548,134892.2805574792,1426.4220721760498,136318.70262965522,2050,33,944.825,37,3,15,31.22185279009219,0.6672297297297298,40.296052631578945,1038.815789473684,28.076102418207675,0
2087,4,0,0,40,0.0,0.0,1.0,40,1050,700,350,0.6666666666666666,14,7,7,350.57300861763594,0.7422275641025641,0.12531121426310832,0.22683150502980015,135034.69967922824,1467.9041868651948,136502.60386609344,2051,34,945.825,37,3,16,31.04966680732848,0.6686373873873874,40.15899122807018,1039.3640350877195,28.090919867235662,0
2088,4,0,0,40,0.0,0.0,1.0,40,900,500,400,0.5555555555555556,13,5,8,356.0501293694312,0.7406784188034188,0.1320901423299945,0.2314691896551786,135205.70181450064,1628.0015245075442,136833.70333900818,2052,35,946.825,37,3,16,30.737018977332625,0.6703265765765766,39.99451754385965,1040.0219298245618,28.108700806069237,0
2089,4,0,0,40,0.0,0.0,1.0,40,1150,900,250,0.782608695652174,14,9,5,358.97991547386505,0.7406784188034188,0.13267892906082013,0.23374347687718322,135262.7265721184,1711.320430324722,136974.04700244314,2053,36,947.825,37,3,17,30.60405027932961,0.6708896396396395,39.939692982456144,1040.241228070176,28.114627785680433,0
2090,4,0,0,40,0.0,0.0,1.0,40,900,800,100,0.8888888888888888,10,8,2,357.05179097069606,0.7400641025641026,0.1354636459430978,0.23304136838458778,135348.28625153893,1665.2696021852862,137013.55585372422,2054,37,948.825,37,3,17,30.569020021074813,0.6717342342342343,39.85745614035088,1040.5701754385966,28.123518255097206,0
2091,4,0,0,40,0.0,0.0,1.0,40,650,400,250,0.6153846153846154,9,4,5,360.0406310701027,0.7397970085470086,0.13955243504785964,0.23819807095222428,135833.63540945284,1781.12556267312,137614.76097212595,2055,38,949.825,37,3,19,30.00848059324708,0.6765202702702704,39.39144736842105,1042.4342105263152,28.1738975817923,1
2092,4,0,0,40,0.0,0.0,1.0,40,750,500,250,0.6666666666666666,10,5,5,360.0406310701027,0.7397970085470086,0.13955243504785964,0.23819807095222428,135833.63540945284,1781.12556267312,137614.76097212595,2056,39,950.825,37,3,19,30.00848059324708,0.6765202702702704,39.39144736842105,1042.4342105263152,28.1738975817923,0
2093,4,0,0,40,0.0,0.0,1.0,40,950,500,450,0.5263157894736842,14,5,9,350.70595133643707,0.7390224358974359,0.123827228266294,0.23409213367353524,136149.57817925359,1549.6934678819546,137699.27164713555,2057,40,951.825,39,1,15,29.93822154572977,0.6760149572649572,39.08854166666667,1043.6458333333342,26.760149572649595,1
2094,4,0,0,40,0.0,0.0,1.0,40,1050,800,250,0.7619047619047619,13,8,5,358.93333506061043,0.7393963675213675,0.0790401968826906,0.23650796510209965,135689.33084958736,1741.881099859502,137431.21194944688,2058,41,952.825,38,2,15,30.18077488378452,0.6732456140350876,39.529914529914535,1041.8803418803427,27.41790373369323,2
2095,4,0,0,40,0.0,0.0,1.0,40,950,700,250,0.7368421052631579,12,7,5,358.61931497543736,0.7382211538461538,0.08111931119311233,0.23703862038620402,135800.66568047358,1740.148339907978,137540.81402038157,2059,42,953.825,38,2,15,30.07828515785159,0.6743421052631577,39.423076923076934,1042.3076923076937,27.429149797570886,0
2096,4,0,0,40,0.0,0.0,1.0,40,1050,800,250,0.7619047619047619,13,8,5,360.2123188517411,0.7387820512820513,0.08097909621887456,0.23864983161399522,135884.1967661082,1789.432322485246,137673.62908859344,2060,43,954.825,38,2,13,29.953760631212223,0.6751644736842104,39.34294871794874,1042.628205128208,27.43758434547916,0
2097,4,0,0,40,0.0,0.0,1.0,40,800,600,200,0.75,10,6,4,369.61450353952,0.7391025641025641,0.09805518446202854,0.2396215012620298,135105.57204918173,1987.3957876762213,137092.96783685795,2061,44,955.825,38,2,14,30.484191415750345,0.6674890350877194,40.09081196581196,1039.6367521367513,27.35886189833556,1
2098,4,0,0,40,0.0,0.0,1.0,40,750,500,250,0.6666666666666666,10,5,5,367.7531629791955,0.7381410256410257,0.1001309707241913,0.23915010297945657,135216.6671803088,1945.2714086127376,137161.93858892153,2062,45,956.825,38,2,15,30.421802773497685,0.6685855263157896,39.98397435897435,1040.0641025641012,27.37010796221319,0
2099,4,0,0,40,0.0,0.0,1.0,40,700,600,100,0.8571428571428571,8,6,2,366.61253723255436,0.7372863247863248,0.10377169559412591,0.23877633946711543,135272.2318672837,1918.4992283950353,137190.73109567873,2063,46,957.825,38,2,16,30.396083667111697,0.6691337719298247,39.93055555555554,1040.2777777777758,27.375730994151994,0
2100,4,0,0,40,0.0,0.0,1.0,40,1100,800,300,0.7272727272727273,14,8,6,365.8357874872347,0.7364850427350428,0.10604404065291084,0.23900780723763593,135383.39548405638,1905.6182199210907,137289.01370397749,2064,47,958.825,38,2,17,30.30553844574479,0.6702302631578948,39.82371794871794,1040.705128205127,27.386977058029657,0
2101,4,0,0,40,0.0,0.0,1.0,40,950,800,150,0.8421052631578947,11,8,3,366.5271845955983,0.7355502136752137,0.10709667487684782,0.24001618862227878,135466.79815910573,1930.45282708743,137397.25098619316,2065,48,959.825,38,2,18,30.204484811165837,0.6710526315789473,39.74358974358974,1041.02564102564,27.395411605937895,0
2102,4,0,0,40,0.0,0.0,1.0,40,800,700,100,0.875,9,7,2,367.72250068156006,0.7342948717948717,0.11558364960508793,0.2417347713516202,135605.8596888925,1973.0651663744557,137578.92485526696,2066,49,960.825,38,2,18,30.034918111259273,0.6724232456140351,39.61004273504273,1041.5598290598286,27.409469185784964,0
2103,4,0,0,40,0.0,0.0,1.0,40,1150,900,250,0.782608695652174,14,9,5,367.2499227772466,0.7340010683760684,0.11183347005742394,0.24198792208943978,135689.33084958722,1966.379255241431,137655.71010482864,2067,50,961.825,38,2,18,29.96415265244736,0.6732456140350878,39.52991452991453,1041.8803418803416,27.417903733693198,0
2104,4,0,0,40,0.0,0.0,1.0,40,800,400,400,0.5,12,4,8,366.22288142464936,0.733840811965812,0.11464933866502602,0.24149910497191376,135717.16027695587,1940.545899079545,137657.7061760354,2068,51,962.825,38,2,18,29.963216446221676,0.6735197368421053,39.503205128205124,1041.987179487179,27.420715249662607,0
2105,4,0,0,40,0.0,0.0,1.0,40,950,500,450,0.5263157894736842,14,5,9,363.82514611571423,0.7323450854700855,0.10988467452588435,0.24029209887330993,135772.82769239886,1879.5137747461295,137652.341467145,2069,52,963.825,38,2,18,29.970314368699807,0.6740679824561404,39.44978632478632,1042.2008547008536,27.42633828160141,0
2106,4,0,0,40,0.0,0.0,1.0,40,1300,1100,200,0.8461538461538461,15,11,4,361.6067975988381,0.7321047008547008,0.11133428981348636,0.23938664389209358,135856.35021732768,1825.3159471108033,137681.66616443847,2070,53,964.825,38,2,19,29.945087791214032,0.6748903508771931,39.36965811965811,1042.5213675213665,27.434772829509644,0
2107,4,0,0,40,0.0,0.0,1.0,40,1150,800,350,0.6956521739130435,15,8,7,362.0034516930935,0.731917735042735,0.11816086065573805,0.24002402775302922,135912.04616845632,1840.1259679304458,137752.17213638677,2071,54,965.825,38,2,14,29.87939719945355,0.6754385964912281,39.31623931623931,1042.735042735042,27.440395861448476,0
2108,4,0,0,40,0.0,0.0,1.0,40,950,500,450,0.5263157894736842,14,5,9,365.88582727711986,0.7318108974358974,0.1162279803359283,0.24335893852410057,136023.4723135363,1953.8121393089223,137977.28445284523,2072,55,966.825,38,2,15,29.66744332923665,0.6765350877192983,39.2094017094017,1043.1623931623924,27.451641925326115,0
2109,4,0,0,40,0.0,0.0,1.0,40,450,300,150,0.6666666666666666,6,3,3,364.12278404251043,0.7309561965811966,0.11225038402457743,0.24237620900989196,136051.3359837278,1907.878246219591,137959.2142299474,2073,56,967.825,38,2,15,29.685739887352792,0.6768092105263158,39.18269230769231,1043.2692307692307,27.454453441295545,0
2110,4,0,0,40,0.0,0.0,1.0,40,850,600,250,0.7058823529411765,11,6,5,364.584733511664,0.7306356837606838,0.11306573827565014,0.2428741137431728,136079.20250748785,1922.4799565344524,138001.6824640223,2074,57,968.825,38,2,15,29.646008259949493,0.6770833333333333,39.15598290598291,1043.376068376069,27.457264957264975,0
2111,4,0,0,40,0.0,0.0,1.0,40,450,200,250,0.4444444444444444,7,2,5,363.7625518651332,0.7314636752136752,0.11128545100849796,0.24251664464619488,136107.0718848162,1902.1311591423673,138009.20304395855,2075,58,969.825,38,2,15,29.63977338657384,0.6773574561403508,39.1292735042735,1043.4829059829053,27.460076473234352,0
2112,4,0,0,40,0.0,0.0,1.0,40,650,500,150,0.7692307692307693,8,5,3,364.52642334091973,0.7310897435897435,0.10970515970516015,0.2432168103274661,136134.94411571333,1924.956854043392,138059.9009697567,2076,59,970.825,38,2,15,29.592163185913194,0.6776315789473684,39.1025641025641,1043.5897435897434,27.462887989203775,0
2113,4,0,1,39,0.0,0.025,0.975,40,900,600,300,0.6666666666666666,12,6,6,363.11940938564595,0.7301014957264957,0.11477795968484639,0.24323276133830835,136274.34807372713,1896.7721573891517,138171.12023111628,2077,60,971.825,38,2,16,29.490475459599576,0.6790021929824561,38.9690170940171,1044.123931623932,27.476945569050844,0
2114,4,0,0,39,0.0,0.0,1.0,39,1000,900,100,0.9,11,9,2,369.68755273405367,0.7292510121457491,0.11435450380939294,0.24735032955593306,136233.98695993004,2272.801847683907,138506.78880761395,2078,61,948.1794871794872,37,2,16,29.35911406364878,0.6804617117117118,39.00767543859649,1043.9692982456145,28.215386439070663,0
2115,4,0,0,39,0.0,0.0,1.0,39,950,600,350,0.631578947368421,13,6,7,373.8925686395085,0.7268331084120558,0.12064148322808821,0.25117775802961667,136377.1124288245,2398.077773930469,138775.19020275498,2079,62,949.1794871794872,37,2,16,29.107180348519844,0.6818693693693691,38.87061403508773,1044.5175438596511,28.23020388809868,0
2116,4,0,0,39,0.0,0.0,1.0,39,800,500,300,0.625,11,5,6,373.22142489042824,0.725820962663068,0.12209089539064277,0.2511337384432206,136434.3836565099,2384.0470144660076,138818.4306709759,2080,63,950.1794871794872,37,2,17,29.067835152532883,0.6824324324324322,38.81578947368422,1044.7368421052647,28.236130867709857,0
2117,4,0,1,38,0.0,0.02564102564102564,0.9743589743589743,39,850,600,250,0.7058823529411765,11,6,5,361.8998165277064,0.725820962663068,0.17139972643782975,0.2285581194220433,134152.9124345951,1910.283452600787,136063.1958871959,2081,64,951.1794871794872,37,2,18,31.635884137736376,0.6599099099099099,41.008771929824555,1035.9649122807007,27.99905168326218,7
2118,4,0,0,38,0.0,0.0,1.0,38,1350,900,450,0.6666666666666666,18,9,9,367.90828867426836,0.7198316737790422,0.17176502901088342,0.2321001672994457,134113.00447406856,2268.257193003804,136381.26166707237,2082,65,974.7105263157895,36,2,18,31.5202127274045,0.6614583333333335,41.04729729729729,1035.81081081081,28.772522522522497,0
2119,4,0,0,38,0.0,0.0,1.0,38,600,300,300,0.5,9,3,6,367.3998627721886,0.7182906590801328,0.1724007308703599,0.23203167803954766,134152.912434595,2257.552323791909,136410.4647583869,2083,66,975.7105263157895,37,1,18,31.493437764606252,0.6599099099099102,41.00877192982455,1035.9649122806998,27.999051683262156,0
2120,4,0,0,38,0.0,0.0,1.0,38,1100,700,400,0.6363636363636364,15,7,8,370.35301315974687,0.7168978188715031,0.1755843157783361,0.23444114717834988,134238.12044330928,2343.098477416107,136581.2189207254,2084,67,976.7105263157895,37,1,18,31.3316712517194,0.6607545045045047,40.92653508771929,1036.2938596491213,28.007942152678954,0
2121,4,0,0,38,0.0,0.0,1.0,38,950,800,150,0.8421052631578947,11,8,3,369.0562772206375,0.716986723565671,0.1718488985901061,0.23380160404084852,134266.52912434566,2310.3810787934412,136576.9102031391,2085,68,977.7105263157895,37,1,18,31.33684229087317,0.6610360360360361,40.89912280701753,1036.4035087719276,28.01090564248453,0
2122,4,0,0,38,0.0,0.0,1.0,38,750,400,350,0.5333333333333333,11,4,7,368.0244392920236,0.7160087719298246,0.16678170836928374,0.2336918115182054,134351.77320185033,2288.9472001000026,136640.72040195033,2086,69,978.7105263157895,37,1,18,31.278313943239898,0.6618806306306307,40.81688596491227,1036.732456140349,28.019796111901325,0
2123,4,0,0,38,0.0,0.0,1.0,38,1350,1100,250,0.8148148148148148,16,11,5,374.11792073023486,0.7147048364153628,0.1710317703146993,0.23867361079087987,134522.34251163804,2465.4438144428896,136987.78632608094,2087,70,979.7105263157895,37,1,18,30.949754254307148,0.6635698198198199,40.652412280701746,1037.3903508771918,28.037577050734914,0
2124,4,0,0,38,0.0,0.0,1.0,38,1500,1300,200,0.8666666666666667,17,13,4,373.00927533889455,0.7135194404931247,0.17000052825271617,0.23874191091819186,134640.85708429795,2444.4637178693993,137085.32080216735,2088,71,980.7105263157895,35,3,18,30.860028437604548,0.66875,40.53819444444445,1037.847222222223,29.652777777777803,0
2125,4,0,0,38,0.0,0.0,1.0,38,750,600,150,0.8,9,6,3,374.434128549793,0.7141121384542437,0.1725739535593358,0.24005001422180816,134700.9243853954,2487.32464741943,137188.2490328148,2089,72,981.7105263157895,35,3,18,30.763021704389192,0.669345238095238,40.48032407407408,1038.078703703705,29.659391534391574,0
2126,4,0,0,38,0.0,0.0,1.0,38,900,600,300,0.6666666666666666,12,6,6,375.1767498739204,0.713934329065908,0.178525541364279,0.24092416772504927,134761.00508241166,2511.8391793124115,137272.84426172407,2090,73,982.7105263157895,35,3,19,30.683707687734547,0.6699404761904761,40.4224537037037,1038.310185185185,29.666005291005284,0
2127,4,0,0,38,0.0,0.0,1.0,38,800,500,300,0.625,11,5,6,373.64559945828677,0.713371266002845,0.17594102260331002,0.24053770513189876,134851.1512452847,2477.307848936909,137328.45909422162,2091,74,983.7105263157895,35,3,16,30.633403907584878,0.6708333333333333,40.33564814814815,1038.657407407408,29.675925925925945,0
2128,4,0,1,37,0.0,0.02631578947368421,0.9736842105263158,38,1150,700,450,0.6086956521739131,16,7,9,372.97925013700245,0.7144381223328592,0.17369359017950314,0.240907029333094,134971.39301483193,2468.3057913237258,137439.69880615565,2092,75,984.7105263157895,35,3,16,30.530648993836785,0.6720238095238095,40.219907407407405,1039.12037037037,29.68915343915343,0
2129,4,0,0,37,0.0,0.0,1.0,37,900,500,400,0.5555555555555556,13,5,8,376.0022860182965,0.7051426426426426,0.19354459258250345,0.24335626087663065,135045.2823837869,2755.4669784580537,137800.74936224494,2093,76,1008.8648648648649,34,3,18,30.378345359447177,0.6749387254901961,40.148809523809526,1039.4047619047622,30.570728291316534,0
2130,4,0,0,37,0.0,0.0,1.0,37,850,500,350,0.5882352941176471,12,5,7,375.05873470387667,0.7044544544544544,0.1955261875101557,0.24305754365874607,135091.6883680555,2733.463541666662,137825.15190972216,2094,77,1009.8648648648649,35,2,18,30.356546426185698,0.6732142857142858,40.104166666666664,1039.583333333333,29.702380952380945,0
2131,4,0,0,37,0.0,0.0,1.0,37,600,400,200,0.6666666666666666,8,4,4,375.6353810862626,0.7043293293293293,0.19886813229794442,0.2436341247868518,135121.77057881086,2751.30355688443,137873.0741356953,2095,78,1010.8648648648649,35,2,18,30.31153753386025,0.6735119047619047,40.07523148148148,1039.699074074074,29.705687830687825,0
2132,4,0,0,37,0.0,0.0,1.0,37,850,500,350,0.5882352941176471,12,5,7,364.12388275644275,0.7032657657657657,0.15053687834175644,0.23473394957569427,134901.51627556607,2424.1727791981157,137325.6890547642,2096,79,1011.8648648648649,36,1,15,30.83039747064137,0.6692708333333334,40.28716216216216,1038.8513513513512,28.856981981981978,5
2133,4,0,0,37,0.0,0.0,1.0,37,1000,700,300,0.7,13,7,6,366.802165470412,0.7033908908908909,0.1545991640280142,0.23684279781633955,134960.0164987623,2500.7252607337095,137460.741759496,2097,80,1012.8648648648649,36,1,15,30.70246739640908,0.669849537037037,40.23085585585586,1039.0765765765768,28.863238238238246,0
2134,4,0,0,37,0.0,0.0,1.0,37,1000,600,400,0.6,14,6,8,363.69035344946565,0.7040165165165165,0.15318535955520085,0.23559478264505385,135077.05498995612,2425.244374442007,137502.29936439812,2098,81,1013.8648648648649,36,1,15,30.66659444624996,0.6710069444444444,40.11824324324324,1039.5270270270266,28.87575075075074,0
2135,4,0,0,37,0.0,0.0,1.0,37,1000,800,200,0.8,12,8,4,365.93708056709494,0.7033283283283284,0.15746104601297928,0.23743479022318967,135135.5932579539,2490.224895503614,137625.8181534575,2099,82,1014.8648648648649,36,1,15,30.54983934438066,0.6715856481481481,40.06193693693694,1039.7522522522524,28.88200700700701,0
2136,4,0,0,37,0.0,0.0,1.0,37,1050,700,350,0.6666666666666666,14,7,7,364.6147383676364,0.7037037037037037,0.15956920645605033,0.2369610914021902,135194.14420755216,2458.755503814633,137652.8997113668,2100,83,1015.8648648648649,36,1,16,30.525852734163507,0.6721643518518519,40.005630630630634,1039.9774774774778,28.888263263263273,0
2137,4,0,0,37,0.0,0.0,1.0,37,850,500,350,0.5882352941176471,12,5,7,367.0581628139577,0.7020145145145145,0.16337922681287065,0.23913140395453739,135281.99440995042,2531.2720659848956,137813.26647593532,2101,84,1016.8648648648649,36,1,16,30.374765461499603,0.6730324074074074,39.92117117117117,1040.3153153153148,28.897647647647634,0
2138,4,0,0,37,0.0,0.0,1.0,37,900,700,200,0.7777777777777778,11,7,4,367.2511291017785,0.7021396396396397,0.162887562887563,0.2396469232274316,135340.57706355004,2540.795947974999,137881.37301152502,2102,85,1017.8648648648649,36,1,16,30.31137265512265,0.6736111111111112,39.86486486486486,1040.5405405405404,28.9039039039039,0
2139,4,0,0,37,0.0,0.0,1.0,37,800,600,200,0.75,10,6,4,366.1260859447809,0.7016391391391391,0.15936646449522462,0.23930249549516733,135399.17239875012,2514.6338061034016,137913.80620485352,2103,86,1018.8648648648649,36,1,16,30.282271153429996,0.6741898148148149,39.80855855855856,1040.765765765766,28.910160160160167,0
2140,4,0,0,37,0.0,0.0,1.0,37,950,800,150,0.8421052631578947,11,8,3,370.04650694775216,0.7002627627627628,0.16030326855459354,0.24285451027294983,135545.71621875244,2631.643763696119,138177.35998244854,2104,87,1019.8648648648649,36,1,16,30.034290400490246,0.6756365740740742,39.66779279279279,1041.3288288288281,28.925800800800783,0
2141,4,0,0,37,0.0,0.0,1.0,37,800,500,300,0.625,11,5,6,370.39780264661687,0.698511011011011,0.1589477898268039,0.24348324638795732,135604.3559395544,2645.5110938641296,138249.86703341853,2105,88,1020.8648648648649,36,1,17,29.96675316250405,0.6762152777777779,39.611486486486484,1041.5540540540537,28.932057057057047,0
2142,4,0,0,37,0.0,0.0,1.0,37,850,700,150,0.8235294117647058,10,7,3,370.41263781960436,0.6980105105105106,0.15961618138912081,0.2441035553186,135693.96888931745,2652.5553609007993,138346.52425021824,2106,89,1021.8648648648649,35,2,17,29.877156928090052,0.6791666666666667,39.525462962962955,1041.8981481481471,29.76851851851849,0
2143,4,0,0,37,0.0,0.0,1.0,37,450,300,150,0.6666666666666666,6,3,3,373.843597938927,0.6973223223223223,0.16792408664493985,0.24719790330675293,135814.58574459873,2754.6826774691344,138569.26842206786,2107,90,1022.8648648648649,35,2,17,29.667721518987342,0.6803571428571429,39.40972222222222,1042.3611111111109,29.781746031746025,0
2144,4,0,0,37,0.0,0.0,1.0,37,900,600,300,0.6666666666666666,12,6,6,372.62713388375516,0.6958833833833834,0.16343430464212028,0.2468106780900637,135874.91426611802,2726.1359739369063,138601.05024005493,2108,91,1023.8648648648649,35,2,16,29.63939461219657,0.680952380952381,39.351851851851855,1042.592592592593,29.788359788359802,0
2145,4,0,0,37,0.0,0.0,1.0,37,600,400,200,0.6666666666666666,8,4,4,371.6936996608579,0.6946321321321322,0.16231812769377973,0.24681885981164262,135965.43216574503,2707.49890153464,138672.9310672797,2109,92,1024.8648648648648,35,2,16,29.573692338993087,0.681845238095238,39.2650462962963,1042.939814814815,29.798280423280428,0
2146,4,0,0,37,0.0,0.0,1.0,37,1200,900,300,0.75,15,9,6,367.28937334911035,0.6944444444444444,0.15525705346064678,0.2453493013972055,136176.75781249985,2603.255208333319,138780.01302083317,2110,93,1025.8648648648648,35,2,16,29.478542914171666,0.6839285714285714,39.06249999999999,1043.7499999999989,29.821428571428537,0
2147,4,0,0,37,0.0,0.0,1.0,37,700,400,300,0.5714285714285714,10,4,6,368.80992426566075,0.6938188188188188,0.15841032295184698,0.24657499680889464,136206.9605865267,2646.895763674529,138853.8563502012,2111,94,1026.8648648648648,35,2,16,29.40886369516206,0.6842261904761906,39.0335648148148,1043.8657407407388,29.824735449735396,0
2148,4,0,0,37,0.0,0.0,1.0,37,550,200,350,0.36363636363636365,9,2,7,366.72550657489273,0.6933808808808809,0.1528505559100839,0.24559991052799582,136267.3761815199,2594.544511959859,138861.92069347977,2112,95,1027.8648648648648,35,2,17,29.403267376122386,0.6848214285714287,38.975694444444436,1044.097222222221,29.831349206349174,0
2149,4,0,0,37,0.0,0.0,1.0,37,1050,800,250,0.7619047619047619,13,8,5,366.72550657489273,0.6933808808808809,0.1528505559100839,0.24559991052799582,136267.3761815199,2594.544511959859,138861.92069347977,2113,96,1028.8648648648648,35,2,17,29.403267376122386,0.6848214285714287,38.975694444444436,1044.097222222221,29.831349206349174,0
2150,4,0,0,37,0.0,0.0,1.0,37,750,500,250,0.6666666666666666,10,5,5,366.72550657489273,0.6933808808808809,0.1528505559100839,0.24559991052799582,136267.3761815199,2594.544511959859,138861.92069347977,2114,97,1029.8648648648648,35,2,17,29.403267376122386,0.6848214285714287,38.975694444444436,1044.097222222221,29.831349206349174,0
2151,4,0,0,37,0.0,0.0,1.0,37,650,400,250,0.6153846153846154,9,4,5,369.06373308380887,0.6923173173173173,0.15915483254505802,0.24758825751785898,136327.80517243207,2662.729740011978,138990.53491244404,2115,98,1030.8648648648648,35,2,17,29.282227825187476,0.6854166666666668,38.91782407407406,1044.328703703702,29.837962962962916,0
2152,4,0,0,37,0.0,0.0,1.0,37,1050,800,250,0.7619047619047619,13,8,5,369.5767363321395,0.6916291291291291,0.15487960476104523,0.24883403190780748,136456.05698603994,2686.196838730604,139142.25382477054,2116,99,1031.8648648648648,36,1,17,29.141517568441476,0.6846064814814816,38.795045045045036,1044.8198198198186,29.02277277277274,0
2153,4,0,0,37,0.0,0.0,1.0,37,850,700,150,0.8235294117647058,10,7,3,371.6869042546826,0.690065065065065,0.15821380527262896,0.2510915462366784,136573.74223886032,2752.5342910477807,139326.2765299081,2117,100,1032.8648648648648,36,1,18,28.969600660777125,0.6857638888888891,38.68243243243242,1045.2702702702688,29.035285285285244,0
2154,4,0,0,37,0.0,0.0,1.0,37,950,700,250,0.7368421052631579,12,7,5,388.8883526225254,0.688938938938939,0.1292895653085233,0.26315156455885735,136632.60388767137,3226.965648080508,139859.56953575189,2118,101,1033.8648648648648,36,1,18,28.46160060318828,0.6863425925925926,38.626126126126124,1045.4954954954949,29.041541541541523,5
2155,4,0,0,37,0.0,0.0,1.0,37,1200,900,300,0.75,15,9,6,388.7977512076484,0.688938938938939,0.13107380793064283,0.26441662582130687,136809.26492370744,3238.226909341768,140047.4918330492,2119,102,1034.8648648648648,36,1,19,28.288482238966626,0.6880787037037037,38.457207207207205,1046.1711711711707,29.0603103103103,0
2156,4,0,0,37,0.0,0.0,1.0,37,950,700,250,0.7368421052631579,12,7,5,387.2069067652031,0.68993993993994,0.12497055324990347,0.2639995439889237,136897.6382421272,3201.542209439162,140099.18045156635,2120,103,1035.8648648648648,36,1,19,28.24235984074034,0.6889467592592593,38.372747747747745,1046.5090090090084,29.06969469469468,0
2157,4,0,0,37,0.0,0.0,1.0,37,800,700,100,0.875,9,7,2,386.4894048779332,0.6890015015015015,0.12511048053216767,0.2641768755695049,136986.04009414825,3188.730622514414,140174.77071666266,2121,104,1036.8648648648648,36,1,17,28.173407917383827,0.6898148148148149,38.28828828828829,1046.8468468468473,29.07907907907909,0
2158,4,0,0,37,0.0,0.0,1.0,37,950,700,250,0.7368421052631579,12,7,5,384.96574892008323,0.6888763763763763,0.12314928675044845,0.2633573633340702,137015.51371895545,3149.2559704975283,140164.76968945298,2122,105,1037.8648648648648,36,1,17,28.184046825140722,0.6901041666666667,38.26013513513514,1046.9594594594596,29.08220720720721,0
2159,4,0,0,37,0.0,0.0,1.0,37,750,400,350,0.5333333333333333,11,4,7,368.4720330528131,0.6871871871871872,0.14917414848991983,0.24646310128452462,136223.35778061222,2664.8714360043914,138888.2292166166,2123,106,1038.8648648648648,34,3,20,29.401395065952023,0.6865808823529411,39.01785714285714,1043.928571428571,30.703781512605033,3
2160,4,0,0,37,0.0,0.0,1.0,37,1150,700,450,0.6086956521739131,16,7,9,368.1233711782841,0.6844344344344344,0.1469804467638729,0.24709612359197286,136347.66333616775,2638.552295918356,138986.2156320861,2124,107,1039.8648648648648,34,3,21,29.28706447813366,0.6878063725490196,38.89880952380952,1044.4047619047615,30.717787114845926,0
2161,4,0,0,37,0.0,0.0,1.0,37,650,500,150,0.7692307692307693,8,5,3,368.1233711782841,0.6844344344344344,0.1469804467638729,0.24709612359197286,136347.66333616775,2638.552295918356,138986.2156320861,2125,108,1040.8648648648648,34,3,21,29.28706447813366,0.6878063725490196,38.89880952380952,1044.4047619047615,30.717787114845926,0
2162,4,0,0,37,0.0,0.0,1.0,37,1050,500,550,0.47619047619047616,16,5,11,368.0522073684468,0.6843093093093093,0.14362054362054355,0.2474833808167141,136409.83737244888,2641.1883503401236,139051.025722789,2126,109,1041.8648648648648,34,3,21,29.227207977207964,0.6884191176470589,38.83928571428571,1044.6428571428564,30.724789915966365,0
2163,4,0,0,37,0.0,0.0,1.0,37,450,300,150,0.6666666666666666,6,3,3,368.0522073684468,0.6843093093093093,0.14362054362054355,0.2474833808167141,136409.83737244888,2641.1883503401236,139051.025722789,2127,110,1042.8648648648648,34,3,21,29.227207977207964,0.6884191176470589,38.83928571428571,1044.6428571428564,30.724789915966365,0
2164,4,0,0,37,0.0,0.0,1.0,37,1200,800,400,0.6666666666666666,16,8,8,369.1159863354855,0.6840590590590591,0.1440969228115998,0.24841732331903524,136440.9297052153,2672.5056689342273,139113.43537414953,2128,111,1043.8648648648648,34,3,21,29.168565785475543,0.6887254901960784,38.8095238095238,1044.7619047619037,30.72829131652658,0
2165,4,0,0,37,0.0,0.0,1.0,37,1050,600,450,0.5714285714285714,15,6,9,368.352372885236,0.6823698698698699,0.14483382904435538,0.24834079333230438,136503.12500000003,2656.250000000001,139159.37500000003,2129,112,1044.8648648648648,34,3,21,29.12679425837319,0.6893382352941176,38.75,1045.0000000000002,30.735294117647065,0
2166,4,0,0,37,0.0,0.0,1.0,37,1200,1000,200,0.8333333333333334,14,10,4,370.0945927013664,0.6812437437437437,0.14923351597611312,0.249956194147538,136565.33446712003,2708.4183673469224,139273.75283446696,2130,113,1045.8648648648648,34,3,21,29.01955201214884,0.6899509803921569,38.69047619047618,1045.238095238094,30.742296918767472,0
2167,4,0,0,37,0.0,0.0,1.0,37,800,300,500,0.375,13,3,10,370.570475094019,0.6793043043043043,0.15044419348187987,0.2509422114688332,136658.6752409296,2728.3340419500955,139387.00928287968,2131,114,1046.8648648648648,34,3,21,28.914522372765557,0.6908700980392157,38.60119047619047,1045.5952380952372,30.75280112044815,0
2168,4,0,0,37,0.0,0.0,1.0,37,1000,800,200,0.8,12,8,4,371.2094895789041,0.6783033033033034,0.1466457670324104,0.25205035748257326,136752.96347858993,2752.8137265935725,139505.7772051835,2132,115,1047.8648648648648,33,4,21,28.80431068150752,0.6941287878787878,38.5110294117647,1045.9558823529408,31.695632798573964,0
2169,4,0,0,37,0.0,0.0,1.0,37,1000,700,300,0.7,13,7,6,371.071803986064,0.6781156156156156,0.14619351693265292,0.252417529133787,136817.0614216887,2753.7907595636216,139570.85218125232,2133,116,1048.8648648648648,33,4,21,28.74436277380814,0.694760101010101,38.44975490196078,1046.2009803921562,31.703060011883522,0
2170,4,0,0,37,0.0,0.0,1.0,37,750,500,250,0.6666666666666666,10,5,5,373.3295306835446,0.6771771771771772,0.14164187606810552,0.2546512932937276,136913.23649557852,2822.750865051891,139735.98736063042,2134,117,1049.8648648648648,33,4,21,28.58996877439501,0.6957070707070707,38.357843137254896,1046.5686274509796,31.71420083184787,0
2171,4,0,0,37,0.0,0.0,1.0,37,650,400,250,0.6153846153846154,9,4,5,373.72869829746435,0.6772397397397397,0.145494124421776,0.25539124326855545,136977.3719843331,2838.474985582485,139815.84696991558,2135,118,1050.8648648648648,33,4,18,28.515960352766726,0.6963383838383839,38.29656862745099,1046.8137254901972,31.72162804515749,0
2172,4,0,0,37,0.0,0.0,1.0,37,900,600,300,0.6666666666666666,12,6,6,372.3298058698695,0.6769269269269269,0.1416111183171933,0.2546688175777658,137009.44536055846,2802.5400386870433,139811.9853992455,2136,119,1051.8648648648648,33,4,18,28.520791876390014,0.6966540404040404,38.26593137254902,1046.936274509804,31.725341651812244,0
2173,4,0,0,37,0.0,0.0,1.0,37,750,500,250,0.6666666666666666,10,5,5,370.6787249590425,0.6768643643643644,0.14022094863482004,0.25370578879492467,137032.35721371896,2758.9958900226934,139791.35310374165,2137,120,1052.8648648648648,34,3,18,28.54131135114649,0.6945465686274509,38.24404761904763,1047.0238095238108,30.794817927170904,0
2174,4,0,0,37,0.0,0.0,1.0,37,800,300,500,0.375,13,3,10,369.46750746891627,0.675487987987988,0.1416476717681534,0.25355500239559475,137125.85742630388,2732.709750566895,139858.56717687077,2138,121,1053.8648648648648,34,3,18,28.480431158596645,0.6954656862745098,38.154761904761905,1047.3809523809525,30.805322128851543,0
2175,4,0,0,37,0.0,0.0,1.0,37,900,600,300,0.6666666666666666,12,6,6,370.8290289256198,0.6753003003003003,0.14861793611793628,0.2549449573863636,137188.20861678006,2774.6740362811793,139962.88265306124,2139,122,1054.8648648648648,34,3,19,28.383049242424242,0.696078431372549,38.095238095238095,1047.6190476190477,30.812324929971993,0
2176,4,0,0,37,0.0,0.0,1.0,37,750,500,250,0.6666666666666666,10,5,5,369.43940466217106,0.6758008008008008,0.14995224744116897,0.25421706023704205,137219.389526644,2738.849914965985,139958.23944160997,2140,123,1055.8648648648648,34,3,19,28.38858273681021,0.6963848039215685,38.06547619047619,1047.7380952380954,30.815826330532218,0
2177,4,0,0,37,0.0,0.0,1.0,37,500,400,100,0.8,6,4,2,369.43940466217106,0.6758008008008008,0.14995224744116897,0.25421706023704205,137219.389526644,2738.849914965985,139958.23944160997,2141,124,1056.8648648648648,34,3,19,28.38858273681021,0.6963848039215685,38.06547619047619,1047.7380952380954,30.815826330532218,0
2178,4,0,0,37,0.0,0.0,1.0,37,950,800,150,0.8421052631578947,11,8,3,369.9439643515207,0.6756756756756757,0.14824045030722321,0.25570852041440273,137375.34722222216,2764.2361111111063,140139.58333333326,2142,125,1057.8648648648648,34,3,19,28.221051934287235,0.6979166666666667,37.916666666666664,1048.333333333333,30.833333333333325,0
2179,4,0,0,37,0.0,0.0,1.0,37,800,500,300,0.625,11,5,6,367.8689375170449,0.6761136136136137,0.1463516428884888,0.2545028855233791,137406.54939058964,2709.520266439918,140116.06965702955,2143,126,1058.8648648648648,34,3,19,28.24457817645055,0.6982230392156863,37.886904761904766,1048.4523809523814,30.83683473389357,0
2180,4,0,0,37,0.0,0.0,1.0,37,700,500,200,0.7142857142857143,9,5,4,368.31195899029944,0.675487987987988,0.1459668114981465,0.25503865839516965,137437.75510204077,2723.993764172329,140161.7488662131,2144,127,1059.8648648648648,34,3,19,28.202107932182866,0.6985294117647058,37.857142857142854,1048.5714285714282,30.84033613445377,0
2181,4,0,0,37,0.0,0.0,1.0,37,600,300,300,0.5,9,3,6,370.6398582724833,0.6755505505505506,0.14236054649268381,0.25688170822362766,137468.96435657603,2790.2954931972868,140259.2598497733,2145,128,1060.8648648648648,34,3,19,28.110218715707425,0.6988357843137255,37.827380952380956,1048.6904761904768,30.843837535014025,0
2182,4,0,0,37,0.0,0.0,1.0,37,850,400,450,0.47058823529411764,13,4,9,371.33118118253896,0.6752377377377378,0.14146791748062615,0.2582905840380203,137593.8368055556,2818.5763888888937,140412.4131944445,2146,129,1061.8648648648648,34,3,19,27.968625893566326,0.7000612745098038,37.708333333333336,1049.166666666667,30.85784313725491,0
2183,4,0,0,37,0.0,0.0,1.0,37,550,400,150,0.7272727272727273,7,4,3,369.88657952640284,0.6749874874874875,0.13662215817632717,0.2577510038359875,137656.2942885488,2783.443168934244,140439.73745748302,2147,130,1062.8648648648648,34,3,19,27.944791075817736,0.7006740196078431,37.648809523809526,1049.4047619047622,30.864845938375357,0
2184,4,0,0,37,0.0,0.0,1.0,37,1000,800,200,0.8,12,8,4,374.4909543292707,0.6749874874874875,0.1259833093380125,0.26486050265381833,138166.58744533366,2954.0963720047016,141120.68381733837,2148,131,1063.8648648648648,33,4,19,27.319981932626188,0.7080176767676767,37.16299019607844,1051.3480392156873,31.859031491384464,1
2185,4,0,0,37,0.0,0.0,1.0,37,850,700,150,0.8235294117647058,10,7,3,368.7134604585811,0.6749874874874875,0.11525496408704883,0.25901264451409284,137934.05456961578,2771.628515089148,140705.6830847049,2149,132,1064.8648648648648,35,2,19,27.701263405318056,0.7011904761904761,37.38425925925925,1050.462962962962,30.013227513227484,1
2186,4,0,0,37,0.0,0.0,1.0,37,1000,700,300,0.7,13,7,6,368.4612188964641,0.6745495495495496,0.1129311730765794,0.2592938717164419,137994.8519483024,2769.1502700617216,140764.00221836413,2150,133,1065.8648648648648,35,2,19,27.647884996695296,0.7017857142857142,37.326388888888886,1050.6944444444441,30.019841269841262,0
2187,4,0,0,37,0.0,0.0,1.0,37,1050,700,350,0.6666666666666666,14,7,7,384.53188278260245,0.6736736736736737,0.05838009652290532,0.2665099414187211,137468.964356576,3236.0179083207445,140704.98226489674,2151,134,1066.8648648648648,34,3,17,27.746007870738268,0.6988357843137255,37.827380952380956,1048.6904761904766,30.843837535014018,5
2188,4,0,0,37,0.0,0.0,1.0,37,800,500,300,0.625,11,5,6,382.5230791140361,0.6746121121121121,0.05954473370203717,0.26559581166853985,137531.3934948979,3121.7864229024863,140653.1799178004,2152,135,1067.8648648648648,34,3,17,27.73687247001854,0.6994485294117647,37.76785714285714,1048.9285714285709,30.85084033613444,0
2189,4,0,0,37,0.0,0.0,1.0,37,1200,900,300,0.75,15,9,6,383.7509104221483,0.6753003003003003,0.05751179656550787,0.2674457728514695,137660.63214002483,3165.4785826045922,140826.1107226294,2153,136,1068.8648648648648,35,2,17,27.576766479173553,0.6985119047619048,37.644675925925924,1049.421296296296,29.983465608465604,0
2190,4,0,0,37,0.0,0.0,1.0,37,600,500,100,0.8333333333333334,7,5,2,388.4752792503244,0.6742367367367368,0.061229476444470965,0.271453835346721,137751.74280907057,3302.629350994505,141054.37216006508,2154,137,1069.8648648648648,35,2,17,27.362642410878347,0.6994047619047619,37.55787037037037,1049.768518518518,29.99338624338623,0
2191,4,0,0,37,0.0,0.0,1.0,37,1100,700,400,0.6363636363636364,15,7,8,388.7624634012343,0.6735485485485485,0.06682591782878355,0.27261441985338475,137873.27058684835,3319.990462105617,141193.26104895395,2155,138,1070.8648648648648,35,2,17,27.234865182572925,0.7005952380952382,37.442129629629626,1050.2314814814808,30.00661375661374,0
2192,4,0,0,37,0.0,0.0,1.0,37,750,500,250,0.6666666666666666,10,5,5,390.38535619151685,0.6732357357357357,0.06935001116819284,0.2739943625242085,137903.66090374227,3367.1139564043187,141270.7748601466,2156,139,1071.8648648648648,35,2,17,27.162190082644624,0.7008928571428572,37.41319444444444,1050.3472222222222,30.009920634920633,0
2193,4,0,0,37,0.0,0.0,1.0,37,550,300,250,0.5454545454545454,8,3,5,389.82689675829806,0.6725475475475475,0.06946574204478817,0.27408665700039275,137964.45158446918,3356.4508048268062,141320.90238929598,2157,140,1072.8648648648648,35,2,17,27.11672817744482,0.7014880952380953,37.35532407407407,1050.5787037037028,30.016534391534364,0
2194,4,0,0,37,0.0,0.0,1.0,37,1000,600,400,0.6,14,6,8,357.60238814376737,0.6725475475475475,0.06186592222278797,0.23989935674507146,136327.80517243218,2368.481679741074,138696.28685217325,2158,141,1073.8648648648648,35,2,17,29.58146311278584,0.6854166666666668,38.91782407407407,1044.328703703703,29.837962962962944,7
2195,4,0,0,37,0.0,0.0,1.0,37,650,400,250,0.6153846153846154,9,4,5,358.8181548451827,0.6728603603603603,0.06021044310430557,0.24133328357918155,136418.4737761487,2389.8850094307136,138808.35878557942,2159,142,1074.8648648648648,35,2,17,29.459801314720437,0.6863095238095238,38.83101851851851,1044.675925925925,29.84788359788357,0
2196,4,0,0,37,0.0,0.0,1.0,37,1100,800,300,0.7272727272727273,14,8,6,364.1799018193825,0.6718593593593594,0.05360559352586103,0.24581481227532315,136544.3161700554,2545.339131361116,139089.6553014165,2160,143,1075.8648648648648,36,1,17,29.194950256797053,0.685474537037037,38.7105855855856,1045.1576576576592,29.0321571571572,0
2197,4,0,0,37,0.0,0.0,1.0,37,950,700,250,0.7368421052631579,12,7,5,364.5663141272081,0.6708583583583584,0.053826960645877,0.2464871882041423,136603.171478066,2560.1829447691084,139163.3544228351,2161,144,1076.8648648648648,36,1,17,29.126494667672084,0.6860532407407407,38.65427927927929,1045.382882882884,29.03841341341344,0
2198,4,0,0,37,0.0,0.0,1.0,37,800,600,200,0.75,10,6,4,364.5663141272081,0.6712962962962963,0.053826960645877,0.2464871882041423,136603.171478066,2560.1829447691084,139163.3544228351,2162,145,1077.8648648648648,36,1,17,29.126494667672084,0.6860532407407407,38.65427927927929,1045.382882882884,29.03841341341344,0
2199,4,0,0,37,0.0,0.0,1.0,37,700,500,200,0.7142857142857143,9,5,4,364.5995054588309,0.6717967967967968,0.05103261581452245,0.24692242218710778,136662.0394676773,2565.3824009820837,139227.42186865938,2163,146,1078.8648648648648,36,1,17,29.06726799497398,0.6866319444444444,38.59797297297298,1045.6081081081093,29.0446696696697,0
2200,4,0,0,37,0.0,0.0,1.0,37,800,600,200,0.75,10,6,4,364.36229505569116,0.6705455455455456,0.04898181350543851,0.24738858455434107,136751.1831945516,2565.4076736701336,139316.5908682217,2164,147,1079.8648648648648,35,2,17,28.985121352956362,0.6895833333333332,38.51273148148148,1045.949074074074,29.884259259259256,0
2201,4,0,0,37,0.0,0.0,1.0,37,1150,900,250,0.782608695652174,14,9,5,368.03844243188865,0.6705455455455456,0.06469461587571845,0.2237273791704325,132736.76155163112,2370.4461949830584,135107.20774661418,2165,148,1080.8648648648648,37,0,15,32.89795701213025,0.6458333333333334,42.379385964912274,1030.4824561403498,27.850877192982427,7
2202,4,0,0,37,0.0,0.0,1.0,37,1400,1100,300,0.7857142857142857,17,11,6,368.17667896545805,0.6702952952952953,0.06468773273752526,0.22398010392209317,132765.01092884352,2376.1961613188696,135141.20709016238,2166,149,1081.8648648648648,37,0,16,32.865974217115294,0.6461148648648649,42.35197368421053,1030.5921052631581,27.853840682788057,0
2203,4,0,0,37,0.0,0.0,1.0,37,550,400,150,0.7272727272727273,7,4,3,365.81227210810425,0.6721096096096096,0.07035479261838162,0.22287758717357678,132821.5187004656,2317.548308133278,135139.06700859885,2167,150,1082.8648648648648,37,0,16,32.87006258199482,0.6466779279279279,42.29714912280702,1030.8114035087724,27.859767662399253,0
2204,4,0,0,37,0.0,0.0,1.0,37,1350,1200,150,0.8888888888888888,15,12,3,365.1561340478974,0.6726101101101101,0.06178098600247606,0.22382762640108594,133047.6700162551,2316.6345654432225,135364.30458169832,2168,151,1083.8648648648648,37,0,16,32.659665391292016,0.6489301801801801,42.077850877192986,1031.688596491229,27.883475580844028,0
2205,4,0,0,37,0.0,0.0,1.0,37,450,300,150,0.6666666666666666,6,3,3,367.15457474525147,0.6728603603603603,0.06046471551253707,0.22522324304777155,133075.95245652506,2371.8889465989496,135447.841403124,2169,152,1084.8648648648648,37,0,16,32.579702444208294,0.6492117117117117,42.050438596491226,1031.7982456140348,27.88643907064959,0
2206,4,0,0,37,0.0,0.0,1.0,37,850,600,250,0.7058823529411765,11,6,5,362.65573015507505,0.6711086086086085,0.053445544099749887,0.2234794735039389,133245.71021852875,2264.464065866414,135510.17428439518,2170,153,1085.8648648648648,37,0,18,32.52531152647974,0.6509009009009008,41.8859649122807,1032.456140350877,27.90422000948316,0
2207,4,0,0,37,0.0,0.0,1.0,37,1250,800,450,0.64,17,8,9,356.5504545222907,0.6699824824824825,0.047307337054737,0.22072394103213017,133415.57618690355,2113.876865958747,135529.45305286229,2171,154,1086.8648648648648,37,0,18,32.512559258473075,0.6525900900900901,41.72149122807017,1033.1140350877185,27.922000948316718,0
2208,4,0,0,37,0.0,0.0,1.0,37,1100,800,300,0.7272727272727273,14,8,6,357.8389139852665,0.6704829829829829,0.04903057099110586,0.2221995786050805,133528.88028047088,2156.365901046475,135685.24618151734,2172,155,1087.8648648648648,37,0,18,32.36570832449254,0.6537162162162162,41.61184210526316,1033.5526315789473,27.933854907539114,0
2209,4,0,0,37,0.0,0.0,1.0,37,1100,800,300,0.7272727272727273,14,8,6,340.22077742164265,0.6697322322322322,0.03735552745346027,0.21327618993894262,133879.81520371744,1713.6343912978157,135593.44959501526,2173,156,1088.8648648648648,36,1,16,32.47007616974974,0.6591435185185184,41.272522522522536,1034.9099099099117,28.747497497497548,1
2210,4,0,0,37,0.0,0.0,1.0,37,700,300,400,0.42857142857142855,11,3,8,339.0484688628443,0.6694194194194194,0.04023718763235906,0.213464915996047,134039.3438365653,1689.1668590335694,135728.51069559887,2174,157,1089.8648648648648,37,0,18,32.34108075674151,0.6587837837837837,41.11842105263159,1035.5263157894751,27.987197724039866,0
2211,4,1,0,38,0.02631578947368421,0.0,1.0,38,1000,800,200,0.8,12,8,4,335.6784015632723,0.6826398767188241,0.0457902871552911,0.21334373851811145,134384.5665885933,1421.9993014464426,135806.56589003975,2175,0,1062.157894736842,38,0,21,32.08397733127254,0.660361842105263,40.78525641025642,1036.8589743589764,27.28576248313096,0
2212,4,0,0,38,0.0,0.0,1.0,38,850,600,250,0.7058823529411765,11,6,5,334.40619360989814,0.6833807491702228,0.046093292563918586,0.21301937844914026,134467.66107823828,1393.3637409599212,135861.0248191982,2176,1,1063.157894736842,38,0,21,32.03414709517924,0.6611842105263156,40.70512820512822,1037.1794871794893,27.294197031039193,0
2213,4,0,0,38,0.0,0.0,1.0,38,700,500,200,0.7142857142857143,9,5,4,334.71847212849525,0.6840030820293979,0.04788557551051431,0.21338027878500088,134495.36494859026,1403.6166127913143,135898.98156138157,2177,2,1064.157894736842,38,0,21,31.998446458612296,0.6614583333333331,40.678418803418815,1037.286324786326,27.29700854700858,0
2214,4,0,0,38,0.0,0.0,1.0,38,1050,800,250,0.7619047619047619,13,8,5,334.69219179622735,0.682076813655761,0.043848527817165195,0.21418942497304228,134636.1154994808,1412.3427325644984,136048.4582320453,2178,3,1065.157894736842,37,1,22,31.858932030287015,0.6646959459459458,40.54276315789475,1037.8289473684226,28.049431009957367,0
2215,4,0,0,38,0.0,0.0,1.0,38,850,600,250,0.7058823529411765,11,6,5,333.15830970399037,0.6816619250829777,0.04095389524831394,0.21354161936138652,134693.0200277971,1374.8197762773266,136067.8398040744,2179,4,1066.157894736842,37,1,22,31.84207862399212,0.6652590090090089,40.48793859649123,1038.0482456140357,28.055357989568535,0
2216,4,0,0,38,0.0,0.0,1.0,38,1200,900,300,0.75,15,9,6,330.6084333825742,0.6805950687529635,0.04198914366037543,0.21290643707907042,134863.80575032707,1317.4223078254927,136181.22805815257,2180,5,1067.157894736842,37,1,14,31.738339667124123,0.6669481981981982,40.323464912280706,1038.7061403508776,28.0731389284021,0
2217,4,0,0,38,0.0,0.0,1.0,38,750,600,150,0.8,9,6,3,327.1279993571104,0.6812766714082503,0.038390615627291735,0.21116246062043473,134949.23918898133,1229.1349261311316,136178.37411511247,2181,6,1068.157894736842,37,1,14,31.7437913324891,0.6677927927927927,40.241228070175445,1039.035087719299,28.082029397818893,0
2218,4,0,0,38,0.0,0.0,1.0,38,850,600,250,0.7058823529411765,11,6,5,327.9103296773908,0.6792318634423897,0.03359350279506401,0.2125029279337898,135091.68836805562,1259.5920138888982,136351.28038194453,2182,7,1069.157894736842,37,1,14,31.581913827655296,0.6692004504504503,40.10416666666667,1039.583333333334,28.096846846846862,0
2219,4,0,0,38,0.0,0.0,1.0,38,650,400,250,0.6153846153846154,9,4,5,329.26117052298747,0.6799727358937885,0.034153354277911774,0.21354681387817842,135120.1872210681,1297.9662011388234,136418.15342220693,2183,8,1070.157894736842,37,1,14,31.5184911762638,0.6694819819819819,40.07675438596492,1039.692982456141,28.099810336652457,0
2220,4,0,1,37,0.0,0.02631578947368421,0.9736842105263158,38,950,700,250,0.7368421052631579,12,7,5,333.5392372021507,0.6803579895685159,-0.018571269611661112,0.21262002587145196,134493.906779009,1371.7990150815738,135865.70579409058,2184,9,1071.157894736842,37,1,17,32.03047921071177,0.6632882882882882,40.679824561403514,1037.2807017543867,28.03461356092937,3
2221,4,0,0,37,0.0,0.0,1.0,37,800,500,300,0.625,11,5,6,340.0306401643067,0.6679179179179179,-0.0047251073421124,0.21640236111078812,134433.97102761563,1742.333845670014,136176.30487328564,2185,168,1100.8648648648648,36,1,17,31.92189705722663,0.6646412037037036,40.73761261261262,1037.0495495495509,28.80693193193197,0
2222,4,0,0,37,0.0,0.0,1.0,37,950,800,150,0.8421052631578947,11,8,3,338.48215050248916,0.6679179179179179,0.014943369602618883,0.19810849472428047,131300.0289151467,1488.543229647553,132788.57214479425,2186,169,1101.8648648648648,37,0,15,35.104735030847685,0.6314752252252254,43.77741228070174,1024.8903508771907,27.699739212897047,6
2223,4,0,0,37,0.0,0.0,1.0,37,1250,1000,250,0.8,15,10,5,339.9930217991875,0.6691066066066066,0.01703845525921266,0.1995897139575502,131414.71021274658,1536.019892551784,132950.73010529837,2187,170,1102.8648648648648,36,1,16,34.95034779425222,0.6345486111111112,43.66554054054054,1025.3378378378382,28.481606606606615,0
2224,4,0,0,37,0.0,0.0,1.0,37,600,400,200,0.6666666666666666,8,4,4,338.54067020752956,0.6695445445445445,0.02393541713618652,0.19916411503907094,131496.76462950127,1503.400565558616,133000.16519505988,2188,171,1103.8648648648648,37,0,16,34.90485353859311,0.633445945945946,43.585526315789465,1025.6578947368412,27.720483641536248,0
2225,4,0,0,37,0.0,0.0,1.0,37,800,600,200,0.75,10,6,4,341.4477709496059,0.6694819819819819,0.027440072326254006,0.20131863848616643,131581.12502164117,1585.6163675361547,133166.74138917733,2189,172,1104.8648648648648,37,0,11,34.74526646717253,0.6342905405405406,43.503289473684205,1025.9868421052624,27.72937411095304,0
2226,4,0,0,37,0.0,0.0,1.0,37,850,400,450,0.47058823529411764,13,4,9,340.0922656595872,0.6695445445445445,0.02127985082166428,0.20140948028910274,131749.92696069935,1561.4262321098677,133311.3531928092,2190,173,1105.8648648648648,37,0,12,34.609967424970634,0.6359797297297298,43.33881578947368,1026.6447368421045,27.74715504978661,0
2227,4,0,0,37,0.0,0.0,1.0,37,850,600,250,0.7058823529411765,11,6,5,342.5235240630491,0.6692317317317317,0.025656488131133193,0.203450719714558,131862.52170138885,1633.203124999995,133495.72482638885,2191,174,1106.8648648648648,37,0,12,34.434161595672755,0.6371058558558559,43.229166666666664,1027.083333333333,27.759009009009002,0
2228,4,0,0,37,0.0,0.0,1.0,37,600,400,200,0.6666666666666666,8,4,4,343.60207286684107,0.6701701701701701,0.02214554434878946,0.20424265346551815,131890.67790089257,1663.5820637119095,133554.25996460448,2192,175,1107.8648648648648,37,0,12,34.378113435809844,0.6373873873873874,43.20175438596491,1027.1929824561403,27.7619724988146,0
2229,4,1,1,37,0.02631578947368421,0.02631578947368421,0.9736842105263158,38,1050,900,150,0.8571428571428571,12,9,3,338.3233867431268,0.6875592697961119,0.027190704032808988,0.2026361292720969,132178.1873790088,1343.7944015267851,133521.98178053557,2193,0,1079.6842105263158,38,0,14,34.224458874458875,0.6384320175438596,42.92200854700855,1028.3119658119667,27.060841205578072,0
2230,4,0,0,37,0.0,0.0,1.0,37,600,300,300,0.5,9,3,6,346.6378830854174,0.6883133133133134,0.03439488977031635,0.2072753056000557,132116.03570329328,1759.2845875654043,133875.32029085868,2194,1,1084.1891891891892,37,0,15,34.07325440841866,0.6396396396396395,42.98245614035088,1028.0701754385964,27.78568041725936,0
2231,4,0,0,37,0.0,0.0,1.0,37,900,700,200,0.7777777777777778,11,7,4,339.88959364933544,0.6892517517517518,0.035308255647238385,0.19670298394253913,130866.81909950501,1496.3545664356868,132363.1736659407,2195,2,1085.1891891891892,36,1,15,35.506089955242494,0.6290509259259258,44.200450450450454,1023.1981981981991,28.422172172172196,5
2232,4,0,0,37,0.0,0.0,1.0,37,850,500,350,0.5882352941176471,12,5,7,337.92902428753115,0.6895645645645646,0.029022310901505977,0.19600746022650717,130953.2521330451,1450.5809441197873,132403.8330771649,2196,3,1086.1891891891892,36,1,15,35.46892764147138,0.6299189814814815,44.11599099099099,1023.5360360360352,28.431556556556533,0
2233,4,1,1,37,0.02631578947368421,0.02631578947368421,0.9736842105263158,38,600,400,200,0.6666666666666666,8,4,4,329.3447410395948,0.7008060692271219,0.028557588320115457,0.1923373287671232,131215.758694983,1043.04401354262,132258.80270852562,2197,0,1058.578947368421,37,1,16,35.423801369863014,0.6306306306306306,43.859649122807014,1024.5614035087713,27.690848743480306,0
2234,4,0,0,37,0.0,0.0,1.0,37,900,700,200,0.7777777777777778,11,7,4,336.68282964706003,0.6903153153153153,0.03386698043690162,0.19631198836343958,131155.04017531042,1431.530009739471,132586.5701850499,2198,5,1088.1891891891892,36,1,16,35.29710861917327,0.6319444444444444,43.91891891891892,1024.3243243243242,28.45345345345345,0
2235,4,0,0,37,0.0,0.0,1.0,37,1050,700,350,0.6666666666666666,14,7,7,334.543606437627,0.6918793793793794,0.03151271737774253,0.19535800586453989,131212.7224352732,1379.2754747991298,132591.99791007233,2199,6,1089.1891891891892,36,1,16,35.293700080603784,0.6325231481481481,43.862612612612615,1024.5495495495502,28.459709709709728,0
2236,4,1,0,38,0.02631578947368421,0.0,1.0,38,850,600,250,0.7058823529411765,11,6,5,328.18915164394184,0.701309862494073,0.03217812034093792,0.19321645774884036,131524.88175448202,1033.0078726146364,132557.88962709665,2200,0,1061.5,37,1,18,35.141969535008,0.6337274774774775,43.55811403508771,1025.7675438596482,27.723447131341842,0
2237,4,0,0,38,0.0,0.0,1.0,38,850,600,250,0.7058823529411765,11,6,5,329.57296747955616,0.7027619724988146,0.03201937193094917,0.19431721844399544,131581.1250216412,1073.1163675361547,132654.24138917736,2201,1,1062.5,37,1,15,35.04985126999392,0.6342905405405406,43.503289473684205,1025.9868421052627,27.729374110953046,0
2238,4,2,0,40,0.05,0.0,1.0,40,600,500,100,0.8333333333333334,7,5,2,326.73834585837295,0.7298344017094017,0.005061349693251671,0.1836494840514303,129731.4453125,504.6330361264996,130236.0783486265,2202,0,1010.325,37,3,17,36.99088275391955,0.6157094594594594,45.3125,1018.75,27.533783783783782,5
2239,4,0,0,40,0.0,0.0,1.0,40,650,600,50,0.9230769230769231,7,6,1,333.24332499415664,0.7298344017094017,0.029621032174476536,0.18350176433388066,128922.84765504744,592.5356840566033,129515.38333910405,2203,1,1011.325,37,3,18,37.64665658964946,0.6075450450450453,46.10745614035086,1015.5701754385943,27.44784257942147,1
2240,4,2,1,41,0.047619047619047616,0.023809523809523808,0.9761904761904762,42,950,800,150,0.8421052631578947,11,8,3,321.4062219986179,0.7519357336430507,0.043362296792565314,0.17895400023024513,129360.29188368046,-84.5594618055647,129275.7324218749,2204,0,964.1190476190476,39,3,19,37.50298655198307,0.608440170940171,45.67708333333333,1017.2916666666658,26.08440170940169,0
2241,4,0,0,41,0.0,0.0,1.0,41,1050,600,450,0.5714285714285714,15,6,9,327.8770064448288,0.7385162601626016,0.039145342073299005,0.18207312411562876,129255.70371283496,275.99463985680103,129531.69835269176,2205,1,988.6341463414634,38,3,19,37.444622469706516,0.6091008771929826,45.77991452991452,1016.8803418803406,26.760008996851067,0
2242,4,1,0,42,0.023809523809523808,0.0,1.0,42,1050,700,350,0.6666666666666666,14,7,7,320.20460358056266,0.7424264421215641,0.05121178906345136,0.1793696275071632,129598.82948133674,-100.37163628473161,129498.457845052,2206,0,966.0714285714286,39,3,16,37.29166666666665,0.6108440170940173,45.44270833333333,1018.2291666666661,26.108440170940156,0
2243,4,1,0,43,0.023255813953488372,0.0,1.0,43,1350,1300,50,0.9629629629629629,14,13,1,296.0132681736336,0.7543835363602805,0.04888388780022446,0.17121619936481644,130845.55820302635,-853.5957380637739,129991.96246496258,2207,0,944.5813953488372,41,2,14,36.64983919971555,0.6201727642276424,44.221230158730144,1023.1150793650775,24.954026325977498,6
2244,4,1,0,44,0.022727272727272728,0.0,1.0,44,850,600,250,0.7058823529411765,11,6,5,289.95058397904154,0.7615177942212826,0.05951664229809972,0.16895136012450204,131129.55670482537,-1195.7816913046113,129933.77501352076,2208,0,924.0909090909091,42,2,15,36.519433932513415,0.6215277777777778,43.9437984496124,1024.2248062015499,24.38630490956071,0
2245,4,0,0,44,0.0,0.0,1.0,44,600,300,300,0.5,9,3,6,289.95058397904154,0.7615177942212826,0.05951664229809972,0.16895136012450204,131129.55670482537,-1195.7816913046113,129933.77501352076,2209,1,925.0909090909091,42,2,15,36.519433932513415,0.6215277777777778,43.9437984496124,1024.2248062015499,24.38630490956071,0
2246,4,0,0,44,0.0,0.0,1.0,44,950,700,250,0.7368421052631579,12,7,5,290.6200901970059,0.7610332980972516,0.06690080299877854,0.1697799355659194,131228.82207349324,-1172.4535785109083,130056.36849498234,2210,2,926.0909090909091,42,2,18,36.40257549965319,0.6225198412698414,43.8468992248062,1024.6124031007755,24.39553340716132,0
2247,4,0,0,44,0.0,0.0,1.0,44,950,600,350,0.631578947368421,13,6,7,290.039641637334,0.7596238548273432,0.06593342224785426,0.17011162237426927,131380.21349725724,-1178.8308761256544,130201.38262113159,2211,3,927.0909090909091,40,4,19,36.26544739624634,0.6270833333333332,43.69918699186993,1025.2032520325226,25.630081300813067,0
2248,4,1,1,44,0.022222222222222223,0.022222222222222223,0.9777777777777777,45,1150,700,450,0.6086956521739131,16,7,9,285.46383553446753,0.7677188552188553,0.06965526872710481,0.16842854825630343,131607.9117555588,-1486.1401447152825,130121.77161084351,2212,0,907.4666666666667,41,4,13,36.15438380224951,0.6277947154471544,43.477182539682545,1026.0912698412706,25.026616337591964,0
2249,4,0,1,43,0.0,0.022727272727272728,0.9772727272727273,44,650,400,250,0.6153846153846154,9,4,5,291.7120261406428,0.7581042988019733,0.06927168244417792,0.171676354509476,131510.47992473096,-1127.3622884856636,130383.1176362453,2213,5,929.0909090909091,40,4,19,36.09184583374614,0.6283854166666666,43.57215447154473,1025.7113821138234,25.642784552845587,0
2250,4,1,1,43,0.022727272727272728,0.022727272727272728,0.9772727272727273,44,1300,1000,300,0.7692307692307693,16,10,6,289.8652409059084,0.7548229386892178,0.07216139807503574,0.17105606881513516,131614.73954202217,-1169.8923631766543,130444.84717884552,2214,0,929.8181818181819,40,4,13,36.03463074840714,0.6294270833333332,43.470528455284565,1026.1178861788637,25.652947154471594,0
2251,4,0,0,43,0.0,0.0,1.0,43,1050,800,250,0.7619047619047619,13,8,5,297.2822977495128,0.7492617201919527,0.07481155422893049,0.17509785097112499,131541.7534722226,-778.9930555555161,130762.76041666708,2215,7,952.4418604651163,39,4,19,35.91761440563227,0.6303418803418802,43.541666666666686,1025.8333333333364,26.303418803418882,0
2252,4,0,0,43,0.0,0.0,1.0,43,950,700,250,0.7368421052631579,12,7,5,299.54907366847885,0.7478774455518641,0.07271868728603459,0.17668014225356413,131595.18771701405,-716.156684027758,130879.0310329863,2216,8,953.4418604651163,39,4,13,35.80583756345178,0.6308760683760684,43.48958333333334,1026.041666666668,26.30876068376072,0
2253,4,0,0,43,0.0,0.0,1.0,43,1100,700,400,0.6363636363636364,15,7,8,298.4833266819079,0.7473237356958287,0.07213740097630983,0.17629842532794734,131648.63281250026,-741.0156249999703,130907.61718750029,2217,9,954.4418604651163,39,4,13,35.77953714981731,0.6314102564102563,43.437500000000014,1026.250000000002,26.314102564102615,0
2254,4,0,0,43,0.0,0.0,1.0,43,950,500,450,0.5263157894736842,14,5,9,303.93905902682985,0.7473237356958287,0.05328207423953568,0.17705767843193038,131119.87428944433,-629.5097577500022,130490.36453169433,2218,10,955.4418604651163,40,3,17,36.17099126810872,0.6244791666666667,43.95325203252033,1024.1869918699203,25.604674796748007,3
2255,4,0,0,43,0.0,0.0,1.0,43,950,600,350,0.631578947368421,13,6,7,303.11339111366465,0.747093023255814,0.051370913965717246,0.17669634870067244,131145.89659139732,-649.5845107079085,130496.31208068941,2219,11,956.4418604651163,40,3,17,36.165955617290074,0.6247395833333333,43.927845528455286,1024.288617886179,25.607215447154477,0
2256,4,0,0,43,0.0,0.0,1.0,43,1300,800,500,0.6153846153846154,18,8,10,302.707501947856,0.7476467331118494,0.047890877807222676,0.1769391154863905,131250.0116188283,-653.9273704474663,130596.08424838085,2220,12,957.4418604651163,40,3,17,36.07164699659491,0.62578125,43.82621951219513,1024.6951219512214,25.617378048780534,0
2257,4,0,1,42,0.0,0.023255813953488372,0.9767441860465116,43,1100,700,400,0.6363636363636364,15,7,8,303.281600692576,0.7484772978959026,0.052202787930497374,0.1775156670333506,131302.08462431436,-635.6987201731669,130666.38590414119,2221,13,958.4418604651163,40,3,17,36.00458601883985,0.6263020833333333,43.775406504065046,1024.8983739837408,25.62245934959352,0
2258,4,0,0,42,0.0,0.0,1.0,42,1050,600,450,0.5714285714285714,15,6,9,311.7885682192577,0.7386033681765389,0.053948406647400304,0.18223791714633616,131248.05908203125,-215.6711154513893,131032.38796657986,2222,14,981.9285714285714,39,3,19,35.840978787570734,0.6274038461538461,43.828125,1024.6875,26.27403846153846,0
2259,4,0,0,42,0.0,0.0,1.0,42,900,800,100,0.8888888888888888,10,8,2,312.0711426682613,0.7382888114595432,0.05301380865290639,0.1830395820107884,131381.515842014,-199.92404513887902,131181.59179687512,2223,15,982.9285714285714,39,3,19,35.699468265257735,0.6287393162393162,43.69791666666667,1025.2083333333342,26.287393162393183,0
2260,4,0,0,42,0.0,0.0,1.0,42,1450,1200,250,0.8275862068965517,17,12,5,316.41965181893926,0.7382646147890051,0.053711655255115565,0.1863696609517294,131541.75347222234,-75.52083333332308,131466.23263888902,2224,16,983.9285714285714,39,3,20,35.42682101272677,0.6303418803418803,43.54166666666667,1025.8333333333344,26.30341880341883,0
2261,4,0,0,42,0.0,0.0,1.0,42,1200,900,300,0.75,15,9,6,321.77154015090764,0.7393776616337592,0.061367392501956886,0.19032033353223565,131702.08875868068,75.59678819445543,131777.68554687515,2225,17,984.9285714285714,39,3,16,35.12828969623165,0.6319444444444444,43.38541666666667,1026.4583333333344,26.31944444444447,0
2262,4,0,0,42,0.0,0.0,1.0,42,650,400,250,0.6153846153846154,9,4,5,321.77154015090764,0.7393534649632211,0.061367392501956886,0.19032033353223565,131702.08875868068,75.59678819445543,131777.68554687515,2226,18,985.9285714285714,39,3,16,35.12828969623165,0.6319444444444444,43.38541666666667,1026.4583333333344,26.31944444444447,0
2263,4,0,0,42,0.0,0.0,1.0,42,950,500,450,0.5263157894736842,14,5,9,320.77286883360273,0.7398373983739838,0.05938130983779222,0.19026347418541853,131809.033203125,56.15234375000091,131865.185546875,2227,19,986.9285714285714,39,3,16,35.04640900791236,0.6330128205128205,43.28125,1026.875,26.330128205128204,0
2264,4,0,0,42,0.0,0.0,1.0,42,1100,700,400,0.6363636363636364,15,7,8,321.9848331468556,0.7388937282229965,0.06026725369791075,0.1917909658309531,131969.53125,98.43750000000045,132067.96875,2228,20,987.9285714285714,39,3,17,34.85401459854015,0.6346153846153847,43.125,1027.5,26.346153846153847,0
2265,4,0,0,42,0.0,0.0,1.0,42,1200,900,300,0.75,15,9,6,322.1581270334483,0.7376596980255516,0.05473318455323617,0.19234399627014717,132058.30379569027,108.73116200672865,132167.034957697,2229,21,988.9285714285714,40,2,17,34.76039812800739,0.6338541666666667,43.038617886178855,1027.8455284552833,25.696138211382085,0
2266,4,0,0,42,0.0,0.0,1.0,42,1200,1000,200,0.8333333333333334,14,10,4,313.47203252465886,0.736812814556717,-0.007673348352684961,0.19047084433255088,132719.8133680557,-71.68106884954159,132648.13229920616,2230,22,989.9285714285714,39,3,16,34.32066316215123,0.642094017094017,42.39583333333334,1030.416666666668,26.42094017094021,5
2267,4,0,0,42,0.0,0.0,1.0,42,950,600,350,0.631578947368421,13,6,7,321.9776300542279,0.7362078977932637,-0.042000056949229814,0.1821151939100406,129977.44914568047,-30.033792715977498,129947.4153529645,2231,23,990.9285714285714,40,2,15,36.86299913627001,0.6130208333333333,45.07113821138211,1019.7154471544715,25.492886178861788,6
2268,4,0,0,42,0.0,0.0,1.0,42,850,500,350,0.5882352941176471,12,5,7,321.2129269357063,0.7359901277584204,-0.03966988808076766,0.18204484176474756,130055.1829784683,-44.91880246548283,130010.26417600282,2232,24,991.9285714285714,40,2,15,36.80382584437581,0.6138020833333334,44.99491869918698,1020.0203252032505,25.500508130081265,0
2269,4,0,0,42,0.0,0.0,1.0,42,1000,800,200,0.8,12,8,4,321.2179145420916,0.7362804878048781,-0.04712810515181287,0.1822898046403649,130107.01844346938,-41.458973659870765,130065.55946980951,2233,25,992.9285714285714,40,2,15,36.751253444898225,0.6143229166666667,44.944105691056905,1020.2235772357715,25.505589430894286,0
2270,4,0,0,42,0.0,0.0,1.0,42,300,200,100,0.6666666666666666,4,2,2,321.3746607196714,0.7356271777003485,-0.05056440903054382,0.1825000901371888,130132.94004891257,-35.71410866548547,130097.22594024708,2234,26,993.9285714285714,40,2,16,36.7210325365206,0.6145833333333335,44.918699186991866,1020.3252032520315,25.508130081300788,0
2271,4,1,2,41,0.023255813953488372,0.046511627906976744,0.9534883720930233,43,550,300,250,0.5454545454545454,8,3,5,314.80652150282214,0.7418327796234773,-0.04453765961384282,0.17961196296686008,130315.7606336802,-395.02064149361036,129920.73999218659,2235,0,971.7906976744187,39,4,16,36.70381894851392,0.6180555555555558,44.739583333333314,1021.0416666666638,26.180555555555483,0
2272,4,2,1,42,0.046511627906976744,0.023255813953488372,0.9767441860465116,43,1350,900,450,0.6666666666666666,18,9,9,315.07237295817805,0.749031007751938,-0.022892694829600435,0.1807217746773803,130522.07396597572,-375.22008642345077,130146.85387955228,2236,0,971.7674418604652,40,3,14,36.48868722028839,0.6184895833333335,44.53760162601625,1021.8495934959333,25.546239837398332,0
2273,4,1,1,42,0.023255813953488372,0.023255813953488372,0.9767441860465116,43,1050,700,350,0.6666666666666666,14,7,7,315.11297407501746,0.7426172019195275,-0.01859170171880775,0.18098750315662165,130574.00238160136,-370.8875545310515,130203.1148270703,2237,0,972.7441860465116,40,3,14,36.435235822478546,0.6190104166666668,44.48678861788617,1022.0528455284536,25.551321138211343,0
2274,4,0,1,41,0.0,0.023809523809523808,0.9761904761904762,42,950,700,250,0.7368421052631579,12,7,5,319.5584548555671,0.734102787456446,-0.017911150595420144,0.1831998178654736,130501.95448133661,-59.39941406251859,130442.5550672741,2238,2,996.9047619047619,39,3,14,36.39440394875454,0.6199252136752138,44.55729166666666,1021.7708333333318,26.199252136752097,0
2275,4,1,1,41,0.023809523809523808,0.023809523809523808,0.9761904761904762,42,1050,800,250,0.7619047619047619,13,8,5,323.45727063826456,0.7350464576074333,-0.021188826121561588,0.18581749060319946,130581.79253472203,47.526041666647075,130629.31857638867,2239,0,997.1666666666666,39,3,15,36.214159532545175,0.620726495726496,44.47916666666666,1022.0833333333318,26.20726495726492,0
2276,4,1,1,41,0.023809523809523808,0.023809523809523808,0.9761904761904762,42,1150,800,350,0.6956521739130435,15,8,7,324.0392955829506,0.7379500580720093,-0.014351676706535033,0.1869223151605998,130741.54188368047,73.07942708332817,130814.6213107638,2240,0,998.1428571428571,39,3,16,36.037974468662995,0.6223290598290598,44.322916666666664,1022.7083333333327,26.223290598290582,0
2277,4,0,0,41,0.0,0.0,1.0,41,1000,900,100,0.9,11,9,2,328.88941970350686,0.7292682926829268,-0.019769122343746837,0.18924491023107987,130644.58832137122,393.5245680838698,131038.1128894551,2241,5,1023.4878048780488,38,3,16,36.01190476190475,0.6230811403508771,44.417735042735046,1022.3290598290603,26.90339631129106,0
2278,4,0,0,41,0.0,0.0,1.0,41,700,400,300,0.5714285714285714,10,4,6,329.8224169987368,0.7295731707317074,-0.02081783249926117,0.19018434792240424,130726.5185550443,423.30726313098995,131149.82581817528,2242,6,1024.4878048780488,38,3,16,35.90528799275665,0.6239035087719298,44.33760683760684,1022.6495726495734,26.911830859199302,0
2279,4,0,1,40,0.0,0.024390243902439025,0.975609756097561,41,800,700,100,0.875,9,7,2,328.85134862982125,0.7294715447154472,-0.023238751292881554,0.18989281132580887,130781.15297866912,401.5117064796703,131182.6646851488,2243,7,1025.4878048780488,38,3,16,35.87493907109533,0.6244517543859648,44.28418803418804,1022.8632478632488,26.917453891138127,0
2280,4,0,0,40,0.0,0.0,1.0,40,950,600,350,0.631578947368421,13,6,7,337.90811117747296,0.7206196581196581,-0.01643439108061706,0.195049929521254,130766.77439212051,837.4307479224265,131604.20514004293,2244,8,1051.15,37,3,17,35.65787592910236,0.6261261261261262,44.29824561403508,1022.8070175438585,27.64343290659077,0
2281,4,0,0,40,0.0,0.0,1.0,40,850,600,250,0.7058823529411765,11,6,5,337.68733330291434,0.7204059829059829,-0.016751527494908602,0.19506409488438953,130794.81336805566,833.5503472222276,131628.3637152779,2245,9,1052.15,37,3,17,35.63518329938899,0.6264076576576576,44.270833333333336,1022.9166666666675,27.64639639639642,0
2282,4,0,0,40,0.0,0.0,1.0,40,600,500,100,0.8333333333333334,7,5,2,335.47606484883886,0.7213141025641026,-0.016541353383458635,0.19399268097780692,130835.7988165681,778.4557856673308,131614.25460223542,2246,10,1053.15,38,2,17,35.65032372598162,0.625,44.23076923076923,1023.0769230769234,26.923076923076934,0
2283,4,0,0,40,0.0,0.0,1.0,40,800,600,200,0.75,10,6,4,334.92397797324077,0.7211271367521368,-0.025529315960912125,0.19400313441091527,130901.38888888914,768.4027777778025,131669.79166666695,2247,11,1054.15,39,1,17,35.59819489685125,0.6239316239316238,44.16666666666668,1023.3333333333353,26.239316239316288,0
2284,4,0,0,40,0.0,0.0,1.0,40,1100,800,300,0.7272727272727273,14,8,6,336.43091940142136,0.7217681623931624,-0.023382008751399175,0.19528095953678512,130981.34901258702,813.2351345486363,131794.58414713564,2248,12,1055.15,39,1,17,35.47888894542248,0.6247329059829059,44.08854166666668,1023.6458333333351,26.247329059829106,0
2285,4,0,0,40,0.0,0.0,1.0,40,800,400,400,0.5,12,4,8,337.1972567213328,0.7206730769230769,-0.018591047812817507,0.19613307890950912,131061.33355034742,838.7044270833576,131900.0379774308,2249,13,1056.15,39,1,18,35.37851814174299,0.6255341880341879,44.01041666666668,1023.958333333335,26.255341880341923,0
2286,4,1,2,39,0.024390243902439025,0.04878048780487805,0.9512195121951219,41,800,700,100,0.875,9,7,2,332.47405644788125,0.7308943089430894,-0.02617489589530042,0.1947348044909021,131328.12500000015,532.6388888889031,131860.76388888905,2250,0,1031.3658536585365,40,1,19,35.23035230352304,0.6265624999999999,43.75000000000001,1025.0000000000011,25.62500000000003,0
2287,4,0,0,39,0.0,0.0,1.0,39,1000,700,300,0.7,13,7,6,345.87088673120934,0.7135627530364372,-0.013667011685161379,0.2015722912517996,131136.55495516476,1271.263309043759,132407.8182642085,2251,15,1084.025641025641,38,1,19,35.08049094259587,0.628015350877193,43.93696581196581,1024.252136752137,26.954003598740446,0
2288,4,0,0,39,0.0,0.0,1.0,39,1100,800,300,0.7272727272727273,14,8,6,347.64271524582983,0.7124943769680612,-0.010518435335953535,0.20303858947670564,131218.63928153983,1323.440810139516,132542.08009167935,2252,16,1085.025641025641,38,1,20,34.95220716023637,0.6288377192982457,43.8568376068376,1024.5726495726487,26.96243814664865,0
2289,4,1,1,39,0.025,0.025,0.975,40,750,500,250,0.6666666666666666,10,5,5,342.3895823164865,0.7231570512820513,-0.014307100085543256,0.20113237272762433,131440.53939673727,1000.8655908943801,132441.40498763166,2253,0,1058.875,37,3,20,34.8628635585971,0.632882882882883,43.64035087719297,1025.4385964912267,27.714556661925045,0
2290,4,0,0,39,0.0,0.0,1.0,39,950,800,150,0.8421052631578947,11,8,3,348.84886613858015,0.7121569950517319,-0.012724530371589049,0.20462590328705907,131384.32618690355,1366.6546437365228,132750.98083064007,2254,18,1087.025641025641,37,2,20,34.75401069518717,0.6323198198198199,43.695175438596486,1025.2192982456131,27.70862968231387,0
2291,4,0,0,39,0.0,0.0,1.0,39,1150,1000,150,0.8695652173913043,13,10,3,344.4313864252305,0.7137314439946019,-0.020681606349766124,0.2027520380790091,131519.83486969466,1259.9118133172597,132779.74668301194,2255,19,1088.025641025641,38,1,20,34.7305402215047,0.6318530701754386,43.56303418803419,1025.7478632478633,26.99336482231219,0
2292,4,0,0,39,0.0,0.0,1.0,39,800,500,300,0.625,11,5,6,345.01790291293975,0.7136752136752137,-0.018366900058214508,0.20324306158098449,131547.23340821094,1277.2301208999856,132824.46352911094,2256,20,1089.025641025641,38,1,20,34.68786884676803,0.6321271929824561,43.53632478632478,1025.8547008547005,26.99617633828159,0
2293,4,0,0,39,0.0,0.0,1.0,39,250,200,50,0.8,3,2,1,347.8131768989079,0.7146873594242016,-0.018320357970503576,0.20518413703544888,131602.03904594915,1354.5846573891286,132956.62370333826,2257,21,1090.025641025641,38,1,15,34.56090344300986,0.6326754385964912,43.482905982905976,1026.0683760683748,27.00179937022039,0
2294,4,0,0,39,0.0,0.0,1.0,39,950,700,250,0.7368421052631579,12,7,5,346.37255867127107,0.7153058929374719,-0.022806848993360385,0.20492287830748585,131711.68456424854,1324.2626378844145,133035.94720213296,2258,22,1091.025641025641,38,1,15,34.4873195947821,0.6337719298245614,43.37606837606837,1026.4957264957254,27.013045434098036,0
2295,4,1,0,40,0.025,0.0,1.0,40,650,600,50,0.9230769230769231,7,6,1,338.58066193251256,0.7247596153846154,-0.016321099057082122,0.2015341622595276,131942.7747938369,934.6544053819532,132877.42919921887,2259,0,1064.725,39,1,16,34.454632633749014,0.6343482905982906,43.15104166666667,1027.3958333333342,26.343482905982928,0
2296,4,0,1,39,0.0,0.025,0.975,40,1100,800,300,0.7272727272727273,14,8,6,338.00090128098907,0.7221688034188034,-0.013449848024315925,0.20218599367535542,132130.12695312515,932.02039930557,133062.1473524307,2260,1,1065.725,39,1,17,34.28107058426208,0.6362179487179487,42.96875000000001,1028.1250000000011,26.362179487179517,0
2297,4,0,0,39,0.0,0.0,1.0,39,650,600,50,0.9230769230769231,7,6,1,344.85025566106674,0.7249212775528565,-0.01663201663201619,0.20579773321708816,132040.89506172837,1306.867283950621,133347.762345679,2261,2,1057.923076923077,38,1,19,34.194819819819834,0.6370614035087719,43.05555555555556,1027.7777777777776,27.04678362573099,0
2298,4,0,0,39,0.0,0.0,1.0,39,700,500,200,0.7142857142857143,9,5,4,347.0685862956782,0.7254835807467387,-0.0174102111127985,0.2075724677391738,132123.26189139066,1371.1667442837077,133494.42863567438,2262,3,1058.923076923077,38,1,19,34.05491184315354,0.6378837719298247,42.97542735042734,1028.098290598289,27.055218173639183,0
2299,4,1,1,39,0.025,0.025,0.975,40,350,200,150,0.5714285714285714,5,2,3,340.0209430329186,0.7360844017094017,-0.01711202212782803,0.20427489651764005,132293.43401951558,996.5076384757799,133289.94165799135,2263,0,1033.425,40,0,19,34.06495933353088,0.6361979166666667,42.8099593495935,1028.7601626016267,25.719004065040668,0
2300,4,0,0,39,0.0,0.0,1.0,39,950,700,250,0.7368421052631579,12,7,5,349.9105951927653,0.7243027440395862,-0.015580935167728294,0.20990384063993686,132237.24500868042,1454.2426215277683,133691.4876302082,2264,5,1060.923076923077,39,0,19,33.86714266423604,0.6372863247863249,42.86458333333333,1028.5416666666656,26.372863247863222,0
2301,4,0,0,39,0.0,0.0,1.0,39,550,300,250,0.5454545454545454,8,3,5,348.49126179721384,0.7234592892487629,-0.014330106463345427,0.209497759754783,132317.61203342024,1422.3063151041722,133739.91834852443,2265,6,1061.923076923077,39,0,19,33.822791164658625,0.6380876068376069,42.786458333333336,1028.8541666666674,26.38087606837609,0
2302,4,0,0,39,0.0,0.0,1.0,39,900,500,400,0.5555555555555556,13,5,8,346.8324519838664,0.7225596041385516,-0.0043263085444598115,0.20925855136404506,132454.43309479856,1387.947989405404,133842.38108420395,2266,7,1062.923076923077,37,2,19,33.72789731572217,0.6430180180180181,42.65350877192983,1029.385964912282,27.821242294926538,0
2303,4,0,0,39,0.0,0.0,1.0,39,1200,900,300,0.75,15,9,6,352.0333553167286,0.7198605488079173,0.005556101341541941,0.21367605985503751,132680.2718144044,1541.5762542320685,134221.84806863646,2267,8,1063.923076923077,37,2,15,33.367035617993466,0.6452702702702702,42.43421052631579,1030.2631578947367,27.84495021337126,0
2304,4,0,1,38,0.0,0.02564102564102564,0.9743589743589743,39,1300,1000,300,0.7692307692307693,16,10,6,355.2486507340509,0.7193544759334233,0.004941139898068547,0.21676853100923296,132878.03849501768,1640.9487775084608,134518.98727252614,2268,9,1064.923076923077,37,2,16,33.08551791981282,0.647240990990991,42.24232456140351,1031.0307017543857,27.865694642010425,0
2305,4,1,1,38,0.02564102564102564,0.02564102564102564,0.9743589743589743,39,1000,700,300,0.7,13,7,6,349.1900175527899,0.7314439946018894,0.015598578182697054,0.21441998598489484,133113.66705246904,1496.3927469135742,134610.0597993826,2269,0,1058.5641025641025,38,1,16,33.0052714221624,0.6477521929824561,42.013888888888886,1031.944444444444,27.156432748538,0
2306,4,0,0,38,0.0,0.0,1.0,38,850,400,450,0.47058823529411764,13,4,9,358.04363837478303,0.7192686107159791,0.024276449176556802,0.21333633701284074,131981.4238790296,1851.9863468792964,133833.4102259089,2270,11,1087.421052631579,35,3,15,33.91576556281445,0.6422619047619047,43.11342592592593,1027.5462962962972,29.358465608465636,2
2307,4,1,0,39,0.02564102564102564,0.0,1.0,39,650,300,350,0.46153846153846156,10,3,7,351.1602404873587,0.7315002249212775,0.035211998972391356,0.21092095878696523,132285.18029586022,1490.6591451215713,133775.8394409818,2271,0,1060.5128205128206,37,2,16,33.78677254316777,0.6413288288288288,42.81798245614035,1028.7280701754382,27.803461356092924,0
2308,4,0,1,38,0.0,0.02564102564102564,0.9743589743589743,39,900,600,300,0.6666666666666666,12,6,6,336.4809849734212,0.7314439946018894,-0.041150355222273505,0.20109441226175528,132095.8034279349,1089.5933013779281,133185.39672931284,2272,1,1061.5128205128206,38,1,15,34.354647335966185,0.6376096491228069,43.00213675213676,1027.9914529914536,27.05240665766983,8
2309,4,0,1,37,0.0,0.02631578947368421,0.9736842105263158,38,1050,700,350,0.6666666666666666,14,7,7,346.5905291472326,0.7200391180654339,-0.04200307681942239,0.20693882931376792,132059.6782182978,1554.1267505386086,133613.80496883643,2273,14,1090.421052631579,37,1,16,34.131196216485314,0.6390765765765766,43.037280701754376,1027.8508771929812,27.77975343764814,0
2310,4,0,0,37,0.0,0.0,1.0,37,900,700,200,0.7777777777777778,11,7,4,350.8366545118007,0.7102102102102102,-0.013399531638111695,0.20974379954408853,132108.41912436092,1869.6951596867257,133978.11428404765,2274,38,1120.5135135135135,36,1,16,33.9730072662212,0.6414930555555556,42.98986486486487,1028.0405405405413,28.556681681681702,0
2311,4,0,0,37,0.0,0.0,1.0,37,800,500,300,0.625,11,5,6,351.7168620519964,0.7097097097097097,-0.011111538655071751,0.21059191261618243,132166.31063073222,1897.02400880612,134063.33463953834,2275,39,1121.5135135135135,36,1,16,33.892098346292855,0.6420717592592593,42.933558558558566,1028.265765765767,28.56293793793797,0
2312,4,0,0,37,0.0,0.0,1.0,37,600,400,200,0.6666666666666666,8,4,4,353.1314339899687,0.7092092092092092,-0.010965859663035094,0.2119252639989735,132253.17166829004,1940.5504321889618,134193.722100479,2276,40,1122.5135135135135,36,1,16,33.76829246040434,0.6429398148148147,42.84909909909911,1028.6036036036048,28.572322322322357,0
2313,4,0,0,37,0.0,0.0,1.0,37,1100,900,200,0.8181818181818182,13,9,4,355.6521843682725,0.7113363363363363,-0.010771769800003383,0.2140941805505453,132369.0307706357,2015.466987257553,134384.49775789326,2277,41,1123.5135135135135,36,1,17,33.58685343255273,0.6440972222222221,42.7364864864865,1029.0540540540558,28.584834834834883,0
2314,4,1,1,37,0.02631578947368421,0.02631578947368421,0.9736842105263158,38,1050,700,350,0.6666666666666666,14,7,7,347.7606936040467,0.7224988146040777,-0.007647658639893251,0.21076541649783326,132623.7941001078,1624.2685249307553,134248.06262503855,2278,0,1094.921052631579,37,1,18,33.53381591086509,0.6447072072072071,42.4890350877193,1030.0438596491233,27.839023233760088,0
2315,4,1,0,38,0.02631578947368421,0.0,1.0,38,850,500,350,0.5882352941176471,12,5,7,350.2761887590357,0.7237731152204836,0.023119539740038553,0.2110200454231263,132398.00347222213,1675.1736111111018,134073.17708333323,2279,0,1095.8947368421052,38,0,19,33.69601889338732,0.640625,42.70833333333333,1029.1666666666658,27.08333333333331,6
2316,4,2,2,38,0.05,0.05,0.95,40,700,600,100,0.8571428571428571,8,6,2,336.62864701292307,0.7447916666666666,0.01890099595700656,0.2047841097395352,132764.3218838819,938.4548094718737,133702.77669335378,2280,0,1042.05,40,0,13,33.679494132728536,0.6408854166666667,42.35264227642276,1030.5894308943086,25.764735772357717,0
2317,4,0,0,38,0.0,0.0,1.0,38,1100,1000,100,0.9090909090909091,12,10,2,353.9416250644533,0.7218764817449028,0.015438924107654683,0.21416467821696553,132562.98539201167,1783.9116946087888,134346.89708662045,2281,2,1097.8947368421052,38,0,20,33.43578172009543,0.6422697368421053,42.54807692307691,1029.807692307691,27.100202429149764,0
2318,4,1,2,37,0.02564102564102564,0.05128205128205128,0.9487179487179487,39,850,700,150,0.8235294117647058,10,7,3,351.95605573008726,0.7272829509671616,0.019482723332374663,0.2146216317659072,132854.01611328128,1551.7550998263887,134405.77121310766,2282,0,1070.7179487179487,39,0,14,33.19450759489406,0.6434294871794872,42.265625,1030.9375000000002,26.43429487179488,0
2319,4,0,0,37,0.0,0.0,1.0,37,750,400,350,0.5333333333333333,11,4,7,364.201486999546,0.7112112112112112,0.018591693599679715,0.22023285025194683,132539.10007165655,2254.1874663357817,134793.28753799232,2283,47,1129.5135135135135,37,0,20,33.19567937386859,0.6438626126126126,42.571271929824555,1029.714912280701,27.83013276434327,0
2320,4,0,0,37,0.0,0.0,1.0,37,900,700,200,0.7777777777777778,11,7,4,366.75389344414555,0.7116491491491491,0.019237628433030673,0.2226110841602837,132680.2718144044,2332.2012542320667,135012.47306863646,2284,48,1130.5135135135135,37,0,15,32.9878849155669,0.6452702702702702,42.43421052631579,1030.2631578947367,27.84495021337126,0
2321,4,0,0,37,0.0,0.0,1.0,37,750,700,50,0.9333333333333333,8,7,1,370.79199319465886,0.7103978978978979,0.01704609173488847,0.2255711290638575,132765.01092884352,2445.6406057633126,135210.65153460682,2285,49,1131.5135135135135,37,0,16,32.798591162180365,0.6461148648648647,42.35197368421053,1030.5921052631581,27.853840682788057,0
2322,4,0,0,37,0.0,0.0,1.0,37,900,400,500,0.4444444444444444,14,4,10,370.38712484909126,0.7107107107107107,0.01704246529265152,0.22566489699976075,132821.5187004656,2439.0760859110555,135260.59478637663,2286,50,1132.5135135135135,37,0,16,32.75216732262525,0.6466779279279279,42.29714912280702,1030.8114035087724,27.859767662399253,0
2323,4,0,0,37,0.0,0.0,1.0,37,1050,800,250,0.7619047619047619,13,8,5,374.61275607671945,0.7098973973973974,0.013105406555002252,0.22875703624321214,132906.30290089248,2557.679285934117,135463.9821868266,2287,51,1133.5135135135135,37,0,17,32.55795406210121,0.6475225225225225,42.214912280701746,1031.140350877192,27.868658131816,0
2324,4,1,0,38,0.02631578947368421,0.0,1.0,38,1150,1000,150,0.8695652173913043,13,10,3,369.0514105055699,0.7210170697012802,0.026762373649354965,0.22745617545445318,133251.51581561827,2235.3319727518297,135486.8477883701,2288,0,1104.657894736842,38,0,19,32.35439948951435,0.6491228070175439,41.880341880341874,1032.4786324786317,27.170490328385043,0
2325,4,0,0,38,0.0,0.0,1.0,38,400,300,100,0.75,5,3,2,366.2195798928185,0.721757942152679,0.017195154036006244,0.22136524534240734,132524.15687475973,2131.9849714372976,134656.14184619702,2289,1,1105.657894736842,33,5,20,33.15877172101879,0.6521464646464646,42.58578431372549,1029.6568627450981,31.201723113487823,3
2326,4,0,0,38,0.0,0.0,1.0,38,1200,800,400,0.6666666666666666,16,8,8,366.0257183817031,0.7203354670459934,0.013447509314630679,0.2218057795961222,132618.8113496011,2108.379139033061,134727.19048863417,2290,2,1106.657894736842,33,5,22,33.06848602022604,0.6530934343434343,42.493872549019606,1030.0245098039215,31.21286393345217,0
2327,4,1,1,38,0.02564102564102564,0.02564102564102564,0.9743589743589743,39,550,300,250,0.5454545454545454,8,3,5,358.97439316439903,0.7315564552406658,0.0158405874341212,0.21892382005659825,132857.85147392284,1738.513321995459,134596.3647959183,2291,0,1079.2564102564102,34,5,17,33.009767128560426,0.6531862745098038,42.26190476190476,1030.9523809523805,30.322128851540604,0
2328,4,0,0,38,0.0,0.0,1.0,38,600,400,200,0.6666666666666666,8,4,4,367.4663959586077,0.7209577999051683,0.011959446773890159,0.22361739435686606,132776.64389898113,2158.1909602076034,134934.83485918873,2292,4,1108.657894736842,33,5,17,32.872572334522395,0.6546717171717171,42.3406862745098,1030.6372549019604,31.231431966726074,0
2329,4,0,0,38,0.0,0.0,1.0,38,550,400,150,0.7272727272727273,7,4,3,366.3811004712459,0.7198613086770982,0.01693807203138009,0.22352169675595282,132871.3884833957,2136.313106737782,135007.70159013348,2293,5,1109.657894736842,33,5,17,32.80525674551289,0.6556186868686869,42.248774509803916,1031.0049019607836,31.242572786690413,0
2330,4,0,0,38,0.0,0.0,1.0,38,1000,600,400,0.6,14,6,8,369.58432408124645,0.7195945945945946,0.02038168368527371,0.22623936405758896,132997.76715986626,2230.7779760188228,135228.54513588507,2294,6,1110.657894736842,33,5,19,32.595615025147524,0.6568813131313131,42.12622549019607,1031.4950980392146,31.257427213309533,0
2331,4,0,0,38,0.0,0.0,1.0,38,600,400,200,0.6666666666666666,8,4,4,367.6395416410425,0.7196242294926506,0.011751468933616671,0.2256213513569662,133092.5905901576,2186.0198000768887,135278.6103902345,2295,7,1111.657894736842,33,5,19,32.55047505938243,0.6578282828282829,42.03431372549019,1031.8627450980389,31.268568033273905,0
2332,4,0,0,38,0.0,0.0,1.0,38,600,400,200,0.6666666666666666,8,4,4,370.1709202945206,0.7190018966334756,0.012900141842198787,0.2277538102002005,133187.44781153876,2260.4240256151397,135447.8718371539,2296,8,1112.657894736842,33,5,19,32.38986010526733,0.6587752525252526,41.94240196078431,1032.230392156862,31.279708853238244,0
2333,4,0,0,38,0.0,0.0,1.0,38,950,600,350,0.631578947368421,13,6,7,375.26954358525114,0.7179054054054054,0.01332650563285287,0.23187475904226532,133345.61827181862,2408.1098615917085,135753.72813341033,2297,9,1113.657894736842,33,5,21,32.099351368454364,0.6603535353535352,41.78921568627452,1032.8431372549028,31.298276886512205,0
2334,4,0,1,37,0.0,0.02631578947368421,0.9736842105263158,38,700,500,200,0.7142857142857143,9,5,4,377.53642039542126,0.7186462778568041,0.01846349745331044,0.23407258064516145,133472.22222222242,2478.125000000023,135950.34722222245,2298,10,1114.657894736842,34,4,22,31.91364247311828,0.659313725490196,41.66666666666668,1033.3333333333348,30.392156862745143,0
2335,4,0,0,37,0.0,0.0,1.0,37,1100,900,200,0.8181818181818182,13,9,4,385.6855769231717,0.7191566566566566,0.013726690751954651,0.23892102123727124,133440.56560277304,2893.220305891975,136333.785908665,2299,11,1101.945945945946,33,4,22,31.73494148578658,0.661300505050505,41.69730392156863,1033.210784313726,31.309417706476545,0
2336,4,0,0,37,0.0,0.0,1.0,37,950,800,150,0.8421052631578947,11,8,3,382.1971677434416,0.7190315315315315,0.01711557636307215,0.23737981905522115,133537.46588358335,2807.5320042339595,136344.99788781733,2300,12,1102.945945945946,32,5,22,31.72769565925563,0.6647135416666666,41.60353535353536,1033.585858585859,32.29955808080809,0
2337,4,0,0,37,0.0,0.0,1.0,37,600,200,400,0.3333333333333333,10,2,8,378.27489325431213,0.718968968968969,0.015280184771710337,0.2355354446041794,133630.56163795176,2709.817287821995,136340.37892577375,2301,13,1103.945945945946,33,4,22,31.73558433092332,0.6631944444444444,41.513480392156865,1033.9460784313726,31.33169934640523,0
2338,4,0,0,37,0.0,0.0,1.0,37,450,200,250,0.4444444444444444,7,2,5,378.19801964734626,0.7188438438438438,0.011799901347187447,0.23568943056014108,133662.24078479444,2710.1589532872154,136372.39973808164,2302,14,1104.945945945946,33,4,22,31.70577546021965,0.6635101010101009,41.48284313725491,1034.0686274509815,31.335412953060043,0
2339,4,1,1,37,0.02631578947368421,0.02631578947368421,0.9736842105263158,38,900,700,200,0.7777777777777778,11,7,4,366.1619893325512,0.730737316263632,0.013445317132795065,0.23045419560163044,134026.3676303856,2215.0722789115775,136241.43990929716,2303,0,1076.842105263158,34,4,19,31.65215183567104,0.664828431372549,41.13095238095239,1035.4761904761913,30.455182072829157,0
2340,4,0,0,37,0.0,0.0,1.0,37,650,500,150,0.7692307692307693,8,5,3,375.2613422596802,0.7192817817817818,0.010524024735298898,0.23506726810391249,133852.39451172634,2645.925845828538,136498.32035755488,2304,16,1106.945945945946,33,4,19,31.590971893257546,0.6654040404040404,41.29901960784314,1034.803921568628,31.35769459298873,0
2341,4,0,0,37,0.0,0.0,1.0,37,650,400,250,0.6153846153846154,9,4,5,370.5532996773394,0.7164664664664665,0.013595084017619108,0.23312024042992135,134010.95920138896,2531.6406250000064,136542.59982638896,2305,17,1107.945945945946,33,4,19,31.553906773977193,0.6669823232323232,41.145833333333336,1035.4166666666672,31.376262626262644,0
2342,4,0,0,37,0.0,0.0,1.0,37,1100,800,300,0.7272727272727273,14,8,6,371.2409309417799,0.7154029029029029,0.015566441974393053,0.23415883196417348,134106.1430699731,2557.1378796616714,136663.28094963476,2306,18,1108.945945945946,33,4,19,31.440783246568852,0.6679292929292929,41.05392156862745,1035.7843137254904,31.387403446226983,0
2343,4,0,0,37,0.0,0.0,1.0,37,1150,700,450,0.6086956521739131,16,7,9,373.26640236052003,0.7140265265265265,0.013198725508055231,0.2364579748886081,134264.85794225777,2623.3120975105694,136888.17003976833,2307,19,1109.945945945946,33,4,19,31.229430255015565,0.6695075757575758,40.900735294117645,1036.3970588235293,31.405971479500888,0
2344,4,1,0,38,0.02631578947368421,0.0,1.0,38,800,300,500,0.375,13,3,10,363.7667152470501,0.7192982456140351,0.027776939193227657,0.23264522793899733,134612.5442885486,2193.5126133786694,136806.05690192728,2308,0,1081.7105263157894,34,4,21,31.128111735688893,0.6706495098039216,40.56547619047618,1037.7380952380943,30.52170868347336,0
2345,4,0,0,38,0.0,0.0,1.0,38,1250,1100,150,0.88,14,11,3,361.52371255746164,0.718794452347084,0.02224817289180936,0.2319976671974702,134736.11288265293,2142.0599489795745,136878.17283163252,2309,1,1082.7105263157894,34,4,21,31.062951496388028,0.671875,40.44642857142856,1038.2142857142846,30.535714285714253,0
2346,4,0,0,38,0.0,0.0,1.0,38,850,500,350,0.5882352941176471,12,5,7,370.5616234800414,0.718794452347084,0.08836895458682514,0.22083576495239118,131988.41979346873,2196.4810955019175,134184.90088897065,2310,2,1083.7105263157894,33,5,20,33.58713476446035,0.6467803030303031,43.10661764705882,1027.5735294117637,31.138591800356476,5
2347,4,1,0,39,0.02564102564102564,0.0,1.0,39,1300,1100,200,0.8461538461538461,15,11,4,365.77340196125914,0.7239653621232569,0.08236457060203839,0.21441980148183853,131360.4817907612,1826.2217321828132,133186.703522944,2311,0,1056.8974358974358,32,7,18,34.34433633041836,0.6429036458333333,43.718434343434346,1025.126262626263,32.03519570707072,2
2348,4,1,1,39,0.025,0.025,0.975,40,850,500,350,0.5882352941176471,12,5,7,354.5537296814989,0.7391025641025641,0.0831331941060447,0.20916485941990703,131602.8220663266,1332.0542800453595,132934.87634637195,2312,0,1031.45,34,6,15,34.387206559152254,0.640625,43.48214285714286,1026.0714285714291,30.178571428571445,0
2349,4,0,0,39,0.0,0.0,1.0,39,650,400,250,0.6153846153846154,9,4,5,364.0781179814818,0.7253711201079622,0.08586021060629712,0.21412296341440792,131485.18786344214,1774.1759479527332,133259.36381139487,2313,2,1058.8974358974358,33,6,19,34.261734775162296,0.6417297979797979,43.59681372549021,1025.612745098041,31.079174093880027,0
2350,4,0,0,39,0.0,0.0,1.0,39,1050,800,250,0.7619047619047619,13,8,5,359.81045537007225,0.7249775078722447,0.0809387827949315,0.21243603597876892,131633.3616780047,1672.611961451269,133305.97363945597,2314,3,1059.8974358974358,34,5,16,34.221529389017796,0.6409313725490196,43.45238095238096,1026.1904761904775,30.18207282913169,0
2351,4,0,0,39,0.0,0.0,1.0,39,1000,700,300,0.7,13,7,6,358.82814340782943,0.7232343679712101,0.0840511988205006,0.21287837448665334,131816.6737528346,1659.9064625850524,133476.58021541967,2315,4,1060.8974358974358,34,5,17,34.0617512945359,0.6427696078431371,43.27380952380953,1026.904761904763,30.20308123249303,0
2352,4,0,0,39,0.0,0.0,1.0,39,600,500,100,0.8333333333333334,7,5,2,357.98504249944466,0.7240215924426451,0.08335413620531806,0.21272003765049668,131877.80612244914,1642.0564058957086,133519.86252834485,2316,5,1061.8974358974358,34,5,17,34.02174123010354,0.6433823529411764,43.21428571428572,1027.1428571428585,30.210084033613484,0
2353,4,0,0,39,0.0,0.0,1.0,39,800,700,100,0.875,9,7,2,357.46896804310944,0.7243027440395862,0.07079359854948164,0.21349575690590844,132070.63567654768,1642.2307688186088,133712.8664453663,2317,6,1062.8974358974358,35,4,18,33.840619487294965,0.6431547619047618,43.02662037037038,1027.89351851852,29.368386243386286,0
2354,4,0,0,39,0.0,0.0,1.0,39,750,400,350,0.5333333333333333,11,4,7,355.23108143164757,0.7244714349977508,0.07534756488166372,0.21299483060739688,132219.38898533958,1593.6873070987765,133813.07629243835,2318,7,1063.8974358974358,35,4,18,33.7483119513842,0.6446428571428571,42.88194444444445,1028.4722222222229,29.384920634920654,0
2355,4,0,0,39,0.0,0.0,1.0,39,1150,900,250,0.782608695652174,14,9,5,356.0429142201999,0.7232343679712101,0.0705524745565238,0.21432481721948524,132368.22601862566,1625.7537883659136,133993.97980699159,2319,8,1064.8974358974358,35,4,19,33.57761125482699,0.6461309523809524,42.73726851851852,1029.0509259259259,29.401455026455025,0
2356,4,0,0,39,0.0,0.0,1.0,39,800,500,300,0.625,11,5,6,357.21813330662144,0.722953216374269,0.07131799498211722,0.21537712556269514,132428.63520408157,1661.1853217688727,134089.82052585043,2320,9,1065.8974358974358,34,5,19,33.48658339116354,0.6488970588235294,42.67857142857142,1029.2857142857138,30.273109243697462,0
2357,4,0,0,39,0.0,0.0,1.0,39,850,500,350,0.5882352941176471,12,5,7,358.2491885280752,0.7230656770130455,0.06976185604611662,0.21617451034209817,132459.27047902485,1690.6852324262934,134149.95571145116,2321,10,1066.8974358974358,34,5,19,33.42922400832658,0.649203431372549,42.64880952380952,1029.4047619047612,30.276610644257683,0
2358,4,0,0,39,0.0,0.0,1.0,39,950,600,350,0.631578947368421,13,6,7,356.6975174579841,0.7210413855150698,0.07360308285163786,0.21576458223857045,132551.19756235805,1656.136621315166,134207.33418367323,2322,11,1067.8974358974358,34,5,20,33.37668593448939,0.6501225490196079,42.559523809523796,1029.761904761903,30.287114845938323,0
2359,4,0,0,39,0.0,0.0,1.0,39,900,500,400,0.5555555555555556,13,5,8,361.51560914442683,0.7225033738191633,0.0750568747333995,0.21975274668217396,132735.14739229012,1797.1655328798015,134532.3129251699,2323,12,1068.8974358974358,34,5,16,33.067621688231654,0.6519607843137256,42.38095238095237,1030.4761904761895,30.30812324929969,0
2360,4,0,0,39,0.0,0.0,1.0,39,900,600,300,0.6666666666666666,12,6,6,362.7740357291652,0.7233468286099866,0.07350210145635794,0.2206981607383963,132765.8180980724,1832.7983276643818,134598.61642573678,2324,13,1069.8974358974358,34,5,16,33.00436063301374,0.6522671568627452,42.35119047619047,1030.595238095237,30.31162464985991,0
2361,4,0,0,39,0.0,0.0,1.0,39,950,600,350,0.631578947368421,13,6,7,361.3132696146015,0.7231781376518219,0.07197915316949643,0.2199244474311704,132785.41512613578,1795.4264992712435,134580.84162540702,2325,14,1070.8974358974358,35,4,16,33.022295526857576,0.6502976190476191,42.33217592592592,1030.6712962962947,29.447751322751277,0
2362,4,0,0,39,0.0,0.0,1.0,39,1100,600,500,0.5454545454545454,16,6,10,362.28747920722515,0.7234030589293747,0.07231995578240102,0.22086889646124247,132845.06715374222,1825.620900848754,134670.68805459098,2326,15,1071.8974358974358,35,4,17,32.93722633883461,0.6508928571428572,42.27430555555555,1030.9027777777771,29.45436507936506,0
2363,4,0,0,39,0.0,0.0,1.0,39,500,200,300,0.4,8,2,6,361.9172017294487,0.7243027440395862,0.06913780648206536,0.22099522619654932,132904.73257726748,1820.1017821930545,134724.83435946054,2327,16,1072.8974358974358,35,4,17,32.886804542223224,0.6514880952380953,42.216435185185176,1031.1342592592578,29.460978835978793,0
2364,4,0,0,39,0.0,0.0,1.0,39,1050,700,350,0.6666666666666666,14,7,7,361.7975940541512,0.7240778227620334,0.07074576388169929,0.22216166312581337,133113.66705246904,1832.0408950617218,134945.70794753075,2328,17,1073.8974358974358,35,4,18,32.6800134589502,0.6535714285714285,42.013888888888886,1031.944444444444,29.48412698412697,0
2365,4,0,0,39,0.0,0.0,1.0,39,500,300,200,0.6,7,3,4,360.3927660080369,0.7246401259559154,0.06905277444696534,0.22147638142616569,133143.5282305598,1796.7928830161152,134940.32111357592,2329,18,1074.8974358974358,35,4,18,32.68627808306232,0.6538690476190476,41.9849537037037,1032.060185185185,29.487433862433857,0
2366,4,0,0,39,0.0,0.0,1.0,39,850,700,150,0.8235294117647058,10,7,3,359.42526328833304,0.7260458839406209,0.06555963650785479,0.2217698616223035,133292.8843557099,1781.766010802471,135074.65036651236,2330,19,1075.8974358974358,35,4,18,32.56136516476127,0.6553571428571429,41.84027777777778,1032.638888888889,29.503968253968253,0
2367,4,1,0,40,0.025,0.0,1.0,40,1100,800,300,0.7272727272727273,14,8,6,348.65407297203285,0.7362980769230769,0.07288519637462265,0.2177443361391376,133741.45507812512,1326.0211709105088,135067.47624903562,2331,0,1049.975,35,5,17,32.39027358173884,0.6598214285714286,41.40625000000001,1034.375000000001,29.553571428571455,0
2368,4,1,0,41,0.024390243902439025,0.0,1.0,41,1150,800,350,0.6956521739130435,15,8,7,344.61708130120627,0.7433434959349593,0.08008443898726303,0.21723394768520882,134083.8447188744,1041.5166433325435,135125.36136220695,2332,0,1025.341463414634,36,5,19,32.152468196150934,0.6611689814814814,41.07545045045046,1035.6981981981994,28.76939439439443,0
2369,4,0,0,41,0.0,0.0,1.0,41,750,600,150,0.8,9,6,3,346.548813919624,0.7435975609756098,0.07780588569095093,0.21862523939867656,134113.00447406882,1095.340526337165,135208.34500040597,2333,1,1026.341463414634,36,5,19,32.07332209900704,0.6614583333333333,41.047297297297305,1035.810810810812,28.772522522522554,0
2370,4,0,0,41,0.0,0.0,1.0,41,1250,1200,50,0.96,13,12,1,346.52936902009213,0.7430894308943089,0.07670505012474838,0.21878679928729086,134142.16739966325,1096.8401255985834,135239.00752526184,2334,2,1027.341463414634,36,5,20,32.04469688734282,0.6617476851851851,41.01914414414415,1035.923423423424,28.775650650650668,0
2371,4,0,0,41,0.0,0.0,1.0,41,1250,1100,150,0.88,14,11,3,345.16987865149946,0.7433434959349593,0.07352329147680092,0.21827546759260819,134200.50276205273,1064.3942506696048,135264.89701272233,2335,3,1028.341463414634,36,5,20,32.021655254863596,0.6623263888888888,40.962837837837846,1036.14864864865,28.78190690690694,0
2372,4,0,0,41,0.0,0.0,1.0,41,750,400,350,0.5333333333333333,11,4,7,343.6392556415355,0.7426321138211383,0.07481087955909405,0.21800133343765266,134317.2115316332,1031.3333181154378,135348.54484974864,2336,4,1029.341463414634,36,5,20,31.94482165489771,0.6634837962962962,40.85022522522524,1036.5990990991008,28.79441941941947,0
2373,4,0,0,41,0.0,0.0,1.0,41,650,400,250,0.6153846153846154,9,4,5,344.4360793432501,0.7421747967479675,0.0781007028056595,0.21885596842741956,134375.58493882418,1056.759927156916,135432.34486598108,2337,5,1030.341463414634,36,5,20,31.86592628796932,0.6640624999999998,40.79391891891893,1036.8243243243262,28.800675675675727,0
2374,4,0,0,41,0.0,0.0,1.0,41,950,600,350,0.631578947368421,13,6,7,345.7842750370533,0.7428861788617886,0.0786778645033519,0.2205931261524473,134521.57393880386,1103.0889842545444,135624.6629230584,2338,6,1031.341463414634,36,5,20,31.68534701114489,0.6655092592592592,40.65315315315316,1037.3873873873888,28.816316316316357,0
2375,4,0,0,41,0.0,0.0,1.0,41,800,600,200,0.75,10,6,4,345.6874318122677,0.741869918699187,0.08424533843911153,0.2214374920351727,134670.88906035668,1110.8099262300343,135781.6989865867,2339,7,1032.341463414634,35,6,20,31.53899048468629,0.669047619047619,40.50925925925926,1037.962962962963,29.65608465608466,0
2376,4,0,0,41,0.0,0.0,1.0,41,800,500,300,0.625,11,5,6,345.6874318122677,0.7419715447154471,0.08424533843911153,0.2214374920351727,134670.88906035668,1110.8067558299044,135781.69581618658,2340,8,1033.341463414634,35,6,20,31.53899048468629,0.669047619047619,40.50925925925926,1037.962962962963,29.65608465608466,0
2377,4,0,1,40,0.0,0.024390243902439025,0.975609756097561,41,850,500,350,0.5882352941176471,12,5,7,346.4013464148838,0.7421239837398373,0.08786905574485493,0.2220781755536165,134700.9243853954,1132.116314086096,135833.0406994815,2341,9,1034.341463414634,35,6,20,31.490527557884562,0.669345238095238,40.48032407407408,1038.078703703705,29.659391534391574,0
2378,4,0,0,40,0.0,0.0,1.0,40,600,500,100,0.8333333333333334,7,5,2,345.49501683426325,0.7407318376068376,0.09175585284280885,0.2216802790417271,134730.96305941368,1309.7752700617364,136040.73832947543,2342,10,1049.375,35,5,20,31.48411371237457,0.6696428571428571,40.45138888888889,1038.1944444444453,29.662698412698436,0
2379,4,0,0,40,0.0,0.0,1.0,40,900,700,200,0.7777777777777778,11,7,4,344.90196000710296,0.7410256410256411,0.09033273882510295,0.2214828549193786,134761.0050824117,1295.866957090189,136056.87203950188,2343,11,1050.375,35,5,20,31.469573254560977,0.6699404761904761,40.4224537037037,1038.3101851851852,29.66600529100529,0
2380,4,0,0,40,0.0,0.0,1.0,40,750,500,250,0.6666666666666666,10,5,5,343.01196430406446,0.7402510683760684,0.08971243869817203,0.22045152892092193,134791.0504543897,1246.9885973937057,136038.03905178342,2344,12,1051.375,35,5,13,31.48870560261554,0.6702380952380952,40.393518518518526,1038.425925925927,29.6693121693122,0
2381,4,0,0,40,0.0,0.0,1.0,40,600,300,300,0.5,9,3,6,345.33648869887736,0.739690170940171,0.09366852367688061,0.22249784537490477,134881.2066642018,1315.8804601766094,136197.08712437842,2345,13,1052.375,35,5,13,31.338556174558967,0.6711309523809523,40.30671296296296,1038.7731481481478,29.679232804232793,0
2382,4,0,0,40,0.0,0.0,1.0,40,1650,1200,450,0.7272727272727273,21,12,9,348.2322709295494,0.7395833333333334,0.0898212097582709,0.2247362398371362,134941.32754897556,1398.1849869255877,136339.51253590116,2346,14,1053.375,35,5,13,31.20346905053654,0.6717261904761904,40.248842592592595,1039.0046296296302,29.685846560846578,0
2383,4,0,0,40,0.0,0.0,1.0,40,1200,1000,200,0.8333333333333334,14,10,4,347.520101586798,0.738167735042735,0.08916481069042348,0.22483649223699156,135031.5339934841,1385.2344821673398,136416.76847565145,2347,15,1054.375,35,5,14,31.132145508537498,0.6726190476190477,40.16203703703703,1039.3518518518508,29.695767195767168,0
2384,4,0,0,40,0.0,0.0,1.0,40,900,600,300,0.6666666666666666,12,6,6,347.68990900954606,0.7369391025641026,0.09472058332405697,0.22550891354749086,135121.77057881074,1396.0952235510806,136517.86580236183,2348,16,1055.375,35,5,14,31.037909569928367,0.6735119047619048,40.075231481481474,1039.699074074073,29.7056878306878,0
2385,4,0,0,40,0.0,0.0,1.0,40,1000,600,400,0.6,14,6,8,350.6659145673051,0.7357905982905983,0.09666703761406659,0.22800896586843733,135212.03730495536,1482.850544410146,136694.8878493655,2349,17,1056.375,35,5,14,30.870706283848957,0.674404761904762,39.988425925925924,1040.0462962962958,29.715608465608454,0
2386,4,0,1,39,0.0,0.025,0.975,40,850,500,350,0.5882352941176471,12,5,7,350.7836884426232,0.734508547008547,0.09863150867823745,0.22846694142915186,135272.23186728387,1490.2584876543085,136762.49035493817,2350,18,1057.375,35,5,15,30.80774365821093,0.675,39.93055555555555,1040.2777777777771,29.722222222222204,0
2387,4,0,0,39,0.0,0.0,1.0,39,1250,800,450,0.64,17,8,9,357.8134926862928,0.7258771929824561,0.10115509371376552,0.23237924599366305,135169.0493905896,1873.0619331065761,137042.11132369615,2351,20,1085.025641025641,34,5,15,30.727676016027477,0.6761642156862745,40.029761904761905,1039.8809523809525,30.584733893557427,0
2388,4,0,0,39,0.0,0.0,1.0,39,1050,800,250,0.7619047619047619,13,8,5,360.68019323944765,0.7256522717049033,0.10194207516555598,0.235047293715103,135292.8730867347,1959.491921768705,137252.3650085034,2352,21,1086.025641025641,34,5,17,30.529808902620438,0.677389705882353,39.910714285714285,1040.357142857143,30.59873949579832,0
2389,4,0,0,39,0.0,0.0,1.0,39,1050,800,250,0.7619047619047619,13,8,5,361.5606969076272,0.7252024291497976,0.09748516198653423,0.2366382285748722,135447.73242630393,1994.515306122457,137442.2477324264,2353,22,1087.025641025641,34,5,17,30.35271805428485,0.678921568627451,39.761904761904766,1040.9523809523816,30.61624649859946,0
2390,4,0,0,39,0.0,0.0,1.0,39,1050,800,250,0.7619047619047619,13,8,5,360.0423798488463,0.7253148897885741,0.09983726964859096,0.23584798590098568,135478.7149234693,1955.615787981852,137434.33071145116,2354,23,1088.025641025641,34,5,17,30.361396988755487,0.6792279411764706,39.732142857142854,1041.0714285714278,30.61974789915964,0
2391,4,0,0,39,0.0,0.0,1.0,39,850,500,350,0.5882352941176471,12,5,7,360.6259327745236,0.7239091318038686,0.10359008558408322,0.23665583640936466,135543.2731722608,1976.083863811722,137519.3570360725,2355,24,1089.025641025641,35,4,18,30.28196898966321,0.6776785714285715,39.670138888888886,1041.3194444444443,29.751984126984123,0
2392,4,0,0,39,0.0,0.0,1.0,39,750,300,450,0.4,12,3,9,359.0400000000002,0.7236279802069276,0.1017435897435901,0.23621052631578957,135633.68055555556,1939.6134741512392,137573.2940297068,2356,25,1090.025641025641,34,5,18,30.233333333333345,0.6807598039215685,39.583333333333336,1041.6666666666667,30.637254901960787,0
2393,4,0,0,39,0.0,0.0,1.0,39,850,600,250,0.7058823529411765,11,6,5,357.78779893199516,0.7236279802069276,0.10409359809428365,0.23559074706199326,135664.68431122453,1907.833758503405,137572.51806972793,2357,26,1091.025641025641,34,5,18,30.235115986744365,0.6810661764705882,39.55357142857143,1041.7857142857147,30.64075630252102,0
2394,4,0,0,39,0.0,0.0,1.0,39,1100,700,400,0.6363636363636364,15,7,8,358.454699130819,0.7234030589293747,0.1102274092106148,0.23643963688711828,135726.7024518141,1930.3748582766466,137657.07731009077,2358,27,1092.025641025641,34,5,18,30.15608934079743,0.6816789215686274,39.49404761904762,1042.0238095238099,30.647759103641466,0
2395,4,0,0,39,0.0,0.0,1.0,39,1200,800,400,0.6666666666666666,16,8,8,356.7984940584702,0.7213787674313991,0.10793416548812229,0.2361666222577493,135850.78125,1894.2708333333335,137745.05208333334,2359,28,1093.025641025641,34,5,19,30.075939248601124,0.6829044117647058,39.375,1042.5,30.66176470588235,0
2396,4,0,0,39,0.0,0.0,1.0,39,1050,800,250,0.7619047619047619,13,8,5,354.7721670705012,0.7192420152946469,0.10543271009419741,0.23538271173086994,135935.25618355614,1845.2090835047852,137780.4652670609,2360,29,1094.025641025641,35,4,16,30.04485756566777,0.6815476190476191,39.293981481481474,1042.8240740740732,29.79497354497352,0
2397,4,0,0,39,0.0,0.0,1.0,39,1100,600,500,0.5454545454545454,16,6,10,352.97809244274544,0.7181174089068826,0.10982287704378013,0.2345253294264497,135985.82323877933,1800.003297216139,137785.82653599547,2361,30,1095.025641025641,36,3,16,30.041432735910174,0.6799768518518519,39.2454954954955,1043.018018018018,28.97272272272272,0
2398,4,0,0,39,0.0,0.0,1.0,39,1000,700,300,0.7,13,7,6,358.2141234774256,0.7181174089068826,0.11858766008278443,0.23185949226484165,135047.7906115577,1875.205188296422,136922.9957998541,2362,31,1096.025641025641,36,3,16,30.838073311664864,0.6707175925925926,40.146396396396405,1039.414414414416,28.872622622622664,1
2399,4,0,0,39,0.0,0.0,1.0,39,900,600,300,0.6666666666666666,12,6,6,386.9185400952504,0.7181174089068826,0.16823190312556835,0.23217724954939148,132249.14969403707,2436.465905794889,134685.61559983197,2363,32,1097.025641025641,35,4,18,32.903515434529844,0.6449404761904762,42.85300925925925,1028.587962962962,29.388227513227484,6
2400,4,0,0,39,0.0,0.0,1.0,39,950,800,150,0.8421052631578947,11,8,3,387.8946197613975,0.7192982456140351,0.16334795815052305,0.23313017410811754,132308.6811583718,2464.3651138117084,134773.0462721835,2364,33,1098.025641025641,35,4,19,32.81830070874113,0.6455357142857143,42.79513888888888,1028.8194444444434,29.39484126984124,0
2401,4,0,0,39,0.0,0.0,1.0,39,750,400,350,0.5333333333333333,11,4,7,390.14391432164234,0.7193544759334233,0.16075028334616692,0.23485237252767222,132368.22601862554,2528.531566143676,134896.75758476922,2365,34,1099.025641025641,35,4,19,32.70031961159225,0.6461309523809524,42.73726851851851,1029.050925925925,29.401455026455,0
2402,4,0,0,39,0.0,0.0,1.0,39,550,300,250,0.5454545454545454,8,3,5,391.3437431009828,0.719523166891588,0.15923708533862424,0.23614440660112998,132459.2704790247,2567.4246925171565,135026.69517154185,2366,35,1100.025641025641,34,5,19,32.57753170656489,0.6492034313725491,42.64880952380951,1029.40476190476,30.27661064425765,0
2403,4,1,1,39,0.025,0.025,0.975,40,900,700,200,0.7777777777777778,11,7,4,372.403740776104,0.7285790598290598,0.11893851843291348,0.22581706860095502,132643.15653344677,1887.078373015873,134530.23490646266,2367,0,1073.5,34,6,16,32.87973342578681,0.6510416666666667,42.470238095238095,1030.119047619048,30.297619047619058,5
2404,4,0,0,39,0.0,0.0,1.0,39,1200,700,500,0.5833333333333334,17,7,10,383.7301885477198,0.7170490328385065,0.11522603625362904,0.2331216347766784,132713.4996155325,2385.2352460592024,135098.73486159169,2368,37,1102.025641025641,33,6,16,32.517146368537894,0.6540404040404041,42.40196078431372,1030.392156862745,31.224004753416516,0
2405,4,1,1,39,0.025,0.025,0.975,40,750,400,350,0.5333333333333333,11,4,7,373.4539033706051,0.7246260683760684,0.11299769186382047,0.22869102987323597,133011.31129535128,1934.7186791382999,134946.0299744896,2369,0,1075.45,34,6,17,32.482208116945564,0.654718137254902,42.11309523809523,1031.5476190476174,30.33963585434169,0
2406,4,0,0,39,0.0,0.0,1.0,39,550,300,250,0.5454545454545454,8,3,5,380.91090575721256,0.7151934322986955,0.11601253398685651,0.23219003907461389,132839.80320069197,2320.0259515570833,135159.82915224906,2370,39,1104.025641025641,33,6,17,32.46255349500713,0.6553030303030304,42.27941176470588,1030.882352941176,31.238859180035632,0
2407,4,0,0,39,0.0,0.0,1.0,39,500,300,200,0.6,7,3,4,383.36703303509864,0.7160931174089069,0.11667535285745201,0.23388447055288486,132871.3884833957,2387.7019956266704,135259.0904790224,2371,40,1105.025641025641,33,6,17,32.367442252070205,0.6556186868686869,42.248774509803916,1031.0049019607836,31.242572786690413,0
2408,4,0,1,38,0.0,0.02564102564102564,0.9743589743589743,39,1000,800,200,0.8,12,8,4,379.89719925110956,0.7164304993252362,0.11617675733645316,0.2323557288442833,132966.16685890045,2302.6948769703954,135268.86173587086,2372,41,1106.025641025641,33,6,17,32.361474176172365,0.6565656565656566,42.15686274509804,1031.372549019608,31.253713606654788,0
2409,4,0,0,38,0.0,0.0,1.0,38,1200,1000,200,0.8333333333333334,14,10,4,388.23809932648453,0.7158309625414888,0.11357544203309455,0.23735993976786868,132950.846852362,2723.3168171615102,135674.16366952352,2373,42,1096.657894736842,32,6,17,32.1618409239308,0.6588541666666667,42.17171717171717,1031.3131313131312,32.22853535353535,0
2410,4,0,0,38,0.0,0.0,1.0,38,1200,700,500,0.5833333333333334,17,7,10,387.0385879018232,0.7161273115220483,0.11343812407395504,0.23703937504931757,133015.9629757168,2696.4620957045263,135712.4250714213,2374,43,1097.657894736842,32,6,17,32.12719298245615,0.6595052083333333,42.10858585858586,1031.5656565656568,32.236426767676775,0
2411,4,0,0,38,0.0,0.0,1.0,38,1050,800,250,0.7619047619047619,13,8,5,387.0385879018232,0.7161273115220483,0.11343812407395504,0.23703937504931757,133015.9629757168,2696.4620957045263,135712.4250714213,2375,44,1098.657894736842,32,6,17,32.12719298245615,0.6595052083333333,42.10858585858586,1031.5656565656568,32.236426767676775,0
2412,4,0,0,38,0.0,0.0,1.0,38,900,600,300,0.6666666666666666,12,6,6,385.44532476112806,0.7155642484589853,0.1114564345019935,0.2362695985463751,133048.5270157383,2656.5865409142048,135705.1135566525,2376,45,1099.657894736842,32,6,17,32.13549953086117,0.6598307291666666,42.07702020202021,1031.69191919192,32.2403724747475,0
2413,4,0,0,38,0.0,0.0,1.0,38,700,400,300,0.5714285714285714,10,4,6,384.03448518168835,0.7156531531531531,0.10986006162538464,0.2358828883818378,133124.20590938578,2624.8571763264063,135749.0630857122,2377,46,1100.657894736842,33,5,19,32.095727942049635,0.6581439393939394,42.00367647058823,1031.9852941176468,31.272281639928693,0
2414,4,1,0,39,0.02564102564102564,0.0,1.0,39,850,500,350,0.5882352941176471,12,5,7,384.58401992634657,0.7245838956365273,0.18598524762908353,0.22459706763698628,131215.758694983,2292.6967913203976,133508.4554863034,2378,0,1073.4102564102564,37,2,18,34.00890054223744,0.6306306306306306,43.859649122807014,1024.5614035087713,27.690848743480306,7
2415,4,1,1,39,0.025,0.025,0.975,40,1300,1000,300,0.7692307692307693,16,10,6,376.2341753631691,0.7322649572649572,0.1815591397849463,0.22145429309351103,131516.61169982702,1896.449248491158,133413.06094831816,2379,0,1047.55,33,7,18,33.91825965750697,0.6420454545454545,43.56617647058824,1025.7352941176473,31.082887700534766,0
2416,4,0,0,39,0.0,0.0,1.0,39,1000,500,500,0.5,15,5,10,385.59798414279174,0.7252586594691858,0.18614140304003612,0.2260411576357638,131360.4817907613,2330.4673949087023,133690.94918567,2380,2,1075.4102564102564,32,7,18,33.836268834421325,0.6429036458333333,43.71843434343435,1025.1262626262637,32.03519570707074,0
2417,4,0,0,39,0.0,0.0,1.0,39,1000,700,300,0.7,13,7,6,386.5746410801048,0.7257647323436798,0.18779722508212027,0.2271668958257246,131453.7677816225,2363.338619761639,133817.10640138414,2381,3,1076.4102564102564,33,6,18,33.7167383683875,0.6414141414141414,43.62745098039216,1025.4901960784318,31.075460487225207,0
2418,4,0,1,38,0.0,0.02564102564102564,0.9743589743589743,39,750,500,250,0.6666666666666666,10,5,5,387.38460871470903,0.7263270355375618,0.19230616076871,0.22820524697753913,131548.0392907776,2391.937145569018,133939.97643634662,2382,4,1077.4102564102564,33,6,19,33.60050073667025,0.642361111111111,43.53553921568628,1025.8578431372553,31.086601307189554,0
2419,4,0,0,38,0.0,0.0,1.0,38,650,400,250,0.6153846153846154,9,4,5,391.42626897854404,0.7281590801327643,0.18923200528713124,0.23023574097847344,131489.94880943294,2693.7240141312377,134183.67282356418,2383,5,1072.2105263157894,32,6,19,33.55569576100783,0.6442057291666665,43.59217171717173,1025.631313131315,32.05097853535359,0
2420,4,0,0,38,0.0,0.0,1.0,38,1600,1300,300,0.8125,19,13,6,390.4113914068296,0.7279220009483167,0.1889117946526211,0.23055747472784163,131642.34459102285,2678.9341839677213,134321.27877499055,2384,6,1073.2105263157894,33,5,15,33.42737441286521,0.6433080808080807,43.4436274509804,1026.2254901960796,31.09774212715393,0
2421,4,1,1,38,0.02564102564102564,0.02564102564102564,0.9743589743589743,39,1000,600,400,0.6,14,6,8,378.5005415341189,0.7398223121907332,0.181610211349988,0.2253487127564306,131951.69331114998,2188.7574749228743,134140.45078607285,2385,0,1046.6666666666667,35,4,15,33.42028556944915,0.6419642857142855,43.14236111111113,1027.430555555558,29.3551587301588,0
2422,4,0,1,37,0.0,0.02631578947368421,0.9736842105263158,38,950,700,250,0.7368421052631579,12,7,5,383.3407184748181,0.7288406827880513,0.20847030398773292,0.2179318438405774,130176.38204082473,2381.1350844439708,132557.5171252687,2386,8,1075.2105263157894,36,2,19,35.09618921503715,0.6221064814814814,44.87612612612613,1020.4954954954965,28.347097097097123,3
2423,4,0,0,37,0.0,0.0,1.0,37,1000,600,400,0.6,14,6,8,389.1898812778094,0.7256631631631631,0.20469931321501833,0.22157944241375077,130233.05047850218,2737.0770908350396,132970.12756933723,2387,9,1076.8108108108108,35,2,19,34.88927788486979,0.6247023809523811,44.82060185185185,1020.7175925925922,29.163359788359777,0
2424,4,1,1,37,0.02631578947368421,0.02631578947368421,0.9736842105263158,38,900,700,200,0.7777777777777778,11,7,4,379.97989714495156,0.7364272166903746,0.19746652278412702,0.21803124579493754,130536.16780045355,2320.2306208620316,132856.3984213156,2388,0,1049.4473684210527,34,4,16,34.81622786579684,0.6299019607843137,44.523809523809526,1021.9047619047622,30.056022408963592,0
2425,4,0,0,37,0.0,0.0,1.0,37,900,600,300,0.6666666666666666,12,6,6,390.23264333336107,0.7256006006006006,0.20980884904100328,0.22323878395220076,130419.01139285372,2778.7511113514074,133197.76250420514,2389,11,1078.8108108108108,33,4,20,34.673440311937625,0.6309974747474747,44.638480392156865,1021.4460784313726,30.95291146761735,0
2426,4,0,0,37,0.0,0.0,1.0,37,700,400,300,0.5714285714285714,10,4,6,388.6247979508899,0.7237237237237237,0.20435253520062435,0.22299166213973512,130536.16780045345,2745.918367346929,133282.0861678004,2390,12,1079.8108108108108,34,3,16,34.59537123330226,0.6299019607843137,44.52380952380952,1021.9047619047614,30.05602240896357,0
2427,4,0,0,37,0.0,0.0,1.0,37,1000,700,300,0.7,13,7,6,386.6132531292618,0.7244744744744744,0.21088530111897397,0.22296389753722815,130732.14215986646,2713.3460032297303,133445.4881630962,2391,13,1080.8108108108108,33,4,17,34.447648292390646,0.6341540404040404,44.33210784313726,1022.6715686274515,30.990047534165196,1
2428,4,0,0,37,0.0,0.0,1.0,37,1050,700,350,0.6666666666666666,14,7,7,384.80391425322375,0.7235985985985985,0.21101024359289822,0.22246143186883052,130826.1546039985,2668.4832756632104,133494.63787966172,2392,14,1081.8108108108108,33,4,17,34.3984587126657,0.6351010101010102,44.240196078431374,1023.0392156862748,31.00118835412954,0
2429,4,1,1,37,0.02631578947368421,0.02631578947368421,0.9736842105263158,38,600,400,200,0.6666666666666666,8,4,4,376.8941770245219,0.73441204362257,0.19989843243309413,0.21935343103957633,131084.19075963725,2280.9736394557885,133365.16439909305,2393,0,1054.3157894736842,34,4,17,34.339155622723396,0.6354166666666666,43.98809523809524,1024.0476190476195,30.11904761904763,0
2430,4,0,0,37,0.0,0.0,1.0,37,850,400,450,0.47058823529411764,13,4,9,384.18434836190175,0.7231606606606606,0.2029321715295198,0.22288913813870653,130962.30867346935,2662.733843537409,133625.04251700675,2394,16,1083.8108108108108,34,3,18,34.27613979995347,0.6341911764705883,44.107142857142854,1023.5714285714283,30.105042016806717,0
2431,4,2,2,37,0.05128205128205128,0.05128205128205128,0.9487179487179487,39,400,200,200,0.5,6,2,4,375.96696830874083,0.7430836707152497,0.2210720447379384,0.22197501827543467,131633.36167800458,2098.979591836742,133732.34126984133,2395,0,1029.179487179487,34,5,15,33.80703789636506,0.6409313725490196,43.452380952380956,1026.1904761904766,30.182072829131666,0
2432,4,0,0,37,0.0,0.0,1.0,37,600,200,400,0.3333333333333333,10,2,8,384.5935897107801,0.7317942942942943,0.21723683530566862,0.22600274990869448,131453.76778162253,2711.255286428306,134165.02306805085,2396,1,1054.4594594594594,33,4,20,33.767527087316765,0.6414141414141414,43.62745098039216,1025.490196078432,31.075460487225214,0
2433,4,0,0,37,0.0,0.0,1.0,37,1150,900,250,0.782608695652174,14,9,5,388.4331778808121,0.731544044044044,0.22041195721635187,0.2293892405905443,131642.34459102261,2826.85085063436,134469.19544165698,2397,2,1055.4594594594594,33,4,17,33.47812674150148,0.6433080808080809,43.44362745098039,1026.2254901960778,31.09774212715387,0
2434,4,1,1,37,0.02631578947368421,0.02631578947368421,0.9736842105263158,38,500,300,200,0.6,7,3,4,379.5947659753022,0.7439841156946421,0.2150307103951794,0.225742469717497,131908.37762188207,2414.3459467120197,134322.72356859408,2398,0,1028.657894736842,34,4,17,33.43594275118786,0.6436887254901961,43.18452380952381,1027.2619047619046,30.213585434173666,0
2435,4,0,1,36,0.0,0.02702702702702703,0.972972972972973,37,550,300,250,0.5454545454545454,8,3,5,387.6030397337639,0.7307307307307307,0.22340363758363302,0.2296561716329187,131768.1375552671,2814.7461312956398,134582.88368656274,2399,4,1057.4594594594594,33,4,18,33.3721254078141,0.6445707070707072,43.32107843137254,1026.715686274509,31.112596553773,0
2436,4,0,0,36,0.0,0.0,1.0,36,750,500,250,0.6666666666666666,10,5,5,391.2337794964665,0.7305224867724868,0.23396883968839677,0.23149422323917568,131716.66953627186,3106.4020890725506,134823.0716253444,2400,5,1082.4722222222222,32,4,18,33.331027060270614,0.646484375,43.371212121212125,1026.515151515152,32.0785984848485,0
2437,4,0,0,36,0.0,0.0,1.0,36,900,600,300,0.6666666666666666,12,6,6,391.2337794964665,0.7305224867724868,0.23396883968839677,0.23149422323917568,131716.66953627186,3106.4020890725506,134823.0716253444,2401,6,1083.4722222222222,32,4,18,33.331027060270614,0.646484375,43.371212121212125,1026.515151515152,32.0785984848485,0
2438,4,0,0,36,0.0,0.0,1.0,36,1000,800,200,0.8,12,8,4,393.00057064281043,0.730952380952381,0.2362050588283524,0.2327376285430949,131749.0741537854,3155.492264819929,134904.56641860533,2402,7,1084.4722222222222,32,4,18,33.252879924568525,0.6468098958333333,43.33964646464647,1026.6414141414148,32.08254419191921,0
2439,4,0,0,36,0.0,0.0,1.0,36,1050,800,250,0.7619047619047619,13,8,5,391.3992857922676,0.7320767195767196,0.2318479819709074,0.2325809488619502,131878.73247946645,3123.4483407305424,135002.18082019698,2403,8,1085.4722222222222,32,4,19,33.16277402171686,0.6481119791666666,43.21338383838384,1027.1464646464651,32.098327020202035,0
2440,4,0,0,36,0.0,0.0,1.0,36,700,500,200,0.7142857142857143,9,5,4,395.47237398798364,0.7311838624338625,0.2363176436852239,0.23540297784493225,131943.5855556831,3236.008602438529,135179.59415812162,2404,9,1086.4722222222222,32,4,19,32.99255458604727,0.6487630208333334,43.150252525252526,1027.39898989899,32.10621843434344,0
2441,4,0,0,36,0.0,0.0,1.0,36,650,400,250,0.6153846153846154,9,4,5,396.5668371073778,0.7308201058201058,0.23153153153153205,0.23666085440278992,132040.8950617284,3272.608024691362,135313.50308641975,2405,10,1087.4722222222222,32,4,19,32.865990990991,0.6497395833333334,43.05555555555556,1027.7777777777778,32.11805555555556,0
2442,4,0,0,36,0.0,0.0,1.0,36,450,400,50,0.8888888888888888,5,4,1,396.5668371073778,0.7308201058201058,0.23153153153153205,0.23666085440278992,132040.8950617284,3272.608024691362,135313.50308641975,2406,11,1088.4722222222222,32,4,19,32.865990990991,0.6497395833333334,43.05555555555556,1027.7777777777778,32.11805555555556,0
2443,4,0,0,36,0.0,0.0,1.0,36,500,400,100,0.8,6,4,2,394.287324818662,0.7312169312169313,0.22789240972734004,0.23570392060745562,132105.78799357204,3217.527548209366,135323.3155417814,2407,12,1089.4722222222222,32,4,19,32.85894129206584,0.650390625,42.99242424242424,1028.0303030303028,32.12594696969696,0
2444,4,0,0,36,0.0,0.0,1.0,36,750,300,450,0.4,12,3,9,392.6403104376637,0.7322089947089948,0.22719923042285828,0.23492065010241714,132138.24043783802,3176.559949239879,135314.8003870779,2408,13,1090.4722222222222,32,4,19,32.86846575791066,0.6507161458333334,42.96085858585859,1028.156565656566,32.12989267676769,0
2445,4,0,0,36,0.0,0.0,1.0,36,750,500,250,0.6666666666666666,10,5,5,390.7940249753437,0.7318783068783069,0.22791946397595297,0.23405800596488996,132177.37956855536,3130.8260344579,135308.20560301325,2409,14,1091.4722222222222,33,3,19,32.87637051602908,0.6486742424242424,42.92279411764706,1028.3088235294117,31.160873440285204,0
2446,4,1,1,36,0.02702702702702703,0.02702702702702703,0.972972972972973,37,950,500,450,0.5263157894736842,14,5,9,381.0057925408097,0.743993993993994,0.21801780354333689,0.2301099685934825,132492.61289227701,2696.274569876972,135188.88746215397,2410,0,1062.945945945946,33,4,20,32.80995813990398,0.6518308080808082,42.61642156862745,1029.5343137254902,31.198009506833035,0
2447,4,0,0,36,0.0,0.0,1.0,36,850,700,150,0.8235294117647058,10,7,3,389.9424675047942,0.7316137566137567,0.229307242465137,0.23491655969191275,132398.0034722223,3125.5208333333394,135523.52430555565,2411,16,1093.4722222222222,32,4,20,32.675438596491226,0.6533203125,42.708333333333336,1029.1666666666672,32.16145833333335,0
2448,4,0,0,36,0.0,0.0,1.0,36,1050,600,450,0.5714285714285714,15,6,9,393.01724445167093,0.7309854497354498,0.22859683552066734,0.2371776161372668,132462.9840864454,3212.0473995000675,135675.03148594545,2412,17,1094.4722222222222,32,4,21,32.53071466535835,0.6539713541666665,42.64520202020203,1029.4191919191928,32.169349747474776,0
2449,4,0,0,36,0.0,0.0,1.0,36,700,500,200,0.7142857142857143,9,5,4,390.0163703322243,0.7297619047619048,0.22741948667647538,0.23597726383009066,132560.48489950006,3140.151833996534,135700.6367334966,2413,18,1095.4722222222222,32,4,21,32.5095532940984,0.6549479166666666,42.55050505050505,1029.7979797979801,32.18118686868688,0
2450,4,0,0,36,0.0,0.0,1.0,36,500,400,100,0.8,6,4,2,388.56375810938954,0.7282738095238096,0.22377129550189956,0.235709420253867,132658.02158261917,3109.2198818998113,135767.24146451897,2414,19,1096.4722222222222,32,4,18,32.448574171671346,0.6559244791666666,42.45580808080808,1030.1767676767681,32.193023989899004,0
2451,4,0,0,36,0.0,0.0,1.0,36,1000,700,300,0.7,13,7,6,392.6975201115208,0.7286044973544974,0.23291069459757496,0.2390447320410396,132788.12629132214,3229.1135789715167,136017.23987029365,2415,20,1097.4722222222222,32,4,18,32.210890603944634,0.6572265625,42.329545454545446,1030.6818181818169,32.20880681818178,0
2452,4,0,0,36,0.0,0.0,1.0,36,650,500,150,0.7692307692307693,8,5,3,392.48204454736515,0.7294312169312169,0.23708374142997046,0.23995459130710167,132950.846852362,3236.164039383733,136187.01089174574,2416,21,1098.4722222222222,32,4,18,32.0524200130591,0.6588541666666667,42.17171717171717,1031.3131313131312,32.22853535353535,0
2453,4,0,0,36,0.0,0.0,1.0,36,600,400,200,0.6666666666666666,8,4,4,391.9696777549265,0.7278769841269842,0.2309692816056792,0.24026888499141064,133048.52701573816,3230.197652025302,136278.72466776345,2417,22,1099.4722222222222,32,4,18,31.967221474319754,0.6598307291666667,42.0770202020202,1031.691919191919,32.24037247474747,0
2454,4,0,0,36,0.0,0.0,1.0,36,850,500,350,0.5882352941176471,12,5,7,389.32930066740096,0.7259589947089947,0.22740045911501627,0.23933805622049986,133155.8249831794,3168.292844098402,136324.1178272778,2418,23,1100.4722222222222,33,3,18,31.927293596137087,0.658459595959596,41.97303921568626,1032.1078431372537,31.275995246583445,0
2455,4,0,0,36,0.0,0.0,1.0,36,250,200,50,0.8,3,2,1,389.32930066740096,0.7259589947089947,0.22740045911501627,0.23933805622049986,133155.8249831794,3168.292844098402,136324.1178272778,2419,24,1101.4722222222222,33,3,18,31.927293596137087,0.658459595959596,41.97303921568626,1032.1078431372537,31.275995246583445,0
2456,4,0,0,36,0.0,0.0,1.0,36,850,600,250,0.7058823529411765,11,6,5,388.85329623400787,0.7260582010582011,0.22864820309924205,0.23965537825687716,133250.70473195385,3162.995152104934,136413.6998840588,2420,25,1102.4722222222222,33,3,19,31.84409000989119,0.6594065656565657,41.88112745098038,1032.4754901960769,31.287136066547784,0
2457,4,0,0,36,0.0,0.0,1.0,36,900,700,200,0.7777777777777778,11,7,4,386.34604999172336,0.7253968253968255,0.22164550955036177,0.23892229313134508,133377.26362757102,3105.955792243353,136483.21941981438,2421,26,1103.4722222222222,33,3,20,31.78152311464388,0.660669191919192,41.75857843137254,1032.965686274509,31.301990493166937,0
2458,4,1,0,37,0.02702702702702703,0.0,1.0,37,1050,600,450,0.5714285714285714,15,6,9,392.719163625442,0.7363613613613613,0.20393618770900712,0.2332657200811359,131862.52170138882,2957.0216383121824,134819.543339701,2422,0,1074.6216216216217,33,4,18,33.14528397565923,0.6455176767676768,43.229166666666664,1027.0833333333328,31.123737373737356,6
2459,4,0,0,37,0.0,0.0,1.0,37,1050,700,350,0.6666666666666666,14,7,7,391.83997253153836,0.7361736736736737,0.2049056355625698,0.23340033146443806,131969.53125,2942.1874999999995,134911.71875,2423,1,1075.6216216216217,34,3,18,33.059610705596114,0.6443014705882353,43.125,1027.5,30.220588235294116,0
2460,4,0,0,37,0.0,0.0,1.0,37,850,500,350,0.5882352941176471,12,5,7,392.2755845322562,0.7356106106106106,0.20530903675150092,0.23498450063728346,132183.68055555547,2970.4861111111068,135154.16666666657,2424,2,1076.6216216216217,34,3,19,32.83191518098325,0.6464460784313726,42.916666666666664,1028.3333333333328,30.24509803921567,0
2461,4,1,1,37,0.02631578947368421,0.02631578947368421,0.9736842105263158,38,1200,900,300,0.75,15,9,6,388.96929471904235,0.7465623518255097,0.201715657797916,0.23493745401030164,132495.48037190078,2707.855544077127,135203.3359159779,2425,0,1049.2631578947369,32,6,19,32.602097130242825,0.654296875,42.61363636363636,1029.5454545454543,32.173295454545446,0
2462,4,0,0,37,0.0,0.0,1.0,37,1000,500,500,0.5,15,5,10,404.24159575124065,0.7322322322322322,0.21782936198717695,0.24439927669730951,132532.04345703113,3314.992947048597,135847.03640407973,2426,4,1078.6216216216217,31,6,20,32.17206204687236,0.6572580645161291,42.57812499999999,1029.687499999999,33.21572580645158,0
2463,4,1,0,38,0.02631578947368421,0.0,1.0,38,950,700,250,0.7368421052631579,12,7,5,397.70536174229534,0.7417022285443338,0.22908397340069087,0.24314800858615773,132950.846852362,2975.052928272622,135925.89978063465,2427,0,1051.2105263157894,32,6,17,31.917748122755466,0.6588541666666667,42.17171717171717,1031.3131313131312,32.22853535353535,0
2464,4,0,0,38,0.0,0.0,1.0,38,750,400,350,0.5333333333333333,11,4,7,402.00712577743974,0.7413762446657184,0.23450375761213405,0.24629519539988992,133029.3712153979,3095.751033256437,136125.12224865434,2428,1,1052.2105263157894,33,5,17,31.72764710540903,0.6571969696969697,42.095588235294116,1031.6176470588234,31.261140819964346,0
2465,4,0,0,38,0.0,0.0,1.0,38,1150,800,350,0.6956521739130435,15,8,7,402.69344669040606,0.7416725936462779,0.23854191403467118,0.2475535918267588,133155.82498317937,3124.1956218761798,136280.02060505556,2429,2,1053.2105263157894,33,5,17,31.58246259795772,0.658459595959596,41.97303921568626,1032.1078431372534,31.275995246583438,0
2466,4,0,0,38,0.0,0.0,1.0,38,1400,1100,300,0.7857142857142857,17,11,6,401.30881107092347,0.7411984352773826,0.23684210526315774,0.24796412461185802,133345.6182718185,3102.554306036139,136448.17257785465,2430,3,1054.2105263157894,33,5,18,31.42698940041133,0.6603535353535354,41.78921568627451,1032.8431372549019,31.298276886512177,0
2467,4,0,0,38,0.0,0.0,1.0,38,800,400,400,0.5,12,4,8,401.29802073980693,0.7399241346609767,0.23811560094638184,0.24859247706519558,133440.56560277296,3109.8869725586273,136550.45257533158,2431,4,1055.2105263157894,33,5,19,31.331667852765584,0.661300505050505,41.697303921568626,1033.2107843137253,31.309417706476523,0
2468,4,0,0,38,0.0,0.0,1.0,38,1000,900,100,0.9,11,9,2,402.51416860614336,0.7396870554765291,0.24135073132566864,0.250012321627196,133539.5050048828,3150.316075754367,136689.8210806372,2432,5,1056.2105263157894,31,7,19,31.2006592760561,0.6673387096774194,41.6015625,1033.59375,33.341733870967744,0
2469,4,0,0,38,0.0,0.0,1.0,38,800,600,200,0.75,10,6,4,405.65957527806165,0.7403093883357041,0.24373591409253637,0.2524245319520227,133606.8047417535,3239.7759331597267,136846.58067491322,2433,6,1057.2105263157894,31,7,19,31.051637279596978,0.668010752688172,41.536458333333336,1033.8541666666667,33.35013440860215,0
2470,4,0,0,38,0.0,0.0,1.0,38,1050,700,350,0.6666666666666666,14,7,7,407.70253088508605,0.7393907064959696,0.2468368692793561,0.25392672923595827,133640.46096801758,3297.110833062065,136937.57180107964,2434,7,1058.2105263157894,31,7,19,30.96495508542165,0.6683467741935484,41.50390625,1033.984375,33.35433467741935,0
2471,4,0,0,38,0.0,0.0,1.0,38,1100,900,200,0.8181818181818182,13,9,4,405.10886038332706,0.7400130393551446,0.2008359910173425,0.2378628656019157,131422.35145436856,3152.9929343300314,134575.34438869858,2435,8,1059.2105263157894,33,5,19,33.27345026094578,0.6410984848484848,43.65808823529412,1025.367647058824,31.071746880570426,7
2472,4,0,0,38,0.0,0.0,1.0,38,1200,1000,200,0.8333333333333334,14,10,4,404.3537213651222,0.7393610715979138,0.20459388987609972,0.23854378675195007,131602.82206632663,3042.818168934248,134645.6402352609,2436,9,1060.2105263157894,34,4,15,33.10974784391073,0.640625,43.48214285714286,1026.0714285714294,30.178571428571452,0
2473,4,0,0,38,0.0,0.0,1.0,38,1100,1000,100,0.9090909090909091,12,10,2,380.59680240034135,0.7397166903745851,0.1789420166618103,0.22206079749804994,131179.87403817283,2385.3281196416137,133565.20215781443,2437,10,1061.2105263157894,35,3,19,34.147389183896365,0.6342261904761906,43.89467592592592,1024.421296296295,29.269179894179857,4
2474,4,0,0,38,0.0,0.0,1.0,38,700,500,200,0.7142857142857143,9,5,4,380.768686963057,0.7380867709815079,0.18539940318381198,0.22267674731644024,131268.81456832984,2396.610832475986,133665.42540080583,2438,11,1062.2105263157894,35,3,20,34.052876289436036,0.6351190476190476,43.80787037037037,1024.768518518518,29.279100529100514,0
2475,4,0,0,38,0.0,0.0,1.0,38,700,600,100,0.8571428571428571,8,6,2,386.07487720622544,0.7376422475106685,0.18645367919857692,0.22630978676806043,131358.63272392293,2542.86699569231,133901.49971961524,2439,12,1063.2105263157894,34,4,20,33.82592033445592,0.6381740196078431,43.720238095238095,1025.1190476190477,30.150560224089638,0
2476,4,0,0,38,0.0,0.0,1.0,38,700,400,300,0.5714285714285714,10,4,6,386.82868755293373,0.7378793266951161,0.1907245473488668,0.22711353005408422,131419.65880102027,2567.3788265305957,133987.03762755086,2440,13,1064.2105263157894,34,4,20,33.74477533960292,0.6387867647058825,43.66071428571428,1025.3571428571418,30.157563025210052,0
2477,4,0,0,38,0.0,0.0,1.0,38,1100,1000,100,0.9090909090909091,12,10,2,385.56230629336676,0.7384127548601233,0.19520725784280768,0.2267316906974302,131480.69905045338,2538.800311791366,134019.49936224474,2441,14,1065.2105263157894,34,4,20,33.715418843103116,0.6393995098039216,43.60119047619047,1025.595238095237,30.1645658263305,0
2478,4,0,0,38,0.0,0.0,1.0,38,900,500,400,0.5555555555555556,13,5,8,382.60251888772626,0.7378496917970602,0.19188113007047636,0.22553136168087726,131572.2859977324,2467.9776077097454,134040.26360544213,2442,15,1066.2105263157894,34,4,17,33.69860563162372,0.6403186274509804,43.51190476190476,1025.9523809523807,30.1750700280112,0
2479,4,0,0,38,0.0,0.0,1.0,38,1050,800,250,0.7619047619047619,13,8,5,387.36968138833623,0.7370495495495496,0.19367725239109634,0.22925797958899238,131725.00177154175,2605.2543934240134,134330.25616496577,2443,16,1067.2105263157894,34,4,17,33.421759635084456,0.6418504901960785,43.36309523809523,1026.5476190476174,30.192577030812277,0
2480,4,0,0,38,0.0,0.0,1.0,38,650,500,150,0.7692307692307693,8,5,3,383.32678867458094,0.7355085348506402,0.18906619817973302,0.22777848021241615,131877.80612244888,2510.4591836734576,134388.26530612234,2444,17,1068.2105263157894,34,4,19,33.37100139082058,0.6433823529411765,43.21428571428571,1027.1428571428564,30.210084033613423,0
2481,4,0,1,37,0.0,0.02631578947368421,0.9736842105263158,38,950,700,250,0.7368421052631579,12,7,5,383.8722510091076,0.7363679468942627,0.1898097602332407,0.22828626147192166,131908.37762188184,2527.1931689342127,134435.57079081604,2445,18,1069.2105263157894,34,4,19,33.32609031560242,0.6436887254901962,43.184523809523796,1027.2619047619028,30.21358543417361,0
2482,4,0,0,37,0.0,0.0,1.0,37,750,500,250,0.6666666666666666,10,5,5,390.23470149787,0.7384259259259259,0.1859583276906116,0.23198207574149937,131893.99059256035,2893.9224096501134,134787.91300221047,2446,19,1085.918918918919,33,4,19,33.177244889843315,0.6458333333333335,43.198529411764696,1027.2058823529396,31.12745098039211,0
2483,4,0,0,37,0.0,0.0,1.0,37,750,500,250,0.6666666666666666,10,5,5,387.541837232679,0.738551051051051,0.1793893129770996,0.23076354853400421,131956.93963860045,2827.7669646289805,134784.70660322942,2447,20,1086.918918918919,33,4,19,33.182748886768444,0.6464646464646465,43.13725490196078,1027.4509803921562,31.134878193701702,0
2484,4,1,1,37,0.02631578947368421,0.02631578947368421,0.9736842105263158,38,850,700,150,0.8235294117647058,10,7,3,381.8880294504042,0.7477181128496918,0.17228785008011416,0.2289473064831395,132214.28748582758,2498.2107426303796,134712.49822845796,2448,0,1059.2894736842106,34,4,19,33.06806343326775,0.6467524509803921,42.88690476190476,1028.4523809523803,30.24859943977589,0
2485,4,0,0,37,0.0,0.0,1.0,37,900,700,200,0.7777777777777778,11,7,4,389.6810644742918,0.7383633633633634,0.1802875709181584,0.2330031682020553,132114.3779585978,2896.4942870530717,135010.87224565085,2449,22,1088.918918918919,33,4,19,32.968644455040334,0.6480429292929293,42.98406862745099,1028.0637254901972,31.15344622697567,0
2486,4,0,0,37,0.0,0.0,1.0,37,850,600,250,0.7058823529411765,11,6,5,388.82381897249564,0.7394894894894894,0.17547758698992166,0.2328779917914499,132177.37956855548,2878.74270112458,135056.12226968005,2450,23,1089.918918918919,33,4,19,32.92702002145155,0.6486742424242424,42.922794117647065,1028.3088235294126,31.16087344028523,0
2487,4,0,0,37,0.0,0.0,1.0,37,650,400,250,0.6153846153846154,9,4,5,391.5665506222635,0.7388638638638638,0.1772437197740988,0.23510798468692976,132271.9101427335,2958.6511197616246,135230.56126249515,2451,24,1090.918918918919,33,4,19,32.760999920578186,0.6496212121212122,42.830882352941174,1028.676470588235,31.172014260249544,0
2488,4,0,0,37,0.0,0.0,1.0,37,600,100,500,0.16666666666666666,11,1,10,389.6260861532329,0.7391766766766766,0.1700294863706011,0.23433385525376388,132334.94929834688,2912.229671280285,135247.17896962716,2452,25,1091.918918918919,33,4,19,32.74724074956329,0.6502525252525253,42.76960784313726,1028.9215686274515,31.179441473559137,0
2489,4,2,2,37,0.05128205128205128,0.05128205128205128,0.9487179487179487,39,1000,900,100,0.9,11,9,2,376.4420638987514,0.7576473234367972,0.15815815815815837,0.22920080093075873,132796.49234693873,2198.052149781477,134994.5444967202,2453,0,1036.871794871795,34,5,16,32.62132324632325,0.6525735294117647,42.32142857142857,1030.7142857142853,30.315126050420158,0
2490,4,0,0,37,0.0,0.0,1.0,37,1200,800,400,0.6666666666666666,16,8,8,391.857142857143,0.7411786786786787,0.17355212355212357,0.2364655172413793,132461.07266435988,2981.163494809692,135442.23615916958,2454,27,1093.918918918919,33,4,19,32.5625,0.6515151515151515,42.64705882352941,1029.4117647058824,31.194295900178254,0
2491,4,0,0,37,0.0,0.0,1.0,37,800,600,200,0.75,10,6,4,392.42025382356155,0.7409284284284284,0.17290606483655724,0.23720251601622777,132524.15687475982,3001.032655709359,135525.1895304692,2455,28,1094.918918918919,33,4,19,32.484329127985404,0.6521464646464645,42.5857843137255,1029.656862745099,31.201723113487848,0
2492,4,1,0,38,0.02631578947368421,0.0,1.0,38,1000,700,300,0.7,13,7,6,383.72004516588754,0.7546823138928402,0.18032919444394557,0.2132667955011166,129289.65627411264,2322.2065489969154,131611.86282310955,2456,0,1067.078947368421,35,3,19,35.9903123933083,0.6151785714285715,45.74652777777778,1017.0138888888888,29.05753968253968,7
2493,4,0,1,37,0.0,0.02631578947368421,0.9736842105263158,38,900,500,400,0.5555555555555556,13,5,8,383.47755401438536,0.7532894736842105,0.17896592807237033,0.21376989076350414,129407.39300679436,2324.9661083247483,131732.3591151191,2457,1,1068.078947368421,35,3,19,35.87629867667689,0.6163690476190476,45.63078703703703,1017.4768518518514,29.070767195767182,0
2494,4,1,0,38,0.02631578947368421,0.0,1.0,38,1000,800,200,0.8,12,8,4,382.49253826947023,0.7564900426742532,0.19770795067696523,0.21418121318628452,129584.09857521002,2312.9901566786657,131897.08873188868,2458,0,1068.1315789473683,35,3,18,35.72110283808874,0.6181547619047618,45.457175925925924,1018.1712962962961,29.090608465608458,0
2495,4,0,0,38,0.0,0.0,1.0,38,800,600,200,0.75,10,6,4,381.37230552135605,0.7569938359412044,0.19649277959435385,0.2142791227171545,129717.10519641264,2294.1022948624327,132011.20749127507,2459,1,1069.1315789473683,36,2,19,35.614037511975845,0.6174768518518519,45.32657657657658,1018.6936936936937,28.297047047047048,0
2496,4,0,0,38,0.0,0.0,1.0,38,550,300,250,0.5454545454545454,8,3,5,379.41196734066574,0.7563122332859175,0.1938851494825269,0.21333375192858953,129745.78622118752,2245.4208008684473,131991.20702205595,2460,2,1070.1315789473683,36,2,19,35.63474079805461,0.6177662037037037,45.29842342342343,1018.8063063063072,28.300175175175198,0
2497,4,1,1,38,0.02564102564102564,0.02564102564102564,0.9743589743589743,39,650,500,150,0.7692307692307693,8,5,3,374.8567464446756,0.7686684660368871,0.18738351254480312,0.2120539989011852,129982.90339335184,1944.9936518928944,131927.89704524472,2461,0,1043.6666666666667,37,2,19,35.50940860215054,0.6182432432432432,45.06578947368421,1019.7368421052635,27.560455192034148,0
2498,4,0,0,38,0.0,0.0,1.0,38,700,500,200,0.7142857142857143,9,5,4,385.8495161930342,0.7569345661450925,0.19574876417563214,0.21743076721961158,129831.8483179126,2419.111171982806,132250.9594898954,2462,4,1072.1315789473683,36,2,19,35.38305709023941,0.6186342592592593,45.21396396396397,1019.144144144145,28.309559559559585,0
2499,4,0,0,38,0.0,0.0,1.0,38,1000,800,200,0.8,12,8,4,390.5245993655018,0.7551861071597914,0.20363415442394728,0.22055016831290666,129917.93894823904,2547.2302116305755,132465.1691598696,2463,5,1073.1315789473683,36,2,19,35.17618469015795,0.6195023148148147,45.12950450450452,1019.4819819819841,28.318943943944003,0
2500,4,0,0,38,0.0,0.0,1.0,38,750,500,250,0.6666666666666666,10,5,5,391.47659206377585,0.75483048838312,0.20444360487081803,0.22141290075811954,129975.34855379042,2576.461300827871,132551.8098546183,2464,6,1074.1315789473683,36,2,19,35.0934106386895,0.6200810185185185,45.073198198198206,1019.7072072072084,28.325200200200232,0
2501,4,2,1,39,0.05,0.025,0.975,40,1250,1000,250,0.8,15,10,5,376.391187542357,0.7753472222222222,0.20128127410999674,0.21572945322626705,130492.60567577723,1823.8874431864438,132316.49311896367,2465,0,1021.375,36,4,16,34.95214739703885,0.6252893518518519,44.56644144144145,1021.734234234235,28.38150650650653,0
2502,4,1,1,39,0.025,0.025,0.975,40,750,500,250,0.6666666666666666,10,5,5,375.8567969705553,0.7751068376068376,0.19668834031298155,0.2155830958097864,130521.37230135553,1811.4689858777786,132332.8412872333,2466,0,1022.35,36,4,16,34.93658621703034,0.6255787037037037,44.53828828828829,1021.8468468468478,28.38463463463466,0
2503,4,1,1,39,0.025,0.025,0.975,40,750,500,250,0.6666666666666666,10,5,5,374.76101617582754,0.7751602564102564,0.19667805200528865,0.21527411283619055,130578.91506371235,1787.1773800827848,132366.09244379515,2467,0,1023.325,36,4,16,34.906162773615385,0.6261574074074074,44.48198198198198,1022.072072072072,28.39089089089089,0
2504,4,0,0,39,0.0,0.0,1.0,39,850,700,150,0.8235294117647058,10,7,3,382.4536315289264,0.7658007197480882,0.1984354529953256,0.21907321255715978,130469.43486636228,2179.701833633395,132649.13669999567,2468,3,1050.5641025641025,35,4,20,34.82083852573542,0.6270833333333334,44.58912037037037,1021.6435185185184,29.18981481481481,0
2505,4,1,1,39,0.025,0.025,0.975,40,1000,700,300,0.7,13,7,6,374.0004005862596,0.7759615384615385,0.18889806252752095,0.21612084217083855,130809.2129291454,1784.5396071747446,132593.75253632016,2469,0,1025.275,36,4,19,34.691949214736525,0.6284722222222222,44.25675675675676,1022.9729729729734,28.415915915915928,0
2506,4,0,1,38,0.0,0.02564102564102564,0.9743589743589743,39,1000,600,400,0.6,14,6,8,387.41671842893015,0.7658569500674764,0.19760652807280255,0.2234473971304195,130735.62349965703,2329.8332475994475,133065.45674725648,2470,5,1052.5641025641025,35,4,19,34.42357024294553,0.6297619047619047,44.3287037037037,1022.6851851851849,29.21957671957671,0
2507,4,0,0,38,0.0,0.0,1.0,38,950,700,250,0.7368421052631579,12,7,5,393.0965327313515,0.7657954006638217,0.20174009444651997,0.22716062580770033,130810.03578514747,2684.194302721099,133494.23008786858,2471,6,1068.657894736842,34,4,19,34.20274254237946,0.6326593137254901,44.25595238095239,1022.976190476191,30.08753501400562,0
2508,4,0,0,38,0.0,0.0,1.0,38,1400,1100,300,0.7857142857142857,17,11,6,389.6945517877493,0.7651434329065908,0.19685067485538799,0.22614557847840253,130972.46334876542,2607.8510802469114,133580.31442901233,2472,7,1069.657894736842,35,3,19,34.124830393487095,0.6321428571428571,44.09722222222222,1023.6111111111111,29.246031746031747,0
2509,4,1,1,38,0.02564102564102564,0.02564102564102564,0.9743589743589743,39,600,300,300,0.5,9,3,6,381.3037072817292,0.7732793522267207,0.18964215271907592,0.22299895477273368,131270.41737683638,2210.779360441532,133481.1967372779,2473,0,1043.2051282051282,36,3,20,34.03754578754579,0.6331018518518519,43.80630630630631,1024.7747747747753,28.46596596596598,0
2510,4,1,0,39,0.02564102564102564,0.0,1.0,39,1200,1000,200,0.8333333333333334,14,10,4,382.92144550748804,0.7750787224471435,0.2017947229787045,0.22517872034450587,131480.6990504536,2269.381230547988,133750.0802810016,2474,0,1044.179487179487,34,5,22,33.78313019926484,0.6393995098039215,43.60119047619048,1025.5952380952388,30.164565826330552,0
2511,4,0,0,39,0.0,0.0,1.0,39,1000,500,500,0.5,15,5,10,383.59486873765536,0.7757534862798021,0.20196176463585935,0.22575501291281708,131511.22448979612,2289.406179138346,133800.63066893446,2475,1,1045.179487179487,34,5,22,33.73496015165584,0.639705882352941,43.571428571428584,1025.7142857142871,30.1680672268908,0
2512,4,1,1,39,0.025,0.025,0.975,40,550,300,250,0.5454545454545454,8,3,5,375.7464247152482,0.7834401709401709,0.19938282042610744,0.22266175909478764,131773.3802324462,1902.6752989969395,133676.05553144313,2476,0,1020.025,35,5,15,33.67116165032128,0.6401785714285713,43.315972222222236,1026.7361111111127,29.335317460317505,0
2513,4,1,0,40,0.025,0.0,1.0,40,1000,800,200,0.8,12,8,4,368.6134615745515,0.7856036324786325,0.20024752475247531,0.2048707455316622,129289.65627411245,1533.0584490740475,130822.7147231865,2477,0,1021.0,35,5,22,36.374402526459534,0.6151785714285716,45.746527777777764,1017.0138888888872,29.057539682539634,6
2514,4,2,2,40,0.047619047619047616,0.047619047619047616,0.9523809523809523,42,1300,1200,100,0.9230769230769231,14,12,2,353.9278623582747,0.8009581881533101,0.18494225120342067,0.19864869567649587,129675.59880203496,779.1614968066757,130454.76029884163,2478,0,973.3333333333334,37,5,16,36.35516471094842,0.6151463963963966,45.36732456140349,1018.5307017543837,27.527856804172533,0
2515,4,2,1,41,0.047619047619047616,0.023809523809523808,0.9761904761904762,42,1150,900,250,0.782608695652174,14,9,5,356.38656570601535,0.7986837011227255,0.18948466075335846,0.20059965809242833,129787.30384589448,850.8902979762603,130638.19414387074,2479,0,974.2857142857143,37,5,17,36.17900121955594,0.6162725225225227,45.25767543859647,1018.9692982456107,27.539710763394886,0
2516,4,1,0,42,0.023809523809523808,0.0,1.0,42,750,600,150,0.8,9,6,3,357.7475636302092,0.8006436314363143,0.1913621977076485,0.2020860781672954,129927.00277970132,896.2137388427064,130823.21651854402,2480,0,975.2619047619048,37,5,19,36.00236610023662,0.6176801801801801,45.12061403508771,1019.5175438596482,27.554528212422923,0
2517,4,0,1,41,0.0,0.023809523809523808,0.9761904761904762,42,1100,1000,100,0.9090909090909091,12,10,2,354.8668924977629,0.800401664730933,0.1885052881612761,0.20103360743082763,130038.81602993225,829.2941097260632,130868.11013965831,2481,1,976.2619047619048,37,5,19,35.9622482620225,0.6188063063063063,45.0109649122807,1019.9561403508769,27.566382171645323,0
2518,4,3,2,42,0.06818181818181818,0.045454545454545456,0.9545454545454546,44,700,300,400,0.42857142857142855,11,3,8,341.93834166109224,0.8145260747004933,0.18807982848097482,0.19612822454062925,130521.37230135562,126.62941985747989,130648.00172121309,2482,0,932.4545454545455,36,8,14,35.803072882227596,0.6255787037037036,44.5382882882883,1021.8468468468485,28.38463463463468,0
2519,4,2,1,43,0.045454545454545456,0.022727272727272728,0.9772727272727273,44,600,300,300,0.5,9,3,6,340.8420099332273,0.8187984496124031,0.19448939800146192,0.19631573456623513,130682.67549871124,108.42915608649972,130791.10465479773,2483,0,933.4090909090909,37,7,15,35.667895442359246,0.6252815315315314,44.380482456140356,1022.4780701754394,27.634542437174037,0
2520,4,0,0,43,0.0,0.0,1.0,43,1350,1200,150,0.8888888888888888,15,12,3,346.61756735905476,0.8114617940199336,0.19780124054920223,0.19925570987448676,130607.69120049127,454.1840404594011,131061.87524095067,2484,1,956.1162790697674,36,7,15,35.596149608901605,0.6264467592592592,44.45382882882884,1022.1846846846867,28.394019019019073,0
2521,4,0,0,43,0.0,0.0,1.0,43,1050,600,450,0.5714285714285714,15,6,9,348.3536746434318,0.8127076411960132,0.19533142479630028,0.20100051290417098,130751.61944038644,509.56141952764625,131261.18085991408,2485,2,957.1162790697674,36,7,17,35.406114659032525,0.6278935185185185,44.31306306306307,1022.7477477477486,28.40965965965968,0
2522,4,1,1,43,0.022727272727272728,0.022727272727272728,0.9772727272727273,44,1000,700,300,0.7,13,7,6,340.63341113031817,0.8159795630725863,0.18871909674907505,0.1983488815434647,131103.4404816868,131.64242843953156,131235.0829101263,2486,0,936.3409090909091,37,7,19,35.24803711634546,0.6295045045045045,43.96929824561404,1024.1228070175448,27.678994784257966,0
2523,4,0,0,43,0.0,0.0,1.0,43,750,600,150,0.8,9,6,3,346.53586370738304,0.8101698043558508,0.19456596822472938,0.20115012778417055,130982.06948502555,477.99691583475413,131460.06640086032,2487,1,958.9767441860465,36,7,19,35.21956362302897,0.6302083333333334,44.08783783783784,1023.6486486486485,28.434684684684683,0
2524,4,2,1,44,0.044444444444444446,0.022222222222222223,0.9777777777777777,45,700,500,200,0.7142857142857143,9,5,4,331.5821674960921,0.8218434343434344,0.19655416453132224,0.19479917530447835,131443.57829112906,-282.21760611962566,131161.36068500942,2488,0,917.3111111111111,36,9,21,35.13686031188226,0.6348379629629629,43.63738738738739,1025.4504504504512,28.484734734734754,0
2525,4,1,1,44,0.022222222222222223,0.022222222222222223,0.9777777777777777,45,950,500,450,0.5263157894736842,14,5,9,334.1742165820599,0.8220959595959596,0.2001512379558481,0.19691637212565122,131559.0823086601,-207.2693470497487,131351.81296161033,2489,0,918.0888888888888,36,9,12,34.95403402854006,0.6359953703703705,43.52477477477478,1025.9009009009014,28.497247247247262,0
2526,4,0,0,44,0.0,0.0,1.0,44,850,500,350,0.5882352941176471,12,5,7,341.66461181221433,0.8160896758280479,0.20674097936822244,0.2008951642513622,131476.45968632103,184.17071223421323,131660.63039855525,2490,2,939.9545454545455,35,9,24,34.84522533197909,0.637202380952381,43.60532407407407,1025.5787037037028,29.302248677248652,0
2527,4,1,2,43,0.022222222222222223,0.044444444444444446,0.9555555555555556,45,1050,900,150,0.8571428571428571,12,9,3,336.7870159977282,0.8212962962962963,0.21150450022531508,0.20042452361038993,131934.82069485038,-113.21308639719604,131821.6076084532,2491,0,920.0444444444445,36,9,15,34.50870510431509,0.6397569444444444,43.15878378378379,1027.364864864866,28.537912912912944,0
2528,4,0,0,43,0.0,0.0,1.0,43,750,300,450,0.4,12,3,9,354.22392841207113,0.8085548172757475,0.221382181605269,0.20897029698724431,131602.8220663265,723.3737244897899,132326.1957908163,2492,1,963.6976744186046,34,9,15,34.395666550643924,0.640625,43.482142857142854,1026.0714285714282,30.178571428571416,0
2529,4,0,0,43,0.0,0.0,1.0,43,1050,800,250,0.7619047619047619,13,8,5,357.4800469343852,0.8085548172757475,0.269282011370682,0.20290963385232438,130114.93866008628,705.0940005309883,130820.03266061726,2493,2,964.6976744186046,35,8,17,35.81832577046699,0.6235119047619049,44.936342592592574,1020.2546296296272,29.150132275132204,3
2530,4,0,1,42,0.0,0.023255813953488372,0.9767441860465116,43,1000,600,400,0.6,14,6,8,360.52449482913426,0.8082318198597268,0.27300853794598745,0.20494806388836034,130173.9878713345,786.1822434413134,130960.17011477581,2494,3,965.6976744186046,35,8,17,35.680716230010205,0.6241071428571431,44.8784722222222,1020.486111111108,29.156746031745943,0
2531,4,0,0,42,0.0,0.0,1.0,42,900,600,300,0.6666666666666666,12,6,6,368.5414797727372,0.8009581881533101,0.27396514161220087,0.2088401718712174,130049.99999999977,1185.7638888888605,131235.7638888886,2495,4,989.4285714285714,34,8,17,35.602192265795196,0.6250000000000002,44.999999999999986,1019.9999999999982,29.999999999999947,0
2532,4,1,0,43,0.023255813953488372,0.0,1.0,43,950,700,250,0.7368421052631579,12,7,5,345.17130250703224,0.8078165374677002,0.23883541579482204,0.20040542787348625,130991.17036011111,464.0591335795957,131455.2294936907,2496,0,967.3953488372093,37,6,19,35.245287060839765,0.6283783783783782,44.07894736842107,1023.6842105263182,27.667140825035627,2
2533,4,3,2,44,0.06521739130434782,0.043478260869565216,0.9565217391304348,46,1150,800,350,0.6956521739130435,15,8,7,324.82193732193696,0.8226650563607085,0.22984949832775858,0.1919402356902358,131665.51246537422,-645.1321560479882,131020.38030932624,2497,0,905.2391304347826,37,9,14,35.08680555555557,0.6351351351351351,43.42105263157896,1026.3157894736862,27.738264580369897,0
2534,4,1,1,44,0.022222222222222223,0.022222222222222223,0.9777777777777777,45,650,300,350,0.46153846153846156,10,3,7,308.1068610111704,0.8198232323232324,0.1605364763259507,0.18071440560619417,131381.5158420138,-904.0907118055595,130477.42513020823,2498,0,926.3333333333334,39,6,16,35.801073630021,0.6287393162393162,43.697916666666664,1025.2083333333326,26.287393162393144,3
2535,4,0,0,44,0.0,0.0,1.0,44,1450,1100,350,0.7586206896551724,18,11,7,310.70992504012656,0.8148564129668782,0.1705919575800683,0.18211413772006474,131354.8190646702,-637.350802951383,130717.46826171884,2499,2,948.3863636363636,39,5,17,35.7612073637503,0.6284722222222222,43.723958333333336,1025.1041666666672,26.284722222222236,0
2536,4,0,0,44,0.0,0.0,1.0,44,1300,1000,300,0.7692307692307693,16,10,6,310.8038426680927,0.8147683227625089,0.17608326253186002,0.18255089661245258,131434.91753472234,-629.9045138888837,130805.01302083344,2500,3,949.3863636363636,39,5,17,35.67824732493564,0.6292735042735043,43.645833333333336,1025.4166666666674,26.292735042735064,0
2537,4,0,0,44,0.0,0.0,1.0,44,1150,700,450,0.6086956521739131,16,7,9,311.15149839667845,0.8149665257223397,0.17880157316026057,0.1831386015966584,131515.0404188369,-615.7796223958287,130899.26079644107,2501,4,950.3863636363636,39,5,17,35.58877915439557,0.6300747863247864,43.567708333333336,1025.7291666666674,26.30074786324788,0
2538,4,0,0,44,0.0,0.0,1.0,44,1100,500,600,0.45454545454545453,17,5,12,309.2683609584364,0.8139314658210007,0.18463931659987431,0.18259542955217234,131633.36167800424,-657.9931972789332,130975.3684807253,2502,5,951.3863636363636,41,3,15,35.518174787316326,0.628048780487805,43.45238095238094,1026.1904761904739,25.029036004645704,0
2539,4,0,0,44,0.0,0.0,1.0,44,1150,800,350,0.6956521739130435,15,8,7,310.11636210880096,0.812984496124031,0.18014492753623235,0.18383186413666025,131786.1128826529,-626.1940192743873,131159.91886337852,2503,6,952.3863636363636,41,3,15,35.34299516908213,0.6295731707317074,43.30357142857142,1026.785714285713,25.043554006968613,0
2540,4,0,0,44,0.0,0.0,1.0,44,800,500,300,0.625,11,5,6,309.1914812335918,0.8122577519379846,0.17739535721329935,0.18383280384505363,131899.84568422867,-643.5382676822335,131256.30741654645,2504,7,953.3863636363636,42,2,15,35.25257051221584,0.6292162698412699,43.19282945736434,1027.2286821705422,24.457825765965293,0
2541,4,0,0,44,0.0,0.0,1.0,44,1300,800,500,0.6153846153846154,18,8,10,308.88111373671506,0.8130725863284003,0.1776773773190219,0.18400985000360248,131974.50949462163,-647.1133044889268,131327.3961901327,2505,8,954.3863636363636,42,2,15,35.18562177794543,0.6299603174603174,43.120155038759684,1027.5193798449604,24.464747139165723,0
2542,4,0,0,44,0.0,0.0,1.0,44,1000,700,300,0.7,13,7,6,311.0067236908611,0.8119274136715997,0.18229371947562334,0.18600796721307994,132123.90049426127,-581.7157172044833,131542.18477705677,2506,9,955.3863636363636,42,2,15,34.98114985862394,0.6314484126984127,42.97480620155039,1028.1007751937993,24.478589885566652,0
2543,4,0,0,44,0.0,0.0,1.0,44,1650,1200,450,0.7272727272727273,21,12,9,317.3352675301691,0.810077519379845,0.19135477407588164,0.19067054529529193,132298.29679894552,-403.4169183041693,131894.87988064135,2507,10,956.3863636363636,42,2,16,34.64353552478731,0.6331845238095237,42.805232558139544,1028.7790697674432,24.494739756367693,0
2544,4,0,1,43,0.0,0.022727272727272728,0.9772727272727273,44,1200,900,300,0.75,15,9,6,316.27221330009047,0.8093507751937985,0.18929071520896157,0.19066696287519747,132424.15229030346,-423.50893647334425,132000.64335383012,2508,11,957.3863636363636,40,4,16,34.54470280410743,0.6375,42.6829268292683,1029.2682926829275,25.731707317073187,0
2545,4,0,0,43,0.0,0.0,1.0,43,1350,900,450,0.6666666666666666,18,9,9,321.9240871638282,0.8036637135474345,0.18869605346839724,0.1942089981466597,132450.30369034637,-72.21137798268506,132378.09231236367,2509,12,980.1395348837209,40,3,17,34.37304603942475,0.6377604166666667,42.65752032520325,1029.3699186991869,25.73424796747967,0
2546,4,0,0,43,0.0,0.0,1.0,43,800,500,300,0.625,11,5,6,320.5808786385056,0.8037559985234404,0.1922250623343631,0.19404956857996064,132576.73852237652,-99.68653549382805,132477.0519868827,2510,13,981.1395348837209,41,2,17,34.28087772533154,0.6374491869918699,42.53472222222222,1029.8611111111109,25.11856368563685,0
2547,4,0,0,43,0.0,0.0,1.0,43,1200,900,300,0.75,15,9,6,323.2359316665143,0.802048726467331,0.19262450155717925,0.19645708731539396,132730.0359524596,-19.376633755359762,132710.65931870425,2511,14,982.1395348837209,41,2,14,34.05889974647796,0.6389735772357723,42.385912698412696,1030.4563492063487,25.133081687959724,0
2548,4,0,0,43,0.0,0.0,1.0,43,800,500,300,0.625,11,5,6,322.312463867648,0.8008490217792543,0.18874614697566994,0.19616310410784954,132781.15477962006,-40.59576955783473,132740.55901006222,2512,15,983.1395348837209,41,2,14,34.03148763114833,0.6394817073170732,42.33630952380952,1030.654761904761,25.137921022067342,0
2549,4,0,0,43,0.0,0.0,1.0,43,1450,1000,450,0.6896551724137931,19,10,9,322.9922822138901,0.7994186046511628,0.19439819539180436,0.19697980027973838,132857.8514739227,-17.587868480744874,132840.26360544196,2513,16,984.1395348837209,41,2,14,33.93716320246343,0.6402439024390245,42.26190476190475,1030.9523809523794,25.145180023228765,0
2550,4,0,0,43,0.0,0.0,1.0,43,1050,700,350,0.6666666666666666,14,7,7,319.28634055171375,0.7993263196751569,0.19090927391846058,0.19538670292620178,132985.72850725934,-107.89467986269017,132877.83382739665,2514,17,985.1395348837209,41,2,14,33.904712096438075,0.6415142276422765,42.13789682539682,1031.4484126984123,25.157278358497862,0
2551,4,0,0,43,0.0,0.0,1.0,43,1200,900,300,0.75,15,9,6,320.42506941035447,0.7978497600590624,0.1927523403342184,0.19702732991402652,133164.85969387757,-66.12811791382973,133098.73157596376,2515,18,986.1395348837209,41,2,14,33.69617454825068,0.6432926829268293,41.964285714285715,1032.1428571428573,25.174216027874568,0
2552,4,0,0,43,0.0,0.0,1.0,43,750,300,450,0.4,12,3,9,323.90606061504485,0.7978497600590624,0.21322350736146434,0.1950015999280242,132372.47973552832,-24.750311004038565,132347.7294245243,2516,19,987.1395348837209,41,2,16,34.400105241171,0.6354166666666667,42.73313492063492,1029.0674603174593,25.099206349206327,1
2553,4,0,0,43,0.0,0.0,1.0,43,900,500,400,0.5555555555555556,13,5,8,324.4589049571939,0.7973883351790328,0.2111773549948357,0.1959064089159545,132482.65241468523,-2.954892441617858,132479.6975222436,2517,20,988.1395348837209,37,6,16,34.275371001526594,0.6432995495495495,42.62609649122807,1029.4956140350873,27.82420578473209,0
2554,4,0,0,43,0.0,0.0,1.0,43,1250,900,350,0.72,16,9,7,324.2071431558032,0.7976651901070505,0.21140640005404943,0.19602938806371575,132535.48127145882,-6.210050040181272,132529.27122141863,2518,21,989.1395348837209,38,5,16,34.228877014595014,0.6419956140350876,42.574786324786324,1029.7008547008545,27.09739091318038,0
2555,4,0,0,43,0.0,0.0,1.0,43,1300,700,600,0.5384615384615384,19,7,12,323.1490046077368,0.7966500553709855,0.20785104236006435,0.19565059452276123,132585.67843967004,-31.013997395838544,132554.6644422742,2519,22,990.1395348837209,39,4,16,34.205796331883626,0.6407585470085471,42.526041666666664,1029.8958333333326,26.40758547008545,0
2556,4,0,0,43,0.0,0.0,1.0,43,1200,1000,200,0.8333333333333334,14,10,4,324.4543771007244,0.7937430786267995,0.20254699818071575,0.19742629809560674,132773.48632812497,15.787760416665378,132789.27408854163,2520,23,991.1395348837209,39,4,15,33.98398019001416,0.6426282051282052,42.34375,1030.6249999999998,26.426282051282044,0
2557,4,0,0,43,0.0,0.0,1.0,43,800,600,200,0.75,10,6,4,325.9182482457817,0.7929586563307494,0.20183865691564296,0.1986014153103607,132827.17013888902,58.15972222223212,132885.32986111124,2521,24,992.1395348837209,39,4,15,33.89248181083265,0.6431623931623931,42.29166666666667,1030.8333333333344,26.43162393162396,0
2558,4,0,1,42,0.0,0.023255813953488372,0.9767441860465116,43,650,300,350,0.46153846153846156,10,3,7,324.75413975659023,0.7935123661867848,0.20130126182965302,0.19797511981315208,132842.8845264062,28.25533743141648,132871.13986383763,2522,25,993.1395348837209,40,3,15,33.90674290220821,0.6416666666666667,42.27642276422764,1030.894308943089,25.772357723577226,0
2559,4,0,0,42,0.0,0.0,1.0,42,1500,1200,300,0.8,18,12,6,325.47873653608093,0.787746806039489,0.21004842615012076,0.19897338664868375,132947.67086390374,254.3279876396266,133201.99885154338,2523,26,1015.5238095238095,40,2,16,33.78313460780449,0.6427083333333334,42.17479674796748,1031.30081300813,25.78252032520325,0
2560,4,0,0,42,0.0,0.0,1.0,42,950,600,350,0.631578947368421,13,6,7,321.5047743953063,0.7880855594270229,0.2078971068332769,0.1970964051727747,133052.49851278999,155.40270341727137,133207.90121620725,2524,27,1016.5238095238095,40,2,16,33.78070002626739,0.64375,42.073170731707314,1031.7073170731705,25.792682926829265,0
2561,4,0,0,42,0.0,0.0,1.0,42,1200,900,300,0.75,15,9,6,317.2650632093136,0.7868999225706543,0.19342220597265358,0.19545759715848507,133236.04630387016,54.228530471286945,133290.27483434146,2525,28,1017.5238095238095,40,2,17,33.706565606851065,0.6455729166666666,41.895325203252035,1032.4186991869926,25.810467479674816,0
2562,4,0,0,42,0.0,0.0,1.0,42,1400,1100,300,0.7857142857142857,17,11,6,324.51829457167764,0.7862708091366628,0.20236492982118826,0.19927032468326966,133113.66705246907,239.56404320987022,133353.23109567893,2526,29,1018.5238095238095,41,1,16,33.64176760879317,0.6427845528455285,42.013888888888886,1031.9444444444441,25.169376693766928,1
2563,4,0,0,42,0.0,0.0,1.0,42,900,400,500,0.4444444444444444,14,4,10,326.06121344055475,0.7856174990321332,0.20568929292374483,0.20035527486249788,133139.2621429358,282.3098741811452,133421.57201711694,2527,30,1019.5238095238095,41,1,16,33.576352174052346,0.6430386178861789,41.9890873015873,1032.0436507936502,25.171796360820736,0
2564,4,1,1,42,0.023255813953488372,0.023255813953488372,0.9767441860465116,43,950,700,250,0.7368421052631579,12,7,5,321.0362350041138,0.7929125138427464,0.20154747907500248,0.198640005883857,133397.13588613961,-34.93714695632181,133362.19873918328,2528,0,996.7906976744187,42,1,17,33.4482381265047,0.6440972222222223,41.73934108527131,1033.0426356589144,24.596253229974153,0
2565,4,0,0,42,0.0,0.0,1.0,42,1050,600,450,0.5714285714285714,15,6,9,325.56999673387327,0.7871418892760356,0.20330936831128987,0.2012966036812995,133369.7286785082,284.23642605188024,133653.96510456008,2529,32,1021.5238095238095,41,1,17,33.35854462799335,0.6453252032520326,41.765873015873005,1032.9365079365061,25.193573364305028,0
2566,4,0,0,42,0.0,0.0,1.0,42,1000,800,200,0.8,12,8,4,325.8324661810615,0.7869483159117305,0.20641321044546856,0.2020161290322581,133472.22222222216,297.9954018644462,133770.2176240866,2530,33,1022.5238095238095,39,3,17,33.24932795698925,0.6495726495726496,41.666666666666664,1033.333333333333,26.495726495726487,0
2567,4,0,0,42,0.0,0.0,1.0,42,1500,1000,500,0.6666666666666666,20,10,10,326.5006096838946,0.7859804490902051,0.20960391812613022,0.20346337428324077,133660.65673828142,328.0571831597396,133988.71392144117,2531,34,1023.5238095238095,39,3,18,33.043824082468696,0.6514423076923077,41.48437500000001,1034.0625000000014,26.514423076923112,0
2568,4,1,1,42,0.023255813953488372,0.023255813953488372,0.9767441860465116,43,1200,800,400,0.6666666666666666,16,8,8,319.90377332071455,0.7893595422665189,0.20195682204792753,0.20075292244433018,133918.9029037776,-31.7675284222193,133887.1353753554,2532,0,1000.6976744186046,40,3,13,32.95675830469646,0.65234375,41.23475609756098,1035.060975609757,25.876524390243922,0
2569,4,0,0,42,0.0,0.0,1.0,42,1200,1000,200,0.8333333333333334,14,10,4,324.1680648726428,0.7843108788230739,0.20665937231137455,0.20328371752850996,133892.60691387436,280.7414568048382,134173.3483706792,2533,36,1025.5238095238096,40,2,13,32.87264336213667,0.6520833333333333,41.26016260162603,1034.9593495934985,25.873983739837463,0
2570,4,0,0,42,0.0,0.0,1.0,42,1100,800,300,0.7272727272727273,14,8,6,321.64819905347554,0.7833672086720868,0.20508766887036534,0.20235336067035126,134010.95920138908,220.8767361111322,134231.8359375002,2534,37,1026.5238095238096,41,1,13,32.81983568075118,0.6516768292682926,41.14583333333334,1035.4166666666683,25.254065040650445,0
2571,4,0,0,42,0.0,0.0,1.0,42,1000,700,300,0.7,13,7,6,319.89034218522875,0.783415602013163,0.20353037766830817,0.20166999833416618,134088.01020408183,178.69189342404815,134266.70209750588,2535,38,1027.5238095238096,41,1,13,32.78855363984673,0.6524390243902438,41.07142857142858,1035.7142857142871,25.261324041811882,0
2572,4,0,0,42,0.0,0.0,1.0,42,900,500,400,0.5555555555555556,13,5,8,321.05290169893885,0.7829316686024003,0.21034558240074475,0.2026864812297654,134139.38984158478,213.16806815319154,134352.55790973798,2536,39,1028.5238095238096,41,1,14,32.707255953521056,0.6529471544715446,41.0218253968254,1035.9126984126985,25.266163375919476,0
2573,4,0,0,42,0.0,0.0,1.0,42,900,700,200,0.7777777777777778,11,7,4,323.9273381344801,0.7826897018970189,0.21937310248625508,0.2050754529789567,134242.17864229056,296.94231859412565,134539.12096088467,2537,40,1029.5238095238096,41,1,14,32.53039440934328,0.6539634146341462,40.92261904761906,1036.3095238095261,25.275842044134784,0
2574,4,0,0,42,0.0,0.0,1.0,42,1100,600,500,0.5454545454545454,16,6,10,323.6223160639357,0.7812137049941928,0.2175389914840684,0.20560345441849207,134370.72000385812,297.07272376544114,134667.79272762357,2538,41,1030.5238095238096,41,1,14,32.410275731190005,0.6552337398373983,40.798611111111114,1036.805555555556,25.287940379403807,0
2575,4,0,0,42,0.0,0.0,1.0,42,900,600,300,0.6666666666666666,12,6,6,319.4973764862374,0.7818912117692606,0.15525909018678763,0.19371609785851654,132639.32427300364,96.07898099924745,132735.4032540029,2539,42,1031.5238095238096,39,3,15,34.24606886439479,0.6412927350427349,42.47395833333334,1030.104166666668,26.41292735042739,6
2576,4,0,0,42,0.0,0.0,1.0,42,750,500,250,0.6666666666666666,10,5,5,320.3395703112416,0.7819154084397987,0.1594843355862361,0.1946436750318676,132719.8133680557,103.08159722224056,132822.89496527796,2540,43,1032.5238095238096,39,3,16,34.14375252729478,0.642094017094017,42.39583333333334,1030.416666666668,26.42094017094021,0
2577,4,0,0,42,0.0,0.0,1.0,42,1200,800,400,0.6666666666666666,16,8,8,324.18695834754806,0.7798828881145954,0.16004128235107262,0.19768812857459578,132854.01611328154,213.90787760419573,133067.92399088573,2541,44,1033.5238095238096,39,3,17,33.910212690714346,0.643429487179487,42.265625000000014,1030.9375000000023,26.43429487179493,0
2578,4,1,1,42,0.023255813953488372,0.023255813953488372,0.9767441860465116,43,1200,1000,200,0.8333333333333334,14,10,4,319.1763510006518,0.7849298634182355,0.15492883560624282,0.19608202325539142,133131.1463600536,-101.53730005287201,133029.60906000072,2542,0,1010.4651162790698,40,3,17,33.76210405383227,0.64453125,41.9969512195122,1032.0121951219517,25.80030487804879,0
2579,4,1,0,43,0.023255813953488372,0.0,1.0,43,850,500,350,0.5882352941176471,12,5,7,315.93606492211916,0.7875138427464009,0.15394016794721277,0.1949135613645207,133288.5117675492,-177.87041856697743,133110.64134898223,2543,0,1011.4418604651163,40,3,18,33.68844929960962,0.6460937499999999,41.84451219512196,1032.6219512195132,25.81554878048783,0
2580,4,0,0,43,0.0,0.0,1.0,43,950,600,350,0.631578947368421,13,6,7,318.8961408106232,0.7864987080103358,0.1556149625133163,0.19730632883309687,133395.34837372453,-92.14764030611798,133303.2007334184,2544,1,1012.4418604651163,41,2,18,33.50529386343993,0.6455792682926829,41.74107142857143,1033.0357142857147,25.195993031358896,0
2581,4,0,0,43,0.0,0.0,1.0,43,600,400,200,0.6666666666666666,8,4,4,317.09651759577156,0.7864525655223329,0.15588139400895895,0.1963283670774296,133420.97052941553,-138.53497417485463,133282.43555524066,2545,2,1013.4418604651163,41,2,18,33.52618270277189,0.6458333333333333,41.71626984126984,1033.134920634921,25.198412698412707,0
2582,4,0,0,43,0.0,0.0,1.0,43,1350,1100,250,0.8148148148148148,16,11,5,313.86602770995006,0.7859449981543004,0.15815265919674482,0.19502145228339635,133552.96359592036,-216.43268165191802,133336.53091426843,2546,3,1014.4418604651163,39,4,19,33.47788387248481,0.6503739316239315,41.58854166666668,1033.645833333335,26.50373931623936,0
2583,4,0,0,43,0.0,0.0,1.0,43,1250,800,450,0.64,17,8,9,315.34944003796977,0.7846068660022149,0.1646408580997214,0.19694465028786423,133741.45507812512,-164.94140624998437,133576.51367187515,2547,4,1015.4418604651163,39,4,15,33.251510574018134,0.6522435897435896,41.40625000000001,1034.375000000001,26.52243589743592,0
2584,4,0,0,43,0.0,0.0,1.0,43,700,400,300,0.5714285714285714,10,4,6,316.2693595779663,0.7847914359542266,0.16578109888462933,0.1976633738180483,133768.3932834203,-138.63118489581473,133629.7620985245,2548,5,1016.4418604651163,39,4,15,33.20085674487295,0.6525106837606838,41.38020833333334,1034.479166666668,26.525106837606874,0
2585,4,0,0,43,0.0,0.0,1.0,43,1400,1000,400,0.7142857142857143,18,10,8,314.90427625693326,0.7849298634182355,0.16155488147399155,0.19753086419753083,133903.125,-166.66666666666578,133736.45833333334,2549,6,1017.4418604651163,39,4,16,33.10185185185186,0.6538461538461539,41.25,1035.0,26.53846153846154,0
2586,4,0,0,43,0.0,0.0,1.0,43,1100,800,300,0.7272727272727273,14,8,6,311.52711034820567,0.7836840162421558,0.15918768424500462,0.19598604283931434,134010.959201389,-250.3906249999945,133760.568576389,2550,7,1018.4418604651163,39,4,16,33.081824279007364,0.65491452991453,41.145833333333336,1035.4166666666674,26.54914529914532,0
2587,4,0,0,43,0.0,0.0,1.0,43,1150,800,350,0.6956521739130435,15,8,7,312.06651927856416,0.7831764488741233,0.16092190602714518,0.1967582372344175,134091.86333550356,-230.88378906249454,133860.97954644106,2551,8,1019.4418604651163,39,4,16,32.98729843440945,0.655715811965812,41.067708333333336,1035.7291666666672,26.557158119658133,0
2588,4,0,0,43,0.0,0.0,1.0,43,1250,1000,250,0.8,15,10,5,310.03014733707,0.7819767441860465,0.15530795588832502,0.19581458004672195,134155.68300118978,-281.5387666071745,133874.1442345826,2552,9,1020.4418604651163,40,3,16,32.976505787718274,0.6546875,41.00609756097561,1035.9756097560976,25.899390243902438,0
2589,4,0,0,43,0.0,0.0,1.0,43,1350,900,450,0.6666666666666666,18,9,9,309.76405027179334,0.7815153193060169,0.1588630288211521,0.19592768341012437,134208.3292021944,-285.4168732236137,133922.9123289708,2553,10,1021.4418604651163,40,3,16,32.931010527004055,0.6552083333333334,40.95528455284553,1036.1788617886175,25.904471544715438,0
2590,4,0,0,43,0.0,0.0,1.0,43,1300,1000,300,0.7692307692307693,16,10,6,310.5975190195165,0.7808693244739756,0.15914464938423079,0.19687906131013339,134287.3178684149,-258.13844685703634,134029.17942155784,2554,11,1022.4418604651163,40,3,16,32.83083308821127,0.6559895833333333,40.8790650406504,1036.4837398373977,25.912093495934943,0
2591,4,0,0,43,0.0,0.0,1.0,43,900,600,300,0.6666666666666666,12,6,6,308.9583519863625,0.7797619047619048,0.15839760351812338,0.19612222455587308,134339.98988903745,-298.907623603689,134041.08226543377,2555,12,1023.4418604651163,40,3,16,32.820924419174595,0.6565104166666667,40.82825203252032,1036.6869918699174,25.917174796747936,0
2592,4,0,0,43,0.0,0.0,1.0,43,1150,800,350,0.6956521739130435,15,8,7,308.5980055228359,0.778516057585825,0.15942742299331503,0.19660120127128944,134471.71512492537,-300.4593826426319,134171.25574228272,2556,13,1024.4418604651162,40,3,17,32.69931086289112,0.6578125000000001,40.70121951219511,1037.1951219512173,25.92987804878043,0
2593,4,0,0,43,0.0,0.0,1.0,43,1100,800,300,0.7272727272727273,14,8,6,309.4322977755824,0.7781469176818013,0.16120357319330814,0.19813367129667844,134656.23889756415,-266.60211762180074,134389.63677994235,2557,14,1025.4418604651162,40,3,18,32.494329123013145,0.6596354166666667,40.52337398373983,1037.9065040650396,25.94766260162599,0
2594,4,0,0,43,0.0,0.0,1.0,43,900,600,300,0.6666666666666666,12,6,6,308.8860104897873,0.7778239202657807,0.16129737211123496,0.19821479165600894,134735.35924383617,-276.4264822526445,134458.93276158354,2558,15,1026.4418604651162,40,3,18,32.429930174889066,0.6604166666666667,40.44715447154471,1038.2113821138198,25.955284552845495,0
2595,4,0,0,43,0.0,0.0,1.0,43,1400,1000,400,0.7142857142857143,18,10,8,309.1869210243606,0.7770394979697305,0.15047799320207678,0.19927545439539823,134893.66964934897,-258.5283230881054,134635.14132626087,2559,16,1027.4418604651162,40,3,14,32.26496771668949,0.6619791666666668,40.29471544715447,1038.8211382113825,25.970528455284562,0
2596,4,0,0,43,0.0,0.0,1.0,43,1500,1300,200,0.8666666666666667,17,13,4,309.71091755788166,0.7763935031376892,0.1578484107579463,0.2000501662684357,134972.85970858936,-239.48635484831848,134733.37335374104,2560,17,1028.4418604651162,40,3,14,32.17277913610431,0.6627604166666667,40.21849593495934,1039.1260162601616,25.97815040650404,0
2597,4,0,0,43,0.0,0.0,1.0,43,600,300,300,0.5,9,3,6,308.30536954861805,0.776531930601698,0.15561179822676396,0.199433207740273,135025.6659912254,-274.17242960540057,134751.49356162,2561,18,1029.4418604651162,40,3,14,32.15691307323752,0.66328125,40.167682926829265,1039.3292682926824,25.98323170731706,0
2598,4,0,0,43,0.0,0.0,1.0,43,950,400,550,0.42105263157894735,15,4,11,306.78136965148616,0.774593946105574,0.1579440314624112,0.1988829791847085,135104.89477989284,-310.46706656092033,134794.4277133319,2562,19,1030.4418604651162,40,3,14,32.11795373085696,0.6640625,40.09146341463414,1039.6341463414626,25.990853658536565,0
2599,4,0,0,43,0.0,0.0,1.0,43,800,400,400,0.5,12,4,8,308.5721640381518,0.7729789590254706,0.16106253979310936,0.2005432111352724,135194.84131905073,-256.52704947720156,134938.31426957352,2563,20,1031.4418604651162,41,2,14,31.982237114057693,0.6633638211382114,40.004960317460316,1039.9801587301583,25.365369725125813,0
2600,4,0,0,43,0.0,0.0,1.0,43,1000,600,400,0.6,14,6,8,308.867106771952,0.7716869693613879,0.1676716022716942,0.20131071154241514,135298.03363764487,-242.17755968128014,135055.8560779636,2564,21,1032.4418604651162,41,2,14,31.872298242268208,0.6643800813008129,39.90575396825397,1040.376984126984,25.375048393341075,0
2601,4,0,0,43,0.0,0.0,1.0,43,1250,900,350,0.72,16,9,7,308.71593928829407,0.7710871170173496,0.16589634969508782,0.20179058685816142,135401.26532383775,-239.89423894558985,135161.37108489216,2565,22,1033.4418604651162,41,2,15,31.77396101420264,0.6653963414634146,39.80654761904761,1040.7738095238085,25.384727061556305,0
2602,4,0,0,43,0.0,0.0,1.0,43,1150,700,450,0.6086956521739131,16,7,9,317.14732069349134,0.77062569213732,0.170573705550636,0.20552793899487293,135091.68836805547,-31.007298752839233,135060.68106930263,2566,23,1034.4418604651162,41,2,16,31.86163994655978,0.6623475609756098,40.104166666666664,1039.5833333333328,25.355691056910555,1
2603,4,0,0,43,0.0,0.0,1.0,43,750,500,250,0.6666666666666666,10,5,5,315.7035251206664,0.7710871170173496,0.1739060981616325,0.20503124847055923,135169.0493905896,-65.33092403627953,135103.7184665533,2567,24,1035.4418604651162,41,2,16,31.822409845449343,0.663109756097561,40.029761904761905,1039.8809523809525,25.362950058072013,0
2604,4,0,0,43,0.0,0.0,1.0,43,1100,700,400,0.6363636363636364,15,7,8,316.27709313532347,0.7705334071613141,0.17327722181427774,0.20555069853301894,135194.84131905073,-48.193716143867576,135146.64760290686,2568,25,1036.4418604651162,41,2,16,31.78191277942066,0.6633638211382114,40.004960317460316,1039.9801587301583,25.365369725125813,0
2605,4,0,1,42,0.0,0.023255813953488372,0.9767441860465116,43,1050,900,150,0.8571428571428571,12,9,3,320.0588972512631,0.7703026947212993,0.14998159019546375,0.19857711568932876,133498.47690073718,30.395892073271085,133528.87279281046,2569,26,1037.4418604651162,40,3,14,33.37225882584324,0.6481770833333333,41.64126016260163,1033.434959349595,25.835873983739873,7
2606,4,0,0,42,0.0,0.0,1.0,42,1150,800,350,0.6956521739130435,15,8,7,317.1419649390846,0.7647841656987998,0.15481337975441756,0.19774734284437054,133682.33194527077,79.25548615243295,133761.5874314232,2570,27,1060.452380952381,40,2,17,33.26413456498952,0.65,41.463414634146346,1034.1463414634154,25.853658536585385,0
2607,4,0,0,42,0.0,0.0,1.0,42,1350,1100,250,0.8148148148148148,16,11,5,319.1101119222235,0.7639372822299652,0.1655018034328386,0.19939974396908,133761.1656937835,136.90811107806803,133898.07380486157,2571,28,1061.452380952381,40,2,13,33.134599011035796,0.65078125,41.38719512195122,1034.4512195121954,25.861280487804883,0
2608,4,0,0,42,0.0,0.0,1.0,42,1350,1200,150,0.8888888888888888,15,12,3,324.1680648726437,0.7634049554781263,0.16502543672614411,0.20328371752850982,133892.6069138738,280.7414568047934,134173.3483706786,2572,29,1062.452380952381,40,2,14,32.872643362136685,0.6520833333333333,41.26016260162601,1034.9593495934944,25.87398373983736,0
2609,4,0,0,42,0.0,0.0,1.0,42,900,400,500,0.4444444444444444,14,4,10,324.43574609789704,0.7634049554781263,0.14078349579718297,0.19311465080045642,131942.77479383702,164.6179687371142,132107.39276257413,2573,30,1063.452380952381,39,3,13,34.817943323532404,0.6343482905982905,43.15104166666668,1027.395833333335,26.34348290598295,5
2610,4,0,0,42,0.0,0.0,1.0,42,550,400,150,0.7272727272727273,7,4,3,323.62925733199404,0.763380758807588,0.14326265786119796,0.1927704706716661,131969.53125000012,141.84027777779224,132111.3715277779,2574,31,1064.452380952381,39,3,13,34.811773452284406,0.6346153846153846,43.12500000000001,1027.500000000001,26.346153846153868,0
2611,4,0,0,42,0.0,0.0,1.0,42,1150,700,450,0.6086956521739131,16,7,9,320.7895351282361,0.7638404955478126,0.13673648606265854,0.19175481055000396,132103.35422092027,75.4747178819543,132178.82893880224,2575,32,1065.452380952381,39,3,15,34.75033353598811,0.6359508547008547,42.99479166666667,1028.0208333333344,26.359508547008573,0
2612,4,0,1,41,0.0,0.023809523809523808,0.9761904761904762,42,1300,900,400,0.6923076923076923,17,9,8,321.7379748831577,0.7642034456058846,0.13298650817180335,0.19275704960584203,132188.90587819755,106.03817585432435,132294.94405405188,2576,33,1066.452380952381,40,2,15,34.64007477682247,0.63515625,42.91158536585366,1028.3536585365857,25.708841463414643,0
2613,4,1,0,42,0.023809523809523808,0.0,1.0,42,750,600,150,0.8,9,6,3,321.65931853939577,0.7663569492837785,0.14252795726230416,0.19364579426456136,132371.8572361029,115.72827847180935,132487.5855145747,2577,0,1065.547619047619,40,2,17,34.45853084469022,0.6369791666666667,42.733739837398375,1029.065040650407,25.726626016260173,0
2614,4,0,0,42,0.0,0.0,1.0,42,1000,700,300,0.7,13,7,6,320.29030524058766,0.7666231126596981,0.1422788970722504,0.1932445620564675,132454.43309479824,84.78190716576,132539.215001964,2578,1,1066.547619047619,37,5,18,34.41095014912654,0.6430180180180181,42.653508771929815,1029.3859649122794,27.82124229492647,0
2615,4,1,1,42,0.023255813953488372,0.023255813953488372,0.9767441860465116,43,600,200,400,0.3333333333333333,10,2,8,313.14237064305405,0.7734403839055002,0.13980975803826534,0.19031242374620375,132728.0700402694,-287.44349934255627,132440.62654092684,2579,0,1042.7209302325582,38,5,13,34.320891653706575,0.6439144736842106,42.387820512820504,1030.4487179487166,27.117071524966228,0
2616,4,0,0,42,0.0,0.0,1.0,42,950,800,150,0.8421052631578947,11,8,3,320.62954064490566,0.7677845528455285,0.13707960834397603,0.19461467467051224,132680.27181440426,108.24292089871943,132788.51473530298,2580,3,1068.547619047619,37,5,14,34.1758904498368,0.6452702702702704,42.43421052631578,1030.2631578947355,27.84495021337123,0
2617,4,0,0,42,0.0,0.0,1.0,42,1000,800,200,0.8,12,8,4,322.08176567579164,0.7668650793650794,0.13443426099027778,0.19593828579849595,132765.01092884337,152.23782798552202,132917.2487568289,2581,4,1069.547619047619,37,5,14,34.0536005603433,0.6461148648648649,42.35197368421052,1030.592105263157,27.85384068278803,0
2618,4,0,0,42,0.0,0.0,1.0,42,1300,1000,300,0.7692307692307693,16,10,6,328.41988488462795,0.7655584591560202,0.13982361123442577,0.20092303984006313,132975.8896285337,334.3852728467971,133310.2749013805,2582,5,1070.547619047619,38,4,15,33.67904495545887,0.6463815789473685,42.14743589743589,1031.4102564102552,27.142375168690926,0
2619,4,0,0,42,0.0,0.0,1.0,42,1050,900,150,0.8571428571428571,12,9,3,327.17436901014486,0.7659214092140921,0.13237287646736462,0.20080478930696996,133095.75195312503,309.1037326388896,133404.8556857639,2583,6,1071.547619047619,39,3,15,33.591173699441406,0.6458333333333334,42.03125,1031.8750000000002,26.45833333333334,0
2620,4,0,0,42,0.0,0.0,1.0,42,950,600,350,0.631578947368421,13,6,7,325.627352616551,0.764977739063105,0.1258620109664612,0.20028810906749872,133176.37939453128,273.1743706597228,133449.553765191,2584,7,1072.547619047619,39,3,15,33.55041292427759,0.6466346153846154,41.953125,1032.1875000000002,26.46634615384616,0
2621,4,1,1,42,0.023255813953488372,0.023255813953488372,0.9767441860465116,43,1150,800,350,0.6956521739130435,15,8,7,319.04031101193306,0.7701642672572905,0.12423843786819755,0.19738556064737064,133393.4736784487,-88.42093413312251,133305.0527443156,2585,0,1048.5813953488373,40,3,16,33.503443187407775,0.6471354166666667,41.74288617886179,1033.028455284553,25.825711382113827,0
2622,4,0,0,42,0.0,0.0,1.0,42,900,600,300,0.6666666666666666,12,6,6,327.0007859628381,0.7633565621370499,0.12055537148811335,0.2022998624075775,133391.50526258687,323.8254123263995,133715.33067491328,2586,9,1074.547619047619,39,3,17,33.29982605626702,0.6487713675213675,41.74479166666667,1033.020833333334,26.48771367521369,0
2623,4,0,1,41,0.0,0.023809523809523808,0.9761904761904762,42,800,500,300,0.625,11,5,6,326.1576482830385,0.7640582655826558,0.12500000000000044,0.202217741935484,133472.22222222228,306.59722222223206,133778.8194444445,2587,10,1075.547619047619,39,3,17,33.24092741935484,0.6495726495726495,41.66666666666667,1033.333333333334,26.49572649572651,0
2624,4,0,0,41,0.0,0.0,1.0,41,1400,1100,300,0.7857142857142857,17,11,6,332.66129032258084,0.7536077235772358,0.12942564909520082,0.20625000000000004,133472.22222222213,680.2083333333295,134152.43055555547,2588,11,1101.7073170731708,38,3,17,33.07291666666667,0.6513157894736842,41.666666666666664,1033.3333333333328,27.19298245614034,0
2625,4,0,0,41,0.0,0.0,1.0,41,950,700,250,0.7368421052631579,12,7,5,332.8790337119165,0.7530487804878049,0.13231990924560444,0.2068467984048034,133555.03420857972,691.5341469427834,134246.5683555225,2589,12,1102.7073170731708,38,3,17,32.984496124031004,0.652138157894737,41.58653846153845,1033.6538461538448,27.201417004048547,0
2626,4,0,0,41,0.0,0.0,1.0,41,850,500,350,0.5882352941176471,12,5,7,330.0965612243058,0.7530995934959349,0.1367849636338898,0.20557751090919107,133637.87187705448,622.6803911900042,134260.55226824447,2590,13,1103.7073170731708,38,3,18,32.97362574912173,0.6529605263157894,41.506410256410255,1033.9743589743584,27.209851551956802,0
2627,4,1,1,41,0.023809523809523808,0.023809523809523808,0.9761904761904762,42,900,600,300,0.6666666666666666,12,6,6,323.00766775316936,0.7589285714285714,0.13031976075454343,0.20261390068153357,133903.125,250.34722222222268,134153.47222222222,2591,0,1078.404761904762,39,3,12,32.89217659688674,0.653846153846154,41.25,1035.0,26.53846153846154,0
2628,4,0,0,41,0.0,0.0,1.0,41,1350,1100,250,0.8148148148148148,16,11,5,329.7376353062373,0.7532012195121951,0.13072083028046144,0.20674229600074565,133886.5389751807,629.4861522024871,134516.02512738318,2592,15,1105.7073170731708,38,3,13,32.734592753174354,0.6554276315789473,41.266025641025635,1034.9358974358968,27.235155195681493,0
2629,4,0,0,41,0.0,0.0,1.0,41,1200,900,300,0.75,15,9,6,331.1475492209156,0.7522357723577235,0.12774931298632008,0.20840792513305909,134024.78723792807,676.395965738895,134701.18320366697,2593,16,1106.7073170731708,38,3,14,32.56014410510386,0.6567982456140352,41.13247863247862,1035.470085470084,27.24921277552853,0
2630,4,0,1,40,0.0,0.024390243902439025,0.975609756097561,41,1050,800,250,0.7619047619047619,13,8,5,328.7831035984857,0.7517784552845529,0.1290970051084448,0.20770096127651547,134163.10683988954,622.112531046814,134785.21937093636,2594,17,1107.7073170731708,38,3,14,32.4834141143309,0.6581688596491229,40.99893162393162,1036.0042735042725,27.263270355375592,0
2631,4,0,0,40,0.0,0.0,1.0,40,1100,900,200,0.8181818181818182,13,9,4,319.09276016210805,0.7506944444444444,0.09358329008822008,0.1925146364534696,132452.98603121113,501.9278709182514,132954.91390212937,2595,18,1092.125,38,2,17,34.443219166234215,0.6411732456140351,42.65491452991453,1029.3803418803413,27.08895636527214,7
2632,4,0,0,40,0.0,0.0,1.0,40,650,300,350,0.46153846153846156,10,3,7,317.5315507653106,0.7497061965811965,0.0863018672199174,0.1922741299860299,132590.49236613352,420.332931550898,133010.8252976844,2596,19,1093.125,38,2,17,34.345608575380375,0.6425438596491228,42.52136752136753,1029.914529914531,27.103013945119233,0
2633,4,0,0,40,0.0,0.0,1.0,40,1450,1200,250,0.8275862068965517,17,12,5,320.78778902564255,0.7501068376068376,0.09673800393823173,0.19553262010792333,132838.18354381263,522.5734394404335,133360.75698325306,2597,20,1094.125,38,2,17,34.013671537637755,0.6450109649122806,42.28098290598291,1030.876068376069,27.128317588843924,0
2634,4,0,1,39,0.0,0.025,0.975,40,1150,800,350,0.6956521739130435,15,8,7,326.0463618646958,0.7522168803418804,0.09555932718613902,0.19489712569610407,132103.35422091995,614.3636067708142,132717.71782769077,2598,21,1095.125,39,1,17,34.61523035093052,0.6359508547008548,42.99479166666666,1028.0208333333317,26.359508547008506,6
2635,4,0,0,39,0.0,0.0,1.0,39,550,400,150,0.7272727272727273,7,4,3,329.52360703236536,0.7443207377417904,0.10996434993192228,0.19683649843797685,132076.5842013888,904.4704861111018,132981.05468749988,2599,103,1123.6666666666667,39,0,17,34.55276314011621,0.6356837606837608,43.02083333333333,1027.9166666666658,26.356837606837587,0
2636,4,0,0,39,0.0,0.0,1.0,39,950,500,450,0.5263157894736842,14,5,9,328.0176718908679,0.7443207377417904,0.11099246280115738,0.19607549387589163,132103.35422091995,866.4469401041473,132969.8011610241,2600,104,1124.6666666666667,39,0,17,34.56456665653393,0.6359508547008548,42.99479166666666,1028.0208333333317,26.359508547008506,0
2637,4,1,1,39,0.025,0.025,0.975,40,1050,1000,50,0.9523809523809523,11,10,1,320.4575784960291,0.756517094017094,0.10995160015804073,0.19265513804594991,132319.5725097494,480.5619588208014,132800.1344685702,2601,0,1097.525,40,0,17,34.54188891083894,0.6364583333333333,42.78455284552845,1028.8617886178854,25.721544715447134,0
2638,4,0,0,39,0.0,0.0,1.0,39,1050,600,450,0.5714285714285714,15,6,9,331.76225926573267,0.7450517318938372,0.10986414955231405,0.19944101246303364,132317.61203342018,979.5979817708378,133297.21001519103,2602,106,1126.6666666666667,39,0,18,34.25308376362593,0.6380876068376069,42.786458333333336,1028.854166666667,26.380876068376075,0
2639,4,0,0,39,0.0,0.0,1.0,39,950,800,150,0.8421052631578947,11,8,3,330.91639796066886,0.7460076473234368,0.1052149704838099,0.19950241413974226,132425.49332493232,964.3778639127304,133389.87118884505,2603,107,1127.6666666666667,38,1,18,34.16653691786036,0.6408991228070176,42.681623931623925,1029.2735042735032,27.086144849302716,0
2640,4,0,0,39,0.0,0.0,1.0,39,1050,700,350,0.6666666666666666,14,7,7,330.3679254320949,0.7462887989203779,0.10476669300198704,0.19990059216823344,132562.98539201167,958.9116946087878,133521.89708662045,2604,108,1128.6666666666667,38,1,19,34.042691150534274,0.6422697368421053,42.54807692307691,1029.807692307691,27.100202429149764,0
2641,4,0,0,39,0.0,0.0,1.0,39,1000,800,200,0.8,12,8,4,331.67239591657153,0.7453328834907783,0.09980402949395994,0.20127859747158586,132673.03040990932,1000.7963739133511,133673.82678382267,2605,109,1129.6666666666667,38,1,15,33.89872619171075,0.6433662280701755,42.44123931623931,1030.235042735042,27.11144849302742,0
2642,4,0,0,39,0.0,0.0,1.0,39,1100,900,200,0.8181818181818182,13,9,4,329.16562865069227,0.7455578047683311,0.09805000598157698,0.200050566372774,132728.0700402694,937.9037228796658,133665.97376314906,2606,110,1130.6666666666667,38,1,15,33.90811301192327,0.6439144736842106,42.387820512820504,1030.4487179487166,27.117071524966228,0
2643,4,0,0,39,0.0,0.0,1.0,39,400,300,100,0.75,5,3,2,323.5872480949431,0.7464574898785425,0.0766176417296951,0.1986031771764876,133095.75195312515,813.6176215277933,133909.36957465293,2607,111,1131.6666666666667,39,0,20,33.683710209300756,0.6458333333333333,42.03125000000001,1031.8750000000011,26.458333333333364,4
2644,4,0,0,39,0.0,0.0,1.0,39,650,300,350,0.46153846153846156,10,3,7,321.77630891282035,0.7463450292397661,0.07329704715391583,0.19763409128328058,133122.62505425367,767.1413845486318,133889.7664388023,2608,112,1132.6666666666667,39,0,20,33.70354715521012,0.6461004273504274,42.00520833333334,1031.9791666666683,26.461004273504315,0
2645,4,0,0,39,0.0,0.0,1.0,39,850,600,250,0.7058823529411765,11,6,5,323.90372997917757,0.7464012595591544,0.08009748298316577,0.19951584013819956,133230.14458550356,830.748155381955,134060.89274088552,2609,113,1133.6666666666667,39,0,21,33.541120135875964,0.6471688034188035,41.90104166666667,1032.3958333333342,26.471688034188055,0
2646,4,0,0,39,0.0,0.0,1.0,39,1050,500,550,0.47619047619047616,16,5,11,324.00703267038864,0.7466824111560953,0.07822685788787487,0.1997237380490607,133257.03125000015,835.2430555555709,134092.2743055557,2610,114,1134.6666666666667,39,0,22,33.51156846919557,0.6474358974358974,41.87500000000001,1032.5000000000011,26.474358974359003,0
2647,4,0,0,39,0.0,0.0,1.0,39,500,300,200,0.6,7,3,4,324.4275840384327,0.7467948717948718,0.0763566102010571,0.20012760675625307,133283.9206271703,848.1960720486311,134132.11669921892,2611,115,1135.6666666666667,39,0,22,33.473826456841174,0.6477029914529915,41.84895833333334,1032.604166666668,26.47702991452995,0
2648,4,0,0,39,0.0,0.0,1.0,39,650,400,250,0.6153846153846154,9,4,5,326.28903279683243,0.7462325686009896,0.07426485038425357,0.20171334471405217,133364.60503472254,903.081597222257,134267.6866319448,2612,116,1136.6666666666667,39,0,22,33.34509883017348,0.6485042735042733,41.77083333333335,1032.9166666666692,26.4850427350428,0
2649,4,0,0,39,0.0,0.0,1.0,39,950,800,150,0.8421052631578947,11,8,3,329.05782341109,0.7455015744489429,0.07373418476488891,0.2041678207732825,133499.82336410627,985.8756631693391,134485.6990272756,2613,117,1137.6666666666667,38,1,22,33.13841793307832,0.6515899122807017,41.63995726495727,1033.4401709401714,27.195793972109772,0
2650,4,0,0,39,0.0,0.0,1.0,39,600,500,100,0.8333333333333334,7,5,2,329.304248542756,0.7450517318938372,0.06632478632478644,0.20462547236038306,133555.03420857998,996.0480358317011,134551.0822444117,2614,118,1138.6666666666667,38,1,22,33.076873385012924,0.6521381578947367,41.58653846153847,1033.6538461538469,27.2014170040486,0
2651,4,0,1,38,0.0,0.02564102564102564,0.9743589743589743,39,750,700,50,0.9333333333333333,8,7,1,329.51627001353177,0.7444331983805669,0.0613985580400791,0.20506295465729563,133610.2564673278,1005.3506693330442,134615.60713666084,2615,119,1139.6666666666667,38,1,22,33.01621542489064,0.6526864035087719,41.53311965811966,1033.8675213675215,27.207040035987408,0
2652,4,2,2,38,0.05,0.05,0.95,40,1100,800,300,0.7272727272727273,14,8,6,316.8634047002221,0.7605502136752137,0.06671002257779524,0.1991293956620089,133971.50262946993,490.13329119572353,134461.63592066566,2616,0,1108.2,40,0,17,32.98300939105395,0.6528645833333333,41.1839430894309,1035.2642276422769,25.881605691056922,0
2653,4,0,0,38,0.0,0.0,1.0,38,800,500,300,0.625,11,5,6,331.6808959960839,0.7414651493598862,0.07738179367029385,0.20718286677639242,133748.36205164727,1272.3553126597947,135020.71736430706,2617,121,1167.5263157894738,38,0,17,32.82229050471666,0.6540570175438596,41.39957264957265,1034.401709401709,27.22109761583445,0
2654,4,0,0,38,0.0,0.0,1.0,38,1050,800,250,0.7619047619047619,13,8,5,331.447725831441,0.7412873399715505,0.07482227874519043,0.20734753081083143,133803.6242603549,1269.7813938198422,135073.40565417474,2618,122,1168.5263157894738,38,0,17,32.7731309376291,0.6546052631578948,41.34615384615384,1034.6153846153834,27.22672064777325,0
2655,4,0,0,38,0.0,0.0,1.0,38,750,600,150,0.8,9,6,3,342.03179783060165,0.7421763869132291,0.041220814334486544,0.2140727628383899,133821.5495901305,1625.8467812326753,135447.3963713632,2619,123,1169.5263157894738,36,2,14,32.48145225656653,0.6585648148148149,41.32882882882882,1034.6846846846834,28.741241241241205,6
2656,4,0,0,38,0.0,0.0,1.0,38,800,600,200,0.75,10,6,4,338.91985586890195,0.7417318634423897,0.039670237145995824,0.21256242654794422,133897.4507180092,1476.1009397122018,135373.5516577214,2620,124,1170.5263157894738,37,1,14,32.48611699685702,0.6573761261261262,41.25548245614034,1034.978070175437,27.972380275011812,0
2657,4,0,0,38,0.0,0.0,1.0,38,850,500,350,0.5882352941176471,12,5,7,335.6076993628248,0.7387387387387387,0.05111046725430968,0.21162552257551662,134096.12212411495,1400.7382079101083,135496.86033202507,2621,125,1171.5263157894738,37,1,14,32.37349142494177,0.6593468468468469,41.06359649122806,1035.7456140350864,27.993124703650984,0
2658,4,0,0,38,0.0,0.0,1.0,38,550,200,350,0.36363636363636365,9,2,7,334.7531872062375,0.7390647226173542,0.05504063365101275,0.21157744922486527,134181.31209843402,1383.5243776931247,135564.83647612715,2622,126,1172.5263157894738,37,1,15,32.31062810879457,0.6601914414414415,40.9813596491228,1036.074561403508,28.002015173067782,0
2659,4,0,0,38,0.0,0.0,1.0,38,1400,1200,200,0.8571428571428571,16,12,4,332.2048243757938,0.737968231389284,0.04563779317103567,0.21045576407506697,134266.52912434575,1320.7977454601214,135587.32686980587,2623,127,1173.5263157894738,37,1,15,32.29166666666667,0.6610360360360361,40.899122807017534,1036.4035087719283,28.01090564248455,0
2660,4,0,0,38,0.0,0.0,1.0,38,1250,800,450,0.64,17,8,9,333.15672037660767,0.7388572783309626,0.04452028102835914,0.21138682110338575,134323.35550361648,1350.1457179132026,135673.50122152967,2624,128,1174.5263157894738,37,1,15,32.21035187927508,0.6615990990990992,40.844298245614034,1036.6228070175437,28.016832622095773,0
2661,4,1,1,38,0.02564102564102564,0.02564102564102564,0.9743589743589743,39,900,600,300,0.6666666666666666,12,6,6,327.21837011363857,0.7494376968061179,0.03508216111181528,0.20907531648313535,134578.49368105773,1007.3110709328612,135585.8047519906,2625,0,1145.3846153846155,38,1,15,32.11019014277869,0.6622807017543859,40.598290598290596,1037.6068376068372,27.305443094916768,0
2662,4,1,0,39,0.02564102564102564,0.0,1.0,39,800,600,200,0.75,10,6,4,327.9627633096109,0.7422964462438147,0.03927436636370363,0.2101903831343127,134689.37194097455,1034.6197220396011,135723.99166301417,2626,0,1146.3589743589744,38,1,17,31.980538973514484,0.6633771929824561,40.491452991452995,1038.0341880341884,27.316689158794432,0
2663,4,0,0,39,0.0,0.0,1.0,39,1400,1000,400,0.7142857142857143,18,10,8,323.7406645328458,0.7403846153846154,0.03770180436847115,0.20811899862825783,134800.29585798807,928.0674720578465,135728.36333004592,2627,1,1147.3589743589744,38,1,15,31.979809670781894,0.6644736842105263,40.38461538461538,1038.4615384615377,27.327935222672043,0
2664,4,0,1,38,0.0,0.02564102564102564,0.9743589743589743,39,1050,900,150,0.8571428571428571,12,9,3,323.308867977206,0.7403283850652272,0.037360301119173656,0.20800036436839306,134828.03397116295,918.2198069617941,135746.25377812475,2628,2,1148.3589743589744,38,1,15,31.963446833316198,0.6647478070175439,40.35790598290598,1038.568376068376,27.330746738641473,0
2665,4,0,0,38,0.0,0.0,1.0,38,800,500,300,0.625,11,5,6,325.6983228661932,0.7367235656709341,0.06329231509005018,0.19607039036544865,132370.51647308082,1022.5710424428605,133393.0875155237,2629,3,1175.5263157894738,38,0,14,34.355966223698786,0.6403508771929823,42.73504273504275,1029.059829059831,27.080521817363973,8
2666,4,0,0,38,0.0,0.0,1.0,38,1100,800,300,0.7272727272727273,14,8,6,325.01685414637427,0.7363086770981508,0.062000808539930174,0.19594570543467907,132425.49332493253,1008.1034498502592,133433.59677478278,2630,4,1176.5263157894738,38,0,14,34.3183430212442,0.6408991228070174,42.68162393162394,1029.273504273505,27.086144849302766,0
2667,4,1,2,37,0.02564102564102564,0.05128205128205128,0.9487179487179487,39,900,800,100,0.8888888888888888,10,8,2,319.41315735307154,0.7446581196581197,0.06283878895343831,0.19394202206134045,132692.98095703154,676.7768012153058,133369.75775824685,2631,0,1147.3333333333333,39,0,14,34.194490782866566,0.641826923076923,42.421875000000014,1030.3125000000023,26.41826923076929,0
2668,4,0,0,37,0.0,0.0,1.0,37,750,500,250,0.6666666666666666,10,5,5,333.0698573762404,0.7338588588588588,0.06432593650318408,0.2009550013527088,132454.4330947986,1423.3158279470836,133877.74892274567,2632,136,1210.2162162162163,37,0,15,34.08207285896891,0.6430180180180178,42.653508771929836,1029.3859649122824,27.82124229492655,0
2669,4,0,0,37,0.0,0.0,1.0,37,1350,1000,350,0.7407407407407407,17,10,7,333.2024529301216,0.7337962962962963,0.06365598825662677,0.2013366173110582,132510.87474030486,1430.5897006771436,133941.464440982,2633,137,1211.2162162162163,37,0,16,34.02200922967696,0.6435810810810809,42.59868421052632,1029.605263157896,27.827169274537727,0
2670,4,0,0,37,0.0,0.0,1.0,37,1000,700,300,0.7,13,7,6,333.21507341018236,0.7348598598598598,0.053127741898364444,0.2021017181851946,132652.03145438991,1440.331279816875,134092.36273420678,2634,138,1212.2162162162163,37,0,15,33.880055880787644,0.6449887387387387,42.46162280701755,1030.1535087719305,27.84198672356569,0
2671,4,0,0,37,0.0,0.0,1.0,37,900,800,100,0.8888888888888888,10,8,2,331.827651746486,0.7359234234234234,0.05527876562872813,0.20217185703620982,132821.5187004657,1414.770530355514,134236.28923082122,2635,139,1213.2162162162163,37,0,16,33.74585593731163,0.6466779279279278,42.29714912280703,1030.8114035087733,27.85976766239928,0
2672,4,1,0,38,0.02631578947368421,0.0,1.0,38,650,400,250,0.6153846153846154,9,4,5,324.96726630167745,0.743361782835467,0.05632091203365608,0.19939859326185536,133086.1058605451,1049.7256008474076,134135.83146139252,2636,0,1182.2631578947369,38,0,17,33.65776213156622,0.6474780701754386,42.0405982905983,1031.8376068376078,27.15362123256863,0
2673,4,0,0,38,0.0,0.0,1.0,38,750,600,150,0.8,9,6,3,325.0791152252092,0.7431247036510195,0.05968434123387922,0.20035488326125156,133251.5158156185,1063.4569727518601,134314.97278837036,2637,1,1183.2631578947369,38,0,17,33.48941087196469,0.6491228070175438,41.88034188034189,1032.4786324786337,27.170490328385096,0
2674,4,0,0,38,0.0,0.0,1.0,38,1050,800,250,0.7619047619047619,13,8,5,327.10982572098004,0.7444286391654813,0.06030905942696552,0.20190572001398438,133306.67529585806,1121.1846646942859,134427.85996055233,2638,2,1184.2631578947369,38,0,17,33.381828057107384,0.649671052631579,41.82692307692308,1032.6923076923083,27.176113360323903,0
2675,4,2,2,38,0.05,0.05,0.95,40,1100,700,400,0.6363636363636364,15,7,8,310.99812038255294,0.7576655982905983,0.056894095687199275,0.19433086969760624,133761.1656937835,319.89422218917883,134081.05991597267,2639,0,1126.0,40,0,14,33.34438549955791,0.65078125,41.38719512195122,1034.4512195121954,25.861280487804883,0
2676,4,0,0,38,0.0,0.0,1.0,38,700,500,200,0.7142857142857143,9,5,4,322.4796586743585,0.7423838311996207,0.052721338229294146,0.2003847590028529,133555.03420857998,1013.756369165033,134568.790577745,2640,4,1186.2631578947369,38,0,20,33.25322997416021,0.6521381578947367,41.58653846153847,1033.6538461538469,27.2014170040486,0
2677,4,0,0,38,0.0,0.0,1.0,38,700,500,200,0.7142857142857143,9,5,4,321.65230656526353,0.7421763869132291,0.051750579175775524,0.200318598644699,133637.8718770547,996.9859467455739,134634.8578238003,2641,5,1187.2631578947369,38,0,20,33.19190431907419,0.6529605263157894,41.50641025641026,1033.9743589743603,27.20985155195685,0
2678,4,0,0,38,0.0,0.0,1.0,38,650,500,150,0.7692307692307693,8,5,3,323.5244039526853,0.7413762446657184,0.04803399655249252,0.2016350744274335,133665.49014035,1048.8096053400618,134714.29974569008,2642,6,1188.2631578947369,38,0,20,33.11593828563556,0.6532346491228069,41.47970085470086,1034.0811965811974,27.212663067926247,0
2679,4,0,0,38,0.0,0.0,1.0,38,450,200,250,0.4444444444444444,7,2,5,323.5244039526853,0.7413762446657184,0.04803399655249252,0.2016350744274335,133665.49014035,1048.8096053400618,134714.29974569008,2643,7,1189.2631578947369,38,0,20,33.11593828563556,0.6532346491228069,41.47970085470086,1034.0811965811974,27.212663067926247,0
2680,4,0,0,38,0.0,0.0,1.0,38,500,300,200,0.6,7,3,4,327.13774586274434,0.7410502607871029,0.05257721871296672,0.20434501002858646,133748.36205164727,1150.8275348820166,134899.18958652928,2644,8,1190.2631578947369,38,0,15,32.939776561316535,0.6540570175438596,41.39957264957265,1034.401709401709,27.22109761583445,0
2681,4,0,1,37,0.0,0.02631578947368421,0.9736842105263158,38,1050,800,250,0.7619047619047619,13,8,5,343.5413177359135,0.7420578473210052,0.018270163091437697,0.211420140889452,133196.36774965297,1551.6911388706212,134748.0588885236,2645,9,1191.2631578947369,38,0,14,33.068119091975426,0.6485745614035088,41.93376068376068,1032.264957264957,27.16486729644624,6
2682,4,0,0,37,0.0,0.0,1.0,37,600,500,100,0.8333333333333334,7,5,2,346.0387014579347,0.7341091091091091,0.04058791607925771,0.21275390573635142,133160.81781173058,1815.75929612958,134976.57710786015,2646,150,1224.2162162162163,37,0,14,33.03930291440914,0.6500563063063063,41.968201754385966,1032.1271929824566,27.895329540066392,0
2683,4,0,0,37,0.0,0.0,1.0,37,700,500,200,0.7142857142857143,9,5,4,347.0279542283602,0.73241991991992,0.03992478936716859,0.2136866049090915,133217.40974386342,1846.0330342028228,135063.44277806624,2647,151,1225.2162162162163,37,0,14,32.957049920339884,0.6506193693693694,41.91337719298245,1032.3464912280697,27.90125651967756,0
2684,4,0,0,37,0.0,0.0,1.0,37,850,600,250,0.7058823529411765,11,6,5,345.96859577778554,0.730980980980981,0.04012590996347254,0.21368381663153813,133330.62967691955,1825.6421446983386,135156.27182161788,2648,152,1226.2162162162163,37,0,14,32.87094790671336,0.6517454954954955,41.803728070175424,1032.7850877192961,27.913110478899895,0
2685,4,0,0,37,0.0,0.0,1.0,37,900,600,300,0.6666666666666666,12,6,6,347.6976190300022,0.7304804804804804,0.04446853730521383,0.21540793320971097,133443.89770169638,1879.6251009925777,135323.52280268897,2649,153,1227.2162162162163,37,0,14,32.712843574233254,0.6528716216216217,41.6940789473684,1033.2236842105237,27.924964438122263,0
2686,4,0,0,37,0.0,0.0,1.0,37,800,500,300,0.625,11,5,6,348.1237216630325,0.7300425425425425,0.04429993903678109,0.21600617942539838,133501.31539901355,1894.9979584554874,135396.31335746904,2650,154,1228.2162162162163,36,1,14,32.64433729250663,0.6553819444444446,41.638513513513495,1033.4459459459433,28.70683183183176,0
2687,4,0,0,37,0.0,0.0,1.0,37,1000,600,400,0.6,14,6,8,348.6811993180543,0.7286036036036035,0.037436979612739396,0.2173753871919679,133675.9410381663,1922.0574882314497,135597.99852639774,2651,155,1229.2162162162163,36,1,16,32.45512541290066,0.6571180555555557,41.46959459459458,1034.1216216216196,28.725600600600544,0
2688,4,1,0,38,0.02631578947368421,0.0,1.0,38,750,400,350,0.5333333333333333,11,4,7,341.80924029384477,0.7370199146514936,0.041410718068205954,0.21487102841907313,133982.57757194497,1559.2966104955108,135541.8741824405,2652,0,1197.842105263158,37,1,15,32.32630798559628,0.6582207207207208,41.173245614035075,1035.3070175438577,27.981270744428585,0
2689,4,0,0,38,0.0,0.0,1.0,38,1600,1400,200,0.875,18,14,4,339.8618976046263,0.7353307254623044,0.04112416640203276,0.2144739710535002,134124.5157764886,1516.7624894197904,135641.2782659084,2653,1,1198.842105263158,37,1,16,32.23499082601179,0.6596283783783785,41.0361842105263,1035.8552631578923,27.996088193456547,0
2690,4,0,0,38,0.0,0.0,1.0,38,700,500,200,0.7142857142857143,9,5,4,339.94882562078357,0.7347676623992414,0.03989417989417987,0.2150278716276039,134209.71476800545,1524.8869844567462,135734.6017524622,2654,2,1199.842105263158,37,1,16,32.14770723104056,0.660472972972973,40.95394736842105,1036.184210526315,28.004978662873377,0
2691,4,0,1,37,0.0,0.02631578947368421,0.9736842105263158,38,750,500,250,0.6666666666666666,10,5,5,336.4680227278275,0.7346787577050735,-0.03604720921110316,0.2003873524392101,131963.7458404351,1361.1583091476664,133324.90414958276,2655,3,1200.842105263158,36,2,18,34.48779774952506,0.6400462962962963,43.130630630630634,1027.477477477478,28.541041041041055,7
2692,4,0,0,37,0.0,0.0,1.0,37,1200,700,500,0.5833333333333334,17,7,10,343.98030470026794,0.7250375375375375,-0.024529079018718036,0.20439376932711043,131876.97991488114,1672.6167468143892,133549.59666169554,2656,160,1234.2162162162163,36,1,18,34.382194934765934,0.6391782407407407,43.215090090090094,1027.1396396396399,28.531656656656665,0
2693,4,0,0,37,0.0,0.0,1.0,37,1200,800,400,0.6666666666666666,16,8,8,338.1713598523876,0.7253503503503503,-0.0003831497906148229,0.18766743749890677,129230.01284646158,1340.3778356059045,130570.39068206749,2657,161,1235.2162162162163,36,1,17,37.20903939159007,0.6125578703703702,45.805180180180194,1016.7792792792814,28.243868868868926,6
2694,4,0,0,37,0.0,0.0,1.0,37,950,600,350,0.631578947368421,13,6,7,339.4597969153667,0.7251626626626626,0.0040037823474499135,0.1887931579888913,129315.90374157952,1379.510084408747,130695.41382598826,2658,162,1236.2162162162163,36,1,19,37.08896147032773,0.6134259259259258,45.72072072072073,1017.1171171171179,28.253253253253277,0
2695,4,1,1,37,0.02631578947368421,0.02631578947368421,0.9736842105263158,38,550,400,150,0.7272727272727273,7,4,3,334.7376584307354,0.7435692271218587,0.008938186517337687,0.18747731581349872,129591.85157933205,1075.8545898737973,130667.70616920585,2659,0,1204.657894736842,37,1,12,36.92879962667815,0.6143018018018018,45.44956140350877,1018.2017543859645,27.518966334755795,0
2696,4,1,1,37,0.02631578947368421,0.02631578947368421,0.9736842105263158,38,600,400,200,0.6666666666666666,8,4,4,333.5563365841735,0.7399241346609767,0.008668030580380792,0.1869485635399649,129619.76431450057,1047.0987467297555,130666.86306123032,2660,0,1205.6315789473683,37,1,12,36.930543591400166,0.6145833333333334,45.422149122807014,1018.3114035087716,27.521929824561393,0
2697,4,1,1,37,0.02631578947368421,0.02631578947368421,0.9736842105263158,38,700,600,100,0.8571428571428571,8,6,2,332.9728251612613,0.735567804646752,0.005274488697524449,0.1870204078445051,129703.52055440118,1037.5495344721294,130741.07008887331,2661,0,1206.6052631578948,37,1,14,36.86042339433083,0.615427927927928,45.339912280701746,1018.6403508771916,27.530820293978152,0
2698,4,0,0,37,0.0,0.0,1.0,37,700,400,300,0.5714285714285714,10,4,6,344.4289562003715,0.7267892892892893,0.009138506042530636,0.19323917368958826,129659.75265806359,1531.7146538430452,131191.46731190663,2662,166,1240.2162162162163,36,1,15,36.61313209494324,0.6168981481481481,45.38288288288289,1018.4684684684694,28.290790790790815,0
2699,4,0,0,37,0.0,0.0,1.0,37,1000,600,400,0.6,14,6,8,345.57057208619847,0.7276651651651651,0.011024732448566166,0.19416344068892896,129717.1051964129,1565.282850418018,131282.38804683092,2663,167,1241.2162162162163,36,1,15,36.52581251381826,0.6174768518518517,45.32657657657659,1018.6936936936959,28.29704704704711,0
2700,4,1,0,38,0.02631578947368421,0.0,1.0,38,850,600,250,0.7058823529411765,11,6,5,338.8460350573672,0.7353307254623044,0.02225327886476003,0.191957723392426,130038.81602993252,1212.6274430594267,131251.44347299196,2664,0,1209.5263157894738,37,1,16,36.37076256002294,0.6188063063063062,45.01096491228071,1019.9561403508791,27.56638217164538,0
2701,4,0,0,38,0.0,0.0,1.0,38,1000,800,200,0.8,12,8,4,358.52122958270996,0.7360419630156473,0.05864960756907922,0.20295836618069252,130010.85820877552,1722.3305488226904,131733.1887575982,2665,1,1210.5263157894738,37,1,18,35.89746174246497,0.6185247747747749,45.038377192982445,1019.8464912280681,27.56341868183968,1
2702,4,0,0,38,0.0,0.0,1.0,38,950,600,350,0.631578947368421,13,6,7,361.5178817176153,0.7342935040303461,0.06071351816032622,0.20538982950330467,130150.67737188369,1810.3594375192383,131961.03680940293,2666,2,1211.5263157894738,37,1,18,35.679042194999624,0.6199324324324325,44.901315789473685,1020.3947368421057,27.57823613086772,0
2703,4,0,0,38,0.0,0.0,1.0,38,800,600,200,0.75,10,6,4,361.73830162453055,0.7338489805595069,0.05731012998173801,0.2059585229249389,130234.60493853857,1822.168960641714,132056.7738991803,2667,3,1212.5263157894738,37,1,18,35.588207648512196,0.6207770270270271,44.81907894736841,1020.7236842105247,27.58712660028445,0
2704,4,0,0,38,0.0,0.0,1.0,38,1200,1000,200,0.8333333333333334,14,10,4,363.1251813065318,0.7347083926031295,0.05194386893465852,0.207509909846814,130377.57087746533,1868.6788183694975,132246.24969583482,2668,4,1213.5263157894738,36,2,19,35.40770757525637,0.6241319444444444,44.679054054054056,1021.2837837837841,28.368993993994003,0
2705,4,1,0,39,0.02564102564102564,0.0,1.0,39,1300,1000,300,0.7692307692307693,16,10,6,357.63746831957894,0.7424651372019794,0.05965305965306,0.2058402317661578,130654.64854570644,1545.3995460141666,132200.04809172062,2669,0,1183.3846153846155,37,2,15,35.2669633919634,0.625,44.40789473684211,1022.3684210526321,27.631578947368435,0
2706,4,0,0,39,0.0,0.0,1.0,39,750,600,150,0.8,9,6,3,358.5782076530306,0.7429712100764733,0.05893641707495445,0.20668111029494218,130710.70545744855,1574.0020967990279,132284.70755424758,2670,1,1184.3846153846155,37,2,15,35.186128386589466,0.625563063063063,44.3530701754386,1022.5877192982465,27.637505926979635,0
2707,4,0,0,39,0.0,0.0,1.0,39,750,500,250,0.6666666666666666,10,5,5,370.7374193408771,0.7429712100764733,0.046983678809999097,0.19261102204826056,126581.54776398031,1587.1580453844329,128168.70580936475,2671,2,1185.3846153846155,36,3,17,39.096538346762145,0.5856481481481481,48.42342342342343,1006.3063063063073,27.95295295295298,8
2708,4,2,1,40,0.04878048780487805,0.024390243902439025,0.975609756097561,41,850,500,350,0.5882352941176471,12,5,7,354.11232106944937,0.7605182926829268,0.05434240418487679,0.18617036066475728,127065.08333561619,799.0623173716128,127864.1456529878,2672,0,1128.5121951219512,38,3,18,39.01774045424041,0.5868969298245614,47.94337606837607,1008.2264957264957,26.532276203328834,0
2709,4,2,1,41,0.047619047619047616,0.023809523809523808,0.9761904761904762,42,1050,900,150,0.8571428571428571,12,9,3,353.71758219511116,0.7778987611304684,0.0682845352721555,0.18770268777798968,127442.37075617295,615.7243041858544,128058.09506035881,2673,0,1102.595238095238,38,4,15,38.64053186611645,0.5907346491228069,47.56944444444445,1009.7222222222232,26.57163742690061,0
2710,4,5,3,43,0.10869565217391304,0.06521739130434782,0.9347826086956522,46,1050,600,450,0.5714285714285714,15,6,9,332.61356047744067,0.8001811594202899,0.0887007247069782,0.18049507015633592,128340.82729591057,-662.4200956973849,127678.40720021319,2674,0,1007.6086956521739,42,4,18,38.25547480156834,0.5935019841269842,46.68120155038759,1013.2751937984485,24.125599852344013,0
2711,4,1,1,43,0.022727272727272728,0.022727272727272728,0.9772727272727273,44,1150,800,350,0.6956521739130435,15,8,7,343.4835148106066,0.7882751937984497,0.09240568706539398,0.18536201378890924,128118.80845561514,1.3397283363182169,128120.14818395146,2675,0,1054.340909090909,40,4,19,38.206852706953086,0.5942708333333333,46.900406504065046,1012.3983739837406,25.309959349593516,0
2712,4,1,0,44,0.022727272727272728,0.0,1.0,44,950,700,250,0.7368421052631579,12,7,5,342.83051392366957,0.786777660324172,0.10072754641244308,0.18536658010034576,128195.98458465555,-10.100944378324982,128185.88364027723,2676,0,1055.3181818181818,40,4,20,38.144547583207874,0.5950520833333333,46.82418699186993,1012.7032520325224,25.31758130081306,0
2713,4,1,1,44,0.022222222222222223,0.022222222222222223,0.9777777777777777,45,1050,700,350,0.6666666666666666,14,7,7,338.5905103914769,0.7930555555555556,0.10920237396465149,0.18468901799475343,128546.63190507694,-295.06605883092993,128251.56584624601,2677,0,1032.8444444444444,41,4,16,37.89416617752561,0.5970528455284552,46.47817460317461,1014.0873015873024,24.733836624080546,0
2714,4,1,1,44,0.022222222222222223,0.022222222222222223,0.9777777777777777,45,1050,900,150,0.8571428571428571,12,9,3,348.4490157463387,0.7948232323232324,0.12590420332355845,0.19103073049759084,128747.91843820861,-27.58290816326422,128720.33553004534,2678,0,1033.8222222222223,41,4,17,37.43890518084066,0.5990853658536586,46.279761904761905,1014.8809523809523,24.75319396051103,0
2715,4,0,0,44,0.0,0.0,1.0,44,950,500,450,0.5263157894736842,14,5,9,353.0141477058471,0.7868217054263567,0.12543469948837482,0.1934796530730289,128736.86814230941,289.1871571154698,129026.05529942489,2679,1,1058.2272727272727,40,4,17,37.3343514253288,0.6005208333333334,46.290650406504064,1014.8373983739832,25.37093495934958,0
2716,4,1,2,43,0.022222222222222223,0.044444444444444446,0.9555555555555556,45,950,600,350,0.631578947368421,13,6,7,344.16364943732356,0.7947811447811448,0.1240602938370543,0.18966999860157846,128955.22072742014,-123.66012409110681,128831.56060332902,2680,0,1035.6888888888889,42,3,17,37.33642593652611,0.5997023809523809,46.075581395348834,1015.6976744186038,24.18327796234771,0
2717,4,2,0,45,0.044444444444444446,0.0,1.0,45,1400,1100,300,0.7857142857142857,17,11,6,349.0359643938619,0.7938131313131314,0.1288588044618173,0.19319462957927286,129127.51379311654,14.029261312435295,129141.54305442897,2681,0,1036.4888888888888,42,3,19,37.03721358883911,0.6014384920634919,45.90600775193799,1016.3759689922491,24.19942783314879,0
2718,4,3,2,46,0.0625,0.041666666666666664,0.9583333333333334,48,1300,1100,200,0.8461538461538461,15,11,4,335.12282925078154,0.8209035165484634,0.1627151836027001,0.189293409218988,129924.46212838605,-891.8270799608991,129032.63504842515,2682,0,972.6458333333334,43,5,18,36.58159947984396,0.6080426356589148,45.123106060606055,1019.5075757575751,23.709478505990116,0
2719,4,0,0,46,0.0,0.0,1.0,46,1100,800,300,0.7272727272727273,14,8,6,347.9220346755176,0.8046900161030596,0.15633888663145057,0.19593504058042305,129807.25623582759,-167.43905895692478,129639.81717687067,2683,1,1015.9130434782609,41,5,19,36.37436721183799,0.6097560975609756,45.238095238095234,1019.0476190476185,24.854819976771182,0
2720,4,2,0,48,0.041666666666666664,0.0,1.0,48,1000,700,300,0.7,13,7,6,339.5145145084823,0.8162123226950354,0.16974778870538731,0.19320419415905096,130214.25637769754,-758.0739927685859,129456.18238492896,2684,0,974.5416666666666,43,5,21,36.175929362281195,0.6109496124031008,44.839015151515156,1020.6439393939403,23.735905567300936,0
2721,4,0,0,48,0.0,0.0,1.0,48,1200,900,300,0.75,15,9,6,335.3769954388283,0.8150856973995272,0.1641270033997082,0.19171050350042965,130389.20899667735,-854.0738347776427,129535.1351618997,2685,1,975.5416666666666,41,7,21,36.10439938481461,0.6155995934959348,44.66765873015873,1021.329365079365,24.9104723190089,0
2722,4,1,1,48,0.02040816326530612,0.02040816326530612,0.9795918367346939,49,1850,1600,250,0.8648648648648649,21,16,5,332.2234381492986,0.8230229591836735,0.1626263103666663,0.19106830126913582,130625.35085406635,-1120.639365960726,129504.71148810562,2686,0,956.6122448979592,43,6,10,35.946136328547205,0.6150678294573644,44.43655303030304,1022.2537878787888,23.77334390415788,0
2723,4,1,2,47,0.02040816326530612,0.04081632653061224,0.9591836734693877,49,1300,900,400,0.6923076923076923,17,9,8,335.03315191998064,0.8219600340136055,0.16754601578211625,0.1939471640580255,130877.70168895747,-1030.3262174211218,129847.37547153635,2687,0,957.5918367346939,44,5,13,35.61932555123218,0.6162405303030303,44.18981481481482,1023.2407407407406,23.255471380471377,0
2724,4,1,0,48,0.020833333333333332,0.0,1.0,48,750,400,350,0.5333333333333333,11,4,7,340.5909217234045,0.818040780141844,0.17069755600814696,0.19674134419551934,130794.81336805543,-690.4947916666771,130104.31857638876,2688,0,978.3958333333334,43,5,14,35.560930074677515,0.616763565891473,44.27083333333333,1022.9166666666656,23.788759689922458,0
2725,4,0,0,48,0.0,0.0,1.0,48,1000,800,200,0.8,12,8,4,342.4437372709306,0.8182439420803782,0.16468648773715922,0.19818449819027326,130867.47378795041,-637.0506377697509,130230.42315018066,2689,1,979.3958333333334,43,5,14,35.440093320993384,0.6174903100775195,44.1998106060606,1023.2007575757566,23.795366455250154,0
2726,4,1,3,46,0.02040816326530612,0.061224489795918366,0.9387755102040817,49,1400,1000,400,0.7142857142857143,18,10,8,336.6935045705745,0.8228103741496599,0.1620310723759002,0.19649141056208413,131188.89561672948,-965.9101948120306,130222.98542191744,2690,0,960.3877551020408,45,4,14,35.262673150604186,0.6180555555555556,43.885869565217384,1024.456521739129,22.765700483091752,0
2727,4,1,1,46,0.02127659574468085,0.02127659574468085,0.9787234042553191,47,1250,800,450,0.64,17,8,9,348.91671099575933,0.8117483811285846,0.16092356681630382,0.20269417316362998,131012.85515847392,-257.48509598829804,130755.37006248561,2691,0,1001.8723404255319,43,4,14,35.12751287269139,0.6189437984496124,44.05776515151515,1023.7689393939393,23.808579985905563,0
2728,4,0,0,46,0.0,0.0,1.0,46,1050,400,650,0.38095238095238093,17,4,13,348.58542459088494,0.8058373590982287,0.15548776809449283,0.20250172086255017,131012.85515847402,-66.16565154383866,130946.68950693018,2692,4,1024.6521739130435,43,3,14,35.13599189097524,0.6189437984496123,44.057765151515156,1023.7689393939401,23.80857998590558,0
2729,4,0,0,46,0.0,0.0,1.0,46,650,200,450,0.3076923076923077,11,2,9,350.5538734577088,0.8054146537842191,0.16183932261721878,0.20403065595111228,131085.57610910252,-9.488708103754902,131076.08740099877,2693,5,1025.6521739130435,43,3,15,35.012098514271635,0.6196705426356589,43.98674242424243,1024.0530303030314,23.815186751233288,0
2730,4,1,1,46,0.02127659574468085,0.02127659574468085,0.9787234042553191,47,1200,1000,200,0.8333333333333334,14,10,4,349.7080024176079,0.8103607770582794,0.16448851786568963,0.2047021617535961,131304.39921982164,-216.36016803841468,131088.03905178324,2694,0,1004.8085106382979,44,3,16,34.81269009546179,0.620501893939394,43.773148148148145,1024.9074074074072,23.293350168350162,0
2731,4,0,0,46,0.0,0.0,1.0,46,1250,1100,150,0.88,14,11,3,360.22973817910986,0.8046497584541064,0.1729406091778516,0.2104581947677088,131231.0785410927,254.6674127640028,131485.7459538567,2695,7,1027.6521739130435,43,3,16,34.617221195317306,0.6211240310077519,43.84469696969697,1024.6212121212118,23.828400281888648,0
2732,4,0,1,45,0.0,0.021739130434782608,0.9782608695652174,46,1350,900,450,0.6666666666666666,18,9,9,363.20972965827195,0.804549114331723,0.1710851891127605,0.21273712737127376,131328.12500000015,339.9305555555709,131668.0555555557,2696,8,1028.6521739130435,43,3,16,34.44275067750678,0.622093023255814,43.75000000000001,1025.0000000000011,23.837209302325608,0
2733,4,2,1,46,0.0425531914893617,0.02127659574468085,0.9787234042553191,47,700,600,100,0.8571428571428571,8,6,2,355.6149649942232,0.8083564600678383,0.1549061363977613,0.2047992079454424,130677.89019639428,-66.73483045806438,130611.15536593621,2697,0,1007.2553191489362,40,7,14,35.29511645628335,0.6200520833333334,44.385162601626014,1022.4593495934954,25.561483739837385,5
2734,4,0,0,46,0.0,0.0,1.0,46,1100,500,600,0.45454545454545453,17,5,12,364.63876492009143,0.8052133655394526,0.15574801475701006,0.21019722579098854,130714.91021050338,332.7446831597126,131047.6548936631,2698,1,1030.1521739130435,39,7,15,35.02693032494652,0.6220619658119659,44.34895833333333,1022.6041666666658,26.220619658119638,0
2735,4,0,0,46,0.0,0.0,1.0,46,1500,1200,300,0.8,18,12,6,363.76916951896044,0.8046900161030596,0.15141672976527332,0.20998527192866973,130768.17626953122,313.88617621527715,131082.0624457465,2699,2,1031.1521739130435,39,7,15,34.99518365753472,0.622596153846154,44.296875,1022.8124999999998,26.225961538461533,0
2736,4,0,0,46,0.0,0.0,1.0,46,1250,900,350,0.72,16,9,7,363.729112472008,0.8052737520128824,0.1560781918142946,0.21039737000589293,130848.09570312497,318.6523437499991,131166.74804687497,2700,3,1032.1521739130435,39,7,15,34.91524129505193,0.6233974358974359,44.21875,1023.1249999999998,26.233974358974354,0
2737,4,0,0,46,0.0,0.0,1.0,46,1500,1100,400,0.7333333333333333,19,11,8,367.0640097176525,0.8064009661835749,0.16326909805170686,0.2132095205381258,131008.00781249997,417.66493055555475,131425.67274305553,2701,4,1033.1521739130435,39,7,16,34.667955501288844,0.625,44.0625,1023.7499999999998,26.249999999999993,0
2738,4,0,0,46,0.0,0.0,1.0,46,800,500,300,0.625,11,5,6,368.7793137447744,0.8068438003220613,0.16279249755653113,0.2146518314638769,131088.0004882814,468.50857204862507,131556.50906033002,2702,5,1034.1521739130435,39,7,17,34.54304835045604,0.6258012820512819,43.98437500000001,1024.0625000000011,26.25801282051285,0
2739,4,0,0,46,0.0,0.0,1.0,46,1300,800,500,0.6153846153846154,18,8,10,369.32764143811175,0.8063607085346216,0.16978541645479428,0.21526963238061408,131141.3425021705,486.824544270871,131628.16704644138,2703,6,1035.1521739130435,39,7,18,34.47500338994543,0.62633547008547,43.932291666666686,1024.2708333333362,26.263354700854773,0
2740,4,0,0,46,0.0,0.0,1.0,46,1200,900,300,0.75,15,9,6,370.49850123770324,0.8062600644122383,0.16732209616703053,0.21656442828868225,131250.01161882837,525.5865184414367,131775.59813726982,2704,7,1036.1521739130435,40,6,18,34.33501933948231,0.6257812499999998,43.82621951219514,1024.695121951222,25.61737804878055,0
2741,4,0,1,45,0.0,0.021739130434782608,0.9782608695652174,46,1000,600,400,0.6,14,6,8,374.41180253221665,0.8048510466988729,0.1661573918222543,0.21752159738809398,131015.81090124924,615.7950996430696,131631.6060008923,2705,8,1037.1521739130435,40,6,14,34.47199060287208,0.6234375,44.05487804878049,1023.7804878048779,25.594512195121947,3
2742,4,1,0,46,0.021739130434782608,0.0,1.0,46,1450,1200,250,0.8275862068965517,17,12,5,372.4273274124462,0.807206119162641,0.1724249482401652,0.21724927432392724,131171.92147531253,570.401629321193,131742.32310463372,2706,0,1037.2391304347825,40,6,15,34.364666005291,0.625,43.902439024390254,1024.3902439024407,25.609756097561018,0
2743,4,1,1,46,0.02127659574468085,0.02127659574468085,0.9787234042553191,47,1600,1000,600,0.625,22,10,12,363.4414895013229,0.8126734505087881,0.1673344563102035,0.21367731729428974,131472.44953991155,156.97333095773584,131629.42287086928,2707,0,1016.1489361702128,36,11,15,34.290930053804765,0.6351273148148149,43.609234234234236,1025.5630630630633,28.48786286286287,0
2744,4,0,0,46,0.0,0.0,1.0,46,600,300,300,0.5,9,3,6,369.4134815480861,0.8068840579710145,0.17139505433555513,0.21670626619555938,131387.4488275891,507.25898062413575,131894.70780821325,2708,2,1039.2391304347825,35,11,16,34.223771355460215,0.6363095238095238,43.692129629629626,1025.231481481481,29.29232804232803,0
2745,4,0,1,45,0.0,0.021739130434782608,0.9782608695652174,46,1150,700,450,0.6086956521739131,16,7,9,367.829169357822,0.807487922705314,0.16371316711312556,0.2164476825264952,131506.13667052463,474.3586033950565,131980.4952739197,2709,3,1040.2391304347825,35,11,17,34.14438050101556,0.6375,43.576388888888886,1025.6944444444441,29.305555555555546,0
2746,4,0,0,45,0.0,0.0,1.0,45,1300,1000,300,0.7692307692307693,16,10,6,372.3549539123154,0.8021464646464647,0.16023327599038595,0.21891778988246965,131472.44953991144,790.8835778345817,132263.33311774602,2710,4,1064.088888888889,36,9,18,34.06239705720873,0.6351273148148149,43.60923423423423,1025.5630630630624,28.487862862862844,0
2747,4,0,0,45,0.0,0.0,1.0,45,1150,700,450,0.6086956521739131,16,7,9,369.6603866041271,0.7989057239057239,0.15537982949823115,0.2181136127264451,131609.25116381954,730.1453331794319,132339.39649699896,2711,5,1065.088888888889,37,8,15,33.99319655196979,0.6345720720720721,43.47587719298245,1026.0964912280695,27.732337600758633,0
2748,4,0,0,45,0.0,0.0,1.0,45,1150,800,350,0.6956521739130435,15,8,7,371.45836423860464,0.7996632996632997,0.1613781940108685,0.22008106537194724,131766.52444480947,789.1555263349874,132555.67997114448,2712,6,1066.088888888889,38,7,15,33.788154699965304,0.6343201754385965,43.32264957264956,1026.7094017093998,27.018668466036836,0
2749,4,0,0,45,0.0,0.0,1.0,45,1250,800,450,0.64,17,8,9,370.1798644775792,0.7996212121212122,0.15505412868415935,0.22043465985640104,131958.5539141828,769.6799209218955,132728.23383510468,2713,7,1067.088888888889,38,7,16,33.62708398322415,0.6362390350877194,43.135683760683754,1027.457264957264,27.038349077822737,0
2750,4,0,0,45,0.0,0.0,1.0,45,650,400,250,0.6153846153846154,9,4,5,370.6471913176401,0.7992424242424243,0.1518661170799831,0.2210885846154675,132023.05230034704,786.7947048610929,132809.84700520814,2714,8,1068.088888888889,39,6,16,33.54998648557334,0.6351495726495727,43.07291666666666,1027.708333333332,26.35149572649569,0
2751,4,1,1,45,0.021739130434782608,0.021739130434782608,0.9782608695652174,46,850,600,250,0.7058823529411765,11,6,5,359.705719423881,0.8053341384863124,0.15365568722109346,0.21610094942005612,132293.4340195154,317.34097180909896,132610.77499132452,2715,0,1045.8478260869565,40,6,16,33.55868648951232,0.6361979166666667,42.80995934959349,1028.7601626016253,25.719004065040632,0
2752,4,0,0,45,0.0,0.0,1.0,45,1150,800,350,0.6956521739130435,15,8,7,369.8423434184464,0.7986952861952863,0.1009353003567639,0.2223556489039252,132321.4396435658,787.6142644557825,133109.05390802157,2716,10,1070.088888888889,41,4,16,33.269754604184726,0.6349085365853657,42.782738095238095,1028.869047619048,25.09436701509873,3
2753,4,2,3,44,0.0425531914893617,0.06382978723404255,0.9361702127659575,47,1050,700,350,0.6666666666666666,14,7,7,339.19090515515825,0.8095513413506013,0.06912745912201834,0.20828003514899396,133113.6670524692,-364.8063507810454,132748.86070168813,2717,0,1025.5106382978724,41,6,12,33.26323463436519,0.6427845528455285,42.01388888888889,1031.944444444445,25.169376693766953,3
2754,4,1,0,45,0.022222222222222223,0.0,1.0,45,750,500,250,0.6666666666666666,10,5,5,362.0387128764205,0.796506734006734,0.024368205562614875,0.2279395736269941,134039.34383656492,728.6344516261199,134767.97828819105,2718,0,1071.4,37,8,18,31.745905689679507,0.658783783783784,41.11842105263157,1035.5263157894722,27.98719772403979,5
2755,4,0,1,44,0.0,0.022222222222222223,0.9777777777777777,45,1400,1100,300,0.7857142857142857,17,11,6,362.83754232089524,0.7960858585858587,0.030133022829117007,0.22897303021412763,134124.51577648852,733.081933864221,134857.59771035274,2719,1,1072.4,37,8,18,31.640004763416947,0.6596283783783785,41.036184210526294,1035.8552631578916,27.99608819345653,0
2756,4,0,0,44,0.0,0.0,1.0,44,1350,1000,350,0.7407407407407407,17,10,7,369.8685622436557,0.7895525017618041,0.024719454001706387,0.23365572951639887,134163.1068398894,1124.5430866023557,135287.64992649175,2720,2,1097.4772727272727,38,6,20,31.419296345948915,0.658168859649123,40.99893162393161,1036.0042735042714,27.263270355375564,0
2757,4,0,0,44,0.0,0.0,1.0,44,1000,600,400,0.6,14,6,8,370.59132172300565,0.7895304792107118,0.021508652205703305,0.23428908983505234,134190.7793209875,1145.9876543209716,135336.76697530848,2721,3,1098.4772727272727,38,6,20,31.37287756925826,0.6584429824561404,40.972222222222214,1036.11111111111,27.266081871344998,0
2758,4,0,0,44,0.0,0.0,1.0,44,1300,1100,200,0.8461538461538461,15,11,4,371.04049314486184,0.7879228329809725,0.027333645735707623,0.23492772738284307,134246.132843889,1162.150266637421,135408.28311052642,2722,4,1099.4772727272727,38,6,21,31.30584192439862,0.6589912280701755,40.91880341880341,1036.3247863247843,27.271704903283798,0
2759,4,0,1,43,0.0,0.022727272727272728,0.9772727272727273,44,950,600,350,0.631578947368421,13,6,7,370.42110813577244,0.7877906976744187,0.02861005553931606,0.23510400944943882,134334.72222222202,1152.0833333333096,135486.80555555533,2723,5,1100.4772727272727,39,5,21,31.23325294748124,0.6581196581196582,40.83333333333332,1036.666666666665,26.581196581196536,0
2760,4,0,0,43,0.0,0.0,1.0,43,600,300,300,0.5,9,3,6,367.0737303299305,0.7787006275378368,0.04609113101982176,0.2334964207945339,134415.72401258658,1268.096245659699,135683.82025824627,2724,6,1126.0232558139535,39,4,21,31.239013058764446,0.6589209401709404,40.75520833333332,1036.979166666665,26.589209401709358,0
2761,4,0,0,43,0.0,0.0,1.0,43,900,500,400,0.5555555555555556,13,5,8,367.44883594686905,0.7781469176818013,0.047969204032627166,0.23390796743523154,134442.73003472193,1280.1649305555227,135722.89496527746,2725,7,1127.0232558139535,39,4,21,31.20229007633587,0.6591880341880344,40.72916666666665,1037.083333333331,26.59188034188028,0
2762,4,0,0,43,0.0,0.0,1.0,43,750,500,250,0.6666666666666666,10,5,5,368.54244286382504,0.7774086378737541,0.050994676379938486,0.23530017505921114,134550.78124999974,1317.7083333333044,135868.48958333305,2726,8,1128.0232558139535,35,8,22,31.06593038821955,0.6678571428571429,40.624999999999986,1037.499999999998,29.642857142857086,0
2763,4,0,0,43,0.0,0.0,1.0,43,1250,800,450,0.64,17,8,9,368.1771948280774,0.7768087855297158,0.049337548665130626,0.23582273834123618,134667.6421987866,1316.3109477720927,135983.9531465587,2727,9,1129.0232558139535,36,7,22,30.95864525695273,0.6669560185185186,40.512387387387385,1037.9504504504503,28.83195695695695,0
2764,4,0,0,43,0.0,0.0,1.0,43,900,700,200,0.7777777777777778,11,7,4,367.13571382860164,0.7774086378737541,0.04477608175229619,0.2355340393727123,134726.09169558057,1292.5519691989143,136018.6436647795,2728,10,1130.0232558139535,36,7,22,30.92729688686407,0.6675347222222223,40.456081081081074,1038.1756756756747,28.838213213213187,0
2765,4,0,0,43,0.0,0.0,1.0,43,950,600,350,0.631578947368421,13,6,7,366.5167820375277,0.7770394979697305,0.04974269327467029,0.23584558148501758,134835.33394890715,1283.8825407817567,136119.2164896889,2729,11,1131.0232558139535,37,6,19,30.83430109797298,0.6666666666666667,40.350877192982445,1038.5964912280685,28.070175438596447,0
2766,4,0,0,43,0.0,0.0,1.0,43,1150,1000,150,0.8695652173913043,13,10,3,347.0640657996308,0.7777316352897748,0.09533670029500119,0.20955527419888986,132482.65241468544,611.4430642120757,133094.0954788975,2730,12,1132.0232558139535,37,6,20,33.693573152980434,0.6432995495495495,42.626096491228076,1029.4956140350887,27.824205784732126,6
2767,4,1,1,43,0.022727272727272728,0.022727272727272728,0.9772727272727273,44,1000,900,100,0.9,11,9,2,347.15357043547584,0.7872181113460184,0.08188822838968601,0.2047950178416649,131602.0390459491,340.9055686310361,131942.94461458013,2731,0,1107.2727272727273,38,6,16,34.57782347632929,0.6326754385964914,43.48290598290597,1026.0683760683742,27.001799370220372,3
2768,4,0,0,43,0.0,0.0,1.0,43,1400,1000,400,0.7142857142857143,18,10,8,342.5659808574756,0.7777316352897748,0.0423177237419472,0.19870444674767168,130954.69292534741,372.1245659722418,131326.81749131964,2732,14,1134.0232558139535,39,4,17,35.34881945857928,0.6244658119658119,44.11458333333334,1023.5416666666681,26.24465811965816,2
2769,4,0,0,43,0.0,0.0,1.0,43,950,800,150,0.8421052631578947,11,8,3,343.5418046732657,0.7782392026578073,0.04562190608702266,0.19954662271447143,131008.00781250013,401.345486111126,131409.35329861127,2733,15,1135.0232558139535,39,4,17,35.26997693664361,0.625,44.06250000000001,1023.750000000001,26.250000000000025,0
2770,4,1,1,43,0.022727272727272728,0.022727272727272728,0.9772727272727273,44,900,600,300,0.6666666666666666,12,6,6,336.9716076634206,0.7827255109231854,0.04976465708463329,0.19683358913456583,131223.97898902767,43.75103278471782,131267.7300218124,2734,0,1110.2045454545455,40,4,17,35.220153078092984,0.6255208333333333,43.85162601626016,1024.5934959349593,25.614837398373982,0
2771,4,2,1,44,0.044444444444444446,0.022222222222222223,0.9777777777777777,45,1150,700,450,0.6086956521739131,16,7,9,331.2701897988368,0.7921717171717172,0.05173734971594657,0.19482393679777749,131484.42147531238,-288.58483706787547,131195.8366382445,2735,0,1086.4888888888888,40,5,19,35.10371251156032,0.628125,43.59756097560976,1025.6097560975616,25.64024390243904,0
2772,4,1,1,44,0.022222222222222223,0.022222222222222223,0.9777777777777777,45,350,100,250,0.2857142857142857,6,1,5,331.2701897988368,0.7947811447811448,0.051556788655480634,0.19482393679777749,131484.42147531238,-288.62614845659937,131195.7953268558,2736,0,1087.4666666666667,40,5,19,35.10371251156032,0.628125,43.59756097560976,1025.6097560975616,25.64024390243904,0
2773,4,1,1,44,0.022222222222222223,0.022222222222222223,0.9777777777777777,45,950,700,250,0.7368421052631579,12,7,5,332.4057523472256,0.7914141414141415,0.058349564777216534,0.19616019178550165,131614.7395420218,-250.10069651003175,131364.63884551177,2737,0,1088.4444444444443,40,5,14,34.94334125647882,0.6294270833333334,43.470528455284544,1026.1178861788605,25.652947154471512,0
2774,4,1,1,44,0.022222222222222223,0.022222222222222223,0.9777777777777777,45,1050,700,350,0.6666666666666666,14,7,7,335.68963827075805,0.7887205387205387,0.06595819581958207,0.19850499686971027,131692.96136558906,-158.40748727611373,131534.55387831293,2738,0,1089.4222222222222,40,5,15,34.780321782178206,0.6302083333333335,43.39430894308942,1026.4227642276405,25.660569105691014,0
2775,4,0,0,44,0.0,0.0,1.0,44,650,500,150,0.7692307692307693,8,5,3,340.8362759764839,0.7805893234672304,0.06563400044309908,0.20075093575456993,131541.75347222202,166.84027777775782,131708.59374999977,2739,1,1115.1136363636363,39,5,19,34.800636339019775,0.6303418803418804,43.54166666666666,1025.8333333333317,26.30341880341876,0
2776,4,1,1,44,0.022222222222222223,0.022222222222222223,0.9777777777777777,45,1400,900,500,0.6428571428571429,19,9,10,334.7814179003963,0.7859427609427609,0.07142511599269974,0.1987838430846889,131849.47472569236,-171.84918038204756,131677.62554531032,2740,0,1091.3111111111111,40,5,15,34.64608483409196,0.6317708333333334,43.24186991869919,1027.0325203252032,25.67581300813008,0
2777,4,1,1,44,0.022222222222222223,0.022222222222222223,0.9777777777777777,45,1000,700,300,0.7,13,7,6,336.5385217212788,0.7823232323232323,0.0664337201125178,0.20065315634702638,132006.08103641993,-114.97372595679266,131891.10731046312,2741,0,1092.2888888888888,40,5,17,34.44340058016877,0.6333333333333335,43.08943089430893,1027.6422764227627,25.691056910569067,0
2778,4,0,1,43,0.0,0.022727272727272728,0.9772727272727273,44,550,200,350,0.36363636363636365,9,2,7,344.4531456569923,0.7790257223396758,0.059105659577214364,0.20474095655958985,131889.270019531,285.9347873263606,132175.20480685733,2742,4,1118.1136363636363,39,5,18,34.35767586113646,0.6338141025641028,43.203124999999986,1027.187499999998,26.338141025640972,0
2779,4,0,0,43,0.0,0.0,1.0,43,950,700,250,0.7368421052631579,12,7,5,352.69778257826914,0.7756090808416389,0.05363934616612909,0.20926735099643948,131821.37573964483,698.6213839579029,132519.99712360275,2743,5,1134.5581395348838,38,5,18,34.2143934665002,0.6348684210526316,43.26923076923076,1026.9230769230758,27.02429149797568,0
2780,4,0,0,43,0.0,0.0,1.0,43,750,400,350,0.5333333333333333,11,4,7,370.87329617086255,0.7773624953857512,0.041875967325343266,0.20995085378485662,130010.85820877586,1053.7839511895836,131064.64215996544,2744,6,1135.5581395348838,37,6,18,35.582531448231364,0.6185247747747746,45.03837719298246,1019.8464912280708,27.563418681839753,8
2781,4,0,0,43,0.0,0.0,1.0,43,800,400,400,0.5,12,4,8,373.5627452508993,0.7773624953857512,0.0419569581205359,0.21177661298410203,130066.77685682132,1117.6204457140607,131184.3973025354,2745,7,1136.5581395348838,37,6,18,35.45708821527104,0.6190878378378378,44.983552631578945,1020.0657894736842,27.569345661450924,0
2782,4,2,2,43,0.044444444444444446,0.044444444444444446,0.9555555555555556,45,1400,1200,200,0.8571428571428571,16,12,4,355.15016332382294,0.8010942760942762,0.058949121002889626,0.20400904318525429,130578.91506371243,275.4664449873835,130854.38150869981,2746,0,1087.0,36,9,17,35.40725539885412,0.6261574074074073,44.48198198198199,1022.0720720720726,28.390890890890905,0
2783,4,0,0,43,0.0,0.0,1.0,43,1350,800,550,0.5925925925925926,19,8,11,367.9676427866367,0.7849760059062384,0.05401673364516779,0.21045459802929803,130410.31867551866,997.3555116169393,131407.6741871356,2747,1,1136.9302325581396,35,8,19,35.250826251180364,0.6264880952380951,44.64699074074074,1021.4120370370368,29.183201058201053,0
2784,4,0,0,43,0.0,0.0,1.0,43,850,500,350,0.5882352941176471,12,5,7,366.56237957694844,0.7843300110741971,0.05066332283116082,0.2101306939548897,130498.99798525375,967.2046467764012,131466.20263203015,2748,2,1137.9302325581396,35,8,17,35.19672254946382,0.6273809523809524,44.56018518518518,1021.7592592592591,29.19312169312169,0
2785,4,0,0,43,0.0,0.0,1.0,43,550,400,150,0.7272727272727273,7,4,3,366.6295704002968,0.7841915836101883,0.049925325368039175,0.21032959565069656,130528.56445312499,971.1263020833317,131499.6907552083,2749,3,1138.9302325581396,35,8,18,35.165010193679926,0.6276785714285715,44.53125,1021.8749999999999,29.19642857142857,0
2786,4,0,0,43,0.0,0.0,1.0,43,1000,700,300,0.7,13,7,6,365.11253544423437,0.7843300110741971,0.0465748230535894,0.20993970788043478,130617.28395061726,938.0015432098728,131555.28549382713,2750,4,1139.9302325581396,35,8,18,35.11379076086957,0.6285714285714286,44.44444444444444,1022.2222222222221,29.206349206349202,0
2787,4,0,0,43,0.0,0.0,1.0,43,1150,700,450,0.6086956521739131,16,7,9,367.165394623132,0.7827611664820967,0.04381652226094079,0.21176719496670982,130735.62349965707,1000.3193587105587,131735.94285836763,2751,5,1140.9302325581396,35,8,18,34.941338463859964,0.6297619047619047,44.3287037037037,1022.6851851851852,29.21957671957672,0
2788,4,0,0,43,0.0,0.0,1.0,43,1050,900,150,0.8571428571428571,12,9,3,362.11055180451183,0.7831303063861204,0.04840055490429962,0.20956283271947743,130866.81909950497,877.6512154046003,131744.47031490956,2752,6,1141.9302325581396,36,7,18,34.93767884657715,0.6290509259259258,44.200450450450454,1023.1981981981987,28.422172172172186,0
2789,4,1,0,44,0.022727272727272728,0.0,1.0,44,800,300,500,0.375,13,3,10,357.86836476308406,0.7910940803382664,0.057895410460850005,0.2088618228675114,131191.27498584625,589.8414100737748,131781.11639592002,2753,0,1116.9545454545455,38,6,19,34.71794938644976,0.6285635964912281,43.883547008547005,1024.4658119658116,26.959626630679253,0
2790,4,1,1,44,0.022222222222222223,0.022222222222222223,0.9777777777777777,45,1300,900,400,0.6923076923076923,17,9,8,353.10464586686766,0.7982744107744109,0.05630800375614364,0.2082288950480927,131587.9662390432,293.0784614776432,131881.04470052084,2754,0,1093.111111111111,36,9,14,34.43936816302639,0.6362847222222221,43.49662162162163,1026.0135135135142,28.500375375375395,0
2791,4,0,0,44,0.0,0.0,1.0,44,1000,800,200,0.8,12,8,4,359.49099689735954,0.7906316067653277,0.054577771850088386,0.2113768894165564,131476.4596863212,652.9207122342293,132129.38039855543,2755,2,1118.9545454545455,35,9,19,34.388166309295414,0.637202380952381,43.605324074074076,1025.5787037037042,29.30224867724869,0
2792,4,1,1,44,0.022222222222222223,0.022222222222222223,0.9777777777777777,45,1050,700,350,0.6666666666666666,14,7,7,356.0822150026863,0.796422558922559,0.06074252781128564,0.21126309164668167,131819.15181651246,387.6911117198298,132206.84292823228,2756,0,1095.0666666666666,36,9,14,34.129747413824624,0.6385995370370371,43.2713963963964,1026.9144144144145,28.525400400400404,0
2793,4,0,0,44,0.0,0.0,1.0,44,950,600,350,0.631578947368421,13,6,7,366.5133168659149,0.79065362931642,0.06590627210201006,0.2168516749355435,131713.96933138277,854.9847554440914,132568.95408682685,2757,4,1120.9545454545455,35,9,14,33.96815217799828,0.6395833333333334,43.37384259259259,1026.5046296296289,29.32870370370368,0
2794,4,0,0,44,0.0,0.0,1.0,44,950,600,350,0.631578947368421,13,6,7,363.605422718999,0.7907417195207893,0.061212586492253473,0.21556269469127642,131790.24252292822,783.9293685577395,132574.17189148595,2758,5,1121.9545454545455,36,8,14,33.96578196973021,0.6383101851851853,43.299549549549546,1026.801801801801,28.52227227227225,0
2795,4,0,1,43,0.0,0.022727272727272728,0.9772727272727273,44,1250,1100,150,0.88,14,11,3,365.34173976608196,0.7900810429880197,0.056424441786283586,0.21692165798611118,131848.0642804967,833.9202378053703,132681.98451830208,2759,6,1122.9545454545455,36,8,15,33.86284722222222,0.638888888888889,43.24324324324324,1027.0270270270269,28.528528528528525,0
2796,4,0,0,43,0.0,0.0,1.0,43,1000,500,500,0.5,15,5,10,373.82868805906986,0.7840531561461793,0.07639474635498256,0.22274168406633685,131981.42387902943,1267.688507373109,133249.11238640253,2760,7,1149.1162790697674,35,8,16,33.51026882931591,0.6422619047619048,43.113425925925924,1027.5462962962958,29.358465608465597,0
2797,4,0,0,43,0.0,0.0,1.0,43,1150,700,450,0.6086956521739131,16,7,9,370.60387715720026,0.7830841638981173,0.07781954493576126,0.22186286015259876,132159.8776148833,1195.7926097393567,133355.67022462265,2761,8,1150.1162790697674,35,8,17,33.41306468557707,0.644047619047619,42.93981481481481,1028.2407407407397,29.378306878306848,0
2798,4,1,1,43,0.022727272727272728,0.022727272727272728,0.9772727272727273,44,1600,1000,600,0.625,22,10,12,362.8736540069369,0.7910500352360817,0.07397927003616167,0.2191432513863122,132489.90929705216,815.848170543939,133305.7574675961,2762,0,1124.9545454545455,34,10,17,33.279370952821466,0.6495098039215685,42.61904761904762,1029.5238095238094,30.280112044817923,0
2799,4,0,0,43,0.0,0.0,1.0,43,700,400,300,0.5714285714285714,10,4,6,371.9698704703531,0.7819767441860465,0.07830067753158731,0.2237355986793937,132338.4519140089,1245.1833633401886,133583.6352773491,2763,10,1152.1162790697674,35,8,17,33.19788151481064,0.6458333333333333,42.7662037037037,1028.9351851851852,29.39814814814815,0
2800,4,1,0,44,0.022727272727272728,0.0,1.0,44,750,600,150,0.8,9,6,3,364.5505903091668,0.7875704721634954,0.08479718016872728,0.22105509866469655,132643.15653344675,871.0549947859795,133514.21152823273,2764,0,1126.909090909091,34,10,15,33.08197542278208,0.6510416666666667,42.470238095238095,1030.1190476190477,30.29761904761905,0
2801,4,1,0,45,0.022222222222222223,0.0,1.0,45,950,700,250,0.7368421052631579,12,7,5,354.9286218489019,0.7919191919191919,0.08621583881906991,0.2172475190877344,132994.25582990397,440.6935871056169,133434.94941700957,2765,0,1102.8444444444444,35,10,16,32.977072112507486,0.6523809523809524,42.129629629629626,1031.4814814814813,29.470899470899464,0
2802,4,0,0,45,0.0,0.0,1.0,45,950,500,450,0.5263157894736842,14,5,9,353.9551591312139,0.7923400673400673,0.0865696263949538,0.21672655465520865,133007.16256797354,415.7142784676739,133422.8768464412,2766,1,1103.8444444444444,36,9,16,32.98921943231439,0.6504629629629629,42.117117117117125,1031.531531531533,28.65365365365369,0
2803,4,0,0,45,0.0,0.0,1.0,45,1550,1300,250,0.8387096774193549,18,13,5,366.8454578889161,0.7905723905723906,0.11085994367021468,0.21665992597159336,131645.74361100933,658.728618821485,132304.4722298308,2767,2,1104.8444444444444,36,9,22,34.02853981491642,0.6368634259259262,43.440315315315296,1026.238738738736,28.506631631631553,7
2804,4,0,1,44,0.0,0.022222222222222223,0.9777777777777777,45,1600,1100,500,0.6875,21,11,10,368.7499771363818,0.7896885521885523,0.10729852274389362,0.2182808306217694,131732.43344696012,715.2663643372705,132447.69981129738,2768,3,1105.8444444444444,36,9,22,33.892103627321916,0.6377314814814817,43.355855855855836,1026.5765765765739,28.51601601601594,0
2805,4,0,0,44,0.0,0.0,1.0,44,1050,700,350,0.6666666666666666,14,7,7,371.12533651629747,0.7854342847075405,0.12009181080416442,0.22009518620137594,131803.09070644688,983.0932784636077,132786.1839849105,2769,4,1131.2954545454545,35,9,22,33.75976856026449,0.6404761904761906,43.28703703703702,1026.8518518518492,29.338624338624264,0
2806,4,0,0,44,0.0,0.0,1.0,44,950,700,250,0.7368421052631579,12,7,5,370.3812418170996,0.7856324876673714,0.11824583866837357,0.22016969331056652,131892.2422223293,970.0824920696009,132862.3247143989,2770,5,1132.2954545454545,35,9,22,33.68884976525821,0.6413690476190477,43.200231481481474,1027.1990740740735,29.348544973544957,0
2807,4,1,1,44,0.022222222222222223,0.022222222222222223,0.9777777777777777,45,900,500,400,0.5555555555555556,13,5,8,362.8134995392443,0.7896464646464647,0.11427458996447215,0.21740241980264957,132195.26113951797,592.4450633065613,132787.70620282454,2771,0,1108.111111111111,36,9,22,33.5776664476566,0.6423611111111112,42.90540540540541,1028.378378378379,28.566066066066085,0
2808,4,0,0,44,0.0,0.0,1.0,44,900,800,100,0.8888888888888888,10,8,2,372.0233747260775,0.7855223749119098,0.11898034398034385,0.22201394943330427,132040.8950617283,1024.4598765431992,133065.3549382715,2772,7,1134.2954545454545,35,9,22,33.49662162162162,0.6428571428571429,43.05555555555555,1027.7777777777771,29.365079365079346,0
2809,4,0,0,44,0.0,0.0,1.0,44,750,500,250,0.6666666666666666,10,5,5,371.8249240549404,0.7847956307258633,0.12266381445620356,0.22224421099972916,132100.37964034613,1023.6427254800774,133124.0223658262,2773,8,1135.2954545454545,35,9,22,33.441698566388936,0.6434523809523811,42.99768518518517,1028.0092592592573,29.371693121693067,0
2810,4,0,0,44,0.0,0.0,1.0,44,1100,800,300,0.7272727272727273,14,8,6,370.50906681009445,0.7839587737843552,0.12265873543582573,0.22233045757875133,132249.14969403707,999.9018079132239,133249.0515019503,2774,9,1136.2954545454545,35,9,22,33.32548010202168,0.6449404761904762,42.85300925925925,1028.587962962962,29.388227513227484,0
2811,4,0,0,44,0.0,0.0,1.0,44,750,300,450,0.4,12,3,9,369.44284914388527,0.7832320295983087,0.1217470269194405,0.22188431472251113,132282.13168827622,974.1375243486839,133256.2692126249,2775,10,1137.2954545454545,36,8,22,33.31964969896005,0.6432291666666666,42.82094594594595,1028.716216216217,28.57545045045047,0
2812,4,1,0,45,0.022222222222222223,0.0,1.0,45,750,400,350,0.5333333333333333,11,4,7,358.5174870071308,0.7902356902356903,0.12906767720934753,0.2174879291207715,132658.9004545086,512.1578504179907,133171.05830492658,2776,0,1113.0,36,9,15,33.22151472088616,0.6469907407407407,42.45495495495496,1030.1801801801805,28.616116116116125,0
2813,4,0,0,45,0.0,0.0,1.0,45,1000,900,100,0.9,11,9,2,358.22899920228366,0.7907407407407407,0.13583916083916092,0.21798615696138976,132774.93709926153,512.7665672429328,133287.70366650447,2777,1,1114.0,36,9,15,33.11229785839162,0.6481481481481481,42.34234234234235,1030.6306306306315,28.62862862862865,0
2814,4,0,0,45,0.0,0.0,1.0,45,900,600,300,0.6666666666666666,12,6,6,358.4101668637989,0.7910774410774412,0.14075492212058927,0.21853258034068962,132849.7770948753,522.942155278542,133372.71925015384,2778,2,1115.0,37,8,15,33.032422179678086,0.6469594594594594,42.26973684210526,1030.9210526315785,27.862731152204823,0
2815,4,0,0,45,0.0,0.0,1.0,45,1600,1400,200,0.875,18,14,4,355.8384858376192,0.7921717171717172,0.13403265055401992,0.21762137826974295,132962.84072983998,462.6591835949555,133425.49991343493,2779,3,1116.0,37,8,16,32.98515132185129,0.6480855855855856,42.16008771929825,1031.3596491228072,27.874585111427223,0
2816,4,0,0,45,0.0,0.0,1.0,45,600,400,200,0.6666666666666666,8,4,4,354.99079521264304,0.7914983164983166,0.1309429327286471,0.21743186206774376,133019.39058171737,444.1318482609953,133463.52242997836,2780,4,1117.0,37,8,17,32.950237386621325,0.6486486486486487,42.10526315789473,1031.5789473684204,27.880512091038387,0
2817,4,1,1,45,0.021739130434782608,0.021739130434782608,0.9782608695652174,46,1450,1000,450,0.6896551724137931,19,10,9,350.5463059313217,0.7952697262479872,0.14796633941093962,0.21733870967741936,133472.22222222216,158.4083564173552,133630.6305786395,2781,0,1093.695652173913,37,9,20,32.61088709677419,0.6531531531531531,41.666666666666664,1033.333333333333,27.927927927927918,0
2818,4,1,1,45,0.021739130434782608,0.021739130434782608,0.9782608695652174,46,1400,1000,400,0.7142857142857143,18,10,8,347.3333002581833,0.8003019323671497,0.14112332292536256,0.2158412011558267,133557.2138181939,77.77356975221846,133634.98738794614,2782,0,1094.304347826087,37,9,21,32.60879654184789,0.6539977477477478,41.5844298245614,1033.6622807017534,27.936818397344688,0
2819,4,0,0,45,0.0,0.0,1.0,45,650,300,350,0.46153846153846156,10,3,7,390.492602013051,0.7917929292929293,0.13216211335551975,0.22944769943659102,131450.1771541951,1301.7814620943136,132751.9586162894,2783,2,1119.6222222222223,34,11,21,33.619930732915414,0.6390931372549019,43.63095238095239,1025.4761904761913,30.16106442577033,6
2820,4,0,1,44,0.0,0.022222222222222223,0.9777777777777777,45,1100,900,200,0.8181818181818182,13,9,4,388.0947881505036,0.7936447811447812,0.1309265944645004,0.2287282049312544,131565.5006858712,1211.9770233196311,132777.47770919083,2784,3,1120.6222222222223,35,10,16,33.56460589651023,0.638095238095238,43.518518518518526,1025.925925925927,29.312169312169342,0
2821,4,0,1,43,0.0,0.022727272727272728,0.9772727272727273,44,1350,1100,250,0.8148148148148148,16,11,5,397.757695976563,0.7895304792107118,0.14368625341476005,0.23465253809869943,131602.8220663266,1669.2070578231373,133272.02912414973,2785,9,1147.0227272727273,34,10,17,33.27894767374406,0.640625,43.48214285714286,1026.0714285714291,30.178571428571445,0
2822,4,1,1,43,0.022727272727272728,0.022727272727272728,0.9772727272727273,44,700,400,300,0.5714285714285714,10,4,6,388.22583410221523,0.7969300563777308,0.14459852668463058,0.23041657698922774,131832.8045294282,1436.180100094313,133268.9846295225,2786,0,1130.5454545454545,35,9,17,33.290718096096775,0.6407738095238094,43.258101851851855,1026.9675925925928,29.341931216931226,0
2823,4,1,1,43,0.022727272727272728,0.022727272727272728,0.9772727272727273,44,1000,700,300,0.7,13,7,6,389.0919036294908,0.7978550035236082,0.15219600653620846,0.23172810239657168,131963.74584043518,1469.2050158266597,133432.95085626183,2787,0,1131.5227272727273,36,8,18,33.13605143942716,0.6400462962962962,43.13063063063064,1027.4774774774787,28.541041041041076,0
2824,4,0,1,42,0.0,0.023255813953488372,0.9767441860465116,43,1000,800,200,0.8,12,8,4,390.2242319310639,0.7973421926910299,0.15200850426522394,0.2332416977127664,132100.37964034636,1709.7538365912178,133810.13347693757,2788,1,1146.0232558139535,35,8,19,32.96883209487351,0.6434523809523809,42.99768518518518,1028.0092592592591,29.371693121693117,0
2825,4,0,0,42,0.0,0.0,1.0,42,1150,900,250,0.782608695652174,14,9,5,386.590350629547,0.7971109175377468,0.15616443494242493,0.2319803137099787,132249.14969403722,1825.2490301354605,134074.39872417267,2789,2,1167.0238095238096,35,7,19,32.911954727879674,0.6449404761904761,42.85300925925926,1028.587962962963,29.388227513227516,0
2826,4,0,0,42,0.0,0.0,1.0,42,900,700,200,0.7777777777777778,11,7,4,392.3038866485897,0.7972319008904375,0.15475387005195818,0.23596627552814356,132338.45191400888,1983.3778077846346,134321.8297217935,2790,3,1168.0238095238096,35,7,19,32.67482189726284,0.6458333333333334,42.7662037037037,1028.935185185185,29.39814814814814,0
2827,4,0,0,42,0.0,0.0,1.0,42,1200,1000,200,0.8333333333333334,14,10,4,392.6846245082627,0.7970867208672087,0.1541066472842607,0.2371464129013586,132489.9092970521,2005.3634526083983,134495.2727496605,2791,4,1169.0238095238096,34,8,19,32.51209335491828,0.6495098039215687,42.61904761904761,1029.523809523809,30.280112044817912,0
2828,4,1,0,43,0.023255813953488372,0.0,1.0,43,1050,900,150,0.8571428571428571,12,9,3,382.5690290117154,0.7978036175710594,0.14560489041460456,0.2316028460448109,132581.84700963707,1551.5979308389883,134133.44494047607,2792,0,1142.8139534883721,34,9,19,32.67974800601085,0.6504289215686274,42.5297619047619,1029.8809523809516,30.290616246498576,1
2829,4,0,1,42,0.0,0.023255813953488372,0.9767441860465116,43,1050,800,250,0.7619047619047619,13,8,5,379.8958993359431,0.7978959025470653,0.14399690688792166,0.23068439944669597,132695.96220207462,1482.1303798010808,134178.0925818757,2793,1,1143.8139534883721,35,8,17,32.6335842132854,0.6494047619047618,42.418981481481474,1030.324074074073,29.437830687830658,0
2830,4,0,0,42,0.0,0.0,1.0,42,1450,1100,350,0.7586206896551724,18,11,7,393.28959087826644,0.7965301974448316,0.24626762629662302,0.2148685111352745,128610.25694744803,1748.3786692024873,130358.63561665051,2794,7,1172.0238095238096,33,9,17,36.44222443719545,0.6126893939393939,46.41544117647059,1014.338235294117,30.737522281639908,7
2831,4,1,0,43,0.023255813953488372,0.0,1.0,43,1250,1100,150,0.88,14,11,3,391.5042617955165,0.7991878922111479,0.26748271748190056,0.21677453872957977,129140.88010204083,1511.840986394563,130652.72108843538,2795,0,1145.7441860465117,34,9,18,35.9444542047318,0.6158088235294117,45.892857142857146,1016.4285714285716,29.89495798319328,0
2832,4,1,0,44,0.022727272727272728,0.0,1.0,44,1450,1000,450,0.6896551724137931,19,10,9,385.339766829417,0.8058051444679352,0.2735432325831113,0.21550296573959093,129534.44054705222,1182.9683956916206,130717.40894274384,2796,0,1120.6818181818182,34,10,16,35.69928468405256,0.6197916666666666,45.50595238095239,1017.9761904761909,29.940476190476204,0
2833,4,1,0,45,0.022222222222222223,0.0,1.0,45,850,600,250,0.7058823529411765,11,6,5,378.24172723830475,0.8162457912457913,0.27587042082954905,0.21356109830224268,129908.37191358017,827.353395061721,130735.7253086419,2797,0,1096.7555555555555,35,10,18,35.49897820163488,0.6214285714285714,45.138888888888886,1019.4444444444438,29.12698412698411,0
2834,4,1,0,46,0.021739130434782608,0.0,1.0,46,1400,1100,300,0.7857142857142857,17,11,6,369.6793002915451,0.8216988727858293,0.27675244010647715,0.21063122923588048,130262.58680555562,431.0763888888979,130693.66319444453,2798,0,1073.891304347826,36,10,19,35.35714285714286,0.622974537037037,44.79166666666667,1020.8333333333339,28.3564814814815,0
2835,4,0,0,46,0.0,0.0,1.0,46,1100,800,300,0.7272727272727273,14,8,6,365.53239372715495,0.8216384863123993,0.2733848397650678,0.20890270999018215,130380.76560356635,331.67866941013085,130712.44427297649,2799,1,1074.891304347826,35,11,19,35.34300392867935,0.6261904761904763,44.67592592592592,1021.2962962962949,29.17989417989414,0
2836,4,1,1,46,0.02127659574468085,0.02127659574468085,0.9787234042553191,47,1300,800,500,0.6153846153846154,18,8,10,357.77022100956907,0.8286694418748072,0.2678474759381604,0.2059731031417802,130665.2529852486,-50.37271223928366,130614.88027300932,2800,0,1053.0,36,11,16,35.25282703675149,0.627025462962963,44.397522522522515,1022.4099099099086,28.400275275275238,0
2837,4,2,1,47,0.041666666666666664,0.020833333333333332,0.9791666666666666,48,800,600,200,0.75,10,6,4,351.63555146167397,0.8313386524822695,0.27602862409571527,0.2044948498306238,131054.49631090641,-383.3159836365105,130671.1803272699,2801,0,1032.0208333333333,38,10,19,35.015824986087935,0.6271929824561404,44.01709401709401,1023.9316239316227,26.945569050832177,0
2838,4,2,1,48,0.04081632653061224,0.02040816326530612,0.9795918367346939,49,1000,700,300,0.7,13,7,6,345.03271861986934,0.8357780612244898,0.27592500414800103,0.2020905923344948,131328.12499999985,-736.6439294324047,130591.48107056745,2802,0,1011.8571428571429,36,13,20,34.90853658536586,0.6336805555555556,43.74999999999999,1024.9999999999989,28.47222222222219,0
2839,4,0,0,48,0.0,0.0,1.0,48,600,400,200,0.6666666666666666,8,4,4,340.2290740485305,0.8300458037825059,0.2876967969598261,0.19707608628848888,130901.38888888927,-692.708333333294,130208.68055555597,2803,1,1033.9375,39,9,19,35.46247285559174,0.6239316239316237,44.166666666666686,1023.3333333333363,26.239316239316317,1
2840,4,0,0,48,0.0,0.0,1.0,48,1100,700,400,0.6363636363636364,15,7,8,338.05451385338966,0.8285128546099291,0.28597136026045344,0.1964954356395608,131034.66932508702,-740.6277126735904,130294.04161241342,2804,2,1034.9375,39,9,19,35.38349526910165,0.6252670940170939,44.03645833333334,1023.8541666666683,26.252670940170983,0
2841,4,2,1,49,0.04,0.02,0.98,50,1200,800,400,0.6666666666666666,16,8,8,326.8608293446197,0.8352551020408163,0.2841149653121904,0.19196890384675308,131432.31232236128,-1407.6568448194198,130024.65547754186,2805,0,994.5,40,10,20,35.269243475388166,0.6276041666666665,43.64837398373985,1025.4065040650428,25.63516260162607,0
2842,4,0,0,49,0.0,0.0,1.0,49,1100,700,400,0.6363636363636364,15,7,8,333.2700801359832,0.8308177437641724,0.2913935836369894,0.19602014390793857,131488.330078125,-1035.7747395833333,130452.55533854167,2806,1,1015.795918367347,39,10,21,35.04849685151332,0.6298076923076923,43.59375,1025.625,26.298076923076923,0
2843,4,1,1,49,0.02,0.02,0.98,50,850,400,450,0.47058823529411764,13,4,9,327.7603069702862,0.8365306122448979,0.2920047520047522,0.1939488494848776,131719.04047070193,-1365.5453722982397,130353.4950984037,2807,0,996.46,40,10,17,34.95755370755369,0.63046875,43.36890243902439,1026.5243902439022,25.663109756097555,0
2844,4,0,1,48,0.0,0.02040816326530612,0.9795918367346939,49,1100,700,400,0.6363636363636364,15,7,8,333.1004098168113,0.8307114512471655,0.2940830412554789,0.19674491831626045,131648.6328125,-1029.5572916666677,130619.07552083333,2808,3,1017.795918367347,39,10,17,34.89139261063744,0.6314102564102565,43.4375,1026.25,26.314102564102566,0
2845,4,0,0,48,0.0,0.0,1.0,48,1200,1000,200,0.8333333333333334,14,10,4,337.17118029695246,0.8274046985815603,0.2950452209839256,0.19847826499270615,131519.8348696945,-731.0604089049777,130788.77446078951,2809,7,1039.9375,38,10,22,34.91671874457522,0.6318530701754387,43.56303418803418,1025.747863247862,26.993364822312156,0
2846,4,0,0,48,0.0,0.0,1.0,48,900,700,200,0.7777777777777778,11,7,4,336.5998670205616,0.8273862293144207,0.29576652089407185,0.19856911074112232,131602.03904594918,-740.554231499759,130861.48481444942,2810,8,1040.9375,38,10,17,34.848544009440516,0.6326754385964912,43.482905982905976,1026.068376068375,27.001799370220397,0
2847,4,0,0,48,0.0,0.0,1.0,48,1000,300,700,0.3,17,3,14,337.5310361107111,0.8266289893617021,0.2975459590704128,0.19997985555018064,131766.5244448095,-704.9416958872356,131061.58274892227,2811,9,1041.9375,38,10,17,34.65899236905998,0.6343201754385965,43.32264957264956,1026.7094017094,27.018668466036843,0
2848,4,0,0,48,0.0,0.0,1.0,48,2000,1600,400,0.8,24,16,8,337.7713053241851,0.8259086879432624,0.2898249526899166,0.20119421230179718,131969.53125,-684.8958333333319,131284.63541666666,2812,10,1042.9375,39,9,18,34.448499594485,0.6346153846153846,43.125,1027.5,26.346153846153847,0
2849,4,0,0,48,0.0,0.0,1.0,48,1350,1000,350,0.7407407407407407,17,10,7,342.4739454161295,0.8269799054373522,0.2909763738305129,0.20471686052766727,132103.35422092036,-551.6086154513637,131551.74560546898,2813,11,1043.9375,39,9,18,34.19303289762557,0.6359508547008547,42.99479166666668,1028.020833333335,26.35950854700859,0
2850,4,1,0,49,0.02040816326530612,0.0,1.0,49,1250,900,350,0.72,16,9,7,339.8628877840167,0.8291524943310657,0.2990021405387544,0.20564584904897312,132562.98539201208,-788.6957272661684,131774.2896647459,2814,0,1023.6122448979592,38,11,20,33.79824151882976,0.6422697368421051,42.548076923076934,1029.8076923076942,27.100202429149846,0
2851,4,0,0,49,0.0,0.0,1.0,49,1000,700,300,0.7,13,7,6,344.34956633342733,0.8292942176870749,0.29792000272563146,0.2002576604210901,131054.49631090643,-764.9655973774702,130289.53071352896,2815,1,1024.6122448979593,38,11,17,35.20233375069561,0.6271929824561404,44.01709401709401,1023.9316239316228,26.945569050832177,3
2852,4,0,0,49,0.0,0.0,1.0,49,1250,900,350,0.72,16,9,7,344.72713598213994,0.8290107709750567,0.2962089636505536,0.20079130337537937,131114.67013888905,-760.2430555555356,130354.42708333352,2816,2,1025.6122448979593,39,10,17,35.13188228912396,0.6260683760683761,43.95833333333334,1024.166666666668,26.260683760683797,0
2853,4,0,0,49,0.0,0.0,1.0,49,1200,700,500,0.5833333333333334,17,7,10,342.71374992924666,0.8285501700680272,0.2883081041262461,0.20003499884594325,131194.69536675364,-807.5547960069271,130387.14057074672,2817,3,1026.6122448979593,39,10,17,35.10263091001526,0.626869658119658,43.88020833333334,1024.479166666668,26.268696581196618,0
2854,4,0,0,49,0.0,0.0,1.0,49,1500,1300,200,0.8666666666666667,17,13,4,343.7107541807125,0.8278415532879819,0.28919860627177707,0.2013162988772743,131328.12499999988,-772.0187717014055,130556.10622829848,2818,4,1027.6122448979593,36,13,18,34.94241192411924,0.6336805555555556,43.74999999999999,1024.999999999999,28.472222222222197,0
2855,4,0,0,49,0.0,0.0,1.0,49,1250,1000,250,0.8,15,10,5,345.4506020774239,0.8284438775510204,0.2876148043227833,0.202946656936582,131443.5782911289,-718.5473480237056,130725.0309431052,2819,5,1028.6122448979593,36,13,18,34.78132549967055,0.634837962962963,43.637387387387385,1025.45045045045,28.484734734734722,0
2856,4,0,0,49,0.0,0.0,1.0,49,1000,400,600,0.4,16,4,12,342.8796522784198,0.829187925170068,0.28534693429561475,0.2021991269843807,131587.96623904307,-776.2327783864948,130811.73346065659,2820,6,1029.6122448979593,36,13,16,34.70164270295978,0.6362847222222223,43.49662162162162,1026.0135135135133,28.50037537537537,0
2857,4,0,0,49,0.0,0.0,1.0,49,1200,900,300,0.75,15,9,6,343.4372022348032,0.8286918934240363,0.28447362704546286,0.20283494646570072,131645.7436110097,-757.5908256229152,130888.15278538679,2821,7,1030.6122448979593,36,13,16,34.62910128388017,0.6368634259259259,43.44031531531532,1026.2387387387391,28.50663163163164,0
2858,4,0,0,49,0.0,0.0,1.0,49,1000,600,400,0.6,14,6,8,346.9235817458942,0.8276998299319728,0.290062355166971,0.205204960909398,131703.53366457668,-661.7876744988306,131041.74599007785,2822,8,1031.6122448979593,36,13,16,34.48139513622234,0.6374421296296298,43.384009009009006,1026.4639639639634,28.51288788788787,0
2859,4,0,0,49,0.0,0.0,1.0,49,1400,900,500,0.6428571428571429,19,9,10,346.2044141263327,0.826920351473923,0.2896397071823573,0.20540260588276052,131819.15181651246,-672.7255549468351,131146.42626156562,2823,9,1032.6122448979593,36,13,16,34.38333881639068,0.6385995370370371,43.2713963963964,1026.9144144144145,28.525400400400404,0
2860,4,0,0,49,0.0,0.0,1.0,49,1550,1400,150,0.9032258064516129,17,14,3,348.0337005065102,0.8242630385487528,0.2969964933678917,0.20718397546035539,131946.99931709733,-615.5995113881509,131331.3998057092,2824,10,1033.6122448979593,37,12,16,34.20757737459977,0.6379504504504505,43.14692982456139,1027.4122807017525,27.767899478425743,0
2861,4,0,0,49,0.0,0.0,1.0,49,1300,800,500,0.6153846153846154,18,8,10,346.91918947991985,0.824156746031746,0.292724557286111,0.20713506255953915,132059.67821829778,-637.1926939058382,131422.48552439193,2825,11,1034.6122448979593,37,12,16,34.12275087120405,0.6390765765765766,43.037280701754376,1027.850877192981,27.779753437648136,0
2862,4,1,1,49,0.02,0.02,0.98,50,1650,1400,250,0.8484848484848485,19,14,5,340.97795819048423,0.8254761904761905,0.2894531933508313,0.20621047947710255,132542.91453615794,-960.2918747994601,131582.62266135847,2826,0,1014.9,36,14,17,33.78968904928551,0.6458333333333333,42.56756756756758,1029.7297297297312,28.603603603603645,0
2863,4,0,0,49,0.0,0.0,1.0,49,1400,1000,400,0.7142857142857143,18,10,8,353.67119973086267,0.8215702947845805,0.2990383203641167,0.21374042070691276,132517.14677640607,-426.5003429355228,132090.64643347054,2827,13,1036.6122448979593,35,14,17,33.48883393285372,0.6476190476190475,42.592592592592595,1029.62962962963,29.41798941798943,0
2864,4,0,0,49,0.0,0.0,1.0,49,1500,900,600,0.6,21,9,12,347.87438930364425,0.8196570294784581,0.29195845472862825,0.21140789678978475,132725.77649444877,-565.6203114283244,132160.15618302044,2828,14,1037.6122448979593,35,14,17,33.42845576397468,0.649702380952381,42.3900462962963,1030.4398148148152,29.441137566137577,0
2865,4,0,0,49,0.0,0.0,1.0,49,800,600,200,0.75,10,6,4,337.306607645824,0.8194444444444444,0.2755571671031676,0.1968429503582097,131187.67463306035,-890.6659978206526,130297.00863523969,2829,15,1038.6122448979593,37,12,18,35.2482027542902,0.630349099099099,43.88706140350878,1024.4517543859663,27.687885253674764,6
2866,4,0,0,49,0.0,0.0,1.0,49,1050,800,250,0.7619047619047619,13,8,5,338.5324923664861,0.8191964285714286,0.2786655428274456,0.19799278308242685,131271.93583602656,-912.0368767312906,130359.89895929527,2830,16,1039.6122448979593,37,12,18,35.131785434053796,0.6311936936936936,43.804824561403514,1024.7807017543867,27.69677572309153,0
2867,4,0,0,49,0.0,0.0,1.0,49,1200,800,400,0.6666666666666666,16,8,8,348.26188234478417,0.8189129818594104,0.29019116264493916,0.20095907171106808,130753.83434007235,-669.5886570014198,130084.24568307093,2831,17,1040.6122448979593,38,11,15,35.40622062049516,0.6241776315789473,44.31089743589744,1022.7564102564105,26.914642375168697,3
2868,4,0,0,49,0.0,0.0,1.0,49,850,500,350,0.5882352941176471,12,5,7,352.06280111305836,0.8195507369614513,0.2887192470973352,0.20358414151320334,130835.7988165681,-587.5164365548906,130248.28238001322,2832,18,1041.6122448979593,38,11,16,35.226086048454476,0.625,44.23076923076923,1023.0769230769234,26.923076923076934,0
2869,4,0,0,49,0.0,0.0,1.0,49,1300,1100,200,0.8461538461538461,15,11,4,350.89099843213,0.8206490929705216,0.2882384639382849,0.20385674268773252,131015.81090124941,-605.5462604930779,130410.26464075633,2833,19,1042.6122448979593,40,9,16,35.07399411025081,0.6234374999999999,44.054878048780495,1023.7804878048793,25.594512195121983,0
2870,4,0,0,49,0.0,0.0,1.0,49,1450,900,550,0.6206896551724138,20,9,11,347.9641885178915,0.8194444444444444,0.2877838573413094,0.20270422496435322,131119.8742894441,-674.9958688611277,130444.87842058297,2834,20,1043.6122448979593,40,9,16,35.04374214460542,0.6244791666666667,43.953252032520325,1024.1869918699185,25.604674796747965,0
2871,4,0,0,49,0.0,0.0,1.0,49,1350,800,550,0.5925925925925926,19,8,11,344.04347712459247,0.8200113378684808,0.27642809578458016,0.20110089158534886,131250.0116188281,-768.8579260030374,130481.15369282507,2835,21,1044.6122448979593,40,9,16,35.01272769347747,0.62578125,43.826219512195124,1024.6951219512198,25.617378048780495,0
2872,4,0,0,49,0.0,0.0,1.0,49,1500,1200,300,0.8,18,12,6,343.4796982130781,0.8179563492063492,0.2836823848710468,0.20160230587425926,131408.21533203125,-772.7659333507866,130635.44939868046,2836,22,1045.6122448979593,39,10,17,34.867524298147586,0.6290064102564104,43.671875,1025.3125,26.290064102564102,0
2873,4,0,0,49,0.0,0.0,1.0,49,1600,1200,400,0.75,20,12,8,337.43659627011164,0.8190547052154196,0.28351830022436375,0.19916644157320954,131621.90890842007,-917.1902126736165,130704.71869574646,2837,23,1046.6122448979593,39,10,14,34.807062734747745,0.6311431623931625,43.463541666666664,1026.1458333333328,26.31143162393161,0
2874,4,0,0,49,0.0,0.0,1.0,49,850,400,450,0.47058823529411764,13,4,9,335.3499219404162,0.8187358276643991,0.2839329987551702,0.19821252434786557,131675.3594292534,-968.5356987847323,130706.82373046868,2838,24,1047.6122448979593,39,10,14,34.80676359146114,0.6316773504273505,43.41145833333333,1026.354166666666,26.31677350427349,0
2875,4,0,0,49,0.0,0.0,1.0,49,1200,700,500,0.5833333333333334,17,7,10,335.36187137216723,0.8184523809523809,0.27614892969463356,0.19877702742726705,131782.29302300338,-961.0487196180609,130821.24430338532,2839,25,1048.6122448979593,39,10,14,34.698796963241016,0.6327457264957266,43.307291666666664,1026.7708333333328,26.32745726495725,0
2876,4,2,0,51,0.0392156862745098,0.0,1.0,51,1700,1300,400,0.7647058823529411,21,13,8,324.7061908898684,0.8259150326797386,0.2807017543859647,0.1956156808531649,132398.00347222242,-1600.4747178819262,130797.5287543405,2840,0,1008.4509803921569,40,11,17,34.35391363022942,0.6372395833333333,42.70833333333334,1029.1666666666683,25.729166666666707,0
2877,4,0,1,50,0.0,0.0196078431372549,0.9803921568627451,51,1400,1000,400,0.7142857142857143,18,10,8,322.3235159120963,0.8259150326797386,0.281307705708147,0.19458505460009154,132476.45767235116,-1659.9444774935537,130816.5131948576,2841,1,1009.4509803921569,40,11,18,34.33654162553471,0.6380208333333333,42.63211382113821,1029.4715447154474,25.736788617886184,0
2878,4,0,0,50,0.0,0.0,1.0,50,1250,900,350,0.72,16,9,7,326.7093164246067,0.8241326530612245,0.28269810747900004,0.19696246220814767,132424.8060438369,-1347.1164279513785,131077.68961588552,2842,2,1029.86,39,11,19,34.275482407313696,0.639155982905983,42.68229166666667,1029.2708333333342,26.39155982905985,0
2879,4,0,0,50,0.0,0.0,1.0,50,750,500,250,0.6666666666666666,10,5,5,326.40941289773457,0.8238945578231293,0.28320987654320984,0.19692172272621583,132451.61132812515,-1353.3094618055402,131098.3018663196,2843,3,1030.86,39,11,19,34.25630776495987,0.6394230769230769,42.65625000000001,1029.3750000000011,26.3942307692308,0
2880,4,0,0,50,0.0,0.0,1.0,50,1050,700,350,0.6666666666666666,14,7,7,329.38990602346803,0.8242006802721088,0.2784319676277187,0.1991449064857483,132532.0434570314,-1269.0565321180402,131262.98692491336,2844,4,1031.86,39,11,19,34.0989082785365,0.6402243589743589,42.57812500000001,1029.6875000000011,26.40224358974362,0
2881,4,0,0,50,0.0,0.0,1.0,50,1700,1200,500,0.7058823529411765,22,12,10,332.76654344886737,0.8239795918367346,0.2805580266882324,0.202194511535393,132719.81336805565,-1167.0572916666608,131552.756076389,2845,5,1032.86,39,11,14,33.82362852136406,0.642094017094017,42.395833333333336,1030.4166666666674,26.42094017094019,0
2882,4,2,1,51,0.038461538461538464,0.019230769230769232,0.9807692307692307,52,1000,500,500,0.5,15,5,10,321.7236618932042,0.8280228758169934,0.2773743264518711,0.1982343486869491,133241.66710955187,-1826.600588151947,131415.06652139992,2846,0,994.0961538461538,41,11,15,33.58586768521189,0.6440548780487806,41.88988095238094,1032.440476190474,25.181475029035955,0
2883,4,0,1,50,0.0,0.0196078431372549,0.9803921568627451,51,950,600,350,0.631578947368421,13,6,7,328.4890020524249,0.8264379084967322,0.28585825823042876,0.2019451758380403,133157.36747306492,-1451.8538485689796,131705.51362449594,2847,1,1014.5882352941177,40,11,16,33.49559373769199,0.6447916666666667,41.97154471544715,1032.113821138211,25.802845528455276,0
2884,4,0,1,49,0.0,0.02,0.98,50,1250,800,450,0.64,17,8,9,331.7283834588636,0.8215986394557823,0.28280057664584324,0.2041179083317254,133190.4597052942,-1163.3888219639707,132027.07088333022,2848,2,1035.74,41,9,16,33.37888435047253,0.6435467479674797,41.93948412698413,1032.2420634920636,25.17663569492838,0
2885,4,0,0,49,0.0,0.0,1.0,49,1600,1300,300,0.8125,19,13,6,338.34823991899566,0.8189484126984127,0.2815695371027358,0.20756795648927914,133078.71187991634,-794.6104129486132,132284.10146696772,2849,3,1056.6326530612246,40,9,16,33.31999573196756,0.6440104166666666,42.04776422764229,1031.8089430894331,25.795223577235827,0
2886,4,0,0,49,0.0,0.0,1.0,49,1200,900,300,0.75,15,9,6,336.9783605293495,0.8193381519274376,0.27564883011680696,0.2074561325004328,133209.81744497354,-822.2348221957499,132387.5826227778,2850,4,1057.6326530612246,40,9,17,33.22401883572882,0.6453124999999998,41.92073170731709,1032.3170731707341,25.807926829268354,0
2887,4,0,0,49,0.0,0.0,1.0,49,1600,1200,400,0.75,20,12,8,335.1482524912534,0.8189129818594104,0.2716709949406393,0.20676632626372968,133288.51176754918,-865.7176407891988,132422.79412675998,2851,5,1058.6326530612246,40,9,17,33.192476134238774,0.6460937499999999,41.84451219512196,1032.621951219513,25.815548780487823,0
2888,4,0,0,49,0.0,0.0,1.0,49,1150,1000,150,0.8695652173913043,13,10,3,331.4100262941747,0.8181689342403629,0.2666583053424936,0.20519048833695236,133420.97052941556,-956.5905297304082,132464.37999968516,2852,6,1059.6326530612246,41,8,17,33.15648806094357,0.6458333333333333,41.71626984126984,1033.1349206349212,25.19841269841271,0
2889,4,0,0,49,0.0,0.0,1.0,49,1250,1000,250,0.8,15,10,5,331.4053609283228,0.8176729024943311,0.2687986704458034,0.20576996189804891,133526.04709201408,-949.7307502283114,132576.31634178577,2853,7,1060.6326530612246,39,10,17,33.051552106430144,0.6501068376068375,41.61458333333334,1033.5416666666683,26.501068376068417,0
2890,4,0,0,49,0.0,0.0,1.0,49,950,800,150,0.8421052631578947,11,8,3,309.3129398462718,0.8171768707482994,0.24496495518164818,0.18421817814766148,131964.43457301884,-1632.4214567192803,130332.01311629955,2854,8,1061.6326530612246,41,8,15,35.18463760419683,0.6313516260162602,43.12996031746031,1027.4801587301572,25.060491676345297,3
2891,4,0,1,48,0.0,0.02040816326530612,0.9795918367346939,49,1750,1500,250,0.8571428571428571,20,15,5,309.08429761647085,0.8167517006802721,0.24296275207226792,0.18473663737538804,132098.99612590877,-1634.0549133165218,130464.94121259225,2855,9,1062.6326530612246,42,7,15,35.055534608979805,0.631200396825397,42.99903100775193,1028.0038759689912,24.47628276116646,0
2892,4,0,0,48,0.0,0.0,1.0,48,1150,1000,150,0.8695652173913043,13,10,3,315.4293879173992,0.8121860224586288,0.2539010937205357,0.18815771025038983,132024.29710504157,-1271.131354786392,130753.16575025517,2856,16,1085.5833333333333,42,6,16,34.96743195675402,0.6304563492063493,43.07170542635658,1027.7131782945721,24.469361387966003,0
2893,4,0,0,48,0.0,0.0,1.0,48,1400,1000,400,0.7142857142857143,18,10,8,323.77267213785103,0.8120197990543735,0.26035288114303645,0.19428190586451594,132248.45754649653,-1036.3127028123379,131212.1448436842,2857,17,1086.5833333333333,42,6,16,34.527987125137386,0.6326884920634921,42.85368217054263,1028.585271317829,24.490125507567356,0
2894,4,0,0,48,0.0,0.0,1.0,48,1500,1000,500,0.6666666666666666,20,10,10,321.42798603484744,0.8122414302600472,0.254132928475034,0.19364076231855434,132398.00347222213,-1088.546267501964,131309.45720472018,2858,18,1087.5833333333333,40,8,17,34.43825910931174,0.6372395833333333,42.70833333333333,1029.1666666666658,25.729166666666647,0
2895,4,0,0,48,0.0,0.0,1.0,48,2100,1800,300,0.8571428571428571,24,18,6,320.8192722777239,0.8104499113475178,0.25004816955684017,0.19406200735680504,132551.19756235828,-1095.004251700679,131456.1933106576,2859,19,1088.5833333333333,41,7,17,34.300337186897885,0.6371951219512195,42.55952380952381,1029.7619047619048,25.116144018583043,0
2896,4,0,0,48,0.0,0.0,1.0,48,1150,700,450,0.6086956521739131,16,7,9,318.94354518697867,0.8085291075650118,0.2471476025418835,0.1937162374451437,132704.48022959163,-1134.9525226757555,131569.52770691586,2860,20,1089.5833333333333,41,7,17,34.195070286924704,0.6387195121951219,42.41071428571428,1030.3571428571413,25.130662020905884,0
2897,4,0,0,48,0.0,0.0,1.0,48,1000,500,500,0.5,15,5,10,319.7187998431585,0.8072177895981087,0.24825804227204262,0.19511670503640258,132883.42195963996,-1102.9343624024064,131780.48759723754,2861,21,1090.5833333333333,41,7,18,33.99593877289202,0.6404979674796749,42.237103174603156,1031.0515873015843,25.147599690282544,0
2898,4,0,0,48,0.0,0.0,1.0,48,1000,700,300,0.7,13,7,6,321.14320874259136,0.8052600472813238,0.24721327371221657,0.19679247069618153,133036.8965439182,-1055.2208325460113,131981.6757113722,2862,22,1091.5833333333333,41,7,18,33.805634355867554,0.6420223577235773,42.08829365079364,1031.646825396823,25.162117692605438,0
2899,4,0,0,48,0.0,0.0,1.0,48,1450,900,550,0.6206896551724138,20,9,11,308.14243394030325,0.8047613770685579,0.2255625168418216,0.18776955211042132,132827.170138889,-1414.0624999999895,131413.107638889,2863,23,1092.5833333333333,44,4,14,34.350579358663445,0.6356534090909091,42.29166666666667,1030.8333333333342,23.428030303030322,1
2900,4,0,0,48,0.0,0.0,1.0,48,1100,800,300,0.7272727272727273,14,8,6,308.75616794751204,0.8052969858156028,0.22990363320763763,0.188744577310614,132946.50634430724,-1390.3892318244211,131556.1171124828,2864,24,1093.5833333333333,44,4,14,34.21544861435326,0.6368371212121213,42.175925925925924,1031.296296296296,23.438552188552183,0
2901,4,0,0,48,0.0,0.0,1.0,48,1350,800,550,0.5925925925925926,19,8,11,307.34590588878876,0.8058325945626478,0.2250729026469267,0.1887256265085704,133113.66705246922,-1417.6118827160394,131696.05516975318,2865,25,1094.5833333333333,44,4,15,34.084791386271874,0.6384943181818181,42.01388888888889,1031.9444444444453,23.45328282828285,0
2902,4,0,0,48,0.0,0.0,1.0,48,1350,1100,250,0.8148148148148148,16,11,5,309.8061976873481,0.8053523936170213,0.22466034436373383,0.19097008902220133,133257.0312500002,-1343.2291666666508,131913.80208333355,2866,26,1095.5833333333333,44,4,16,33.87812752219531,0.6399147727272727,41.87500000000001,1032.5000000000016,23.465909090909125,0
2903,4,0,0,48,0.0,0.0,1.0,48,1200,800,400,0.6666666666666666,16,8,8,311.0523838657758,0.8046875,0.22311237600095613,0.19235589769437905,133376.560356653,-1302.580589849107,132073.9797668039,2867,27,1096.5833333333333,44,4,17,33.726619457392125,0.6410984848484849,41.75925925925926,1032.9629629629633,23.476430976430983,0
2904,4,1,0,49,0.02040816326530612,0.0,1.0,49,1200,800,400,0.6666666666666666,16,8,8,313.46415386790494,0.8060870181405896,0.24607107831690955,0.19602723989735923,133790.4356508984,-1412.2302715089158,132378.2053793895,2868,0,1075.1836734693877,43,6,14,33.251430205949646,0.6465600775193798,41.35890151515152,1034.5643939393956,24.059637068358036,0
2905,4,0,0,49,0.0,0.0,1.0,49,1350,1100,250,0.8148148148148148,16,11,5,314.9634290736987,0.8062641723356009,0.24639520297695894,0.19743949785511697,133879.16773834042,-1366.5916495198667,132512.57608882056,2869,1,1076.1836734693877,44,5,14,33.12419850287795,0.6460700757575757,41.27314814814816,1034.9074074074092,23.520622895622935,0
2906,4,0,0,49,0.0,0.0,1.0,49,900,800,100,0.8888888888888888,10,8,2,315.6711928085227,0.8064413265306123,0.24568288854003106,0.1982698840224318,133951.04595336088,-1343.1027091906617,132607.94324417022,2870,2,1077.1836734693877,44,5,15,33.03425014907573,0.646780303030303,41.20370370370371,1035.1851851851861,23.52693602693605,0
2907,4,0,1,48,0.0,0.02040816326530612,0.9795918367346939,49,1400,900,500,0.6428571428571429,19,9,10,312.69845988704805,0.8060515873015873,0.2399868656801658,0.19735207435255384,134128.21951795815,-1411.6624658685341,132716.5570520896,2871,3,1078.1836734693877,45,4,16,32.93473825346858,0.6472222222222224,41.032608695652165,1035.8695652173892,23.01932367149754,0
2908,4,0,0,48,0.0,0.0,1.0,48,1850,1500,350,0.8108108108108109,22,15,7,321.06644258816584,0.8068668735224586,0.2377665594472249,0.20324522768363953,134238.7517146774,-980.0883058985085,133258.6634087789,2744,4,1041.8333333333333,44,4,16,32.60792679294735,0.6496212121212122,40.92592592592592,1036.2962962962945,23.55218855218851,0
2909,4,0,0,48,0.0,0.0,1.0,48,1000,800,200,0.8,12,8,4,329.1942804561572,0.8060172872340425,0.24356913183279727,0.20893759433033657,134334.72222222234,-755.5555555555507,133579.16666666677,2745,5,1042.8333333333333,44,4,16,32.301714898177906,0.6505681818181819,40.833333333333336,1036.6666666666674,23.560606060606077,0
2910,4,0,0,48,0.0,0.0,1.0,48,1050,700,350,0.6666666666666666,14,7,7,328.02187482314235,0.8064790189125295,0.2401570263917403,0.20915361773726052,134502.7531292869,-776.0309499313951,133726.7221793555,2746,6,1043.8333333333333,44,4,17,32.164747537861885,0.6522253787878787,40.671296296296305,1037.3148148148164,23.575336700336734,0
2911,4,0,0,48,0.0,0.0,1.0,48,1200,600,600,0.5,18,6,12,327.75948942351647,0.8073286052009456,0.24303923488706136,0.2097167860897839,134629.8706127306,-774.7221758106508,133855.14843691993,2747,7,1044.8333333333333,40,8,18,32.045020564042304,0.6593749999999999,40.54878048780488,1037.8048780487811,25.945121951219527,0
2912,4,0,0,48,0.0,0.0,1.0,48,1200,1000,200,0.8333333333333334,14,10,4,330.6508734737408,0.8049645390070922,0.24886160998598927,0.21260769923360673,134808.2207420005,-685.108812043336,134123.11192995717,2748,8,1045.8333333333333,41,7,14,31.79252642975417,0.6595528455284553,40.37698412698413,1038.4920634920634,25.32907471931862,0
2913,4,0,2,46,0.0,0.041666666666666664,0.9583333333333334,48,1400,1000,400,0.7142857142857143,18,10,8,327.5347957299224,0.8056848404255319,0.2065715883668906,0.2050532964863797,133831.2596450615,-833.1211419753256,132998.13850308617,2749,9,1046.8333333333333,41,7,13,32.8467561521253,0.64989837398374,41.319444444444436,1034.7222222222206,25.237127371273672,3
2914,4,1,1,46,0.02127659574468085,0.02127659574468085,0.9787234042553191,47,850,500,350,0.5882352941176471,12,5,7,324.2937030730089,0.7999537465309897,0.19236407752143525,0.2037329796247345,133959.6041686347,-711.548780391819,133248.05538824288,2750,0,1010.7872340425532,41,6,13,32.802567481233034,0.651168699186992,41.19543650793649,1035.2182539682512,25.249225706542713,0
2915,4,0,0,46,0.0,0.0,1.0,46,1100,800,300,0.7272727272727273,14,8,6,330.11093645638647,0.7963164251207729,0.19216742183863333,0.20656788224108577,133813.73443593405,-365.3245629255363,133448.40987300852,2751,11,1033.7608695652175,40,6,13,32.79761320106078,0.6513020833333335,41.336382113821124,1034.6544715447135,25.866361788617837,0
2916,4,1,0,47,0.02127659574468085,0.0,1.0,47,1450,1100,350,0.7586206896551724,18,11,7,324.8570377658966,0.8023435090965155,0.19776659922863948,0.20523182367751092,134165.0833510486,-683.1056901927574,133481.97766085586,2752,0,1012.7446808510638,41,6,14,32.58312984774491,0.6532012195121952,40.9970238095238,1036.0119047619037,25.268583042973262,0
2917,4,0,0,47,0.0,0.0,1.0,47,1050,800,250,0.7619047619047619,13,8,5,327.5865901330477,0.8026904101140918,0.19667763258405224,0.2072466343997386,134216.47775140146,-606.4963427500679,133609.9814086514,2753,1,1013.7446808510638,41,6,15,32.46120552098292,0.6537093495934959,40.94742063492063,1036.2103174603171,25.273422377080905,0
2918,4,0,0,47,0.0,0.0,1.0,47,1000,700,300,0.7,13,7,6,325.4336829561432,0.8013028060437866,0.19781307470942533,0.206173783253052,134267.88199365392,-660.9417320168761,133606.94026163704,2754,2,1014.7446808510638,41,6,15,32.465759707731095,0.6542174796747966,40.89781746031746,1036.4087301587301,25.278261711188538,0
2919,4,0,0,47,0.0,0.0,1.0,47,1050,900,150,0.8571428571428571,12,9,3,330.7425147560009,0.8003006475485661,0.19711331980435243,0.21042309840197657,134422.15377180948,-508.175764518785,133913.9780072907,2755,3,1015.7446808510638,41,6,16,32.17447542970121,0.6557418699186992,40.74900793650793,1037.003968253967,25.292779713511393,0
2920,4,0,0,47,0.0,0.0,1.0,47,800,700,100,0.875,9,7,2,329.8977490986383,0.7992213999383286,0.19095215614774785,0.21032993076679052,134499.3228772991,-525.7952254976003,133973.5276518015,2756,4,1016.7446808510638,41,6,17,32.11951670492221,0.6565040650406504,40.67460317460318,1037.3015873015877,25.30003871467287,0
2921,4,0,0,47,0.0,0.0,1.0,47,1100,700,400,0.6363636363636364,15,7,8,331.12369155336194,0.7985661424606845,0.19533452960779263,0.2114097415302236,134550.78125000015,-489.3998803224846,134061.38136967766,2757,5,1017.7446808510638,40,7,17,32.03647925033467,0.6585937499999999,40.62500000000001,1037.5000000000011,25.93750000000003,0
2922,4,0,0,47,0.0,0.0,1.0,47,700,500,200,0.7142857142857143,9,5,4,332.6570058888387,0.7981036077705828,0.19491753758397912,0.21271214603017058,134606.2089656842,-444.46031028562527,134161.74865539858,2758,6,1018.7446808510638,38,9,17,31.94151309241908,0.6625548245614035,40.5715811965812,1037.7136752136757,27.308254610886205,0
2923,4,0,0,47,0.0,0.0,1.0,47,950,700,250,0.7368421052631579,12,7,5,330.5407114967506,0.7981036077705828,0.19173024535094507,0.21184258264527892,134689.37194097447,-495.93583351596953,134193.4361074585,2759,7,1019.7446808510638,38,9,18,31.913639014683675,0.6633771929824561,40.49145299145299,1038.0341880341878,27.316689158794414,0
2924,4,0,0,47,0.0,0.0,1.0,47,1350,1100,250,0.8148148148148148,16,11,5,328.24836153025456,0.7964076472402096,0.18731284475965304,0.21101680384087784,134800.2958579881,-550.4047501643751,134249.89110782373,2760,8,1020.7446808510638,38,9,12,31.86278292181069,0.6644736842105263,40.38461538461538,1038.4615384615379,27.32793522267205,0
2925,4,0,0,47,0.0,0.0,1.0,47,1100,500,600,0.45454545454545453,17,5,12,326.0255902915183,0.7959451125501079,0.18685010398336277,0.21049225004258215,134956.35986328125,-600.154622395833,134356.2052408854,2761,9,1021.7446808510638,39,8,13,31.765350877192976,0.6642628205128205,40.234375,1039.0625,26.642628205128204,0
2926,4,0,0,47,0.0,0.0,1.0,47,1300,900,400,0.6923076923076923,17,9,8,327.5233062044414,0.7944804193647856,0.19410496965511048,0.21241131378989808,135118.7622070314,-549.0912543402643,134569.67095269114,2762,10,1022.7446808510638,39,8,13,31.56507781451424,0.6658653846153846,40.07812500000001,1039.6875000000011,26.658653846153875,0
2927,4,0,0,47,0.0,0.0,1.0,47,1200,1000,200,0.8333333333333334,14,10,4,329.9253164036818,0.7932855380820227,0.2009683578832515,0.21445145566239315,135200.0,-478.81944444444457,134721.18055555556,2763,11,1023.7446808510638,39,8,14,31.42194177350428,0.6666666666666666,40.0,1040.0,26.666666666666668,0
2928,4,0,1,46,0.0,0.02127659574468085,0.9787234042553191,47,1150,900,250,0.782608695652174,14,9,5,327.0229548027907,0.7907415972864631,0.20120856346236193,0.21336592394024023,135335.4505750869,-548.4402126735995,134787.0103624133,2764,12,1024.7446808510638,39,8,15,31.362936730403433,0.6680021367521367,39.86979166666667,1040.5208333333342,26.680021367521388,0
2929,4,0,0,46,0.0,0.0,1.0,46,1200,600,600,0.5,18,6,12,333.95099480701214,0.7818840579710146,0.2115513407806262,0.2176716725187874,135300.01849112424,-163.28484549638438,135136.73364562786,2765,25,1047.7608695652175,38,8,16,31.217909221606075,0.6694078947368421,39.90384615384615,1040.3846153846152,27.378542510121452,0
2930,4,0,0,46,0.0,0.0,1.0,46,850,500,350,0.5882352941176471,12,5,7,333.95099480701214,0.7818840579710146,0.2115513407806262,0.2176716725187874,135300.01849112424,-163.28484549638438,135136.73364562786,2766,26,1048.7608695652175,38,8,16,31.217909221606075,0.6694078947368421,39.90384615384615,1040.3846153846152,27.378542510121452,0
2931,4,0,0,46,0.0,0.0,1.0,46,1200,1000,200,0.8333333333333334,14,10,4,341.9676791573757,0.7820652173913044,0.24066917878281857,0.21608707350058806,134172.79188368045,-23.44835069445412,134149.34353298598,2767,27,1049.7608695652175,39,7,16,32.13226422682486,0.6565170940170941,40.98958333333333,1036.0416666666658,26.56517094017092,2
2932,4,0,0,46,0.0,0.0,1.0,46,1300,1100,200,0.8461538461538461,15,11,4,346.00136360192954,0.7822262479871176,0.24454883111208203,0.21928111897064934,134280.73459201373,92.26345486109216,134372.99804687483,2768,28,1050.7608695652175,39,7,16,31.920016750418746,0.6575854700854702,40.88541666666666,1036.458333333332,26.575854700854663,0
2933,4,0,0,46,0.0,0.0,1.0,46,800,500,300,0.625,11,5,6,343.36312851654685,0.7813204508856683,0.24688863746565404,0.21809146254787423,134361.72010633672,26.972113715273792,134388.692220052,2769,29,1051.7608695652175,39,7,16,31.907569744465654,0.6583867521367521,40.807291666666664,1036.7708333333328,26.58386752136751,0
2934,4,0,0,46,0.0,0.0,1.0,46,1050,800,250,0.7619047619047619,13,8,5,340.27306707405853,0.7809983896940419,0.24262441857925876,0.21644845895988815,134415.7240125867,-52.389865451398634,134363.3341471353,2770,30,1052.7608695652175,39,7,16,31.933806294994152,0.6589209401709402,40.75520833333333,1036.9791666666658,26.58920940170938,0
2935,4,1,1,46,0.02127659574468085,0.02127659574468085,0.9787234042553191,47,600,100,500,0.16666666666666666,11,1,10,332.44262428014673,0.7868100524205982,0.23902054623383107,0.21272484686596674,134631.84814453125,-448.45920138888744,134183.38894314237,2771,0,1031.340425531915,39,8,16,31.921547224731505,0.6610576923076923,40.546875,1037.8125,26.610576923076923,0
2936,4,0,0,46,0.0,0.0,1.0,46,1050,600,450,0.5714285714285714,15,6,9,340.4538989412773,0.7812399355877617,0.24195942494662925,0.2172056617268533,134523.76437717007,-40.1719835069494,134483.59239366313,2772,32,1054.7608695652175,39,7,16,31.821405261572433,0.6599893162393162,40.651041666666664,1037.3958333333328,26.599893162393148,0
2937,4,0,0,46,0.0,0.0,1.0,46,800,600,200,0.75,10,6,4,343.05898291963047,0.7820450885668278,0.24349572201850878,0.21902996601791772,134550.78124999988,31.773546006930985,134582.55479600682,2773,33,1055.7608695652175,38,8,16,31.726907630522074,0.6620065789473685,40.62499999999999,1037.499999999999,27.302631578947345,0
2938,4,0,0,46,0.0,0.0,1.0,46,1400,1100,300,0.7857142857142857,17,11,6,344.074939479234,0.780354267310789,0.24329210446238347,0.22051663007785224,134689.37194097458,68.64749981737987,134758.01944079198,2774,34,1056.7608695652175,38,8,16,31.56241423082201,0.6633771929824561,40.491452991452995,1038.0341880341887,27.31668915879444,0
2939,4,0,0,46,0.0,0.0,1.0,46,1250,700,550,0.56,18,7,11,339.08829280986464,0.7804549114331724,0.23937469467513384,0.21778557362942869,134767.013888889,-60.41666666665526,134706.59722222234,2775,35,1057.7608695652175,39,7,16,31.614499732477263,0.6623931623931624,40.41666666666667,1038.3333333333342,26.623931623931647,0
2940,4,0,0,46,0.0,0.0,1.0,46,1100,700,400,0.6363636363636364,15,7,8,337.6272988879666,0.7799718196457327,0.23857229443647476,0.2173325885869538,134848.14588758675,-94.3169487847266,134753.82893880203,2776,36,1058.7608695652175,39,7,14,31.571661986427305,0.6631944444444444,40.338541666666664,1038.645833333333,26.631944444444436,0
2941,4,0,0,46,0.0,0.0,1.0,46,1300,1000,300,0.7692307692307693,16,10,6,338.34550943341014,0.7794685990338165,0.24335010156842585,0.21828318959177428,134929.30230034713,-69.4552951388938,134859.84700520823,2777,37,1059.7608695652175,39,7,14,31.472244502372842,0.6639957264957266,40.260416666666664,1038.9583333333328,26.63995726495725,0
2942,4,0,0,46,0.0,0.0,1.0,46,1250,800,450,0.64,17,8,9,337.57931510256606,0.7782407407407408,0.2451262342370606,0.21844140117337257,135037.54882812503,-82.82335069444406,134954.7254774306,2778,38,1060.7608695652175,39,7,15,31.38446248413175,0.6650641025641026,40.15625,1039.3750000000002,26.650641025641033,0
2943,4,0,1,45,0.0,0.021739130434782608,0.9782608695652174,46,1200,700,500,0.5833333333333334,17,7,10,333.13558103221567,0.7773550724637681,0.2400362318840581,0.21653812767094016,135200.0,-192.01388888888914,135007.98611111112,2779,39,1061.7608695652175,39,7,15,31.338474893162402,0.6666666666666666,40.0,1040.0,26.666666666666668,0
2944,4,0,0,45,0.0,0.0,1.0,45,950,800,150,0.8421052631578947,11,8,3,336.1965188493047,0.7728114478114478,0.2407338947080171,0.2191353213222576,135300.01849112424,97.47904339250391,135397.49753451673,2780,40,1073.0444444444445,38,7,16,31.159504004929136,0.6694078947368421,39.90384615384615,1040.3846153846152,27.378542510121452,0
2945,4,0,0,45,0.0,0.0,1.0,45,1000,600,400,0.6,14,6,8,337.9443193114981,0.771969696969697,0.2423296718338297,0.2207857554938502,135383.39548405667,150.40988658778627,135533.80537064446,2781,41,1074.0444444444445,38,7,16,31.03120829483626,0.6702302631578947,39.823717948717956,1040.7051282051293,27.386977058029718,0
2946,4,0,0,45,0.0,0.0,1.0,45,1150,900,250,0.782608695652174,14,9,5,339.2991261782954,0.7712962962962964,0.24540448093039147,0.22235843877656303,135494.6047579262,194.64019924758384,135689.24495717377,2782,42,1075.0444444444445,38,7,16,30.88549683598426,0.6713267543859648,39.71688034188035,1041.1324786324797,27.39822312190736,0
2947,4,0,1,44,0.0,0.022222222222222223,0.9777777777777777,45,750,500,250,0.6666666666666666,10,5,5,340.88571988577877,0.7711279461279462,0.2485414315515888,0.22374499068866577,135550.2265162722,241.4273093359675,135791.65382560817,2783,43,1076.0444444444445,38,7,17,30.788960705858223,0.671875,39.66346153846154,1041.346153846154,27.40384615384616,0
2948,4,0,0,44,0.0,0.0,1.0,44,1100,900,200,0.8181818181818182,13,9,4,341.79718294038264,0.7705029950669486,0.24693208627458252,0.22469189052500277,135605.85968889255,469.94016637445645,136075.79985526702,2784,44,1085.340909090909,38,6,17,30.709987349129815,0.6724232456140351,39.61004273504273,1041.559829059829,27.409469185784975,0
2949,4,0,1,43,0.0,0.022727272727272728,0.9772727272727273,44,1450,1000,450,0.6896551724137931,19,10,9,327.5743218455655,0.7705690627202255,0.2291110684458093,0.21045650121285675,134778.3993632658,39.11997355836138,134817.51933682416,2785,45,1086.340909090909,37,7,17,31.90205913410771,0.6661036036036035,40.40570175438597,1038.3771929824577,28.064248458985343,4
2950,4,0,0,43,0.0,0.0,1.0,43,1000,700,300,0.7,13,7,6,325.9171496056735,0.7691952750092285,0.2152083302649599,0.2100502772356569,134892.28055747948,192.74151662052373,135085.0220741,2786,46,1066.2790697674418,37,6,15,31.831855604813157,0.6672297297297296,40.29605263157896,1038.8157894736862,28.076102418207736,0
2951,4,0,0,43,0.0,0.0,1.0,43,950,600,350,0.631578947368421,13,6,7,326.48475337753104,0.7692875599852343,0.21931538182139398,0.21074724271154566,134949.2391889815,211.77381502003504,135161.01300400155,2787,47,1067.2790697674418,37,6,15,31.760500211059526,0.6677927927927927,40.24122807017545,1039.0350877193005,28.082029397818932,0
2952,4,0,0,43,0.0,0.0,1.0,43,1050,500,550,0.47619047619047616,16,5,11,329.68074490869884,0.7682262827611664,0.22771021376506684,0.21331356866822915,135034.69967922827,303.66807575408427,135338.36775498235,2788,48,1068.2790697674418,37,6,16,31.59253349509442,0.6686373873873873,40.15899122807018,1039.3640350877197,28.090919867235666,0
2953,4,0,0,43,0.0,0.0,1.0,43,1050,800,250,0.7619047619047619,13,8,5,351.5490366282125,0.7678571428571428,0.23200964200913687,0.2171517276092605,133334.2593163305,774.7060824384417,134108.96539876895,2789,49,1069.2790697674418,38,5,17,32.72322506120478,0.6499451754385965,41.80021367521367,1032.7991452991444,27.178924876293273,6
2954,4,0,0,43,0.0,0.0,1.0,43,1550,900,650,0.5806451612903226,22,9,13,358.17870469034574,0.7685492801771872,0.24529885216832858,0.20493995185783373,130426.23325525995,762.8380908028621,131189.07134606282,2790,50,1070.2790697674418,38,5,19,35.48465118711431,0.6208881578947367,44.63141025641027,1021.474358974361,26.88090418353582,7
2955,4,0,1,42,0.0,0.023255813953488372,0.9767441860465116,43,1050,700,350,0.6666666666666666,14,7,7,358.05142753599455,0.7698412698412698,0.24562205593749153,0.20515553034911446,130480.80490037637,743.7676921250832,131224.57259250147,2791,51,1071.2790697674418,38,5,19,35.43256997455471,0.6214364035087718,44.57799145299146,1021.6880341880354,26.886527215474615,0
2956,4,0,0,42,0.0,0.0,1.0,42,1150,900,250,0.782608695652174,14,9,5,376.66569782771586,0.7674699961285327,0.26829615567157106,0.20918150377517056,129258.63997443387,1345.6860034010456,130604.32597783492,2792,52,1075.1904761904761,36,6,17,36.20131967515687,0.6128472222222223,45.777027027027025,1016.8918918918918,28.246996996996995,4
2957,4,2,2,42,0.045454545454545456,0.045454545454545456,0.9545454545454546,44,1200,800,400,0.6666666666666666,16,8,8,361.4786363612962,0.7861169837914024,0.247582813662109,0.2029645064233567,129690.63321827742,576.0786489151862,130266.7118671926,2793,0,1027.2727272727273,38,6,14,36.14760331445355,0.6134868421052632,45.3525641025641,1018.5897435897433,26.804993252361665,0
2958,4,2,1,43,0.045454545454545456,0.022727272727272728,0.9772727272727273,44,700,300,400,0.42857142857142855,11,3,8,360.60579088692356,0.7822410147991544,0.25904421084733475,0.20317889186475854,129826.69850107745,563.2518582438377,130389.95035932129,2794,0,1028.2272727272727,38,6,15,36.03146730964112,0.6148574561403508,45.21901709401709,1019.1239316239312,26.819050832208717,0
2959,4,1,0,44,0.022727272727272728,0.0,1.0,44,1300,800,500,0.6153846153846154,18,8,10,362.29656326740223,0.7842450669485553,0.26557724996981125,0.20460452768021167,129917.22140842021,613.7125651041704,130530.93397352438,2795,0,1029.2045454545455,39,5,16,35.89636337318211,0.6140491452991453,45.130208333333336,1019.4791666666673,26.14049145299147,0
2960,4,0,0,44,0.0,0.0,1.0,44,900,500,400,0.5555555555555556,13,5,8,379.62509577253206,0.7835623678646935,0.30480396380870345,0.20751527255959623,128631.77237426018,966.8282232340775,129598.60059749425,2796,1,1030.2045454545455,38,6,15,36.76671932596102,0.602796052631579,46.39423076923076,1014.4230769230755,26.69534412955462,2
2961,4,1,2,43,0.022222222222222223,0.044444444444444446,0.9555555555555556,45,1050,800,250,0.7619047619047619,13,8,5,372.01141780766676,0.7912878787878789,0.2967672831276562,0.2050584135128638,128963.21750217018,595.1578776041712,129558.37537977436,2797,0,1008.2888888888889,39,6,15,36.621137148326675,0.6044337606837606,46.067708333333336,1015.7291666666671,26.04433760683762,0
2962,4,1,0,44,0.022727272727272728,0.0,1.0,44,800,300,500,0.375,13,3,10,379.64670298834665,0.7816243833685694,0.3098724213824746,0.20884853615860074,128883.87586805563,986.0677083333387,129869.94357638898,2798,0,1032.1363636363637,39,5,17,36.5083435918479,0.6036324786324787,46.145833333333336,1015.4166666666673,26.0363247863248,0
2963,4,1,0,45,0.022222222222222223,0.0,1.0,45,1650,1200,450,0.7272727272727273,21,12,9,371.87583982800356,0.7880892255892257,0.3052823315118405,0.20622205663189258,129201.38888888867,610.5468749999761,129811.93576388864,2799,0,1010.1777777777778,37,8,18,36.38148907103825,0.6103603603603605,45.83333333333332,1016.6666666666649,27.47747747747743,0
2964,4,0,0,45,0.0,0.0,1.0,45,1200,1000,200,0.8333333333333334,14,10,4,372.45491673798693,0.7877104377104378,0.3018450442880658,0.20725559685928496,129337.19735051836,634.4550140623567,129971.65236458072,2800,1,1011.1777777777778,38,7,19,36.22824983370094,0.6099232456140353,45.69978632478631,1017.2008547008522,26.76844354475927,0
2965,4,3,4,44,0.0625,0.08333333333333333,0.9166666666666666,48,1450,1100,350,0.7586206896551724,18,11,7,350.54453619583853,0.8127770390070922,0.28411364301746933,0.19426878650074367,129176.17517203615,-543.5995173532589,128632.57565468289,2801,0,948.9166666666666,41,7,14,36.949330698415814,0.6034044715447155,45.85813492063491,1016.5674603174582,24.79432830042581,1
2966,4,1,1,44,0.022222222222222223,0.022222222222222223,0.9777777777777777,45,1350,1000,350,0.7407407407407407,17,10,7,368.5336629977357,0.7868265993265994,0.3000045593398075,0.20273510987031185,128883.87586805549,499.60937499998965,129383.48524305547,2802,0,1013.1111111111111,39,6,16,36.79045274244289,0.6036324786324787,46.14583333333333,1015.4166666666661,26.03632478632477,0
2967,4,1,1,44,0.022222222222222223,0.022222222222222223,0.9777777777777777,45,1450,1200,250,0.8275862068965517,17,12,5,373.02107262130505,0.7893518518518519,0.29622033067833486,0.20561495077051126,128963.21750217007,621.1995442708228,129584.4170464409,2803,0,1014.0,39,6,16,36.595498752264724,0.6044337606837608,46.06770833333333,1015.7291666666661,26.04433760683759,0
2968,4,0,0,44,0.0,0.0,1.0,44,1150,900,250,0.782608695652174,14,9,5,378.4653885977386,0.7815362931642001,0.29486640016831545,0.20844101877231147,128929.985983271,959.1074494119111,129889.09343268292,2804,2,1038.0454545454545,38,6,17,36.49120730766533,0.605811403508772,46.10042735042734,1015.5982905982887,26.726270805218125,0
2969,4,2,3,43,0.043478260869565216,0.06521739130434782,0.9347826086956522,46,850,500,350,0.5882352941176471,12,5,7,347.1928017104656,0.7972624798711756,0.2381598267838032,0.19133937684169797,128955.22072742005,-245.24976723525162,128709.9709601848,2805,0,993.8695652173913,42,4,14,37.25950836354384,0.5997023809523812,46.07558139534883,1015.6976744186031,24.183277962347695,5
2970,4,0,0,43,0.0,0.0,1.0,43,1050,700,350,0.6666666666666666,14,7,7,355.6216013305168,0.7848375784422296,0.22100804011411745,0.18426953090406273,126473.33311646235,417.19790149663,126890.53101795899,2806,1,1053.5348837209303,38,5,11,39.58820145158435,0.5808662280701753,48.53098290598292,1005.8760683760702,26.470422852001846,5
2971,4,3,0,46,0.06521739130434782,0.0,1.0,46,1150,600,550,0.5217391304347826,17,6,11,361.0746322453936,0.8028381642512078,0.2415774328054343,0.18102635625666358,125112.63797581373,-83.33377214504941,125029.30420366868,2807,0,985.7608695652174,36,10,16,40.856455425484015,0.5706018518518519,49.88738738738739,1000.4504504504511,27.790290290290308,5
2972,4,9,5,50,0.16363636363636364,0.09090909090909091,0.9090909090909091,55,1200,800,400,0.6666666666666666,16,8,8,313.9930124627296,0.8518799102132436,0.2587104525430517,0.16435502482931497,126886.59424392207,-3031.699206442965,123854.8950374791,2808,0,825.290909090909,45,10,13,40.21162980610746,0.5747685185185185,48.12047101449276,1007.5181159420298,22.38929146537844,0
2973,4,4,3,51,0.07407407407407407,0.05555555555555555,0.9444444444444444,54,1300,900,400,0.6923076923076923,17,9,8,321.8135136396587,0.8515024458420685,0.29912531670794507,0.16950582236647602,127140.87194279183,-2616.537564878516,124524.33437791331,2809,0,841.5,42,12,17,39.754275557263625,0.5813492063492064,47.86821705426356,1008.5271317829452,24.01255075673679,0
2974,4,0,0,51,0.0,0.0,1.0,51,1100,900,200,0.8181818181818182,13,9,4,341.47813574673984,0.843921568627451,0.29622798431674324,0.17867882120578019,126872.26884088991,-1535.1788316507455,125337.09000923917,2810,1,891.8823529411765,42,9,17,39.53404026802604,0.5786210317460319,48.13468992248062,1007.4612403100771,23.987172388335168,0
2975,4,3,3,51,0.05555555555555555,0.05555555555555555,0.9444444444444444,54,1650,1300,350,0.7878787878787878,20,13,7,320.01355513183796,0.8630765199161425,0.28165301998041503,0.17015277063988993,127522.06457329006,-2637.8618785092967,124884.20269478076,2811,0,843.2777777777778,43,11,15,39.40988499281205,0.5838178294573643,47.49053030303032,1010.0378787878816,23.489252995067012,0
2976,4,5,2,54,0.08928571428571429,0.03571428571428571,0.9642857142857143,56,1550,1400,150,0.9032258064516129,17,14,3,319.90380870124784,0.8655979437229437,0.3188565549676661,0.1727480566986741,128144.5312500003,-2999.699767561953,125144.83148243836,2812,0,814.0714285714286,44,12,18,38.77743484224967,0.588778409090909,46.875000000000014,1012.5000000000024,23.01136363636369,0
2977,4,3,4,53,0.05263157894736842,0.07017543859649122,0.9298245614035088,57,1000,500,500,0.5,15,5,10,317.84472578775905,0.8759920634920635,0.3216933346751196,0.17279915965384424,128414.47704464884,-3236.827151313013,125177.64989333582,2813,0,800.7368421052631,42,15,14,38.554612810707454,0.5942460317460316,46.60852713178295,1013.5658914728689,24.132521225544497,0
2978,4,1,1,53,0.018518518518518517,0.018518518518518517,0.9814814814814815,54,1350,700,650,0.5185185185185185,20,7,13,338.19370353435266,0.860601560680177,0.33036122542295376,0.1826245999085506,128144.53125000015,-2132.465277777763,126012.06597222238,2814,0,846.0185185185185,42,12,20,38.314471879286714,0.5915178571428571,46.87500000000001,1012.5000000000011,24.107142857142883,0
2979,4,3,1,55,0.05357142857142857,0.017857142857142856,0.9821428571428571,56,1000,600,400,0.6,14,6,8,325.72175866049616,0.8646374458874458,0.3348018221991864,0.1786183089115207,128758.4552085215,-2812.1139054143023,125946.3413031072,2815,0,816.3928571428571,42,14,18,38.00482146266946,0.5977182539682538,46.26937984496126,1014.9224806201581,24.16482096714662,0
2980,4,2,4,53,0.03508771929824561,0.07017543859649122,0.9298245614035088,57,1850,1400,450,0.7567567567567568,23,14,9,313.8084819598946,0.8701180033416875,0.32061427488897176,0.17340051767511994,129060.22376543209,-3299.9614197530873,125760.262345679,2816,0,803.0350877192982,44,13,18,38.00061509021322,0.5980113636363635,45.97222222222222,1016.1111111111111,23.093434343434343,0
2981,4,0,0,53,0.0,0.0,1.0,53,950,700,250,0.7368421052631579,12,7,5,338.11368640152943,0.8522314949201741,0.3280700792418798,0.1844743836304464,128556.44710696356,-1906.6611515962552,126649.7859553673,2817,2,864.433962264151,40,13,18,37.896248789123845,0.5986979166666666,46.46849593495936,1014.1260162601635,25.35315040650409,0
2982,4,1,1,53,0.018518518518518517,0.018518518518518517,0.9814814814814815,54,1450,1100,350,0.7586206896551724,18,11,7,336.8516373742399,0.8569619147449337,0.33556884492088224,0.18529492430680636,128881.41605259605,-2117.2167951144734,126764.19925748157,2818,0,849.4074074074074,42,12,19,37.597218246015835,0.5989583333333333,46.14825581395349,1015.4069767441864,24.176356589147296,0
2983,4,3,1,55,0.05357142857142857,0.017857142857142856,0.9821428571428571,56,1650,1100,550,0.6666666666666666,22,11,11,327.3357343305471,0.8690205627705627,0.2904584602056286,0.18036440241024207,128948.26721178599,-2704.7504682642398,126243.51674352174,2819,0,819.8571428571429,45,11,17,37.77079803204615,0.5956018518518518,46.08242753623189,1015.6702898550734,22.570450885668297,6
2984,4,0,2,53,0.0,0.03636363636363636,0.9636363636363636,55,1050,600,450,0.5714285714285714,15,6,9,334.3876921060969,0.8634399551066217,0.252629075279047,0.18165568938677445,128384.34504849667,-2407.3067768464525,125977.03827165022,2820,1,835.7636363636364,43,12,14,38.16615274403538,0.5925387596899224,46.63825757575759,1013.4469696969725,23.56853417899936,2
2985,4,4,2,55,0.07017543859649122,0.03508771929824561,0.9649122807017544,57,1300,1000,300,0.7692307692307693,16,10,6,325.26014575056024,0.8700396825396824,0.3094466679372332,0.1805968237834067,129250.65068956223,-2984.2080672391194,126266.44262232311,2821,0,807.140350877193,42,15,17,37.51627914363762,0.6026785714285712,45.784883720930246,1016.8604651162816,24.21096345514956,0
2986,4,2,2,55,0.03508771929824561,0.03508771929824561,0.9649122807017544,57,1100,700,400,0.6363636363636364,15,7,8,325.99265657692104,0.8681599832915622,0.3111403007423297,0.18145656992282752,129349.20245928776,-2966.621972838128,126382.58048644963,2822,0,808.0526315789474,42,15,18,37.39759954277005,0.6036706349206347,45.68798449612405,1017.2480620155075,24.220191952750177,0
2987,4,0,0,55,0.0,0.0,1.0,55,1450,1000,450,0.6896551724137931,19,10,9,338.0455471151774,0.8607182940516274,0.31615809173380627,0.18703446680156388,129111.27458377382,-2270.9017089180315,126840.37287485579,2823,2,838.4363636363636,46,9,18,37.332991684112606,0.5960144927536231,45.92198581560285,1016.3120567375915,22.093740363860686,0
2988,4,0,1,54,0.0,0.01818181818181818,0.9818181818181818,55,1100,600,500,0.5454545454545454,16,6,10,339.2423859050559,0.8610549943883278,0.3155521377549806,0.1880180009266931,129178.85736538665,-2235.4112437754566,126943.4461216112,2824,3,839.4363636363636,46,9,18,37.233837679137224,0.5966938405797101,45.85549645390071,1016.578014184398,22.09952204748691,0
2989,4,0,0,54,0.0,0.0,1.0,54,1550,900,650,0.5806451612903226,22,9,13,341.4673145840014,0.8574714651758677,0.3008297105770028,0.1894801573996444,129226.60506621633,-1974.659779783743,127251.94528643259,2825,4,855.8148148148148,41,13,19,37.12872394054705,0.6039126016260162,45.80853174603175,1016.7658730158732,24.799167634533493,0
2990,4,0,0,54,0.0,0.0,1.0,54,2000,1500,500,0.75,25,15,10,344.7020511115204,0.8563358956440718,0.3039068396143241,0.1923518034417208,129447.79178685162,-1875.8161318430498,127571.97565500857,2826,5,856.8148148148148,42,12,16,36.821557798514554,0.6046626984126984,45.59108527131782,1017.6356589147276,24.22942045035066,0
2991,4,1,1,54,0.01818181818181818,0.01818181818181818,0.9818181818181818,55,1350,900,450,0.6666666666666666,18,9,9,335.16574626513733,0.8592873176206509,0.3011460833699582,0.18815463292420748,129683.21352731864,-2306.9257920110213,127376.28773530762,2827,0,842.2181818181818,43,12,16,36.825182843684146,0.6056201550387597,45.359848484848484,1018.5606060606061,23.687455954897818,0
2992,4,2,1,55,0.03571428571428571,0.017857142857142856,0.9821428571428571,56,1250,800,450,0.64,17,8,9,336.9923408167011,0.8594426406926406,0.31056640853017914,0.1906161607300631,129979.17631172836,-2439.6026234567926,127539.57368827156,2828,0,828.1428571428571,44,12,17,36.47847997820759,0.6072443181818181,45.06944444444444,1019.722222222222,23.175505050505045,0
2993,4,0,0,55,0.0,0.0,1.0,55,950,800,150,0.8421052631578947,11,8,3,328.9493155799441,0.8595398428731762,0.2595192263832511,0.1778610922275712,128195.98458465506,-2551.4589690697276,125644.52561558533,2829,1,844.2,40,15,18,38.4959859508279,0.5950520833333335,46.82418699186991,1012.7032520325184,25.31758130081296,4
2994,4,2,2,55,0.03508771929824561,0.03508771929824561,0.9649122807017544,57,1650,1200,450,0.7272727272727273,21,12,9,313.61392944809097,0.8702485380116959,0.24608571466006324,0.17139961286979313,128624.38303489417,-3332.3203627181133,125292.06267217606,2830,0,815.5438596491229,43,14,15,38.44831341797361,0.5949612403100777,46.40151515151514,1014.3939393939374,23.590556730091567,0
2995,4,0,0,55,0.0,0.0,1.0,55,1900,1500,400,0.7894736842105263,23,15,8,319.2346329029768,0.8592312008978675,0.24404959467561027,0.1738756878742238,128488.14791967098,-2796.426653296108,125691.72126637488,2831,3,846.2,42,13,15,38.444399311860835,0.5949900793650795,46.53585271317828,1013.8565891472844,24.139442598744864,0
2996,4,3,0,58,0.05172413793103448,0.0,1.0,58,900,600,300,0.6666666666666666,12,6,6,309.89594343314155,0.8666691873361565,0.27097176848203897,0.17196120867602938,129226.60506621606,-3582.743325603687,125643.86174061237,2832,0,803.3793103448276,41,17,18,37.93124125930985,0.6039126016260163,45.80853174603173,1016.7658730158711,24.79916763453344,0
2997,4,2,4,56,0.03333333333333333,0.06666666666666667,0.9333333333333333,60,2100,1800,300,0.8571428571428571,24,18,6,300.1456620579554,0.8696209981167609,0.2734056424845903,0.16880192034139396,129754.5158580128,-4210.9489865574615,125543.56687145535,2833,0,777.5666666666667,45,15,17,37.64484056424847,0.6037037037037037,45.28985507246376,1018.8405797101432,22.640901771336516,0
2998,4,0,0,56,0.0,0.0,1.0,56,1450,900,550,0.6206896551724138,20,9,11,319.3330596528686,0.86053841991342,0.2812108166847782,0.17776553711620594,129352.72285997722,-2938.679846938786,126414.04301303843,2834,2,833.3035714285714,41,15,18,37.563389896625694,0.6051829268292683,45.6845238095238,1017.2619047619039,24.811265969802534,0
2999,4,0,0,56,0.0,0.0,1.0,56,1850,1300,550,0.7027027027027027,24,13,11,319.80066786024383,0.8601596320346321,0.2883842744292924,0.17901681498175667,129571.08126201804,-2912.616335406571,126658.46492661147,2835,3,834.3035714285714,42,14,18,37.33007360172583,0.6059027777777779,45.469961240310056,1018.1201550387559,24.24095607235133,0
3000,4,0,1,55,0.0,0.017857142857142856,0.9821428571428571,56,1500,800,700,0.5333333333333333,22,8,14,321.0009680554668,0.8593885281385282,0.2945556883841409,0.180092092406705,129659.10099754606,-2875.8606125172632,126783.2403850288,2836,4,835.3035714285714,43,13,18,37.21030915853091,0.6053779069767444,45.383522727272705,1018.4659090909056,23.685253699788504,0
3001,4,0,0,55,0.0,0.0,1.0,55,1650,1000,650,0.6060606060606061,23,10,13,324.49028596769915,0.8539001122334455,0.2925114858492617,0.1816419517667876,129571.08126201802,-2591.0885576287933,126979.99270438922,2837,5,851.2181818181818,42,13,18,37.21070873385995,0.605902777777778,45.469961240310056,1018.1201550387558,24.240956072351327,0
3002,4,1,1,55,0.017857142857142856,0.017857142857142856,0.9821428571428571,56,1650,1300,350,0.7878787878787878,20,13,7,317.17644038458855,0.8580627705627706,0.2868385702604834,0.17875888782965493,129837.58680555534,-2963.715277777802,126873.87152777755,2838,0,837.0,44,12,19,37.126941946034314,0.6058238636363638,45.20833333333332,1019.1666666666649,23.16287878787875,0
3003,4,0,0,55,0.0,0.0,1.0,55,1700,1200,500,0.7058823529411765,22,12,10,340.38221055307855,0.8522727272727273,0.2987450817974735,0.18819620961310068,129083.74592764096,-2212.4378429354942,126871.30808470547,2839,7,853.2181818181818,44,11,20,37.30163249810174,0.598248106060606,45.94907407407409,1016.2037037037065,23.095538720538784,1
3004,4,0,0,55,0.0,0.0,1.0,55,1550,1100,450,0.7096774193548387,20,11,9,339.2905133028752,0.8520763187429854,0.29687034277198165,0.1881520119225038,129201.38888888911,-2232.5853052126004,126968.8035836765,2840,8,854.2181818181818,43,12,20,37.209699453551906,0.6007751937984496,45.83333333333334,1016.6666666666684,23.64341085271322,0
3005,4,1,3,53,0.017857142857142856,0.05357142857142857,0.9464285714285714,56,1350,900,450,0.6666666666666666,18,9,9,330.4773878200571,0.8555194805194806,0.2915250814695154,0.18444162373548093,129453.6613835346,-2643.698428445478,126809.96295508913,2841,0,839.9464285714286,41,15,17,37.177487489439144,0.6061991869918699,45.58531746031745,1017.6587301587278,24.820944638017753,0
3006,4,0,0,53,0.0,0.0,1.0,53,1400,1000,400,0.7142857142857143,18,10,8,346.1606813005673,0.851233671988389,0.2961624462013883,0.19234870412848246,129280.82817925338,-1649.6120876736181,127631.21609157976,2842,10,882.377358490566,39,14,20,36.95425330328793,0.6076388888888891,45.75520833333333,1016.9791666666658,26.076388888888868,0
3007,4,0,1,52,0.0,0.018867924528301886,0.9811320754716981,53,1500,1000,500,0.6666666666666666,20,10,10,338.0582230094146,0.8507801161103048,0.1993344120489784,0.18642106006352913,128979.82698042472,-1879.461777387186,127100.36520303754,2843,11,883.377358490566,42,11,14,37.46641387643487,0.5999503968253969,46.05135658914728,1015.7945736434098,24.185585086747853,4
3008,4,1,0,53,0.018867924528301886,0.0,1.0,53,1400,900,500,0.6428571428571429,19,9,10,333.6987333734569,0.8494799225931301,0.20871922457432124,0.18551387211270148,129299.9218796948,-1970.5559686917804,127329.36591100301,2844,0,884.1509433962265,42,11,16,37.25169112042682,0.6031746031746031,45.736434108527135,1017.054263565892,24.215577703949812,0
3009,4,1,0,54,0.018518518518518517,0.0,1.0,54,1550,1000,550,0.6451612903225806,21,10,11,332.3823090727267,0.8529146284649429,0.22771665203092462,0.18647739875206953,129659.10099754645,-2180.7217236283304,127478.37927391812,2845,0,868.7592592592592,43,11,14,36.92052146288549,0.6053779069767442,45.38352272727273,1018.4659090909088,23.685253699788575,0
3010,4,2,1,55,0.03571428571428571,0.017857142857142856,0.9821428571428571,56,1850,1300,550,0.7027027027027027,24,13,11,322.6028165040686,0.8582792207792208,0.23738031830575168,0.18326377851327957,130147.0289608932,-2802.8403795158542,127344.18858137736,2846,0,838.6964285714286,45,11,16,36.67545125018495,0.607638888888889,44.90489130434783,1020.3804347826087,22.675120772946862,0
3011,4,0,0,55,0.0,0.0,1.0,55,1450,1100,350,0.7586206896551724,18,11,7,329.06268821309794,0.8541806958473626,0.23916147402302657,0.18635606738649194,130026.38996056221,-2442.633316186582,127583.75664437564,2847,1,854.9454545454546,44,11,16,36.63281131789982,0.6077178030303031,45.02314814814814,1019.9074074074058,23.179713804713767,0
3012,4,0,0,55,0.0,0.0,1.0,55,1650,1100,550,0.6666666666666666,22,11,11,330.76337815558895,0.8543771043771043,0.2446718844069835,0.18822946398601204,130215.33028978037,-2385.907493141305,127829.42279663906,2848,2,855.9454545454546,44,11,16,36.398137228219774,0.6096117424242424,44.837962962962955,1020.6481481481469,23.19654882154879,0
3013,4,0,1,54,0.0,0.01818181818181818,0.9818181818181818,55,1450,800,650,0.5517241379310345,21,8,13,315.4135798765256,0.853675645342312,0.22543476469133794,0.1802596780330609,130380.76560356648,-2775.227194787386,127605.5384087791,2849,3,856.9454545454546,44,11,14,36.622657902689625,0.6112689393939394,44.675925925925924,1021.296296296296,23.211279461279453,2
3014,4,0,2,52,0.0,0.037037037037037035,0.962962962962963,54,1300,1000,300,0.7692307692307693,16,10,6,322.26463861281405,0.8520265548567436,0.241530443022981,0.18441743536957111,130431.8139222477,-2393.287724546634,128038.52619770107,2850,4,873.1851851851852,43,11,16,36.396144278606975,0.6131298449612405,44.625946969696955,1021.4962121212093,23.75572586328394,0
3015,4,0,0,52,0.0,0.0,1.0,52,1100,700,400,0.6363636363636364,15,7,8,331.3619325281135,0.8485105580693815,0.2430926216640501,0.18879924062648284,130262.58680555524,-1767.1875000000355,128495.39930555521,2851,5,886.2115384615385,41,11,17,36.33503401360544,0.6143292682926831,44.79166666666665,1020.8333333333309,24.898373983739777,0
3016,4,1,1,52,0.018867924528301886,0.018867924528301886,0.9811320754716981,53,1300,900,400,0.6923076923076923,17,9,8,324.56214265648345,0.8508103531688437,0.2440984052452262,0.1859882191396713,130485.24728081208,-2129.885711495738,128355.36156931634,2852,0,870.4716981132076,42,11,18,36.283470852301456,0.6150793650793652,44.573643410852696,1021.7054263565861,24.326319675156814,0
3017,4,0,0,52,0.0,0.0,1.0,52,900,500,400,0.5555555555555556,13,5,8,330.26918336421255,0.8486362493715434,0.2437509804946929,0.18903734191780372,130439.87509645034,-1783.945794753112,128655.92930169722,2853,7,888.2115384615385,41,11,18,36.18357693179243,0.6161077235772359,44.61805555555554,1021.5277777777756,24.915311653116476,0
3018,4,0,0,52,0.0,0.0,1.0,52,1250,700,550,0.56,18,7,11,333.59993880347605,0.8497831825037706,0.2467702911591858,0.1914436194771364,130541.23682169589,-1690.2902769904645,128850.94654470542,2854,8,889.2115384615385,41,11,12,35.995999579328874,0.6171239837398375,44.51884920634919,1021.9246031746001,24.92499032133171,0
3019,4,0,0,52,0.0,0.0,1.0,52,1250,1000,250,0.8,15,10,5,332.5468469848123,0.8496574912016087,0.2372391868899435,0.19171660507379404,130718.71456916071,-1705.9807256236136,129012.7338435371,2855,9,890.2115384615385,41,11,13,35.84351959642995,0.6189024390243905,44.34523809523808,1022.6190476190453,24.94192799070842,0
3020,4,1,0,53,0.018867924528301886,0.0,1.0,53,1350,1000,350,0.7407407407407407,17,10,7,330.5140414167325,0.8481797290759554,0.2519913365032824,0.19221474274356673,131055.1323256563,-1936.8877133285466,129118.24461232776,2856,0,874.3962264150944,42,11,15,35.55585785937352,0.6207837301587302,44.01647286821704,1023.9341085271302,24.379383536360244,0
3021,4,1,1,53,0.018518518518518517,0.018518518518518517,0.9814814814814815,54,1650,1100,550,0.6666666666666666,22,11,11,327.57490610448485,0.8519828791055206,0.2460362460362462,0.19236390989998098,131427.46548434586,-2189.248035725016,129238.21744862084,2857,0,859.1851851851852,42,12,15,35.25581963081964,0.6245039682539681,43.6531007751938,1025.3875968992247,24.413990402362494,0
3022,4,2,1,54,0.03636363636363636,0.01818181818181818,0.9818181818181818,55,1650,1000,650,0.6060606060606061,23,10,13,324.83885684522835,0.852020202020202,0.25580631098890017,0.19269981201475136,131813.89534550044,-2436.3449839302175,129377.55036157022,2858,0,844.5272727272727,43,12,13,34.93713881716464,0.626937984496124,43.27651515151515,1026.893939393939,23.88125440451021,0
3023,4,0,0,54,0.0,0.0,1.0,54,1350,900,450,0.6666666666666666,18,9,9,326.1209222374894,0.8482558816678314,0.21828170073118391,0.1865241802119035,130411.0059961092,-2291.4658462979082,128119.54014981129,2859,1,861.1666666666666,42,12,15,36.31869999683775,0.6143353174603174,44.646317829457374,1021.414728682172,24.319398301956475,3
3024,4,0,0,54,0.0,0.0,1.0,54,950,500,450,0.5263157894736842,14,5,9,326.59068979895403,0.8482122059166085,0.21381716408738316,0.1875096355639393,130559.50969180022,-2272.095933988355,128287.41375781187,2860,2,862.1666666666666,42,12,11,36.15660851426946,0.6158234126984128,44.500968992248055,1021.9961240310066,24.3332410483573,0
3025,4,0,0,54,0.0,0.0,1.0,54,1250,700,550,0.56,18,7,11,329.36546312970574,0.8490274866061029,0.22315587004745452,0.1897087536541842,130683.32732407906,-2191.4850745147546,128491.8422495643,2861,3,863.1666666666666,42,12,12,35.96059988627751,0.6170634920634921,44.37984496124031,1022.4806201550385,24.344776670358062,0
3026,4,0,1,53,0.0,0.018518518518518517,0.9814814814814815,54,1650,1200,450,0.7272727272727273,21,12,9,328.2875572579475,0.8487654320987654,0.22705489424254255,0.1896952239722031,130807.2036404813,-2211.524529024703,128595.6791114566,2862,4,864.1666666666666,42,12,12,35.86305295064885,0.6183035714285714,44.258720930232556,1022.9651162790694,24.356312292358798,0
3027,4,2,2,53,0.03636363636363636,0.03636363636363636,0.9636363636363636,55,1800,1200,600,0.6666666666666666,24,12,12,321.7314599810559,0.8480078563411897,0.24198518170057626,0.18820420864405352,131279.59728678846,-2552.644699839288,128726.95258694916,2863,0,848.8,43,12,13,35.55450317254976,0.6216085271317829,43.79734848484849,1024.8106060606071,23.832804792107144,0
3028,4,0,0,53,0.0,0.0,1.0,53,1650,1100,550,0.6666666666666666,22,11,11,331.23814995690884,0.8430394291243347,0.24299328429804912,0.19311315066657744,131150.233892747,-1911.6078317901156,129238.62606095689,2864,1,881.7358490566038,41,12,13,35.44138418079096,0.623221544715447,43.923611111111114,1024.305555555556,24.98306233062332,0
3029,4,0,0,53,0.0,0.0,1.0,53,1850,1400,450,0.7567567567567568,23,14,9,329.677454590111,0.8420113691340106,0.23881959955656384,0.19296871293883494,131302.70460325343,-1942.491713120431,129360.212890133,2865,2,882.7358490566038,41,12,13,35.32763446584711,0.6247459349593496,43.77480158730159,1024.9007936507942,24.9975803329462,0
3030,4,0,0,53,0.0,0.0,1.0,53,1250,900,350,0.72,16,9,7,325.406137075981,0.8417089985486211,0.23140954495005528,0.19110214959189412,131429.83119173584,-2046.3852670698025,129383.44592466604,2866,3,883.7358490566038,41,12,13,35.30903315273478,0.6260162601626016,43.650793650793645,1025.3968253968244,25.00967866821523,0
3031,4,0,0,53,0.0,0.0,1.0,53,1250,1000,250,0.8,15,10,5,325.8098911664905,0.841769472665699,0.22996241013101737,0.1918493322700174,131531.57675107056,-2029.142258755378,129502.43449231518,2867,4,884.7358490566038,41,12,13,35.19624435847839,0.6270325203252034,43.55158730158729,1025.7936507936488,25.01935733643046,0
3032,4,0,0,53,0.0,0.0,1.0,53,1250,1000,250,0.8,15,10,5,329.4293701517095,0.841799709724238,0.23558550753713892,0.19462860275382224,131658.81406092504,-1925.54396179771,129733.27009912733,2868,5,885.7358490566038,41,12,12,34.97533027227323,0.6283028455284554,43.42757936507935,1026.2896825396804,25.031455671699522,0
3033,4,0,1,52,0.0,0.018867924528301886,0.9811320754716981,53,1500,1100,400,0.7333333333333333,19,11,8,330.79125442025526,0.8411344944363812,0.2386008143992342,0.19616087985962183,131800.32680014713,-1880.3209129559598,129920.00588719118,2869,6,886.7358490566038,42,11,12,34.79797741499167,0.6282242063492064,43.28972868217054,1026.841085271317,24.448597268364693,0
3034,4,0,1,51,0.0,0.019230769230769232,0.9807692307692307,52,1500,1200,300,0.8,18,12,6,338.76916614156715,0.8385809451985922,0.24406911928651098,0.20081677374371232,131786.11288265293,-1470.9856859410527,130315.12719671188,2870,7,903.8653846153846,41,11,12,34.60748792270531,0.6295731707317074,43.30357142857142,1026.7857142857133,25.043554006968616,0
3035,4,0,0,51,0.0,0.0,1.0,51,1600,1200,400,0.75,20,12,8,337.395582136991,0.8348366013071896,0.24139197885064867,0.20053925702906975,131887.99622858362,-1300.3145471151781,130587.68168146844,2871,8,921.3921568627451,41,10,12,34.54019380593652,0.630589430894309,43.20436507936506,1027.1825396825366,25.053232675183818,0
3036,4,1,1,51,0.019230769230769232,0.019230769230769232,0.9807692307692307,52,1350,1100,250,0.8148148148148148,16,11,5,336.9931859358296,0.8391308446455504,0.25081170007682196,0.2020816765832143,132223.54144131948,-1488.31350279432,130735.22793852516,2872,0,904.6538461538462,42,10,14,34.21306764650461,0.6324404761904763,42.87790697674418,1028.488372093022,24.48781838316719,0
3037,4,0,1,50,0.0,0.0196078431372549,0.9803921568627451,51,1350,1000,350,0.7407407407407407,17,10,7,337.8870844886419,0.8400653594771242,0.2519103704770669,0.20315317458099635,132323.219946217,-1257.9386004447006,131065.2813457723,2873,1,917.2745098039215,42,9,14,34.08991021535757,0.6334325396825398,42.78100775193798,1028.8759689922467,24.49704688076778,0
3038,4,0,1,49,0.0,0.02,0.98,50,950,700,250,0.7368421052631579,12,7,5,344.70324050549914,0.8391496598639455,0.2580566801619435,0.20766268391428871,132398.00347222236,-872.3535807643589,131525.64989145802,2874,2,935.32,39,11,14,33.839406207827274,0.6388888888888888,42.70833333333334,1029.1666666666679,26.38888888888892,0
3039,4,0,0,49,0.0,0.0,1.0,49,1400,1100,300,0.7857142857142857,17,11,6,351.98664254505974,0.8384708049886621,0.25778080579728146,0.21280660315338937,132532.04345703125,-470.09819878472194,132061.94525824653,2875,3,952.6734693877551,39,10,17,33.517218850109586,0.640224358974359,42.578125,1029.6875,26.40224358974359,0
3040,4,0,0,49,0.0,0.0,1.0,49,1600,1000,600,0.625,22,10,12,352.3880799819613,0.838577097505669,0.25034453732969153,0.2141168849620123,132719.81336805547,-446.2239583333416,132273.58940972213,2876,4,953.6734693877551,39,10,12,33.318169564631354,0.6420940170940173,42.39583333333333,1030.416666666666,26.420940170940156,0
3041,4,0,0,49,0.0,0.0,1.0,49,1300,800,500,0.6153846153846154,18,8,10,349.34249362349556,0.8384708049886621,0.24440306586411475,0.21302789028907795,132854.01611328125,-517.6893446180552,132336.3267686632,2877,5,954.6734693877551,39,10,12,33.26186807450068,0.6434294871794872,42.265625,1030.9375,26.434294871794872,0
3042,4,0,0,49,0.0,0.0,1.0,49,1150,900,250,0.782608695652174,14,9,5,355.16024317337923,0.8384708049886621,0.25742096104047496,0.20291322984101443,130368.94531249997,-527.4251302083328,129841.52018229164,2878,6,955.6734693877551,39,10,14,35.619815041479676,0.6185897435897436,44.6875,1021.2499999999998,26.18589743589743,8
3043,4,0,0,49,0.0,0.0,1.0,49,1000,700,300,0.7,13,7,6,356.14262384008856,0.838187358276644,0.26182535405843477,0.20417317342182503,130501.95448133672,-504.53830295139477,129997.41617838533,2879,7,956.6734693877551,39,10,10,35.4598880280015,0.6199252136752137,44.557291666666664,1021.7708333333327,26.19925213675212,0
3044,4,0,0,49,0.0,0.0,1.0,49,1700,1200,500,0.7058823529411765,22,12,10,358.8598230827787,0.8385062358276644,0.25818973122390143,0.2069459254832093,130729.84959556154,-417.261860499701,130312.58773506184,2880,8,957.6734693877551,40,9,11,35.15953658617377,0.6205729166666667,44.334349593495936,1022.6626016260166,25.566565040650413,0
3045,4,0,1,48,0.0,0.02040816326530612,0.9795918367346939,49,1100,800,300,0.7272727272727273,14,8,6,359.98911295213577,0.83765589569161,0.26197028960541546,0.20857827200391277,130911.78882444296,-374.63625322230456,130537.15257122066,2881,9,958.6734693877551,40,9,13,34.94641674942073,0.6223958333333335,44.15650406504064,1023.3739837398361,25.584349593495904,0
3046,4,0,0,48,0.0,0.0,1.0,48,1400,1300,100,0.9285714285714286,15,13,2,363.72911247200784,0.8351987293144207,0.25187080024434927,0.2103973700058929,130848.09570312499,-81.3476562500021,130766.74804687499,2882,10,978.8958333333334,39,9,13,34.91524129505193,0.6233974358974359,44.21875,1023.1249999999999,26.233974358974358,0
3047,4,1,1,48,0.02040816326530612,0.02040816326530612,0.9795918367346939,49,1600,1300,300,0.8125,19,13,6,359.6623721233663,0.8394982993197279,0.2516797612805661,0.20994536035759453,131197.94894118918,-362.6068932183126,130835.34204797087,2883,0,959.8979591836735,40,9,14,34.665253116423635,0.6252604166666667,43.87703252032521,1024.4918699186999,25.6122967479675,0
3048,4,0,0,48,0.0,0.0,1.0,48,1450,1200,250,0.8275862068965517,17,12,5,362.4746757119991,0.8353095449172576,0.2557072401871059,0.21142206174091338,131168.017578125,-90.98307291666691,131077.03450520834,2884,12,980.8958333333334,39,9,14,34.62350010168801,0.6266025641025641,43.90625,1024.375,26.266025641025642,0
3049,4,1,1,48,0.02040816326530612,0.02040816326530612,0.9795918367346939,49,1250,800,450,0.64,17,8,9,356.58145078829693,0.8416950113378685,0.251584717137598,0.2094241465921952,131432.3123223609,-426.73507832640877,131005.57724403449,2885,0,961.8571428571429,40,9,15,34.507350512058146,0.6276041666666667,43.64837398373983,1025.4065040650396,25.63516260162599,0
3050,4,0,0,48,0.0,0.0,1.0,48,1750,1400,350,0.8,21,14,7,360.32447204303753,0.833591903073286,0.25849376883741426,0.2114891936982479,131408.21533203125,-130.0808376736103,131278.13449435763,2886,14,982.8958333333334,39,9,15,34.43574536895932,0.6290064102564104,43.671875,1025.3125,26.290064102564102,0
3051,4,0,1,47,0.0,0.020833333333333332,0.9791666666666666,48,1750,1500,250,0.8571428571428571,20,15,5,359.2843674689352,0.8329085401891253,0.26006658882458455,0.2117649153322288,131568.46923828125,-145.901150173612,131422.56808810763,2887,15,983.8958333333334,39,9,11,34.30054235624598,0.6306089743589745,43.515625,1025.9375,26.306089743589745,0
3052,4,1,1,47,0.020833333333333332,0.020833333333333332,0.9791666666666666,48,1650,1100,550,0.6666666666666666,22,11,11,353.00935513525434,0.8364177009456265,0.2653149612953385,0.20982671796194965,131889.27001953137,-288.3707682291522,131600.8992513022,2888,0,979.8958333333334,39,9,12,34.13795507555016,0.6338141025641024,43.20312500000001,1027.187500000001,26.33814102564105,0
3053,4,0,0,47,0.0,0.0,1.0,47,1250,1000,250,0.8,15,10,5,354.50267168182154,0.8302497687326549,0.2647345903486191,0.2104900668855685,131848.80566741564,-51.849226568759775,131796.95644084687,2889,17,1001.7446808510638,38,9,12,34.14040015257116,0.635142543859649,43.24252136752138,1027.0299145299161,27.027103013945162,0
3054,4,1,1,47,0.020833333333333332,0.020833333333333332,0.9791666666666666,48,1000,600,400,0.6,14,6,8,350.3778674981413,0.8339058806146572,0.2712047541869258,0.20988654781199353,132183.68055555565,-337.1527777777675,131846.52777777787,2890,0,981.8541666666666,39,9,13,33.90903565640195,0.6367521367521367,42.91666666666667,1028.3333333333342,26.367521367521388,0
3055,4,0,0,47,0.0,0.0,1.0,47,1750,1500,250,0.8571428571428571,20,15,5,359.71189946336654,0.8310206598828245,0.2704112532104985,0.21560315966590077,132205.65440317048,111.18941303236761,132316.84381620286,2891,1,1002.2340425531914,38,9,14,33.64693711475865,0.6387061403508771,42.89529914529915,1028.4188034188037,27.063652721547466,0
3056,4,0,0,47,0.0,0.0,1.0,47,1000,800,200,0.8,12,8,4,358.8202754243455,0.8295945112550107,0.2701796248425794,0.21569533410339878,132315.551035503,95.50049309664894,132411.05152859967,2892,2,1003.2340425531914,38,9,14,33.55919003115264,0.6398026315789473,42.78846153846154,1028.8461538461543,27.074898785425113,0
3057,4,0,0,47,0.0,0.0,1.0,47,1250,900,350,0.72,16,9,7,361.39737433452353,0.8280527289546715,0.2759773673911985,0.2178787424492365,132425.49332493247,171.6451165169131,132597.13844144938,2893,3,1004.2340425531914,38,9,15,33.382205383710456,0.6408991228070176,42.68162393162393,1029.2735042735044,27.086144849302748,0
3058,4,0,0,47,0.0,0.0,1.0,47,1100,700,400,0.6363636363636364,15,7,8,360.708679462552,0.8275901942645698,0.2763064624761229,0.21762229972584166,132452.98603121133,155.38833643802593,132608.37436764935,2894,4,1005.2340425531914,38,9,15,33.37225393530531,0.641173245614035,42.654914529914535,1029.380341880343,27.088956365272182,0
3059,4,0,0,47,0.0,0.0,1.0,47,1700,1200,500,0.7058823529411765,22,12,10,360.81728745722484,0.8268963922294171,0.2819264821767955,0.218325036647846,132562.98539201173,166.2033612754691,132729.1887532872,2895,5,1006.2340425531914,38,9,15,33.25876646955079,0.6422697368421053,42.54807692307692,1029.8076923076915,27.100202429149775,0
3060,4,0,0,47,0.0,0.0,1.0,47,950,800,150,0.8421052631578947,11,8,3,361.7693609381623,0.8265109466543323,0.28375560708793257,0.2195432314365453,132673.0304099096,199.4074850244927,132872.4378949341,2896,6,1007.2340425531914,38,9,13,33.1235524905804,0.6433662280701753,42.441239316239326,1030.2350427350443,27.11144849302748,0
3061,4,0,0,47,0.0,0.0,1.0,47,1050,600,450,0.5714285714285714,15,6,9,366.3585059775746,0.8263953129818069,0.28677093257118624,0.22314563545906832,132810.6508875741,331.26232741618776,133141.9132149903,2897,7,1008.2340425531914,38,9,14,32.86691542288557,0.644736842105263,42.307692307692314,1030.7692307692319,27.125506072874522,0
3062,4,0,0,47,0.0,0.0,1.0,47,1600,1300,300,0.8125,19,13,6,368.7645328966087,0.8255473327166204,0.2875481329803762,0.2254391409785287,132948.3427044527,405.3266993571665,133353.66940380985,2898,8,1009.2340425531914,38,9,14,32.66644221140233,0.6461074561403508,42.17414529914531,1031.3034188034205,27.13956365272159,0
3063,4,0,1,46,0.0,0.02127659574468085,0.9787234042553191,47,700,500,200,0.7142857142857143,9,5,4,368.7645328966087,0.8250462534690102,0.2875481329803762,0.2254391409785287,132948.3427044527,405.3266993571665,133353.66940380985,2899,9,1010.2340425531914,38,9,14,32.66644221140233,0.6461074561403508,42.17414529914531,1031.3034188034205,27.13956365272159,0
3064,4,0,0,46,0.0,0.0,1.0,46,1350,900,450,0.6666666666666666,18,9,9,372.1598796719935,0.8219202898550725,0.2955144264992744,0.22760310976558976,132962.84072983995,696.6869613727324,133659.5276912127,2900,10,1031.7391304347825,37,9,14,32.564320646395934,0.6480855855855856,42.16008771929825,1031.359649122807,27.874585111427216,0
3065,4,0,0,46,0.0,0.0,1.0,46,1150,600,550,0.5217391304347826,17,6,11,375.0346105350765,0.8203502415458938,0.29688279532142126,0.23040638083264636,133132.52635426295,785.8610341643707,133918.38738842733,2901,11,1032.7391304347825,37,9,14,32.31955659441847,0.6497747747747746,41.995614035087726,1032.01754385965,27.89236605026081,0
3066,4,0,0,46,0.0,0.0,1.0,46,1450,1100,350,0.7586206896551724,18,11,7,379.20357443260355,0.8200684380032206,0.29872075135616516,0.23406013732219352,133306.67529585818,910.0735535831927,134216.74884944138,2902,12,1033.7391304347825,38,8,14,32.03690771777365,0.6496710526315788,41.82692307692309,1032.6923076923092,27.176113360323928,0
3067,4,0,0,46,0.0,0.0,1.0,46,1500,1100,400,0.7333333333333333,19,11,8,376.6184119743591,0.820450885668277,0.29136370381362187,0.23298294468202696,133389.4359179817,847.3835059171671,134236.81942389885,2903,13,1034.7391304347825,38,8,14,32.02050367152756,0.6504934210526315,41.746794871794876,1033.0128205128212,27.184547908232137,0
3068,4,0,0,46,0.0,0.0,1.0,46,1150,900,250,0.782608695652174,14,9,5,374.3118615905538,0.8199677938808374,0.29078643906254853,0.2319007055376202,133444.62393390705,789.9811207904442,134234.6050546975,2904,14,1035.7391304347825,38,8,14,32.024652741874334,0.6510416666666665,41.69337606837608,1033.226495726498,27.190170940170997,0
3069,4,0,0,46,0.0,0.0,1.0,46,1150,900,250,0.782608695652174,14,9,5,375.39129662396624,0.8190619967793881,0.29206450244005877,0.23309870632262908,133528.88028047103,825.1187546150466,134353.99903508608,2905,15,1036.7391304347825,37,9,15,31.9121755428248,0.653716216216216,41.611842105263165,1033.5526315789484,27.933854907539146,0
3070,4,0,0,46,0.0,0.0,1.0,46,950,700,250,0.7368421052631579,12,7,5,375.48720184453106,0.8181360708534622,0.29187803213369956,0.23351539175397384,133585.5503616499,831.9329024315332,134417.4832640814,2906,16,1037.7391304347825,37,9,16,31.852814311978516,0.6542792792792791,41.55701754385966,1033.7719298245627,27.939781887150342,0
3071,4,0,3,43,0.0,0.06521739130434782,0.9347826086956522,46,1450,1100,350,0.7586206896551724,18,11,7,374.9149048347626,0.817230273752013,0.29849941469799335,0.23423491471597027,133755.63274276705,829.396064173593,134585.02880694065,2907,17,1038.7391304347825,37,9,13,31.696964878807144,0.6559684684684685,41.39254385964912,1034.4298245614036,27.95756282598388,0
3072,4,0,0,43,0.0,0.0,1.0,43,950,700,250,0.7368421052631579,12,7,5,397.7934282103524,0.8168604651162791,0.30573964734707015,0.24765848917612232,133626.03635204065,2031.1118197278688,135657.14817176852,2908,18,1086.0232558139535,34,9,17,31.23560736902705,0.6608455882352942,41.51785714285713,1033.92857142857,30.409663865546175,0
3073,4,0,0,43,0.0,0.0,1.0,43,1200,700,500,0.5833333333333334,17,7,10,421.67275662771306,0.8172296050203026,0.317665519098808,0.26334657064862854,133741.45507812512,2682.2143831491094,136423.66946127423,2909,19,1087.0232558139535,35,8,15,30.502056059080225,0.6598214285714286,41.40625000000001,1034.375000000001,29.553571428571455,5
3074,4,0,0,43,0.0,0.0,1.0,43,1500,1200,300,0.8,18,12,6,422.9899554074141,0.815983757844223,0.3201498361167472,0.2648130393096836,133831.2596450617,2721.8557098765405,136553.11535493826,2910,20,1088.0232558139535,35,8,15,30.377516778523493,0.6607142857142857,41.31944444444444,1034.7222222222222,29.563492063492063,0
3075,4,1,1,43,0.022727272727272728,0.022727272727272728,0.9772727272727273,44,1200,800,400,0.6666666666666666,16,8,8,411.99361860719193,0.8208685694150811,0.3085914191673236,0.25979250476392124,134096.12212411535,2249.349319021262,136345.47144313663,2911,0,1064.2727272727273,37,7,15,30.39558190415697,0.6593468468468466,41.06359649122808,1035.7456140350896,27.99312470365107,0
3076,4,0,0,43,0.0,0.0,1.0,43,1300,1200,100,0.9230769230769231,14,12,2,414.11446546482114,0.8151070505721668,0.3095784006363762,0.26052517637470396,134010.95920138893,2499.1753472222267,136510.13454861115,2912,22,1090.0232558139535,37,6,15,30.4263078470825,0.6585022522522521,41.145833333333336,1035.416666666667,27.984234234234243,0
3077,4,0,0,43,0.0,0.0,1.0,43,1050,600,450,0.5714285714285714,15,6,9,412.712746003751,0.8135382059800664,0.3056872154546568,0.26105324295418003,134209.71476800562,2478.01198445676,136687.7267524624,2913,23,1091.0232558139535,37,6,16,30.262786596119927,0.6604729729729729,40.953947368421055,1036.1842105263163,28.004978662873413,0
3078,4,0,0,43,0.0,0.0,1.0,43,900,600,300,0.6666666666666666,12,6,6,413.67880022392364,0.8127076411960132,0.3025937946765813,0.2618672699876964,134238.12044330966,2506.292921860593,136744.41336517024,2914,24,1092.0232558139535,37,6,16,30.209215074242586,0.6607545045045045,40.92653508771931,1036.2938596491242,28.007942152679032,0
3079,4,0,1,42,0.0,0.023255813953488372,0.9767441860465116,43,800,500,300,0.625,11,5,6,418.13770162709636,0.8112310815799187,0.30472151568672823,0.2653069685357428,134323.35550361648,2633.1318290243125,136956.4873326408,2915,25,1093.0232558139535,37,6,16,30.00802129610041,0.6615990990990991,40.844298245614034,1036.6228070175437,28.016832622095773,0
3080,4,0,0,42,0.0,0.0,1.0,42,1300,1100,200,0.8461538461538461,15,11,4,424.97032109663735,0.8042489353464963,0.3250261216804775,0.26981219144935464,134346.39665002836,3018.6462645077427,137365.0429145361,2916,44,1119.452380952381,36,6,16,29.807779346802803,0.6637731481481481,40.82207207207207,1036.7117117117111,28.79754754754753,0
3081,4,0,0,42,0.0,0.0,1.0,42,1350,1100,250,0.8148148148148148,16,11,5,422.3107284486664,0.8047812620983352,0.3354000960313983,0.251511950807156,131963.74584043497,2745.941126937741,134709.68696737272,2917,45,1120.452380952381,36,6,17,32.28276158117784,0.6400462962962964,43.13063063063063,1027.477477477477,28.541041041041026,6
3082,4,0,0,42,0.0,0.0,1.0,42,950,600,350,0.631578947368421,13,6,7,419.2029403984017,0.8047812620983352,0.33027236286598427,0.25010752134654424,132031.50398439867,2669.598939096609,134701.1029234953,2918,46,1121.452380952381,37,5,17,32.29388936306413,0.6387950450450453,43.06469298245612,1027.7412280701724,27.776789947842495,0
3083,4,0,0,42,0.0,0.0,1.0,42,1050,500,550,0.47619047619047616,16,5,11,428.0979800920251,0.8049990321331785,0.3245079895727616,0.24685264249643796,130726.5185550444,2792.751707575449,133519.27026261986,2919,47,1122.452380952381,38,4,14,33.392751427775465,0.6239035087719296,44.33760683760685,1022.6495726495742,26.911830859199323,2
3084,4,1,0,43,0.023255813953488372,0.0,1.0,43,600,300,300,0.5,9,3,6,421.7785975049925,0.8105850867478774,0.32579913755153567,0.24465150525879953,130954.69292534754,2446.7773437500337,133401.47026909757,2920,0,1097.3255813953488,39,4,15,33.32188411696861,0.6244658119658117,44.11458333333335,1023.5416666666691,26.244658119658183,0
3085,4,0,0,43,0.0,0.0,1.0,43,1450,1200,250,0.8275862068965517,17,12,5,419.5397238290003,0.8122462163159837,0.3266789032490012,0.24436697658096782,131114.67013888908,2401.5625000000196,133516.2326388891,2921,1,1098.3255813953488,39,4,15,33.216368321128286,0.626068376068376,43.95833333333334,1024.1666666666683,26.260683760683804,0
3086,4,0,0,43,0.0,0.0,1.0,43,1600,1100,500,0.6875,21,11,10,416.3835185246568,0.8101236618678479,0.31862757843134903,0.24371192378132678,131301.43364800367,2334.3505859375246,133635.7842339412,2922,2,1099.3255813953488,39,4,15,33.107298336551835,0.6279380341880341,43.77604166666668,1024.895833333335,26.279380341880387,0
3087,4,0,0,43,0.0,0.0,1.0,43,1050,700,350,0.6666666666666666,14,7,7,419.11684942560197,0.8102159468438538,0.32068642922616,0.24616863160773458,131434.91753472242,2417.317708333352,133852.23524305577,2923,3,1100.3255813953488,39,4,15,32.901598266287415,0.6292735042735043,43.64583333333334,1025.4166666666683,26.292735042735085,0
3088,4,0,0,43,0.0,0.0,1.0,43,850,600,250,0.7058823529411765,11,6,5,422.08059353705085,0.8097545219638242,0.32423494395691344,0.24808259363416543,131461.62245008702,2497.4799262153047,133959.10237630233,2924,4,1101.3255813953488,39,4,15,32.79848061621806,0.6295405982905982,43.61979166666668,1025.520833333335,26.29540598290603,0
3089,4,0,0,43,0.0,0.0,1.0,43,650,500,150,0.7692307692307693,8,5,3,420.74351678452234,0.8095699520118125,0.3204134366925062,0.24746957385068166,131488.33007812515,2464.5724826389037,133952.90256076405,2925,5,1102.3255813953488,39,4,15,32.80562326494685,0.6298076923076923,43.59375000000001,1025.6250000000011,26.29807692307695,0
3090,4,0,0,43,0.0,0.0,1.0,43,1100,1000,100,0.9090909090909091,12,10,2,398.99497726251235,0.808970099667774,0.2493313580639711,0.23507537829143968,131553.00188519532,1930.6424512830743,133483.6443364784,2926,6,1103.3255813953488,37,6,17,33.29770557218184,0.6340090090090091,43.53070175438596,1025.8771929824552,27.726410621147437,7
3091,4,0,0,43,0.0,0.0,1.0,43,950,700,250,0.7368421052631579,12,7,5,403.6282579473547,0.808001107419712,0.2500733112322755,0.23815594185821815,131609.2511638194,2024.2425554016384,133633.49371922103,2927,7,1104.3255813953488,37,6,15,33.121838711975485,0.6345720720720722,43.475877192982445,1026.0964912280683,27.732337600758605,0
3092,4,0,0,43,0.0,0.0,1.0,43,1300,600,700,0.46153846153846156,20,6,14,412.896965519119,0.8053709856035437,0.25230434491032283,0.24452588792887445,131749.9269606992,2279.8290098876305,134029.75597058682,2928,8,1105.3255813953488,37,6,15,32.7413533767667,0.6359797297297298,43.33881578947367,1026.6447368421032,27.74715504978657,0
3093,4,0,1,42,0.0,0.023255813953488372,0.9767441860465116,43,900,700,200,0.7777777777777778,11,7,4,411.6441315357208,0.8053248431155408,0.2534133533383349,0.24389026535501063,131766.52444480947,2248.1833041127647,134014.70774892223,2929,9,1106.3255813953488,38,5,15,32.75667707249392,0.6343201754385966,43.32264957264956,1026.7094017093998,27.018668466036836,0
3094,4,0,0,42,0.0,0.0,1.0,42,1350,1100,250,0.8148148148148148,16,11,5,416.7926802542195,0.8002322880371661,0.2628408628408636,0.24628658378658375,131665.51246537364,2575.4443674976574,134240.9568328713,2930,58,1133.452380952381,37,5,15,32.72702991452991,0.6351351351351353,43.42105263157893,1026.3157894736817,27.738264580369776,0
3095,4,0,0,42,0.0,0.0,1.0,42,1050,700,350,0.6666666666666666,14,7,7,418.5613537753883,0.8001355013550135,0.2650116446162234,0.2479885702701281,131766.5244448096,2630.4749707794463,134396.99941558903,2931,59,1134.452380952381,38,4,15,32.57912764481443,0.6343201754385965,43.32264957264957,1026.7094017094007,27.01866846603686,0
3096,4,0,0,42,0.0,0.0,1.0,42,700,500,200,0.7142857142857143,9,5,4,418.21942297471537,0.7994821912504839,0.2612210926817675,0.2481435242983307,131821.37573964475,2626.051939513458,134447.4276791582,2932,60,1135.452380952381,38,4,15,32.53225135247605,0.6348684210526316,43.26923076923076,1026.9230769230753,27.024291497975668,0
3097,4,0,0,42,0.0,0.0,1.0,42,1450,1200,250,0.8275862068965517,17,12,5,417.5100112021557,0.7993854045683314,0.2664633645771468,0.24816553468742955,131889.27001953122,2613.018120659722,134502.28814019094,2933,61,1136.452380952381,39,3,15,32.481598384207146,0.6338141025641025,43.203125,1027.1874999999998,26.33814102564102,0
3098,4,0,0,42,0.0,0.0,1.0,42,1200,1100,100,0.9166666666666666,13,11,2,417.8431121200572,0.7993854045683314,0.2692419086235609,0.24906479160509787,131996.29041883696,2630.7481553819625,134627.03857421892,2934,62,1137.452380952381,39,3,15,32.364525257644885,0.6348824786324785,43.09895833333334,1027.604166666668,26.348824786324823,0
3099,4,0,0,42,0.0,0.0,1.0,42,1350,1000,350,0.7407407407407407,17,10,7,413.8809590533059,0.7982723577235772,0.2644135668451779,0.2475760645973412,132130.126953125,2537.228732638888,134667.35568576388,2935,63,1138.452380952381,39,3,16,32.330715974333,0.6362179487179487,42.96875,1028.125,26.362179487179485,0
3100,4,0,0,42,0.0,0.0,1.0,42,1250,800,450,0.64,17,8,9,387.68976989202815,0.7987804878048781,0.24579861744612752,0.23531867428330036,132680.27181440414,1888.2993445098193,134568.57115891395,2936,64,1139.452380952381,37,5,14,32.448648361004665,0.6452702702702704,42.43421052631577,1030.2631578947346,27.844950213371206,1
3101,4,0,0,42,0.0,0.0,1.0,42,1150,900,250,0.782608695652174,14,9,5,388.31144134165606,0.7991676345334882,0.24589324983025795,0.2360511594908717,132736.761551631,1908.6406394274893,134645.4021910585,2937,65,1140.452380952381,37,5,15,32.37568276938356,0.6458333333333335,42.37938596491227,1030.4824561403489,27.850877192982402,0
3102,4,0,0,42,0.0,0.0,1.0,42,1050,600,450,0.5714285714285714,15,6,9,388.5703938433685,0.7996273712737128,0.2475278622087138,0.2365648770808069,132793.263311788,1919.9061249615029,134713.1694367495,2938,66,1141.452380952381,37,5,15,32.31205673758865,0.6463963963963965,42.32456140350876,1030.701754385963,27.8568041725936,0
3103,4,0,0,42,0.0,0.0,1.0,42,1100,1000,100,0.9090909090909091,12,10,2,387.8136787508407,0.8001596980255516,0.24300300847843936,0.23646071385313872,132849.77709487517,1904.1921552785275,134753.9692501537,2939,67,1142.452380952381,37,5,16,32.274604694036725,0.6469594594594594,42.26973684210525,1030.9210526315776,27.8627311522048,0
3104,4,0,0,42,0.0,0.0,1.0,42,1100,900,200,0.8181818181818182,13,9,4,392.32731353943456,0.8003290747193186,0.24853294853294838,0.23975558049632123,132934.57031250003,2030.7725694444443,134965.34288194447,2940,68,1143.452380952381,37,5,17,32.07281144781144,0.6478040540540541,42.1875,1031.2500000000002,27.871621621621628,0
3105,4,1,0,43,0.023255813953488372,0.0,1.0,43,800,700,100,0.875,9,7,2,385.95001118571366,0.8044481358434846,0.2542472004216516,0.23769502600940412,133223.94035585134,1683.5562541091301,134907.49660996048,2941,0,1117.8372093023256,38,5,18,31.94595363758666,0.6488486842105263,41.90705128205128,1032.3717948717942,27.167678812415637,0
3106,4,0,1,42,0.0,0.023255813953488372,0.9767441860465116,43,1000,600,400,0.6,14,6,8,383.08829492071294,0.804032853451458,0.2571397634716486,0.23628260181293492,133279.0941289539,1611.5321836876303,134890.62631264154,2942,1,1118.8372093023256,38,5,18,31.964347301258833,0.6493969298245614,41.85363247863248,1032.58547008547,27.173301844354473,0
3107,4,0,0,42,0.0,0.0,1.0,42,750,400,350,0.5333333333333333,11,4,7,388.97115231603334,0.8034988385598142,0.2659543022671518,0.24008909056748268,133306.67529585803,1970.4902202498438,135277.16551610787,2943,2,1141.0,38,4,18,31.784735154148564,0.649671052631579,41.82692307692308,1032.692307692308,27.176113360323896,0
3108,4,0,0,42,0.0,0.0,1.0,42,1100,700,400,0.6363636363636364,15,7,8,393.198936144046,0.8023373983739838,0.2666469690254587,0.24342085227355476,133417.02849916,2091.8867338739183,135508.9152330339,2944,3,1142.0,38,4,19,31.564546708031706,0.6507675438596492,41.72008547008547,1033.1196581196587,27.187359424201542,0
3109,4,0,0,42,0.0,0.0,1.0,42,1250,800,450,0.64,17,8,9,393.29994866358993,0.8032810685249709,0.2706358717362096,0.2444211393895119,133559.51126379755,2105.8126132656153,135665.32387706317,2945,4,1143.0,36,6,19,31.418636743290843,0.6559606481481481,41.582207207207205,1033.671171171171,28.71308808808808,0
3110,4,0,0,42,0.0,0.0,1.0,42,800,600,200,0.75,10,6,4,391.42477627925575,0.8036198219125048,0.2676561803113757,0.24383054923989975,133646.82883897392,2062.536015745456,135709.36485471937,2946,5,1144.0,36,6,19,31.379329122195596,0.6568287037037038,41.49774774774774,1034.0090090090075,28.722472472472433,0
3111,4,0,0,42,0.0,0.0,1.0,42,800,600,200,0.75,10,6,4,390.02271789143975,0.8039101819589625,0.2675253028040483,0.2433402609453113,133705.0564077591,2029.6018991964936,135734.6583069556,2947,6,1145.0,36,6,16,31.357070267131242,0.6574074074074074,41.44144144144144,1034.2342342342342,28.72872872872873,0
3112,4,0,0,42,0.0,0.0,1.0,42,750,600,150,0.8,9,6,3,394.2442577361383,0.8013211382113821,0.27534586625495816,0.24707020614300582,133869.08111149565,2155.423303324079,136024.50441481973,2948,7,1146.0,37,5,17,31.083121424030526,0.6570945945945947,41.282894736842096,1034.8684210526299,27.969416785206214,0
3113,4,0,0,42,0.0,0.0,1.0,42,900,400,500,0.4444444444444444,14,4,10,392.7387261192915,0.8010065814943864,0.27004886461626976,0.24707740111555412,134010.9592013888,2126.258680555546,136137.21788194432,2949,8,1147.0,37,5,17,30.979627766599585,0.6585022522522523,41.14583333333333,1035.4166666666658,27.98423423423421,0
3114,4,0,0,42,0.0,0.0,1.0,42,800,400,400,0.5,12,4,8,397.4883510508254,0.8009823848238482,0.27395064715132444,0.2510340869470719,134152.91243459514,2264.8439904585894,136417.75642505373,2950,9,1148.0,37,5,17,30.714172311600333,0.6599099099099099,41.008771929824555,1035.964912280701,27.999051683262188,0
3115,4,0,0,42,0.0,0.0,1.0,42,850,600,250,0.7058823529411765,11,6,5,400.82871210709345,0.8001355013550135,0.2727529317056172,0.2539803616035867,134273.81388569289,2364.159977901966,136637.97386359485,2951,10,1149.0,38,4,17,30.50630519190461,0.659265350877193,40.89209401709402,1036.4316239316238,27.274516419253256,0
3116,4,0,0,42,0.0,0.0,1.0,42,800,500,300,0.625,11,5,6,401.2141112530352,0.8007162214479288,0.2747922831917471,0.25460958283114443,134329.18453000576,2378.9528773102393,136708.137407316,2952,11,1150.0,38,4,17,30.44075715414476,0.6598135964912281,40.83867521367521,1036.6452991452986,27.28013945119207,0
3117,4,0,0,42,0.0,0.0,1.0,42,1450,1200,250,0.8275862068965517,17,12,5,401.1637168939403,0.799119241192412,0.27886322397135954,0.2559329626176192,134523.07167251097,2393.1550880269024,136916.22676053786,2953,12,1151.0,38,4,18,30.247596979059395,0.6617324561403508,40.65170940170941,1037.393162393164,27.299820062978,0
3118,4,0,0,42,0.0,0.0,1.0,42,700,500,200,0.7142857142857143,9,5,4,390.59066759557817,0.7978610143244289,0.26450837882123546,0.251731699646293,134892.2805574792,2137.536036855721,137029.8165943349,2954,13,1152.0,37,5,16,30.152258813595097,0.6672297297297298,40.296052631578945,1038.815789473684,28.076102418207675,1
3119,4,0,1,41,0.0,0.023809523809523808,0.9761904761904762,42,1300,1000,300,0.7692307692307693,16,10,6,357.41631501071447,0.7976190476190477,0.12959765980913995,0.22321660428027637,133741.455078125,1216.1702098241772,134957.62528794917,2955,14,1153.0,35,7,15,32.1636874790198,0.6598214285714286,41.40625,1034.375,29.553571428571427,8
3120,4,0,0,41,0.0,0.0,1.0,41,1050,500,550,0.47619047619047616,16,5,11,362.00202649790606,0.7925813008130081,0.11417295206442701,0.22612764976565808,133749.15143140577,1483.4927721088322,135232.64420351462,2942,15,1110.0487804878048,34,7,16,32.037394023094336,0.6620710784313726,41.39880952380952,1034.404761904761,30.42366946778709,0
3121,4,0,0,41,0.0,0.0,1.0,41,1500,1400,100,0.9333333333333333,16,14,2,362.99390050079273,0.7929878048780488,0.1163508201461616,0.22743717339716782,133861.2011986667,1518.1599097650746,135379.36110843177,2943,16,1111.0487804878048,35,6,16,31.89951254520374,0.6610119047619047,41.29050925925925,1034.837962962962,29.56679894179891,0
3122,4,0,0,41,0.0,0.0,1.0,41,900,700,200,0.7777777777777778,11,7,4,360.4423122417704,0.7933943089430894,0.11579860604436565,0.22648982750776445,133967.23740209802,1457.4921627708763,135424.7295648689,2944,17,1112.0487804878048,36,5,17,31.859385764530987,0.6600115740740742,41.18806306306306,1035.2477477477476,28.756881881881878,0
3123,4,1,0,42,0.023809523809523808,0.0,1.0,42,1500,1000,500,0.6666666666666666,20,10,10,357.49068478231953,0.7951025938830817,0.1292772315607713,0.22771073315528334,134465.4740521121,1214.0308796937459,135679.50493180586,2945,0,1086.547619047619,37,5,18,31.437762096063704,0.6630067567567568,40.70723684210526,1037.1710526315783,28.03165007112374,0
3124,4,0,0,42,0.0,0.0,1.0,42,1100,800,300,0.7272727272727273,14,8,6,353.9039519210774,0.7959494773519163,0.12287158896572237,0.22632687823997008,134610.82845721874,1127.9149356615826,135738.74339288034,2946,1,1087.547619047619,35,7,19,31.38569782139936,0.668452380952381,40.567129629629626,1037.731481481481,29.649470899470888,0
3125,4,0,0,42,0.0,0.0,1.0,42,1200,800,400,0.6666666666666666,16,8,8,362.9249668290947,0.7957559039876113,0.11266619323785876,0.2223606268846282,133030.99203740235,1256.053674483168,134287.04571188553,2947,2,1088.547619047619,38,4,19,32.733965064899195,0.6469298245614035,42.0940170940171,1031.623931623932,27.147998200629793,4
3126,4,0,0,42,0.0,0.0,1.0,42,1500,1200,300,0.8,18,12,6,358.971757941777,0.7961430507162215,0.11148497083894138,0.22042645962871102,133113.66705246916,1156.8094135802555,134270.4764660494,2948,3,1089.547619047619,38,4,19,32.752916105877084,0.6477521929824561,42.01388888888889,1031.9444444444448,27.15643274853802,0
3127,4,0,0,42,0.0,0.0,1.0,42,900,500,400,0.5555555555555556,13,5,8,358.3985957331891,0.7959010840108401,0.1095533865720204,0.2202373050116163,133141.23109796192,1143.526051939517,134284.75714990144,2949,4,1090.547619047619,38,4,19,32.740036231884055,0.6480263157894737,41.98717948717949,1032.0512820512824,27.159244264507432,0
3128,4,0,0,42,0.0,0.0,1.0,42,1000,800,200,0.8,12,8,4,358.6283479205953,0.7965301974448316,0.10836486912645849,0.22103216545310178,133251.5158156185,1157.5541949740827,134409.07001059258,2950,5,1091.547619047619,38,4,20,32.62343922461368,0.6491228070175438,41.88034188034189,1032.4786324786337,27.170490328385096,0
3129,4,0,0,42,0.0,0.0,1.0,42,1150,700,450,0.6086956521739131,16,7,9,360.9925900101483,0.7943283004258614,0.10581572856650401,0.2234826085402137,133417.02849916002,1232.511733873918,134649.54023303394,2951,6,1092.547619047619,38,4,20,32.3963719407101,0.6507675438596492,41.72008547008547,1033.1196581196589,27.18735942420155,0
3130,4,0,0,42,0.0,0.0,1.0,42,1250,900,350,0.72,16,9,7,360.30176899063497,0.7941831204026326,0.10560675883256576,0.2233870967741935,133472.22222222204,1218.0669698297718,134690.28919205183,2952,7,1093.547619047619,37,5,20,32.358870967741936,0.6531531531531533,41.66666666666666,1033.333333333332,27.92792792792789,0
3131,4,0,0,42,0.0,0.0,1.0,42,950,500,450,0.5263157894736842,14,5,9,358.59207779605237,0.7937959736740224,0.10645089601390012,0.2230083185660407,133585.55036164954,1180.544013542603,134766.09437519213,2953,8,1094.547619047619,37,5,20,32.28945693678404,0.6542792792792793,41.55701754385964,1033.7719298245597,27.939781887150264,0
3132,4,0,0,42,0.0,0.0,1.0,42,1000,700,300,0.7,13,7,6,358.04339584228137,0.7940379403794038,0.10959651035986928,0.2233508802635179,133698.92659279748,1174.0035395505993,134872.9301323481,2954,9,1095.547619047619,37,5,20,32.19006219960417,0.6554054054054055,41.447368421052616,1034.210526315787,27.951635846372625,0
3133,4,0,0,42,0.0,0.0,1.0,42,950,500,450,0.5263157894736842,14,5,9,356.89155909861074,0.7932878435927216,0.10087818911348378,0.22314591518193425,133783.99032635018,1149.2753780008984,134933.26570435107,2955,10,1096.547619047619,37,5,16,32.13467143614203,0.6562500000000002,41.365131578947356,1034.5394736842086,27.960526315789423,0
3134,4,0,0,42,0.0,0.0,1.0,42,850,400,450,0.47058823529411764,13,4,9,359.3014837154654,0.7934572202864886,0.10372635701164801,0.2248255172638678,133812.35091566612,1215.7952446906506,135028.14616035676,2956,11,1097.547619047619,37,5,16,32.04394517450897,0.6565315315315317,41.3377192982456,1034.6491228070156,27.963489805595017,0
3135,4,0,0,42,0.0,0.0,1.0,42,900,700,200,0.7777777777777778,11,7,4,358.89195096005494,0.7945460704607046,0.09131649694090127,0.22543572248927968,133954.19894823382,1215.016759964577,135169.2157081984,2957,12,1098.547619047619,37,5,17,31.91255781520318,0.6579391891891893,41.20065789473683,1035.1973684210507,27.97830725462299,0
3136,4,0,0,42,0.0,0.0,1.0,42,1300,1100,200,0.8461538461538461,15,11,4,362.79590790743026,0.794618660472319,0.09003054959015122,0.22876970267647415,134096.12212411498,1329.9048745767764,135426.02699869176,2958,13,1099.547619047619,37,5,17,31.669489731103106,0.659346846846847,41.06359649122806,1035.7456140350866,27.99312470365099,0
3137,4,0,0,42,0.0,0.0,1.0,42,1500,1000,500,0.6666666666666666,20,10,10,361.89981652770626,0.794618660472319,0.0888270634248618,0.22855811942204324,134152.91243459514,1309.982879347479,135462.89531394263,2959,14,1100.547619047619,37,5,17,31.635884137736376,0.6599099099099099,41.008771929824555,1035.964912280701,27.999051683262188,0
3138,4,0,0,42,0.0,0.0,1.0,42,1250,800,450,0.64,17,8,9,360.1003687187429,0.7929490902051878,0.09751326569180474,0.22817332964993609,134273.81388569274,1270.4099779019518,135544.2238635947,2960,15,1101.547619047619,38,4,17,31.561608768855454,0.6592653508771931,40.89209401709401,1036.4316239316227,27.274516419253228,0
3139,4,0,0,42,0.0,0.0,1.0,42,1200,1100,100,0.9166666666666666,13,11,2,349.9094304896655,0.7902390631049168,0.09260382853502458,0.21595327761151156,133302.32018505674,929.3185014925789,134231.63868654933,2961,16,1102.547619047619,37,5,18,32.79756848587811,0.6514639639639641,41.831140350877185,1032.6754385964898,27.91014698909432,2
3140,4,0,0,42,0.0,0.0,1.0,42,900,500,400,0.5555555555555556,13,5,8,347.37782497675005,0.7893921796360821,0.08982301947506177,0.21459508627068413,133337.7075195314,863.7125651041824,134201.42008463558,2962,17,1103.547619047619,39,3,18,32.82747100353001,0.6482371794871794,41.79687500000001,1032.8125000000011,26.482371794871824,0
3141,4,0,0,42,0.0,0.0,1.0,42,1150,700,450,0.6086956521739131,16,7,9,349.17458468983864,0.7888840495547813,0.09188200386022527,0.21617437771247328,133418.40820312515,917.2634548611268,134335.67165798627,2963,18,1104.547619047619,39,3,19,32.70022517980777,0.6490384615384615,41.71875000000001,1033.1250000000011,26.490384615384645,0
3142,4,0,0,42,0.0,0.0,1.0,42,450,300,150,0.6666666666666666,6,3,3,348.2385160306595,0.7887630662020906,0.0951924877219763,0.21575127048770254,133445.31385633702,894.1596137152981,134339.47347005233,2964,19,1105.547619047619,39,3,19,32.697453540343446,0.6493055555555556,41.69270833333334,1033.2291666666683,26.4930555555556,0
3143,4,0,0,42,0.0,0.0,1.0,42,1200,800,400,0.6666666666666666,16,8,8,347.96844529688883,0.7882791327913279,0.09364525936763912,0.21607945811467139,133530.41174620553,892.8820930569364,134423.29383926248,2965,20,1106.547619047619,36,6,19,32.61921624173749,0.6556712962962964,41.61036036036035,1033.5585585585575,28.70995995995993,0
3144,4,0,0,42,0.0,0.0,1.0,42,650,500,150,0.7692307692307693,8,5,3,346.1793601092678,0.7879161827332559,0.09150545499821017,0.21513746421414795,133559.5112637974,847.109229161575,134406.620492959,2966,21,1107.547619047619,36,6,19,32.63631659222138,0.6559606481481483,41.5822072072072,1033.6711711711698,28.71308808808805,0
3145,4,0,0,42,0.0,0.0,1.0,42,850,700,150,0.8235294117647058,10,7,3,343.77136768629646,0.7872870692992644,0.08630797387176936,0.20236351325298152,131519.8348696945,642.5507022061354,132162.3855719006,2967,22,1108.547619047619,38,4,19,34.74746554178383,0.6318530701754387,43.56303418803418,1025.747863247862,26.993364822312156,4
3146,4,0,0,42,0.0,0.0,1.0,42,800,500,300,0.625,11,5,6,343.3681997358657,0.7876742160278746,0.08588984437765967,0.20227125483826852,131547.23340821077,633.8273431221944,132181.06075133296,2968,23,1109.547619047619,38,4,19,34.73017774074845,0.6321271929824562,43.536324786324776,1025.854700854699,26.996176338281554,0
3147,4,0,0,42,0.0,0.0,1.0,42,1450,1200,250,0.8275862068965517,17,12,5,342.08868580928663,0.7863917924893534,0.08589568216962107,0.2023884293876613,131711.68456424834,611.4154156621778,132323.0999799105,2969,24,1110.547619047619,38,4,15,34.5972540244241,0.6337719298245617,43.37606837606836,1026.4957264957238,27.013045434097997,0
3148,4,0,0,42,0.0,0.0,1.0,42,800,400,400,0.5,12,4,8,345.12492966812744,0.7876984126984127,0.0896349800844185,0.20477412493642197,131821.37573964475,698.9686061801245,132520.34434582488,2970,25,1111.547619047619,38,4,16,34.40881190178942,0.6348684210526316,43.26923076923076,1026.9230769230753,27.024291497975668,0
3149,4,0,0,42,0.0,0.0,1.0,42,1450,1200,250,0.8275862068965517,17,12,5,344.31308420853185,0.7878435927216415,0.10083771499866367,0.2051798788053068,131985.99810979585,688.9012163050305,132674.8993261009,2971,26,1112.547619047619,38,4,17,34.26388022457891,0.636513157894737,43.10897435897434,1027.5641025641,27.041160593792107,0
3150,4,0,0,42,0.0,0.0,1.0,42,850,600,250,0.7058823529411765,11,6,5,347.4799123447775,0.7877951993805652,0.09459459459459496,0.20736704446381848,132040.89506172802,776.3117283950213,132817.20679012305,2972,27,1113.547619047619,38,4,18,34.127252252252234,0.637061403508772,43.055555555555536,1027.7777777777749,27.046783625730917,0
3151,4,0,0,42,0.0,0.0,1.0,42,1550,1300,250,0.8387096774193549,18,13,5,349.4878191937936,0.7871902826171119,0.08652319109462003,0.20932297820412302,132178.18737900836,838.9332904156286,133017.12066942398,2973,28,1114.547619047619,38,4,18,33.9374458874459,0.6384320175438598,42.92200854700853,1028.3119658119633,27.060841205577983,0
3152,4,0,0,42,0.0,0.0,1.0,42,1400,1000,400,0.7142857142857143,18,10,8,344.38718568336935,0.7867789392179636,0.08077436582109576,0.20701926330404744,132315.55103550266,713.5560486521756,133029.10708415485,2974,29,1115.547619047619,38,4,18,33.93042575285566,0.6398026315789475,42.788461538461526,1028.8461538461515,27.07489878542504,0
3153,4,0,0,42,0.0,0.0,1.0,42,1200,900,300,0.75,15,9,6,343.6308271131452,0.7857142857142857,0.08059064223447776,0.20747034148259813,132480.48159105846,704.8754930966378,133185.35708415508,2975,30,1116.547619047619,38,4,18,33.78411685346615,0.6414473684210527,42.628205128205124,1029.487179487179,27.09176788124155,0
3154,4,0,0,42,0.0,0.0,1.0,42,850,600,250,0.7058823529411765,11,6,5,346.1483326638037,0.7863433991482772,0.08091483117422138,0.20929596174490186,132535.48127145864,775.3871721820265,133310.86844364068,2976,31,1117.547619047619,38,4,18,33.66405547485649,0.6419956140350878,42.57478632478632,1029.7008547008531,27.097390913180345,0
3155,4,1,0,43,0.023255813953488372,0.0,1.0,43,1050,800,250,0.7619047619047619,13,8,5,342.2563128647884,0.7906053894425987,0.0858415897426259,0.20855717192795215,132827.1701388888,492.1874999999947,133319.3576388888,2977,0,1092.5348837209303,39,4,18,33.47143627054704,0.6431623931623932,42.291666666666664,1030.8333333333326,26.43162393162391,0
3156,4,1,0,44,0.022727272727272728,0.0,1.0,44,850,700,150,0.8235294117647058,10,7,3,335.61215194222467,0.7957188160676533,0.09333983920353806,0.2060342074257164,133104.92782900395,134.32625256130774,133239.25408156525,2978,0,1068.6818181818182,40,4,19,33.36431455584007,0.6442708333333333,42.02235772357724,1031.9105691056914,25.797764227642283,0
3157,4,0,0,44,0.0,0.0,1.0,44,1000,600,400,0.6,14,6,8,333.87919538213094,0.795828928823115,0.09467944185380395,0.20540345169571816,133183.59116803826,93.44605145746377,133277.03721949572,2979,1,1069.6818181818182,40,4,19,33.33025663745855,0.6450520833333333,41.94613821138211,1032.2154471544718,25.805386178861795,0
3158,4,0,0,44,0.0,0.0,1.0,44,1400,800,600,0.5714285714285714,20,8,12,330.77690876200234,0.7942212825933757,0.09435790870673744,0.20451598420605496,133369.7286785083,23.125314940782573,133392.8539934491,2980,2,1070.6818181818182,41,3,19,33.22408438980665,0.6453252032520326,41.76587301587301,1032.936507936507,25.19357336430505,0
3159,4,0,0,44,0.0,0.0,1.0,44,600,300,300,0.5,9,3,6,304.19379300333884,0.7936927413671601,0.03795180722891556,0.18338237085471437,132423.52966939064,-738.3104804422038,131685.21918894842,2981,3,1071.6818181818182,41,3,21,34.85612449799197,0.6359247967479676,42.68353174603173,1029.265873015871,25.104045683313927,4
3160,4,0,0,44,0.0,0.0,1.0,44,1600,1000,600,0.625,22,10,12,303.27013608382543,0.7922832980972516,0.045540098899782944,0.1833076488069808,132522.68962952922,-761.9651763716382,131760.7244531576,2982,4,1072.6818181818182,42,2,21,34.780648095865494,0.6354166666666667,42.58720930232557,1029.6511627906957,24.515503875968946,0
3161,4,0,0,44,0.0,0.0,1.0,44,1050,600,450,0.5714285714285714,15,6,9,303.60226795762503,0.7929659971811135,0.04682061894459588,0.1841184090506279,132647.43447096003,-745.5876111712313,131901.84685978878,2983,5,1073.6818181818182,42,2,15,34.64729721255448,0.6366567460317462,42.466085271317816,1030.1356589147267,24.527039497969685,0
3162,4,0,0,44,0.0,0.0,1.0,44,1500,1100,400,0.7333333333333333,19,11,8,302.56299705062554,0.7920630725863285,0.04096805619648247,0.18434508377002015,132822.17583829092,-762.5848807163102,132059.5909575746,2984,6,1074.6818181818182,42,2,16,34.499357648680835,0.6383928571428572,42.29651162790697,1030.8139534883717,24.543189368770754,0
3163,4,0,0,44,0.0,0.0,1.0,44,1350,1100,250,0.8148148148148148,16,11,5,298.8374619015973,0.7923493657505286,0.04445303357734054,0.18268392343588144,132947.06152161807,-854.0875135208458,132092.97400809723,2985,7,1075.6818181818182,42,2,16,34.470622318268646,0.6396329365079365,42.17538759689921,1031.2984496124013,24.55472499077146,0
3164,4,0,0,44,0.0,0.0,1.0,44,1250,900,350,0.72,16,9,7,300.9813484152802,0.7931201550387598,0.042680845253132205,0.18510700481059847,133172.00363559887,-783.5421549185681,132388.4614806803,2986,8,1076.6818181818182,42,2,16,34.19076229815998,0.6418650793650793,41.957364341085274,1032.1705426356593,24.575489110372843,0
3165,4,0,1,43,0.0,0.022727272727272728,0.9772727272727273,44,850,500,350,0.5882352941176471,12,5,7,301.4461720251715,0.7927457716701903,0.04649332366366643,0.1857668573122153,133247.02659282793,-766.6387799711595,132480.38781285676,2987,9,1077.6818181818182,42,2,16,34.103902706084774,0.642609126984127,41.88468992248062,1032.4612403100773,24.58241048357327,0
3166,4,0,0,43,0.0,0.0,1.0,43,750,400,350,0.5333333333333333,11,4,7,307.6140019734164,0.7898671096345514,0.04326184861929061,0.1892799343899111,133190.4597052942,-405.7499330750826,132784.70977221912,2988,10,1103.5116279069769,41,2,18,34.00118132308186,0.6435467479674797,41.93948412698413,1032.2420634920636,25.17663569492838,0
3167,4,0,0,43,0.0,0.0,1.0,43,950,900,50,0.9473684210526315,10,9,1,305.313390456463,0.7898209671465485,0.043705199935648587,0.18825247439993278,133267.2745023935,-462.34331695642186,132804.93118543708,2989,11,1104.5116279069769,41,2,18,33.9838745836536,0.6443089430894309,41.86507936507936,1032.539682539682,25.183894696089805,0
3168,4,0,0,43,0.0,0.0,1.0,43,1300,700,600,0.5384615384615384,19,7,12,308.97296464421146,0.7901439645625692,0.04379562043795615,0.19103482825864168,133369.72867850823,-358.4719072814528,133011.25677122676,2990,12,1105.5116279069769,41,2,18,33.787136637213464,0.6453252032520326,41.765873015873005,1032.9365079365064,25.193573364305035,0
3169,4,1,1,43,0.022727272727272728,0.022727272727272728,0.9772727272727273,44,1400,1100,300,0.7857142857142857,17,11,6,305.0502165015249,0.7970181465821001,0.04626319781685684,0.19057870625892143,133754.2824566168,-639.6060681217011,133114.6763884951,2991,0,1081.3636363636363,41,3,15,33.50506297752629,0.6491361788617886,41.3938492063492,1034.4246031746025,25.229868370112253,0
3170,4,0,0,43,0.0,0.0,1.0,43,800,500,300,0.625,11,5,6,306.161845101434,0.7950812107788852,0.05240583535454424,0.19193992596743745,133882.59007306633,-402.0518392542142,133480.5382338121,2992,1,1099.7906976744187,41,2,16,33.348510991820035,0.6504065040650406,41.26984126984127,1034.9206349206354,25.24196670538135,0
3171,4,0,0,43,0.0,0.0,1.0,43,800,500,300,0.625,11,5,6,306.16572147107576,0.7948966408268734,0.05088950757769961,0.1920761859355224,133908.25897778108,-400.37625582638645,133507.8827219547,2993,2,1100.7906976744187,41,2,16,33.32284977155821,0.650660569105691,41.24503968253969,1035.0198412698426,25.244386372435184,0
3172,4,0,0,43,0.0,0.0,1.0,43,800,500,300,0.625,11,5,6,304.1387700974485,0.7941583610188261,0.0482400858569032,0.19101202121993202,133948.2596166848,-452.22821269754775,133496.03140398726,2994,3,1101.7906976744187,42,1,16,33.33547848606819,0.6495535714285714,41.20639534883721,1035.174418604652,24.647009966777425,0
3173,4,0,0,43,0.0,0.0,1.0,43,600,300,300,0.5,9,3,6,304.1387700974485,0.7941583610188261,0.0482400858569032,0.19101202121993202,133948.2596166848,-452.22821269754775,133496.03140398726,2995,4,1102.7906976744187,42,1,16,33.33547848606819,0.6495535714285714,41.20639534883721,1035.174418604652,24.647009966777425,0
3174,4,1,0,44,0.022727272727272728,0.0,1.0,44,800,600,200,0.75,10,6,4,297.023574653065,0.7982514094432699,0.05903940252382167,0.1879889518466452,134231.66434408023,-826.0062449781664,133405.65809910206,2996,0,1078.7045454545455,43,1,18,33.23785753449693,0.6509205426356588,40.93276515151516,1036.2689393939413,24.099277660324216,0
3175,4,0,0,44,0.0,0.0,1.0,44,1200,800,400,0.6666666666666666,16,8,8,297.1632582989799,0.7982954545454546,0.05252659022409634,0.18883578149248628,134378.9019904302,-813.505527576878,133565.39646285333,2997,1,1079.7045454545455,43,1,18,33.087972265351475,0.6523740310077518,40.79071969696971,1036.8371212121237,24.112491190979622,0
3176,4,1,1,44,0.022222222222222223,0.022222222222222223,0.9777777777777777,45,900,700,200,0.7777777777777778,11,7,4,289.48777973856556,0.8015572390572391,0.05211748841642083,0.18520120129334186,134624.47741800133,-1205.461934687755,133419.0154833136,2998,0,1056.6888888888889,43,2,18,33.04333196459533,0.6547965116279069,40.55397727272729,1037.7840909090933,24.134513742071935,0
3177,4,0,0,44,0.0,0.0,1.0,44,1200,600,600,0.5,18,6,12,295.0207360744817,0.7950361169837914,0.049375471713761554,0.18899604255478672,134673.6194060637,-853.6979346016815,133819.921471462,2999,3,1081.7045454545455,43,1,19,32.851036249733895,0.655281007751938,40.506628787878796,1037.9734848484866,24.138918252290384,0
3178,4,0,0,44,0.0,0.0,1.0,44,950,600,350,0.631578947368421,13,6,7,295.1809431097178,0.796115221987315,0.05721403345879006,0.1897394034080402,134796.5136091024,-842.1275969926494,133954.38601210975,3000,4,1082.7045454545455,43,1,15,32.72501367864308,0.6564922480620154,40.38825757575758,1038.4469696969697,24.149929527836505,0
3179,4,0,0,44,0.0,0.0,1.0,44,1150,800,350,0.6956521739130435,15,8,7,293.19694558694994,0.795762861169838,0.05243352562827441,0.1887197241313185,134845.6869834711,-892.7312901744665,133952.95569329662,3001,5,1083.7045454545455,43,1,15,32.727783856066154,0.6569767441860466,40.34090909090909,1038.636363636364,24.154334038054976,0
3180,4,0,0,44,0.0,0.0,1.0,44,900,700,200,0.7777777777777778,11,7,4,294.2896836530435,0.7936266737138831,0.057460312199648644,0.18993802406124682,134944.06063475675,-857.4710169880555,134086.5896177687,3002,6,1084.7045454545455,43,1,16,32.6019261149593,0.6579457364341085,40.246212121212125,1039.0151515151522,24.16314305849191,0
3181,4,0,0,44,0.0,0.0,1.0,44,1100,900,200,0.8181818181818182,13,9,4,293.58311756373183,0.7935606060606061,0.06223027541934112,0.18986886949098175,135017.86441295067,-872.2068877697341,134145.65752518093,3003,7,1085.7045454545455,43,1,16,32.54717160212603,0.6586724806201549,40.1751893939394,1039.2992424242434,24.169749823819615,0
3182,4,0,0,44,0.0,0.0,1.0,44,1050,800,250,0.7619047619047619,13,8,5,293.82253251475174,0.7941772374911911,0.07162227061580362,0.19054209004604022,135116.3008368487,-859.9572608184018,134256.3435760303,3004,8,1086.7045454545455,43,1,16,32.4434716276528,0.6596414728682171,40.08049242424243,1039.6780303030312,24.17855884425654,0
3183,4,0,0,44,0.0,0.0,1.0,44,1150,1000,150,0.8695652173913043,13,10,3,294.26313529383333,0.7919309372797745,0.07281294231581081,0.19134943842108754,135214.77313081088,-842.2553840966507,134372.51774671423,3005,9,1087.7045454545455,43,1,16,32.33453594949772,0.6606104651162791,39.98579545454545,1040.0568181818176,24.18736786469343,0
3184,4,0,0,44,0.0,0.0,1.0,44,1050,600,450,0.5714285714285714,15,6,9,294.58372860935634,0.7921952078928823,0.07709731335379799,0.19208257722439162,135313.28129483762,-827.78181316001,134485.4994816776,3006,10,1088.7045454545455,43,1,17,32.22871347956674,0.6615794573643411,39.891098484848484,1040.4356060606065,24.196176885130384,0
3185,4,0,0,44,0.0,0.0,1.0,44,1250,1000,250,0.8,15,10,5,293.45412516500056,0.7900590204369274,0.07999206034140594,0.19200284189367162,135436.46694214857,-851.1220156106652,134585.34492653792,3007,11,1089.7045454545455,43,1,17,32.136250606501704,0.6627906976744187,39.772727272727266,1040.9090909090894,24.2071881606765,0
3186,4,0,0,44,0.0,0.0,1.0,44,800,600,200,0.75,10,6,4,295.64119220811267,0.7895084566596194,0.08224448616061464,0.19356662453506746,135461.11079724808,-790.4231412132683,134670.6876560348,3008,12,1090.7045454545455,43,1,17,32.054963006761874,0.6630329457364341,39.74905303030303,1041.003787878788,24.209390415785766,0
3187,4,0,2,42,0.0,0.045454545454545456,0.9545454545454546,44,1050,700,350,0.6666666666666666,14,7,7,293.0080262902864,0.7898387949260043,0.08168014019077852,0.19250312264877972,135584.3637009298,-854.5386392332371,134729.82506169655,3009,13,1091.7045454545455,43,1,17,32.00165181548161,0.6642441860465116,39.63068181818182,1041.477272727273,24.22040169133193,0
3188,4,0,1,41,0.0,0.023809523809523808,0.9761904761904762,42,650,400,250,0.6153846153846154,9,4,5,297.20899312186606,0.7875532326751838,0.07178241402305408,0.19510961856161524,135556.1866673753,-342.2964498299323,135213.89021754535,3010,14,1064.9285714285713,41,1,17,31.920131942459744,0.6669207317073171,39.657738095238095,1041.3690476190477,25.399245063879214,0
3189,4,0,0,41,0.0,0.0,1.0,41,1100,800,300,0.7272727272727273,14,8,6,307.50089301101184,0.788109756097561,0.03502861654300937,0.1899935784651422,133344.11144376753,0.6866693436891467,133344.7981131112,3011,15,1018.609756097561,41,0,17,33.85071478884514,0.645071138211382,41.790674603174615,1032.8373015873033,25.1911536972513,5
3190,4,0,0,41,0.0,0.0,1.0,41,1050,900,150,0.8571428571428571,12,9,3,307.4276510355276,0.7887703252032521,0.03363170427326745,0.19073697682174462,133497.85175933814,8.186196932484108,133506.03795627062,3012,16,1019.609756097561,41,0,17,33.699221624908006,0.6465955284552845,41.64186507936508,1033.4325396825407,25.20567169957416,0
3191,4,0,0,41,0.0,0.0,1.0,41,650,400,250,0.6153846153846154,9,4,5,305.68721871396644,0.7880081300813008,0.024965949141356525,0.19031494584450195,133626.03635204103,-30.445719954626554,133595.59063208642,3013,17,1020.609756097561,41,0,17,33.61638840913452,0.6478658536585364,41.51785714285715,1033.9285714285732,25.217770034843248,0
3192,4,0,0,41,0.0,0.0,1.0,41,900,500,400,0.5555555555555556,13,5,8,307.14438432120426,0.7875508130081301,0.025943881848641714,0.19148762333518163,133677.32741244667,11.648085160005905,133688.97549760668,3014,18,1021.609756097561,41,0,17,33.527596572013294,0.6483739837398372,41.468253968253975,1034.1269841269857,25.22260936895087,0
3193,4,0,0,41,0.0,0.0,1.0,41,1300,1000,300,0.7692307692307693,16,10,6,312.2314314430962,0.7863821138211382,0.03516798113895958,0.19520080138420895,133779.93905895686,154.0603741496493,133933.9994331065,3015,19,1022.609756097561,41,0,13,33.29377637130799,0.649390243902439,41.36904761904761,1034.523809523809,25.23228803716607,0
3194,4,0,1,40,0.0,0.024390243902439025,0.975609756097561,41,700,600,100,0.8571428571428571,8,6,2,311.29268174212126,0.785670731707317,0.03653976131284975,0.19474933280675347,133805.59812177182,130.5406942869748,133936.1388160588,3016,20,1023.609756097561,41,0,13,33.292481701665224,0.6496443089430894,41.34424603174603,1034.6230158730157,25.234707704219893,0
3195,4,0,0,40,0.0,0.0,1.0,40,650,400,250,0.6153846153846154,9,4,5,318.77617424666386,0.7838141025641026,0.04047642436149279,0.1993330131345851,133787.44877387825,529.6502164717022,134317.09899034994,3017,21,1039.9,40,0,15,33.11701866404716,0.6510416666666665,41.36178861788619,1034.5528455284573,25.86382113821143,0
3196,4,0,0,40,0.0,0.0,1.0,40,1000,800,200,0.8,12,8,4,321.250614768387,0.7819444444444444,0.04831107619795727,0.201454203251309,133892.60691387433,602.6164568048379,134495.22337067916,3018,22,1040.9,40,0,15,32.94812941869599,0.6520833333333333,41.26016260162603,1034.9593495934982,25.873983739837456,0
3197,4,0,0,40,0.0,0.0,1.0,40,650,400,250,0.6153846153846154,9,4,5,320.1695277190416,0.7825854700854701,0.04467897113685426,0.20106330513848097,133945.201475643,577.034379337714,134522.2358549807,3019,23,1041.9,40,0,15,32.92366156162052,0.6526041666666667,41.20934959349594,1035.162601626018,25.87906504065045,0
3198,4,0,0,40,0.0,0.0,1.0,40,1400,1200,200,0.8571428571428571,16,12,4,316.15747945665703,0.783573717948718,0.05473252040515275,0.19615652279406653,133498.47690073715,441.3083936479748,133939.78529438513,3020,24,1042.9,40,0,16,33.473055364342606,0.6481770833333333,41.64126016260163,1033.4349593495947,25.835873983739866,1
3199,4,0,0,40,0.0,0.0,1.0,40,800,600,200,0.75,10,6,4,318.3470151960388,0.7844284188034188,0.05551705494937598,0.19807609697793932,133603.5214344143,506.45645366517476,134109.97788807948,3021,25,1043.9,40,0,17,33.311625544742625,0.6492187499999998,41.53963414634148,1033.841463414636,25.8460365853659,0
3200,4,0,1,39,0.0,0.025,0.975,40,800,600,200,0.75,10,6,4,317.46663594942834,0.7843482905982906,0.05439268867924518,0.19794978476846725,133682.33194527077,487.9360417079884,134170.26798697875,3022,26,1044.9,40,0,18,33.25574063155136,0.6499999999999999,41.463414634146346,1034.1463414634154,25.853658536585385,0
3201,4,0,0,39,0.0,0.0,1.0,39,1200,900,300,0.75,15,9,6,320.8664072475097,0.7751349527665318,0.06135254473623064,0.20039015245080363,133741.4550781253,782.6280381944739,134524.08311631976,3023,27,1071.8974358974358,39,0,15,33.10884525008393,0.6522435897435896,41.406250000000014,1034.3750000000023,26.522435897435955,0
3202,4,1,1,39,0.025,0.025,0.975,40,1550,1100,450,0.7096774193548387,20,11,9,315.41224859383243,0.7848023504273505,0.058447835901461964,0.19850126009404356,134024.1126830098,454.56934942827957,134478.68203243808,3024,0,1046.075,40,0,15,32.9681519285504,0.6533854166666666,41.13313008130083,1035.4674796747993,25.886686991869983,0
3203,4,0,0,39,0.0,0.0,1.0,39,1250,900,350,0.72,16,9,7,317.4854083498231,0.7742914979757085,0.06067782705271374,0.19958807549581864,133983.99658203125,707.5927734375005,134691.58935546875,3025,29,1073.8974358974358,39,0,15,32.95445970419561,0.6546474358974359,41.171875,1035.3125,26.546474358974358,0
3204,4,0,0,39,0.0,0.0,1.0,39,900,400,500,0.4444444444444444,14,4,10,318.8552625159846,0.7723796671165093,0.06806667440151593,0.20133432290295045,134145.8129882814,754.6196831597372,134900.43267144114,3026,30,1074.8974358974358,39,0,16,32.75777191218367,0.65625,41.01562500000001,1035.9375000000011,26.56250000000003,0
3205,4,0,0,39,0.0,0.0,1.0,39,1150,700,450,0.6086956521739131,16,7,9,318.61861818165335,0.7718735942420153,0.06845854855505018,0.20162964463556574,134226.7578125003,753.4288194444744,134980.18663194476,3027,31,1075.8974358974358,39,0,16,32.683286422731534,0.6570512820512819,40.937500000000014,1036.2500000000023,26.570512820512878,0
3206,4,0,0,39,0.0,0.0,1.0,39,750,500,250,0.6666666666666666,10,5,5,318.61861818165335,0.7718735942420153,0.06845854855505018,0.20162964463556574,134226.7578125003,753.4288194444744,134980.18663194476,3028,32,1076.8974358974358,39,0,16,32.683286422731534,0.6570512820512819,40.937500000000014,1036.2500000000023,26.570512820512878,0
3207,4,0,0,39,0.0,0.0,1.0,39,700,500,200,0.7142857142857143,9,5,4,318.63083182561877,0.7724921277552856,0.06678880359917394,0.20208383731655433,134307.72705078154,758.9165581597513,135066.6436089413,3029,33,1077.8974358974358,39,0,17,32.60235570964393,0.6578525641025641,40.859375000000014,1036.5625000000023,26.5785256410257,0
3208,4,0,0,39,0.0,0.0,1.0,39,450,200,250,0.4444444444444444,7,2,5,317.7567436234115,0.7722672064777328,0.06472091681094905,0.2016782597283287,134334.7222222224,737.1527777777973,135071.8750000002,3030,34,1078.8974358974358,39,0,17,32.59813772775991,0.658119658119658,40.83333333333334,1036.666666666668,26.581196581196618,0
3209,4,0,0,39,0.0,0.0,1.0,39,1050,900,150,0.8571428571428571,12,9,3,317.4094581849166,0.7714237516869096,0.06448887927393332,0.20205425611822464,134442.73003472245,734.6788194444689,135177.40885416692,3031,35,1079.8974358974358,39,0,17,32.49966519351815,0.6591880341880341,40.72916666666668,1037.083333333335,26.591880341880387,0
3210,4,1,0,40,0.025,0.0,1.0,40,550,400,150,0.7272727272727273,7,4,3,311.1050051001554,0.7764957264957265,0.07634443664091517,0.19966410726550238,134739.9753146703,383.69954427085275,135123.67485894114,3032,0,1053.875,39,1,19,32.36775107855925,0.6621260683760684,40.44270833333334,1038.229166666668,26.62126068376072,0
3211,4,0,0,40,0.0,0.0,1.0,40,1450,1100,350,0.7586206896551724,18,11,7,311.1414818893222,0.7776442307692307,0.07210400156540442,0.2003892303963936,134867.27812685916,392.5609549540762,135259.83908181323,3033,1,1054.875,40,0,13,32.24040374392592,0.6617187499999999,40.32012195121952,1038.7195121951231,25.967987804878078,0
3212,4,0,0,40,0.0,0.0,1.0,40,850,600,250,0.7058823529411765,11,6,5,309.2696923858908,0.7763087606837606,0.06183876014471501,0.20005699835740084,135025.66599122557,351.8692370612806,135377.53522828684,3034,2,1055.875,40,0,14,32.131856849516,0.6632812499999999,40.16768292682927,1039.3292682926838,25.983231707317096,0
3213,4,0,0,40,0.0,0.0,1.0,40,1250,900,350,0.72,16,9,7,305.50797131421086,0.7746527777777777,0.05559220170038115,0.19849289336243323,135184.1468062167,259.9668889219538,135444.11369513866,3035,3,1056.875,40,0,16,32.07250236164046,0.66484375,40.01524390243903,1039.939024390245,25.998475609756127,0
3214,4,0,0,40,0.0,0.0,1.0,40,900,700,200,0.7777777777777778,11,7,4,306.030788862486,0.7751602564102564,0.053082861051397146,0.19897834137348683,135210.56931224806,275.71943783462723,135486.2887500827,3036,4,1057.875,40,0,16,32.0327258810501,0.6651041666666666,39.989837398373986,1040.0406504065045,26.00101626016261,0
3215,4,0,0,40,0.0,0.0,1.0,40,1350,1100,250,0.8148148148148148,16,11,5,303.8700609418482,0.7748931623931624,0.043651103731197516,0.1981542473836077,135316.28515599185,223.7135633551504,135539.998719347,3037,5,1058.875,40,0,16,31.984192876212795,0.6661458333333332,39.88821138211382,1040.447154471545,26.011178861788625,0
3216,4,0,0,40,0.0,0.0,1.0,40,1000,500,500,0.5,15,5,10,305.61362006614115,0.7737446581196581,0.04574016209354537,0.19973127524552362,135395.59914939868,275.747839414385,135671.34698881308,3038,6,1059.875,40,0,16,31.860291963675415,0.6669270833333333,39.81199186991871,1040.7520325203266,26.018800813008163,0
3217,4,0,0,40,0.0,0.0,1.0,40,700,400,300,0.5714285714285714,10,4,6,303.6372355986567,0.7731036324786325,0.044930684369813845,0.19873202582984284,135448.488054812,225.44089579616124,135673.92895060818,3039,7,1060.875,40,0,16,31.859359237202643,0.6674479166666667,39.76117886178862,1040.955284552846,26.023882113821152,0
3218,4,0,0,40,0.0,0.0,1.0,40,1100,800,300,0.7272727272727273,14,8,6,305.3563990037469,0.7728365384615384,0.04051185712891603,0.2004475990129015,135554.2968491803,278.47439107012343,135832.77124025044,3040,8,1061.875,40,0,16,31.709890699717,0.6684895833333333,39.65955284552845,1041.3617886178854,26.034044715447134,0
3219,4,0,0,40,0.0,0.0,1.0,40,900,500,400,0.5555555555555556,13,5,8,309.70607974084965,0.7698183760683761,0.04297484399376006,0.2046614403235925,135792.51768127445,411.15366184150884,136203.67134311594,3041,9,1062.875,40,0,17,31.360910686427477,0.6708333333333333,39.430894308943095,1042.2764227642283,26.056910569105707,0
3220,4,0,0,40,0.0,0.0,1.0,40,650,500,150,0.7692307692307693,8,5,3,310.36152683578126,0.7698450854700855,0.04287072243346035,0.20524682016470716,135818.99957242713,430.5984161213577,136249.59798854848,3042,10,1063.875,40,0,17,31.31763673588768,0.67109375,39.40548780487805,1042.3780487804877,26.05945121951219,0
3221,4,0,2,38,0.0,0.05,0.95,40,1000,600,400,0.6,14,6,8,309.73106037971723,0.7690972222222222,0.04406131201871499,0.20513434140965262,135871.97110061796,416.75393697533946,136288.7250375933,3043,11,1064.875,40,0,14,31.281679500926014,0.6716145833333333,39.354674796747965,1042.5813008130078,26.064532520325194,0
3222,4,1,1,38,0.02564102564102564,0.02564102564102564,0.9743589743589743,39,800,600,200,0.75,10,6,4,314.64040455049445,0.7655195681511471,0.044673275442506766,0.20857949997022857,135905.08355034728,752.2460937500102,136657.32964409728,3044,0,1060.4102564102564,39,0,14,31.120962370962374,0.673611111111111,39.32291666666667,1042.708333333334,26.736111111111125,0
3223,4,0,0,38,0.0,0.0,1.0,38,1050,700,350,0.6666666666666666,14,7,7,321.0334068890178,0.7591275486012328,0.041860389855556956,0.21252672892964988,135856.3502173279,1122.8853915552775,136979.2356088832,3045,13,1089.3157894736842,38,0,20,31.002553460408553,0.6748903508771928,39.369658119658126,1042.5213675213686,27.4347728295097,0
3224,4,0,0,38,0.0,0.0,1.0,38,950,600,350,0.631578947368421,13,6,7,320.0442003280096,0.7583274063537222,0.03585428585293782,0.21236923449365758,135939.8984243737,1101.3552167799123,137041.25364115363,3046,14,1090.3157894736842,38,0,15,30.945642522965557,0.6757127192982455,39.28952991452992,1042.8418803418813,27.443207377417927,0
3225,4,0,0,38,0.0,0.0,1.0,38,650,500,150,0.7692307692307693,8,5,3,320.57604110846364,0.7571123755334281,0.039942646456370134,0.2132223750260926,136023.47231353645,1121.1732504200481,137144.6455639565,3047,15,1091.3157894736842,38,0,15,30.849079953570946,0.6765350877192982,39.20940170940171,1043.1623931623935,27.451641925326147,0
3226,4,0,0,38,0.0,0.0,1.0,38,700,500,200,0.7142857142857143,9,5,4,321.35057896390407,0.7561936936936937,0.03562210019776524,0.21424103104030395,136107.07188481634,1147.6172702534923,137254.68915506982,3048,16,1092.3157894736842,38,0,17,30.74617760485991,0.6773574561403508,39.129273504273506,1043.4829059829065,27.46007647323438,0
3227,4,0,0,38,0.0,0.0,1.0,38,950,900,50,0.9473684210526315,10,9,1,324.2795137706659,0.7539710763394974,0.03487582826051816,0.21670388847738747,136190.69713821312,1232.770609613549,137423.46774782665,3049,17,1093.3157894736842,38,0,17,30.587043671102013,0.6781798245614036,39.049145299145295,1043.8034188034183,27.468511021142586,0
3228,4,0,0,38,0.0,0.0,1.0,38,850,500,350,0.5882352941176471,12,5,7,322.0334793300189,0.7521040777619725,0.03896072422948271,0.2157116650782915,136274.34807372701,1176.9804907224698,137451.32856444948,3050,18,1094.3157894736842,38,0,17,30.562945530202263,0.6790021929824561,38.96901709401709,1044.1239316239312,27.47694556905082,0
3229,4,0,0,38,0.0,0.0,1.0,38,600,400,200,0.6666666666666666,8,4,4,323.44290657439456,0.7522522522522522,0.04819770013268454,0.2162343027098478,136205.37088334849,1219.564254800772,137424.93513814925,3051,19,1095.3157894736842,37,1,15,30.594362745098035,0.6801801801801803,39.03508771929823,1043.8596491228052,28.212422949265004,2
3230,4,0,0,38,0.0,0.0,1.0,38,1000,700,300,0.7,13,7,6,323.2874004107964,0.7494369369369369,0.04725903664377684,0.21735773208988363,136405.74653980034,1219.651839989185,137625.39837978952,3052,20,1096.3157894736842,37,1,16,30.400331513942838,0.682150900900901,38.843201754385944,1044.6271929824534,28.233167377904145,0
3231,4,0,1,37,0.0,0.02631578947368421,0.9736842105263158,38,1000,700,300,0.7,13,7,6,322.1923229111512,0.7479848269321954,0.051505179230072695,0.21750263611820714,136548.96218067055,1199.0054632194049,137747.96764388995,3053,21,1097.3157894736842,37,1,17,30.287452790600074,0.6835585585585587,38.70614035087717,1045.1754385964878,28.2479848269321,0
3232,4,0,0,37,0.0,0.0,1.0,37,850,500,350,0.5882352941176471,12,5,7,328.777494490379,0.7476226226226226,0.04843252563912137,0.22154875609122904,136485.4735436448,1574.670405202476,138060.14394884728,3054,22,1116.027027027027,36,1,19,30.178135215720086,0.6848958333333335,38.76689189189188,1044.932432432431,29.025900900900858,0
3233,4,0,0,37,0.0,0.0,1.0,37,1150,900,250,0.782608695652174,14,9,5,327.7097597167521,0.7488113113113113,0.040364397576506006,0.22156807716319063,136603.17147806578,1553.238500324635,138156.4099783904,3055,23,1117.027027027027,36,1,20,30.08972494524041,0.6860532407407408,38.65427927927927,1045.3828828828819,29.038413413413384,0
3234,4,0,0,37,0.0,0.0,1.0,37,850,800,50,0.9411764705882353,9,8,1,328.7116033903937,0.7478728728728729,0.03891775458819069,0.22261759573156878,136662.0394676772,1584.479623204291,138246.5190908815,3056,24,1118.027027027027,36,1,21,30.005385029617663,0.6866319444444444,38.597972972972975,1045.6081081081086,29.044669669669684,0
3235,4,0,1,36,0.0,0.02702702702702703,0.972972972972973,37,700,500,200,0.7142857142857143,9,5,4,329.7673272662916,0.7471221221221221,0.03707879618026788,0.22389987501919434,136751.18319455162,1619.227118114579,138370.4103126662,3057,25,1119.027027027027,35,2,21,29.889735716129984,0.6895833333333332,38.51273148148148,1045.9490740740741,29.88425925925926,0
3236,4,0,0,36,0.0,0.0,1.0,36,1000,700,300,0.7,13,7,6,336.02641227917,0.7460978835978836,0.035524568393094036,0.22795305265424795,136720.920138889,1988.3680555555661,138709.28819444455,3058,26,1139.0555555555557,35,1,21,29.755976095617523,0.6892857142857143,38.54166666666667,1045.8333333333342,29.880952380952404,0
3237,4,0,0,36,0.0,0.0,1.0,36,850,600,250,0.7058823529411765,11,6,5,338.2683549022121,0.746660052910053,0.02964227025660482,0.2304944836891818,136876.59438775515,2060.20408163266,138936.7984693878,3059,27,1140.0555555555557,34,2,22,29.543515358361784,0.6930147058823528,38.392857142857146,1046.4285714285718,30.777310924369758,0
3238,4,0,0,36,0.0,0.0,1.0,36,600,300,300,0.5,9,3,6,337.6102805010155,0.7466931216931217,0.032669143947724244,0.2302507351345561,136907.7398667801,2044.2920918367408,138952.03195861683,3060,28,1141.0555555555557,34,2,22,29.52996435748682,0.6933210784313726,38.36309523809524,1046.5476190476195,30.780812324929986,0
3239,4,0,0,36,0.0,0.0,1.0,36,1100,800,300,0.7272727272727273,14,8,6,338.5279321676336,0.7460648148148149,0.03282024062278843,0.23108211021877617,136938.88888888902,2071.5277777777983,139010.41666666683,3061,29,1142.0555555555557,34,2,22,29.475185774946926,0.6936274509803921,38.33333333333334,1046.6666666666679,30.784313725490232,0
3240,4,0,0,36,0.0,0.0,1.0,36,800,500,300,0.625,11,5,6,343.0512050105045,0.7452050264550265,0.030329442675963936,0.23500610586233625,137063.52040816325,2203.961167800456,139267.4815759637,3062,30,1143.0555555555557,34,2,17,29.233695240260733,0.6948529411764706,38.214285714285715,1047.142857142857,30.798319327731093,0
3241,4,0,0,36,0.0,0.0,1.0,36,850,600,250,0.7058823529411765,11,6,5,342.6536548178137,0.7440145502645503,0.029817614590832653,0.23494342957383513,137094.6871456915,2195.199121315179,139289.8862670067,3063,31,1144.0555555555557,34,2,17,29.21332082907052,0.6951593137254902,38.1845238095238,1047.261904761904,30.80182072829129,0
3242,4,0,0,36,0.0,0.0,1.0,36,1000,600,400,0.6,14,6,8,341.0998543496612,0.7440145502645503,0.024733637747336612,0.2346227873535815,137205.53090706444,2160.1573216735223,139365.68822873797,3064,32,1145.0555555555557,35,1,17,29.14457210192959,0.694047619047619,38.0787037037037,1047.685185185185,29.93386243386243,0
3243,4,0,0,36,0.0,0.0,1.0,36,700,600,100,0.8571428571428571,8,6,2,341.8489560544937,0.7431216931216932,0.02317013313700267,0.23575341181061998,137296.4908720207,2186.9324149091162,139483.4232869298,3065,33,1146.0555555555557,35,1,18,29.035178538560643,0.6949404761904763,37.991898148148145,1048.032407407407,29.943783068783056,0
3244,4,0,0,36,0.0,0.0,1.0,36,1200,1100,100,0.9166666666666666,13,11,2,339.94354393618624,0.7408068783068783,0.017618241793277756,0.23567164893693815,137478.5012243869,2146.9857842506735,139625.48700863757,3066,34,1147.0555555555557,35,1,20,28.905588971048083,0.6967261904761906,37.81828703703703,1048.726851851851,29.963624338624317,0
3245,4,0,0,36,0.0,0.0,1.0,36,700,600,100,0.8571428571428571,8,6,2,336.3470435596162,0.7397156084656085,0.017382563499068526,0.23379214745585575,137569.55161179684,2054.222393689971,139623.7740054868,3067,35,1148.0555555555557,35,1,20,28.91015739923506,0.6976190476190476,37.731481481481474,1049.074074074073,29.973544973544943,0
3246,4,0,0,36,0.0,0.0,1.0,36,600,300,300,0.5,9,3,6,340.0489834294198,0.7400462962962964,0.016186345145321912,0.23719724474907541,137690.99901406033,2164.336848422496,139855.33586248284,3068,36,1149.0555555555557,35,1,20,28.693390677841503,0.6988095238095238,37.61574074074074,1049.537037037037,29.986772486772484,0
3247,4,0,0,36,0.0,0.0,1.0,36,850,400,450,0.47058823529411764,13,4,9,340.0489834294198,0.7400462962962964,0.016186345145321912,0.23719724474907541,137690.99901406033,2164.336848422496,139855.33586248284,3069,37,1150.0555555555557,35,1,20,28.693390677841503,0.6988095238095238,37.61574074074074,1049.537037037037,29.986772486772484,0
3248,4,0,0,36,0.0,0.0,1.0,36,800,500,300,0.625,11,5,6,340.6790714018461,0.7388888888888889,0.011982630850451814,0.2382652163983146,137782.11973004526,2187.8969210819428,139970.0166511272,3070,38,1151.0555555555557,35,1,20,28.587095322088715,0.699702380952381,37.528935185185176,1049.8842592592578,29.996693121693077,0
3249,4,0,0,36,0.0,0.0,1.0,36,1000,700,300,0.7,13,7,6,334.379499183034,0.7379298941798942,0.02173614838671245,0.23227032325801383,137546.5811039081,1998.5513807726818,139545.13248468077,3071,39,1152.0555555555557,36,0,17,28.984388978350328,0.6953125,37.753378378378386,1048.9864864864876,29.138513513513544,2
3250,4,0,0,36,0.0,0.0,1.0,36,900,600,300,0.6666666666666666,12,6,6,332.3912045943384,0.7386904761904762,0.022064786985353413,0.2310863031343925,137576.1149663178,1945.8181154127212,139521.93308173053,3072,40,1153.0555555555557,36,0,17,29.007442393015598,0.6956018518518519,37.72522522522523,1049.0990990991002,29.14164164164167,0
3251,4,0,0,36,0.0,0.0,1.0,36,750,500,250,0.6666666666666666,10,5,5,330.09172786548214,0.737367724867725,0.016141948747370627,0.22562740457628847,136986.04009414825,1843.5917336255256,138829.6318277738,3073,41,1154.0555555555557,36,0,15,29.649401176133104,0.6898148148148149,38.28828828828829,1046.8468468468473,29.07907907907909,1
3252,4,0,0,36,0.0,0.0,1.0,36,850,600,250,0.7058823529411765,11,6,5,329.53052187936385,0.7380621693121694,0.01868284870866388,0.2254337941068761,137015.51371895545,1830.1587482753062,138845.67246723076,3074,42,1155.0555555555557,36,0,15,29.635007708579828,0.6901041666666667,38.26013513513514,1046.9594594594596,29.08220720720721,0
3253,4,0,0,36,0.0,0.0,1.0,36,1150,900,250,0.782608695652174,14,9,5,332.26418723382204,0.7358796296296297,0.01447574334898305,0.22807300409312012,137133.43992218567,1912.9061916646356,139046.3461138503,3075,43,1156.0555555555557,36,0,15,29.44710246210085,0.6912615740740741,38.14752252252252,1047.4099099099099,29.09471971971972,0
3254,4,0,0,36,0.0,0.0,1.0,36,800,600,200,0.75,10,6,4,330.4184692307663,0.7354497354497355,0.01921699262124843,0.2277684647897414,137280.91901022627,1872.0302227903444,139152.9492330166,3076,44,1157.0555555555557,36,0,16,29.350016118633146,0.6927083333333334,38.00675675675675,1047.9729729729718,29.11036036036033,0
3255,4,0,0,36,0.0,0.0,1.0,36,850,500,350,0.5882352941176471,12,5,7,330.4184692307663,0.7354497354497355,0.01921699262124843,0.2277684647897414,137280.91901022627,1872.0302227903444,139152.9492330166,3077,45,1158.0555555555557,36,0,16,29.350016118633146,0.6927083333333334,38.00675675675675,1047.9729729729718,29.11036036036033,0
3256,4,0,0,36,0.0,0.0,1.0,36,600,400,200,0.6666666666666666,8,4,4,330.69431750628695,0.7354497354497355,0.01678365086186351,0.22834589817125503,137339.93283824355,1883.5070712604415,139223.439909504,3078,46,1159.0555555555557,36,0,17,29.284620756338644,0.6932870370370371,37.95045045045045,1048.1981981981974,29.116616616616593,0
3257,4,0,0,36,0.0,0.0,1.0,36,700,400,300,0.5714285714285714,10,4,6,328.7236043153764,0.7347222222222223,0.02053347654851434,0.22737123002794601,137398.95934786135,1833.256229202172,139232.21557706353,3079,47,1160.0555555555557,36,0,18,29.27810597923381,0.6938657407407407,37.89414414414414,1048.4234234234232,29.122872872872865,0
3258,4,0,0,36,0.0,0.0,1.0,36,750,400,350,0.5333333333333333,11,4,7,328.5460981521129,0.7334986772486773,0.02085794051326162,0.227829472233107,137487.52289028888,1834.197838040739,139321.72072832962,3080,48,1161.0555555555557,36,0,19,29.195524177672798,0.6947337962962963,37.80968468468468,1048.7612612612606,29.13225725725724,0
3259,4,0,0,36,0.0,0.0,1.0,36,1050,800,250,0.7619047619047619,13,8,5,330.2773535202142,0.732771164021164,0.0193087612572318,0.22942084623719566,137546.58110390784,1885.704158550428,139432.28526245826,3081,49,1162.0555555555557,36,0,19,29.09196636249776,0.6953125,37.75337837837837,1048.9864864864855,29.138513513513487,0
3260,4,0,0,36,0.0,0.0,1.0,36,1200,900,300,0.75,15,9,6,330.07958656178323,0.7319775132275133,0.01665712616125803,0.22967524331561887,137605.65199912759,1884.1633440873372,139489.81534321493,3082,50,1163.0555555555557,36,0,19,29.038987871632497,0.6958912037037037,37.697072072072075,1049.2117117117123,29.144769769769784,0
3261,4,0,0,36,0.0,0.0,1.0,36,900,400,500,0.4444444444444444,14,4,10,330.1622323795948,0.7312500000000001,0.01180086084582288,0.23012579233698163,137664.73557594753,1890.339283540293,139555.07485948782,3083,51,1164.0555555555557,36,0,19,28.978654719748185,0.6964699074074074,37.640765765765764,1049.4369369369367,29.15102602602602,0
3262,4,0,0,36,0.0,0.0,1.0,36,1400,1100,300,0.7857142857142857,17,11,6,357.16291089825955,0.7326058201058202,-0.05809205642167781,0.23107513975982483,135031.53399348413,2445.730408837254,137477.2644023214,3084,52,1165.0555555555557,35,1,19,30.881588715664428,0.6726190476190477,40.16203703703703,1039.351851851851,29.69576719576717,8
3263,4,0,0,36,0.0,0.0,1.0,36,1050,800,250,0.7619047619047619,13,8,5,356.93414392976456,0.731415343915344,-0.05580290887503703,0.23169771308273154,135151.85613854596,2448.0624142661204,137599.91855281207,3085,53,1166.0555555555557,35,1,19,30.76766102701098,0.6738095238095239,40.0462962962963,1039.814814814815,29.708994708994716,0
3264,4,0,0,36,0.0,0.0,1.0,36,850,600,250,0.7058823529411765,11,6,5,352.59309591638055,0.7303902116402117,-0.04493454963473875,0.22983751553243972,135302.3341719178,2341.3337780778397,137643.66794999567,3086,54,1167.0555555555557,35,1,20,30.730731078725853,0.675297619047619,39.90162037037037,1040.3935185185182,29.725529100529094,0
3265,4,0,0,36,0.0,0.0,1.0,36,1150,900,250,0.782608695652174,14,9,5,354.54187741362284,0.7278769841269842,-0.05237857063465623,0.23266325828521967,135543.27317226067,2411.1533082561537,137954.42648051682,3087,55,1168.0555555555557,35,1,21,30.44035511837279,0.6776785714285715,39.67013888888888,1041.3194444444432,29.75198412698409,0
3266,4,0,0,36,0.0,0.0,1.0,36,550,200,350,0.36363636363636365,9,2,7,354.54187741362284,0.7278769841269842,-0.05237857063465623,0.23266325828521967,135543.27317226067,2411.1533082561537,137954.42648051682,3088,56,1169.0555555555557,35,1,21,30.44035511837279,0.6776785714285715,39.67013888888888,1041.3194444444432,29.75198412698409,0
3267,4,0,0,36,0.0,0.0,1.0,36,750,400,350,0.5333333333333333,11,4,7,356.05677365270344,0.7283399470899471,-0.05123717450087062,0.2340507601242277,135603.5414121441,2456.51189021775,138060.05330236186,3089,57,1170.0555555555557,35,1,21,30.34098696151424,0.6782738095238096,39.61226851851851,1041.5509259259252,29.75859788359786,0
3268,4,0,0,36,0.0,0.0,1.0,36,1000,700,300,0.7,13,7,6,363.9068646689972,0.728042328042328,-0.08484390735145997,0.2272701362366755,133741.455078125,2533.886718749999,136275.341796875,3090,58,1171.0555555555557,35,1,17,31.995845921450144,0.6598214285714286,41.40625,1034.375,29.553571428571427,3
3269,4,0,0,36,0.0,0.0,1.0,36,900,600,300,0.6666666666666666,12,6,6,363.31004333651293,0.7248346560846561,-0.08419071050473415,0.22782036518338677,133891.14610125162,2528.799618484214,136419.94571973584,3091,59,1172.0555555555557,35,1,18,31.861347200477155,0.6613095238095239,41.26157407407407,1034.953703703703,29.570105820105802,0
3270,4,0,0,36,0.0,0.0,1.0,36,800,700,100,0.875,9,7,2,357.26514819975785,0.7248346560846561,-0.07995038340099248,0.21121515561569695,131684.268904321,2209.2399691358037,133893.50887345683,3092,60,1173.0555555555557,35,1,16,34.23545331529093,0.6392857142857142,43.40277777777778,1026.3888888888891,29.325396825396833,4
3271,4,0,0,36,0.0,0.0,1.0,36,800,500,300,0.625,11,5,6,356.29810493402033,0.7256613756613757,-0.08207426617055658,0.21080773133154285,131713.96933138292,2185.8875332218854,133899.8568646048,3093,61,1174.0555555555557,35,1,16,34.23030123651671,0.6395833333333333,43.373842592592595,1026.50462962963,29.328703703703713,0
3272,4,1,0,37,0.02702702702702703,0.0,1.0,37,1000,800,200,0.8,12,8,4,350.21826111603144,0.7364239239239239,-0.06448231754980183,0.20921415493894868,132079.47812677553,1851.3290317344545,133930.80715851,3094,0,1143.2972972972973,36,1,17,34.01803973122994,0.6412037037037037,43.018018018018026,1027.9279279279287,28.553553553553577,0
3273,4,0,0,37,0.0,0.0,1.0,37,750,400,350,0.5333333333333333,11,4,7,350.21826111603144,0.736986986986987,-0.06448231754980183,0.20921415493894868,132079.47812677553,1851.3290317344545,133930.80715851,3095,1,1144.2972972972973,36,1,17,34.01803973122994,0.6412037037037037,43.018018018018026,1027.9279279279287,28.553553553553577,0
3274,4,0,0,37,0.0,0.0,1.0,37,1250,800,450,0.64,17,8,9,350.0844985019155,0.7352352352352353,-0.067018742880812,0.21025784969197886,132282.1316882761,1861.9847465708917,134144.116434847,3096,2,1145.2972972972973,36,1,20,33.81750592957489,0.6432291666666667,42.820945945945944,1028.716216216216,28.575450450450447,0
3275,4,0,0,37,0.0,0.0,1.0,37,600,500,100,0.8333333333333334,7,5,2,354.39815368998654,0.7354854854854854,-0.0595126855520729,0.21366748843842184,132426.97934420896,1986.3753956659223,134413.3547398749,3097,3,1146.2972972972973,36,1,20,33.56081327498177,0.644675925925926,42.68018018018017,1029.2792792792784,28.591091091091066,0
3276,4,0,0,37,0.0,0.0,1.0,37,850,700,150,0.8235294117647058,10,7,3,355.0744444313096,0.7354229229229229,-0.06320693916405984,0.21440492542873385,132484.94059938306,2008.4033357681922,134493.34393515126,3098,4,1147.2972972972973,36,1,20,33.48510537446218,0.6452546296296298,42.62387387387387,1029.5045045045038,28.597347347347327,0
3277,4,0,0,37,0.0,0.0,1.0,37,1050,600,450,0.5714285714285714,15,6,9,353.1673768757993,0.7356731731731732,-0.0554900587698226,0.21407700439250715,132629.89921932048,1968.1107205177955,134598.00993983826,3099,5,1148.2972972972973,36,1,15,33.38845158704128,0.6467013888888891,42.4831081081081,1030.0675675675661,28.61298798798795,0
3278,4,0,0,37,0.0,0.0,1.0,37,900,600,300,0.6666666666666666,12,6,6,358.2976647081554,0.7367992992992993,-0.05301466658398801,0.21819684132227185,132803.95418644993,2116.6693298027685,134920.6235162527,3100,6,1149.2972972972973,36,1,16,33.08136676499508,0.6484375,42.314189189189186,1030.743243243243,28.631756756756747,0
3279,4,0,0,37,0.0,0.0,1.0,37,400,100,300,0.25,7,1,6,354.8563885897203,0.7372372372372372,-0.054508637077444466,0.21660433959516526,132891.0244704163,2031.4458039120145,134922.4702743283,3101,7,1150.2972972972973,36,1,16,33.0825870103393,0.6493055555555556,42.229729729729726,1031.0810810810806,28.641141141141127,0
3280,4,0,0,37,0.0,0.0,1.0,37,650,400,250,0.6153846153846154,9,4,5,358.19220317797664,0.7366116116116116,-0.05490980662942657,0.21915046018083403,132978.12328798385,2126.3453909991003,135104.46867898296,3102,8,1151.2972972972973,36,1,16,32.90911489609492,0.6501736111111112,42.14527027027027,1031.4189189189183,28.65052552552551,0
3281,4,0,0,37,0.0,0.0,1.0,37,950,700,250,0.7368421052631579,12,7,5,370.8655774336919,0.7366116116116116,-0.003096119375189499,0.20800721516933182,129647.68005540188,2216.37234533705,131864.05240073893,3103,9,1152.2972972972973,37,0,14,35.95230404823429,0.6148648648648647,45.394736842105274,1018.4210526315807,27.524893314367045,8
3282,4,0,0,37,0.0,0.0,1.0,37,1100,900,200,0.8181818181818182,13,9,4,368.4436776468323,0.7363613613613613,0.0035376603729670997,0.20694327480889202,129703.52055440148,2157.6884233610454,131861.20897776252,3104,10,1153.2972972972973,37,0,14,35.957122353785444,0.6154279279279278,45.33991228070176,1018.6403508771939,27.530820293978213,0
3283,4,2,0,39,0.05128205128205128,0.0,1.0,39,800,500,300,0.625,11,5,6,351.96260011453154,0.7592780026990553,0.018421555313074878,0.2003998558118711,130236.00396050376,1367.640516493089,131603.64447699685,3105,0,1095.1025641025642,39,0,16,35.836246045514855,0.6172542735042733,44.81770833333335,1020.729166666669,26.172542735042796,0
3284,4,0,0,39,0.0,0.0,1.0,39,950,500,450,0.5263157894736842,14,5,9,347.57816739903006,0.7596716149347729,0.0076547580731680664,0.19873488518748392,130398.95171305441,1264.7684461092333,131663.72015916364,3106,1,1096.1025641025642,38,1,17,35.78299337517434,0.6206140350877192,44.658119658119666,1021.3675213675224,26.878092667566378,0
3285,4,0,0,39,0.0,0.0,1.0,39,850,500,350,0.5882352941176471,12,5,7,343.4007678283408,0.7580971659919029,0.01392607601450524,0.19731622497379797,130589.98243343193,1168.9400476660105,131758.92248109795,3107,2,1097.1025641025642,38,1,13,35.69627364900178,0.6225328947368421,44.47115384615385,1022.1153846153844,26.897773279352222,0
3286,4,0,0,39,0.0,0.0,1.0,39,900,700,200,0.7777777777777778,11,7,4,343.5513183398738,0.7588281601439496,0.013793643951565793,0.19776869146661935,130661.65500217008,1177.796766493051,131839.45176866313,3108,3,1098.1025641025642,39,0,13,35.61990575649517,0.6215277777777778,44.401041666666664,1022.3958333333328,26.215277777777764,0
3287,4,0,1,38,0.0,0.02564102564102564,0.9743589743589743,39,450,100,350,0.2222222222222222,8,1,7,342.39198292385146,0.7582096266306793,0.014626641905851168,0.1973729945016707,130714.91021050354,1151.1474609375057,131866.05767144106,3109,4,1099.1025641025642,39,0,13,35.595671624053516,0.6220619658119659,44.348958333333336,1022.6041666666672,26.22061965811967,0
3288,4,0,0,38,0.0,0.0,1.0,38,700,500,200,0.7142857142857143,9,5,4,350.2702622873351,0.7492294926505453,0.015446224256293162,0.20140540081521738,130617.2839506171,1550.270061728378,132167.55401234547,3110,5,1128.921052631579,38,0,13,35.49309329710146,0.6228070175438598,44.444444444444436,1022.2222222222207,26.900584795321596,0
3289,4,1,1,38,0.02564102564102564,0.02564102564102564,0.9743589743589743,39,900,600,300,0.6666666666666666,12,6,6,345.04852734559626,0.7588843904633379,0.027350427350427475,0.20000600478881905,130928.03955078125,1235.305447048612,132163.34499782987,3111,0,1100.948717948718,39,0,15,35.312234944868536,0.6241987179487181,44.140625,1023.4375,26.24198717948718,0
3290,4,0,0,38,0.0,0.0,1.0,38,1350,900,450,0.6666666666666666,18,9,9,357.4005992900576,0.754208155523945,0.04175497161430575,0.20814350818921584,131109.19922017682,1771.7012747461536,132880.90049492297,3112,1,1128.842105263158,38,0,16,34.812921621809586,0.6277412280701754,43.96367521367522,1024.1452991452995,26.95119208277104,0
3291,4,0,0,38,0.0,0.0,1.0,38,1000,800,200,0.8,12,8,4,356.60634134729105,0.7538821716453296,0.044185178885919774,0.2087202338343236,131300.7492900322,1764.5359640952647,133065.28525412746,3113,2,1129.842105263158,38,0,17,34.639624378887376,0.6296600877192982,43.776709401709404,1024.8931623931628,26.970872694556917,0
3292,4,0,0,38,0.0,0.0,1.0,38,800,500,300,0.625,11,5,6,346.24564033840744,0.7534969179706021,0.03519083024937886,0.20429802662590243,131609.2511638194,1518.3915984288865,133127.6427622483,3114,3,1130.842105263158,37,1,13,34.59384127662606,0.6345720720720722,43.475877192982445,1026.0964912280683,27.732337600758605,1
3293,4,1,1,38,0.02564102564102564,0.02564102564102564,0.9743589743589743,39,900,600,300,0.6666666666666666,12,6,6,337.3541244301879,0.7651821862348178,0.028097123884955666,0.20059739680867344,131903.67408366178,1099.6496959237006,133003.32377958548,3115,0,1102.820512820513,38,1,14,34.52548101924076,0.6356907894736843,43.18910256410255,1027.2435897435876,27.032726045883884,0
3294,4,0,0,38,0.0,0.0,1.0,38,1000,800,200,0.8,12,8,4,343.05716293893505,0.7537636320531057,0.025309589256704568,0.20316535209343708,131749.9269606991,1439.5512321098379,133189.47819280892,3116,5,1132.842105263158,37,1,14,34.533870020292625,0.6359797297297298,43.338815789473664,1026.6447368421022,27.747155049786546,0
3295,4,0,0,38,0.0,0.0,1.0,38,1150,700,450,0.6086956521739131,16,7,9,341.9566655314423,0.752963489805595,0.026967504157490385,0.20326459661792798,131890.6779008923,1420.1792859341012,133310.8571868264,3117,6,1133.842105263158,37,1,14,34.42036720751494,0.6373873873873874,43.2017543859649,1027.192982456138,27.76197249881454,0
3296,4,0,0,38,0.0,0.0,1.0,38,750,400,350,0.5333333333333333,11,4,7,343.9612464857357,0.7532598387861545,0.03812897937183424,0.20536896334759774,132059.6782182978,1484.6823060941626,133544.36052439196,3118,7,1134.842105263158,37,1,14,34.198758978735505,0.6390765765765766,43.037280701754376,1027.8508771929812,27.77975343764814,0
3297,4,0,0,38,0.0,0.0,1.0,38,850,600,250,0.7058823529411765,11,6,5,342.02360706259987,0.7526967757230916,0.03464761936002336,0.20515023459137985,132233.12428090064,1445.37002794213,133678.49430884275,3119,8,1135.842105263158,38,0,15,34.074088501090685,0.6389802631578948,42.86858974358974,1028.5256410256402,27.066464237516847,0
3298,4,0,0,38,0.0,0.0,1.0,38,1050,600,450,0.5714285714285714,15,6,9,345.3757643117637,0.7525189663347558,0.03463322931979529,0.2077647711484445,132343.03232750745,1541.6151882898666,133884.64751579732,3120,9,1136.842105263158,38,0,15,33.877366490153335,0.6400767543859649,42.761752136752136,1028.9529914529912,27.077710301394507,0
3299,4,0,0,38,0.0,0.0,1.0,38,950,600,350,0.631578947368421,13,6,7,347.6536248750183,0.7525189663347558,0.0384615384615381,0.20944011059543793,132398.0034722223,1605.7405809409051,134003.74405316322,3121,10,1137.842105263158,37,1,15,33.76349527665317,0.642454954954955,42.708333333333336,1029.1666666666672,27.81531531531533,0
3300,4,1,0,39,0.02564102564102564,0.0,1.0,39,1050,700,350,0.6666666666666666,14,7,7,339.4914739864967,0.7548920377867746,0.03814795809944416,0.2065761773445509,132773.48632812497,1215.0933159722213,133988.5796440972,3122,0,1109.6410256410256,39,0,15,33.59653999056668,0.6426282051282052,42.34375,1030.6249999999998,26.426282051282044,0
3301,4,0,1,38,0.0,0.02564102564102564,0.9743589743589743,39,900,700,200,0.7777777777777778,11,7,4,338.8882451971279,0.7542735042735043,0.038758183650575484,0.2066529243817606,132854.01611328125,1204.5328776041665,134058.5489908854,3123,1,1110.6410256410256,39,0,15,33.53130999292714,0.6434294871794872,42.265625,1030.9375,26.434294871794872,0
3302,4,0,0,38,0.0,0.0,1.0,38,950,600,350,0.631578947368421,13,6,7,345.76998403504865,0.7428876244665719,0.03616784498559822,0.21060535391225685,132810.65088757395,1584.3873274161717,134395.0382149901,3124,2,1140.3947368421052,38,0,16,33.397465796019894,0.6447368421052632,42.30769230769231,1030.7692307692307,27.125506072874494,0
3303,4,0,0,38,0.0,0.0,1.0,38,1400,1100,300,0.7857142857142857,17,11,6,343.8110823590069,0.7434803224276909,0.03636552009946126,0.2100294029701983,132920.79863393962,1539.9287292716729,134460.72736321128,3125,3,1141.3947368421052,38,0,16,33.3374343832021,0.6458333333333334,42.2008547008547,1031.1965811965808,27.136752136752126,0
3304,4,0,0,38,0.0,0.0,1.0,38,950,600,350,0.631578947368421,13,6,7,345.06607294811914,0.7425912754860123,0.04167348140394478,0.21110696249943875,132975.88962853389,1577.093606180146,134552.98323471402,3126,4,1142.3947368421052,38,0,16,33.2498187279884,0.6463815789473684,42.1474358974359,1031.4102564102566,27.14237516869096,0
3305,4,1,1,38,0.02564102564102564,0.02564102564102564,0.9743589743589743,39,1300,1000,300,0.7692307692307693,16,10,6,338.18822507007917,0.751293297345929,0.03993316884178322,0.20876700269892692,133310.81271701396,1216.8294270833426,134527.6421440973,3127,0,1114.076923076923,39,0,17,33.091671710039684,0.6479700854700854,41.82291666666667,1032.708333333334,26.47970085470087,0
3306,4,0,0,38,0.0,0.0,1.0,38,850,400,450,0.47058823529411764,13,4,9,344.51888443336316,0.7421171171171171,0.03866476375164751,0.2120217491334496,133196.3677496531,1577.7328055373025,134774.10055519038,3128,6,1144.3947368421052,38,0,17,33.042891395846276,0.6485745614035088,41.93376068376069,1032.264957264958,27.16486729644626,0
3307,4,0,0,38,0.0,0.0,1.0,38,650,300,350,0.46153846153846156,10,3,7,345.87807176996733,0.7426801801801802,0.03749244268697183,0.2130159214476224,133223.94035585146,1615.847920775811,134839.78827662728,3129,7,1145.3947368421052,38,0,17,32.98018213805237,0.6488486842105262,41.907051282051285,1032.3717948717951,27.167678812415662,0
3308,4,0,0,38,0.0,0.0,1.0,38,550,500,50,0.9090909090909091,6,5,1,348.5310060414013,0.7424134660976767,0.035683164865806916,0.21480890576429248,133251.5158156185,1688.4569727518597,134939.97278837036,3130,8,1146.3947368421052,38,0,17,32.88407146799118,0.6491228070175438,41.88034188034189,1032.4786324786337,27.170490328385096,0
3309,4,0,0,38,0.0,0.0,1.0,38,900,500,400,0.5555555555555556,13,5,8,347.9666638871139,0.7393018018018018,0.03724918230847507,0.2155788344940603,133444.6239339069,1686.8561207904293,135131.48005469734,3131,9,1147.3947368421052,38,0,18,32.70516664943302,0.6510416666666665,41.693376068376075,1033.2264957264968,27.19017094017097,0
3310,4,0,1,37,0.0,0.02631578947368421,0.9736842105263158,38,950,500,450,0.5263157894736842,14,5,9,346.8292992617408,0.739183262209578,0.035839817432239185,0.2155413769751877,133559.51126379767,1664.4760474098312,135223.98731120751,3132,10,1148.3947368421052,36,2,18,32.6195210080982,0.6559606481481481,41.58220720720721,1033.6711711711719,28.713088088088107,0
3311,4,0,0,37,0.0,0.0,1.0,37,1000,700,300,0.7,13,7,6,351.9270543684894,0.7378003003003003,0.038198520957141824,0.2189005884136034,133591.8477794923,2002.9170953360572,135594.76487482834,3133,11,1174.8918918918919,35,2,18,32.455403791610685,0.6583333333333334,41.55092592592592,1033.796296296295,29.537037037037,0
3312,4,0,0,37,0.0,0.0,1.0,37,900,600,300,0.6666666666666666,12,6,6,351.35539972442336,0.7371746746746747,0.037286586933961585,0.21872179691555904,133621.7625412593,1989.7455579132225,135611.50809917253,3134,12,1175.8918918918919,35,2,18,32.44022631441472,0.6586309523809524,41.52199074074073,1033.912037037036,29.540343915343886,0
3313,4,1,1,37,0.02631578947368421,0.02631578947368421,0.9736842105263158,38,950,700,250,0.7368421052631579,12,7,5,342.9169060614765,0.7475106685633002,0.03813559322033866,0.2152350793364586,133925.8233302555,1585.0857956294235,135510.9091258849,3135,0,1145.921052631579,37,1,15,32.354343220338976,0.6576576576576576,41.228070175438596,1035.0877192982457,27.975343764817453,0
3314,4,0,0,37,0.0,0.0,1.0,37,1050,900,150,0.8571428571428571,12,9,3,350.06126529187117,0.7381131131131131,0.0444811852235385,0.21892531274584198,133792.4215389376,1967.1088740767786,135759.53041301438,3136,14,1177.8918918918919,36,1,16,32.302891767352406,0.658275462962963,41.35698198198198,1034.5720720720722,28.738113113113116,0
3315,4,0,0,37,0.0,0.0,1.0,37,1150,800,350,0.6956521739130435,15,8,7,348.80405731310634,0.7373623623623624,0.04951525377890431,0.21935051319676457,133996.38447569183,1947.6965140816424,135944.08098977347,3137,15,1178.8918918918919,36,1,16,32.13146254803859,0.6603009259259259,41.159909909909906,1035.3603603603597,28.760010010009992,0
3316,4,0,0,37,0.0,0.0,1.0,37,950,900,50,0.9473684210526315,10,9,1,350.44597373028074,0.737987987987988,0.04504896370925082,0.22073295715230565,134054.68813408006,1995.7851432513582,136050.47327733142,3138,16,1179.8918918918919,36,1,16,32.03068363056402,0.6608796296296295,41.1036036036036,1035.5855855855857,28.76626626626627,0
3317,4,0,1,36,0.0,0.02702702702702703,0.972972972972973,37,600,500,100,0.8333333333333334,7,5,2,350.11996066575006,0.7372997997997998,0.04520863148676546,0.22070276067463362,134083.84471887437,1989.086087776974,136072.93080665136,3139,17,1180.8918918918919,36,1,16,32.0099851400819,0.6611689814814814,41.075450450450454,1035.698198198199,28.769394394394414,0
3318,4,0,1,35,0.0,0.027777777777777776,0.9722222222222222,36,550,300,250,0.5454545454545454,8,3,5,354.06435591065417,0.7362764550264551,0.045157905194788794,0.22292848644142324,134040.92084887272,2291.8224612054278,136332.74331007813,3140,18,1188.3055555555557,35,1,16,31.950770276815327,0.662797619047619,41.11689814814815,1035.5324074074083,29.586640211640237,0
3319,4,0,0,35,0.0,0.0,1.0,35,1100,900,200,0.8181818181818182,13,9,4,361.61050029042167,0.7329831932773109,0.0462253453645296,0.22730891954306548,133981.00090288493,2689.787353180729,136670.78825606566,3141,30,1222.7428571428572,35,0,16,31.815376374138264,0.6622023809523809,41.17476851851852,1035.3009259259259,29.580026455026452,0
3320,4,0,0,35,0.0,0.0,1.0,35,1200,1000,200,0.8333333333333334,14,10,4,362.5889329296839,0.7331232492997198,0.03930407023144511,0.2288554971594268,134130.82588520236,2726.870606138552,136857.6964913409,3142,31,1223.7428571428572,35,0,17,31.640130353817508,0.663690476190476,41.030092592592595,1035.8796296296298,29.596560846560852,0
3321,4,0,0,35,0.0,0.0,1.0,35,500,400,100,0.8,6,4,2,364.2281785057972,0.7340336134453781,0.038831357406136746,0.23045476199027587,134220.76106235,2777.3966638803186,136998.15772623033,3143,32,1224.7428571428572,35,0,17,31.50771156781712,0.6645833333333333,40.94328703703704,1036.2268518518522,29.60648148148149,0
3322,4,0,0,35,0.0,0.0,1.0,35,1150,1000,150,0.8695652173913043,13,10,3,366.9273246999303,0.7338935574229691,0.041110703519992464,0.23292473758591625,134340.72151759703,2858.6563089420615,137199.3778265391,3144,33,1225.7428571428572,35,0,17,31.317800788954628,0.6657738095238095,40.827546296296305,1036.6898148148161,29.619708994709033,0
3323,4,0,0,35,0.0,0.0,1.0,35,650,400,250,0.6153846153846154,9,4,5,366.1073022959182,0.7341036414565826,0.04109693877551024,0.23297737418831183,134430.72702331975,2843.214163237326,137273.9411865571,3145,34,1226.7428571428572,35,0,17,31.2490699404762,0.6666666666666665,40.74074074074075,1037.037037037038,29.629629629629658,0
3324,4,0,0,35,0.0,0.0,1.0,35,850,600,250,0.7058823529411765,11,6,5,374.38256114469095,0.7348039215686274,0.04606962564741379,0.23923155446753133,134581.66099773246,3077.0589691637974,137658.71996689626,3146,35,1227.7428571428572,34,1,17,30.883576181734735,0.6703431372549019,40.595238095238095,1037.6190476190477,30.518207282913167,0
3325,4,0,0,35,0.0,0.0,1.0,35,900,600,300,0.6666666666666666,12,6,6,374.09923255663773,0.7333333333333333,0.04778946678464946,0.239456469121055,134643.43112244908,3074.0008503401486,137717.43197278923,3147,36,1228.7428571428572,34,1,17,30.829175269557243,0.6709558823529411,40.53571428571429,1037.8571428571436,30.525210084033635,0
3326,4,0,0,35,0.0,0.0,1.0,35,800,600,200,0.75,10,6,4,372.79832327407945,0.7323529411764705,0.04761577145478091,0.23923283129310158,134736.11288265316,3045.8793934240475,137781.99227607722,3148,37,1229.7428571428572,34,1,18,30.770314948591533,0.671875,40.44642857142858,1038.2142857142865,30.535714285714306,0
3327,4,0,0,35,0.0,0.0,1.0,35,800,600,200,0.75,10,6,4,375.5988055737928,0.7308823529411764,0.048359206130870636,0.24164631119659052,134828.82653061222,3128.309240362807,137957.13577097503,3149,38,1230.7428571428572,34,1,15,30.60498815528045,0.6727941176470589,40.357142857142854,1038.5714285714282,30.54621848739495,0
3328,4,0,0,35,0.0,0.0,1.0,35,1100,800,300,0.7272727272727273,14,8,6,357.8061056937384,0.7301820728291316,0.03497211881061535,0.22418671275457017,133861.20119866688,2579.2710208762005,136440.4722195431,3150,39,1231.7428571428572,35,0,16,32.03372572046378,0.6610119047619047,41.29050925925926,1034.8379629629633,29.56679894179895,3
3329,4,0,0,35,0.0,0.0,1.0,35,500,400,100,0.8,6,4,2,356.4867553771449,0.730532212885154,0.034274212871999055,0.2237235826903724,133921.09435281638,2548.2192804784027,136469.31363329478,3151,40,1232.7428571428572,35,0,16,32.00792519288829,0.6616071428571428,41.23263888888889,1035.0694444444448,29.57341269841271,0
3330,4,0,1,34,0.0,0.02857142857142857,0.9714285714285714,35,800,700,100,0.875,9,7,2,356.6547754633051,0.7299719887955182,0.03149978444490609,0.2245594845932578,134040.92084887277,2561.2669056498853,136602.18775452266,3152,41,1233.7428571428572,35,0,16,31.88370869192654,0.6627976190476189,41.11689814814816,1035.5324074074088,29.58664021164025,0
3331,4,0,0,34,0.0,0.0,1.0,34,950,600,350,0.631578947368421,13,6,7,360.4888740224787,0.7279040404040404,0.0553627189056598,0.21097543959616044,131297.62081916098,2666.266298185942,133963.88711734692,3153,42,1260.4117647058824,34,0,18,34.54330739148953,0.6375612745098038,43.779761904761905,1024.8809523809523,30.143557422969185,7
3332,4,0,0,34,0.0,0.0,1.0,34,1250,1100,150,0.88,14,11,3,364.0406838859861,0.730206476530006,0.05677122817082303,0.2137343156312199,131419.65880102036,2768.4204931972768,134188.07929421763,3154,43,1261.4117647058824,34,0,18,34.32892139788693,0.6387867647058822,43.660714285714285,1025.3571428571424,30.15756302521007,0
3333,4,0,0,34,0.0,0.0,1.0,34,1000,800,200,0.8,12,8,4,365.75585039927853,0.729092394533571,0.05747499231845943,0.2150844130504973,131480.69905045352,2817.966978458047,134298.66602891157,3155,44,1262.4117647058824,34,0,18,34.22325401431611,0.6393995098039216,43.601190476190474,1025.595238095238,30.16456582633053,0
3334,4,1,1,34,0.02857142857142857,0.02857142857142857,0.9714285714285714,35,850,700,150,0.8235294117647058,10,7,3,360.2658280123546,0.7407563025210083,0.061916034591043,0.21348818706062775,131773.380232446,2494.6891878858014,134268.06942033183,3156,0,1227.3142857142857,35,0,14,34.06852384173147,0.6401785714285715,43.31597222222222,1026.7361111111113,29.335317460317466,0
3335,4,0,0,34,0.0,0.0,1.0,34,1100,800,300,0.7272727272727273,14,8,6,372.6697207702368,0.7270499108734403,0.06687593831035854,0.22002828719448245,131633.3616780046,3011.153628117921,134644.51530612254,3157,46,1264.4117647058824,34,0,15,33.89162799690642,0.6409313725490196,43.452380952380956,1026.1904761904768,30.18207282913167,0
3336,4,0,0,34,0.0,0.0,1.0,34,1250,1000,250,0.8,15,10,5,367.46901911363136,0.7250074272133096,0.0586018755328217,0.21782957318591561,131786.11288265313,2885.4627267573746,134671.5756094105,3158,47,1265.4117647058824,34,0,16,33.870772946859894,0.6424632352941178,43.30357142857143,1026.785714285715,30.19957983193279,0
3337,4,1,0,35,0.02857142857142857,0.0,1.0,35,500,400,100,0.8,6,4,2,357.38148818196964,0.7343837535014005,0.07685061647028602,0.21445302400223917,132249.14969403707,2452.679585691001,134701.82927972806,3159,0,1230.2285714285715,35,0,17,33.66305183601515,0.6449404761904762,42.85300925925925,1028.587962962962,29.388227513227484,0
3338,4,1,0,36,0.027777777777777776,0.0,1.0,36,1250,1000,250,0.8,15,10,5,366.05619337824805,0.7461309523809524,0.08439595471034411,0.21359930668132923,131183.87972009176,2404.1343285853527,133588.0140486771,3160,0,1197.0277777777778,36,0,17,34.5157286284856,0.6322337962962963,43.89076576576577,1024.4369369369374,28.456581581581595,2
3339,4,1,0,37,0.02702702702702703,0.0,1.0,37,1100,900,200,0.8181818181818182,13,9,4,358.34470625361797,0.7589464464464465,0.08827557512612039,0.21081486681109088,131496.7646295015,2024.2338988919794,133520.99852839348,3161,0,1165.6486486486488,37,0,18,34.39704939063504,0.6334459459459458,43.58552631578948,1025.657894736843,27.720483641536298,0
3340,4,0,0,37,0.0,0.0,1.0,37,1000,900,100,0.9,11,9,2,359.73376329140905,0.75757007007007,0.08759807263441277,0.21194389731451047,131553.00188519558,2064.811288088659,133617.81317328423,3162,1,1166.6486486486488,37,0,19,34.304635171725806,0.6340090090090089,43.53070175438597,1025.8771929824572,27.726410621147494,0
3341,4,0,0,37,0.0,0.0,1.0,37,850,500,350,0.5882352941176471,12,5,7,358.11600555190284,0.7568818818818819,0.07790482790482756,0.21161400328066995,131665.51246537408,2030.305478608813,133695.8179439829,3163,2,1167.6486486486488,37,0,14,34.23254985754987,0.6351351351351351,43.42105263157895,1026.315789473685,27.738264580369865,0
3342,4,0,2,35,0.0,0.05405405405405406,0.9459459459459459,37,750,500,250,0.6666666666666666,10,5,5,371.22159148107266,0.7560685685685685,0.08314624927689174,0.2042284984981592,128886.73460200049,2181.4192284061646,131068.15383040666,3164,3,1168.6486486486488,36,1,14,36.7192987320247,0.6090856481481483,46.14301801801801,1015.4279279279267,28.2063313313313,8
3343,4,2,2,35,0.05405405405405406,0.05405405405405406,0.9459459459459459,37,550,300,250,0.5454545454545454,8,3,5,367.47035397211505,0.7496871871871872,0.09419480422250515,0.20333659991406122,129115.53603857238,2089.2263462787164,131204.76238485108,3165,0,1169.4054054054054,36,1,15,36.58102493074794,0.611400462962963,45.917792792792795,1016.328828828829,28.23135635635636,0
3344,4,1,1,35,0.027777777777777776,0.027777777777777776,0.9722222222222222,36,750,600,150,0.8,9,6,3,373.4449527160969,0.7398148148148148,0.09502923976608213,0.20616979842401884,129024.94454089506,2436.742862654318,131461.68740354938,3166,0,1202.861111111111,35,1,15,36.521701982228294,0.6125,46.00694444444444,1015.9722222222222,29.027777777777775,0
3345,4,0,0,35,0.0,0.0,1.0,35,1200,900,300,0.75,15,9,6,385.1343128450658,0.732422969187675,0.10668988730177364,0.2121098013480476,128929.2109552155,2931.0126133786953,131860.2235685942,3167,8,1238.2285714285715,34,1,15,36.32267612237722,0.6136642156862744,46.10119047619048,1015.5952380952388,29.87044817927173,0
3346,4,1,0,36,0.027777777777777776,0.0,1.0,36,700,700,0,1.0,7,7,0,375.9070142434827,0.746362433862434,0.10701275045537328,0.20845752608047705,129201.38888888905,2513.5416666666856,131714.93055555574,3168,0,1204.8055555555557,35,1,16,36.27903005464481,0.6142857142857141,45.83333333333334,1016.666666666668,29.047619047619087,0
3347,4,2,3,35,0.05263157894736842,0.07894736842105263,0.9210526315789473,38,1150,900,250,0.782608695652174,14,9,5,362.50511284846334,0.7677809388335705,0.1030866640284922,0.20338066008694197,129659.75265806359,1800.4646538430445,131460.21731190663,3169,0,1142.342105263158,36,2,14,36.15288220551378,0.6168981481481481,45.38288288288289,1018.4684684684694,28.290790790790815,0
3348,4,2,2,35,0.05405405405405406,0.05405405405405406,0.9459459459459459,37,700,600,100,0.8571428571428571,8,6,2,373.9782882750966,0.7605730730730731,0.10600593770937183,0.2089431427631003,129495.73072059326,2285.7183427640593,131781.44906335732,3170,0,1174.1351351351352,35,2,14,36.0278788567963,0.6172619047619048,45.54398148148148,1017.8240740740739,29.080687830687825,0
3349,4,1,0,36,0.027777777777777776,0.0,1.0,36,700,500,200,0.7142857142857143,9,5,4,382.6395324617882,0.7515211640211641,0.11692279689003349,0.2131706287104591,129383.0002834468,2701.410147392306,132084.4104308391,3171,0,1207.7222222222222,34,2,17,35.92250760589751,0.6182598039215685,45.65476190476191,1017.3809523809532,29.922969187675093,0
3350,4,0,1,35,0.0,0.027777777777777776,0.9722222222222222,36,1250,900,350,0.72,16,9,7,383.0101569713758,0.7526455026455027,0.10646523716699186,0.21403508771929836,129504.14540816336,2720.2806122449115,132224.42602040828,3172,1,1208.7222222222222,34,2,15,35.789473684210535,0.619485294117647,45.53571428571429,1017.8571428571436,29.936974789915986,0
3351,4,0,0,35,0.0,0.0,1.0,35,1300,900,400,0.6923076923076923,17,9,8,390.0536681404289,0.7366946778711484,0.10979343539006581,0.21763568898592617,129443.56575963723,3097.9875283446722,132541.5532879819,3173,14,1244.2285714285715,34,1,15,35.6720870379036,0.6188725490196079,45.595238095238095,1017.619047619048,29.92997198879553,0
3352,4,1,1,35,0.027777777777777776,0.027777777777777776,0.9722222222222222,36,800,700,100,0.875,9,7,2,388.82619337251344,0.7503968253968254,0.10610076227977139,0.21887633033578094,129790.40745027458,2893.1820130315723,132683.58946330615,3174,0,1210.638888888889,35,1,18,35.349462365591386,0.620238095238095,45.25462962962964,1018.9814814814833,29.113756613756667,0
3353,4,0,0,35,0.0,0.0,1.0,35,600,400,200,0.6666666666666666,8,4,4,395.7418734843829,0.7357843137254901,0.11573482028080595,0.22234820823413445,129716.28578514759,3266.8331916099996,132983.11897675757,3175,16,1246.2285714285715,34,1,18,35.248919013673024,0.6216299019607842,45.32738095238096,1018.6904761904777,29.961484593837582,0
3354,4,0,0,35,0.0,0.0,1.0,35,750,500,250,0.6666666666666666,10,5,5,383.17395996356447,0.7362745098039215,0.09700146564359047,0.21065668601845577,128858.9894061177,2876.229808712688,131735.2192148304,3176,17,1247.2285714285715,33,2,16,36.444251659625834,0.6152146464646465,46.170343137254896,1015.3186274509793,30.76723113487816,2
3355,4,2,1,36,0.05405405405405406,0.02702702702702703,0.972972972972973,37,550,400,150,0.7272727272727273,7,4,3,363.70405375476867,0.7613238238238238,0.08958161620883587,0.20229311546815848,129319.08543381334,2006.7751200274251,131325.86055384076,3177,0,1180.7567567567567,35,2,17,36.46923835533303,0.6154761904761905,45.71759259259259,1017.1296296296288,29.060846560846535,0
3356,4,1,0,37,0.02702702702702703,0.0,1.0,37,600,300,300,0.5,9,3,6,363.689164577049,0.7586336336336337,0.0961179584771894,0.20273883613169538,129407.39300679434,2012.8133305469696,131420.2063373413,3178,0,1181.7297297297298,35,2,18,36.37965438137488,0.6163690476190476,45.63078703703703,1017.4768518518513,29.07076719576718,0
3357,4,2,2,37,0.05128205128205128,0.05128205128205128,0.9487179487179487,39,750,400,350,0.5333333333333333,11,4,7,348.3940208579012,0.7724358974358975,0.09429102481371854,0.1968024061929987,129927.00277970114,1253.1581832871361,131180.16096298827,3179,0,1122.076923076923,37,2,15,36.24076862407688,0.6176801801801803,45.120614035087705,1019.5175438596467,27.554528212422884,0
3358,4,0,0,37,0.0,0.0,1.0,37,750,700,50,0.9333333333333333,8,7,1,364.7407674309587,0.7577577577577578,0.10254109969922198,0.2042408994965081,129584.09857520991,2052.920712234206,131637.01928744413,3180,1,1183.6756756756756,35,2,15,36.172961426243766,0.618154761904762,45.45717592592592,1018.1712962962952,29.090608465608433,0
3359,4,1,1,37,0.02631578947368421,0.02631578947368421,0.9736842105263158,38,500,200,300,0.4,8,2,6,352.44988517391573,0.769855381697487,0.056328355591922286,0.19223568843071578,128543.91289515897,1491.28201033635,130035.19490549531,3181,0,1153.5,36,2,12,37.545576531556534,0.6056134259259258,46.48085585585587,1014.076576576579,28.16879379379386,6
3360,4,2,1,38,0.05128205128205128,0.02564102564102564,0.9743589743589743,39,850,600,250,0.7058823529411765,11,6,5,345.03582239309793,0.7808142150247414,0.06500762082035094,0.1898995652487781,128902.86138733663,1095.2209575206462,129998.08234485728,3182,0,1124.820512820513,38,1,15,37.36761353673506,0.6055372807017543,46.12713675213676,1015.4914529914536,26.72345928924878,0
3361,4,0,0,38,0.0,0.0,1.0,38,500,200,300,0.4,8,2,6,350.8463670825919,0.7679587482219061,0.06912371661493322,0.19265336099944474,128811.51532202221,1438.610437827029,130250.12575984924,3183,1,1155.421052631579,37,1,15,37.313224598545396,0.6064189189189189,46.2171052631579,1015.1315789473688,27.435988620199158,0
3362,4,1,0,39,0.02564102564102564,0.0,1.0,39,800,600,200,0.75,10,6,4,341.604280409663,0.7769343229869546,0.06720999552616158,0.18917480348181215,129147.08547921685,1023.4394404266188,130170.52491964347,3184,0,1126.7692307692307,38,1,16,37.20613481886343,0.6080043859649122,45.886752136752136,1016.4529914529912,26.748762932973452,0
3363,4,2,3,38,0.04878048780487805,0.07317073170731707,0.926829268292683,41,1100,900,200,0.8181818181818182,13,9,4,332.3995794161429,0.7976626016260162,0.08163662252101478,0.18695803831335814,129757.97661675367,426.3107849339762,130184.28740168764,3185,0,1072.7560975609756,39,2,12,36.8197909211737,0.6124465811965811,45.28645833333334,1018.8541666666683,26.124465811965855,0
3364,4,1,0,39,0.02564102564102564,0.0,1.0,39,1400,1100,300,0.7857142857142857,17,11,6,345.945672317583,0.7777215474583896,0.08864334760749104,0.19389242358560013,129619.76431450059,1168.2793022853111,130788.0436167859,3186,0,1128.5384615384614,37,2,13,36.615138544919425,0.6145833333333333,45.422149122807014,1018.3114035087717,27.521929824561397,0
3365,4,1,0,40,0.025,0.0,1.0,40,900,700,200,0.7777777777777778,11,7,4,338.2607339871853,0.7845619658119658,0.0981607629427792,0.19098721442045688,129908.37191358022,788.5802469135745,130696.9521604938,3187,0,1101.3,38,2,14,36.51793823796547,0.6156798245614036,45.138888888888886,1019.4444444444442,26.827485380116954,0
3366,4,3,2,41,0.06976744186046512,0.046511627906976744,0.9534883720930233,43,800,500,300,0.625,11,5,6,321.29546897792545,0.8063399778516057,0.10415950905709104,0.18495689313890556,130661.65500217021,-202.83594955631645,130458.8190526139,3188,0,1025.3953488372092,39,4,12,36.18876294786892,0.6215277777777778,44.40104166666667,1022.3958333333339,26.215277777777793,0
3367,4,0,0,41,0.0,0.0,1.0,41,900,500,400,0.5555555555555556,13,5,8,332.55018873384097,0.7923272357723578,0.1116986613472093,0.19025595978553375,130422.14084201411,474.38151041669124,130896.5223524308,3189,1,1076.4146341463415,39,2,16,36.1432626283228,0.6191239316239315,44.63541666666668,1021.4583333333351,26.19123931623936,0
3368,4,0,0,41,0.0,0.0,1.0,41,750,500,250,0.6666666666666666,10,5,5,332.54472827721247,0.7916666666666666,0.11176540802928359,0.19051394246161832,130475.34722222245,477.77777777779846,130953.12500000025,3190,2,1077.4146341463415,39,2,16,36.08958673191951,0.6196581196581196,44.58333333333334,1021.6666666666684,26.196581196581242,0
3369,4,0,0,41,0.0,0.0,1.0,41,1300,1100,200,0.8461538461538461,15,11,4,331.3271438110996,0.7904979674796748,0.11216430485071083,0.19060050347960944,130635.03146701411,456.5863715277981,131091.61783854192,3191,3,1078.4146341463415,39,2,12,35.959258881869424,0.6212606837606838,44.42708333333334,1022.2916666666684,26.212606837606884,0
3370,4,0,2,39,0.0,0.04878048780487805,0.9512195121951219,41,950,700,250,0.7368421052631579,12,7,5,328.9002397843496,0.7910060975609756,0.0824331639773328,0.19025077474451588,130848.09570312488,407.1940104166517,131255.28971354154,3192,4,1079.4146341463415,39,2,14,35.80609855426592,0.6233974358974359,44.21874999999999,1023.1249999999991,26.233974358974336,2
3371,4,1,1,39,0.025,0.025,0.975,40,1250,900,350,0.72,16,9,7,330.3157846511705,0.7887820512820513,0.08813563746475928,0.19114406462865613,130863.12601587031,645.2312303674345,131508.35724623775,3193,0,1106.975,38,2,14,35.75471616024502,0.6252741228070176,44.20405982905982,1023.1837606837598,26.92588843904631,0
3372,4,0,0,39,0.0,0.0,1.0,39,750,500,250,0.6666666666666666,10,5,5,337.5207756829991,0.7790148448043185,0.08953598680140229,0.1944027939001833,130682.67549871112,1021.6236005309288,131704.29909924205,3194,6,1136.3589743589744,37,2,14,35.75279267202859,0.6252815315315315,44.38048245614035,1022.4780701754385,27.634542437174012,0
3373,4,1,1,39,0.025,0.025,0.975,40,1200,1000,200,0.8333333333333334,14,10,4,330.8178485885609,0.7872596153846154,0.08768656716417933,0.19197854677934584,130972.46334876528,665.6057098765264,131638.0690586418,3195,0,1108.925,38,2,15,35.6315015829941,0.6263706140350878,44.097222222222214,1023.61111111111,26.937134502923946,0
3374,4,1,0,40,0.025,0.0,1.0,40,850,600,250,0.7058823529411765,11,6,5,330.6850045302994,0.7854433760683761,0.09224407805488921,0.19217431160787485,131027.1491366242,665.7426811673497,131692.89181779153,3196,0,1109.9,38,2,16,35.57971581620231,0.6269188596491229,44.043803418803414,1023.8247863247855,26.942757534862775,0
3375,4,2,1,41,0.047619047619047616,0.023809523809523808,0.9761904761904762,42,1100,800,300,0.7272727272727273,14,8,6,320.37694746186855,0.8026519550909795,0.08729686880697551,0.18841749147932252,131484.42147531215,24.915518210037476,131509.33699352219,3197,0,1058.0,40,2,17,35.38301790196856,0.6281250000000002,43.597560975609746,1025.6097560975595,25.64024390243899,0
3376,4,0,0,41,0.0,0.0,1.0,41,850,500,350,0.5882352941176471,12,5,7,326.6349243831191,0.7933943089430894,0.08507717506312562,0.1917154180502707,131408.2153320312,384.50249565972115,131792.7178276909,3198,1,1084.8048780487804,39,2,19,35.29930322733586,0.6290064102564104,43.671875,1025.3124999999995,26.29006410256409,0
3377,4,0,0,41,0.0,0.0,1.0,41,700,500,200,0.7142857142857143,9,5,4,327.98627584853205,0.7941056910569105,0.08277075152671287,0.19277760511813705,131461.6224500867,423.5215928819389,131885.14404296863,3199,2,1085.8048780487804,39,2,19,35.2108726934146,0.6295405982905983,43.619791666666664,1025.5208333333326,26.295405982905965,0
3378,4,1,0,42,0.023809523809523808,0.0,1.0,42,700,600,100,0.8571428571428571,8,6,2,324.6885596447773,0.8007404181184669,0.09965407382271962,0.19252659663443855,131797.2932778109,158.61466389054868,131955.90794170147,3200,0,1060.9285714285713,40,2,14,34.95769002375297,0.63125,43.29268292682927,1026.8292682926835,25.67073170731709,0
3379,4,1,2,41,0.023255813953488372,0.046511627906976744,0.9534883720930233,43,1700,1100,600,0.6470588235294118,23,11,12,320.31280790176464,0.803110003691399,0.10301982495913187,0.19257763076806975,132321.4396435658,-123.14962443310748,132198.2900191327,3201,0,1037.2325581395348,41,2,16,34.54373975508627,0.634908536585366,42.782738095238095,1028.869047619048,25.09436701509873,0
3380,4,0,0,41,0.0,0.0,1.0,41,800,600,200,0.75,10,6,4,331.35040828670446,0.7899390243902439,0.10156051089243023,0.19778792973774414,132049.81689453113,550.9521484374854,132600.76904296863,3202,1,1088.6097560975609,39,2,17,34.53272271207054,0.6354166666666667,43.04687499999999,1027.812499999999,26.354166666666643,0
3381,4,0,0,41,0.0,0.0,1.0,41,750,600,150,0.8,9,6,3,330.4457440136157,0.7892784552845529,0.10018039390120359,0.19766663596450834,132130.126953125,532.3676215277783,132662.49457465278,3203,2,1089.6097560975609,39,2,17,34.47526173590004,0.6362179487179487,42.96875,1028.125,26.362179487179485,0
3382,4,0,0,41,0.0,0.0,1.0,41,900,600,300,0.6666666666666666,12,6,6,329.06870631226155,0.7887703252032521,0.1033498305821452,0.19768141992335117,132290.82031249988,506.55381944442996,132797.37413194432,3204,3,1090.6097560975609,39,2,18,34.34926420953152,0.637820512820513,42.81249999999999,1028.749999999999,26.378205128205106,0
3383,4,0,0,41,0.0,0.0,1.0,41,750,700,50,0.9333333333333333,8,7,1,328.1540430334526,0.7885162601626017,0.10012421071866906,0.19727191010598963,132317.61203342004,484.11187065971313,132801.72390407976,3205,4,1091.6097560975609,39,2,18,34.345891971246346,0.6380876068376069,42.78645833333333,1028.8541666666658,26.380876068376047,0
3384,4,1,1,41,0.023809523809523808,0.023809523809523808,0.9761904761904762,42,950,700,250,0.7368421052631579,12,7,5,320.2908479407761,0.7958284939992257,0.0986911339121288,0.19416674848849888,132633.43578557714,96.25512261218208,132729.6909081893,3206,0,1066.595238095238,40,2,14,34.23153446461456,0.6395833333333334,42.47967479674796,1030.0813008130065,25.752032520325162,0
3385,4,0,1,40,0.0,0.024390243902439025,0.975609756097561,41,800,300,500,0.375,13,3,10,325.78752773741735,0.7867378048780488,0.10414893223287325,0.19696695484308066,132532.0434570311,435.4573567708195,132967.50081380192,3207,6,1093.6097560975609,39,2,18,34.191641375821966,0.6402243589743591,42.57812499999999,1029.6874999999989,26.40224358974356,0
3386,4,0,0,40,0.0,0.0,1.0,40,1200,1000,200,0.8333333333333334,14,10,4,328.4963226766531,0.7891826923076923,0.11056316116988207,0.1992051285061817,132645.51487508212,714.7127712031499,133360.22764628526,3208,7,1112.825,38,2,14,34.00811553619581,0.6430921052631579,42.467948717948715,1030.1282051282046,27.108636977058016,0
3387,4,0,0,40,0.0,0.0,1.0,40,1150,600,550,0.5217391304347826,17,6,11,327.0695243852062,0.7871794871794872,0.10674651303820482,0.19901758144324924,132773.48632812503,685.2322048611113,133458.71853298615,3209,8,1113.825,39,1,14,33.9165992857624,0.6426282051282052,42.34375,1030.6250000000002,26.426282051282058,0
3388,4,0,0,40,0.0,0.0,1.0,40,600,400,200,0.6666666666666666,8,4,4,327.5520547076826,0.7867521367521367,0.1071746160064675,0.19959699097211994,132827.17013888896,701.5625000000102,133528.73263888896,3210,9,1114.825,39,1,14,33.85037725680411,0.6431623931623931,42.29166666666667,1030.833333333334,26.431623931623946,0
3389,4,0,1,39,0.0,0.025,0.975,40,750,400,350,0.5333333333333333,11,4,7,324.49750025507586,0.787232905982906,0.10540404040404017,0.19830402793365756,132934.57031250003,627.3871527777778,133561.9574652778,3211,10,1115.825,39,1,14,33.821548821548824,0.6442307692307692,42.1875,1031.2500000000002,26.442307692307697,0
3390,4,0,0,39,0.0,0.0,1.0,39,600,500,100,0.8333333333333334,7,5,2,331.85644179733265,0.7792959964012596,0.10278736846581804,0.2019822772251651,132783.12108490392,1012.9868187961155,133796.10790370003,3212,11,1144.6666666666667,38,1,14,33.783602847171835,0.6444627192982456,42.33440170940171,1030.662393162393,27.12269455690508,0
3391,4,0,0,39,0.0,0.0,1.0,39,1000,800,200,0.8,12,8,4,345.34626555218625,0.7792959964012596,0.14408914408914475,0.19876596172892466,130654.64854570616,1226.002470807769,131880.65101651393,3213,12,1145.6666666666667,37,2,16,35.58111683111684,0.625,44.407894736842096,1022.3684210526299,27.631578947368375,3
3392,4,1,0,40,0.025,0.0,1.0,40,1200,900,300,0.75,15,9,6,334.3287574372465,0.787366452991453,0.13641604925388773,0.1942918424815724,131027.1491366242,761.2287922784619,131788.37792890266,3214,0,1118.0,38,2,17,35.486451702667914,0.6269188596491229,44.043803418803414,1023.8247863247855,26.942757534862775,0
3393,4,1,0,41,0.024390243902439025,0.0,1.0,41,650,300,350,0.46153846153846156,10,3,7,328.1244542882869,0.7941056910569105,0.14075394336624547,0.19205333169199612,131301.43364800338,416.642252604162,131718.07590060754,3215,0,1091.7073170731708,39,2,18,35.3687070162957,0.6279380341880343,43.776041666666664,1024.8958333333328,26.27938034188033,0
3394,4,0,0,41,0.0,0.0,1.0,41,1550,1000,550,0.6451612903225806,21,10,11,329.5627302945195,0.7946646341463415,0.14332053980438308,0.1943828079880846,131595.18771701367,473.77387152775293,132068.96158854142,3216,1,1092.7073170731708,39,2,14,35.035956006768174,0.6308760683760685,43.48958333333332,1026.041666666665,26.30876068376064,0
3395,4,0,0,41,0.0,0.0,1.0,41,1050,600,450,0.5714285714285714,15,6,9,326.12057346515553,0.793140243902439,0.14005886532020728,0.1927574091393026,131675.3594292533,388.40874565969705,132063.76817491298,3217,2,1093.7073170731708,39,2,14,35.0435780980412,0.6316773504273505,43.41145833333332,1026.3541666666652,26.316773504273467,0
3396,4,0,0,41,0.0,0.0,1.0,41,850,600,250,0.7058823529411765,11,6,5,326.7148305178483,0.792530487804878,0.1440544139559521,0.19324417406499833,131702.08875868036,405.80512152775844,132107.8938802081,3218,3,1094.7073170731708,39,2,14,35.00143765645085,0.6319444444444446,43.38541666666666,1026.4583333333317,26.3194444444444,0
3397,4,0,1,40,0.0,0.024390243902439025,0.975609756097561,41,1100,600,500,0.5454545454545454,16,6,10,298.66692739934535,0.7908536585365854,0.04984494842955556,0.16915469996500182,130029.26911891079,-432.9115440544599,129596.35757485633,3219,4,1095.7073170731708,40,1,16,37.40492560116911,0.6135416666666667,45.020325203252035,1019.9186991869926,25.497967479674816,8
3398,4,0,0,40,0.0,0.0,1.0,40,900,700,200,0.7777777777777778,11,7,4,303.9878663985626,0.7825854700854701,0.05230431228285326,0.1715585502062476,129890.67382812499,-102.96223958333383,129787.71158854166,3220,5,1123.975,39,1,16,37.409309217249145,0.6137820512820513,45.15625,1019.3749999999999,26.13782051282051,0
3399,4,0,0,40,0.0,0.0,1.0,40,800,500,300,0.625,11,5,6,305.5278115190195,0.7814369658119658,0.05034621898973812,0.17315542880950882,130055.18297846858,-52.90491357656629,130002.27806489202,3221,6,1124.975,40,0,17,37.20380425758029,0.6138020833333333,44.994918699187,1020.0203252032527,25.500508130081318,0
3400,4,0,0,40,0.0,0.0,1.0,40,1100,1000,100,0.9090909090909091,12,10,2,308.66060613537053,0.7795940170940171,0.052260505875323604,0.17551357909464296,130184.79100568457,36.58330028423495,130221.37430596881,3222,7,1125.975,40,0,19,36.9929628891987,0.6151041666666666,44.867886178861795,1020.5284552845538,25.513211382113845,0
3401,4,1,1,40,0.024390243902439025,0.024390243902439025,0.975609756097561,41,700,400,300,0.5714285714285714,10,4,6,302.58318703759494,0.7867886178861788,0.05129289436698503,0.17299289497980289,130395.54172092023,-308.85380680573655,130086.68791411449,3223,0,1099.4878048780488,39,2,19,36.93534336223014,0.6188568376068376,44.661458333333336,1021.3541666666674,26.188568376068396,0
3402,4,0,0,40,0.0,0.0,1.0,40,1050,600,450,0.5714285714285714,15,6,9,305.8876875374226,0.7798344017094017,0.05368217054263558,0.17476240609655544,130368.9453125,-24.348958333333485,130344.59635416667,3224,9,1127.975,39,1,20,36.87780497756016,0.6185897435897436,44.6875,1021.25,26.185897435897434,0
3403,4,1,0,41,0.024390243902439025,0.0,1.0,41,1150,800,350,0.6956521739130435,15,8,7,311.8742287331568,0.788109756097561,0.06654937546083017,0.17512131062142533,129692.62390318309,-110.44258956304407,129582.18131362005,3225,0,1101.439024390244,40,1,15,37.40875153812895,0.6101562499999997,45.35060975609758,1018.5975609756135,25.46493902439034,2
3404,4,0,0,41,0.0,0.0,1.0,41,500,300,200,0.6,7,3,4,312.3264602547289,0.7872459349593496,0.07063854422327975,0.1758392710260626,129796.16057117155,-92.2449228302944,129703.91564834125,3226,1,1102.439024390244,40,1,15,37.292435424354245,0.6111979166666666,45.24898373983741,1019.0040650406527,25.47510162601632,0
3405,4,0,0,41,0.0,0.0,1.0,41,1250,900,350,0.72,16,9,7,313.31255124864083,0.7873983739837398,0.07432568792839778,0.17686202597496473,129899.73855054901,-60.15630163918877,129839.58224890982,3227,2,1103.439024390244,40,1,16,37.16250456916893,0.6122395833333332,45.14735772357726,1019.4105691056943,25.485264227642357,0
3406,4,0,1,40,0.0,0.024390243902439025,0.975609756097561,41,550,300,250,0.5454545454545454,8,3,5,318.0097749913596,0.7873983739837398,0.06486571298721033,0.17482781288549346,128858.14868922952,19.567541896545833,128877.71623112606,3228,3,1104.439024390244,36,5,18,38.09916629695359,0.6087962962962965,46.17117117117116,1015.3153153153132,28.203203203203145,3
3407,4,3,3,40,0.06976744186046512,0.06976744186046512,0.9302325581395349,43,1300,900,400,0.6923076923076923,17,9,8,303.7555613730992,0.8078626799557032,0.07131034280720105,0.16961169271044207,129473.07715136232,-734.3665534370755,128738.71059792524,3229,0,1053.046511627907,38,5,12,37.83767233536289,0.6112938596491229,45.56623931623931,1017.735042735042,26.78250112460637,0
3408,4,1,0,41,0.024390243902439025,0.0,1.0,41,1150,800,350,0.6956521739130435,15,8,7,317.97923886019663,0.7907520325203252,0.07719976668322892,0.17684658161239508,129315.90374157943,23.95452885317735,129339.85827043261,3230,0,1105.3902439024391,36,5,20,37.63516755240624,0.6134259259259259,45.72072072072072,1017.1171171171172,28.253253253253256,0
3409,4,1,1,41,0.023809523809523808,0.023809523809523808,0.9761904761904762,42,550,300,250,0.5454545454545454,8,3,5,318.7089381526507,0.7988288811459543,0.10590125620800483,0.17913640316855883,129731.44531250001,-130.6857638888887,129600.75954861112,3231,0,1080.047619047619,37,5,16,37.19538173142467,0.6157094594594594,45.3125,1018.7500000000001,27.533783783783786,0
3410,4,2,0,43,0.046511627906976744,0.0,1.0,43,950,600,350,0.631578947368421,13,6,7,311.89035388284327,0.8022332964193429,0.12901984658468302,0.17708399997509813,130126.29323727067,-482.9728705530098,129643.32036671766,3232,0,1055.7441860465117,38,5,19,36.969677137870846,0.6178728070175439,44.92521367521367,1020.2991452991444,26.84997750787222,0
3411,4,0,1,42,0.0,0.023255813953488372,0.9767441860465116,43,1300,800,500,0.6153846153846154,18,8,10,311.00448610406323,0.8015411590992986,0.12249409049634896,0.17695210576248468,130208.06081753608,-500.94179176710765,129707.11902576897,3233,1,1056.7441860465117,38,5,19,36.909653163055204,0.6186951754385964,44.84508547008547,1020.619658119659,26.8584120557805,0
3412,4,1,1,42,0.023255813953488372,0.023255813953488372,0.9767441860465116,43,1600,1300,300,0.8125,19,13,6,306.5689486585595,0.811969361387966,0.1236991204987794,0.17587376528306858,130528.56445312526,-596.7990451388584,129931.7654079864,3234,0,1047.8139534883721,39,4,15,36.69937138973838,0.6201923076923076,44.531250000000014,1021.875000000002,26.20192307692313,0
3413,4,0,0,42,0.0,0.0,1.0,42,1600,1000,600,0.625,22,10,12,319.3673204158791,0.8016840882694541,0.13399327122153237,0.18363620923913054,130617.28395061736,-57.02160493826,130560.2623456791,3235,3,1073.7619047619048,38,4,17,36.28283514492757,0.6228070175438596,44.44444444444445,1022.2222222222229,26.900584795321652,0
3414,4,0,0,42,0.0,0.0,1.0,42,1300,1200,100,0.9230769230769231,14,12,2,319.7983510382172,0.8019744483159117,0.13275115688908823,0.18414381585052578,130671.89554569362,-42.26865548980538,130629.62689020381,3236,4,1074.7619047619048,38,4,17,36.216692789968675,0.6233552631578947,44.39102564102564,1022.4358974358975,26.90620782726046,0
3415,4,1,1,42,0.023255813953488372,0.023255813953488372,0.9767441860465116,43,900,600,300,0.6666666666666666,12,6,6,312.91012564481605,0.8057401255075674,0.13445878848063608,0.18130063091158227,130911.78882444323,-407.2751421111624,130504.51368233206,3237,0,1050.7441860465117,40,3,17,36.15090201919895,0.6223958333333333,44.15650406504066,1023.3739837398382,25.584349593495954,0
3416,4,0,0,42,0.0,0.0,1.0,42,1400,800,600,0.5714285714285714,20,8,12,318.81735197159514,0.7999419279907085,0.13816213648240572,0.18454583667748864,130874.74093967032,-54.97233072914662,130819.76860894117,3238,6,1076.7619047619048,39,3,18,36.03712799891411,0.6236645299145298,44.19270833333334,1023.2291666666681,26.236645299145337,0
3417,4,0,0,42,0.0,0.0,1.0,42,1250,800,450,0.64,17,8,9,315.88622168294216,0.7990224545102594,0.1313897086258946,0.18335581219599983,130981.34901258703,-124.95930989580825,130856.38970269122,3239,7,1077.7619047619048,39,3,18,36.004651300837835,0.6247329059829059,44.08854166666668,1023.6458333333352,26.247329059829106,0
3418,4,0,0,42,0.0,0.0,1.0,42,1300,1100,200,0.8461538461538461,15,11,4,314.34695003254694,0.7994337979094077,0.1315942450225258,0.18284204253372432,131061.33355034745,-160.25390624997567,130901.07964409748,3240,8,1078.7619047619048,39,3,19,35.96346219057308,0.6255341880341879,44.01041666666668,1023.9583333333352,26.255341880341927,0
3419,4,0,0,42,0.0,0.0,1.0,42,1150,1000,150,0.8695652173913043,13,10,3,312.40220789182797,0.7990708478513356,0.1385785474568142,0.18208956195615572,131141.34250217024,-206.23101128471222,130935.11149088552,3241,9,1079.7619047619048,39,3,19,35.93267992135326,0.62633547008547,43.93229166666667,1024.2708333333342,26.263354700854723,0
3420,4,1,1,42,0.023255813953488372,0.023255813953488372,0.9767441860465116,43,1150,900,250,0.782608695652174,14,9,5,309.2456567076691,0.8044942783314876,0.135738016136687,0.18211934998875226,131536.5409561109,-464.57920219444634,131071.96175391645,3242,0,1055.6279069767443,40,3,20,35.61604253351826,0.6286458333333333,43.54674796747968,1025.8130081300824,25.64532520325206,0
3421,4,2,2,42,0.045454545454545456,0.045454545454545456,0.9545454545454546,44,1550,1200,350,0.7741935483870968,19,12,7,303.85885318210444,0.8093067300916138,0.1356916996047426,0.18012251606155683,131786.11288265313,-791.124574829928,130994.98830782321,3243,0,1032.590909090909,41,3,14,35.50362318840579,0.6295731707317073,43.30357142857143,1026.785714285715,25.043554006968655,0
3422,4,0,0,42,0.0,0.0,1.0,42,750,700,50,0.9333333333333333,8,7,1,316.43556968664177,0.7987078977932637,0.1434520182234995,0.1861185555038635,131488.33007812497,-78.48307291666748,131409.8470052083,3244,12,1082.7619047619048,39,3,20,35.480144221003464,0.6298076923076923,43.59375,1025.6249999999998,26.298076923076916,0
3423,4,1,1,42,0.023255813953488372,0.023255813953488372,0.9767441860465116,43,1500,1000,500,0.6666666666666666,20,10,10,310.85884406022393,0.8055555555555555,0.14259455654298292,0.184960097386981,131927.76626222834,-397.81741605524667,131529.9488461731,3245,0,1058.5581395348838,40,3,15,35.18172750354469,0.6325520833333333,43.16565040650407,1027.337398373985,25.683434959349626,0
3424,4,1,1,42,0.023255813953488372,0.023255813953488372,0.9767441860465116,43,1250,1000,250,0.8,15,10,5,310.9835594218001,0.8028331487633813,0.1422987247701777,0.18567223848831704,132058.3037956906,-386.40772688213116,131671.89606880845,3246,0,1059.5348837209303,40,3,15,35.047541361808705,0.6338541666666666,43.03861788617887,1027.845528455286,25.696138211382152,0
3425,4,0,0,42,0.0,0.0,1.0,42,850,500,350,0.5882352941176471,12,5,7,319.8464376039164,0.7951993805652342,0.14948577992056267,0.1909210405225556,132049.81689453125,47.13270399305566,132096.9495985243,3247,15,1085.7619047619048,39,3,16,34.82832083375562,0.6354166666666666,43.046875,1027.8125,26.354166666666668,0
3426,4,0,0,42,0.0,0.0,1.0,42,750,500,250,0.6666666666666666,10,5,5,323.66869050832753,0.7943041037553232,0.15643949809687863,0.19374976616177672,132156.90239800338,155.01030815971257,132311.9127061631,3248,16,1086.7619047619048,39,3,17,34.62256863539661,0.6364850427350428,42.94270833333333,1028.2291666666658,26.364850427350405,0
3427,4,0,0,42,0.0,0.0,1.0,42,900,600,300,0.6666666666666666,12,6,6,328.57635947596384,0.7944976771196284,0.16415887805395624,0.19710589146206978,132237.2450086806,290.0065104166724,132527.25151909728,3249,17,1087.7619047619048,39,3,17,34.4157214232665,0.6372863247863249,42.864583333333336,1028.541666666667,26.372863247863254,0
3428,4,0,0,42,0.0,0.0,1.0,42,1100,800,300,0.7272727272727273,14,8,6,328.8100823484124,0.7945218737901665,0.1610740681814895,0.19766629235272487,132317.6120334202,301.4729817708384,132619.08501519106,3250,18,1088.7619047619048,39,3,17,34.32901775167898,0.6380876068376069,42.786458333333336,1028.8541666666672,26.380876068376082,0
3429,4,0,0,42,0.0,0.0,1.0,42,1100,900,200,0.8181818181818182,13,9,4,327.6565752593881,0.7956833139759969,0.16069018700597693,0.19739310753431416,132398.00347222213,276.2396918402686,132674.2431640624,3251,19,1089.7619047619048,38,4,17,34.278002699055335,0.640625,42.70833333333333,1029.1666666666658,27.08333333333331,0
3430,4,1,1,42,0.023255813953488372,0.023255813953488372,0.9767441860465116,43,900,700,200,0.7777777777777778,11,7,4,321.7027995199235,0.8006644518272424,0.15726300395238346,0.19533225230519105,132692.98095703125,-62.45930989583246,132630.5216471354,3252,0,1065.3953488372092,39,4,13,34.13551460924072,0.6418269230769231,42.421875,1030.3125,26.41826923076923,0
3431,4,0,0,42,0.0,0.0,1.0,42,800,700,100,0.875,9,7,2,330.36792543209515,0.7955865272938444,0.16275399048508343,0.19990059216823375,132562.98539201173,358.91169460880394,132921.89708662053,3253,21,1091.7619047619048,38,4,19,34.042691150534296,0.6422697368421053,42.54807692307692,1029.8076923076915,27.100202429149775,0
3432,4,0,1,41,0.0,0.023809523809523808,0.9761904761904762,42,750,700,50,0.9333333333333333,8,7,1,330.2194676232842,0.7962156407278358,0.1636339838289842,0.20010344986524722,132618.0021938235,358.60921634158734,132976.61141016506,3254,22,1092.7619047619048,38,4,19,33.9913304290703,0.6428179824561404,42.49465811965812,1030.0213675213674,27.105825461088617,0
3433,4,0,0,41,0.0,0.0,1.0,41,1100,700,400,0.6363636363636364,15,7,8,331.8564417973326,0.7951727642276423,0.18549428989677064,0.20198227722516485,132783.12108490372,612.9868187960864,133396.1079036998,3255,23,1118.0975609756097,38,3,14,33.78360284717183,0.6444627192982457,42.334401709401696,1030.6623931623913,27.12269455690503,0
3434,4,0,0,41,0.0,0.0,1.0,41,1200,800,400,0.6666666666666666,16,8,8,332.72066364197696,0.7958333333333333,0.18461771767976765,0.20295539849210342,132865.7190536196,641.4340437577514,133507.15309737736,3256,24,1119.0975609756097,38,3,14,33.678540587219345,0.6452850877192983,42.2542735042735,1030.9829059829053,27.131129104813297,0
3435,4,0,0,41,0.0,0.0,1.0,41,850,600,250,0.7058823529411765,11,6,5,326.44192200297255,0.7949186991869919,0.14360440362508364,0.1953779264525254,132150.7232084155,427.90721564759957,132578.6304240631,3257,25,1120.0975609756097,38,3,16,34.557486492103074,0.6381578947368421,42.94871794871795,1028.2051282051282,27.058029689608635,5
3436,4,0,0,41,0.0,0.0,1.0,41,1600,1200,400,0.75,20,12,8,326.6819885404135,0.7928861788617886,0.13517441860465151,0.19666255710132902,132370.51647308064,448.6127091095126,132819.12918219017,3258,26,1121.0975609756097,38,3,16,34.33065995293467,0.6403508771929824,42.73504273504274,1029.0598290598296,27.080521817363934,0
3437,4,0,0,41,0.0,0.0,1.0,41,1150,900,250,0.782608695652174,14,9,5,324.25860220235495,0.7927845528455284,0.12505156700420406,0.19591725074759217,132507.9800044744,393.37047538169406,132901.3504798561,3259,27,1122.0975609756097,38,3,16,34.2551278060254,0.6417214912280702,42.60149572649573,1029.594017094017,27.094579397210975,0
3438,4,0,0,41,0.0,0.0,1.0,41,1050,800,250,0.7619047619047619,13,8,5,330.95267815636794,0.7925813008130081,0.13070539419087135,0.20040099355699661,132590.4923661334,576.2357093286611,133166.72807546207,3260,28,1123.0975609756097,38,3,16,34.00004322268327,0.6425438596491228,42.52136752136752,1029.91452991453,27.103013945119212,0
3439,4,0,0,41,0.0,0.0,1.0,41,1350,1000,350,0.7407407407407407,17,10,7,331.39069886883976,0.7908028455284553,0.1313705860939205,0.20184706203829342,132810.65088757407,602.4428829717399,133413.09377054582,3261,29,1124.0975609756097,38,3,13,33.768008913764504,0.644736842105263,42.307692307692314,1030.7692307692316,27.125506072874515,0
3440,4,0,0,41,0.0,0.0,1.0,41,1100,800,300,0.7272727272727273,14,8,6,331.81134430444854,0.7908536585365854,0.1321241363630623,0.20314765562837356,133003.43940618375,626.4100052962193,133629.84941147998,3262,30,1125.0975609756097,38,3,13,33.56399965475574,0.6466557017543859,42.120726495726494,1031.5170940170938,27.145186684660363,0
3441,4,1,1,41,0.023809523809523808,0.023809523809523808,0.9761904761904762,42,1350,1000,350,0.7407407407407407,17,10,7,325.49076791087214,0.798054587688734,0.13746313534491894,0.20092873431310015,133310.812717014,278.28776041667663,133589.10047743068,3263,0,1099.2857142857142,39,3,16,33.41949095555107,0.6479700854700854,41.82291666666667,1032.7083333333342,26.479700854700877,0
3442,4,0,1,40,0.0,0.024390243902439025,0.975609756097561,41,1000,800,200,0.8,12,8,4,334.2965522778496,0.7959349593495935,0.14482763840775914,0.2064948735380171,133334.25931633037,714.636637993983,134048.89595432434,3264,1,1125.5853658536585,38,3,16,33.16868383848833,0.6499451754385966,41.80021367521366,1032.7991452991432,27.17892487629324,1
3443,4,0,0,40,0.0,0.0,1.0,40,1000,800,200,0.8,12,8,4,341.47550562544956,0.7887286324786325,0.14864283437798842,0.20994833014058467,133160.81781173026,1094.2315183517735,134255.04933008202,3265,33,1154.7,37,3,16,33.15704787704947,0.6500563063063064,41.96820175438595,1032.127192982454,27.895329540066324,0
3444,4,0,0,40,0.0,0.0,1.0,40,1050,700,350,0.6666666666666666,14,7,7,338.1559373572051,0.7871260683760684,0.14529408642106412,0.20885841140770567,133330.62967691966,1017.3088113650203,134347.93848828468,3266,34,1155.7,37,3,16,33.07266783451889,0.6517454954954955,41.80372807017543,1032.785087719297,27.91311047889992,0
3445,4,0,0,40,0.0,0.0,1.0,40,1150,800,350,0.6956521739130435,15,8,7,339.5663409188813,0.7878739316239316,0.14030828823092456,0.2103703899065493,133443.89770169646,1062.6112121037029,134506.50891380018,3267,35,1156.7,37,3,16,32.92287930241607,0.6528716216216217,41.69407894736841,1033.2236842105247,27.924964438122288,0
3446,4,0,0,40,0.0,0.0,1.0,40,1150,800,350,0.6956521739130435,15,8,7,338.0288617871184,0.7878205128205128,0.1455968848709297,0.21040291390288338,133617.71981018168,1033.3321541376808,134651.05196431937,3268,36,1157.7,36,4,18,32.788730348908985,0.6565393518518519,41.52590090090089,1033.8963963963952,28.71934434434431,0
3447,4,0,0,40,0.0,0.0,1.0,40,800,400,400,0.5,12,4,8,337.43495353227564,0.7869391025641026,0.14493140243902491,0.21053006883426745,133705.05640775897,1023.3518991964793,134728.40830695545,3269,37,1158.7,36,4,14,32.71677192218351,0.6574074074074074,41.441441441441434,1034.234234234233,28.728728728728697,0
3448,4,1,0,41,0.024390243902439025,0.0,1.0,41,800,500,300,0.625,11,5,6,330.6954727447447,0.7898882113821138,0.1501426745342096,0.20836682722308958,134067.7314774738,667.1183681517336,134734.84984562555,3270,0,1131.4146341463415,37,4,16,32.52900564672667,0.6590653153153154,41.09100877192982,1035.6359649122803,27.990161213845415,0
3449,4,0,0,41,0.0,0.0,1.0,41,1550,1300,250,0.8387096774193549,18,13,5,330.54815967828193,0.7894817073170731,0.1487162146465364,0.2089197030635507,134181.31209843402,670.6771554709012,134851.98925390493,3271,1,1132.4146341463415,37,4,17,32.41954616008748,0.6601914414414415,40.9813596491228,1036.074561403508,28.002015173067782,0
3450,4,0,0,41,0.0,0.0,1.0,41,550,400,150,0.7272727272727273,7,4,3,330.54815967828193,0.7894817073170731,0.1487162146465364,0.2089197030635507,134181.31209843402,670.6771554709012,134851.98925390493,3272,2,1133.4146341463415,37,4,17,32.41954616008748,0.6601914414414415,40.9813596491228,1036.074561403508,28.002015173067782,0
3451,4,0,1,40,0.0,0.024390243902439025,0.975609756097561,41,850,600,250,0.7058823529411765,11,6,5,331.2350493009294,0.7882621951219512,0.1524519265505817,0.20984139986544117,134266.52912434586,694.756078793469,134961.28520313933,3273,3,1134.4146341463415,37,4,17,32.3167936239244,0.6610360360360361,40.89912280701754,1036.4035087719292,28.010905642484573,0
3452,4,0,0,40,0.0,0.0,1.0,40,950,600,350,0.631578947368421,13,6,7,341.6011913877021,0.7893963675213675,0.0803806317969964,0.2091413762110505,133003.4394061839,1086.8266719629014,134090.2660781468,3274,4,1109.4,38,2,18,33.31153978940101,0.6466557017543859,42.1207264957265,1031.517094017095,27.14518668466039,7
3453,4,0,0,40,0.0,0.0,1.0,40,1000,900,100,0.9,11,9,2,342.0251093107893,0.7900641025641025,0.08065371024734969,0.20976834103550301,133068.8815646704,1102.579752604191,134171.46131727457,3275,5,1110.4,39,1,19,33.23500336530372,0.6455662393162392,42.05729166666668,1031.7708333333353,26.455662393162445,0
3454,4,0,0,40,0.0,0.0,1.0,40,800,500,300,0.625,11,5,6,341.4954695009781,0.7897970085470085,0.08097316113409314,0.21035187061679275,133230.14458550356,1099.4981553819548,134329.64274088552,3276,6,1111.4,39,1,19,33.08707917129116,0.6471688034188035,41.90104166666667,1032.3958333333342,26.471688034188055,0
3455,4,0,0,40,0.0,0.0,1.0,40,1200,900,300,0.75,15,9,6,342.2358135079319,0.7884348290598291,0.07552440500201674,0.21157171613121295,133364.60503472242,1128.4288194444648,134493.0338541669,3277,7,1112.4,39,1,19,32.93330644076913,0.6485042735042734,41.77083333333334,1032.9166666666683,26.48504273504278,0
3456,4,0,0,40,0.0,0.0,1.0,40,1150,1000,150,0.8695652173913043,13,10,3,343.39229968782496,0.7873931623931624,0.07197580645161317,0.21290322580645166,133472.2222222223,1166.666666666677,134638.888888889,3278,8,1113.4,39,1,19,32.79569892473118,0.6495726495726495,41.66666666666667,1033.3333333333342,26.49572649572652,0
3457,4,0,0,40,0.0,0.0,1.0,40,550,500,50,0.9090909090909091,6,5,1,343.53697257595536,0.7868055555555555,0.07107468703585851,0.21331880787226318,133528.88028047088,1174.421456602031,134703.3017370729,3279,9,1114.4,37,3,19,32.73525355399957,0.6537162162162162,41.61184210526316,1033.5526315789473,27.933854907539114,0
3458,4,0,0,40,0.0,0.0,1.0,40,1000,700,300,0.7,13,7,6,344.63067867320837,0.7852564102564102,0.07509815063539627,0.21478946161480883,133665.49014034987,1213.0457164511602,134878.53585680103,3280,10,1115.4,38,2,19,32.57029824017632,0.653234649122807,41.47970085470085,1034.0811965811963,27.21266306792622,0
3459,4,0,0,40,0.0,0.0,1.0,40,1100,800,300,0.7272727272727273,14,8,6,342.0563162444409,0.7848290598290598,0.05962372251471049,0.21446598935015482,133886.53897518042,1159.3472633135693,135045.886238494,3281,11,1116.4,38,2,15,32.41586662537421,0.6554276315789476,41.26602564102562,1034.9358974358945,27.235155195681433,0
3460,4,0,0,40,0.0,0.0,1.0,40,750,600,150,0.8,9,6,3,341.0857309342966,0.7842948717948718,0.0566647744865314,0.21417884945057655,133941.8297195739,1137.1293785155767,135078.9590980895,3282,12,1117.4,38,2,16,32.38573812226925,0.6559758771929826,41.21260683760683,1035.149572649571,27.240778227620286,0
3461,4,0,0,40,0.0,0.0,1.0,40,1150,800,350,0.6956521739130435,15,8,7,342.07445160470365,0.7837339743589744,0.07079636888797203,0.21560921546527903,134080.1065180069,1173.0757816494722,135253.1822996564,3283,13,1118.4,38,2,17,32.222035967264965,0.6573464912280704,41.079059829059815,1035.6837606837587,27.254835807467334,0
3462,4,0,0,40,0.0,0.0,1.0,40,850,400,450,0.47058823529411764,13,4,9,344.069173213349,0.7845352564102565,0.07312332439678304,0.2175216976416594,134190.7793209875,1234.1820987654164,135424.96141975292,3284,14,1119.4,38,2,18,32.059874888293116,0.6584429824561404,40.972222222222214,1036.11111111111,27.266081871344998,0
3463,4,0,0,40,0.0,0.0,1.0,40,950,500,450,0.5263157894736842,14,5,9,343.37785437851556,0.7827991452991453,0.07316551581984965,0.2179068228276474,134329.1845300055,1225.1334328657665,135554.31796287125,3285,15,1120.4,38,2,19,31.939649249373044,0.6598135964912282,40.838675213675195,1036.6452991452963,27.28013945119201,0
3464,4,0,1,39,0.0,0.025,0.975,40,800,300,500,0.375,13,3,10,346.01326450147315,0.7806623931623932,0.07916108765063323,0.22058061622093258,134495.36494859005,1307.436057235731,135802.80100582578,3286,16,1121.4,38,2,19,31.705548116867508,0.6614583333333334,40.6784188034188,1037.2863247863245,27.297008547008538,0
3465,4,0,0,39,0.0,0.0,1.0,39,700,600,100,0.8571428571428571,8,6,2,351.4707113778432,0.7778340080971661,0.07952866280031334,0.22352780884332638,134408.61761551638,1648.1384897276132,136056.75610524399,3287,17,1143.2564102564102,37,2,19,31.65060713404533,0.6624436936936937,40.762061403508774,1036.9517543859654,28.025723091512578,0
3466,4,0,0,39,0.0,0.0,1.0,39,950,700,250,0.7368421052631579,12,7,5,352.17815344857615,0.7780589293747189,0.08419991381623326,0.22467683815084158,134522.34251163815,1675.1660366651267,136197.50854830327,3288,18,1144.2564102564102,37,2,19,31.51875682626925,0.6635698198198199,40.65241228070175,1037.3903508771928,28.03757705073494,0
3467,4,0,1,38,0.0,0.02564102564102564,0.9743589743589743,39,800,500,300,0.625,11,5,6,354.4535995314242,0.7785087719298246,0.0906373789809376,0.2264915552244632,134580.80317911954,1740.536034398884,136321.33921351843,3289,19,1145.2564102564102,35,4,19,31.401398958914296,0.6681547619047619,40.59606481481482,1037.615740740741,29.646164021164033,0
3468,4,0,0,38,0.0,0.0,1.0,38,1250,900,350,0.72,16,9,7,362.17884647756927,0.7695293978188715,0.10752655721873494,0.23222055450620613,134705.2154195011,2157.475907029475,136862.69132653056,3290,20,1174.842105263158,34,4,21,31.076787079510705,0.6715686274509804,40.476190476190474,1038.0952380952378,30.532212885154053,0
3469,4,0,0,38,0.0,0.0,1.0,38,1400,1000,400,0.7142857142857143,18,10,8,360.09884976313833,0.7694404931247036,0.10419242949781338,0.23187176857441924,134859.7381660997,2112.5673185940977,136972.3054846938,3291,21,1175.842105263158,34,4,18,30.976599808978033,0.6731004901960784,40.32738095238095,1038.6904761904757,30.549719887955167,0
3470,4,0,0,38,0.0,0.0,1.0,38,1100,800,300,0.7272727272727273,14,8,6,356.2757813313548,0.7694701280227596,0.13662100105888597,0.20852675840827853,131300.74929003205,1755.8554085396945,133056.60469857175,3292,22,1176.842105263158,38,0,20,34.648094096389734,0.6296600877192983,43.7767094017094,1024.8931623931617,26.970872694556885,7
3471,4,0,0,38,0.0,0.0,1.0,38,700,500,200,0.7142857142857143,9,5,4,356.7772598587319,0.7690848743480323,0.1389755136504358,0.2092764980978133,131384.32618690372,1774.9908306384314,133159.31701754214,3293,23,1177.842105263158,37,1,20,34.550802139037444,0.6323198198198199,43.69517543859649,1025.2192982456145,27.708629682313905,0
3472,4,0,0,38,0.0,0.0,1.0,38,950,600,350,0.631578947368421,13,6,7,356.81100050413454,0.7697664770033191,0.13830349958077015,0.20975822047235515,131468.65051025315,1781.8921446983652,133250.5426549515,3294,24,1178.842105263158,37,1,21,34.46476620692112,0.6331644144144144,43.612938596491226,1025.548245614035,27.717520151730678,0
3473,4,0,0,38,0.0,0.0,1.0,38,850,600,250,0.7058823529411765,11,6,5,354.3121413754929,0.7700628259838787,0.13897560509160045,0.2089035101985183,131581.12502164117,1724.158034202822,133305.283055844,3295,25,1179.842105263158,37,1,18,34.41529959744933,0.6342905405405406,43.503289473684205,1025.9868421052624,27.72937411095304,0
3474,4,0,0,38,0.0,0.0,1.0,38,1250,900,350,0.72,16,9,7,356.4677843523998,0.7694404931247036,0.14193657219972988,0.21064005439005437,131665.51246537393,1786.9027008310213,133452.41516620494,3296,26,1180.842105263158,37,1,19,34.27483974358975,0.6351351351351351,43.421052631578945,1026.315789473684,27.738264580369837,0
3475,4,0,0,38,0.0,0.0,1.0,38,1150,900,250,0.782608695652174,14,9,5,356.4736644519056,0.7675142247510669,0.1514232725433442,0.21142342416669402,131806.21831957917,1797.0891283856631,133603.30744796485,3297,27,1181.842105263158,37,1,19,34.13274159103044,0.6365427927927928,43.28399122807018,1026.86403508772,27.753082029397834,0
3476,4,1,0,39,0.02564102564102564,0.0,1.0,39,1000,800,200,0.8,12,8,4,350.80128183504826,0.7732793522267207,0.16004795204795186,0.21010966631377329,132178.18737900854,1473.6555126378667,133651.8428916464,3298,0,1152.5128205128206,38,1,21,33.90367965367964,0.6384320175438598,42.92200854700854,1028.3119658119647,27.06084120557802,0
3477,4,1,1,39,0.025,0.025,0.975,40,1050,800,250,0.7619047619047619,13,8,5,339.1892372906591,0.7846688034188034,0.15182655332928552,0.2046317486511779,132451.61132812503,985.2322048611113,133436.84353298615,3299,0,1124.675,39,1,21,33.927426971598194,0.639423076923077,42.65625,1029.3750000000002,26.394230769230774,0
3478,4,0,0,39,0.0,0.0,1.0,39,1600,1400,200,0.875,18,14,4,349.05595345719126,0.7735042735042735,0.17972322029601284,0.19575164655639415,129643.02722318664,1262.2853973765311,130905.31262056317,3300,2,1154.5128205128206,35,4,17,36.512316740538694,0.61875,45.39930555555555,1018.402777777777,29.0972222222222,4
3479,4,1,0,40,0.025,0.0,1.0,40,700,300,400,0.42857142857142855,11,3,8,340.4938891567557,0.7815972222222223,0.18159606493925384,0.19275311400164225,130010.8582087757,853.5805488227049,130864.4387575984,3301,0,1126.625,37,3,18,36.35708973945453,0.6185247747747749,45.03837719298245,1019.8464912280696,27.563418681839718,0
3480,4,1,0,41,0.024390243902439025,0.0,1.0,41,900,500,400,0.5555555555555556,13,5,8,336.1602288508357,0.7889735772357723,0.19614392637475797,0.19210063739434344,130377.57087746533,566.0377413073251,130943.60861877266,3302,0,1100.121951219512,36,5,19,36.09617929209395,0.6241319444444444,44.679054054054056,1021.2837837837841,28.368993993994003,0
3481,4,0,1,40,0.0,0.024390243902439025,0.975609756097561,41,850,500,350,0.5882352941176471,12,5,7,333.760878175824,0.7878556910569106,0.19033133768066257,0.19112784892219725,130458.54403518373,508.39164454445483,130966.93567972818,3303,1,1101.121951219512,37,4,20,36.07552055382634,0.6230292792792793,44.599780701754376,1021.6008771929811,27.61083451872922,0
3482,4,2,2,40,0.047619047619047616,0.047619047619047616,0.9523809523809523,42,1400,1000,400,0.7142857142857143,18,10,8,328.47347668162297,0.8021438250096786,0.18464800678541127,0.1903983426782862,130928.03955078151,201.2776692708628,131129.31722005238,3304,0,1073.404761904762,39,3,18,35.736323155216304,0.6241987179487178,44.140625000000014,1023.437500000002,26.241987179487232,4
3483,4,1,0,41,0.024390243902439025,0.0,1.0,41,1050,700,350,0.6666666666666666,14,7,7,334.1317343220985,0.7899390243902439,0.19763709170334542,0.19390164424833609,130972.46334876568,552.4112654321266,131524.87461419782,3305,0,1100.560975609756,38,3,19,35.54669832654908,0.6263706140350875,44.097222222222236,1023.6111111111131,26.937134502924028,0
3484,4,0,0,41,0.0,0.0,1.0,41,600,500,100,0.8333333333333334,7,5,2,334.08295092544324,0.7894308943089431,0.2013620261411293,0.19428707534402004,131054.4963109067,556.6145719190745,131611.11088282577,3306,1,1101.560975609756,38,3,19,35.465141555370074,0.6271929824561402,44.017094017094024,1023.931623931625,26.945569050832237,0
3485,4,0,0,41,0.0,0.0,1.0,41,800,500,300,0.625,11,5,6,345.087916873466,0.7898882113821138,0.09152118652969432,0.19354930989859667,129647.68005540204,807.9829679172389,130455.66302331928,3307,2,1102.560975609756,37,4,16,36.6086168532874,0.6148648648648647,45.39473684210528,1018.421052631582,27.52489331436708,7
3486,4,1,1,41,0.023809523809523808,0.023809523809523808,0.9761904761904762,42,1050,700,350,0.6666666666666666,14,7,7,341.14704278731244,0.7947396438250097,0.100906079112282,0.1928855080783242,129962.83512309167,467.2873748995682,130430.12249799124,3308,0,1077.2857142857142,38,4,17,36.38913628108409,0.6162280701754386,45.08547008547009,1019.6581196581208,26.83310841205581,0
3487,4,2,2,41,0.046511627906976744,0.046511627906976744,0.9534883720930233,43,950,600,350,0.631578947368421,13,6,7,337.0239294408004,0.8014488741232927,0.1159675645156577,0.19215994449500556,130289.85407991838,182.50499945213537,130472.35907937052,3309,0,1053.1860465116279,38,5,18,36.16292556160178,0.619517543859649,44.764957264957275,1020.9401709401726,26.866846603688753,0
3488,4,2,3,40,0.046511627906976744,0.06976744186046512,0.9302325581395349,43,1500,1100,400,0.7333333333333333,19,11,8,334.3115049684394,0.8064322628276116,0.13171826925742125,0.19343955356449707,130859.79327781091,149.58688611276995,131009.38016392368,3310,0,1053.953488372093,40,3,16,35.65587339425242,0.621875,44.207317073170735,1023.1707317073177,25.579268292682944,1
3489,4,0,0,40,0.0,0.0,1.0,40,1200,800,400,0.6666666666666666,16,8,8,357.4870839772742,0.7846955128205129,0.14835049887351137,0.20530727724905554,130570.58572108716,1335.4595885272265,131906.0453096144,3311,2,1133.8,37,3,16,35.35598380002144,0.6241554054054055,44.49013157894736,1022.0394736842098,27.622688477951616,0
3490,4,1,1,40,0.024390243902439025,0.024390243902439025,0.975609756097561,41,950,800,150,0.8421052631578947,11,8,3,368.76605048018035,0.7921747967479674,0.1802664000285683,0.21114616614919085,130453.51765103386,1434.064915035959,131887.58256606982,3312,0,1107.121951219512,38,3,17,35.18658927699923,0.6211622807017543,44.604700854700866,1021.5811965811981,26.883715699505213,2
3491,4,3,1,42,0.06976744186046512,0.023255813953488372,0.9767441860465116,43,1150,900,250,0.782608695652174,14,9,5,353.25176928467846,0.8127076411960132,0.18700665638819336,0.20550605238524416,131067.83743142344,659.9890937934124,131727.82652521686,3313,0,1054.6976744186047,40,3,19,34.960963345242824,0.6239583333333332,44.004065040650424,1023.9837398374011,25.59959349593503,0
3492,4,2,1,43,0.045454545454545456,0.022727272727272728,0.9772727272727273,44,1150,800,350,0.6956521739130435,15,8,7,343.8099878960183,0.819062720225511,0.18246238674461757,0.20179616641982773,131408.2153320314,236.4077769076706,131644.62310893906,3314,0,1031.6818181818182,39,5,20,34.859058044634075,0.6290064102564102,43.67187500000001,1025.3125000000011,26.29006410256413,0
3493,4,0,0,43,0.0,0.0,1.0,43,1400,1300,100,0.9285714285714286,15,13,2,345.14699115218093,0.8096160944998154,0.17425323417404526,0.2027223735621763,131434.91753472242,472.8732638889087,131907.79079861133,3315,1,1056.6744186046512,39,4,20,34.797846403900856,0.6292735042735043,43.64583333333334,1025.4166666666683,26.292735042735085,0
3494,4,0,1,42,0.0,0.023255813953488372,0.9767441860465116,43,900,500,400,0.5555555555555556,13,5,8,343.47591102054224,0.8091085271317829,0.17248219447225743,0.2023056681656879,131541.75347222228,436.28472222223274,131978.0381944445,3316,2,1057.6744186046512,39,4,20,34.732940698619004,0.6303418803418803,43.54166666666667,1025.833333333334,26.30341880341882,0
3495,4,1,1,42,0.023255813953488372,0.023255813953488372,0.9767441860465116,43,600,400,200,0.6666666666666666,8,4,4,340.02382644379196,0.808093392395718,0.17921045425790094,0.2008342169139231,131648.6328125,352.73437500000034,132001.3671875,3317,0,1058.2325581395348,39,4,16,34.713763702801465,0.6314102564102564,43.4375,1026.25,26.314102564102566,0
3496,4,0,0,42,0.0,0.0,1.0,42,800,400,400,0.5,12,4,8,346.33766545459986,0.8038617886178862,0.1799228335366645,0.20402050697515736,131547.2334082109,711.9523431222093,132259.1857513331,3318,4,1084.4285714285713,38,4,20,34.65402173158371,0.6321271929824561,43.53632478632478,1025.8547008547,26.99617633828158,0
3497,4,0,0,42,0.0,0.0,1.0,42,1100,1000,100,0.9090909090909091,12,10,2,344.51514458174717,0.8043941153697252,0.17728724142718333,0.2032385410665295,131602.0390459493,667.7791018335895,132269.81814778288,3319,5,1085.4285714285713,38,4,16,34.645503609607104,0.6326754385964912,43.48290598290598,1026.068376068376,27.00179937022042,0
3498,4,0,0,42,0.0,0.0,1.0,42,1200,1000,200,0.8333333333333334,14,10,4,345.16978122109043,0.8056039488966318,0.17753003373056142,0.20415984538731283,131702.08875868077,691.9162326389147,132394.00499131967,3320,6,1086.4285714285713,39,3,16,34.527856707935875,0.6319444444444444,43.38541666666668,1026.458333333335,26.31944444444449,0
3499,4,0,0,42,0.0,0.0,1.0,42,800,400,400,0.5,12,4,8,345.3583446259566,0.8046360820751065,0.18138853066330496,0.20499024200284835,131835.77609592033,706.1170789930766,132541.89317491342,3321,7,1087.4285714285713,39,3,16,34.38831270919972,0.6332799145299145,43.25520833333334,1026.9791666666683,26.332799145299187,0
3500,4,1,2,41,0.023255813953488372,0.046511627906976744,0.9534883720930233,43,1200,900,300,0.75,15,9,6,342.8484678192604,0.8088778146917681,0.1910689587038139,0.20583109082245243,132267.29811124312,469.5281000065965,132736.82621124972,3322,0,1063.1162790697674,40,3,17,34.018515774221186,0.6359375,42.83536585365853,1028.6585365853643,25.71646341463411,0
3501,4,2,0,43,0.046511627906976744,0.0,1.0,43,950,700,250,0.7368421052631579,12,7,5,365.9136626594081,0.8097545219638242,0.24726091901377578,0.20439602491444595,129487.77113261935,974.0478141332758,130461.81894675262,3323,0,1063.6511627906978,36,7,16,36.24119458582282,0.615162037037037,45.551801801801815,1017.7927927927948,28.272022022022078,7
3502,4,1,1,43,0.022727272727272728,0.022727272727272728,0.9772727272727273,44,650,300,350,0.46153846153846156,10,3,7,359.48307684620045,0.815473044397463,0.2490276082977425,0.20212444698144874,129745.05077069195,528.2300113229803,130273.28078201493,3324,0,1040.4545454545455,38,6,16,36.143080606823276,0.6140350877192982,45.29914529914531,1018.8034188034201,26.81061628430053,0
3503,4,0,0,43,0.0,0.0,1.0,43,1100,900,200,0.8181818181818182,13,9,4,373.399583312337,0.8091546696197859,0.2780705707176587,0.2042512928072553,128658.8684345095,1011.3239873255969,129670.19242183509,3325,2,1065.6511627906978,38,5,19,36.89689518393712,0.6030701754385964,46.36752136752137,1014.5299145299148,26.69815564552407,2
3504,4,2,1,44,0.044444444444444446,0.022222222222222223,0.9777777777777777,45,1250,900,350,0.72,16,9,7,363.10447547386036,0.8147306397306397,0.2859358508593586,0.20096335690171996,129123.91067031868,377.09397101593936,129501.00464133463,3326,0,1019.2444444444444,40,5,21,36.683414991834155,0.6044270833333333,45.90955284552846,1016.3617886178869,25.409044715447173,0
3505,4,2,2,44,0.043478260869565216,0.043478260869565216,0.9565217391304348,46,1000,700,300,0.7,13,7,6,353.3114228802582,0.8179951690821257,0.2892126327227422,0.1974587560865404,129508.13140822174,-48.56661289491788,129459.56479532682,3327,0,997.7391304347826,37,9,16,36.54114600165177,0.6134572072072071,45.531798245614034,1017.8728070175437,27.51007586533902,0
3506,4,1,0,45,0.022222222222222223,0.0,1.0,45,900,500,400,0.5555555555555556,13,5,8,361.34964529089694,0.8136363636363637,0.3135501923749566,0.20233032430212955,129581.83235627135,364.8698316166167,129946.70218788796,3328,0,1020.8888888888889,38,7,17,36.26158621895768,0.6123903508771931,45.4594017094017,1018.1623931623923,26.79374718848401,0
3507,4,1,1,45,0.021739130434782608,0.021739130434782608,0.9782608695652174,46,1350,1000,350,0.7407407407407407,17,10,7,354.77844302573334,0.8192834138486312,0.31688125894134456,0.2002227130017201,129890.673828125,16.482204861111654,129907.15603298611,3329,0,999.6739130434783,39,7,19,36.11494311601608,0.6137820512820513,45.15625,1019.375,26.137820512820515,0
3508,4,1,1,45,0.021739130434782608,0.021739130434782608,0.9782608695652174,46,1450,1100,350,0.7586206896551724,18,11,7,358.0710758408703,0.8175322061191627,0.31471776879690894,0.20263097297584542,129996.88042534742,109.62456597224403,130106.50499131967,3330,0,1000.5869565217391,39,7,20,35.92313585291114,0.6148504273504273,45.05208333333334,1019.7916666666682,26.14850427350431,0
3509,4,0,0,45,0.0,0.0,1.0,45,800,600,200,0.75,10,6,4,362.630643517174,0.8130892255892256,0.32220519282949,0.20479319723615613,129917.22140842033,422.39312065974275,130339.61452908008,3331,2,1023.8222222222222,39,6,20,35.8878486768162,0.6140491452991452,45.13020833333334,1019.4791666666682,26.140491452991494,0
3510,4,0,1,44,0.0,0.022222222222222223,0.9777777777777777,45,1550,1100,450,0.7096774193548387,20,11,9,364.65684842446063,0.8115740740740741,0.3242615828551043,0.20655851562820293,130034.82187145701,483.6176658163346,130518.43953727334,3332,3,1024.8222222222223,41,4,20,35.71667396167688,0.6120426829268292,45.014880952380956,1019.9404761904769,24.876596980255535,0
3511,4,0,0,44,0.0,0.0,1.0,44,1100,700,400,0.6363636363636364,15,7,8,371.6661888473997,0.8095489781536294,0.3378982412393552,0.21052893044298202,130034.82187145716,865.9093324830167,130900.73120394017,3333,4,1048.5,41,3,21,35.53794621145804,0.6120426829268292,45.01488095238096,1019.9404761904781,24.876596980255563,0
3512,4,1,0,45,0.022222222222222223,0.0,1.0,45,1100,700,400,0.6363636363636364,15,7,8,362.77942927158676,0.8137205387205387,0.3300551691053011,0.20803678688215213,130512.91120001934,471.27357376775836,130984.1847737871,3334,0,1026.1777777777777,33,12,18,35.279243623570814,0.6319444444444444,44.54656862745099,1021.813725490197,30.96405228758173,0
3513,4,1,1,45,0.021739130434782608,0.021739130434782608,0.9782608695652174,46,1350,1100,250,0.8148148148148148,16,11,5,350.85040347474865,0.8178140096618358,0.31506308582255604,0.20319806350382677,130895.6269402849,-15.043294984171098,130880.58364530072,3335,0,1004.8478260869565,36,10,19,35.196572025971186,0.6293402777777778,44.1722972972973,1023.310810810811,28.425300300300304,0
3514,4,0,0,45,0.0,0.0,1.0,45,1500,1000,500,0.6666666666666666,20,10,10,358.1160381878616,0.8135942760942761,0.3201085985782157,0.20716557670991567,130850.90033712308,371.96120440905895,131222.86154153213,3336,2,1028.1777777777777,37,8,20,35.055973814882286,0.6269707207207207,44.21600877192983,1023.1359649122817,27.65232337600761,0
3515,4,0,0,45,0.0,0.0,1.0,45,1450,1000,450,0.6896551724137931,19,10,9,359.80052506530365,0.8131313131313131,0.31765158197073506,0.20870129629821,130954.69292534741,423.51345486113075,131378.20638020855,3337,3,1029.1777777777777,39,6,20,34.90781260601128,0.6244658119658119,44.11458333333334,1023.5416666666681,26.24465811965816,0
3516,4,0,0,45,0.0,0.0,1.0,45,900,600,300,0.6666666666666666,12,6,6,361.4319324535032,0.8120370370370371,0.3199204088092975,0.20993812246767332,131008.00781250015,470.0954861111262,131478.10329861127,3338,4,1030.1777777777777,39,6,20,34.81210147876815,0.625,44.06250000000001,1023.7500000000011,26.25000000000003,0
3517,4,1,2,44,0.021739130434782608,0.043478260869565216,0.9565217391304348,46,1200,800,400,0.6666666666666666,16,8,8,352.3229700224576,0.8181964573268922,0.3066631866096381,0.20581400647013262,131226.45817586305,46.81909800958675,131273.27727387263,3339,0,1008.7608695652174,41,5,20,34.82442550994061,0.6239837398373983,43.849206349206355,1024.6031746031756,24.99032133178477,0
3518,4,0,0,44,0.0,0.0,1.0,44,1050,700,350,0.6666666666666666,14,7,7,364.22178288306793,0.8076770613107823,0.3105675228220752,0.21170525747827773,131034.66932508687,745.1361762152828,131779.80550130215,3340,6,1055.3863636363637,39,5,20,34.71370858344355,0.625267094017094,44.036458333333336,1023.8541666666672,26.252670940170955,0
3519,4,0,0,44,0.0,0.0,1.0,44,1400,900,500,0.6428571428571429,19,9,10,360.5561540946999,0.8076990838618746,0.3067851671860966,0.21034479362609437,131175.63952664402,659.2368197278956,131834.87634637192,3341,7,1056.3863636363637,41,3,20,34.664923494092584,0.6234756097560975,43.898809523809526,1024.4047619047622,24.985481997677127,0
3520,4,0,0,44,0.0,0.0,1.0,44,900,300,600,0.3333333333333333,15,3,12,359.71141865785984,0.8054087385482734,0.30542901836746994,0.21055161456248933,131303.29574732587,646.2589575446218,131949.5547048705,3342,8,1057.3863636363637,42,2,21,34.55749109703446,0.6232638888888888,43.77422480620155,1024.9031007751937,24.402454780361754,0
3521,4,0,0,44,0.0,0.0,1.0,44,1050,700,350,0.6666666666666666,14,7,7,361.28188501703426,0.8045278365045807,0.3059344543856848,0.211927208839889,131385.8453047641,693.4792554419732,132079.3245602061,3343,9,1058.3863636363637,36,8,21,34.433811145284125,0.6342592592592593,43.69369369369369,1025.2252252252244,28.478478478478458,0
3522,4,0,0,44,0.0,0.0,1.0,44,800,500,300,0.625,11,5,6,363.61164736250095,0.8042195207892883,0.3075444761695587,0.21361597812147975,131443.57829112903,758.8832075318651,132202.4614986609,3344,10,1059.3863636363637,36,8,21,34.31574419796471,0.6348379629629629,43.63738738738739,1025.450450450451,28.484734734734747,0
3523,4,1,1,44,0.022222222222222223,0.022222222222222223,0.9777777777777777,45,800,500,300,0.625,11,5,6,354.78344255397843,0.8078282828282829,0.2972963991549764,0.2099546516555212,131721.78578985838,346.5417243767304,132068.3275142351,3345,0,1036.8222222222223,37,8,17,34.261286762087884,0.6356981981981982,43.36622807017544,1026.535087719298,27.744191559981026,0
3524,4,0,0,44,0.0,0.0,1.0,44,1350,800,550,0.5925925925925926,19,8,11,371.0589705772158,0.8025237843551798,0.3136305379977278,0.2197485858010419,131749.92696069946,977.3984543321042,132727.32541503158,3346,12,1061.3863636363637,37,7,17,33.81517230944497,0.6359797297297298,43.338815789473685,1026.6447368421054,27.747155049786635,0
3525,4,0,0,44,0.0,0.0,1.0,44,1500,1200,300,0.8,18,12,6,373.8775678381847,0.8003875968992248,0.3121166834873068,0.22223889946117467,131890.67790089254,1062.1931748230204,132952.87107571555,3347,13,1062.3863636363637,37,7,17,33.600644036436094,0.6373873873873874,43.20175438596491,1027.19298245614,27.761972498814597,0
3526,4,1,0,45,0.022222222222222223,0.0,1.0,45,1350,1000,350,0.7407407407407407,17,10,7,364.06867169379217,0.8062289562289563,0.30562824506749786,0.21885026893952644,132315.55103550272,634.3893819855114,132949.94041748822,3348,0,1039.7555555555555,38,7,21,33.42419522326064,0.6398026315789475,42.788461538461526,1028.846153846152,27.074898785425052,0
3527,4,0,0,45,0.0,0.0,1.0,45,1350,900,450,0.6666666666666666,18,9,9,361.5780890634665,0.8043350168350168,0.3029967334185488,0.21815521209047706,132454.43309479835,578.5498433974174,133032.98293819578,3349,1,1040.7555555555555,37,8,21,33.34842351938646,0.6430180180180181,42.65350877192982,1029.3859649122803,27.821242294926495,0
3528,4,0,1,44,0.0,0.022222222222222223,0.9777777777777777,45,1050,600,450,0.5714285714285714,15,6,9,329.01436315249384,0.8043350168350168,0.2084964298556533,0.19161498855650083,131109.82090973653,-372.5971540691046,130737.22375566742,3350,2,1041.7555555555555,43,2,16,35.53908537525042,0.6199127906976745,43.96306818181818,1024.147727272727,23.817389006342488,8
3529,4,0,0,44,0.0,0.0,1.0,44,1000,700,300,0.7,13,7,6,333.0486786384931,0.7982954545454546,0.2212581391548183,0.19393892476750574,131104.7462310707,-67.1475009014022,131037.5987301693,3351,17,1066.3863636363637,42,2,16,35.440912101428694,0.621279761904762,43.96802325581395,1024.127906976743,24.383997785160545,0
3530,4,0,0,44,0.0,0.0,1.0,44,1200,900,300,0.75,15,9,6,329.6475515188001,0.7973484848484849,0.21669360524098602,0.19257973534584458,131228.822073493,-148.14802295536705,131080.67405053764,3352,18,1067.3863636363637,42,2,16,35.40287497635712,0.6225198412698414,43.846899224806194,1024.6124031007737,24.395533407161277,0
3531,4,1,0,45,0.022222222222222223,0.0,1.0,45,1050,800,250,0.7619047619047619,13,8,5,325.80989116649033,0.8063552188552189,0.22617666021921412,0.19184933227001771,131531.57675107082,-429.067143077204,131102.50960799362,3353,0,1044.6444444444444,41,4,17,35.19624435847842,0.6270325203252032,43.551587301587304,1025.7936507936508,25.01935733643051,0
3532,4,0,0,45,0.0,0.0,1.0,45,1650,1100,550,0.6666666666666666,22,11,11,330.0833551725256,0.8047138047138047,0.23277547082756644,0.19561315611901997,131775.45294753904,-300.6232723394195,131474.82967519964,3354,1,1045.6444444444444,42,3,15,34.841174342519196,0.6279761904761905,43.313953488372086,1026.7441860465103,24.446290143964532,0
3533,4,0,0,45,0.0,0.0,1.0,45,1350,1100,250,0.8148148148148148,16,11,5,332.53720185119255,0.804419191919192,0.22944654088050287,0.19758376343176248,131874.96244216096,-229.33379905053692,131645.62864311042,3355,2,1046.6444444444444,42,3,16,34.678066037735846,0.628968253968254,43.21705426356589,1027.1317829457366,24.455518641565156,0
3534,4,0,0,45,0.0,0.0,1.0,45,1350,900,450,0.6666666666666666,18,9,9,331.20931160580767,0.803956228956229,0.21986297064554705,0.19757063885777248,132024.29710504168,-254.46468811970533,131769.83241692197,3356,3,1047.6444444444444,42,3,17,34.56200106857754,0.6304563492063493,43.07170542635659,1027.713178294573,24.469361387966025,0
3535,4,0,0,45,0.0,0.0,1.0,45,1350,1100,250,0.8148148148148148,16,11,5,330.1122982769011,0.8046296296296297,0.216336234434076,0.1973048660518109,132098.99612590892,-278.4993577609503,131820.49676814798,3357,4,1048.6444444444444,42,3,17,34.515112954409794,0.6312003968253969,42.99903100775194,1028.0038759689924,24.476282761166484,0
3536,4,0,1,44,0.0,0.022222222222222223,0.9777777777777777,45,1200,900,300,0.75,15,9,6,330.7167584152733,0.8040824915824917,0.21870352916535785,0.19779621233292272,132123.90049426115,-260.882383871164,131863.01811039,3358,5,1049.6444444444444,42,3,17,34.474552309142304,0.6314484126984128,42.974806201550386,1028.1007751937984,24.478589885566628,0
3537,4,0,0,44,0.0,0.0,1.0,44,650,500,150,0.7692307692307693,8,5,3,335.1579952091117,0.799022198731501,0.23266998850806653,0.20041790561754297,132117.37769471196,56.03908808891953,132173.4167828009,3359,6,1073.9545454545455,41,3,17,34.3669585705555,0.6328760162601628,42.981150793650784,1028.0753968253953,25.075009678668177,0
3538,4,0,0,44,0.0,0.0,1.0,44,1050,700,350,0.6666666666666666,14,7,7,333.7024776131247,0.7993305144467936,0.2340709594254502,0.20008638435021744,132219.3889853393,24.38753858022943,132243.7765239195,3360,7,1074.9545454545455,41,3,17,34.30185122664866,0.6338922764227642,42.881944444444436,1028.4722222222206,25.08468834688343,0
3539,4,0,0,44,0.0,0.0,1.0,44,1200,700,500,0.5833333333333334,17,7,10,332.6102946988434,0.7976788231148697,0.22725081090558485,0.19983596500735806,132295.92328829653,0.5972064751560708,132296.52049477168,3361,8,1075.9545454545455,41,3,17,34.25305368048859,0.6346544715447155,42.80753968253967,1028.769841269839,25.09194734804485,0
3540,4,0,0,44,0.0,0.0,1.0,44,1100,600,500,0.5454545454545454,16,6,10,331.5904210854133,0.7958509513742072,0.22883695252116287,0.19976300977584682,132398.00347222234,-19.539320357767593,132378.46415186458,3362,9,1076.9545454545455,39,5,18,34.17678812415654,0.638888888888889,42.708333333333336,1029.1666666666674,26.388888888888907,0
3541,4,0,0,44,0.0,0.0,1.0,44,800,400,400,0.5,12,4,8,335.2838699861332,0.7949700493305145,0.2305010853169498,0.20256392242927487,132505.23003472204,85.37326388886976,132590.60329861092,3363,10,1077.9545454545455,39,5,18,33.974099554836094,0.6399572649572651,42.60416666666666,1029.583333333332,26.39957264957261,0
3542,4,0,0,44,0.0,0.0,1.0,44,1150,800,350,0.6956521739130435,15,8,7,340.4734973450215,0.795278365045807,0.23712856722565423,0.20628688368551307,132612.5,230.20833333333405,132842.70833333334,3364,11,1078.9545454545455,39,5,19,33.732807443365694,0.6410256410256411,42.5,1030.0,26.41025641025641,0
3543,4,0,0,44,0.0,0.0,1.0,44,900,600,300,0.6666666666666666,12,6,6,344.721768555461,0.7958729739252995,0.2455896135398865,0.2097587440398358,132773.48632812497,353.98220486111006,133127.4685329861,3365,12,1079.9545454545455,39,5,15,33.46177818206321,0.6426282051282052,42.34375,1030.6249999999998,26.426282051282044,0
3544,4,0,0,44,0.0,0.0,1.0,44,1050,900,150,0.8571428571428571,12,9,3,342.4439759200506,0.7958949964763918,0.23934778127324674,0.20861316803345778,132816.69439693628,296.4553795690307,133113.1497765053,3366,13,1080.9545454545455,40,4,15,33.47711065102368,0.6414062500000001,42.30182926829268,1030.7926829268288,25.76981707317072,0
3545,4,0,0,44,0.0,0.0,1.0,44,1600,1100,500,0.6875,21,11,10,340.5364533908586,0.7943093727977449,0.2414697163736672,0.20861711154922163,133026.28772762563,260.0600461034999,133286.34777372913,3367,14,1081.9545454545455,40,4,15,33.3160936525137,0.6434895833333334,42.09857723577235,1031.6056910569098,25.790142276422745,0
3546,4,0,0,44,0.0,0.0,1.0,44,1150,900,250,0.782608695652174,14,9,5,340.0790126562424,0.7934945384073291,0.2390197757639847,0.20896881090743552,133139.26214293562,255.57376307001817,133394.83590600564,3368,15,1082.9545454545455,41,3,16,33.214677657086106,0.6430386178861789,41.98908730158729,1032.0436507936488,25.171796360820704,0
3547,4,0,1,43,0.0,0.022727272727272728,0.9772727272727273,44,750,400,350,0.5333333333333333,11,4,7,345.3722997918592,0.7921952078928823,0.24565893368737357,0.2129523042792455,133267.27450239332,405.3650163768965,133672.63951877021,3369,16,1083.9545454545455,41,3,16,32.9498142454522,0.6443089430894309,41.86507936507935,1032.5396825396806,25.18389469608977,0
3548,4,0,0,43,0.0,0.0,1.0,43,700,400,300,0.5714285714285714,10,4,6,350.6536704060999,0.7828073089700996,0.24882072231330787,0.21557134846515424,133157.3674730649,738.4239292087989,133895.7914022737,3370,42,1109.7906976744187,40,3,16,32.9236822239727,0.6447916666666667,41.97154471544715,1032.1138211382108,25.802845528455272,0
3549,4,0,0,43,0.0,0.0,1.0,43,1100,800,300,0.7272727272727273,14,8,6,347.00071074045263,0.7835455887781468,0.24577695153996082,0.2139563624044208,133267.2745023933,648.7677941546742,133916.04229654797,3371,43,1110.7906976744187,41,2,16,32.90777927235459,0.6443089430894309,41.86507936507935,1032.5396825396804,25.183894696089766,0
3550,4,0,0,43,0.0,0.0,1.0,43,1100,500,600,0.45454545454545453,17,5,12,357.3409913189009,0.7833148763381321,0.23394813111288548,0.21590565099311934,132507.9800044747,888.5601484731824,133396.54015294788,3372,44,1111.7906976744187,38,5,15,33.40359205838608,0.64172149122807,42.60149572649574,1029.5940170940194,27.094579397211035,2
3551,4,0,0,43,0.0,0.0,1.0,43,1200,900,300,0.75,15,9,6,354.84883180385975,0.7832687338501292,0.23762424008491712,0.21487077503701096,132590.4923661337,809.9162648842473,133400.40863101796,3373,45,1112.7906976744187,38,5,16,33.384768326417706,0.6425438596491226,42.52136752136754,1029.9145299145323,27.103013945119272,0
3552,4,1,2,42,0.022727272727272728,0.045454545454545456,0.9545454545454546,44,1050,700,350,0.6666666666666666,14,7,7,350.29078665442273,0.7888037350246653,0.23659320477502277,0.21406659184436974,132934.57031250026,513.1510416666956,133447.72135416695,3374,0,1088.4772727272727,39,5,14,33.15656565656567,0.6442307692307692,42.187500000000014,1031.250000000002,26.442307692307743,0
3553,4,0,0,42,0.0,0.0,1.0,42,1350,1000,350,0.7407407407407407,17,10,7,360.885139400506,0.7802942315137437,0.23706583722135788,0.21932811402129088,132728.0700402698,1179.9176117685988,133907.9876520384,3375,47,1135.047619047619,38,4,14,33.0909797822706,0.6439144736842104,42.387820512820525,1030.44871794872,27.117071524966317,0
3554,4,0,0,42,0.0,0.0,1.0,42,1350,1100,250,0.8148148148148148,16,11,5,354.5352515049482,0.7799554781262098,0.23314093314093287,0.2166604314752464,132934.57031250026,1025.9982638889182,133960.56857638917,3376,48,1136.047619047619,39,3,14,33.04713804713806,0.6442307692307692,42.187500000000014,1031.250000000002,26.442307692307743,0
3555,4,0,1,41,0.0,0.023809523809523808,0.9761904761904762,42,1100,800,300,0.7272727272727273,14,8,6,353.2738388214192,0.7791085946573751,0.23125198372623146,0.2162000959214894,132988.28667534742,996.2565104166905,133984.5431857641,3377,49,1137.047619047619,39,3,14,33.025735541641446,0.6447649572649572,42.13541666666668,1031.458333333335,26.447649572649617,0
3556,4,0,0,41,0.0,0.0,1.0,41,900,400,500,0.4444444444444444,14,4,10,357.8739831941796,0.7724085365853659,0.22729179830658408,0.2182986054250213,132865.71905361983,1309.8368215355586,134175.55587515538,3378,50,1164.439024390244,38,3,14,33.0302245250432,0.6452850877192982,42.25427350427351,1030.9829059829071,27.131129104813347,0
3557,4,0,0,41,0.0,0.0,1.0,41,1100,800,300,0.7272727272727273,14,8,6,356.1635316571131,0.7707825203252032,0.22600009095181006,0.21789624427235607,132975.88962853418,1272.232495069064,134248.12212360324,3379,51,1165.439024390244,38,3,14,32.96366790967474,0.6463815789473681,42.14743589743591,1031.4102564102589,27.14237516869102,0
3558,4,0,0,41,0.0,0.0,1.0,41,1100,800,300,0.7272727272727273,14,8,6,356.7686431850621,0.7686483739837399,0.23223753976670203,0.2192356929495995,133141.23109796204,1300.1232741617548,134441.35437212378,3380,52,1166.439024390244,38,3,14,32.78209109730849,0.6480263157894736,41.987179487179496,1032.0512820512834,27.159244264507457,0
3559,4,0,0,41,0.0,0.0,1.0,41,1400,1000,400,0.7142857142857143,18,10,8,359.27978933215604,0.7686483739837399,0.22838596349539597,0.22143366607818624,133251.51581561854,1374.9153060851945,134626.43112170373,3381,53,1167.439024390244,38,3,14,32.60662424116998,0.6491228070175438,41.88034188034189,1032.478632478634,27.170490328385103,0
3560,4,1,1,41,0.023809523809523808,0.023809523809523808,0.9761904761904762,42,1000,500,500,0.5,15,5,10,351.4909927586548,0.7744870305845916,0.22050753964253245,0.21776634335871978,133445.31385633704,980.9651692708543,134426.2790256079,3382,0,1140.6190476190477,39,3,14,32.61343969486171,0.6493055555555554,41.69270833333334,1033.2291666666686,26.493055555555603,0
3561,4,0,0,41,0.0,0.0,1.0,41,900,700,200,0.7777777777777778,11,7,4,358.0697527803077,0.7692581300813008,0.22906344288929015,0.22134388554220058,133361.84619037196,1350.5686591423905,134712.41484951435,3383,55,1169.439024390244,38,3,14,32.52719452489313,0.650219298245614,41.77350427350428,1032.9059829059838,27.18173639226273,0
3562,4,0,0,41,0.0,0.0,1.0,41,1100,800,300,0.7272727272727273,14,8,6,346.5650166871448,0.7695630081300813,0.17229068177970697,0.21186777112609328,132948.34270445266,1020.3251698444212,133968.66787429707,3384,56,1170.439024390244,38,3,16,33.23880313546739,0.6461074561403508,42.17414529914531,1031.3034188034203,27.139563652721588,2
3563,4,0,0,41,0.0,0.0,1.0,41,650,400,250,0.6153846153846154,9,4,5,347.3508438587944,0.7688008130081301,0.17590080189179758,0.2125047558056276,132975.88962853403,1037.8574950690502,134013.74712360307,3385,57,1171.439024390244,38,3,16,33.19090532421794,0.6463815789473684,42.147435897435905,1031.4102564102577,27.142375168690993,0
3564,4,0,0,41,0.0,0.0,1.0,41,1100,700,400,0.6363636363636364,15,7,8,348.24323763135385,0.7686991869918699,0.17622304847737835,0.21336527300560612,133030.99203740232,1065.4286744831693,134096.4207118855,3386,58,1172.439024390244,38,3,16,33.112615644849484,0.6469298245614035,42.0940170940171,1031.6239316239319,27.147998200629786,0
3565,4,0,0,41,0.0,0.0,1.0,41,1150,800,350,0.6956521739130435,15,8,7,342.8935092232217,0.7693089430894309,0.1571174890342557,0.20793579974404428,132645.5148750823,905.2892605376671,133550.80413561995,3387,59,1173.439024390244,38,3,15,33.63734183779299,0.6430921052631577,42.46794871794872,1030.128205128206,27.10863697705805,4
3566,4,0,0,41,0.0,0.0,1.0,41,750,400,350,0.5333333333333333,11,4,7,342.6431416049895,0.7683943089430895,0.15610565144730937,0.2085475323068351,132783.1210849041,899.4451521294638,133682.56623703355,3388,60,1174.439024390244,38,3,16,33.50566670121971,0.6444627192982455,42.33440170940172,1030.6623931623944,27.122694556905117,0
3567,4,0,0,41,0.0,0.0,1.0,41,600,400,200,0.6666666666666666,8,4,4,344.15399071115996,0.7671747967479675,0.15719449007961583,0.20992958346161167,132865.71905361983,945.2534882022243,133810.97254182206,3389,61,1175.439024390244,38,3,16,33.38385146804837,0.6452850877192982,42.25427350427351,1030.9829059829071,27.131129104813347,0
3568,4,1,1,41,0.023809523809523808,0.023809523809523808,0.9761904761904762,42,1200,800,400,0.6666666666666666,16,8,8,337.6156301980557,0.7732771970576848,0.15172827697443703,0.20755595280214617,133157.36747306504,591.2017069865921,133748.56918005162,3390,0,1148.4285714285713,40,2,18,33.26010076145464,0.6447916666666667,41.97154471544716,1032.113821138212,25.8028455284553,0
3569,4,0,0,41,0.0,0.0,1.0,41,1100,900,200,0.8181818181818182,13,9,4,342.8454357306718,0.7671747967479675,0.15363095472634836,0.21012012348246145,133042.01388888905,922.569444444464,133964.58333333352,3391,63,1177.439024390244,39,2,18,33.24077813677976,0.6452991452991452,42.08333333333334,1031.666666666668,26.45299145299149,0
3570,4,0,0,41,0.0,0.0,1.0,41,1200,1000,200,0.8333333333333334,14,10,4,342.3165814539126,0.7669207317073171,0.15353027054041601,0.21024986810067686,133122.62505425376,914.0163845486453,134036.6414388024,3392,64,1178.439024390244,39,2,19,33.173618821708565,0.6461004273504272,42.00520833333335,1031.979166666669,26.461004273504333,0
3571,4,0,0,41,0.0,0.0,1.0,41,1300,800,500,0.6153846153846154,18,8,10,342.48209412129285,0.7665650406504065,0.1553568289166789,0.21073484265712886,133190.45970529408,923.0695113693469,134113.52921666342,3393,65,1179.439024390244,41,0,19,33.101373538362964,0.6435467479674797,41.93948412698412,1032.2420634920627,25.176635694928358,0
3572,4,0,0,41,0.0,0.0,1.0,41,750,500,250,0.6666666666666666,10,5,5,340.8549194827629,0.7658536585365854,0.1529205032684331,0.21045668516106536,133318.49666950112,888.4530895691605,134206.9497590703,3394,66,1180.439024390244,41,0,19,33.01512968299711,0.6448170731707317,41.81547619047619,1032.7380952380952,25.188734030197445,0
3573,4,1,1,41,0.023809523809523808,0.023809523809523808,0.9761904761904762,42,650,300,350,0.46153846153846156,10,3,7,333.3887413828335,0.7716560201316299,0.14573470257411647,0.2068474747481415,133498.47690073718,501.5549922874304,134000.0318930246,3395,0,1153.3095238095239,40,2,19,33.02787065263709,0.6481770833333333,41.64126016260163,1033.434959349595,25.835873983739873,0
3574,4,0,0,41,0.0,0.0,1.0,41,650,400,250,0.6153846153846154,9,4,5,340.81139108533444,0.7653455284552846,0.1158764616815946,0.20123998796010378,131637.3803117305,797.9062696572345,132435.2865813877,3396,68,1182.439024390244,37,4,16,34.70489635644832,0.6348536036036037,43.4484649122807,1026.206140350877,27.735301090564242,6
3575,4,1,2,40,0.023809523809523808,0.047619047619047616,0.9523809523809523,42,1000,900,100,0.9,11,9,2,333.0127863048488,0.7748257839721254,0.10489114019320955,0.19830241274883767,131958.5539141828,388.7771431441179,132347.3310573269,3397,0,1155.2619047619048,38,4,17,34.58177359536932,0.6362390350877194,43.135683760683754,1027.457264957264,27.038349077822737,0
3576,4,1,0,41,0.024390243902439025,0.0,1.0,41,1000,600,400,0.6,14,6,8,341.8485552021423,0.7739837398373983,0.11541574811757083,0.20365307125233778,131975.1645337988,823.1038636888167,132798.2683974876,3398,0,1179.3170731707316,37,4,19,34.33809536513358,0.6382319819819819,43.119517543859644,1027.5219298245606,27.77086296823137,0
3577,4,0,0,41,0.0,0.0,1.0,41,1000,800,200,0.8,12,8,4,340.0674804016355,0.7741869918699187,0.11314825605593937,0.2033464729748554,132116.0357032932,785.6734764542779,132901.70917974747,3399,1,1180.3170731707316,37,4,19,34.2421252844141,0.6396396396396398,42.98245614035087,1028.0701754385955,27.785680417259336,0
3578,4,0,0,41,0.0,0.0,1.0,41,1000,800,200,0.8,12,8,4,337.46046748776143,0.7737804878048781,0.10342294324480417,0.20256043522270342,132260.59701219943,726.5445795894348,132987.14159178888,3400,2,1181.3170731707316,38,3,19,34.16381041407008,0.6392543859649124,42.841880341880334,1028.6324786324774,27.06927575348625,0
3579,4,0,0,41,0.0,0.0,1.0,41,600,300,300,0.5,9,3,6,338.1191065484286,0.7738821138211383,0.09881619229524241,0.20239986056637596,132156.90239800356,736.9547526041715,132893.85715060774,3401,3,1182.3170731707316,39,2,17,34.2511101543241,0.6364850427350428,42.942708333333336,1028.2291666666672,26.36485042735044,2
3580,4,0,0,41,0.0,0.0,1.0,41,900,600,300,0.6666666666666666,12,6,6,343.242947277534,0.7728658536585366,0.1033788772635118,0.20634270178090064,132317.61203341992,883.4174262152536,133201.02945963517,3402,4,1183.3170731707316,39,2,18,33.9577849211974,0.6380876068376069,42.78645833333332,1028.854166666665,26.380876068376022,0
3581,4,1,1,41,0.023809523809523808,0.023809523809523808,0.9761904761904762,42,200,100,100,0.5,3,1,2,336.25290191846557,0.7829800619434766,0.10055586831601326,0.2030275560200946,132482.65241468523,509.6085078461608,132992.2609225314,3403,0,1156.1190476190477,37,5,18,33.9718242979373,0.6432995495495495,42.62609649122807,1029.4956140350873,27.82420578473209,0
3582,4,0,0,41,0.0,0.0,1.0,41,1400,1200,200,0.8571428571428571,16,12,4,342.080676621482,0.7717479674796748,0.10388071492050965,0.20608274908660024,132398.00347222228,858.1597222222267,133256.1631944445,3404,6,1185.3170731707316,36,5,18,33.90688259109312,0.6443865740740742,42.708333333333336,1029.166666666667,28.587962962962973,0
3583,4,0,0,41,0.0,0.0,1.0,41,800,500,300,0.625,11,5,6,341.8222893723992,0.771239837398374,0.10226289716300063,0.20639031993038284,132482.65241468514,857.10471010309,133339.75712478824,3405,7,1186.3170731707316,37,4,18,33.828482799020115,0.6432995495495495,42.62609649122806,1029.4956140350866,27.824205784732072,0
3584,4,1,1,41,0.023809523809523808,0.023809523809523808,0.9761904761904762,42,1350,800,550,0.5925925925925926,19,8,11,331.7175008044357,0.7744144405729771,0.09782930585169392,0.20204611412633786,132810.6508875738,411.1234385272666,133221.77432610106,3406,0,1159.047619047619,38,4,15,33.75958747927031,0.6447368421052633,42.3076923076923,1030.7692307692296,27.12550607287446,0
3585,4,0,0,41,0.0,0.0,1.0,41,700,500,200,0.7142857142857143,9,5,4,337.30196021385495,0.7692073170731707,0.09781012047192217,0.2050429380394441,132736.7615516311,754.4739727608351,133491.23552439193,3407,9,1188.3170731707316,37,4,15,33.68979215435909,0.6458333333333334,42.379385964912274,1030.4824561403495,27.85087719298242,0
3586,4,0,0,41,0.0,0.0,1.0,41,1050,900,150,0.8571428571428571,12,9,3,335.452008399885,0.769359756097561,0.09506304247244834,0.20417069558572148,132783.12108490372,708.4729299071965,133491.59401481092,3408,10,1189.3170731707316,38,3,15,33.69095746518779,0.6444627192982457,42.334401709401696,1030.6623931623913,27.12269455690503,0
3587,4,0,0,41,0.0,0.0,1.0,41,650,500,150,0.7692307692307693,8,5,3,335.452008399885,0.769359756097561,0.09506304247244834,0.20417069558572148,132783.12108490372,708.4729299071965,133491.59401481092,3409,11,1190.3170731707316,38,3,15,33.69095746518779,0.6444627192982457,42.334401709401696,1030.6623931623913,27.12269455690503,0
3588,4,1,1,41,0.023809523809523808,0.023809523809523808,0.9761904761904762,42,1300,800,500,0.6153846153846154,18,8,10,330.2532467869221,0.7783101045296167,0.10220046431815888,0.2028406023507773,133122.62505425353,392.8358289930597,133515.4608832466,3410,0,1162.952380952381,39,3,17,33.48484657313012,0.6461004273504274,42.005208333333336,1031.979166666667,26.46100427350428,0
3589,4,0,0,41,0.0,0.0,1.0,41,1350,900,450,0.6666666666666666,18,9,9,334.09878134541356,0.7664634146341464,0.09375268322987651,0.2050016537632785,133086.10586054492,692.7811564029486,133778.88701694788,3411,1,1192.0243902439024,38,3,17,33.42220611582799,0.6474780701754386,42.04059829059829,1031.8376068376065,27.153621232568593,0
3590,4,0,0,41,0.0,0.0,1.0,41,1300,1000,300,0.7692307692307693,16,10,6,328.90528451843556,0.7664634146341464,0.09438717938362795,0.18462933603886125,129680.91699932264,330.54778045475126,130011.4647797774,3412,2,1193.0243902439024,41,0,18,36.98692818414985,0.6084857723577237,45.36210317460316,1018.5515873015854,24.842721641502084,6
3591,4,2,0,43,0.046511627906976744,0.0,1.0,43,1150,700,450,0.6086956521739131,16,7,9,316.1822425364188,0.7798080472499077,0.10196481204175534,0.17992672703577203,130214.25637769744,-365.7128816574901,129848.54349603996,3413,0,1138.4883720930231,43,0,21,36.77127791179561,0.6109496124031009,44.83901515151515,1020.6439393939395,23.735905567300918,0
3592,4,1,1,43,0.022727272727272728,0.022727272727272728,0.9772727272727273,44,1150,900,250,0.782608695652174,14,9,5,310.62351617193474,0.7871740662438337,0.09299370545888674,0.177812504815506,130444.20070725087,-696.156872350958,129748.04383489992,3414,0,1113.590909090909,40,4,21,36.68092585223503,0.6177083333333333,44.61382113821138,1021.5447154471537,25.538617886178844,0
3593,4,1,1,43,0.022727272727272728,0.022727272727272728,0.9772727272727273,44,1050,300,750,0.2857142857142857,18,3,15,312.05638635739956,0.7871079985905568,0.09311960607825465,0.17919759711560365,130566.58340419494,-651.1727607709861,129915.41064342395,3415,0,1114.5681818181818,41,3,14,36.52082119976702,0.6173780487804879,44.49404761904761,1022.023809523809,24.927409988385584,0
3594,4,1,1,43,0.022727272727272728,0.022727272727272728,0.9772727272727273,44,1400,900,500,0.6428571428571429,19,9,10,318.9384480734693,0.7877906976744187,0.09854656545084217,0.18423385647538032,130794.81336805546,-456.9010416666759,130337.91232638879,3416,0,1115.5454545454545,41,3,16,36.11464697895451,0.6196646341463414,44.27083333333333,1022.9166666666658,24.949186991869897,0
3595,4,0,0,43,0.0,0.0,1.0,43,1250,900,350,0.72,16,9,7,324.91916448486836,0.7822074566260613,0.09155256806442158,0.18756531835604653,130769.44464128236,-102.10026140086302,130667.3443798815,3417,1,1142.4186046511627,41,2,18,35.987310054962826,0.619410569105691,44.29563492063492,1022.8174603174597,24.94676732481609,0
3596,4,0,0,43,0.0,0.0,1.0,43,1250,1000,250,0.8,15,10,5,323.80546004916874,0.7828995939461055,0.09776685567417087,0.18753808649113834,130896.31287989722,-123.01183783699383,130773.30104206022,3418,2,1143.4186046511627,41,2,18,35.88776458232349,0.6206808943089431,44.17162698412698,1023.3134920634913,24.958865660085152,0
3597,4,0,0,43,0.0,0.0,1.0,43,800,700,100,0.875,9,7,2,321.38155622340275,0.7818383167220376,0.09332080039492241,0.18637962425839502,130947.07739866783,-183.2048965419492,130763.87250212587,3419,3,1144.4186046511627,41,2,18,35.8985775903848,0.6211890243902438,44.12202380952381,1023.5119047619049,24.963704994192803,0
3598,4,2,1,44,0.044444444444444446,0.022222222222222223,0.9777777777777777,45,1450,1000,450,0.6896551724137931,19,10,9,314.2605943379638,0.7948232323232324,0.10376961100365367,0.18504866431973502,131531.57675107085,-731.8544894809729,130799.72226158988,3420,0,1094.5111111111112,41,4,19,35.492424242424235,0.6270325203252032,43.551587301587304,1025.793650793651,25.019357336430513,0
3599,4,0,0,44,0.0,0.0,1.0,44,1250,1200,50,0.96,13,12,1,314.49960096794507,0.7841129316420015,0.09418661906813597,0.18506609985245218,131506.13667052472,-528.2744984567814,130977.86217206794,3421,1,1120.3863636363637,41,3,19,35.51187655156851,0.6267784552845528,43.57638888888889,1025.6944444444448,25.016937669376702,0
3600,4,0,0,44,0.0,0.0,1.0,44,1200,900,300,0.75,15,9,6,317.8412045585454,0.7834302325581396,0.10335372284328193,0.18765693036264833,131633.36167800476,-432.29875283444443,131201.06292517032,3422,2,1121.3863636363637,41,3,15,35.298240525908746,0.6280487804878048,43.45238095238096,1026.190476190478,25.029036004645803,0
3601,4,1,0,45,0.022222222222222223,0.0,1.0,45,1150,900,250,0.782608695652174,14,9,5,319.34730519660764,0.7873737373737374,0.12438326891046758,0.1906199699617571,132049.1944312994,-566.0891209963122,131483.1053103031,3423,0,1097.4444444444443,42,3,16,34.84177115741178,0.6307043650793649,43.04748062015505,1027.8100775193816,24.47166851236623,0
3602,4,0,0,45,0.0,0.0,1.0,45,1000,600,400,0.6,14,6,8,318.4380873575262,0.7867424242424242,0.1274280688528704,0.1907034414807038,132173.71627306074,-582.1709182140293,131591.54535484672,3424,1,1098.4444444444443,42,3,17,34.74015265736902,0.6319444444444444,42.9263565891473,1028.2945736434126,24.483204134366968,0
3603,4,1,0,46,0.021739130434782608,0.0,1.0,46,1000,900,100,0.9,11,9,2,312.71548265350543,0.7907809983896941,0.12632582503928735,0.18851964744509725,132423.52966939108,-917.4421278304984,131506.08754156058,3425,0,1075.5434782608695,41,5,18,34.63684738955825,0.6359247967479674,42.683531746031754,1029.2658730158744,25.10404568331401,0
3604,4,0,0,46,0.0,0.0,1.0,46,1900,1300,600,0.6842105263157895,25,13,12,313.60176020474756,0.7895933977455717,0.1297397333690622,0.1902126564232537,132653.37616528117,-879.9335474930512,131773.44261778813,3426,1,1076.5434782608695,41,5,11,34.38382768361583,0.6382113821138211,42.46031746031747,1030.158730158732,25.12582268679834,0
3605,4,0,0,46,0.0,0.0,1.0,46,1400,1200,200,0.8571428571428571,16,12,4,310.54498072899526,0.7907407407407407,0.120208665519969,0.1890012773751337,132781.1547796202,-953.0957695578188,131828.0590100624,3427,2,1077.5434782608695,41,5,12,34.33469294446047,0.6394817073170731,42.336309523809526,1030.6547619047622,25.13792102206737,0
3606,4,0,1,45,0.0,0.021739130434782608,0.9782608695652174,46,950,800,150,0.8421052631578947,11,8,3,307.94804761661266,0.7907608695652174,0.11349775372079152,0.18806181004271877,132908.99490583278,-1014.1869016124926,131894.80800422028,3428,3,1078.5434782608695,41,5,12,34.273779744724514,0.6407520325203251,42.21230158730159,1031.1507936507942,25.150019357336443,0
3607,4,0,0,45,0.0,0.0,1.0,45,1300,900,400,0.6923076923076923,17,9,8,315.6474365697992,0.7860269360269361,0.10752023836909941,0.19228900595360235,132816.69439693657,-615.3501759864954,132201.34422095006,3429,6,1103.4444444444443,40,5,12,34.16765256827367,0.64140625,42.30182926829269,1030.792682926831,25.769817073170778,0
3608,4,0,0,45,0.0,0.0,1.0,45,1250,1100,150,0.88,14,11,3,315.2760784208871,0.7855218855218855,0.10722019684479012,0.19287142374283223,132973.8739031828,-615.303700674188,132358.57020250862,3430,7,1104.4444444444443,40,5,13,34.019977337668735,0.6429687499999999,42.149390243902445,1031.4024390243915,25.785060975609788,0
3609,4,0,0,45,0.0,0.0,1.0,45,850,600,250,0.7058823529411765,11,6,5,317.4700672183259,0.7849747474747475,0.10860645867542429,0.19434989036586317,133000.07952442346,-555.2911626677069,132444.78836175575,3431,8,1105.4444444444443,40,5,13,33.93719211822659,0.6432291666666666,42.123983739837406,1031.5040650406518,25.787601626016293,0
3610,4,1,0,46,0.021739130434782608,0.0,1.0,46,1000,700,300,0.7,13,7,6,313.3192194540095,0.7910628019323672,0.10745997281505426,0.18506120803722442,131648.6328125001,-871.2586598998475,130777.37415260024,3432,0,1082.391304347826,39,7,12,35.39890377588308,0.6314102564102564,43.43750000000001,1026.2500000000007,26.31410256410258,5
3611,4,0,0,46,0.0,0.0,1.0,46,1100,800,300,0.7272727272727273,14,8,6,317.2475046919552,0.7899557165861514,0.11319477219896679,0.1880402076818164,131782.29302300356,-838.4792751736023,130943.81374782995,3433,1,1083.391304347826,39,7,14,35.163779547529664,0.6327457264957265,43.30729166666667,1026.7708333333342,26.327457264957285,0
3612,4,0,1,45,0.0,0.021739130434782608,0.9782608695652174,46,800,500,300,0.625,11,5,6,318.6916453117879,0.789231078904992,0.11407586094365296,0.18916200669048272,131835.77609592018,-797.0079210069403,131038.76817491325,3434,2,1084.391304347826,39,7,14,35.0729663251851,0.6332799145299146,43.255208333333336,1026.979166666667,26.332799145299152,0
3613,4,0,0,45,0.0,0.0,1.0,45,1000,700,300,0.7,13,7,6,325.01415777226515,0.7797979797979798,0.12013411955139364,0.19256387522758742,131766.52444480968,-434.80280699831815,131331.72163781137,3435,3,1109.088888888889,38,7,14,34.980272285813385,0.6343201754385964,43.322649572649574,1026.7094017094016,27.018668466036885,0
3614,4,0,0,45,0.0,0.0,1.0,45,1000,800,200,0.8,12,8,4,325.0535778062691,0.7782828282828284,0.12319830481729466,0.1928025373053071,131809.03320312512,-431.0004340277627,131378.03276909736,3436,4,1110.088888888889,39,6,14,34.93651518225469,0.6330128205128205,43.28125000000001,1026.875000000001,26.33012820512823,0
3615,4,1,0,46,0.021739130434782608,0.0,1.0,46,1000,700,300,0.7,13,7,6,320.9188308538412,0.78347423510467,0.12630525022130157,0.1921335343537968,132162.78029777252,-717.2950128891508,131445.48528488338,3437,0,1086.9347826086957,40,6,16,34.687355867430966,0.6348958333333332,42.9369918699187,1028.2520325203254,25.706300813008134,0
3616,4,0,0,46,0.0,0.0,1.0,46,900,500,400,0.5555555555555556,13,5,8,320.53464625463823,0.7823067632850241,0.12598902090152286,0.19243485702191268,132267.29811124335,-720.749677771166,131546.54843347217,3438,1,1087.9347826086957,40,6,16,34.592348350128425,0.6359375,42.83536585365854,1028.6585365853662,25.716463414634156,0
3617,4,1,1,46,0.02127659574468085,0.02127659574468085,0.9787234042553191,47,1450,1200,250,0.8275862068965517,17,12,5,317.9966842856314,0.7885831020659883,0.12352644505767119,0.19209368972737398,132500.12302374662,-973.0800422020591,131527.04298154457,3439,0,1065.7659574468084,41,6,16,34.42418256568382,0.6366869918699187,42.60912698412699,1029.5634920634927,25.11130468447543,0
3618,4,0,0,46,0.0,0.0,1.0,46,950,700,250,0.7368421052631579,12,7,5,325.8563796450217,0.7819041867954911,0.12578820176248118,0.19658125487935835,132450.30369034645,-568.0447113160028,131882.25897903045,3440,3,1089.9347826086957,40,6,16,34.271851449633076,0.6377604166666666,42.65752032520326,1029.3699186991878,25.734247967479696,0
3619,4,0,0,46,0.0,0.0,1.0,46,1300,900,400,0.6923076923076923,17,9,8,327.300459918216,0.7815821256038648,0.12175930098320653,0.19772695047295455,132502.61423631775,-526.366684017444,131976.2475523003,3441,4,1090.9347826086957,40,6,17,34.182213009574575,0.63828125,42.60670731707317,1029.573170731708,25.7393292682927,0
3620,4,0,0,46,0.0,0.0,1.0,46,2000,1300,700,0.65,27,13,14,331.10235098281464,0.7817834138486313,0.1168920570788885,0.20086083374702549,132659.60784131486,-415.21839265647515,132244.3894486584,3442,5,1091.9347826086957,40,6,13,33.926868567294726,0.6398437499999999,42.45426829268293,1030.1829268292695,25.75457317073174,0
3621,4,0,0,46,0.0,0.0,1.0,46,1250,1000,250,0.8,15,10,5,331.6600027669007,0.7816223832528181,0.10675814118968274,0.20204368817205254,132816.69439693642,-390.00295376428824,132426.69144317214,3443,6,1092.9347826086957,40,6,14,33.75501166650234,0.64140625,42.301829268292686,1030.79268292683,25.76981707317075,0
3622,4,0,0,46,0.0,0.0,1.0,46,1400,700,700,0.5,21,7,14,336.98602183450674,0.7807165861513687,0.10412823891084755,0.20593590223219854,132934.5703125,-240.5815972222217,132693.98871527778,3444,7,1093.9347826086957,41,5,14,33.49957912457913,0.6410060975609756,42.1875,1031.25,25.152439024390244,0
3623,4,0,0,46,0.0,0.0,1.0,46,750,400,350,0.5333333333333333,11,4,7,335.10650887573973,0.7798510466988728,0.09640468227424726,0.20548984034833084,133062.4842529603,-281.97908793148395,132780.50516502882,3445,8,1094.9347826086957,41,5,15,33.41987179487179,0.6422764227642277,42.063492063492056,1031.7460317460307,25.164537359659285,0
3624,4,0,1,45,0.0,0.021739130434782608,0.9782608695652174,46,1050,700,350,0.6666666666666666,14,7,7,333.01875730124095,0.780072463768116,0.095252092263727,0.20453574194107355,133122.0000676041,-333.5753936061562,132788.42467399794,3446,9,1095.9347826086957,42,4,16,33.414123630672925,0.6413690476190477,42.00581395348837,1031.9767441860463,24.57087486157253,0
3625,4,0,0,45,0.0,0.0,1.0,45,850,600,250,0.7058823529411765,11,6,5,339.7392403518871,0.7740740740740741,0.09539378786421815,0.20818788216966833,133036.89654391835,39.570834120672885,133076.46737803903,3447,15,1121.088888888889,41,4,16,33.32602093149983,0.6420223577235773,42.088293650793645,1031.6468253968242,25.162117692605467,0
3626,4,1,1,45,0.021739130434782608,0.021739130434782608,0.9782608695652174,46,1250,1000,250,0.8,15,10,5,331.79114861374717,0.7772141706924316,0.09474409914577331,0.20488007311270653,133322.0706763414,-352.98340694671276,132969.0872693947,3448,0,1097.695652173913,42,4,16,33.24556671045225,0.6433531746031746,41.81201550387596,1032.7519379844948,24.589331856773686,0
3627,4,0,1,44,0.0,0.022222222222222223,0.9777777777777777,45,1200,900,300,0.75,15,9,6,341.5060336021399,0.7720959595959597,0.10074927953890533,0.2108587075799685,133318.49666950083,105.8142006802405,133424.31087018107,3449,17,1123.088888888889,41,4,16,32.99831892411143,0.6448170731707318,41.815476190476176,1032.7380952380927,25.18873403019738,0
3628,4,0,0,44,0.0,0.0,1.0,44,1050,800,250,0.7619047619047619,13,8,5,324.9572355074412,0.7702607470049331,0.11763552720999515,0.2040074485730835,133933.9303429708,-46.89980158727258,133887.03054138352,3450,18,1146.4318181818182,41,3,14,32.811002491853564,0.6509146341463412,41.22023809523811,1035.11904761905,25.246806039489023,5
3629,4,1,1,44,0.022222222222222223,0.022222222222222223,0.9777777777777777,45,1400,1100,300,0.7857142857142857,17,11,6,324.93885550711616,0.775547138047138,0.13401063741377883,0.20589727479289768,134274.45766480383,-273.80228051198196,134000.65538429187,3451,0,1121.9333333333334,42,3,15,32.47203004238345,0.6527777777777777,40.89147286821706,1036.4341085271321,24.677002583979338,0
3630,4,0,0,44,0.0,0.0,1.0,44,1500,1300,200,0.8666666666666667,17,13,4,327.90996903931114,0.7655699436222693,0.13521258540406467,0.20745121905606345,134216.47775140157,2.1842128055038756,134218.66196420707,3452,20,1148.4318181818182,41,3,15,32.45282830700494,0.6537093495934958,40.94742063492064,1036.2103174603183,25.273422377080934,0
3631,4,0,0,44,0.0,0.0,1.0,44,1200,1000,200,0.8333333333333334,14,10,4,329.06725740356205,0.7656139887244539,0.1369443791924414,0.20876889936914508,134319.2960778061,40.016475340134264,134359.31255314624,3453,21,1149.4318181818182,41,3,15,32.320377548090725,0.6547256097560975,40.848214285714285,1036.6071428571427,25.283101045296164,0
3632,4,0,0,44,0.0,0.0,1.0,44,800,300,500,0.375,13,3,10,330.4864701357025,0.7650193798449613,0.13995914571362134,0.2098704103854797,134354.35677800732,80.45942378328454,134434.8162017906,3454,22,1150.4318181818182,43,1,15,32.24866033369869,0.6521317829457365,40.81439393939394,1036.742424242424,24.110288935870326,0
3633,4,0,0,44,0.0,0.0,1.0,44,1300,1100,200,0.8461538461538461,15,11,4,333.1256904346778,0.7637861169837914,0.1402096653792475,0.21254784940946106,134526.76611797005,162.86436899865282,134689.6304869687,3455,23,1151.4318181818182,44,0,15,32.00847167678212,0.6524621212121211,40.64814814814816,1037.4074074074092,23.57744107744112,0
3634,4,0,0,44,0.0,0.0,1.0,44,650,300,350,0.46153846153846156,10,3,7,333.72185455613044,0.7644027484143764,0.1423711566016559,0.21322664485141832,134577.80083550335,182.32137211718907,134760.12220762053,3456,24,1152.4318181818182,39,5,15,31.94217866345415,0.6605235042735043,40.59895833333333,1037.6041666666656,26.605235042735014,0
3635,4,0,0,44,0.0,0.0,1.0,44,750,500,250,0.6666666666666666,10,5,5,334.36336161561314,0.7636099365750529,0.11572918196504611,0.20492170380204422,133042.01388888896,135.28917100695045,133177.3030598959,3457,25,1153.4318181818182,39,5,15,33.4595449649973,0.6452991452991453,42.083333333333336,1031.6666666666672,26.452991452991466,6
3636,4,1,1,44,0.022222222222222223,0.022222222222222223,0.9777777777777777,45,650,400,250,0.6153846153846154,9,4,5,329.9381677267425,0.7688131313131313,0.11295913569311855,0.2035520171385204,133288.51176754906,-204.60652967810205,133083.90523787096,3458,0,1128.7777777777778,40,5,15,33.32697733162747,0.6460937500000001,41.84451219512195,1032.621951219512,25.815548780487802,0
3637,4,1,0,45,0.022222222222222223,0.0,1.0,45,1450,1100,350,0.7586206896551724,18,11,7,340.2130186173375,0.771422558922559,0.1616285591738429,0.20159367314316498,131771.2064268128,-33.81750280917049,131737.38892400364,3459,0,1129.7555555555555,40,5,15,34.5854366689762,0.6309895833333332,43.31808943089431,1026.7276422764232,25.66819105691058,5
3638,4,1,1,45,0.021739130434782608,0.021739130434782608,0.9782608695652174,46,1500,1100,400,0.7333333333333333,19,11,8,335.427319211103,0.7794685990338165,0.15963572267920068,0.20017436791630341,132040.89506172843,-341.9753086419724,131698.91975308646,3460,0,1106.1739130434783,41,5,16,34.43693693693694,0.6321138211382114,43.05555555555556,1027.777777777778,25.067750677506783,0
3639,4,0,1,44,0.0,0.022222222222222223,0.9777777777777777,45,1600,1100,500,0.6875,21,11,10,342.8639434903247,0.7697390572390573,0.15891283809021628,0.20470637098353853,132058.3037956904,55.60616200674258,132113.90995769712,3461,2,1131.7555555555555,40,5,16,34.22833860655197,0.6338541666666667,43.03861788617886,1027.8455284552845,25.696138211382113,0
3640,4,1,0,45,0.022222222222222223,0.0,1.0,45,1700,1400,300,0.8235294117647058,20,14,6,340.1137537084694,0.7800505050505051,0.17453891138101718,0.20489779796583374,132398.00347222202,6.512740432257402,132404.51621265427,3462,0,1129.7333333333333,40,5,18,33.95748987854252,0.6372395833333335,42.70833333333332,1029.166666666665,25.72916666666662,0
3641,4,0,0,45,0.0,0.0,1.0,45,1700,1300,400,0.7647058823529411,21,13,8,342.19526189069484,0.7803451178451178,0.19075941202430657,0.1975317622871685,130768.17626953141,-11.287434895819388,130756.8888346356,3463,1,1130.7333333333333,39,6,16,35.54683521743558,0.6225961538461537,44.29687500000001,1022.8125000000013,26.225961538461572,4
3642,4,0,0,45,0.0,0.0,1.0,45,1200,1000,200,0.8333333333333334,14,10,4,340.22907404853083,0.7803030303030304,0.1893955845095907,0.19707608628848877,130901.38888888899,-92.70833333332433,130808.68055555566,3464,2,1131.7333333333333,39,6,17,35.462472855591734,0.6239316239316239,44.16666666666667,1023.3333333333342,26.23931623931626,0
3643,4,0,0,45,0.0,0.0,1.0,45,1200,900,300,0.75,15,9,6,341.4014107849244,0.7800505050505051,0.18539398256504191,0.1981660758289106,130981.34901258702,-56.55653211803093,130924.79248046898,3465,3,1132.7333333333333,39,6,17,35.35168837556393,0.6247329059829059,44.08854166666668,1023.6458333333351,26.247329059829106,0
3644,4,0,0,45,0.0,0.0,1.0,45,950,300,650,0.3157894736842105,16,3,13,339.6428219971114,0.7797558922558923,0.18488454887600425,0.19769263369174697,131088.00048828142,-95.38031684026254,130992.62017144116,3466,4,1133.7333333333333,39,6,17,35.28898806496456,0.6258012820512819,43.98437500000001,1024.0625000000014,26.258012820512857,0
3645,4,0,0,45,0.0,0.0,1.0,45,1350,900,450,0.6666666666666666,18,9,9,338.57467861653754,0.7804713804713805,0.18918143517106634,0.19789418381169813,131248.05908203125,-112.54611545138812,131135.51296657987,3467,5,1134.7333333333333,39,6,19,35.15479397512792,0.6274038461538463,43.828125,1024.6875,26.27403846153846,0
3646,4,0,0,45,0.0,0.0,1.0,45,900,600,300,0.6666666666666666,12,6,6,337.04952819983004,0.7791666666666667,0.1905523370712925,0.19727723426282726,131301.43364800338,-148.9827473958382,131152.45090060754,3468,6,1135.7333333333333,39,6,19,35.1400252396924,0.6279380341880343,43.776041666666664,1024.8958333333328,26.27938034188033,0
3647,4,1,0,46,0.021739130434782608,0.0,1.0,46,800,600,200,0.75,10,6,4,335.49811217546335,0.7885265700483092,0.20245357129927988,0.19848927720331563,131711.6845642484,-362.1902701017101,131349.4942941467,3469,0,1112.0217391304348,38,8,18,34.76638391618095,0.6337719298245617,43.37606837606836,1026.4957264957243,27.013045434098007,0
3648,4,0,0,46,0.0,0.0,1.0,46,1500,1100,400,0.7333333333333333,19,11,8,335.55468689937766,0.7874798711755234,0.20017192236347991,0.19880891128871853,131766.5244448095,-357.0250292205668,131409.49941558894,3470,1,1113.0217391304348,38,8,18,34.70972077696842,0.6343201754385965,43.32264957264956,1026.7094017094,27.018668466036843,0
3649,4,0,0,46,0.0,0.0,1.0,46,1300,900,400,0.6923076923076923,17,9,8,335.40988507394735,0.7872383252818036,0.2015138015097313,0.19915350371932372,131848.8056674152,-355.3214487910237,131493.4842186242,3471,2,1114.0217391304348,38,8,18,34.630621727521756,0.6351425438596492,43.242521367521356,1027.0299145299127,27.027103013945073,0
3650,4,0,0,46,0.0,0.0,1.0,46,1400,1200,200,0.8571428571428571,16,12,4,335.87350364080993,0.7872584541062803,0.20419504874862726,0.20029555062126134,132013.44515897782,-332.03632935205565,131681.40882962575,3472,3,1115.0217391304348,38,8,19,34.45307897563849,0.6367872807017545,43.08226495726495,1027.6709401709386,27.04397210976154,0
3651,4,0,0,46,0.0,0.0,1.0,46,1350,1100,250,0.8148148148148148,16,11,5,333.92849963525134,0.7868961352657005,0.2013992743833839,0.19971373225543956,132123.2618913908,-376.0554779384994,131747.2064134523,3473,4,1116.0217391304348,38,8,19,34.392644359001004,0.6378837719298246,42.975427350427346,1028.09829059829,27.05521817363921,0
3652,4,0,0,46,0.0,0.0,1.0,46,900,500,400,0.5555555555555556,13,5,8,323.7778801736174,0.7873590982286635,0.18896685359779974,0.1835852241828483,130073.61218278467,-777.0083161865512,129296.60386659812,3474,5,1117.0217391304348,44,2,16,36.71976642159089,0.6081912878787878,44.976851851851855,1020.0925925925928,23.183922558922564,6
3653,4,2,1,47,0.041666666666666664,0.020833333333333332,0.9791666666666666,48,950,500,450,0.5263157894736842,14,5,9,315.8031268546626,0.7943631796690307,0.20541890556482056,0.18151112626566682,130601.15089101222,-1350.7381129264177,129250.4127780858,3475,0,1071.4375,43,5,16,36.39020134642703,0.6148255813953489,44.460227272727266,1022.1590909090894,23.77114164904859,0
3654,4,0,0,47,0.0,0.0,1.0,47,950,500,450,0.5263157894736842,14,5,9,319.98999512028547,0.7929386370644464,0.19095677142228662,0.18243069732142,130286.2182784635,-1059.9250386511117,129226.29323981238,3476,1,1095.2340425531916,44,3,18,36.60136646713829,0.6103219696969697,44.76851851851851,1020.9259259259246,23.202861952861923,1
3655,4,1,1,47,0.020833333333333332,0.020833333333333332,0.9791666666666666,48,1500,1100,400,0.7333333333333333,19,11,8,317.65716964821837,0.8004026300236406,0.19709806266796615,0.18283510830287805,130655.86704637932,-1299.2454152226528,129356.62163115667,3477,0,1073.3958333333333,45,3,15,36.28759856472047,0.6127314814814815,44.40670289855072,1022.3731884057962,22.719404186795472,0
3656,4,1,0,48,0.020833333333333332,0.0,1.0,48,1450,1000,450,0.6896551724137931,19,10,9,318.234813496618,0.8063682033096926,0.21070142823418392,0.18415883469558336,130864.31421970132,-1270.8838741861327,129593.4303455152,3478,0,1071.1666666666667,45,3,17,36.06254426345609,0.6148148148148149,44.20289855072462,1023.1884057970981,22.737520128824404,0
3657,4,3,2,49,0.058823529411764705,0.0392156862745098,0.9607843137254902,51,1300,700,600,0.5384615384615384,19,7,12,303.44741441191803,0.8201307189542485,0.216526196889391,0.17863817352771177,131522.32552800738,-2213.8757342717395,129308.44979373564,3479,0,1009.0980392156863,43,8,20,35.77901895617922,0.624031007751938,43.56060606060606,1025.757575757576,23.854827343199442,0
3658,4,1,0,50,0.02,0.0,1.0,50,1200,700,500,0.5833333333333334,17,7,10,311.4691907322226,0.8153061224489796,0.22117502597525251,0.18350163173522804,131551.69390548972,-1805.1400719607886,129746.55383352893,3480,0,1030.26,42,8,22,35.54378797896794,0.6257440476190474,43.53197674418606,1025.872093023258,24.425526024363286,0
3659,4,0,0,50,0.0,0.0,1.0,50,1400,900,500,0.6428571428571429,19,9,10,310.3600676791919,0.8143707482993197,0.21450151057401734,0.18344496857466575,131675.981010757,-1826.6067243554644,129849.37428640155,3481,1,1031.26,42,8,17,35.44735020140988,0.6269841269841268,43.410852713178315,1026.3565891472904,24.437061646364057,0
3660,4,0,0,50,0.0,0.0,1.0,50,1050,500,550,0.47619047619047616,16,5,11,313.285525097542,0.8147448979591837,0.215043412608531,0.18565846890008733,131775.4529475395,-1743.3316056727072,130032.1213418668,3482,2,1032.26,42,8,17,35.27235120171133,0.6279761904761902,43.31395348837211,1026.7441860465142,24.446290143964625,0
3661,4,0,0,50,0.0,0.0,1.0,50,1350,1000,350,0.7407407407407407,17,10,7,310.51351785030954,0.8148469387755102,0.2111561866125755,0.18443754734964213,131862.5217013893,-1810.980902777738,130051.54079861158,3483,3,1033.26,43,7,17,35.25608519269778,0.6274224806201548,43.229166666666686,1027.0833333333367,23.88565891472876,0
3662,4,1,1,50,0.0196078431372549,0.0196078431372549,0.9803921568627451,51,1300,900,400,0.6923076923076923,17,9,8,311.4993656737903,0.8190849673202615,0.22771345438219304,0.18685025341922312,132234.91589378566,-1961.7815158317358,130273.13437795392,3484,0,1013.9803921568628,45,6,19,34.857166446499356,0.6284722222222221,42.86684782608697,1028.532608695654,22.856280193236756,0
3663,4,1,2,49,0.0196078431372549,0.0392156862745098,0.9607843137254902,51,1550,1100,450,0.7096774193548387,20,11,9,310.57838402792294,0.8191176470588236,0.22649933443483894,0.18652769473321665,132281.50208891282,-1983.244968887811,130298.25712002501,3485,0,1014.843137254902,45,6,20,34.83415147779636,0.628935185185185,42.82155797101451,1028.7137681159445,22.8603059581321,0
3664,4,0,0,49,0.0,0.0,1.0,49,2050,1600,450,0.7804878048780488,25,16,9,322.97281529338215,0.8130668934240363,0.2226122975205369,0.1934452179410279,132178.81159786787,-1261.9674192206132,130916.84417864725,3486,1,1044.1224489795918,43,6,20,34.61846164471867,0.6305717054263567,42.921401515151516,1028.3143939393938,23.914288231148692,0
3665,4,0,0,49,0.0,0.0,1.0,49,1100,900,200,0.8181818181818182,13,9,4,327.06500192377865,0.8126062925170068,0.22972945046563287,0.1964017200606967,132276.20778990167,-1147.4163689451457,131128.79142095652,3487,2,1045.1224489795918,43,6,20,34.41546610819603,0.6315406976744187,42.82670454545454,1028.6931818181804,23.92309725158559,0
3666,4,0,0,49,0.0,0.0,1.0,49,1300,1100,200,0.8461538461538461,15,11,4,326.1109255537873,0.8128188775510204,0.23155293220628637,0.19633503756193943,132373.63985200017,-1166.301957788102,131207.33789421208,3488,3,1046.1224489795918,43,6,20,34.34221726327415,0.6325096899224807,42.73200757575758,1029.07196969697,23.93190627202256,0
3667,4,1,1,49,0.02,0.02,0.98,50,1650,1200,450,0.7272727272727273,21,12,9,318.77140758863334,0.8170068027210884,0.23311759607050053,0.1932167848799051,132627.82782383764,-1544.401402197437,131083.4264216402,3489,0,1026.18,41,9,15,34.276280939998074,0.6379573170731708,42.48511904761904,1030.059523809522,25.12340301974444,0
3668,4,0,0,49,0.0,0.0,1.0,49,1050,800,250,0.7619047619047619,13,8,5,325.3898130153746,0.8104804421768708,0.23505643868285642,0.19670940247444949,132528.7733822459,-1175.2974419988152,131353.4759402471,3490,5,1048.1224489795918,40,9,20,34.205158573496526,0.6385416666666668,42.58130081300813,1029.6747967479666,25.741869918699166,0
3669,4,1,0,50,0.02,0.0,1.0,50,1500,1100,400,0.7333333333333333,19,11,8,327.2600464057256,0.814438775510204,0.2457938718662951,0.1873358762226852,130444.2007072509,-1458.8187421508449,128985.38196510005,3491,0,1028.14,40,10,16,36.256051863642384,0.6177083333333333,44.61382113821138,1021.544715447154,25.538617886178848,7
3670,4,0,1,49,0.0,0.02,0.98,50,1450,1000,450,0.6896551724137931,19,10,9,321.9365754389716,0.8160204081632653,0.24063145918270634,0.18483751013363253,130559.5096918002,-1593.6237117661353,128965.88598003406,3492,1,1029.14,42,8,14,36.27552068518693,0.6158234126984128,44.500968992248055,1021.9961240310064,24.333241048357294,0
3671,4,1,0,50,0.02,0.0,1.0,50,1400,1000,400,0.7142857142857143,18,10,8,326.70848898210727,0.818469387755102,0.2520394238059138,0.18817838295519643,130683.32732407918,-1460.9295189591853,129222.39780512,3493,0,1029.98,42,8,15,36.028517500631814,0.6170634920634919,44.379844961240316,1022.4806201550394,24.344776670358083,0
3672,4,0,0,50,0.0,0.0,1.0,50,1100,700,400,0.6363636363636364,15,7,8,329.5807660215542,0.8191836734693877,0.24613489958317492,0.1903202716697775,130782.42368247132,-1379.3257241151073,129403.09795835621,3494,1,1030.98,42,8,15,35.85500347353795,0.6180555555555554,44.28294573643412,1022.8682170542661,24.354005167958718,0
3673,4,0,1,49,0.0,0.02,0.98,50,1100,400,700,0.36363636363636365,18,4,14,323.06681028578066,0.8185034013605442,0.2154259173246631,0.18237096028979702,129900.32717982383,-1605.5670039550705,128294.76017586875,3495,2,1031.98,43,7,15,36.91331862517417,0.6078003875968992,45.146780303030305,1019.412878787879,23.707276250880906,3
3674,4,0,0,49,0.0,0.0,1.0,49,1750,1100,650,0.6285714285714286,24,11,13,327.1944728738975,0.8182043650793651,0.21916188097887845,0.18536324119863526,130040.1164668589,-1290.3185280331754,128749.79793882572,3496,3,1030.6530612244899,42,7,16,36.666547913104054,0.6106150793650793,45.00968992248062,1019.9612403100771,24.284791435954215,0
3675,4,1,2,48,0.02,0.04,0.96,50,1300,900,400,0.6923076923076923,17,9,8,321.7943850285895,0.8240306122448979,0.21429167852737452,0.18381523164315985,130361.52354313123,-1609.8886034493296,128751.6349396819,3497,0,1011.02,42,8,16,36.47918841129772,0.6138392857142858,44.694767441860456,1021.2209302325566,24.31478405315611,0
3676,4,1,1,48,0.02040816326530612,0.02040816326530612,0.9795918367346939,49,1150,700,450,0.6086956521739131,16,7,9,324.83930211202943,0.824156746031746,0.2227058655630081,0.18580808080808067,130414.54081632632,-1327.2463151927666,129087.29450113355,3498,0,1031.061224489796,41,8,17,36.347853535353515,0.6158536585365855,44.64285714285713,1021.4285714285697,24.912891986062675,0
3677,4,2,1,49,0.04,0.02,0.98,50,1150,700,450,0.6086956521739131,16,7,9,322.0165888578848,0.8296938775510204,0.23930421909696542,0.1867143397197434,130940.15438475658,-1567.019628099183,129373.1347566574,3499,0,1010.68,43,7,16,35.889310387367374,0.6182170542635659,44.128787878787875,1023.4848484848478,23.801973220577857,0
3678,4,0,0,49,0.0,0.0,1.0,49,1200,700,500,0.5833333333333334,17,7,10,328.99572842046615,0.8228103741496599,0.24106333507927213,0.19034881624064132,130856.77059859691,-1189.7362876329507,129667.03431096395,3500,1,1032.2857142857142,42,7,17,35.79489850680303,0.6187996031746031,44.21027131782946,1023.1589147286827,24.360926541159113,0
3679,4,0,0,49,0.0,0.0,1.0,49,1200,800,400,0.6666666666666666,16,8,8,328.9688741643045,0.8210388321995465,0.2443647659745456,0.19094654871822608,130980.72907277211,-1182.2834039420693,129798.44566883004,3501,2,1033.2857142857142,42,7,17,35.67047677647354,0.6200396825396826,44.08914728682171,1023.6434108527136,24.37246216315985,0
3680,4,1,0,50,0.02,0.0,1.0,50,950,400,550,0.42105263157894735,15,4,11,329.16914534999023,0.8231462585034013,0.2642276422764229,0.19279907084785125,131328.12499999985,-1353.7065831380464,129974.41841686181,3502,0,1013.6,42,8,18,35.315040650406495,0.6235119047619049,43.74999999999999,1024.9999999999989,24.404761904761877,0
3681,4,0,0,50,0.0,0.0,1.0,50,1000,600,400,0.6,14,6,8,329.3857728734002,0.8236904761904762,0.2665274496834551,0.19355300579229257,131452.30647384454,-1340.296087224343,130112.0103866202,3503,1,1014.6,42,8,18,35.184375885854664,0.6247519841269842,43.62887596899224,1025.4844961240296,24.416297526762612,0
3682,4,0,0,50,0.0,0.0,1.0,50,800,500,300,0.625,11,5,6,329.68133219417996,0.8234183673469387,0.2677392536608414,0.19397870490691435,131501.99549493694,-1329.2493878072457,130172.7461071297,3504,2,1015.6,42,8,18,35.12675169264683,0.625248015873016,43.580426356589136,1025.6782945736413,24.42091177556289,0
3683,4,1,1,50,0.0196078431372549,0.0196078431372549,0.9803921568627451,51,1450,600,850,0.41379310344827586,23,6,17,321.9584569102198,0.8304575163398693,0.26517325233459,0.19111327122010568,131838.20740250498,-1710.7148365760063,130127.49256592897,3505,0,996.6666666666666,43,8,13,34.98664899339172,0.6271802325581396,43.2528409090909,1026.988636363635,23.883456659619416,0
3684,4,0,0,50,0.0,0.0,1.0,50,1800,1200,600,0.6666666666666666,24,12,12,328.52784145929644,0.8218537414965986,0.26724665031137995,0.1949461401895643,131825.20300011995,-1338.3501216874195,130486.85287843253,3506,4,1017.6,42,8,14,34.831060891992195,0.6284722222222223,43.26550387596898,1026.9379844961222,24.450904392764816,0
3685,4,0,0,50,0.0,0.0,1.0,50,800,500,300,0.625,11,5,6,331.54983980064077,0.8221598639455782,0.26439999999999997,0.19699710212369906,131874.96244216082,-1255.3754657172176,130619.58697644359,3507,5,1018.6,42,8,15,34.70341981132075,0.6289682539682541,43.217054263565885,1027.1317829457355,24.45551864156513,0
3686,4,0,0,50,0.0,0.0,1.0,50,1100,900,200,0.8181818181818182,13,9,4,328.94233203245255,0.8212755102040816,0.26665786495662047,0.1959609263411305,131974.5094946216,-1317.5994156000354,130656.91007902156,3508,6,1019.6,42,8,16,34.67028951339118,0.6299603174603174,43.120155038759684,1027.5193798449602,24.46474713916572,0
3687,4,1,0,51,0.0196078431372549,0.0,1.0,51,700,200,500,0.2857142857142857,12,2,10,324.49510287257925,0.8263071895424837,0.26941198132724,0.19473291753601937,132251.8553790747,-1616.984116735549,130634.87126233915,3509,0,1000.5882352941177,43,8,17,34.505999508991586,0.6312984496124032,42.85037878787878,1028.5984848484836,23.920894996476363,0
3688,4,0,0,51,0.0,0.0,1.0,51,1300,700,600,0.5384615384615384,19,7,12,319.92614312672396,0.8257516339869282,0.26712402551382053,0.1928665737908052,132423.52966939076,-1726.6887634396553,130696.8409059511,3510,1,1001.5882352941177,41,10,17,34.45130522088355,0.6359247967479675,42.68353174603174,1029.2658730158719,25.10404568331395,0
3689,4,0,0,51,0.0,0.0,1.0,51,1450,900,550,0.6206896551724138,20,9,11,322.0439318009296,0.825686274509804,0.26107154794885346,0.1952003586625246,132627.82782383764,-1657.6025722789332,130970.2252515587,3511,2,1002.5882352941177,41,10,14,34.19200857170375,0.6379573170731708,42.48511904761904,1030.059523809522,25.12340301974444,0
3690,4,0,0,51,0.0,0.0,1.0,51,2200,1600,600,0.7272727272727273,28,16,12,318.4075159260448,0.8236601307189543,0.2536828398346824,0.19391876263022315,132806.71788391285,-1742.6685720584524,131064.0493118544,3512,3,1003.5882352941177,41,10,14,34.10651267244145,0.6397357723577235,42.31150793650794,1030.7539682539684,25.14034068912118,0
3691,4,1,0,52,0.019230769230769232,0.0,1.0,52,1500,1000,500,0.6666666666666666,20,10,10,317.0429147655889,0.8250534188034188,0.2631960996749729,0.19472358951865748,133122.0000676041,-1958.9226158283768,131163.07745177572,3513,0,985.2692307692307,42,10,15,33.826291079812215,0.6413690476190477,42.00581395348837,1031.9767441860463,24.57087486157253,0
3692,4,0,0,52,0.0,0.0,1.0,52,1000,500,500,0.5,15,5,10,314.47992593216065,0.8253519356460532,0.25975299929428375,0.19344419823140807,133178.8230314509,-2023.5867194673963,131155.23631198352,3514,1,986.2692307692307,43,9,15,33.835626911314996,0.6405038759689923,41.95075757575758,1032.19696969697,24.004580690627208,0
3693,4,0,0,52,0.0,0.0,1.0,52,1350,600,750,0.4444444444444444,21,6,15,315.0635637350359,0.824802036199095,0.25486810263935844,0.19418530443205773,133252.1425637772,-2003.4210177054445,131248.72154607176,3515,2,987.2692307692307,43,9,15,33.74730578739796,0.6412306201550386,41.87973484848486,1032.4810606060623,24.01118745595494,0
3694,4,0,0,52,0.0,0.0,1.0,52,1350,700,650,0.5185185185185185,20,7,13,313.9507107550509,0.8246449220713926,0.2502962377801914,0.19388145251951272,133325.4822730146,-2028.474015725398,131297.0082572892,3516,3,988.2692307692307,43,9,15,33.702778287181374,0.6419573643410852,41.80871212121214,1032.7651515151545,24.01779422128266,0
3695,4,0,1,51,0.0,0.019230769230769232,0.9807692307692307,52,1250,800,450,0.64,17,8,9,314.96528970890057,0.824534942182001,0.24932313332863343,0.1950210732533547,133423.29993830368,-1995.2583362029156,131428.04160210077,3517,4,989.2692307692307,43,9,15,33.57890314695999,0.6429263565891472,41.71401515151516,1033.143939393941,24.02660324171956,0
3696,4,0,0,51,0.0,0.0,1.0,51,1150,700,450,0.6086956521739131,16,7,9,319.4718354649169,0.818202614379085,0.25937224744535325,0.19793888329822268,133447.19109616327,-1673.476184574233,131773.71491158902,3518,5,1009.1960784313726,42,9,15,33.43864297102129,0.644593253968254,41.69089147286822,1033.2364341085283,24.600867478774482,0
3697,4,0,0,51,0.0,0.0,1.0,51,1250,900,350,0.72,16,9,7,320.62955254942744,0.8179084967320263,0.26280834914610995,0.1987903225806452,133472.2222222223,-1640.9722222222135,131831.2500000001,3519,6,1010.1960784313726,43,8,15,33.38373655913978,0.6434108527131782,41.66666666666667,1033.3333333333342,24.031007751938002,0
3698,4,0,0,51,0.0,0.0,1.0,51,1400,1100,300,0.7857142857142857,17,11,6,319.4731546606713,0.8177777777777778,0.26919846577678785,0.19874397009181943,133597.41306299207,-1663.8425988522254,131933.57046413983,3520,7,1011.1960784313726,42,9,16,33.28861655262911,0.6460813492063492,41.54554263565892,1033.817829457365,24.614710225175354,0
3699,4,0,0,51,0.0,0.0,1.0,51,1300,900,400,0.6923076923076923,17,9,8,321.6959925211618,0.8180718954248367,0.26926341081682814,0.20080602480531476,133722.66258788542,-1596.391067243549,132126.27152064187,3521,8,1012.1960784313726,42,9,15,33.10614577477984,0.6473214285714286,41.424418604651166,1034.302325581396,24.626245847176094,0
3700,4,0,1,50,0.0,0.0196078431372549,0.9803921568627451,51,1100,1000,100,0.9090909090909091,12,10,2,324.82813099558615,0.8173202614379086,0.25933740992736776,0.2035390949265921,133863.92332415062,-1503.4463957759383,132360.47692837467,3522,9,1013.1960784313726,43,8,15,32.8841813079551,0.6472868217054264,41.28787878787879,1034.848484848485,24.066243833685697,0
3701,4,0,0,50,0.0,0.0,1.0,50,1350,900,450,0.6666666666666666,18,9,9,330.7203739802185,0.8193537414965986,0.2631919078392806,0.20686007223121244,133797.84047120076,-1150.0656323237686,132647.774838877,3523,10,983.46,42,8,15,32.79771939683432,0.648065476190476,41.35174418604652,1034.5930232558148,24.633167220376542,0
3702,4,0,1,49,0.0,0.02,0.98,50,1050,700,350,0.6666666666666666,14,7,7,301.26587333056534,0.8201020408163265,0.20258660907127402,0.17782521590011713,131623.61460848319,-2069.259358809899,129554.35524967329,3524,11,984.46,46,4,14,35.73326133909287,0.6211503623188405,43.46187943262412,1026.1524822695053,22.307662658032722,8
3703,4,0,0,49,0.0,0.0,1.0,49,1300,1000,300,0.7692307692307693,16,10,6,305.7913345063677,0.8152636054421769,0.21757898074484028,0.18041688735875722,131606.8052930058,-1751.1558758663962,129855.6494171394,3525,12,1004.734693877551,45,4,14,35.63404837570622,0.6222222222222221,43.478260869565226,1026.0869565217404,22.801932367149785,0
3704,4,0,1,48,0.0,0.02040816326530612,0.9795918367346939,49,1150,900,250,0.782608695652174,14,9,5,301.4860179027868,0.8138463718820862,0.21363209126954152,0.17852886765465953,131746.256202741,-1856.0691687670608,129890.18703397394,3526,13,1005.734693877551,45,4,14,35.60452326333747,0.6236111111111111,43.34239130434783,1026.6304347826085,22.814009661835744,0
3705,4,0,0,48,0.0,0.0,1.0,48,1250,900,350,0.72,16,9,7,307.3215339854948,0.8109670508274232,0.21749864718614687,0.1820289085914086,131755.55555555565,-1501.7361111111056,130253.81944444454,3527,18,1027.4166666666667,44,4,14,35.44541396103894,0.625,43.333333333333336,1026.6666666666674,23.33333333333335,0
3706,4,1,1,48,0.02040816326530612,0.02040816326530612,0.9795918367346939,49,1150,900,250,0.782608695652174,14,9,5,301.0773674722164,0.8184523809523809,0.21801573705144173,0.17942353554603904,131987.7499638474,-1852.2951404607393,130135.45482338665,3528,0,1007.4285714285714,46,3,14,35.372810801483915,0.6247735507246377,43.1072695035461,1027.5709219858156,22.33849830403947,0
3707,4,0,0,48,0.0,0.0,1.0,48,1250,800,450,0.64,17,8,9,304.25477828628993,0.8110224586288416,0.2148039172470546,0.18116335696070257,131955.57102138456,-1570.377399049578,130385.19362233498,3529,20,1029.4166666666667,45,3,14,35.323455728937084,0.6256944444444444,43.138586956521735,1027.445652173912,22.832125603864714,0
3708,4,1,0,49,0.02040816326530612,0.0,1.0,49,800,500,300,0.625,11,5,6,299.99985089270945,0.81593679138322,0.1913079698476765,0.17628530938353923,131452.30647384457,-1860.8396311226843,129591.46684272189,3530,0,1009.3877551020408,42,7,17,35.93774607074237,0.6247519841269842,43.62887596899224,1025.4844961240299,24.416297526762616,3
3709,4,0,0,49,0.0,0.0,1.0,49,1300,800,500,0.6153846153846154,18,8,10,302.8037307829042,0.8142715419501134,0.19154262895072072,0.17862889722897904,131601.40170550148,-1830.1209174628984,129771.28078803858,3531,1,1010.3877551020408,42,7,15,35.716112632606134,0.6262400793650793,43.48352713178294,1026.0658914728683,24.43014027316353,0
3710,4,0,0,49,0.0,0.0,1.0,49,1450,1100,350,0.7586206896551724,18,11,7,307.954302752173,0.8158304988662132,0.1949244445300533,0.1823798679518877,131750.58144229604,-1685.3683109488725,130065.21313134716,3532,2,1011.3877551020408,42,7,16,35.43416705993392,0.6277281746031746,43.33817829457364,1026.6472868217047,24.4439830195644,0
3711,4,0,0,49,0.0,0.0,1.0,49,1550,1200,350,0.7741935483870968,19,12,7,309.21165322134453,0.8151573129251701,0.19959310707212286,0.18408597187568312,131949.61921045912,-1639.9280204014117,130309.69119005771,3533,3,1012.3877551020408,42,7,16,35.20210475022793,0.6297123015873016,43.14437984496124,1027.422480620155,24.462440014765598,0
3712,4,0,0,49,0.0,0.0,1.0,49,1650,1200,450,0.7272727272727273,21,12,9,311.0067236908609,0.8143069727891157,0.20220431245071047,0.18600796721307983,132123.90049426118,-1581.7157172044977,130542.18477705668,3534,4,1013.3877551020408,42,7,17,34.98114985862393,0.6314484126984128,42.974806201550386,1028.1007751937987,24.478589885566635,0
3713,4,0,0,49,0.0,0.0,1.0,49,1700,1300,400,0.7647058823529411,21,13,8,310.4500369028801,0.8133149092970522,0.20160179283234392,0.18643783297248628,132278.91375171463,-1586.801268861462,130692.11248285316,3535,5,1014.3877551020408,44,5,17,34.84004650465046,0.6302083333333335,42.82407407407407,1028.7037037037032,23.37962962962962,0
3714,4,0,0,49,0.0,0.0,1.0,49,1800,1100,700,0.6111111111111112,25,11,14,313.5014733603259,0.8119331065759637,0.20299592466130645,0.18912158648760097,132449.05832703435,-1495.2442628286042,130953.81406420574,3536,6,1015.3877551020408,41,8,17,34.59104343356464,0.6361788617886179,42.65873015873015,1029.365079365078,25.106465350367753,0
3715,4,0,0,49,0.0,0.0,1.0,49,1450,1100,350,0.7586206896551724,18,11,7,312.63323198235815,0.8113307823129252,0.2039636663914124,0.18911031165366426,132551.19756235828,-1512.0181405895673,131039.17942176871,3537,7,1016.3877551020408,41,8,19,34.51107899807322,0.6371951219512195,42.55952380952381,1029.7619047619048,25.116144018583043,0
3716,4,0,0,49,0.0,0.0,1.0,49,950,600,350,0.631578947368421,13,6,7,312.6787668503589,0.809594671201814,0.20248985487310045,0.18978194001992807,132678.92696719864,-1502.8233457735225,131176.1036214251,3538,8,1017.3877551020408,41,8,16,34.38202134488846,0.6384654471544717,42.43551587301586,1030.2579365079343,25.12824235385206,0
3717,4,0,0,49,0.0,0.0,1.0,49,900,700,200,0.7777777777777778,11,7,4,313.6482609431905,0.807858560090703,0.19308699493031267,0.1905531394373454,132714.9345461002,-1470.1092828684336,131244.8252632318,3539,9,1018.3877551020408,43,6,13,34.32100680084551,0.6359011627906976,42.40056818181818,1030.3977272727273,23.962737843551796,1
3718,4,1,2,48,0.02,0.04,0.96,50,750,200,550,0.26666666666666666,13,2,11,307.2267366788048,0.8124149659863945,0.1909806034482755,0.18757000765653353,132898.7654320988,-1833.9891975308649,131064.77623456792,3540,0,999.0,44,6,13,34.30259967672413,0.6363636363636364,42.22222222222222,1031.1111111111113,23.43434343434344,0
3719,4,0,0,48,0.0,0.0,1.0,48,1200,600,600,0.5,18,6,12,317.0672631129663,0.8052415780141844,0.19249138066133842,0.19279647474021688,132747.27259667375,-1182.0371184123655,131565.23547826137,3541,11,1038.9791666666667,42,6,14,34.20055633913179,0.6376488095238095,42.36918604651162,1030.5232558139526,24.5362679955703,0
3720,4,0,0,48,0.0,0.0,1.0,48,1350,1100,250,0.8148148148148148,16,11,5,318.19100498026876,0.8042811761229314,0.20133405258164272,0.19457710472993311,132958.98549593965,-1138.7293567779907,131820.25613916165,3542,12,1039.9791666666667,43,5,15,33.95971061732931,0.6383236434108527,42.163825757575765,1031.344696969698,23.984760394644137,0
3721,4,0,0,48,0.0,0.0,1.0,48,1600,1100,500,0.6875,21,11,10,319.33431071888396,0.8036532210401891,0.20649954107388746,0.19578769360057632,133056.6686484877,-1102.0880861168478,131954.58056237086,3543,13,1040.9791666666667,43,5,16,33.83251109071441,0.6392926356589148,42.06912878787879,1031.723484848485,23.993569415081048,0
3722,4,0,1,47,0.0,0.020833333333333332,0.9791666666666666,48,1350,1100,250,0.8148148148148148,16,11,5,320.997895800017,0.8034315898345153,0.21438073394495416,0.19745355892890423,133178.82303145077,-1049.9756083563002,132128.84742309447,3544,14,1041.9791666666667,43,5,16,33.667431192660565,0.6405038759689923,41.95075757575757,1032.1969696969688,24.004580690627183,0
3723,4,0,0,47,0.0,0.0,1.0,47,800,500,300,0.625,11,5,6,327.16637037725303,0.8003391921060745,0.2157966538897842,0.18060089479080052,129020.64252635662,-904.2388002776745,128116.40372607895,3545,15,1064.1914893617022,40,7,18,37.70151878897002,0.6033854166666668,46.011178861788615,1015.9552845528451,25.398882113821127,8
3724,4,3,1,49,0.06,0.02,0.98,50,1300,600,700,0.46153846153846156,20,6,14,311.6174185870829,0.8135714285714285,0.22271231573941996,0.17531605973478745,129768.46648526231,-1912.2505758436662,127856.21590941865,3546,0,1001.28,42,8,16,37.33852433032178,0.6078869047619048,45.276162790697676,1018.8953488372093,24.259413067552604,0
3725,4,0,0,49,0.0,0.0,1.0,49,900,800,100,0.8888888888888888,10,8,2,319.19930321694505,0.8117205215419502,0.2200153851352562,0.17918093199170976,129680.91699932277,-1521.1883306563448,128159.72866866643,3547,1,1022.7142857142857,41,8,17,37.23407925067367,0.6084857723577236,45.36210317460317,1018.5515873015864,24.84272164150211,0
3726,4,0,0,49,0.0,0.0,1.0,49,1250,1100,150,0.88,14,11,3,317.5174653749329,0.8121456916099773,0.21235537346084388,0.17869708969128387,129781.98346757666,-1558.390711608738,128223.59275596793,3548,2,1023.7142857142857,41,8,17,37.174548891701555,0.6095020325203253,45.262896825396815,1018.9484126984112,24.852400309717346,0
3727,4,0,0,49,0.0,0.0,1.0,49,850,500,350,0.5882352941176471,12,5,7,317.1300456554841,0.811826814058957,0.2072760575075936,0.17870965216778842,129832.5314645532,-1565.2406738158497,128267.29079073736,3549,3,1024.7142857142858,41,8,17,37.13324166910021,0.6100101626016261,45.21329365079364,1019.1468253968237,24.85723964382497,0
3728,4,1,0,50,0.02,0.0,1.0,50,400,100,300,0.25,7,1,6,310.1150899780664,0.8200680272108843,0.2120319179253345,0.17579868347868088,130064.82600392101,-1932.9869561624985,128131.83904775852,3550,0,1005.2,42,8,19,37.077079573161065,0.6108630952380953,44.985465116279066,1020.0581395348836,24.287098560354373,0
3729,4,1,1,50,0.0196078431372549,0.0196078431372549,0.9803921568627451,51,1600,1400,200,0.875,18,14,4,306.0890030957784,0.8243464052287582,0.214330122926234,0.17505174906633403,130407.63189422614,-2216.731591483027,128190.90030274312,3551,0,986.4705882352941,43,8,21,36.833626923790106,0.6128875968992249,44.649621212121204,1021.4015151515134,23.75352360817473,0
3730,4,1,0,51,0.0196078431372549,0.0,1.0,51,1500,1100,400,0.7333333333333333,19,11,8,306.4978659937385,0.8230065359477124,0.21279069344988355,0.17616283096572988,130601.1508910121,-2194.2051911157328,128406.94569989637,3552,0,987.4509803921569,43,8,17,36.62798777098387,0.614825581395349,44.46022727272726,1022.1590909090885,23.77114164904857,0
3731,4,1,2,50,0.019230769230769232,0.038461538461538464,0.9615384615384616,52,1300,1000,300,0.7692307692307693,16,10,6,295.83737632345736,0.8289969834087481,0.20512588551307553,0.1715732611689138,130948.76971879283,-2652.0919067215464,128296.67781207128,3553,0,969.4423076923077,44,8,17,36.550494541945575,0.6169507575757576,44.12037037037037,1023.5185185185182,23.261784511784505,0
3732,4,0,0,50,0.0,0.0,1.0,50,1050,800,250,0.7619047619047619,13,8,5,306.5191220404101,0.8137925170068027,0.2015786980005685,0.17666282331471586,130708.09789262961,-1987.0937180758433,128721.00417455376,3554,2,1009.16,42,8,19,36.51963106857448,0.6173115079365079,44.35562015503876,1022.5775193798446,24.347083794758205,0
3733,4,0,1,49,0.0,0.02,0.98,50,1150,800,350,0.6956521739130435,15,8,7,305.74786067753166,0.8133503401360545,0.2007739307535643,0.17661435246196228,130794.81336805546,-2001.9531250000105,128792.86024305545,3555,3,1010.16,43,7,20,36.451968771215185,0.616763565891473,44.27083333333333,1022.9166666666658,23.78875968992246,0
3734,4,0,0,49,0.0,0.0,1.0,49,950,600,350,0.631578947368421,13,6,7,312.3901848011836,0.8086380385487528,0.2107387376242409,0.18062516818898658,130831.98594585655,-1625.8743464936078,129206.11159936294,3556,4,1031.591836734694,42,7,20,36.24463282187283,0.6185515873015873,44.234496124031004,1023.0620155038754,24.358619416758938,0
3735,4,0,0,49,0.0,0.0,1.0,49,1350,1000,350,0.7407407407407407,17,10,7,312.5948383281005,0.8077168367346939,0.2146096383949232,0.18090986760230968,130867.47378795042,-1618.3006377697518,129249.17315018068,3557,5,1032.591836734694,43,6,20,36.20362872127102,0.6174903100775195,44.1998106060606,1023.2007575757567,23.795366455250157,0
3736,4,1,1,49,0.02,0.02,0.98,50,1550,1300,250,0.8387096774193549,18,13,5,300.8532208837477,0.8142006802721088,0.20770927499547986,0.17534448521686077,131138.3787722908,-2109.3192729766847,129029.05949931411,3558,0,1012.92,44,6,20,36.231392755981425,0.618844696969697,43.93518518518518,1024.2592592592591,23.278619528619526,0
3737,4,0,0,49,0.0,0.0,1.0,49,1250,1000,250,0.8,15,10,5,304.1862586615693,0.8087443310657597,0.2031645390472414,0.1771553251171176,131109.82090973668,-1823.6388207357563,129286.18208900093,3559,7,1034.591836734694,43,6,20,36.17477654492216,0.6199127906976744,43.96306818181819,1024.1477272727282,23.817389006342516,0
3738,4,1,0,50,0.02,0.0,1.0,50,1350,900,450,0.6666666666666666,18,9,9,306.63216925418794,0.8141496598639456,0.21524232203088922,0.1742945519080566,130170.13642748373,-2010.832300865407,128159.30412661831,3560,0,1014.88,45,5,16,37.059515355938224,0.6078703703703703,44.882246376811594,1020.4710144927536,22.677133655394524,5
3739,4,1,2,49,0.0196078431372549,0.0392156862745098,0.9607843137254902,51,1500,1200,300,0.8,18,12,6,302.4910361041511,0.8194771241830067,0.2172246187157152,0.1730091162004261,130411.00599610891,-2310.236660428241,128100.76933568067,3561,0,995.9607843137255,42,9,17,36.922097840179596,0.6143353174603174,44.64631782945736,1021.4147286821698,24.319398301956422,0
3740,4,0,0,49,0.0,0.0,1.0,49,1050,700,350,0.6666666666666666,14,7,7,316.6657131754841,0.8106930272108843,0.22613496035356873,0.18078733443109427,130340.40584308258,-1545.1324856236583,128795.27335745892,3562,2,1037.4285714285713,40,9,17,36.63146065552017,0.6166666666666668,44.71544715447153,1021.1382113821119,25.5284552845528,0
3741,4,0,0,49,0.0,0.0,1.0,49,1450,900,550,0.6206896551724138,20,9,11,314.4892842375909,0.8107284580498867,0.22134504836015378,0.1802406866089563,130490.55103812345,-1592.4240008503562,128898.1270372731,3563,3,1038.4285714285713,41,8,13,36.53540392271093,0.6166158536585367,44.56845238095237,1021.7261904761895,24.920150987224133,0
3742,4,1,0,50,0.02,0.0,1.0,50,1150,800,350,0.6956521739130435,15,8,7,336.70847917469155,0.8153061224489796,0.25010781932977144,0.19247161538608817,130389.2089966773,-1180.329191861937,129208.87980481537,3564,0,1018.64,41,9,19,36.07040229885057,0.615599593495935,44.66765873015873,1021.3293650793646,24.910472319008893,7
3743,4,0,0,50,0.0,0.0,1.0,50,1200,1000,200,0.8333333333333334,14,10,4,336.0215170366283,0.8149149659863946,0.24251310934162018,0.1924554828945045,130465.21183704933,-1232.176319601945,129233.03551744738,3565,1,1019.64,41,9,19,36.01103774195635,0.6163617886178863,44.593253968253954,1021.6269841269816,24.917731320170283,0
3744,4,0,0,50,0.0,0.0,1.0,50,1300,800,500,0.6153846153846154,18,8,10,336.5637919989166,0.8135544217687075,0.2397326253911063,0.19323561862888244,130559.50969180022,-1211.679267321691,129347.83042447854,3566,2,1020.64,42,8,15,35.90179671944628,0.6158234126984128,44.500968992248055,1021.9961240310066,24.3332410483573,0
3745,4,1,2,49,0.0196078431372549,0.0392156862745098,0.9607843137254902,51,1400,1100,300,0.7857142857142857,17,11,6,382.79124088234124,0.8184967320261439,0.30814776676534983,0.1972567563549771,126247.30909475715,-386.57324039729986,125860.73585435985,3567,0,1001.6078431372549,35,16,20,39.138378632577066,0.5842261904761905,48.755787037037024,1004.9768518518499,28.71362433862428,8
3746,4,5,3,51,0.09259259259259259,0.05555555555555555,0.9444444444444444,54,900,500,400,0.5555555555555556,13,5,8,362.467122046829,0.8415734917307245,0.3125627580051322,0.19189561812792208,127347.63215495869,-1559.6845787111606,125787.94757624752,3568,0,932.574074074074,36,18,13,38.51691212019784,0.5934606481481484,47.66328828828827,1009.3468468468442,28.037412412412337,0
3747,4,1,0,52,0.019230769230769232,0.0,1.0,52,1150,700,450,0.6086956521739131,16,7,9,373.48741882021176,0.8338675213675213,0.3248583831859815,0.1973371707439154,127267.13204089495,-893.465470679024,126373.66657021594,3569,0,969.4230769230769,35,17,18,38.32157604955263,0.5946428571428573,47.74305555555555,1009.0277777777769,28.829365079365054,0
3748,4,1,1,52,0.018867924528301886,0.018867924528301886,0.9811320754716981,53,950,500,450,0.5263157894736842,14,5,9,364.96331854318515,0.836840832123851,0.32459814413167387,0.1940341436878379,127518.18700034486,-1292.1078595487422,126226.07914079611,3570,0,952.1132075471698,36,17,15,38.278840078789905,0.5951967592592593,47.494369369369366,1010.0225225225219,28.056181181181163,0
3749,4,4,2,54,0.07142857142857142,0.03571428571428571,0.9642857142857143,56,1400,1100,300,0.7857142857142857,17,11,6,345.88700588073004,0.8530979437229437,0.31154488646909617,0.187038195920048,128200.04712988604,-2328.3849615693507,125871.66216831669,3571,0,902.0178571428571,37,19,18,38.063014291901254,0.6002252252252254,46.820175438596486,1012.7192982456133,27.370791844476038,0
3750,4,0,0,54,0.0,0.0,1.0,54,1700,1500,200,0.8823529411764706,19,15,4,352.68215579885555,0.8425634754251107,0.3236367862872649,0.1903230356584717,128118.16541883674,-1763.0018446180595,126355.16357421868,3572,1,936.425925925926,39,15,18,37.97469304112221,0.5958867521367521,46.901041666666664,1012.3958333333328,25.95886752136751,0
3751,4,1,1,54,0.01818181818181818,0.01818181818181818,0.9818181818181818,55,1500,1000,500,0.6666666666666666,20,10,10,341.50696546747787,0.8461560044893378,0.31740867415859575,0.18591850805053928,128469.2559377055,-2225.3654244226605,126243.89051328284,3573,0,920.3818181818182,38,17,11,37.899146380018976,0.6011513157894737,46.55448717948718,1013.7820512820516,26.6784750337382,0
3752,4,1,0,55,0.01818181818181818,0.0,1.0,55,1450,1000,450,0.6896551724137931,19,10,9,342.8464469950507,0.8470258136924804,0.31950596007468013,0.18741088164755393,128631.77237426057,-2179.8107741617137,126451.96160009886,3574,0,921.3636363636364,38,17,13,37.69944707740916,0.6027960526315788,46.39423076923078,1014.4230769230787,26.6953441295547,0
3753,4,0,2,53,0.0,0.03636363636363636,0.9636363636363636,55,1200,700,500,0.5833333333333334,17,7,10,340.29526225876015,0.847250280583614,0.32418820918084235,0.18690668103946492,128821.50472094402,-2232.530453283635,126588.9742676604,3575,1,922.3636363636364,38,17,16,37.57081842419141,0.6047149122807016,46.20726495726497,1015.1709401709418,26.715024741340574,0
3754,4,0,0,53,0.0,0.0,1.0,53,1150,700,450,0.6086956521739131,16,7,9,345.1182517011555,0.8435836961780357,0.3208403135279225,0.18950799372771637,128811.51532202211,-1708.9590066174278,127102.55631540468,3576,2,953.433962264151,37,16,17,37.458594368834156,0.606418918918919,46.21710526315789,1015.131578947368,27.435988620199133,0
3755,4,3,3,53,0.05357142857142857,0.05357142857142857,0.9464285714285714,56,1050,700,350,0.6666666666666666,14,7,7,324.7764181425114,0.8577380952380952,0.31331168831168843,0.1810739755945236,129413.28125000015,-2793.33448753461,126619.94676246554,3577,0,903.3035714285714,39,17,18,37.36349986349986,0.6089743589743589,45.62500000000001,1017.5000000000011,26.08974358974362,0
3756,4,0,0,53,0.0,0.0,1.0,53,1550,1100,450,0.7096774193548387,20,11,9,346.13633413602554,0.8469400096758587,0.32890903204920763,0.19127283294207179,129062.08070031146,-1665.384902085274,127396.69579822618,3578,1,955.3018867924528,37,16,18,37.17750710406101,0.6089527027027027,45.970394736842096,1016.1184210526301,27.462660028449463,0
3757,4,0,0,53,0.0,0.0,1.0,53,1450,1100,350,0.7586206896551724,18,11,7,343.70069490748875,0.8463655055636188,0.3287264201822284,0.19046318843319343,129173.52123970825,-1720.594197253014,127452.92704245524,3579,2,956.3018867924528,37,16,18,37.12596178046239,0.6100788288288288,45.86074561403508,1016.5570175438586,27.474513987671855,0
3758,4,0,1,52,0.0,0.018867924528301886,0.9811320754716981,53,2000,1700,300,0.85,23,17,6,342.299742784127,0.8470307208514756,0.3225017846937346,0.19049278427164626,129340.77222077933,-1745.3373874653885,127595.43483331394,3580,3,957.3018867924528,37,16,18,36.99146185907801,0.6117680180180181,45.696271929824555,1017.2149122807006,27.49229492650542,0
3759,4,1,0,53,0.018867924528301886,0.0,1.0,53,1300,900,400,0.6923076923076923,17,9,8,340.60031045841197,0.8471214320270923,0.32940124566911533,0.19062530937952707,129563.94184989601,-1774.0962363419656,127789.84561355405,3581,0,957.6415094339623,37,16,16,36.80791150601329,0.6140202702702702,45.47697368421052,1018.092105263157,27.51600284495019,0
3760,4,0,0,53,0.0,0.0,1.0,53,1250,900,350,0.72,16,9,7,343.0117456760457,0.8462747943880019,0.3286715275097998,0.1926589550985768,129703.52055440121,-1702.0337988612057,128001.48675554001,3582,1,958.6415094339623,37,16,16,36.6047721564406,0.615427927927928,45.339912280701746,1018.6403508771918,27.53082029397816,0
3761,4,1,0,54,0.018518518518518517,0.0,1.0,54,1200,600,600,0.5,18,6,12,338.06351796285895,0.8508473095737247,0.336089677191594,0.19154257602322905,130044.5513391225,-2007.3362964789408,128037.21504264355,3583,0,941.8703703703703,38,16,18,36.38490276177509,0.6170504385964912,45.005341880341874,1019.9786324786312,26.841542959963977,0
3762,4,0,1,53,0.0,0.018518518518518517,0.9814814814814815,54,1250,900,350,0.72,16,9,7,338.28160941836563,0.8510802469135803,0.341024984779565,0.19220271573794218,130153.54624379052,-1994.289781028582,128159.25646276194,3584,1,942.8703703703703,38,16,18,36.26888981956514,0.6181469298245614,44.898504273504265,1020.405982905982,26.85278902384163,0
3763,4,0,0,53,0.0,0.0,1.0,53,1400,1000,400,0.7142857142857143,18,10,8,340.3434051687406,0.8479378326076439,0.3426077102430105,0.1941887715341885,130317.12420784951,-1729.4852390605433,128587.63896878898,3585,2,947.2075471698113,38,15,18,36.05058247009173,0.6197916666666665,44.73824786324787,1021.0470085470097,26.86965811965815,0
3764,4,0,0,53,0.0,0.0,1.0,53,1800,1400,400,0.7777777777777778,22,14,8,339.54322396770164,0.8482704402515723,0.332411743462534,0.19427724502424862,130426.23325525965,-1742.9312541091372,128683.30200115051,3586,3,948.2075471698113,38,15,18,35.960542830247896,0.6208881578947368,44.631410256410255,1021.4743589743586,26.88090418353575,0
3765,4,0,0,53,0.0,0.0,1.0,53,1100,600,500,0.5454545454545454,16,6,10,340.08901534985364,0.8479983067247218,0.3312412817482473,0.19486346637451485,130480.80490037627,-1724.9823078749328,128755.82259250134,3587,4,949.2075471698113,38,15,18,35.89136951444805,0.6214364035087719,44.577991452991455,1021.6880341880346,26.886527215474597,0
3766,4,0,0,53,0.0,0.0,1.0,53,850,300,550,0.35294117647058826,14,3,11,338.51422267929274,0.847877358490566,0.3286403496660737,0.19437137179772607,130562.68376981524,-1760.5349185477332,128802.1488512675,3588,5,950.2075471698113,38,15,17,35.848752526308445,0.6222587719298245,44.49786324786325,1022.0085470085475,26.894961763382828,0
3767,4,0,1,52,0.0,0.018867924528301886,0.9811320754716981,53,1100,700,400,0.6363636363636364,15,7,8,341.29844045368606,0.8482402031930334,0.333162428219852,0.19624660326086954,130617.28395061727,-1684.104938271608,128933.17901234567,3589,6,951.2075471698113,38,15,17,35.7223731884058,0.6228070175438596,44.44444444444444,1022.2222222222222,26.900584795321635,0
3768,4,1,1,52,0.018867924528301886,0.018867924528301886,0.9811320754716981,53,1050,800,250,0.7619047619047619,13,8,5,334.81259539827016,0.850084663763909,0.3347874402988602,0.1936090225563908,130835.79881656785,-1838.9053254438104,128996.89349112405,3590,0,950.6792452830189,38,15,17,35.667293233082695,0.6250000000000002,44.23076923076922,1023.0769230769215,26.92307692307688,0
3769,4,1,2,51,0.018867924528301886,0.03773584905660377,0.9622641509433962,53,1750,1300,450,0.7428571428571429,22,13,9,333.75176978325067,0.8478168843734881,0.33472060352159305,0.19409447582540468,131054.4963109063,-1852.065983636527,129202.43032726977,3591,0,951.6603773584906,38,15,17,35.473619226488594,0.6271929824561404,44.017094017094,1023.9316239316217,26.94556905083215,0
3770,4,1,1,51,0.019230769230769232,0.019230769230769232,0.9807692307692307,52,1150,700,450,0.6086956521739131,16,7,9,339.577384237814,0.8454939668174961,0.33402880187179185,0.19730143351763937,131019.23338190578,-1501.766288665764,129517.46709324002,3592,0,970.75,37,15,17,35.36010406625968,0.6286599099099099,44.05153508771929,1023.7938596491213,27.670104314841115,0
3771,4,0,0,51,0.0,0.0,1.0,51,1200,700,500,0.5833333333333334,17,7,10,347.8737535800189,0.8406535947712419,0.3442246616956641,0.2016247877892353,130924.43795146486,-1090.9648668939376,129833.47308457093,3593,10,990.7843137254902,36,15,17,35.24359044894366,0.6296296296296298,44.144144144144136,1023.4234234234225,28.428428428428404,0
3772,4,0,0,51,0.0,0.0,1.0,51,1750,1400,350,0.8,21,14,7,329.39304237742203,0.8407843137254902,0.2542213098344961,0.18698001256977584,130117.62242452947,-1627.4106981080572,128490.21172642142,3594,11,991.7843137254902,43,8,17,36.53200606398118,0.6099806201550386,44.933712121212125,1020.2651515151522,23.727096546864004,8
3773,4,1,1,51,0.019230769230769232,0.019230769230769232,0.9807692307692307,52,1750,1300,450,0.7428571428571429,22,13,9,325.64372913877787,0.8437814228255404,0.24954472067274258,0.18653540792205864,130470.1558781973,-1902.319549122743,128567.83632907456,3595,0,973.6923076923077,40,12,19,36.271096521767966,0.6179687500000002,44.58841463414633,1021.6463414634129,25.54115853658532,0
3774,4,0,1,50,0.0,0.0196078431372549,0.9803921568627451,51,1700,1500,200,0.8823529411764706,19,15,4,327.73517938097086,0.8437581699346406,0.24141036136124439,0.18861647051330457,130651.91436975336,-1636.154281512336,129015.76008824102,3586,1,923.2941176470588,40,11,13,36.034004307488416,0.6197916666666667,44.41056910569105,1022.357723577235,25.558943089430876,0
3775,4,0,1,49,0.0,0.02,0.98,50,1450,1200,250,0.8275862068965517,17,12,5,328.47437395453767,0.8403741496598639,0.18551476154428492,0.19115182731010746,131079.93810468106,-1388.7198786130757,129691.21822606798,3587,14,942.74,42,8,16,35.58304945748172,0.621031746031746,43.9922480620155,1024.0310077519368,24.381690660760402,3
3776,4,0,0,49,0.0,0.0,1.0,49,1600,1300,300,0.8125,19,13,6,333.0022281282793,0.8370890022675738,0.19423841622687266,0.19362907022602616,131048.63596190765,-1072.1024463026204,129976.53351560503,3588,15,962.2244897959183,41,8,17,35.4987202467461,0.6222052845528456,44.02281746031745,1023.9087301587281,24.973383662408,0
3777,4,0,0,49,0.0,0.0,1.0,49,1300,900,400,0.6923076923076923,17,9,8,334.54754380925016,0.8379747732426304,0.19126945693531616,0.1950425403631005,131150.233892747,-1024.80227623456,130125.43161651243,3589,16,963.2244897959183,41,8,17,35.35663841807909,0.623221544715447,43.923611111111114,1024.305555555556,24.98306233062332,0
3778,4,0,1,48,0.0,0.02040816326530612,0.9795918367346939,49,1100,700,400,0.6363636363636364,15,7,8,334.74788146966705,0.838187358276644,0.19426294631739993,0.19528850983366003,131175.63952664402,-1017.8465136054382,130157.79301303858,3590,17,964.2244897959183,41,8,18,35.32587642843308,0.6234756097560975,43.898809523809526,1024.4047619047622,24.985481997677127,0
3779,4,0,0,48,0.0,0.0,1.0,48,1450,1000,450,0.6896551724137931,19,10,9,335.6761528003537,0.8388187056737588,0.20180755247066595,0.19647672669713134,131302.08462431448,-785.0042757287059,130517.08034858578,3591,18,981.625,40,8,19,35.17455792431002,0.6263020833333333,43.77540650406505,1024.898373983742,25.622459349593548,0
3780,4,1,1,48,0.02040816326530612,0.02040816326530612,0.9795918367346939,49,1000,700,300,0.7,13,7,6,328.68458945937596,0.8402777777777778,0.20267915579392914,0.19389968041571543,131602.03904594932,-1148.8798189476906,130453.15922700163,3592,0,962.5714285714286,38,11,16,35.0515844092739,0.6326754385964912,43.48290598290598,1026.0683760683762,27.001799370220425,0
3781,4,0,0,48,0.0,0.0,1.0,48,1000,600,400,0.6,14,6,8,333.38401915019506,0.8356419917257683,0.21205118615088736,0.19670918355659034,131609.25116381954,-824.7157779316785,130784.53538588787,3593,1,983.1041666666666,37,11,17,34.9237728859443,0.6345720720720721,43.47587719298245,1026.0964912280695,27.732337600758633,0
3782,4,0,0,48,0.0,0.0,1.0,48,1150,800,350,0.6956521739130435,15,8,7,334.8765267014498,0.8355496453900709,0.20743179470741224,0.19773560967816195,131637.38031173046,-783.5462594259827,130853.83405230448,3594,2,984.1041666666666,37,11,17,34.85715621327064,0.6348536036036037,43.4484649122807,1026.2061403508767,27.735301090564235,0
3783,4,0,0,48,0.0,0.0,1.0,48,1450,900,550,0.6206896551724138,20,9,11,349.85686503535004,0.8358451536643026,0.23701936821040648,0.20194708150060295,130766.77439212053,-447.8780730609536,130318.89631905957,3595,3,985.1041666666666,37,11,19,35.35234419668382,0.6261261261261262,44.29824561403508,1022.8070175438586,27.64343290659077,2
3784,4,0,0,48,0.0,0.0,1.0,48,1000,700,300,0.7,13,7,6,349.7330810613347,0.8348108747044917,0.23947391925687822,0.20216912306705395,130822.8553497229,-449.3839450600262,130373.47140466288,3596,4,986.1041666666666,37,11,19,35.298767416934616,0.6266891891891893,44.243421052631575,1023.0263157894728,27.649359886201967,0
3785,4,0,0,48,0.0,0.0,1.0,48,750,500,250,0.6666666666666666,10,5,5,348.852952003009,0.8346815898345153,0.24432588982899572,0.20269072886447367,131019.23338190591,-458.71073311019524,130560.52264879571,3597,5,987.1041666666666,37,11,19,35.12269733319052,0.6286599099099099,44.051535087719294,1023.7938596491223,27.670104314841144,0
3786,4,0,1,47,0.0,0.020833333333333332,0.9791666666666666,48,1300,900,400,0.6923076923076923,17,9,8,344.4899237356241,0.8338504728132388,0.2430410668335774,0.20062456919378432,131109.19922017664,-566.8403919205291,130542.35882825611,3598,6,988.1041666666666,38,10,19,35.14348181375618,0.6277412280701755,43.96367521367521,1024.1452991452982,26.951192082771005,0
3787,4,0,0,47,0.0,0.0,1.0,47,1450,1100,350,0.7586206896551724,18,11,7,349.5620993086882,0.832986432315757,0.24400079283170806,0.2033994047005506,131075.36844269375,-236.20380790244963,130839.1646347913,3599,7,1002.1063829787234,37,10,19,35.047805796480695,0.629222972972973,43.99671052631578,1024.0131578947355,27.67603129445231,0
3788,4,3,2,48,0.06,0.04,0.96,50,450,300,150,0.6666666666666666,6,3,3,329.1431300159449,0.8456292517006803,0.2395252966895689,0.19444950227141242,131656.8560979618,-1332.7231305012456,130324.13296746057,3600,0,942.92,38,12,17,34.98464501353319,0.6332236842105263,43.429487179487175,1026.2820512820508,27.007422402159232,0
3789,4,0,0,48,0.0,0.0,1.0,48,1100,800,300,0.7272727272727273,14,8,6,345.75562683584496,0.837285756501182,0.25356528265963707,0.20281953780370696,131385.8453047641,-514.5209398587878,130871.32436490532,3601,1,983.2083333333334,36,12,20,34.831758933802,0.6342592592592593,43.69369369369369,1025.2252252252244,28.478478478478458,0
3790,4,2,2,48,0.04,0.04,0.96,50,1350,900,450,0.6666666666666666,18,9,9,330.1150454754543,0.8446428571428571,0.24095475819032774,0.19629289809811307,131903.67408366187,-1291.3225262985075,130612.35155736336,3602,0,944.84,38,12,18,34.71138845553823,0.6356907894736843,43.189102564102555,1027.2435897435882,27.0327260458839,0
3791,4,0,0,48,0.0,0.0,1.0,48,600,200,400,0.3333333333333333,10,2,8,345.6363151448253,0.8347185283687943,0.2564749780509217,0.20397915178754208,131616.8533398264,-501.6871601330973,131115.1661796933,3603,3,985.2083333333334,36,12,18,34.60180714076676,0.6365740740740741,43.46846846846847,1026.1261261261268,28.503503503503524,0
3792,4,0,0,48,0.0,0.0,1.0,48,1350,800,550,0.5925925925925926,19,8,11,343.05078842421244,0.8343122044917257,0.2541227877724146,0.20306824592695588,131732.4334469605,-561.8169689960203,131170.61647796448,3604,4,986.2083333333334,36,12,19,34.55165825654525,0.6377314814814814,43.35585585585586,1026.5765765765768,28.516016016016025,0
3793,4,1,1,48,0.02040816326530612,0.02040816326530612,0.9795918367346939,49,1400,1100,300,0.7857142857142857,17,11,6,333.3555569764115,0.8390022675736961,0.24859982405254066,0.19874098473173846,132003.3327562327,-999.191097260689,131004.14165897202,3605,0,967.0612244897959,37,12,19,34.527937828994176,0.6385135135135135,43.0921052631579,1027.6315789473686,27.77382645803699,0
3794,4,0,0,48,0.0,0.0,1.0,48,1300,900,400,0.6923076923076923,17,9,8,329.6103654428355,0.8357712765957447,0.21765115780445932,0.19026024064670613,130766.77439212071,-922.2097183748823,129844.56467374583,3606,6,988.2083333333334,37,11,18,35.87005074328185,0.6261261261261261,44.29824561403509,1022.8070175438602,27.643432906590817,8
3795,4,0,0,48,0.0,0.0,1.0,48,1300,1000,300,0.7692307692307693,16,10,6,328.82633945749444,0.8351063829787234,0.2152926576673102,0.19063758090038802,130935.05333371779,-989.0211411203734,129946.03219259741,3607,7,989.2083333333334,37,11,18,35.720216413113356,0.6278153153153154,44.13377192982455,1023.4649122806995,27.66121384542431,0
3796,4,1,0,49,0.02040816326530612,0.0,1.0,49,1450,900,550,0.6206896551724138,20,9,11,322.21866498423384,0.8388251133786848,0.2248982996034108,0.18845862405663258,131273.37643363295,-1340.2535795163913,129933.12285411656,3608,0,970.0,38,11,20,35.54828676675007,0.6293859649122806,43.80341880341881,1024.7863247863256,26.968061178587515,0
3797,4,0,2,47,0.0,0.04081632653061224,0.9591836734693877,49,1650,1200,450,0.7272727272727273,21,12,9,329.69596001665957,0.8395691609977325,0.20241566014160783,0.18785002373042248,130262.58680555565,-1174.0646002264493,129088.5222053292,3609,1,971.0,40,9,18,36.37755102040817,0.6158854166666666,44.79166666666667,1020.8333333333342,25.520833333333353,7
3798,4,0,0,47,0.0,0.0,1.0,47,950,800,150,0.8421052631578947,11,8,3,334.199445340572,0.8342969472710453,0.1993907974432516,0.19029209148362736,130237.26974875596,-694.9553374590599,129542.3144112969,3610,10,950.7446808510638,41,6,19,36.28824877701104,0.6140752032520325,44.81646825396825,1020.7341269841269,24.895954316686023,0
3799,4,2,1,48,0.04081632653061224,0.02040816326530612,0.9795918367346939,49,1300,1000,300,0.7692307692307693,16,10,6,328.4781331878165,0.8424390589569162,0.2200559474832977,0.19066477346938432,130981.34901258702,-1195.0883568849754,129786.26065570203,3611,0,912.8979591836735,39,10,16,35.68240985719617,0.6247329059829059,44.08854166666668,1023.6458333333351,26.247329059829106,0
3800,4,0,0,48,0.0,0.0,1.0,48,1050,600,450,0.5714285714285714,15,6,9,334.6829903984031,0.837322695035461,0.22119432846207387,0.19408371961360182,130945.12473518885,-834.9788151070156,130110.14592008184,3612,1,932.9166666666666,38,10,17,35.56019485038275,0.6260964912280702,44.123931623931625,1023.5042735042737,26.93432298695457,0
3801,4,0,0,48,0.0,0.0,1.0,48,1150,500,650,0.43478260869565216,18,5,13,333.38292336716546,0.8363253546099291,0.2277069273521244,0.19394724802815028,131067.83743142326,-860.8442395399358,130206.99319188333,3613,2,933.9166666666666,40,8,17,35.469597723964554,0.6239583333333333,44.00406504065042,1023.9837398373996,25.59959349593499,0
3802,4,2,1,49,0.04,0.02,0.98,50,1100,700,400,0.6363636363636364,15,7,8,321.9862874848026,0.8436224489795918,0.2325339318157531,0.18984408897260846,131581.12502164117,-1525.2454293440085,130055.87959229716,3614,0,897.52,37,13,16,35.24444711624097,0.6342905405405406,43.503289473684205,1025.9868421052624,27.72937411095304,0
3803,4,0,0,49,0.0,0.0,1.0,49,1100,600,500,0.5454545454545454,16,6,10,329.1018963634156,0.839250283446712,0.2355131368386152,0.1940064770274942,131574.63480029584,-1139.7076347797602,130434.92716551608,3615,1,916.8367346938776,38,11,16,35.06846818702487,0.6324013157894737,43.50961538461538,1025.961538461538,26.998987854251002,0
3804,4,0,0,49,0.0,0.0,1.0,49,1650,1300,350,0.7878787878787878,20,13,7,330.8847106317872,0.8392148526077098,0.2350379785552863,0.19575987067427392,131711.68456424848,-1083.7234732266945,130627.96109102179,3616,2,917.8367346938776,38,11,16,34.88477484041076,0.6337719298245614,43.37606837606837,1026.495726495725,27.013045434098025,0
3805,4,0,1,48,0.0,0.02040816326530612,0.9795918367346939,49,1300,1000,300,0.7692307692307693,16,10,6,330.7947712472362,0.8386833900226758,0.23014870291056888,0.1961300768943358,131793.94866544288,-1080.6501798889765,130713.2984855539,3617,3,918.8367346938776,38,11,17,34.80430409600112,0.6345942982456141,43.29594017094016,1026.816239316238,27.02147998200626,0
3806,4,0,0,48,0.0,0.0,1.0,48,1800,1200,600,0.6666666666666666,24,12,12,334.632801155788,0.8362145390070922,0.23356450157871023,0.19783491204330172,131684.26890432087,-786.8248456790241,130897.44405864185,3618,4,938.625,38,10,17,34.81619305367614,0.6334978070175439,43.40277777777777,1026.388888888888,27.01023391812863,0
3807,4,0,0,48,0.0,0.0,1.0,48,1400,900,500,0.6428571428571429,19,9,10,336.2350588605693,0.8365654550827423,0.23672232625884315,0.19949946825727088,131821.37573964478,-735.4063938198738,131085.9693458249,3619,5,939.625,38,10,17,34.63704223886808,0.6348684210526316,43.26923076923076,1026.9230769230755,27.02429149797567,0
3808,4,0,0,48,0.0,0.0,1.0,48,1400,1100,300,0.7857142857142857,17,11,6,335.10467160257065,0.8365100472813238,0.23660261610221012,0.19932462432717457,131916.02105034734,-758.8650173611068,131157.15603298624,3620,6,940.625,39,9,17,34.57082741837353,0.6340811965811965,43.177083333333336,1027.2916666666674,26.340811965811984,0
3809,4,0,0,48,0.0,0.0,1.0,48,1150,1000,150,0.8695652173913043,13,10,3,336.3213283595509,0.8352171985815603,0.23754450598358257,0.20038567772795637,131979.9735297277,-722.463997124722,131257.50953260297,3621,7,941.625,40,8,17,34.475241486170184,0.6330729166666667,43.114837398373986,1027.5406504065043,25.688516260162608,0
3810,4,2,1,49,0.04,0.02,0.98,50,1450,1100,350,0.7586206896551724,18,11,7,325.8190735201546,0.8386394557823129,0.23963488843813452,0.1935286786089591,131862.5217013887,-1405.352122785729,130457.16957860297,3622,0,904.92,39,11,17,34.86308316430019,0.6335470085470087,43.22916666666666,1027.0833333333317,26.335470085470043,2
3811,4,1,1,49,0.02,0.02,0.98,50,1750,1400,350,0.8,21,14,7,321.9848331468556,0.8420748299319728,0.23660989456609927,0.19179096583095312,131969.53125,-1501.5625000000002,130467.96875,3623,0,905.9,39,11,17,34.85401459854014,0.6346153846153847,43.125,1027.5,26.346153846153847,0
3812,4,0,0,49,0.0,0.0,1.0,49,1550,1100,450,0.7096774193548387,20,11,9,327.7501911653473,0.8357071995464853,0.23970732100680592,0.19516864324688185,131958.55391418276,-1150.1117457447706,130808.44216843799,3624,2,925.3877551020408,38,11,17,34.716950885584566,0.6362390350877194,43.135683760683754,1027.4572649572638,27.03834907782273,0
3813,4,0,0,49,0.0,0.0,1.0,49,1600,1100,500,0.6875,21,11,10,324.732155180581,0.8373015873015873,0.2396578856489402,0.19411154690957902,132103.35422091995,-1220.3586154514096,130882.99560546855,3625,3,926.3877551020408,39,10,18,34.649006147194925,0.6359508547008548,42.99479166666666,1028.0208333333317,26.359508547008506,0
3814,4,1,0,50,0.02,0.0,1.0,50,1300,900,400,0.6923076923076923,17,9,8,322.0836270058517,0.8394727891156463,0.2548178137651824,0.19403574602547624,132398.00347222202,-1471.0259331597472,130926.97753906227,3626,0,908.84,39,11,19,34.42139001349527,0.6388888888888891,42.70833333333332,1029.166666666665,26.388888888888843,0
3815,4,0,0,50,0.0,0.0,1.0,50,1250,800,450,0.64,17,8,9,322.4423398740263,0.8396938775510204,0.25826292933280715,0.19492755295964395,132528.77338224594,-1453.422441998816,131075.35094024712,3627,1,909.84,40,10,19,34.28103204368996,0.6385416666666668,42.58130081300813,1029.6747967479669,25.741869918699173,0
3816,4,1,0,51,0.0196078431372549,0.0,1.0,51,1050,700,350,0.6666666666666666,14,7,7,317.76530889812204,0.8430065359477125,0.2629624598107141,0.1937920827505447,132857.85147392272,-1756.4767573696329,131101.37471655308,3628,0,892.9803921568628,41,10,18,34.071882217090064,0.6402439024390245,42.26190476190475,1030.9523809523796,25.14518002322877,0
3817,4,0,0,51,0.0,0.0,1.0,51,1850,1100,750,0.5945945945945946,26,11,15,319.1235207100595,0.8411764705882354,0.2584238310708904,0.19568895137880968,133062.48425296013,-1707.3263101537182,131355.1579428064,3629,1,893.9803921568628,41,10,19,33.8321314102564,0.6422764227642277,42.06349206349205,1031.7460317460293,25.164537359659253,0
3818,4,0,1,50,0.0,0.0196078431372549,0.9803921568627451,51,950,700,250,0.7368421052631579,12,7,5,315.53607941582277,0.8409150326797387,0.2568695298188486,0.19402112117270748,133164.85969387714,-1796.3364512472106,131368.52324262992,3630,2,894.9803921568628,41,10,19,33.82232795078815,0.6432926829268294,41.964285714285694,1032.1428571428537,25.17421602787448,0
3819,4,0,0,50,0.0,0.0,1.0,50,1400,1100,300,0.7857142857142857,17,11,6,326.28408883824756,0.8390306122448979,0.26274430671663374,0.2010443169058399,133241.66710955187,-1305.0728103741708,131936.5942991777,3631,3,913.12,41,9,19,33.46815845104257,0.6440548780487806,41.88988095238094,1032.440476190474,25.181475029035955,0
3820,4,1,1,50,0.0196078431372549,0.0196078431372549,0.9803921568627451,51,1550,1200,350,0.7741935483870968,19,12,7,322.1437845058719,0.8443137254901961,0.2675503787199669,0.20015421088633004,133550.99400365195,-1595.0768764897325,131955.91712716222,3632,0,896.1960784313726,40,11,21,33.26594402385869,0.6486979166666667,41.59044715447155,1033.6382113821142,25.840955284552855,0
3821,4,0,0,50,0.0,0.0,1.0,50,1100,700,400,0.6363636363636364,15,7,8,323.9079374109675,0.8440816326530612,0.2656693532533907,0.20167927510521344,133629.78902273797,-1343.250132196427,132286.53889054153,3633,1,910.48,40,10,21,33.141668304829295,0.6494791666666666,41.51422764227643,1033.9430894308957,25.848577235772392,0
3822,4,0,0,50,0.0,0.0,1.0,50,1200,900,300,0.75,15,9,6,323.33058703824105,0.8434183673469388,0.2651483592061301,0.20189317269173152,133734.88519565103,-1351.8842124396554,132383.0009832114,3634,2,911.48,40,10,16,33.0516800943211,0.6505208333333332,41.412601626016276,1034.3495934959374,25.858739837398435,0
3823,4,0,0,50,0.0,0.0,1.0,50,1000,700,300,0.7,13,7,6,329.1101751694099,0.842329931972789,0.2683323512080136,0.20608854880534686,133840.02267995273,-1190.3773382245663,132649.64534172817,3635,3,912.48,40,10,16,32.797256596608385,0.6515624999999998,41.31097560975611,1034.756097560978,25.868902439024453,0
3824,4,0,1,49,0.0,0.02,0.98,50,800,500,300,0.625,11,5,6,328.33030757206666,0.842312925170068,0.27148355424644044,0.20604092314365416,133918.9029037779,-1206.0730839777475,132712.82981980016,3636,4,913.48,40,10,16,32.73870888561611,0.6523437499999998,41.234756097561,1035.0609756097592,25.87652439024398,0
3825,4,0,0,49,0.0,0.0,1.0,49,1050,600,450,0.5714285714285714,15,6,9,329.0136568044443,0.8425099206349207,0.25550563733197573,0.2070611580716794,134024.1126830098,-980.8473172383865,133043.2653657714,3637,5,863.5918367346939,40,9,16,32.61605653155364,0.6533854166666665,41.13313008130083,1035.4674796747993,25.886686991869983,0
3826,4,0,0,49,0.0,0.0,1.0,49,1150,900,250,0.782608695652174,14,9,5,334.42030789477366,0.8419430272108843,0.2636583329495834,0.21106787606015076,134129.36377363038,-828.8833738184665,133300.4803998119,3638,6,864.5918367346939,40,9,16,32.371071650479095,0.6544270833333332,41.031504065040664,1035.8739837398396,25.89684959349599,0
3827,4,0,1,48,0.0,0.02040816326530612,0.9795918367346939,49,1150,900,250,0.782608695652174,14,9,5,336.10153743059834,0.8409509637188208,0.26600874778552863,0.21243367477402075,134182.00481071143,-780.2443775199722,133401.76043319146,3639,7,865.5918367346939,40,9,16,32.27501226091222,0.6549479166666665,40.98069105691058,1036.0772357723595,25.901930894308986,0
3828,4,0,0,48,0.0,0.0,1.0,48,950,600,350,0.631578947368421,13,6,7,344.89489401605306,0.8383015661938534,0.27326170852956544,0.21752281929527342,134103.04712803251,-349.7087547094722,133753.33837332303,3640,8,884.2708333333334,40,8,17,32.126095630559924,0.6541666666666666,41.0569105691057,1035.7723577235793,25.89430894308948,0
3829,4,0,0,48,0.0,0.0,1.0,48,1600,1200,400,0.75,20,12,8,343.5691401312356,0.8373411643026004,0.2754833938086363,0.21746583003837444,134234.65617563963,-376.2229203846772,133858.43325525496,3641,9,885.2708333333334,40,8,18,32.029028145533,0.6554687499999999,40.929878048780495,1036.2804878048792,25.90701219512198,0
3830,4,0,0,48,0.0,0.0,1.0,48,1400,1100,300,0.7857142857142857,17,11,6,340.8863350198026,0.8366578014184397,0.2695574162679426,0.21641933177138145,134345.00681059467,-440.7246000251852,133904.28221056948,3642,10,886.2708333333334,41,7,18,31.9884370015949,0.6549796747967479,40.8234126984127,1036.7063492063498,25.285520712349996,0
3831,4,0,0,48,0.0,0.0,1.0,48,1100,800,300,0.7272727272727273,14,8,6,343.31270108211277,0.8364546394799054,0.26943448110951707,0.21872847591794553,134473.59738166092,-366.7012117347005,134106.8961699262,3643,11,887.2708333333334,41,7,18,31.79728598756576,0.65625,40.69940476190476,1037.2023809523803,25.29761904761903,0
3832,4,0,0,48,0.0,0.0,1.0,48,1000,500,500,0.5,15,5,10,344.2268514412987,0.8355311761229314,0.26858205030123417,0.2196205116242623,134525.05083341198,-338.573062326795,134186.4777710852,3644,12,888.2708333333334,41,7,18,31.722271365273667,0.6567581300813008,40.64980158730158,1037.4007936507928,25.302458381726655,0
3833,4,0,0,48,0.0,0.0,1.0,48,1250,800,450,0.64,17,8,9,343.02903200200365,0.8360113770685579,0.27563298548397874,0.21998888886306103,134712.939453125,-357.9052353001394,134355.03421782487,3645,13,889.2708333333334,39,9,19,31.56607465382299,0.6618589743589745,40.46875,1038.125,26.618589743589745,0
3834,4,0,0,48,0.0,0.0,1.0,48,1350,900,450,0.6666666666666666,18,9,9,343.037914912463,0.8357158687943262,0.2796282252014224,0.22061072702897788,134814.50282776446,-350.7028100006666,134463.8000177638,3646,14,890.2708333333334,40,8,15,31.4646736471279,0.6611979166666667,40.37093495934959,1038.516260162601,25.962906504065025,0
3835,4,0,0,48,0.0,0.0,1.0,48,1100,700,400,0.6363636363636364,15,7,8,347.389446660838,0.8351063829787234,0.2797584115805949,0.2242240973901773,134946.46044021408,-224.20475576707406,134722.255684447,3647,15,891.2708333333334,40,8,15,31.2202497391758,0.6625,40.24390243902439,1039.024390243902,25.975609756097548,0
3836,4,0,1,47,0.0,0.020833333333333332,0.9791666666666666,48,800,500,300,0.625,11,5,6,346.04795523699624,0.8347000591016548,0.282023227383863,0.22352118397336007,134972.8597085896,-258.5835770705133,134714.2761315191,3648,16,892.2708333333334,40,8,15,31.228810105949474,0.6627604166666666,40.21849593495936,1039.1260162601636,25.978150406504092,0
3837,4,0,0,47,0.0,0.0,1.0,47,1350,900,450,0.6666666666666666,18,9,9,353.45512379183776,0.8324082639531297,0.2812255421512033,0.22854321257752194,135010.48312717007,144.02940538193877,135154.512532552,3649,17,890.8936170212766,39,8,15,30.998901640439676,0.6647970085470085,40.182291666666664,1039.2708333333328,26.64797008547007,0
3838,4,0,0,47,0.0,0.0,1.0,47,1500,1100,400,0.7333333333333333,19,11,8,355.4694004772781,0.8315217391304347,0.27664477400678344,0.23053541820426973,135118.76220703122,206.11707899305748,135324.87928602428,3650,18,891.8936170212766,39,8,16,30.838697692282004,0.6658653846153847,40.078125,1039.6874999999998,26.65865384615384,0
3839,4,0,0,47,0.0,0.0,1.0,47,1100,600,500,0.5454545454545454,16,6,10,353.78820435482464,0.8305581251927228,0.2747367457954193,0.22969295094914727,135157.72688214667,163.44189966288127,135321.16878180957,3651,19,892.8936170212766,40,7,16,30.843595256710962,0.6645833333333334,40.04065040650406,1039.837398373982,25.99593495934955,0
3840,4,0,0,47,0.0,0.0,1.0,47,1300,1200,100,0.9230769230769231,14,12,2,355.99268900755317,0.8300955905026209,0.27536740941806803,0.23197308449206383,135289.85232211318,232.43966471677038,135522.29198682995,3652,20,893.8936170212766,40,7,16,30.654732831884346,0.6658854166666668,39.91361788617886,1040.3455284552847,26.008638211382117,0
3841,4,0,0,47,0.0,0.0,1.0,47,650,500,150,0.7692307692307693,8,5,3,352.3985406062791,0.8297486894850447,0.22116235898900483,0.22061925441317454,133831.25964506157,81.01678573525152,133912.27643079683,3653,21,894.8936170212766,38,9,18,32.20357941834451,0.6548793859649124,41.319444444444436,1034.722222222221,27.229532163742658,5
3842,4,0,0,47,0.0,0.0,1.0,47,1050,700,350,0.6666666666666666,14,7,7,351.9270768434473,0.8296330558125192,0.2230156116197881,0.22115261832769145,133969.4793721235,29.497452333980135,133998.97682445747,3654,22,895.8936170212766,38,9,19,32.07752837977296,0.65625,41.18589743589743,1035.2564102564095,27.243589743589723,0
3843,4,0,0,47,0.0,0.0,1.0,47,750,500,250,0.6666666666666666,10,5,5,353.8164488107421,0.8289392537773665,0.22413308629183137,0.22267461180998108,134024.78723792807,84.0348546277852,134108.82209255587,3655,23,896.8936170212766,38,9,20,31.973319920209107,0.6567982456140352,41.13247863247862,1035.470085470084,27.24921277552853,0
3844,4,0,0,47,0.0,0.0,1.0,47,1400,1100,300,0.7857142857142857,17,11,6,356.6047527597818,0.8283996299722478,0.22102031994979865,0.22527663110824758,134163.10683988954,168.64030882459062,134331.74714871414,3656,24,897.8936170212766,38,9,20,31.76283042865491,0.6581688596491229,40.99893162393162,1036.0042735042725,27.263270355375592,0
3845,4,0,0,47,0.0,0.0,1.0,47,1150,800,350,0.6956521739130435,15,8,7,360.6415279710297,0.829131976564909,0.22777995154982844,0.22872809718545026,134307.72705078122,287.3887803819432,134595.11583116316,3657,25,898.8936170212766,39,8,20,31.51368790406324,0.6578525641025641,40.859375,1036.5624999999998,26.578525641025635,0
3846,4,0,0,47,0.0,0.0,1.0,47,1250,800,450,0.64,17,8,9,357.80964706437953,0.8276672833795867,0.218223467292336,0.22794054099936195,134469.73876953122,222.9139539930548,134692.65272352428,3658,26,899.8936170212766,39,8,20,31.425232667135344,0.6594551282051282,40.703125,1037.1874999999998,26.594551282051277,0
3847,4,0,0,47,0.0,0.0,1.0,47,1450,1200,250,0.8275862068965517,17,12,5,354.87124656464886,0.8277829170521122,0.22001794011419062,0.22694547765325532,134610.8284572187,154.00015539265408,134764.82861261137,3659,27,900.8936170212766,35,12,20,31.36060301881181,0.668452380952381,40.567129629629626,1037.7314814814808,29.64947089947088,0
3848,4,0,1,46,0.0,0.02127659574468085,0.9787234042553191,47,750,600,150,0.8,9,6,3,354.778959466696,0.8263567684242984,0.21825056992999525,0.22744906986824842,134700.92438539513,157.81075853051078,134858.73514392565,3660,28,901.8936170212766,35,12,20,31.273112015460654,0.6693452380952382,40.48032407407407,1038.078703703703,29.659391534391514,0
3849,4,0,1,45,0.0,0.021739130434782608,0.9782608695652174,46,850,500,350,0.5882352941176471,12,5,7,358.42899377738314,0.8269927536231885,0.21034686647312784,0.2301693989389336,134761.00508241166,460.45029042352314,135221.4553728352,3661,29,868.2391304347826,35,11,21,31.118441831085335,0.6699404761904761,40.4224537037037,1038.310185185185,29.666005291005284,0
3850,4,0,1,44,0.0,0.022222222222222223,0.9777777777777777,45,800,500,300,0.625,11,5,6,361.36598947853616,0.8242845117845118,0.22083519096448234,0.23224753994279562,134791.0504543896,741.7802640603574,135532.83071844996,3662,30,886.2222222222222,35,10,16,31.012223212958833,0.6702380952380952,40.39351851851852,1038.425925925926,29.669312169312175,0
3851,4,0,0,44,0.0,0.0,1.0,44,1450,1000,450,0.6896551724137931,19,10,9,365.9047057481319,0.8216173361522199,0.23866927236274527,0.23633758620192272,134971.3930148318,1077.3335691014881,136048.72658393328,3663,31,903.0,35,9,17,30.7144315734759,0.6720238095238096,40.2199074074074,1039.120370370369,29.6891534391534,0
3852,4,0,0,44,0.0,0.0,1.0,44,900,600,300,0.6666666666666666,12,6,6,365.9047057481319,0.8212429527836504,0.23866927236274527,0.23633758620192272,134971.3930148318,1077.3335691014881,136048.72658393328,3664,32,904.0,35,9,17,30.7144315734759,0.6720238095238096,40.2199074074074,1039.120370370369,29.6891534391534,0
3853,4,0,0,44,0.0,0.0,1.0,44,800,500,300,0.625,11,5,6,360.32887716550056,0.8212649753347429,0.16901566623617303,0.23058199688970152,134633.9271038789,904.1192625516305,135538.04636643053,3665,33,905.0,38,6,18,31.195954292773315,0.662828947368421,40.54487179487179,1037.8205128205118,27.311066126855575,3
3854,4,0,0,44,0.0,0.0,1.0,44,1150,700,450,0.6086956521739131,16,7,9,362.3780673677795,0.8181597956307259,0.17006172839506184,0.23295732902214375,134800.29585798807,969.7341387245128,135770.02999671258,3666,34,906.0,38,6,15,30.976723251028808,0.6644736842105263,40.38461538461538,1038.4615384615377,27.327935222672043,0
3855,4,0,0,44,0.0,0.0,1.0,44,1050,700,350,0.6666666666666666,14,7,7,360.21910426101255,0.8177633897110642,0.16504274750715475,0.23239491241263505,134929.30230034716,920.8224826388843,135850.12478298604,3667,35,907.0,39,5,15,30.904100661720477,0.6639957264957266,40.260416666666664,1038.958333333333,26.639957264957257,0
3856,4,0,1,43,0.0,0.022727272727272728,0.9772727272727273,44,550,300,250,0.5454545454545454,8,3,5,359.79422239810054,0.8181377730796335,0.16294144452039205,0.2322943280531426,134956.35986328125,911.3037109374998,135867.66357421875,3668,36,908.0,39,5,15,30.888157894736842,0.6642628205128205,40.234375,1039.0625,26.642628205128204,0
3857,4,0,1,42,0.0,0.023255813953488372,0.9767441860465116,43,850,600,250,0.7058823529411765,11,6,5,372.6039245997241,0.8158914728682171,0.16089329191503654,0.2350289556925393,134107.77043839952,1405.2773629402593,135513.04780133977,3669,37,925.3953488372093,38,5,16,31.403859377686096,0.6576206140350876,41.05235042735043,1035.790598290599,27.257647323436817,3
3858,4,0,0,42,0.0,0.0,1.0,42,1250,800,450,0.64,17,8,9,375.78156751315896,0.8136856368563685,0.15115153714709129,0.2371415142482843,134124.51577648902,1680.3041560865015,135804.8199325755,3390,38,861.0714285714286,37,5,16,31.304801347870587,0.6596283783783783,41.03618421052632,1035.8552631578955,27.996088193456636,0
3859,4,0,1,41,0.0,0.023809523809523808,0.9761904761904762,42,1150,1000,150,0.8695652173913043,13,10,3,374.1491709133249,0.8137824235385211,0.15204902336269654,0.23653837415367845,134190.77932098776,1641.473765432112,135832.25308641986,3391,39,862.0714285714286,38,4,16,31.28071939231458,0.6584429824561402,40.97222222222223,1036.111111111112,27.26608187134505,0
3860,4,0,0,41,0.0,0.0,1.0,41,1300,800,500,0.6153846153846154,18,8,10,379.40054468585635,0.8073170731707318,0.16629336416089546,0.24035482227685773,134266.52912434613,1988.158856571276,136254.6879809174,3392,40,883.0487804878048,37,4,16,31.068821413457485,0.6610360360360359,40.899122807017555,1036.4035087719312,28.010905642484627,0
3861,4,0,0,41,0.0,0.0,1.0,41,950,600,350,0.631578947368421,13,6,7,378.61954581073775,0.8073678861788618,0.16902760742364187,0.24045314610912333,134356.87413251534,1974.0277321206968,136330.90186463605,3393,41,884.0487804878048,38,3,16,30.998600233580646,0.6600877192982455,40.81196581196582,1036.752136752138,27.28295096716153,0
3862,4,0,0,41,0.0,0.0,1.0,41,1450,1100,350,0.7586206896551724,18,11,7,382.80201680202964,0.8058434959349593,0.16362489920089196,0.2440331438693965,134495.3649485902,2097.0193905690794,136592.38433915927,3394,42,885.0487804878048,38,3,16,30.751536375184532,0.6614583333333333,40.67841880341881,1037.2863247863256,27.29700854700857,0
3863,4,0,0,41,0.0,0.0,1.0,41,1550,1300,250,0.8387096774193549,18,13,5,383.71738627022376,0.8029471544715447,0.16527055547094305,0.24579839429081185,134670.88906035665,2135.1465542081646,136806.0356145648,3395,43,886.0487804878048,35,6,16,30.552148379423144,0.669047619047619,40.50925925925926,1037.9629629629628,29.65608465608465,0
3864,4,0,0,41,0.0,0.0,1.0,41,1200,800,400,0.6666666666666666,16,8,8,381.8387440008728,0.8035569105691057,0.16521228349623507,0.24476978735744395,134696.8653619836,2086.496378134896,136783.3617401185,3396,44,887.0487804878048,36,5,16,30.57491682939177,0.6672453703703705,40.484234234234236,1038.063063063063,28.835085085085083,0
3865,4,0,0,41,0.0,0.0,1.0,41,1150,900,250,0.782608695652174,14,9,5,382.062007989798,0.8027947154471544,0.1635151579281513,0.2453072224001353,134755.3211995782,2096.9777209642316,136852.29892054244,3397,45,888.0487804878048,36,5,16,30.51066522053506,0.667824074074074,40.42792792792794,1038.2882882882902,28.841341341341394,0
3866,4,0,0,41,0.0,0.0,1.0,41,1200,800,400,0.6666666666666666,16,8,8,379.39256956491954,0.8029979674796748,0.16405735003295985,0.24413087085047017,134835.33394890753,2031.1047630040214,136866.43871191156,3398,46,889.0487804878048,37,4,13,30.49998240427928,0.6666666666666665,40.350877192982466,1038.5964912280715,28.07017543859653,0
3867,4,0,0,41,0.0,0.0,1.0,41,900,600,300,0.6666666666666666,12,6,6,381.4570569308699,0.8023373983739838,0.163380905423115,0.24565212102692968,134863.8057503272,2088.950085603285,136952.7558359305,3399,47,890.0487804878048,37,4,13,30.417920229423988,0.6669481981981981,40.32346491228071,1038.7061403508787,28.073138928402127,0
3868,4,0,0,41,0.0,0.0,1.0,41,1000,800,200,0.8,12,8,4,378.5876777234294,0.8016768292682926,0.16487351872252387,0.2443798933315546,134949.23918898133,2018.0238150200203,136967.26300400135,3400,48,891.0487804878048,37,4,14,30.40708104685521,0.6677927927927927,40.241228070175445,1039.035087719299,28.082029397818893,0
3869,4,0,1,40,0.0,0.024390243902439025,0.975609756097561,41,800,500,300,0.625,11,5,6,377.72182406951185,0.8010670731707317,0.16458846449813014,0.24401293297251286,134977.72301333104,1996.8063490689462,136974.52936239998,3401,49,892.0487804878048,37,4,14,30.401124652667857,0.6680743243243243,40.213815789473685,1039.1447368421054,28.08499288762447,0
3870,4,0,0,40,0.0,0.0,1.0,40,1200,900,300,0.75,15,9,6,385.036772644149,0.7971153846153847,0.17553116531165291,0.2482155295347503,134901.51627556622,2388.4088903092415,137289.92516587547,3402,50,913.675,36,4,14,30.287262872628723,0.6692708333333333,40.28716216216217,1038.8513513513524,28.85698198198201,0
3871,4,0,0,40,0.0,0.0,1.0,40,1000,700,300,0.7,13,7,6,386.1325822974456,0.7953258547008547,0.1843844820112699,0.2495260132661648,134989.27136596083,2424.7511869978357,137414.02255295866,3403,51,914.675,36,4,14,30.171082574772438,0.6701388888888888,40.202702702702716,1039.1891891891912,28.86636636636642,0
3872,4,0,0,40,0.0,0.0,1.0,40,550,400,150,0.7272727272727273,7,4,3,388.40841937547873,0.7948717948717948,0.18379293531260155,0.25119981096119814,135018.52940355917,2488.4667184076193,137506.99612196677,3404,52,915.675,36,4,14,30.08271029725143,0.6704282407407407,40.17454954954956,1039.3018018018033,28.869494494494536,0
3873,4,0,0,40,0.0,0.0,1.0,40,850,800,50,0.9411764705882353,9,8,1,388.0984637709267,0.794551282051282,0.17962471569370742,0.2518139926912838,135135.5932579539,2489.183228836948,137624.77648679086,3405,53,916.675,36,4,15,29.973780641900433,0.6715856481481481,40.06193693693694,1039.7522522522524,28.88200700700701,0
3874,4,0,0,40,0.0,0.0,1.0,40,800,600,200,0.75,10,6,4,385.8034026409612,0.7946848290598291,0.18104764482945312,0.2507314865157833,135194.1442075523,2431.6721704813144,137625.81637803363,3406,54,917.675,36,4,15,29.97495939361127,0.6721643518518517,40.00563063063064,1039.977477477479,28.888263263263305,0
3875,4,0,1,39,0.0,0.025,0.975,40,700,400,300,0.5714285714285714,10,4,6,383.3576261873639,0.7931891025641026,0.18228974997294056,0.2499535009417826,135311.28415155035,2374.522537740459,137685.80668929082,3407,55,918.675,36,4,15,29.921618501280804,0.6733217592592592,39.893018018018026,1040.4279279279292,28.900775775775813,0
3876,4,0,0,39,0.0,0.0,1.0,39,850,700,150,0.8235294117647058,10,7,3,393.9034090322828,0.7930724246513721,0.19928898964398045,0.2502543785894459,134370.72000385792,2785.8169367283867,137156.53694058632,3408,56,939.8205128205128,35,4,16,30.58858004018756,0.6660714285714285,40.79861111111111,1036.8055555555545,29.623015873015845,1
3877,4,0,0,39,0.0,0.0,1.0,39,1100,800,300,0.7272727272727273,14,8,6,392.90497448979596,0.7934098065677013,0.19704670329670337,0.2500304383116883,134430.7270233196,2763.7002743484218,137194.42729766804,3409,57,940.8205128205128,35,4,16,30.554315476190474,0.6666666666666666,40.74074074074074,1037.037037037037,29.629629629629626,0
3878,4,0,0,39,0.0,0.0,1.0,39,1050,800,250,0.7619047619047619,13,8,5,394.37764964540094,0.7929599640125956,0.19618502959485062,0.25200847465610826,134581.66099773257,2815.253413608256,137396.91441134084,3410,58,941.8205128205128,34,5,16,30.364894064555603,0.6703431372549018,40.5952380952381,1037.6190476190486,30.518207282913195,0
3879,4,0,0,39,0.0,0.0,1.0,39,600,300,300,0.5,9,3,6,393.7524669811601,0.7920602789023842,0.1991863820474582,0.2518224691617589,134612.54428854882,2800.804280045364,137413.34856859417,3411,59,942.8205128205128,34,5,16,30.350177813467944,0.6706495098039215,40.5654761904762,1037.7380952380959,30.521708683473406,0
3880,4,0,0,39,0.0,0.0,1.0,39,800,500,300,0.625,11,5,6,393.4327918525379,0.7904858299595142,0.19686544342507695,0.25225984889368597,134705.21541950107,2799.4897959183627,137504.70521541944,3412,60,943.8205128205128,34,5,16,30.265672782874624,0.6715686274509804,40.476190476190474,1038.0952380952376,30.53221288515405,0
3881,4,0,0,39,0.0,0.0,1.0,39,1200,700,500,0.5833333333333334,17,7,10,393.8880340859334,0.7881241565452092,0.19637161768236244,0.2531492436833088,134791.05045438945,2818.516375171454,137609.5668295609,3413,61,944.8205128205128,35,4,15,30.16792985584781,0.6702380952380953,40.39351851851851,1038.425925925925,29.669312169312143,0
3882,4,0,0,39,0.0,0.0,1.0,39,950,400,550,0.42105263157894735,15,4,11,392.1149815292191,0.7872244714349977,0.2005420054200544,0.2527785258285847,134901.51627556607,2779.3811125314487,137680.8973880975,3414,62,945.8205128205128,36,3,15,30.10343270099367,0.6692708333333334,40.28716216216216,1038.8513513513512,28.856981981981978,0
3883,4,0,0,39,0.0,0.0,1.0,39,1050,900,150,0.8571428571428571,12,9,3,395.4804939664937,0.7858187134502924,0.20888448063656595,0.2557736144931166,135018.52940355905,2879.438940629826,137897.96834418888,3415,63,946.8205128205128,36,3,15,29.898959800628454,0.6704282407407407,40.17454954954955,1039.3018018018024,28.86949449449451,0
3884,4,0,0,39,0.0,0.0,1.0,39,1100,600,500,0.5454545454545454,16,6,10,394.15045220318035,0.7841880341880342,0.2068996154540279,0.25615618762113807,135194.1442075522,2857.366614925743,138051.51082247793,3416,64,947.8205128205128,36,3,16,29.75794080490886,0.6721643518518519,40.005630630630634,1039.977477477478,28.88826326326328,0
3885,4,0,0,39,0.0,0.0,1.0,39,1400,1000,400,0.7142857142857143,18,10,8,391.17629557682704,0.7846941070625282,0.2025410625605495,0.2546367471630129,135252.707838751,2781.5306438195057,138034.2384825705,3417,65,948.8205128205128,36,3,16,29.77675832701816,0.6727430555555556,39.94932432432433,1040.2027027027034,28.894519519519537,0
3886,4,0,0,39,0.0,0.0,1.0,39,850,600,250,0.7058823529411765,11,6,5,392.2372109033098,0.7841880341880342,0.17336240008304826,0.23629900266613996,132398.00347222202,2595.8181154126855,134993.8215876347,3418,66,949.8205128205128,32,7,18,32.61639676113361,0.6533203125000002,42.70833333333332,1029.166666666665,32.16145833333328,5
3887,4,0,1,38,0.0,0.02564102564102564,0.9743589743589743,39,1250,900,350,0.72,16,9,7,394.65554280638196,0.784131803868646,0.1767479015117921,0.23816629463363637,132462.98408644504,2655.4501772778017,135118.43426372283,3419,67,950.8205128205128,32,7,18,32.48855227114764,0.6539713541666667,42.64520202020201,1029.41919191919,32.16934974747469,0
3888,4,0,0,38,0.0,0.0,1.0,38,1250,1000,250,0.8,15,10,5,399.7540457513405,0.7802275960170697,0.17768092692739113,0.24102901868381243,132429.53619100817,2987.8485738658096,135417.38476487398,3420,68,973.1315789473684,33,5,18,32.39113287296106,0.651199494949495,42.67769607843137,1029.2892156862738,31.19058229352345,0
3889,4,0,1,37,0.0,0.02631578947368421,0.9736842105263158,38,850,600,250,0.7058823529411765,11,6,5,401.5273442191789,0.780109056424846,0.17393850567153324,0.24291103480732598,132555.70461180783,3044.9480067762247,135600.65261858405,3421,69,974.1315789473684,33,5,18,32.21803225038677,0.6524621212121213,42.55514705882352,1029.779411764705,31.205436720142576,0
3890,4,0,0,37,0.0,0.0,1.0,37,1050,800,250,0.7619047619047619,13,8,5,405.15083971233474,0.7775900900900901,0.18087390199773123,0.2448741867695307,132520.5516581633,3338.1625566893454,135858.71421485266,3422,76,999.5945945945946,34,3,19,32.1602690099048,0.6498161764705883,42.589285714285715,1029.6428571428576,30.283613445378165,0
3891,4,0,0,37,0.0,0.0,1.0,37,750,500,250,0.6666666666666666,10,5,5,402.53834988150226,0.7767142142142142,0.1786326842389725,0.2436920409254636,132581.84700963707,3273.855583900213,135855.70259353728,3423,77,1000.5945945945946,34,3,19,32.16559742611643,0.6504289215686274,42.5297619047619,1029.8809523809516,30.290616246498576,0
3892,4,0,0,37,0.0,0.0,1.0,37,800,400,400,0.5,12,4,8,406.31294182061697,0.7763388388388388,0.1846180746365591,0.2469834848594986,132735.1473922902,3386.4016439909274,136121.54903628113,3424,78,1001.5945945945946,34,3,19,31.913557070240287,0.6519607843137255,42.38095238095238,1030.4761904761904,30.308123249299715,0
3893,4,0,0,37,0.0,0.0,1.0,37,950,900,50,0.9473684210526315,10,9,1,405.6904671740743,0.7774024024024024,0.17751700892578515,0.24741404547376644,132857.85147392284,3379.832766439903,136237.68424036275,3425,79,1002.5945945945946,34,3,19,31.80571593533487,0.6531862745098038,42.26190476190476,1030.9523809523805,30.322128851540604,0
3894,4,0,0,37,0.0,0.0,1.0,37,900,700,200,0.7777777777777778,11,7,4,407.7163403188971,0.7752127127127127,0.1791300821883628,0.24967223242849776,133011.3112953515,3446.177012471661,136457.48830782317,3426,80,1003.5945945945946,34,3,19,31.598624735526066,0.6547181372549019,42.11309523809524,1031.5476190476193,30.339635854341743,0
3895,4,0,0,37,0.0,0.0,1.0,37,1000,700,300,0.7,13,7,6,406.2710489962603,0.7748998998998999,0.18079547013557162,0.24940208588523974,133103.42970521544,3415.2140022675767,136518.64370748302,3427,81,1004.5945945945946,34,3,19,31.54298377172744,0.6556372549019608,42.023809523809526,1031.9047619047622,30.350140056022415,0
3896,4,0,0,37,0.0,0.0,1.0,37,1600,1300,300,0.8125,19,13,6,398.8269197229832,0.7718343343343343,0.1774993848291071,0.24665867301755717,133379.97626133796,3239.105017006815,136619.08127834476,3428,82,1005.5945945945946,34,3,19,31.456484576082364,0.6583946078431373,41.75595238095239,1032.9761904761913,30.38165266106445,0
3897,4,0,1,36,0.0,0.02702702702702703,0.972972972972973,37,1350,700,650,0.5185185185185185,20,7,13,396.39698231009334,0.7698948948948949,0.18221447253705292,0.24576612903225806,133472.22222222234,3181.6291099773352,136653.85133219967,3429,83,1006.5945945945946,33,4,19,31.42641129032257,0.6616161616161615,41.66666666666667,1033.3333333333344,31.313131313131347,0
3898,4,0,1,35,0.0,0.027777777777777776,0.9722222222222222,36,1350,900,450,0.6666666666666666,18,9,9,400.5164624264254,0.7678902116402117,0.16639856105341755,0.2485388358574901,133504.84206012153,3494.177411743716,136999.01947186526,3430,84,992.5,32,4,19,31.2871614742415,0.6643880208333333,41.63510101010102,1033.459595959597,32.295612373737406,0
3899,4,0,0,35,0.0,0.0,1.0,35,700,400,300,0.5714285714285714,10,4,6,407.2273542184821,0.765266106442577,0.1733000471360484,0.2522590037524482,133439.60636988576,3868.0515699928633,137307.6579398786,3431,85,1014.6857142857143,32,3,19,31.179477779135595,0.6637369791666666,41.698232323232325,1033.2070707070711,32.28772095959597,0
3900,4,0,0,35,0.0,0.0,1.0,35,550,400,150,0.7272727272727273,7,4,3,403.48898515386225,0.765266106442577,0.13499447693895705,0.23987374558242794,131895.95752292202,3648.320519842663,135544.2780427647,3432,86,1015.6857142857143,31,4,19,32.83488084674864,0.6508736559139785,43.19661458333333,1027.213541666666,33.135920698924714,3
3901,4,1,0,36,0.027777777777777776,0.0,1.0,36,950,600,350,0.631578947368421,13,6,7,393.914173017375,0.7754960317460318,0.13420298751790494,0.23608763349716844,132203.15728305787,3215.339474288338,135418.4967573462,3433,0,988.4444444444445,32,4,20,32.770104358502145,0.6513671875,42.89772727272727,1028.409090909091,32.13778409090909,0
3902,4,1,1,36,0.02702702702702703,0.02702702702702703,0.972972972972973,37,700,300,400,0.42857142857142855,11,3,8,378.36311411226603,0.7828453453453453,0.12697897161416472,0.22872877654451673,132527.98064291908,2628.883372870113,135156.86401578918,3434,0,962.7027027027027,32,5,21,32.8423257715103,0.6546223958333334,42.582070707070706,1029.671717171717,32.17724116161616,0
3903,4,0,0,36,0.0,0.0,1.0,36,850,500,350,0.5882352941176471,12,5,7,386.161729999788,0.7744708994708995,0.1319945182374027,0.23284580287172577,132431.5071105957,3027.995978461372,135459.50308905708,3435,2,990.4444444444445,31,5,21,32.73890470166561,0.65625,42.67578125,1029.296875,33.203125,0
3904,4,1,0,37,0.02702702702702703,0.0,1.0,37,750,500,250,0.6666666666666666,10,5,5,375.6433404825974,0.7862237237237237,0.10458215932881032,0.21571224602294972,130566.58340419494,2409.2935090702845,132975.87691326524,3436,0,964.6486486486486,34,3,16,34.896136672490776,0.6302083333333334,44.49404761904761,1022.023809523809,30.059523809523792,6
3905,4,0,0,37,0.0,0.0,1.0,37,1250,1000,250,0.8,15,10,5,376.0176727733075,0.787474974974975,0.09212028930338811,0.21694881308230243,130749.15143140577,2432.7983276643836,133181.94975907015,3437,1,965.6486486486486,34,3,16,34.70128622977534,0.632046568627451,44.31547619047618,1022.7380952380942,30.08053221288512,0
3906,4,0,1,36,0.0,0.02702702702702703,0.972972972972973,37,800,600,200,0.75,10,6,4,376.0398901294169,0.7866616616616616,0.09442011512501236,0.2179915667864192,130931.84700963715,2447.1194727891116,133378.96648242624,3438,2,966.6486486486486,34,3,17,34.51543173975418,0.6338848039215687,44.13690476190476,1023.4523809523806,30.10154061624649,0
3907,4,1,1,36,0.02702702702702703,0.02702702702702703,0.972972972972973,37,950,800,150,0.8421052631578947,11,8,3,373.9318550567875,0.7822197197197197,0.10062853551225648,0.21728472658705214,131023.24263038544,2398.752834467114,133421.99546485255,3439,0,967.4864864864865,34,3,17,34.4767441860465,0.6348039215686274,44.047619047619044,1023.8095238095234,30.11204481792716,0
3908,4,0,0,36,0.0,0.0,1.0,36,1200,900,300,0.75,15,9,6,385.1277798713243,0.7791997354497355,0.10518842199076794,0.22355610460494604,130982.9171021963,2889.0320129277197,133871.949115124,3440,4,995.3611111111111,33,3,17,34.23108962847678,0.6366792929292929,44.08700980392157,1023.6519607843139,31.01975638740345,0
3909,4,0,0,36,0.0,0.0,1.0,36,850,400,450,0.47058823529411764,13,4,9,388.17877259907954,0.7807539682539683,0.10443088458163863,0.2262481298035638,131139.7734645328,2981.1352604767317,134120.90872500953,3441,5,996.3611111111111,33,3,17,33.993878120762545,0.6382575757575758,43.93382352941176,1024.2647058823525,31.03832442067735,0
3910,4,1,1,36,0.02702702702702703,0.02702702702702703,0.972972972972973,37,900,700,200,0.7777777777777778,11,7,4,381.5776273407437,0.7883508508508509,0.09066949466299379,0.22420939167211218,131450.17715419494,2631.689342403625,134081.86649659858,3442,0,970.4054054054054,34,3,17,33.84848308954415,0.639093137254902,43.63095238095238,1025.4761904761901,30.1610644257703,0
3911,4,0,0,36,0.0,0.0,1.0,36,900,600,300,0.6666666666666666,12,6,6,389.3079102756805,0.7807870370370371,0.09596533173939092,0.22821027816790942,131359.53006355735,3027.8608287677944,134387.39089232514,3443,7,998.3611111111111,33,3,17,33.742154811715494,0.6404671717171717,43.719362745098046,1025.1225490196084,31.06431966726086,0
3912,4,0,0,36,0.0,0.0,1.0,36,1200,800,400,0.6666666666666666,16,8,8,385.5343793398762,0.77989417989418,0.09590618818125107,0.22674189885421117,131485.18786344197,2938.412059063829,134423.5999225058,3444,8,999.3611111111111,33,3,17,33.71158939737923,0.6417297979797979,43.5968137254902,1025.6127450980396,31.07917409387999,0
3913,4,0,0,36,0.0,0.0,1.0,36,950,600,350,0.631578947368421,13,6,7,386.31490448104836,0.7784722222222222,0.0949593884376494,0.22776256199403785,131579.47063629376,2966.22212610535,134545.69276239912,3445,9,1000.3611111111111,33,3,15,33.59611403089664,0.6426767676767677,43.504901960784316,1025.980392156863,31.090314913844335,0
3914,4,0,0,36,0.0,0.0,1.0,36,650,400,250,0.6153846153846154,9,4,5,384.90721203712053,0.7764880952380953,0.09264565425023874,0.2276824016965342,131705.23356401396,2938.85885236449,134644.09241637847,3446,10,1001.3611111111111,33,3,15,33.50495463228272,0.6439393939393938,43.38235294117648,1026.470588235295,31.105169340463487,0
3915,4,0,0,36,0.0,0.0,1.0,36,1250,1000,250,0.8,15,10,5,381.54751252407743,0.7770502645502646,0.0876548934745085,0.22635686678354136,131816.6737528345,2858.86479591837,134675.53854875287,3447,11,1002.3611111111111,34,2,15,33.47848558621223,0.6427696078431373,43.273809523809526,1026.9047619047622,30.203081232493005,0
3916,4,0,0,36,0.0,0.0,1.0,36,900,600,300,0.6666666666666666,12,6,6,380.3290032355689,0.7766534391534392,0.08639722447508369,0.22654379757944765,131969.53125000012,2838.3680555555698,134807.89930555568,3448,12,1003.3611111111111,34,2,15,33.35529872938633,0.6443014705882353,43.12500000000001,1027.500000000001,30.220588235294144,0
3917,4,0,0,36,0.0,0.0,1.0,36,700,300,400,0.42857142857142855,11,3,8,357.1439614522403,0.7764880952380953,0.08666102650874197,0.2106507796589562,131595.18771701396,2200.37977430556,133795.56749131953,3449,13,1004.3611111111111,35,1,16,34.32846869712352,0.6383928571428571,43.489583333333336,1026.0416666666672,29.315476190476204,5
3918,4,0,0,36,0.0,0.0,1.0,36,900,700,200,0.7777777777777778,11,7,4,359.93645361442077,0.7764219576719578,0.09165633337090906,0.21329300467692228,131773.38023244598,2286.008632330245,134059.38886477624,3450,14,1005.3611111111111,35,1,17,34.07697835644234,0.6401785714285715,43.31597222222222,1026.736111111111,29.33531746031746,0
3919,4,1,1,36,0.02702702702702703,0.02702702702702703,0.972972972972973,37,850,600,250,0.7058823529411765,11,6,5,352.8078889599361,0.7815940940940941,0.09627767761188699,0.2109222801778167,132108.41912436092,1921.7784930200576,134030.19761738097,3451,0,979.1621621621622,36,1,17,33.92234454303137,0.6414930555555556,42.98986486486487,1028.0405405405413,28.556681681681702,0
3920,4,0,0,36,0.0,0.0,1.0,36,1450,1000,450,0.6896551724137931,19,10,9,363.47699050401775,0.7746693121693122,0.10082582582582633,0.2169136878814298,132040.89506172828,2398.765432098755,134439.66049382705,3452,16,1007.3611111111111,35,1,17,33.71621621621622,0.6428571428571428,43.05555555555555,1027.777777777777,29.36507936507934,0
3921,4,0,0,36,0.0,0.0,1.0,36,1300,900,400,0.6923076923076923,17,9,8,364.8904640011859,0.7753637566137567,0.09645782529856861,0.21861441487866046,132189.6316256215,2446.9472040037654,134636.57882962527,3453,17,1008.3611111111111,35,1,18,33.529942787469516,0.6443452380952381,42.910879629629626,1028.3564814814808,29.38161375661374,0
3922,4,0,0,36,0.0,0.0,1.0,36,1150,1000,150,0.8695652173913043,13,10,3,363.10353797528524,0.7749338624338625,0.08932306869040674,0.21824433703567156,132311.09487866246,2408.5253327652035,134719.62021142768,3454,18,1009.3611111111111,36,0,19,33.453508099824866,0.6435185185185186,42.792792792792795,1028.828828828829,28.578578578578586,0
3923,4,0,0,36,0.0,0.0,1.0,36,1300,800,500,0.6153846153846154,18,8,10,365.1668055839617,0.7736111111111111,0.08835697399527209,0.22052810996439254,132489.9092970521,2476.240457225002,134966.1497542771,3455,19,1010.3611111111111,34,2,19,33.22034959913659,0.6495098039215687,42.61904761904761,1029.523809523809,30.280112044817912,0
3924,4,0,0,36,0.0,0.0,1.0,36,700,400,300,0.5714285714285714,10,4,6,367.18283096450233,0.7727843915343916,0.08663417202892432,0.22228822048102936,132581.8470096372,2536.3555839002274,135118.20259353743,3456,20,1011.3611111111111,34,2,19,33.0758968134705,0.6504289215686274,42.529761904761905,1029.8809523809525,30.290616246498605,0
3925,4,1,1,36,0.02702702702702703,0.02702702702702703,0.972972972972973,37,1250,1000,250,0.8,15,10,5,355.1829928728216,0.7827827827827828,0.07429185410836792,0.21680369884957043,132891.02447041645,2040.1263594675827,134931.15082988402,3457,0,985.0,36,1,17,33.07416812290664,0.6493055555555556,42.22972972972973,1031.0810810810817,28.64114114114116,0
3926,4,0,1,35,0.0,0.027777777777777776,0.9722222222222222,36,750,500,250,0.6666666666666666,10,5,5,379.6107264550534,0.7738425925925927,0.08505540581012272,0.23087799920463087,132755.5941358024,2879.0895061728306,135634.68364197525,3458,22,1013.3611111111111,35,1,17,32.58086253369272,0.65,42.36111111111111,1030.555555555555,29.44444444444443,2
3927,4,0,0,35,0.0,0.0,1.0,35,750,500,250,0.6666666666666666,10,5,5,390.0097484915867,0.7775910364145657,0.08965915655690337,0.23687960513646913,132704.48022959195,3351.208191609989,136055.68842120195,3459,23,1017.8857142857142,34,1,17,32.36448103215868,0.6516544117647058,42.41071428571429,1030.3571428571438,30.304621848739522,0
3928,4,0,1,34,0.0,0.02857142857142857,0.9714285714285714,35,600,500,100,0.8333333333333334,7,5,2,390.29053816270937,0.7766806722689075,0.0927911275415898,0.23724402375957965,132735.14739229032,3361.054421768719,136096.20181405905,3460,24,1018.8857142857142,34,1,17,32.3263247073321,0.6519607843137254,42.38095238095239,1030.4761904761913,30.308123249299744,0
3929,4,0,0,34,0.0,0.0,1.0,34,1350,1100,250,0.8148148148148148,16,11,5,396.559217623547,0.7723930481283423,0.10837938028957139,0.2413214920560081,132776.6438989812,3730.7604046520623,136507.40430363326,3461,25,1044.6764705882354,33,1,17,32.12296868806976,0.6546717171717171,42.34068627450981,1030.6372549019611,31.231431966726095,0
3930,4,0,0,34,0.0,0.0,1.0,34,1050,900,150,0.8571428571428571,12,9,3,395.28703532236295,0.7715017825311944,0.11173114038768195,0.2409532276182404,132839.80320069205,3701.9703960015418,136541.7735966936,3462,26,1045.6764705882354,33,1,17,32.0920510381994,0.6553030303030303,42.279411764705884,1030.8823529411766,31.238859180035654,0
3931,4,0,0,34,0.0,0.0,1.0,34,1150,1100,50,0.9565217391304348,12,11,1,393.40730130438504,0.7711675579322639,0.11297514134559639,0.24082249127847313,132997.76715986626,3664.4585315743775,136662.22569144063,3463,27,1046.6764705882354,33,1,17,31.981282919488343,0.6568813131313131,42.12622549019607,1031.4950980392146,31.257427213309533,0
3932,4,0,0,34,0.0,0.0,1.0,34,750,700,50,0.9333333333333333,8,7,1,394.70664236830083,0.772021687462864,0.11490848120720965,0.24223250209483174,133092.5905901576,3706.505911187999,136799.0965013456,3464,28,1047.6764705882354,33,1,17,31.85223673792558,0.6578282828282829,42.03431372549019,1031.8627450980389,31.268568033273905,0
3933,4,0,0,34,0.0,0.0,1.0,34,450,300,150,0.6666666666666666,6,3,3,396.42370879649985,0.7713903743315509,0.11586929035953553,0.243492636890979,133124.20590938564,3754.718287437502,136878.92419682315,3465,29,1048.6764705882354,33,1,17,31.77609052764913,0.6581439393939394,42.003676470588225,1031.9852941176457,31.272281639928657,0
3934,4,0,0,34,0.0,0.0,1.0,34,700,500,200,0.7142857142857143,9,5,4,395.52244150733003,0.770907605466429,0.11445513850280098,0.2431452556477907,133155.82498317945,3733.2233996539712,136889.04838283343,3466,30,1049.6764705882354,33,1,17,31.767493865273483,0.658459595959596,41.97303921568627,1032.1078431372543,31.275995246583467,0
3935,4,0,0,34,0.0,0.0,1.0,34,850,500,350,0.5882352941176471,12,5,7,397.6845599412578,0.7700906120023767,0.11924575194426223,0.24530674246449743,133282.33882400987,3800.86565263359,137083.20447664347,3467,31,1050.6764705882354,33,1,17,31.584282775536035,0.6597222222222223,41.850490196078425,1032.5980392156855,31.29084967320259,0
3936,4,0,0,34,0.0,0.0,1.0,34,900,800,100,0.8888888888888888,10,8,2,397.4029209480727,0.7703134284016637,0.12401239565593691,0.24555071977641907,133345.6182718185,3798.3876393694727,137144.00591118797,3468,32,1051.6764705882354,33,1,17,31.527843695617786,0.6603535353535354,41.78921568627451,1032.8431372549019,31.298276886512177,0
3937,4,0,0,34,0.0,0.0,1.0,34,1200,800,400,0.6666666666666666,16,8,8,396.36498878605755,0.768048128342246,0.1273812264144365,0.24595628774340123,133503.88259623697,3783.25298563052,137287.1355818675,3469,33,1052.6764705882354,33,1,17,31.395386181271988,0.6619318181818181,41.6360294117647,1033.4558823529408,31.316844919786085,0
3938,4,0,0,34,0.0,0.0,1.0,34,900,600,300,0.6666666666666666,12,6,6,397.03176877747063,0.7671197266785502,0.13382736360721093,0.2474264449737296,133662.24078479435,3813.6311755094216,137475.87196030378,3470,34,1053.6764705882354,33,1,18,31.218890732401036,0.663510101010101,41.4828431372549,1034.0686274509808,31.335412953060025,0
3939,4,0,0,34,0.0,0.0,1.0,34,1150,800,350,0.6956521739130435,15,8,7,397.377948929215,0.7648544266191325,0.13337909503334577,0.24828033063741703,133757.3007527153,3830.4403654844277,137587.74111819972,3471,35,1054.6764705882354,33,1,16,31.11437724598192,0.6644570707070707,41.39093137254902,1034.4362745098038,31.346553773024358,0
3940,4,0,0,34,0.0,0.0,1.0,34,950,700,250,0.7368421052631579,12,7,5,397.58170373749175,0.7646316102198456,0.12959711247683114,0.24862109207051153,133788.9949178201,3838.4113081507094,137627.4062259708,3472,36,1055.6764705882354,33,1,16,31.077252625760075,0.6647727272727273,41.36029411764706,1034.558823529412,31.35026737967915,0
3941,4,0,0,34,0.0,0.0,1.0,34,1000,800,200,0.8,12,8,4,397.58170373749175,0.7646316102198456,0.12959711247683114,0.24862109207051153,133788.9949178201,3838.4113081507094,137627.4062259708,3473,37,1056.6764705882354,33,1,16,31.077252625760075,0.6647727272727273,41.36029411764706,1034.558823529412,31.35026737967915,0
3942,4,0,0,34,0.0,0.0,1.0,34,800,700,100,0.875,9,7,2,397.77553102930233,0.7644459298871064,0.12747420417888855,0.24895617557304656,133820.69283749035,3846.1194312283706,137666.81226871873,3474,38,1057.6764705882354,33,1,16,31.040383552449768,0.6650883838383839,41.3296568627451,1034.6813725490192,31.353980986333916,0
3943,4,0,0,34,0.0,0.0,1.0,34,750,600,150,0.8,9,6,3,401.69198793544246,0.7641488413547237,0.12964226770381426,0.25227451465358236,133947.52206182727,3961.1292832083886,137908.65134503567,3475,39,1058.6764705882354,33,1,16,30.81160471173198,0.6663510101010102,41.20710784313726,1035.1715686274515,31.368835412953075,0
3944,4,0,0,34,0.0,0.0,1.0,34,850,700,150,0.8235294117647058,10,7,3,402.8542608471328,0.7644459298871064,0.1289683782636235,0.25387929592983766,134074.41135921297,4002.489577326046,138076.90093653902,3476,40,1059.6764705882354,33,1,16,30.654039955823766,0.6676136363636362,41.08455882352942,1035.6617647058836,31.38368983957223,0
3945,4,0,0,34,0.0,0.0,1.0,34,1050,600,450,0.5714285714285714,15,6,9,414.3200276068485,0.763888888888889,0.09699902142002825,0.24205954096685192,131231.07854109266,4075.177594053527,135306.2561351462,3477,41,1060.6764705882354,32,2,16,33.23166974738138,0.6416015625,43.84469696969696,1024.6212121212113,32.019412878787854,4
3946,4,0,0,34,0.0,0.0,1.0,34,1000,700,300,0.7,13,7,6,413.9281186715736,0.7640374331550802,0.09702693300089882,0.2420346261627156,131263.42337516585,4066.7243776145338,135330.14775278038,3478,42,1061.6764705882354,32,2,17,33.20883645473961,0.6419270833333334,43.813131313131315,1024.747474747475,32.023358585858595,0
3947,4,1,1,34,0.02857142857142857,0.02857142857142857,0.9714285714285714,35,450,300,150,0.6666666666666666,6,3,3,402.17834786801615,0.7787114845938374,0.08446929732010977,0.2367606447883887,131522.32552800738,3579.1022599734765,135101.42778798085,3479,0,1032.3142857142857,32,3,17,33.24716888232397,0.64453125,43.56060606060606,1025.757575757576,32.05492424242425,0
3948,4,0,0,34,0.0,0.0,1.0,34,800,600,200,0.75,10,6,4,411.7679203100342,0.761883541295306,0.0922843610393107,0.24159915085851041,131394.8652479384,4020.8380805121587,135415.70332845056,3480,44,1063.6764705882354,31,3,17,33.130662094657524,0.6458333333333333,43.684895833333336,1025.260416666667,33.07291666666668,0
3949,4,0,0,34,0.0,0.0,1.0,34,550,500,50,0.9090909090909091,6,5,1,411.7679203100342,0.761883541295306,0.0922843610393107,0.24159915085851041,131394.8652479384,4020.8380805121587,135415.70332845056,3481,45,1064.6764705882354,31,3,17,33.130662094657524,0.6458333333333333,43.684895833333336,1025.260416666667,33.07291666666668,0
3950,4,1,0,35,0.02857142857142857,0.0,1.0,35,950,800,150,0.8421052631578947,11,8,3,426.2095351785953,0.7704481792717086,0.10707949446860998,0.245202754652403,130638.16350682436,4135.846188965793,134774.00969579016,3482,0,1035.2285714285715,33,2,16,33.53112762726765,0.6332070707070707,44.42401960784314,1022.303921568628,30.978906714200846,6
3951,4,0,0,35,0.0,0.0,1.0,35,1100,700,400,0.6363636363636364,15,7,8,428.1133726838696,0.7703781512605041,0.11032877509455896,0.2472984305738589,130794.8133680556,4199.001736111116,134993.81510416672,3483,1,1036.2285714285715,33,2,16,33.32272572980312,0.6347853535353535,44.270833333333336,1022.9166666666671,30.99747474747476,0
3952,4,2,1,36,0.05405405405405406,0.02702702702702703,0.972972972972973,37,1000,800,200,0.8,12,8,4,409.71356279987594,0.7847847847847848,0.10026834696438236,0.23941875719256103,131239.1643759644,3354.0931230709766,134593.2574990354,3484,0,981.1621621621622,35,2,17,33.3414520501525,0.6348214285714285,43.83680555555555,1024.652777777777,29.275793650793627,0
3953,4,2,2,36,0.05263157894736842,0.05263157894736842,0.9473684210526316,38,750,700,50,0.9333333333333333,8,7,1,401.7465724195185,0.7919037458511142,0.09068196256658334,0.2364377368829628,131511.22448979603,2966.8970163296917,134478.12150612572,3485,0,956.2894736842105,34,4,17,33.26949860724233,0.6397058823529411,43.57142857142858,1025.7142857142865,30.168067226890777,0
3954,4,2,0,38,0.05263157894736842,0.0,1.0,38,650,500,150,0.7692307692307693,8,5,3,408.2180762692378,0.7924371740161213,0.11696584377707508,0.24217944469727964,131816.6737528345,3161.989795918371,134978.66354875287,3486,0,957.2368421052631,34,4,16,32.79378236339748,0.6427696078431373,43.273809523809526,1026.9047619047622,30.203081232493005,0
3955,4,0,3,35,0.0,0.07894736842105263,0.9210526315789473,38,800,300,500,0.375,13,3,10,407.2339000398889,0.7918741109530584,0.11352477264548577,0.24217927797685732,131908.37762188207,3143.512613378686,135051.89023526077,3487,1,958.2368421052631,34,4,16,32.72612701355894,0.6436887254901961,43.18452380952381,1027.2619047619046,30.213585434173666,0
3956,4,0,0,35,0.0,0.0,1.0,35,1100,600,500,0.5454545454545454,16,6,10,431.7214778481773,0.7778711484593837,0.12423747869292434,0.25419295982720036,131528.3966064453,4356.726752387153,135885.12335883247,3488,2,1005.8,31,4,17,32.48339257002623,0.6471774193548387,43.5546875,1025.78125,33.08971774193548,0
3957,4,0,0,35,0.0,0.0,1.0,35,1250,900,350,0.72,16,9,7,432.6741281143759,0.7782913165266105,0.12289846666908288,0.25564748709126794,131661.99578179262,4393.347846137162,136055.34362792977,3489,3,1006.8,31,4,16,32.32312018946122,0.648521505376344,43.42447916666667,1026.3020833333342,33.106518817204325,0
3958,4,1,1,35,0.027777777777777776,0.027777777777777776,0.9722222222222222,36,600,300,300,0.5,9,3,6,421.40905491598585,0.7877314814814815,0.11656014421501126,0.2506274905552967,131911.15702479327,3917.711202938458,135828.86822773173,3490,0,979.8055555555555,32,4,17,32.359267453293995,0.6484375,43.18181818181817,1027.2727272727263,32.1022727272727,0
3959,4,0,0,35,0.0,0.0,1.0,35,1000,800,200,0.8,12,8,4,430.4954496334517,0.7759803921568627,0.1249941132786323,0.2554791280104615,131829.0901184082,4350.364685058595,136179.4548034668,3491,5,1008.8,31,4,17,32.20925256751617,0.6502016129032258,43.26171875,1026.953125,33.12752016129032,0
3960,4,0,0,35,0.0,0.0,1.0,35,800,600,200,0.75,10,6,4,429.0912588757444,0.7752801120448178,0.1315781159496605,0.25585155721536096,132008.45457415035,4328.734791092715,136337.18936524307,3492,6,1009.8,32,3,17,32.06321415407299,0.6494140625000002,43.0871212121212,1027.6515151515132,32.11410984848479,0
3961,4,0,0,35,0.0,0.0,1.0,35,1300,1100,200,0.8461538461538461,15,11,4,432.36025847128906,0.7741596638655461,0.1262770137524558,0.25890749595515994,132170.69686766644,4429.07133200692,136599.76819967336,3493,7,1010.8,32,3,17,31.81457719384413,0.6510416666666667,42.92929292929292,1028.2828282828273,32.13383838383835,0
3962,4,0,0,35,0.0,0.0,1.0,35,1400,1100,300,0.7857142857142857,17,11,6,429.9676379307719,0.7742296918767506,0.1298664170849999,0.2583806958073605,132303.4278432572,4377.238471981909,136680.6663152391,3494,8,1011.8,33,2,17,31.741487988882277,0.6499368686868687,42.800245098039206,1028.7990196078417,31.175727866904296,0
3963,4,1,1,35,0.027777777777777776,0.027777777777777776,0.9722222222222222,36,650,400,250,0.6153846153846154,9,4,5,421.1211440663801,0.78125,0.12076317366901002,0.25479703642473245,132560.48489949998,3964.872193954228,136525.3570934542,3495,0,984.6666666666666,32,4,17,31.708762465260733,0.6549479166666667,42.550505050505045,1029.7979797979792,32.18118686868685,0
3964,4,0,0,35,0.0,0.0,1.0,35,750,400,350,0.5333333333333333,11,4,7,425.9857565268144,0.7712184873949579,0.1304951119520652,0.25729539694219605,132495.4803719009,4288.237488521586,136783.71786042248,3496,10,1013.8,32,3,17,31.64934388030415,0.654296875,42.61363636363637,1029.5454545454552,32.173295454545475,0
3965,4,0,0,35,0.0,0.0,1.0,35,950,600,350,0.631578947368421,13,6,7,429.46100018715845,0.7707282913165265,0.14223031533976527,0.2605183866562844,132658.02158261905,4394.289326344242,137052.3109089633,3497,11,1014.8,32,3,16,31.395289455407106,0.6559244791666667,42.455808080808076,1030.1767676767672,32.193023989898975,0
3966,4,0,0,35,0.0,0.0,1.0,35,750,500,250,0.6666666666666666,10,5,5,427.5615550599022,0.7705182072829131,0.1440893338467466,0.2600415359462685,132755.59413580253,4352.237654320995,137107.8317901235,3498,12,1015.8,32,3,16,31.345462713387256,0.6569010416666666,42.361111111111114,1030.5555555555559,32.20486111111112,0
3967,4,0,0,35,0.0,0.0,1.0,35,1150,700,450,0.6086956521739131,16,7,9,425.97908245924975,0.7696778711484593,0.13909940170043034,0.2599809557071924,132885.746671258,4321.309687786961,137207.05635904497,3499,13,1016.8,32,3,16,31.254592211609104,0.658203125,42.234848484848484,1031.060606060606,32.22064393939394,0
3968,4,0,0,35,0.0,0.0,1.0,35,650,400,250,0.6153846153846154,9,4,5,431.4150495363966,0.767016806722689,0.14542402517922692,0.2642174628719912,133015.96297571683,4477.017651260082,137492.9806269769,3500,14,1017.8,32,3,17,30.98276213790289,0.6595052083333333,42.10858585858586,1031.565656565657,32.23642676767678,0
3969,4,0,0,35,0.0,0.0,1.0,35,950,800,150,0.8421052631578947,11,8,3,430.80649299962676,0.7666666666666666,0.14535347178518987,0.26430560516463614,133081.09504132243,4466.4399678604395,137547.53500918287,3501,15,1018.8,32,3,17,30.932605237396004,0.66015625,42.045454545454554,1031.818181818183,32.244318181818215,0
3970,4,0,0,35,0.0,0.0,1.0,35,850,600,250,0.7058823529411765,11,6,5,431.4653228246041,0.7665266106442576,0.1482022687944624,0.26494110318899267,133113.6670524693,4486.7862654321225,137600.45331790144,3502,16,1019.8,32,3,17,30.882682817406913,0.6604817708333333,42.0138888888889,1031.944444444446,32.248263888888935,0
3971,4,0,0,35,0.0,0.0,1.0,35,700,500,200,0.7142857142857143,9,5,4,433.9506149580488,0.7660364145658263,0.15344303532124526,0.26763560551485127,133276.58689164388,4567.091368227753,137843.67825987164,3503,17,1020.8,32,3,18,30.65388848129128,0.662109375,41.856060606060616,1032.5757575757589,32.267992424242465,0
3972,4,0,0,35,0.0,0.0,1.0,35,350,100,250,0.2857142857142857,6,1,5,431.6164240571421,0.7654761904761904,0.15098597453408535,0.2664294892349714,133309.18281616693,4507.6865562187795,137816.8693723857,3504,18,1021.8,32,3,18,30.681216122590378,0.6624348958333333,41.82449494949496,1032.702020202022,32.271938131313185,0
3973,4,0,0,35,0.0,0.0,1.0,35,900,500,400,0.5555555555555556,13,5,8,429.2403746097811,0.7650560224089635,0.1458525345622117,0.2661290322580646,133472.22222222242,4458.333333333358,137930.5555555558,3505,19,1022.8,33,2,18,30.577956989247323,0.6616161616161615,41.66666666666668,1033.3333333333348,31.313131313131358,0
3974,4,0,0,35,0.0,0.0,1.0,35,950,600,350,0.631578947368421,13,6,7,425.5904651830214,0.7644957983193277,0.14184213367886866,0.26434562696579256,133539.50500488302,4366.628011067738,137906.13301595076,3506,20,1023.8,31,4,18,30.604371378180918,0.6673387096774193,41.601562500000014,1033.5937500000016,33.34173387096779,0
3975,4,0,0,35,0.0,0.0,1.0,35,950,700,250,0.7368421052631579,12,7,5,423.84936580597525,0.7644957983193277,0.12780849723524912,0.25823180764477466,132820.66243240488,4259.190707580861,137079.85313998573,3507,21,1024.8,32,3,17,31.375296015025327,0.6575520833333334,42.2979797979798,1030.8080808080808,32.212752525252526,1
3976,4,0,0,35,0.0,0.0,1.0,35,550,400,150,0.7272727272727273,7,4,3,423.0395271661876,0.763095238095238,0.12539099401700438,0.2581869042480635,132885.746671258,4243.184687786959,137128.93135904497,3508,22,1025.8,32,3,17,31.330363703159435,0.658203125,42.234848484848484,1031.060606060606,32.22064393939394,0
3977,4,0,0,35,0.0,0.0,1.0,35,1150,900,250,0.782608695652174,14,9,5,419.5780024960643,0.7635154061624649,0.12897719322792778,0.25652044344220476,132950.8468523621,4156.650150494857,137107.49700285695,3509,23,1026.8,32,3,17,31.35380958210904,0.6588541666666666,42.17171717171718,1031.313131313132,32.22853535353538,0
3978,4,0,0,35,0.0,0.0,1.0,35,1050,800,250,0.7619047619047619,13,8,5,425.92377229875876,0.7645658263305322,0.1281047969728335,0.26116913612405335,133060.9790254951,4334.766826460987,137395.74585195608,3510,24,1027.8,33,2,17,31.07888407174249,0.6575126262626263,42.06495098039216,1031.740196078432,31.264854426619152,0
3979,4,1,0,36,0.027777777777777776,0.0,1.0,36,900,600,300,0.6666666666666666,12,6,6,419.58139133491943,0.7711640211640212,0.12638952922493774,0.2592797828505529,133349.23469387766,3990.171485260784,137339.40617913846,3511,0,1000.2222222222222,34,2,18,30.951523359459056,0.6580882352941175,41.78571428571429,1032.8571428571436,30.37815126050422,0
3980,4,0,0,36,0.0,0.0,1.0,36,1050,800,250,0.7619047619047619,13,8,5,412.74935086385443,0.7697089947089948,0.11757200640660237,0.2563555528202969,133537.46588358335,3823.613850575438,137361.0797341588,3512,1,1001.2222222222222,32,4,18,30.93823804870103,0.6647135416666666,41.60353535353536,1033.585858585859,32.29955808080809,0
3981,4,0,0,36,0.0,0.0,1.0,36,1200,800,400,0.6666666666666666,16,8,8,416.2131073972357,0.767691798941799,0.11524505215751724,0.25964977629023295,133700.6447843333,3929.5921653402756,137630.23694967356,3513,2,1002.2222222222222,32,4,14,30.684338501607463,0.6663411458333334,41.44570707070707,1034.217171717172,32.31928661616163,0
3982,4,0,0,36,0.0,0.0,1.0,36,400,300,100,0.75,5,3,2,415.05694389343273,0.7680886243386243,0.11433241102430558,0.25915750643102137,133733.29252117127,3901.3863381287583,137634.67885930004,3514,3,1003.2222222222222,32,4,14,30.681355794270832,0.6666666666666667,41.41414141414141,1034.343434343434,32.32323232323231,0
3983,4,0,0,36,0.0,0.0,1.0,36,1300,1000,300,0.7692307692307693,16,10,6,412.7677480961701,0.7688161375661376,0.11949685534591215,0.25848539383659286,133841.52494331056,3849.0929705215285,137690.6179138321,3515,4,1004.2222222222222,34,2,14,30.631615278416923,0.6629901960784315,41.3095238095238,1034.761904761904,30.43417366946776,0
3984,4,0,0,36,0.0,0.0,1.0,36,800,600,200,0.75,10,6,4,412.7677480961701,0.7688161375661376,0.11949685534591215,0.25848539383659286,133841.52494331056,3849.0929705215285,137690.6179138321,3516,5,1005.2222222222222,34,2,14,30.631615278416923,0.6629901960784315,41.3095238095238,1034.761904761904,30.43417366946776,0
3985,4,0,0,36,0.0,0.0,1.0,36,750,600,150,0.8,9,6,3,410.978085836309,0.768915343915344,0.11791018071211323,0.2577953447518665,133903.125,3806.25,137709.375,3517,6,1006.2222222222222,34,2,14,30.61594202898551,0.6636029411764706,41.25,1035.0,30.441176470588236,0
3986,4,0,1,35,0.0,0.027777777777777776,0.9722222222222222,36,750,600,150,0.8,9,6,3,405.9366257909634,0.7697089947089948,0.1147440196735976,0.2553803835672262,134010.9592013888,3679.9913194444352,137690.95052083323,3518,7,1007.2222222222222,35,1,15,30.637994634473507,0.6625,41.14583333333333,1035.4166666666658,29.58333333333331,0
3987,4,0,0,35,0.0,0.0,1.0,35,750,400,350,0.5333333333333333,11,4,7,413.0122162814706,0.7623949579831932,0.12248278582110461,0.2588547365634334,133872.32320011323,4058.1809807256104,137930.50418083885,3519,33,1036.8,34,1,15,30.59430001150351,0.663296568627451,41.2797619047619,1034.8809523809514,30.437675070027982,0
3988,4,0,0,35,0.0,0.0,1.0,35,750,500,250,0.6666666666666666,10,5,5,413.3637667372792,0.7609943977591036,0.12177027204626145,0.25972625112336545,133964.73922902482,4075.2338435373995,138039.97307256222,3520,34,1037.8,34,1,15,30.492228227537563,0.6642156862745099,41.19047619047618,1035.2380952380943,30.448179271708653,0
3989,4,0,0,35,0.0,0.0,1.0,35,600,200,400,0.3333333333333333,10,2,8,410.7152336418303,0.7614145658263305,0.12174798416895194,0.258711934645205,134057.18714569148,4011.865787981842,138069.05293367332,3521,35,1038.8,34,1,15,30.46782197187415,0.6651348039215687,41.10119047619047,1035.5952380952372,30.45868347338933,0
3990,4,0,0,35,0.0,0.0,1.0,35,1050,400,650,0.38095238095238093,17,4,13,405.36425105428197,0.7602240896358543,0.11366859243697491,0.2564164564808481,134211.33786848068,3880.895691609971,138092.23356009065,3522,36,1039.8,34,1,15,30.451516544117645,0.6666666666666667,40.95238095238095,1036.190476190476,30.476190476190467,0
3991,4,0,0,35,0.0,0.0,1.0,35,800,700,100,0.875,9,7,2,406.155333381582,0.757703081232493,0.11433164905833748,0.2577843034319838,134334.72222222228,3912.1527777777837,138246.87500000006,3523,37,1040.8,34,1,16,30.307140943193996,0.6678921568627452,40.833333333333336,1036.666666666667,30.49019607843138,0
3992,4,0,0,35,0.0,0.0,1.0,35,600,300,300,0.5,9,3,6,407.4932772403803,0.7566526610644257,0.12187371907330591,0.2597285241108582,134489.03238378675,3960.675311791369,138449.7076955781,3524,38,1041.8,34,1,16,30.117592486323122,0.6694240196078431,40.6845238095238,1037.261904761904,30.507703081232467,0
3993,4,1,1,35,0.027777777777777776,0.027777777777777776,0.9722222222222222,36,550,400,150,0.7272727272727273,7,4,3,400.9037930224493,0.7647486772486773,0.11674098848011871,0.257232262046593,134730.96305941357,3602.8308256172777,138333.79388503084,3525,0,1013.8333333333334,35,1,17,30.04598662207356,0.6696428571428572,40.451388888888886,1038.1944444444443,29.66269841269841,0
3994,4,0,0,35,0.0,0.0,1.0,35,750,600,150,0.8,9,6,3,409.8776125705644,0.7546218487394958,0.12205855848475378,0.262580668920114,134674.3214994331,4039.997874149656,138714.31937358275,3526,40,1043.8,34,1,18,29.86987230951561,0.6712622549019608,40.50595238095238,1037.9761904761906,30.528711484593842,0
3995,4,0,0,35,0.0,0.0,1.0,35,800,500,300,0.625,11,5,6,413.35483821100706,0.7542717086834734,0.12868608117404268,0.26548460227366744,134767.01388888885,4141.319444444438,138908.33333333328,3527,41,1044.8,34,1,18,29.68666399143926,0.6721813725490196,40.416666666666664,1038.333333333333,30.539215686274503,0
3996,4,0,1,34,0.0,0.02857142857142857,0.9714285714285714,35,750,500,250,0.6666666666666666,10,5,5,409.9143564938198,0.7532913165266106,0.12498608428014824,0.26417375736817356,134890.65334467113,4058.72307256235,138949.37641723346,3528,42,1045.8,34,1,15,29.652045610818245,0.6734068627450981,40.297619047619044,1038.8095238095232,30.553221288515388,0
3997,4,0,0,34,0.0,0.0,1.0,34,800,500,300,0.625,11,5,6,404.5056973946777,0.748923054070113,0.11592527949431619,0.26135678997469575,134983.4201388888,4120.312499999989,139103.7326388888,3529,43,1061.4411764705883,34,0,15,29.699612403100787,0.6743259803921569,40.20833333333333,1039.1666666666658,30.563725490196052,0
3998,4,0,0,34,0.0,0.0,1.0,34,750,500,250,0.6666666666666666,10,5,5,403.19655548465255,0.7488116458704694,0.11671067877448738,0.2611804393540046,135076.2188208616,4092.453231292504,139168.6720521541,3530,44,1062.4411764705883,34,0,15,29.640737135440524,0.6752450980392157,40.11904761904761,1039.5238095238087,30.574229691876727,0
3999,4,0,0,34,0.0,0.0,1.0,34,800,500,300,0.625,11,5,6,402.125288621364,0.7472147950089127,0.11631704771204454,0.2611572041715696,135169.04939058944,4070.978599773228,139240.02799036267,3531,45,1063.4411764705883,34,0,15,29.575701202060678,0.6761642156862746,40.0297619047619,1039.8809523809514,30.584733893557395,0
4000,4,0,0,34,0.0,0.0,1.0,34,700,600,100,0.8571428571428571,8,6,2,400.3585223537147,0.7465092097445039,0.11241515837104088,0.2602330395299145,135200.0,4025.6944444444434,139225.69444444444,3532,46,1064.4411764705883,34,0,15,29.59067841880342,0.6764705882352942,40.0,1040.0,30.58823529411765,0
4001,4,0,0,34,0.0,0.0,1.0,34,1250,700,550,0.56,18,7,11,404.8629959570361,0.7451351752822342,0.10587360444692706,0.26429480565051905,135354.8061933105,4160.030470521522,139514.83666383201,3533,47,1065.4411764705883,34,0,15,29.318727834343896,0.6780024509803921,39.85119047619047,1040.595238095237,30.605742296918734,0
4002,4,0,0,34,0.0,0.0,1.0,34,950,700,250,0.7368421052631579,12,7,5,405.85472185200354,0.7456550802139038,0.10041031850132875,0.26585764364013253,135478.71492346932,4196.935232426297,139675.65015589562,3534,48,1066.4411764705883,34,0,15,29.169048980369745,0.6792279411764706,39.732142857142854,1041.071428571428,30.61974789915965,0
4003,4,0,0,34,0.0,0.0,1.0,34,1000,700,300,0.7,13,7,6,404.31720143706616,0.74606357694593,0.10192894903216265,0.2650793286183342,135509.70096371876,4157.78061224489,139667.48157596364,3535,49,1067.4411764705883,34,0,15,29.178100464974467,0.6795343137254901,39.70238095238095,1041.1904761904757,30.623249299719873,0
4004,4,0,0,34,0.0,0.0,1.0,34,650,400,250,0.6153846153846154,9,4,5,405.332719278598,0.7463978015448605,0.0982689863415358,0.2659748908874641,135540.6905470522,4187.815334467126,139728.50588151932,3536,50,1068.4411764705883,34,0,15,29.12069852520865,0.6798406862745099,39.67261904761905,1041.309523809524,30.62675070028012,0
4005,4,0,0,34,0.0,0.0,1.0,34,950,600,350,0.631578947368421,13,6,7,407.0140387090726,0.7462492572786691,0.10154101645230074,0.2675406329576016,135602.68034297056,4238.438917233565,139841.11926020414,3537,51,1069.4411764705883,34,0,15,29.014982664685498,0.680453431372549,39.61309523809524,1041.5476190476193,30.633753501400566,0
4006,4,0,0,34,0.0,0.0,1.0,34,1300,1000,300,0.7692307692307693,16,10,6,409.6196086069767,0.7457293523469994,0.10478760223385608,0.27018842759132383,135726.70245181408,4319.263747165536,140045.96619897962,3538,52,1070.4411764705883,34,0,17,28.823212993640276,0.6816789215686274,39.49404761904762,1042.0238095238096,30.64775910364146,0
4007,4,0,0,34,0.0,0.0,1.0,34,1000,700,300,0.7,13,7,6,407.16966917696556,0.7455808080808082,0.10166014116572542,0.26997722424837556,135912.84190759636,4267.917375283446,140180.7592828798,3539,53,1071.4411764705883,34,0,14,28.70119305856832,0.6835171568627451,39.31547619047619,1042.7380952380952,30.668767507002798,0
4008,4,0,0,34,0.0,0.0,1.0,34,1100,700,400,0.6363636363636364,15,7,8,403.01265647689866,0.7426841948900773,0.09973417645045024,0.26815489056241937,136037.00573979592,4164.927012471651,140201.93275226757,3540,54,1072.4411764705883,34,0,14,28.685714557419452,0.6847426470588236,39.19642857142857,1043.2142857142856,30.682773109243694,0
4009,4,0,0,34,0.0,0.0,1.0,34,850,600,250,0.7058823529411765,11,6,5,399.4825484916238,0.7427213309566251,0.10404504032961603,0.2665041111170146,136130.16581632648,4076.3251133786785,140206.49092970515,3541,55,1073.4411764705883,34,0,14,28.684928511673895,0.6856617647058824,39.107142857142854,1043.571428571428,30.69327731092435,0
4010,4,0,0,34,0.0,0.0,1.0,34,700,600,100,0.8571428571428571,8,6,2,398.7131768396032,0.7421642899584077,0.10626413220700615,0.26622379446708294,136161.2262613378,4057.8550170067965,140219.08127834462,3542,56,1074.4411764705883,34,0,14,28.674052317402378,0.685968137254902,39.07738095238095,1043.6904761904757,30.69677871148458,0
4011,4,0,0,34,0.0,0.0,1.0,34,1000,700,300,0.7,13,7,6,402.5638165610542,0.7419414735591207,0.10154420988374846,0.26926636975010515,136223.35778061204,4167.718962585011,140391.07674319705,3543,57,1075.4411764705883,34,0,14,28.511660394571784,0.6865808823529412,39.01785714285713,1043.9285714285697,30.70378151260499,0
4012,4,0,0,34,0.0,0.0,1.0,34,850,600,250,0.7058823529411765,11,6,5,401.4174042558412,0.7413101604278075,0.09834097797805841,0.2692074518449722,136316.581632653,4143.969671201805,140460.5513038548,3544,58,1076.4411764705883,34,0,14,28.448709910320712,0.6875,38.92857142857142,1044.2857142857138,30.714285714285698,0
4013,4,1,0,35,0.02857142857142857,0.0,1.0,35,450,300,150,0.6666666666666666,6,3,3,409.6976114119954,0.7505602240896359,0.09070859911981421,0.25129859859219855,133072.72002551024,3928.3234126984144,137001.04343820864,3545,0,1046.6571428571428,34,1,16,31.485567862774506,0.6553308823529411,42.05357142857143,1031.7857142857147,30.346638655462197,7
4014,4,0,0,35,0.0,0.0,1.0,35,1000,1000,0,1.0,10,10,0,406.8191750010213,0.7489495798319327,0.09306141275698487,0.2505636282392654,133226.30385487527,3839.803004535147,137066.1068594104,3546,1,1047.6571428571428,34,1,16,31.404952721402232,0.6568627450980392,41.904761904761905,1032.3809523809523,30.364145658263304,0
4015,4,0,0,35,0.0,0.0,1.0,35,700,300,400,0.42857142857142855,11,3,8,405.1756928468802,0.7487394957983192,0.08912309592424883,0.2501707569712943,133318.49666950112,3803.482851473921,137121.97952097506,3547,2,1048.6571428571428,34,1,16,31.354466858789625,0.657781862745098,41.81547619047619,1032.7380952380952,30.374649859943975,0
4016,4,0,0,35,0.0,0.0,1.0,35,750,500,250,0.6666666666666666,10,5,5,404.6842457017286,0.7487394957983192,0.09241508750555671,0.2502811974307842,133379.97626133796,3795.3550170068147,137175.33127834476,3548,3,1049.6571428571428,34,1,16,31.305222619184818,0.6583946078431373,41.75595238095239,1032.9761904761913,30.38165266106445,0
4017,4,0,0,35,0.0,0.0,1.0,35,1400,1100,300,0.7857142857142857,17,11,6,401.8641320828508,0.7481092436974789,0.08847136738293204,0.2496085665472355,133539.50500488284,3733.0431187774593,137272.5481236603,3549,4,1050.6571428571428,31,4,18,31.21745611824977,0.6673387096774194,41.6015625,1033.5937500000002,33.34173387096775,0
4018,4,0,0,35,0.0,0.0,1.0,35,1250,900,350,0.72,16,9,7,400.3557418806243,0.7469887955182072,0.08789160203696045,0.24889774743854937,133573.15275404183,3695.355733235672,137268.5084872775,3550,5,1051.6571428571428,31,4,18,31.222577360708726,0.6676747311827957,41.569010416666664,1033.723958333333,33.34593413978494,0
4019,4,0,1,34,0.0,0.02857142857142857,0.9714285714285714,35,900,900,0,1.0,9,9,0,400.3557418806243,0.7469887955182072,0.08789160203696045,0.24889774743854937,133573.15275404183,3695.355733235672,137268.5084872775,3551,6,1052.6571428571428,31,4,18,31.222577360708726,0.6676747311827957,41.569010416666664,1033.723958333333,33.34593413978494,0
4020,4,0,0,34,0.0,0.0,1.0,34,850,400,450,0.47058823529411764,13,4,9,406.9509085401603,0.7476975638740345,0.09582049380261637,0.2534958169554214,133645.8897885594,4077.4632544224787,137723.35304298188,3552,7,1073.9705882352941,30,4,18,30.978920230512582,0.6711805555555556,41.498655913978496,1034.0053763440862,34.466845878136205,0
4021,4,1,1,34,0.02857142857142857,0.02857142857142857,0.9714285714285714,35,900,800,100,0.8888888888888888,10,8,2,396.40666855936763,0.7569327731092437,0.08660927699800536,0.2487006005034264,133909.86336602108,3616.552564832904,137526.41593085398,3553,0,1044.2571428571428,31,4,16,30.986208957101532,0.6710349462365591,41.243489583333336,1035.0260416666667,33.38793682795699,0
4022,4,0,0,34,0.0,0.0,1.0,34,900,800,100,0.8888888888888888,10,8,2,408.97284533648167,0.7469919786096257,0.09676088617265122,0.25644062777613275,133889.21407099089,4151.4105676956915,138040.62463868657,3554,9,1075.9705882352941,30,4,16,30.681818181818187,0.673611111111111,41.263440860215056,1034.9462365591398,34.49820788530466,0
4023,4,0,0,34,0.0,0.0,1.0,34,1000,700,300,0.7,13,7,6,382.2695389511451,0.7456550802139038,0.0026562349077561276,0.23298136565636768,132833.88137817383,3355.6693183051198,136189.55069647895,3555,10,1076.9705882352941,31,3,19,32.43350279988211,0.6602822580645162,42.28515625,1030.859375,33.25352822580645,5
4024,4,0,0,34,0.0,0.0,1.0,34,750,500,250,0.6666666666666666,10,5,5,381.63452708907255,0.7450980392156863,0.0005347593582887278,0.2332210998877665,132934.5703125,3346.4843749999995,136281.0546875,3556,11,1077.9705882352941,31,3,20,32.348484848484844,0.6612903225806452,42.1875,1031.25,33.266129032258064,0
4025,4,0,0,34,0.0,0.0,1.0,34,900,700,200,0.7777777777777778,11,7,4,380.25324175582506,0.7454322638146168,-0.004436079619276612,0.23300436461186405,133035.29739379883,3317.420620388453,136352.71801418727,3557,12,1078.9705882352941,31,3,20,32.28272645041863,0.6622983870967742,42.08984375,1031.640625,33.27872983870968,0
4026,4,0,0,34,0.0,0.0,1.0,34,850,600,250,0.7058823529411765,11,6,5,378.520076824329,0.7449123588829472,-0.006639450732974339,0.23236031052151881,133102.46997409398,3276.3914320204026,136378.8614061144,3558,13,1079.9705882352941,31,3,20,32.25985804416404,0.6629704301075269,42.024739583333336,1031.9010416666667,33.28713037634409,0
4027,4,0,1,33,0.0,0.029411764705882353,0.9705882352941176,34,1000,700,300,0.7,13,7,6,399.1128164007184,0.744503862150921,0.01988242551801722,0.23122297190334687,130907.8494063106,3649.4000931027476,134557.24949941336,3559,14,1080.9705882352941,32,2,19,33.94946535060662,0.6383463541666666,44.160353535353536,1023.358585858586,31.979955808080813,7
4028,4,0,0,33,0.0,0.0,1.0,33,650,400,250,0.6153846153846154,9,4,5,403.4652755019566,0.743292297979798,0.017939640744425667,0.23346319108205998,130861.41798231335,3959.607611762148,134821.0255940755,3560,15,1096.030303030303,31,2,19,33.88531857130737,0.6404569892473118,44.205729166666664,1023.1770833333331,33.00571236559139,0
4029,4,0,0,33,0.0,0.0,1.0,33,1050,900,150,0.8571428571428571,12,9,3,398.70582249272707,0.7426609848484849,-0.011505488702373778,0.22830352510889268,130455.99819214873,3802.7132116620737,134258.7114038108,3561,16,1097.030303030303,32,1,21,34.419416635768144,0.6337890625,44.60227272727273,1021.5909090909089,31.924715909090903,4
4030,4,2,2,33,0.05714285714285714,0.05714285714285714,0.9428571428571428,35,700,300,400,0.42857142857142855,11,3,8,380.7184691312951,0.7598739495798319,-0.010639110860066747,0.22105321512896747,130992.77388038556,2974.273667800462,133967.04754818603,3562,0,1035.2857142857142,34,1,16,34.33393417839284,0.6344975490196079,44.077380952380956,1023.6904761904768,30.108543417366967,0
4031,4,1,1,33,0.029411764705882353,0.029411764705882353,0.9705882352941176,34,350,300,50,0.8571428571428571,4,3,1,390.59374699675266,0.7527852049910874,-0.0057386231531779686,0.22599218251392153,130857.49959450697,3422.4242178489094,134279.92381235588,3563,0,1066.7058823529412,33,1,16,34.21854413702239,0.6354166666666666,44.20955882352941,1023.1617647058828,31.004901960784327,0
4032,4,0,0,33,0.0,0.0,1.0,33,850,600,250,0.7058823529411765,11,6,5,401.87316882239776,0.7417929292929294,0.009325241843417764,0.2230499282568922,129235.55333347793,3788.949823026432,133024.50315650436,3564,19,1100.030303030303,30,3,18,35.58410442828817,0.626736111111111,45.7997311827957,1016.8010752688178,33.893369175627264,2
4033,4,0,0,33,0.0,0.0,1.0,33,800,500,300,0.625,11,5,6,399.85411369708345,0.7395833333333334,0.00999959969576869,0.22289364069859524,129406.44330269398,3748.7397386981174,133155.1830413921,3565,20,1101.030303030303,30,3,20,35.460700132100385,0.6284722222222221,45.63172043010753,1017.47311827957,33.915770609319004,0
4034,4,3,3,33,0.08333333333333333,0.08333333333333333,0.9166666666666666,36,1150,1000,150,0.8695652173913043,13,10,3,372.7784922092079,0.7696428571428572,-0.007541780127075404,0.21137657827993522,130075.0012014611,2497.8325643983253,132572.83376585942,3566,0,1010.1944444444445,33,3,16,35.4687249719686,0.6275252525252524,44.97549019607844,1020.0980392156873,30.912061794414768,0
4035,4,1,0,34,0.029411764705882353,0.0,1.0,34,800,500,300,0.625,11,5,6,390.73516604415113,0.7501114081996435,0.014260591166324943,0.22017884410565683,129830.95169067393,3345.903693305135,133176.85538397907,3567,0,1070.5882352941176,31,3,17,35.25949171670712,0.630040322580645,45.21484375000001,1019.1406250000008,32.87550403225809,0
4036,4,0,0,34,0.0,0.0,1.0,34,800,500,300,0.625,11,5,6,390.8918395598422,0.7484402852049912,0.005353553011100409,0.22106740170065065,129972.73875114805,3361.0565886134264,133333.79533976148,3568,1,1071.5882352941176,32,2,18,35.110976968796415,0.62890625,45.075757575757585,1019.6969696969713,31.865530303030354,0
4037,4,0,0,34,0.0,0.0,1.0,34,850,600,250,0.7058823529411765,11,6,5,372.92865774752164,0.7487373737373738,0.009318723759088376,0.2051362698772622,128880.67065860644,2819.68963626163,131700.36029486806,3569,2,1072.5882352941176,32,2,20,36.68215825250767,0.6178385416666665,46.14898989898991,1015.4040404040418,31.731376262626306,5
4038,4,2,1,35,0.05555555555555555,0.027777777777777776,0.9722222222222222,36,800,600,200,0.75,10,6,4,356.43399604407284,0.7694775132275132,0.00999609908328436,0.19841879454049557,129352.72285997751,2021.1415816326694,131373.86444161017,3570,0,1013.9444444444445,34,2,21,36.61985566608153,0.6179534313725489,45.68452380952382,1017.2619047619063,29.91946778711489,0
4039,4,0,0,35,0.0,0.0,1.0,35,750,700,50,0.9333333333333333,8,7,1,372.9730191178659,0.7589635854341736,-0.015603906001373513,0.20509908962322884,128868.76594387766,2612.9145408163395,131481.680484694,3571,1,1043.9142857142858,34,1,22,36.693193809356316,0.6130514705882353,46.16071428571429,1015.3571428571437,29.863445378151283,1
4040,4,0,0,35,0.0,0.0,1.0,35,850,600,250,0.7058823529411765,11,6,5,375.1909468784725,0.7595238095238095,-0.010104121329806315,0.20710734415659046,129019.90504535167,2681.420068027235,131701.3251133789,3572,2,1044.9142857142858,34,1,23,36.482501367080694,0.6145833333333331,46.01190476190477,1015.9523809523824,29.880952380952426,0
4041,4,2,1,36,0.05405405405405406,0.02702702702702703,0.972972972972973,37,850,400,450,0.47058823529411764,13,4,9,356.7216084871808,0.78246996996997,0.008751006997646416,0.2001149744660874,129655.65653344679,1850.4499716553391,131506.10650510213,3573,0,989.3783783783783,34,3,19,36.30430547438146,0.621017156862745,45.386904761904766,1018.4523809523815,29.954481792717104,0
4042,4,3,3,36,0.07692307692307693,0.07692307692307693,0.9230769230769231,39,1350,1000,350,0.7407407407407407,17,10,7,339.7464713315811,0.8007197480881691,-0.00037919627368898645,0.19300581672322667,130147.65346004826,1043.4412030273973,131191.09466307567,3574,0,939.5641025641025,36,3,21,36.23749218261413,0.6218171296296295,44.9042792792793,1020.382882882886,28.343968968969055,0
4043,4,0,0,36,0.0,0.0,1.0,36,900,700,200,0.7777777777777778,11,7,4,363.3725185157305,0.7743055555555556,0.013690070438537205,0.20424041557953143,129731.44531250012,2228.168402777794,131959.6137152779,3575,2,1018.8611111111111,33,3,21,36.05785616905249,0.6240530303030303,45.31250000000001,1018.7500000000009,30.87121212121215,0
4044,4,0,0,36,0.0,0.0,1.0,36,900,400,500,0.4444444444444444,14,4,10,361.683819126416,0.7715939153439154,0.006696458391781457,0.20394063211351882,129856.32216274997,2193.386107506739,132049.7082702567,3576,3,1019.8611111111111,33,3,23,35.97388381227207,0.6253156565656566,45.18995098039216,1019.240196078432,30.88606654783127,0
4045,4,0,0,36,0.0,0.0,1.0,36,950,700,250,0.7368421052631579,12,7,5,363.3797815498322,0.7706018518518519,0.005541288925204446,0.2057550950784807,130019.64462868478,2249.3020124716554,132268.94664115642,3577,4,1020.8611111111111,34,2,23,35.76465896268629,0.6246936274509804,45.029761904761905,1019.8809523809522,29.99649859943977,0
4046,4,2,0,38,0.05263157894736842,0.0,1.0,38,750,600,150,0.8,9,6,3,344.47933439560893,0.7858878615457563,0.021533394743150858,0.1981825246571152,130638.16350682429,1401.1097944079554,132039.27330123226,3578,0,968.078947368421,33,5,18,35.6199552465436,0.6332070707070707,44.424019607843135,1022.3039215686274,30.978906714200832,0
4047,4,0,0,38,0.0,0.0,1.0,38,950,600,350,0.631578947368421,13,6,7,353.01101669389686,0.7859174964438123,0.013938622992527128,0.19256204107725744,128548.11137843611,1475.7798983564012,130023.8912767925,3579,1,969.078947368421,33,5,20,37.52706445115813,0.6120580808080809,46.47671568627451,1014.0931372549014,30.730095068330346,4
4048,4,0,1,37,0.0,0.02631578947368421,0.9736842105263158,38,1050,800,250,0.7619047619047619,13,8,5,352.3306813292446,0.7858582266477003,0.020682595592629527,0.19264157067658438,128641.3353638024,1464.8578671664714,130106.19323096887,3580,2,970.078947368421,33,5,21,37.449162438592246,0.6130050505050505,46.384803921568626,1014.4607843137255,30.741235888294714,0
4049,4,2,1,38,0.05128205128205128,0.02564102564102564,0.9743589743589743,39,1150,900,250,0.782608695652174,14,9,5,347.94504891484513,0.7917228969860549,-0.015409201494606561,0.184986315573044,127518.18700034523,1073.8643626735204,128592.05136301875,3581,0,945.8974358974359,36,3,19,38.708560969264504,0.5951967592592591,47.49436936936939,1010.0225225225249,28.05618118118125,5
4050,4,3,2,39,0.07317073170731707,0.04878048780487805,0.9512195121951219,41,950,700,250,0.7368421052631579,12,7,5,332.9992972159062,0.8152439024390243,-0.0058161548982686995,0.17885254369469197,127928.27641034788,320.0052277376196,128248.28163808551,3582,0,900.6829268292682,38,3,20,38.66674587249623,0.5956688596491228,47.088675213675224,1011.6452991453004,26.62224471435001,0
4051,4,3,2,40,0.07142857142857142,0.047619047619047616,0.9523809523809523,42,1050,800,250,0.7619047619047619,13,8,5,325.8703405838963,0.8164198606271778,0.007057059378236641,0.1768272353103809,128338.88942992073,-35.267221487030355,128303.6222084337,3583,0,880.1666666666666,37,5,22,38.428268044583916,0.6016328828828829,46.68311403508772,1013.2675438596491,27.38560929350403,0
4052,4,0,2,38,0.0,0.05,0.95,40,1300,1000,300,0.7692307692307693,16,10,6,362.771526080807,0.8020299145299146,-0.05638128580521928,0.18934022175180973,126769.0355851412,1197.6392998027509,127966.67488494395,3584,1,925.175,38,2,15,39.10394122639509,0.5838815789473685,48.23717948717948,1007.0512820512809,26.501349527665287,8
4053,4,1,0,39,0.02564102564102564,0.0,1.0,39,1250,900,350,0.72,16,9,7,367.05988529586716,0.7964462438146649,-0.04122324466288729,0.19192823939744602,126843.36917368781,1511.8225078870182,128355.19168157483,3585,0,949.7692307692307,37,2,16,38.919465004898235,0.5864301801801803,48.163377192982445,1007.3464912280681,27.22558084400184,0
4054,4,1,0,40,0.025,0.0,1.0,40,900,700,200,0.7777777777777778,11,7,4,364.27243686034296,0.8052350427350428,-0.0317202500558158,0.1921762361245557,127205.59030314114,1267.9850010670993,128473.57530420824,3586,0,927.0,36,4,18,38.61725087445115,0.5920138888888888,47.80405405405406,1008.7837837837851,28.02177177177181,0
4055,4,1,1,40,0.024390243902439025,0.024390243902439025,0.975609756097561,41,1050,800,250,0.7619047619047619,13,8,5,358.92110850571976,0.8150914634146341,-0.040570959455523026,0.1906380282201658,127479.27847991673,951.0007887041968,128430.27926862093,3587,0,905.3658536585366,37,4,13,38.47131740861382,0.5929054054054055,47.532894736842096,1009.8684210526301,27.293741109530544,0
4056,4,4,4,40,0.09090909090909091,0.09090909090909091,0.9090909090909091,44,900,600,300,0.6666666666666666,12,6,6,344.7497725753785,0.8296335447498239,-0.018739322503360523,0.18643022878955978,128201.5477259354,46.416092221784254,128247.96381815718,3588,0,844.5454545454545,36,8,14,38.090273916750085,0.6021412037037037,46.818693693693696,1012.7252252252252,28.131256256256258,0
4057,4,3,2,41,0.06976744186046512,0.046511627906976744,0.9534883720930233,43,1300,1000,300,0.7692307692307693,16,10,6,353.2341296260888,0.8229974160206718,-0.013170587813219559,0.19116585456758836,128232.436945409,459.21465084877735,128691.65159625778,3589,0,865.046511627907,35,8,17,37.84388926979776,0.6044642857142857,46.78819444444445,1012.8472222222227,28.938492063492077,0
4058,4,1,0,42,0.023809523809523808,0.0,1.0,42,650,400,250,0.6153846153846154,9,4,5,367.184074837446,0.8176054974835463,0.023004817364260077,0.19973901412586045,128437.66744898842,1032.0532193072797,129469.7206682957,3590,0,886.6190476190476,35,7,14,37.28067671462282,0.606547619047619,46.58564814814815,1013.6574074074081,28.96164021164023,0
4059,4,3,3,42,0.06666666666666667,0.06666666666666667,0.9333333333333333,45,1350,800,550,0.5925925925925926,19,8,11,353.9536677191538,0.8357744107744108,0.053387007883449744,0.1965608571513432,129257.13320444747,152.4711856378359,129409.60439008531,3591,0,828.4444444444445,37,8,16,36.78024584860902,0.6109234234234234,45.77850877192982,1016.8859649122802,27.483404457088653,0
4060,4,0,0,42,0.0,0.0,1.0,42,1250,1000,250,0.8,15,10,5,373.98811898743,0.8203155245838173,0.05438206410969082,0.206398898633283,129011.37689248644,1249.7444343998604,130261.1213268863,3592,1,888.0,38,4,17,36.52176008693519,0.6066337719298247,46.020299145299134,1015.9188034188016,26.73470535312636,0
4061,4,0,0,42,0.0,0.0,1.0,42,1250,600,650,0.48,19,6,13,373.67925807746235,0.8212108013937283,0.054478591682650235,0.20680592859114016,129121.97401258687,1250.0406901041729,130372.01470269104,3593,2,889.0,39,3,18,36.41669655973489,0.6060363247863249,45.911458333333336,1016.3541666666672,26.06036324786326,0
4062,4,2,3,41,0.045454545454545456,0.06818181818181818,0.9318181818181819,44,1100,700,400,0.6363636363636364,15,7,8,358.8518288968237,0.8341261451726568,0.05412350948642142,0.20098299657031987,129591.85157933203,500.9522461237977,130092.80382545582,3594,0,849.5454545454545,37,7,13,36.31497235982483,0.6143018018018018,45.44956140350877,1018.2017543859643,27.518966334755792,0
4063,4,1,2,40,0.023809523809523808,0.047619047619047616,0.9523809523809523,42,1100,700,400,0.6363636363636364,15,7,8,370.6838961229519,0.8237272551296941,0.06458485611413423,0.20725777917364052,129525.18332315258,1202.5799200531733,130727.76324320576,3595,0,890.3333333333334,35,7,14,36.081698881940504,0.6175595238095237,45.515046296296305,1017.939814814816,29.083994708994744,0
4064,4,1,0,41,0.024390243902439025,0.0,1.0,41,1100,800,300,0.7272727272727273,14,8,6,373.07668684823244,0.8182926829268292,0.07074168968156247,0.20875206981660646,129554.6392746914,1466.7631172839576,131021.40239197537,3596,0,911.8048780487804,35,6,15,35.99079126875853,0.6178571428571428,45.486111111111114,1018.055555555556,29.0873015873016,0
4065,4,0,1,40,0.0,0.024390243902439025,0.975609756097561,41,800,600,200,0.75,10,6,4,373.8379400622028,0.8183943089430894,0.06898329180996621,0.209964754976863,129701.96926708233,1497.5034025634257,131199.47266964577,3597,1,912.8048780487804,35,6,15,35.82133185622846,0.6193452380952382,45.341435185185176,1018.634259259258,29.103835978835942,0
4066,4,0,0,40,0.0,0.0,1.0,40,1050,600,450,0.5714285714285714,15,6,9,385.95310576427187,0.8081730769230769,0.06526641738724015,0.21701620756443074,129746.60572562354,2015.2210884353667,131761.8268140589,3598,2,936.025,34,6,16,35.467301550206436,0.6219362745098039,45.297619047619044,1018.8095238095234,29.964985994397747,0
4067,4,0,0,40,0.0,0.0,1.0,40,850,600,250,0.7058823529411765,11,6,5,388.5334049829667,0.8092948717948718,0.06849807220469684,0.21863625333656878,129776.92920918361,2084.534438775502,131861.4636479591,3599,3,937.025,34,6,16,35.37066246056783,0.6222426470588236,45.26785714285714,1018.9285714285709,29.968487394957968,0
4068,4,0,1,39,0.0,0.025,0.975,40,900,600,300,0.6666666666666666,12,6,6,385.51345201203833,0.8086271367521367,0.06674258350852602,0.2174417770834699,129867.92091836738,2013.1660997732465,131881.08701814062,3600,4,938.025,34,6,17,35.354862571050376,0.6231617647058822,45.17857142857143,1019.2857142857146,29.978991596638664,0
4069,4,0,1,38,0.0,0.02564102564102564,0.9743589743589743,39,950,700,250,0.7368421052631579,12,7,5,394.8174137040153,0.803812415654521,0.06895169372619803,0.2222685710865867,129793.87622849384,2448.9765054306013,132242.85273392443,3601,5,962.7948717948718,33,6,18,35.19330026057325,0.6246843434343434,45.25122549019608,1018.9950980392156,30.878639334521683,0
4070,4,0,0,38,0.0,0.0,1.0,38,1250,900,350,0.72,16,9,7,398.7442531342905,0.8002607871028924,0.08161490377818881,0.22507890834468883,129898.25857426306,2759.2368197278947,132657.49539399095,3602,6,980.7105263157895,34,4,18,34.98676476312819,0.6234681372549019,45.148809523809526,1019.404761904762,29.982492997198882,0
4071,4,0,0,38,0.0,0.0,1.0,38,600,400,200,0.6666666666666666,8,4,4,399.09820883430103,0.8002015173067805,0.07800126556615661,0.2259797987497331,130019.64462868494,2778.121456916115,132797.76608560106,3603,7,981.7105263157895,34,4,19,34.853945371775424,0.6246936274509803,45.02976190476191,1019.8809523809535,29.99649859943981,0
4072,4,1,0,39,0.02564102564102564,0.0,1.0,39,950,800,150,0.8421052631578947,11,8,3,389.3902080739266,0.8069050832208727,0.09212515330424109,0.22296929748946495,130455.99819214873,2360.337928215362,132816.33612036408,3604,0,957.5128205128206,32,7,21,34.65733531083921,0.6337890625,44.60227272727273,1021.5909090909089,31.924715909090903,0
4073,4,1,0,40,0.025,0.0,1.0,40,1450,1100,350,0.7586206896551724,18,11,7,378.92848815402965,0.8128205128205128,0.09987127290144882,0.2195997088531785,130920.20083922052,1921.878754565552,132842.07959378607,3605,0,934.55,33,7,16,34.453333932064034,0.6360479797979798,44.14828431372549,1023.4068627450982,31.012329174093885,0
4074,4,0,0,40,0.0,0.0,1.0,40,600,500,100,0.8333333333333334,7,5,2,373.7271961839969,0.8125267094017093,0.09297725912627186,0.21729232596501707,131045.64838343434,1795.0645484909753,132840.7129319253,3606,1,935.55,33,7,16,34.45928086973868,0.637310606060606,44.02573529411765,1023.8970588235301,31.027183600713034,0
4075,4,0,0,40,0.0,0.0,1.0,40,1100,700,400,0.6363636363636364,15,7,8,373.2853123741521,0.8119391025641025,0.10006580521655906,0.21756754817455817,131139.77346453292,1790.5102604767467,132930.28372500968,3607,2,936.55,33,7,18,34.375249262183935,0.6382575757575757,43.93382352941177,1024.2647058823534,31.038324420677377,0
4076,4,0,0,40,0.0,0.0,1.0,40,1400,900,500,0.6428571428571429,19,9,10,371.44663784336933,0.8122596153846153,0.09435277713223345,0.21687040470013835,131206.1295351475,1747.2151360544394,132953.34467120195,3608,3,937.55,34,6,18,34.35514950809514,0.636642156862745,43.86904761904763,1024.5238095238105,30.133053221288545,0
4077,4,0,0,40,0.0,0.0,1.0,40,1400,1000,400,0.7142857142857143,18,10,8,372.79397184215736,0.8129540598290599,0.09126016260162606,0.21835075493612083,131328.12500000012,1791.6666666666813,133119.7916666668,3609,4,938.55,34,6,19,34.197154471544714,0.6378676470588235,43.75000000000001,1025.000000000001,30.147058823529438,0
4078,4,0,0,40,0.0,0.0,1.0,40,1200,800,400,0.6666666666666666,16,8,8,373.9240531625007,0.8097222222222222,0.10359020310633227,0.22009453762096565,131516.61169982704,1835.4449009996233,133352.05660082668,3610,5,939.55,33,7,20,33.977499004380725,0.6420454545454545,43.56617647058824,1025.7352941176475,31.082887700534773,0
4079,4,0,0,40,0.0,0.0,1.0,40,1000,800,200,0.8,12,8,4,372.79065270922166,0.8096153846153846,0.09720496894409925,0.2197889679212398,131579.4706362938,1810.3193483275716,133389.78998462137,3611,6,940.55,33,7,16,33.9430044593088,0.6426767676767677,43.504901960784316,1025.9803921568632,31.090314913844338,0
4080,4,2,2,40,0.047619047619047616,0.047619047619047616,0.9523809523809523,42,850,600,250,0.7058823529411765,11,6,5,355.4127967607355,0.8208478513356562,0.09376307405142748,0.21176877917059145,131981.42387902958,981.5773962620119,132963.00127529158,3612,0,896.7142857142857,35,7,16,33.98334835173087,0.6422619047619047,43.11342592592593,1027.546296296297,29.35846560846563,0
4081,4,2,2,40,0.047619047619047616,0.047619047619047616,0.9523809523809523,42,1250,1000,250,0.8,15,10,5,355.1879285410474,0.8192750677506775,0.07840105221997096,0.2125460884447608,132144.21895438983,987.2062798168673,133131.4252342067,3613,0,897.6666666666666,37,5,17,33.82511730830756,0.6399211711711712,42.95504385964912,1028.1798245614036,27.788643907064962,0
4082,4,0,0,40,0.0,0.0,1.0,40,1050,600,450,0.5714285714285714,15,6,9,371.9789819618796,0.8077991452991453,0.09045741324921108,0.22129259007330068,131921.96609224982,1814.4397290809495,133736.40582133076,3614,9,943.55,35,5,17,33.61780832206699,0.6416666666666666,43.171296296296305,1027.3148148148161,29.35185185185189,0
4083,4,0,0,40,0.0,0.0,1.0,40,1700,1500,200,0.8823529411764706,19,15,4,373.3541100158184,0.8056623931623932,0.0979483282674769,0.22333364035491696,132130.12695312515,1866.2651909722356,133996.3921440974,3615,10,944.55,35,5,18,33.37238264099966,0.6437499999999999,42.96875000000001,1028.1250000000011,29.375000000000032,0
4084,4,0,0,40,0.0,0.0,1.0,40,1500,1200,300,0.8,18,12,6,373.7492027344101,0.803659188034188,0.10053705994826267,0.22498335555258242,132368.22601862578,1894.503788365927,134262.7298069917,3616,11,945.55,35,5,20,33.122094440070484,0.6461309523809522,42.737268518518526,1029.0509259259268,29.40145502645505,0
4085,4,0,0,40,0.0,0.0,1.0,40,1800,1400,400,0.7777777777777778,22,14,8,374.01181880963,0.8022435897435898,0.1082620259019429,0.22586970733698886,132489.9092970522,1910.561739002445,134400.47103605463,3617,12,946.55,34,6,20,32.992695806352145,0.6495098039215685,42.61904761904762,1029.5238095238096,30.28011204481793,0
4086,4,0,0,40,0.0,0.0,1.0,40,800,600,200,0.75,10,6,4,372.08973513054946,0.8009615384615385,0.10618932038834927,0.2254426042261566,132612.50000000015,1868.7500000000148,134481.25000000017,3618,13,947.55,34,6,22,32.91868932038835,0.650735294117647,42.50000000000001,1030.0000000000011,30.294117647058858,0
4087,4,0,0,40,0.0,0.0,1.0,40,1750,1400,350,0.8,21,14,7,374.6708113885386,0.799732905982906,0.11101802634619817,0.2273773633770276,132673.8166099773,1941.8013038548738,134615.6179138322,3619,14,948.55,34,6,16,32.7904726138202,0.6513480392156863,42.44047619047619,1030.2380952380952,30.30112044817927,0
4088,4,0,0,40,0.0,0.0,1.0,40,1000,700,300,0.7,13,7,6,375.4615535627316,0.7994123931623932,0.10874335874335905,0.2286038066628785,132796.49234693885,1971.995464852617,134768.48781179145,3620,15,949.55,34,6,17,32.6465888965889,0.6525735294117647,42.32142857142858,1030.7142857142862,30.315126050420183,0
4089,4,0,0,40,0.0,0.0,1.0,40,1700,1400,300,0.8235294117647058,20,14,6,372.2252126517731,0.8002670940170941,0.10594703770197467,0.22783455323850293,132994.25582990405,1900.7630315500755,134895.01886145413,3621,16,950.55,35,5,19,32.53104428485938,0.6523809523809523,42.12962962962963,1031.481481481482,29.470899470899486,0
4090,4,0,0,40,0.0,0.0,1.0,40,800,500,300,0.625,11,5,6,371.99927400585506,0.7987980769230769,0.11029444756029183,0.22824318842134894,133083.80922335834,1901.416082604614,134985.22530596296,3622,17,951.55,35,5,19,32.446835857169575,0.6532738095238094,42.04282407407408,1031.8287037037048,29.48082010582014,0
4091,4,1,2,39,0.024390243902439025,0.04878048780487805,0.9512195121951219,41,850,600,250,0.7058823529411765,11,6,5,365.565252964422,0.8046239837398373,0.1086256882198049,0.22558770993834149,133297.7297398752,1545.8036583881417,134843.53339826336,3623,0,929.3170731707318,36,5,19,32.397991639403855,0.6533564814814814,41.8355855855856,1032.6576576576592,28.68493493493498,0
4092,4,1,0,40,0.025,0.0,1.0,40,1100,700,400,0.6363636363636364,15,7,8,375.7031085348239,0.8000267094017094,0.12089870013446902,0.2321866025321863,133352.65024862834,2020.201045953368,135372.85129458172,3624,0,952.85,35,5,21,32.081092185865835,0.6559523809523808,41.78240740740741,1032.870370370371,29.510582010582027,0
4093,4,0,1,39,0.0,0.025,0.975,40,1100,800,300,0.7272727272727273,14,8,6,375.91050988553565,0.7988514957264957,0.12439516129032269,0.2330645161290324,133472.22222222242,2034.7222222222445,135506.94444444467,3625,1,953.85,35,5,21,31.95564516129032,0.657142857142857,41.66666666666668,1033.3333333333348,29.523809523809568,0
4094,4,0,0,39,0.0,0.0,1.0,39,1000,800,200,0.8,12,8,4,383.27775423288807,0.7913855150697257,0.1255636120812429,0.23723854145741807,133410.72137188204,2426.672335600902,135837.39370748293,3626,2,978.4358974358975,34,5,21,31.827129907044636,0.6587009803921569,41.726190476190474,1033.0952380952378,30.385154061624643,0
4095,4,0,0,39,0.0,0.0,1.0,39,950,800,150,0.8421052631578947,11,8,3,382.73933402705484,0.7914417453891138,0.12179487179487158,0.23729838709677417,133472.2222222223,2417.013888888898,135889.2361111112,3627,3,979.4358974358975,34,5,21,31.779233870967722,0.6593137254901961,41.66666666666667,1033.3333333333342,30.39215686274512,0
4096,4,0,0,39,0.0,0.0,1.0,39,750,400,350,0.5333333333333333,11,4,7,380.12385730883943,0.7909919028340081,0.12024692054006803,0.23630022929289787,133570.09369260777,2354.6358471074195,135924.7295397152,3628,4,980.4358974358975,32,7,22,31.74850372541835,0.6650390625,41.57196969696969,1033.71212121212,32.30350378787875,0
4097,4,0,0,39,0.0,0.0,1.0,39,850,600,250,0.7058823529411765,11,6,5,381.6420453783091,0.7912730544309492,0.12303935380858477,0.23787278170839807,133668.00103305784,2402.6658631772243,136070.66689623505,3629,5,981.4358974358975,32,7,22,31.61095848595849,0.666015625,41.47727272727273,1034.090909090909,32.31534090909091,0
4098,4,0,0,39,0.0,0.0,1.0,39,700,400,300,0.5714285714285714,10,4,6,379.68128919601435,0.791497975708502,0.12104366987179493,0.237069292766292,133733.2925211714,2355.205782573215,136088.4983037446,3630,6,982.4358974358975,32,7,20,31.596120198567707,0.6666666666666666,41.41414141414142,1034.3434343434349,32.32323232323234,0
4099,4,0,0,39,0.0,0.0,1.0,39,1350,1100,250,0.8148148148148148,16,11,5,376.2923670225879,0.7889113810166442,0.11622930510192586,0.235786868510484,133863.92332415062,2274.394513314969,136138.31783746558,3631,7,983.4358974358975,32,7,20,31.552739141044412,0.66796875,41.28787878787879,1034.848484848485,32.339015151515156,0
4100,4,0,0,39,0.0,0.0,1.0,39,1100,800,300,0.7272727272727273,14,8,6,377.1321895789624,0.7881241565452092,0.1204296232351858,0.2367327480986473,133929.2626390164,2301.807213549635,136231.06985256606,3632,8,984.4358974358975,32,7,20,31.46549971537774,0.6686197916666667,41.224747474747474,1035.10101010101,32.34690656565656,0
4101,4,1,0,40,0.025,0.0,1.0,40,1000,800,200,0.8,12,8,4,367.70786995557853,0.7924412393162393,0.12602885525070961,0.23273486140302171,134233.10745866972,1871.7140042291394,136104.82146289886,3633,0,960.8,33,7,21,31.40521523178808,0.6691919191919192,40.931372549019606,1036.2745098039213,31.4022578728461,0
4102,4,0,0,40,0.0,0.0,1.0,40,900,400,500,0.4444444444444444,14,4,10,368.8369458316781,0.7924145299145299,0.12296666272609058,0.23405789383272038,134328.3701731305,1909.0531586409006,136237.4233317714,3634,1,961.8,33,7,21,31.280662607873264,0.670138888888889,40.83946078431372,1036.6421568627447,31.413398692810446,0
4103,4,0,0,40,0.0,0.0,1.0,40,1200,900,300,0.75,15,9,6,376.4916140133091,0.7916666666666666,0.14299731838127738,0.2375951693357837,134125.37623711867,2099.599849643063,136224.97608676174,3635,2,962.8,32,8,20,31.285551763367465,0.6705729166666666,41.035353535353536,1035.858585858586,32.37058080808081,1
4104,4,0,0,40,0.0,0.0,1.0,40,1250,1000,250,0.8,15,10,5,379.7214805477578,0.7901175213675213,0.14160372761603135,0.24070529990861336,134288.91383851136,2198.477036781961,136487.39087529332,3636,3,963.8,32,8,20,31.038088277094246,0.6722005208333334,40.87752525252525,1036.4898989898988,32.39030934343434,0
4105,4,0,0,40,0.0,0.0,1.0,40,900,700,200,0.7777777777777778,11,7,4,377.6588690021304,0.7897702991452992,0.14808207501217763,0.2400413802047597,134387.08422609937,2150.4948474645466,136537.57907356392,3637,4,964.8,32,8,20,30.993261893164483,0.6731770833333334,40.782828282828284,1036.8686868686868,32.402146464646464,0
4106,4,0,0,40,0.0,0.0,1.0,40,1150,600,550,0.5217391304347826,17,6,11,379.785941549312,0.7904113247863248,0.1454346238130022,0.24182649022372463,134452.5510789715,2212.637741046831,136665.18882001835,3638,5,965.8,32,8,20,30.872595568541513,0.673828125,40.71969696969697,1037.121212121212,32.410037878787875,0
4107,4,0,0,40,0.0,0.0,1.0,40,1050,600,450,0.5714285714285714,15,6,9,379.28937196189725,0.7901442307692308,0.1397760467380722,0.24194421428873822,134518.03387409446,2204.2521171309004,136722.28599122536,3639,6,966.8,32,8,20,30.81994482310938,0.6744791666666667,40.656565656565654,1037.3737373737372,32.41792929292929,0
4108,4,1,1,40,0.024390243902439025,0.024390243902439025,0.975609756097561,41,1000,500,500,0.5,15,5,10,370.12988052662234,0.7976117886178862,0.137811353334772,0.2381815290404805,134837.00867755205,1781.4411824779124,136618.44986002997,3640,0,944.1951219512196,33,8,16,30.738815142576204,0.6751893939393938,40.34926470588236,1038.6029411764719,31.472816399287026,0
4109,4,0,0,40,0.0,0.0,1.0,40,1150,700,450,0.6086956521739131,16,7,9,377.22733548199085,0.7899305555555556,0.1322166828793776,0.24236856304717896,134780.1244770941,2168.5494464850467,136948.67392357913,3641,8,968.8,32,8,17,30.611371190012985,0.6770833333333334,40.4040404040404,1038.3838383838379,32.449494949494934,0
4110,4,0,0,40,0.0,0.0,1.0,40,1000,600,400,0.6,14,6,8,375.6658876262496,0.7889957264957265,0.13552855407047404,0.24267898392182358,134976.8598229771,2141.240370880505,137118.1001938576,3642,9,969.8,32,8,17,30.455396921830687,0.6790364583333335,40.21464646464646,1039.1414141414132,32.47316919191916,0
4111,4,1,1,40,0.024390243902439025,0.024390243902439025,0.975609756097561,41,950,700,250,0.7368421052631579,12,7,5,368.7381242776853,0.7915650406504064,0.13620376543067958,0.24001911034271378,135250.98519800056,1774.4389177239266,137025.42411572448,3643,0,947.1219512195122,33,8,17,30.36198162111215,0.6792929292929294,39.95098039215685,1040.196078431371,31.52109328579912,0
4112,4,0,0,40,0.0,0.0,1.0,40,950,700,250,0.7368421052631579,12,7,5,379.1772422785591,0.7876602564102564,0.1463661202185791,0.24606182743608612,135140.91554752053,2248.471935261689,137389.38748278221,3644,11,971.8,32,8,17,30.20036429872493,0.6806640625,40.05681818181817,1039.7727272727263,32.4928977272727,0
4113,4,0,0,40,0.0,0.0,1.0,40,1200,900,300,0.75,15,9,6,362.36750234375216,0.787366452991453,0.119692448932752,0.23116181664886215,134519.90504535148,1749.128401360545,136269.033446712,3645,12,972.8,34,6,18,31.256933287430194,0.6697303921568627,40.654761904761905,1037.3809523809525,30.51120448179272,3
4114,4,0,0,40,0.0,0.0,1.0,40,300,200,100,0.6666666666666666,4,2,2,362.36750234375216,0.787366452991453,0.119692448932752,0.23116181664886215,134519.90504535148,1749.128401360545,136269.033446712,3646,13,973.8,34,6,18,31.256933287430194,0.6697303921568627,40.654761904761905,1037.3809523809525,30.51120448179272,0
4115,4,0,0,40,0.0,0.0,1.0,40,950,600,350,0.631578947368421,13,6,7,360.72449471616596,0.786298076923077,0.12363013698630132,0.23071110432450875,134614.36106305278,1711.7430182857593,136326.10408133853,3647,14,974.8,33,7,18,31.205223586836723,0.6729797979797979,40.563725490196084,1037.7450980392166,31.446821152703535,0
4116,4,0,0,40,0.0,0.0,1.0,40,1000,800,200,0.8,12,8,4,361.09951929635906,0.7836004273504273,0.1166784702549577,0.23176023693020856,134741.56574394458,1731.0229238754257,136472.58866782,3648,15,975.8,33,7,19,31.068519830028325,0.6742424242424242,40.44117647058823,1038.2352941176466,31.461675579322623,0
4117,4,0,0,40,0.0,0.0,1.0,40,900,600,300,0.6666666666666666,12,6,6,364.2141116988902,0.7824786324786325,0.1147475224162342,0.23458045674466496,134868.83049788536,1824.2262591310919,136693.05675701646,3649,16,976.8,33,7,17,30.86066540821141,0.6755050505050505,40.31862745098039,1038.7254901960778,31.47653000594175,0
4118,4,0,1,39,0.0,0.025,0.975,40,1100,800,300,0.7272727272727273,14,8,6,346.2630411063364,0.7830662393162393,0.05204388749042388,0.2082821202494139,132340.06123944902,1164.8944129940903,133504.9556524431,3650,17,977.8,36,4,16,33.857529823793385,0.6438078703703702,42.76463963963965,1028.9414414414423,28.58170670670673,6
4119,4,1,1,39,0.025,0.025,0.975,40,600,400,200,0.6666666666666666,8,4,4,345.4859312994483,0.7857905982905983,0.05539469245474016,0.208298738104813,132427.78427479844,1150.399957620747,133578.18423241918,3651,0,977.175,35,5,18,33.78933337081601,0.6467261904761905,42.679398148148145,1029.2824074074067,29.408068783068764,0
4120,4,0,1,38,0.0,0.02564102564102564,0.9743589743589743,39,950,500,450,0.5263157894736842,14,5,9,351.4584516689498,0.7791835357624831,0.04849562768637883,0.21259549698856026,132551.19756235808,1517.247732426277,134068.44529478435,3652,1,1001.4615384615385,34,5,20,33.5115606936416,0.6501225490196081,42.559523809523796,1029.7619047619032,30.28711484593833,0
4121,4,1,1,38,0.02564102564102564,0.02564102564102564,0.9743589743589743,39,850,400,450,0.47058823529411764,13,4,9,344.8392298270133,0.7861560953666217,0.03903028579553536,0.20961575655776846,132735.14739228997,1354.457199546454,134089.60459183643,3653,0,983.7948717948718,34,5,14,33.49723698398028,0.6519607843137256,42.380952380952365,1030.4761904761883,30.308123249299655,0
4122,4,1,2,37,0.02564102564102564,0.05128205128205128,0.9487179487179487,39,550,400,150,0.7272727272727273,7,4,3,344.41205958877526,0.7846378767431399,0.03224526301449404,0.20969898818000063,132796.49234693835,1347.3426870747828,134143.83503401314,3654,0,984.7692307692307,34,5,15,33.44666782166782,0.6525735294117649,42.32142857142855,1030.7142857142824,30.31512605042007,0
4123,4,1,0,38,0.02631578947368421,0.0,1.0,38,1250,1100,150,0.88,14,11,3,353.4103135811651,0.7735301090564248,0.04109769071906855,0.21506372917638186,132776.6438989811,1784.9270713187143,134561.57097029983,3655,0,1011.578947368421,33,5,17,33.23474038842648,0.6546717171717171,42.3406862745098,1030.6372549019602,31.231431966726067,0
4124,4,0,0,38,0.0,0.0,1.0,38,650,400,250,0.6153846153846154,9,4,5,355.9282188934904,0.7730263157894737,0.030588625373012768,0.21714460518861,132871.38848339568,1858.5353289600027,134729.9238123557,3656,1,1012.578947368421,33,5,18,33.07468104916993,0.6556186868686869,42.248774509803916,1031.0049019607834,31.242572786690406,0
4125,4,0,0,38,0.0,0.0,1.0,38,1100,800,300,0.7272727272727273,14,8,6,354.64143570679,0.7727596017069701,0.029919360229461622,0.2164587367622625,132888.53635204062,1825.556264172314,134714.09261621293,3657,2,1013.578947368421,34,4,18,33.0906265635223,0.6534926470588236,42.23214285714285,1031.071428571427,30.325630252100797,0
4126,4,1,1,38,0.02564102564102564,0.02564102564102564,0.9743589743589743,39,750,500,250,0.6666666666666666,10,5,5,346.79892545770434,0.7796333783175888,0.031887358939849175,0.21295173687196176,133113.6670524688,1432.7353395061375,134546.40239197496,3658,0,988.5641025641025,35,4,18,33.06695827725437,0.6535714285714287,42.01388888888887,1031.9444444444418,29.48412698412691,0
4127,4,0,0,38,0.0,0.0,1.0,38,600,300,300,0.5,9,3,6,354.65232643498257,0.7724928876244666,0.03313165184429212,0.216999135327167,132980.61224489778,1832.37670068025,134812.98894557802,3659,4,1015.578947368421,34,4,18,32.997893582640806,0.6544117647058825,42.14285714285713,1031.42857142857,30.33613445378147,0
4128,4,0,0,38,0.0,0.0,1.0,38,900,600,300,0.6666666666666666,12,6,6,357.0226516551395,0.7713074917022286,0.031900685970982945,0.21953094963475583,133164.85969387743,1908.5742630385364,135073.43395691598,3660,5,1016.578947368421,34,4,19,32.75182622068435,0.65625,41.96428571428571,1032.1428571428562,30.35714285714283,0
4129,4,0,0,38,0.0,0.0,1.0,38,1600,1200,400,0.75,20,12,8,355.222381881211,0.7699739212897108,0.03626950862231082,0.21969099127464484,133379.9762613378,1875.9105725623558,135255.88683390018,3661,6,1017.578947368421,34,4,20,32.58254581076409,0.6583946078431373,41.75595238095238,1032.9761904761901,30.381652661064415,0
4130,4,0,0,38,0.0,0.0,1.0,38,800,600,200,0.75,10,6,4,353.67254156959615,0.7695886676149835,0.03740857097803274,0.21891371724257866,133410.72137188193,1836.7417800453345,135247.46315192725,3662,7,1018.578947368421,34,4,20,32.591755012675726,0.6587009803921569,41.72619047619047,1033.095238095237,30.385154061624615,0
4131,4,0,0,38,0.0,0.0,1.0,38,900,600,300,0.6666666666666666,12,6,6,349.0610282818128,0.7679291133238502,0.035752381875924,0.2171379634383427,133595.26643990938,1726.5802154195092,135321.84665532887,3663,8,1019.578947368421,34,4,20,32.526053661906964,0.6605392156862745,41.54761904761905,1033.8095238095243,30.40616246498601,0
4132,4,0,0,38,0.0,0.0,1.0,38,1050,700,350,0.6666666666666666,14,7,7,351.46333342188314,0.7677513039355145,0.0642294467589648,0.217726643166918,133441.47002551003,1779.9567743763987,135221.42679988642,3664,9,1020.578947368421,34,4,19,32.61800514652225,0.6590073529411765,41.69642857142856,1033.2142857142844,30.388655462184836,3
4133,4,0,0,38,0.0,0.0,1.0,38,1250,700,550,0.56,18,7,11,352.29114986760413,0.7668622569938359,0.05898517183084562,0.21935648940464747,133630.56163795164,1815.3763864614375,135445.93802441307,3665,10,1021.578947368421,33,5,22,32.407229070364664,0.6631944444444444,41.51348039215686,1033.9460784313717,31.331699346405202,0
4134,4,0,0,38,0.0,0.0,1.0,38,800,500,300,0.625,11,5,6,352.27397271886497,0.7676920341394026,0.060840259634989735,0.22009952655217901,133757.3007527153,1823.8431432622067,135581.1438959775,3666,11,1022.578947368421,33,5,13,32.280806973897256,0.6644570707070707,41.39093137254902,1034.4362745098038,31.346553773024358,0
4135,4,0,0,38,0.0,0.0,1.0,38,800,700,100,0.875,9,7,2,353.3415916326765,0.7679587482219061,0.056468454091524345,0.22114626079723393,133820.69283749032,1856.8833201172602,135677.57615760757,3667,12,1023.578947368421,33,5,14,32.1897577875163,0.6650883838383839,41.3296568627451,1034.681372549019,31.35398098633391,0
4136,4,0,0,38,0.0,0.0,1.0,38,900,600,300,0.6666666666666666,12,6,6,349.428089245503,0.7685218112849692,0.06517946465607727,0.20763536873348493,131877.80612244908,1618.3481266281185,133496.1542490772,3668,13,1024.578947368421,34,4,16,34.24147156544585,0.6433823529411763,43.21428571428572,1027.142857142858,30.21008403361347,5
4137,4,1,0,39,0.02564102564102564,0.0,1.0,39,1050,800,250,0.7619047619047619,13,8,5,342.5635322093821,0.7728857399910032,0.07424209630174738,0.20523782762510864,132189.63162562164,1256.6694262260016,133446.30105184764,3669,0,999.2820512820513,35,4,17,34.10394391296193,0.644345238095238,42.91087962962963,1028.356481481482,29.38161375661377,0
4138,4,0,0,39,0.0,0.0,1.0,39,1000,800,200,0.8,12,8,4,343.08533798129895,0.7733355825461089,0.07018819577901314,0.20571230184222844,132219.3889853397,1272.5067515432354,133491.89573688293,3670,1,1000.2820512820513,35,4,17,34.060600945307236,0.6446428571428571,42.88194444444446,1028.4722222222238,29.38492063492068,0
4139,4,0,0,39,0.0,0.0,1.0,39,900,500,400,0.5555555555555556,13,5,8,343.9370187082922,0.7726608187134503,0.0779701792189138,0.2067110317307647,132308.68115837194,1301.1706693672916,133609.85182773924,3671,2,1001.2820512820513,35,4,18,33.9489115761053,0.6455357142857142,42.79513888888889,1028.8194444444448,29.39484126984128,0
4140,4,0,0,39,0.0,0.0,1.0,39,850,500,350,0.5882352941176471,12,5,7,344.89451034088205,0.7721547458389564,0.08315525062797602,0.20761388567642416,132368.22601862578,1330.614899477038,133698.84091810283,3672,3,1002.2820512820513,35,4,18,33.86441813819218,0.6461309523809522,42.737268518518526,1029.0509259259268,29.40145502645505,0
4141,4,0,0,39,0.0,0.0,1.0,39,1000,500,500,0.5,15,5,10,347.7757362455359,0.7718173639226271,0.09029699317469109,0.2101775101657804,132517.14677640607,1417.2496570644769,133934.39643347054,3673,4,1003.2820512820513,35,4,20,33.640587529976024,0.6476190476190475,42.592592592592595,1029.62962962963,29.41798941798943,0
4142,4,0,0,39,0.0,0.0,1.0,39,1200,800,400,0.6666666666666666,16,8,8,350.1312198970684,0.7719298245614036,0.09151501535235518,0.2126103765022988,132695.96220207465,1492.1998242455268,134188.16202632018,3674,5,1004.2820512820513,35,4,14,33.40026585785966,0.6494047619047618,42.418981481481474,1030.3240740740732,29.437830687830665,0
4143,4,0,0,39,0.0,0.0,1.0,39,1400,900,500,0.6428571428571429,19,9,10,350.53087594164737,0.77046783625731,0.09585010393454163,0.21353132565911834,132815.23946544912,1511.1684456447042,134326.40791109382,3675,6,1005.2820512820513,35,4,15,33.27017366569353,0.6505952380952382,42.30324074074073,1030.7870370370363,29.451058201058178,0
4144,4,0,0,39,0.0,0.0,1.0,39,950,700,250,0.7368421052631579,12,7,5,349.53117523861647,0.7697368421052632,0.09003718927383075,0.21326189787846536,132874.89819101503,1488.7838648833952,134363.68205589842,3676,7,1006.2820512820513,35,4,15,33.236042508606495,0.6511904761904762,42.24537037037037,1031.018518518518,29.457671957671945,0
4145,4,0,0,39,0.0,0.0,1.0,39,950,800,150,0.8421052631578947,11,8,3,344.48539721320617,0.768387314439946,0.09146987064401779,0.21085534752500626,132994.25582990397,1362.9158093278402,134357.17163923182,3677,8,1007.2820512820513,35,4,15,33.24637193297427,0.6523809523809524,42.129629629629626,1031.4814814814813,29.470899470899464,0
4146,4,0,0,39,0.0,0.0,1.0,39,850,600,250,0.7058823529411765,11,6,5,344.48539721320617,0.768387314439946,0.09146987064401779,0.21085534752500626,132994.25582990397,1362.9158093278402,134357.17163923182,3678,9,1008.2820512820513,35,4,15,33.24637193297427,0.6523809523809524,42.129629629629626,1031.4814814814813,29.470899470899464,0
4147,4,0,1,38,0.0,0.02564102564102564,0.9743589743589743,39,700,400,300,0.5714285714285714,10,4,6,342.78958220220136,0.7690058479532164,0.08658195380187084,0.2106584910059978,133143.5282305598,1328.0428830161163,134471.57111357592,3679,10,1009.2820512820513,35,4,16,33.14046671152481,0.6538690476190476,41.9849537037037,1032.060185185185,29.487433862433857,0
4148,4,0,0,38,0.0,0.0,1.0,38,1100,900,200,0.8181818181818182,13,9,4,351.2648965850442,0.7652916073968705,0.08629695994168918,0.21510320345649495,133011.31129535128,1744.4409013605211,134755.7521967118,3680,25,1036.578947368421,34,4,16,33.05443354491248,0.654718137254902,42.11309523809523,1031.5476190476174,30.33963585434169,0
4149,4,0,0,38,0.0,0.0,1.0,38,850,400,450,0.47058823529411764,13,4,9,353.9245348672521,0.7646989094357516,0.08992063058303423,0.21708874336125072,133072.7200255101,1819.5401077097404,134892.26013321982,3681,26,1037.578947368421,34,4,16,32.92421445329025,0.6553308823529412,42.05357142857142,1031.7857142857135,30.34663865546216,0
4150,4,0,0,38,0.0,0.0,1.0,38,800,500,300,0.625,11,5,6,353.44558825815517,0.7641062114746325,0.0863126320647023,0.2169735381743406,133103.42970521533,1808.964002267563,134912.3937074829,3682,27,1038.578947368421,34,4,16,32.90575488386401,0.6556372549019608,42.02380952380952,1031.9047619047612,30.35014005602239,0
4151,4,0,0,38,0.0,0.0,1.0,38,600,400,200,0.6666666666666666,8,4,4,353.4373923258157,0.7640469416785206,0.08079888302070048,0.21732639655778863,133164.85969387746,1813.0881519274265,134977.94784580488,3683,28,1039.578947368421,34,4,16,32.84433871587851,0.65625,41.96428571428571,1032.1428571428564,30.357142857142836,0
4152,4,0,0,38,0.0,0.0,1.0,38,750,600,150,0.8,9,6,3,356.56239651211615,0.7632764343290659,0.07933570379719201,0.21997313139019148,133287.76218820846,1905.0807823129117,135192.84297052136,3684,29,1040.578947368421,34,4,16,32.640410037660445,0.6574754901960785,41.84523809523809,1032.6190476190463,30.371148459383715,0
4153,4,0,0,38,0.0,0.0,1.0,38,750,500,250,0.6666666666666666,10,5,5,355.46143412743504,0.7622688477951636,0.07637523962048931,0.21965693749926093,133349.23469387746,1880.1020408163115,135229.33673469376,3685,30,1041.578947368421,34,4,16,32.607192254495146,0.6580882352941178,41.78571428571428,1032.8571428571422,30.378151260504183,0
4154,4,0,0,38,0.0,0.0,1.0,38,1000,700,300,0.7,13,7,6,355.62453361332933,0.7609945471787577,0.0772370543782821,0.22012194741058996,133410.72137188198,1888.825113378668,135299.54648526065,3686,31,1042.578947368421,34,4,16,32.5413401705462,0.6587009803921569,41.72619047619047,1033.0952380952374,30.38515406162463,0
4155,4,0,0,38,0.0,0.0,1.0,38,1200,800,400,0.6666666666666666,16,8,8,351.3149349682572,0.7594238975817923,0.0675094104026619,0.2183584524215732,133564.50007086166,1784.6407312925116,135349.14080215417,3687,32,1043.578947368421,34,4,17,32.49860839187683,0.6602328431372548,41.57738095238095,1033.6904761904761,30.402661064425768,0
4156,4,0,0,38,0.0,0.0,1.0,38,750,600,150,0.8,9,6,3,352.30985430195517,0.7588015647226174,0.06836529370408995,0.21915893801992664,133595.26643990923,1813.3857709750505,135408.6522108843,3688,33,1044.578947368421,34,4,17,32.44208697988639,0.6605392156862746,41.547619047619044,1033.8095238095232,30.406162464985975,0
4157,4,0,0,38,0.0,0.0,1.0,38,1000,500,500,0.5,15,5,10,354.53832390087774,0.7561047889995258,0.06628162649690128,0.22146538435476087,133749.1514314057,1883.8399943310405,135632.99142573675,3689,34,1045.578947368421,34,4,15,32.2304062607895,0.6620710784313726,41.39880952380951,1034.4047619047606,30.423669467787075,0
4158,4,1,1,38,0.02564102564102564,0.02564102564102564,0.9743589743589743,39,950,700,250,0.7368421052631579,12,7,5,344.9383903701093,0.7655757984705354,0.05912222184014726,0.217359768805052,134070.8858453361,1449.2391117969814,135520.12495713308,3690,0,1019.7435897435897,35,4,16,32.157092832662784,0.6630952380952382,41.08796296296296,1035.6481481481483,29.589947089947092,0
4159,4,0,0,38,0.0,0.0,1.0,38,500,200,300,0.4,8,2,6,351.98539574371006,0.7540896159317212,0.06165776760742414,0.22079083914832703,133903.12499999988,1826.388888888875,135729.51388888876,3691,36,1047.578947368421,34,4,16,32.1423778851315,0.6636029411764707,41.24999999999999,1034.999999999999,30.441176470588207,0
4160,4,0,0,38,0.0,0.0,1.0,38,850,500,350,0.5882352941176471,12,5,7,351.5765407534948,0.7541192508297772,0.05806422323779503,0.2207189907474108,133933.93034297056,1817.605583900227,135751.5359268708,3692,37,1048.578947368421,34,4,16,32.12214874448916,0.6639093137254901,41.220238095238095,1035.119047619048,30.444677871148468,0
4161,4,0,0,38,0.0,0.0,1.0,38,700,300,400,0.42857142857142855,11,3,8,355.30324102479244,0.7541192508297772,0.08289191930575934,0.2108766326162532,131832.8045294283,1796.823524130609,133629.6280535589,3693,38,1049.578947368421,35,3,16,34.13597899996245,0.6407738095238094,43.25810185185186,1026.9675925925937,29.34193121693125,7
4162,4,0,0,38,0.0,0.0,1.0,38,1000,600,400,0.6,14,6,8,352.86642721199286,0.7540599810336652,0.08217300734568522,0.20967392069059246,131876.97991488146,1706.991746814418,133583.9716616959,3694,39,1050.578947368421,36,2,16,34.15401271790374,0.6391782407407405,43.21509009009011,1027.1396396396424,28.531656656656732,0
4163,4,0,0,38,0.0,0.0,1.0,38,950,800,150,0.8421052631578947,11,8,3,354.5514695942568,0.7531709340919868,0.07948966464170937,0.21099628552566274,131934.8206948505,1755.5369136028187,133690.3576084533,3695,40,1051.578947368421,36,2,17,34.05244071760019,0.6397569444444443,43.1587837837838,1027.3648648648668,28.53791291291297,0
4164,4,1,1,38,0.02564102564102564,0.02564102564102564,0.9743589743589743,39,1000,800,200,0.8,12,8,4,346.9542327958136,0.7659694107062528,0.07802744519162452,0.20808380457958667,132228.78674207465,1375.4674515235681,133604.25419359823,3696,0,1025.5897435897436,37,2,17,33.95167022032694,0.6407657657657657,42.87280701754387,1028.508771929826,27.797534376481785,0
4165,4,0,0,38,0.0,0.0,1.0,38,900,500,400,0.5555555555555556,13,5,8,355.26206478822564,0.7517188240872451,0.0730802037946372,0.21287750496365368,132195.26113951814,1792.792285528798,133988.05342504694,3697,42,1053.578947368421,36,2,17,33.77180975324865,0.6423611111111109,42.90540540540542,1028.3783783783804,28.56606606606612,0
4166,4,0,0,38,0.0,0.0,1.0,38,450,300,150,0.6666666666666666,6,3,3,342.6197561545978,0.7524596965386439,0.0539163755212444,0.19950551885810083,131103.44048168638,1383.7257617728233,132487.1662434592,3698,43,1054.578947368421,37,1,19,35.197180585296216,0.6295045045045047,43.96929824561402,1024.1228070175416,27.67899478425788,5
4167,4,0,0,38,0.0,0.0,1.0,38,750,500,250,0.6666666666666666,10,5,5,348.00772258783917,0.7527856804172594,0.05157258241517004,0.20354207774771652,131273.3764336327,1536.8297538169145,132810.2061874496,3699,44,1055.578947368421,38,0,19,34.88757992771754,0.6293859649122808,43.80341880341879,1024.7863247863236,26.96806117858746,0
4168,4,1,1,38,0.02564102564102564,0.02564102564102564,0.9743589743589743,39,1500,1100,400,0.7333333333333333,19,11,8,342.09207864362975,0.7617521367521368,0.049446930676348755,0.2015820722149721,131559.0823086601,1201.0982291062903,132760.18053776637,3700,0,1029.4871794871794,36,3,19,34.75096048298573,0.6359953703703705,43.52477477477478,1025.9009009009014,28.497247247247262,0
4169,4,1,1,38,0.02564102564102564,0.02564102564102564,0.9743589743589743,39,650,400,250,0.6153846153846154,9,4,5,342.09207864362975,0.7651259559154296,0.049446930676348755,0.2015820722149721,131559.0823086601,1201.063986283586,132760.14629494367,3701,0,1030.4615384615386,36,3,19,34.75096048298573,0.6359953703703705,43.52477477477478,1025.9009009009014,28.497247247247262,0
4170,4,0,0,38,0.0,0.0,1.0,38,1250,1100,150,0.88,14,11,3,346.6163854469767,0.7531116642958748,0.048975700734739114,0.20380675457502717,131476.4596863211,1514.3790455675496,132990.83873188865,3702,47,1058.578947368421,35,3,19,34.71826449234473,0.637202380952381,43.60532407407407,1025.5787037037032,29.302248677248663,0
4171,4,0,0,38,0.0,0.0,1.0,38,800,500,300,0.625,11,5,6,348.2906562449287,0.7538525367472736,0.046819903356405845,0.20558887871288548,131624.87809713645,1568.74303412208,133193.62113125852,3703,48,1059.578947368421,35,3,19,34.52562222723513,0.6386904761904761,43.460648148148145,1026.1574074074072,29.318783068783063,0
4172,4,0,0,38,0.0,0.0,1.0,38,800,600,200,0.75,10,6,4,348.2906562449287,0.7538525367472736,0.046819903356405845,0.20558887871288548,131624.87809713645,1568.74303412208,133193.62113125852,3704,49,1060.578947368421,35,3,19,34.52562222723513,0.6386904761904761,43.460648148148145,1026.1574074074072,29.318783068783063,0
4173,4,0,0,38,0.0,0.0,1.0,38,1300,900,400,0.6923076923076923,17,9,8,346.098524979246,0.7543266951161688,0.043211048360305426,0.20525308246095386,131803.0907064471,1523.3710562414155,133326.46176268853,3705,50,1061.578947368421,35,3,20,34.40223925458371,0.6404761904761905,43.28703703703703,1026.851851851851,29.338624338624317,0
4174,4,0,1,37,0.0,0.02631578947368421,0.9736842105263158,38,450,300,150,0.6666666666666666,6,3,3,349.3202777226741,0.7552453769559033,0.04567828020756126,0.2076501985792855,131892.24222232937,1614.5269365140605,133506.76915884344,3706,51,1062.578947368421,35,3,20,34.22969483568077,0.6413690476190477,43.20023148148148,1027.199074074074,29.348544973544968,0
4175,4,0,0,37,0.0,0.0,1.0,37,1350,1000,350,0.7407407407407407,17,10,7,350.0715982290207,0.7523773773773774,0.0529580675566077,0.20852090851032998,131969.53125000015,1839.7569444444598,133809.2881944446,3707,52,1085.0,34,3,20,34.13253582049202,0.6443014705882353,43.12500000000001,1027.5000000000011,30.22058823529415,0
4176,4,0,0,37,0.0,0.0,1.0,37,750,400,350,0.5333333333333333,11,4,7,349.7813721480062,0.7515015015015015,0.05543090850489252,0.20935978594887922,132153.07716836722,1844.9369331065582,133998.0141014738,3708,53,1086.0,34,3,20,33.95517347844544,0.646139705882353,42.94642857142856,1028.2142857142846,30.24159663865543,0
4177,4,0,0,37,0.0,0.0,1.0,37,1200,900,300,0.75,15,9,6,348.6296688889417,0.7496871871871872,0.05211483906079439,0.20934739186027393,132275.5119756234,1823.0335884353542,134098.54556405876,3709,54,1087.0,34,3,21,33.86158044979362,0.6473651960784315,42.82738095238094,1028.6904761904748,30.255602240896316,0
4178,4,0,0,37,0.0,0.0,1.0,37,450,300,150,0.6666666666666666,6,3,3,349.3841077206139,0.7489364364364365,0.05446061659901025,0.20997061605852183,132306.12953514725,1845.131802721068,134151.26133786832,3710,55,1088.0,34,3,21,33.81137661035253,0.6476715686274511,42.79761904761904,1028.8095238095227,30.25910364145655,0
4179,4,0,0,37,0.0,0.0,1.0,37,850,500,350,0.5882352941176471,12,5,7,351.45239497577495,0.7484359359359359,0.06067477892919326,0.2115614924664598,132368.2260186255,1904.2260105881078,134272.4520292136,3711,56,1089.0,35,2,21,33.69570820680089,0.6461309523809524,42.737268518518505,1029.0509259259243,29.40145502645498,0
4180,4,0,0,37,0.0,0.0,1.0,37,1100,800,300,0.7272727272727273,14,8,6,347.61688891273485,0.7451201201201201,0.06662900256966342,0.2104146311255453,132576.73852237655,1817.1826774691351,134393.92119984567,3712,57,1090.0,35,2,21,33.58479433580579,0.6482142857142856,42.53472222222222,1029.861111111111,29.424603174603174,0
4181,4,0,1,36,0.0,0.02702702702702703,0.972972972972973,37,1350,1000,350,0.7407407407407407,17,10,7,348.5284111360895,0.7426801801801802,0.07159445191569236,0.21180535456277153,132725.7764944486,1851.7407996827737,134577.51729413136,3713,58,1091.0,35,2,15,33.411607510576964,0.649702380952381,42.39004629629629,1030.4398148148139,29.441137566137538,0
4182,4,1,1,36,0.02702702702702703,0.02702702702702703,0.972972972972973,37,1000,800,200,0.8,12,8,4,340.8755591639356,0.7546296296296297,0.06811353830353606,0.20839374972118316,132949.08717839463,1663.8188864540198,134612.90606484865,3714,0,1076.5405405405406,36,1,15,33.38474557763702,0.6498842592592593,42.17342342342342,1031.3063063063064,28.6473973973974,0
4183,4,0,0,36,0.0,0.0,1.0,36,650,500,150,0.7692307692307693,8,5,3,353.5686409612392,0.7423280423280424,0.08373183042999699,0.19592387214905768,129171.97312510718,1934.2317976251722,131106.20492273234,3715,60,1107.4444444444443,35,1,18,36.87675528483054,0.6139880952380952,45.86226851851852,1016.5509259259261,29.044312169312175,7
4184,4,1,0,37,0.02702702702702703,0.0,1.0,37,1050,700,350,0.6666666666666666,14,7,7,352.6893602415725,0.7575075075075075,0.07651729355945247,0.18711318366425708,127432.89531085161,1606.691977360423,129039.58728821203,3716,0,1078.4864864864865,36,1,14,38.67620269164992,0.5943287037037036,47.57882882882884,1009.6846846846865,28.046796796796848,8
4185,4,1,0,38,0.02631578947368421,0.0,1.0,38,950,700,250,0.7368421052631579,12,7,5,348.9186740281391,0.7701517306780464,0.0552385968857827,0.17600304980897555,125366.2588898019,1179.5988556123639,126545.85774541427,3717,0,1051.078947368421,36,2,18,40.89827204917728,0.5732060185185186,49.634009009009006,1001.4639639639634,27.818443443443428,6
4186,4,4,3,39,0.09523809523809523,0.07142857142857142,0.9285714285714286,42,1350,900,450,0.6666666666666666,18,9,9,323.30112942335194,0.7998209446380178,0.07889898100147774,0.16701922054230922,126350.17108078864,-230.16939734945518,126120.00168343919,3718,0,951.8809523809524,40,2,13,40.52739310623674,0.5763020833333332,48.65345528455285,1005.3861788617893,25.13465447154473,0
4187,4,5,2,42,0.11363636363636363,0.045454545454545456,0.9545454545454546,44,650,400,250,0.6153846153846154,9,4,5,312.4549105441855,0.8193710359408034,0.08655343117532799,0.16319881106513917,126799.06274412617,-876.2020386394845,125922.86070548669,3719,0,909.5,42,2,17,40.33997979603619,0.5778769841269842,48.20736434108528,1007.1705426356607,23.98025101513478,0
4188,4,3,1,44,0.06666666666666667,0.022222222222222223,0.9777777777777777,45,1300,1100,200,0.8461538461538461,15,11,4,307.03967493919237,0.8185606060606061,0.09471222156644155,0.1617287738565716,127142.03534423033,-1191.794118256737,125950.2412259736,3720,0,890.2222222222222,41,4,22,40.125582005377396,0.5828252032520325,47.867063492063494,1008.5317460317464,24.598335269066986,0
4189,4,3,4,43,0.06382978723404255,0.0851063829787234,0.9148936170212766,47,950,600,350,0.631578947368421,13,6,7,301.06951248703274,0.8324082639531297,0.11849347428687595,0.16074611839790415,127689.5026705265,-1711.316736254572,125978.18593427193,3721,0,853.2765957446809,43,4,13,39.7175309972204,0.5855135658914727,47.324810606060616,1010.7007575757593,23.50466878083161,0
4190,4,3,2,44,0.06521739130434782,0.043478260869565216,0.9565217391304348,46,1000,600,400,0.6,14,6,8,330.8709475286042,0.8241747181964574,0.17686949676116526,0.17385266643152383,127042.00227544707,-773.6837939472673,126268.31848149981,3722,0,872.7173913043479,41,5,17,39.6272059305911,0.5818089430894309,47.966269841269835,1008.1349206349194,24.588656600851692,4
4191,4,2,0,46,0.043478260869565216,0.0,1.0,46,1050,700,350,0.6666666666666666,14,7,7,331.1583646952965,0.8287238325281804,0.19453970506436047,0.17476922309038873,127220.13728807271,-773.9876339744125,126446.1496540983,3723,0,873.5434782608696,40,6,19,39.437476914811455,0.5851562499999999,47.78963414634147,1008.8414634146353,25.221036585365884,0
4192,4,0,0,46,0.0,0.0,1.0,46,1400,1200,200,0.8571428571428571,16,12,4,330.50153853290595,0.8297705314009662,0.19468472569997752,0.17497554801219734,127348.32523630114,-782.236515962717,126566.08872033842,3724,1,874.5434782608696,40,6,12,39.32281178681703,0.5864583333333333,47.66260162601626,1009.3495934959349,25.23373983739837,0
4193,4,0,2,44,0.0,0.043478260869565216,0.9565217391304348,46,1400,1200,200,0.8571428571428571,16,12,4,329.5762478822688,0.8304951690821256,0.19150813214793816,0.17478360993735523,127417.32927256537,-801.2549406336755,126616.0743319317,3725,2,875.5434782608696,41,5,12,39.27555189807083,0.5856199186991871,47.594246031746025,1009.6230158730148,24.624951606658897,0
4194,4,1,1,44,0.022222222222222223,0.022222222222222223,0.9777777777777777,45,900,500,400,0.5555555555555556,13,5,8,347.9691636985411,0.8216750841750842,0.2169513711630342,0.1855714084520073,127642.79120212902,-116.84893864953187,127525.94226347949,3726,0,895.8888888888889,41,4,13,38.58032266509587,0.5879065040650406,47.37103174603175,1010.5158730158732,24.64672861014325,0
4195,4,2,2,44,0.043478260869565216,0.043478260869565216,0.9565217391304348,46,950,700,250,0.7368421052631579,12,7,5,343.4920084221861,0.8344001610305959,0.21940430244515796,0.18480613312482685,127997.40780489454,-406.7826640526357,127590.6251408419,3727,0,877.2826086956521,42,4,15,38.33069999042422,0.5900297619047619,47.020348837209305,1011.9186046511628,24.09330011074197,0
4196,4,2,1,45,0.043478260869565216,0.021739130434782608,0.9782608695652174,46,650,400,250,0.6153846153846154,9,4,5,336.68835780114335,0.8359299516908213,0.20472904599064812,0.18239725818270625,128273.18395135163,-562.2134588232657,127710.97049252837,3728,0,859.9782608695652,40,6,16,38.22126638576778,0.5958333333333334,46.74796747967479,1013.0081300813002,25.325203252032505,0
4197,4,3,3,45,0.0625,0.0625,0.9375,48,1200,1000,200,0.8333333333333334,14,10,4,334.5348707725918,0.8434729609929078,0.2508728756520273,0.17412337861284946,126656.87715852025,-1083.1279124528833,125573.74924606737,3729,0,825.0833333333334,40,8,15,39.92995961635537,0.5794270833333333,48.34857723577237,1006.6056910569122,25.165142276422806,8
4198,4,3,1,47,0.0625,0.020833333333333332,0.9791666666666666,48,1200,900,300,0.75,15,9,6,343.45783932219734,0.8500110815602837,0.27081652717555693,0.18012011594702454,126963.95503875015,-878.6468661180456,126085.30817263211,3730,0,825.6875,40,8,18,39.39006251890692,0.5825520833333333,48.04369918699187,1007.8252032520331,25.195630081300827,0
4199,4,2,0,49,0.04081632653061224,0.0,1.0,49,1000,700,300,0.7,13,7,6,361.3586849829304,0.8546981292517007,0.3369177868083779,0.1830830587995553,125548.84676054145,-548.3456648401163,125000.50109570133,3731,0,809.795918367347,37,12,17,40.39797592997811,0.5731981981981983,49.4517543859649,1002.1929824561382,27.08629682313887,8
4200,4,4,3,50,0.07547169811320754,0.05660377358490566,0.9433962264150944,53,800,600,200,0.75,10,6,4,337.0100684919201,0.8789912917271407,0.3440587045523389,0.174468215082546,126436.39458550327,-2075.9846854921934,124360.40990001107,3732,0,749.6037735849056,39,14,15,40.094186949766936,0.5787927350427352,48.56770833333332,1005.7291666666649,25.787927350427307,0
4201,4,1,0,51,0.0196078431372549,0.0,1.0,51,1250,900,350,0.72,16,9,7,352.30475651437735,0.8676143790849674,0.35854586215895967,0.18162122599610656,126264.14497730037,-1303.3082294552532,124960.83674784511,3733,0,779.9215686274509,37,14,20,39.886991781220466,0.5805180180180182,48.73903508771928,1005.0438596491201,27.16334755808433,0
4202,4,2,2,51,0.03773584905660377,0.03773584905660377,0.9622641509433962,53,1150,700,450,0.6086956521739131,16,7,9,344.95882740088393,0.8758466376390904,0.3570578061987364,0.17984746632453819,126724.65820312474,-1857.0421006944728,124867.61610243027,3734,0,751.4528301886793,39,14,16,39.59798951651836,0.5817307692307694,48.281249999999986,1006.874999999998,25.81730769230764,0
4203,4,0,0,51,0.0,0.0,1.0,51,1150,600,550,0.5217391304347826,17,6,11,358.6080464581113,0.8683006535947714,0.36898570613244774,0.18574317392209216,126457.07242853563,-1130.2952591181984,125326.77716941743,3735,2,781.9215686274509,37,14,16,39.52984755986773,0.5824887387387387,48.547149122807014,1005.8114035087713,27.184091986723548,0
4204,4,4,3,52,0.07272727272727272,0.05454545454545454,0.9454545454545454,55,1000,600,400,0.6,14,6,8,332.5750442157018,0.8890291806958474,0.37497284379752305,0.17616144171747683,127368.57133925815,-2521.7182209910843,124846.85311826707,3736,0,725.9818181818182,37,18,17,39.2497646462452,0.5917792792792793,47.642543859649116,1009.4298245614028,27.281887150308183,0
4205,4,0,0,52,0.0,0.0,1.0,52,1450,900,550,0.6206896551724138,20,9,11,358.987141655957,0.8755656108597284,0.39388995318002307,0.18849259738495353,127013.25005425337,-1280.7752821180616,125732.4747721353,3737,1,768.7307692307693,39,13,19,38.94812872446696,0.5846688034188035,47.994791666666664,1008.0208333333325,25.846688034188013,0
4206,4,2,3,51,0.037037037037037035,0.05555555555555555,0.9444444444444444,54,1300,900,400,0.6923076923076923,17,9,8,343.68145760753015,0.8871418588399721,0.3871541238849334,0.18323219989019268,127631.2242037402,-2027.029723697524,125604.19448004267,3738,0,741.2222222222222,38,16,17,38.700482836399516,0.5926535087719298,47.38247863247863,1010.4700854700852,26.591318038686452,0
4207,4,3,2,52,0.05555555555555555,0.037037037037037035,0.962962962962963,54,1800,1300,500,0.7222222222222222,23,13,10,343.0475661191269,0.8856860004658748,0.3853812132912262,0.1845340149026552,127990.23321311726,-2018.652401844132,125971.58081127313,3739,0,699.7037037037037,40,14,18,38.34927689062972,0.59296875,47.02743902439025,1011.8902439024396,25.29725609756099,0
4208,4,2,2,52,0.037037037037037035,0.037037037037037035,0.962962962962963,54,1750,1400,350,0.8,21,14,7,343.30496444545196,0.8876368506871651,0.40008538682637607,0.1860290068335205,128283.34349270911,-1991.6594127844908,126291.68407992463,3740,0,700.6666666666666,37,17,20,38.043326297939885,0.6010698198198199,46.73793859649122,1013.0482456140337,27.379682313892804,0
4209,4,2,1,53,0.037037037037037035,0.018518518518518517,0.9814814814814815,54,1600,1100,500,0.6875,21,11,10,340.4874164392776,0.8861518751455859,0.400960726592273,0.1860643356501507,128619.58007812499,-2041.3302951388905,126578.2497829861,3741,0,701.2222222222222,39,15,19,37.77170192373519,0.6009615384615385,46.40625,1014.3749999999999,26.009615384615383,0
4210,4,1,1,53,0.018518518518518517,0.018518518518518517,0.9814814814814815,54,1200,1100,100,0.9166666666666666,13,11,2,341.14109030635404,0.8862392266480317,0.40637458325452736,0.1870936885716395,128762.65290377739,-2014.753639533361,126747.89926424403,3742,0,702.2037037037037,40,14,20,37.609308768065155,0.6007812500000002,46.26524390243902,1014.9390243902428,25.37347560975607,0
4211,4,2,0,55,0.03636363636363636,0.0,1.0,55,1500,1200,300,0.8,18,12,6,337.16435145405984,0.8896464646464647,0.40768521967573146,0.1872372572086793,129257.1332044472,-2280.83575462705,126976.29744982014,3743,0,690.0363636363636,37,18,22,37.2070663503702,0.6109234234234235,45.77850877192981,1016.885964912278,27.483404457088596,0
4212,4,0,0,55,0.0,0.0,1.0,55,1150,800,350,0.6956521739130435,15,8,7,336.8835997565613,0.8891694725028059,0.40538140569649905,0.18746164542853394,129337.19735051849,-2285.683874826522,127051.51347569196,3744,1,691.0363636363636,38,17,22,37.13282918460946,0.6099232456140352,45.69978632478632,1017.2008547008533,26.768443544759297,0
4213,4,1,2,54,0.017857142857142856,0.03571428571428571,0.9642857142857143,56,1500,1100,400,0.7333333333333333,19,11,8,330.6030865730139,0.8917613636363636,0.39633215490920737,0.1856960128430503,129704.91672092024,-2623.8308376736,127081.08588324665,3745,0,679.6785714285714,39,17,19,36.919355251048174,0.6119123931623931,45.33854166666667,1018.6458333333342,26.119123931623953,0
4214,4,2,2,54,0.03571428571428571,0.03571428571428571,0.9642857142857143,56,1350,900,450,0.6666666666666666,18,9,9,335.06710390901316,0.8917207792207792,0.3507471159960036,0.18906989989412235,129884.774734225,-2468.304954078789,127416.4697801462,3746,0,680.6071428571429,44,12,16,36.6232552154298,0.6062973484848485,45.16203703703704,1019.3518518518521,23.167087542087547,3
4215,4,0,1,53,0.0,0.018518518518518517,0.9814814814814815,54,1300,900,400,0.6923076923076923,17,9,8,345.6620937099621,0.8851036571162357,0.363195831615883,0.19422477772169072,129719.1060952618,-1832.2044385854128,127886.90165667639,3747,1,706.7407407407408,42,12,16,36.521449633786744,0.607390873015873,45.32461240310078,1018.7015503875976,24.254798818752324,0
4216,4,1,1,53,0.018518518518518517,0.018518518518518517,0.9814814814814815,54,1300,900,400,0.6923076923076923,17,9,8,346.4465556199641,0.887170976007454,0.3699108843609269,0.19540328785878838,129867.21543364286,-1801.5901050117127,128065.62532863115,3748,0,707.6111111111111,42,12,18,36.35108692207751,0.6088789682539681,45.179263565891475,1019.2829457364345,24.268641565153203,0
4217,4,0,1,52,0.0,0.018867924528301886,0.9811320754716981,53,1000,500,500,0.5,15,5,10,348.0667997657792,0.8876390904692791,0.3682096451998158,0.19668952025432462,129941.30179225988,-1554.3493855537733,128386.95240670611,3749,1,695.9433962264151,42,11,18,36.23459576759804,0.609623015873016,45.10658914728681,1019.5736434108511,24.2755629383536,0
4218,4,0,0,52,0.0,0.0,1.0,52,1900,1500,400,0.7894736842105263,23,15,8,355.7939611675752,0.883719834087481,0.36130813103246573,0.20080217121689323,129891.90853915017,-1157.0486674478834,128734.85987170228,3750,2,709.9807692307693,42,10,18,36.08780893536121,0.6091269841269842,45.155038759689916,1019.3798449612393,24.270948689553318,0
4219,4,2,2,52,0.037037037037037035,0.037037037037037035,0.962962962962963,54,1550,1100,450,0.7096774193548387,20,11,9,340.916627600838,0.8855695317959469,0.3484338233706803,0.19475004242636085,130363.87963750298,-1909.772687268341,128454.10695023464,3751,0,684.6481481481482,41,13,19,35.98860177449646,0.6153455284552847,44.69246031746031,1021.2301587301573,24.908052651955057,0
4220,4,0,1,51,0.0,0.019230769230769232,0.9807692307692307,52,1550,1200,350,0.7741935483870968,19,12,7,351.5825637043223,0.8817716189039717,0.35587005089185686,0.19994750865654232,130190.09452658668,-1245.4865594869332,128944.60796709974,3752,4,711.9807692307693,43,9,19,35.89250641798893,0.6107073643410854,44.862689393939384,1020.5492424242407,23.733703312191643,0
4221,4,0,0,51,0.0,0.0,1.0,51,1400,900,500,0.6428571428571429,19,9,10,354.00835546931773,0.876045751633987,0.349656131804037,0.20093552424455213,130114.25212013986,-987.6935167658345,129126.55860337403,3753,5,726.7647058823529,42,9,19,35.90757273561908,0.6113591269841271,44.93701550387596,1020.2519379844948,24.29171280915464,0
4222,4,1,1,51,0.019230769230769232,0.019230769230769232,0.9807692307692307,52,1400,800,600,0.5714285714285714,20,8,12,351.92421774067225,0.8783622423328304,0.35520778336355785,0.2015894108801699,130470.1558781976,-1216.6249753985994,129253.530902799,3754,0,713.7692307692307,40,12,20,35.599862395968046,0.61796875,44.588414634146346,1021.6463414634155,25.54115853658539,0
4223,4,1,0,52,0.019230769230769232,0.0,1.0,52,1400,800,600,0.5714285714285714,20,8,12,353.7393345749402,0.8744501005530416,0.3692363677079835,0.20353343622527958,130642.63791454078,-1157.3120393990996,129485.32587514169,3755,0,714.4807692307693,41,11,16,35.37876031052887,0.618140243902439,44.419642857142854,1022.3214285714283,24.93466898954703,0
4224,4,0,0,52,0.0,0.0,1.0,52,1250,900,350,0.72,16,9,7,348.5277991617588,0.8742301407742583,0.3648381314621725,0.20139069380135113,130807.20364048117,-1282.010640135829,129525.19300034533,3756,1,715.4807692307693,42,10,16,35.34542641533264,0.6183035714285714,44.25872093023255,1022.9651162790684,24.356312292358773,0
4225,4,0,1,51,0.0,0.019230769230769232,0.9807692307692307,52,1450,1100,350,0.7586206896551724,18,11,7,353.533787077977,0.8736331070889893,0.36563952048708726,0.20494093628526827,130931.13864100697,-1142.283741962643,129788.85489904432,3757,2,716.4807692307693,42,10,16,35.0919964653159,0.6195436507936509,44.137596899224796,1023.4496124030993,24.36784791435951,0
4226,4,0,0,51,0.0,0.0,1.0,51,1050,700,350,0.6666666666666666,14,7,7,358.37474482048486,0.8701633986928106,0.3668585052560731,0.2072865251449049,130845.5582030263,-821.6512936193303,130023.90690940697,3758,3,730.9215686274509,41,10,16,35.05476502149389,0.6201727642276424,44.221230158730144,1023.1150793650771,24.95402632597749,0
4227,4,0,0,51,0.0,0.0,1.0,51,1200,800,400,0.6666666666666666,16,8,8,359.49863026277546,0.8700980392156864,0.36386546476688975,0.20848495606638864,130947.07739866778,-784.9410076530605,130162.13639101472,3759,4,731.9215686274509,41,10,17,34.92324561403511,0.6211890243902438,44.12202380952381,1023.5119047619046,24.963704994192796,0
4228,4,0,0,51,0.0,0.0,1.0,51,1550,1100,450,0.7096774193548387,20,11,9,359.0458296415173,0.8688888888888889,0.36243069737591393,0.20934768147492988,131154.3695259449,-781.9141164894005,130372.4554094555,3760,5,732.9215686274509,42,9,18,34.72511272979534,0.6217757936507937,43.91957364341085,1024.3217054263562,24.38861203396086,0
4229,4,0,0,51,0.0,0.0,1.0,51,1700,1300,400,0.7647058823529411,21,13,8,356.6553437396956,0.8690849673202615,0.3674852825290871,0.20849255168862793,131253.64428407242,-837.537276155286,130416.10700791713,3761,6,733.9215686274509,42,9,20,34.68597320724977,0.6227678571428572,43.82267441860465,1024.7093023255811,24.397840531561457,0
4230,4,1,2,50,0.019230769230769232,0.038461538461538464,0.9615384615384616,52,1550,1000,550,0.6451612903225806,21,10,11,351.7362814622314,0.8724704625439919,0.3641955547425215,0.20686028860820774,131484.42147531256,-1150.3683251587065,130334.05315015385,3762,0,720.7884615384615,40,12,20,34.578956929581175,0.6281249999999998,43.59756097560977,1025.609756097563,25.640243902439074,0
4231,4,0,0,50,0.0,0.0,1.0,50,1600,1200,400,0.75,20,12,8,363.3030594371843,0.8710884353741496,0.3692155594567128,0.21265705853372874,131303.8600224546,-459.38118758608954,130844.47883486853,3763,8,739.62,43,7,20,34.464893436816666,0.6218507751937985,43.77367424242424,1024.9053030303028,23.835007047216344,0
4232,4,0,0,50,0.0,0.0,1.0,50,1350,1000,350,0.7407407407407407,17,10,7,366.6719806353756,0.8698639455782312,0.3702031461610582,0.21553486479601788,131465.0463533677,-359.07900446274823,131105.96734890496,3764,9,740.62,38,12,21,34.215586693058306,0.6313048245614035,43.616452991452995,1025.5341880341884,26.98774179037338,0
4233,4,1,1,50,0.0196078431372549,0.0196078431372549,0.9803921568627451,51,950,600,350,0.631578947368421,13,6,7,361.89640708590133,0.8704901960784315,0.36631151699644904,0.21420354905895242,131728.82080078125,-665.5626085069443,131063.25819227431,3765,0,727.0784313725491,39,12,17,34.07164299002198,0.6322115384615385,43.359375,1026.5625,26.322115384615383,0
4234,4,1,0,51,0.0196078431372549,0.0,1.0,51,1500,900,600,0.6,21,9,12,361.75188651832815,0.8697385620915034,0.36678109423789396,0.21538937412840387,131953.868604997,-653.0878197501468,131300.78078524684,3766,0,728.0588235294117,40,11,18,33.848293768545986,0.6328125,43.140243902439025,1027.4390243902437,25.685975609756092,0
4235,4,0,0,51,0.0,0.0,1.0,51,1350,1000,350,0.7407407407407407,17,10,7,362.44239197816324,0.8701960784313726,0.3681195661655663,0.2165448786095168,132084.41904826814,-625.4014434199304,131459.01760484822,3767,1,729.0588235294117,40,11,19,33.69892074476851,0.6341145833333334,43.013211382113816,1027.947154471544,25.6986788617886,0
4236,4,0,1,50,0.0,0.0196078431372549,0.9803921568627451,51,1050,500,550,0.47619047619047616,16,5,11,363.911129684888,0.8695751633986929,0.36707354878710374,0.21817420808122434,132215.03404058426,-577.0955201930136,131637.93852039124,3768,2,730.0588235294117,40,11,19,33.529520750988134,0.6354166666666667,42.886178861788615,1028.4552845528451,25.711382113821127,0
4237,4,0,1,49,0.0,0.02,0.98,50,1100,500,600,0.45454545454545453,17,5,12,370.9609611850231,0.8645578231292517,0.36550501468949514,0.22205916603137416,132156.90239800335,-194.98969184028806,131961.91270616307,3769,3,745.26,39,11,19,33.40688633370479,0.6364850427350428,42.94270833333333,1028.2291666666656,26.3648504273504,0
4238,4,0,1,48,0.0,0.02040816326530612,0.9795918367346939,49,1350,1100,250,0.8148148148148148,16,11,5,341.3463621844675,0.8646541950113379,0.30763964871730276,0.20455725250501164,132198.62768350772,-774.8958708911568,131423.73181261655,3770,4,758.1020408163265,42,7,19,34.126189578818455,0.6321924603174602,42.902131782945744,1028.391472868218,24.485511258767094,2
4239,4,0,1,47,0.0,0.020833333333333332,0.9791666666666666,48,950,700,250,0.7368421052631579,12,7,5,347.29330951761347,0.859338061465721,0.3150885909061678,0.20809493910170973,132193.88247197017,-417.989811665421,131775.89266030476,3771,5,774.1041666666666,41,7,19,33.97806932921731,0.6336382113821138,42.906746031746025,1028.373015873015,25.082268679829635,0
4240,4,0,0,47,0.0,0.0,1.0,47,850,600,250,0.7058823529411765,11,6,5,376.0905655217262,0.8572695035460992,0.3454375814633872,0.21603784637184742,130578.91506371245,461.3360944944885,131040.25115820694,3772,17,791.468085106383,36,11,17,34.87219039224328,0.6261574074074073,44.48198198198199,1022.0720720720728,28.390890890890912,4
4241,4,0,0,47,0.0,0.0,1.0,47,1500,1000,500,0.6666666666666666,20,10,10,379.6692946727976,0.8548797409805735,0.3523179428330545,0.21956050554439002,130838.01442912503,535.0353309390443,131373.04976006408,3773,18,792.468085106383,36,11,19,34.517749036873965,0.6287615740740742,44.2286036036036,1023.0855855855852,28.419044044044036,0
4242,4,1,0,48,0.020833333333333332,0.0,1.0,48,1100,600,500,0.5454545454545454,16,6,10,376.6771549933718,0.859301122931442,0.3595048877947842,0.21981852961293397,131187.6746330602,283.0800101954489,131470.75464325564,3774,0,776.9375,37,11,20,34.23987209675693,0.6303490990990991,43.887061403508774,1024.4517543859652,27.687885253674732,0
4243,4,0,0,48,0.0,0.0,1.0,48,1350,900,450,0.6666666666666666,18,9,9,379.20029872332344,0.8583407210401891,0.3665338112561525,0.2217775964873704,131271.93583602642,355.6714566020254,131627.60729262844,3775,1,777.9375,37,11,21,34.089895855624505,0.6311936936936937,43.80482456140351,1024.7807017543855,27.696775723091502,0
4244,4,0,0,48,0.0,0.0,1.0,48,1050,600,450,0.5714285714285714,15,6,9,382.7087051358318,0.8582668439716312,0.3729674796747968,0.2241579558652729,131328.125,452.1073791935962,131780.2323791936,3776,2,778.9375,35,13,21,33.943089430894304,0.6357142857142857,43.75,1025.0,29.285714285714285,0
4245,4,1,0,49,0.02040816326530612,0.0,1.0,49,1200,900,300,0.75,15,9,6,377.90119485612126,0.8597293083900227,0.37777603636078605,0.223528188910678,131703.53366457688,154.1845477234085,131857.7182123003,3777,0,764.0204081632653,36,13,17,33.68646004754067,0.6374421296296295,43.38400900900901,1026.463963963965,28.512887887887914,0
4246,4,0,0,49,0.0,0.0,1.0,49,1000,500,500,0.5,15,5,10,378.0960419459116,0.8594458616780045,0.38220429650254495,0.2241534272082459,131790.24252292837,165.87381300219943,131956.11633593056,3778,1,765.0204081632653,36,13,18,33.59380712144476,0.6383101851851851,43.29954954954955,1026.8018018018022,28.522272272272282,0
4247,4,0,0,49,0.0,0.0,1.0,49,1300,800,500,0.6153846153846154,18,8,10,378.4010631601034,0.8596230158730159,0.3796829076458166,0.2247611134191941,131862.52170138896,179.38368055556617,132041.90538194453,3779,2,766.0204081632653,37,12,18,33.51293103448276,0.6371058558558558,43.22916666666667,1027.083333333334,27.759009009009027,0
4248,4,0,0,49,0.0,0.0,1.0,49,1650,1300,350,0.7878787878787878,20,13,7,375.6647444271949,0.8590915532879819,0.3748219458541153,0.22363269728607493,131946.99931709768,113.56715527856426,132060.56647237623,3780,3,767.0204081632653,37,12,18,33.49786552828174,0.6379504504504503,43.14692982456141,1027.4122807017554,27.76789947842582,0
4249,4,0,0,49,0.0,0.0,1.0,49,2000,1400,600,0.7,26,14,12,378.16331377777755,0.8580640589569162,0.3744478911564624,0.22595800297429378,132087.85545792957,190.1562259541662,132278.01168388373,3781,4,768.0204081632653,37,12,18,33.29144444444445,0.639358108108108,43.009868421052644,1027.9605263157912,27.782716927453816,0
4250,4,0,1,48,0.0,0.02040816326530612,0.9795918367346939,49,1300,900,400,0.6923076923076923,17,9,8,378.7615083508191,0.8570719954648526,0.3739995518514403,0.22732960395643229,132256.98201610122,218.7707996691389,132475.75281577036,3782,5,769.0204081632653,37,12,18,33.10536811995878,0.6410472972972973,42.84539473684211,1028.6184210526324,27.800497866287362,0
4251,4,0,0,48,0.0,0.0,1.0,48,1050,700,350,0.6666666666666666,14,7,7,382.3073704388579,0.854295951536643,0.351030987884436,0.21936674250315225,130536.16780045356,386.69569787171883,130922.86349832529,3783,6,785.0833333333334,34,14,16,34.7567664647406,0.6299019607843137,44.523809523809526,1021.9047619047623,30.056022408963596,4
4252,4,0,0,48,0.0,0.0,1.0,48,1000,700,300,0.7,13,7,6,384.6484914812531,0.8532432033096926,0.35055823924261853,0.22192848826833095,130749.151431406,458.49277210885754,131207.64420351485,3784,7,786.0833333333334,34,14,17,34.4806095526326,0.6320465686274509,44.3154761904762,1022.7380952380961,30.080532212885178,0
4253,4,0,0,48,0.0,0.0,1.0,48,1350,1000,350,0.7407407407407407,17,10,7,385.596275059129,0.852910756501182,0.34827084040266953,0.2232519101373779,130883.62328800156,493.64752121913966,131377.2708092207,3785,8,787.0833333333334,35,13,17,34.31985917882592,0.6312499999999999,44.18402777777778,1023.263888888889,29.236111111111114,0
4254,4,0,0,48,0.0,0.0,1.0,48,1650,1300,350,0.7878787878787878,20,13,7,392.9209081485504,0.8522458628841607,0.3497023809523814,0.22872132863805086,131090.963648834,701.676097393689,131792.63974622768,3786,9,788.0833333333334,35,13,18,33.92197860156721,0.6333333333333333,43.98148148148148,1024.074074074074,29.259259259259256,0
4255,4,0,0,48,0.0,0.0,1.0,48,1100,600,500,0.5454545454545454,16,6,10,392.5079283368189,0.8521535165484634,0.35016994313260286,0.2290103937843893,131179.8740381731,697.8281196416413,131877.70215781473,3787,10,789.0833333333334,35,13,18,33.84233890709148,0.6342261904761904,43.89467592592593,1024.421296296297,29.269179894179914,0
4256,4,1,1,48,0.02040816326530612,0.02040816326530612,0.9795918367346939,49,1550,1100,450,0.7096774193548387,20,11,9,385.455629553363,0.8560445011337868,0.34176305901421933,0.22717278592825868,131565.50068587108,342.6163033693437,131908.11698924043,3788,0,773.9591836734694,35,14,16,33.632295427196155,0.638095238095238,43.51851851851852,1025.925925925926,29.312169312169317,0
4257,4,2,0,50,0.04,0.0,1.0,50,1150,800,350,0.6956521739130435,15,8,7,378.22991180334014,0.8555272108843537,0.35777972602739716,0.22543095657775825,131992.67415641996,-15.284499026051662,131977.3896573939,3789,0,759.44,36,14,18,33.38584474885843,0.6403356481481481,43.10247747747748,1027.5900900900904,28.544169169169177,0
4258,4,0,0,50,0.0,0.0,1.0,50,1350,700,650,0.5185185185185185,20,7,13,383.7697942896749,0.8547278911564625,0.35910245183887857,0.23066584477832067,132311.0948786626,155.40033276521666,132466.49521142783,3790,1,760.44,36,14,18,32.92195709281961,0.6435185185185184,42.7927927927928,1028.8288288288302,28.578578578578615,0
4259,4,0,0,50,0.0,0.0,1.0,50,1500,1100,400,0.7333333333333333,19,11,8,386.78794902448374,0.8549659863945578,0.35806660499537424,0.23358534798629446,132489.90929705222,249.15712389168425,132739.0664209439,3791,2,761.44,34,16,18,32.663862550107915,0.6495098039215685,42.61904761904762,1029.5238095238099,30.280112044817937,0
4260,4,0,0,50,0.0,0.0,1.0,50,1150,700,450,0.6086956521739131,16,7,9,384.9999067458675,0.8550170068027211,0.35467131138330155,0.23322764943032506,132606.53941883144,210.70106202846523,132817.2404808599,3792,3,762.44,35,15,18,32.59226223920291,0.6485119047619048,42.50578703703704,1029.976851851852,29.427910052910057,0
4261,4,0,0,50,0.0,0.0,1.0,50,750,600,150,0.8,9,6,3,383.1325572194036,0.8538775510204082,0.34776541961577356,0.2324650914662515,132666.15125868047,165.7443576388833,132831.89561631935,3793,4,763.44,35,15,17,32.58025783619819,0.6491071428571429,42.447916666666664,1030.2083333333328,29.434523809523796,0
4262,4,0,0,50,0.0,0.0,1.0,50,1550,800,750,0.5161290322580645,23,8,15,381.53132128313393,0.8533333333333333,0.34625477420804307,0.23167747763045418,132695.96220207473,125.53315757887472,132821.4953596536,3794,5,764.44,35,15,17,32.59145884819891,0.6494047619047618,42.41898148148148,1030.324074074074,29.437830687830683,0
4263,4,0,1,49,0.0,0.02,0.98,50,1650,1400,250,0.8484848484848485,19,14,5,379.94203399641424,0.8526530612244898,0.34134740624298243,0.23144758924569517,132815.2394654491,92.41844564470364,132907.6579110938,3795,6,765.44,35,15,17,32.51225765401602,0.6505952380952382,42.30324074074073,1030.787037037036,29.451058201058174,0
4264,4,0,0,49,0.0,0.0,1.0,49,1350,800,550,0.5925925925925926,19,8,11,387.739541569961,0.8520053854875284,0.34485390600890065,0.23704923420046364,132949.91673752826,509.9879535147334,133459.904691043,3796,7,778.5714285714286,34,15,19,32.17563199815307,0.6541053921568627,42.172619047619044,1031.3095238095232,30.33263305322127,0
4265,4,1,1,49,0.02,0.02,0.98,50,1050,700,350,0.6666666666666666,14,7,7,382.18745601158304,0.854421768707483,0.3470852017937225,0.23543591903475952,133233.13185871037,184.00634430724875,133417.13820301762,3797,0,763.98,35,15,20,32.03381913303438,0.6547619047619049,41.89814814814814,1032.407407407406,29.497354497354458,0
4266,4,1,1,49,0.02,0.02,0.98,50,1100,800,300,0.7272727272727273,14,8,6,367.4380078192132,0.8574999999999999,0.32289553241518343,0.22836387250058374,133561.93636670505,-184.63930148321947,133377.29706522182,3798,0,758.74,35,15,20,32.084523009741346,0.6580357142857144,41.5798611111111,1033.6805555555538,29.53373015873011,0
4267,4,0,0,49,0.0,0.0,1.0,49,1250,700,550,0.56,18,7,11,372.112211013195,0.8521825396825397,0.32418025369770165,0.23128491970132936,133564.5000708616,140.1962868480656,133704.69635770968,3799,2,775.2244897959183,34,15,20,31.961159737417933,0.6602328431372548,41.57738095238095,1033.6904761904757,30.402661064425757,0
4268,4,0,0,49,0.0,0.0,1.0,49,1650,1200,450,0.7272727272727273,21,12,9,371.76947988631474,0.8510841836734694,0.3207050776111551,0.23203543399801027,133718.3673469388,142.4815759637234,133860.8489229025,3800,3,776.2244897959183,34,15,15,31.815674877225295,0.661764705882353,41.42857142857143,1034.2857142857144,30.420168067226896,0
4269,4,0,0,49,0.0,0.0,1.0,49,1350,1100,250,0.8148148148148148,16,11,5,371.0882731377662,0.850765306122449,0.32195057790638404,0.23180345113544568,133749.1514314058,126.54832766438903,133875.69975907018,3801,4,777.2244897959183,34,15,15,31.802422603291518,0.6620710784313726,41.39880952380952,1034.4047619047612,30.423669467787096,0
4270,4,0,0,49,0.0,0.0,1.0,49,1350,1100,250,0.8148148148148148,16,11,5,376.52924601892624,0.8495606575963719,0.3269530929105402,0.23638424506386718,133933.93034297036,286.00836167799037,134219.93870464835,3802,5,778.2244897959183,34,15,15,31.476423231742384,0.6639093137254903,41.22023809523809,1035.1190476190463,30.44467787114842,0
4271,4,0,0,49,0.0,0.0,1.0,49,1000,700,300,0.7,13,7,6,375.8771174551322,0.8494543650793651,0.3273987451959397,0.23656868072537932,134026.3676303856,275.4889455782446,134301.85657596384,3803,6,779.2244897959183,34,15,16,31.400657239212084,0.664828431372549,41.13095238095239,1035.4761904761913,30.455182072829157,0
4272,4,1,1,49,0.02,0.02,0.98,50,1550,1000,550,0.6451612903225806,21,10,11,365.9953849998362,0.8523469387755102,0.31819643409254916,0.2322598574658866,134329.18453000562,-167.22767824532852,134161.95685176027,3804,0,764.62,38,12,17,31.353490329451375,0.6598135964912282,40.8386752136752,1036.6452991452973,27.28013945119203,0
4273,4,0,0,49,0.0,0.0,1.0,49,800,600,200,0.75,10,6,4,373.5688259258275,0.8490291950113379,0.3268243481115598,0.2361104907139223,134181.31209843387,225.1910443597775,134406.50314279366,3805,8,781.2244897959183,37,12,17,31.305230712244676,0.6601914414414416,40.981359649122794,1036.0745614035068,28.00201517306775,0
4274,4,0,0,49,0.0,0.0,1.0,49,1550,1100,450,0.7096774193548387,20,11,9,372.42478933441095,0.8484623015873016,0.3181628866760071,0.23616113111911421,134301.49778106477,203.4414036817563,134504.93918474653,3806,9,782.2244897959183,38,11,19,31.214569160997733,0.6595394736842106,40.8653846153846,1036.538461538459,27.277327935222605,0
4275,4,0,0,49,0.0,0.0,1.0,49,1200,800,400,0.6666666666666666,16,8,8,371.21169273373226,0.8480017006802721,0.31450796111090606,0.23595409894454458,134388.72070312488,177.33289930554292,134566.05360243042,3807,10,783.2244897959183,39,10,19,31.15874690241778,0.6586538461538463,40.78124999999999,1036.874999999999,26.58653846153844,0
4276,4,0,0,49,0.0,0.0,1.0,49,1350,1000,350,0.7407407407407407,17,10,7,372.1250511526753,0.8469033446712019,0.3171179440110139,0.23778899896236938,134581.66099773246,216.72977784864116,134798.3907755811,3808,11,784.2244897959183,34,15,20,30.94213706593238,0.6703431372549019,40.595238095238095,1037.6190476190477,30.518207282913167,0
4277,4,0,1,48,0.0,0.02040816326530612,0.9795918367346939,49,1100,600,500,0.5454545454545454,16,6,10,374.09923255663773,0.846655328798186,0.3163241896896407,0.23945646912105506,134643.43112244908,274.0008503401501,134917.43197278923,3809,12,785.2244897959183,34,15,20,30.829175269557243,0.6709558823529411,40.53571428571429,1037.8571428571436,30.525210084033635,0
4278,4,0,0,48,0.0,0.0,1.0,48,1400,1000,400,0.7142857142857143,18,10,8,381.94669700408764,0.8426418439716312,0.32195605541779826,0.24449785161962342,134646.1566014273,685.5309556420582,135331.68755706935,3810,13,801.4583333333334,33,15,20,30.62283524225606,0.6732954545454546,40.533088235294116,1037.8676470588234,31.450534759358284,0
4279,4,0,0,48,0.0,0.0,1.0,48,650,500,150,0.7692307692307693,8,5,3,380.1045225019415,0.842364804964539,0.3203690588605601,0.2439579935330643,134741.5657439446,643.1757016532035,135384.7414455978,3811,14,802.4583333333334,33,15,20,30.57522820270695,0.6742424242424242,40.44117647058823,1038.2352941176468,31.46167557932263,0
4280,4,0,2,46,0.0,0.041666666666666664,0.9583333333333334,48,1700,1100,600,0.6470588235294118,23,11,12,377.18602570713085,0.8410719562647754,0.31825737315206926,0.2428168862765988,134851.15124528442,572.793960047991,135423.94520533242,3812,15,803.4583333333334,35,13,16,30.541471658866367,0.6708333333333334,40.33564814814814,1038.6574074074058,29.67592592592588,0
4281,4,0,1,45,0.0,0.021739130434782608,0.9782608695652174,46,1550,1100,450,0.7096774193548387,20,11,9,374.92854419874584,0.8336352657004831,0.322120297765788,0.2419650281288381,134941.3275489753,918.6710980366709,135859.99864701196,3813,16,834.2391304347826,35,11,17,30.51003026252273,0.6717261904761906,40.24884259259258,1039.0046296296282,29.68584656084652,0
4282,4,0,0,45,0.0,0.0,1.0,45,900,600,300,0.6666666666666666,12,6,6,378.782373606841,0.8307659932659933,0.32344292969794175,0.2447365906154043,134983.4201388887,1225.868055555531,136209.28819444423,3814,17,851.9333333333333,34,11,18,30.367882919005613,0.674325980392157,40.20833333333332,1039.1666666666652,30.563725490196035,0
4283,4,0,1,44,0.0,0.022222222222222223,0.9777777777777777,45,750,400,350,0.5333333333333333,11,4,7,379.5376228114678,0.8306818181818182,0.3258631440970239,0.2456444021324626,135045.28238378663,1250.9530895691357,136296.23547335577,3815,18,852.9333333333333,34,11,18,30.286479212003215,0.6749387254901962,40.14880952380951,1039.40476190476,30.570728291316474,0
4284,4,0,0,44,0.0,0.0,1.0,44,1350,800,550,0.5925925925925926,19,8,11,390.3179237314948,0.8263521846370684,0.33578352527397115,0.2518352631199095,134932.48540224906,1733.3135092272073,136665.79891147627,3816,19,872.3863636363636,33,11,18,30.119131870724217,0.6761363636363638,40.257352941176464,1038.9705882352935,31.483957219251316,0
4285,4,0,0,44,0.0,0.0,1.0,44,1250,700,550,0.56,18,7,11,387.94604859556523,0.8250748766737139,0.33450130727358496,0.2516310608780405,135123.5402249132,1684.1287004997725,136807.66892541296,3817,20,873.3863636363636,33,11,19,29.98978469275499,0.6780303030303032,40.07352941176469,1039.7058823529387,31.506238859179962,0
4286,4,0,1,43,0.0,0.022727272727272728,0.9772727272727273,44,950,500,450,0.5263157894736842,14,5,9,386.38792382837323,0.8235112755461593,0.33838145831548294,0.2515077221974868,135250.98519800056,1651.869473279483,136902.85467128005,3818,21,874.3863636363636,33,11,19,29.903000314169024,0.6792929292929294,39.95098039215685,1040.196078431371,31.52109328579912,0
4287,4,0,0,43,0.0,0.0,1.0,43,1500,1300,200,0.8666666666666667,17,13,4,383.99682228466366,0.8227667035806571,0.3321492250344411,0.2506162196786378,135346.60835075442,1794.5335027393169,137141.14185349375,3819,22,888.0,33,10,19,29.86973952812781,0.680239898989899,39.859068627450974,1040.5637254901953,31.532234105763497,0
4288,4,1,1,43,0.022727272727272728,0.022727272727272728,0.9772727272727273,44,1650,1400,250,0.8484848484848485,19,14,5,380.23277629740295,0.8244362226920366,0.32749294449670785,0.25104810012679457,135761.36582083814,1524.4883278066138,137285.85414864475,3820,0,868.7954545454545,33,11,20,29.554229382251496,0.6843434343434343,39.46078431372549,1042.156862745098,31.580510992275695,0
4289,4,0,0,43,0.0,0.0,1.0,43,1050,800,250,0.7619047619047619,13,8,5,372.660101690572,0.8209671465485419,0.3110235681196183,0.24278676924414933,135282.85582768652,1482.9045619473304,136765.76038963386,3821,24,890.0,33,10,19,30.22821199984293,0.6796085858585859,39.9203431372549,1040.3186274509808,31.524806892453963,1
4290,4,0,0,43,0.0,0.0,1.0,43,1350,900,450,0.6666666666666666,18,9,9,373.0937456399933,0.8203211517165006,0.3071377902183703,0.24350030701223546,135346.60835075454,1499.3946138504443,136846.002964605,3822,25,891.0,33,10,20,30.1533731794449,0.680239898989899,39.85906862745098,1040.5637254901962,31.53223410576352,0
4291,4,0,1,42,0.0,0.023255813953488372,0.9767441860465116,43,1200,1000,200,0.8333333333333334,14,10,4,374.47173198172743,0.8191214470284237,0.30913202753243074,0.24505107021978365,135442.26529459818,1543.8599336793527,136986.12522827752,3823,26,892.0,33,10,20,30.0221725139314,0.6811868686868687,39.7671568627451,1040.9313725490192,31.543374925727854,0
4292,4,0,0,42,0.0,0.0,1.0,42,1050,800,250,0.7619047619047619,13,8,5,381.4135857903374,0.816468253968254,0.31277082538912193,0.24909752568018703,135370.7609555148,1926.4494694418986,137297.2104249567,3824,27,912.047619047619,32,10,20,29.91284477877539,0.6829427083333333,39.83585858585859,1040.656565656566,32.52051767676769,0
4293,4,1,0,43,0.023255813953488372,0.0,1.0,43,900,600,300,0.6666666666666666,12,6,6,370.96150425365676,0.8202750092284976,0.30795904526460904,0.24492675715629614,135761.36582083802,1472.4480968857993,137233.81391772383,3825,0,891.8139534883721,33,10,23,29.795782376920663,0.6843434343434345,39.46078431372548,1042.156862745097,31.580510992275666,0
4294,4,0,0,43,0.0,0.0,1.0,43,700,500,200,0.7142857142857143,9,5,4,372.8043563744535,0.8199520118124769,0.30652409223603483,0.24702643800886687,135889.11115916955,1532.0105247981517,137421.1216839677,3826,1,892.8139534883721,33,10,18,29.620651151857075,0.6856060606060606,39.338235294117645,1042.6470588235293,31.595365418894826,0
4295,4,0,1,42,0.0,0.023255813953488372,0.9767441860465116,43,700,400,300,0.5714285714285714,10,4,6,370.6598203685906,0.8191214470284237,0.30694833012764455,0.2464887805451127,136016.91657054974,1483.201172625904,137500.11774317565,3827,2,893.8139534883721,33,10,19,29.54945958646615,0.6868686868686869,39.2156862745098,1043.1372549019604,31.610219845513953,0
4296,4,0,0,42,0.0,0.0,1.0,42,950,600,350,0.631578947368421,13,6,7,383.5743378341611,0.8132742934572202,0.31634630356926574,0.2539834248192999,135863.94444763302,2022.784505407627,137886.72895304064,3828,31,916.047619047619,32,10,19,29.3649832465383,0.6878255208333333,39.362373737373744,1042.550505050506,32.57970328282831,0
4297,4,0,0,42,0.0,0.0,1.0,42,1350,1100,250,0.8148148148148148,16,11,5,365.8913808936971,0.8132984901277585,0.26034855019813397,0.23895422267410993,135369.87314595006,1506.1339633552523,136876.0071093053,3829,32,917.047619047619,36,6,18,30.31756123074704,0.673900462962963,39.836711711711715,1040.6531531531534,28.90703203203204,4
4298,4,0,0,42,0.0,0.0,1.0,42,1200,800,400,0.6666666666666666,16,8,8,366.7761884941531,0.8116531165311653,0.26061706456514444,0.24031508594106651,135487.08917955132,1538.6876318886611,137025.77681143998,3830,33,918.047619047619,36,6,18,30.177798810167662,0.6750578703703705,39.72409909909911,1041.1036036036048,28.91954454454458,0
4299,4,0,0,42,0.0,0.0,1.0,42,1350,1200,150,0.8888888888888888,15,12,3,368.1882513107681,0.8104432830042586,0.2573925337665073,0.24184315428420988,135576.57764889195,1583.540608648816,137160.11825754077,3831,34,919.047619047619,37,5,18,30.051940759458123,0.6739864864864864,39.63815789473684,1041.4473684210525,28.14722617354196,0
4300,4,0,0,42,0.0,0.0,1.0,42,1150,800,350,0.6956521739130435,15,8,7,367.9268967436268,0.8101771196283392,0.25038479237079736,0.24267002574233498,135724.1180796682,1587.334761523845,137311.45284119205,3832,35,920.047619047619,35,7,19,29.91190436521161,0.6794642857142856,39.49652777777778,1042.013888888889,29.7718253968254,0
4301,4,0,0,42,0.0,0.0,1.0,42,1150,800,350,0.6956521739130435,15,8,7,368.41084402536893,0.8087253193960511,0.2489610101202373,0.24360558452955006,135814.58574459873,1607.1132330246887,137421.69897762343,3833,36,921.047619047619,35,7,19,29.809293804130576,0.6803571428571429,39.40972222222222,1042.3611111111109,29.781746031746025,0
4302,4,0,0,42,0.0,0.0,1.0,42,900,400,500,0.4444444444444444,14,4,10,368.1550877215122,0.8088704994192799,0.25131100397530237,0.243848605161425,135874.9142661179,1604.6081961591133,137479.52246227703,3834,37,922.047619047619,35,7,15,29.755957667258734,0.680952380952381,39.35185185185185,1042.5925925925922,29.788359788359777,0
4303,4,0,0,42,0.0,0.0,1.0,42,900,500,400,0.5555555555555556,13,5,8,367.8539242974809,0.808168795973674,0.24848960563246303,0.24385548226607817,135905.08355034707,1598.6436631944239,137503.7272135415,3835,38,923.047619047619,35,7,15,29.73380785880785,0.6812500000000001,39.32291666666666,1042.7083333333321,29.791666666666632,0
4304,4,0,0,42,0.0,0.0,1.0,42,1400,900,500,0.6428571428571429,19,9,10,368.7929644482483,0.8074186991869918,0.24006329481753852,0.24530856004221857,136025.79417706188,1633.071175197184,137658.86535225908,3836,39,924.047619047619,35,7,16,29.589320056215094,0.6824404761904762,39.207175925925924,1043.171296296296,29.804894179894173,0
4305,4,0,0,42,0.0,0.0,1.0,42,1500,1000,500,0.6666666666666666,20,10,10,346.8024912653117,0.8073703058459156,0.20780855246874674,0.21951241486234524,134234.65617563948,910.5826351708646,135145.23881081035,3837,40,925.047619047619,40,2,19,31.945261678271375,0.65546875,40.92987804878049,1036.280487804878,25.90701219512195,8
4306,4,0,0,42,0.0,0.0,1.0,42,1050,600,450,0.5714285714285714,15,6,9,345.9202717150417,0.8058943089430894,0.2098234706546802,0.21974337559382667,134366.32977229165,896.0074608368071,135262.33723312846,3838,41,926.047619047619,40,2,19,31.836690518199056,0.6567708333333333,40.802845528455286,1036.788617886179,25.919715447154477,0
4307,4,0,0,42,0.0,0.0,1.0,42,1650,1400,250,0.8484848484848485,19,14,5,348.86534088159874,0.8060878823073945,0.20969592656339686,0.22273710225517454,134550.78125,988.1473494612997,135538.9285994613,3839,42,927.047619047619,39,3,20,31.57630522088353,0.6602564102564104,40.625,1037.5,26.602564102564102,0
4308,4,0,0,42,0.0,0.0,1.0,42,1200,700,500,0.5833333333333334,17,7,10,351.45230175077523,0.8041521486643438,0.21224025539561509,0.22505595981007212,134658.87586805542,1065.234374999991,135724.11024305542,3840,43,928.047619047619,39,3,20,31.401378295196047,0.6613247863247864,40.52083333333333,1037.9166666666656,26.613247863247835,0
4309,4,0,0,42,0.0,0.0,1.0,42,900,500,400,0.5555555555555556,13,5,8,353.6251751780174,0.8027245451025938,0.21696598775960685,0.22695313077909174,134739.97531466995,1129.4894748263655,135869.46478949633,3841,44,929.047619047619,39,3,20,31.26410905989765,0.6621260683760685,40.44270833333332,1038.2291666666652,26.621260683760646,0
4310,4,0,0,42,0.0,0.0,1.0,42,1000,500,500,0.5,15,5,10,357.07030444191446,0.8027729384436701,0.21794945282757516,0.22950572952813944,134794.0551757811,1226.1908637152646,136020.24603949636,3842,45,930.047619047619,39,3,17,31.120745143277496,0.6626602564102565,40.39062499999999,1038.4374999999989,26.626602564102534,0
4311,4,1,1,42,0.023255813953488372,0.023255813953488372,0.9767441860465116,43,1200,800,400,0.6666666666666666,16,8,8,349.84301012643334,0.8049095607235142,0.21089425495431202,0.22613746027515189,134999.26155892646,845.7096057240961,135844.97116465055,3843,0,909.3953488372093,40,3,17,31.103926266379816,0.6630208333333334,40.193089430894304,1039.2276422764219,25.980691056910548,0
4312,4,0,0,42,0.0,0.0,1.0,42,950,600,350,0.631578947368421,13,6,7,354.75070555411213,0.8025551684088269,0.20952094493301687,0.22886698170741984,134929.30230034704,1173.253038194426,136102.55533854148,3844,47,932.047619047619,39,3,17,31.04613662188357,0.6639957264957266,40.26041666666666,1038.958333333332,26.63995726495723,0
4313,4,0,0,42,0.0,0.0,1.0,42,1300,1200,100,0.9230769230769231,14,12,2,355.06250926193127,0.8011759581881533,0.21538825011812923,0.22958254406391984,135010.48312716998,1187.4321831597033,136197.91531032967,3845,48,933.047619047619,39,3,18,30.957138919514883,0.6647970085470087,40.18229166666666,1039.270833333332,26.64797008547005,0
4314,4,0,0,42,0.0,0.0,1.0,42,1050,800,250,0.7619047619047619,13,8,5,355.5784240663195,0.8008855981416957,0.215307008752589,0.23008829541723308,135037.54882812485,1203.2877604166533,136240.8365885415,3846,49,934.047619047619,39,3,18,30.91676688715173,0.6650641025641026,40.15624999999999,1039.3749999999989,26.650641025640997,0
4315,4,0,0,42,0.0,0.0,1.0,42,750,500,250,0.6666666666666666,10,5,5,358.5126164151951,0.8006920247773907,0.2176257276457676,0.23233479946906802,135091.6883680555,1286.4149305555516,136378.10329861107,3847,50,935.047619047619,39,3,18,30.78657314629258,0.6655982905982907,40.104166666666664,1039.583333333333,26.6559829059829,0
4316,4,0,0,42,0.0,0.0,1.0,42,1000,600,400,0.6,14,6,8,357.53359220907305,0.8006920247773907,0.21424755799755824,0.23239683493589744,135200.0,1267.708333333334,136467.70833333334,3848,51,936.047619047619,39,3,19,30.704126602564116,0.6666666666666667,40.0,1040.0,26.666666666666668,0
4317,4,0,0,42,0.0,0.0,1.0,42,900,400,500,0.4444444444444444,14,4,10,358.5587467773389,0.7999903213317847,0.21457656858678176,0.23358944579682223,135281.26220703128,1301.2559678819457,136582.51817491322,3849,52,937.047619047619,39,3,20,30.596546343579977,0.6674679487179487,39.921875,1040.3125000000002,26.674679487179493,0
4318,4,0,0,42,0.0,0.0,1.0,42,1000,600,400,0.6,14,6,8,358.2260939618295,0.8003290747193186,0.21299871299871276,0.23390056723390054,135362.54882812503,1298.0794270833344,136660.62825520837,3850,53,938.047619047619,39,3,21,30.52427427427426,0.6682692307692308,39.84375,1040.6250000000002,26.682692307692314,0
4319,4,0,0,42,0.0,0.0,1.0,42,950,800,150,0.8421052631578947,11,8,3,357.1087454431122,0.8002806813782424,0.20540241717183294,0.23352294400965784,135416.75347222204,1271.7013888888703,136688.45486111092,3851,54,939.047619047619,39,3,21,30.499399519615686,0.6688034188034189,39.79166666666666,1040.833333333332,26.688034188034152,0
4320,4,0,0,42,0.0,0.0,1.0,42,750,400,350,0.5333333333333333,11,4,7,358.1403209605875,0.800038714672861,0.2068471739741624,0.23437434363845125,135443.85986328128,1301.581488715278,136745.44135199656,3852,55,940.047619047619,39,3,21,30.44558274125221,0.6690705128205128,39.765625,1040.9375000000002,26.690705128205135,0
4321,4,1,1,42,0.023255813953488372,0.023255813953488372,0.9767441860465116,43,1200,500,700,0.4166666666666667,19,5,14,349.76000000000005,0.8049557032115171,0.2026046511627908,0.2301052631578948,135633.6805555556,888.2459852430609,136521.92654079865,3853,0,919.1627906976744,37,6,21,30.475,0.6745495495495495,39.583333333333336,1041.666666666667,28.153153153153163,0
4322,4,0,1,41,0.0,0.023809523809523808,0.9761904761904762,42,1150,900,250,0.782608695652174,14,9,5,354.2052679389649,0.7988046844754162,0.21368559426170952,0.23267702160668655,135579.43250868053,1204.5898437499964,136784.02235243053,3854,57,942.047619047619,39,3,21,30.413165966526638,0.670405982905983,39.635416666666664,1041.4583333333333,26.704059829059826,0
4323,4,0,0,41,0.0,0.0,1.0,41,1000,600,400,0.6,14,6,8,361.08146130641217,0.797510162601626,0.2295761428625056,0.2366334122683921,135494.60475792622,1584.9179770253618,137079.52273495158,3855,66,964.6341463414634,38,3,21,30.318539421925763,0.6713267543859649,39.71688034188035,1041.13247863248,27.398223121907364,0
4324,4,0,1,40,0.0,0.024390243902439025,0.975609756097561,41,1150,800,350,0.6956521739130435,15,8,7,357.6551157356889,0.7957317073170732,0.2286023807506783,0.23548726643137752,135662.23651748608,1504.129919738738,137166.36643722482,3856,67,965.6341463414634,37,4,22,30.24100533277199,0.674831081081081,39.555921052631575,1041.776315789473,28.156116642958732,0
4325,4,0,0,40,0.0,0.0,1.0,40,950,600,350,0.631578947368421,13,6,7,367.13823001919275,0.7965277777777777,0.22948468259816845,0.24134574719393148,135605.1275993574,1957.1653056709647,137562.29290502836,3857,68,957.25,37,3,22,30.050860616907038,0.6742680180180181,39.61074561403508,1041.5570175438588,28.150189663347536,0
4326,4,0,0,40,0.0,0.0,1.0,40,900,800,100,0.8888888888888888,10,8,2,364.89853070624986,0.7962873931623932,0.2306303936013474,0.24044839381212105,135690.79548514922,1902.674380578635,137593.46986572785,3858,69,958.25,37,3,22,30.023942327930953,0.6751126126126126,39.52850877192982,1041.8859649122803,28.159080132764334,0
4327,4,0,0,40,0.0,0.0,1.0,40,1150,1000,150,0.8695652173913043,13,10,3,362.26421986158056,0.7951121794871795,0.2277774855339294,0.23928571298014745,135776.4904225338,1837.3928756925084,137613.8832982263,3859,70,959.25,37,3,22,30.00734262668769,0.6759572072072072,39.446271929824555,1042.2149122807011,28.16797060218111,0
4328,4,0,0,40,0.0,0.0,1.0,40,700,600,100,0.8571428571428571,8,6,2,365.94474214659516,0.7934294871794871,0.22972233908287798,0.24229823177784315,135862.2124115112,1943.6124576792786,137805.82486919046,3860,71,960.25,37,3,23,29.826198990323938,0.6768018018018018,39.364035087719294,1042.5438596491224,28.1768610715979,0
4329,4,0,0,40,0.0,0.0,1.0,40,750,400,350,0.5333333333333333,11,4,7,363.48721503939487,0.7923076923076923,0.23221042673954173,0.24183338208984614,136033.7375442443,1889.3048822714577,137923.04242651575,3861,72,961.25,37,3,18,29.719798892859643,0.678490990990991,39.19956140350877,1043.2017543859643,28.194642010431465,0
4330,4,0,0,40,0.0,0.0,1.0,40,1550,1300,250,0.8387096774193549,18,13,5,368.5127872609475,0.7922542735042735,0.24952339688041625,0.2389122227523222,135106.32253875505,1961.1441029447583,137067.4666416998,3862,73,962.25,36,4,20,30.51207755632584,0.6712962962962963,40.090090090090094,1039.63963963964,28.878878878878893,2
4331,4,0,0,40,0.0,0.0,1.0,40,900,400,500,0.4444444444444444,14,4,10,369.35500315281485,0.7924412393162393,0.25207047742773625,0.24043214687262524,135252.707838751,1991.2528660417288,137243.96070479273,3863,74,963.25,36,4,20,30.344222510916246,0.6727430555555556,39.94932432432433,1040.2027027027034,28.894519519519537,0
4332,4,0,0,40,0.0,0.0,1.0,40,1250,900,350,0.72,16,9,7,369.09761702062156,0.7913461538461538,0.24866085921437064,0.24104813278357354,135369.87314595009,1992.9395189108081,137362.8126648609,3864,75,964.25,36,4,20,30.234146737366085,0.6739004629629629,39.836711711711715,1040.6531531531537,28.907032032032046,0
4333,4,0,0,40,0.0,0.0,1.0,40,950,500,450,0.5263157894736842,14,5,9,369.01861208066776,0.7906517094017094,0.24925635478637065,0.24178434221727688,135487.08917955132,1999.45152077755,137486.54070032886,3865,76,965.25,36,4,20,30.119433928249503,0.6750578703703705,39.72409909909911,1041.1036036036048,28.91954454454458,0
4334,4,0,0,40,0.0,0.0,1.0,40,1050,600,450,0.5714285714285714,15,6,9,367.533917393064,0.7888621794871795,0.25168295934236795,0.24220646591305722,135693.96888931756,1974.5064505039306,137668.47533982148,3866,77,966.25,35,5,20,29.95214026512626,0.6791666666666667,39.52546296296296,1041.898148148148,29.768518518518515,0
4335,4,0,0,40,0.0,0.0,1.0,40,1150,900,250,0.782608695652174,14,9,5,366.3279628771971,0.7883279914529915,0.24752582472509177,0.24161543221856455,135724.1180796682,1943.907937885804,137668.02601755402,3867,78,967.25,35,5,20,29.953557147617474,0.6794642857142856,39.49652777777778,1042.013888888889,29.7718253968254,0
4336,4,0,0,40,0.0,0.0,1.0,40,1100,800,300,0.7272727272727273,14,8,6,367.6711332798235,0.7874198717948718,0.2499666814749002,0.2427060765433675,135754.2706189987,1982.5853052126254,137736.85592421133,3868,79,968.25,35,5,20,29.888568043832358,0.6797619047619048,39.467592592592595,1042.1296296296302,29.775132275132293,0
4337,4,0,0,40,0.0,0.0,1.0,40,1200,800,400,0.6666666666666666,16,8,8,368.63413594715496,0.7874198717948718,0.20576923076923048,0.22207958921694487,132398.00347222242,1764.7140775034493,134162.71754972587,3869,80,969.25,36,4,18,33.22368421052631,0.644386574074074,42.70833333333334,1029.1666666666683,28.587962962963008,6
4338,4,0,0,40,0.0,0.0,1.0,40,750,400,350,0.5333333333333333,11,4,7,366.6781364371859,0.7866987179487179,0.20420741989881974,0.22142579929455336,132487.35592689057,1716.0433545524857,134203.39928144304,3870,81,970.25,35,5,18,33.18402192242833,0.6473214285714285,42.621527777777786,1029.5138888888898,29.414682539682566,0
4339,4,0,0,40,0.0,0.0,1.0,40,1050,700,350,0.6666666666666666,14,7,7,364.96795100598393,0.7861912393162394,0.20345583277140933,0.22091733524158153,132576.7385223767,1677.2521219135929,134253.9906442903,3871,82,971.25,35,5,18,33.138064733647994,0.6482142857142856,42.53472222222223,1029.8611111111122,29.424603174603206,0
4340,4,0,0,40,0.0,0.0,1.0,40,1100,600,500,0.5454545454545454,16,6,10,367.8220551932102,0.7864583333333334,0.20530439177805238,0.22353035886588066,132725.77649444874,1763.8935774605657,134489.67007190932,3872,83,972.25,35,5,14,32.91458403534389,0.649702380952381,42.3900462962963,1030.439814814815,29.44113756613757,0
4341,4,0,0,40,0.0,0.0,1.0,40,750,700,50,0.9333333333333333,8,7,1,347.89212031754863,0.7864583333333334,0.13213285206335512,0.19415434568052725,129452.33298947751,1007.0893207525337,130459.42231023005,3873,84,973.25,37,3,16,36.735781884136046,0.6128941441441441,45.58662280701754,1017.6535087719296,27.50414888572783,7
4342,4,1,1,40,0.024390243902439025,0.024390243902439025,0.975609756097561,41,1100,900,200,0.8181818181818182,13,9,4,337.1376514254571,0.7916158536585366,0.12258775349518469,0.19022059918688866,129881.14458917746,557.564810249103,130438.70939942656,3874,0,950.4878048780488,38,3,16,36.574171121126355,0.6154057017543859,45.16559829059829,1019.337606837607,26.824673864147552,0
4343,4,1,1,40,0.024390243902439025,0.024390243902439025,0.975609756097561,41,1100,500,600,0.45454545454545453,17,5,12,338.5693913284951,0.791209349593496,0.12243416933907403,0.19156163842504376,129990.0710082001,602.131843998842,130592.20285219894,3875,0,951.4634146341464,38,3,17,36.427230661777536,0.6165021929824561,45.05876068376069,1019.764957264958,26.83591992802521,0
4344,4,0,0,40,0.0,0.0,1.0,40,1150,900,250,0.782608695652174,14,9,5,344.6631876968988,0.7824786324786325,0.12640905668495228,0.1945557775360092,129899.05698147521,954.2846116112778,130853.34159308649,3876,87,976.25,37,3,17,36.36421695170483,0.6173986486486486,45.14802631578948,1019.4078947368432,27.551564722617385,0
4345,4,1,1,40,0.024390243902439025,0.024390243902439025,0.975609756097561,41,950,700,250,0.7368421052631579,12,7,5,337.61466212372204,0.7907012195121951,0.12300078398124614,0.19182377382175342,130153.54624379087,588.3491078603547,130741.89535165123,3877,0,953.4146341463414,38,3,17,36.28590374480859,0.6181469298245613,44.89850427350429,1020.4059829059847,26.852789023841705,0
4346,4,1,0,41,0.024390243902439025,0.0,1.0,41,950,700,250,0.7368421052631579,12,7,5,336.0199851628386,0.7872967479674797,0.12388119903807415,0.1913191262363388,130235.32238476172,552.3342190810442,130787.65660384277,3878,0,954.390243902439,38,3,19,36.24376351964273,0.6189692982456139,44.81837606837608,1020.7264957264977,26.86122357174994,0
4347,4,0,0,41,0.0,0.0,1.0,41,1250,800,450,0.64,17,8,9,340.9666272805825,0.7865853658536586,0.1356479844991687,0.19497262941182472,130402.54122662736,692.5857877406044,131095.12701436796,3879,1,955.390243902439,37,4,19,35.948179459652884,0.6224662162162162,44.65460526315789,1021.381578947368,27.604907539118052,0
4348,4,0,0,41,0.0,0.0,1.0,41,600,300,300,0.5,9,3,6,342.07822873702446,0.7869410569105691,0.13785972141142389,0.19589077179734818,130458.54403518379,725.4055334333465,131183.94956861713,3880,2,956.390243902439,37,4,20,35.863095238095205,0.6230292792792793,44.599780701754376,1021.6008771929816,27.61083451872923,0
4349,4,1,1,41,0.023809523809523808,0.023809523809523808,0.9761904761904762,42,850,700,150,0.8235294117647058,10,7,3,331.8144892236005,0.7907713898567557,0.12974847272799628,0.19133302956917506,130726.51855504423,275.39059646430974,131001.90915150853,3881,0,934.5952380952381,38,4,17,35.85435819752052,0.6239035087719298,44.337606837606835,1022.6495726495729,26.911830859199284,0
4350,4,0,1,40,0.0,0.024390243902439025,0.975609756097561,41,1050,800,250,0.7619047619047619,13,8,5,343.9679106958014,0.7855691056910569,0.1333905211237396,0.19825987238251205,130710.70545744848,792.0576523545712,131502.76310980305,3882,4,958.390243902439,37,4,17,35.55963614268353,0.6255630630630631,44.353070175438596,1022.5877192982459,27.63750592697962,0
4351,4,0,0,40,0.0,0.0,1.0,40,1200,1100,100,0.9166666666666666,13,11,2,352.26690711416654,0.7798611111111111,0.14153630053982647,0.2025032752295941,130607.69120049108,1201.7534849038336,131809.4446853949,3883,94,983.25,36,4,17,35.45178289449527,0.6264467592592593,44.45382882882883,1022.1846846846851,28.39401901901903,0
4352,4,1,0,41,0.024390243902439025,0.0,1.0,41,950,600,350,0.631578947368421,13,6,7,339.36676150318374,0.7852134146341463,0.1456927310585847,0.19532442495405467,130654.64854570643,669.9504905397732,131324.5990362462,3884,0,960.2439024390244,37,4,19,35.73394823394825,0.625,44.40789473684211,1022.368421052632,27.631578947368432,1
4353,4,0,0,41,0.0,0.0,1.0,41,800,600,200,0.75,10,6,4,339.96615969840957,0.7840955284552845,0.1448334713112147,0.19644996856440997,130808.47447083432,694.0909443714021,131502.56541520573,3885,1,961.2439024390244,38,3,19,35.563098346388166,0.6247258771929824,44.25747863247864,1022.970085470086,26.920265407107525,0
4354,4,1,1,41,0.023809523809523808,0.023809523809523808,0.9761904761904762,42,1100,900,200,0.8181818181818182,13,9,4,335.73589507860845,0.7908923732094464,0.14490404972651394,0.19514772990701626,131034.66932508697,398.60839843751927,131433.2777235245,3886,0,939.3333333333334,39,3,19,35.442843456438446,0.6252670940170939,44.03645833333334,1023.854166666668,26.252670940170976,0
4355,4,0,0,41,0.0,0.0,1.0,41,1500,1300,200,0.8666666666666667,17,13,4,343.93501510101567,0.7829776422764227,0.14951272960501694,0.1998744238758662,131027.14913662434,812.9649033895855,131840.11404001393,3887,3,963.2439024390244,38,3,21,35.24057358516818,0.6269188596491228,44.04380341880342,1023.8247863247866,26.942757534862807,0
4356,4,1,1,41,0.023809523809523808,0.023809523809523808,0.9761904761904762,42,1300,1200,100,0.9230769230769231,14,12,2,340.3039459586082,0.7911101432442896,0.15218499893760207,0.1991854495062429,131302.0846243143,536.523502049054,131838.60812636337,3888,0,941.2857142857143,40,2,21,35.05598248223436,0.6263020833333333,43.775406504065046,1024.8983739837404,25.62245934959351,0
4357,4,0,0,41,0.0,0.0,1.0,41,850,600,250,0.7058823529411765,11,6,5,348.00698562374754,0.7829776422764227,0.15911317221967347,0.20312455214300057,131194.6953667536,931.3340928819639,132126.02945963558,3889,5,965.2439024390244,39,2,21,34.96706066768345,0.626869658119658,43.88020833333334,1024.4791666666679,26.26869658119661,0
4358,4,0,0,41,0.0,0.0,1.0,41,1150,900,250,0.782608695652174,14,9,5,357.2483459357277,0.7844004065040651,0.17954665959703076,0.2054177989130434,130617.28395061727,1132.6295452353359,131749.9134958526,3890,6,966.2439024390244,38,3,17,35.31476449275362,0.6228070175438596,44.44444444444444,1022.2222222222222,26.900584795321635,2
4359,4,0,0,41,0.0,0.0,1.0,41,500,300,200,0.6,7,3,4,357.7546496945595,0.7829268292682927,0.18009422148011245,0.20608683341559822,130688.28124999996,1150.8680555555552,131839.1493055555,3891,7,967.2439024390244,39,2,17,35.22989676718284,0.6217948717948718,44.375,1022.4999999999997,26.21794871794871,0
4360,4,0,0,41,0.0,0.0,1.0,41,1100,800,300,0.7272727272727273,14,8,6,359.94021804798626,0.7824186991869919,0.17708563525623044,0.2083496029396213,130874.7409396703,1221.416558159741,132096.15749783005,3892,8,968.2439024390244,39,2,18,34.98517509925685,0.6236645299145298,44.19270833333334,1023.229166666668,26.236645299145334,0
4361,4,1,0,42,0.023809523809523808,0.0,1.0,42,1000,700,300,0.7,13,7,6,350.7302584016394,0.7936507936507936,0.17199021261118252,0.20473142645900003,131197.9489411892,803.0181067816881,132000.9670479709,3893,0,946.1666666666666,40,2,19,34.894025063651085,0.6252604166666667,43.87703252032521,1024.4918699187,25.612296747967502,0
4362,4,0,0,42,0.0,0.0,1.0,42,1500,900,600,0.6,21,9,12,351.3120497058626,0.7941347270615563,0.17711962833914052,0.2057684862562913,131328.12500000026,827.4951046004662,132155.62010460073,3894,1,947.1666666666666,40,2,19,34.74762872628728,0.6265624999999999,43.750000000000014,1025.000000000002,25.62500000000005,0
4363,4,0,0,42,0.0,0.0,1.0,42,1600,1100,500,0.6875,21,11,10,350.424045012691,0.7927071234998064,0.17427352783298744,0.20625376994859376,131515.040418837,817.2064887152978,132332.2469075523,3895,2,948.1666666666666,39,3,19,34.58170424156256,0.6300747863247863,43.56770833333334,1025.7291666666683,26.300747863247906,0
4364,4,0,0,42,0.0,0.0,1.0,42,1450,1100,350,0.7586206896551724,18,11,7,349.96722714481695,0.7919328300425862,0.17811824760357897,0.20656244185761505,131621.90890842024,812.6708984375102,132434.57980685774,3896,3,949.1666666666666,39,3,15,34.485606368219806,0.6311431623931624,43.46354166666667,1026.1458333333342,26.311431623931647,0
4365,4,0,0,42,0.0,0.0,1.0,42,850,500,350,0.5882352941176471,12,5,7,353.4085984993237,0.7923441734417345,0.17819691302540863,0.2090329129419173,131702.0887586808,908.9301215278027,132611.0188802086,3897,4,950.1666666666666,39,3,15,34.316436641634525,0.6319444444444444,43.38541666666668,1026.4583333333353,26.319444444444496,0
4366,4,1,1,42,0.023255813953488372,0.023255813953488372,0.9767441860465116,43,1000,700,300,0.7,13,7,6,344.97676889526736,0.7990494647471391,0.17960113173693948,0.20540136239877263,131953.86860499732,504.20384691654806,132458.07245191387,3898,0,929.046511627907,40,3,15,34.27917903066271,0.6328124999999998,43.14024390243904,1027.4390243902462,25.685975609756156,0
4367,4,1,2,41,0.023255813953488372,0.046511627906976744,0.9534883720930233,43,1050,900,150,0.8571428571428571,12,9,3,343.6701007228353,0.801218161683278,0.17822806790601176,0.2051383656931411,132049.19443129926,476.2719901147841,132525.46642141405,3899,0,930.0232558139535,42,1,15,34.21679079852928,0.630704365079365,43.04748062015504,1027.8100775193805,24.4716685123662,0
4368,4,1,1,41,0.023809523809523808,0.023809523809523808,0.9761904761904762,42,600,300,300,0.5,9,3,6,351.08292731003615,0.7838027487417731,0.17805532949879765,0.20909522013513768,131964.434573019,866.091998141847,132830.52657116085,3900,0,953.0,41,1,15,34.11169177046119,0.6313516260162602,43.129960317460316,1027.4801587301586,25.060491676345332,0
4369,4,1,0,42,0.023809523809523808,0.0,1.0,42,900,700,200,0.7777777777777778,11,7,4,350.79177825653625,0.7847222222222222,0.18296864156337156,0.20948435818535868,132066.38681224806,865.5605355568161,132931.94734780487,3901,0,953.9761904761905,41,1,16,34.01648409098222,0.6323678861788617,43.03075396825397,1027.8769841269843,25.070170344560594,0
4370,4,0,0,42,0.0,0.0,1.0,42,700,500,200,0.7142857142857143,9,5,4,347.53349368215015,0.7837301587301587,0.1782084504971415,0.20795826377146692,132142.87682665666,784.8151297556115,132927.69195641228,3902,1,954.9761904761905,41,1,16,34.023221407436,0.6331300813008129,42.95634920634921,1028.1746031746038,25.077429345722045,0
4371,4,0,0,42,0.0,0.0,1.0,42,1100,700,400,0.6363636363636364,15,7,8,348.47432775544064,0.7834639953542393,0.18058904858364722,0.20894351392947644,132219.3889853393,815.0125385802296,133034.4015239195,3903,2,955.9761904761905,41,1,16,33.922040288093626,0.6338922764227642,42.881944444444436,1028.4722222222206,25.08468834688343,0
4372,4,1,1,42,0.023255813953488372,0.023255813953488372,0.9767441860465116,43,1050,700,350,0.6666666666666666,14,7,7,340.47499010105685,0.7882521225544481,0.17548360372149463,0.20526134089008813,132424.8060438369,417.8285951967689,132842.63463903367,3904,0,934.7209302325581,39,4,16,33.92126724690484,0.639155982905983,42.68229166666667,1029.2708333333342,26.39155982905985,0
4373,4,0,0,42,0.0,0.0,1.0,42,800,500,300,0.625,11,5,6,348.3578195019572,0.7823751451800233,0.18258254121320672,0.20929725308431596,132295.92328829668,817.2638731418374,133113.18716143852,3905,4,957.9761904761905,41,1,16,33.84803921568628,0.6346544715447155,42.80753968253968,1028.7698412698403,25.091947348044886,0
4374,4,0,0,42,0.0,0.0,1.0,42,1250,900,350,0.72,16,9,7,351.90447624448126,0.7823751451800233,0.18994775152949606,0.20655824211121024,131410.26925131492,848.8904976027259,132259.15974891765,3906,5,958.9761904761905,38,4,17,34.64949984370115,0.6307565789473684,43.669871794871796,1025.320512820513,26.982118758434552,1
4375,4,0,0,42,0.0,0.0,1.0,42,800,400,400,0.5,12,4,8,353.84555397016334,0.781963801780875,0.19312555195030723,0.2078463664018131,131437.65637555698,901.7260665497824,132339.38244210675,3907,6,959.9761904761905,38,4,17,34.57208967145933,0.6310307017543859,43.64316239316239,1025.4273504273501,26.98493027440395,0
4376,4,0,0,42,0.0,0.0,1.0,42,1000,700,300,0.7,13,7,6,352.6816206619105,0.7825687185443283,0.19220964086082337,0.20760859840435328,131519.83486969466,876.92570220615,132396.7605719008,3908,7,960.9761904761905,38,4,18,34.51897371801549,0.6318530701754386,43.56303418803419,1025.7478632478633,26.99336482231219,0
4377,4,0,0,42,0.0,0.0,1.0,42,850,800,50,0.9411764705882353,9,8,1,353.6483389567238,0.7823993418505614,0.19446964626558594,0.2087764164523253,131629.4461451713,910.1069974066736,132539.55314257796,3909,8,961.9761904761905,38,4,13,34.38356758632656,0.6329495614035088,43.45619658119658,1026.1752136752136,27.004610886189834,0
4378,4,1,1,42,0.023255813953488372,0.023255813953488372,0.9767441860465116,43,1050,700,350,0.6666666666666666,14,7,7,345.2821678098919,0.7908822443706164,0.20276497695852558,0.20561534142356364,131959.80131571405,512.6732524104805,132472.47456812454,3910,0,940.5813953488372,43,0,15,34.26536098310293,0.6283914728682171,43.1344696969697,1027.462121212122,23.894467935165626,5
4379,4,0,0,42,0.0,0.0,1.0,42,750,600,150,0.8,9,6,3,348.02039533284585,0.7815766550522648,0.19943087130144965,0.20691891255880523,131899.84568422867,780.7672878733226,132680.61297210198,3911,10,963.9761904761905,42,0,15,34.255416155708595,0.6292162698412698,43.19282945736434,1027.2286821705422,24.457825765965293,0
4380,4,0,0,42,0.0,0.0,1.0,42,1100,700,400,0.6363636363636364,15,7,8,345.3859535863351,0.7814072783584979,0.20410536904312826,0.205756890552219,131974.50949462177,716.4283621777571,132690.93785679952,3912,11,964.9761904761905,42,0,15,34.24788601785491,0.6299603174603174,43.12015503875969,1027.5193798449616,24.464747139165752,0
4381,4,0,0,42,0.0,0.0,1.0,42,1350,1000,350,0.7407407407407407,17,10,7,349.11279082472447,0.7818428184281843,0.1993581975674339,0.20879857444477634,132123.9004942614,825.2287272399763,132949.12922150138,3913,12,965.9761904761905,42,0,15,34.001727929626156,0.6314484126984126,42.9748062015504,1028.1007751938005,24.478589885566677,0
4382,4,0,0,42,0.0,0.0,1.0,42,1300,900,400,0.6923076923076923,17,9,8,347.4024373387134,0.7820121951219512,0.19473117556019082,0.20846110075468902,132248.45754649685,788.6872971876933,133037.14484368454,3914,13,966.9761904761905,42,0,15,33.92035641387973,0.6326884920634919,42.85368217054265,1028.5852713178315,24.490125507567416,0
4383,4,0,0,42,0.0,0.0,1.0,42,1050,700,350,0.6666666666666666,14,7,7,345.17220466660234,0.7787456445993032,0.19569993722536072,0.20780775587070993,132373.07328285582,738.3011087074315,133111.37439156327,3915,14,967.9761904761905,42,0,15,33.8524011299435,0.6339285714285714,42.732558139534895,1029.0697674418623,24.50166112956815,0
4384,4,0,0,42,0.0,0.0,1.0,42,1000,700,300,0.7,13,7,6,344.602107450137,0.7798102981029811,0.19991068490574904,0.20803452613050613,132476.4576723513,730.3379950141214,133206.79566736543,3916,15,968.9761904761905,40,2,16,33.76316222441592,0.6380208333333333,42.63211382113822,1029.4715447154485,25.736788617886212,0
4385,4,0,0,42,0.0,0.0,1.0,42,1100,800,300,0.7272727272727273,14,8,6,343.77254049806254,0.7798828881145954,0.1980680755475972,0.20796699420100723,132554.9351101363,713.7493596734861,133268.6844698098,3917,16,969.9761904761905,40,2,17,33.705672883976455,0.6388020833333332,42.555894308943095,1029.7764227642288,25.744410569105717,0
4386,4,0,0,42,0.0,0.0,1.0,42,1050,700,350,0.6666666666666666,14,7,7,342.5430716836654,0.7788908246225319,0.19969368963054812,0.2076564936953133,132633.43578557757,686.5329003900018,133319.9686859676,3918,17,970.9761904761905,40,2,12,33.65849447513812,0.6395833333333333,42.47967479674798,1030.0813008130099,25.752032520325248,0
4387,4,0,0,42,0.0,0.0,1.0,42,900,700,200,0.7777777777777778,11,7,4,339.91962621912523,0.7779229578010066,0.1949281487743022,0.2066417871619864,132738.13950029755,624.0597527926589,133362.19925309022,3919,18,971.9761904761905,40,2,12,33.620973044049954,0.640625,42.37804878048781,1030.4878048780497,25.762195121951244,0
4388,4,1,0,43,0.023255813953488372,0.0,1.0,43,1000,700,300,0.7,13,7,6,334.9521819673181,0.7872831303063861,0.20354261403669693,0.20497338645757535,132985.72850725934,308.7719868039741,133294.5004940633,3920,0,950.3488372093024,41,2,14,33.500749414895324,0.6415142276422764,42.13789682539682,1031.4484126984123,25.157278358497862,0
4389,4,0,0,43,0.0,0.0,1.0,43,1650,1200,450,0.7272727272727273,21,12,9,331.27713873011277,0.7871447028423773,0.20575907218177214,0.20356031153038165,133139.2621429358,221.19876307003216,133360.46090600584,3921,1,951.3488372093024,41,2,15,33.441775609599794,0.6430386178861789,41.9890873015873,1032.0436507936502,25.171796360820736,0
4390,4,0,0,43,0.0,0.0,1.0,43,1050,900,150,0.8571428571428571,12,9,3,335.5637802780258,0.786360280546327,0.21742090928137436,0.20693099783811586,133272.0389399675,344.2538384111439,133616.29277837864,3922,2,952.3488372093024,42,1,15,33.19823729979979,0.6428571428571428,41.860465116279066,1032.5581395348831,24.58471760797341,0
4391,4,0,1,42,0.0,0.023255813953488372,0.9767441860465116,43,900,600,300,0.6666666666666666,12,6,6,337.1022813273307,0.7847914359542266,0.22199048824119738,0.20844027372095947,133372.11180217515,392.0086307913971,133764.12043296653,3923,3,953.3488372093024,42,1,17,33.05835678549092,0.6438492063492064,41.76356589147286,1032.945736434107,24.593946105573973,0
4392,4,0,0,42,0.0,0.0,1.0,42,1000,700,300,0.7,13,7,6,343.29885329661994,0.7827622919086333,0.2247945562552307,0.21240469158512781,133395.34837372435,758.8940263605341,134154.24240008488,3924,4,972.4285714285714,41,1,17,32.87507202535292,0.645579268292683,41.74107142857142,1033.0357142857133,25.19599303135886,0
4393,4,1,0,43,0.023255813953488372,0.0,1.0,43,1000,500,500,0.5,15,5,10,337.5769247022318,0.7867755629383536,0.223607793840352,0.21033957188274402,133656.0591930234,423.88457458881385,134079.94376761222,3925,0,950.7906976744187,40,3,19,32.762080262080254,0.6497395833333333,41.488821138211385,1034.0447154471549,25.851117886178873,0
4394,4,0,0,43,0.0,0.0,1.0,43,1150,1000,150,0.8695652173913043,13,10,3,337.9350411950057,0.7865909929863418,0.22836761459966093,0.21101244474127404,133734.8851956507,438.74078756031656,134173.62598321104,3926,1,951.7906976744187,40,3,14,32.674027313814115,0.6505208333333332,41.41260162601626,1034.3495934959349,25.85873983739837,0
4395,4,0,1,42,0.0,0.023255813953488372,0.9767441860465116,43,1050,700,350,0.6666666666666666,14,7,7,342.08171444703424,0.7858065706902916,0.23021474284304677,0.2142113171279032,133840.02267995258,556.8448839976369,134396.86756395022,3927,2,952.7906976744187,40,3,14,32.46169711255155,0.6515624999999999,41.310975609756106,1034.756097560977,25.868902439024424,0
4396,4,0,0,42,0.0,0.0,1.0,42,800,500,300,0.625,11,5,6,353.96821050475154,0.781237901664731,0.24114036349685875,0.22106316542843937,133741.45507812515,1068.0447048611259,134809.49978298627,3928,8,976.4285714285714,39,3,14,32.2528533064787,0.6522435897435896,41.40625000000001,1034.3750000000011,26.522435897435926,0
4397,4,0,0,42,0.0,0.0,1.0,42,1100,800,300,0.7272727272727273,14,8,6,351.8425331670612,0.7815766550522648,0.24179727877792878,0.2201664923278336,133813.73443593443,1016.2726592967294,134830.00709523115,3929,9,977.4285714285714,40,2,14,32.23549585829814,0.6513020833333333,41.336382113821145,1034.6544715447167,25.866361788617915,0
4398,4,0,0,42,0.0,0.0,1.0,42,550,200,350,0.36363636363636365,9,2,7,353.8667980923193,0.7815766550522648,0.19345485081999625,0.2142761264830376,132590.49236613343,989.9473723599273,133580.43973849335,3930,10,978.4285714285714,38,4,16,33.410053596127256,0.6425438596491228,42.52136752136752,1029.9145299145302,27.103013945119216,7
4399,4,0,0,42,0.0,0.0,1.0,42,550,400,150,0.7272727272727273,7,4,3,353.69139913314854,0.781431475029036,0.1957359172667199,0.21448380317244128,132645.51487508215,983.1155489809285,133628.63042406307,3931,11,979.4285714285714,38,4,13,33.35926156399088,0.6430921052631579,42.467948717948715,1030.1282051282049,27.108636977058023,0
4400,4,0,0,42,0.0,0.0,1.0,42,1300,900,400,0.6923076923076923,17,9,8,353.4612091371594,0.7807297715834302,0.19514728888757293,0.21544833903755228,132838.18354381263,990.6289949959904,133828.81253880862,3932,12,980.4285714285714,38,4,13,33.17161536601375,0.6450109649122806,42.28098290598291,1030.876068376069,27.128317588843924,0
4401,4,0,0,42,0.0,0.0,1.0,42,750,300,450,0.4,12,3,9,356.39755344649143,0.78034262485482,0.19453942596622076,0.21755805112663454,132893.25741699556,1072.5663625904149,133965.82377958597,3933,13,981.4285714285714,38,4,14,33.04061755258522,0.6455592105263157,42.22756410256411,1031.0897435897448,27.133940620782756,0
4402,4,0,0,42,0.0,0.0,1.0,42,1050,800,250,0.7619047619047619,13,8,5,357.33831131820824,0.7810443283004258,0.19989591195433887,0.21845387708389294,132948.34270445266,1101.507254912723,134049.84995936538,3934,14,982.4285714285714,38,4,14,32.961039745847586,0.6461074561403508,42.17414529914531,1031.3034188034203,27.139563652721588,0
4403,4,0,0,42,0.0,0.0,1.0,42,1600,1400,200,0.875,18,14,4,356.8311056179421,0.78034262485482,0.19656355863252406,0.21878844361602987,133058.54752218953,1095.885724852088,134154.43324704163,3935,15,983.4285714285714,38,4,16,32.863466915191054,0.647203947368421,42.0673076923077,1031.7307692307706,27.150809716599227,0
4404,4,0,0,42,0.0,0.0,1.0,42,850,500,350,0.5882352941176471,12,5,7,353.83472859843346,0.7800764614789005,0.19449866903283053,0.21743279123796885,133141.23109796204,1021.998274161753,134163.22937212378,3936,16,984.4285714285714,38,4,16,32.85778985507246,0.6480263157894736,41.987179487179496,1032.0512820512834,27.159244264507457,0
4405,4,0,0,42,0.0,0.0,1.0,42,1350,1100,250,0.8148148148148148,16,11,5,358.302627214815,0.7815766550522648,0.1973204430778932,0.2208314151405595,133251.51581561842,1148.8736394185128,134400.38945503693,3937,17,985.4285714285714,38,4,16,32.63184671633553,0.6491228070175439,41.88034188034188,1032.4786324786328,27.170490328385075,0
4406,4,0,0,42,0.0,0.0,1.0,42,1200,900,300,0.75,15,9,6,358.06975278030785,0.7805120015485869,0.19226412120495695,0.2213438855422005,133361.84619037184,1150.5686591423764,134512.41484951423,3938,18,986.4285714285714,38,4,16,32.52719452489311,0.6502192982456141,41.77350427350427,1032.905982905983,27.181736392262707,0
4407,4,0,0,42,0.0,0.0,1.0,42,900,600,300,0.6666666666666666,12,6,6,360.5148099804152,0.7802700348432056,0.19504506451163683,0.22303339803966188,133391.5052625869,1217.9226345486222,134609.42789713552,3939,19,987.4285714285714,39,3,16,32.43430893079225,0.6487713675213675,41.74479166666667,1033.0208333333342,26.487713675213698,0
4408,4,0,0,42,0.0,0.0,1.0,42,1500,1300,200,0.8666666666666667,17,13,4,362.48816216254255,0.7784794812233836,0.193909309081723,0.2249144784978251,133500.54974848026,1278.5226133281367,134779.0723618084,3940,20,988.4285714285714,37,5,17,32.27398320070734,0.6534346846846846,41.63925438596491,1033.44298245614,27.930891417733516,0
4409,4,0,0,42,0.0,0.0,1.0,42,1400,1200,200,0.8571428571428571,16,12,4,362.41473980395307,0.7791569879984515,0.1962651034329539,0.22590438936490956,133670.57802641194,1288.8375509772172,134959.41557738915,3941,21,989.4285714285714,37,5,17,32.10544569328101,0.6551238738738738,41.47478070175438,1034.1008771929824,27.94867235656709,0
4410,4,0,0,42,0.0,0.0,1.0,42,900,700,200,0.7777777777777778,11,7,4,357.81017878567116,0.7788666279519938,0.1936324598717305,0.22406467532849236,133840.71451071493,1177.9139975761843,135018.62850829112,3942,22,990.4285714285714,37,5,11,32.054126487937545,0.656813063063063,41.31030701754386,1034.7587719298253,27.966453295400687,0
4411,4,0,0,42,0.0,0.0,1.0,42,850,500,350,0.5882352941176471,12,5,7,357.81017878567116,0.7788666279519938,0.1936324598717305,0.22406467532849236,133840.71451071493,1177.9139975761843,135018.62850829112,3943,23,991.4285714285714,37,5,11,32.054126487937545,0.656813063063063,41.31030701754386,1034.7587719298253,27.966453295400687,0
4412,4,0,0,42,0.0,0.0,1.0,42,1000,800,200,0.8,12,8,4,358.04467023360445,0.7783826945412311,0.18975224373041932,0.22455705264684328,133897.45071800938,1188.2537174899942,135085.70443549938,3944,24,992.4285714285714,37,5,11,31.99127291026591,0.6573761261261261,41.25548245614035,1034.9780701754385,27.97238027501185,0
4413,4,0,0,42,0.0,0.0,1.0,42,1150,700,450,0.6086956521739131,16,7,9,356.27725742042446,0.7768099109562524,0.18454285026362238,0.22405469835569994,133997.13187824178,1148.026129556593,135145.15800779837,3945,25,993.4285714285714,38,4,12,31.9372785746225,0.6565241228070174,41.15918803418804,1035.363247863249,27.246401259559182,0
4414,4,1,0,43,0.023255813953488372,0.0,1.0,43,650,400,250,0.6153846153846154,9,4,5,344.8067271162206,0.7791159099298633,0.1807928617668435,0.2186852607733281,134307.7270507815,662.041558159751,134969.76860894126,3946,0,971.3023255813954,39,4,13,31.924031923089814,0.6578525641025641,40.859375000000014,1036.562500000002,26.578525641025692,0
4415,4,0,0,43,0.0,0.0,1.0,43,850,500,350,0.5882352941176471,12,5,7,344.20473788970355,0.7783776301218162,0.18500004671718306,0.21911140475894456,134442.73003472248,655.1649305555795,135097.89496527807,3947,1,972.3023255813954,39,4,14,31.804941743672153,0.6591880341880341,40.72916666666668,1037.0833333333353,26.591880341880394,0
4416,4,0,0,43,0.0,0.0,1.0,43,1400,1100,300,0.7857142857142857,17,11,6,346.9067034667418,0.7780084902177925,0.18755969241331294,0.22132247660636026,134523.76437717024,733.4391276041767,135257.20350477443,3948,2,973.3023255813954,39,4,14,31.654052448371658,0.6599893162393162,40.65104166666667,1037.3958333333342,26.599893162393183,0
4417,4,0,0,43,0.0,0.0,1.0,43,1300,900,400,0.6923076923076923,17,9,8,344.6931101665543,0.7770856404577334,0.18953850175883336,0.2205637415921248,134631.84814453137,681.3340928819588,135313.18223741333,3949,3,974.3023255813954,39,4,14,31.603704540131826,0.6610576923076923,40.54687500000001,1037.812500000001,26.610576923076945,0
4418,4,0,0,43,0.0,0.0,1.0,43,750,400,350,0.5333333333333333,11,4,7,348.76212462174675,0.7770856404577334,0.14558396942786112,0.21169049889831631,132680.27181440467,753.8022741973747,133434.07408860204,3950,4,975.3023255813954,37,6,14,33.45129132964383,0.6452702702702702,42.4342105263158,1030.2631578947387,27.844950213371316,8
4419,4,0,0,43,0.0,0.0,1.0,43,1150,800,350,0.6956521739130435,15,8,7,349.80028751464954,0.7767626430417128,0.1464416205104353,0.21312200278193272,132821.5187004656,692.2010859110562,133513.71978637663,3951,5,976.3023255813954,37,6,15,33.28269598978832,0.6466779279279278,42.29714912280702,1030.8114035087724,27.859767662399253,0
4420,4,0,0,43,0.0,0.0,1.0,43,1050,700,350,0.6666666666666666,14,7,7,351.00607162934494,0.7767626430417128,0.15032230716384287,0.1987368896662945,130017.30974687698,538.5573583690195,130555.867105246,3952,6,977.3023255813954,38,5,17,36.082521474963336,0.6167763157894738,45.03205128205128,1019.8717948717942,26.838731443994586,5
4421,4,1,1,43,0.022727272727272728,0.022727272727272728,0.9772727272727273,44,1150,700,450,0.6086956521739131,16,7,9,342.6747905971046,0.7895084566596194,0.15374499414993315,0.19551898350665842,130317.12420784937,131.50978888158468,130448.63399673095,3953,0,956.0681818181819,38,6,18,35.991071117156714,0.6197916666666666,44.738247863247864,1021.0470085470085,26.86965811965812,0
4422,4,0,0,43,0.0,0.0,1.0,43,1200,1100,100,0.9166666666666666,13,11,2,347.2865320813177,0.788298265042451,0.09940327745522137,0.19325044254507437,129337.1973505185,451.0885793337535,129788.28592985225,3954,1,979.1395348837209,38,5,17,36.86828239330602,0.6099232456140351,45.69978632478632,1017.2008547008534,26.7684435447593,5
4423,4,1,2,42,0.022727272727272728,0.045454545454545456,0.9545454545454546,44,850,600,250,0.7058823529411765,11,6,5,341.0803945982273,0.7958729739252995,0.10028324790936138,0.19080587844353025,129545.8021375867,37.10666232638303,129582.90879991307,3955,0,957.8636363636364,39,5,15,36.81411797810294,0.6103098290598291,45.494791666666664,1018.0208333333325,26.10309829059827,0
4424,4,0,0,42,0.0,0.0,1.0,42,600,400,200,0.6666666666666666,8,4,4,355.0246800942487,0.7757694541231127,0.1041092162088606,0.19701638889969858,129229.25954380173,775.9153056709524,130005.17484947268,3956,36,1004.4285714285714,37,5,17,36.78140389661742,0.6106418918918919,45.80592105263157,1016.7763157894719,27.480440967283027,0
4425,4,0,0,42,0.0,0.0,1.0,42,1100,700,400,0.6363636363636364,15,7,8,353.9449992404856,0.7768583042973287,0.10962440591671063,0.1971129473561358,129368.65790435506,757.8779047399062,130126.53580909496,3957,37,1005.4285714285714,37,5,17,36.66693612129051,0.6120495495495495,45.6688596491228,1017.3245614035077,27.495258416311017,0
4426,4,1,1,42,0.023255813953488372,0.023255813953488372,0.9767441860465116,43,750,500,250,0.6666666666666666,10,5,5,347.6169031577536,0.7843300110741971,0.109309646404256,0.19464095693850694,129581.83235627133,408.96705383883534,129990.79941011016,3958,0,983.0232558139535,38,5,16,36.61114025883175,0.6123903508771931,45.4594017094017,1018.1623931623922,26.793747188484005,0
4427,4,0,0,42,0.0,0.0,1.0,42,750,600,150,0.8,9,6,3,353.12094439817923,0.776180797522261,0.10802782651522125,0.19721231082454263,129480.23069598337,744.43626885195,130224.66696483531,3959,39,1007.4285714285714,37,5,16,36.57437333907921,0.6131756756756757,45.55921052631579,1017.7631578947367,27.507112375533424,0
4428,4,2,1,43,0.045454545454545456,0.022727272727272728,0.9772727272727273,44,1500,1200,300,0.8,18,12,6,340.3909735236133,0.7904554263565892,0.11310192398275287,0.19278576807466027,130029.2691189106,52.15790038997014,130081.42701930057,3960,0,962.5909090909091,40,4,18,36.341047229972105,0.6135416666666667,45.02032520325203,1019.918699186991,25.497967479674777,0
4429,4,1,1,43,0.022727272727272728,0.022727272727272728,0.9772727272727273,44,850,500,350,0.5882352941176471,12,5,7,337.0504039618423,0.792239252995067,0.10834842448388371,0.19140192623172478,130132.94004891254,-27.72799755437586,130105.21205135816,3961,0,963.5681818181819,40,4,18,36.32117363877825,0.6145833333333334,44.918699186991866,1020.3252032520313,25.508130081300784,0
4430,4,1,1,43,0.022727272727272728,0.022727272727272728,0.9772727272727273,44,1150,800,350,0.6956521739130435,15,8,7,340.58029972779286,0.7906976744186047,0.10229988052568695,0.19392225229398805,130236.65229030329,71.20761451516051,130307.85990481846,3962,0,964.5454545454545,40,4,18,36.126045400238944,0.6156250000000001,44.8170731707317,1020.7317073170724,25.51829268292681,0
4431,4,0,0,43,0.0,0.0,1.0,43,800,500,300,0.625,11,5,6,346.48771719472694,0.7835455887781468,0.10138841743200899,0.19701335840723982,130182.84640842024,421.3514539930648,130604.1978624133,3963,3,987.9767441860465,39,4,18,36.02984331938349,0.6167200854700854,44.86979166666667,1020.5208333333342,26.167200854700877,0
4432,4,0,0,43,0.0,0.0,1.0,43,950,800,150,0.8421052631578947,11,8,3,345.0189239399711,0.7842838685861941,0.10467549913849306,0.1967184270388046,130289.85407991822,390.51746505235076,130680.37154497058,3964,4,988.9767441860465,38,5,19,35.95886528533556,0.6195175438596492,44.76495726495727,1020.9401709401712,26.866846603688717,0
4433,4,0,0,43,0.0,0.0,1.0,43,800,400,400,0.5,12,4,8,344.9153988900754,0.7847914359542266,0.10515228179429781,0.19721239314528252,130398.95171305441,395.3212889911773,130794.2730020456,3965,5,989.9767441860465,38,5,20,35.8509850069735,0.6206140350877192,44.658119658119666,1021.3675213675224,26.878092667566378,0
4434,4,0,0,43,0.0,0.0,1.0,43,1150,900,250,0.782608695652174,14,9,5,348.8195110837744,0.7844684385382059,0.10785777146774667,0.20028856200644612,130562.68376981548,508.56230367451803,131071.24607349001,3966,6,990.9767441860465,38,5,15,35.58545020558925,0.6222587719298244,44.497863247863265,1022.0085470085495,26.89496176338288,0
4435,4,0,0,43,0.0,0.0,1.0,43,1050,700,350,0.6666666666666666,14,7,7,352.06722350971756,0.7837763012181617,0.11416048746829444,0.20301129297801332,130726.5185550444,604.9044853532268,131331.42304039764,3967,7,991.9767441860465,38,5,15,35.33657194595349,0.6239035087719296,44.33760683760685,1022.6495726495742,26.911830859199323,0
4436,4,1,0,44,0.022727272727272728,0.0,1.0,44,600,300,300,0.5,9,3,6,356.0347447900155,0.7934064482029599,0.14178573752661072,0.199980687495782,129704.91672092024,464.427070135588,130169.34379105583,3968,0,970.4090909090909,39,5,12,36.2717089341105,0.6119123931623931,45.33854166666667,1018.6458333333342,26.119123931623953,4
4437,4,1,2,43,0.022222222222222223,0.044444444444444446,0.9555555555555556,45,750,400,350,0.5333333333333333,11,4,7,348.6140999519238,0.7978114478114479,0.14411660464291964,0.19691985645933016,129925.63950029766,58.7819750148915,129984.42147531256,3969,0,949.8222222222222,40,5,12,36.236543062200965,0.6124999999999999,45.121951219512205,1019.512195121953,25.487804878048827,0
4438,4,1,0,44,0.022727272727272728,0.0,1.0,44,1000,700,300,0.7,13,7,6,353.74170198990635,0.7970181465821001,0.1486822667911294,0.19968390617111717,129899.73855054863,390.1909205829887,130289.92947113162,3970,0,972.1818181818181,40,4,13,36.132156980028576,0.6122395833333333,45.14735772357724,1019.4105691056913,25.485264227642283,0
4439,4,1,1,44,0.022222222222222223,0.022222222222222223,0.9777777777777777,45,1000,400,600,0.4,16,4,12,347.0046954590452,0.8069023569023569,0.14618359366560862,0.19719835897744398,130161.33334120676,33.318767321736075,130194.65210852849,3971,0,951.5555555555555,41,4,13,36.03846652407803,0.6133130081300813,44.89087301587301,1020.4365079365072,24.888695315524565,0
4440,4,0,0,44,0.0,0.0,1.0,44,850,600,250,0.7058823529411765,11,6,5,336.5031313167566,0.7966878083157153,0.1610019520916579,0.18206244336062902,128221.7151249253,-170.5982715315298,128051.11685339376,3972,2,974.1818181818181,40,4,14,38.27848016589738,0.5953125000000001,46.79878048780486,1012.8048780487777,25.32012195121944,7
4441,4,1,3,42,0.022222222222222223,0.06666666666666667,0.9333333333333333,45,1100,900,200,0.8181818181818182,13,9,4,327.45591746504255,0.8037457912457913,0.16110839233086494,0.17805306592550982,128420.90778730428,-589.5627637629606,127831.34502354132,3973,0,953.5111111111111,41,4,11,38.30452105967177,0.5957825203252034,46.60218253968252,1013.5912698412662,24.721738288811373,0
4442,4,2,3,41,0.045454545454545456,0.06818181818181818,0.9318181818181819,44,1050,900,150,0.8571428571428571,12,9,3,330.40173699195356,0.7926136363636364,0.16351553399746166,0.17940505531992956,128365.37486479152,-317.5714350099446,128047.80342978158,3974,0,975.9545454545455,42,2,15,38.28647925033466,0.5937500000000002,46.65697674418603,1013.3720930232537,24.127906976744136,0
4443,4,1,0,42,0.023809523809523808,0.0,1.0,42,1000,600,400,0.6,14,6,8,341.05913299710477,0.785036778939218,0.16332908376425848,0.18536145685995228,128401.90120174826,358.5282198096302,128760.42942155788,3975,0,1001.0,40,2,13,37.97921053511147,0.5971354166666667,46.62093495934959,1013.5162601626014,25.337906504065035,0
4444,4,0,0,42,0.0,0.0,1.0,42,800,500,300,0.625,11,5,6,343.18151955973644,0.7852787456445993,0.1593737023726003,0.18699737960936585,128504.92147737782,420.1028447022209,128925.02432208005,3976,1,1002.0,40,2,14,37.82032006949318,0.5981770833333333,46.51930894308943,1013.9227642276417,25.348069105691042,0
4445,4,1,0,43,0.023255813953488372,0.0,1.0,43,1550,1200,350,0.7741935483870968,19,12,7,336.7907251096678,0.7937892211148024,0.16715840255112102,0.18569737395788333,128974.55401431423,87.48671343539291,129062.04072774963,3977,0,979.6744186046511,41,2,17,37.50396767262428,0.6013719512195121,46.05654761904763,1015.7738095238109,24.774970963995386,0
4446,4,0,0,43,0.0,0.0,1.0,43,1100,600,500,0.5454545454545454,16,6,10,336.2080808133171,0.7948043558508674,0.17085440825259024,0.18596736392287372,129100.54878432857,80.92954774502795,129181.47833207359,3978,1,980.6744186046511,41,2,17,37.390586359494996,0.6026422764227641,45.932539682539684,1016.2698412698414,24.787069299264424,0
4447,4,3,2,44,0.06521739130434782,0.043478260869565216,0.9565217391304348,46,1250,700,550,0.56,18,7,11,301.05751819339156,0.8129428341384863,0.1139150853102946,0.1641124743175814,128521.48216057237,-1445.909214380211,127075.57294619216,3979,0,917.6521739130435,41,5,15,38.871257704725565,0.596798780487805,46.50297619047618,1013.9880952380937,24.731416957026674,8
4448,4,2,3,43,0.043478260869565216,0.06521739130434782,0.9347826086956522,46,550,300,250,0.5454545454545454,8,3,5,298.90648092478546,0.8178743961352657,0.1225110948632051,0.163662499298646,128697.58204207622,-1506.2917296548171,127191.2903124214,3980,0,918.5217391304348,41,5,15,38.74698539955676,0.5985772357723577,46.32936507936508,1014.6825396825408,24.748354626403433,0
4449,4,2,2,43,0.044444444444444446,0.044444444444444446,0.9555555555555556,45,800,500,300,0.625,11,5,6,300.9325822746216,0.8160353535353536,0.11032302589104748,0.1645076142533011,128633.75491605545,-1257.9823930861128,127375.77252296933,3981,0,932.1777777777778,40,5,15,38.76039370867559,0.5994791666666666,46.39227642276423,1014.4308943089446,25.360772357723615,0
4450,4,0,0,43,0.0,0.0,1.0,43,1300,1000,300,0.7692307692307693,16,10,6,343.7019715032405,0.8032945736434108,0.07295516934507984,0.17591129919735804,125967.31133088778,69.29045624298544,126036.60178713077,3982,3,976.5348837209302,40,3,14,40.40882094891004,0.5723958333333332,49.03455284552846,1003.8617886178868,25.09654471544717,7
4451,4,4,4,43,0.0851063829787234,0.0851063829787234,0.9148936170212766,47,1100,600,500,0.5454545454545454,16,6,10,320.34220134639367,0.8330249768732655,0.08581873773139015,0.16705240936322735,126734.1931836117,-1280.3146762843805,125453.87850732732,3983,0,894.3404255319149,43,4,11,40.20786309915671,0.5758236434108527,48.271780303030305,1006.912878787879,23.416578576462303,0
4452,4,4,3,44,0.0851063829787234,0.06382978723404255,0.9361702127659575,47,1000,800,200,0.8,12,8,4,318.1194517313322,0.8351834720937403,0.08695460846223235,0.16628189720226957,126829.56271701408,-1330.6098090277587,125498.95290798633,3984,0,895.2553191489362,43,4,12,40.166106514994844,0.5767926356589147,48.17708333333334,1007.2916666666682,23.42538759689926,0
4453,4,1,0,45,0.022222222222222223,0.0,1.0,45,1050,800,250,0.7619047619047619,13,8,5,336.62793622051214,0.8197811447811448,0.10002626740215415,0.17579458891515615,126792.09183673457,-463.64795918368645,126328.44387755089,3985,0,936.0222222222222,41,4,13,39.73847517730496,0.5792682926829269,48.21428571428571,1007.1428571428562,24.564459930313564,0
4454,4,3,0,48,0.0625,0.0,1.0,48,1000,500,500,0.5,15,5,10,324.3785276496397,0.8332963947990544,0.13927291032315114,0.17245419268934628,127517.50996984444,-1326.1486481166537,126191.36132172779,3986,0,878.4583333333334,41,7,14,39.30432095733882,0.5866361788617886,47.495039682539684,1010.0198412698414,24.63463027487418,0
4455,4,1,0,49,0.02040816326530612,0.0,1.0,49,1000,500,500,0.5,15,5,10,319.86768803678524,0.8377976190476191,0.1326208100326618,0.1718856680798799,127948.38543544526,-1613.1513557132562,126335.234079732,3987,0,861.5102040816327,42,7,15,38.978346582383566,0.5895337301587302,47.06879844961239,1011.7248062015477,24.088685861941613,1
4456,4,1,1,49,0.02,0.02,0.98,50,1650,1300,350,0.7878787878787878,20,13,7,316.19325896690134,0.8423469387755101,0.1445795705398354,0.17107394239218995,128221.71512492561,-1890.9809107959654,126330.73421412965,3988,0,845.26,40,10,16,38.792728610609394,0.5953125000000001,46.798780487804876,1012.8048780487803,25.32012195121951,0
4457,4,2,4,47,0.0392156862745098,0.0784313725490196,0.9215686274509804,51,1250,800,450,0.64,17,8,9,310.58772708178185,0.8480718954248366,0.1334262401942059,0.16968853481691495,128610.97965867429,-2211.0016300102193,126399.97802866407,3989,0,829.6078431372549,42,9,13,38.53868137816838,0.5962301587301587,46.41472868217054,1014.3410852713173,24.15097822074565,0
4458,4,2,0,49,0.04081632653061224,0.0,1.0,49,1000,600,400,0.6,14,6,8,325.61842222076166,0.8302154195011338,0.1373526457791696,0.17742736201510353,128504.92147737823,-1431.2860441866226,127073.63543319161,3990,0,864.3061224489796,40,9,16,38.265510674551486,0.5981770833333332,46.51930894308945,1013.9227642276451,25.348069105691128,0
4459,4,3,3,49,0.057692307692307696,0.057692307692307696,0.9423076923076923,52,1050,700,350,0.6666666666666666,14,7,7,309.35345153296726,0.8453996983408747,0.1469101727722415,0.1709249503063205,129057.01636392351,-2415.153308654713,126641.8630552688,3991,0,815.3846153846154,43,9,16,38.11703945324635,0.5993217054263565,45.975378787878796,1016.0984848484864,23.63019732205782,0
4460,4,0,1,48,0.0,0.02040816326530612,0.9795918367346939,49,1200,800,400,0.6666666666666666,16,8,8,328.4647552199607,0.8311366213151927,0.14647277038006035,0.1799078760763199,128711.08596280341,-1344.5889310264831,127366.49703177692,3992,2,866.3061224489796,40,9,16,37.983433483558684,0.6002604166666665,46.31605691056912,1014.735772357725,25.368394308943124,0
4461,4,1,1,48,0.02040816326530612,0.02040816326530612,0.9795918367346939,49,1250,900,350,0.72,16,9,7,327.5172179376803,0.840702947845805,0.15094524599271208,0.18020661022209858,128891.61544054499,-1357.155339083845,127534.46010146115,3993,0,861.7551020408164,40,9,16,37.82380070723245,0.6020833333333332,46.13821138211384,1015.4471544715475,25.386178861788686,0
4462,4,0,0,48,0.0,0.0,1.0,48,850,300,550,0.35294117647058826,14,3,11,333.43579207346806,0.8327607860520094,0.14757799671592786,0.18293909673220035,128778.12500000026,-1012.1527777777493,127765.97222222251,3994,4,880.7083333333334,39,9,16,37.789066776135755,0.6025641025641024,46.250000000000014,1015.000000000002,26.02564102564108,0
4463,4,1,1,48,0.02040816326530612,0.02040816326530612,0.9795918367346939,49,1100,900,200,0.8181818181818182,13,9,4,331.0217644480758,0.8386125283446713,0.14372687850650423,0.1826100197253295,128994.83194527088,-1259.9806249586695,127734.85132031221,3995,0,863.7142857142857,40,9,16,37.629843604108295,0.6031249999999999,46.03658536585367,1015.8536585365871,25.39634146341468,0
4464,4,0,0,48,0.0,0.0,1.0,48,1750,1200,550,0.6857142857142857,23,12,11,337.6831541439686,0.8316895685579196,0.1438762691006048,0.18613614675284573,128963.21750217033,-890.2587890624809,128072.95871310784,3996,6,882.7083333333334,39,9,17,37.49284261443271,0.6044337606837606,46.06770833333334,1015.7291666666682,26.044337606837647,0
4465,4,4,3,49,0.07692307692307693,0.057692307692307696,0.9423076923076923,52,1250,900,350,0.72,16,9,7,314.0369758644574,0.8487305178481648,0.15941044357102752,0.17719549297129578,129883.08930342956,-2241.9420307185555,127641.14727271101,3997,0,815.7307692307693,41,11,15,37.160888077858864,0.6105182926829269,45.16369047619047,1019.3452380952369,24.862078977932608,0
4466,4,0,0,49,0.0,0.0,1.0,49,1100,800,300,0.7272727272727273,14,8,6,331.43794867463373,0.8349277210884354,0.15261320985256255,0.1851618179816951,129492.78564453125,-1216.2353515624998,128276.55029296875,3998,1,866.6734693877551,39,10,16,37.11333282161499,0.6097756410256411,45.546875,1017.8125,26.09775641025641,0
4467,4,0,1,48,0.0,0.02040816326530612,0.9795918367346939,49,950,400,550,0.42105263157894735,15,4,11,335.36942713467124,0.8344671201814059,0.15129106456789243,0.1837552845413927,128725.26584201367,-1161.333550347246,127563.93229166642,3999,2,867.6734693877551,39,10,18,37.79383083555738,0.6020299145299146,46.30208333333332,1014.7916666666649,26.020299145299102,4
4468,4,0,0,48,0.0,0.0,1.0,48,1300,800,500,0.6153846153846154,18,8,10,340.76214394388853,0.828974586288416,0.16128020975832236,0.18729107309998644,128848.62075617247,-818.6535493827561,128029.96720678972,4000,3,886.5625,38,10,19,37.53134974920198,0.6049890350877194,46.180555555555536,1015.2777777777749,26.717836257309866,0
4469,4,2,2,48,0.04,0.04,0.96,50,1500,1400,100,0.9333333333333333,16,14,2,329.41113683168595,0.8399319727891156,0.16739860712822607,0.1831645979512857,129307.31336805537,-1480.4639274691558,127826.84944058621,4001,0,852.06,39,11,21,37.35320223951931,0.607905982905983,45.72916666666666,1017.0833333333319,26.07905982905979,0
4470,4,1,1,48,0.02040816326530612,0.02040816326530612,0.9795918367346939,49,1400,1200,200,0.8571428571428571,16,12,4,366.84536088159126,0.8380102040816326,0.20819307773256512,0.19000973999812765,126457.07242853586,-478.42893967372305,125978.64348886213,4002,0,868.3877551020408,37,12,18,39.32271794033216,0.5824887387387386,48.54714912280703,1005.8114035087732,27.1840919867236,8
4471,4,6,4,50,0.1111111111111111,0.07407407407407407,0.9259259259259259,54,1200,900,300,0.75,15,9,6,342.53084041838173,0.8652894246447705,0.23346075176876901,0.18238345391532612,127579.226206706,-2056.8560204780065,125522.37018622798,4003,0,788.6481481481482,40,14,14,38.7827767159575,0.5888020833333332,47.43394308943091,1010.264227642279,25.256605691056976,0
4472,4,2,0,52,0.038461538461538464,0.0,1.0,52,900,500,400,0.5555555555555556,13,5,8,361.36478281674056,0.8531140020110608,0.27074353010068775,0.19265998398425804,127631.22420374046,-1175.7140769961031,126455.51012674437,4004,0,819.9423076923077,38,14,18,38.253771058010855,0.5926535087719296,47.382478632478644,1010.4700854700874,26.59131803868651,0
4473,4,0,1,51,0.0,0.019230769230769232,0.9807692307692307,52,1500,900,600,0.6,21,9,12,358.7802922463052,0.8522341628959275,0.2729436103366145,0.19192413259054775,127766.20513048815,-1232.000716816406,126534.20441367174,4005,1,820.9423076923077,38,14,19,38.18072140617845,0.5940241228070174,47.24893162393163,1011.0042735042748,26.605375618533547,0
4474,4,1,0,52,0.019230769230769232,0.0,1.0,52,800,600,200,0.75,10,6,4,351.1552493129737,0.855989190548014,0.2690446777846405,0.18887719223844032,127986.37695312528,-1411.3823784721912,126574.99457465309,4006,0,816.6346153846154,39,13,20,38.14811955253586,0.5945512820512819,47.031250000000014,1011.8750000000022,25.945512820512874,0
4475,4,0,1,51,0.0,0.019230769230769232,0.9807692307692307,52,1800,1100,700,0.6111111111111112,25,11,14,357.39261312546705,0.8555649824032177,0.2603767451409804,0.1931294697851082,128173.03790276768,-1238.0876415900616,126934.95026117763,4007,1,817.6346153846154,36,16,20,37.799340154211166,0.6018518518518519,46.84684684684685,1012.612612612613,28.12812812812814,0
4476,4,0,0,51,0.0,0.0,1.0,51,1450,900,550,0.6206896551724138,20,9,11,362.83496059947623,0.8516666666666668,0.2605396813570262,0.19553460845958157,128063.41428336647,-906.8232248520435,127156.59105851443,4008,2,834.5490196078431,38,13,20,37.77377559636901,0.5970394736842104,46.95512820512822,1012.1794871794893,26.636302294197087,0
4477,4,2,2,51,0.03773584905660377,0.03773584905660377,0.9622641509433962,53,1700,1100,600,0.6470588235294118,23,11,12,350.03809729303936,0.857825350749879,0.2513880492538738,0.19043357036217656,128442.17985243634,-1608.0173862225063,126834.16246621383,4009,0,804.0188679245283,38,15,15,37.710573004496915,0.6008771929824561,46.581196581196586,1013.6752136752143,26.675663517768797,0
4478,4,1,0,52,0.019230769230769232,0.0,1.0,52,1200,900,300,0.75,15,9,6,357.2957243739559,0.855784942182001,0.26197230958891105,0.1947321713917187,128513.93771701425,-1216.5039062499611,127297.4338107643,4010,0,820.4615384615385,39,13,16,37.453342236833095,0.5998931623931623,46.510416666666686,1013.9583333333363,25.9989316239317,0
4479,4,2,2,52,0.037037037037037035,0.037037037037037035,0.962962962962963,54,1300,800,500,0.6153846153846154,18,8,10,343.0263753248454,0.86333857442348,0.25874731818856,0.18889515891341846,128924.17332963306,-1955.121626196751,126969.05170343631,4011,0,791.0370370370371,41,13,17,37.39692211259809,0.6008638211382112,46.106150793650805,1015.5753968253991,24.770131629887786,0
4480,4,1,2,51,0.018867924528301886,0.03773584905660377,0.9622641509433962,53,1150,700,450,0.6086956521739131,16,7,9,352.425810347534,0.8584300919206579,0.25939099046687186,0.19353388782636177,128814.23017259917,-1520.5081094255838,127293.72206317358,4012,0,806.7924528301887,40,13,17,37.27037240965063,0.6013020833333332,46.214430894308954,1015.1422764227657,25.37855691056914,0
4481,4,0,0,51,0.0,0.0,1.0,51,1400,900,500,0.6428571428571429,19,9,10,367.0778212011801,0.8514379084967321,0.26127817607607695,0.2003835397735945,128577.58881446808,-760.4037685367473,127817.18504593133,4013,2,839.3137254901961,38,13,17,37.14030513711858,0.6022478070175437,46.44764957264959,1014.2094017094039,26.68972109761589,0
4482,4,0,0,51,0.0,0.0,1.0,51,1400,1000,400,0.7142857142857143,18,10,8,369.86602808649997,0.8501633986928105,0.2607552023652455,0.2024563497831411,128685.96734832742,-680.6864772809977,128005.28087104643,4014,3,840.3137254901961,38,13,18,36.958820329226775,0.6033442982456139,46.34081196581198,1014.6367521367546,26.70096716149354,0
4483,4,3,5,49,0.05555555555555555,0.09259259259259259,0.9074074074074074,54,1700,1200,500,0.7058823529411765,22,12,10,346.9818074288538,0.8681865828092243,0.2535792094615623,0.1929478274954843,129310.02995105574,-1823.2640030316122,127486.76594802413,4015,0,794.574074074074,38,16,19,36.903667717086854,0.6096491228070174,45.726495726495735,1017.0940170940182,26.765632028789952,0
4484,4,2,1,50,0.0392156862745098,0.0196078431372549,0.9803921568627451,51,1000,600,400,0.6,14,6,8,359.11238687600337,0.8566993464052288,0.24973267651076458,0.19928120034396013,129228.54487407744,-914.9901380670901,128313.55473601035,4016,0,841.4705882352941,38,13,18,36.67822493082554,0.6088267543859651,45.80662393162392,1016.7735042735019,26.75719748088163,1
4485,4,2,2,50,0.038461538461538464,0.038461538461538464,0.9615384615384616,52,1450,1100,350,0.7586206896551724,18,11,7,354.0296047252441,0.8537267471091,0.2532657879205198,0.19831744333462784,129598.82948133658,-1223.635525173634,128375.19395616294,4017,0,826.25,39,13,15,36.43062659846548,0.6108440170940173,45.44270833333332,1018.2291666666648,26.108440170940124,0
4486,4,0,1,49,0.0,0.02,0.98,50,1000,500,500,0.5,15,5,10,373.50438466111814,0.8447789115646258,0.26693965517241414,0.2083005222148539,129424.4382887039,-331.8809633733813,129092.55732533052,4018,1,860.18,37,13,19,36.112607758620676,0.6126126126126128,45.61403508771928,1017.5438596491202,27.501185395922167,0
4487,4,2,2,49,0.0392156862745098,0.0392156862745098,0.9607843137254902,51,850,400,450,0.47058823529411764,13,4,9,365.8486042155746,0.8514705882352942,0.25191297252977485,0.20577143173275056,129757.97661675338,-705.6450737847313,129052.33154296865,4019,0,843.5098039215686,39,12,15,35.96779896397777,0.6124465811965812,45.28645833333333,1018.8541666666658,26.12446581196579,0
4488,4,0,0,49,0.0,0.0,1.0,49,1050,600,450,0.5714285714285714,15,6,9,381.6550515692101,0.8405966553287982,0.2617794993351452,0.21384798921258888,129609.02829141995,93.1880752794041,129702.21636669936,4020,3,878.9387755102041,38,11,16,35.71700241317805,0.6126644736842106,45.4326923076923,1018.2692307692294,26.796558704453403,0
4489,4,0,0,49,0.0,0.0,1.0,49,1900,1400,500,0.7368421052631579,24,14,10,383.0701285716609,0.8385062358276644,0.2660274177841042,0.21523710524047035,129717.84056770016,138.20597286140224,129856.04654056155,4021,4,879.9387755102041,38,11,17,35.570048942492576,0.6137609649122808,45.32585470085469,1018.6965811965796,26.807804768331042,0
4490,4,0,1,48,0.0,0.02040816326530612,0.9795918367346939,49,1400,900,500,0.6428571428571429,19,9,10,353.01414770584665,0.8389668367346939,0.17509819870267318,0.19347965307302892,128736.8681423096,-708.5299880375576,128028.33815427205,4022,5,880.9387755102041,40,9,16,37.334351425328784,0.6005208333333333,46.29065040650407,1014.8373983739848,25.37093495934962,7
4491,4,3,2,49,0.058823529411764705,0.0392156862745098,0.9607843137254902,51,1500,1200,300,0.8,18,12,6,336.5307402120486,0.8529738562091504,0.1891701667010932,0.18709941153220824,129302.26836104805,-1495.4892722286074,127806.77908881944,4023,0,842.5294117647059,41,10,17,37.177298738457544,0.6046747967479675,45.73412698412698,1017.0634920634915,24.806426635694915,0
4492,4,0,1,48,0.0,0.02040816326530612,0.9795918367346939,49,850,600,250,0.7058823529411765,11,6,5,345.8827138949206,0.8437854308390023,0.19164783663904927,0.1910750137924366,129050.14349489789,-872.7572278911625,128177.38626700672,4024,1,877.9183673469388,41,8,17,37.19610427650848,0.6021341463414633,45.982142857142854,1016.071428571428,24.78222996515678,0
4493,4,1,1,48,0.02040816326530612,0.02040816326530612,0.9795918367346939,49,1150,700,450,0.6086956521739131,16,7,9,327.8278088244317,0.8442460317460317,0.16929390618289397,0.1836694666907187,129605.14298311918,-1296.6970584530104,128308.44592466617,4025,0,878.1224489795918,41,8,16,37.09120875552091,0.6077235772357723,45.43650793650794,1018.2539682539683,24.83546264034069,2
4494,4,1,2,47,0.02040816326530612,0.04081632653061224,0.9591836734693877,49,1250,700,550,0.56,18,7,11,326.23650787676536,0.8417304421768708,0.1717791411042946,0.18336741649625085,129731.44531250001,-1335.373263888888,128396.07204861112,4026,0,879.1020408163265,41,8,16,37.003663940013624,0.6089939024390244,45.3125,1018.7500000000001,24.84756097560976,0
4495,4,0,0,47,0.0,0.0,1.0,47,1300,900,400,0.6923076923076923,17,9,8,336.33914057452876,0.832832254085723,0.1684712807317721,0.18828057044532912,129572.31445312513,-683.951822916652,128888.36263020847,4027,4,917.1702127659574,39,8,17,36.90786781256396,0.610576923076923,45.46875000000001,1018.125000000001,26.10576923076926,0
4496,4,0,0,47,0.0,0.0,1.0,47,1100,800,300,0.7272727272727273,14,8,6,339.48323046297145,0.8328707986432315,0.16333601004528675,0.1904261356417944,129651.86767578138,-597.0730251735959,129054.79465060779,4028,5,918.1702127659574,39,8,17,36.747063686884196,0.6113782051282051,45.39062500000001,1018.437500000001,26.113782051282076,0
4497,4,0,2,45,0.0,0.0425531914893617,0.9574468085106383,47,1100,1000,100,0.9090909090909091,12,10,2,344.1067380959439,0.832986432315757,0.16629722845203543,0.19354272601014544,129757.97661675356,-469.88118489582735,129288.09543185773,4029,6,919.1702127659574,39,8,17,36.521593736155125,0.6124465811965811,45.286458333333336,1018.8541666666673,26.124465811965827,0
4498,4,0,0,45,0.0,0.0,1.0,45,850,700,150,0.8235294117647058,10,7,3,351.6183167525925,0.8273148148148148,0.17052962768746638,0.19756515322545493,129717.84056770036,122.2337506391962,129840.07431833955,4030,7,951.0,38,7,17,36.371045271805606,0.6137609649122808,45.3258547008547,1018.6965811965814,26.80780476833109,0
4499,4,0,1,44,0.0,0.022222222222222223,0.9777777777777777,45,1100,800,300,0.7272727272727273,14,8,6,349.2752503181016,0.82739898989899,0.16807521582608054,0.19652141960376035,129772.26382725195,65.2479865220413,129837.51181377399,4031,8,952.0,38,7,17,36.37543252595156,0.6143092105263157,45.272435897435905,1018.9102564102576,26.813427800269938,0
4500,4,0,1,43,0.0,0.022727272727272728,0.9772727272727273,44,1200,900,300,0.75,15,9,6,350.2420819838588,0.8264182522903454,0.1774032917496593,0.19733958771671767,129826.69850107758,294.1546360216307,130120.85313709921,4032,9,968.0,38,6,17,36.29551490372855,0.6148574561403508,45.2190170940171,1019.1239316239322,26.81905083220874,0
4501,4,1,0,44,0.022727272727272728,0.0,1.0,44,1150,800,350,0.6956521739130435,15,8,7,352.3413639181109,0.8265724101479915,0.18613222101594196,0.19949292170594826,130017.30974687713,362.0952498356401,130379.40499671276,4033,0,967.7272727272727,38,6,18,36.048475801382764,0.6167763157894737,45.032051282051285,1019.8717948717954,26.838731443994615,0
4502,4,1,0,45,0.022222222222222223,0.0,1.0,45,800,600,200,0.75,10,6,4,346.5570420165089,0.8286616161616162,0.1982817869415805,0.19774137103294936,130318.55955678681,33.02518207697608,130351.58473886379,4034,0,947.2,37,8,19,35.89051761168386,0.6216216216216215,44.736842105263165,1021.0526315789483,27.596017069701304,0
4503,4,0,1,44,0.0,0.022222222222222223,0.9777777777777777,45,850,400,450,0.47058823529411764,13,4,9,331.36020404311864,0.8300505050505051,0.15914826322764553,0.1805560216132276,128504.92147737798,-483.7165997422101,128021.20487763577,4035,1,948.2,40,5,16,38.11996759212856,0.5981770833333333,46.519308943089435,1013.9227642276431,25.348069105691078,4
4504,4,0,0,44,0.0,0.0,1.0,44,1250,800,450,0.64,17,8,9,335.3855978883596,0.8255153276955602,0.17798632580816887,0.18266972715430357,128487.53390842021,-181.42632378471836,128306.1075846355,4036,2,970.3181818181819,39,5,16,38.035656186855704,0.5996260683760684,46.536458333333336,1013.8541666666673,25.9962606837607,0
4505,4,1,0,45,0.022222222222222223,0.0,1.0,45,1050,900,150,0.8571428571428571,12,9,3,333.3552694672732,0.8266835016835017,0.19565164203338647,0.18329953204444277,128865.81776926757,-408.38011848106305,128457.43765078651,4037,0,949.7333333333333,40,5,17,37.70184833016384,0.6018229166666667,46.16361788617886,1015.345528455284,25.3836382113821,0
4506,4,1,1,45,0.021739130434782608,0.021739130434782608,0.9782608695652174,46,1050,800,250,0.7619047619047619,13,8,5,328.4756280988326,0.8352657004830918,0.19729046058774657,0.1816902988252935,129100.54878432836,-718.7232300327682,128381.82555429559,4038,0,930.0652173913044,41,5,17,37.58704282181441,0.6026422764227642,45.93253968253968,1016.2698412698397,24.787069299264385,0
4507,4,1,0,46,0.021739130434782608,0.0,1.0,46,1500,1200,300,0.8,18,12,6,331.56409567320634,0.8342995169082126,0.20563079116179606,0.18386736214605046,129201.38888888867,-632.2129314689104,128569.17595741976,4039,0,931.0434782608696,39,7,19,37.40607923497268,0.6068376068376069,45.83333333333332,1016.6666666666649,26.068376068376022,0
4508,4,0,0,46,0.0,0.0,1.0,46,950,500,450,0.5263157894736842,14,5,9,332.1239082598779,0.8337359098228664,0.2039337474120082,0.18479714895485494,129333.8012695311,-609.0304904514039,128724.7707790797,4040,1,932.0434782608696,39,7,19,37.257317801672656,0.608173076923077,45.70312499999999,1017.1874999999989,26.08173076923074,0
4509,4,1,1,46,0.02127659574468085,0.02127659574468085,0.9787234042553191,47,900,600,300,0.6666666666666666,12,6,6,326.34790299640235,0.8387295713845204,0.20501125408756948,0.18288624094093692,129614.99851279006,-940.0834076938283,128674.91510509622,4041,0,913.1914893617021,40,7,17,37.118887225548896,0.609375,45.426829268292686,1018.2926829268297,25.457317073170742,0
4510,4,0,0,46,0.0,0.0,1.0,46,900,500,400,0.5555555555555556,13,5,8,332.7786497047875,0.8334541062801932,0.20880556037609055,0.18591081682478441,129492.78564453126,-581.513129340278,128911.27251519098,4042,3,934.0434782608696,39,7,17,37.079218264933644,0.609775641025641,45.546875,1017.8125000000001,26.097756410256412,0
4511,4,0,1,45,0.0,0.021739130434782608,0.9782608695652174,46,1250,900,350,0.72,16,9,7,331.40540885609806,0.8335748792270532,0.2075406218298952,0.1852685157518189,129519.29253472241,-615.3211805555363,128903.97135416688,4043,4,935.0434782608696,39,7,17,37.08725610588075,0.610042735042735,45.52083333333334,1017.9166666666682,26.100427350427392,0
4512,4,0,1,44,0.0,0.022222222222222223,0.9777777777777777,45,1150,600,550,0.5217391304347826,17,6,11,338.06505181170303,0.8242424242424243,0.20895210159509747,0.18911904701521345,129545.80213758702,-241.0183376735871,129304.78379991344,4044,7,956.7333333333333,39,6,17,36.890860022511006,0.610309829059829,45.49479166666668,1018.0208333333351,26.103098290598336,0
4513,4,0,0,44,0.0,0.0,1.0,44,950,600,350,0.631578947368421,13,6,7,345.4831259636185,0.8240618393234672,0.21197332264712587,0.19317859296838966,129527.44904667996,149.90959894807202,129677.35864562803,4045,8,978.1590909090909,38,6,17,36.72071788413097,0.6118421052631577,45.51282051282052,1017.9487179487191,26.78812415654524,0
4514,4,0,0,44,0.0,0.0,1.0,44,1450,1100,350,0.7586206896551724,18,11,7,340.3391170039421,0.8249207188160677,0.2044643878991339,0.19083014489891653,129636.22708013756,24.05581123532164,129660.28289137287,4046,9,979.1590909090909,38,6,17,36.74115260875648,0.612938596491228,45.40598290598292,1018.3760683760701,26.799370220422897,0
4515,4,3,1,46,0.06382978723404255,0.02127659574468085,0.9787234042553191,47,1050,500,550,0.47619047619047616,16,5,11,324.8642799107299,0.8354147394387912,0.22349540352613384,0.18560427740354318,130368.94531250026,-926.5382161315351,129442.40709636873,4047,0,917.5957446808511,39,8,19,36.393308853529184,0.6185897435897435,44.687500000000014,1021.250000000002,26.185897435897488,0
4516,4,1,2,45,0.02127659574468085,0.0425531914893617,0.9574468085106383,47,1300,900,400,0.6923076923076923,17,9,8,326.1873662793899,0.8334489670058587,0.23107120393866487,0.18712854170765025,130528.56445312523,-884.6462673610816,129643.91818576415,4048,0,918.5744680851063,39,8,17,36.198182127081225,0.6201923076923076,44.531250000000014,1021.8750000000018,26.201923076923123,0
4517,4,1,0,46,0.021739130434782608,0.0,1.0,46,1250,800,450,0.64,17,8,9,330.4387603160398,0.8311191626409018,0.23396321594611846,0.1898683255221355,130589.98243343212,-569.6016190006426,130020.38081443147,4049,0,938.1521739130435,38,8,18,36.02749033134732,0.622532894736842,44.471153846153854,1022.115384615386,26.897773279352265,0
4518,4,0,1,45,0.0,0.021739130434782608,0.9782608695652174,46,1850,1500,350,0.8108108108108109,22,15,7,333.9883472407168,0.830877616747182,0.23466134372487835,0.19272275154523097,130753.83434007234,-465.9485946745534,130287.88574539778,4050,1,939.1521739130435,38,8,19,35.77117935861278,0.6241776315789473,44.31089743589744,1022.7564102564104,26.914642375168693,0
4519,4,0,0,45,0.0,0.0,1.0,45,1250,1000,250,0.8,15,10,5,335.5764156475113,0.8305976430976432,0.21460215842530594,0.1852433698082922,129020.6425263567,-330.47020048196055,128690.17232587475,4051,2,953.8444444444444,40,5,20,37.48791304057885,0.6033854166666666,46.01117886178862,1015.9552845528458,25.398882113821145,4
4520,4,2,1,46,0.0425531914893617,0.02127659574468085,0.9787234042553191,47,1600,1000,600,0.625,22,10,12,325.4231424800879,0.838613937711995,0.2230027485261763,0.18253941847549163,129651.86767578128,-961.2768101230447,128690.59086565823,4052,0,914.2127659574468,39,8,15,37.105046708260886,0.6113782051282051,45.390625,1018.4375000000002,26.113782051282058,0
4521,4,1,0,47,0.02127659574468085,0.0,1.0,47,1750,1400,350,0.8,21,14,7,324.62137526692317,0.8415433240826394,0.2230859975048589,0.18288219950430923,129822.05119307285,-971.3974403463619,128850.65375272649,4053,0,915.1914893617021,40,7,17,36.9529899614413,0.6114583333333334,45.22357723577235,1019.1056910569101,25.477642276422753,0
4522,4,1,1,47,0.020833333333333332,0.020833333333333332,0.9791666666666666,48,550,200,350,0.36363636363636365,9,2,7,319.15883389713395,0.8459109042553191,0.22611926992154707,0.18090359041512258,130060.11924445676,-1298.0328010834203,128762.08644337334,4054,0,897.1041666666666,41,7,17,36.851212474875204,0.6122967479674797,44.99007936507935,1020.0396825396801,24.87901664730927,0
4523,4,0,0,47,0.0,0.0,1.0,47,900,500,400,0.5555555555555556,13,5,8,327.65436264955105,0.8410807893925377,0.23348275437978994,0.18532603578498263,129977.44914568032,-882.4643482715471,129094.98479740878,4055,2,917.1914893617021,40,7,18,36.718282838349616,0.6130208333333333,45.071138211382106,1019.7154471544703,25.49288617886176,0
4524,4,1,0,48,0.020833333333333332,0.0,1.0,48,1100,1000,100,0.9090909090909091,12,10,2,319.70012494793866,0.844211731678487,0.22559523809523885,0.18215472235405783,130262.58680555534,-1270.6945270672427,128991.8922784881,4056,0,899.0625,40,8,20,36.63265306122449,0.6158854166666667,44.79166666666666,1020.8333333333317,25.520833333333293,0
4525,4,0,0,48,0.0,0.0,1.0,48,1300,800,500,0.6153846153846154,18,8,10,321.8799523880802,0.8446180555555556,0.22772816966802711,0.18413291983224775,130418.24811826623,-1204.1961010311288,129214.0520172351,4057,1,900.0625,40,8,22,36.419676317447696,0.6174479166666667,44.639227642276424,1021.4430894308941,25.536077235772353,0
4526,4,1,0,49,0.02040816326530612,0.0,1.0,49,1050,700,350,0.6666666666666666,14,7,7,320.26166820937306,0.8463718820861679,0.24131049392981962,0.184634075833457,130718.71456916079,-1427.1612811791517,129291.55328798163,4058,0,882.6734693877551,41,8,14,36.15759604190922,0.6189024390243902,44.34523809523809,1022.6190476190459,24.941927990708436,0
4527,4,0,1,48,0.0,0.02040816326530612,0.9795918367346939,49,1700,1200,500,0.7058823529411765,22,12,10,318.83173961088545,0.8465844671201814,0.2294023959559588,0.18465746176789888,130896.31287989713,-1453.2201711703428,129443.09270872679,4059,1,883.6734693877551,41,8,14,36.01500646307965,0.6206808943089432,44.17162698412697,1023.3134920634906,24.958865660085134,0
4528,4,0,0,48,0.0,0.0,1.0,48,750,400,350,0.5333333333333333,11,4,7,325.9070602826439,0.8436022458628841,0.23434317718940978,0.18825925482209183,130794.81336805545,-1074.60937500001,129720.20399305543,4060,2,903.0208333333334,41,7,15,35.93643923964697,0.6196646341463414,44.27083333333333,1022.9166666666657,24.949186991869894,0
4529,4,0,1,47,0.0,0.020833333333333332,0.9791666666666666,48,1550,1100,450,0.7096774193548387,20,11,9,326.7412803114489,0.8426233747044917,0.2441757141010732,0.189363092567017,130921.69390904497,-1044.4956223230129,129877.19828672196,4061,3,904.0208333333334,41,7,15,35.787046012666416,0.6209349593495934,44.14682539682539,1023.4126984126974,24.96128532713896,0
4530,4,0,0,47,0.0,0.0,1.0,47,1500,1200,300,0.8,18,12,6,330.1503181798908,0.8398088189947579,0.24250670836062516,0.191289626241168,130911.7888244431,-755.8862532222888,130155.90257122081,4062,4,923.6808510638298,40,7,15,35.70982290632241,0.6223958333333334,44.15650406504065,1023.3739837398372,25.58434959349593,0
4531,4,1,1,47,0.020833333333333332,0.020833333333333332,0.9791666666666666,48,1350,800,550,0.5925925925925926,19,8,11,327.3314133593108,0.8405363475177304,0.2466249475484985,0.19108827053485566,131201.04762101575,-1010.7551295981517,130190.2924914176,4063,0,905.4166666666666,41,7,17,35.490199638488136,0.623729674796748,43.87400793650793,1024.5039682539664,24.987901664730888,0
4532,4,0,0,47,0.0,0.0,1.0,47,1250,900,350,0.72,16,9,7,334.3925320582407,0.8311362935553499,0.25463090025460966,0.19479814670999734,131119.87428944427,-630.8986466388913,130488.97564280538,4064,1,925.468085106383,40,7,18,35.39123999470792,0.6244791666666667,43.95325203252033,1024.18699186992,25.604674796747997,0
4533,4,0,0,47,0.0,0.0,1.0,47,1450,1100,350,0.7586206896551724,18,11,7,335.5403619649525,0.8312519272278753,0.25754056978002193,0.1956213572720574,131150.23389274697,-598.7606095678937,130551.47328317908,4065,2,926.468085106383,41,6,18,35.33121468926555,0.623221544715447,43.923611111111114,1024.3055555555559,24.983062330623316,0
4534,4,0,0,47,0.0,0.0,1.0,47,1350,900,450,0.6666666666666666,18,9,9,335.4678007176537,0.8304039469626888,0.2563242775637993,0.19622776791695123,131277.28666698147,-592.1394715293617,130685.14719545211,4066,3,927.468085106383,41,6,18,35.2049048080026,0.6244918699186992,43.79960317460317,1024.8015873015863,24.99516066589235,0
4535,4,1,0,48,0.020833333333333332,0.0,1.0,48,1550,1200,350,0.7741935483870968,19,12,7,328.30610272032226,0.8374335106382979,0.23495443117536152,0.18588434499218234,130017.30974687698,-1053.3581074332094,128963.95163944378,4067,0,909.125,38,10,17,36.66129792583281,0.6167763157894738,45.03205128205128,1019.8717948717942,26.838731443994586,3
4536,4,0,0,48,0.0,0.0,1.0,48,1050,600,450,0.5714285714285714,15,6,9,330.4566857751772,0.8371010638297872,0.21335992023928263,0.18641622937711044,129873.84018276141,-1016.2331018086826,128857.60708095273,4068,1,910.125,40,8,16,36.75182784978397,0.6119791666666667,45.17276422764227,1019.3089430894295,25.48272357723574,2
4537,4,2,1,49,0.04,0.02,0.98,50,1050,800,250,0.7619047619047619,13,8,5,327.43525268096454,0.843265306122449,0.1614964687917544,0.18000349305305047,128856.81918905092,-1537.2532913022687,127319.56589774865,4069,0,874.68,42,8,16,37.86127282560284,0.5987103174603176,46.17248062015503,1015.3100775193781,24.174049464747096,5
4538,4,0,1,48,0.0,0.02040816326530612,0.9795918367346939,49,1100,600,500,0.5454545454545454,16,6,10,328.37767454525994,0.8420493197278912,0.17973295383198717,0.18105864349321008,128974.5540143138,-1329.5271754535395,127645.02683886027,4070,1,893.4081632653061,41,8,16,37.7176115831624,0.6013719512195124,46.056547619047606,1015.7738095238075,24.774970963995305,0
4539,4,0,1,47,0.0,0.020833333333333332,0.9791666666666666,48,1450,1200,250,0.8275862068965517,17,12,5,333.5580047826496,0.8381538120567376,0.1779888133106602,0.18412917580409396,129020.64252635645,-992.8263806266305,128027.81614572981,4071,2,909.8958333333334,40,8,16,37.539178420192734,0.6033854166666668,46.01117886178861,1015.9552845528438,25.398882113821095,0
4540,4,2,1,48,0.04081632653061224,0.02040816326530612,0.9795918367346939,49,950,500,450,0.5263157894736842,14,5,9,328.0685127635721,0.8397108843537415,0.16938524692957935,0.18241805003550757,129307.31336805534,-1315.4153705218655,127991.89799753348,4072,0,892.204081632653,39,10,17,37.387341253584594,0.607905982905983,45.72916666666666,1017.0833333333317,26.079059829059787,0
4541,4,1,1,48,0.02040816326530612,0.02040816326530612,0.9795918367346939,49,1300,900,400,0.6923076923076923,17,9,8,333.3795320458512,0.8411281179138322,0.17094689313425038,0.18633534558991321,129511.53413973158,-1164.701070791205,128346.83306894038,4073,0,893.1836734693877,40,9,15,37.044894834930766,0.6083333333333334,45.52845528455284,1017.8861788617882,25.447154471544703,0
4542,4,2,2,48,0.04,0.04,0.96,50,1200,1000,200,0.8333333333333334,14,10,4,328.4552606451631,0.8414115646258503,0.1758575043799886,0.18521127046478614,129857.80915375396,-1469.5038895187863,128388.30526423517,4074,0,876.28,41,9,16,36.81907403802478,0.6102642276422765,45.188492063492056,1019.2460317460307,24.859659310878797,0
4543,4,1,0,49,0.02040816326530612,0.0,1.0,49,1700,1400,300,0.8235294117647058,20,14,6,340.47426210539015,0.8386125283446713,0.1937931357133702,0.192449480095965,129951.543032008,-950.9688553440465,129000.57417666395,4075,0,895.1020408163265,40,9,17,36.41773813083491,0.6127604166666667,45.09654471544715,1019.6138211382109,25.490345528455272,0
4544,4,2,2,49,0.0392156862745098,0.0392156862745098,0.9607843137254902,51,1400,800,600,0.5714285714285714,20,8,12,330.3688490032815,0.8450000000000001,0.19885531537329015,0.18949565183844824,130522.07396597609,-1575.170925870827,128946.90304010526,4076,0,860.9607843137255,40,11,14,36.09791977457319,0.6184895833333333,44.53760162601627,1021.8495934959362,25.546239837398407,0
4545,4,0,0,49,0.0,0.0,1.0,49,950,500,450,0.5263157894736842,14,5,9,343.0237401082879,0.8382227891156463,0.1962515618492291,0.1954437588989085,130262.5868055558,-863.3680555555311,129399.21875000026,4077,1,896.9591836734694,40,9,18,36.0374149659864,0.6158854166666665,44.79166666666668,1020.8333333333353,25.520833333333382,0
4546,4,0,0,49,0.0,0.0,1.0,49,1100,600,500,0.5454545454545454,16,6,10,342.6537712662389,0.8377976190476191,0.20326171900021772,0.19564425004556235,130344.39718934921,-867.4001479289836,129476.99704142023,4078,2,897.9591836734694,38,11,18,35.96398305084747,0.6200657894736842,44.71153846153847,1021.1538461538469,26.87246963562755,0
4547,4,0,0,49,0.0,0.0,1.0,49,950,500,450,0.5263157894736842,14,5,9,344.8676470313139,0.8370890022675738,0.20244231988371109,0.19732373269098716,130426.23325525982,-804.0423652202373,129622.19089003958,4079,3,898.9591836734694,38,11,18,35.82457378935257,0.6208881578947367,44.63141025641026,1021.47435897436,26.88090418353579,0
4548,4,1,1,49,0.02,0.02,0.98,50,1450,1100,350,0.7586206896551724,18,11,7,340.3997337898596,0.8398979591836735,0.19827442192115674,0.19622455587874657,130714.91021050357,-1100.935872395828,129613.97433810774,4080,0,881.96,39,11,14,35.646603680689935,0.6220619658119659,44.348958333333336,1022.6041666666674,26.220619658119677,0
4549,4,1,0,50,0.02,0.0,1.0,50,1600,900,700,0.5625,23,9,14,340.75684106171775,0.8396598639455782,0.19800407331975567,0.19683718701329833,130794.81336805572,-1086.15451388887,129708.65885416685,4081,0,882.94,39,11,16,35.55668703326543,0.6228632478632479,44.27083333333334,1022.916666666668,26.228632478632512,0
4550,4,2,0,52,0.038461538461538464,0.0,1.0,52,1900,1200,700,0.631578947368421,26,12,14,336.625925820012,0.8440485168426344,0.2062895927601811,0.19745623628714637,131384.3261869037,-1550.1856340412398,129834.14055286246,4082,0,849.9423076923077,37,15,18,35.067290552584666,0.6323198198198199,43.69517543859649,1025.2192982456143,27.708629682313898,0
4551,4,0,2,50,0.0,0.038461538461538464,0.9615384615384616,52,1200,800,400,0.6666666666666666,16,8,8,333.04107521874306,0.8435771744595273,0.20263963022970866,0.19578461197491523,131468.6505102531,-1643.1078553016364,129825.54265495145,4083,1,850.9423076923077,37,15,18,35.074196336291386,0.6331644144144144,43.612938596491226,1025.5482456140346,27.717520151730664,0
4552,4,0,0,50,0.0,0.0,1.0,50,1400,900,500,0.6428571428571429,19,9,10,351.867771622587,0.8400680272108844,0.20928237446635456,0.2058070830691446,131274.74500868062,-761.7296006944391,130513.01540798618,4084,2,870.0,39,11,18,34.7873043301484,0.6276709401709402,43.802083333333336,1024.7916666666672,26.276709401709414,0
4553,4,0,0,50,0.0,0.0,1.0,50,1150,800,350,0.6956521739130435,15,8,7,352.0546185447248,0.8388265306122449,0.2143817263342851,0.2068264100947266,131443.5782911289,-744.9036848292594,130698.67460629965,4085,3,871.0,36,14,18,34.61202320814116,0.634837962962963,43.637387387387385,1025.45045045045,28.484734734734722,0
4554,4,0,0,50,0.0,0.0,1.0,50,1100,900,200,0.8181818181818182,13,9,4,351.94891449880214,0.8388605442176871,0.20985783003741343,0.2072046630041718,131524.881754482,-741.9921273853636,130782.88962709662,4086,4,872.0,37,13,18,34.53266969535007,0.6337274774774775,43.55811403508771,1025.767543859648,27.723447131341835,0
4555,4,0,0,50,0.0,0.0,1.0,50,1150,700,450,0.6086956521739131,16,7,9,354.16027467309505,0.8372108843537415,0.20951282051282005,0.2092765259431925,131665.51246537396,-673.8611880578679,130991.6512773161,4087,5,873.0,37,13,13,34.334045584045576,0.6351351351351351,43.421052631578945,1026.3157894736842,27.738264580369844,0
4556,4,0,0,50,0.0,0.0,1.0,50,1450,1300,150,0.896551724137931,16,13,3,361.0899876288132,0.8377040816326531,0.25493686868686827,0.19859949319584727,128875.73964497045,-690.8202779963254,128184.91936697412,4088,6,874.0,38,12,16,36.98771569865318,0.6052631578947368,46.15384615384615,1015.3846153846157,26.72064777327936,6
4557,4,0,1,49,0.0,0.02,0.98,50,1500,1000,500,0.6666666666666666,20,10,10,376.63135074046374,0.8372448979591837,0.2762833387323187,0.20724794647697134,128895.01006319223,-289.9978234939705,128605.01223969825,4089,7,875.0,37,13,17,36.573511679804184,0.6072635135135136,46.134868421052616,1015.460526315787,27.444879089615863,1
4558,4,0,0,49,0.0,0.0,1.0,49,900,600,300,0.6666666666666666,12,6,6,380.5650267031325,0.8341836734693878,0.28611984809044033,0.20911878826375674,128839.3438966796,6.349670090775419,128845.69356677037,4090,8,893.7142857142857,37,12,17,36.53056035568996,0.6067004504504505,46.18969298245613,1015.2412280701742,27.43895211000471,0
4559,4,0,0,49,0.0,0.0,1.0,49,1300,800,500,0.6153846153846154,18,8,10,377.3992068392589,0.8326601473922902,0.27886750555144335,0.2081087054856484,128978.5318559556,-64.7208756540578,128913.81098030154,4091,9,894.7142857142857,37,12,17,36.468678036845134,0.6081081081081081,46.05263157894736,1015.78947368421,27.4537695590327,0
4560,4,1,0,50,0.02,0.0,1.0,50,1250,900,350,0.72,16,9,7,374.37885627165275,0.8358333333333333,0.2907593535532431,0.20851655903564215,129373.18019032563,-312.6986198596402,129060.48157046598,4092,0,877.8,36,14,18,36.142627850343146,0.6140046296296295,45.66441441441442,1017.3423423423436,28.259509509509545,0
4561,4,1,2,49,0.0196078431372549,0.0392156862745098,0.9607843137254902,51,1550,1000,550,0.6451612903225806,21,10,11,372.008452412742,0.8443137254901961,0.2949363990107454,0.20924349514644064,129759.3730763312,-545.6832871652781,129213.68978916593,4093,0,861.5686274509804,37,14,16,35.809477686899136,0.6159909909909909,45.28508771929825,1018.8596491228072,27.536747273589384,0
4562,4,0,0,49,0.0,0.0,1.0,49,1250,800,450,0.64,17,8,9,379.5149735907765,0.8335813492063492,0.3103376319853104,0.21331358860447072,129731.44531249984,47.005208333318876,129778.45052083315,4094,2,896.8979591836735,35,14,16,35.64672801635992,0.6196428571428572,45.31249999999999,1018.7499999999987,29.107142857142822,0
4563,4,0,0,49,0.0,0.0,1.0,49,1650,1100,550,0.6666666666666666,22,11,11,382.13805999957475,0.8326955782312926,0.3163497111702471,0.21511147571843062,129790.40745027432,119.57090192043091,129909.97835219475,4095,3,897.8979591836735,35,14,16,35.51983946690898,0.6202380952380953,45.254629629629626,1018.9814814814812,29.113756613756607,0
4564,4,3,2,50,0.057692307692307696,0.038461538461538464,0.9615384615384616,52,1150,900,250,0.782608695652174,14,9,5,359.3564131155046,0.8449440673705378,0.3088530555904132,0.20587428153252713,130475.34722222204,-1019.140089163261,129456.20713305878,4096,0,847.0384615384615,34,18,18,35.404771615008144,0.6292892156862746,44.58333333333332,1021.6666666666652,30.049019607843093,0
4565,4,0,0,50,0.0,0.0,1.0,50,1650,1300,350,0.7878787878787878,20,13,7,381.40100102840506,0.8365816326530612,0.3234955419486516,0.21715363416351213,130234.60493853883,-65.67826158047905,130168.92667695835,4097,1,881.92,37,13,18,35.086453074086016,0.620777027027027,44.819078947368425,1020.7236842105268,27.58712660028451,0
4566,4,1,1,50,0.0196078431372549,0.0196078431372549,0.9803921568627451,51,1200,800,400,0.6666666666666666,16,8,8,373.0516810107993,0.8390849673202615,0.3296336515905811,0.21462049124083366,130638.16350682428,-453.02767126044535,130185.13583556384,4098,0,865.6078431372549,33,18,17,34.889714696715416,0.6332070707070707,44.424019607843135,1022.3039215686273,30.97890671420083,0
4567,4,0,1,49,0.0,0.02,0.98,50,1450,1100,350,0.7586206896551724,18,11,7,376.8711728044612,0.8395578231292516,0.33181648812296194,0.21692825952042302,130657.85147392283,-151.76445578232733,130506.0870181405,4099,1,882.04,34,16,17,34.77211419034311,0.6311274509803921,44.4047619047619,1022.3809523809517,30.070028011204464,0
4568,4,0,0,49,0.0,0.0,1.0,49,1250,1100,150,0.88,14,11,3,382.7691159342887,0.8373370181405896,0.3389848748703701,0.2205680596240128,130700.81218762019,205.64686658977934,130906.45905420998,4100,2,899.6938775510204,33,16,17,34.57774049217002,0.6338383838383839,44.36274509803922,1022.5490196078435,30.98633392751041,0
4569,4,1,0,50,0.02,0.0,1.0,50,1350,1100,250,0.8148148148148148,16,11,5,373.76231631148073,0.8418707482993197,0.33895826066736423,0.21735832877586517,131053.71492346935,-203.4119897959261,130850.30293367342,4101,0,882.68,34,16,18,34.45020927799092,0.635110294117647,44.01785714285714,1023.9285714285711,30.115546218487385,0
4570,4,0,1,49,0.0,0.02,0.98,50,1150,700,450,0.6086956521739131,16,7,9,374.24532806561956,0.8412585034013605,0.3397070448732853,0.2178117937767565,131084.19075963725,-188.4708049886557,130895.7199546486,4102,1,883.68,34,16,18,34.40696930946292,0.6354166666666666,43.98809523809524,1024.0476190476195,30.11904761904763,0
4571,4,0,0,49,0.0,0.0,1.0,49,1500,1100,400,0.7333333333333333,19,11,8,374.6419878717325,0.8423327664399093,0.336183282144932,0.21856232580584792,131175.6395266439,28.78047052152965,131204.41999716545,4103,2,885.8979591836735,34,15,18,34.304183614177795,0.6363357843137255,43.89880952380952,1024.4047619047612,30.12955182072827,0
4572,4,1,0,50,0.02,0.0,1.0,50,1350,1100,250,0.8148148148148148,16,11,5,366.26853740909513,0.8451020408163266,0.3444534703141804,0.21576593431749033,131548.03929077758,-363.4412557915248,131184.59803498606,4104,0,869.16,33,17,19,34.142052920798,0.642361111111111,43.53553921568628,1025.857843137255,31.086601307189547,0
4573,4,0,0,50,0.0,0.0,1.0,50,1200,900,300,0.75,15,9,6,366.7346752009303,0.845391156462585,0.343271461716937,0.21652417124876844,131633.36167800458,-345.09637188207944,131288.2653061225,4105,1,870.16,34,16,19,34.043890177880904,0.6409313725490196,43.452380952380956,1026.1904761904766,30.182072829131666,0
4574,4,1,1,50,0.0196078431372549,0.0196078431372549,0.9803921568627451,51,1100,600,500,0.5454545454545454,16,6,10,355.5383836829531,0.8489869281045752,0.3363358716280549,0.2115836056320667,131934.82069485032,-818.4214197305319,131116.3992751198,4106,0,854.0784313725491,36,15,19,34.02709269611604,0.6397569444444444,43.15878378378379,1027.3648648648655,28.53791291291293,0
4575,4,0,0,50,0.0,0.0,1.0,50,1300,600,700,0.46153846153846156,20,6,14,366.49692267111584,0.8432482993197279,0.34625718471768274,0.2175202137030644,131832.80452942822,-336.7365665723552,131496.06796285586,4107,3,872.16,35,15,19,33.848590292648105,0.6407738095238095,43.258101851851855,1026.967592592593,29.34193121693123,0
4576,4,2,2,50,0.038461538461538464,0.038461538461538464,0.9615384615384616,52,1100,600,500,0.5454545454545454,16,6,10,350.25874884722947,0.852139894419306,0.3394666197948293,0.21024259562974562,132260.5970121994,-1134.9137537438996,131125.6832584555,4108,0,839.5769230769231,38,14,19,33.83469221714444,0.6392543859649124,42.841880341880334,1028.6324786324772,27.06927575348624,0
4577,4,0,0,50,0.0,0.0,1.0,50,1400,1000,400,0.7142857142857143,18,10,8,365.08225796810706,0.8439795918367347,0.3454800526085051,0.21742888522852546,131963.74584043506,-364.4755397289119,131599.27030070615,4109,5,874.16,36,14,19,33.75278569340932,0.6400462962962963,43.130630630630634,1027.4774774774778,28.54104104104105,0
4578,4,0,0,50,0.0,0.0,1.0,50,1400,1100,300,0.7857142857142857,17,11,6,367.33935095464324,0.8441496598639455,0.3442204448340087,0.219274444484175,132050.54029959044,-298.5280466276734,131752.01225296277,4110,6,875.16,36,14,19,33.60724590044192,0.6409143518518516,43.04617117117119,1027.8153153153178,28.550425425425495,0
4579,4,0,0,50,0.0,0.0,1.0,50,1500,1200,300,0.8,18,12,6,369.3006384273071,0.8440816326530612,0.34883389904741025,0.2214591418750229,132224.214818704,-233.90261038063164,131990.31220832336,4111,7,876.16,36,14,19,33.3816927625096,0.6426504629629629,42.87725225225226,1028.4909909909923,28.56919419419423,0
4580,4,0,1,49,0.0,0.02,0.98,50,950,700,250,0.7368421052631579,12,7,5,369.75745114755193,0.8439455782312925,0.3431202046035804,0.2224233283056812,132341.5858725762,-213.14250538627306,132128.44336718993,4112,8,877.16,37,13,19,33.2516339869281,0.6418918918918919,42.76315789473684,1028.9473684210527,27.809388335704128,0
4581,4,0,0,49,0.0,0.0,1.0,49,1200,900,300,0.75,15,9,6,375.5688989268218,0.8419430272108843,0.3424130597948456,0.22573667503917422,132311.0948786626,138.3864438763274,132449.48132253895,4113,9,894.9591836734694,36,13,19,33.13289003210741,0.6435185185185184,42.7927927927928,1028.8288288288302,28.578578578578615,0
4582,4,0,0,49,0.0,0.0,1.0,49,1500,1200,300,0.8,18,12,6,374.1632653061224,0.842013888888889,0.3358114674441204,0.22578817733990147,132461.0726643599,112.49909561319816,132573.5717599731,4114,10,895.9591836734694,33,16,19,33.01785714285713,0.6515151515151515,42.64705882352941,1029.4117647058827,31.19429590017826,0
4583,4,1,1,49,0.02,0.02,0.98,50,1100,800,300,0.7272727272727273,14,8,6,366.2168269041897,0.8450680272108844,0.34052997978890653,0.2230866662386261,132815.23946544924,-272.1648876886155,132543.07457776062,4115,0,879.02,35,15,19,32.86595179279887,0.6505952380952381,42.30324074074074,1030.787037037037,29.4510582010582,0
4584,4,0,0,49,0.0,0.0,1.0,49,1600,1300,300,0.8125,19,13,6,373.94114667504897,0.8424390589569162,0.3437040250480967,0.22730579814741747,132735.1473922903,127.0266439909426,132862.17403628124,4116,1,897.0204081632653,34,15,19,32.747516173752324,0.6519607843137254,42.38095238095239,1030.476190476191,30.308123249299737,0
4585,4,0,0,49,0.0,0.0,1.0,49,1350,900,450,0.6666666666666666,18,9,9,374.5428782097333,0.8426162131519275,0.3412126084117373,0.22785788451592837,132765.81809807252,145.29832766439586,132911.11642573692,4117,2,898.0204081632653,34,15,19,32.701137807554574,0.6522671568627452,42.351190476190474,1030.5952380952378,30.311624649859937,0
4586,4,0,0,49,0.0,0.0,1.0,49,1350,800,550,0.5925925925925926,19,8,11,373.67525561499605,0.8422264739229025,0.33522646934062283,0.22788927560745534,132857.85147392287,129.13832199545936,132986.98979591834,4118,3,899.0204081632653,34,15,19,32.630869899923006,0.6531862745098038,42.26190476190476,1030.9523809523807,30.32212885154061,0
4587,4,0,0,49,0.0,0.0,1.0,49,1350,1000,350,0.7407407407407407,17,10,7,370.32339187905137,0.8416595804988662,0.33568691756805946,0.22648948147112055,132964.41139671206,47.96636552639575,133012.37776223847,4119,4,900.0204081632653,35,14,19,32.61009333034079,0.6520833333333333,42.15856481481481,1031.3657407407402,29.467592592592577,0
4588,4,0,0,49,0.0,0.0,1.0,49,1400,900,500,0.6428571428571429,19,9,10,374.036356075878,0.8416595804988662,0.3615249712364421,0.22464313693314586,132282.13168827622,95.66530212646023,132377.79699040268,4120,5,901.0204081632653,36,13,20,33.20151432220398,0.6432291666666666,42.82094594594595,1028.716216216217,28.57545045045047,1
4589,4,1,1,49,0.02,0.02,0.98,50,900,500,400,0.5555555555555556,13,5,8,367.6812320397013,0.8481972789115646,0.3579240949360163,0.22218833473489713,132513.92598257065,-255.37256006003147,132258.55342251062,4121,0,883.98,36,14,20,33.13144846695105,0.6455439814814814,42.595720720720735,1029.617117117119,28.60047547547553,0
4590,4,0,0,49,0.0,0.0,1.0,49,1300,700,600,0.5384615384615384,19,7,12,380.88258182614584,0.8399589002267573,0.3709819922571522,0.22963991865626562,132427.7842747986,287.8872760202421,132715.67155081886,4122,7,903.0204081632653,35,14,20,32.878504629109045,0.6467261904761905,42.67939814814815,1029.282407407408,29.408068783068803,0
4591,4,0,0,49,0.0,0.0,1.0,49,1950,1300,650,0.6666666666666666,26,13,13,376.524642204412,0.838718820861678,0.35920420886280735,0.2275323730122235,132513.92598257057,178.95171353787703,132692.87769610845,4123,8,904.0204081632653,36,13,20,32.90381530496919,0.6455439814814814,42.59572072072073,1029.6171171171184,28.60047547547551,0
4592,4,0,0,49,0.0,0.0,1.0,49,1050,700,350,0.6666666666666666,14,7,7,380.7654393026569,0.8372661564625851,0.3660396384176752,0.2309842333382433,132658.90045450872,302.3849017937049,132961.28535630243,4124,9,905.0204081632653,36,13,16,32.648529733275026,0.6469907407407407,42.454954954954964,1030.1801801801817,28.616116116116157,0
4593,4,0,0,49,0.0,0.0,1.0,49,850,500,350,0.5882352941176471,12,5,7,379.55717419726614,0.8371598639455783,0.36532597518185317,0.2304292360139875,132687.90486009672,272.5292437708114,132960.43410386753,4125,10,906.0204081632653,36,13,16,32.65042627609575,0.6472800925925926,42.42680180180181,1030.2927927927938,28.61924424424427,0
4594,4,0,0,49,0.0,0.0,1.0,49,1600,900,700,0.5625,23,9,14,379.31933087236143,0.8372307256235828,0.36262367103829396,0.23128147528287576,132849.77709487543,278.49771083411224,133128.27480570955,4126,11,907.0204081632653,37,12,17,32.49352974544423,0.6469594594594594,42.26973684210527,1030.9210526315796,27.862731152204855,0
4595,4,0,0,49,0.0,0.0,1.0,49,1700,1200,500,0.7058823529411765,22,12,10,378.36200932905524,0.8361678004535148,0.36441350939695405,0.23139616773401137,132962.84072984,261.6175169282896,133224.4582467683,4127,12,908.0204081632653,37,12,17,32.404404989722856,0.6480855855855856,42.16008771929825,1031.3596491228075,27.87458511142723,0
4596,4,0,0,49,0.0,0.0,1.0,49,1300,1000,300,0.7692307692307693,16,10,6,378.31048586763717,0.8362386621315193,0.36370494660579333,0.23277221659855796,133189.11227493073,277.3675554016665,133466.4798303324,4128,13,909.0204081632653,37,12,17,32.17813894200129,0.6503378378378377,41.94078947368421,1032.2368421052631,27.898293029871976,0
4597,4,1,0,50,0.02,0.0,1.0,50,1500,1100,400,0.7333333333333333,19,11,8,373.959417273673,0.8400340136054422,0.35838709677419334,0.2318548387096774,133472.2222222223,-17.36111111110202,133454.8611111112,4129,0,891.82,38,12,19,32.00604838709677,0.6513157894736842,41.66666666666667,1033.3333333333342,27.192982456140374,0
4598,4,0,0,50,0.0,0.0,1.0,50,1800,1500,300,0.8333333333333334,21,15,6,366.45439016518384,0.8380952380952381,0.351639448568398,0.2282473513380244,133642.2324657589,-205.24344028929775,133436.98902546958,4130,1,892.82,37,13,20,32.02942735949099,0.6548423423423422,41.50219298245615,1033.9912280701772,27.945708866761546,0
4599,4,0,0,50,0.0,0.0,1.0,50,1450,900,550,0.6206896551724138,20,9,11,367.13305578756297,0.8374829931972789,0.354495335029686,0.22902109670557513,133698.92659279788,-182.94090489380113,133515.9856879041,4131,2,893.82,37,13,20,31.955046649703135,0.6554054054054053,41.44736842105264,1034.2105263157903,27.95163584637271,0
4600,4,0,0,50,0.0,0.0,1.0,50,1350,1200,150,0.8888888888888888,15,12,3,364.29591489914714,0.8365136054421769,0.3522878033273289,0.2281261147248343,133840.7145107149,-248.47489131270308,133592.2396194022,4132,3,894.82,37,13,18,31.886347179541513,0.656813063063063,41.31030701754386,1034.7587719298251,27.96645329540068,0
4601,4,0,1,49,0.0,0.02,0.98,50,1200,800,400,0.6666666666666666,16,8,8,362.9422409709768,0.836156462585034,0.35360160965794796,0.22833201742098164,134010.95920138893,-272.3524305555493,133738.60677083337,4133,4,895.82,37,13,18,31.750922199865865,0.6585022522522522,41.145833333333336,1035.416666666667,27.984234234234243,0
4602,4,0,0,49,0.0,0.0,1.0,49,1250,900,350,0.72,16,9,7,372.75357272260874,0.8324121315192744,0.35919077736609695,0.23422580957203978,133967.23740209805,187.35327388198897,134154.59067598003,4134,19,915.0204081632653,36,13,18,31.540755647412887,0.6600115740740742,41.18806306306306,1035.2477477477478,28.75688188188188,0
4603,4,0,0,49,0.0,0.0,1.0,49,900,600,300,0.6666666666666666,12,6,6,371.47776195321586,0.8322349773242631,0.35564898136761736,0.23360920269479268,133996.384475692,155.3354029705463,134151.71987866255,4135,20,916.0204081632653,36,13,18,31.54457617286636,0.6603009259259258,41.15990990990991,1035.360360360361,28.760010010010028,0
4604,4,0,0,49,0.0,0.0,1.0,49,1150,600,550,0.5217391304347826,17,6,11,368.57704836397465,0.83156179138322,0.3523448526866162,0.2321530504626788,134054.68813408003,81.8962543624692,134136.5843884425,4136,21,917.0204081632653,36,13,18,31.56127664201827,0.6608796296296295,41.1036036036036,1035.5855855855855,28.766266266266264,0
4605,4,0,0,49,0.0,0.0,1.0,49,1400,900,500,0.6428571428571429,19,9,10,367.20415879017014,0.8321995464852608,0.3498447204968944,0.2320246058289536,134171.33349565775,53.654330005674154,134224.9878256634,4137,22,918.0204081632653,36,13,18,31.48007246376811,0.6620370370370371,40.99099099099099,1036.0360360360355,28.778778778778765,0
4606,4,0,0,49,0.0,0.0,1.0,49,2000,1600,400,0.8,24,16,8,362.9035033199544,0.831172052154195,0.3435298587857867,0.23008228148112195,134294.94081111494,-52.779100300095166,134242.16171081483,4138,23,919.0204081632653,37,12,18,31.467854120385066,0.6613175675675675,40.87171052631579,1036.5131578947367,28.01386913229018,0
4607,4,1,0,50,0.02,0.0,1.0,50,1200,800,400,0.6666666666666666,16,8,8,337.88483551642764,0.8329251700680271,0.30788538906878604,0.21294893993493602,134076.73306439628,-939.5010203912943,133137.23204400498,4139,0,901.62,40,10,17,32.333881202368104,0.65390625,41.082317073170735,1035.6707317073176,25.89176829268294,3
4608,4,0,0,50,0.0,0.0,1.0,50,1400,900,500,0.6428571428571429,19,9,10,335.4546134583567,0.8333503401360544,0.302252084355076,0.21202478513378453,134182.00481071114,-997.6054886311141,133184.39932208002,4140,1,902.62,40,10,17,32.2917688409351,0.6549479166666667,40.980691056910565,1036.0772357723572,25.90193089430893,0
4609,4,1,0,51,0.0196078431372549,0.0,1.0,51,1350,1000,350,0.7407407407407407,17,10,7,330.4391854062159,0.8379411764705883,0.2864943113953733,0.20809685176406797,134048.58599430643,-1317.223527932429,132731.362466374,4141,0,885.9019607843137,42,9,19,32.554739403013016,0.6505456349206348,41.10949612403102,1035.5620155038775,24.65623846437804,3
4610,4,0,0,51,0.0,0.0,1.0,51,1300,1000,300,0.7692307692307693,16,10,6,330.69363969622344,0.8367647058823531,0.28967740870550784,0.20882727123404202,134148.9499297671,-1327.559097259757,132821.39083250734,4142,1,886.9019607843137,42,9,19,32.44804820253795,0.6515376984126983,41.01259689922482,1035.949612403103,24.66546696197864,0
4611,4,1,2,50,0.019230769230769232,0.038461538461538464,0.9615384615384616,52,1500,1200,300,0.8,18,12,6,325.1176591776488,0.8401363750628456,0.2824706980959768,0.20730182901350078,134502.753129287,-1654.1559499313814,132848.59717935562,4143,0,870.8269230769231,44,8,21,32.24006218572408,0.6522253787878787,40.67129629629631,1037.3148148148173,23.575336700336756,0
4612,4,0,0,50,0.0,0.0,1.0,50,1200,1000,200,0.8333333333333334,14,10,4,329.48887317305827,0.8357142857142857,0.2772336346206512,0.20994133960817415,134477.10525891042,-1138.2580241333496,133338.84723477706,4144,1,884.2,43,7,21,32.152245199184385,0.6533430232558138,40.69602272727274,1037.2159090909115,24.121300211416546,0
4613,4,0,0,50,0.0,0.0,1.0,50,1150,900,250,0.782608695652174,14,9,5,326.6052875063148,0.8342517006802721,0.270660192361565,0.20881289694955985,134601.05241759817,-1207.6967383883991,133393.35567920978,4145,2,885.2,42,8,21,32.10364335294302,0.656001984126984,40.5765503875969,1037.693798449613,24.706995201181265,0
4614,4,0,0,50,0.0,0.0,1.0,50,900,300,600,0.3333333333333333,15,3,12,327.99444314612856,0.8344727891156463,0.27106796116504883,0.21013615280988815,134676.4767742323,-1165.372799110634,133511.10397512166,4146,3,886.2,42,8,21,31.992547298979336,0.6567460317460316,40.50387596899225,1037.9844961240308,24.713916574381685,0
4615,4,0,0,50,0.0,0.0,1.0,50,1550,1000,550,0.6451612903225806,21,10,11,324.15980832968705,0.8323809523809523,0.2708334853182557,0.20836673259925872,134796.5136091026,-1260.8775969926335,133535.63601211,4147,4,887.2,43,7,17,31.972688309319725,0.6564922480620154,40.388257575757585,1038.4469696969713,24.149929527836544,0
4616,4,0,1,49,0.0,0.02,0.98,50,1750,1400,350,0.8,21,14,7,326.3581157909026,0.8306802721088435,0.2732749977212654,0.2104923508725452,134919.46385911677,-1193.5875982839702,133725.8762608328,4148,5,888.2,43,7,17,31.79338331358429,0.6577034883720929,40.26988636363637,1038.920454545455,24.160940803382672,0
4617,4,0,0,49,0.0,0.0,1.0,49,950,500,450,0.5263157894736842,14,5,9,327.9823876853716,0.8313492063492064,0.2596973509164928,0.21173721512042368,134953.21349565822,-947.5445623760678,134005.66893328214,4149,6,835.1632653061224,42,7,18,31.71764742453915,0.6594742063492064,40.23740310077519,1039.0503875968984,24.739294942783296,0
4618,4,0,0,49,0.0,0.0,1.0,49,650,400,250,0.6153846153846154,9,4,5,328.0230450066439,0.8314200680272109,0.2602935243474489,0.2119107912440512,134978.385463614,-944.7957980289622,134033.58966558502,4150,7,836.1632653061224,42,7,18,31.691571863732438,0.6597222222222222,40.213178294573645,1039.1472868217056,24.741602067183468,0
4619,4,0,2,47,0.0,0.04081632653061224,0.9591836734693877,49,1050,500,550,0.47619047619047616,16,5,11,333.2312355934137,0.8294005102040817,0.2649542903546658,0.21632815421372786,135154.65496552183,-792.4494659275329,134362.2054995943,4151,8,837.1632653061224,42,7,19,31.38104556891251,0.6614583333333334,40.04360465116279,1039.8255813953483,24.757751937984484,0
4620,4,0,0,47,0.0,0.0,1.0,47,950,800,150,0.8421052631578947,11,8,3,346.79326362046186,0.8238128276287388,0.2721980681858389,0.22367618510990397,134920.06375380047,-42.12615258776651,134877.9376012127,4152,11,871.4042553191489,40,7,19,31.262023541687043,0.6622395833333334,40.26930894308942,1038.9227642276408,25.973069105691017,0
4621,4,0,0,47,0.0,0.0,1.0,47,1350,700,650,0.5185185185185185,20,7,13,352.26250942721845,0.8244680851063829,0.2731342414232105,0.22803423711529036,135052.073005486,114.75642805206837,135166.82943353805,4153,12,872.4042553191489,40,7,19,30.98846304262807,0.6635416666666667,40.14227642276422,1039.4308943089418,25.985772357723544,0
4622,4,0,0,47,0.0,0.0,1.0,47,1100,900,200,0.8181818181818182,13,9,4,338.85521992092333,0.8238899167437558,0.2310791984156566,0.21760426033513983,134761.7378565173,-263.30732781413,134498.43052870317,4154,13,873.4042553191489,40,7,18,31.625803399562827,0.6606770833333333,40.421747967479675,1038.3130081300815,25.957825203252035,3
4623,4,0,0,47,0.0,0.0,1.0,47,1150,700,450,0.6086956521739131,16,7,9,336.8869575187495,0.8237357385137218,0.2254598896306521,0.21697048473844607,134867.27812685902,-312.99460060149374,134554.28352625752,4155,14,874.4042553191489,40,7,15,31.571845546750158,0.66171875,40.32012195121951,1038.719512195122,25.96798780487805,0
4624,4,0,0,47,0.0,0.0,1.0,47,900,500,400,0.5555555555555556,13,5,8,335.58294489404904,0.8227721245760098,0.22340425531914887,0.21639314032823165,134911.26543209876,-345.21604938271315,134566.04938271604,4156,15,875.4042553191489,41,6,15,31.561942959001776,0.6605691056910569,40.27777777777778,1038.888888888889,25.338753387533878,0
4625,4,0,0,47,0.0,0.0,1.0,47,1200,900,300,0.75,15,9,6,348.0011730082427,0.8228877582485352,0.18191833643186683,0.2108477695285234,132612.49999999997,8.777006172839265,132621.2770061728,4157,16,876.4042553191489,39,8,21,33.538969795037765,0.6410256410256411,42.5,1029.9999999999998,26.410256410256405,8
4626,4,0,1,46,0.0,0.02127659574468085,0.9787234042553191,47,550,300,250,0.5454545454545454,8,3,5,345.8200857182704,0.8223481344434165,0.18179643382514943,0.2100820760393974,132711.9596986747,-221.10774423293913,132490.85195444178,4158,17,877.4042553191489,40,7,19,33.49524936713021,0.6403645833333333,42.40345528455284,1030.3861788617883,25.759654471544707,0
4627,4,0,0,46,0.0,0.0,1.0,46,1300,1000,300,0.7692307692307693,16,10,6,351.82707973897703,0.8190619967793881,0.2032537293758372,0.21423562793951872,132800.3268771702,144.55023871528255,132944.8771158855,4159,18,896.2391304347826,39,7,19,33.25174751558025,0.6428952991452992,42.317708333333336,1030.7291666666672,26.428952991453006,0
4628,4,0,0,46,0.0,0.0,1.0,46,1500,1200,300,0.8,18,12,6,347.80610359192985,0.817975040257649,0.19738269566095878,0.2123955965118144,132907.7162000867,45.2229817708284,132952.9391818575,4160,19,897.2391304347826,39,7,19,33.24757130349868,0.6439636752136753,42.213541666666664,1031.1458333333326,26.43963675213673,0
4629,4,0,0,46,0.0,0.0,1.0,46,1500,1000,500,0.6666666666666666,20,10,10,351.6297077366912,0.8161433172302738,0.2017899285998812,0.21541298510773388,133026.2877276256,155.19893499238987,133181.486662618,4161,20,898.2391304347826,40,6,19,33.02999704462615,0.6434895833333334,42.09857723577235,1031.6056910569096,25.79014227642274,0
4630,4,0,0,46,0.0,0.0,1.0,46,1450,1100,350,0.7586206896551724,18,11,7,331.2012976250894,0.8163848631239936,0.1062062838511253,0.20069841045904976,132618.00219382325,-168.04881624486558,132449.95337757838,4162,21,899.2391304347826,38,8,20,33.96604778204197,0.6428179824561404,42.494658119658105,1030.0213675213654,27.105825461088564,8
4631,4,2,1,47,0.041666666666666664,0.020833333333333332,0.9791666666666666,48,1150,900,250,0.782608695652174,14,9,5,317.5462749829636,0.8260195035460993,0.11465821434432977,0.1950806063189348,133131.14636005345,-1144.940077830664,131986.2062822228,4163,0,862.7291666666666,40,8,16,33.80416051206303,0.64453125,41.99695121951219,1032.0121951219505,25.800304878048763,0
4632,4,0,0,47,0.0,0.0,1.0,47,1750,1500,250,0.8571428571428571,20,15,5,320.609681740564,0.8182238667900092,0.11262766386930001,0.197059598429622,133149.50086805547,-862.19618055556,132287.3046874999,4164,1,882.0851063829788,39,8,18,33.706768940923155,0.6463675213675215,41.979166666666664,1032.0833333333328,26.4636752136752,0
4633,4,0,1,46,0.0,0.02127659574468085,0.9787234042553191,47,1300,1000,300,0.7692307692307693,16,10,6,322.235009664922,0.8167206290471785,0.112765528223574,0.19891892190647784,133310.81271701382,-808.517795138894,132502.2949218749,4165,2,883.0851063829788,39,8,19,33.50354717234886,0.6479700854700855,41.822916666666664,1032.7083333333328,26.47970085470084,0
4634,4,0,0,46,0.0,0.0,1.0,46,1350,900,450,0.6666666666666666,18,9,9,323.14377630368335,0.8147946859903382,0.1278026522295057,0.20020735976109397,133445.97012566932,-575.5530562165329,132870.4170694528,4166,3,901.7826086956521,40,6,20,33.34501327825316,0.64765625,41.69207317073171,1033.2317073170739,25.830792682926848,0
4635,4,0,0,46,0.0,0.0,1.0,46,850,400,450,0.47058823529411764,13,4,9,325.4252685940239,0.8150764895330113,0.13150271018337012,0.20191791682018914,133500.54974848012,-511.10180224482565,132989.4479462353,4167,4,902.7826086956521,37,9,20,33.23154288240495,0.6534346846846848,41.639254385964904,1033.442982456139,27.930891417733484,0
4636,4,1,1,46,0.02127659574468085,0.02127659574468085,0.9787234042553191,47,1700,1400,300,0.8235294117647058,20,14,6,316.2959842904394,0.8178769657724329,0.12378331495143957,0.19825871318142058,133876.1732313369,-931.100802951378,132945.07242838552,4168,0,884.5531914893617,39,8,16,33.09270676061063,0.6535790598290598,41.27604166666667,1034.8958333333342,26.53579059829062,0
4637,4,0,0,46,0.0,0.0,1.0,46,1500,1100,400,0.7333333333333333,19,11,8,321.80454626970914,0.8118156199677939,0.12472175349154524,0.20191984742622673,133914.18292059316,-581.1614252319393,133333.02149536123,4169,6,904.7826086956521,38,8,16,32.9122797963116,0.6557017543859649,41.23931623931624,1035.0427350427349,27.237966711650916,0
4638,4,0,0,46,0.0,0.0,1.0,46,1200,800,400,0.6666666666666666,16,8,8,318.7811684072925,0.8108293075684381,0.12454012957300375,0.20040265862113105,133983.99658203125,-657.6850043402768,133326.31157769097,4170,7,905.7826086956521,39,7,16,32.92092178958313,0.6546474358974359,41.171875,1035.3125,26.546474358974358,0
4639,4,0,0,46,0.0,0.0,1.0,46,1200,800,400,0.6666666666666666,16,8,8,319.0026991958479,0.8093800322061192,0.1175858303187498,0.20119279147302485,134103.04712803222,-644.1531991539445,133458.89392887827,4171,8,906.7826086956521,40,6,16,32.79655612244897,0.6541666666666668,41.05691056910569,1035.772357723577,25.894308943089424,0
4640,4,0,1,45,0.0,0.021739130434782608,0.9782608695652174,46,1350,1000,350,0.7407407407407407,17,10,7,316.68451580906924,0.8087359098228664,0.11994404942300974,0.20020902440132685,134190.77932098764,-700.7716049382732,133490.00771604935,4172,9,907.7826086956521,41,5,16,32.76921358355675,0.6534552845528455,40.97222222222222,1036.111111111111,25.2710027100271,0
4641,4,1,2,44,0.021739130434782608,0.043478260869565216,0.9565217391304348,46,1250,800,450,0.64,17,8,9,310.5613159497774,0.8122584541062802,0.12266159822327238,0.19772277691467538,134447.87434649767,-849.1382432602836,133598.7361032374,4173,0,905.5217391304348,41,5,17,32.672103182195016,0.6559959349593496,40.72420634920634,1037.103174603173,25.295199380565197,0
4642,4,0,0,44,0.0,0.0,1.0,44,1250,1100,150,0.88,14,11,3,320.3258005523081,0.8028321000704722,0.13741046292006676,0.20377833346856286,134419.01728468487,-188.42413576576632,134230.5931489191,4174,1,946.7272727272727,40,4,18,32.44765124787665,0.6572916666666668,40.752032520325194,1036.9918699186978,25.924796747967445,0
4643,4,0,0,44,0.0,0.0,1.0,44,1050,800,250,0.7619047619047619,13,8,5,321.728428076946,0.8014887244538408,0.1363792258696721,0.20481837857300264,134445.36491382428,-149.02081680879226,134296.34409701548,4175,2,947.7272727272727,40,4,18,32.38506451086069,0.6575520833333335,40.726626016260155,1037.0934959349581,25.927337398373954,0
4644,4,0,0,44,0.0,0.0,1.0,44,1050,400,650,0.38095238095238093,17,4,13,322.2489145022326,0.8007619802677942,0.1376038725651736,0.20544626298090488,134498.06791798855,-131.6287221561305,134366.4391958324,4176,3,948.7272727272727,40,4,19,32.31911923189966,0.6580729166666668,40.67581300813008,1037.2967479674792,25.93241869918698,0
4645,4,0,0,44,0.0,0.0,1.0,44,900,600,300,0.6666666666666666,12,6,6,321.69030712895926,0.8007840028188866,0.14095450983186097,0.2052384159482757,134524.42329301324,-144.95939090490296,134379.46390210834,4177,4,949.7272727272727,40,4,19,32.30738146551725,0.6583333333333334,40.65040650406503,1037.3983739837383,25.93495934959346,0
4646,4,0,0,44,0.0,0.0,1.0,44,1400,1100,300,0.7857142857142857,17,11,6,323.57798700652125,0.8005417547568711,0.1419787747767982,0.20706433239666291,134633.92710387878,-87.07981306525963,134546.84729081352,4178,5,950.7272727272727,38,6,19,32.14947498455836,0.6628289473684212,40.54487179487178,1037.8205128205109,27.31106612685555,0
4647,4,0,0,44,0.0,0.0,1.0,44,1400,1200,200,0.8571428571428571,16,12,4,321.58139457329327,0.8002334390415786,0.13888369396495293,0.2070473058305664,134855.7749379062,-126.57836584120523,134729.19657206498,4179,6,951.7272727272727,38,6,16,31.980730988136855,0.6650219298245614,40.33119658119657,1038.6752136752125,27.333558254610853,0
4648,4,0,1,43,0.0,0.022727272727272728,0.9772727272727273,44,1500,1300,200,0.8666666666666667,17,13,4,311.2476003618627,0.7984716349541932,0.06182393004581166,0.19594707192865626,134036.6404084781,-396.28718351247136,133640.35322496563,4180,7,952.7272727272727,41,3,16,33.0634859807115,0.6519308943089431,41.12103174603174,1035.515873015872,25.256484707704196,5
4649,4,0,0,43,0.0,0.0,1.0,43,900,600,300,0.6666666666666666,12,6,6,317.18737492467966,0.7924510889627169,0.061218013838887586,0.19933299126204262,133971.5026294698,-101.1861532487352,133870.31647622105,4181,66,975.7209302325581,40,3,16,32.974624521448895,0.6528645833333333,41.18394308943089,1035.2642276422757,25.881605691056894,0
4650,4,1,1,43,0.022727272727272728,0.022727272727272728,0.9772727272727273,44,1050,600,450,0.5714285714285714,15,6,9,310.1241291948228,0.7980091613812544,0.060213673353931574,0.19619906295820244,134216.47775140134,-475.2463427500815,133741.23140865125,4182,0,954.5227272727273,41,3,16,32.91357507579382,0.653709349593496,40.947420634920626,1036.2103174603162,25.273422377080884,0
4651,4,0,0,43,0.0,0.0,1.0,43,1250,1000,250,0.8,15,10,5,328.81374770948145,0.7924972314507198,0.08067856790610484,0.19975090401596354,132711.95969867468,127.91918714146209,132839.87888581614,4183,68,977.7209302325581,40,3,17,33.933326758062925,0.6403645833333333,42.40345528455284,1030.386178861788,25.7596544715447,3
4652,4,2,1,44,0.044444444444444446,0.022222222222222223,0.9777777777777777,45,700,500,200,0.7142857142857143,9,5,4,328.2391710548668,0.8042929292929293,0.12368691844553958,0.2009425564660371,133000.07952442317,-209.54582259238543,132790.53370183078,4184,0,935.2222222222222,40,5,21,33.65948275862067,0.6432291666666667,42.12398373983739,1031.5040650406495,25.787601626016237,7
4653,4,0,0,44,0.0,0.0,1.0,44,1300,600,700,0.46153846153846156,20,6,14,332.45763012569023,0.7994406272022552,0.11799860408305762,0.2030227070088959,132907.71620008658,37.23687065970228,132944.95307074627,4185,1,957.4772727272727,39,5,21,33.64323416506717,0.6439636752136753,42.21354166666666,1031.1458333333314,26.439636752136703,0
4654,4,0,0,44,0.0,0.0,1.0,44,1250,1000,250,0.8,15,10,5,333.691913737867,0.7985817477096547,0.11721690751179792,0.20421615141114688,132988.2866753471,75.4231770833274,133063.70985243042,4186,2,958.4772727272727,39,5,22,33.530684036894904,0.6447649572649572,42.135416666666664,1031.4583333333326,26.447649572649553,0
4655,4,1,1,44,0.022222222222222223,0.022222222222222223,0.9777777777777777,45,1350,1000,350,0.7407407407407407,17,10,7,323.60693471386946,0.80239898989899,0.11671478565179383,0.19950524615855056,133262.2777447286,-375.08055720801644,132887.1971875206,4187,0,938.1555555555556,40,5,22,33.51665026246718,0.6458333333333334,41.86991869918699,1032.5203252032516,25.81300813008129,0
4656,4,0,1,43,0.0,0.022727272727272728,0.9772727272727273,44,1400,1000,400,0.7142857142857143,18,10,8,329.5382062957186,0.7977448907681466,0.1103794530225044,0.2026936118053556,133176.3793945314,-22.658962673596875,133153.7204318578,4188,4,960.4772727272727,39,5,23,33.449494567228456,0.6466346153846153,41.95312500000001,1032.1875000000011,26.46634615384618,0
4657,4,0,0,43,0.0,0.0,1.0,43,550,400,150,0.7272727272727273,7,4,3,330.8418241887748,0.7977574750830565,0.11067223360487422,0.20349544605130776,133176.37939453122,212.0632595486108,133388.44265407984,4189,5,969.8604651162791,39,4,23,33.415855114878745,0.6466346153846154,41.953125,1032.1874999999998,26.46634615384615,0
4658,4,0,0,43,0.0,0.0,1.0,43,1000,800,200,0.8,12,8,4,333.21990493119847,0.7966500553709855,0.116670850351547,0.20555127054032202,133283.92062717027,282.5710720486305,133566.4916992189,4190,6,970.8604651162791,39,4,23,33.246851777127695,0.6477029914529915,41.84895833333334,1032.6041666666679,26.477029914529947,0
4659,4,0,0,43,0.0,0.0,1.0,43,1650,1100,550,0.6666666666666666,22,11,11,340.3210519773194,0.7943890734588409,0.11812645871503835,0.21116472576036913,133501.3153990139,487.0603824104982,133988.3757814244,4191,7,971.8604651162791,36,7,23,32.84592822636301,0.6553819444444444,41.638513513513516,1033.4459459459463,28.706831831831842,0
4660,4,0,0,43,0.0,0.0,1.0,43,900,700,200,0.7777777777777778,11,7,4,340.4925162120126,0.7948504983388704,0.12091097518332505,0.2114370983622365,133530.41174620582,493.2211772583538,134023.63292346417,4192,8,972.8604651162791,36,7,23,32.81238650395874,0.6556712962962963,41.61036036036037,1033.5585585585598,28.709959959959992,0
4661,4,0,0,43,0.0,0.0,1.0,43,1200,800,400,0.6666666666666666,16,8,8,338.48934309885607,0.7939276485788114,0.11911069686393483,0.2108554374717569,133646.82883897406,447.60546018991437,134094.434299164,4193,9,973.8604651162791,36,7,23,32.74772199230378,0.6568287037037037,41.497747747747745,1034.0090090090087,28.72247247247246,0
4662,4,0,0,43,0.0,0.0,1.0,43,1150,800,350,0.6956521739130435,15,8,7,340.7891200328102,0.7919896640826873,0.12089984934992604,0.21279048725366176,133734.17494775183,515.0303597516522,134249.2053075035,4194,10,974.8604651162791,36,7,20,32.600934494647085,0.6576967592592593,41.41328828828829,1034.346846846847,28.73185685685686,0
4663,4,0,0,43,0.0,0.0,1.0,43,1000,800,200,0.8,12,8,4,342.75190823778905,0.7915743816906607,0.12734133582367257,0.2146930664483327,133850.68081172372,575.5152534290942,134426.19606515282,4195,11,975.8604651162791,36,7,20,32.43370696847682,0.6588541666666667,41.30067567567567,1034.7972972972962,28.744369369369338,0
4664,4,0,0,43,0.0,0.0,1.0,43,1400,1100,300,0.7857142857142857,17,11,6,340.7472748346364,0.7904669619785899,0.12984927197798823,0.21403825826439124,133954.19894823394,528.9056488534803,134483.10459708743,4196,12,976.8604651162791,37,6,20,32.38214083960032,0.6579391891891893,41.200657894736835,1035.1973684210516,27.978307254623015,0
4665,4,1,1,43,0.022727272727272728,0.022727272727272728,0.9772727272727273,44,950,600,350,0.631578947368421,13,6,7,334.8300563290468,0.7935385835095138,0.131672914714152,0.21200075368092383,134246.13284388915,189.92804441521383,134436.06088830438,4197,0,955.6363636363636,38,6,21,32.24398625429553,0.6589912280701755,40.918803418803414,1036.3247863247855,27.27170490328383,0
4666,4,0,0,43,0.0,0.0,1.0,43,1100,700,400,0.6363636363636364,15,7,8,340.22316368180645,0.7885751199704688,0.13220959770001772,0.21486821192952588,134152.91243459526,528.3856571252695,134681.29809172053,4198,14,978.8604651162791,37,6,21,32.19729043183743,0.6599099099099099,41.00877192982456,1035.9649122807016,27.999051683262206,0
4667,4,0,0,43,0.0,0.0,1.0,43,1100,800,300,0.7272727272727273,14,8,6,339.63382554113707,0.7876984126984127,0.13424063727769475,0.21532921212879746,134294.94081111503,522.2208996999186,134817.16171081495,4199,15,979.8604651162791,37,6,21,32.07083730032796,0.6613175675675675,40.871710526315795,1036.5131578947373,28.0138691322902,0
4668,4,0,0,43,0.0,0.0,1.0,43,1200,1000,200,0.8333333333333334,14,10,4,336.93946304980074,0.7875138427464009,0.12479988983182166,0.21428624761681006,134408.61761551636,457.5134897276131,134866.13110524396,4200,16,980.8604651162791,37,6,22,32.027312220224886,0.6624436936936937,40.762061403508774,1036.9517543859652,28.02572309151257,0
4669,4,0,0,43,0.0,0.0,1.0,43,1200,800,400,0.6666666666666666,16,8,8,336.93004951533027,0.7869601328903654,0.12309703932007077,0.2151168777674803,134550.78125000012,466.84027777779204,135017.6215277779,4201,17,981.8604651162791,37,6,23,31.885876840696113,0.6638513513513513,40.62500000000001,1037.500000000001,28.040540540540565,0
4670,4,0,1,42,0.0,0.023255813953488372,0.9767441860465116,43,1400,1000,400,0.7142857142857143,18,10,8,334.54211921566883,0.7866371354743448,0.113619040211558,0.21465256147099784,134730.96305941363,414.636381172847,135145.59944058646,4202,18,982.8604651162791,35,8,24,31.76839464882944,0.6696428571428571,40.45138888888889,1038.1944444444448,29.662698412698422,0
4671,4,0,0,42,0.0,0.0,1.0,42,750,500,250,0.6666666666666666,10,5,5,335.28395370428706,0.7858110723964382,0.12117062607477225,0.21548478743802743,134791.0504543896,638.6552640603581,135429.70571844996,4203,19,1002.3809523809524,35,7,18,31.68932976668153,0.6702380952380952,40.39351851851852,1038.425925925926,29.669312169312175,0
4672,4,1,0,43,0.023255813953488372,0.0,1.0,43,650,400,250,0.6153846153846154,9,4,5,326.43200616026445,0.7936507936507936,0.12029147219654468,0.21180229886702187,135135.5932579539,222.5165621702813,135358.1098201242,4204,0,980.046511627907,36,7,20,31.576726596628042,0.6715856481481481,40.06193693693694,1039.7522522522524,28.88200700700701,0
4673,4,0,0,43,0.0,0.0,1.0,43,1200,800,400,0.6666666666666666,16,8,8,327.0289718747944,0.7936507936507936,0.11797113418675198,0.21270701297433808,135223.42443795144,244.3954934664422,135467.81993141788,4205,1,981.046511627907,36,7,21,31.473987656994368,0.6724537037037037,39.97747747747748,1040.09009009009,28.891391391391387,0
4674,4,0,0,43,0.0,0.0,1.0,43,650,300,350,0.46153846153846156,10,3,7,326.31251294517995,0.7928202288667404,0.11717023215535427,0.21258638889898265,135281.99440995057,228.84151042935537,135510.83592037993,4206,2,982.046511627907,36,7,21,31.43447355127372,0.6730324074074074,39.921171171171174,1040.315315315316,28.897647647647666,0
4675,4,0,0,43,0.0,0.0,1.0,43,1450,1100,350,0.7586206896551724,18,11,7,326.45467653252166,0.79328165374677,0.12006653865609063,0.21319912832770554,135369.87314595003,238.42563002192048,135608.29877597195,4207,3,983.046511627907,36,7,22,31.34355949933269,0.673900462962963,39.836711711711715,1040.6531531531532,28.907032032032035,0
4676,4,0,0,43,0.0,0.0,1.0,43,1200,900,300,0.75,15,9,6,326.8369570325804,0.7925895164267257,0.1272428124339613,0.21397173022727867,135457.78041555072,254.52175148121782,135712.30216703194,4208,4,984.046511627907,36,7,23,31.246394057406608,0.6747685185185186,39.752252252252255,1040.9909909909913,28.916416416416425,0
4677,4,0,0,43,0.0,0.0,1.0,43,850,300,550,0.35294117647058826,14,3,11,326.7329101635337,0.792266519010705,0.12367716050159117,0.2140783667230243,135487.08917955132,253.6181874442176,135740.70736699554,4209,5,985.046511627907,36,7,24,31.220028844420415,0.6750578703703705,39.72409909909911,1041.1036036036048,28.91954454454458,0
4678,4,0,0,43,0.0,0.0,1.0,43,950,500,450,0.5263157894736842,14,5,9,325.338902829943,0.7916205241786637,0.12346256583613835,0.21333925500465625,135516.40111395184,217.7514507751113,135734.15256472694,4210,6,986.046511627907,36,7,24,31.22724241113275,0.6753472222222222,39.69594594594595,1041.2162162162165,28.92267267267268,0
4679,4,0,0,43,0.0,0.0,1.0,43,850,700,150,0.8235294117647058,10,7,3,324.44684570347556,0.7918973791066815,0.127127424157077,0.21310258729160117,135575.03449395357,197.3784595406375,135772.4129534942,4211,7,987.046511627907,36,7,24,31.19232987312571,0.6759259259259258,39.63963963963965,1041.4414414414427,28.928928928928965,0
4680,4,0,0,43,0.0,0.0,1.0,43,1250,1100,150,0.88,14,11,3,328.27333685616964,0.7907899593946105,0.1274458901296467,0.21651610635282764,135724.1180796682,310.9345083752137,136035.0525880434,4212,8,988.046511627907,35,8,25,30.944893368877054,0.6794642857142856,39.49652777777778,1042.013888888889,29.7718253968254,0
4681,4,0,0,43,0.0,0.0,1.0,43,700,500,200,0.7142857142857143,9,5,4,328.34609663586036,0.7901439645625692,0.1294928352256881,0.21674693945082726,135754.27061899853,314.87697187927864,136069.1475908778,4213,9,989.046511627907,35,8,25,30.913112690656003,0.6797619047619048,39.46759259259259,1042.1296296296289,29.775132275132254,0
4682,4,0,0,43,0.0,0.0,1.0,43,400,200,200,0.5,6,2,4,328.40969034107485,0.7900055370985604,0.13191121211729961,0.21697206614243403,135784.4265073086,318.58429248111923,136103.01079978974,4214,10,990.046511627907,35,8,25,30.881570423838607,0.680059523809524,39.4386574074074,1042.2453703703688,29.77843915343911,0
4683,4,0,0,43,0.0,0.0,1.0,43,850,600,250,0.7058823529411765,11,6,5,328.828906730069,0.7899593946105574,0.13432962992607833,0.2176166027125446,135844.7483308685,333.93601573217035,136178.68434660067,4215,11,991.046511627907,35,8,25,30.81087394989082,0.6806547619047618,39.38078703703704,1042.476851851852,29.78505291005291,0
4684,4,0,0,43,0.0,0.0,1.0,43,900,700,200,0.7777777777777778,11,7,4,330.48869212705387,0.7896363971945367,0.13079943312501485,0.21908555021137793,135905.08355034716,383.0186631944407,136288.1022135416,4216,12,992.046511627907,35,8,18,30.707833832833835,0.68125,39.322916666666664,1042.708333333333,29.791666666666657,0
4685,4,0,0,43,0.0,0.0,1.0,43,1100,800,300,0.7272727272727273,14,8,6,330.8036129878876,0.7874215577703949,0.13433367216887415,0.22022627529341382,136055.9802061901,401.56196416325224,136457.54217035338,4217,13,993.046511627907,35,8,19,30.550162709858743,0.6827380952380951,39.17824074074075,1043.287037037038,29.80820105820109,0
4686,4,0,0,43,0.0,0.0,1.0,43,1250,700,550,0.56,18,7,11,329.0425137748455,0.7860372831303064,0.13656408114004548,0.21980039920159686,136176.75781250012,361.5885416666822,136538.3463541668,4218,14,994.046511627907,35,8,20,30.476546906187632,0.6839285714285713,39.06250000000001,1043.750000000001,29.821428571428598,0
4687,4,0,0,43,0.0,0.0,1.0,43,1250,900,350,0.72,16,9,7,330.57154561815554,0.7858527131782945,0.13266566447577022,0.221009990358054,136206.9605865271,405.22909700790694,136612.18968353502,4219,15,995.046511627907,35,8,20,30.406757031452127,0.6842261904761904,39.033564814814824,1043.8657407407422,29.824735449735492,0
4688,4,0,0,43,0.0,0.0,1.0,43,1050,900,150,0.8571428571428571,12,9,3,330.4151525832252,0.7858527131782945,0.13192473376075964,0.22128248637366585,136267.3761815203,404.9611786265699,136672.33736014686,4220,16,996.046511627907,35,8,20,30.351055869637527,0.6848214285714285,38.97569444444446,1044.097222222224,29.831349206349255,0
4689,4,0,0,43,0.0,0.0,1.0,43,800,400,400,0.5,12,4,8,329.51361256505527,0.7849760059062384,0.13237654754499673,0.2207550733889593,136279.62421881364,381.1982590699082,136660.82247788354,4221,17,997.046511627907,36,7,20,30.36247123957435,0.6828703703703702,38.96396396396398,1044.144144144146,29.004004004004052,0
4690,4,0,0,43,0.0,0.0,1.0,43,750,500,250,0.6666666666666666,10,5,5,329.1198970652136,0.7842377260981912,0.13231790802995103,0.22085802643869695,136338.4224596219,374.3375131888817,136712.7599728108,4222,18,998.046511627907,36,7,20,30.314589174034946,0.6834490740740741,38.907657657657666,1044.3693693693704,29.01026026026029,0
4691,4,0,0,43,0.0,0.0,1.0,43,900,500,400,0.5555555555555556,13,5,8,331.63952068157704,0.7836378737541528,0.12772025854830948,0.223477350210919,136485.4735436452,452.79540520252095,136938.26894884772,4223,19,999.046511627907,36,7,20,30.10336961597873,0.6848958333333333,38.7668918918919,1044.9324324324339,29.02590090090094,0
4692,4,0,0,43,0.0,0.0,1.0,43,1150,800,350,0.6956521739130435,15,8,7,332.0324905113159,0.7806386120339608,0.12972294586320343,0.22435123530129253,136581.28789539047,469.8850354299101,137051.17293082038,4224,20,1000.046511627907,38,5,20,29.998381711638057,0.6820175438596491,38.675213675213676,1045.2991452991455,27.507872244714356,0
4693,4,0,0,43,0.0,0.0,1.0,43,1200,900,300,0.75,15,9,6,331.57259057441667,0.7800387596899224,0.12491747301802048,0.22475740964055185,136693.6862521703,464.77593315974275,137158.46218533005,4225,21,1001.046511627907,39,4,20,29.899330112561017,0.6813568376068375,38.56770833333334,1045.729166666668,26.813568376068414,0
4694,4,0,0,43,0.0,0.0,1.0,43,1350,1200,150,0.8888888888888888,15,12,3,329.829233315602,0.7786083425618309,0.12204294613705091,0.22393668998796185,136750.36523009525,420.86176191503284,137171.22699201028,4226,22,1002.046511627907,36,7,20,29.88892477749067,0.6874999999999998,38.51351351351353,1045.9459459459483,29.05405405405412,0
4695,4,0,0,43,0.0,0.0,1.0,43,1050,800,250,0.7619047619047619,13,8,5,330.5489318618357,0.7778700627537837,0.12349034950051685,0.22499121801672692,136838.71952611426,446.3785153396991,137285.09804145395,4227,23,1003.046511627907,36,7,21,29.782854375201815,0.6883680555555554,38.42905405405407,1046.2837837837862,29.063438438438506,0
4696,4,0,0,43,0.0,0.0,1.0,43,950,400,550,0.42105263157894735,15,4,11,331.8224006741681,0.7767626430417128,0.12012250964613314,0.2264285897111398,136927.10235573442,487.09596420748517,137414.1983199419,4228,24,1004.046511627907,36,7,21,29.662282117495156,0.6892361111111109,38.34459459459461,1046.621621621624,29.072822822822886,0
4697,4,0,0,43,0.0,0.0,1.0,43,1200,1100,100,0.9166666666666666,13,11,2,329.3323534795046,0.7767165005537098,0.11753701948446538,0.2256788176128163,137074.47047977053,428.6115930119545,137503.08207278248,4229,25,1005.046511627907,36,7,16,29.582033910456317,0.6906828703703702,38.20382882882884,1047.1846846846863,29.08846346346351,0
4698,4,0,0,43,0.0,0.0,1.0,43,900,600,300,0.6666666666666666,12,6,6,332.92489145956904,0.7751937984496123,0.115839054366903,0.2287198921977044,137162.9293989939,532.990676487336,137695.92007548123,4230,26,1006.046511627907,36,7,16,29.40071131656275,0.6915509259259258,38.11936936936939,1047.522522522525,29.097847847847916,0
4699,4,0,0,43,0.0,0.0,1.0,43,1150,1000,150,0.8695652173913043,13,10,3,332.63899014847306,0.774547803617571,0.10877872611624184,0.22910479669367473,137251.4168518182,531.0345396071972,137782.45139142542,4231,27,1007.046511627907,36,7,16,29.320929607737764,0.6924189814814814,38.03490990990992,1047.8603603603617,29.10723223223227,0
4700,4,0,0,43,0.0,0.0,1.0,43,1050,700,350,0.6666666666666666,14,7,7,331.02250944659284,0.7729328165374677,0.10673491680797631,0.22846528287364484,137323.62511782476,491.44219856110453,137815.06731638586,4232,28,1008.046511627907,37,6,16,29.292093838267622,0.6911599099099099,37.96600877192983,1048.135964912281,28.32799905168327,0
4701,4,0,1,42,0.0,0.023255813953488372,0.9767441860465116,43,1250,900,350,0.72,16,9,7,330.77127195755884,0.7715023994093761,0.10467547878186645,0.22923887282623867,137467.3216759004,494.04816866730175,137961.3698445677,4233,29,1009.046511627907,37,6,18,29.15708211348111,0.6925675675675674,37.82894736842106,1048.6842105263167,28.342816500711262,0
4702,4,0,0,42,0.0,0.0,1.0,42,900,800,100,0.8888888888888888,10,8,2,338.2002651249881,0.7636953155245838,0.10532453582936929,0.23392603776475807,137398.95934786162,893.6728958688684,138292.63224373048,4234,50,1033.3809523809523,36,6,18,29.02971715001791,0.6938657407407407,37.89414414414416,1048.4234234234252,29.12287287287292,0
4703,4,0,0,42,0.0,0.0,1.0,42,1400,1000,400,0.7142857142857143,18,10,8,329.77246856444714,0.763550135501355,0.08713187581112147,0.22407616453738027,136778.26350415483,621.1411203446908,137399.40462449953,4235,51,1034.3809523809523,37,5,19,29.862858141160018,0.685810810810811,38.48684210526314,1046.052631578945,28.271692745376892,2
4704,4,0,0,42,0.0,0.0,1.0,42,1300,1100,200,0.8461538461538461,15,11,4,330.6272521685702,0.7603803716608595,0.09086624070388627,0.22594834477117648,136979.0599631616,657.8020400507689,137636.86200321236,4236,52,1035.3809523809523,37,5,17,29.642274187353788,0.6877815315315317,38.29495614035087,1046.8201754385952,28.292437174016086,0
4705,4,0,0,42,0.0,0.0,1.0,42,1100,800,300,0.7272727272727273,14,8,6,331.39374376181297,0.760283584978707,0.08828575418437201,0.22665812789668952,137007.75719452128,680.702716220362,137688.45991074166,4237,53,1036.3809523809523,37,5,17,29.59389400921659,0.6880630630630631,38.267543859649116,1046.9298245614025,28.295400663821688,0
4706,4,0,0,42,0.0,0.0,1.0,42,950,700,250,0.7368421052631579,12,7,5,329.9395848589683,0.760477158343012,0.09028276302145666,0.22640681857563688,137122.57617728526,648.4331717451463,137771.0093490304,4238,54,1037.3809523809523,37,5,17,29.518687185929654,0.6891891891891893,38.1578947368421,1047.368421052631,28.30725462304408,0
4707,4,0,0,42,0.0,0.0,1.0,42,1600,1300,300,0.8125,19,13,6,331.1332309762453,0.7605739450251645,0.09220552689940464,0.22778819452685548,137208.72197454984,686.873485110804,137895.59545966066,4239,55,1038.3809523809523,37,5,17,29.402472527472526,0.6900337837837838,38.07565789473684,1047.6973684210525,28.31614509246088,0
4708,4,0,0,42,0.0,0.0,1.0,42,1100,800,300,0.7272727272727273,14,8,6,330.88116123133807,0.7599690282617112,0.08924834060874276,0.2278026208016328,137237.4432517696,681.8569175130685,137919.30016928268,4240,56,1039.3809523809523,37,5,17,29.380755546253663,0.6903153153153154,38.04824561403508,1047.8070175438584,28.31910858226644,0
4709,4,0,0,42,0.0,0.0,1.0,42,1050,700,350,0.6666666666666666,14,7,7,343.3319544901426,0.7599690282617112,0.08707891974425053,0.22249694193581987,135091.68836805562,905.1618045937313,135996.85017264934,4241,57,1040.3809523809523,37,5,18,31.181112224448896,0.6692004504504503,40.10416666666667,1039.583333333334,28.096846846846862,5
4710,4,0,0,42,0.0,0.0,1.0,42,850,700,150,0.8235294117647058,10,7,3,344.8146770043645,0.7604045683313976,0.09023520847453348,0.22416499049941063,135205.70181450076,924.1820800631142,136129.88389456389,4242,58,1041.3809523809523,37,5,18,31.02914689861184,0.6703265765765765,39.99451754385966,1040.0219298245627,28.108700806069262,0
4711,4,0,1,41,0.0,0.023809523809523808,0.9761904761904762,42,1000,500,500,0.5,15,5,10,341.6657817931873,0.7599206349206349,0.08843071426062221,0.2228224469715161,135319.76335266646,846.8265475915931,136166.58990025806,4243,59,1042.3809523809523,37,5,18,30.997624442336743,0.6714527027027026,39.884868421052644,1040.4605263157914,28.12055476529166,0
4712,4,0,0,41,0.0,0.0,1.0,41,950,500,450,0.5263157894736842,14,5,9,346.6539641321481,0.7519308943089431,0.11125392933401268,0.22639076201732722,135369.87314595006,1185.3006300219192,136555.17377597198,4244,129,1067.3658536585365,36,5,18,30.818048191032723,0.6739004629629629,39.836711711711715,1040.6531531531534,28.90703203203204,0
4713,4,0,0,41,0.0,0.0,1.0,41,1300,800,500,0.6153846153846154,18,8,10,347.34355155418143,0.7510162601626016,0.10701206319722201,0.22739686902031547,135457.78041555072,1210.0773070367718,136667.85772258748,4245,130,1068.3658536585365,36,5,18,30.7127145535843,0.6747685185185185,39.752252252252255,1040.9909909909913,28.916416416416425,0
4714,4,0,0,41,0.0,0.0,1.0,41,550,400,150,0.7272727272727273,7,4,3,339.54368492530557,0.7510162601626016,0.12652828230410007,0.20671701025245287,132793.26331178827,817.9369260328738,133611.20023782115,4246,131,1069.3658536585365,37,4,18,33.57535460992907,0.6463963963963963,42.324561403508774,1030.7017543859652,27.85680417259365,7
4715,4,0,0,41,0.0,0.0,1.0,41,1050,700,350,0.6666666666666666,14,7,7,338.1287623711869,0.7508638211382114,0.11963537817196368,0.20663424367128067,132934.57031249985,789.8003472222088,133724.37065972207,4247,132,1070.3658536585365,37,4,18,33.470117845117855,0.6478040540540542,42.18749999999999,1031.2499999999989,27.871621621621593,0
4716,4,0,0,41,0.0,0.0,1.0,41,850,700,150,0.8235294117647058,10,7,3,338.6114999393899,0.7516260162601626,0.12117597948595638,0.20724257514182426,132991.11415291234,806.4641283856474,133797.578281298,4248,133,1071.3658536585365,37,4,19,33.40099128308706,0.6483671171171171,42.132675438596486,1031.4692982456133,27.877548601232792,0
4717,4,0,0,41,0.0,0.0,1.0,41,1500,1000,500,0.6666666666666666,20,10,10,339.7960509432184,0.7509654471544716,0.11972497155637796,0.20859886728158034,133104.2379025276,845.6588806170972,133949.89678314468,4249,134,1072.3658536585365,37,4,20,33.25707062657173,0.6494932432432433,42.023026315789465,1031.9078947368412,27.889402560455167,0
4718,4,0,0,41,0.0,0.0,1.0,41,850,600,250,0.7058823529411765,11,6,5,336.6022231504232,0.7511178861788618,0.12536300402834089,0.2072668365573075,133217.40974386342,768.2552564250458,133985.66500028846,4250,135,1073.3658536585365,37,4,20,33.22612409275978,0.6506193693693694,41.91337719298245,1032.3464912280697,27.90125651967756,0
4719,4,0,0,41,0.0,0.0,1.0,41,550,300,250,0.5454545454545454,8,3,5,336.6022231504232,0.7511178861788618,0.12536300402834089,0.2072668365573075,133217.40974386342,768.2552564250458,133985.66500028846,4251,136,1074.3658536585365,37,4,20,33.22612409275978,0.6506193693693694,41.91337719298245,1032.3464912280697,27.90125651967756,0
4720,4,0,0,41,0.0,0.0,1.0,41,950,400,550,0.42105263157894735,15,4,11,335.945468549348,0.750660569105691,0.12367117723853505,0.20701979920554067,133245.71021852875,752.6585103108589,133998.36872883962,4252,137,1075.3658536585365,37,4,20,33.21474086661001,0.6509009009009009,41.8859649122807,1032.456140350877,27.90422000948316,0
4721,4,0,0,41,0.0,0.0,1.0,41,1050,700,350,0.6666666666666666,14,7,7,338.2027751496297,0.7507621951219512,0.12805445733158072,0.2089077461579213,133334.25931633054,818.8033046606647,134153.0626209912,4253,138,1076.3658536585365,38,3,20,33.06782524740526,0.6499451754385965,41.80021367521367,1032.7991452991446,27.17892487629328,0
4722,4,0,1,40,0.0,0.024390243902439025,0.975609756097561,41,750,400,350,0.5333333333333333,11,4,7,337.8977252872117,0.7495426829268292,0.1282095911247665,0.2090296292899582,133389.4359179814,814.3973948060283,134203.83331278744,4254,139,1077.3658536585365,38,3,21,33.020477815699664,0.6504934210526316,41.74679487179486,1033.012820512819,27.184547908232076,0
4723,4,0,1,39,0.0,0.025,0.975,40,1250,900,350,0.72,16,9,7,342.56168725998924,0.7498664529914529,0.13592124814264506,0.21206414043124924,133415.57618690337,1140.6129770698299,134556.1891639732,4255,140,1101.25,37,3,21,32.87385905327954,0.6525900900900903,41.72149122807016,1033.114035087717,27.922000948316676,0
4724,4,0,0,39,0.0,0.0,1.0,39,1500,1200,300,0.8,18,12,6,352.96090994810265,0.7483693207377419,0.13411583874799127,0.21866416939728844,133443.1322158307,1620.0418746449152,135063.17409047563,4256,141,1103.4615384615386,36,3,22,32.577656675749324,0.6548032407407407,41.69481981981982,1033.2207207207207,28.700575575575574,0
4725,4,0,0,39,0.0,0.0,1.0,39,550,300,250,0.5454545454545454,8,3,5,347.24192572855077,0.7483693207377419,0.1352568427000631,0.20952304528017152,132457.56842635456,1403.5422853252373,133861.1107116798,4257,142,1104.4615384615386,35,4,22,33.71420808035379,0.6470238095238094,42.65046296296296,1029.3981481481478,29.41137566137565,2
4726,4,0,0,39,0.0,0.0,1.0,39,850,600,250,0.7058823529411765,11,6,5,345.4089397730227,0.7479757085020243,0.13716532474051912,0.20872927536977823,132513.9259825704,1354.2989357600832,133868.22491833047,4258,143,1105.4615384615386,36,3,22,33.704746800831245,0.6455439814814815,42.59572072072072,1029.6171171171168,28.600475475475466,0
4727,4,0,0,39,0.0,0.0,1.0,39,1100,1000,100,0.9090909090909091,12,10,2,343.9028108039641,0.7482568600989654,0.13042198811135308,0.20878346490016392,132687.90486009672,1326.3486882152545,134014.25354831197,4259,144,1106.4615384615386,36,3,20,33.56878711698912,0.6472800925925926,42.42680180180181,1030.2927927927938,28.61924424424427,0
4728,4,0,0,39,0.0,0.0,1.0,39,1050,900,150,0.8571428571428571,12,9,3,342.67336530664625,0.7502249212775529,0.12484384015954886,0.20884367416891103,132832.9744440388,1303.6644752861132,134136.6389193249,4260,145,1107.4615384615386,36,3,21,33.45486490423129,0.6487268518518519,42.286036036036045,1030.855855855857,28.63488488488492,0
4729,4,0,0,39,0.0,0.0,1.0,39,900,600,300,0.6666666666666666,12,6,6,340.521991666397,0.7506185335132703,0.11930343327088955,0.20801600251428953,132920.05423920558,1252.440320387971,134172.49455959356,4261,146,1108.4615384615386,36,3,22,33.42297331731645,0.6495949074074073,42.201576576576585,1031.193693693695,28.644269269269305,0
4730,4,0,1,38,0.0,0.02564102564102564,0.9743589743589743,39,800,500,300,0.625,11,5,6,340.5759604582822,0.751293297345929,0.11882590356556078,0.20869674740858365,133036.20501836314,1261.7866599708072,134297.99167833396,4262,147,1109.4615384615386,36,3,22,33.305134082887605,0.6507523148148147,42.08896396396398,1031.6441441441457,28.656781781781824,0
4731,4,0,0,38,0.0,0.0,1.0,38,1100,900,200,0.8181818181818182,13,9,4,366.6636691032578,0.7491998577524893,0.1449223416965355,0.21582102042153758,131516.61169982678,2054.47212078695,133571.08382061374,4263,148,1132.8684210526317,33,5,19,34.1636798088411,0.6420454545454546,43.566176470588225,1025.7352941176455,31.082887700534712,5
4732,4,0,0,38,0.0,0.0,1.0,38,1250,1000,250,0.8,15,10,5,368.3213403662969,0.7476292081555239,0.14661294985732742,0.21751219352802334,131642.34459102273,2097.3369617454864,133739.68155276822,4264,149,1133.8684210526317,33,5,14,33.994108749303415,0.6433080808080808,43.443627450980394,1026.2254901960787,31.0977421271539,0
4733,4,0,0,38,0.0,0.0,1.0,38,1150,700,450,0.6086956521739131,16,7,9,375.281196449054,0.7482515410146989,0.14846654275092908,0.21945791705390336,131267.12018140592,2252.416383219956,133519.5365646259,4265,150,1134.8684210526317,34,4,18,34.195176967162325,0.6372549019607843,43.80952380952381,1024.7619047619048,30.140056022408967,6
4734,4,0,0,38,0.0,0.0,1.0,38,1600,1300,300,0.8125,19,13,6,378.08182959878405,0.7470957799905168,0.148908857509628,0.221447928765002,131328.12499999997,2330.5839002267576,133658.70890022672,4266,151,1135.8684210526317,32,6,18,34.06165311653117,0.642578125,43.75,1024.9999999999998,32.03124999999999,0
4735,4,0,0,38,0.0,0.0,1.0,38,700,500,200,0.7142857142857143,9,5,4,379.00774576528426,0.7467401612138455,0.14427999326066954,0.2227424682420867,131457.57607642072,2364.6879144985132,133822.26399091922,4267,152,1136.8684210526317,32,6,18,33.90687843716654,0.6438802083333334,43.62373737373737,1025.5050505050501,32.047032828282816,0
4736,4,0,0,38,0.0,0.0,1.0,38,950,800,150,0.8421052631578947,11,8,3,381.07310589621164,0.746354907539118,0.15219643597181887,0.22509899743636705,131651.87225793296,2433.7975716763704,134085.66982960934,4268,153,1137.8684210526317,32,6,14,33.65731627296587,0.6458333333333333,43.43434343434344,1026.262626262627,32.070707070707094,0
4737,4,0,0,38,0.0,0.0,1.0,38,800,700,100,0.875,9,7,2,379.4230519046562,0.7465030820293979,0.15275098193244308,0.22425321522240596,131673.78720023535,2392.014039071498,134065.80123930686,4269,154,1138.8684210526317,33,5,14,33.677487562189064,0.6436237373737375,43.412990196078425,1026.3480392156853,31.101455733808645,0
4738,4,0,0,38,0.0,0.0,1.0,38,1300,900,400,0.6923076923076923,17,9,8,381.3446771805863,0.7459400189663348,0.15428251938033144,0.22594806969016645,131768.13755526725,2449.815575740098,134217.95313100735,4270,155,1139.8684210526317,33,5,15,33.5327643829076,0.6445707070707071,43.32107843137255,1026.71568627451,31.11259655377303,0
4739,4,1,1,38,0.02564102564102564,0.02564102564102564,0.9743589743589743,39,1350,600,750,0.4444444444444444,21,6,15,371.36596055514974,0.7532613585245165,0.15065835065835076,0.22162162162162158,132040.8950617283,2007.098765432087,134047.9938271604,4271,0,1111.6153846153845,35,4,15,33.51351351351351,0.6428571428571428,43.05555555555555,1027.7777777777771,29.365079365079346,0
4740,4,0,1,37,0.0,0.02631578947368421,0.9736842105263158,38,600,300,300,0.5,9,3,6,380.69387998106026,0.7445175438596491,0.15153234267867122,0.22621396669948945,131877.80612244888,2441.014739229013,134318.8208616779,4272,157,1141.8684210526317,34,4,15,33.438610724772055,0.6433823529411765,43.21428571428571,1027.1428571428564,30.210084033613423,0
4741,4,0,0,37,0.0,0.0,1.0,37,950,800,150,0.8421052631578947,11,8,3,369.7784942783002,0.7417417417417418,0.10182724734029724,0.22147118811486177,132177.37956855522,2375.270478902329,134552.65004745754,4273,158,1130.027027027027,33,4,16,33.416631907202174,0.6486742424242424,42.92279411764705,1028.3088235294106,31.16087344028517,2
4742,4,0,0,37,0.0,0.0,1.0,37,1050,700,350,0.6666666666666666,14,7,7,367.9652761346858,0.74242992992993,0.09778664906717327,0.2211215814710581,132303.42784325712,2336.613471981896,134640.041315239,4274,159,1131.027027027027,33,4,18,33.33618721461186,0.6499368686868688,42.8002450980392,1028.799019607841,31.175727866904275,0
4743,4,0,0,37,0.0,0.0,1.0,37,800,700,100,0.875,9,7,2,367.6516483608772,0.74242992992993,0.10049830678701577,0.22111771057578228,132334.94929834662,2330.632449058034,134665.58174740465,4275,160,1132.027027027027,33,4,19,33.31249007463872,0.6502525252525254,42.769607843137244,1028.9215686274497,31.17944147355908,0
4744,4,0,0,37,0.0,0.0,1.0,37,950,700,250,0.7368421052631579,12,7,5,366.6672130341426,0.7416791791791791,0.10198052303315475,0.2208946380961783,132398.00347222196,2309.201388888852,134707.2048611108,4276,161,1133.027027027027,33,4,19,33.274291497975696,0.6508838383838386,42.708333333333314,1029.1666666666645,31.18686868686862,0
4745,4,0,0,37,0.0,0.0,1.0,37,1000,600,400,0.6,14,6,8,363.9270209238788,0.7391766766766766,0.1005680758120655,0.21997948415844773,132524.15687475938,2245.8243223759673,134769.98119713535,4277,162,1134.027027027027,33,4,19,33.217785447909215,0.6521464646464649,42.58578431372547,1029.6568627450954,31.201723113487738,0
4746,4,0,0,37,0.0,0.0,1.0,37,600,300,300,0.5,9,3,6,362.4256970069304,0.7386761761761762,0.10541344437834654,0.2196242237450069,132618.81134960084,2212.893027921922,134831.70437752278,4278,163,1135.027027027027,33,4,19,33.1611887765219,0.6530934343434345,42.49387254901959,1030.0245098039195,31.212863933452105,0
4747,4,0,0,37,0.0,0.0,1.0,37,850,400,450,0.47058823529411764,13,4,9,362.5758689285212,0.7378003003003003,0.10842316087944748,0.22008486137776673,132681.9331056561,2221.4534373798065,134903.3865430359,4279,164,1136.027027027027,33,4,16,33.09382558185638,0.6537247474747476,42.43259803921566,1030.2696078431343,31.220291146761646,0
4748,4,0,0,37,0.0,0.0,1.0,37,800,600,200,0.75,10,6,4,363.99411290540786,0.7378003003003003,0.11296133807728537,0.22131789554747433,132745.06987997374,2263.6847907054625,135008.75467067922,4280,165,1137.027027027027,33,4,16,32.99379137432116,0.6543560606060608,42.37132352941175,1030.5147058823507,31.227718360071233,0
4749,4,0,0,37,0.0,0.0,1.0,37,900,700,200,0.7777777777777778,11,7,4,361.9605531486055,0.7378003003003003,0.10971456477875896,0.2206385632671061,132839.80320069173,2216.5537293348325,135056.35693002658,4281,166,1138.027027027027,33,4,16,32.95094309716277,0.6553030303030305,42.27941176470586,1030.882352941174,31.23885918003558,0
4750,4,0,0,37,0.0,0.0,1.0,37,750,600,150,0.8,9,6,3,363.6050005285657,0.7377377377377378,0.11621557378628955,0.2220154190455258,132902.9775206648,2264.837442329832,135167.81496299463,4282,167,1139.027027027027,33,4,16,32.84505982093337,0.6559343434343436,42.21813725490194,1031.1274509803895,31.246286393345137,0
4751,4,0,0,37,0.0,0.0,1.0,37,950,800,150,0.8421052631578947,11,8,3,363.6050005285657,0.7377377377377378,0.11621557378628955,0.2220154190455258,132902.9775206648,2264.837442329832,135167.81496299463,4283,168,1140.027027027027,33,4,16,32.84505982093337,0.6559343434343436,42.21813725490194,1031.1274509803895,31.246286393345137,0
4752,4,0,0,37,0.0,0.0,1.0,37,900,700,200,0.7777777777777778,11,7,4,362.3826679811947,0.7370495495495496,0.11513476071314899,0.22136520945367424,132919.22477324225,2233.5246598638964,135152.74943310616,4284,169,1141.027027027027,34,3,16,32.86024205341335,0.6537990196078434,42.20238095238093,1031.1904761904732,30.329131652660976,0
4753,4,0,0,37,0.0,0.0,1.0,37,950,500,450,0.5263157894736842,14,5,9,361.7067821311905,0.7369244244244244,0.11250604326195823,0.22149747471143183,133011.31129535116,2222.2186791382856,135233.52997448944,4285,170,1142.027027027027,34,3,17,32.785150990575104,0.6547181372549021,42.11309523809522,1031.5476190476165,30.33963585434166,0
4754,4,0,0,37,0.0,0.0,1.0,37,1000,700,300,0.7,13,7,6,363.38312679589285,0.7371746746746747,0.11301020646815041,0.22289041471620652,133072.72002550992,2271.276218820824,135343.99624433074,4286,171,1143.027027027027,34,3,17,32.680233452559506,0.6553308823529413,42.05357142857141,1031.785714285712,30.346638655462115,0
4755,4,0,0,37,0.0,0.0,1.0,37,800,600,200,0.75,10,6,4,362.37999981938214,0.7378628628628628,0.11030867102831143,0.22300901195414183,133195.58000283423,2253.4828514738965,135449.06285430814,4287,172,1144.027027027027,34,3,18,32.58274708799446,0.6565563725490198,41.934523809523796,1032.261904761903,30.36064425770303,0
4756,4,0,0,37,0.0,0.0,1.0,37,800,600,200,0.75,10,6,4,364.4810603858518,0.7369244244244244,0.10935431108341764,0.22504435578984056,133318.49666950092,2318.413407029448,135636.91007653036,4288,173,1145.027027027027,34,3,18,32.40513928914504,0.6577818627450982,41.815476190476176,1032.7380952380934,30.374649859943922,0
4757,4,0,0,37,0.0,0.0,1.0,37,1100,900,200,0.8181818181818182,13,9,4,355.6278376708154,0.7367992992992993,0.09855003610063173,0.21459273638098653,132459.27047902474,2021.2407879818343,134480.51126700657,4289,174,1146.027027027027,34,3,21,33.496684784703746,0.6492034313725491,42.64880952380951,1029.4047619047603,30.27661064425766,4
4758,4,0,0,37,0.0,0.0,1.0,37,750,500,250,0.6666666666666666,10,5,5,355.3682049460708,0.7360485485485485,0.09796477018121186,0.2147854370774676,132520.55165816302,2018.7181122448708,134539.2697704079,4290,175,1147.027027027027,34,3,21,33.4417273673257,0.6498161764705884,42.5892857142857,1029.6428571428553,30.283613445378098,0
4759,4,0,0,37,0.0,0.0,1.0,37,1400,1100,300,0.7857142857142857,17,11,6,352.26941097394183,0.7370495495495496,0.09502434224313094,0.2133999651638601,132606.53941883123,1942.645506472882,134549.18492530411,4291,176,1148.027027027027,35,2,21,33.43505356407086,0.6485119047619048,42.505787037037024,1029.9768518518501,29.427910052910004,0
4760,4,0,0,37,0.0,0.0,1.0,37,650,400,250,0.6153846153846154,9,4,5,351.6747885368011,0.7356106106106106,0.09178256908593996,0.21320882956250176,132636.3436642659,1928.9716220850248,134565.31528635093,4292,177,1149.027027027027,35,2,19,33.42041198501873,0.648809523809524,42.47685185185184,1030.092592592591,29.431216931216888,0
4761,4,0,0,37,0.0,0.0,1.0,37,1050,800,250,0.7619047619047619,13,8,5,351.49410422766516,0.7352352352352353,0.09127995920448795,0.21377756175157944,132755.59413580215,1932.5617283950244,134688.15586419718,4293,178,1150.027027027027,35,2,20,33.30525606469002,0.6500000000000001,42.36111111111109,1030.555555555553,29.44444444444437,0
4762,4,1,0,38,0.02631578947368421,0.0,1.0,38,650,300,350,0.46153846153846156,10,3,7,343.8392669857554,0.7486071597913704,0.09183521029648323,0.2105325993041122,133007.16256797328,1546.6170562454224,134553.7796242187,4294,0,1120.7368421052631,36,2,21,33.25009097525472,0.650462962962963,42.11711711711711,1031.5315315315308,28.653653653653635,0
4763,4,0,0,38,0.0,0.0,1.0,38,1300,1100,200,0.8461538461538461,15,11,4,344.07053328249833,0.7496147463252727,0.09400465156344184,0.2114960722692218,133152.40652392252,1562.7639041068012,134715.17042802932,4295,1,1121.7368421052631,36,2,21,33.098517912347695,0.6519097222222223,41.97635135135135,1032.0945945945941,28.669294294294282,0
4764,4,0,0,38,0.0,0.0,1.0,38,1100,1000,100,0.9090909090909091,12,10,2,341.05398844315937,0.7486664295874822,0.08908802919959391,0.21062667528701765,133326.8038942658,1494.3276469036516,134821.13154116945,4296,2,1122.7368421052631,36,2,21,33.00167193690256,0.6536458333333335,41.80743243243243,1032.7702702702695,28.68806306306304,0
4765,4,0,0,38,0.0,0.0,1.0,38,1050,800,250,0.7619047619047619,13,8,5,340.6288389035136,0.7489924134660977,0.08752610921110016,0.2105288214570771,133355.8812190568,1484.9717961204315,134840.85301517724,4297,3,1123.7368421052631,36,2,21,32.983536851286516,0.6539351851851853,41.77927927927927,1032.882882882882,28.69119119119117,0
4766,4,0,1,37,0.0,0.02631578947368421,0.9736842105263158,38,1350,900,450,0.6666666666666666,18,9,9,337.956744986101,0.7479255571360834,0.08330779927876142,0.21021097814873627,133591.8477794924,1429.7039328492615,135021.55171234166,4298,4,1124.7368421052631,35,3,21,32.81646514405136,0.6583333333333334,41.550925925925924,1033.7962962962958,29.537037037037024,0
4767,4,0,0,37,0.0,0.0,1.0,37,1050,1000,50,0.9523809523809523,11,10,1,338.5937210016946,0.7458083083083084,0.06630195149832607,0.2114613616067187,133741.455078125,1656.8033854166667,135398.25846354166,4299,5,1115.7567567567567,35,2,18,32.65042799597181,0.6598214285714286,41.40625,1034.375,29.553571428571427,0
4768,4,0,0,37,0.0,0.0,1.0,37,750,400,350,0.5333333333333333,11,4,7,336.0749515787578,0.7453078078078078,0.05811717758026491,0.2103998646438442,133831.25964506168,1595.4668209876515,135426.72646604932,4300,6,1116.7567567567567,35,2,18,32.625838926174495,0.6607142857142857,41.31944444444444,1034.722222222222,29.563492063492056,0
4769,4,0,0,37,0.0,0.0,1.0,37,800,600,200,0.75,10,6,4,337.37687058141165,0.7456831831831832,0.06057052355419579,0.21155848364228513,133891.14610125188,1634.3551740397995,135525.5012752917,4301,7,1117.7567567567567,35,2,19,32.53233803026914,0.6613095238095237,41.26157407407408,1034.953703703705,29.57010582010586,0
4770,4,0,0,37,0.0,0.0,1.0,37,750,500,250,0.6666666666666666,10,5,5,336.990508732797,0.7441816816816816,0.06392216699651043,0.21183275478670913,133981.00090288505,1630.065130958521,135611.06603384356,4302,8,1118.7567567567567,35,2,19,32.452603875535694,0.6622023809523809,41.174768518518526,1035.3009259259268,29.58002645502648,0
4771,4,1,0,38,0.02631578947368421,0.0,1.0,38,800,600,200,0.75,10,6,4,330.1372473582052,0.7489331436699858,0.07252567533566667,0.20926881712706066,134288.0295836377,1266.6960879798735,135554.72567161758,4303,0,1090.2894736842106,36,2,20,32.323808489062735,0.6631944444444444,40.87837837837838,1036.4864864864865,28.79129129129129,0
4772,4,0,0,38,0.0,0.0,1.0,38,1250,1100,150,0.88,14,11,3,334.1690377613524,0.7489924134660977,0.08304956921178319,0.21318318392365496,134521.5739388037,1390.5889842545298,135912.16292305823,4304,1,1091.2894736842106,36,2,22,31.986584527428008,0.6655092592592593,40.653153153153156,1037.3873873873874,28.816316316316318,0
4773,4,0,0,38,0.0,0.0,1.0,38,700,500,200,0.7142857142857143,9,5,4,335.6397477460041,0.7494369369369369,0.08169520186007162,0.21429306971475645,134550.78125,1432.118055555556,135982.89930555556,4305,2,1092.2894736842106,36,2,22,31.919344042838006,0.6657986111111112,40.625,1037.5,28.819444444444443,0
4774,4,0,0,38,0.0,0.0,1.0,38,950,500,450,0.5263157894736842,14,5,9,334.47158132646905,0.748162636320531,0.08549063045985572,0.21440605261942916,134696.8653619836,1410.4547114682296,136107.32007345182,4306,3,1093.2894736842106,36,2,22,31.804169378751723,0.6672453703703705,40.484234234234236,1038.063063063063,28.835085085085083,0
4775,4,0,0,38,0.0,0.0,1.0,38,1000,800,200,0.8,12,8,4,333.10496374475946,0.7479255571360834,0.08405069071811866,0.2138737998416909,134755.32119957788,1377.533276519757,136132.85447609765,4307,4,1094.2894736842106,36,2,23,31.781453362255967,0.6678240740740742,40.427927927927925,1038.2882882882877,28.841341341341327,0
4776,4,0,0,38,0.0,0.0,1.0,38,700,500,200,0.7142857142857143,9,5,4,332.8424510440353,0.7480440967283073,0.0896174738668003,0.2143951653931691,134872.27091956825,1378.2434461488554,136250.5143657171,4308,5,1095.2894736842106,36,2,18,31.671906620410518,0.6689814814814814,40.31531531531532,1038.7387387387391,28.853853853853863,0
4777,4,0,0,38,0.0,0.0,1.0,38,950,500,450,0.5263157894736842,14,5,9,333.8806266111443,0.747599573257468,0.08678647839109987,0.21523751086567472,134901.51627556607,1408.2005569758935,136309.71683254198,4309,6,1096.2894736842106,36,2,18,31.615853658536576,0.6692708333333334,40.28716216216216,1038.8513513513512,28.856981981981978,0
4778,4,1,0,39,0.02564102564102564,0.0,1.0,39,700,400,300,0.5714285714285714,10,4,6,328.1220049191227,0.7513495276653172,0.09644377762458944,0.21331303746798372,135205.70181450076,1072.7931911742253,136278.49500567498,4310,0,1069.1538461538462,37,2,19,31.46316552451239,0.6703265765765765,39.99451754385966,1040.0219298245627,28.108700806069262,0
4779,4,0,0,39,0.0,0.0,1.0,39,1100,1000,100,0.9090909090909091,12,10,2,328.81742197321955,0.752080521817364,0.09585046203576808,0.21410369816471758,135262.7265721184,1095.3482081025004,136358.07478022092,4311,1,1070.1538461538462,37,2,19,31.38845701134887,0.6708896396396395,39.939692982456144,1040.241228070176,28.114627785680433,0
4780,4,0,0,39,0.0,0.0,1.0,39,750,600,150,0.8,9,6,3,330.43979983323396,0.75314889788574,0.09381983457228493,0.2155012550252616,135319.7633526662,1143.0071031471198,136462.77045581333,4312,2,1071.1538461538462,37,2,20,31.289629219798357,0.6714527027027027,39.88486842105263,1040.4605263157894,28.120554765291605,0
4781,4,0,1,38,0.0,0.02564102564102564,0.9743589743589743,39,950,600,350,0.631578947368421,13,6,7,328.09031007309875,0.7523054430949168,0.08648917264885259,0.2148199588851034,135462.40790435515,1088.7806825176904,136551.18858687283,4313,3,1072.1538461538462,37,2,20,31.20918474826206,0.6728603603603605,39.747807017543856,1041.0087719298242,28.135372214319574,0
4782,4,0,1,37,0.0,0.02631578947368421,0.9736842105263158,38,1000,800,200,0.8,12,8,4,330.4574790488863,0.753615457562826,0.08607651878804412,0.21616549744153282,135428.47482195043,1350.6704762194736,136779.1452981699,4314,4,1095.8684210526317,36,2,20,31.181254282520104,0.6744791666666666,39.78040540540541,1040.8783783783792,28.913288288288314,0
4783,4,0,0,37,0.0,0.0,1.0,37,1100,900,200,0.8181818181818182,13,9,4,331.48989101543316,0.751001001001001,0.10272491349480939,0.21772858750786409,135575.03449395343,1588.3506817628445,137163.38517571628,4315,5,1117.4324324324325,36,1,21,31.008956891580148,0.6759259259259259,39.63963963963964,1041.4414414414416,28.928928928928933,0
4784,4,0,0,37,0.0,0.0,1.0,37,750,600,150,0.8,9,6,3,330.70922179569305,0.7499374374374375,0.10249756730457338,0.21739371658765935,135604.35593955452,1569.1222049752562,137173.47814452977,4316,6,1118.4324324324325,36,1,21,31.00019821962733,0.6762152777777778,39.61148648648649,1041.5540540540549,28.93205705705708,0
4785,4,0,0,37,0.0,0.0,1.0,37,1000,700,300,0.7,13,7,6,329.2755060823718,0.7491866866866866,0.09878945092952884,0.21698411554658864,135692.33929875828,1536.0327388199107,137228.3720375782,4317,7,1119.4324324324325,36,1,21,30.95029002738146,0.6770833333333334,39.52702702702703,1041.8918918918923,28.941441441441455,0
4786,4,0,0,37,0.0,0.0,1.0,37,1000,600,400,0.6,14,6,8,329.159987046642,0.7488738738738738,0.10242005185825431,0.2176217742931226,135809.69482996498,1540.6234782079275,137350.31830817292,4318,8,1120.4324324324325,36,1,22,30.83697961682513,0.6782407407407408,39.41441441441441,1042.3423423423415,28.953953953953928,0
4787,4,0,0,37,0.0,0.0,1.0,37,400,200,200,0.5,6,2,4,327.67112384020595,0.7480605605605606,0.0985200388894889,0.21681569645380885,135839.04163876714,1502.106287030273,137341.1479257974,4319,9,1121.4324324324325,36,1,22,30.84670159518922,0.6785300925925927,39.38626126126126,1042.454954954955,28.95708208208208,0
4788,4,0,1,36,0.0,0.02702702702702703,0.972972972972973,37,600,400,200,0.6666666666666666,8,4,4,330.4175160818533,0.7469344344344344,0.10497893941030356,0.2189932556479513,135897.74476757165,1580.599053445341,137478.34382101698,4320,10,1122.4324324324325,36,1,18,30.716960074882095,0.6791087962962963,39.32995495495496,1042.6801801801803,28.963338338338342,0
4789,4,0,1,35,0.0,0.027777777777777776,0.9722222222222222,36,800,500,300,0.625,11,5,6,337.0926155825053,0.746494708994709,0.10790954178695666,0.22289692334332176,135814.58574459876,1956.4187885802455,137771.00453317902,4321,11,1138.3055555555557,35,1,22,30.625416389073944,0.6803571428571429,39.40972222222222,1042.361111111111,29.78174603174603,0
4790,4,0,0,35,0.0,0.0,1.0,35,550,300,250,0.5454545454545454,8,3,5,343.4212839460915,0.7468487394957982,0.09979603491882227,0.2269172332790966,135788.73476473923,2326.5483276644004,138115.28309240364,4322,12,1119.9142857142858,34,1,22,30.48615077098802,0.6822916666666666,39.43452380952381,1042.2619047619048,30.654761904761905,0
4791,4,0,0,35,0.0,0.0,1.0,35,950,800,150,0.8421052631578947,11,8,3,341.0657243701293,0.7449579831932772,0.08830753673772307,0.22614645569704492,135912.84190759636,2271.0423752834454,138183.8842828798,4323,13,1120.9142857142858,34,1,20,30.42442059595844,0.6835171568627451,39.31547619047619,1042.7380952380952,30.668767507002798,0
4792,4,0,0,35,0.0,0.0,1.0,35,1000,500,500,0.5,15,5,10,344.62627631409424,0.7415966386554621,0.08892584079164001,0.22930600298712275,136037.00573979592,2376.3853458049844,138413.3910856009,4324,14,1121.9142857142858,34,1,20,30.208452204344006,0.6847426470588236,39.19642857142857,1043.2142857142856,30.682773109243694,0
4793,4,0,0,35,0.0,0.0,1.0,35,800,500,300,0.625,11,5,6,345.07220772864633,0.740126050420168,0.08455708581207722,0.2300044030982195,136099.10891439917,2392.803996598649,138491.9129109978,4325,15,1122.9142857142858,34,1,20,30.135244343030987,0.6853553921568627,39.136904761904766,1043.4523809523816,30.689775910364165,0
4794,4,0,0,35,0.0,0.0,1.0,35,900,500,400,0.5555555555555556,13,5,8,345.3513460526666,0.7371148459383753,0.08222758081334747,0.23079577760592843,136192.29024943316,2406.838151927445,138599.12840136062,4326,16,1123.9142857142858,34,1,20,30.035593445863736,0.6862745098039216,39.04761904761905,1043.8095238095243,30.700280112044833,0
4795,4,0,0,35,0.0,0.0,1.0,35,550,300,250,0.5454545454545454,8,3,5,345.85038231370027,0.7369047619047618,0.08380822051708114,0.23133196052698984,136223.35778061222,2422.5800736961364,138645.93785430834,4327,17,1124.9142857142858,34,1,20,29.99177975443797,0.6865808823529411,39.01785714285714,1043.928571428571,30.703781512605033,0
4796,4,0,0,35,0.0,0.0,1.0,35,750,500,250,0.6666666666666666,10,5,5,344.5903813290242,0.7378851540616246,0.08286398358225977,0.2308939827835655,136285.50347222228,2392.534722222227,138678.0381944445,4328,18,1125.9142857142858,34,1,20,29.963088587390267,0.6871936274509804,38.958333333333336,1044.166666666667,30.710784313725497,0
4797,4,0,1,34,0.0,0.02857142857142857,0.9714285714285714,35,700,600,100,0.8571428571428571,8,6,2,344.567371192888,0.7376050420168067,0.08078031622999116,0.23128458664691715,136347.66333616787,2396.1911848072596,138743.85452097512,4329,19,1126.9142857142858,34,1,20,29.90211444203808,0.6878063725490196,38.898809523809526,1044.4047619047624,30.71778711484595,0
4798,4,0,0,34,0.0,0.0,1.0,34,750,500,250,0.6666666666666666,10,5,5,352.7664923772789,0.7320261437908497,0.08503828811721892,0.23607366445891892,136240.7205912389,2812.2322243848503,139052.95281562375,4330,27,1160.5,33,1,20,29.794063270336906,0.6890782828282829,39.00122549019608,1043.9950980392155,31.636215092097437,0
4799,4,0,1,33,0.0,0.029411764705882353,0.9705882352941176,34,950,800,150,0.8421052631578947,11,8,3,351.4291406187477,0.7321375519904932,0.08253378798128042,0.23581725483094268,136336.6929185892,2782.5373654363943,139119.2302840256,4331,28,1161.5,33,1,20,29.7338261753892,0.6900252525252524,38.90931372549021,1044.3627450980407,31.64735591206184,0
4800,4,0,0,33,0.0,0.0,1.0,33,1000,700,300,0.7,13,7,6,351.9302539227962,0.7283775252525253,0.07983387171204459,0.23673747324855438,136423.96981175404,3002.3444674013053,139426.31427915534,4332,29,1179.2424242424242,32,1,20,29.634245830311826,0.693359375,38.825757575757585,1044.6969696969707,32.64678030303033,0
4801,4,0,0,33,0.0,0.0,1.0,33,950,800,150,0.8421052631578947,11,8,3,350.3055284270862,0.728219696969697,0.07691659800421125,0.23586478826152477,136456.94835029598,2960.324679879615,139417.2730301756,4333,30,1180.2424242424242,32,1,20,29.644008056394764,0.6936848958333333,38.794191919191924,1044.823232323233,32.65072601010103,0
4802,4,0,0,33,0.0,0.0,1.0,33,1000,600,400,0.6,14,6,8,351.16388910523756,0.7260101010101011,0.08043970681333334,0.2377749931055171,136654.90327836457,2997.653460106126,139652.55673847068,4334,31,1181.2424242424242,32,1,20,29.42554240631163,0.6956380208333333,38.604797979797986,1045.580808080809,32.67440025252528,0
4803,4,0,0,33,0.0,0.0,1.0,33,500,200,300,0.4,8,2,6,351.16388910523756,0.7260101010101011,0.08043970681333334,0.2377749931055171,136654.90327836457,2997.653460106126,139652.55673847068,4335,32,1182.2424242424242,32,1,20,29.42554240631163,0.6956380208333333,38.604797979797986,1045.580808080809,32.67440025252528,0
4804,4,0,0,33,0.0,0.0,1.0,33,750,500,250,0.6666666666666666,10,5,5,350.62935508960186,0.7256944444444445,0.07799106603887496,0.23785937331754062,136720.92013888885,2987.6736111111063,139708.59374999994,4336,33,1183.2424242424242,32,1,21,29.374169986719785,0.6962890625,38.541666666666664,1045.833333333333,32.68229166666666,0
4805,4,0,0,33,0.0,0.0,1.0,33,900,600,300,0.6666666666666666,12,6,6,350.5060921543999,0.7250631313131314,0.0813543449950982,0.23799938257434844,136753.93454749527,2986.6174369962405,139740.55198449153,4337,34,1184.2424242424242,32,1,21,29.34472074682119,0.6966145833333333,38.51010101010102,1045.959595959597,32.686237373737406,0
4806,4,0,0,33,0.0,0.0,1.0,33,1050,800,250,0.7619047619047619,13,8,5,351.1828284089385,0.7237215909090909,0.08562946062946053,0.2393588225208292,136886.03203754724,3014.4047801244856,139900.43681767173,4338,35,1185.2424242424242,32,1,21,29.196328024453024,0.6979166666666666,38.38383838383839,1046.4646464646469,32.702020202020215,0
4807,4,0,0,33,0.0,0.0,1.0,33,700,500,200,0.7142857142857143,9,5,4,351.58554801050076,0.722064393939394,0.0870238995917445,0.24031292486026887,136985.14700349458,3032.39959570453,140017.54659919912,4339,36,1186.2424242424242,32,1,19,29.087765850520647,0.6988932291666666,38.28914141414142,1046.8434343434346,32.71385732323233,0
4808,4,0,0,33,0.0,0.0,1.0,33,700,500,200,0.7142857142857143,9,5,4,353.1650824251206,0.7200126262626263,0.09299895506792044,0.24207861104412817,137084.29783950618,3082.6774691358,140166.97530864197,4340,37,1187.2424242424242,32,1,19,28.948386383731204,0.6998697916666667,38.19444444444444,1047.2222222222224,32.72569444444445,0
4809,4,0,0,33,0.0,0.0,1.0,33,600,400,200,0.6666666666666666,8,4,4,352.1769613355855,0.7195391414141414,0.09846841517123495,0.2423187748891119,137216.55475206618,3064.9018595041366,140281.45661157032,4341,38,1188.2424242424242,32,1,19,28.843546637744026,0.701171875,38.06818181818182,1047.7272727272732,32.74147727272729,0
4810,4,0,0,33,0.0,0.0,1.0,33,850,500,350,0.5882352941176471,12,5,7,351.2700317162425,0.7185921717171718,0.11889523275015401,0.21612472440802846,133187.44781153876,2756.951803392916,135944.39961493167,4342,39,1189.2424242424242,33,0,18,32.87761189599906,0.6587752525252526,41.94240196078431,1032.230392156862,31.279708853238244,8
4811,4,0,0,33,0.0,0.0,1.0,33,1050,1000,50,0.9523809523809523,11,10,1,351.1172707041024,0.7189867424242424,0.11860834789864039,0.21658229304193,133282.33882400984,2759.5462081891455,136041.88503219897,4343,40,1190.2424242424242,33,0,19,32.78641506448296,0.6597222222222223,41.850490196078425,1032.5980392156853,31.290849673202583,0
4812,4,0,0,33,0.0,0.0,1.0,33,900,700,200,0.7777777777777778,11,7,4,353.1361662224299,0.7202493686868687,0.1151572679811883,0.21819879830811129,133345.6182718185,2817.832083813918,136163.4503556324,4344,41,1191.2424242424242,33,0,19,32.67085904129094,0.6603535353535354,41.78921568627451,1032.8431372549019,31.298276886512177,0
4813,4,0,0,33,0.0,0.0,1.0,33,700,300,400,0.42857142857142855,11,3,8,369.90566731608277,0.7202493686868687,0.14499092439915162,0.20807819472705777,129762.65889321425,2999.988586120736,132762.647479335,4345,42,1192.2424242424242,33,0,18,35.85969449121963,0.6243686868686869,45.281862745098046,1018.8725490196086,30.874925727866927,8
4814,4,1,0,34,0.029411764705882353,0.0,1.0,34,800,500,300,0.625,11,5,6,359.27384593085276,0.7371137849079026,0.14040162792453348,0.20406468744024792,130141.0873724491,2551.2577947845925,132692.3451672337,4346,0,1158.1470588235295,34,0,19,35.74602341228174,0.6259191176470588,44.91071428571429,1020.3571428571437,30.010504201680696,0
4815,4,0,0,34,0.0,0.0,1.0,34,650,300,350,0.46153846153846156,10,3,7,357.4982636207586,0.735925430778372,0.13364461613410095,0.2033730998023069,130201.83000283455,2509.385629251711,132711.21563208627,4347,1,1159.1470588235295,34,0,20,35.72966483922392,0.626531862745098,44.85119047619048,1020.5952380952388,30.01750700280114,0
4816,4,2,0,36,0.05555555555555555,0.0,1.0,36,550,300,250,0.5454545454545454,8,3,5,340.590921723404,0.7563822751322752,0.13956777551482213,0.19674134419551942,130794.81336805574,1709.519380668954,132504.3327487247,4348,0,1095.6944444444443,35,1,21,35.56093007467752,0.6303571428571427,44.27083333333334,1022.9166666666681,29.226190476190517,0
4817,4,1,0,37,0.02702702702702703,0.0,1.0,37,1150,800,350,0.6956521739130435,15,8,7,330.72613900859307,0.7673923923923924,0.12824764078062212,0.19283877951424142,131155.04017531069,1275.2800097394997,132430.3201850502,4349,0,1067.054054054054,36,1,22,35.44964819700967,0.6319444444444443,43.91891891891893,1024.3243243243264,28.453453453453513,0
4818,4,1,1,37,0.02631578947368421,0.02631578947368421,0.9736842105263158,38,700,400,300,0.5714285714285714,10,4,6,326.20936789502974,0.7784198672356567,0.12328350817162659,0.19162751310014584,131440.53939673764,975.4270544783237,132415.96645121597,4350,0,1039.9473684210527,37,1,22,35.27765896777874,0.6328828828828827,43.64035087719299,1025.4385964912296,27.714556661925126,0
4819,4,0,0,37,0.0,0.0,1.0,37,1100,800,300,0.7272727272727273,14,8,6,333.6689852721079,0.7692692692692693,0.12888533925554668,0.1955820201501612,131356.98356718227,1365.950283053348,132722.93385023563,4351,2,1069.054054054054,36,1,22,35.17063971584459,0.6339699074074073,43.72184684684686,1025.1126126126144,28.4753503503504,0
4820,4,0,0,37,0.0,0.0,1.0,37,1050,800,250,0.7619047619047619,13,8,5,337.9951577774211,0.7676426426426426,0.13313236389314942,0.1990173168839389,131530.2015486773,1491.3142449882544,133021.51579366555,4352,3,1070.054054054054,36,1,23,34.88514106927214,0.6357060185185184,43.55292792792794,1025.7882882882902,28.494119119119173,0
4821,4,0,0,37,0.0,0.0,1.0,37,500,200,300,0.4,8,2,6,334.0945012837994,0.7667042042042042,0.12801058301497292,0.19716768754520622,131616.85333982648,1394.493395422472,133011.34673524895,4353,4,1071.054054054054,36,1,15,34.897891059408856,0.636574074074074,43.46846846846848,1026.1261261261275,28.50350350350354,0
4822,4,0,0,37,0.0,0.0,1.0,37,850,400,450,0.47058823529411764,13,4,9,334.6374687118507,0.7667042042042042,0.13330249274949746,0.19778767119583718,131674.6370525932,1412.653447366298,133087.2904999595,4354,5,1072.054054054054,36,1,16,34.825771706532095,0.6371527777777777,43.41216216216217,1026.351351351352,28.509759759759774,0
4823,4,0,0,37,0.0,0.0,1.0,37,800,600,200,0.75,10,6,4,334.22947479988767,0.767017017017017,0.13125465050440366,0.19799675904812053,131761.33639974432,1407.704452763572,133169.0408525079,4355,6,1073.054054054054,36,1,16,34.74895799056708,0.6380208333333334,43.3277027027027,1026.6891891891892,28.519144144144143,0
4824,4,0,1,36,0.0,0.02702702702702703,0.972972972972973,37,1300,1000,300,0.7692307692307693,16,10,6,334.1552450945387,0.7643268268268268,0.13308211203640297,0.19885833665997907,131934.82069485038,1417.3424691583584,133352.16316400873,4356,7,1074.054054054054,36,1,16,34.576299828272845,0.6397569444444444,43.15878378378379,1027.364864864866,28.537912912912944,0
4825,4,0,0,36,0.0,0.0,1.0,36,1250,900,350,0.72,16,9,7,340.82972255039306,0.7537367724867725,0.133453561767358,0.20212842904191755,131803.0907064472,1784.4821673525394,133587.57287379974,4357,9,1104.6944444444443,35,1,17,34.53749624286143,0.6404761904761904,43.28703703703704,1026.851851851852,29.338624338624342,0
4826,4,1,1,36,0.02702702702702703,0.02702702702702703,0.972972972972973,37,750,600,150,0.8,9,6,3,332.8276279709489,0.7667667667667668,0.12699474976236225,0.19867349643498042,132050.54029959018,1390.013620038963,133440.55391962914,4358,0,1075.8108108108108,36,1,17,34.49403783645593,0.6409143518518519,43.046171171171174,1027.8153153153157,28.550425425425438,0
4827,4,0,0,36,0.0,0.0,1.0,36,550,400,150,0.7272727272727273,7,4,3,339.6868844353738,0.7531084656084657,0.1339698096203672,0.20224013904311294,131951.69331114978,1764.4519193672897,133716.14523051708,4359,11,1106.6944444444443,35,1,17,34.417244001351804,0.6419642857142855,43.142361111111114,1027.430555555556,29.355158730158745,0
4828,4,0,0,36,0.0,0.0,1.0,36,1300,1000,300,0.7692307692307693,16,10,6,342.2546078254557,0.7520833333333334,0.13628687232605285,0.20456967878234836,132100.37964034636,1842.392725480106,133942.77236582647,4360,12,1107.6944444444443,35,1,19,34.201662538467296,0.6434523809523809,42.99768518518518,1028.0092592592591,29.371693121693117,0
4829,4,0,0,36,0.0,0.0,1.0,36,500,400,100,0.8,6,4,2,342.0321068528258,0.7512896825396825,0.13563710040522303,0.2047583043989559,132159.87761488341,1840.5842764060392,134000.46189128945,4361,13,1108.6944444444443,35,1,19,34.14753114212817,0.644047619047619,42.93981481481482,1028.2407407407409,29.378306878306883,0
4830,4,0,0,36,0.0,0.0,1.0,36,1100,900,200,0.8181818181818182,13,9,4,343.60897690938845,0.7507275132275133,0.1359264259196764,0.20651387395182924,132308.68115837194,1892.4901138117361,134201.17127218368,4362,14,1109.6944444444443,35,1,20,33.95734897063787,0.6455357142857142,42.79513888888889,1028.8194444444448,29.39484126984128,0
4831,4,0,0,36,0.0,0.0,1.0,36,700,500,200,0.7142857142857143,9,5,4,343.5829334139036,0.7502645502645503,0.1395512315824996,0.20682436431841697,132368.22601862578,1895.8926772548161,134264.1186958806,4363,15,1110.6944444444443,35,1,21,33.89816012447044,0.6461309523809522,42.737268518518526,1029.0509259259268,29.40145502645505,0
4832,4,0,0,36,0.0,0.0,1.0,36,1300,1000,300,0.7692307692307693,16,10,6,343.84542725531793,0.7492394179894181,0.130845323741007,0.20780223647169221,132517.14677640607,1913.0829903978101,134430.22976680388,4364,16,1111.6944444444443,35,1,21,33.74175659472422,0.6476190476190475,42.592592592592595,1029.62962962963,29.41798941798943,0
4833,4,0,0,36,0.0,0.0,1.0,36,850,500,350,0.5882352941176471,12,5,7,345.45739174346653,0.7468584656084657,0.13337078651685408,0.20943942687444508,132636.34366426617,1964.041066529498,134600.38473079566,4365,17,1112.6944444444443,35,1,18,33.580524344569284,0.6488095238095237,42.476851851851855,1030.092592592593,29.431216931216944,0
4834,4,0,0,36,0.0,0.0,1.0,36,350,100,250,0.2857142857142857,6,1,5,344.62841740469776,0.7447420634920635,0.13701707097933524,0.20960187353629967,132755.5941358024,1950.2700617283867,134705.8641975308,4366,18,1113.6944444444443,35,1,18,33.482142857142854,0.65,42.36111111111111,1030.555555555555,29.44444444444443,0
4835,4,0,0,36,0.0,0.0,1.0,36,650,300,350,0.46153846153846156,10,3,7,345.6237955006385,0.7440476190476191,0.14062324536777115,0.21037456588743567,132785.4151261359,1978.7598326045904,134764.17495874048,4367,19,1114.6944444444443,35,1,18,33.42656279243872,0.6502976190476191,42.332175925925924,1030.6712962962956,29.447751322751305,0
4836,4,0,0,36,0.0,0.0,1.0,36,700,400,300,0.5714285714285714,10,4,6,343.6682723955354,0.7432870370370371,0.13726701100381788,0.209350864155584,132815.2394654492,1928.8767789780509,134744.11624442725,4368,20,1115.6944444444443,35,1,18,33.44702073508496,0.6505952380952381,42.30324074074074,1030.7870370370367,29.451058201058192,0
4837,4,0,0,36,0.0,0.0,1.0,36,950,700,250,0.7368421052631579,12,7,5,346.82086238883886,0.7429232804232805,0.1395746829760971,0.21211535379182858,132964.4113967121,2022.9663655264087,134987.3777622385,4369,21,1116.6944444444443,35,1,20,33.216085923764645,0.6520833333333333,42.15856481481482,1031.3657407407406,29.46759259259259,0
4838,4,0,0,36,0.0,0.0,1.0,36,950,700,250,0.7368421052631579,12,7,5,347.36209704015283,0.7429232804232805,0.13870189610681005,0.21278614233119456,133024.10361207562,2041.5063175154282,135065.60992959104,4370,22,1117.6944444444443,35,1,20,33.14225008414674,0.6526785714285714,42.10069444444444,1031.5972222222222,29.474206349206348,0
4839,4,0,0,36,0.0,0.0,1.0,36,900,500,400,0.5555555555555556,13,5,8,349.61089102937933,0.7443452380952381,0.14147982062780273,0.21536803508163416,133233.1318587105,2115.950788751708,135349.0826474622,4371,23,1118.6944444444443,35,1,20,32.87462630792228,0.6547619047619049,41.898148148148145,1032.407407407407,29.497354497354483,0
4840,4,1,0,37,0.02702702702702703,0.0,1.0,37,1200,1200,0,1.0,12,12,0,346.30638757127207,0.7469344344344344,0.162568229634098,0.2162354976099345,133734.17494775186,1862.5998041960959,135596.77475194796,4372,0,1089.4324324324325,36,1,19,32.4582652876066,0.6576967592592593,41.41328828828829,1034.3468468468473,28.73185685685687,0
4841,4,0,0,37,0.0,0.0,1.0,37,550,300,250,0.5454545454545454,8,3,5,346.0796584167663,0.746433933933934,0.16442765430355233,0.2162644722596201,133763.29665814465,1858.5512032302604,135621.8478613749,4373,1,1090.4324324324325,36,1,19,32.435000725742064,0.6579861111111112,41.38513513513514,1034.4594594594598,28.734984984984994,0
4842,4,0,0,37,0.0,0.0,1.0,37,1100,700,400,0.6363636363636364,15,7,8,349.06900540145034,0.7453078078078078,0.16970103262531455,0.21916955585041875,133938.09349890432,1950.7274166057978,135888.82091551012,4374,2,1091.4324324324325,36,1,19,32.18287641427329,0.6597222222222222,41.21621621621622,1035.1351351351352,28.753753753753756,0
4843,4,0,0,37,0.0,0.0,1.0,37,1000,700,300,0.7,13,7,6,349.77578751196813,0.7456831831831832,0.16514883384581025,0.21996159988953715,133996.38447569186,1973.738180748309,135970.12265644016,4375,3,1092.4324324324325,36,1,19,32.10631027481692,0.6603009259259259,41.159909909909906,1035.36036036036,28.760010010009996,0
4844,4,0,0,37,0.0,0.0,1.0,37,950,800,150,0.8421052631578947,11,8,3,349.77578751196813,0.7456831831831832,0.16514883384581025,0.21996159988953715,133996.38447569186,1973.738180748309,135970.12265644016,4376,4,1093.4324324324325,36,1,19,32.10631027481692,0.6603009259259259,41.159909909909906,1035.36036036036,28.760010010009996,0
4845,4,0,0,37,0.0,0.0,1.0,37,1100,700,400,0.6363636363636364,15,7,8,347.2082818314069,0.7449324324324325,0.16429587482219077,0.21869365477545333,134054.68813408003,1908.979587695802,135963.66772177583,4377,5,1094.4324324324325,36,1,19,32.11450630709004,0.6608796296296295,41.1036036036036,1035.5855855855855,28.766266266266264,0
4846,4,0,0,37,0.0,0.0,1.0,37,1050,700,350,0.6666666666666666,14,7,7,337.04709732194266,0.7449324324324325,0.1494377694956288,0.19526136308539355,130906.99932912047,1424.364828601106,132331.36415772157,4378,6,1095.4324324324325,37,0,17,35.53821118611379,0.6275337837837838,44.161184210526315,1023.3552631578945,27.65825035561877,7
4847,4,0,0,37,0.0,0.0,1.0,37,750,600,150,0.8,9,6,3,333.57435885009727,0.7451826826826827,0.14322934759952766,0.19367227700401157,130991.17036011071,1339.0591335795525,132330.22949369028,4379,7,1096.4324324324325,37,0,17,35.542077263638966,0.6283783783783784,44.07894736842105,1023.684210526315,27.667140825035542,0
4848,4,0,0,37,0.0,0.0,1.0,37,1550,1000,550,0.6451612903225806,21,10,11,334.9906930959678,0.7456206206206206,0.14246248817585583,0.19549144569616714,131187.67463306052,1389.3300101954785,132577.004643256,4380,8,1097.4324324324325,37,0,17,35.30751632238039,0.630349099099099,43.88706140350879,1024.4517543859677,27.6878852536748,0
4849,4,0,0,37,0.0,0.0,1.0,37,1050,600,450,0.5714285714285714,15,6,9,333.57300378638394,0.746433933933934,0.13516405341785176,0.19509219608182404,131271.93583602668,1357.75478993539,132629.69062596207,4381,9,1098.4324324324325,37,0,17,35.2588451387403,0.6311936936936935,43.80482456140352,1024.7807017543876,27.696775723091555,0
4850,4,1,1,37,0.02631578947368421,0.02631578947368421,0.9736842105263158,38,1350,900,450,0.6666666666666666,18,9,9,328.5909366908047,0.760164770033191,0.1311623241000106,0.19342744225434838,131519.83486969495,1043.2451466506227,132563.08001634557,4382,0,1070.5,38,0,18,35.13674790820401,0.6318530701754383,43.5630341880342,1025.7478632478656,26.99336482231225,0
4851,4,1,0,38,0.02631578947368421,0.0,1.0,38,800,600,200,0.75,10,6,4,328.91824680285083,0.7557788051209104,0.13730513164744207,0.19417699818939077,131629.44614517153,1059.0653307400341,132688.51147591157,4383,0,1071.4736842105262,38,0,12,35.01800277633177,0.6329495614035086,43.45619658119659,1026.1752136752154,27.00461088618988,0
4852,4,1,1,38,0.02564102564102564,0.02564102564102564,0.9743589743589743,39,1000,600,400,0.6,14,6,8,323.18585964147115,0.7624269005847953,0.1377229937067661,0.19196461301595863,131862.52170138925,723.2204861111495,132585.7421875004,4384,0,1044.974358974359,39,0,12,34.93069641649764,0.6335470085470085,43.229166666666686,1027.0833333333362,26.33547008547016,0
4853,4,0,0,38,0.0,0.0,1.0,38,600,300,300,0.5,9,3,6,332.40087028151953,0.7542970602181128,0.1361798971359085,0.19679851894855988,131739.10307774507,1158.0385026298711,132897.14158037494,4385,2,1073.4736842105262,38,0,12,34.81826933083569,0.6340460526315788,43.349358974358985,1026.6025641025656,27.015856950067516,0
4854,4,0,0,38,0.0,0.0,1.0,38,700,400,300,0.5714285714285714,10,4,6,335.0759701704383,0.7540007112375533,0.13871441166645626,0.19866842376977717,131793.9486654433,1232.1970423332884,133026.1457077766,4386,3,1074.4736842105262,38,0,12,34.69440398154891,0.6345942982456139,43.295940170940185,1026.8162393162413,27.02147998200635,0
4855,4,0,0,38,0.0,0.0,1.0,38,1150,900,250,0.782608695652174,14,9,5,335.3151716783806,0.751215030820294,0.14204287363933377,0.19967343690594347,131958.55391418294,1249.5410320330209,133208.09494621595,4387,4,1075.4736842105262,38,0,13,34.522633530900144,0.6362390350877192,43.13568376068376,1027.4572649572651,27.038349077822765,0
4856,4,0,0,38,0.0,0.0,1.0,38,750,500,250,0.6666666666666666,10,5,5,333.11038402216684,0.7509186818397344,0.13899693105542155,0.19893575448027745,132068.34781804745,1198.6676117685868,133267.01542981603,4388,5,1076.4736842105262,38,0,14,34.468870179814985,0.6373355263157894,43.02884615384616,1027.8846153846164,27.049595141700433,0
4857,4,0,0,38,0.0,0.0,1.0,38,700,600,100,0.8571428571428571,8,6,2,333.2714953022299,0.7505630630630631,0.13598177611752504,0.19932079548125292,132123.26189139095,1206.5834109504021,133329.84530234136,4389,6,1077.4736842105262,38,0,14,34.40953098479338,0.6378837719298245,42.97542735042735,1028.098290598291,27.055218173639236,0
4858,4,0,0,38,0.0,0.0,1.0,38,850,500,350,0.5882352941176471,12,5,7,330.93817024291286,0.7501778093883357,0.13236596163305392,0.19893474278647014,132315.551035503,1157.6532708744269,133473.20430637745,4390,7,1078.4736842105262,38,0,15,34.276349948078916,0.6398026315789473,42.78846153846154,1028.8461538461543,27.074898785425113,0
4859,4,1,0,39,0.02564102564102564,0.0,1.0,39,500,200,300,0.4,8,2,6,325.7678562537702,0.75629779577148,0.14108139929926122,0.1972361784924081,132585.67843967007,838.4304470486054,133424.10888671866,4391,0,1051.7948717948718,39,0,16,34.1383677219244,0.6407585470085471,42.526041666666664,1029.8958333333328,26.407585470085458,0
4860,4,0,0,39,0.0,0.0,1.0,39,700,600,100,0.8571428571428571,8,6,2,327.05459724971473,0.7569163292847504,0.1425192930047301,0.19815660892188594,132612.49999999997,874.3055555555543,133486.80555555553,4392,1,1052.7948717948718,39,0,16,34.078344120819864,0.6410256410256411,42.5,1029.9999999999998,26.410256410256405,0
4861,4,0,0,39,0.0,0.0,1.0,39,550,300,250,0.5454545454545454,8,3,5,325.6754532414704,0.75629779577148,0.14518679837183424,0.19760308175203312,132666.15125868045,841.2217881944384,133507.37304687488,4393,2,1053.7948717948718,39,0,13,34.06007751937986,0.6415598290598291,42.447916666666664,1030.2083333333326,26.415598290598272,0
4862,4,0,0,39,0.0,0.0,1.0,39,1300,900,400,0.6923076923076923,17,9,8,321.5875925286964,0.757085020242915,0.1188368891235263,0.19766066171056607,133149.50086805562,763.8454861111204,133913.34635416674,4394,3,1054.7948717948718,39,0,15,33.68153680527521,0.6463675213675213,41.97916666666667,1032.083333333334,26.46367521367523,3
4863,4,0,0,39,0.0,0.0,1.0,39,700,400,300,0.5714285714285714,10,4,6,320.64600043810384,0.7565789473684211,0.11507545358821769,0.19750916782734898,133230.14458550335,743.9425998263838,133974.08718532973,4395,4,1055.7948717948718,39,0,15,33.62520179598428,0.6471688034188035,41.901041666666664,1032.3958333333326,26.471688034188016,0
4864,4,0,0,39,0.0,0.0,1.0,39,1400,1000,400,0.7142857142857143,18,10,8,317.23941974412645,0.7561291048133154,0.11728112565059234,0.1962609685341546,133391.50526258664,663.4087456597024,134054.91400824633,4396,5,1056.7948717948718,39,0,15,33.55191842291016,0.6487713675213677,41.74479166666666,1033.020833333332,26.487713675213637,0
4865,4,0,0,39,0.0,0.0,1.0,39,1050,800,250,0.7619047619047619,13,8,5,318.5393229319055,0.7561291048133154,0.14302555254549554,0.18827642164655473,131675.35942925356,588.7559678819489,132264.1153971355,4397,6,1057.7948717948718,39,0,12,35.23810429987481,0.6316773504273505,43.411458333333336,1026.3541666666672,26.316773504273517,2
4866,4,0,0,39,0.0,0.0,1.0,39,800,600,200,0.75,10,6,4,319.8823216636223,0.7560728744939271,0.1475458024103653,0.1896019269175183,131782.29302300359,630.9651692708428,132413.25819227443,4398,7,1058.7948717948718,39,0,13,35.09614571708768,0.6327457264957265,43.30729166666667,1026.7708333333344,26.327457264957292,0
4867,4,0,0,39,0.0,0.0,1.0,39,600,400,200,0.6666666666666666,8,4,4,320.33773786204506,0.75629779577148,0.14897230436331754,0.19013905825297447,131835.77609592033,646.3948567708535,132482.17095269117,4399,8,1059.7948717948718,39,0,13,35.03070375629713,0.6332799145299144,43.25520833333334,1026.9791666666683,26.332799145299187,0
4868,4,0,1,38,0.0,0.02564102564102564,0.9743589743589743,39,550,200,350,0.36363636363636365,9,2,7,324.57621195133424,0.7559604138551507,0.14222166693996963,0.19157580970237245,131621.90890842024,744.2681206597317,132366.17702907996,4400,9,1060.7948717948718,39,0,12,35.136978479342204,0.6311431623931624,43.46354166666667,1026.1458333333342,26.311431623931647,3
4869,4,1,1,38,0.02564102564102564,0.02564102564102564,0.9743589743589743,39,1350,1000,350,0.7407407407407407,17,10,7,324.664510079048,0.7576473234367972,0.13987433165515317,0.19216629110084218,131728.82080078142,753.534613715293,132482.3554144967,4401,0,1061.5384615384614,39,0,14,35.027164721799416,0.6322115384615383,43.35937500000001,1026.5625000000014,26.32211538461542,0
4870,4,0,0,38,0.0,0.0,1.0,38,1100,1000,100,0.9090909090909091,12,10,2,328.90753854164,0.7479848269321954,0.1452736754459003,0.19459012501897024,131711.68456424866,1064.1931934399865,132775.87775768864,4402,19,1090.4736842105262,38,0,15,34.93551380793782,0.6337719298245614,43.376068376068375,1026.4957264957263,27.01304543409806,0
4871,4,0,0,38,0.0,0.0,1.0,38,600,400,200,0.6666666666666666,8,4,4,329.47747927086584,0.7474810336652442,0.15024724958791702,0.19534904708650785,131793.94866544305,1084.6275978888152,132878.57626333187,4403,20,1091.4736842105262,38,0,16,34.83811951583254,0.6345942982456141,43.29594017094017,1026.8162393162393,27.021479982006298,0
4872,4,0,1,37,0.0,0.02631578947368421,0.9736842105263158,38,450,300,150,0.6666666666666666,6,3,3,326.8510496980033,0.7459992887624467,0.1467995641866553,0.19407159609307634,131848.80566741546,1018.9841067645609,132867.78977418,4404,21,1092.4736842105262,38,0,16,34.85037622663754,0.6351425438596492,43.24252136752137,1027.0299145299148,27.027103013945126,0
4873,4,0,0,37,0.0,0.0,1.0,37,450,300,150,0.6666666666666666,6,3,3,333.8780164463041,0.7397397397397397,0.15030734184670758,0.19743727807668046,131693.6476247499,1393.922769506,133087.5703942559,4405,22,1121.4864864864865,37,0,16,34.82611811416159,0.6354166666666667,43.39364035087719,1026.425438596491,27.74122807017543,0
4874,4,1,0,38,0.02631578947368421,0.0,1.0,38,850,700,150,0.8235294117647058,10,7,3,328.528581585759,0.7473328591749644,0.15963489509800732,0.19577372352489633,131985.998109796,1072.2345496383791,133058.23265943438,4406,0,1092.9473684210527,38,0,17,34.66936993137866,0.636513157894737,43.10897435897435,1027.5641025641012,27.041160593792135,0
4875,4,0,0,38,0.0,0.0,1.0,38,1250,1000,250,0.8,15,10,5,329.16671892800736,0.7467697961119014,0.15926509444799963,0.19658057124806702,132068.3478180474,1094.5009451019057,133162.8487631493,4407,1,1093.9473684210527,38,0,17,34.57021099677786,0.6373355263157894,43.02884615384615,1027.8846153846157,27.04959514170041,0
4876,4,1,1,38,0.02564102564102564,0.02564102564102564,0.9743589743589743,39,950,800,150,0.8421052631578947,11,8,3,325.5915733397135,0.757085020242915,0.1628067552343726,0.19587049704322088,132344.4064670138,818.044704861106,133162.45117187488,4408,0,1066.871794871795,39,0,17,34.384912600391466,0.6383547008547009,42.760416666666664,1028.9583333333326,26.38354700854699,0
4877,4,0,0,38,0.0,0.0,1.0,38,600,400,200,0.6666666666666666,8,4,4,335.8196621852655,0.7448435277382646,0.1758850283165332,0.20157554286282622,132260.59701219943,1283.1418018116574,133543.7388140111,4409,3,1095.9473684210527,38,0,17,34.20600505470156,0.6392543859649124,42.841880341880334,1028.6324786324774,27.06927575348625,0
4878,4,0,0,38,0.0,0.0,1.0,38,1250,1000,250,0.8,15,10,5,338.4261399945981,0.745228781412992,0.1831070931090053,0.20417882647764243,132452.986031211,1365.1105586602196,133818.09658987122,4410,4,1096.9473684210527,38,0,18,33.94568413769243,0.6411732456140352,42.65491452991452,1029.3803418803404,27.088956365272118,0
4879,4,0,0,38,0.0,0.0,1.0,38,1150,1000,150,0.8695652173913043,13,10,3,336.75088281956397,0.745199146514936,0.181277446418038,0.20331651045421764,132480.48159105828,1322.5838264299578,133803.06541748825,4411,5,1097.9473684210527,38,0,18,33.96118721461188,0.6414473684210528,42.62820512820512,1029.4871794871776,27.091767881241516,0
4880,4,0,0,38,0.0,0.0,1.0,38,900,600,300,0.6666666666666666,12,6,6,344.7277710333024,0.745199146514936,0.19979858131184836,0.20513008949605463,131931.11257213855,1496.0636733874276,133427.17624552597,4412,6,1098.9473684210527,38,0,14,34.30848759012758,0.6359649122807016,43.16239316239318,1027.35042735043,27.03553756185342,3
4881,4,0,0,38,0.0,0.0,1.0,38,800,600,200,0.75,10,6,4,346.3943175413657,0.7449324324324325,0.19941617741202955,0.20656955613331682,132013.4451589782,1545.7414484257647,133559.18660740397,4413,7,1099.9473684210527,38,0,14,34.18278060782481,0.6367872807017543,43.08226495726497,1027.6709401709415,27.04397210976162,0
4882,4,0,0,38,0.0,0.0,1.0,38,1100,800,300,0.7272727272727273,14,8,6,344.7690711301032,0.7444582740635373,0.1880281343491741,0.20619718902952042,132123.26189139095,1510.4028553948465,133633.6647467858,4414,8,1100.9473684210527,38,0,15,34.11401503342686,0.6378837719298245,42.97542735042735,1028.098290598291,27.055218173639236,0
4883,4,1,0,39,0.02564102564102564,0.0,1.0,39,1000,700,300,0.7,13,7,6,339.08818825410714,0.7541048133153396,0.18334670020063304,0.20413480876065365,132371.20361328137,1177.1023220486254,133548.30593533,4415,0,1073.6923076923076,39,0,16,34.01080153186896,0.6386217948717948,42.73437500000001,1029.062500000001,26.386217948717974,0
4884,4,0,0,39,0.0,0.0,1.0,39,750,600,150,0.8,9,6,3,339.08818825410714,0.7541048133153396,0.18334670020063304,0.20413480876065365,132371.20361328137,1177.1023220486254,133548.30593533,4416,1,1074.6923076923076,39,0,16,34.01080153186896,0.6386217948717948,42.73437500000001,1029.062500000001,26.386217948717974,0
4885,4,0,0,39,0.0,0.0,1.0,39,750,500,250,0.6666666666666666,10,5,5,338.753824398538,0.7534862798020693,0.1882772477479273,0.20437652461364553,132452.98603121145,1173.7938268894309,133626.77985810087,4417,2,1075.6923076923076,38,1,17,33.93725134059852,0.6411732456140349,42.65491452991454,1029.3803418803438,27.088956365272207,0
4886,4,0,0,39,0.0,0.0,1.0,39,1150,900,250,0.782608695652174,14,9,5,335.9339378452905,0.7509559154295997,0.1859273623979505,0.20326850137418453,132562.98539201214,1106.4811390532911,133669.46653106544,4418,3,1076.6923076923076,38,1,17,33.89939309056958,0.6422697368421051,42.54807692307694,1029.8076923076949,27.100202429149864,0
4887,4,0,0,39,0.0,0.0,1.0,39,950,700,250,0.7368421052631579,12,7,5,334.5534684320169,0.7501686909581646,0.1822800297904026,0.2025813715882318,132590.49236613372,1071.7218204398023,133662.21418657352,4419,4,1077.6923076923076,38,1,17,33.9073305670816,0.6425438596491226,42.52136752136754,1029.9145299145325,27.103013945119276,0
4888,4,0,0,39,0.0,0.0,1.0,39,900,800,100,0.8888888888888888,10,8,2,335.16561639148324,0.75,0.17806740473683624,0.20354768290172987,132700.54879830554,1095.3322466944567,133795.881045,4420,5,1078.6923076923076,38,1,15,33.781150629061244,0.6436403508771928,42.41452991452993,1030.3418803418829,27.11426000899692,0
4889,4,0,0,39,0.0,0.0,1.0,39,1200,1000,200,0.8333333333333334,14,10,4,338.9071433875397,0.751293297345929,0.18380852149508864,0.20642526006331996,132810.65088757421,1202.095660749535,134012.74654832375,4421,6,1079.6923076923076,38,1,15,33.574315920398014,0.644736842105263,42.30769230769232,1030.7692307692328,27.125506072874547,0
4890,4,0,0,39,0.0,0.0,1.0,39,1250,900,350,0.72,16,9,7,354.64923576811714,0.751293297345929,0.1774251389636008,0.20285936285936287,130414.54081632645,1597.7244805713144,132012.26529689776,4422,7,1080.6923076923076,34,5,19,35.5866355866356,0.6286764705882353,44.64285714285714,1021.4285714285708,30.04201680672267,8
4891,4,1,1,39,0.025,0.025,0.975,40,1050,400,650,0.38095238095238093,17,4,13,348.23720674159244,0.7645833333333333,0.17070458404074706,0.20069639410058507,130706.03358892743,1103.3408082561675,131809.3743971836,4423,0,1054.65,35,5,18,35.45522071307298,0.6294642857142857,44.357638888888886,1022.5694444444441,29.21626984126983,0
4892,4,1,0,40,0.025,0.0,1.0,40,950,700,250,0.7368421052631579,12,7,5,326.25081098479006,0.7609241452991453,0.15102858380251205,0.17641993502666992,128200.04712988618,365.0738688827375,128565.12099876892,4424,0,1055.625,37,3,21,38.56016312978201,0.6002252252252251,46.82017543859649,1012.7192982456145,27.370791844476067,6
4893,4,2,1,41,0.047619047619047616,0.023809523809523808,0.9761904761904762,42,900,600,300,0.6666666666666666,12,6,6,320.6952929206581,0.7795441347270615,0.1351736688953118,0.18098755112581089,129890.67382812503,-68.93446180555475,129821.73936631947,4425,0,1006.3095238095239,39,3,16,36.983530894475095,0.6137820512820513,45.15625,1019.3750000000002,26.137820512820518,2
4894,4,1,1,41,0.023809523809523808,0.023809523809523808,0.9761904761904762,42,1050,700,350,0.6666666666666666,14,7,7,325.0780380883162,0.7797619047619048,0.13712175363354828,0.18433637678047932,130076.56385633668,57.00683593749102,130133.57069227417,4426,0,1007.2857142857143,39,3,16,36.683621804690425,0.6156517094017095,44.97395833333333,1020.1041666666656,26.156517094017065,0
4895,4,1,0,42,0.023809523809523808,0.0,1.0,42,900,700,200,0.7777777777777778,11,7,4,331.68397357767543,0.7798102981029811,0.14741376303582032,0.18924798420787145,130317.12420784951,244.95323750195791,130562.07744535148,4427,0,1008.2619047619048,38,4,17,36.2716246381361,0.6197916666666665,44.73824786324787,1021.0470085470097,26.86965811965815,0
4896,4,0,0,42,0.0,0.0,1.0,42,1300,1000,300,0.7692307692307693,16,10,6,333.0321201368368,0.7810201316298877,0.1478610264683038,0.19095438830867562,130508.09500328732,292.67751479290007,130800.77251808022,4428,1,1009.2619047619048,38,4,15,36.04401923881221,0.6217105263157894,44.55128205128205,1021.7948717948718,26.889338731443996,0
4897,4,0,0,42,0.0,0.0,1.0,42,1100,700,400,0.6363636363636364,15,7,8,333.6557774102078,0.7804152148664344,0.14919772256728758,0.19185207201086957,130617.28395061727,316.24228395061425,130933.5262345679,4429,2,1010.2619047619048,38,4,15,35.9176856884058,0.6228070175438596,44.44444444444444,1022.2222222222222,26.900584795321635,0
4898,4,1,1,42,0.023255813953488372,0.023255813953488372,0.9767441860465116,43,1350,1000,350,0.7407407407407407,17,10,7,326.6830053056773,0.7881598375784422,0.15164324454176703,0.18902554582859565,130859.79327781104,-50.06589166499185,130809.72738614604,4430,0,987.7441860465116,40,3,16,35.85100483379686,0.621875,44.20731707317074,1023.1707317073187,25.57926829268297,0
4899,4,0,0,42,0.0,0.0,1.0,42,1300,1100,200,0.8461538461538461,15,11,4,338.3838769595558,0.7816734417344173,0.1640537513997764,0.19587182223769678,130874.74093967004,457.18044704860193,131331.92138671863,4431,4,1012.2619047619048,39,3,16,35.536602022464294,0.62366452991453,44.19270833333333,1023.2291666666658,26.236645299145277,0
4900,4,0,0,42,0.0,0.0,1.0,42,750,500,250,0.6666666666666666,10,5,5,339.9145125178097,0.782326751838947,0.15940701540131608,0.19716646989374262,130954.6929253473,502.6801215277823,131457.3730468751,4432,5,1013.2619047619048,39,3,16,35.416666666666664,0.624465811965812,44.114583333333336,1023.5416666666673,26.244658119658137,0
4901,4,0,0,42,0.0,0.0,1.0,42,550,200,350,0.36363636363636365,9,2,7,343.0229826564936,0.7813830816879598,0.165227775920624,0.1993833764950133,131034.66932508671,589.5806206597123,131624.24994574641,4433,6,1014.2619047619048,39,3,17,35.256320581951364,0.6252670940170941,44.03645833333333,1023.8541666666658,26.25267094017092,0
4902,4,0,0,42,0.0,0.0,1.0,42,650,500,150,0.7692307692307693,8,5,3,343.6484937578809,0.7823509485094851,0.16840582997788256,0.19991929694598184,131067.837431423,608.2529826822579,131676.09041410527,4434,7,1015.2619047619048,40,2,17,35.20680329495832,0.6239583333333334,44.0040650406504,1023.9837398373976,25.59959349593494,0
4903,4,0,0,42,0.0,0.0,1.0,42,1300,900,400,0.6923076923076923,17,9,8,344.70485272742053,0.7831978319783198,0.1682723868085365,0.2014874800029321,131250.011618828,648.5031851080591,131898.51480393606,4435,8,1016.2619047619048,40,2,17,34.995784984627576,0.6257812500000001,43.82621951219512,1024.6951219512189,25.617378048780473,0
4904,4,0,0,42,0.0,0.0,1.0,42,750,500,250,0.6666666666666666,10,5,5,348.99861193733875,0.7822299651567944,0.16569879984514135,0.2044134727061557,131328.12500000015,766.6666666666822,132094.79166666683,4436,9,1017.2619047619048,40,2,17,34.80691056910569,0.6265624999999999,43.75000000000001,1025.0000000000011,25.62500000000003,0
4905,4,0,0,42,0.0,0.0,1.0,42,1050,900,150,0.8571428571428571,12,9,3,349.5890298866981,0.7827864885791715,0.16807756368137206,0.20490958247089266,131356.22409058546,784.1389898814896,132140.36308046695,4437,10,1018.2619047619048,37,5,17,34.76341052518987,0.6320382882882883,43.72258771929824,1025.109649122806,27.70566619250827,0
4906,4,1,0,43,0.023255813953488372,0.0,1.0,43,1300,1100,200,0.8461538461538461,15,11,4,341.3407688277277,0.7834994462901439,0.171869325857386,0.20165556121519987,131656.85609796178,387.9704963839506,132044.82659434574,4438,0,995.5581395348837,38,5,17,34.671689569019364,0.6332236842105263,43.429487179487175,1026.2820512820506,27.007422402159225,0
4907,4,0,0,43,0.0,0.0,1.0,43,1400,1100,300,0.7857142857142857,17,11,6,341.9489138013351,0.7832687338501292,0.17623174181493084,0.2026813255165219,131782.29302300338,412.56239149305105,132194.85541449644,4439,1,996.5581395348837,39,4,17,34.529712387136044,0.6327457264957266,43.307291666666664,1026.7708333333328,26.32745726495725,0
4908,4,0,0,43,0.0,0.0,1.0,43,1400,600,800,0.42857142857142855,22,6,16,343.0997615162794,0.7847452934662237,0.17681228102059632,0.20414334839129303,131927.76626222828,452.87702838919904,132380.64329061747,4440,2,997.5581395348837,40,3,17,34.35366999703237,0.6325520833333333,43.16565040650407,1027.3373983739846,25.683434959349615,0
4909,4,1,0,44,0.022727272727272728,0.0,1.0,44,850,600,250,0.7058823529411765,11,6,5,342.1244242673911,0.7928338618745596,0.18507495397562934,0.20555215988718695,132295.92328829682,252.33331758629691,132548.25660588313,4441,0,975.8636363636364,41,3,18,34.00835744133718,0.6346544715447153,42.807539682539684,1028.7698412698414,25.09194734804491,0
4910,4,1,1,44,0.022222222222222223,0.022222222222222223,0.9777777777777777,45,1100,500,600,0.45454545454545453,17,5,12,337.5771294008563,0.8013888888888889,0.1864778283594677,0.20409479658271984,132532.04345703148,-51.92454043246218,132480.11891659902,4442,0,955.1555555555556,39,6,18,33.88815123925141,0.6402243589743588,42.578125000000014,1029.6875000000018,26.402243589743637,0
4911,4,1,2,43,0.022222222222222223,0.044444444444444446,0.9555555555555556,45,800,400,400,0.5,12,4,8,333.8544004269406,0.7972222222222223,0.18168745084821913,0.20256564541242025,132666.15125868094,-141.76432291662718,132524.3869357643,4443,0,956.1333333333333,39,6,15,33.849427030670704,0.641559829059829,42.447916666666686,1030.2083333333364,26.41559829059837,0
4912,4,0,0,43,0.0,0.0,1.0,43,1300,1100,200,0.8461538461538461,15,11,4,344.04646097691125,0.7888058324104835,0.17952330406252992,0.20832964094330583,132590.49236613358,523.4579315508993,133113.95029768447,4444,3,985.1627906976744,38,5,18,33.66290629322269,0.6425438596491228,42.52136752136753,1029.9145299145314,27.103013945119248,0
4913,4,0,1,42,0.0,0.023255813953488372,0.9767441860465116,43,1300,1000,300,0.7692307692307693,16,10,6,348.66064617374184,0.787329272794389,0.18140788566413812,0.21205426185321016,132755.59413580244,657.330246913573,133412.924382716,4445,4,986.1627906976744,38,5,15,33.37825696316263,0.6441885964912281,42.36111111111111,1030.5555555555552,27.11988304093566,0
4914,4,0,0,42,0.0,0.0,1.0,42,1200,900,300,0.75,15,9,6,360.1349026708919,0.7882065427797135,0.18286727456940222,0.21925311432036154,132793.26331178815,1164.6977916281844,133957.96110341634,4446,5,995.0238095238095,37,5,15,33.04476950354611,0.6463963963963963,42.32456140350877,1030.7017543859643,27.856804172593627,0
4915,4,0,0,42,0.0,0.0,1.0,42,650,400,250,0.6153846153846154,9,4,5,358.7368725514328,0.7877226093689508,0.18377548849788794,0.21873178182416123,132849.77709487517,1131.6227108340831,133981.39980570925,4447,6,996.0238095238095,37,5,15,33.02400198539318,0.6469594594594594,42.26973684210525,1030.9210526315776,27.8627311522048,0
4916,4,0,0,42,0.0,0.0,1.0,42,800,600,200,0.75,10,6,4,359.2641193978651,0.786657955865273,0.1860302606793458,0.21938440122191707,132906.30290089262,1149.6931748230218,134055.99607571564,4448,7,997.0238095238095,37,5,15,32.953619027364226,0.6475225225225225,42.21491228070175,1031.1403508771932,27.868658131816034,0
4917,4,0,0,42,0.0,0.0,1.0,42,1150,800,350,0.6956521739130435,15,8,7,358.03105709651453,0.7868757259001161,0.18100268276324627,0.21936217559162088,133030.99203740235,1125.845341149836,134156.83737855218,4449,8,998.0238095238095,38,4,16,32.860181924882625,0.6469298245614035,42.0940170940171,1031.623931623932,27.147998200629793,0
4918,4,1,2,41,0.023255813953488372,0.046511627906976744,0.9534883720930233,43,1100,800,300,0.7272727272727273,14,8,6,350.0636106209214,0.7910206718346253,0.17853858137657874,0.2157854793827474,133257.03125000017,729.6875000000163,133986.7187500002,4450,0,975.7906976744187,39,4,16,32.838983050847446,0.6474358974358974,41.87500000000001,1032.5000000000014,26.47435897435901,0
4919,4,0,0,41,0.0,0.0,1.0,41,800,500,300,0.625,11,5,6,365.69925372280056,0.7837906504065041,0.18858297012862768,0.22382126738909455,132991.11415291234,1526.9502394967583,134518.0643924091,4451,10,1024.0975609756097,37,4,16,32.702486623436435,0.6483671171171171,42.132675438596486,1031.4692982456133,27.877548601232792,0
4920,4,1,1,41,0.023809523809523808,0.023809523809523808,0.9761904761904762,42,850,600,250,0.7058823529411765,11,6,5,360.9707623835355,0.7888598528842431,0.18743164553220404,0.2228060912643203,133306.67529585806,1223.9624424720655,134530.63773833012,4452,0,1000.6904761904761,38,4,17,32.50762983654045,0.649671052631579,41.82692307692308,1032.6923076923083,27.176113360323903,0
4921,4,0,0,41,0.0,0.0,1.0,41,1150,800,350,0.6956521739130435,15,8,7,368.51895831242956,0.7816565040650406,0.19093603000600967,0.22709257274017275,133245.71021852887,1620.7140658664289,134866.4242843953,4453,12,1026.0975609756097,37,4,17,32.373973378646276,0.6509009009009008,41.885964912280706,1032.4561403508778,27.904220009483186,0
4922,4,1,1,41,0.023809523809523808,0.023809523809523808,0.9761904761904762,42,1200,500,700,0.4166666666666667,19,5,14,360.5191052970158,0.7863675958188153,0.1745374073481578,0.22388286580683944,133532.02830289782,1228.7465750976585,134760.77487799549,4454,0,1002.6428571428571,35,7,17,32.29329973870848,0.6577380952380951,41.6087962962963,1033.564814814815,29.530423280423285,0
4923,4,0,0,41,0.0,0.0,1.0,41,800,600,200,0.75,10,6,4,364.5291363163368,0.7807418699186992,0.18391030684500365,0.22600806451612918,133472.22222222245,1530.9027777778006,135003.12500000026,4455,14,1028.0975609756097,38,3,18,32.24966397849463,0.6513157894736841,41.66666666666668,1033.333333333335,27.192982456140395,0
4924,4,1,1,41,0.023809523809523808,0.023809523809523808,0.9761904761904762,42,1050,700,350,0.6666666666666666,14,7,7,354.87258790894344,0.7829316686024003,0.1822005231223267,0.221987828083838,133801.3214404363,1096.484241040801,134897.8056814771,4456,0,1004.5952380952381,35,7,15,32.16954264086214,0.6604166666666667,41.348379629629626,1034.6064814814808,29.560185185185166,0
4925,4,0,0,41,0.0,0.0,1.0,41,1000,900,100,0.9,11,9,2,362.97555292360505,0.7791158536585366,0.1880257909495886,0.22673577134099251,133749.15143140592,1509.5344387755133,135258.68587018142,4457,16,1030.0975609756097,34,7,17,32.01221851382975,0.6620710784313726,41.398809523809526,1034.4047619047622,30.42366946778712,0
4926,4,0,0,41,0.0,0.0,1.0,41,1250,800,450,0.64,17,8,9,361.01849504112363,0.7781504065040651,0.1928981426687293,0.22649290019952006,133908.95276611077,1468.7217200308496,135377.67448614162,4458,17,1031.0975609756097,36,5,17,31.90281253400065,0.6594328703703705,41.24436936936937,1035.022522522523,28.75062562562564,0
4927,4,0,0,41,0.0,0.0,1.0,41,1200,700,500,0.5833333333333334,17,7,10,361.77311696713764,0.776880081300813,0.19354137218658263,0.22804848229929853,134083.84471887432,1501.5860877769728,135585.43080665127,4459,18,1032.0975609756097,36,5,17,31.708256315465196,0.6611689814814814,41.075450450450454,1035.6981981981985,28.769394394394403,0
4928,4,0,0,41,0.0,0.0,1.0,41,950,500,450,0.5263157894736842,14,5,9,362.38371334997555,0.7748983739837398,0.1980066762293886,0.22879669039851913,134142.16739966313,1522.18734782079,135664.3547474839,4460,19,1033.0975609756097,36,5,17,31.63409972098415,0.6617476851851851,41.01914414414414,1035.9234234234232,28.775650650650643,0
4929,4,0,0,41,0.0,0.0,1.0,41,900,700,200,0.7777777777777778,11,7,4,360.8418745812952,0.7732215447154471,0.1952385495171769,0.2287319981850028,134288.0295836377,1491.34886575765,135779.37844939533,4461,20,1034.0975609756097,36,5,18,31.528185209329283,0.6631944444444444,40.87837837837838,1036.4864864864865,28.79129129129129,0
4930,4,0,0,41,0.0,0.0,1.0,41,800,400,400,0.5,12,4,8,361.5914213273416,0.771900406504065,0.19800110419128303,0.22942854343816682,134323.35550361648,1514.0346068020913,135837.39011041858,4462,21,1035.0975609756097,37,4,18,31.473450391368722,0.6615990990990992,40.844298245614034,1036.6228070175437,28.016832622095773,0
4931,4,0,0,41,0.0,0.0,1.0,41,1200,900,300,0.75,15,9,6,361.10408948247266,0.7710873983739838,0.19901077420586,0.22983327579577573,134437.044330948,1509.1532971683655,135946.19762811638,4463,22,1036.0975609756097,37,4,20,31.372471276520756,0.6627252252252251,40.73464912280702,1037.0614035087722,28.028686581318166,0
4932,4,0,0,41,0.0,0.0,1.0,41,1250,800,450,0.64,17,8,9,362.09093401719343,0.771239837398374,0.19982368498383796,0.23118113479559252,134550.78124999985,1544.0197945521547,136094.801044552,4464,23,1037.0975609756097,35,6,20,31.233266398929057,0.6678571428571429,40.62499999999999,1037.4999999999989,29.64285714285711,0
4933,4,0,0,41,0.0,0.0,1.0,41,1200,800,400,0.6666666666666666,16,8,8,358.96194301540095,0.7708841463414634,0.16631907560689907,0.21706449496829558,132539.1000716567,1332.6596885580198,133871.7597602147,4465,24,1038.0975609756097,37,4,19,33.33056028821922,0.6438626126126126,42.57127192982456,1029.7149122807018,27.830132764343293,8
4934,4,0,0,41,0.0,0.0,1.0,41,1200,700,500,0.5833333333333334,17,7,10,360.8656781931789,0.7697662601626016,0.16339075268147352,0.21903707443818538,132680.2718144045,1375.9512542320826,134056.22306863658,4466,25,1039.0975609756097,37,4,16,33.13954519653755,0.6452702702702702,42.434210526315795,1030.2631578947373,27.84495021337128,0
4935,4,0,1,40,0.0,0.024390243902439025,0.975609756097561,41,1150,900,250,0.782608695652174,14,9,5,361.7832788792356,0.7701727642276422,0.16668183472879505,0.2203589062264436,132810.65088757407,1409.7345496384087,134220.38543721248,4467,26,1040.0975609756097,38,3,16,32.98481550580432,0.644736842105263,42.307692307692314,1030.7692307692316,27.125506072874515,0
4936,4,1,1,40,0.024390243902439025,0.024390243902439025,0.975609756097561,41,650,400,250,0.6153846153846154,9,4,5,362.0386568559928,0.7747967479674797,0.1756279464597008,0.2214905699168415,132975.889628534,1428.4824950690497,134404.37212360304,4468,0,1036.8536585365853,38,3,16,32.812176299979285,0.6463815789473684,42.147435897435905,1031.4102564102575,27.142375168690986,0
4937,4,0,0,40,0.0,0.0,1.0,40,900,700,200,0.7777777777777778,11,7,4,372.8870056235827,0.7678151709401709,0.1887083909390619,0.22753124684481188,132878.0384950178,1909.6987775084754,134787.73727252628,4469,28,1063.775,37,3,16,32.63087578432416,0.6472409909909909,42.242324561403514,1031.0307017543867,27.86569464201045,0
4938,4,0,0,40,0.0,0.0,1.0,40,900,600,300,0.6666666666666666,12,6,6,371.18059604193076,0.767147435897436,0.18945885604933022,0.22700420587583894,132962.8407298401,1870.6452947060802,134833.48602454618,4470,29,1064.775,37,3,16,32.58957048692324,0.6480855855855854,42.160087719298254,1031.3596491228082,27.874585111427248,0
4939,4,0,1,39,0.0,0.025,0.975,40,850,600,250,0.7058823529411765,11,6,5,367.81887656167504,0.7664797008547009,0.183932270091135,0.22535907817763565,133030.99203740247,1786.2620078165162,134817.254045219,4471,30,1065.775,38,2,16,32.60774820491579,0.6469298245614034,42.094017094017104,1031.623931623933,27.147998200629814,0
4940,4,0,0,39,0.0,0.0,1.0,39,900,500,400,0.5555555555555556,13,5,8,373.1391633020556,0.7611336032388665,0.18760529285725935,0.22820201365534046,132962.84072984,2122.728628039399,135085.5693578794,4472,31,1091.8461538461538,37,2,16,32.53907080586858,0.6480855855855856,42.16008771929825,1031.3596491228075,27.87458511142723,0
4941,4,1,1,39,0.025,0.025,0.975,40,700,500,200,0.7142857142857143,9,5,4,369.6097630012406,0.7687232905982906,0.18524632581246125,0.22746302739605026,133196.3677496531,1846.1355833150806,135042.50333296816,4473,0,1065.525,38,2,16,32.395380528531014,0.6485745614035088,41.93376068376069,1032.264957264958,27.16486729644626,0
4942,4,0,0,39,0.0,0.0,1.0,39,800,600,200,0.75,10,6,4,376.57382533130453,0.7609086819613136,0.19305029826870568,0.23082626205486947,133047.6700162551,2220.454009887667,135268.1240261428,4474,33,1093.8461538461538,37,2,16,32.365177843908306,0.6489301801801801,42.077850877192986,1031.688596491229,27.883475580844028,0
4943,4,0,0,39,0.0,0.0,1.0,39,1100,800,300,0.7272727272727273,14,8,6,375.01281093423086,0.7601214574898786,0.1955049873443242,0.2302182363797815,133104.23790252785,2183.158880617125,135287.39678314497,4475,34,1094.8461538461538,37,2,16,32.34855931002727,0.6494932432432432,42.02302631578948,1031.9078947368432,27.88940256045522,0
4944,4,0,0,39,0.0,0.0,1.0,39,1100,700,400,0.6363636363636364,15,7,8,375.7034993332911,0.7589968511021142,0.19494152190136904,0.23116815311918976,133189.11227493078,2207.923110957221,135397.035385888,4476,35,1095.8461538461538,37,2,17,32.24541463069187,0.6503378378378377,41.94078947368421,1032.2368421052636,27.89829302987199,0
4945,4,0,0,39,0.0,0.0,1.0,39,750,500,250,0.6666666666666666,10,5,5,375.7034993332911,0.7589968511021142,0.19494152190136904,0.23116815311918976,133189.11227493078,2207.923110957221,135397.035385888,4477,36,1096.8461538461538,37,2,17,32.24541463069187,0.6503378378378377,41.94078947368421,1032.2368421052636,27.89829302987199,0
4946,4,0,0,39,0.0,0.0,1.0,39,950,700,250,0.7368421052631579,12,7,5,352.1445407169243,0.75944669365722,0.15782540489426045,0.2115121690785007,132285.1802958601,1517.3019582948432,133802.48225415495,4478,37,1097.8461538461538,37,2,16,33.7614581112769,0.6413288288288289,42.81798245614034,1028.7280701754373,27.8034613560929,7
4947,4,2,0,41,0.04878048780487805,0.0,1.0,41,850,400,450,0.47058823529411764,13,4,9,329.18075241302415,0.7773373983739837,0.1335900549174205,0.19391371685091183,131547.2334082112,465.86556642171524,132013.0989746329,4479,0,1045.2439024390244,38,3,17,35.09403422898007,0.632127192982456,43.5363247863248,1025.8547008547027,26.99617633828165,4
4948,4,1,3,39,0.023809523809523808,0.07142857142857142,0.9285714285714286,42,800,400,400,0.5,12,4,8,324.0498769011353,0.7812862950058072,0.13985107276862663,0.1926133716770403,131889.2700195314,147.74034288195932,132037.01036241336,4480,0,1021.3333333333334,39,3,12,34.88162542676536,0.6338141025641024,43.20312500000001,1027.1875000000011,26.338141025641054,0
4949,4,0,0,39,0.0,0.0,1.0,39,750,600,150,0.8,9,6,3,345.4252809170962,0.7571412505623032,0.14331823712315783,0.2026257575688945,131385.84530476414,1276.7985045856565,132662.6438093498,4481,40,1100.8461538461538,36,3,15,34.84022590802577,0.6342592592592593,43.69369369369369,1025.2252252252247,28.478478478478465,0
4950,4,0,0,39,0.0,0.0,1.0,39,950,800,150,0.8421052631578947,11,8,3,345.94468899085626,0.7566914080071975,0.1405568553915979,0.2033904636952696,131472.44953991144,1296.4391333901367,132768.88867330158,4482,41,1101.8461538461538,36,3,16,34.73953186193771,0.6351273148148149,43.60923423423423,1025.5630630630624,28.487862862862844,0
4951,4,0,0,39,0.0,0.0,1.0,39,650,500,150,0.7692307692307693,8,5,3,345.94468899085626,0.756016644174539,0.1405568553915979,0.2033904636952696,131472.44953991144,1296.4391333901367,132768.88867330158,4483,42,1102.8461538461538,36,3,16,34.73953186193771,0.6351273148148149,43.60923423423423,1025.5630630630624,28.487862862862844,0
4952,4,0,0,39,0.0,0.0,1.0,39,850,500,350,0.5882352941176471,12,5,7,343.6048748882796,0.7562415654520918,0.13774486208342807,0.2023204140502481,131530.201548677,1238.8836894326703,132769.08523810966,4484,43,1103.8461538461538,36,3,16,34.741281516448936,0.6357060185185186,43.552927927927925,1025.788288288288,28.49411911911911,0
4953,4,0,0,39,0.0,0.0,1.0,39,1250,1100,150,0.88,14,11,3,343.6280909894866,0.7554543409806568,0.14555325822467924,0.20325568133479388,131703.53366457683,1251.4067699456286,132954.94043452246,4485,44,1104.8461538461538,36,3,13,34.56596269884805,0.6374421296296295,43.38400900900901,1026.4639639639645,28.512887887887903,0
4954,4,0,0,39,0.0,0.0,1.0,39,1200,1000,200,0.8333333333333334,14,10,4,341.7648370722607,0.7537674313990104,0.1479765874384713,0.2028497759200755,131834.36850761762,1211.2702947060566,133045.63880232367,4486,45,1105.8461538461538,37,2,14,34.48199160082569,0.6368243243243243,43.25657894736842,1026.9736842105256,27.756045519203393,0
4955,4,0,0,39,0.0,0.0,1.0,39,1100,500,600,0.45454545454545453,17,5,12,338.74906538540927,0.7533175888439047,0.1416619456965278,0.20150730118069218,131918.83710612892,1137.4765552862564,133056.3136614152,4487,46,1106.8461538461538,37,2,14,34.47439694737966,0.6376689189189189,43.174342105263165,1027.3026315789484,27.764935988620227,0
4956,4,0,0,39,0.0,0.0,1.0,39,1400,900,500,0.6428571428571429,19,9,10,341.05304080420274,0.754442195231669,0.14052244683644033,0.2039357978686355,132116.03570329328,1211.715143120959,133327.75084641424,4488,47,1107.8461538461538,37,2,15,34.2167946530148,0.6396396396396395,42.98245614035088,1028.0701754385964,27.78568041725936,0
4957,4,0,0,39,0.0,0.0,1.0,39,900,700,200,0.7777777777777778,11,7,4,343.67183273398456,0.7542735042735043,0.13945656333716028,0.20611520403099579,132228.78674207444,1288.6618959679822,133517.44863804244,4489,48,1108.8461538461538,37,2,15,34.036069651741286,0.6407657657657657,42.872807017543856,1028.5087719298242,27.797534376481735,0
4958,4,0,0,39,0.0,0.0,1.0,39,750,500,250,0.6666666666666666,10,5,5,340.8375906757886,0.7544984255510572,0.13926751635861945,0.2051802943227886,132369.79316953284,1223.320276431197,133593.11344596403,4490,49,1109.8461538461538,37,2,16,33.967212750843544,0.6421734234234234,42.73574561403508,1029.0570175438588,27.812351825509698,0
4959,4,0,0,39,0.0,0.0,1.0,39,1250,1200,50,0.96,13,12,1,343.55564374395584,0.7551169590643275,0.13898812450154607,0.20728151564706013,132454.43309479824,1301.0936057248184,133755.52670052307,4491,50,1110.8461538461538,37,2,17,33.81222482601903,0.6430180180180181,42.653508771929815,1029.3859649122794,27.82124229492647,0
4960,4,0,0,39,0.0,0.0,1.0,39,750,600,150,0.8,9,6,3,342.26089656593854,0.7558479532163743,0.14202905673462562,0.20696536250165667,132539.10007165655,1272.5902441135586,133811.6903157701,4492,51,1111.8461538461538,37,2,17,33.760493202711814,0.6438626126126127,42.571271929824555,1029.714912280701,27.83013276434327,0
4961,4,0,0,39,0.0,0.0,1.0,39,1250,900,350,0.72,16,9,7,343.85527857927457,0.7562415654520918,0.13499470587593176,0.20871215746323402,132680.2718144044,1324.5623653431776,134004.8341797476,4493,52,1112.8461538461538,37,2,14,33.57767489711932,0.6452702702702702,42.43421052631579,1030.2631578947367,27.84495021337126,0
4962,4,0,0,39,0.0,0.0,1.0,39,1200,1100,100,0.9166666666666666,13,11,2,369.1848145847134,0.7554543409806568,0.17111353825349762,0.2192868838436912,131862.52170138885,1949.4210959141233,133811.94279730297,4494,53,1113.8461538461538,37,2,15,33.74957741717376,0.6371058558558559,43.229166666666664,1027.083333333333,27.759009009009002,5
4963,4,0,0,39,0.0,0.0,1.0,39,850,400,450,0.47058823529411764,13,4,9,370.07274744324695,0.7553418803418803,0.1691924581999289,0.2203037892975364,131946.99931709756,1965.997710834105,133912.99702793168,4495,54,1114.8461538461538,37,2,15,33.64149768765564,0.6379504504504505,43.146929824561404,1027.4122807017545,27.767899478425797,0
4964,4,0,0,39,0.0,0.0,1.0,39,1000,700,300,0.7,13,7,6,365.035010600007,0.7553981106612686,0.16826376126717468,0.21827603695061648,132116.03570329328,1845.395698676516,133961.4314019698,4496,55,1115.8461538461538,37,2,15,33.60041595563141,0.6396396396396395,42.98245614035088,1028.0701754385964,27.78568041725936,0
4965,4,1,0,40,0.025,0.0,1.0,40,1300,900,400,0.6923076923076923,17,9,8,361.25424350846407,0.7649305555555556,0.17155521243743976,0.21845065040489306,132539.10007165684,1576.36303958912,134115.46311124595,4497,0,1088.925,37,3,16,33.271549888190826,0.6438626126126126,42.57127192982457,1029.714912280703,27.830132764343322,0
4966,4,0,0,40,0.0,0.0,1.0,40,950,600,350,0.631578947368421,13,6,7,362.1741704711711,0.7655715811965812,0.17438271604938294,0.21983129882087396,132680.27181440467,1610.6734764543191,134290.94529085897,4498,1,1089.925,37,3,13,33.1058429118774,0.6452702702702702,42.4342105263158,1030.2631578947387,27.844950213371316,0
4967,4,0,0,40,0.0,0.0,1.0,40,1450,900,550,0.6206896551724138,20,9,11,359.82155755726274,0.764102564102564,0.16847548654684674,0.21955886474438313,132878.03849501783,1562.476555286254,134440.5150503041,4499,2,1090.925,37,3,13,32.967647736537984,0.6472409909909909,42.242324561403514,1031.0307017543869,27.865694642010457,0
4968,4,0,0,40,0.0,0.0,1.0,40,1150,1000,150,0.8695652173913043,13,10,3,362.82173371049083,0.7634348290598291,0.1735225340136055,0.22222831189767572,133019.39058171754,1652.4651815943441,134671.85576331188,4500,3,1091.925,37,3,14,32.74828160430838,0.6486486486486486,42.10526315789474,1031.5789473684217,27.880512091038426,0
4969,4,0,0,40,0.0,0.0,1.0,40,600,400,200,0.6666666666666666,8,4,4,362.82173371049083,0.7634348290598291,0.1735225340136055,0.22222831189767572,133019.39058171754,1652.4651815943441,134671.85576331188,4501,4,1092.925,37,3,14,32.74828160430838,0.6486486486486486,42.10526315789474,1031.5789473684217,27.880512091038426,0
4970,4,0,0,40,0.0,0.0,1.0,40,600,400,200,0.6666666666666666,8,4,4,346.67521866616266,0.7634348290598291,0.14698498833553075,0.20577188325284157,131835.7760959202,1140.8393012152837,132976.6153971355,4502,5,1093.925,39,1,17,34.35450265408933,0.6332799145299146,43.255208333333336,1026.9791666666672,26.33279914529916,3
4971,4,0,0,40,0.0,0.0,1.0,40,950,600,350,0.631578947368421,13,6,7,357.2307032439908,0.763568376068376,0.06479602510460225,0.20425391884046362,130398.95171305431,1380.526367116163,131779.47808017046,4503,6,1094.925,38,2,18,35.536523709902355,0.6206140350877192,44.65811965811966,1021.3675213675216,26.878092667566357,7
4972,4,0,0,40,0.0,0.0,1.0,40,850,600,250,0.7058823529411765,11,6,5,356.976994973308,0.7637820512820512,0.061574654956085384,0.20468393165016296,130508.09500328731,1317.6775147928986,131825.7725180802,4504,7,1095.925,38,2,13,35.43235048097031,0.6217105263157894,44.55128205128205,1021.7948717948717,26.889338731443992,0
4973,4,0,0,40,0.0,0.0,1.0,40,1150,900,250,0.782608695652174,14,9,5,359.65644991696223,0.7611111111111111,0.06235109717868337,0.20709459841788977,130671.89554569365,1399.3980111768592,132071.2935568705,4505,8,1096.925,38,2,15,35.19788401253919,0.6233552631578947,44.39102564102564,1022.4358974358977,26.906207827260467,0
4974,4,0,0,40,0.0,0.0,1.0,40,1100,700,400,0.6363636363636364,15,7,8,360.37931573347106,0.760576923076923,0.05648631710883656,0.20809840584030487,130781.15297866914,1426.1644842574472,132207.31746292658,4506,9,1097.925,38,2,15,35.06871910034119,0.6244517543859648,44.28418803418804,1022.863247863249,26.91745389113813,0
4975,4,0,0,40,0.0,0.0,1.0,40,750,500,250,0.6666666666666666,10,5,5,360.3561692451678,0.760844017094017,0.06271929824561417,0.20837987178090162,130835.79881656823,1429.4974523340104,132265.29626890225,4507,10,1098.925,38,2,16,35.0139672096909,0.6249999999999998,44.23076923076924,1023.0769230769245,26.92307692307696,0
4976,4,1,1,40,0.024390243902439025,0.024390243902439025,0.975609756097561,41,750,500,250,0.6666666666666666,10,5,5,354.53320731215587,0.7724085365853659,0.06075487234433008,0.20679000953189508,131168.01757812547,1100.683593750044,132268.70117187552,4508,0,1073.0975609756097,39,2,16,34.82687614399024,0.6266025641025639,43.90625000000002,1024.3750000000036,26.266025641025735,0
4977,4,0,0,40,0.0,0.0,1.0,40,1000,600,400,0.6,14,6,8,364.22043486500854,0.760309829059829,0.06443030050083465,0.21181363153800037,131054.49631090682,1546.545127474644,132601.04143838145,4509,12,1100.925,38,2,17,34.693673483583744,0.6271929824561402,44.01709401709403,1023.931623931626,26.945569050832262,0
4978,4,1,2,39,0.024390243902439025,0.04878048780487805,0.9512195121951219,41,1350,1200,150,0.8888888888888888,15,12,3,357.5520212065571,0.7673780487804878,0.06448825221891186,0.20972305595954308,131382.8849806415,1195.5285722112712,132578.41355285278,4510,0,1075.0487804878048,38,3,18,34.53240065304987,0.6304824561403508,43.6965811965812,1025.213675213676,26.979307242465158,0
4979,4,0,0,39,0.0,0.0,1.0,39,950,700,250,0.7368421052631579,12,7,5,373.05986307512154,0.7570287899235268,0.07630277379795714,0.2175483920629079,131159.5935768698,1986.076004155127,133145.66958102494,4511,14,1127.6410256410256,37,2,18,34.36095054592165,0.6300675675675675,43.91447368421053,1024.342105263158,27.684921763869134,0
4980,4,0,0,39,0.0,0.0,1.0,39,950,800,150,0.8421052631578947,11,8,3,371.20777162765137,0.7561853351327036,0.07205931973237001,0.21726230691319093,131300.0289151471,1947.9182296475967,133247.94714479469,4512,15,1128.6410256410256,37,2,19,34.26623069790665,0.6314752252252251,43.77741228070176,1024.890350877194,27.699739212897132,0
4981,4,1,1,39,0.025,0.025,0.975,40,1050,900,150,0.8571428571428571,12,9,3,367.6816756520943,0.7689903846153846,0.06978521051506759,0.21694609840808946,131609.25116381966,1678.0650055786462,133287.3161693983,4513,0,1101.4,37,3,14,34.04395526109569,0.634572072072072,43.47587719298246,1026.0964912280704,27.732337600758658,0
4982,4,0,0,39,0.0,0.0,1.0,39,900,500,400,0.5555555555555556,13,5,8,372.56511753520374,0.7577597840755735,0.06967627184946878,0.2197049052338667,131587.9662390431,2005.0172216135047,133592.9834606566,4514,17,1130.6410256410256,36,3,15,33.94020049024987,0.6362847222222222,43.49662162162162,1026.0135135135135,28.500375375375377,0
4983,4,0,0,39,0.0,0.0,1.0,39,450,300,150,0.6666666666666666,6,3,3,378.5051324863684,0.757085020242915,0.06778068702754902,0.21948333682471827,130942.84664619765,2119.964684697676,133062.81133089532,4515,18,1131.6410256410256,35,4,15,34.441201138376876,0.6318452380952382,44.126157407407405,1023.4953703703699,29.242724867724853,2
4984,4,0,1,38,0.0,0.02564102564102564,0.9743589743589743,39,900,500,400,0.5555555555555556,13,5,8,377.6217553409646,0.7564664867296447,0.06549573025595912,0.21952282605882703,131039.71370018687,2096.689341368418,133136.40304155528,4516,19,1132.6410256410256,36,3,15,34.3656052940314,0.630787037037037,44.03153153153154,1023.8738738738754,28.440940940940983,0
4985,4,0,0,38,0.0,0.0,1.0,38,1400,1000,400,0.7142857142857143,18,10,8,380.3652276624822,0.7527264106211474,0.08534694255427455,0.22178218659089372,131155.04017531063,2377.3633430728196,133532.40351838345,4517,20,1160.5526315789473,36,2,17,34.178485048372906,0.6319444444444444,43.918918918918926,1024.3243243243257,28.45345345345349,0
4986,4,1,1,38,0.02564102564102564,0.02564102564102564,0.9743589743589743,39,1500,1400,100,0.9333333333333333,16,14,2,375.4942107769621,0.7654071075123707,0.08060591858403021,0.22112991296453247,131535.81700370798,2078.415827751393,133614.23283145938,4518,0,1131.7692307692307,35,4,17,33.9178090563767,0.637797619047619,43.5474537037037,1025.810185185185,29.30886243386243,0
4987,4,0,0,38,0.0,0.0,1.0,38,700,600,100,0.8571428571428571,8,6,2,385.2096540590911,0.7517188240872451,0.08485574279324948,0.22634351705764053,131450.17715419497,2527.175453514737,133977.3526077097,4519,22,1162.5526315789473,34,4,17,33.75536916647318,0.639093137254902,43.63095238095238,1025.4761904761904,30.161064425770306,0
4988,4,0,0,38,0.0,0.0,1.0,38,700,500,200,0.7142857142857143,9,5,4,381.1036884008506,0.7515706495969654,0.08735013094057464,0.2244333548369926,131535.817003708,2425.7570033864868,133961.5740070945,4520,23,1163.5526315789473,35,3,18,33.773952574372856,0.637797619047619,43.5474537037037,1025.8101851851852,29.308862433862434,0
4989,4,0,0,38,0.0,0.0,1.0,38,1100,600,500,0.5454545454545454,16,6,10,380.6828043843489,0.7493183973447132,0.09457246114496964,0.22523520961206067,131713.9693313828,2428.2486443329817,134142.2179757158,4521,24,1164.5526315789473,35,3,15,33.60452606456948,0.6395833333333334,43.37384259259259,1026.504629629629,29.328703703703688,0
4990,4,0,0,38,0.0,0.0,1.0,38,850,400,450,0.47058823529411764,13,4,9,385.88926512760816,0.7483404457088668,0.08951638731717737,0.22920892494929,131862.52170138876,2576.8663194444257,134439.3880208332,4522,25,1165.5526315789473,35,3,16,33.32065584854631,0.6410714285714286,43.22916666666666,1027.0833333333321,29.34523809523806,0
4991,4,0,0,38,0.0,0.0,1.0,38,1250,700,550,0.56,18,7,11,382.8801778746809,0.7449917022285444,0.09339838959099866,0.2290319609468546,132130.126953125,2518.001302083334,134648.12825520834,4523,26,1166.5526315789473,35,3,17,33.127532928064845,0.64375,42.96875,1028.125,29.375,0
4992,4,0,0,38,0.0,0.0,1.0,38,750,300,450,0.4,12,3,9,380.94403200013005,0.7451102418207681,0.09114410711918342,0.22809180040611085,132166.3106307322,2469.593453250564,134635.90408398275,4524,27,1167.5526315789473,36,2,17,33.14076588909577,0.6420717592592593,42.933558558558566,1028.2657657657667,28.562937937937964,0
4993,4,0,0,38,0.0,0.0,1.0,38,900,500,400,0.5555555555555556,13,5,8,381.8015794025904,0.7434803224276909,0.09620126278919705,0.2294828440409255,132311.0948786625,2503.3169994318696,134814.41187809437,4525,28,1168.5526315789473,36,2,18,32.97258099824868,0.6435185185185186,42.792792792792795,1028.8288288288293,28.57857857857859,0
4994,4,0,0,38,0.0,0.0,1.0,38,900,700,200,0.7777777777777778,11,7,4,383.08498991256107,0.7449324324324325,0.10572665664818426,0.2311405869828861,132455.95838659615,2548.377896477568,135004.3362830737,4526,29,1169.5526315789473,36,2,18,32.79341246399009,0.6449652777777778,42.65202702702703,1029.3918918918926,28.594219219219237,0
4995,4,0,0,38,0.0,0.0,1.0,38,1000,800,200,0.8,12,8,4,382.70187409516984,0.7457029397818872,0.09920002302092001,0.23162201446726197,132571.9062601453,2547.103395625359,135119.00965577067,4527,30,1170.5526315789473,36,2,18,32.686349553490075,0.6461226851851851,42.539414414414416,1029.8423423423426,28.606731731731738,0
4996,4,1,1,38,0.02564102564102564,0.02564102564102564,0.9743589743589743,39,950,700,250,0.7368421052631579,12,7,5,374.2861893388718,0.7561291048133154,0.0983542191538791,0.22855761847680164,132906.30290089245,2148.998730378563,135055.30163127102,4528,0,1141.5128205128206,37,2,16,32.56637246561746,0.6475225225225225,42.214912280701746,1031.1403508771918,27.868658131815994,0
4997,4,0,0,38,0.0,0.0,1.0,38,750,600,150,0.8,9,6,3,381.3654708175052,0.7449917022285444,0.09984816154691178,0.23188541019607886,132745.9231824729,2524.9422987176267,135270.86548119053,4529,32,1172.5526315789473,36,2,16,32.545395767311405,0.6478587962962964,42.37049549549549,1030.5180180180173,28.62550050050048,0
4998,4,0,0,38,0.0,0.0,1.0,38,950,700,250,0.7368421052631579,12,7,5,382.9083497660444,0.745199146514936,0.09801086550346372,0.23354603211912972,132861.99787202742,2574.793670359547,135436.79154238696,4530,33,1173.5526315789473,36,2,16,32.388722009830694,0.6490162037037037,42.25788288288288,1030.9684684684685,28.638013013013012,0
4999,4,1,0,39,0.02564102564102564,0.0,1.0,39,1150,800,350,0.6956521739130435,15,8,7,375.69871469268764,0.7535425101214576,0.10145839290820757,0.23134096787649785,133217.4097438634,2209.9219230917124,135427.3316669551,4531,0,1144.4358974358975,37,2,18,32.21709594618517,0.6506193693693694,41.91337719298245,1032.3464912280695,27.901256519677553,0
5000,4,0,0,39,0.0,0.0,1.0,39,800,500,300,0.625,11,5,6,379.1228853097488,0.7511808367071525,0.10044096031357186,0.23433973619539603,133358.94217451525,2311.885387811636,135670.8275623269,4532,1,1145.4358974358975,37,2,18,31.98646496815287,0.652027027027027,41.776315789473685,1032.8947368421054,27.916073968705554,0
