period,mktsize,entries,exits,surviv,entryrate,exitrate,survivrate,firms,totresinv,totinninv,totimiinv,costshareinn,firmsres,firmsinn,firmsimi,hindex,div,gini,pcm,cs,totprofits,ts,maxage,minage,avgage,actfirms,inactfirms,profitablefirms,wmc,avgproxopt,price,totoutput,avgoutput,magtechshock
1,4,40,29,11,1.0,0.725,0.275,40,0,0,0,0,0,0,0,413.08298101293076,0.9912660256410256,0.0659935624924084,0.18413168287382023,120079.16843820864,3120.532171201815,123199.70060941046,0,0,0.0,34,6,11,44.84847564678732,0.5223651960784313,54.970238095238095,980.1190476190478,28.827030812324935,0
2,4,40,36,15,0.7843137254901961,0.7058823529411765,0.2941176470588235,51,750,700,50,0.9333333333333333,8,7,1,375.50897111269956,1.0011437908496732,-0.25023463460416495,0.17807879427614526,122766.47764628519,1619.9827416173453,124386.46038790254,1,0,0.21568627450980393,38,13,15,42.940114273393704,0.542763157894737,52.24358974358974,991.0256410256397,26.07962213225368,0
3,4,28,24,19,0.6511627906976745,0.5581395348837209,0.4418604651162791,43,450,200,250,0.4444444444444444,7,2,5,370.86620006512743,0.9877722406792174,-0.19530567340794003,0.1800535024052452,123764.33020858685,1980.0013696128428,125744.3315781997,2,0,0.5813953488372093,36,7,17,42.01302437000149,0.556712962962963,51.23873873873873,995.045045045044,27.64014014014011,0
4,4,21,23,17,0.525,0.575,0.42500000000000004,40,550,300,250,0.5454545454545454,8,3,5,336.4074261167352,0.9834935897435897,-0.20679275981289424,0.16759020407456787,124847.60745092187,399.93245587941556,125247.53990680129,3,0,1.075,40,0,14,41.74738153345536,0.5609375000000001,50.15243902439023,999.3902439024373,24.984756097560933,0
5,4,18,16,19,0.5142857142857142,0.45714285714285713,0.5428571428571429,35,600,300,300,0.5,9,3,6,370.9817108215534,0.9785714285714285,-0.17746311122874303,0.18497679299393383,124884.28605109736,2265.957218792866,127150.24326989023,4,0,1.5714285714285714,35,0,18,40.8454917400031,0.5702380952380952,50.11574074074074,999.5370370370367,28.55820105820105,0
6,4,12,9,22,0.3870967741935484,0.2903225806451613,0.7096774193548387,31,750,400,350,0.5333333333333333,11,4,7,380.55505706744395,0.9709677419354839,-0.15262855151507504,0.1907243642171674,125097.67532348655,3321.310594346814,128418.98591783336,5,0,2.161290322580645,31,0,21,40.384750965334725,0.5816532258064515,49.902343750000014,1000.3906250000017,32.2706653225807,0
7,4,8,9,21,0.26666666666666666,0.3,0.7,30,650,500,150,0.7692307692307693,8,5,3,372.0554047198316,0.9653735632183909,-0.0890541929142653,0.18922327025321492,125706.64103147754,3353.967040987387,129060.60807246494,6,0,2.966666666666667,30,0,17,39.96671581110665,0.590625,49.29435483870967,1002.8225806451605,33.42741935483868,0
8,4,8,10,19,0.27586206896551724,0.3448275862068966,0.6551724137931034,29,650,600,50,0.9230769230769231,7,6,1,397.8046363857322,0.9614121510673235,-0.07545503417556254,0.19627943048043264,124445.06172839498,4100.96450617283,128546.0262345678,7,0,3.6551724137931036,29,0,18,40.63253990348923,0.5804597701149425,50.55555555555555,997.7777777777771,34.40613026819921,7
9,4,12,8,23,0.3870967741935484,0.25806451612903225,0.7419354838709677,31,750,400,350,0.5333333333333333,11,4,7,404.1970304638339,0.9737455197132616,-0.14610339198563116,0.20320880138492434,125227.96842786997,3923.354593912757,129151.32302178272,8,0,3.4516129032258065,31,0,20,39.657999436277706,0.582997311827957,49.772135416666664,1000.911458333333,32.28746639784945,0
10,4,7,5,25,0.23333333333333334,0.16666666666666666,0.8333333333333334,30,600,400,200,0.6666666666666666,8,4,4,375.4416027051954,0.9596264367816092,-0.08338016860698494,0.19282990357497765,126111.33015738802,3469.4879827147515,129580.81814010277,9,0,4.333333333333333,30,0,23,39.46345733529597,0.5947916666666667,48.89112903225806,1004.4354838709667,33.48118279569889,0
11,4,6,4,27,0.1935483870967742,0.12903225806451613,0.8709677419354839,31,650,400,250,0.6153846153846154,9,4,5,360.1994130010328,0.9586021505376344,-0.05552357833445931,0.1879745114811059,126763.9923095704,2932.063123914947,129696.05543348535,10,0,5.0,31,0,18,39.1738858719076,0.598790322580645,48.24218750000001,1007.0312500000007,32.484879032258085,0
12,4,8,13,22,0.22857142857142856,0.37142857142857144,0.6285714285714286,35,750,600,150,0.8,9,6,3,323.76259661482544,0.9635854341736694,-0.08251203300481336,0.17205556748239764,127500.81045310362,1255.998692558304,128756.80914566193,11,0,5.171428571428572,35,0,11,39.336943234777294,0.5970238095238095,47.511574074074076,1009.9537037037042,28.85582010582012,0
13,4,9,8,23,0.2903225806451613,0.25806451612903225,0.7419354838709677,31,500,300,200,0.6,7,3,4,362.4341505621412,0.956810035842294,-0.08616600461008161,0.18990371639813225,126927.95011732321,3000.6047566731813,129928.5548739964,12,0,5.838709677419355,31,0,21,38.94896519791531,0.6004704301075269,48.079427083333336,1007.6822916666673,32.50588037634411,0
14,4,3,1,25,0.11538461538461539,0.038461538461538464,0.9615384615384616,26,700,600,100,0.8571428571428571,8,6,2,418.13326751092353,0.9491025641025641,-0.004469247321998715,0.21420275893118645,126005.09878448404,5337.384735558599,131342.48352004265,13,0,7.846153846153846,26,0,23,38.501639512245106,0.6065705128205128,48.99691358024691,1004.0123456790121,38.615859449192776,1
15,4,6,4,27,0.1935483870967742,0.12903225806451613,0.8709677419354839,31,550,200,350,0.36363636363636365,9,2,7,379.22738908108835,0.9556451612903226,-0.004489279686440639,0.19477431468061668,126111.33015738809,3579.9041730820863,129691.23433047018,14,0,7.387096774193548,30,1,20,39.36839288103841,0.5947916666666666,48.891129032258064,1004.4354838709673,33.48118279569891,7
16,4,5,4,28,0.15625,0.125,0.875,32,850,400,450,0.47058823529411764,13,4,9,363.95500769051097,0.9570732526881721,-0.005684389140271584,0.19008723730493582,126796.7753940157,2829.6642727321837,129626.43966674789,15,0,7.84375,31,1,19,39.045599008834294,0.5991263440860216,48.20963541666666,1007.1614583333321,32.48907930107523,0
17,4,3,3,28,0.0967741935483871,0.0967741935483871,0.9032258064516129,31,800,500,300,0.625,11,5,6,369.7272095718466,0.9506272401433692,0.026446536957616118,0.19402269731135602,126990.38770739388,3190.360337900331,130180.74804529421,16,0,8.96774193548387,30,1,21,38.700993465795456,0.6038194444444445,48.01747311827957,1007.9301075268813,33.597670250896044,0
18,4,4,3,29,0.125,0.09375,0.90625,32,900,700,200,0.7777777777777778,11,7,4,360.6429031378815,0.9547631048387097,0.009051779726592768,0.19127394466013226,127420.45932345932,2790.656873914948,130211.11619737427,17,0,9.15625,31,1,16,38.488199638896056,0.605510752688172,47.59114583333334,1009.6354166666677,32.56888440860218,0
19,4,5,6,28,0.14705882352941177,0.17647058823529413,0.8235294117647058,34,1150,700,450,0.6086956521739131,16,7,9,341.00188929282496,0.9555109922756982,0.024888005806834812,0.1847304630517445,128272.40404359254,1950.2778840179387,130222.68192761048,18,0,9.470588235294118,32,2,19,38.112821471602466,0.6116536458333333,46.74873737373738,1013.0050505050509,31.65640782828284,0
20,4,2,3,27,0.06666666666666667,0.1,0.9,30,700,500,200,0.7142857142857143,9,5,4,383.34698758251665,0.9474137931034483,0.034983952315451594,0.2034257372061969,127442.3707561729,3770.929783950626,131213.3005401235,19,0,11.3,29,1,19,37.89259513984412,0.6113505747126435,47.56944444444445,1009.7222222222227,34.818007662835264,0
21,4,3,4,26,0.1,0.13333333333333333,0.8666666666666667,30,900,500,400,0.5555555555555556,13,5,8,394.5283267474148,0.9450670498084291,0.05064417585336689,0.212323357546911,128008.47867166722,4100.594179962998,132109.07285163022,20,0,11.566666666666666,30,0,21,37.02821313144731,0.6142361111111111,47.009408602150536,1011.9623655913977,33.73207885304659,0
22,4,0,1,25,0.0,0.038461538461538464,0.9615384615384616,26,1100,900,200,0.8181818181818182,13,9,4,439.14911068718493,0.9397435897435897,0.08095618841568131,0.23281308607095305,127403.41840039617,5989.81957780825,133393.23797820442,21,1,13.26923076923077,26,0,21,36.52425354122084,0.6209935897435898,47.60802469135802,1009.567901234567,38.829534662867964,0
23,4,1,3,23,0.038461538461538464,0.11538461538461539,0.8846153846153846,26,900,700,200,0.7777777777777778,11,7,4,441.2987649308582,0.9343589743589743,0.056775997368544884,0.23531142612111208,127637.22184118265,6065.229671543962,133702.4515127266,22,0,13.576923076923077,26,0,21,36.228301262472016,0.6233974358974359,47.37654320987654,1010.493827160493,38.8651471984805,0
24,4,3,2,24,0.11538461538461539,0.07692307692307693,0.9230769230769231,26,950,700,250,0.7368421052631579,12,7,5,431.0806777901854,0.9322435897435898,0.0030091153318241304,0.23187826121987257,127988.32887993447,5834.659112559065,133822.98799249355,23,0,13.307692307692308,26,0,22,36.124243810685776,0.6270032051282051,47.02932098765432,1011.8827160493829,38.91856600189934,0
25,4,1,0,25,0.04,0.0,1.0,25,750,500,250,0.6666666666666666,10,5,5,434.8211098175586,0.9309722222222222,0.04158019990480688,0.23128079790549136,127536.78000184915,6091.136844592378,133627.91684644154,24,0,14.8,25,0,23,36.49568327251574,0.62625,47.47596153846154,1010.0961538461543,40.40384615384617,2
26,4,3,3,25,0.10714285714285714,0.10714285714285714,0.8928571428571429,28,900,500,400,0.5555555555555556,13,5,8,395.245101819,0.9319885361552027,0.004588166201732191,0.21484552182675248,128408.3387586806,4551.998004499513,132960.33676318012,25,0,14.107142857142858,27,1,20,36.59964885234669,0.6277006172839505,46.614583333333336,1013.5416666666671,37.5385802469136,0
27,4,5,5,25,0.16666666666666666,0.16666666666666666,0.8333333333333334,30,1000,700,300,0.7,13,7,6,373.01471397995675,0.9369252873563219,-0.01398614150255284,0.20538280034800044,128919.13580246917,3617.746913580253,132536.88271604944,26,0,14.0,29,1,21,36.640681983953314,0.6264367816091954,46.111111111111114,1015.5555555555559,35.01915708812262,0
28,4,2,2,25,0.07407407407407407,0.07407407407407407,0.9259259259259259,27,600,300,300,0.5,9,3,6,408.9230564657602,0.935303893637227,0.015877043126243606,0.22255307025050378,128457.22176973792,5105.823950236249,133563.04571997418,27,0,16.185185185185187,26,1,21,36.2028720759121,0.6318108974358974,46.56635802469136,1013.7345679012352,38.98979107312443,0
29,4,0,0,25,0.0,0.0,1.0,25,750,400,350,0.5333333333333333,11,4,7,434.5287920421653,0.9277777777777778,0.05038632045598468,0.23417097700838868,128063.41428336619,6129.448142669297,134192.86242603548,28,2,18.48,25,0,24,35.95959995777919,0.6316666666666667,46.955128205128204,1012.1794871794871,40.48717948717948,0
30,4,1,2,24,0.038461538461538464,0.07692307692307693,0.9230769230769231,26,650,400,250,0.6153846153846154,9,4,5,421.7980677406947,0.9277564102564102,0.03593149418576291,0.2291624553601508,128388.03624260354,5630.7908037475245,134018.82704635107,29,0,18.73076923076923,25,1,21,35.94771241830063,0.635,46.63461538461538,1013.4615384615385,40.53846153846154,0
31,4,0,0,24,0.0,0.0,1.0,24,950,800,150,0.8421052631578947,11,8,3,435.27595192506334,0.9209692028985507,0.012855849925950347,0.23554514335250307,128228.92013888886,6362.993055555551,134591.9131944444,30,4,20.083333333333332,24,0,24,35.770116833964124,0.6375868055555556,46.791666666666664,1012.833333333333,42.20138888888888,0
32,4,0,0,24,0.0,0.0,1.0,24,550,400,150,0.7272727272727273,7,4,3,435.36147013254566,0.9198369565217391,0.014738949215750363,0.2358401974568281,128271.12499999985,6368.861111111081,134639.98611111095,31,5,21.083333333333332,24,0,24,35.724470768893255,0.6380208333333335,46.749999999999986,1012.9999999999989,42.208333333333286,0
33,4,2,1,25,0.07692307692307693,0.038461538461538464,0.9615384615384616,26,1000,600,400,0.6,14,6,8,429.18181884142166,0.9268589743589744,0.04679183654286723,0.2286292406798038,127598.23971669721,5752.568920515172,133350.80863721238,32,0,20.384615384615383,26,0,21,36.57463978412504,0.6229967948717949,47.41512345679013,1010.33950617284,38.85921177587846,5
34,4,0,0,25,0.0,0.0,1.0,25,550,300,250,0.5454545454545454,8,3,5,445.30511463844806,0.9204166666666667,0.0584380952380954,0.2361466517022073,127415.40310650886,6347.746137409597,133763.14924391845,33,1,22.2,25,0,21,36.35648148148148,0.625,47.59615384615385,1009.6153846153845,40.38461538461538,0
35,4,3,3,25,0.10714285714285714,0.10714285714285714,0.8928571428571429,28,850,500,350,0.5882352941176471,12,5,7,405.87871242444743,0.9201388888888888,0.023061571813521864,0.2199731592086687,128290.04667475897,4814.039792244693,133104.08646700365,34,0,20.714285714285715,28,0,22,36.45168534014087,0.6231398809523809,46.731321839080465,1013.0747126436788,36.18123973727425,0
36,4,2,1,26,0.07407407407407407,0.037037037037037035,0.962962962962963,27,650,500,150,0.7692307692307693,8,5,3,411.8073915555559,0.9240265906932574,0.02344790833999455,0.22384837540980781,128408.33875868059,5175.900607638893,133584.2393663195,35,0,21.25925925925926,27,0,21,36.179984583761566,0.6277006172839505,46.614583333333336,1013.541666666667,37.53858024691359,0
37,4,2,1,27,0.07142857142857142,0.03571428571428571,0.9642857142857143,28,950,700,250,0.7368421052631579,12,7,5,397.3601682792061,0.9204695767195766,0.02446799911080544,0.21893523223427216,128945.88793516337,4647.591945765652,133593.47988092902,36,0,21.428571428571427,28,0,22,35.995190267364535,0.6298363095238094,46.08477011494254,1015.6609195402316,36.27360426929398,0
38,4,3,4,26,0.1,0.13333333333333333,0.8666666666666667,30,650,500,150,0.7692307692307693,8,5,3,372.7584413180508,0.9223180076628352,0.014185146075325505,0.20887706741313294,129611.66030755022,3662.768094577435,133274.42840212767,37,0,20.9,30,0,17,35.94079989440338,0.6305555555555554,45.430107526881734,1018.2795698924748,33.94265232974916,0
39,4,0,0,26,0.0,0.0,1.0,26,850,600,250,0.7058823529411765,11,6,5,421.75652623216365,0.9108333333333334,0.036766682641169446,0.23226608360952883,128926.97199836152,5675.158369532079,134602.1303678936,38,1,23.73076923076923,26,0,23,35.39514004963784,0.6366185897435896,46.10339506172839,1015.5864197530864,39.06101614434947,0
40,4,0,0,26,0.0,0.0,1.0,26,1050,700,350,0.6666666666666666,14,7,7,420.21551805499735,0.9068589743589743,0.031057677710174758,0.23279727648681797,129162.16861473088,5655.189519509205,134817.3581342401,39,2,24.73076923076923,26,0,25,35.19305703152675,0.6390224358974359,45.871913580246904,1016.5123456790114,39.09662867996198,0
41,4,2,0,28,0.07142857142857142,0.0,1.0,28,700,400,300,0.5714285714285714,10,4,6,397.37202491607854,0.9045414462081128,0.02743227468502174,0.2249239739118283,130006.03819857315,4732.152530056814,134738.19072862997,40,0,23.892857142857142,28,0,21,34.9118296233681,0.640625,45.043103448275865,1019.8275862068967,36.42241379310345,0
42,4,0,0,28,0.0,0.0,1.0,28,850,600,250,0.7058823529411765,11,6,5,397.3255306486811,0.9036596119929453,0.02129778672032212,0.2253203887863924,130079.31199630056,4736.766333069079,134816.07832936963,41,1,24.892857142857142,28,0,21,34.83832159624413,0.6413690476190477,44.97126436781608,1020.1149425287344,36.432676518883376,0
43,4,0,2,26,0.0,0.07142857142857142,0.9285714285714286,28,650,400,250,0.6153846153846154,9,4,5,396.423265537497,0.9026675485008818,0.021285794723294504,0.22565632038288272,130225.92152199749,4724.917013476,134950.83853547348,42,2,25.892857142857142,28,0,21,34.7119580518018,0.6428571428571429,44.82758620689654,1020.6896551724127,36.45320197044331,0
44,4,1,1,26,0.037037037037037035,0.037037037037037035,0.962962962962963,27,950,600,350,0.631578947368421,13,6,7,410.54927184008136,0.899928774928775,0.011796542057589177,0.23323416379514803,130148.67942619749,5286.4891138747025,135435.1685400722,43,0,25.666666666666668,27,0,21,34.43029629089495,0.6454475308641976,44.9032738095238,1020.3869047619041,37.792107583774225,0
45,4,2,1,27,0.07142857142857142,0.03571428571428571,0.9642857142857143,28,900,600,300,0.6666666666666666,12,6,6,395.7895086125371,0.9026124338624338,0.014718888821885656,0.22593381828990364,130335.93285523188,4717.118963865769,135053.05181909766,44,0,25.678571428571427,28,0,22,34.616106186389004,0.6439732142857143,44.7198275862069,1021.1206896551724,36.4685960591133,1
46,4,1,2,26,0.03571428571428571,0.07142857142857142,0.9285714285714286,28,800,700,100,0.875,9,7,2,397.3800677193192,0.9016754850088183,0.01572794472119554,0.22791669690482225,130519.38829435846,4773.160671819247,135292.5489661777,45,0,26.642857142857142,28,0,18,34.38876781027371,0.6458333333333335,44.540229885057464,1021.8390804597693,36.49425287356319,0
47,4,0,0,26,0.0,0.0,1.0,26,950,700,250,0.7368421052631579,12,7,5,422.9699780976094,0.8985897435897436,0.03674024795887498,0.24075072591545493,130223.20578036872,5816.1012993445975,136039.30707971333,46,2,29.5,26,0,23,34.03733242616673,0.6498397435897437,44.83024691358024,1020.6790123456781,39.25688509021839,0
48,4,2,1,27,0.07142857142857142,0.03571428571428571,0.9642857142857143,28,750,600,150,0.8,9,6,3,395.0667268607652,0.8972663139329805,0.02558755113499611,0.22919017607134295,130960.20775531768,4747.604125379826,135707.8118806975,47,0,28.321428571428573,28,0,20,33.999801141680706,0.6502976190476191,44.109195402298845,1023.5632183908041,36.555829228243006,0
49,4,0,0,27,0.0,0.0,1.0,27,650,300,350,0.46153846153846156,10,3,7,409.94520513852194,0.895536562203229,0.03711246888436315,0.23680364202707554,130794.81336805549,5323.741319444436,136118.5546874999,48,1,30.37037037037037,27,0,20,33.78733876442633,0.6520061728395061,44.27083333333333,1022.9166666666661,37.88580246913578,0
50,4,0,0,27,0.0,0.0,1.0,27,700,400,300,0.5714285714285714,10,4,6,409.5045586050035,0.8944681861348528,0.03770495335358626,0.23701627482895657,130870.93431122448,5318.448837868477,136189.38314909296,49,2,31.37037037037037,27,0,21,33.7211557106845,0.6527777777777778,44.19642857142857,1023.2142857142856,37.89682539682539,0
51,4,0,0,27,0.0,0.0,1.0,27,750,500,250,0.6666666666666666,10,5,5,408.6838608943258,0.8928062678062678,0.03467847027021209,0.23700907211055397,130947.07739866772,5303.191432823115,136250.26883149083,50,3,32.370370370370374,27,0,22,33.66470388678879,0.6535493827160493,44.1220238095238,1023.5119047619041,37.907848324514966,0
52,4,0,0,27,0.0,0.0,1.0,27,450,300,150,0.6666666666666666,6,3,3,422.99472675957963,0.8918566001899335,0.03740083728355259,0.23211963243983053,128785.67719405472,5495.132467049323,134280.80966110405,51,4,33.370370370370374,27,0,19,35.50875360406587,0.6315586419753085,46.242559523809526,1015.029761904762,37.59369488536156,6
53,4,0,1,26,0.0,0.037037037037037035,0.962962962962963,27,750,500,250,0.6666666666666666,10,5,5,423.86206150799666,0.8911443494776828,0.03890978770064257,0.23303874662925558,128861.2113139527,5523.875735189918,134385.08704914263,52,5,34.370370370370374,27,0,19,35.409185842005,0.6323302469135803,46.168154761904766,1015.3273809523813,37.60471781305116,0
54,4,0,0,26,0.0,0.0,1.0,26,850,600,250,0.7058823529411765,11,6,5,429.49938929189307,0.8871153846153846,0.02445852278704419,0.2365301657681966,128926.97199836152,5874.811147309857,134801.7831456714,53,6,35.07692307692308,26,0,21,35.1985513853011,0.6366185897435896,46.10339506172839,1015.5864197530864,39.06101614434947,0
55,4,1,1,26,0.037037037037037035,0.037037037037037035,0.962962962962963,27,1100,900,200,0.8181818181818182,13,9,4,418.8280652548173,0.8924501424501425,0.011532750192393415,0.23270495918304235,129277.04480229587,5428.970911281178,134706.01571357704,54,0,34.74074074074074,27,0,21,35.110598965954544,0.6365740740740741,45.75892857142857,1016.9642857142853,37.665343915343904,0
56,4,1,1,26,0.037037037037037035,0.037037037037037035,0.962962962962963,27,950,700,250,0.7368421052631579,12,7,5,418.29622789918284,0.8878205128205129,0.0191033138401564,0.23375377441424922,129504.14540816323,5434.219104308389,134938.36451247163,55,0,35.7037037037037,27,0,17,34.89156920077974,0.638888888888889,45.535714285714285,1017.8571428571425,37.69841269841269,0
57,4,2,2,26,0.07142857142857142,0.07142857142857142,0.9285714285714286,28,650,500,150,0.7692307692307693,8,5,3,407.8247475902165,0.8942350088183421,0.01739099760124163,0.22847857598196564,129603.40131209542,4971.094885387774,134574.49619748318,56,0,34.642857142857146,28,0,17,35.05655895771601,0.6365327380952381,45.4382183908046,1018.2471264367819,36.365968801313635,2
58,4,0,0,26,0.0,0.0,1.0,26,1000,700,300,0.7,13,7,6,431.6868556431382,0.8848076923076923,0.05183642029340696,0.2401053219868289,129319.08543381338,5965.069873113848,135284.15530692722,57,2,38.30769230769231,26,0,23,34.740555302685486,0.640625,45.71759259259259,1017.1296296296291,39.12037037037035,0
59,4,1,1,26,0.037037037037037035,0.037037037037037035,0.962962962962963,27,700,300,400,0.42857142857142855,11,3,8,418.69000219682755,0.8886514719848053,0.03789232085052019,0.23442528600905824,129579.88989866774,5450.760877267564,135030.6507759353,58,0,37.851851851851855,27,0,18,34.80402903634414,0.6396604938271606,45.46130952380952,1018.1547619047614,37.70943562610227,0
60,4,0,0,26,0.0,0.0,1.0,26,1150,800,350,0.6956521739130435,15,8,7,427.8974764882625,0.8842307692307693,0.05449009589136944,0.23871031810182763,129436.83556241423,5877.139060356645,135313.97462277088,59,4,40.30769230769231,26,0,19,34.71621929026387,0.6418269230769231,45.60185185185185,1017.5925925925923,39.138176638176624,0
61,4,2,2,26,0.07142857142857142,0.07142857142857142,0.9285714285714286,28,850,500,350,0.5882352941176471,12,5,7,405.39210583573976,0.8911485890652557,0.028457698423880906,0.22924842829611516,129969.40904098953,4937.714485070673,134907.1235260602,60,0,38.357142857142854,28,0,19,34.744727819266345,0.6402529761904763,45.07902298850574,1019.6839080459768,36.417282430213454,0
62,4,1,1,26,0.037037037037037035,0.037037037037037035,0.962962962962963,27,750,500,250,0.6666666666666666,10,5,5,416.49902754922255,0.8871082621082621,0.04360733927093974,0.2347820444184877,129845.17000159435,5416.077407525503,135261.24740911985,61,0,40.74074074074074,27,0,20,34.58853482260183,0.6423611111111112,45.200892857142854,1019.1964285714283,37.748015873015866,0
63,4,2,3,25,0.07142857142857142,0.10714285714285714,0.8928571428571429,28,1000,800,200,0.8,12,8,4,407.4217798879962,0.8899911816578483,0.027409105534105693,0.23191701316701313,130225.92152199757,5011.375346809347,135237.2968688069,62,0,40.214285714285715,28,0,21,34.43130630630632,0.6428571428571429,44.82758620689655,1020.6896551724134,36.45320197044334,0
64,4,2,2,25,0.07407407407407407,0.07407407407407407,0.9259259259259259,27,800,700,100,0.875,9,7,2,412.88367466140795,0.8869895536562203,0.009376738558596776,0.23456034442032095,130148.67942619747,5347.253002763592,135495.93242896107,63,0,40.48148148148148,27,0,21,34.37074643916193,0.6454475308641976,44.9032738095238,1020.386904761904,37.792107583774225,0
65,4,2,1,26,0.07407407407407407,0.037037037037037035,0.962962962962963,27,850,600,250,0.7058823529411765,11,6,5,409.93972116492677,0.8856837606837608,0.02235058708045501,0.2351759452998791,130528.564453125,5301.768663194444,135830.33311631944,64,0,41.407407407407405,27,0,19,34.05857118586477,0.6493055555555556,44.53125,1021.875,37.84722222222222,0
66,4,2,0,28,0.07142857142857142,0.0,1.0,28,800,500,300,0.625,11,5,6,394.44217270792143,0.8902667548500881,0.027714852045872984,0.21613227818743577,128727.08839096971,4555.078486259745,133282.16687722947,65,0,40.857142857142854,28,0,22,36.293300769267084,0.6276041666666667,46.30028735632184,1014.7988505747123,36.24281609195401,5
67,4,0,0,28,0.0,0.0,1.0,28,550,400,150,0.7272727272727273,7,4,3,396.5873455913622,0.8902667548500881,0.030052573046204012,0.21770703936309038,128800.00092895362,4616.09009611574,133416.09102506936,66,1,41.857142857142854,28,0,22,36.16418966737439,0.6283482142857143,46.22844827586207,1015.0862068965517,36.25307881773399,0
68,4,3,0,31,0.0967741935483871,0.0,1.0,31,1100,900,200,0.8181818181818182,13,9,4,375.23243367790457,0.9006272401433691,0.042492953335421246,0.19441117036631878,126469.13528442393,3291.0642835829126,129760.19956800684,67,0,38.70967741935484,31,0,20,39.09937971952537,0.595766129032258,48.53515625000001,1005.8593750000008,32.44707661290325,8
69,4,5,4,32,0.1388888888888889,0.1111111111111111,0.8888888888888888,36,1150,1000,150,0.8695652173913043,13,10,3,335.9876410581552,0.9138558201058201,0.026017349151677305,0.17650496704562926,127033.66796339166,1347.3729618946402,128381.0409252863,68,0,34.19444444444444,35,1,17,39.50679295828548,0.5922619047619048,47.97453703703704,1008.1018518518521,28.80291005291006,4
70,4,3,2,33,0.08571428571428572,0.05714285714285714,0.9428571428571428,35,950,900,50,0.9473684210526315,10,9,1,345.0353251291382,0.9157563025210084,0.04222810597500737,0.18165284270782656,127122.02558106573,1772.3178854875227,128894.34346655325,69,0,36.08571428571429,34,1,18,39.1881123834258,0.595281862745098,47.88690476190476,1008.4523809523806,29.660364145658253,0
71,4,1,1,33,0.029411764705882353,0.029411764705882353,0.9705882352941176,34,850,600,250,0.7058823529411765,11,6,5,355.22303435548577,0.9103535353535354,0.06911318261366506,0.18787807886431768,127308.35383326127,2244.5719494905825,129552.92578275184,70,0,38.11764705882353,33,1,19,38.74000708358634,0.5994318181818181,47.70220588235294,1009.1911764705883,30.581550802139038,0
72,4,3,2,34,0.08333333333333333,0.05555555555555555,0.9444444444444444,36,850,500,350,0.5882352941176471,12,5,7,331.30651764660604,0.9156415343915345,0.07024499339229484,0.17838326294962573,128027.3705418381,1283.260459533607,129310.6310013717,71,0,36.5,35,1,17,38.608379078987504,0.6023809523809524,46.99074074074074,1012.0370370370367,28.915343915343907,0
73,4,2,3,33,0.05555555555555555,0.08333333333333333,0.9166666666666666,36,550,500,50,0.9090909090909091,6,5,1,324.7347924192382,0.9173941798941799,0.0693586124462755,0.17408175559259542,127851.7299489884,1103.5809970850537,128955.31094607346,72,0,37.388888888888886,35,1,19,38.95389868009462,0.6005952380952382,47.164351851851855,1011.3425925925931,28.89550264550266,1
74,4,5,5,33,0.13157894736842105,0.13157894736842105,0.868421052631579,38,1100,900,200,0.8181818181818182,13,9,4,307.8315467908191,0.9230974395448079,0.05259457459224004,0.1675045703402662,128450.01737313403,308.19350665588723,128758.21087978993,73,0,35.18421052631579,37,1,15,38.77219668289164,0.602759009009009,46.5734649122807,1013.7061403508771,27.39746325272641,0
75,4,1,0,34,0.029411764705882353,0.0,1.0,34,1150,700,450,0.6086956521739131,16,7,9,336.9990692644107,0.911764705882353,0.07920689778031154,0.18099722295235582,127927.48169273832,1822.288452758547,129749.77014549686,74,0,40.294117647058826,33,1,20,38.56639915202909,0.6057449494949496,47.08946078431372,1011.6421568627447,30.65582293523469,0
76,4,0,1,33,0.0,0.029411764705882353,0.9705882352941176,34,600,300,300,0.5,9,3,6,336.859302031362,0.9110219845513964,0.0798502518362314,0.1812017756920491,127989.47707912818,1822.8891832468182,129812.366262375,75,1,41.294117647058826,33,1,20,38.506595413992166,0.6063762626262627,47.0281862745098,1011.8872549019604,30.663250148544254,0
77,4,1,1,33,0.029411764705882353,0.029411764705882353,0.9705882352941176,34,600,500,100,0.8333333333333334,7,5,2,329.8186553180678,0.911096256684492,0.0636275661851109,0.1787743157169908,128295.24518140589,1662.833049886618,129958.0782312925,76,0,40.55882352941177,34,0,20,38.37274774774773,0.6072303921568627,46.726190476190474,1013.0952380952381,29.796918767507,0
78,4,5,4,34,0.13157894736842105,0.10526315789473684,0.8947368421052632,38,1000,800,200,0.8,12,8,4,299.65063155065866,0.9180891417733523,0.05371009490940448,0.1661698956780923,129201.38888888877,143.05555555554616,129344.44444444432,77,0,37.1578947368421,38,0,17,38.21721311475411,0.6085526315789473,45.83333333333333,1016.6666666666657,26.754385964912256,0
79,4,0,1,33,0.0,0.029411764705882353,0.9705882352941176,34,1100,800,300,0.7272727272727273,14,8,6,332.32979247027004,0.9063057040998218,0.07576489922180873,0.18136563113736287,128566.7534722224,1745.3125000000205,130312.06597222241,78,1,42.529411764705884,34,0,17,38.03238838674337,0.6099877450980391,46.45833333333334,1014.1666666666681,29.828431372549062,0
80,4,4,4,33,0.10810810810810811,0.10810810810810811,0.8918918918918919,37,900,700,200,0.7777777777777778,11,7,4,310.0644987906474,0.9149774774774775,0.06557377049180269,0.17194485842026822,129201.38888888898,612.1527777777832,129813.54166666676,79,0,39.86486486486486,37,0,18,37.952527322404364,0.6103603603603605,45.833333333333336,1016.6666666666674,27.4774774774775,0
81,4,1,2,32,0.029411764705882353,0.058823529411764705,0.9411764705882353,34,1050,900,150,0.8571428571428571,12,9,3,331.44546584680546,0.9041518122400476,0.07521092170889654,0.18198554328884164,128808.33510487532,1738.5877267573692,130546.92283163269,80,0,44.14705882352941,34,0,18,37.80882295453655,0.6124387254901962,46.220238095238095,1015.1190476190479,29.856442577030823,0
82,4,0,0,32,0.0,0.0,1.0,32,850,600,250,0.7058823529411765,11,6,5,350.6495060594276,0.902217741935484,0.08242810009960166,0.19133266526286172,128560.35098459348,2615.924714314878,131176.27569890834,81,2,47.5,32,0,18,37.574441816069054,0.6145833333333333,46.46464646464647,1014.1414141414148,31.69191919191921,0
83,4,2,2,32,0.058823529411764705,0.058823529411764705,0.9411764705882353,34,1150,900,250,0.782608695652174,14,9,5,334.8404499802413,0.9034833630421867,0.08977077896592367,0.1861120341041772,129292.17864229035,1858.4502551020582,131150.62889739242,82,0,45.64705882352941,34,0,21,37.23052986850834,0.6173406862745097,45.74404761904763,1017.0238095238103,29.912464985994422,0
84,4,1,0,33,0.030303030303030304,0.0,1.0,33,800,700,100,0.875,9,7,2,344.35005855371514,0.9024621212121213,0.09710702298384599,0.19110852413512888,129232.53864198881,2300.2464496828316,131532.78509167163,83,0,47.484848484848484,33,0,22,37.049410429472495,0.6190025252525252,45.80269607843138,1016.7892156862757,30.81179441473563,0
85,4,1,1,33,0.029411764705882353,0.029411764705882353,0.9705882352941176,34,650,400,250,0.6153846153846154,9,4,5,337.42511806102476,0.9064542483660132,0.09257603169907913,0.18870648688945862,129534.4405470522,1941.6347789115762,131476.0753259638,84,0,47.05882352941177,34,0,18,36.91868397458388,0.6197916666666666,45.50595238095239,1017.9761904761908,29.9404761904762,0
86,4,0,1,32,0.0,0.030303030303030304,0.9696969696969697,33,850,600,250,0.7058823529411765,11,6,5,343.9968168679912,0.9001736111111112,0.10170320029474955,0.19242973452676118,129544.24267409174,2312.5614246924333,131856.80409878417,85,2,49.484848484848484,33,0,18,36.74147807070343,0.6221590909090908,45.49632352941177,1018.0147058823534,30.848930481283436,0
87,4,3,3,32,0.08571428571428572,0.08571428571428572,0.9142857142857143,35,600,500,100,0.8333333333333334,7,5,2,329.9003277197031,0.9070028011204481,0.09525755143732662,0.18668926059976285,129996.8804253474,1577.202690972242,131574.08311631964,86,0,47.51428571428571,35,0,19,36.641343207354446,0.6223214285714285,45.05208333333334,1019.791666666668,29.1369047619048,0
88,4,1,2,31,0.030303030303030304,0.06060606060606061,0.9393939393939394,33,950,700,250,0.7368421052631579,12,7,5,347.98282041309614,0.8988320707070708,0.11328003966040745,0.19559034388736118,129731.44531250013,2428.8628472222367,132160.30815972236,87,0,51.15151515151515,33,0,19,36.44981254260395,0.6240530303030303,45.31250000000001,1018.750000000001,30.871212121212153,0
89,4,2,1,32,0.06060606060606061,0.030303030303030304,0.9696969696969697,33,1350,1100,250,0.8148148148148148,16,11,5,350.48680122533756,0.8969381313131314,0.12208614203566714,0.19825973303847974,129981.25908604878,2511.3431432622274,132492.602229311,88,0,51.60606060606061,33,0,20,36.13235087930138,0.6265782828282828,45.06740196078432,1019.7303921568639,30.900920974450422,0
90,4,0,1,31,0.0,0.03125,0.96875,32,1100,700,400,0.6363636363636364,15,7,8,362.50714791943125,0.8931451612903226,0.13765323179792,0.20501454668048505,129972.73875114786,3023.2093663911896,132995.94811753905,89,1,54.21875,32,0,21,35.8345715700842,0.62890625,45.07575757575758,1019.6969696969697,31.865530303030305,0
91,4,1,1,31,0.03125,0.03125,0.96875,32,900,500,400,0.5555555555555556,13,5,8,355.6171967574153,0.8942372311827957,0.11172087558743482,0.20278707002683072,130294.81207274769,2867.015164268954,133161.82723701664,90,0,52.46875,32,0,21,35.68333127215763,0.6321614583333334,44.76010101010101,1020.9595959595961,31.904987373737377,0
92,4,1,0,32,0.03125,0.0,1.0,32,950,600,350,0.631578947368421,13,6,7,370.6239728405541,0.8923051075268817,0.10427795031055909,0.20519415277623515,129137.2133583307,3172.269411284556,132309.48276961525,91,0,53.4375,32,0,21,36.478778467908924,0.6204427083333334,45.89646464646464,1016.4141414141408,31.7629419191919,5
93,4,2,2,32,0.058823529411764705,0.058823529411764705,0.9411764705882353,34,800,400,400,0.5,12,4,8,353.374066317543,0.8991013071895425,0.09325471860281231,0.19823705818666107,129655.65653344679,2363.389314058965,132019.04584750577,92,0,51.23529411764706,34,0,19,36.38953828170659,0.621017156862745,45.386904761904766,1018.4523809523815,29.954481792717104,0
94,4,1,1,32,0.030303030303030304,0.030303030303030304,0.9696969696969697,33,450,300,150,0.6666666666666666,6,3,3,362.24958960405183,0.8930713383838385,0.09502855162096568,0.20231895370959324,129481.87183114671,2780.95098639947,132262.82281754617,93,0,53.75757575757576,33,0,19,36.34043247039936,0.6215277777777777,45.55759803921569,1017.7696078431376,30.841503267973867,0
95,4,0,0,32,0.0,0.0,1.0,32,500,300,200,0.6,7,3,4,372.6889211814491,0.8899529569892474,0.11057334326135448,0.2076851540027744,129394.01113406805,3244.742883379255,132638.7540174473,94,3,56.4375,32,0,22,36.164370811615775,0.623046875,45.6439393939394,1017.4242424242432,31.7945075757576,0
96,4,0,1,31,0.0,0.03125,0.96875,32,1050,600,450,0.5714285714285714,15,6,9,372.6179433734409,0.887558803763441,0.11219529214737611,0.20815476379302197,129490.3760617539,3250.087522956837,132740.46358471073,95,4,57.4375,32,0,19,36.06795062647314,0.6240234375,45.54924242424242,1017.8030303030303,31.806344696969695,0
97,4,0,0,31,0.0,0.0,1.0,31,800,500,300,0.625,11,5,6,378.76115157621774,0.8840501792114696,0.11195227506198702,0.21199237252501413,129565.68611992738,3614.889695909299,133180.5758158367,96,5,57.96774193548387,31,0,19,35.834852069744635,0.6273521505376343,45.47526041666667,1018.098958333334,32.84190188172045,0
98,4,0,0,31,0.0,0.0,1.0,31,1200,900,300,0.75,15,9,6,375.35996474299924,0.8812724014336918,0.11475396321607856,0.21133576144451177,129797.77865939683,3544.177924262172,133341.95658365902,97,6,58.96774193548387,31,0,20,35.68500298151461,0.6297043010752688,45.24739583333334,1019.0104166666678,32.8713037634409,0
99,4,1,1,31,0.03125,0.03125,0.96875,32,1150,900,250,0.782608695652174,14,9,5,364.55036223935474,0.8864667338709679,0.10556303379131049,0.20668086852854398,130069.31889921964,3083.3634641873487,133152.682363407,98,0,58.09375,32,0,20,35.68433593266492,0.6298828125,44.981060606060616,1020.075757575759,31.87736742424247,0
100,4,1,0,32,0.03125,0.0,1.0,32,850,700,150,0.8235294117647058,10,7,3,368.6756618934079,0.8820144489247312,0.13429054054054035,0.21077929241194568,130395.54172092026,3214.876010639079,133610.41773155934,99,0,59.0625,31,1,21,35.24774774774776,0.6357526881720429,44.66145833333334,1021.3541666666677,32.94690860215057,0
101,4,0,0,32,0.0,0.0,1.0,32,1000,800,200,0.8,12,8,4,365.9514611116318,0.8823924731182796,0.11104593726846135,0.2107734660086768,130681.82615294366,3164.641044281205,133846.46719722485,100,1,60.0625,32,0,17,35.02690993660985,0.6360677083333333,44.381313131313135,1022.4747474747481,31.95233585858588,1
102,4,2,0,34,0.058823529411764705,0.0,1.0,34,750,400,350,0.5333333333333333,11,4,7,347.6291530118936,0.887551990493167,0.11148172957307478,0.20296448377343013,131206.12953514754,2322.2151360544403,133528.34467120198,101,0,57.470588235294116,34,0,19,34.9651890154156,0.636642156862745,43.86904761904763,1024.5238095238108,30.133053221288552,0
103,4,0,1,33,0.0,0.029411764705882353,0.9705882352941176,34,750,400,350,0.5333333333333333,11,4,7,349.3280465492336,0.8852866904337493,0.11812172567771873,0.20477428937521638,131359.53006355732,2377.5702958879638,133737.1003594453,102,1,58.470588235294116,33,1,19,34.766761307033256,0.6404671717171717,43.71936274509804,1025.122549019608,31.064319667260847,0
104,4,0,0,33,0.0,0.0,1.0,33,1100,600,500,0.5454545454545454,16,6,10,355.01413852823646,0.8838383838383839,0.11467463702410097,0.20846491822037655,131425.2073289715,2731.5613521579307,134156.76868112944,103,2,59.18181818181818,32,1,21,34.55470385420514,0.6435546875,43.655303030303024,1025.3787878787875,32.04308712121211,0
105,4,0,0,33,0.0,0.0,1.0,33,1050,700,350,0.6666666666666666,14,7,7,354.53918762785827,0.8824968434343435,0.11244225197713509,0.20924763818820646,131619.47959710745,2732.852674471984,134352.33227157942,104,3,60.18181818181818,32,1,17,34.37077027193305,0.6455078125,43.465909090909086,1026.1363636363635,32.06676136363636,0
106,4,0,0,33,0.0,0.0,1.0,33,750,600,150,0.8,9,6,3,346.8167684575886,0.882181186868687,0.030150388509707193,0.19888295841811396,130512.91120001939,2452.813220876601,132965.72442089597,105,4,61.18181818181818,33,0,18,35.68701527144798,0.6319444444444444,44.54656862745099,1021.8137254901974,30.96405228758174,4
107,4,1,1,33,0.029411764705882353,0.029411764705882353,0.9705882352941176,34,1250,900,350,0.72,16,9,7,340.36170145041325,0.8826500297088533,0.02682506227246617,0.197152910085428,130901.38888888885,2110.763888888885,133012.15277777772,106,0,60.35294117647059,34,0,18,35.45907980456027,0.633578431372549,44.166666666666664,1023.3333333333329,30.098039215686264,0
108,4,1,1,33,0.029411764705882353,0.029411764705882353,0.9705882352941176,34,1150,900,250,0.782608695652174,14,9,5,339.8102915998889,0.8836155674390969,0.030157145397103458,0.19777050936009774,131084.19075963713,2108.751417233551,133192.94217687068,107,0,61.3235294117647,34,0,19,35.288547237076656,0.6354166666666667,43.988095238095234,1024.0476190476186,30.119047619047606,0
109,4,0,0,33,0.0,0.0,1.0,33,850,600,250,0.7058823529411765,11,6,5,346.53687744748936,0.8814709595959597,0.05053526048860446,0.2021424814084832,131171.15600069688,2491.1285623318017,133662.2845630287,108,1,63.696969696969695,33,0,20,35.028487259241544,0.6385732323232323,43.90318627450981,1024.3872549019611,31.042038027332154,0
110,4,0,0,33,0.0,0.0,1.0,33,1200,900,300,0.75,15,9,6,347.31725924288986,0.8804450757575758,0.05519920564168346,0.2030955889362969,131265.32613658212,2518.142661476358,133783.4687980585,109,2,64.6969696969697,33,0,20,34.913397911185534,0.639520202020202,43.81127450980392,1024.7549019607845,31.0531788472965,0
111,4,3,3,33,0.08333333333333333,0.08333333333333333,0.9166666666666666,36,1000,400,600,0.4,16,4,12,331.07172908124807,0.8877976190476191,0.06667604577002484,0.19835281947989802,132189.6316256215,1552.8650000437492,133742.49662566526,110,0,60.22222222222222,35,1,17,34.399385668730076,0.6443452380952381,42.910879629629626,1028.3564814814808,29.38161375661374,0
112,4,0,1,32,0.0,0.030303030303030304,0.9696969696969697,33,1250,900,350,0.72,16,9,7,353.470050210798,0.876657196969697,0.07505947793452394,0.21076137279602078,132008.4545741506,2732.2070133149655,134740.66158746555,111,1,64.57575757575758,32,1,19,34.00602039562599,0.6494140625,43.08712121212121,1027.651515151515,32.114109848484844,0
113,4,0,0,32,0.0,0.0,1.0,32,900,400,500,0.4444444444444444,14,4,10,362.3453666623292,0.8772681451612904,0.06764100126742667,0.21560369102306035,131929.39758300796,3160.8011881510556,135090.19877115902,112,2,64.875,31,1,19,33.85773130544991,0.6512096774193548,43.16406250000001,1027.3437500000011,33.14012096774197,0
114,4,0,1,31,0.0,0.03125,0.96875,32,1400,900,500,0.6428571428571429,19,9,10,363.18501626151266,0.8760080645161291,0.06512066126171767,0.21686705887809243,132063.20020887593,3192.6751030816067,135255.87531195753,113,3,65.875,31,1,19,33.70122878135293,0.6525537634408602,43.03385416666667,1027.864583333334,33.15692204301077,0
115,4,1,0,32,0.03125,0.0,1.0,32,1250,1000,250,0.8,15,10,5,387.83308877492664,0.8734038978494625,0.11532908098502137,0.2283519486822777,131528.39660644546,3802.212863498278,135330.60946994374,114,0,66.0625,31,1,20,33.60888973512735,0.6471774193548386,43.55468750000001,1025.7812500000011,33.08971774193552,2
116,4,0,1,31,0.0,0.03125,0.96875,32,1100,900,200,0.8181818181818182,13,9,4,386.29895020156516,0.8702956989247312,0.11252219685438813,0.2286472164706564,131728.8208007814,3777.3410373264032,135506.1618381078,115,1,67.0625,31,1,17,33.44537459834263,0.6491935483870968,43.35937500000001,1026.5625000000011,33.11491935483875,0
117,4,0,0,31,0.0,0.0,1.0,31,1200,700,500,0.5833333333333334,17,7,10,392.9077505274705,0.8658602150537634,0.12139441355886404,0.232216995590384,131672.77286391478,4147.050598335053,135819.82346224983,116,2,69.16129032258064,30,1,17,33.3325148419766,0.6513888888888889,43.41397849462365,1026.3440860215044,34.211469534050146,0
118,4,0,0,31,0.0,0.0,1.0,31,800,600,200,0.75,10,6,4,392.11989117309747,0.8658602150537634,0.12020657998640227,0.23238198981158198,131776.255293242,4134.418176956871,135910.67347019888,117,3,70.16129032258064,30,1,18,33.247970938604524,0.6524305555555556,43.31317204301075,1026.747311827957,34.22491039426523,0
119,4,0,0,31,0.0,0.0,1.0,31,800,400,400,0.5,12,4,8,392.21584651795695,0.8653225806451613,0.12138057322237339,0.2337890831359303,131996.2904188368,4154.207356770838,136150.49777560766,118,4,71.16129032258064,31,0,18,33.02289238046968,0.6518817204301075,43.098958333333336,1027.6041666666667,33.148521505376344,0
120,4,2,2,31,0.06060606060606061,0.06060606060606061,0.9393939393939394,33,1050,700,350,0.6666666666666666,14,7,7,374.81193259371975,0.8706597222222223,0.10206515318688925,0.22697408568425934,132592.9931416438,3340.097553123572,135933.09069476736,119,0,67.78787878787878,32,1,20,32.86824200073556,0.6552734375,42.5189393939394,1029.924242424243,32.18513257575759,0
121,4,0,0,31,0.0,0.0,1.0,31,850,400,450,0.47058823529411764,13,4,9,396.63968428695057,0.8621863799283154,0.12463918409674557,0.2383156004221441,132297.5179884168,4294.889153374555,136592.40714179137,120,6,73.16129032258064,31,0,20,32.60465447411721,0.6549059139784946,42.80598958333333,1028.776041666666,33.18632392473116,0
122,4,0,0,31,0.0,0.0,1.0,31,850,800,50,0.9411764705882353,9,8,1,395.35405639385385,0.8620071684587813,0.12434640989742562,0.2379652024128429,132364.50407240132,4266.168721516936,136630.67279391826,121,7,74.16129032258064,31,0,20,32.570041967185446,0.6555779569892473,42.74088541666667,1029.036458333334,33.19472446236561,0
123,4,0,0,31,0.0,0.0,1.0,31,600,400,200,0.6666666666666666,8,4,4,396.49887721483736,0.8616487455197133,0.12433067781115348,0.2388663967611337,132398.00347222225,4299.1361829969655,136697.13965521922,122,8,75.16129032258064,30,1,20,32.506747638326594,0.6586805555555555,42.708333333333336,1029.1666666666667,34.30555555555556,0
124,4,0,0,31,0.0,0.0,1.0,31,550,300,250,0.5454545454545454,8,3,5,396.49887721483736,0.8616487455197133,0.12433067781115348,0.2388663967611337,132398.00347222225,4299.131944444448,136697.1354166667,123,9,76.16129032258064,30,1,20,32.506747638326594,0.6586805555555555,42.708333333333336,1029.1666666666667,34.30555555555556,0
125,4,0,0,31,0.0,0.0,1.0,31,1150,900,250,0.782608695652174,14,9,5,395.40700304383296,0.8600358422939068,0.1273145224442367,0.23930556534927705,132570.9709937565,4283.89806625043,136854.86906000692,124,10,77.16129032258064,30,1,21,32.36018663534324,0.6604166666666667,42.54032258064516,1029.8387096774193,34.32795698924731,0
126,4,0,0,31,0.0,0.0,1.0,31,1050,500,550,0.47619047619047616,16,5,11,395.0803565311783,0.8598566308243728,0.12404099067819785,0.23976967005633248,132674.80570369403,4283.441908024044,136958.24761171808,125,11,78.16129032258064,30,1,18,32.26380734942377,0.6614583333333334,42.439516129032256,1030.2419354838707,34.34139784946236,0
127,4,0,0,31,0.0,0.0,1.0,31,900,700,200,0.7777777777777778,11,7,4,394.53703876836056,0.8573476702508961,0.12702191193169887,0.24054841711870636,132847.9538819517,4282.687666204187,137130.64154815587,126,12,79.16129032258064,30,1,19,32.10316166883964,0.6631944444444444,42.27150537634409,1030.9139784946237,34.36379928315412,0
128,4,0,0,31,0.0,0.0,1.0,31,800,500,300,0.625,11,5,6,394.9299030152547,0.8566308243727598,0.12088471094705788,0.24145793990725473,132951.89698592311,4301.335956468943,137253.23294239206,127,13,80.16129032258064,30,1,19,31.98824883791651,0.6642361111111111,42.17069892473118,1031.3172043010745,34.37724014336915,0
129,4,0,0,31,0.0,0.0,1.0,31,700,500,200,0.7142857142857143,9,5,4,395.14774901037987,0.8559139784946237,0.11814505620150162,0.24181529712166305,132986.5537200832,4309.867470227764,137296.42119031097,128,14,81.16129032258064,30,1,19,31.947702197897662,0.6645833333333333,42.137096774193544,1031.4516129032254,34.381720430107514,0
130,4,0,1,30,0.0,0.03225806451612903,0.967741935483871,31,900,500,400,0.5555555555555556,13,5,8,392.3229741834011,0.853584229390681,0.11214277911754644,0.24098046366241196,133125.225820904,4245.616906578776,137370.84272748276,129,15,82.16129032258064,30,1,20,31.880860901276375,0.6659722222222223,42.002688172043,1031.9892473118266,34.39964157706088,0
131,4,0,0,30,0.0,0.0,1.0,30,750,400,350,0.5333333333333333,11,4,7,414.2965560564565,0.8525383141762453,0.12111532214401732,0.24447467700839465,131613.00154320995,4905.362654321,136518.36419753096,130,16,84.96666666666667,29,1,20,32.84436473560729,0.6537356321839081,43.47222222222223,1026.1111111111118,35.38314176245213,4
132,4,1,0,31,0.03225806451612903,0.0,1.0,31,900,700,200,0.7777777777777778,11,7,4,403.6012463352692,0.8542114695340501,0.118223317273211,0.2407125686021425,132017.8723696381,4456.515565383282,136474.38793502137,131,0,83.19354838709677,30,1,21,32.70855131223298,0.6548611111111111,43.07795698924731,1027.6881720430106,34.256272401433684,0
133,4,0,1,30,0.0,0.03225806451612903,0.967741935483871,31,600,400,200,0.6666666666666666,8,4,4,403.6012463352692,0.8542114695340501,0.118223317273211,0.2407125686021425,132017.8723696381,4456.515565383282,136474.38793502137,132,1,84.19354838709677,30,1,21,32.70855131223298,0.6548611111111111,43.07795698924731,1027.6881720430106,34.256272401433684,0
134,4,0,0,30,0.0,0.0,1.0,30,1200,900,300,0.75,15,9,6,403.46401120778285,0.8502394636015326,0.09443064452869665,0.2412897749592126,132121.49029150754,4661.253287952348,136782.74357945987,133,2,83.6,30,0,21,32.607203556020394,0.6559027777777778,42.9771505376344,1028.0913978494614,34.26971326164871,0
135,4,0,0,30,0.0,0.0,1.0,30,900,700,200,0.7777777777777778,11,7,4,401.64483745567935,0.8493295019157089,0.09320261437908495,0.24042120551924478,132156.03863163374,4615.958130997807,136771.99676263155,134,3,84.6,30,0,21,32.619008714596944,0.65625,42.943548387096776,1028.2258064516132,34.2741935483871,0
136,4,0,0,30,0.0,0.0,1.0,30,500,300,200,0.6,7,3,4,400.39349540807905,0.8474616858237548,0.08898035628729462,0.24033030747906114,132259.7107505203,4591.185577812466,136850.89632833275,135,4,85.6,30,0,21,32.546332592882976,0.6572916666666666,42.84274193548387,1028.6290322580646,34.28763440860215,0
137,4,0,0,30,0.0,0.0,1.0,30,750,500,250,0.6666666666666666,10,5,5,403.30850118305557,0.8460727969348659,0.0928596307906655,0.24274606014602773,132363.42351716958,4676.658790033531,137040.08230720312,136,5,86.6,30,0,21,32.3664990421456,0.6583333333333334,42.74193548387097,1029.0322580645159,34.30107526881719,0
138,4,0,0,30,0.0,0.0,1.0,30,850,600,250,0.7058823529411765,11,6,5,399.5944636593883,0.846360153256705,0.11402487430537178,0.2204478070319456,128996.49706613476,4309.257211816389,133305.75427795114,137,6,87.6,30,0,20,35.886643291876155,0.6243055555555556,46.034946236559136,1015.860215053763,33.86200716845877,8
139,4,0,0,30,0.0,0.0,1.0,30,950,600,350,0.631578947368421,13,6,7,399.08918824775895,0.8458333333333333,0.11359968249768482,0.22035903389078218,129030.63441221518,4298.946229332854,133329.58064154803,138,7,88.6,30,0,21,35.86453234554835,0.6246527777777778,46.0013440860215,1015.9946236559132,33.86648745519711,0
140,4,0,0,30,0.0,0.0,1.0,30,1100,800,300,0.7272727272727273,14,8,6,401.7737167428113,0.8441570881226054,0.1166666666666667,0.22280178837555875,129201.38888888872,4381.9444444444225,133583.33333333314,139,8,89.6,30,0,21,35.62158469945356,0.626388888888889,45.83333333333332,1016.6666666666653,33.88888888888884,0
141,4,2,2,30,0.0625,0.0625,0.9375,32,1300,800,500,0.6153846153846154,18,8,10,377.0138377987606,0.8590389784946237,0.08687438057482666,0.21251785605527895,129844.02101826332,3390.598535863671,133234.61955412698,140,0,84.9375,32,0,16,35.595783779319454,0.6276041666666667,45.20202020202019,1019.1919191919183,31.849747474747446,0
142,4,1,0,31,0.03225806451612903,0.0,1.0,31,500,300,200,0.6,7,3,4,388.31230049797,0.8452508960573477,0.11970502204095079,0.21937123469690514,129930.49621582033,3890.721978081598,133821.21819390194,141,0,88.64516129032258,31,0,18,35.21977437207322,0.6310483870967742,45.1171875,1019.5312500000001,32.88810483870968,0
143,4,1,1,31,0.03125,0.03125,0.96875,32,600,300,300,0.5,9,3,6,379.45836259092744,0.853452620967742,0.11291058394160558,0.21584531631403708,130198.14822785942,3480.955227782879,133679.1034556423,142,0,86.84375,32,0,18,35.173099921646255,0.6311848958333334,44.85479797979798,1020.5808080808082,31.893150252525256,0
144,4,0,0,31,0.0,0.0,1.0,31,950,600,350,0.631578947368421,13,6,7,387.40970992013854,0.8420250896057347,0.12381301271470768,0.22016895552169138,130162.91512383349,3885.275438096784,134048.19056193027,143,2,90.64516129032258,31,0,18,35.00608757602826,0.6334005376344086,44.889322916666664,1020.4427083333328,32.91750672043009,0
145,4,2,2,31,0.06060606060606061,0.06060606060606061,0.9393939393939394,33,550,200,350,0.36363636363636365,9,2,7,367.68938106184044,0.8507733585858587,0.11704341195054258,0.21205030303808264,130732.14215986629,3013.7640871299436,133745.90624699622,144,0,86.0909090909091,33,0,16,34.931470940683056,0.6341540404040404,44.33210784313725,1022.67156862745,30.990047534165154,0
146,4,0,0,31,0.0,0.0,1.0,31,950,700,250,0.7368421052631579,12,7,5,388.30248977739143,0.8434587813620071,0.11853002729561202,0.22202487733772724,130399.83171826211,3955.334171211699,134355.1658894738,145,1,90.16129032258064,30,1,22,34.74223582050269,0.6385416666666668,44.65725806451612,1021.3709677419346,34.045698924731155,3
147,4,1,1,31,0.03125,0.03125,0.96875,32,750,500,250,0.6666666666666666,10,5,5,380.1371742112482,0.8445900537634409,0.114837962962963,0.2193099081987971,130746.38429752071,3540.3122130394904,134286.6965105602,146,0,88.3125,32,0,18,34.59876543209877,0.63671875,44.31818181818182,1022.7272727272731,31.960227272727284,0
148,4,1,2,30,0.03125,0.0625,0.9375,32,650,500,150,0.7692307692307693,8,5,3,380.0000987166772,0.8487903225806452,0.11175481362626516,0.21959777459361757,130810.95838434852,3541.6354198551176,134352.59380420364,147,0,89.28125,32,0,19,34.53673989961326,0.6373697916666666,44.255050505050505,1022.9797979797979,31.968118686868685,0
149,4,3,4,29,0.09090909090909091,0.12121212121212122,0.8787878787878788,33,900,700,200,0.7777777777777778,11,7,4,368.14816014016776,0.8558238636363638,0.07885600805954796,0.21527656748895685,131265.32613658212,3065.0176614763586,134330.3437980585,148,0,83.27272727272727,33,0,20,34.3797337160169,0.639520202020202,43.81127450980392,1024.7549019607845,31.0531788472965,0
150,4,0,0,29,0.0,0.0,1.0,29,900,700,200,0.7777777777777778,11,7,4,409.5270747617376,0.8301518883415435,0.1329828359362919,0.23526227503291386,130581.79253472219,4895.355902777773,135477.14843749997,149,5,95.17241379310344,29,0,20,34.014896725098524,0.6433189655172413,44.479166666666664,1022.083333333333,35.244252873563205,0
151,4,1,2,28,0.03333333333333333,0.06666666666666667,0.9333333333333333,30,950,600,350,0.631578947368421,13,6,7,402.0493391632667,0.8362068965517242,0.06896192675087143,0.23181591889264958,130723.78713348777,4513.609182098783,135237.39631558655,150,0,92.96666666666667,29,1,18,34.061495540766906,0.6447557471264367,44.340277777777786,1022.6388888888898,35.26340996168586,7
152,4,0,0,28,0.0,0.0,1.0,28,1050,700,350,0.6666666666666666,14,7,7,415.1486490629099,0.8288690476190476,0.07702697274607861,0.23833352225863436,130556.09486474437,5240.0372820055545,135796.13214674994,151,7,95.89285714285714,28,0,18,33.89744130465345,0.6462053571428571,44.50431034482759,1021.9827586206899,36.49938423645321,0
153,4,0,1,27,0.0,0.03571428571428571,0.9642857142857143,28,700,400,300,0.5714285714285714,10,4,6,417.5977231479882,0.8278769841269841,0.08134948513619289,0.24065125470803517,130702.9727548224,5316.252766217481,136019.2255210399,152,8,96.89285714285714,28,0,18,33.685190389208934,0.6476934523809523,44.36063218390805,1022.5574712643686,36.519909688013165,0
154,4,1,1,27,0.03571428571428571,0.03571428571428571,0.9642857142857143,28,900,700,200,0.7777777777777778,11,7,4,417.81340739805546,0.8392857142857142,0.06633226324237551,0.24146359258718808,130813.18536134239,5331.100541683189,136144.28590302556,153,0,93.71428571428571,28,0,18,33.567415730337075,0.6488095238095237,44.252873563218394,1022.9885057471271,36.53530377668311,0
155,4,1,1,27,0.03571428571428571,0.03571428571428571,0.9642857142857143,28,950,600,350,0.631578947368421,13,6,7,417.9242186412585,0.8345458553791887,0.07441562086524178,0.2429141910307999,131033.74991742622,5352.435509974878,136386.1854274011,154,0,94.67857142857143,28,0,19,33.340057535784446,0.6510416666666667,44.03735632183907,1023.8505747126427,36.56609195402295,0
156,4,0,0,27,0.0,0.0,1.0,27,950,700,250,0.7368421052631579,12,7,5,416.6351888513685,0.8306030389363723,0.054255679891488606,0.2423386926869201,131061.33355034712,5520.9526909722035,136582.28624131932,155,1,93.70370370370371,27,0,19,33.34498982706001,0.6547067901234568,44.01041666666666,1023.9583333333325,37.92438271604935,0
157,4,0,0,27,0.0,0.0,1.0,27,1100,900,200,0.8181818181818182,13,9,4,418.9421849770136,0.826923076923077,0.05932809533796912,0.2451363490175608,131289.99532755802,5600.583501629802,136890.5788291878,156,2,94.70370370370371,27,0,20,33.05336745559265,0.6570216049382717,43.78720238095237,1024.8511904761897,37.957451499118136,0
158,4,0,0,27,0.0,0.0,1.0,27,700,300,400,0.42857142857142855,11,3,8,432.7579001406535,0.8272792022792024,0.04274253791938687,0.24230192739462764,129579.88989866774,5815.344210600899,135395.23410926864,157,3,95.70370370370371,27,0,17,34.44594660430673,0.6396604938271605,45.46130952380952,1018.1547619047614,37.70943562610227,7
159,4,0,0,27,0.0,0.0,1.0,27,500,300,200,0.6,7,3,4,431.0902110462784,0.8263295346628681,0.04213010321442279,0.24160117233330733,129617.77044802291,5775.390403557248,135393.16085158015,158,4,96.70370370370371,27,0,17,34.44958960494909,0.6400462962962963,45.42410714285714,1018.3035714285711,37.71494708994708,0
160,4,0,0,27,0.0,0.0,1.0,27,1250,1000,250,0.8,15,10,5,428.3898768568975,0.8251424501424501,0.043329816302789315,0.2405519858150502,129693.54815493898,5711.880624645677,135405.42877958465,159,5,97.70370370370371,27,0,17,34.44074141709276,0.6408179012345678,45.34970238095237,1018.6011904761898,37.72597001763666,0
161,4,0,0,27,0.0,0.0,1.0,27,600,400,200,0.6666666666666666,8,4,4,428.3605371339196,0.8246676163342831,0.04302052563811243,0.240768163975272,129731.44531250001,5714.366319444447,135445.81163194447,160,6,98.70370370370371,27,0,17,34.402692569870474,0.6412037037037037,45.3125,1018.7500000000001,37.73148148148149,0
162,4,0,0,27,0.0,0.0,1.0,27,600,300,300,0.5,9,3,6,431.7954073205816,0.8226495726495727,0.044812111381454356,0.24364073642059197,129883.08930342979,5816.584289965998,135699.6735933958,161,7,99.70370370370371,27,0,17,34.15997566909975,0.6427469135802468,45.16369047619048,1019.3452380952388,37.75352733686069,0
163,4,0,0,27,0.0,0.0,1.0,27,600,500,100,0.8333333333333334,7,5,2,432.7054505327351,0.8226495726495727,0.04541105110365096,0.24439118232479523,129921.01414133352,5843.506191539101,135764.52033287263,162,8,100.70370370370371,27,0,17,34.09797231547706,0.6431327160493827,45.12648809523809,1019.4940476190468,37.75903880070544,0
164,4,0,0,27,0.0,0.0,1.0,27,1050,700,350,0.6666666666666666,14,7,7,434.0230931882104,0.8228869895536562,0.039641625868646946,0.24585076700099104,130034.82187145678,5887.6231221655125,135922.44499362228,163,9,101.70370370370371,27,0,17,33.94793794377979,0.6442901234567902,45.01488095238094,1019.940476190475,37.77557319223982,0
165,4,0,0,27,0.0,0.0,1.0,27,800,400,400,0.5,12,4,8,437.5616473440033,0.823599240265907,0.040834184045500876,0.2485799681721484,130148.67942619756,5989.61411387472,136138.29354007228,164,10,102.70370370370371,27,0,17,33.74121943512713,0.6454475308641976,44.90327380952381,1020.3869047619047,37.792107583774246,0
166,4,1,1,27,0.03571428571428571,0.03571428571428571,0.9642857142857143,28,650,500,150,0.7692307692307693,8,5,3,424.64826001080576,0.8291446208112875,0.03232966414912419,0.24355632461264923,130519.38829435855,5484.966227374817,136004.35452173336,165,0,100.0,28,0,14,33.6921751968504,0.6458333333333333,44.54022988505747,1021.83908045977,36.49425287356321,0
167,4,1,1,27,0.03571428571428571,0.03571428571428571,0.9642857142857143,28,750,400,350,0.5333333333333333,11,4,7,426.1193484251308,0.8265542328042328,0.026646381876242353,0.24463171310314413,130556.09486474434,5526.495615338885,136082.59048008322,166,0,100.96428571428571,28,0,14,33.61714466469844,0.6462053571428571,44.50431034482759,1021.9827586206897,36.4993842364532,0
168,4,1,0,28,0.03571428571428571,0.0,1.0,28,600,400,200,0.6666666666666666,8,4,4,426.7143113456169,0.8249007936507936,0.03738988220656969,0.2463730074995498,130776.4426649822,5560.8359344034925,136337.2785993857,167,0,101.92857142857143,28,0,15,33.37722994802641,0.6484375,44.28879310344828,1022.8448275862072,36.53017241379312,0
169,4,1,1,28,0.034482758620689655,0.034482758620689655,0.9655172413793104,29,750,500,250,0.6666666666666666,10,5,5,419.27490050918897,0.8321018062397373,0.03254678600488181,0.2442127264103286,131114.67013888893,5194.618055555562,136309.2881944445,168,0,99.37931034482759,29,0,16,33.22314890154597,0.6487068965517242,43.958333333333336,1024.166666666667,35.316091954023,0
170,4,0,0,28,0.0,0.0,1.0,28,500,400,100,0.8,6,4,2,428.52369312599336,0.8241843033509699,0.038079868489635516,0.24907502750536945,131033.74991742641,5630.213287752684,136663.96320517908,169,2,103.92857142857143,28,0,17,33.06875058471326,0.6510416666666666,44.037356321839084,1023.8505747126442,36.56609195402301,0
171,4,1,0,29,0.034482758620689655,0.0,1.0,29,550,300,250,0.5454545454545454,8,3,5,418.4017449930597,0.826867816091954,0.03083823941687691,0.24506387921022066,131328.125,5189.583333333335,136517.70833333334,170,0,101.3103448275862,29,0,18,33.02845528455284,0.6508620689655172,43.75,1025.0,35.3448275862069,0
172,4,0,0,29,0.0,0.0,1.0,29,850,700,150,0.8235294117647058,10,7,3,423.30517435301596,0.8255336617405583,0.029989069404609436,0.2483973606577077,131399.31520061722,5324.402006172827,136723.71720679005,171,1,102.3103448275862,29,0,18,32.83042084349318,0.6515804597701149,43.68055555555555,1025.2777777777771,35.354406130268174,0
173,4,1,1,29,0.03333333333333333,0.03333333333333333,0.9666666666666667,30,600,300,300,0.5,9,3,6,410.6708193018184,0.8322318007662836,0.027196543145214136,0.2429351701787752,131707.26249060588,4817.665879003357,136524.92836960923,172,0,99.86666666666666,30,0,15,32.841757234516166,0.6517361111111111,43.380376344086024,1026.4784946236562,34.21594982078854,0
174,4,0,0,29,0.0,0.0,1.0,29,900,500,400,0.5555555555555556,13,5,8,420.49865025860277,0.825944170771757,0.036140359068942196,0.24744083921591903,131506.13667052475,5259.63059413581,136765.76726466056,173,3,104.3103448275862,29,0,18,32.793810652222966,0.6526580459770115,43.57638888888889,1025.694444444445,35.36877394636017,0
175,4,0,0,29,0.0,0.0,1.0,29,800,700,100,0.875,9,7,2,424.8493804172997,0.8244047619047619,0.04004630061796388,0.25070185483410623,131613.00154320986,5383.140432098763,136996.14197530862,174,4,105.3103448275862,29,0,15,32.573655477350655,0.6537356321839081,43.47222222222222,1026.111111111111,35.383141762452105,0
176,4,0,0,29,0.0,0.0,1.0,29,850,700,150,0.8235294117647058,10,7,3,424.0774011603976,0.8246100164203612,0.042840942500735,0.2504802491745945,131648.6328125,5365.842013888889,137014.47482638888,175,5,106.3103448275862,29,0,15,32.557264176478554,0.6540948275862069,43.4375,1026.25,35.38793103448276,0
177,4,0,1,28,0.0,0.034482758620689655,0.9655172413793104,29,800,500,300,0.625,11,5,6,427.2967232714476,0.8207101806239737,0.04085325473589929,0.2535659688498461,131826.86149691354,5465.837191358019,137292.69868827154,176,6,107.3103448275862,29,0,16,32.293638986565675,0.6558908045977012,43.263888888888886,1026.9444444444441,35.411877394636,0
178,4,1,2,27,0.034482758620689655,0.06896551724137931,0.9310344827586207,29,750,600,150,0.8,9,6,3,427.92225751440753,0.8198891625615763,0.04529969101136677,0.2551326980942063,132005.21074459868,5497.593557098754,137502.80430169744,177,0,108.06896551724138,29,0,16,32.0965389467045,0.6576867816091954,43.09027777777777,1027.6388888888882,35.43582375478925,0
179,4,1,1,27,0.03571428571428571,0.03571428571428571,0.9642857142857143,28,1000,900,100,0.9,11,9,2,440.5175018523135,0.818176807760141,0.05145956213136049,0.2607703024635278,131733.43004772757,6006.176303012288,137739.60635073986,178,0,112.07142857142857,28,0,16,32.049218567763006,0.6581101190476191,43.354885057471265,1026.5804597701149,36.66358784893267,0
180,4,0,0,27,0.0,0.0,1.0,27,650,500,150,0.7692307692307693,8,5,3,452.55731827455713,0.8082858499525166,0.06556672681962694,0.2671948002415535,131633.3616780044,6514.328231292499,138147.6899092969,179,12,117.22222222222223,27,0,16,31.842130703789632,0.6604938271604939,43.45238095238094,1026.1904761904752,38.007054673721306,0
181,4,1,1,27,0.03571428571428571,0.03571428571428571,0.9642857142857143,28,850,600,250,0.7058823529411765,11,6,5,442.3988627578577,0.8186177248677248,0.05027176628099839,0.2629018678184476,131880.96852705107,6068.798099154442,137949.7666262055,180,0,114.0,28,0,16,31.8508998927589,0.6595982142857143,43.21120689655172,1027.1551724137928,36.6841133004926,0
182,4,3,2,28,0.1,0.06666666666666667,0.9333333333333333,30,750,500,250,0.6666666666666666,10,5,5,418.89894799515207,0.8343390804597701,0.03386429908169042,0.25282482605948536,132467.17693158166,5098.072212105445,137565.2491436871,181,0,107.3,30,0,17,31.860393001697354,0.659375,42.641129032258064,1029.4354838709676,34.31451612903225,0
183,4,1,1,28,0.034482758620689655,0.034482758620689655,0.9655172413793104,29,600,300,300,0.5,9,3,6,428.3312302618384,0.8198891625615763,0.043848216280628405,0.25755501248211826,132326.54320987646,5535.91820987653,137862.46141975297,182,0,111.96551724137932,29,0,17,31.760146688264925,0.6609195402298851,42.77777777777777,1028.8888888888882,35.47892720306511,0
184,4,0,0,28,0.0,0.0,1.0,28,650,400,250,0.6153846153846154,9,4,5,440.0047730182732,0.8142085537918871,0.06378299120234576,0.26455702599360675,132324.07940695607,6044.645304861939,138368.724711818,183,2,116.96428571428571,28,0,18,31.462377228506252,0.6640625,42.7801724137931,1028.879310344828,36.74568965517243,0
185,4,0,0,28,0.0,0.0,1.0,28,600,400,200,0.6666666666666666,8,4,4,441.93102431320335,0.8139329805996472,0.06737058307410071,0.2664977995100831,132434.97324613552,6105.424676311263,138540.39792244678,184,3,117.96428571428571,28,0,18,31.30030941745765,0.6651785714285714,42.672413793103445,1029.3103448275858,36.76108374384235,0
186,4,0,0,28,0.0,0.0,1.0,28,700,400,300,0.5714285714285714,10,4,6,439.3335228245083,0.8122795414462081,0.0690861608388822,0.26545227863072707,132508.92827652252,6043.122853084936,138552.05112960745,185,4,118.96428571428571,28,0,18,31.292155084193887,0.6659226190476191,42.60057471264367,1029.5977011494242,36.771346469622294,0
187,4,0,0,28,0.0,0.0,1.0,28,450,400,50,0.8888888888888888,5,4,1,436.8277413635271,0.8100198412698413,0.07353585875694968,0.26471834977473574,132619.89952850435,5986.410234178879,138606.30976268323,186,5,119.96428571428571,28,0,19,31.244187938810626,0.6670386904761905,42.49281609195402,1030.0287356321833,36.78674055829226,0
188,4,1,1,28,0.034482758620689655,0.034482758620689655,0.9655172413793104,29,300,200,100,0.6666666666666666,4,2,2,425.02023876947675,0.8159893267651888,0.06299154073778102,0.2592378991278411,132862.9653742284,5493.889853395059,138356.85522762345,187,0,116.79310344827586,29,0,17,31.30234294310475,0.666307471264368,42.25694444444444,1030.9722222222224,35.55076628352491,0
189,4,0,0,28,0.0,0.0,1.0,28,900,700,200,0.7777777777777778,11,7,4,434.5480145412741,0.8090828924162257,0.07798183411680348,0.2641168101940691,132730.9172281674,5935.591309948458,138666.50853811586,188,7,121.96428571428571,28,0,18,31.190451292061727,0.6681547619047619,42.38505747126436,1030.4597701149416,36.8021346469622,0
190,4,0,0,28,0.0,0.0,1.0,28,700,400,300,0.5714285714285714,10,4,6,433.80067743932796,0.8089175485008818,0.07491786958685909,0.2644451878187917,132841.981375512,5925.38830261594,138767.36967812793,189,8,122.96428571428571,28,0,18,31.097270615563307,0.6692708333333333,42.27729885057472,1030.8908045977014,36.817528735632195,0
191,4,0,0,28,0.0,0.0,1.0,28,800,500,300,0.625,11,5,6,429.0529785561698,0.8105709876543209,0.05035022784709353,0.26258920145394227,132990.1391572533,5811.96306480381,138802.1022220571,190,9,123.96428571428571,28,0,19,31.06978687839532,0.6707589285714286,42.133620689655174,1031.4655172413795,36.83805418719213,2
192,4,0,0,28,0.0,0.0,1.0,28,1100,1000,100,0.9090909090909091,12,10,2,430.02358769847666,0.810405643738977,0.0533576003500813,0.2639683253718341,133101.3116825208,5847.34071541815,138948.65239793897,191,10,124.96428571428571,28,0,19,30.932365636313005,0.671875,42.025862068965516,1031.896551724138,36.85344827586207,0
193,4,0,0,28,0.0,0.0,1.0,28,750,500,250,0.6666666666666666,10,5,5,434.4095645048134,0.8080908289241622,0.05476919406783032,0.2677244537334125,133249.61396815965,5976.98135486855,139226.59532302822,192,11,125.96428571428571,28,0,19,30.66929910010205,0.6733630952380952,41.88218390804598,1032.4712643678165,36.87397372742202,0
194,4,0,0,28,0.0,0.0,1.0,28,900,800,100,0.8888888888888888,10,8,2,421.53817430441245,0.8089175485008818,0.06539369212615709,0.24905270298233395,131659.69177318667,5499.917219910154,137159.60899309683,193,12,126.96428571428571,28,0,19,32.61118110971115,0.6573660714285714,43.42672413793103,1026.2931034482758,36.653325123152705,8
195,4,1,1,28,0.034482758620689655,0.034482758620689655,0.9655172413793104,29,1200,900,300,0.75,15,9,6,409.838480636869,0.8129105090311987,0.046138574178244074,0.24435092008317424,132005.21074459868,5020.163001543197,137025.37374614188,194,0,123.55172413793103,29,0,20,32.56112875613821,0.6576867816091954,43.09027777777777,1027.6388888888882,35.43582375478925,0
196,4,1,1,28,0.034482758620689655,0.034482758620689655,0.9655172413793104,29,450,300,150,0.6666666666666666,6,3,3,409.6055514974435,0.8149630541871921,0.04697110904007462,0.24444202266782908,132040.8950617283,5016.9367283950505,137057.83179012337,195,0,124.51724137931035,29,0,20,32.53096846846847,0.6580459770114943,43.05555555555555,1027.7777777777771,35.4406130268199,0
197,4,0,0,28,0.0,0.0,1.0,28,650,400,250,0.6153846153846154,9,4,5,420.4905336972702,0.8089726631393298,0.10819149794305072,0.23491758207503657,129493.6996300701,5290.174973576441,134783.87460364655,196,15,129.96428571428572,28,0,20,34.846426218708835,0.6354166666666666,45.54597701149426,1017.8160919540236,36.3505747126437,8
198,4,1,0,29,0.034482758620689655,0.0,1.0,29,1300,1000,300,0.7692307692307693,16,10,6,409.6312910996472,0.8170155993431856,0.11638283282766149,0.23170361627531658,129979.17631172837,4848.707561728392,134827.88387345677,197,0,126.44827586206897,29,0,21,34.626691183147194,0.637212643678161,45.06944444444444,1019.7222222222221,35.16283524904214,0
199,4,2,0,31,0.06451612903225806,0.0,1.0,31,1000,700,300,0.7,13,7,6,383.7627153664174,0.828673835125448,0.10302220525545591,0.22059829556777047,130605.83457986469,3824.6385861885083,134430.4731660532,198,0,119.2258064516129,30,1,18,34.64880561034408,0.640625,44.45564516129032,1022.1774193548384,34.07258064516128,0
200,4,1,1,31,0.03125,0.03125,0.96875,32,750,500,250,0.6666666666666666,10,5,5,374.92835011452735,0.8335853494623656,0.09913395470161612,0.2171379442557165,130894.72664727118,3415.228780110696,134309.95542738188,199,0,116.46875,31,1,18,34.581504220214626,0.640793010752688,44.17317708333334,1023.3072916666677,33.009912634408636,0
201,4,0,0,31,0.0,0.0,1.0,31,850,700,150,0.8235294117647058,10,7,3,387.71131623078224,0.8267921146953405,0.10487684979573864,0.22425976741251633,130846.37674875712,3946.1241906578903,134792.500939415,200,2,121.2258064516129,30,1,20,34.30356673673148,0.6430555555555555,44.22043010752689,1023.1182795698927,34.103942652329756,0
202,4,0,0,31,0.0,0.0,1.0,31,900,600,300,0.6666666666666666,12,6,6,386.8006446636957,0.8261648745519713,0.1037379304118744,0.22440146625101925,130961.3566928439,3931.187438964839,134892.54413180874,201,3,122.2258064516129,31,0,20,34.210156680659814,0.6414650537634409,44.108072916666664,1023.5677083333327,33.01831317204299,0
203,4,0,0,31,0.0,0.0,1.0,31,850,400,450,0.47058823529411764,13,4,9,386.2922997157168,0.825089605734767,0.10448593837167364,0.22468954474588718,131061.33355034715,3925.5967881944384,134986.9303385416,202,4,123.2258064516129,31,0,21,34.12173618175654,0.64247311827957,44.010416666666664,1023.9583333333327,33.0309139784946,0
204,4,1,1,31,0.03125,0.03125,0.96875,32,800,400,400,0.5,12,4,8,377.91851523798977,0.8299311155913979,0.10320478216690021,0.2215452323506099,131361.4930046928,3529.059346516921,134890.5523512097,203,0,120.34375,31,1,22,34.03205576019308,0.645497311827957,43.717447916666664,1025.1302083333326,33.068716397849435,0
205,4,0,0,31,0.0,0.0,1.0,31,750,600,150,0.8,9,6,3,389.288453248387,0.8220430107526882,0.12014591958027654,0.2276151654580092,131261.4017062716,4019.7096082899257,135281.11131456154,204,6,125.2258064516129,31,0,22,33.84212198221095,0.644489247311828,43.815104166666664,1024.7395833333326,33.05611559139783,0
206,4,0,0,31,0.0,0.0,1.0,31,1250,900,350,0.72,16,9,7,393.0395055092713,0.8211469534050179,0.15520888418825995,0.2179582712369597,129201.38888888898,3956.250000000006,133157.638888889,205,7,126.2258064516129,31,0,22,35.843579234972644,0.6236559139784945,45.833333333333336,1016.6666666666674,32.795698924731205,6
207,4,0,0,31,0.0,0.0,1.0,31,600,400,200,0.6666666666666666,8,4,4,395.7544826636456,0.8201612903225807,0.16230638965759359,0.2198323264298061,129267.5866021051,4031.64537217883,133299.23197428393,206,8,127.2258064516129,31,0,22,35.70689287238585,0.6243279569892473,45.76822916666667,1016.9270833333339,32.80409946236561,0
208,4,1,0,32,0.03125,0.0,1.0,32,800,600,200,0.75,10,6,4,385.53049638066085,0.8272849462365592,0.15733533862565108,0.215544165174819,129522.50567544138,3586.975181103985,133109.48085654536,207,0,124.21875,32,0,19,35.70660712809065,0.6243489583333333,45.517676767676775,1017.9292929292938,31.81029040404043,0
209,4,1,0,33,0.030303030303030304,0.0,1.0,33,1300,1000,300,0.7692307692307693,16,10,6,378.76641087278114,0.832544191919192,0.1525641025641029,0.21408536266722403,129950.01922337557,3244.140474817371,133194.15969819293,208,0,121.42424242424242,33,0,20,35.44320913461537,0.6262626262626263,45.09803921568627,1019.6078431372545,30.89720736779559,0
210,4,1,1,33,0.029411764705882353,0.029411764705882353,0.9705882352941176,34,850,700,150,0.8235294117647058,10,7,3,367.7560556011917,0.841354723707665,0.1365987159789286,0.2096991976619561,130292.97052154194,2783.205782312921,133076.17630385485,209,0,118.82352941176471,34,0,21,35.37536924751242,0.6274509803921569,44.76190476190476,1020.9523809523808,30.02801120448179,0
211,4,2,1,34,0.05714285714285714,0.02857142857142857,0.9714285714285714,35,600,300,300,0.5,9,3,6,361.50846373344285,0.8468487394957983,0.14111711245512448,0.2081855129479294,130676.4470271777,2448.128322187934,133124.57534936562,210,0,116.37142857142857,35,0,17,35.145932382461716,0.6291666666666667,44.386574074074076,1022.4537037037042,29.212962962962976,0
212,4,0,0,34,0.0,0.0,1.0,34,750,400,350,0.5333333333333333,11,4,7,371.6313682222789,0.8382352941176471,0.15130650443266092,0.21357609956870724,130597.00255102031,2906.788548752823,133503.79109977314,211,1,120.79411764705883,34,0,17,34.96777700131998,0.630514705882353,44.46428571428571,1022.1428571428564,30.063025210084014,0
213,4,0,0,34,0.0,0.0,1.0,34,1050,800,250,0.7619047619047619,13,8,5,371.8883749142283,0.8368983957219251,0.1479150113701746,0.2140601450243559,130657.8514739228,2918.0272108843405,133575.87868480713,212,2,121.79411764705883,34,0,17,34.89947213165657,0.6311274509803921,44.4047619047619,1022.3809523809515,30.070028011204457,0
214,4,0,0,34,0.0,0.0,1.0,34,750,500,250,0.6666666666666666,10,5,5,372.034217985025,0.8359699940582294,0.14630564133463908,0.21465050145798165,130749.15143140576,2928.6316609977166,133677.78309240346,213,3,122.79411764705883,34,0,18,34.803137003841236,0.632046568627451,44.31547619047618,1022.738095238094,30.080532212885117,0
215,4,1,3,32,0.02857142857142857,0.08571428571428572,0.9142857142857143,35,950,600,350,0.631578947368421,13,6,7,365.3806336545151,0.8409663865546217,0.10756150681616572,0.21384306087314772,131298.4681096748,2594.7834951560026,133893.25160483082,214,0,120.25714285714285,35,0,18,34.41711368341804,0.6354166666666667,43.77893518518517,1024.884259259257,29.282407407407344,1
216,4,0,0,32,0.0,0.0,1.0,32,900,500,400,0.5555555555555556,13,5,8,390.7656170669746,0.8205645161290324,0.13997717176702928,0.2261974686221971,130875.54841342705,3828.332886950294,134703.88130037734,215,5,132.125,32,0,18,34.195818937150385,0.6380208333333335,44.19191919191918,1023.232323232322,31.97601010101006,0
217,4,1,0,33,0.030303030303030304,0.0,1.0,33,900,800,100,0.8888888888888888,10,8,2,378.344131315675,0.8278882575757577,0.13236189647672858,0.2208768811312181,131202.5422914263,3327.9423779315566,134530.48466935786,216,0,129.0909090909091,33,0,19,34.18211722488037,0.638888888888889,43.87254901960784,1024.5098039215682,31.045751633986914,0
218,4,0,0,33,0.0,0.0,1.0,33,1200,900,300,0.75,15,9,6,377.0826626899074,0.8273358585858587,0.13548515640565828,0.2210439014296478,131359.53006355732,3306.680273212226,134666.21033676955,217,1,130.0909090909091,33,0,19,34.05546423590356,0.6404671717171717,43.71936274509804,1025.122549019608,31.064319667260847,0
219,4,0,0,33,0.0,0.0,1.0,33,600,400,200,0.6666666666666666,8,4,4,377.72562680279447,0.8267834595959597,0.13867095530973184,0.2216025661873896,131390.93888168002,3325.9449490580387,134716.88383073805,218,2,131.0909090909091,33,0,19,34.007191808112196,0.6407828282828283,43.68872549019607,1025.2450980392148,31.0680332739156,0
220,4,0,0,33,0.0,0.0,1.0,33,550,500,50,0.9090909090909091,6,5,1,380.1943848500291,0.8239425505050506,0.13688135838673499,0.22378530247501707,131516.61169982693,3400.375456555165,134916.9871563821,219,3,132.0909090909091,33,0,20,33.816706491437664,0.6420454545454546,43.56617647058823,1025.7352941176466,31.082887700534744,0
221,4,0,0,33,0.0,0.0,1.0,33,600,400,200,0.6666666666666666,8,4,4,378.6400952177061,0.8234690656565657,0.1365862132612401,0.22342167140647312,131610.90573637543,3366.63317594195,134977.53891231737,220,4,133.0909090909091,33,0,18,33.7611718221267,0.6429924242424242,43.474264705882355,1026.1029411764707,31.094028520499112,0
222,4,0,0,33,0.0,0.0,1.0,33,1000,700,300,0.7,13,7,6,375.79719313878377,0.8229166666666667,0.130894617819991,0.22211019707391072,131673.78720023547,3296.527927960402,134970.31512819589,221,5,134.0909090909091,33,0,18,33.77052238805971,0.6436237373737373,43.41299019607843,1026.3480392156862,31.101455733808674,0
223,4,0,0,33,0.0,0.0,1.0,33,850,500,350,0.5882352941176471,12,5,7,374.75692712461057,0.8222064393939394,0.12986392933874447,0.2220448044872693,131768.13755526723,3276.2044646289874,135044.34201989623,222,6,135.0909090909091,33,0,18,33.70185804090076,0.6445707070707071,43.32107843137255,1026.7156862745098,31.112596553773024,0
224,4,0,0,33,0.0,0.0,1.0,33,850,400,450,0.47058823529411764,13,4,9,372.4779421397689,0.8210227272727273,0.12639039560280563,0.22105985517926804,131831.05656478286,3220.8321318723674,135051.88869665522,223,7,136.0909090909091,33,0,18,33.69679793158312,0.6452020202020201,43.25980392156863,1026.9607843137262,31.120023767082614,0
225,4,0,0,33,0.0,0.0,1.0,33,750,300,450,0.4,12,3,9,371.3243008611431,0.8213383838383839,0.1251459831581534,0.2205576871380044,131862.52170138896,3192.751736111121,135055.2734375001,224,8,137.0909090909091,33,0,18,33.694641649763355,0.6455176767676767,43.22916666666667,1027.083333333334,31.12373737373739,0
226,4,0,0,33,0.0,0.0,1.0,33,550,400,150,0.7272727272727273,7,4,3,373.1923256489549,0.8203914141414143,0.12680652680652638,0.22240352882491035,131988.4197934689,3251.4130682910472,135239.83286175993,225,9,138.0909090909091,33,0,18,33.51955376664679,0.646780303030303,43.106617647058826,1027.573529411765,31.13859180035652,0
227,4,0,0,33,0.0,0.0,1.0,33,600,500,100,0.8333333333333334,7,5,2,373.3051047738418,0.8199179292929294,0.130477202263513,0.22265551981745632,132019.90370290267,3256.7407968089087,135276.64449971158,226,10,139.0909090909091,33,0,18,33.48487558629461,0.6470959595959596,43.07598039215686,1027.696078431372,31.14230540701127,0
228,4,0,0,33,0.0,0.0,1.0,33,700,400,300,0.5714285714285714,10,4,6,372.2692788854206,0.8200757575757577,0.1333781250338646,0.22259208699713423,132114.37795859767,3236.424842608612,135350.80280120627,227,11,140.0909090909091,33,0,19,33.416155084038614,0.6480429292929293,42.98406862745098,1028.0637254901962,31.153446226975642,0
229,4,1,1,33,0.029411764705882353,0.029411764705882353,0.9705882352941176,34,1050,800,250,0.7619047619047619,13,8,5,362.13430317927293,0.8250891265597149,0.1347784082404646,0.21834122631018088,132428.6352040817,2791.390306122454,135220.02551020414,228,0,136.94117647058823,34,0,20,33.360079805690496,0.6488970588235294,42.67857142857143,1029.2857142857147,30.27310924369749,0
230,4,0,0,33,0.0,0.0,1.0,33,900,700,200,0.7777777777777778,11,7,4,374.8698989381718,0.820864898989899,0.15067430287151606,0.2256474940060091,132366.47450800167,3324.0413843233287,135690.515892325,229,1,141.1818181818182,33,0,20,33.09502897860348,0.6505681818181819,42.73897058823529,1029.0441176470583,31.18315508021389,0
231,4,0,0,33,0.0,0.0,1.0,33,800,400,400,0.5,12,4,8,373.5514432296876,0.8201546717171718,0.14869341185130702,0.22504196701886042,132398.00347222216,3291.493055555546,135689.4965277777,230,2,142.1818181818182,33,0,20,33.097165991902834,0.6508838383838385,42.70833333333333,1029.166666666666,31.186868686868667,0
232,4,0,0,33,0.0,0.0,1.0,33,650,500,150,0.7692307692307693,8,5,3,374.6113962640127,0.8177872474747475,0.1534911225534743,0.22681802407800858,132587.25610342165,3333.739427143391,135920.99553056504,231,3,143.1818181818182,33,0,21,32.879184515310165,0.6527777777777779,42.52450980392156,1029.9019607843127,31.209150326797353,0
233,4,0,1,32,0.0,0.030303030303030304,0.9696969696969697,33,850,600,250,0.7058823529411765,11,6,5,371.83086823371315,0.8173926767676768,0.15419000857973075,0.2255130070975895,132650.37035034588,3264.7004757785294,135915.0708261244,232,4,144.1818181818182,33,0,17,32.88722341184867,0.653409090909091,42.46323529411764,1030.1470588235281,31.216577540106915,0
234,4,0,0,32,0.0,0.0,1.0,32,1050,700,350,0.6666666666666666,14,7,7,376.7759629734285,0.8195144489247312,0.15335371460095648,0.22816343949326318,132592.99314164367,3591.5705348943934,136184.56367653806,233,5,145.53125,32,0,21,32.81767193821257,0.6552734375,42.51893939393939,1029.924242424242,32.185132575757564,0
235,4,2,1,33,0.058823529411764705,0.029411764705882353,0.9705882352941176,34,550,300,250,0.5454545454545454,8,3,5,361.0765698474008,0.8255718954248367,0.15041687301145856,0.22220687985428034,133195.58000283435,2818.760629251689,136014.34063208604,234,0,137.91176470588235,34,0,18,32.61638411563449,0.6565563725490197,41.9345238095238,1032.261904761904,30.360644257703058,0
236,4,0,0,33,0.0,0.0,1.0,33,950,700,250,0.7368421052631579,12,7,5,368.7021211852659,0.8169981060606061,0.15920419480827763,0.2274292879287737,133282.33882401,3228.2962081891606,136510.63503219915,235,1,143.0909090909091,33,0,20,32.33246301131418,0.6597222222222222,41.85049019607843,1032.5980392156864,31.29084967320262,0
237,4,0,0,33,0.0,0.0,1.0,33,1150,900,250,0.782608695652174,14,9,5,370.0731331065364,0.8139204545454546,0.15593247143478473,0.22924956540934674,133440.56560277304,3276.553639225309,136717.11924199836,236,2,144.0909090909091,33,0,20,32.13821511880758,0.661300505050505,41.69730392156863,1033.210784313726,31.309417706476545,0
238,4,0,0,33,0.0,0.0,1.0,33,700,300,400,0.42857142857142855,11,3,8,371.6210383921491,0.8121843434343435,0.16027478963215258,0.23079910440348916,133535.5467248173,3324.923707227982,136860.4704320453,237,3,145.0909090909091,33,0,20,32.00290490870287,0.6622474747474747,41.60539215686274,1033.5784313725485,31.320558526440863,0
239,4,0,0,33,0.0,0.0,1.0,33,800,400,400,0.5,12,4,8,369.14740266806075,0.8093434343434344,0.1481800590910891,0.23064198563442617,133757.30075271518,3275.23203215108,137032.53278486626,238,4,146.0909090909091,33,0,19,31.84444477352605,0.6644570707070707,41.39093137254901,1034.4362745098028,31.34655377302433,0
240,4,0,0,33,0.0,0.0,1.0,33,600,400,200,0.6666666666666666,8,4,4,369.5583578358246,0.8084753787878789,0.14960932312584663,0.2312958647300122,133820.69283749032,3290.9110978950375,137111.60393538536,239,5,147.0909090909091,33,0,19,31.770278139681807,0.6650883838383839,41.3296568627451,1034.681372549019,31.35398098633391,0
241,4,1,2,32,0.029411764705882353,0.058823529411764705,0.9411764705882353,34,450,300,150,0.6666666666666666,6,3,3,360.9085391211657,0.8113116458704694,0.15270258396360958,0.22810363224193925,134180.50063775506,2885.3776927437575,137065.87833049882,240,0,143.73529411764707,34,0,20,31.633967214370514,0.666360294117647,40.982142857142854,1036.0714285714282,30.472689075630242,0
242,4,0,0,32,0.0,0.0,1.0,32,900,800,100,0.8888888888888888,10,8,2,372.93202992154477,0.8070396505376345,0.11891303022915678,0.23534879795971927,134125.37623711847,3603.9297648198904,137729.30600193836,240,1,138.75,32,0,20,31.37773240695595,0.6705729166666667,41.03535353535352,1035.8585858585843,32.37058080808076,0
243,4,0,0,32,0.0,0.0,1.0,32,800,700,100,0.875,9,7,2,373.60053093259444,0.8063676075268817,0.11935763888888862,0.23661366959064314,134256.19834710745,3631.6373966942097,137887.83574380167,241,2,139.75,32,0,20,31.229440789473674,0.671875,40.90909090909091,1036.3636363636363,32.38636363636363,0
244,4,0,0,32,0.0,0.0,1.0,32,950,500,450,0.5263157894736842,14,5,9,372.2877776429202,0.8062415994623656,0.1179612315751013,0.2359930785073921,134288.9138385112,3598.8242590041677,137887.73809751536,242,3,140.75,32,0,20,31.230712226418188,0.6722005208333335,40.877525252525245,1036.4898989898975,32.390309343434296,0
245,4,0,0,32,0.0,0.0,1.0,32,1200,800,400,0.6666666666666666,16,8,8,371.19950156697496,0.8054435483870969,0.12030412810521174,0.23593578226532486,134387.08422609928,3576.8837363534208,137963.9679624527,243,4,141.75,32,0,20,31.16069978892677,0.6731770833333335,40.78282828282828,1036.8686868686862,32.40214646464644,0
246,4,0,0,32,0.0,0.0,1.0,32,700,400,300,0.5714285714285714,10,4,6,370.045548176986,0.803679435483871,0.12448284254076403,0.23647234175104762,134583.53261146825,3560.4074201612148,138143.94003162946,244,5,142.75,32,0,20,30.99420986452503,0.6751302083333333,40.593434343434346,1037.626262626263,32.42582070707072,0
247,4,0,0,32,0.0,0.0,1.0,32,950,600,350,0.631578947368421,13,6,7,369.8284784058244,0.8015793010752689,0.13169697153977156,0.2371864079136263,134714.57791296815,3564.257473727184,138278.83538669534,245,6,143.75,32,0,20,30.868908619151874,0.6764322916666666,40.46717171717172,1038.1313131313138,32.44160353535356,0
248,4,0,0,32,0.0,0.0,1.0,32,1050,900,150,0.8571428571428571,12,9,3,371.8944207832524,0.8005292338709679,0.12976823708206697,0.23915806184067628,134812.90373750124,3627.2333499132747,138440.1370874145,246,7,144.75,32,0,19,30.717071935157044,0.6774088541666666,40.37247474747475,1038.510101010101,32.453440656565654,0
249,4,0,0,32,0.0,0.0,1.0,32,1150,1000,150,0.8695652173913043,13,10,3,388.10802184147815,0.8005292338709679,0.09702322936972063,0.24221340049230936,133715.3884300208,4101.767002747228,137817.15543276802,247,8,145.75,30,2,20,31.39619883040935,0.671875,41.431451612903224,1034.274193548387,34.475806451612904,5
250,4,1,0,33,0.030303030303030304,0.0,1.0,33,600,300,300,0.5,9,3,6,375.2726024780786,0.8072127525252526,0.09327877721138966,0.23652284311494737,134078.37761772997,3463.188340928815,137541.5659586588,248,0,142.3030303030303,31,2,21,31.36419830693152,0.6727150537634409,41.080729166666664,1035.677083333333,33.408938172043,0
251,4,0,0,33,0.0,0.0,1.0,33,650,300,350,0.46153846153846156,10,3,7,372.9626224824508,0.8067392676767677,0.08925204274041532,0.23528292322346506,134112.09318372927,3403.7595960828903,137515.85277981215,249,1,143.3030303030303,31,2,21,31.390241986172217,0.6730510752688172,41.04817708333333,1035.8072916666658,33.41313844086019,0
252,4,1,1,33,0.029411764705882353,0.029411764705882353,0.9705882352941176,34,750,600,150,0.8,9,6,3,360.16155101163304,0.8138368983957219,0.07620988246753746,0.22912523768075463,134419.81565975404,2882.569858942959,137302.385518697,250,0,140.05882352941177,32,2,21,31.414119891229358,0.6735026041666667,40.75126262626262,1036.994949494949,32.406092171717155,0
253,4,0,0,33,0.0,0.0,1.0,33,800,600,200,0.75,10,6,4,369.12619188670493,0.8046875000000001,0.08680091529695777,0.23372119023279894,134246.99783325184,3310.81661648219,137557.81444973403,251,3,145.3030303030303,31,2,21,31.35457239184152,0.6743951612903226,40.91796874999999,1036.328124999999,33.429939516129004,0
254,4,0,0,33,0.0,0.0,1.0,33,900,600,300,0.6666666666666666,12,6,6,368.602457644249,0.8042140151515152,0.08533266340074563,0.2338202522156069,134314.47558932827,3301.729159884974,137616.20474921324,252,4,146.3030303030303,31,2,21,31.3006374827283,0.6750672043010754,40.85286458333333,1036.588541666666,33.43834005376342,0
255,4,0,0,33,0.0,0.0,1.0,33,1000,900,100,0.9,11,9,2,369.1328081181392,0.8036616161616162,0.08861790474450615,0.23437284036974673,134348.2208251953,3318.4672037760433,137666.68802897134,253,5,147.3030303030303,31,2,21,31.253139914594332,0.6754032258064517,40.8203125,1036.71875,33.44254032258065,0
256,4,0,0,33,0.0,0.0,1.0,33,750,400,350,0.5333333333333333,11,4,7,368.93872296467043,0.8027146464646465,0.08742564465896163,0.2344988229865228,134387.0842260994,3316.119847464547,137703.20407356395,254,6,148.3030303030303,32,1,21,31.21930305244358,0.6731770833333334,40.782828282828284,1036.868686868687,32.40214646464647,0
257,4,0,0,33,0.0,0.0,1.0,33,700,500,200,0.7142857142857143,9,5,4,367.99648298283245,0.8015309343434344,0.08748635330913812,0.2347406136791111,134518.03387409446,3300.432672686457,137818.46654678092,255,7,149.3030303030303,32,1,22,31.112818484258362,0.6744791666666667,40.656565656565654,1037.3737373737372,32.41792929292929,0
258,4,0,0,33,0.0,0.0,1.0,33,1150,900,250,0.782608695652174,14,9,5,367.70906764276253,0.8025568181818182,0.0940690630739569,0.23498585084564347,134584.55615573458,3297.5963181907323,137882.15247392532,256,8,150.3030303030303,31,2,23,31.053797005061273,0.677755376344086,40.592447916666664,1037.6302083333333,33.47194220430107,0
259,4,0,0,33,0.0,0.0,1.0,33,850,500,350,0.5882352941176471,12,5,7,364.63849965368433,0.8023200757575758,0.09095332890953323,0.23343679650726512,134649.04729109266,3219.645316804395,137868.69260789704,257,9,151.3030303030303,32,1,23,31.069038929440392,0.67578125,40.530303030303024,1037.878787878787,32.433712121212096,0
260,4,0,0,33,0.0,0.0,1.0,33,900,500,400,0.5555555555555556,13,5,8,362.93218426182415,0.8023200757575758,0.10222842459684567,0.2298570500324887,134256.1983471075,3145.1790633608907,137401.3774104684,258,10,152.3030303030303,32,1,22,31.50584795321637,0.671875,40.909090909090914,1036.363636363637,32.386363636363654,1
261,4,0,0,33,0.0,0.0,1.0,33,1000,800,200,0.8,12,8,4,361.5104504142417,0.8002683080808082,0.09765457792734877,0.2297773853561727,134387.0842260993,3116.467069686753,137503.55129578605,259,11,153.3030303030303,32,1,23,31.411856632570206,0.6731770833333335,40.78282828282828,1036.8686868686864,32.40214646464645,0
262,4,0,1,32,0.0,0.030303030303030304,0.9696969696969697,33,450,200,250,0.4444444444444444,7,2,5,362.5113654787154,0.7981376262626263,0.09771030657106627,0.23124172195443518,134518.03387409443,3152.8632282420112,137670.89710233643,260,12,154.3030303030303,32,1,23,31.25507140538786,0.6744791666666667,40.656565656565654,1037.373737373737,32.41792929292928,0
263,4,0,0,32,0.0,0.0,1.0,32,750,600,150,0.8,9,6,3,372.68648789613013,0.7893985215053764,0.11073693795528783,0.236629171979983,134348.2208251953,3613.9533148871524,137962.17414008247,261,22,159.75,31,1,23,31.161035753160856,0.6754032258064516,40.8203125,1036.71875,33.44254032258065,0
264,4,0,0,32,0.0,0.0,1.0,32,800,500,300,0.625,11,5,6,373.7133524769045,0.7887264784946237,0.11327536413862371,0.2377198992912195,134415.72401258684,3646.590169270839,138062.31418185768,262,23,160.75,31,1,23,31.066884312740672,0.6760752688172043,40.755208333333336,1036.979166666667,33.45094086021506,0
265,4,0,0,32,0.0,0.0,1.0,32,650,300,350,0.46153846153846156,10,3,7,374.05206120488594,0.7876344086021506,0.11581251569168982,0.2383758975646498,134483.24415418843,3660.7469346788293,138143.99108886727,263,24,161.75,31,1,23,30.990564063938407,0.676747311827957,40.69010416666667,1037.239583333334,33.459341397849485,0
266,4,0,0,32,0.0,0.0,1.0,32,650,400,250,0.6153846153846154,9,4,5,372.0243258518062,0.7862063172043011,0.11084535759096603,0.23796419558899662,134618.33530002175,3616.259087456604,138234.59438747834,264,25,162.75,31,1,23,30.908092848180672,0.6780913978494623,40.559895833333336,1037.760416666667,33.47614247311829,0
267,4,0,0,32,0.0,0.0,1.0,32,500,300,200,0.6,7,3,4,369.1083708783921,0.7849882392473119,0.11088595886115638,0.2367579276760596,134719.69816419817,3545.233662923183,138264.93182712136,265,26,163.75,31,1,23,30.882483590451105,0.6790994623655914,40.462239583333336,1038.151041666667,33.4887432795699,0
268,4,0,0,32,0.0,0.0,1.0,32,800,500,300,0.625,11,5,6,370.3387303685508,0.7836441532258065,0.11821095023191663,0.2384335796731179,134854.90798950198,3588.399081759983,138443.30707126195,266,27,164.75,31,1,21,30.715520663574434,0.6804435483870968,40.33203125,1038.6718750000002,33.50554435483872,0
269,4,0,0,32,0.0,0.0,1.0,32,1250,1100,150,0.88,14,11,3,372.04167909492674,0.7816700268817205,0.12403689551490826,0.24065127086999238,135024.0156385634,3646.912299262158,138670.92793782556,267,28,165.75,31,1,22,30.502484757370755,0.6821236559139785,40.169270833333336,1039.322916666667,33.52654569892474,0
270,4,0,0,32,0.0,0.0,1.0,32,1150,800,350,0.6956521739130435,15,8,7,373.214482720167,0.7788558467741936,0.12258170548459812,0.2423163300002646,135159.37805175784,3688.6874728732637,138848.0655246311,268,29,166.75,31,1,22,30.336943818348775,0.6834677419354839,40.0390625,1039.8437500000002,33.54334677419356,0
271,4,0,0,32,0.0,0.0,1.0,32,500,400,100,0.8,6,4,2,371.23412436407335,0.778225806451613,0.11858723550769956,0.24125687154563516,135193.22925143782,3637.668016221798,138830.89726765963,269,30,167.75,31,1,22,30.35466487208379,0.6838037634408602,40.00651041666667,1039.9739583333342,33.54754704301078,0
272,4,0,0,32,0.0,0.0,1.0,32,1300,900,400,0.6923076923076923,17,9,8,372.7350974598223,0.7777637768817205,0.11364489489489493,0.24337409304729565,135362.548828125,3690.8745659722235,139053.42339409722,270,31,168.75,31,1,22,30.14681348014681,0.6854838709677419,39.84375,1040.625,33.568548387096776,0
273,4,0,0,32,0.0,0.0,1.0,32,850,400,450,0.47058823529411764,13,4,9,376.0534594460811,0.776251680107527,0.1096954727363677,0.246469136207448,135498.08078342024,3790.9044053819543,139288.9851888022,271,32,169.75,31,1,22,29.92537935634483,0.6868279569892473,39.71354166666667,1041.1458333333342,33.58534946236562,0
274,4,0,0,32,0.0,0.0,1.0,32,750,500,250,0.6666666666666666,10,5,5,389.9386122515471,0.7762096774193549,0.07882509386733383,0.25412801891434444,135294.8082817926,4151.3339572482755,139446.14223904087,272,33,170.75,31,1,21,29.766896120150186,0.6848118279569892,39.90885416666667,1040.364583333334,33.56014784946238,1
275,4,0,0,32,0.0,0.0,1.0,32,600,300,300,0.5,9,3,6,389.9386122515471,0.7761676747311829,0.07882509386733383,0.25412801891434444,135294.8082817926,4151.3339572482755,139446.14223904087,273,34,171.75,31,1,21,29.766896120150186,0.6848118279569892,39.90885416666667,1040.364583333334,33.56014784946238,0
276,4,0,0,32,0.0,0.0,1.0,32,850,600,250,0.7058823529411765,11,6,5,388.05601218084615,0.7749495967741936,0.08366557223264515,0.2540956443395468,135464.1914367676,4113.538784450955,139577.73022121858,274,35,172.75,31,1,22,29.646784448613722,0.686491935483871,39.74609375,1041.0156250000002,33.58114919354839,0
277,4,0,0,32,0.0,0.0,1.0,32,550,300,250,0.5454545454545454,8,3,5,389.66578829446934,0.7746135752688172,0.08645038764536683,0.2556322648885048,135531.97436862535,4162.434726291254,139694.4090949166,275,36,173.75,31,1,22,29.53724834312868,0.6871639784946236,39.68098958333334,1041.2760416666679,33.589549731182835,0
278,4,1,1,32,0.030303030303030304,0.030303030303030304,0.9696969696969697,33,450,300,150,0.6666666666666666,6,3,3,378.9755232595995,0.7851957070707072,0.07473327899787807,0.2502451175187788,135765.2360090808,3690.340271400892,139455.5762804817,276,0,169.45454545454547,32,1,22,29.58313141103303,0.6868489583333333,39.45707070707071,1042.171717171718,32.56786616161619,0
279,4,0,0,32,0.0,0.0,1.0,32,800,500,300,0.625,11,5,6,387.51999999999987,0.774319556451613,0.08650000000000024,0.2549473684210527,135633.6805555557,4112.152777777798,139745.83333333352,277,38,175.75,31,1,22,29.491666666666678,0.6881720430107526,39.58333333333334,1041.6666666666679,33.60215053763445,0
280,4,0,0,32,0.0,0.0,1.0,32,1050,900,150,0.8571428571428571,12,9,3,385.83540486029415,0.7744875672043011,0.09059611541343982,0.2552891116786379,135837.20737033433,4082.160780164952,139919.3681504993,278,39,176.75,31,1,22,29.332687984011997,0.6901881720430108,39.38802083333334,1042.4479166666679,33.627352150537675,0
281,4,0,0,32,0.0,0.0,1.0,32,650,300,350,0.46153846153846156,10,3,7,386.9312587080325,0.7731014784946237,0.0921424335122989,0.2567466819380808,135939.02799818266,4119.81184217667,140058.83984035935,279,40,177.75,31,1,19,29.202693844425024,0.6911962365591398,39.29036458333334,1042.8385416666679,33.63995295698928,0
282,4,0,0,32,0.0,0.0,1.0,32,850,700,150,0.8235294117647058,10,7,3,376.51830351995886,0.7720514112903226,0.08354367866549617,0.24151089573327672,134719.69816419805,3744.8864407009455,138464.584604899,280,41,178.75,31,1,23,30.69016785818805,0.6790994623655915,40.46223958333333,1038.151041666666,33.488743279569874,3
283,4,0,0,32,0.0,0.0,1.0,32,1100,800,300,0.7272727272727273,14,8,6,377.6338675917099,0.7702452956989247,0.08458072100313463,0.24267768686896732,134787.2945997449,3780.0494723849633,138567.34407212987,281,42,179.75,31,1,18,30.593652037617552,0.6797715053763442,40.39713541666666,1038.4114583333323,33.49714381720427,0
284,4,0,0,32,0.0,0.0,1.0,32,900,500,400,0.5555555555555556,13,5,8,380.0587835209297,0.7696572580645162,0.08815719388394538,0.24514866885315248,134922.5383334689,3855.6991577148333,138778.23749118374,282,43,180.75,31,1,19,30.395543510047208,0.6811155913978495,40.26692708333333,1038.932291666666,33.5139448924731,0
285,4,0,0,32,0.0,0.0,1.0,32,850,800,50,0.9411764705882353,9,8,1,379.13822489604377,0.7691532258064516,0.08967391304347805,0.2458129247081908,135108.09643148654,3844.928770023457,138953.02520151,283,44,181.75,32,0,19,30.23414096024613,0.6803385416666667,40.088383838383834,1039.6464646464642,32.48895202020201,0
286,4,0,0,32,0.0,0.0,1.0,32,800,600,200,0.75,10,6,4,379.8195759138157,0.7680191532258065,0.09079007285974483,0.24647866096534843,135140.91554752053,3865.8330463728007,139006.74859389334,284,45,182.75,32,0,19,30.18366727383119,0.6806640625,40.05681818181817,1039.7727272727263,32.4928977272727,0
287,4,0,0,32,0.0,0.0,1.0,32,550,400,150,0.7272727272727273,7,4,3,380.50476010934113,0.7668850806451614,0.09786862864077661,0.2480505714636845,135305.07091113157,3896.8447097235057,139201.91562085508,285,46,183.75,32,0,19,30.002022653721678,0.6822916666666666,39.8989898989899,1040.4040404040409,32.51262626262628,0
288,4,0,0,32,0.0,0.0,1.0,32,1300,1100,200,0.8461538461538461,15,11,4,380.1441868275523,0.765498991935484,0.10091169516187692,0.2494072481119193,135535.05581382004,3904.572715794311,139439.62852961436,286,47,184.75,32,0,20,29.782041954650172,0.6845703125,39.678030303030305,1041.287878787879,32.54024621212122,0
289,4,0,0,32,0.0,0.0,1.0,32,850,600,250,0.7058823529411765,11,6,5,380.91158362120336,0.7634828629032259,0.10488771366226213,0.2503696934893473,135600.80165608105,3930.383219824508,139531.18487590557,287,48,185.75,32,0,21,29.69652887218651,0.6852213541666667,39.61489898989899,1041.5404040404042,32.54813762626263,0
290,4,0,0,32,0.0,0.0,1.0,32,1250,1000,250,0.8,15,10,5,380.8079342481981,0.7630628360215055,0.10854132825190543,0.25124533370060437,135735.4248894586,3937.829336853936,139673.25422631254,288,49,186.75,31,1,23,29.565084968136958,0.6891801075268817,39.485677083333336,1042.057291666667,33.61475134408603,0
291,4,0,0,32,0.0,0.0,1.0,32,800,400,400,0.5,12,4,8,379.77343173621244,0.7622227822580646,0.10905890369473004,0.25100317686008294,135798.13483636887,3914.5047380369547,139712.63957440582,289,50,187.75,32,0,23,29.52957803351504,0.6871744791666666,39.42550505050506,1042.297979797981,32.57181186868691,0
292,4,0,0,32,0.0,0.0,1.0,32,400,200,200,0.5,6,2,4,379.77343173621244,0.7622227822580646,0.10905890369473004,0.25100317686008294,135798.13483636887,3914.5047380369547,139712.63957440582,290,51,188.75,32,0,23,29.52957803351504,0.6871744791666666,39.42550505050506,1042.297979797981,32.57181186868691,0
293,4,0,0,32,0.0,0.0,1.0,32,800,700,100,0.875,9,7,2,379.4575802168034,0.761676747311828,0.11685835351089535,0.2519549527806109,135962.68875624952,3918.4145750433795,139881.1033312929,291,52,189.75,32,0,20,29.373991121872468,0.6888020833333333,39.267676767676775,1042.9292929292942,32.591540404040444,0
294,4,0,0,32,0.0,0.0,1.0,32,800,500,300,0.625,11,5,6,380.920812877183,0.7607526881720431,0.12032498184458973,0.2533951494356913,136028.5382231405,3963.220270890722,139991.7584940312,292,53,190.75,32,0,20,29.270303800532563,0.689453125,39.20454545454545,1043.181818181818,32.59943181818181,0
295,4,0,0,32,0.0,0.0,1.0,32,650,400,250,0.6153846153846154,9,4,5,386.31097711160066,0.7610887096774194,0.1050037082419708,0.2548994898337226,135738.70759986705,4100.850086930226,139839.55768679728,293,54,191.75,30,2,21,29.41845092222365,0.6920138888888889,39.48252688172043,1042.0698924731184,34.735663082437284,2
296,4,0,0,32,0.0,0.0,1.0,32,800,500,300,0.625,11,5,6,386.3132968920697,0.7609627016129032,0.10242294299716259,0.2551510480494983,135773.72564747377,4090.2391172389953,139863.96476471276,294,55,192.75,30,2,21,29.383490241595737,0.6923611111111111,39.4489247311828,1042.2043010752693,34.74014336917564,0
297,4,0,0,32,0.0,0.0,1.0,32,850,700,150,0.8235294117647058,10,7,3,378.1236719881533,0.7612567204301076,0.06647655758338589,0.23636448260785814,133775.1282585991,3731.9017739967967,137507.0300325959,295,56,193.75,31,1,18,31.594425215019932,0.6696908602150538,41.373697916666664,1034.505208333333,33.37113575268816,7
298,4,0,0,32,0.0,0.0,1.0,32,700,400,300,0.5714285714285714,10,4,6,375.64501418252365,0.7611307123655915,0.06025100654252613,0.23545950888980258,133876.17323133675,3657.983398437496,137534.15662977425,296,57,194.75,31,1,18,31.557205166918305,0.6706989247311828,41.276041666666664,1034.895833333333,33.38373655913978,0
299,4,0,0,32,0.0,0.0,1.0,32,1050,900,150,0.8571428571428571,12,9,3,375.0147915061931,0.7608366935483871,0.056331771291986854,0.23527960360558223,133909.86336602096,3643.6358981662233,137553.49926418718,297,58,195.75,31,1,18,31.539737702855717,0.6710349462365591,41.24348958333333,1035.0260416666658,33.38793682795696,0
300,4,0,0,32,0.0,0.0,1.0,32,1250,1100,150,0.88,14,11,3,372.091705160541,0.7602906586021506,0.05061619718309873,0.2340880727402389,134010.9592013888,3572.8732638888782,137583.83246527766,298,59,196.75,31,1,20,31.51408450704226,0.6720430107526882,41.14583333333333,1035.4166666666658,33.40053763440857,0
301,4,0,0,32,0.0,0.0,1.0,32,1100,800,300,0.7272727272727273,14,8,6,383.0276428531066,0.7612147177419355,0.07523558057171775,0.23116156827455428,132465.01498752166,3747.552490234371,136212.56747775603,299,60,197.75,31,1,19,32.78575343620878,0.6565860215053764,42.643229166666664,1029.427083333333,33.20732526881719,4
302,4,0,0,32,0.0,0.0,1.0,32,750,500,250,0.6666666666666666,10,5,5,385.6855355922192,0.7619287634408602,0.0740335377418131,0.23338843925010402,132565.56404961468,3825.724114312047,136391.2881639267,300,61,198.75,31,1,19,32.61592805664432,0.6575940860215055,42.54557291666666,1029.8177083333323,33.21992607526879,0
303,4,0,0,32,0.0,0.0,1.0,32,650,500,150,0.7692307692307693,8,5,3,385.1310811739533,0.7611307123655915,0.07085176991150499,0.23326086156860398,132599.08888075073,3813.606092664922,136412.69497341564,301,62,199.75,31,1,20,32.596396965866006,0.6579301075268817,42.51302083333333,1029.9479166666656,33.22412634408599,0
304,4,0,0,32,0.0,0.0,1.0,32,1300,1000,300,0.7692307692307693,16,10,6,381.77070625997214,0.7610887096774194,0.07192673448755249,0.2318458632874257,132699.68880547408,3732.170783148863,136431.85958862296,302,63,200.75,31,1,17,32.58153776485952,0.6589381720430108,42.41536458333333,1030.3385416666658,33.23672715053761,0
305,4,0,0,32,0.0,0.0,1.0,32,650,400,250,0.6153846153846154,9,4,5,381.5025933638776,0.7603746639784947,0.0748120419509728,0.2318902860124215,132733.23059082034,3727.6143391927085,136460.84493001306,303,64,201.75,31,1,18,32.55464998736415,0.6592741935483871,42.3828125,1030.4687500000002,33.24092741935485,0
306,4,0,0,32,0.0,0.0,1.0,32,900,500,400,0.5555555555555556,13,5,8,381.6327511067758,0.757686491935484,0.0739691209901494,0.23280185849487292,132867.44011772997,3741.3133409288143,136608.7534586588,304,65,202.75,31,1,19,32.41611939041846,0.6606182795698925,42.252604166666664,1030.989583333333,33.25772849462365,0
307,4,0,0,32,0.0,0.0,1.0,32,600,200,400,0.3333333333333333,10,2,8,381.3080297928781,0.7565104166666667,0.0703914141414137,0.23302157376231444,132934.57031250003,3737.8038194444453,136672.37413194447,305,66,203.75,31,1,19,32.356902356902346,0.6612903225806452,42.1875,1031.2500000000002,33.26612903225807,0
308,4,0,0,32,0.0,0.0,1.0,32,700,400,300,0.5714285714285714,10,4,6,378.94824139492687,0.7554603494623656,0.07323220371071582,0.2322047112584691,133035.29739379883,3682.698398166233,136717.99579196505,306,67,204.75,31,1,19,32.316383735117185,0.6622983870967742,42.08984375,1031.640625,33.27872983870968,0
309,4,0,0,32,0.0,0.0,1.0,32,1150,1000,150,0.8695652173913043,13,10,3,378.19399138214123,0.7557123655913979,0.0701616719242899,0.2321601380095639,133102.46997409404,3667.71087646485,136770.18085055889,307,68,205.75,31,1,19,32.268270241850686,0.6629704301075269,42.024739583333336,1031.9010416666672,33.2871303763441,0
310,4,0,0,32,0.0,0.0,1.0,32,650,400,250,0.6153846153846154,9,4,5,380.3317292496631,0.7552923387096775,0.07213873470417598,0.2338936864051264,133169.6595085991,3729.7293768988666,136899.388885498,308,69,206.75,31,1,19,32.1455416088474,0.6636424731182796,41.959635416666664,1032.161458333333,33.29553091397848,0
311,4,0,0,32,0.0,0.0,1.0,32,700,500,200,0.7142857142857143,9,5,4,378.51619209524756,0.753780241935484,0.07184465254130412,0.233197737927212,133236.86599731445,3686.46223280165,136923.3282301161,309,70,207.75,31,1,19,32.1248213309791,0.6643145161290323,41.89453125,1032.421875,33.303931451612904,0
312,4,0,0,32,0.0,0.0,1.0,32,650,100,550,0.15384615384615385,12,1,11,384.2465054586267,0.7524781586021506,0.09412878787878798,0.23481730889138297,132934.5703125,3815.9288194444457,136750.49913194444,310,71,208.75,31,1,16,32.28114478114478,0.6612903225806452,42.1875,1031.25,33.266129032258064,2
313,4,0,0,32,0.0,0.0,1.0,32,900,500,400,0.5555555555555556,13,5,8,381.12876036183025,0.75184811827957,0.09363170347003114,0.23396169061715777,133102.46997409407,3745.835876464849,136848.3058505589,311,72,209.75,31,1,18,32.192560462670876,0.6629704301075269,42.024739583333336,1031.9010416666674,33.28713037634411,0
314,4,1,0,33,0.030303030303030304,0.0,1.0,33,700,300,400,0.42857142857142855,11,3,8,371.0327783558795,0.758364898989899,0.10166177908113427,0.2300403225806452,133472.22222222213,3304.5138888888846,136776.736111111,312,0,204.36363636363637,32,1,19,32.08165322580647,0.6640625,41.666666666666664,1033.3333333333328,32.29166666666665,0
315,4,0,0,33,0.0,0.0,1.0,33,750,600,150,0.8,9,6,3,371.97129376726696,0.7598642676767677,0.014192512945630398,0.22847339641241088,133124.20590938575,3303.6766207708506,136427.8825301566,313,1,205.36363636363637,33,0,18,32.40695384554488,0.6581439393939394,42.00367647058823,1031.9852941176466,31.272281639928686,5
316,4,0,1,32,0.0,0.030303030303030304,0.9696969696969697,33,450,100,350,0.2222222222222222,8,1,7,373.031561614956,0.7597853535353536,0.017860869440066596,0.22931911035920863,133155.82498317945,3334.265066320638,136490.09004950008,314,2,206.36363636363637,33,0,18,32.34781920367291,0.658459595959596,41.97303921568627,1032.1078431372543,31.275995246583467,0
317,4,0,0,32,0.0,0.0,1.0,32,650,400,250,0.6153846153846154,9,4,5,377.6460288812555,0.7523521505376345,0.03281020558002923,0.231690942043365,133081.09504132232,3651.509412304868,136732.6044536272,315,76,213.75,32,0,18,32.303903573176704,0.66015625,42.04545454545455,1031.818181818182,32.24431818181819,0
318,4,0,0,32,0.0,0.0,1.0,32,700,400,300,0.5714285714285714,10,4,6,376.3713611145019,0.7526041666666667,0.03507309762662092,0.2313127447932286,133146.24304917877,3622.4865447403463,136768.72959391912,316,77,214.75,32,0,18,32.27127681265804,0.6608072916666666,41.98232323232324,1032.0707070707078,32.25220959595962,0
319,4,0,0,32,0.0,0.0,1.0,32,350,300,50,0.8571428571428571,4,3,1,377.9895742778252,0.75184811827957,0.039100721624266255,0.2327140631999623,133211.40699928586,3670.504604122037,136881.9116034079,317,78,215.75,32,0,18,32.164006441617744,0.6614583333333333,41.919191919191924,1032.3232323232328,32.260101010101025,0
320,4,0,0,32,0.0,0.0,1.0,32,900,700,200,0.7777777777777778,11,7,4,379.1461672275992,0.7514280913978495,0.04084657701711536,0.23424589485813915,133341.7827262525,3711.205170390793,137052.9878966433,318,79,216.75,32,0,20,32.00310717196416,0.6627604166666665,41.7929292929293,1032.8282828282836,32.27588383838386,0
321,4,0,0,32,0.0,0.0,1.0,32,750,700,50,0.9333333333333333,8,7,1,380.1378772112379,0.7507560483870969,0.036542338709676825,0.2356854838709677,133472.22222222234,3747.5694444444534,137219.7916666668,319,80,217.75,32,0,20,31.846438172042998,0.6640625,41.66666666666667,1033.3333333333344,32.2916666666667,0
322,4,0,0,32,0.0,0.0,1.0,32,600,400,200,0.6666666666666666,8,4,4,380.57205162001554,0.7511760752688172,0.03703731981431724,0.23637047151452564,133537.46588358344,3764.1254718906443,137301.59135547408,320,81,218.75,32,0,21,31.76968808534897,0.6647135416666665,41.603535353535364,1033.5858585858596,32.29955808080811,0
323,4,0,0,32,0.0,0.0,1.0,32,1150,800,350,0.6956521739130435,15,8,7,378.70764732360846,0.7505040322580646,0.04405975341796875,0.23646136028010695,133733.29252117145,3729.1641159065643,137462.45663707802,321,82,219.75,32,0,17,31.621297200520846,0.6666666666666665,41.414141414141426,1034.3434343434355,32.32323232323236,0
324,4,0,0,32,0.0,0.0,1.0,32,1050,900,150,0.8571428571428571,12,9,3,378.8862116791604,0.7503360215053764,0.04881954612005801,0.23741218585033655,133863.92332415076,3743.8389577594294,137607.7622819102,322,83,220.75,32,0,18,31.485633235724734,0.66796875,41.287878787878796,1034.8484848484861,32.33901515151519,0
325,4,0,0,32,0.0,0.0,1.0,32,1250,800,450,0.64,17,8,9,376.6350386674602,0.7481518817204301,0.043513719512195514,0.23684105192278926,133994.61789613307,3693.413618508325,137688.0315146414,323,84,221.75,32,0,19,31.412855691056908,0.6692708333333333,41.161616161616166,1035.3535353535356,32.354797979797986,0
326,4,0,0,32,0.0,0.0,1.0,32,650,500,150,0.7692307692307693,8,5,3,374.7522856597693,0.7477738575268817,0.04237669186684556,0.2358667302145641,134027.3015030355,3645.4075158147284,137672.70901885023,324,85,222.75,32,0,19,31.428839978864367,0.6695963541666665,41.13005050505051,1035.4797979797988,32.35874368686871,0
327,4,0,0,32,0.0,0.0,1.0,32,950,800,150,0.8421052631578947,11,8,3,374.87362124432514,0.7462197580645162,0.05053175280351008,0.2365740914375727,134125.3762371187,3656.0130981532516,137781.38933527196,325,86,223.75,32,0,20,31.327452055907692,0.6705729166666666,41.035353535353536,1035.8585858585861,32.37058080808082,0
328,4,0,0,32,0.0,0.0,1.0,32,950,700,250,0.7368421052631579,12,7,5,372.6397803477351,0.7456317204301076,0.04800603217158206,0.2355841323215343,134190.7793209877,3600.964506172853,137791.74382716056,326,87,224.75,32,0,20,31.31981680071495,0.6712239583333333,40.97222222222223,1036.1111111111115,32.378472222222236,0
329,4,0,0,32,0.0,0.0,1.0,32,900,700,200,0.7777777777777778,11,7,4,372.64028310715975,0.7449176747311829,0.05139286584622904,0.2357948190794497,134223.48684126633,3603.4156272319346,137826.90246849827,327,88,225.75,32,0,20,31.28706185776369,0.6715494791666665,40.940656565656575,1036.2373737373748,32.38241792929296,0
330,4,0,1,31,0.0,0.03125,0.96875,32,1150,1000,150,0.8695652173913043,13,10,3,375.77179209279586,0.7443296370967742,0.050111892583119655,0.2386281658835228,134354.3567780075,3697.3154843893594,138051.67226239687,328,89,226.75,32,0,21,31.074929971988784,0.6728515625,40.814393939393945,1036.7424242424254,32.39820075757579,0
331,4,0,0,31,0.0,0.0,1.0,31,350,100,250,0.2857142857142857,6,1,5,381.3136031918385,0.7421146953405018,0.0339763332792995,0.2416605319591588,134280.7345920139,4040.6141493055525,138321.34874131947,329,90,224.90322580645162,31,0,21,31.005025125628144,0.674731182795699,40.885416666666664,1036.4583333333335,33.43413978494624,0
332,4,0,0,31,0.0,0.0,1.0,31,500,300,200,0.6,7,3,4,380.55874731988973,0.7413082437275985,0.03215676422560021,0.24140463644730212,134314.47558932827,4022.909715440529,138337.3853047688,330,91,225.90322580645162,31,0,21,30.990793660762886,0.6750672043010753,40.85286458333333,1036.588541666666,33.43834005376342,0
333,4,0,0,31,0.0,0.0,1.0,31,400,200,200,0.5,6,2,4,382.3783418361053,0.7414874551971327,0.03137483692701615,0.242782803644264,134348.2208251953,4074.369981553821,138422.59080674913,331,92,226.90322580645162,31,0,21,30.90984258561501,0.6754032258064517,40.8203125,1036.71875,33.44254032258065,0
334,4,0,0,31,0.0,0.0,1.0,31,600,300,300,0.5,9,3,6,381.7858414093961,0.7408602150537634,0.03318157515270337,0.24285482755466697,134415.72401258672,4063.604058159712,138479.32807074644,332,93,227.90322580645162,31,0,21,30.85760924158715,0.6760752688172043,40.75520833333333,1036.979166666666,33.450940860215034,0
335,4,0,0,31,0.0,0.0,1.0,31,650,500,150,0.7692307692307693,8,5,3,381.7858414093961,0.7408602150537634,0.03318157515270337,0.24285482755466697,134415.72401258672,4063.604058159712,138479.32807074644,333,94,228.90322580645162,31,0,21,30.85760924158715,0.6760752688172043,40.75520833333333,1036.979166666666,33.450940860215034,0
336,4,1,1,31,0.03125,0.03125,0.96875,32,900,500,400,0.5555555555555556,13,5,8,370.7950280944368,0.7515961021505377,0.024081731938701,0.23780629648927146,134714.57791296815,3590.2991403938513,138304.877053362,334,0,222.71875,32,0,22,30.84382348171573,0.6764322916666666,40.46717171717172,1038.1313131313138,32.44160353535356,0
337,4,1,0,32,0.03125,0.0,1.0,32,550,400,150,0.7272727272727273,7,4,3,370.31279178275884,0.7459257392473119,0.02796652681503109,0.23771132606008005,134747.34920224978,3579.7334136822797,138327.08261593207,335,0,223.6875,32,0,23,30.8236045238964,0.6767578125,40.43560606060606,1038.2575757575758,32.44554924242424,0
338,4,0,2,30,0.0,0.0625,0.9375,32,1000,800,200,0.8,12,8,4,370.5381555976494,0.744077620967742,0.03146271423362146,0.23871710306200944,134878.47421500352,3595.5242130904967,138473.99842809403,336,1,224.6875,32,0,19,30.68681374336534,0.6780598958333334,40.30934343434343,1038.7626262626259,32.46133207070706,0
339,4,0,0,30,0.0,0.0,1.0,30,850,500,350,0.5882352941176471,12,5,7,386.364133121367,0.7373084291187739,0.025562319215990836,0.24715140611682465,134620.51474520168,4402.507695976409,139023.0224411781,337,98,231.63333333333333,30,0,22,30.53387946293658,0.6809027777777779,40.55779569892473,1037.7688172043006,34.59229390681002,0
340,4,0,0,30,0.0,0.0,1.0,30,750,500,250,0.6666666666666666,10,5,5,384.15236698555395,0.7372605363984674,0.03732984293193686,0.22786677669018884,131810.75846918716,4127.082972019876,135937.84144120704,338,99,232.63333333333333,30,0,18,33.4175938045375,0.6527777777777779,43.27956989247311,1026.8817204301072,34.22939068100357,5
341,4,0,0,30,0.0,0.0,1.0,30,800,600,200,0.75,10,6,4,378.01700594987295,0.7386973180076628,0.07944346728002527,0.22369284955768692,131719.90981867278,3959.7784315543745,135679.68825022716,339,100,233.63333333333333,29,1,18,33.66693162855725,0.6548132183908046,43.36805555555555,1026.5277777777771,35.39750957854404,4
342,4,1,1,30,0.03225806451612903,0.03225806451612903,0.967741935483871,31,650,500,150,0.7692307692307693,8,5,3,365.46457489940883,0.7481182795698925,0.06645684439681743,0.2179674055913322,132017.8723696381,3449.571120938836,135467.44349057693,340,0,227.06451612903226,30,1,18,33.68836646612608,0.6548611111111111,43.07795698924731,1027.6881720430106,34.256272401433684,0
343,4,0,0,30,0.0,0.0,1.0,30,1150,800,350,0.6956521739130435,15,8,7,376.38637998162466,0.7371168582375479,0.07437699968455691,0.22398471864232317,131933.85657793208,3931.6213348765405,135865.47791280862,341,102,235.63333333333333,29,1,18,33.49260398359695,0.6569683908045977,43.15972222222222,1027.361111111111,35.42624521072797,0
344,4,0,0,30,0.0,0.0,1.0,30,750,500,250,0.6666666666666666,10,5,5,376.5139391260478,0.7369731800766284,0.07231684238983505,0.22427134634899362,131969.53125,3937.67361111111,135907.20486111112,342,103,236.63333333333333,29,1,18,33.45329818869966,0.6573275862068966,43.125,1027.5,35.43103448275862,0
345,4,0,0,30,0.0,0.0,1.0,30,1050,900,150,0.8571428571428571,12,9,3,376.58165954256594,0.7362068965517241,0.07029631631090716,0.2251581134033985,132112.27816358028,3950.21219135803,136062.49035493832,343,104,237.63333333333333,29,1,19,33.30743943078448,0.6587643678160919,42.986111111111114,1028.0555555555557,35.45019157088123,0
346,4,0,0,30,0.0,0.0,1.0,30,750,500,250,0.6666666666666666,10,5,5,374.8622193717185,0.7377873563218391,0.06361259966017507,0.22459442759694745,132190.59148817786,3910.6517010637144,136101.24318924156,344,105,238.63333333333333,30,0,19,33.27261142334336,0.6565972222222222,42.90994623655914,1028.3602150537638,34.27867383512546,0
347,4,0,0,30,0.0,0.0,1.0,30,950,700,250,0.7368421052631579,12,7,5,375.34361706530103,0.7360632183908046,0.0678989767036795,0.22570741466102753,132328.84807853517,3933.757695976424,136262.60577451158,345,106,239.63333333333333,30,0,21,33.12078162421076,0.6579861111111109,42.77553763440861,1028.8978494623661,34.29659498207887,0
348,4,0,0,30,0.0,0.0,1.0,30,800,600,200,0.75,10,6,4,375.82651512653524,0.735919540229885,0.06825439661764032,0.22662736400347874,132433.7408371914,3954.4403264748075,136388.18116366622,346,107,240.63333333333333,29,1,22,33.00260311249044,0.6619971264367815,42.673611111111114,1029.3055555555559,35.4932950191571,0
349,4,0,0,30,0.0,0.0,1.0,30,950,600,350,0.631578947368421,13,6,7,375.12502433305207,0.7342432950191571,0.06674931488972957,0.22723976770467819,132605.57804731766,3948.734138339695,136554.31218565736,347,108,241.63333333333333,30,0,23,32.847503153682204,0.6607638888888889,42.50672043010753,1029.9731182795701,34.33243727598567,0
350,4,0,0,30,0.0,0.0,1.0,30,650,400,250,0.6153846153846154,9,4,5,374.1436175395911,0.7340517241379311,0.06646227440747987,0.22706340684409856,132674.80570369403,3927.886352468489,136602.69205616252,348,109,242.63333333333333,30,0,17,32.80305501195911,0.6614583333333333,42.439516129032256,1030.2419354838707,34.34139784946236,0
351,4,0,0,30,0.0,0.0,1.0,30,650,500,150,0.7692307692307693,8,5,3,375.9746837978403,0.7330938697318008,0.06858347459468828,0.2290190508376203,132813.31521346408,3986.888838305021,136800.2040517691,349,110,243.63333333333333,30,0,17,32.61643195549182,0.6628472222222221,42.30510752688173,1030.779569892474,34.3593189964158,0
352,4,1,0,31,0.03225806451612903,0.0,1.0,31,650,400,250,0.6153846153846154,9,4,5,367.76622694149256,0.7448028673835125,0.07733147815898356,0.22657485729752114,133236.86599731454,3600.0038994683314,136836.86989678288,350,0,236.74193548387098,31,0,19,32.40228381048472,0.6643145161290323,41.89453125000001,1032.4218750000007,33.303931451612925,0
353,4,0,0,31,0.0,0.0,1.0,31,700,400,300,0.5714285714285714,10,4,6,368.3935743278278,0.7437275985663082,0.07600084589982603,0.2275777127389667,133337.70751953137,3624.150933159737,136961.8584526911,351,1,237.74193548387098,31,0,19,32.2848377878635,0.6653225806451613,41.79687500000001,1032.812500000001,33.31653225806455,0
354,4,1,0,32,0.03125,0.0,1.0,32,400,300,100,0.75,5,3,2,359.7315744384761,0.7527721774193549,0.0741233316544947,0.22425338808401746,133674.12143283442,3217.428249783012,136891.54968261742,352,0,231.28125,31,1,20,32.17126248635943,0.6686827956989245,41.47135416666668,1034.114583333335,33.35853494623662,0
355,4,1,1,32,0.030303030303030304,0.030303030303030304,0.9696969696969697,33,750,400,350,0.5333333333333333,11,4,7,354.12843041040344,0.7603377525252526,0.07203962846461875,0.21859746659069335,133309.18281616666,2841.7143339965137,136150.8971501632,353,0,225.24242424242425,32,1,20,32.68176631210008,0.6624348958333335,41.82449494949494,1032.7020202020196,32.271938131313114,1
356,4,0,0,32,0.0,0.0,1.0,32,500,400,100,0.8,6,4,2,363.70976239298795,0.7512600806451614,0.08186814053235825,0.22367162812173896,133169.65950859908,3287.0210435655335,136456.68055216462,354,2,233.28125,31,1,20,32.57445544762626,0.6636424731182796,41.959635416666664,1032.1614583333328,33.295530913978475,0
357,4,0,0,32,0.0,0.0,1.0,32,650,400,250,0.6153846153846154,9,4,5,362.00881575979633,0.7488239247311829,0.0779338986256457,0.2234312776491009,133304.0894402399,3251.4511108398488,136555.54055107976,355,3,234.28125,31,1,20,32.48342474677425,0.6649865591397849,41.829427083333336,1032.6822916666674,33.31233198924733,0
358,4,0,0,32,0.0,0.0,1.0,32,800,600,200,0.75,10,6,4,368.87279076092324,0.7492859543010754,0.06804817905918026,0.2230157514783928,132532.04345703113,3377.4929470485977,135909.53640407973,356,4,235.28125,31,1,19,33.082532456584055,0.6572580645161291,42.57812499999999,1029.687499999999,33.21572580645158,2
359,4,1,1,32,0.030303030303030304,0.030303030303030304,0.9696969696969697,33,950,600,350,0.631578947368421,13,6,7,358.7043535916021,0.7596275252525253,0.06408071898700363,0.21835224745475357,132788.12629132217,2926.3358011937394,135714.46209251593,357,0,229.12121212121212,32,1,16,33.0867940708073,0.6572265625,42.329545454545446,1030.681818181817,32.208806818181785,0
360,4,0,0,32,0.0,0.0,1.0,32,1200,900,300,0.75,15,9,6,371.05617718933433,0.748949932795699,0.06645859671302135,0.22473616857332585,132599.08888075093,3440.3422037760465,136039.431084527,358,6,237.28125,31,1,19,32.95880741677202,0.6579301075268817,42.513020833333336,1029.9479166666672,33.22412634408604,0
361,4,0,0,32,0.0,0.0,1.0,32,950,800,150,0.8421052631578947,11,8,3,373.3782302408447,0.7471018145161291,0.07600679090334816,0.22715516466996805,132766.77661471892,3514.444817437061,136281.221432156,359,7,238.28125,31,1,16,32.73018003790271,0.6596102150537635,42.350260416666664,1030.598958333333,33.24512768817203,0
362,4,0,0,32,0.0,0.0,1.0,32,600,400,200,0.6666666666666666,8,4,4,373.12068502043803,0.7482778897849462,0.07744805481874462,0.227405424427006,132833.88137817383,3512.6137627495664,136346.4951409234,360,8,239.28125,31,1,16,32.66928234600648,0.6602822580645162,42.28515625,1030.859375,33.25352822580645,0
363,4,1,1,32,0.030303030303030304,0.030303030303030304,0.9696969696969697,33,800,500,300,0.625,11,5,6,364.6005162141706,0.7579703282828284,0.06814844480042725,0.22368734373139662,133081.09504132232,3104.287190082648,136185.38223140498,361,0,233.0,32,1,16,32.64041850220265,0.66015625,42.04545454545455,1031.818181818182,32.24431818181819,0
364,4,0,0,32,0.0,0.0,1.0,32,950,700,250,0.7368421052631579,12,7,5,373.47209468421596,0.7483198924731184,0.07771464646464676,0.2282329467514652,132934.57031249988,3529.4704861110968,136464.04079861098,362,10,241.28125,31,1,16,32.55892255892256,0.6612903225806452,42.18749999999999,1031.249999999999,33.266129032258036,0
365,4,0,0,32,0.0,0.0,1.0,32,450,300,150,0.6666666666666666,6,3,3,372.78320988894455,0.7482358870967742,0.0771348775561731,0.2282216838284557,133001.71746147994,3516.1614312065876,136517.87889268654,363,11,242.28125,31,1,16,32.509151729361285,0.661962365591398,42.12239583333333,1031.5104166666658,33.274529569892444,0
366,4,0,0,32,0.0,0.0,1.0,32,900,700,200,0.7777777777777778,11,7,4,374.28096607588907,0.7469338037634409,0.08270110410094644,0.22975806786610511,133102.46997409378,3563.5442097981527,136666.01418389194,364,12,243.28125,31,1,16,32.369216614090426,0.662970430107527,42.02473958333332,1031.9010416666652,33.28713037634404,0
367,4,0,0,32,0.0,0.0,1.0,32,400,300,100,0.75,5,3,2,374.28096607588907,0.747059811827957,0.08270110410094644,0.22975806786610511,133102.46997409378,3563.5442097981527,136666.01418389194,365,13,244.28125,31,1,16,32.369216614090426,0.662970430107527,42.02473958333332,1031.9010416666652,33.28713037634404,0
368,4,0,0,32,0.0,0.0,1.0,32,850,600,250,0.7058823529411765,11,6,5,373.75393017030416,0.7468077956989247,0.08627385029354206,0.23010633532171731,133211.40699928565,3557.6573818997863,136769.06438118545,366,14,245.28125,32,0,16,32.273320287018905,0.6614583333333335,41.91919191919191,1032.3232323232312,32.260101010100975,0
369,4,0,0,32,0.0,0.0,1.0,32,600,400,200,0.6666666666666666,8,4,4,372.6864793089924,0.7471858198924731,0.09166386477564492,0.23005303503911295,133309.1828161666,3536.50600066318,136845.6888168298,367,15,246.28125,32,0,16,32.20264294738558,0.6624348958333335,41.82449494949494,1032.7020202020192,32.2719381313131,0
370,4,0,0,32,0.0,0.0,1.0,32,500,300,200,0.6,7,3,4,373.9381639277625,0.7467237903225807,0.09278728606357012,0.23102826139947832,133341.78272625222,3572.3162815018604,136914.0990077541,368,16,247.28125,32,0,16,32.13758149959251,0.6627604166666667,41.79292929292928,1032.828282828281,32.275883838383784,0
371,4,0,0,32,0.0,0.0,1.0,32,950,600,350,0.631578947368421,13,6,7,374.4571449296296,0.7473958333333334,0.09730200439990244,0.23175554915387483,133406.99450311178,3591.040455055591,136998.03495816738,369,17,248.28125,32,0,17,32.05868573290963,0.6634114583333335,41.72979797979797,1033.080808080807,32.28377525252522,0
372,4,0,0,32,0.0,0.0,1.0,32,600,500,100,0.8333333333333334,7,5,2,376.0543789714547,0.7490339381720431,0.10316004157742253,0.23336541093795418,133505.86149427618,3641.1087089065963,137146.97020318278,370,18,249.28125,31,1,17,31.91815232455589,0.667002688172043,41.63411458333333,1033.463541666666,33.337533602150515,0
373,4,0,0,32,0.0,0.0,1.0,32,650,300,350,0.46153846153846156,10,3,7,395.7866951192424,0.7490339381720431,0.044429598838743756,0.22216826486026797,129680.10210717998,3903.384743614513,133583.4868507945,371,19,250.28125,30,2,16,35.28470572710478,0.63125,45.36290322580645,1018.5483870967739,33.9516129032258,8
374,4,0,0,32,0.0,0.0,1.0,32,950,800,150,0.8421052631578947,11,8,3,396.8352762630902,0.7490339381720431,0.03697902927987351,0.22353678043289363,129817.039903457,3903.1961787489845,133720.23608220599,372,20,251.28125,30,2,17,35.118262551657445,0.632638888888889,45.22849462365591,1019.0860215053759,33.9695340501792,0
375,4,2,2,32,0.058823529411764705,0.058823529411764705,0.9411764705882353,34,1000,800,200,0.8,12,8,4,377.75768475552326,0.767193998811646,0.017607784953744154,0.2157700673942565,130359.27456381998,3048.8435491276377,133408.11811294762,373,0,237.44117647058823,32,2,18,35.05270153313552,0.6328125,44.696969696969695,1021.2121212121209,31.91287878787878,0
376,4,0,0,32,0.0,0.0,1.0,32,800,600,200,0.75,10,6,4,397.55852453353845,0.7493699596774194,0.03182664425991821,0.22492740683340473,129988.31376821022,3935.592445658464,133923.9062138687,374,22,253.28125,30,2,18,34.92514608321251,0.634375,45.060483870967744,1019.7580645161293,33.991935483870975,0
377,4,2,1,33,0.058823529411764705,0.029411764705882353,0.9705882352941176,34,750,500,250,0.6666666666666666,10,5,5,377.90798212145717,0.7704619726678551,0.03833190475498682,0.21765994589043827,130681.82615294363,3077.141044281205,133758.96719722485,375,0,239.3235294117647,32,2,15,34.72127891660492,0.6360677083333333,44.381313131313135,1022.4747474747479,31.952335858585872,0
378,4,1,1,33,0.029411764705882353,0.029411764705882353,0.9705882352941176,34,800,400,400,0.5,12,4,8,376.371694026391,0.7735442661913251,0.036159148188229295,0.21695618148894974,130714.1032324509,3039.417693347631,133753.52092579854,376,0,240.2941176470588,32,2,15,34.72779561262707,0.6363932291666666,44.34974747474748,1022.6010101010112,31.9562815656566,0
379,4,1,1,33,0.029411764705882353,0.029411764705882353,0.9705882352941176,34,700,400,300,0.5714285714285714,10,4,6,376.68212151401394,0.7686051693404635,0.0380298256058782,0.2176803529605237,130810.95838434853,3054.8298642995624,133865.78824864808,377,0,241.26470588235293,32,2,15,34.621595490825314,0.6373697916666666,44.255050505050505,1022.979797979798,31.96811868686869,0
380,4,0,0,33,0.0,0.0,1.0,33,750,600,150,0.8,9,6,3,387.17220805029206,0.7627051767676768,0.04532722179781001,0.22326362129419916,130728.22570800781,3522.867160373264,134251.09286838106,378,3,249.57575757575756,31,2,16,34.43733554027671,0.6391129032258065,44.3359375,1022.65625,32.988911290322584,0
381,4,2,2,33,0.05714285714285714,0.05714285714285714,0.9428571428571428,35,850,800,50,0.9411764705882353,9,8,1,368.1481601401678,0.7768907563025209,0.038131684149383505,0.21527656748895693,131265.3261365821,2665.0176614763586,133930.34379805846,379,0,236.25714285714287,33,2,17,34.37973371601691,0.639520202020202,43.81127450980392,1024.7549019607843,31.053178847296493,0
382,4,0,0,33,0.0,0.0,1.0,33,1000,800,200,0.8,12,8,4,386.95462744582613,0.7620738636363636,0.04987823299115224,0.22507479217706927,131061.3335503473,3542.9578993055648,134604.29144965287,380,5,251.57575757575756,31,2,19,34.10478128179044,0.6424731182795698,44.01041666666667,1023.958333333334,33.030913978494645,0
383,4,0,0,33,0.0,0.0,1.0,33,850,700,150,0.8235294117647058,10,7,3,387.8923436498874,0.7623106060606061,0.06042119209378982,0.22640481897902934,131194.69536675356,3577.8835720486163,134772.57893880218,381,6,252.57575757575756,31,2,20,33.94551770886289,0.6438172043010753,43.880208333333336,1024.4791666666672,33.04771505376346,0
384,4,0,0,33,0.0,0.0,1.0,33,750,500,250,0.6666666666666666,10,5,5,387.7690536196504,0.761679292929293,0.06397948220289074,0.22652967208114544,131228.04641723633,3577.2350735134555,134805.2814907498,382,7,253.57575757575756,31,2,20,33.91486105816072,0.6441532258064516,43.84765625,1024.609375,33.05191532258065,0
385,4,0,0,33,0.0,0.0,1.0,33,1100,700,400,0.6363636363636364,15,7,8,384.7512428818423,0.7606534090909092,0.0589287569102217,0.22633947275431435,131495.00740898965,3518.573506673154,135013.5809156628,383,8,254.57575757575756,31,2,22,33.721726757225674,0.6468413978494625,43.58723958333332,1025.6510416666654,33.08551747311824,0
386,4,0,1,32,0.0,0.030303030303030304,0.9696969696969697,33,700,400,300,0.5714285714285714,10,4,6,384.53320989723926,0.7603377525252526,0.0612522790740615,0.22640901551348638,131528.3966064452,3515.4073079426958,135043.80391438789,384,9,255.57575757575756,31,2,22,33.69351358212744,0.6471774193548387,43.55468749999999,1025.781249999999,33.08971774193545,0
387,4,0,1,31,0.0,0.03125,0.96875,32,750,500,250,0.6666666666666666,10,5,5,392.20913514804124,0.7613827284946237,0.05353047182175619,0.2305512866856358,131465.9299485488,3912.427737310647,135378.35768585943,385,10,254.0,30,2,22,33.55996068152031,0.6493055555555556,43.61559139784945,1025.5376344086008,34.18458781362003,0
388,4,0,0,31,0.0,0.0,1.0,31,450,300,150,0.6666666666666666,6,3,3,396.88020998451134,0.7585125448028673,0.06107270518523711,0.2328910739352672,131399.31520061722,4229.957561728385,135629.27276234562,386,11,256.5806451612903,29,2,22,33.50774406213311,0.6515804597701149,43.68055555555555,1025.2777777777771,35.354406130268174,0
389,4,1,1,31,0.03125,0.03125,0.96875,32,1000,800,200,0.8,12,8,4,385.62579863451566,0.7652049731182796,0.050858485007201804,0.22811961457566185,131707.2624906058,3757.943656781122,135465.20614738693,387,0,249.53125,30,2,20,33.48446161232595,0.6517361111111111,43.38037634408602,1026.4784946236555,34.215949820788516,0
390,4,1,0,32,0.03125,0.0,1.0,32,550,300,250,0.5454545454545454,8,3,5,383.99412713977983,0.7697832661290324,0.05836986390997079,0.22818686777622058,131879.7783703319,3728.2120765406403,135607.9904468725,388,0,250.5,30,2,21,33.351871237895814,0.6534722222222222,43.21236559139785,1027.150537634409,34.2383512544803,0
391,4,0,0,32,0.0,0.0,1.0,32,850,600,250,0.7058823529411765,11,6,5,384.0037025614659,0.7711693548387097,0.054255232177893964,0.22881592409060073,131983.34209518437,3736.418408197477,135719.76050338184,389,1,251.5,30,2,21,33.24694789622846,0.654513888888889,43.111559139784944,1027.55376344086,34.251792114695334,0
392,4,0,0,32,0.0,0.0,1.0,32,750,500,250,0.6666666666666666,10,5,5,382.92889217625753,0.7695312500000001,0.05495717834728042,0.22880001307531378,132086.94646779972,3715.9816163718315,135802.92808417155,390,2,252.5,30,2,22,33.16989191073919,0.6555555555555556,43.01075268817204,1027.9569892473116,34.26523297491039,0
393,4,0,0,32,0.0,0.0,1.0,32,750,600,150,0.8,9,6,3,382.43959064115893,0.7699092741935485,0.051138220682442226,0.22871621804646014,132121.49029150768,3705.69773239681,135827.18802390448,391,3,253.5,30,2,23,33.1475792042533,0.6559027777777777,42.97715053763441,1028.0913978494623,34.26971326164874,0
394,4,0,0,32,0.0,0.0,1.0,32,600,300,300,0.5,9,3,6,380.9075604258315,0.767557123655914,0.057917864610559366,0.22842512949674476,132225.14886114,3673.1117759278513,135898.26063706787,392,4,254.5,30,2,23,33.08230963582506,0.6569444444444444,42.876344086021504,1028.494623655914,34.2831541218638,0
395,4,0,1,31,0.0,0.03125,0.96875,32,650,400,250,0.6153846153846154,9,4,5,380.59148595049135,0.7652469758064516,0.0659577073807962,0.2288631441438344,132328.8480785351,3672.6465848652997,136001.4946634004,393,5,255.5,30,2,23,32.98579359895492,0.657986111111111,42.7755376344086,1028.8978494623657,34.29659498207886,0
396,4,0,0,31,0.0,0.0,1.0,31,1000,600,400,0.6,14,6,8,387.987535511198,0.7637992831541218,0.08571378805824614,0.23329640122296724,132326.54320987663,4068.2098765432274,136394.75308641986,394,6,259.5806451612903,29,2,23,32.79787616990642,0.6609195402298851,42.777777777777786,1028.8888888888896,35.47892720306516,0
397,4,0,0,31,0.0,0.0,1.0,31,1000,900,100,0.9,11,9,2,388.5279685468391,0.7613799283154122,0.08548191276876294,0.23473168955482615,132505.23003472216,4096.39756944444,136601.6276041666,395,7,260.5806451612903,29,2,23,32.603618642924594,0.6627155172413792,42.604166666666664,1029.583333333333,35.50287356321838,0
398,4,1,1,31,0.03125,0.03125,0.96875,32,650,400,250,0.6153846153846154,9,4,5,377.54810985756995,0.7703293010752689,0.08257007822685813,0.23019030227405116,132847.9538819518,3631.298777315315,136479.25265926713,396,0,253.40625,30,2,18,32.54101477618428,0.6631944444444444,42.271505376344095,1030.9139784946246,34.36379928315416,0
399,4,0,0,31,0.0,0.0,1.0,31,650,500,150,0.7692307692307693,8,5,3,387.8035697709354,0.7594086021505376,0.08838135659555246,0.23541136502134197,132684.03742283952,4091.068672839509,136775.10609567905,397,9,262.5806451612903,29,2,18,32.44192055360834,0.6645114942528736,42.43055555555556,1030.2777777777778,35.52681992337165,0
400,4,1,0,32,0.03125,0.0,1.0,32,950,600,350,0.631578947368421,13,6,7,375.516262643369,0.7687752016129032,0.09124251009508932,0.2304427136940962,133090.55102107173,3595.533262515889,136686.0842835876,398,0,255.34375,30,2,19,32.34933350701229,0.665625,42.03629032258064,1031.8548387096769,34.39516129032256,0
401,4,0,0,32,0.0,0.0,1.0,32,450,300,150,0.6666666666666666,6,3,3,376.84153084771526,0.7677671370967742,0.09018508269305858,0.23168663854120128,133159.90513715454,3636.0364998843656,136795.9416370389,399,1,256.34375,30,2,20,32.24540955853625,0.6663194444444445,41.96908602150537,1032.123655913978,34.40412186379926,0
402,4,0,0,32,0.0,0.0,1.0,32,750,300,450,0.4,12,3,9,376.84153084771526,0.7677671370967742,0.09018508269305858,0.23168663854120128,133159.90513715454,3636.0364998843656,136795.9416370389,400,2,257.34375,30,2,20,32.24540955853625,0.6663194444444445,41.96908602150537,1032.123655913978,34.40412186379926,0
403,4,0,0,32,0.0,0.0,1.0,32,1450,1000,450,0.6896551724137931,19,10,9,373.8223758361828,0.7671370967741936,0.09135022126773373,0.23068894084734085,133298.66756633722,3566.0049210891484,136864.67248742637,401,3,258.34375,30,2,20,32.183879994793685,0.6677083333333333,41.83467741935484,1032.6612903225812,34.42204301075271,0
404,4,1,1,32,0.030303030303030304,0.030303030303030304,0.9696969696969697,33,650,500,150,0.7692307692307693,8,5,3,361.58480276740625,0.7688604797979799,0.08161707746142954,0.2252035230412528,133640.46096801758,3064.4719441731777,136704.93291219076,402,0,251.4848484848485,31,2,22,32.157080342526136,0.6683467741935484,41.50390625,1033.984375,33.35433467741935,0
405,4,0,0,32,0.0,0.0,1.0,32,900,500,400,0.5555555555555556,13,5,8,361.11489883486047,0.7660870295698925,0.07422022535565898,0.22532094591086396,133707.78613620342,3256.774732801656,136964.56086900507,403,1,249.96875,31,1,18,32.10177200050358,0.669018817204301,41.438802083333336,1034.2447916666672,33.36273521505378,0
406,4,0,1,31,0.0,0.03125,0.96875,32,1050,500,550,0.47619047619047616,16,5,11,360.0833702913932,0.764532930107527,0.0785889531957722,0.2257052545012614,133876.1732313369,3241.3167317708435,137117.48996310774,404,2,250.96875,31,1,18,31.959822177486995,0.6706989247311828,41.27604166666667,1034.8958333333342,33.38373655913981,0
407,4,0,1,30,0.0,0.03225806451612903,0.967741935483871,31,850,500,350,0.5882352941176471,12,5,7,370.2555307721569,0.7598566308243727,0.08766480119055098,0.23107188234320736,133715.3884300208,3701.7724231124957,137417.1608531333,405,7,260.0,30,1,18,31.857808100498154,0.671875,41.431451612903224,1034.274193548387,34.475806451612904,0
408,4,1,1,30,0.03225806451612903,0.03225806451612903,0.967741935483871,31,850,600,250,0.7058823529411765,11,6,5,369.1000168662507,0.7718637992831541,0.0657059069962298,0.23143893565717658,133889.2140709908,3683.702234362345,137572.91630535314,403,0,247.90322580645162,30,1,18,31.71347402597402,0.6736111111111112,41.26344086021505,1034.9462365591392,34.49820788530464,0
409,4,0,0,30,0.0,0.0,1.0,30,900,600,300,0.6666666666666666,12,6,6,380.6535162613441,0.762404214559387,0.07616042254151578,0.23761330558241622,133723.4977816356,4180.4639274691135,137903.9617091047,404,9,257.1666666666667,29,1,19,31.580809945839498,0.6749281609195403,41.4236111111111,1034.305555555554,35.66570881226048,0
410,4,1,0,31,0.03225806451612903,0.0,1.0,31,750,600,150,0.8,9,6,3,370.513897368103,0.7733870967741936,0.07384870348360328,0.23409189515683074,134167.56995028313,3742.189848537385,137909.7597988205,405,0,249.83870967741936,30,1,20,31.398114513060033,0.6763888888888889,40.99462365591397,1036.021505376343,34.534050179211434,0
411,4,0,0,31,0.0,0.0,1.0,31,950,700,250,0.7368421052631579,12,7,5,371.3604637773436,0.7704301075268817,0.07936136224878121,0.2359699026011884,134376.52654931202,3780.4258440282038,138156.95239334024,406,1,250.83870967741936,30,1,21,31.16708797856711,0.6784722222222221,40.79301075268817,1036.827956989247,34.56093189964157,0
412,4,0,0,31,0.0,0.0,1.0,31,650,500,150,0.7692307692307693,8,5,3,370.1719848675831,0.7693548387096775,0.08027930508226566,0.2354391478362243,134411.36845661333,3751.0646100705108,138162.43306668385,407,2,251.83870967741936,30,1,21,31.16304817455174,0.6788194444444444,40.75940860215053,1036.9623655913967,34.565412186379895,0
413,4,0,0,31,0.0,0.0,1.0,31,900,700,200,0.7777777777777778,11,7,4,372.13985610351966,0.7663082437275985,0.09056493397960907,0.23782447757609015,134585.64573939165,3816.9365678112836,138402.58230720295,408,3,252.83870967741936,30,1,21,30.937769861830734,0.6805555555555556,40.59139784946235,1037.634408602149,34.587813620071636,0
414,4,0,0,31,0.0,0.0,1.0,31,950,700,250,0.7368421052631579,12,7,5,370.8885324131354,0.7659498207885305,0.09122167862260877,0.23725189384936354,134620.51474520168,3785.8410293097413,138406.35577451144,409,4,253.83870967741936,30,1,21,30.935381858999264,0.6809027777777779,40.55779569892473,1037.7688172043006,34.59229390681002,0
415,4,0,0,31,0.0,0.0,1.0,31,750,500,250,0.6666666666666666,10,5,5,371.26206265298333,0.7649641577060932,0.09137835986702547,0.23817509733651512,134725.14886113995,3803.6673314834006,138528.81619262334,410,5,254.83870967741936,30,1,22,30.821141895391,0.6819444444444445,40.456989247311824,1038.172043010752,34.60573476702507,0
416,4,0,0,31,0.0,0.0,1.0,31,900,600,300,0.6666666666666666,12,6,6,368.9884900047704,0.7653225806451613,0.08906666221305515,0.23717180314283326,134794.92752052253,3747.555353220012,138542.48287374253,411,6,255.83870967741936,30,1,18,30.810466821986356,0.6826388888888889,40.38978494623655,1038.4408602150531,34.61469534050177,0
417,4,0,0,31,0.0,0.0,1.0,31,1100,900,200,0.8181818181818182,13,9,4,370.85807464132466,0.7649641577060932,0.09503773458892661,0.23883260006901308,134864.7242455775,3803.1343941496084,138667.8586397271,412,7,256.83870967741933,30,1,18,30.69223386818496,0.6833333333333333,40.32258064516129,1038.7096774193546,34.62365591397849,0
418,4,0,0,31,0.0,0.0,1.0,31,650,400,250,0.6153846153846154,9,4,5,370.85807464132466,0.7649641577060932,0.09503773458892661,0.23883260006901308,134864.7242455775,3803.1343941496084,138667.8586397271,413,8,257.83870967741933,30,1,18,30.69223386818496,0.6833333333333333,40.32258064516129,1038.7096774193546,34.62365591397849,0
419,4,0,0,31,0.0,0.0,1.0,31,950,800,150,0.8421052631578947,11,8,3,371.479165914498,0.7628136200716846,0.09986526115558414,0.2403889866122853,135039.29509553118,3832.8569415539255,138872.15203708512,414,9,258.83870967741933,30,1,18,30.50185352816931,0.6850694444444445,40.15456989247311,1039.3817204301067,34.64605734767022,0
420,4,0,0,31,0.0,0.0,1.0,31,800,500,300,0.625,11,5,6,371.37825990630165,0.7622759856630824,0.1031056833254087,0.24055606885388064,135074.22281477618,3832.725965429522,138906.9487802057,415,10,259.83870967741933,30,1,18,30.469625463322124,0.6854166666666668,40.12096774193548,1039.5161290322574,34.65053763440858,0
421,4,1,0,32,0.03125,0.0,1.0,32,1100,800,300,0.7272727272727273,14,8,6,358.7587319435507,0.7678931451612904,0.09973587146786689,0.23557900969495243,135565.87219238284,3327.0880805121524,138892.960272895,416,0,252.6875,31,1,21,30.30809785779778,0.6875,39.6484375,1041.4062500000002,33.59375000000001,0
422,4,0,0,32,0.0,0.0,1.0,32,700,600,100,0.8571428571428571,8,6,2,358.7200000000002,0.76747311827957,0.10150000000000037,0.23600000000000007,135633.68055555556,3330.902777777783,138964.58333333334,417,1,253.6875,31,1,21,30.24166666666668,0.6881720430107527,39.583333333333336,1041.6666666666667,33.60215053763441,0
423,4,0,0,32,0.0,0.0,1.0,32,950,700,250,0.7368421052631579,12,7,5,360.52030254357703,0.7670950940860216,0.0992856027482818,0.23831255341546934,135803.2756381564,3391.9676038953794,139195.24324205177,418,2,254.6875,31,1,22,30.026155527795115,0.6898521505376345,39.42057291666666,1042.3177083333326,33.6231518817204,0
424,4,0,0,32,0.0,0.0,1.0,32,750,700,50,0.9333333333333333,8,7,1,360.0170382949387,0.7668430779569894,0.09530332833770427,0.23843312039930312,135871.1433410645,3383.185323079427,139254.32866414395,419,3,255.6875,31,1,18,29.97182153116022,0.6905241935483871,39.35546875,1042.5781250000005,33.631552419354854,0
425,4,0,0,32,0.0,0.0,1.0,32,1200,700,500,0.5833333333333334,17,7,10,357.8766683086473,0.7664230510752689,0.09307107628917466,0.23746762522650827,135939.02799818243,3329.8812866210837,139268.90928480352,420,4,256.6875,31,1,18,29.96017501144546,0.6911962365591398,39.29036458333333,1042.838541666666,33.63995295698923,0
426,4,0,0,32,0.0,0.0,1.0,32,800,600,200,0.75,10,6,4,358.26190818614816,0.7656250000000001,0.09484211183225177,0.2384048511949683,136040.8867730034,3347.6535373263787,139388.5403103298,421,5,257.6875,31,1,18,29.848976535197213,0.6922043010752689,39.19270833333333,1043.229166666666,33.65255376344084,0
427,4,0,0,32,0.0,0.0,1.0,32,700,600,100,0.8571428571428571,8,6,2,359.8488021554992,0.764532930107527,0.10059739206388829,0.2399191597732255,136108.81381564666,3395.7187228732587,139504.5325385199,422,6,258.6875,31,1,18,29.740142251060654,0.6928763440860215,39.127604166666664,1043.489583333333,33.66095430107526,0
428,4,0,0,32,0.0,0.0,1.0,32,950,600,350,0.631578947368421,13,6,7,363.3982375731494,0.7609206989247312,0.10587593516209481,0.24368343355657673,136312.69666883675,3507.1587456597176,139819.85541449647,423,7,259.6875,31,1,18,29.44513715710724,0.6948924731182796,38.932291666666664,1044.270833333333,33.68615591397848,0
429,4,0,0,32,0.0,0.0,1.0,32,950,700,250,0.7368421052631579,12,7,5,364.47581059966427,0.758778561827957,0.09843068535825528,0.24558508648717933,136482.71560668945,3548.9296807183164,140031.64528740777,424,8,260.6875,31,1,19,29.248312564901354,0.6965725806451613,38.76953125,1044.921875,33.70715725806452,0
430,4,0,0,32,0.0,0.0,1.0,32,900,800,100,0.8888888888888888,10,8,2,364.68027077128403,0.756804435483871,0.09247321873442949,0.24643545570301925,136584.77783203125,3561.954752604167,140146.7325846354,425,9,261.6875,31,1,19,29.14175386148481,0.6975806451612903,38.671875,1045.3125,33.71975806451613,0
431,4,0,0,32,0.0,0.0,1.0,32,650,200,450,0.3076923076923077,11,2,9,364.68027077128403,0.756804435483871,0.09247321873442949,0.24643545570301925,136584.77783203125,3561.954752604167,140146.7325846354,426,10,262.6875,31,1,19,29.14175386148481,0.6975806451612903,38.671875,1045.3125,33.71975806451613,0
432,4,0,0,32,0.0,0.0,1.0,32,600,300,300,0.5,9,3,6,365.46913999213893,0.7561743951612904,0.09571942334039063,0.24720739047993984,136618.807050917,3585.991583930132,140204.79863484713,427,11,263.6875,31,1,19,29.08739672852575,0.6979166666666666,38.63932291666667,1045.4427083333344,33.723958333333364,0
433,4,0,0,32,0.0,0.0,1.0,32,650,300,350,0.46153846153846156,10,3,7,365.74482943467706,0.7544102822580646,0.09548546258249324,0.24787314136623542,136686.87820434567,3598.5037909613707,140285.38199530705,428,12,264.6875,31,1,20,29.012705972689172,0.6985887096774193,38.57421875,1045.7031249999998,33.73235887096774,0
434,4,0,0,32,0.0,0.0,1.0,32,950,700,250,0.7368421052631579,12,7,5,364.10533099767565,0.7521421370967742,0.09577967525195974,0.2482030996800949,136891.19338989258,3568.5626559787324,140459.7560458713,429,13,265.6875,31,1,22,28.85314275641823,0.7006048387096774,38.37890625,1046.484375,33.75756048387097,0
435,4,0,0,32,0.0,0.0,1.0,32,950,600,350,0.631578947368421,13,6,7,364.10533099767565,0.7521421370967742,0.09577967525195974,0.2482030996800949,136891.19338989258,3568.5626559787324,140459.7560458713,430,14,266.6875,31,1,22,28.85314275641823,0.7006048387096774,38.37890625,1046.484375,33.75756048387097,0
436,4,0,1,31,0.0,0.03125,0.96875,32,900,600,300,0.6666666666666666,12,6,6,364.80053906670344,0.7508400537634409,0.09951947001741712,0.24891907750578637,136925.26075575096,3590.081787109385,140515.34254286034,431,15,267.6875,31,1,22,28.801215061789822,0.7009408602150538,38.34635416666667,1046.6145833333342,33.7617607526882,0
437,4,0,0,31,0.0,0.0,1.0,31,950,800,150,0.8421052631578947,11,8,3,364.8077620832339,0.746505376344086,0.08296435530457402,0.23184071903182704,134381.97029961477,3604.7171698676175,137986.6874694824,432,16,263.7096774193548,31,0,22,31.33149671396876,0.675739247311828,40.787760416666664,1036.8489583333333,33.44674059139785,5
438,4,0,0,31,0.0,0.0,1.0,31,600,400,200,0.6666666666666666,8,4,4,364.02636575791485,0.7469534050179212,0.0845093242170416,0.23155798537508246,134415.7240125867,3586.1735026041565,138001.89751519085,433,17,264.7096774193548,31,0,22,31.318014398124916,0.6760752688172043,40.75520833333333,1036.9791666666658,33.45094086021503,0
439,4,0,0,31,0.0,0.0,1.0,31,700,400,300,0.5714285714285714,10,4,6,364.36993804134573,0.7452508960573476,0.08811643031270022,0.23220567411498869,134483.24415418832,3600.3302680121487,138083.57442220047,434,18,265.7096774193548,31,0,22,31.24163109883672,0.676747311827957,40.690104166666664,1037.239583333333,33.45934139784945,0
440,4,0,0,31,0.0,0.0,1.0,31,650,500,150,0.7692307692307693,8,5,3,364.36993804134573,0.7452508960573476,0.08811643031270022,0.23220567411498869,134483.24415418832,3600.3302680121487,138083.57442220047,435,19,266.7096774193548,31,0,22,31.24163109883672,0.676747311827957,40.690104166666664,1037.239583333333,33.45934139784945,0
441,4,0,0,31,0.0,0.0,1.0,31,650,400,250,0.6153846153846154,9,4,5,364.16162825452324,0.7447132616487455,0.08497443723460663,0.23271884647636706,134584.55615573467,3602.106221516938,138186.6623772516,436,20,267.7096774193548,31,0,23,31.14582026184799,0.677755376344086,40.59244791666667,1037.630208333334,33.471942204301094,0
442,4,0,0,31,0.0,0.0,1.0,31,950,700,250,0.7368421052631579,12,7,5,364.9201480809849,0.7445340501792115,0.08622649830273965,0.23407146746980642,134719.69816419817,3632.38644070096,138352.08460489914,437,21,268.7096774193548,31,0,23,30.991183786947616,0.6790994623655914,40.462239583333336,1038.151041666667,33.4887432795699,0
443,4,0,0,31,0.0,0.0,1.0,31,900,700,200,0.7777777777777778,11,7,4,362.8840382732956,0.7424731182795699,0.08800595334390304,0.23341637816675834,134821.09917534713,3584.884982638879,138405.984157986,438,22,269.7096774193548,31,0,19,30.94282848545637,0.6801075268817205,40.36458333333333,1038.5416666666658,33.501344086021476,0
444,4,0,0,31,0.0,0.0,1.0,31,1100,600,500,0.5454545454545454,16,6,10,355.14044779016467,0.7424731182795699,0.03253685815963436,0.2072882079534877,131194.69536675338,3118.5085720486013,134313.20393880198,439,23,270.7096774193548,31,0,21,34.78435858329097,0.6438172043010754,43.88020833333333,1024.4791666666658,33.04771505376341,8
445,4,0,0,31,0.0,0.0,1.0,31,850,700,150,0.8235294117647058,10,7,3,352.9645052548086,0.7418458781362007,0.03592971413585122,0.2067363530778165,131328.125,3070.833333333333,134398.95833333334,440,24,271.7096774193548,31,0,22,34.705284552845534,0.6451612903225806,43.75,1025.0,33.064516129032256,0
446,4,0,0,31,0.0,0.0,1.0,31,550,400,150,0.7272727272727273,7,4,3,351.81634963363,0.7420250896057348,0.036449605224881054,0.2062434937204443,131361.4930046928,3043.0241902669213,134404.5171949597,441,25,272.7096774193548,31,0,22,34.7010087217918,0.645497311827957,43.717447916666664,1025.1302083333326,33.068716397849435,0
447,4,0,0,31,0.0,0.0,1.0,31,700,600,100,0.8571428571428571,8,6,2,352.79221970269595,0.7436379928315412,0.03748899129544303,0.20717663908715353,131428.2417297362,3073.3722262912183,134501.61395602743,442,26,273.7096774193548,31,0,23,34.60859788359789,0.6461693548387097,43.65234374999999,1025.390624999999,33.07711693548384,0
448,4,1,1,31,0.03125,0.03125,0.96875,32,650,500,150,0.7692307692307693,8,5,3,342.7948965836521,0.7522681451612904,0.03678505535055354,0.20283278815320907,131716.66953627186,2630.3604224058836,134347.02995867774,443,0,266.125,32,0,18,34.57410824108241,0.646484375,43.371212121212125,1026.515151515152,32.0785984848485,0
449,4,0,0,31,0.0,0.0,1.0,31,850,400,450,0.47058823529411764,13,4,9,351.501745422943,0.7425627240143369,0.03850829475545536,0.2075045135339485,131628.58963012684,3053.535800509968,134682.1254306368,444,28,275.7096774193548,31,0,19,34.43950112083916,0.6481854838709677,43.45703124999999,1026.171874999999,33.10231854838707,0
450,4,0,0,31,0.0,0.0,1.0,31,700,600,100,0.8571428571428571,8,6,2,353.1010534403867,0.7413082437275985,0.04450516636260238,0.2093650306339015,131795.66277398012,3107.4374728732673,134903.1002468534,445,29,276.7096774193548,31,0,19,34.229964494040054,0.6498655913978495,43.294270833333336,1026.8229166666672,33.123319892473134,0
451,4,0,0,31,0.0,0.0,1.0,31,650,500,150,0.7692307692307693,8,5,3,354.4552744508313,0.7396953405017921,0.048158084145783375,0.21053789193284303,131862.5217013888,3147.873263888884,135010.39496527766,446,30,277.7096774193548,31,0,19,34.12778904665315,0.6505376344086022,43.229166666666664,1027.0833333333326,33.1317204301075,0
452,4,0,0,31,0.0,0.0,1.0,31,800,600,200,0.75,10,6,4,353.08648508539875,0.7384408602150537,0.04394813858051427,0.21046514654788281,131996.2904188369,3121.2212456597285,135117.51166449662,447,31,278.7096774193548,31,0,21,34.02812975164723,0.6518817204301075,43.098958333333336,1027.6041666666674,33.148521505376365,0
453,4,1,1,31,0.03125,0.03125,0.96875,32,950,700,250,0.7368421052631579,12,7,5,343.9119297416065,0.746975806451613,0.03164120029455075,0.20665150468544316,132300.56244260792,2699.948347107441,135000.51078971536,448,0,270.96875,32,0,21,33.95771968581247,0.65234375,42.803030303030305,1028.787878787879,32.14962121212122,0
454,4,1,2,30,0.03125,0.0625,0.9375,32,700,300,400,0.42857142857142855,11,3,8,343.7197790489926,0.7486979166666667,0.027454453441295268,0.20707020835390547,132398.0034722223,2701.5625000000045,135099.5659722223,449,0,271.9375,32,0,21,33.86470985155195,0.6533203125,42.708333333333336,1029.1666666666672,32.16145833333335,0
455,4,0,0,30,0.0,0.0,1.0,30,1050,800,250,0.7619047619047619,13,8,5,363.51036146606333,0.7365900383141762,0.02727827147586681,0.2179922637882695,132225.1488611401,3613.042331483421,135838.19119262352,450,34,278.1,30,0,22,33.52963277574492,0.6569444444444443,42.87634408602151,1028.4946236559147,34.283154121863824,0
456,4,1,0,31,0.03225806451612903,0.0,1.0,31,900,600,300,0.6666666666666666,12,6,6,354.13297290848857,0.7461469534050179,0.03209903727353902,0.21467785047349086,132632.61795043957,3193.9166598849965,135826.53461032457,451,0,270.0967741935484,31,0,21,33.3608530316437,0.658266129032258,42.48046875000001,1030.078125000001,33.22832661290325,0
457,4,0,1,30,0.0,0.03225806451612903,0.967741935483871,31,750,600,150,0.8,9,6,3,355.99717432451934,0.7461469534050179,0.02999991847848249,0.2163872225502494,132733.2305908204,3250.531005859389,135983.76159667977,452,1,271.0967741935484,31,0,21,33.21171341925702,0.659274193548387,42.38281250000001,1030.4687500000007,33.24092741935486,0
458,4,1,0,31,0.03225806451612903,0.0,1.0,31,1050,900,150,0.8571428571428571,12,9,3,352.80903056574056,0.7525089605734767,0.0242301867743564,0.21638225682685203,133068.8815646702,3189.580620659732,136258.46218532993,453,0,261.9032258064516,31,0,22,32.956839979808166,0.6626344086021505,42.05729166666667,1031.770833333334,33.2829301075269,0
459,4,0,0,31,0.0,0.0,1.0,31,800,500,300,0.625,11,5,6,352.9543720739626,0.7517025089605734,0.020053960128104453,0.2170573551148411,133169.6595085991,3200.5627102321996,136370.2222188313,454,1,262.9032258064516,31,0,23,32.85198793154199,0.6636424731182796,41.959635416666664,1032.161458333333,33.29553091397848,0
460,4,0,0,31,0.0,0.0,1.0,31,600,500,100,0.8333333333333334,7,5,2,352.22145627499134,0.7517921146953405,0.01822857328862959,0.21680215103634579,133203.26063368065,3183.409288194451,136386.6699218751,455,2,263.9032258064516,31,0,23,32.83720147998652,0.663978494623656,41.927083333333336,1032.2916666666674,33.299731182795725,0
461,4,0,0,31,0.0,0.0,1.0,31,850,700,150,0.8235294117647058,10,7,3,351.9154561579944,0.7521505376344086,0.011713935923143515,0.2172016718123779,133304.08944023988,3182.353888617626,136486.4433288575,456,3,264.9032258064516,31,0,23,32.74400558987938,0.6649865591397849,41.829427083333336,1032.6822916666672,33.312331989247326,0
462,4,0,0,31,0.0,0.0,1.0,31,800,500,300,0.625,11,5,6,350.6829358044301,0.7504480286738351,0.016915863908621986,0.2168330264798553,133371.32983737517,3154.209899902339,136525.53973727752,457,4,265.9032258064516,31,0,23,32.708438379763855,0.6656586021505377,41.764322916666664,1032.942708333333,33.32073252688171,0
463,4,0,0,31,0.0,0.0,1.0,31,600,300,300,0.5,9,3,6,350.86476285417234,0.7496415770609319,0.019515844426193807,0.21714204590366623,133404.9563937716,3161.419677734366,136566.37607150598,458,5,266.9032258064516,31,0,23,32.67004873540041,0.665994623655914,41.73177083333333,1033.0729166666658,33.3249327956989,0
464,4,0,0,31,0.0,0.0,1.0,31,650,500,150,0.7692307692307693,8,5,3,353.62246749470603,0.749910394265233,0.018728129178571473,0.21944499800668335,133505.86149427618,3242.1344333224733,136747.99592759865,459,6,267.9032258064516,31,0,23,32.49771639158372,0.667002688172043,41.63411458333333,1033.463541666666,33.337533602150515,0
465,4,0,0,31,0.0,0.0,1.0,31,550,300,250,0.5454545454545454,8,3,5,352.4911662371595,0.7489247311827957,0.01637885859829158,0.2195397922422967,133640.46096801758,3221.416388617621,136861.8773566352,460,7,268.9032258064516,31,0,24,32.39214729463124,0.6683467741935484,41.50390625,1033.984375,33.35433467741935,0
466,4,0,0,31,0.0,0.0,1.0,31,600,500,100,0.8333333333333334,7,5,2,353.64888718560655,0.749820788530466,0.014555319555055846,0.22066245961628214,133707.78613620324,3257.121955023862,136964.90809122712,461,8,269.9032258064516,31,0,19,32.29481409207269,0.6690188172043011,41.43880208333333,1034.2447916666658,33.36273521505374,0
467,4,0,0,31,0.0,0.0,1.0,31,950,800,150,0.8421052631578947,11,8,3,352.018868683502,0.7439068100358422,0.013242400022719147,0.22125707706739348,133977.25635104722,3232.5044420030486,137209.76079305029,462,9,270.9032258064516,31,0,20,32.067376221020396,0.6717069892473118,41.17838541666667,1035.2864583333344,33.396337365591435,0
468,4,0,0,31,0.0,0.0,1.0,31,400,200,200,0.5,6,2,4,354.5471368061823,0.7439068100358422,0.04514172021266183,0.21512093147319902,132666.15125868065,3207.280815972232,135873.43207465287,463,10,271.9032258064516,31,0,19,33.3164812942366,0.6586021505376343,42.44791666666667,1030.2083333333342,33.23252688172046,3
469,4,0,0,31,0.0,0.0,1.0,31,600,300,300,0.5,9,3,6,355.931765149335,0.7439068100358422,0.048788640986860754,0.21615411033205598,132699.6888054743,3246.406894259989,135946.0956997343,464,11,272.9032258064516,31,0,19,33.247109187413095,0.6589381720430108,42.415364583333336,1030.3385416666674,33.23672715053766,0
470,4,0,0,31,0.0,0.0,1.0,31,650,500,150,0.7692307692307693,8,5,3,355.1157798623801,0.7440860215053764,0.04303248626709477,0.21623819333773875,132800.32687717027,3231.8983289930748,136032.22520616333,465,12,273.9032258064516,31,0,19,33.16700353713996,0.6599462365591398,42.31770833333334,1030.7291666666679,33.24932795698928,0
471,4,0,0,31,0.0,0.0,1.0,31,500,300,200,0.6,7,3,4,355.14972194226357,0.7435483870967742,0.045895520867712536,0.21645268272647422,132833.88137817383,3235.1832071940107,136069.06458536783,466,13,274.9032258064516,31,0,19,33.132420740179356,0.6602822580645162,42.28515625,1030.859375,33.25352822580645,0
472,4,0,0,31,0.0,0.0,1.0,31,800,700,100,0.875,9,7,2,355.5147433935312,0.7430107526881721,0.04353209514499867,0.21725900985160243,132934.5703125,3252.039930555557,136186.61024305556,467,14,275.9032258064516,31,0,19,33.02188552188552,0.6612903225806452,42.1875,1031.25,33.266129032258064,0
473,4,0,0,31,0.0,0.0,1.0,31,700,600,100,0.8571428571428571,8,6,2,355.0419249868143,0.7425627240143369,0.052361860181133535,0.2179478896607672,133102.46997409404,3251.391432020405,136353.86140611445,468,15,276.9032258064516,31,0,19,32.86553627760252,0.6629704301075269,42.024739583333336,1031.9010416666672,33.2871303763441,0
474,4,0,0,31,0.0,0.0,1.0,31,550,200,350,0.36363636363636365,9,2,7,358.31928786698046,0.7405017921146954,0.05155431877265593,0.2207547500774894,133236.86599731445,3348.267788357206,136585.13378567167,469,16,277.9032258064516,31,0,19,32.64611447429267,0.6643145161290323,41.89453125,1032.421875,33.303931451612904,0
475,4,0,0,31,0.0,0.0,1.0,31,800,700,100,0.875,9,7,2,357.51692579646715,0.7417562724014337,0.05595247292851813,0.22105859488257013,133371.3298373752,3336.5015665690066,136707.8314039442,470,17,278.9032258064516,31,0,20,32.5319603764864,0.6656586021505377,41.764322916666664,1032.9427083333333,33.32073252688172,0
476,4,0,0,31,0.0,0.0,1.0,31,750,600,150,0.8,9,6,3,356.8907582043612,0.7417562724014337,0.055157834827326724,0.22107167574953995,133438.5871887207,3324.5997111002607,136763.18689982095,471,18,279.9032258064516,31,0,21,32.48070258349085,0.6663306451612903,41.69921875,1033.203125,33.32913306451613,0
477,4,0,0,31,0.0,0.0,1.0,31,650,300,350,0.46153846153846156,10,3,7,355.06150240580166,0.7407706093189964,0.05123578702687781,0.2205382007900824,133539.5050048827,3282.9474555121396,136822.45246039482,472,19,280.9032258064516,31,0,21,32.42682875619385,0.6673387096774195,41.60156249999999,1033.593749999999,33.341733870967715,0
478,4,0,0,31,0.0,0.0,1.0,31,700,500,200,0.7142857142857143,9,5,4,352.8159389703828,0.739247311827957,0.04835663014733704,0.21974206834225943,133640.46096801746,3230.096944173163,136870.55791219062,473,20,281.9032258064516,31,0,21,32.383752046341776,0.6683467741935485,41.50390624999999,1033.984374999999,33.354334677419324,0
479,4,0,0,31,0.0,0.0,1.0,31,700,600,100,0.8571428571428571,8,6,2,359.0969917698666,0.739516129032258,0.0721968145110381,0.2196453491744491,132968.14176771385,3349.6919420030476,136317.8337097169,474,21,282.9032258064516,31,0,19,32.89580966207971,0.6616263440860215,42.15494791666667,1031.3802083333342,33.27032930107529,1
480,4,0,0,31,0.0,0.0,1.0,31,850,600,250,0.7058823529411765,11,6,5,360.3825763705597,0.739247311827957,0.06906043602544165,0.220629889490539,133001.7174614801,3386.300320095491,136388.0177815756,475,22,283.9032258064516,31,0,19,32.82893629554825,0.6619623655913978,42.122395833333336,1031.510416666667,33.274529569892486,0
481,4,1,1,31,0.03125,0.03125,0.96875,32,900,700,200,0.7777777777777778,11,7,4,350.22147274754275,0.7462617607526882,0.06190778212495407,0.21618576796997374,133309.1828161668,2937.5476673298763,136246.73048349668,476,0,276.0,32,0,19,32.782634388882094,0.6624348958333333,41.824494949494955,1032.702020202021,32.271938131313156,0
482,4,1,0,32,0.03125,0.0,1.0,32,1050,700,350,0.6666666666666666,14,7,7,349.47534656905117,0.7501260080645162,0.057074679291386765,0.216865482309908,133504.84206012153,2931.330189521493,136436.17224964302,477,0,276.96875,32,0,20,32.605884748523735,0.6643880208333333,41.63510101010102,1033.459595959597,32.295612373737406,0
483,4,1,0,33,0.030303030303030304,0.0,1.0,33,500,400,100,0.8,6,4,2,339.78072163383655,0.7559974747474748,0.06246478999587368,0.21302510721586856,133884.09994052764,2498.2472186178347,136382.34715914546,478,0,269.54545454545456,33,0,20,32.477180777580415,0.665719696969697,41.268382352941174,1034.926470588235,31.36140819964348,0
484,4,0,1,32,0.0,0.030303030303030304,0.9696969696969697,33,950,800,150,0.8421052631578947,11,8,3,338.017066976584,0.7548137626262627,0.059759527089072506,0.21246787067099568,133979.2387543253,2457.453863898507,136436.6926182238,479,1,270.54545454545456,33,0,20,32.42779356060607,0.6666666666666666,41.1764705882353,1035.2941176470592,31.372549019607856,0
485,4,0,0,32,0.0,0.0,1.0,32,700,400,300,0.5714285714285714,10,4,6,347.37524772533806,0.7434055779569894,0.06532634566092987,0.21708965710249395,133765.9442435721,2893.395603764923,136659.33984733702,480,2,279.9375,32,0,20,32.39884657634567,0.6669921875,41.38257575757576,1034.469696969697,32.32717803030303,0
486,4,0,0,32,0.0,0.0,1.0,32,700,400,300,0.5714285714285714,10,4,6,348.29061753975054,0.742145497311828,0.06984060402684578,0.21804748745135652,133831.2596450618,2922.434413580259,136753.69405864205,481,3,280.9375,32,0,20,32.30984340044743,0.6676432291666666,41.31944444444445,1034.7222222222229,32.335069444444464,0
487,4,0,0,32,0.0,0.0,1.0,32,700,500,200,0.7142857142857143,9,5,4,348.19211657356294,0.7417254704301076,0.0708300292790045,0.21837266867279995,133896.59098880214,2924.347483675129,136820.93847247728,482,4,281.9375,32,0,20,32.247061933227606,0.6682942708333334,41.25631313131313,1034.9747474747471,32.34296085858585,0
488,4,0,0,32,0.0,0.0,1.0,32,750,600,150,0.8,9,6,3,347.40522156794304,0.7414734543010754,0.07056119648737647,0.21826631506785943,133961.9382747934,2907.815369605147,136869.75364439856,483,5,282.9375,32,0,20,32.20209781680693,0.6689453125,41.19318181818182,1035.227272727273,32.35085227272728,0
489,4,0,0,32,0.0,0.0,1.0,32,800,400,400,0.5,12,4,8,346.8349196906603,0.7407594086021506,0.07369664634146345,0.21810171330240902,133994.61789613302,2894.8025073972,136889.4204035302,484,6,283.9375,32,0,20,32.18419715447153,0.6692708333333334,41.16161616161616,1035.353535353535,32.35479797979797,0
490,4,0,0,32,0.0,0.0,1.0,32,850,600,250,0.7058823529411765,11,6,5,357.1941018398045,0.7407594086021506,0.07588300220750543,0.21574523751124206,132495.48037190086,3065.3208218549207,135560.8011937558,485,7,284.9375,32,0,22,33.41994726514594,0.654296875,42.61363636363637,1029.545454545455,32.17329545454547,2
491,4,1,0,33,0.030303030303030304,0.0,1.0,33,850,600,250,0.7058823529411765,11,6,5,350.04847300600284,0.7495265151515152,0.07862291043082692,0.2135574911819797,132871.3884833957,2702.285328960005,135573.67381235573,486,0,277.27272727272725,33,0,17,33.22623221997702,0.6556186868686871,42.248774509803916,1031.0049019607836,31.242572786690413,0
492,4,0,0,33,0.0,0.0,1.0,33,850,600,250,0.7058823529411765,11,6,5,350.45731518873015,0.7489741161616162,0.08298235383053587,0.21471249485143593,133029.37121539793,2724.223255478661,135753.5944708766,487,1,278.27272727272725,33,0,17,33.057139463055336,0.6571969696969697,42.095588235294116,1031.6176470588236,31.261140819964353,0
493,4,0,0,33,0.0,0.0,1.0,33,650,500,150,0.7692307692307693,8,5,3,352.08332954349095,0.7485006313131314,0.07781412270190313,0.21625774748984222,133124.20590938578,2774.1627318819633,135898.36864126773,488,2,279.27272727272725,33,0,18,32.920056010766736,0.6581439393939394,42.00367647058823,1031.9852941176468,31.272281639928693,0
494,4,0,0,33,0.0,0.0,1.0,33,1150,700,450,0.6086956521739131,16,7,9,350.61827693768123,0.7486584595959597,0.07412604017139235,0.21572372144967777,133187.44781153888,2739.5906922818212,135927.0385038207,489,3,280.27272727272725,33,0,19,32.89443092326567,0.6587752525252526,41.942401960784316,1032.230392156863,31.279708853238272,0
495,4,0,0,33,0.0,0.0,1.0,33,950,800,150,0.8421052631578947,11,8,3,350.7916253248216,0.7476325757575758,0.07312143509627522,0.2163814227662479,133282.33882400996,2750.865652633605,136033.20447664356,490,4,281.27272727272725,33,0,19,32.794821583986085,0.6597222222222222,41.85049019607843,1032.5980392156862,31.29084967320261,0
496,4,2,2,33,0.05714285714285714,0.05714285714285714,0.9428571428571428,35,700,600,100,0.8571428571428571,8,6,2,333.76141681830836,0.7649159663865546,0.054777355113000636,0.2086125554910517,133771.38658479074,1929.5455032578773,135700.93208804863,491,0,266.14285714285717,35,0,15,32.74548743193852,0.6601190476190477,41.37731481481481,1034.4907407407402,29.556878306878293,0
497,4,0,0,33,0.0,0.0,1.0,33,350,300,50,0.8571428571428571,4,3,1,352.1838745666416,0.7489741161616162,0.07234484568134181,0.21816768893984992,133440.56560277307,2799.1230836697546,136239.68868644282,492,6,283.27272727272725,33,0,19,32.60029948997746,0.661300505050505,41.69730392156863,1033.2107843137262,31.30941770647655,0
498,4,0,0,33,0.0,0.0,1.0,33,700,600,100,0.8571428571428571,8,6,2,352.8225806451613,0.7483428030303031,0.07404692082111408,0.21875000000000008,133472.22222222228,2818.4027777777883,136290.62500000006,493,7,284.27272727272725,33,0,19,32.552083333333336,0.6616161616161615,41.66666666666667,1033.333333333334,31.313131313131333,0
499,4,0,0,33,0.0,0.0,1.0,33,750,500,250,0.6666666666666666,10,5,5,353.4194762226069,0.7481060606060607,0.07818282421080625,0.21949483523280305,133535.5467248173,2838.812596116872,136374.3593209342,494,8,285.27272727272725,33,0,19,32.473223460596,0.6622474747474747,41.60539215686274,1033.5784313725485,31.320558526440863,0
500,4,0,0,33,0.0,0.0,1.0,33,750,500,250,0.6666666666666666,10,5,5,351.89571482768974,0.7475536616161617,0.07423847385923699,0.21929808284461202,133662.24078479433,2807.0339532872013,136469.27473808153,495,9,286.27272727272725,33,0,20,32.385735166311136,0.663510101010101,41.4828431372549,1034.0686274509806,31.33541295306002,0
501,4,0,1,32,0.0,0.030303030303030304,0.9696969696969697,33,400,200,200,0.5,6,2,4,351.72502863817067,0.7466856060606061,0.07300014361625706,0.21956799125045584,133725.61034217622,2806.928825451766,136532.53916762798,496,10,287.27272727272725,33,0,15,32.326718009478675,0.6641414141414141,41.42156862745099,1034.3137254901972,31.342840166369612,0
502,4,0,0,32,0.0,0.0,1.0,32,650,300,350,0.46153846153846156,10,3,7,360.17386006282726,0.7453797043010754,0.07556790425012205,0.22409601566826978,133602.72548719522,3224.0418707274794,136826.76735792268,497,11,294.75,32,0,20,32.2313650056994,0.6653645833333334,41.54040404040404,1033.838383838384,32.3074494949495,0
503,4,0,0,32,0.0,0.0,1.0,32,1100,900,200,0.8181818181818182,13,9,4,360.8575463294983,0.7438676075268817,0.0765380859375,0.22531593136671121,133733.29252117142,3251.7335603509946,136985.0260815224,498,12,295.75,32,0,16,32.08287556966146,0.6666666666666666,41.41414141414142,1034.343434343435,32.32323232323235,0
504,4,0,0,32,0.0,0.0,1.0,32,600,400,200,0.6666666666666666,8,4,4,358.8673353148558,0.7439516129032259,0.0724920673663656,0.22447014851678865,133798.59995153573,3203.1894066932164,137001.78935822894,499,13,296.75,32,0,16,32.068942722317146,0.6673177083333333,41.35101010101011,1034.595959595961,32.33112373737378,0
505,4,0,0,32,0.0,0.0,1.0,32,800,700,100,0.875,9,7,2,360.29007702355744,0.7432375672043011,0.07286073825503347,0.2255597541029837,133831.25964506192,3243.6149691358296,137074.87461419776,500,14,297.75,32,0,16,31.999440715883665,0.6676432291666665,41.31944444444446,1034.7222222222238,32.33506944444449,0
506,4,0,0,32,0.0,0.0,1.0,32,500,400,100,0.8,6,4,2,361.3777602472941,0.7426915322580646,0.06945461200585656,0.22644129380633213,133863.92332415073,3275.0889577594294,137139.01228191017,501,15,298.75,32,0,16,31.9385980966325,0.66796875,41.287878787878796,1034.848484848486,32.339015151515184,0
507,4,0,0,32,0.0,0.0,1.0,32,700,200,500,0.2857142857142857,12,2,10,361.25264190428135,0.7428595430107527,0.06918608197121223,0.22676486664098783,133929.26263901655,3276.4599913274287,137205.72263034398,502,16,299.75,32,0,16,31.876423111327963,0.6686197916666666,41.22474747474748,1035.101010101011,32.346906565656596,0
508,4,0,0,32,0.0,0.0,1.0,32,1150,800,350,0.6956521739130435,15,8,7,362.5001270944492,0.7426075268817205,0.07367867593269861,0.228358374994522,134059.98909550067,3319.3526170799105,137379.3417125806,503,17,300.75,32,0,17,31.71330163374786,0.669921875,41.09848484848486,1035.6060606060623,32.36268939393945,0
509,4,0,1,31,0.0,0.03125,0.96875,32,700,400,300,0.5714285714285714,10,4,6,361.5725368387076,0.7418094758064516,0.07128108618797979,0.22797690389607386,134092.68067352832,3296.84614452608,137389.5268180544,504,18,301.75,32,0,17,31.704610101995208,0.6702473958333333,41.0669191919192,1035.732323232324,32.366635101010125,0
510,4,0,0,31,0.0,0.0,1.0,31,350,100,250,0.2857142857142857,6,1,5,369.5047625682541,0.7324372759856631,0.0794743911792517,0.2318226801621981,133909.863366021,3696.066453721778,137605.92981974277,505,27,311.9032258064516,31,0,17,31.682313288883304,0.6710349462365591,41.24348958333333,1035.026041666666,33.38793682795697,0
511,4,0,0,31,0.0,0.0,1.0,31,700,600,100,0.8571428571428571,8,6,2,369.8379019817253,0.7322580645161291,0.08335970785149138,0.232244180154401,133943.5577392578,3707.480875651042,137651.03861490884,506,28,312.9032258064516,31,0,17,31.63993710691825,0.6713709677419355,41.2109375,1035.15625,33.39213709677419,0
512,4,0,0,31,0.0,0.0,1.0,31,900,600,300,0.6666666666666666,12,6,6,371.9917306691749,0.7324372759856631,0.08330731331481522,0.2346704375474455,134112.09318372945,3777.7179294162374,137889.8111131457,507,29,313.9032258064516,31,0,18,31.41538340666247,0.6730510752688172,41.048177083333336,1035.8072916666672,33.41313844086023,0
513,4,0,0,31,0.0,0.0,1.0,31,700,200,500,0.2857142857142857,12,2,10,370.9025808871608,0.7319892473118279,0.08095124195778114,0.23441396633194128,134179.53703138573,3753.5073174370764,137933.0443488228,508,30,314.9032258064516,31,0,19,31.376068241799672,0.6737231182795698,40.98307291666667,1036.0677083333342,33.42153897849465,0
514,4,0,0,31,0.0,0.0,1.0,31,750,500,250,0.6666666666666666,10,5,5,372.68255115924967,0.7312724014336918,0.08378423290330694,0.23597298525667995,134246.99783325192,3806.3027275933164,138053.30056084524,509,31,315.9032258064516,31,0,19,31.262433513422966,0.6743951612903225,40.91796875,1036.3281249999998,33.429939516129025,0
515,4,0,0,31,0.0,0.0,1.0,31,450,100,350,0.2222222222222222,8,1,7,392.9686898248916,0.7312724014336918,0.056421884802585254,0.22916861992975704,131161.34855482317,4108.460659450965,135269.80921427414,510,32,316.9032258064516,31,0,19,33.849333714673115,0.6434811827956989,43.91276041666667,1024.3489583333337,33.04351478494625,8
516,4,0,0,31,0.0,0.0,1.0,31,500,300,200,0.6,7,3,4,393.7224303659294,0.7315412186379928,0.057194626525483905,0.2300075578730141,131228.04641723642,4133.485073513469,135361.53149074988,511,33,317.9032258064516,31,0,19,33.76236391748212,0.6441532258064515,43.84765625000001,1024.6093750000007,33.05191532258067,0
517,4,0,0,31,0.0,0.0,1.0,31,650,400,250,0.6153846153846154,9,4,5,390.388675454451,0.7310035842293907,0.05552430457161961,0.228861985218378,131362.56946251012,4056.5300463251865,135419.0995088353,512,34,318.9032258064516,30,1,20,33.71137625103798,0.6482638888888889,43.71639784946237,1025.1344086021506,34.17114695340502,0
518,4,0,0,31,0.0,0.0,1.0,31,850,600,250,0.7058823529411765,11,6,5,390.5728219791408,0.7275089605734767,0.059218256778942546,0.23016628753729634,131561.79004245342,4076.891920301658,135638.68196275507,513,35,319.9032258064516,31,0,16,33.504807082117026,0.647513440860215,43.52213541666667,1025.911458333334,33.09391801075271,0
519,4,1,1,31,0.03125,0.03125,0.96875,32,1100,1000,100,0.9090909090909091,12,10,2,384.07872947408026,0.736307123655914,0.0420918367346943,0.2280362325213262,131846.31191970204,3727.8727935924894,135574.18471329453,514,0,310.875,32,0,16,33.383534136546196,0.6477864583333334,43.244949494949495,1027.0202020202019,32.09438131313131,0
520,4,0,0,31,0.0,0.0,1.0,31,1050,800,250,0.7619047619047619,13,8,5,390.2887456779023,0.7262544802867383,0.053674801071859735,0.23121162732308495,131762.23966810445,4085.0638495551298,135847.30351765957,515,37,321.9032258064516,31,0,16,33.30915768336503,0.649529569892473,43.32682291666667,1026.692708333334,33.11911962365593,0
521,4,0,0,31,0.0,0.0,1.0,31,700,500,200,0.7142857142857143,9,5,4,391.9606613362917,0.725358422939068,0.05707133098263162,0.2324061485186463,131795.6627739801,4131.743028428824,135927.4058024089,516,38,322.9032258064516,31,0,16,33.23241609603516,0.6498655913978495,43.294270833333336,1026.822916666667,33.12331989247313,0
522,4,0,0,31,0.0,0.0,1.0,31,500,300,200,0.6,7,3,4,390.00366181304986,0.7257168458781362,0.05574821697310717,0.23165277743835386,131862.52170138896,4085.373263888898,135947.89496527787,517,39,323.9032258064516,31,0,16,33.21501014198783,0.650537634408602,43.22916666666667,1027.083333333334,33.13172043010755,0
523,4,0,0,31,0.0,0.0,1.0,31,550,400,150,0.7272727272727273,7,4,3,390.63806682826754,0.7254480286738352,0.05599574798642615,0.23243848772813208,131929.3975830078,4107.328965928819,136036.72654893663,518,40,324.9032258064516,31,0,17,33.13107308829743,0.6512096774193548,43.1640625,1027.34375,33.140120967741936,0
524,4,1,1,31,0.03125,0.03125,0.96875,32,950,800,150,0.8421052631578947,11,8,3,389.55551994872604,0.7377352150537635,0.04710443037974699,0.23385171790235085,132264.03130425353,3905.6674533420237,136169.69875759556,519,0,315.71875,31,1,20,32.82067510548522,0.6545698924731183,42.83854166666667,1028.645833333334,33.182123655914,1
525,4,0,0,31,0.0,0.0,1.0,31,850,500,350,0.5882352941176471,12,5,7,401.1644652083083,0.7255376344086022,0.05699248056882866,0.23991454217188038,132121.49029150768,4400.4893990634755,136521.97969057117,520,42,326.9032258064516,30,1,20,32.666307142545875,0.6559027777777777,42.97715053763441,1028.0913978494623,34.26971326164874,0
526,4,0,0,31,0.0,0.0,1.0,31,550,300,250,0.5454545454545454,8,3,5,401.31641676278343,0.7254480286738352,0.05937170567151595,0.24022461566786354,132156.03863163383,4407.277575442266,136563.3162070761,521,43,327.9032258064516,30,1,20,32.62745098039216,0.65625,42.94354838709678,1028.2258064516138,34.274193548387125,0
527,4,0,0,31,0.0,0.0,1.0,31,800,700,100,0.875,9,7,2,388.14566872771616,0.7266129032258064,0.0570201297060553,0.2344791658086993,132501.7704358886,4085.9976586888693,136587.76809457748,522,44,328.9032258064516,30,1,22,32.61694952132288,0.6597222222222222,42.60752688172043,1029.569892473119,34.31899641577063,1
528,4,0,0,31,0.0,0.0,1.0,31,700,500,200,0.7142857142857143,9,5,4,387.5649132020865,0.7275089605734767,0.05921274159876044,0.23499189040987295,132640.18961729697,4081.336715227216,136721.5263325242,523,45,329.9032258064516,30,1,19,32.49227992345163,0.6611111111111111,42.4731182795699,1030.107526881722,34.33691756272406,0
529,4,0,0,31,0.0,0.0,1.0,31,800,500,300,0.625,11,5,6,388.4454061061436,0.7276881720430107,0.06009894492402412,0.23639677571602444,132778.68106139437,4115.453737426287,136894.13479882065,524,46,330.9032258064516,30,1,20,32.329975221700565,0.6624999999999999,42.33870967741935,1030.6451612903224,34.354838709677416,0
530,4,0,0,31,0.0,0.0,1.0,31,500,300,200,0.6,7,3,4,388.4454061061436,0.7276881720430107,0.06009894492402412,0.23639677571602444,132778.68106139437,4115.453737426287,136894.13479882065,525,47,331.9032258064516,30,1,20,32.329975221700565,0.6624999999999999,42.33870967741935,1030.6451612903224,34.354838709677416,0
531,4,0,0,31,0.0,0.0,1.0,31,650,400,250,0.6153846153846154,9,4,5,389.30967602657876,0.7254480286738352,0.06458342095302183,0.23736130485881238,132847.95388195172,4143.7987773153,136991.75265926702,526,48,332.9032258064516,30,1,20,32.23788570186876,0.6631944444444444,42.27150537634409,1030.913978494624,34.36379928315413,0
532,4,0,0,31,0.0,0.0,1.0,31,800,600,200,0.75,10,6,4,388.6203555914731,0.7254480286738352,0.06442365086971513,0.23782078220167185,132986.5537200832,4136.256359116654,137122.81007919984,527,49,333.9032258064516,30,1,21,32.1160194596473,0.6645833333333333,42.137096774193544,1031.4516129032254,34.381720430107514,0
533,4,0,0,31,0.0,0.0,1.0,31,700,500,200,0.7142857142857143,9,5,4,367.6602809259457,0.7260752688172043,0.03670829434975409,0.22671431008886078,133270.47559950093,3599.6520996093873,136870.1276991103,528,50,334.9032258064516,31,0,19,32.37126944094157,0.6646505376344085,41.86197916666667,1032.552083333334,33.308131720430126,5
534,4,0,0,31,0.0,0.0,1.0,31,850,500,350,0.5882352941176471,12,5,7,367.0915337097551,0.7268817204301076,0.037479869210872874,0.22677336802069945,133337.7075195314,3589.428710937515,136927.13623046892,529,51,335.9032258064516,31,0,19,32.318456883509825,0.6653225806451613,41.79687500000001,1032.8125000000011,33.316532258064555,0
535,4,1,1,31,0.03125,0.03125,0.96875,32,400,100,300,0.25,7,1,6,358.0276768892832,0.740213373655914,0.0316164345914256,0.2225643576835659,133570.093692608,3164.3580693296735,136734.45176193767,530,0,326.375,32,0,19,32.319530963722976,0.6650390625,41.5719696969697,1033.712121212122,32.30350378787881,0
536,4,1,1,31,0.03125,0.03125,0.96875,32,600,400,200,0.6666666666666666,8,4,4,358.91026258468634,0.7347950268817205,0.03549957275390647,0.2241000663943408,133733.29252117127,3199.6502270176475,136932.9427481889,531,0,327.34375,32,0,17,32.13322957356771,0.6666666666666667,41.41414141414141,1034.343434343434,32.32323232323231,0
537,4,0,0,31,0.0,0.0,1.0,31,150,100,50,0.6666666666666666,2,1,1,368.38725113329485,0.7244623655913979,0.03693137948130265,0.22881517992927192,133539.5050048828,3638.8502332899325,137178.35523817275,532,54,338.9032258064516,31,0,21,32.08249349122366,0.6673387096774194,41.6015625,1033.59375,33.341733870967744,0
538,4,0,0,31,0.0,0.0,1.0,31,800,600,200,0.75,10,6,4,368.3285516237022,0.7241039426523298,0.03118604424520033,0.2300316048819725,133741.455078125,3652.159288194445,137393.61436631944,533,55,339.9032258064516,31,0,17,31.881503860355824,0.6693548387096775,41.40625,1034.375,33.36693548387097,0
539,4,0,0,31,0.0,0.0,1.0,31,900,700,200,0.7777777777777778,11,7,4,369.18064321896355,0.7213261648745519,0.024153981632909938,0.231619331724352,133909.863366021,3687.3858981662233,137597.2492641872,534,56,340.9032258064516,31,0,19,31.6907000880614,0.6710349462365592,41.24348958333333,1035.026041666666,33.38793682795697,0
540,4,0,0,31,0.0,0.0,1.0,31,750,400,350,0.5333333333333333,11,4,7,370.44984309854215,0.7208781362007168,0.028554856556462838,0.2332690104641889,134044.6662902832,3731.365119086372,137776.03140936958,535,57,341.9032258064516,31,0,19,31.522826815876606,0.6723790322580645,41.11328125,1035.546875,33.40473790322581,0
541,4,0,0,31,0.0,0.0,1.0,31,600,400,200,0.6666666666666666,8,4,4,368.7554246249232,0.7189964157706094,0.031921493886985175,0.23262881862738008,134112.0931837293,3690.9123738606672,137803.00555758996,536,58,342.9032258064516,31,0,20,31.499188141629997,0.6730510752688172,41.04817708333333,1035.807291666666,33.413138440860195,0
542,4,0,0,31,0.0,0.0,1.0,31,950,700,250,0.7368421052631579,12,7,5,369.21091321294074,0.7194444444444444,0.033984872191911375,0.23355965400227183,134213.26531304244,3710.6004503038093,137923.86576334626,537,59,343.9032258064516,31,0,20,31.38613135628718,0.6740591397849462,40.95052083333333,1036.1979166666658,33.4257392473118,0
543,4,0,0,31,0.0,0.0,1.0,31,600,400,200,0.6666666666666666,8,4,4,370.2984333435017,0.7189964157706094,0.04018585960065302,0.2353301216851,134381.97029961474,3752.286614312061,138134.2569139268,538,60,344.9032258064516,31,0,20,31.189171794549793,0.675739247311828,40.787760416666664,1036.848958333333,33.44674059139784,0
544,4,1,1,31,0.03125,0.03125,0.96875,32,700,400,300,0.5714285714285714,10,4,6,361.4150993659757,0.7305107526881721,0.029858576642336043,0.23137321781840517,134649.04729109278,3332.839761248855,137981.88705234163,539,0,335.09375,32,0,20,31.152676399026767,0.67578125,40.53030303030303,1037.878787878788,32.433712121212125,0
545,4,0,0,31,0.0,0.0,1.0,31,550,400,150,0.7272727272727273,7,4,3,373.5139684598813,0.7185483870967742,0.03471516643121131,0.23869549435900533,134584.55615573467,3853.842332628048,138438.39848836273,540,62,346.9032258064516,31,0,21,30.903213493955747,0.677755376344086,40.59244791666667,1037.630208333334,33.471942204301094,0
546,4,0,0,31,0.0,0.0,1.0,31,900,700,200,0.7777777777777778,11,7,4,373.42602538265965,0.7164874551971326,0.03626047648532382,0.23908263841969302,134652.11868286133,3856.5210978190107,138508.63978068033,541,63,347.9032258064516,31,0,22,30.837959478108143,0.6784274193548386,40.52734375,1037.890625,33.48034274193548,0
547,4,0,0,31,0.0,0.0,1.0,31,600,400,200,0.6666666666666666,8,4,4,375.22961958229496,0.7164874551971326,0.04324271836804061,0.2406842925928913,134719.69816419817,3910.164218478738,138629.86238267692,542,64,348.9032258064516,31,0,22,30.72361407249467,0.6790994623655914,40.462239583333336,1038.151041666667,33.4887432795699,0
548,4,0,1,30,0.0,0.03225806451612903,0.967741935483871,31,550,400,150,0.7272727272727273,7,4,3,373.3773841986708,0.7161290322580646,0.04427291924561283,0.23971910318842196,134753.4942626953,3862.7814398871537,138616.27570258247,543,65,349.9032258064516,31,0,22,30.73791907031185,0.6794354838709677,40.4296875,1038.28125,33.492943548387096,0
549,4,0,0,30,0.0,0.0,1.0,30,800,500,300,0.625,11,5,6,376.088729694913,0.7143199233716475,0.047486515641855354,0.24150336133775593,134760.03593262227,4136.346145508151,138896.3820781304,544,66,350.9,30,0,22,30.661003236245957,0.6822916666666666,40.42338709677419,1038.3064516129032,34.61021505376344,0
550,4,0,0,30,0.0,0.0,1.0,30,550,300,250,0.5454545454545454,8,3,5,375.40132336280993,0.7135536398467434,0.04506708079893018,0.24152589722101886,134829.82362484117,4123.058843507942,138952.88246834913,545,67,351.9,30,0,19,30.60911953755231,0.6829861111111111,40.356182795698935,1038.5752688172056,34.61917562724019,0
551,4,0,0,30,0.0,0.0,1.0,30,550,300,250,0.5454545454545454,8,3,5,374.91339499096875,0.7136973180076629,0.024915737619911837,0.23822750650414584,134376.526549312,4075.911955139314,138452.4385044513,546,68,352.9,30,0,22,31.074993518278454,0.6784722222222221,40.79301075268817,1036.8279569892468,34.56093189964156,3
552,4,0,0,30,0.0,0.0,1.0,30,800,600,200,0.75,10,6,4,375.1070600942048,0.7136015325670498,0.01982028684983561,0.2388057818223502,134446.214880333,4086.344880911089,138532.55976124408,547,69,353.9,30,0,22,31.00024840158976,0.6791666666666667,40.725806451612904,1037.0967741935485,34.56989247311829,0
553,4,0,0,30,0.0,0.0,1.0,30,400,200,200,0.5,6,2,4,375.8331634680356,0.7139367816091954,0.021826271003412057,0.23949665751303295,134481.0658204705,4108.488878772103,138589.5546992426,548,70,354.9,30,0,22,30.94655738413027,0.679513888888889,40.692204301075265,1037.2311827956985,34.574372759856615,0
554,4,0,0,30,0.0,0.0,1.0,30,600,300,300,0.5,9,3,6,378.9121855620287,0.7134099616858238,0.017132987910190023,0.24215248944858117,134585.64573939174,4199.228234477962,138784.8739738697,549,71,355.9,30,0,22,30.762089810017265,0.6805555555555556,40.59139784946236,1037.6344086021497,34.58781362007166,0
555,4,2,2,30,0.0625,0.0625,0.9375,32,950,700,250,0.7368421052631579,12,7,5,360.1310956022745,0.7339969758064516,0.0011273229685411223,0.23327767978705935,135075.2813010151,3328.96180874399,138404.2431097591,550,0,334.59375,32,0,19,30.76086076359365,0.6800130208333335,40.11994949494949,1039.5202020202012,32.48500631313129,0
556,4,0,0,30,0.0,0.0,1.0,30,450,400,50,0.8888888888888888,5,4,1,379.31601140432457,0.710727969348659,0.018461936820300506,0.24334193289759148,134725.14886113995,4220.681220372289,138945.83008151225,551,73,357.9,30,0,23,30.6121072846539,0.6819444444444445,40.456989247311824,1038.172043010752,34.60573476702507,0
557,4,1,1,30,0.03225806451612903,0.03225806451612903,0.967741935483871,31,550,400,150,0.7272727272727273,7,4,3,370.1130098472002,0.7189964157706094,0.005948868825826015,0.23940373132903975,135024.01563856326,3794.8289659288084,138818.84460449207,552,0,347.3225806451613,31,0,19,30.55259751106658,0.6821236559139785,40.16927083333333,1039.3229166666658,33.52654569892471,0
558,4,0,0,30,0.0,0.0,1.0,30,750,600,150,0.8,9,6,3,381.4282905087949,0.709051724137931,0.017781515504377454,0.24587650186342597,134899.6293827322,4290.907005145118,139190.53638787734,553,75,359.9,30,0,19,30.382865398714802,0.6836805555555555,40.28897849462366,1038.8440860215062,34.628136200716874,0
559,4,0,0,30,0.0,0.0,1.0,30,200,0,200,0.0,4,0,4,382.01091495140815,0.7087164750957855,0.01550668391548049,0.2464895135704827,134934.53903630472,4309.293343161049,139243.83237946578,554,76,360.9,30,0,19,30.332848210435525,0.6840277777777778,40.25537634408602,1038.9784946236555,34.63261648745518,0
560,4,0,0,30,0.0,0.0,1.0,30,900,800,100,0.8888888888888888,10,8,2,384.23127564041215,0.7073754789272031,0.01950693905697798,0.2488814644726087,135074.2228147762,4379.948187651745,139454.17100242796,555,77,361.9,30,0,20,30.135602534264276,0.6854166666666667,40.12096774193548,1039.5161290322576,34.650537634408586,0
561,4,0,0,30,0.0,0.0,1.0,30,700,600,100,0.8571428571428571,8,6,2,385.475912599589,0.7067528735632184,0.02390059008485168,0.2508997550553589,135248.92915727242,4427.040879003339,139675.97003627574,556,78,362.9,30,0,20,29.92876986690787,0.6871527777777777,39.952956989247305,1040.18817204301,34.67293906810033,0
562,4,0,0,30,0.0,0.0,1.0,30,700,500,200,0.7142857142857143,9,5,4,385.76971701438384,0.7074233716475096,0.02362743831546288,0.2515790547100544,135318.84330919757,4440.382378020574,139759.22568721816,557,79,363.9,30,0,20,29.851332730482703,0.6878472222222223,39.88575268817204,1040.4569892473116,34.681899641577054,0
563,4,0,0,30,0.0,0.0,1.0,30,400,300,100,0.75,5,3,2,386.54179302660646,0.7081417624521072,0.02215620425385345,0.25232770333996496,135353.80715978713,4463.98066250432,139817.78782229146,558,80,364.9,30,0,20,29.79634891931456,0.6881944444444444,39.8521505376344,1040.5913978494614,34.68637992831538,0
564,4,0,0,30,0.0,0.0,1.0,30,450,200,250,0.4444444444444444,7,2,5,389.3346781939415,0.7076628352490422,0.01788050964187282,0.2546459246565781,135423.7484102209,4545.032301422138,139968.78071164305,559,81,365.9,30,0,20,29.653871814738284,0.6888888888888889,39.78494623655914,1040.860215053764,34.69534050179213,0
565,4,0,0,30,0.0,0.0,1.0,30,850,600,250,0.7058823529411765,11,6,5,388.79153588749847,0.7071360153256705,0.020946847428448434,0.2545384991926185,135458.72581006476,4533.041211411722,139991.7670214765,560,82,366.9,30,0,21,29.633096621476213,0.689236111111111,39.751344086021504,1040.994623655914,34.69982078853047,0
566,4,0,0,30,0.0,0.0,1.0,30,800,400,400,0.5,12,4,8,390.15997795752276,0.7073754789272031,0.022144762888372194,0.2556835185498285,135493.70772632677,4572.8444039773385,140066.5521303041,561,83,367.9,30,0,21,29.56256992856527,0.6895833333333333,39.71774193548387,1041.1290322580649,34.70430107526883,0
567,4,0,0,30,0.0,0.0,1.0,30,550,300,250,0.5454545454545454,8,3,5,390.15997795752276,0.7073754789272031,0.022144762888372194,0.2556835185498285,135493.70772632677,4572.8444039773385,140066.5521303041,562,84,368.9,30,0,21,29.56256992856527,0.6895833333333333,39.71774193548387,1041.1290322580649,34.70430107526883,0
568,4,0,0,30,0.0,0.0,1.0,30,450,200,250,0.4444444444444444,7,2,5,391.19678884345655,0.7073275862068966,0.02414267888645072,0.25661316876970874,135528.69415900687,4603.677990230091,140132.37214923697,563,85,369.9,30,0,21,29.500666924831112,0.6899305555555555,39.68413978494624,1041.2634408602155,34.70878136200718,0
569,4,1,0,31,0.03225806451612903,0.0,1.0,31,1000,800,200,0.8,12,8,4,375.7843270194404,0.7106630824372759,0.0255164914824213,0.24958809779649405,135972.9766845703,4019.3027072482646,139992.27939181856,564,0,358.93548387096774,31,0,17,29.459529754473564,0.691532258064516,39.2578125,1042.96875,33.64415322580645,0
570,4,0,0,31,0.0,0.0,1.0,31,850,500,350,0.5882352941176471,12,5,7,378.63861778192717,0.7100358422939068,0.02343992111565041,0.25268846973539943,136142.7836947971,4109.7830878363775,140252.56678263348,565,1,359.93548387096774,31,0,17,29.21618319817011,0.6932123655913978,39.095052083333336,1043.6197916666667,33.66515456989247,0
571,4,0,0,31,0.0,0.0,1.0,31,1050,600,450,0.5714285714285714,15,6,9,377.64087696426986,0.7098566308243728,0.026511053645470906,0.25347761289794196,136346.69197930224,4098.016866048168,140444.7088453504,566,2,360.93548387096774,31,0,18,29.03952645139841,0.695228494623656,38.89973958333333,1044.401041666666,33.69035618279568,0
572,4,0,0,31,0.0,0.0,1.0,31,1000,800,200,0.8,12,8,4,379.1375963603838,0.7073476702508961,0.029063202015777057,0.255957736415879,136550.7528516982,4154.304843478738,140705.05769517695,567,3,361.93548387096774,31,0,19,28.79772953780989,0.697244623655914,38.704427083333336,1045.1822916666672,33.71555779569894,0
573,4,0,0,31,0.0,0.0,1.0,31,700,600,100,0.8571428571428571,8,6,2,380.40069004436054,0.7059139784946237,0.03008449210322217,0.2573072569811435,136618.80705091698,4193.977695041242,140812.78474595823,568,4,362.93548387096774,31,0,19,28.697144725370528,0.6979166666666666,38.63932291666667,1045.4427083333342,33.72395833333336,0
574,4,0,0,31,0.0,0.0,1.0,31,700,400,300,0.5714285714285714,10,4,6,377.9990663902025,0.7048387096774194,0.027509741694452527,0.255930227918493,136652.84050835515,4130.929226345506,140783.76973470065,569,5,363.93548387096774,31,0,19,28.726131174761317,0.698252688172043,38.60677083333334,1045.5729166666677,33.72815860215057,0
575,4,0,0,31,0.0,0.0,1.0,31,300,200,100,0.6666666666666666,4,2,2,379.71634043346614,0.7049283154121864,0.028534589755021766,0.25734193502288344,136686.87820434585,4180.448235405832,140867.3264397517,570,6,364.93548387096774,31,0,19,28.64745465487901,0.6985887096774193,38.57421875000001,1045.7031250000011,33.73235887096778,0
576,4,0,0,31,0.0,0.0,1.0,31,1000,700,300,0.7,13,7,6,379.55751084410286,0.7043010752688172,0.03140011522217545,0.25799965999123614,136791.21366993297,4184.030751733236,140975.2444216662,571,7,365.93548387096774,30,1,19,28.548064156923207,0.7024305555555554,38.4744623655914,1046.1021505376348,34.87007168458783,0
577,4,0,0,31,0.0,0.0,1.0,31,750,600,150,0.8,9,6,3,379.2442847953321,0.7042114695340502,0.035018068494512944,0.258045237136964,136826.36721008227,4178.1235547462375,141004.49076482852,572,8,366.93548387096774,30,1,19,28.521379325111347,0.7027777777777777,38.440860215053775,1046.2365591397863,34.87455197132621,0
578,4,0,0,31,0.0,0.0,1.0,31,900,700,200,0.7777777777777778,11,7,4,381.00698053938044,0.703673835125448,0.04616104597467929,0.260549900914946,137002.20265709911,4239.759112325126,141241.96176942423,573,9,367.93548387096774,30,1,18,28.300862327213594,0.7045138888888889,38.27284946236559,1046.9086021505377,34.896953405017925,0
579,4,0,0,31,0.0,0.0,1.0,31,800,700,100,0.875,9,7,2,380.8769604571728,0.7028673835125449,0.052873249117054044,0.2609861388673555,137072.56845083245,4241.55664672216,141314.1250975546,574,10,368.93548387096774,30,1,18,28.234501347708896,0.7052083333333332,38.20564516129032,1047.1774193548385,34.90591397849462,0
580,4,0,0,31,0.0,0.0,1.0,31,650,500,150,0.7692307692307693,8,5,3,377.59866135214395,0.7015232974910395,0.04927123639206887,0.2594176968896668,137163.85099622942,4158.577304416237,141322.42830064567,575,11,369.93548387096774,31,0,18,28.229878806712243,0.7032930107526882,38.118489583333336,1047.526041666667,33.791162634408614,0
581,4,0,0,31,0.0,0.0,1.0,31,500,300,200,0.6,7,3,4,373.3859269828346,0.7013440860215053,0.04566151478227409,0.25727824831830937,137266.16753472228,4050.651041666673,141316.81857638896,576,12,370.93548387096774,31,0,18,28.238899933730945,0.7043010752688172,38.020833333333336,1047.916666666667,33.80376344086022,0
582,4,0,0,31,0.0,0.0,1.0,31,600,400,200,0.6666666666666666,8,4,4,373.3859269828346,0.7013440860215053,0.04566151478227409,0.25727824831830937,137266.16753472228,4050.651041666673,141316.81857638896,577,13,371.93548387096774,31,0,18,28.238899933730945,0.7043010752688172,38.020833333333336,1047.916666666667,33.80376344086022,0
583,4,0,0,31,0.0,0.0,1.0,31,800,400,400,0.5,12,4,8,375.0909403305388,0.7006272401433692,0.04051590465620358,0.2592152069185554,137368.52222018782,4105.137634277364,141473.6598544652,578,14,372.93548387096774,31,0,18,28.092912888668096,0.7053091397849462,37.92317708333334,1048.3072916666677,33.81636424731186,0
584,4,0,0,31,0.0,0.0,1.0,31,600,300,300,0.5,9,3,6,375.0909403305388,0.7006272401433692,0.04051590465620358,0.2592152069185554,137368.52222018782,4105.137634277364,141473.6598544652,579,15,373.93548387096774,31,0,18,28.092912888668096,0.7053091397849462,37.92317708333334,1048.3072916666677,33.81636424731186,0
585,4,0,0,31,0.0,0.0,1.0,31,950,800,150,0.8421052631578947,11,8,3,374.28045037957787,0.7,0.036660350981200907,0.2591642705852746,137436.7798699274,4087.9799736870755,141524.75984361448,580,16,374.93548387096774,31,0,18,28.046613063454597,0.7059811827956989,37.85807291666667,1048.5677083333342,33.82476478494626,0
586,4,0,0,31,0.0,0.0,1.0,31,850,600,250,0.7058823529411765,11,6,5,372.5397402388458,0.6986559139784946,0.03356728470934911,0.2589777987147871,137573.34603203673,4050.3077189127666,141623.6537509495,581,17,375.93548387096774,31,0,19,27.957185263332086,0.7073252688172043,37.727864583333336,1049.088541666667,33.84156586021506,0
587,4,0,0,31,0.0,0.0,1.0,31,400,300,100,0.75,5,3,2,392.4126055647043,0.6986559139784946,0.027898866608544237,0.23937773581366176,132867.4401177301,4227.771674262162,137095.21179199225,582,18,376.93548387096774,31,0,18,32.138271449019115,0.6606182795698924,42.25260416666667,1030.989583333334,33.25772849462368,7
588,4,0,0,31,0.0,0.0,1.0,31,500,300,200,0.6,7,3,4,391.10972073746854,0.6984767025089605,0.028677456016359182,0.23879706079568347,132901.00309583882,4195.774841308599,137096.77793714742,583,19,377.93548387096774,31,0,18,32.13802773919265,0.6609543010752688,42.220052083333336,1031.1197916666672,33.26192876344088,0
589,4,0,0,31,0.0,0.0,1.0,31,600,200,400,0.3333333333333333,10,2,8,389.7969594939291,0.6984767025089605,0.031541218637993085,0.2382092530240679,132934.57031250012,4163.498263888904,137098.06857638902,584,20,378.93548387096774,31,0,18,32.13804713804714,0.661290322580645,42.18750000000001,1031.250000000001,33.26612903225809,0
590,4,0,0,31,0.0,0.0,1.0,31,700,400,300,0.5714285714285714,10,4,6,391.3457448234599,0.6982078853046595,0.03491671857759959,0.23980141811572125,133035.29739379894,4212.559509277359,137247.85690307632,585,21,379.93548387096774,31,0,19,31.996639530480888,0.662298387096774,42.08984375000001,1031.640625000001,33.27872983870971,0
591,4,0,0,31,0.0,0.0,1.0,31,600,400,200,0.6666666666666666,8,4,4,391.49350772974515,0.6996415770609319,0.027349759468633383,0.24054089474929932,133136.06262207043,4224.38083224828,137360.4434543187,586,22,380.93548387096774,31,0,19,31.891349146269658,0.6633064516129031,41.99218750000001,1032.031250000001,33.29133064516132,0
592,4,0,0,31,0.0,0.0,1.0,31,750,500,250,0.6666666666666666,10,5,5,391.54645288767796,0.7004480286738352,0.03645254862713032,0.2412254720238074,133236.86599731457,4233.684455023887,137470.55045233844,587,23,381.93548387096774,31,0,19,31.788503174002603,0.6643145161290323,41.89453125000001,1032.421875000001,33.30393145161293,0
593,4,0,0,31,0.0,0.0,1.0,31,550,400,150,0.7272727272727273,7,4,3,390.7831609814119,0.7002688172043011,0.03801000691534817,0.24097282010751156,133270.47559950093,4215.97154405383,137486.44714355477,588,24,382.93548387096774,31,0,19,31.7743799915931,0.6646505376344085,41.86197916666667,1032.552083333334,33.308131720430126,0
594,4,0,0,31,0.0,0.0,1.0,31,1250,900,350,0.72,16,9,7,392.01230385151297,0.6995519713261649,0.03903660901989636,0.2423876544391312,133371.3298373753,4256.640455457909,137627.9702928332,589,25,383.93548387096774,31,0,19,31.641166645657382,0.6656586021505376,41.76432291666667,1032.942708333334,33.32073252688174,0
595,4,0,0,31,0.0,0.0,1.0,31,600,400,200,0.6666666666666666,8,4,4,392.01230385151297,0.6995519713261649,0.03903660901989636,0.2423876544391312,133371.3298373753,4256.640455457909,137627.9702928332,590,26,384.93548387096774,31,0,19,31.641166645657382,0.6656586021505376,41.76432291666667,1032.942708333334,33.32073252688174,0
596,4,0,0,31,0.0,0.0,1.0,31,750,600,150,0.8,9,6,3,393.4850975297909,0.6998207885304659,0.04137359018353015,0.2435187803277193,133404.95639377175,4298.572455512157,137703.5288492839,591,27,385.93548387096774,31,0,19,31.569300899084105,0.665994623655914,41.731770833333336,1033.072916666667,33.324932795698935,0
597,4,1,0,32,0.03125,0.0,1.0,32,600,400,200,0.6666666666666666,8,4,4,383.964686275393,0.7113995295698925,0.05121644295302019,0.24038125317241,133831.2596450618,3877.295524691369,137708.55516975318,592,0,374.84375,32,0,17,31.38702460850111,0.6676432291666666,41.31944444444445,1034.7222222222229,32.335069444444464,0
598,4,0,0,32,0.0,0.0,1.0,32,1000,700,300,0.7,13,7,6,384.3404639986481,0.7129956317204301,0.04741813025978736,0.24147183634673694,133961.93827479344,3897.39870293848,137859.33697773193,593,1,375.84375,32,0,18,31.24618855958044,0.6689453125,41.19318181818182,1035.2272727272732,32.35085227272729,0
599,4,0,0,32,0.0,0.0,1.0,32,850,700,150,0.8235294117647058,10,7,3,386.0865228277675,0.7131636424731184,0.05168195951713184,0.2430004277598252,134027.3015030354,3949.2269602591573,137976.52846329458,594,2,376.84375,32,0,18,31.135430638540008,0.6695963541666666,41.130050505050505,1035.4797979797981,32.35874368686869,0
600,4,0,0,32,0.0,0.0,1.0,32,950,700,250,0.7368421052631579,12,7,5,385.2009911425768,0.711819556451613,0.05342938559063759,0.24287499848905142,134092.6806735283,3930.5267000816357,138023.2073736099,595,3,377.84375,32,0,18,31.09279125523182,0.6702473958333333,41.0669191919192,1035.7323232323238,32.36663510101012,0
601,4,0,0,32,0.0,0.0,1.0,32,1000,900,100,0.9,11,9,2,383.6345917723012,0.7134996639784947,0.04812583769952483,0.24275166497110848,134223.48684126625,3898.5545161208083,138122.04135738706,596,4,378.84375,32,0,19,31.00224401933308,0.6715494791666666,40.94065656565657,1036.2373737373741,32.38241792929294,0
602,4,0,0,32,0.0,0.0,1.0,32,450,200,250,0.4444444444444444,7,2,5,385.2387273007077,0.7127016129032259,0.04899945175438569,0.24398452729044837,134256.19834710754,3944.137396694225,138200.33574380176,597,5,379.84375,32,0,19,30.927905701754376,0.671875,40.909090909090914,1036.3636363636372,32.38636363636366,0
603,4,0,0,32,0.0,0.0,1.0,32,1000,700,300,0.7,13,7,6,384.4940622751934,0.7116515456989247,0.05086545487760308,0.2441671110086323,134354.35677800747,3931.690484389361,138286.04726239684,598,6,380.84375,32,0,19,30.848861283643885,0.6728515625,40.814393939393945,1036.7424242424252,32.398200757575786,0
604,4,0,0,32,0.0,0.0,1.0,32,1400,1100,300,0.7857142857142857,17,11,6,386.6066676343927,0.710895497311828,0.05333835341365445,0.24683348779734343,134550.78125000023,4003.645833333364,138554.4270833336,599,7,381.84375,32,0,20,30.59738955823293,0.6748046874999998,40.625000000000014,1037.5000000000018,32.42187500000006,0
605,4,0,0,32,0.0,0.0,1.0,32,500,500,0,1.0,5,5,0,386.7362425433186,0.7100974462365592,0.05161798845526411,0.24714523791721787,134584.5561557347,4009.7451104058264,138594.3012661405,600,8,382.84375,31,1,20,30.560217718659803,0.677755376344086,40.59244791666667,1037.6302083333342,33.4719422043011,0
606,4,0,0,32,0.0,0.0,1.0,32,650,400,250,0.6153846153846154,9,4,5,386.7362425433186,0.7100974462365592,0.05161798845526411,0.24714523791721787,134584.5561557347,4009.7451104058264,138594.3012661405,601,9,383.84375,31,1,20,30.560217718659803,0.677755376344086,40.59244791666667,1037.6302083333342,33.4719422043011,0
607,4,0,0,32,0.0,0.0,1.0,32,550,300,250,0.5454545454545454,8,3,5,388.4674178105158,0.7090473790322581,0.05316028858218336,0.2484819678932435,134618.3353000218,4058.9674207899507,138677.30272081174,602,10,384.84375,31,1,20,30.481493099121707,0.6780913978494623,40.55989583333334,1037.7604166666677,33.47614247311831,0
608,4,0,0,32,0.0,0.0,1.0,32,1250,1200,50,0.96,13,12,1,386.90517193167733,0.7093834005376345,0.05180116629044362,0.2484043350228016,134753.4942626953,4027.3647732204863,138780.8590359158,603,11,385.84375,31,1,20,30.386777861382832,0.6794354838709677,40.4296875,1038.28125,33.492943548387096,0
609,4,0,1,31,0.0,0.03125,0.96875,32,1000,900,100,0.9,11,9,2,382.96940745599807,0.7080813172043011,0.05390681983953316,0.24650284395407218,134845.6869834711,3928.354568411391,138774.0415518825,604,12,386.84375,32,0,16,30.39676027230731,0.677734375,40.34090909090909,1038.636363636364,32.457386363636374,0
610,4,0,0,31,0.0,0.0,1.0,31,400,200,200,0.5,6,2,4,393.27119470958775,0.7082437275985664,0.06447566990204878,0.25225673655828973,134719.69816419802,4396.275329589834,139115.97349378787,605,13,396.258064516129,31,0,20,30.255367072202024,0.6790994623655915,40.46223958333333,1038.1510416666658,33.48874327956987,0
611,4,0,0,31,0.0,0.0,1.0,31,550,100,450,0.18181818181818182,10,1,9,394.05634771670884,0.7081541218637993,0.06937809687531593,0.2532312145882959,134787.29459974496,4422.757805718311,139210.05240546327,606,14,397.258064516129,31,0,17,30.1673197492163,0.679771505376344,40.397135416666664,1038.411458333333,33.49714381720429,0
612,4,0,0,31,0.0,0.0,1.0,31,750,500,250,0.6666666666666666,10,5,5,391.61529754581437,0.7077956989247312,0.06883445604444494,0.25236727332960474,134888.72104220916,4364.897325303814,139253.61836751297,607,15,398.258064516129,31,0,18,30.129209492771793,0.6807795698924732,40.299479166666664,1038.802083333333,33.509744623655905,0
613,4,0,0,31,0.0,0.0,1.0,31,450,200,250,0.4444444444444444,7,2,5,389.3876960295625,0.707078853046595,0.06623839190779046,0.2511660813758996,134922.53833346887,4307.435268825945,139229.9736022948,608,16,399.258064516129,31,0,18,30.153240798763434,0.6811155913978495,40.26692708333333,1038.9322916666658,33.51394489247309,0
614,4,1,1,31,0.03125,0.03125,0.96875,32,800,600,200,0.75,10,6,4,378.90410867240934,0.7171118951612904,0.057715946339686575,0.24633252905561445,135206.56573627688,3846.0646553922993,139052.63039166917,609,0,387.75,32,0,18,30.141940836064904,0.6813151041666667,39.993686868686865,1040.0252525252522,32.50078914141413,0
615,4,0,1,30,0.0,0.03225806451612903,0.967741935483871,31,500,200,300,0.4,8,2,6,387.4710330767406,0.7051971326164874,0.0636270317892682,0.2506315871976128,135024.01563856326,4263.57896592881,139287.59460449207,610,18,401.258064516129,31,0,18,30.101582727804235,0.6821236559139785,40.16927083333333,1039.3229166666658,33.52654569892471,0
616,4,0,0,30,0.0,0.0,1.0,30,700,500,200,0.7142857142857143,9,5,4,395.44551004167556,0.7036877394636015,0.06616220411330964,0.2554042805457138,134969.4532062955,4674.612852641919,139644.0660589374,611,19,402.3666666666667,30,0,19,29.948960893372995,0.684375,40.221774193548384,1039.1129032258063,34.637096774193544,0
617,4,0,0,30,0.0,0.0,1.0,30,650,500,150,0.7692307692307693,8,5,3,394.2679520345124,0.7030651340996169,0.06171147880041361,0.2558772547767607,135144.0918025205,4656.596860908778,139800.6886634293,612,20,403.3666666666667,30,0,19,29.804916408135135,0.6861111111111111,40.053763440860216,1039.784946236559,34.659498207885306,0
618,4,0,0,30,0.0,0.0,1.0,30,900,700,200,0.7777777777777778,11,7,4,393.16589356950266,0.7029214559386974,0.06370686312524265,0.2554092794749993,135179.0330710198,4629.55706584577,139808.59013686556,613,21,404.3666666666667,30,0,19,29.798640730688035,0.6864583333333332,40.020161290322584,1039.9193548387098,34.663978494623656,0
619,4,0,0,30,0.0,0.0,1.0,30,600,500,100,0.8333333333333334,7,5,2,391.7239215057854,0.7025862068965517,0.06408268733850098,0.2552140700719513,135283.88397502605,4598.786709446184,139882.67068447225,614,22,405.3666666666667,30,0,19,29.731373815676143,0.6875,39.91935483870968,1040.3225806451617,34.677419354838726,0
620,4,0,0,30,0.0,0.0,1.0,30,600,400,200,0.6666666666666666,8,4,4,375.759150346115,0.7025862068965517,0.04732413912741773,0.2325350104315812,133402.78681061385,4025.4635651520284,137428.25037576587,615,23,406.3666666666667,30,0,22,32.02928484690779,0.6687500000000001,41.73387096774193,1033.0645161290315,34.435483870967715,7
621,4,0,0,30,0.0,0.0,1.0,30,750,500,250,0.6666666666666666,10,5,5,375.22954621059614,0.701388888888889,0.04948707610984204,0.23286764414954478,133508.10426311713,4019.2551412895987,137527.3594044067,616,24,407.3666666666667,29,1,22,31.93721162030194,0.6727729885057472,41.631944444444436,1033.472222222221,35.63697318007659,0
622,4,0,0,30,0.0,0.0,1.0,30,500,400,100,0.8,6,4,2,375.22954621059614,0.701388888888889,0.04948707610984204,0.23286764414954478,133508.10426311713,4019.237075617267,137527.3413387344,617,25,408.3666666666667,29,1,22,31.93721162030194,0.6727729885057472,41.631944444444436,1033.472222222221,35.63697318007659,0
623,4,0,0,30,0.0,0.0,1.0,30,750,600,150,0.8,9,6,3,374.4585820874332,0.700095785440613,0.045943837753509964,0.23303684574567451,133611.14724245577,4006.36814949705,137617.51539195282,618,26,409.3666666666667,30,0,22,31.853711648465936,0.6708333333333334,41.53225806451613,1033.8709677419354,34.46236559139785,0
624,4,0,0,30,0.0,0.0,1.0,30,450,100,350,0.2222222222222222,8,1,7,374.8051695848124,0.6994252873563218,0.051572654016116326,0.23369132696803455,133680.636851081,4020.838753035026,137701.47560411604,619,27,410.3666666666667,30,0,22,31.77503032666146,0.6715277777777778,41.46505376344086,1034.1397849462362,34.47132616487454,0
625,4,0,0,30,0.0,0.0,1.0,30,800,500,300,0.625,11,5,6,398.7099742981092,0.7000478927203065,0.0644391930331274,0.23165323220661319,131018.32807622272,4447.662843970405,135465.99092019312,620,28,411.3666666666667,30,0,20,33.84753402476915,0.6447916666666667,44.05241935483871,1023.7903225806455,34.12634408602152,5
626,4,0,0,30,0.0,0.0,1.0,30,850,700,150,0.8235294117647058,10,7,3,398.3887036713588,0.701580459770115,0.06550728442052756,0.2318810949787688,131087.1402221355,4444.7271722164405,135531.86739435192,621,29,412.3666666666667,30,0,20,33.785875224220156,0.6454861111111111,43.98521505376344,1024.0591397849462,34.1353046594982,0
627,4,0,0,30,0.0,0.0,1.0,30,750,700,50,0.9333333333333333,8,7,1,402.3540424065386,0.7011494252873564,0.06749737670514144,0.23524135117388412,131259.24962423395,4562.5379379118895,135821.78756214585,622,30,413.3666666666667,30,0,20,33.50958595662818,0.6472222222222221,43.817204301075265,1024.7311827956985,34.15770609318995,0
628,4,0,0,30,0.0,0.0,1.0,30,650,500,150,0.7692307692307693,8,5,3,403.9352579868271,0.7001436781609196,0.06462567195489699,0.2368035520880499,131362.5694625101,4612.3946771302935,135974.9641396404,623,31,414.3666666666667,30,0,20,33.36419955421528,0.648263888888889,43.71639784946236,1025.1344086021502,34.17114695340501,0
629,4,0,0,30,0.0,0.0,1.0,30,450,300,150,0.6666666666666666,6,3,3,402.40119690096003,0.6994731800766284,0.06217066456940601,0.23632938654021743,131431.47193678463,4577.636323563416,136009.10826034803,624,32,415.3666666666667,30,0,20,33.333606414121554,0.6489583333333333,43.649193548387096,1025.4032258064517,34.18010752688172,0
630,4,0,0,30,0.0,0.0,1.0,30,700,500,200,0.7142857142857143,9,5,4,403.10390968945467,0.699904214559387,0.06283966797728291,0.23695553396999516,131465.92994854887,4598.8860706439955,136064.81601919286,625,33,416.3666666666667,30,0,20,33.280635648754924,0.6493055555555556,43.61559139784946,1025.5376344086014,34.18458781362005,0
631,4,0,0,30,0.0,0.0,1.0,30,900,700,200,0.7777777777777778,11,7,4,399.8656841945624,0.6988026819923372,0.06403336390235381,0.23568917123220795,131569.3310823505,4522.012118452988,136091.34320080347,626,34,417.3666666666667,30,0,18,33.2588213459103,0.6503472222222222,43.51478494623655,1025.9408602150531,34.198028673835104,0
632,4,0,0,30,0.0,0.0,1.0,30,650,300,350,0.46153846153846156,10,3,7,400.8419503295621,0.698323754789272,0.0664527395765111,0.23669205651710806,131638.28775364204,4553.229600242799,136191.51735388485,627,35,418.3666666666667,30,0,19,33.163883431565154,0.6510416666666666,43.44758064516129,1026.2096774193549,34.20698924731183,0
633,4,0,0,30,0.0,0.0,1.0,30,550,400,150,0.7272727272727273,7,4,3,400.8419503295621,0.698323754789272,0.0664527395765111,0.23669205651710806,131638.28775364204,4553.229600242799,136191.51735388485,628,36,419.3666666666667,30,0,19,33.163883431565154,0.6510416666666666,43.44758064516129,1026.2096774193549,34.20698924731183,0
634,4,2,2,30,0.0625,0.0625,0.9375,32,800,600,200,0.75,10,6,4,378.1768539568708,0.7246303763440861,0.04938451620825157,0.2264611984282908,132170.6968676665,3596.7796653402675,135767.47653300676,629,0,394.09375,32,0,19,33.20747380484612,0.6510416666666667,42.92929292929293,1028.282828282828,32.13383838383837,0
635,4,0,0,30,0.0,0.0,1.0,30,750,400,350,0.5333333333333333,11,4,7,396.4016649255502,0.7005268199233716,0.06398306933717302,0.2349194971579735,131776.255293242,4447.265399179095,136223.5206924211,630,38,421.3666666666667,30,0,19,33.13806344634987,0.6524305555555556,43.31317204301075,1026.747311827957,34.22491039426523,0
636,4,0,0,30,0.0,0.0,1.0,30,900,600,300,0.6666666666666666,12,6,6,395.74342739366796,0.7009099616858238,0.06178638405512693,0.23538264712605472,131914.29509553127,4440.84305266505,136355.13814819633,631,39,422.3666666666667,30,0,20,33.01523180252083,0.6538194444444445,43.178763440860216,1027.284946236559,34.242831541218635,0
637,4,0,0,30,0.0,0.0,1.0,30,850,600,250,0.7058823529411765,11,6,5,412.37676204391556,0.7011015325670499,0.0979032892150431,0.24262506331203718,131500.39247673153,4845.541211411732,136345.93368814327,632,40,423.3666666666667,30,0,22,33.00790634691827,0.6496527777777779,43.58198924731183,1025.6720430107534,34.18906810035845,5
638,4,0,0,30,0.0,0.0,1.0,30,450,300,150,0.6666666666666666,6,3,3,411.74155212781227,0.7012931034482759,0.0946285864011529,0.24268905539703384,131569.33108235046,4834.512118452989,136403.84320080344,633,41,424.3666666666667,30,0,20,32.95422289182934,0.6503472222222222,43.51478494623655,1025.940860215053,34.1980286738351,0
639,4,0,0,30,0.0,0.0,1.0,30,850,600,250,0.7058823529411765,11,6,5,407.41129731763283,0.7022988505747126,0.09310284616727804,0.2407889060617215,131672.7728639148,4728.9950427795,136401.76790669432,634,42,425.3666666666667,30,0,20,32.96037410511612,0.6513888888888889,43.41397849462365,1026.3440860215046,34.21146953405015,0
640,4,0,0,30,0.0,0.0,1.0,30,550,500,50,0.9090909090909091,6,5,1,408.3169412237884,0.7012452107279694,0.08766692851531777,0.24176161217575926,131741.75663371483,4758.47822002543,136500.23485374026,635,43,426.3666666666667,30,0,20,32.86718818189753,0.6520833333333333,43.346774193548384,1026.6129032258061,34.22043010752687,0
641,4,0,0,30,0.0,0.0,1.0,30,950,800,150,0.8421052631578947,11,8,3,403.96899114821457,0.7038793103448276,0.0955863753325481,0.24027509722535456,131914.29509553133,4657.856941553939,136572.15203708527,636,44,427.3666666666667,30,0,21,32.80398185703692,0.6538194444444445,43.178763440860216,1027.2849462365596,34.24283154121865,0
642,4,0,0,30,0.0,0.0,1.0,30,400,100,300,0.25,7,1,6,409.5190056960059,0.7014367816091954,0.09622460545819145,0.24424199044864758,132017.87236963812,4812.765565383283,136830.6379350214,637,45,428.3666666666667,30,0,21,32.55651102973232,0.6548611111111111,43.07795698924731,1027.6881720430108,34.25627240143369,0
643,4,0,0,30,0.0,0.0,1.0,30,450,200,250,0.4444444444444444,7,2,5,407.7296958173478,0.7019636015325671,0.09310404951832907,0.24339648586379878,132052.40716051005,4768.337560700678,136820.74472121074,638,46,429.3666666666667,30,0,21,32.56751013469335,0.6552083333333333,43.04435483870969,1027.8225806451626,34.26075268817208,0
644,4,0,0,30,0.0,0.0,1.0,30,100,0,100,0.0,2,0,2,407.7296958173478,0.7019636015325671,0.09310404951832907,0.24339648586379878,132052.40716051005,4768.337560700678,136820.74472121074,639,47,430.3666666666667,30,0,21,32.56751013469335,0.6552083333333333,43.04435483870969,1027.8225806451626,34.26075268817208,0
645,4,0,0,30,0.0,0.0,1.0,30,500,400,100,0.8,6,4,2,405.9303660212532,0.7023946360153257,0.09052475592747511,0.24254339369769876,132086.9464677998,4723.620505260734,136810.56697306054,640,48,431.3666666666667,30,0,21,32.57877876569037,0.6555555555555554,43.01075268817205,1027.9569892473123,34.26523297491041,0
646,4,0,0,30,0.0,0.0,1.0,30,1000,800,200,0.8,12,8,4,407.2849238571599,0.701867816091954,0.07520797944161361,0.24446678606108607,132259.71075052037,4773.477244479147,137033.18799499952,641,49,432.3666666666667,30,0,22,32.36911450847164,0.6572916666666666,42.84274193548388,1028.6290322580653,34.28763440860218,0
647,4,0,0,30,0.0,0.0,1.0,30,600,400,200,0.6666666666666666,8,4,4,408.22709311251083,0.7002873563218391,0.07396377568791324,0.245706495665832,132363.42351716963,4806.867123366864,137170.2906405365,642,50,433.3666666666667,30,0,22,32.23996429815396,0.6583333333333334,42.74193548387097,1029.0322580645163,34.30107526881721,0
648,4,0,0,30,0.0,0.0,1.0,30,400,300,100,0.75,5,3,2,406.3334917799015,0.7009099616858238,0.07354925775978449,0.24479115236496488,132398.00347222216,4759.548611111102,137157.55208333326,643,51,434.3666666666667,30,0,22,32.25371120107963,0.6586805555555555,42.70833333333333,1029.166666666666,34.305555555555536,0
649,4,2,2,30,0.0625,0.0625,0.9375,32,200,100,100,0.5,3,1,2,384.49869110159625,0.7150537634408602,0.0537977590007348,0.23466489622837333,132885.746671258,3818.8791322314046,136704.6258034894,644,0,408.15625,32,0,18,32.32381214793043,0.658203125,42.234848484848484,1031.060606060606,32.22064393939394,0
650,4,0,0,30,0.0,0.0,1.0,30,750,600,150,0.8,9,6,3,402.9170031255773,0.7010057471264368,0.07108297437236222,0.24362645311326336,132536.36845661342,4680.2312767371905,137216.5997333506,645,53,436.3666666666667,30,0,22,32.2017904538137,0.6600694444444444,42.57392473118279,1029.7043010752682,34.32347670250894,0
651,4,0,0,30,0.0,0.0,1.0,30,850,700,150,0.8235294117647058,10,7,3,406.1785383758344,0.6989463601532567,0.07251934950865291,0.24673254161562175,132709.42630650944,4780.744161174703,137490.17046768413,646,54,437.3666666666667,30,0,19,31.942995043047226,0.6618055555555555,42.405913978494624,1030.3763440860216,34.34587813620072,0
652,4,0,0,30,0.0,0.0,1.0,30,600,300,300,0.5,9,3,6,412.765367355903,0.6977490421455939,0.1026186436991603,0.25004118656508156,132605.57804731754,4946.998027228567,137552.57607454612,647,55,438.3666666666667,30,0,19,31.87828961677324,0.6607638888888889,42.50672043010752,1029.9731182795692,34.33243727598564,1
653,4,0,0,30,0.0,0.0,1.0,30,800,700,100,0.875,9,7,2,411.0843064496336,0.6967432950191571,0.10190451343595108,0.24971254304618787,132709.4263065094,4910.952494508035,137620.37880101745,648,56,439.3666666666667,30,0,19,31.81662535872685,0.6618055555555555,42.405913978494624,1030.3763440860214,34.34587813620071,0
654,4,1,1,30,0.03225806451612903,0.03225806451612903,0.967741935483871,31,900,800,100,0.8888888888888888,10,8,2,400.3678014509051,0.7045698924731183,0.09326142261117298,0.24577186882249596,133102.469974094,4457.9886542426275,137560.45862833664,649,0,426.16129032258067,31,0,19,31.696240799158787,0.6629704301075269,42.024739583333336,1031.901041666667,33.287130376344095,0
655,4,0,0,30,0.0,0.0,1.0,30,900,700,200,0.7777777777777778,11,7,4,408.7322730214645,0.6939176245210729,0.10999782844733974,0.2503607498355739,133021.21497066141,4874.012711007064,137895.22768166848,650,58,441.3666666666667,30,0,19,31.562432138979364,0.6649305555555556,42.10349462365592,1031.586021505377,34.3862007168459,0
656,4,0,0,30,0.0,0.0,1.0,30,650,500,150,0.7692307692307693,8,5,3,407.4754978376751,0.6940134099616858,0.11158438626199452,0.25005510766585376,133090.55102107173,4846.227706960334,137936.77872803208,651,59,442.3666666666667,30,0,19,31.524901220094648,0.665625,42.03629032258064,1031.8548387096769,34.39516129032256,0
657,4,1,1,30,0.03225806451612903,0.03225806451612903,0.967741935483871,31,650,400,250,0.6153846153846154,9,4,5,398.8498230542819,0.7087813620071685,0.10771388499298751,0.2470627124071607,133438.58718872082,4444.391377766942,137882.97856648776,652,0,429.06451612903226,31,0,20,31.396896660365474,0.6663306451612903,41.69921875000001,1033.203125000001,33.32913306451616,0
658,4,0,0,30,0.0,0.0,1.0,30,450,300,150,0.6666666666666666,6,3,3,409.19745241753344,0.6933908045977012,0.1224073591946544,0.2522836941790924,133263.9701844144,4906.255419701699,138170.22560411607,653,61,444.3666666666667,30,0,20,31.30559533107697,0.6673611111111111,41.86827956989247,1032.52688172043,34.41756272401434,0
659,4,0,0,30,0.0,0.0,1.0,30,350,100,250,0.2857142857142857,6,1,5,407.68534664676895,0.6928639846743295,0.12064297800338375,0.2515860657258736,133298.6675663372,4868.782698866926,138167.45026520413,654,62,445.3666666666667,30,0,20,31.309655516508304,0.6677083333333333,41.83467741935484,1032.661290322581,34.422043010752695,0
660,4,0,0,30,0.0,0.0,1.0,30,450,200,250,0.4444444444444444,7,2,5,404.13847568611857,0.691235632183908,0.11627856554355809,0.25033138296528545,133437.502258209,4785.445752399113,138222.9480106081,655,63,446.3666666666667,30,0,20,31.261382854169362,0.6690972222222222,41.7002688172043,1033.1989247311824,34.43996415770608,0
661,4,1,0,31,0.03225806451612903,0.0,1.0,31,350,200,150,0.5714285714285714,5,2,3,393.2512098468683,0.7011648745519713,0.11150414444855139,0.24537269126580308,133707.78613620324,4316.149732801641,138023.93586900487,656,0,432.93548387096774,31,0,19,31.270851693314878,0.6690188172043011,41.43880208333333,1034.2447916666658,33.36273521505374,0
662,4,0,0,31,0.0,0.0,1.0,31,350,200,150,0.5714285714285714,5,2,3,393.3171678080907,0.7016129032258065,0.11382906149498084,0.24563770291410933,133741.4550781249,4320.562065972209,138062.01714409713,657,1,433.93548387096774,31,0,19,31.235313863712655,0.6693548387096775,41.40624999999999,1034.3749999999993,33.36693548387095,0
663,4,0,0,31,0.0,0.0,1.0,31,950,700,250,0.7368421052631579,12,7,5,393.0932232032621,0.7005376344086022,0.11432004741683821,0.24594635839158407,133808.8056776258,4319.866943359366,138128.67262098516,658,2,434.93548387096774,31,0,19,31.17344156388958,0.6700268817204302,41.34114583333333,1034.635416666666,33.375336021505355,0
664,4,0,0,31,0.0,0.0,1.0,31,400,300,100,0.75,5,3,2,394.1006297715188,0.7008960573476702,0.11560459008674395,0.24680202559450454,133842.4873352051,4349.481709798179,138191.9690450033,659,3,435.93548387096774,31,0,19,31.1135491380395,0.6703629032258065,41.30859375,1034.7656250000002,33.37953629032259,0
665,4,0,0,31,0.0,0.0,1.0,31,700,400,300,0.5714285714285714,10,4,6,397.0549072579488,0.6987455197132616,0.12102962839716103,0.2491072973791186,133909.863366021,4433.9136759440025,138343.777041965,660,4,436.93548387096774,31,0,19,30.96943535874534,0.6710349462365591,41.24348958333333,1035.026041666666,33.38793682795697,0
666,4,0,0,31,0.0,0.0,1.0,31,1200,1000,200,0.8333333333333334,14,10,4,398.20580962761545,0.6986559139784946,0.11003832039090855,0.25120755079997475,134112.09318372942,4480.842929416238,138592.93611314567,661,5,437.93548387096774,31,0,19,30.73656505342552,0.6730510752688172,41.048177083333336,1035.807291666667,33.41313844086022,0
667,4,1,1,31,0.03125,0.03125,0.96875,32,750,600,150,0.8,9,6,3,389.544516301328,0.7108114919354839,0.09932043711189564,0.24781790181121677,134419.81565975418,4072.500414498528,138492.3160742527,662,0,425.21875,32,0,20,30.652370226064367,0.6735026041666666,40.75126262626263,1036.99494949495,32.40609217171719,0
668,4,0,0,31,0.0,0.0,1.0,31,450,200,250,0.4444444444444444,7,2,5,400.27046813648644,0.6959677419354838,0.1109927023270707,0.25390862126171876,134314.47558932845,4552.423604329448,138866.89919365788,663,7,439.93548387096774,31,0,20,30.479970062387487,0.6750672043010753,40.85286458333334,1036.5885416666677,33.438340053763476,0
669,4,0,0,31,0.0,0.0,1.0,31,650,500,150,0.7692307692307693,8,5,3,401.1159261200575,0.6953405017921147,0.10942298498513114,0.25467982486187385,134348.2208251953,4577.842203776042,138926.06302897134,664,8,440.93548387096774,31,0,20,30.42420246169305,0.6754032258064516,40.8203125,1036.71875,33.44254032258065,0
670,4,1,1,31,0.03125,0.03125,0.96875,32,450,300,150,0.6666666666666666,6,3,3,392.8174638779174,0.7074512768817205,0.10301207567830661,0.251250329619658,134616.28795849922,4175.92576650343,138792.21372500266,665,0,428.125,32,0,20,30.370685809303637,0.6754557291666666,40.56186868686869,1037.752525252526,32.42976641414144,0
671,4,0,0,31,0.0,0.0,1.0,31,800,600,200,0.75,10,6,4,403.24475148830385,0.6932795698924731,0.11350044741008247,0.25721784908785583,134517.01058281807,4648.655700683615,139165.6662835017,666,10,442.93548387096774,31,0,20,30.199703987280877,0.6770833333333333,40.65755208333334,1037.3697916666679,33.46354166666671,0
672,4,0,0,31,0.0,0.0,1.0,31,600,400,200,0.6666666666666666,8,4,4,402.9760283623183,0.6907706093189964,0.11967458614967441,0.2577623552205201,134618.33530002183,4649.592420789952,139267.9277208118,667,11,443.93548387096774,31,0,20,30.105081555834374,0.6780913978494623,40.55989583333334,1037.7604166666679,33.476142473118315,0
673,4,0,0,31,0.0,0.0,1.0,31,450,200,250,0.4444444444444444,7,2,5,400.82430286390866,0.6902329749103943,0.11862355878770225,0.25662413800226624,134652.11868286133,4594.368320041233,139246.48700290255,668,12,444.93548387096774,31,0,20,30.127049094634714,0.6784274193548386,40.52734375,1037.890625,33.48034274193548,0
674,4,0,0,31,0.0,0.0,1.0,31,550,400,150,0.7272727272727273,7,4,3,400.11086948056493,0.6877240143369175,0.11883783586980279,0.25688277562302925,134753.4942626953,4583.267550998265,139336.76181369356,669,13,445.93548387096774,31,0,21,30.04399715742831,0.6794354838709677,40.4296875,1038.28125,33.492943548387096,0
675,4,0,0,31,0.0,0.0,1.0,31,700,300,400,0.42857142857142855,11,3,8,400.94654886045635,0.6873655913978495,0.12214234305630756,0.2583805789021586,134888.72104220933,4616.633436414941,139505.35447862427,670,14,446.93548387096774,31,0,20,29.886876410127833,0.680779569892473,40.29947916666667,1038.8020833333344,33.50974462365595,0
676,4,0,0,31,0.0,0.0,1.0,31,550,300,250,0.5454545454545454,8,3,5,402.26631742262936,0.6862007168458781,0.12211173094025396,0.2597156321223772,134956.35986328125,4657.679578993057,139614.0394422743,671,15,447.93548387096774,31,0,20,29.784878863826233,0.6814516129032258,40.234375,1039.0625,33.51814516129032,0
677,4,0,0,31,0.0,0.0,1.0,31,1050,800,250,0.7619047619047619,13,8,5,403.2016299700123,0.6844086021505377,0.12465198223644625,0.26105098232365026,135057.8498840332,4691.109042697483,139748.95892673067,672,16,448.93548387096774,31,0,20,29.658988893064432,0.6824596774193548,40.13671875,1039.453125,33.530745967741936,0
678,4,0,0,31,0.0,0.0,1.0,31,600,500,100,0.8333333333333334,7,5,2,405.647900354546,0.6833333333333333,0.12357108811387674,0.26337431969361025,135159.37805175793,4765.4235839843905,139924.80163574233,673,17,449.93548387096774,31,0,20,29.49380165289257,0.6834677419354838,40.03906250000001,1039.843750000001,33.54334677419358,0
679,4,0,0,31,0.0,0.0,1.0,31,700,500,200,0.7142857142857143,9,5,4,404.5921640571711,0.6847670250896057,0.12194363820588472,0.2639262026923145,135328.67643568243,4750.584411621084,140079.26084730352,674,18,450.93548387096774,31,0,20,29.351901097067536,0.6851478494623656,39.87630208333333,1040.494791666666,33.56434811827955,0
680,4,0,0,31,0.0,0.0,1.0,31,900,700,200,0.7777777777777778,11,7,4,403.51662974285597,0.6853046594982078,0.12347831702670398,0.26347262294974705,135362.548828125,4724.207899305557,140086.75672743056,675,19,451.93548387096774,31,0,20,29.34601267934601,0.685483870967742,39.84375,1040.625,33.568548387096776,0
681,4,0,0,31,0.0,0.0,1.0,31,750,500,250,0.6666666666666666,10,5,5,402.1536286946071,0.6869175627240144,0.1270471464019851,0.2633266389363951,135464.19143676758,4695.4832288954,140159.67466566298,676,20,452.93548387096774,31,0,20,29.27988847196164,0.686491935483871,39.74609375,1041.015625,33.581149193548384,0
682,4,0,0,31,0.0,0.0,1.0,31,650,300,350,0.46153846153846156,10,3,7,402.6400393793693,0.6872759856630825,0.1270312575642656,0.26389424220306884,135498.08078342024,4711.390516493066,140209.4712999133,677,21,453.93548387096774,31,0,20,29.233366683341664,0.6868279569892473,39.71354166666667,1041.1458333333342,33.58534946236562,0
683,4,0,0,31,0.0,0.0,1.0,31,600,400,200,0.6666666666666666,8,4,4,404.3559264135421,0.6873655913978495,0.12517693743976088,0.26577182049153014,135599.77425469286,4766.1144680447,140365.88872273755,678,22,454.93548387096774,31,0,20,29.087099429095296,0.6878360215053764,39.615885416666664,1041.536458333333,33.59795026881719,0
684,4,0,0,31,0.0,0.0,1.0,31,500,400,100,0.8,6,4,2,407.792889155947,0.6871863799283154,0.11946893735057285,0.26853916922936066,135667.59109497073,4864.85578748915,140532.4468824599,679,23,455.93548387096774,31,0,20,28.929847310752816,0.688508064516129,39.55078125,1041.7968750000002,33.60635080645162,0
685,4,0,0,31,0.0,0.0,1.0,31,1000,800,200,0.8,12,8,4,406.38874504280085,0.6871863799283154,0.12201875909437199,0.26812276393879086,135735.4248894585,4832.269795735667,140567.69468519415,680,24,456.93548387096774,31,0,21,28.898668207755428,0.6891801075268817,39.48567708333333,1042.057291666666,33.614751344086,0
686,4,0,0,31,0.0,0.0,1.0,31,900,600,300,0.6666666666666666,12,6,6,407.18195724798807,0.6885304659498208,0.1284358566218693,0.26915702458878143,135803.27563815642,4859.328715006505,140662.60435316293,681,25,457.93548387096774,31,0,21,28.810248802831566,0.6898521505376345,39.420572916666664,1042.317708333333,33.62315188172042,0
687,4,0,0,31,0.0,0.0,1.0,31,1050,800,250,0.7619047619047619,13,8,5,408.57202988474114,0.6865591397849462,0.12298915867970317,0.27059025999066366,135871.14334106448,4902.62976752387,140773.77310858836,682,26,458.93548387096774,31,0,18,28.706262228883055,0.6905241935483871,39.35546875,1042.5781250000002,33.63155241935485,0
688,4,0,0,31,0.0,0.0,1.0,31,650,500,150,0.7692307692307693,8,5,3,410.23878727017717,0.6863799283154122,0.12270067142206975,0.27221229886055076,135939.02799818243,4953.492397732196,140892.52039591462,683,27,459.93548387096774,31,0,18,28.595044117035002,0.6911962365591398,39.29036458333333,1042.838541666666,33.63995295698923,0
689,4,0,0,31,0.0,0.0,1.0,31,850,500,350,0.5882352941176471,12,5,7,410.23878727017717,0.6863799283154122,0.12270067142206975,0.27221229886055076,135939.02799818243,4953.492397732196,140892.52039591462,684,28,460.93548387096774,31,0,18,28.595044117035002,0.6911962365591398,39.29036458333333,1042.838541666666,33.63995295698923,0
690,4,0,0,31,0.0,0.0,1.0,31,900,700,200,0.7777777777777778,11,7,4,411.86099034174663,0.6862903225806452,0.12033562559386746,0.274072280283893,136040.8867730034,5005.986870659712,141046.87364366313,685,29,461.93548387096774,31,0,18,28.45107338991513,0.6922043010752689,39.19270833333333,1043.229166666666,33.65255376344084,0
691,4,0,0,31,0.0,0.0,1.0,31,700,400,300,0.5714285714285714,10,4,6,411.82672025976007,0.6845878136200717,0.12056320793450159,0.2745739880334207,136108.81381564666,5010.649278428814,141119.46309407547,686,30,462.93548387096774,31,0,18,28.384181848431915,0.6928763440860215,39.127604166666664,1043.489583333333,33.66095430107526,0
692,4,0,0,31,0.0,0.0,1.0,31,1100,700,400,0.6363636363636364,15,7,8,412.43177463964366,0.6843189964157707,0.12054816573762928,0.27524068890397524,136142.78369479702,5029.921976725251,141172.70567152227,687,31,463.93548387096774,31,0,18,28.33450301517987,0.6932123655913979,39.09505208333333,1043.619791666666,33.66515456989245,0
693,4,0,0,31,0.0,0.0,1.0,31,600,600,0,1.0,6,6,0,407.42306106659214,0.6843189964157707,0.0789874888076858,0.2675344533998853,135565.87219238278,4846.532524956597,140412.40471733938,688,32,464.93548387096774,31,0,19,29.041114445277998,0.6875,39.6484375,1041.4062499999998,33.59374999999999,5
694,4,0,0,31,0.0,0.0,1.0,31,550,300,250,0.5454545454545454,8,3,5,409.92000000000013,0.6838709677419355,0.07948387096774212,0.26968421052631575,135633.68055555547,4919.808620876726,140553.4891764322,689,33,465.93548387096774,30,1,19,28.90833333333334,0.6909722222222223,39.58333333333333,1041.666666666666,34.7222222222222,0
695,4,0,0,31,0.0,0.0,1.0,31,800,600,200,0.75,10,6,4,409.326106196104,0.6829749103942653,0.07668364459535937,0.2698210863292685,135703.69406867848,4909.412937911895,140613.10700659038,690,34,466.93548387096774,30,1,20,28.85384416924663,0.6916666666666667,39.516129032258064,1041.9354838709678,34.73118279569893,0
696,4,0,0,31,0.0,0.0,1.0,31,600,400,200,0.6666666666666666,8,4,4,409.96887193237444,0.681989247311828,0.07801176499954243,0.2707750113256927,135773.72564747377,4932.600228350107,140706.32587582388,691,35,467.93548387096774,30,1,20,28.767141690310375,0.6923611111111111,39.4489247311828,1042.2043010752693,34.74014336917564,0
697,4,0,0,31,0.0,0.0,1.0,31,1000,700,300,0.7,13,7,6,410.88786907326363,0.6815412186379929,0.07495549751285169,0.27191521437988336,135843.7752919413,4963.311871314605,140807.0871632559,692,36,468.93548387096774,30,1,20,28.673231476706206,0.6930555555555555,39.38172043010753,1042.4731182795701,34.74910394265234,0
698,4,0,0,31,0.0,0.0,1.0,31,1100,900,200,0.8181818181818182,13,9,4,403.84435866464264,0.6815412186379929,0.08094620423238097,0.26146711396754596,135057.8498840332,4708.470153808594,139766.3200378418,693,37,469.93548387096774,31,0,20,29.642286734310414,0.6824596774193548,40.13671875,1039.453125,33.530745967741936,1
699,4,0,0,31,0.0,0.0,1.0,31,950,700,250,0.7368421052631579,12,7,5,407.67643317798286,0.6793906810035842,0.0811438308319099,0.2654382253185742,135260.9443664551,4828.539869520399,140089.4842359755,694,38,470.93548387096774,31,0,20,29.339430258271783,0.684475806451613,39.94140625,1040.2343750000002,33.55594758064517,0
700,4,0,0,31,0.0,0.0,1.0,31,350,200,150,0.5714285714285714,5,2,3,407.903496391766,0.678494623655914,0.0834591626630059,0.26583596542987054,135294.80828179262,4837.445068359384,140132.253350152,695,39,471.93548387096774,31,0,20,29.29964539007091,0.6848118279569892,39.90885416666667,1040.3645833333342,33.56014784946239,0
701,4,0,0,31,0.0,0.0,1.0,31,450,300,150,0.6666666666666666,6,3,3,406.1957701412964,0.6774193548387096,0.08706569083767635,0.2649722774856407,135328.67643568243,4793.987189398862,140122.6636250813,696,40,472.93548387096774,31,0,20,29.3101875026071,0.6851478494623656,39.87630208333333,1040.494791666666,33.56434811827955,0
702,4,0,0,31,0.0,0.0,1.0,31,500,400,100,0.8,6,4,2,391.9663550210504,0.6774193548387096,0.09365191942413187,0.23825051717638968,132733.23059082043,4205.392116970501,136938.62270779093,697,41,473.93548387096774,31,0,19,32.285085502485046,0.659274193548387,42.38281250000001,1030.468750000001,33.24092741935487,5
703,4,0,0,31,0.0,0.0,1.0,31,650,400,250,0.6153846153846154,9,4,5,392.071882448331,0.6770609318996416,0.09570259180937701,0.23895558840211237,132833.88137817406,4216.085984971818,137049.96736314587,698,42,474.93548387096774,31,0,19,32.180881857605996,0.660282258064516,42.285156250000014,1030.8593750000018,33.25352822580651,0
704,4,0,0,31,0.0,0.0,1.0,31,850,500,350,0.5882352941176471,12,5,7,389.7799888913751,0.674910394265233,0.09800000814494725,0.23841291830182126,132968.14176771385,4165.664164225272,137133.80593193913,699,43,475.93548387096774,31,0,20,32.10466376299289,0.6616263440860215,42.15494791666667,1031.3802083333342,33.27032930107529,0
705,4,1,1,31,0.03125,0.03125,0.96875,32,800,400,400,0.5,12,4,8,381.1515542451907,0.6925823252688172,0.09393339650324006,0.23527838205067284,133309.1828161668,3762.200445107654,137071.38326127446,700,0,462.03125,32,0,20,31.984095447691246,0.6624348958333333,41.824494949494955,1032.702020202021,32.271938131313156,0
706,4,0,0,31,0.0,0.0,1.0,31,750,400,350,0.5333333333333333,11,4,7,393.6029716489785,0.6741935483870968,0.10468409231470388,0.24227363037524052,133203.26063368045,4285.839843749991,137489.10047743045,701,45,477.93548387096774,31,0,20,31.769256643121437,0.663978494623656,41.92708333333333,1032.2916666666658,33.299731182795675,0
707,4,0,0,31,0.0,0.0,1.0,31,850,700,150,0.8235294117647058,10,7,3,394.1525050461639,0.6741039426523298,0.10493126497666783,0.24283101884312625,133236.86599731448,4303.128899468317,137539.9948967828,702,46,478.93548387096774,31,0,20,31.721239542607297,0.6643145161290323,41.89453125,1032.4218750000002,33.30393145161291,0
708,4,0,0,31,0.0,0.0,1.0,31,800,700,100,0.875,9,7,2,396.0619374618704,0.6760752688172043,0.09786410293950198,0.24467003800214582,133337.70751953113,4361.99815538193,137699.70567491307,703,47,479.93548387096774,31,0,20,31.570432005379068,0.6653225806451614,41.79687499999999,1032.812499999999,33.316532258064484,0
709,4,0,0,31,0.0,0.0,1.0,31,550,500,50,0.9090909090909091,6,5,1,395.27191829963783,0.6753584229390681,0.09730674634632241,0.2448464224596115,133438.5871887206,4348.905266655802,137787.4924553764,704,48,480.93548387096774,31,0,21,31.489314219701754,0.6663306451612904,41.69921874999999,1033.203124999999,33.3291330645161,0
710,4,1,1,31,0.03125,0.03125,0.96875,32,800,500,300,0.625,11,5,6,385.30848391505515,0.6915322580645162,0.09126447269066218,0.24107568607787605,133808.80567762576,3911.537848578549,137720.34352620432,705,0,466.875,31,1,19,31.374800738316985,0.6700268817204302,41.34114583333333,1034.6354166666658,33.37533602150535,0
711,4,0,0,31,0.0,0.0,1.0,31,350,100,250,0.2857142857142857,6,1,5,389.0157413547059,0.6746415770609319,0.09068058535442902,0.24695295580813545,134341.6891584287,4254.257819980319,138595.94697840902,706,50,482.93548387096774,30,1,22,30.74436017113963,0.6781250000000001,40.82661290322581,1036.6935483870966,34.55645161290322,1
712,4,0,0,31,0.0,0.0,1.0,31,450,200,250,0.4444444444444444,7,2,5,388.25494602975675,0.6735663082437277,0.08653440093659204,0.24694038817968425,134411.36845661336,4237.17572118162,138648.54417779497,707,51,483.93548387096774,30,1,22,30.694264419961105,0.6788194444444444,40.75940860215053,1036.962365591397,34.5654121863799,0
713,4,0,0,31,0.0,0.0,1.0,31,1000,600,400,0.6,14,6,8,385.6706090011347,0.6721326164874551,0.08578393656912864,0.245780165704243,134483.24415418832,4173.246934678815,138656.49108886713,708,52,484.93548387096774,31,0,22,30.689283622060408,0.676747311827957,40.690104166666664,1037.239583333333,33.45934139784945,0
714,4,0,0,31,0.0,0.0,1.0,31,600,400,200,0.6666666666666666,8,4,4,385.3163658650666,0.6703405017921147,0.08420779893768637,0.24600967974461943,134550.78125000003,4168.94056532118,138719.72181532122,709,53,485.93548387096774,30,1,22,30.63085676037483,0.6802083333333333,40.625,1037.5000000000002,34.58333333333334,0
715,4,0,0,31,0.0,0.0,1.0,31,800,300,500,0.375,13,3,10,384.4540544877248,0.6707885304659498,0.08667318344737707,0.24616535727646838,134655.38826742975,4153.761995606427,138809.15026303616,710,54,486.93548387096774,30,1,22,30.54854096520762,0.68125,40.524193548387096,1037.9032258064515,34.596774193548384,0
716,4,0,0,31,0.0,0.0,1.0,31,500,300,200,0.6,7,3,4,383.1743697699018,0.6693548387096774,0.08602985697880783,0.24605336712157042,134760.03593262227,4127.318367730371,138887.35430035263,711,55,487.93548387096774,30,1,23,30.477076591154272,0.6822916666666667,40.42338709677419,1038.3064516129032,34.61021505376344,0
717,4,0,0,31,0.0,0.0,1.0,31,850,700,150,0.8235294117647058,10,7,3,384.5119661220087,0.6701612903225806,0.09121217052419883,0.24834269090135752,134969.4532062955,4179.473963753029,139148.92717004853,712,56,488.93548387096774,30,1,22,30.232990557495796,0.684375,40.221774193548384,1039.1129032258063,34.637096774193544,0
718,4,0,0,31,0.0,0.0,1.0,31,700,400,300,0.5714285714285714,10,4,6,383.7511993490117,0.6701612903225806,0.07321347439475567,0.24142322288159318,134010.9592013887,4085.373263888864,138096.33246527758,713,57,489.93548387096774,31,0,21,31.212273641851105,0.6720430107526882,41.14583333333332,1035.4166666666652,33.40053763440855,4
719,4,0,0,31,0.0,0.0,1.0,31,850,600,250,0.7058823529411765,11,6,5,384.3729591470602,0.6691756272401433,0.07034878297092217,0.24203627427526248,134044.66629028297,4104.629007975232,138149.2952982582,714,58,490.93548387096774,31,0,21,31.16237583301898,0.6723790322580646,41.113281249999986,1035.5468749999982,33.40473790322575,0
720,4,0,0,31,0.0,0.0,1.0,31,500,300,200,0.6,7,3,4,384.33653806091075,0.6697132616487456,0.07085905245484136,0.2422355644799115,134078.37761772992,4106.243896484355,138184.62151421426,715,59,491.93548387096774,31,0,21,31.129515547732797,0.672715053763441,41.08072916666666,1035.6770833333323,33.40893817204298,0
721,4,0,0,31,0.0,0.0,1.0,31,650,400,250,0.6153846153846154,9,4,5,384.33653806091075,0.6697132616487456,0.07085905245484136,0.2422355644799115,134078.37761772992,4106.243896484355,138184.62151421426,716,60,492.93548387096774,31,0,21,31.129515547732797,0.672715053763441,41.08072916666666,1035.6770833333323,33.40893817204298,0
722,4,0,0,31,0.0,0.0,1.0,31,600,500,100,0.8333333333333334,7,5,2,386.105573837408,0.6683691756272402,0.06901612295118476,0.2440224027819105,134179.53703138552,4161.493428548159,138341.03045993368,717,61,493.93548387096774,31,0,21,30.982284990155403,0.67372311827957,40.98307291666666,1036.0677083333323,33.42153897849459,0
723,4,0,0,31,0.0,0.0,1.0,31,750,500,250,0.6666666666666666,10,5,5,389.6067503176718,0.6698028673835126,0.061460912269896584,0.2471441704604769,134314.47558932827,4265.965270996085,138580.44086032436,718,62,494.93548387096774,31,0,21,30.756317254951224,0.6750672043010754,40.85286458333333,1036.588541666666,33.43834005376342,0
724,4,0,0,31,0.0,0.0,1.0,31,450,300,150,0.6666666666666666,6,3,3,389.6067503176718,0.6698028673835126,0.061460912269896584,0.2471441704604769,134314.47558932827,4265.965270996085,138580.44086032436,719,63,495.93548387096774,31,0,21,30.756317254951224,0.6750672043010754,40.85286458333333,1036.588541666666,33.43834005376342,0
725,4,0,0,31,0.0,0.0,1.0,31,600,500,100,0.8333333333333334,7,5,2,403.19915394275876,0.6698028673835126,0.11250983477576715,0.23615950445218753,131328.12500000012,4411.6443210178095,135739.76932101793,720,64,496.93548387096774,30,1,22,33.41802168021679,0.6479166666666666,43.75000000000001,1025.000000000001,34.1666666666667,7
726,4,1,0,32,0.03125,0.0,1.0,32,700,500,200,0.7142857142857143,9,5,4,387.3501993825403,0.685483870967742,0.10788898047172202,0.229672456566219,131795.6627739801,3810.2152506510465,135605.87802463112,721,0,482.375,31,1,21,33.35076929579846,0.6498655913978495,43.294270833333336,1026.822916666667,33.12331989247313,0
727,4,0,0,32,0.0,0.0,1.0,32,600,300,300,0.5,9,3,6,384.0583691152584,0.6848958333333334,0.10851552598225589,0.2285234187269526,131929.39758300796,3733.7178548177226,135663.11543782568,722,1,483.375,31,1,21,33.30006337135613,0.6512096774193548,43.16406250000001,1027.3437500000011,33.14012096774197,0
728,4,0,0,32,0.0,0.0,1.0,32,700,500,200,0.7142857142857143,9,5,4,384.2187165912361,0.6851478494623656,0.10964815049404586,0.22942681912036458,132063.20020887596,3748.230658637164,135811.43086751312,723,2,484.375,31,1,21,33.160733890718674,0.6525537634408602,43.03385416666667,1027.8645833333342,33.15692204301078,0
729,4,0,0,32,0.0,0.0,1.0,32,500,400,100,0.8,6,4,2,381.68239561625745,0.6851058467741936,0.11125664809421276,0.22851750403196264,132163.59668307845,3688.9036390516603,135852.5003221301,724,3,485.375,31,1,22,33.12452513612765,0.6535618279569892,42.93619791666667,1028.2552083333342,33.16952284946239,0
730,4,0,0,32,0.0,0.0,1.0,32,500,200,300,0.4,8,2,6,381.67985899695555,0.6838037634408602,0.10931962025316455,0.22912392751337018,132264.0313042536,3696.5033637153024,135960.53466796892,725,4,486.375,31,1,22,33.02320675105486,0.6545698924731183,42.83854166666668,1028.6458333333346,33.18212365591402,0
731,4,0,0,32,0.0,0.0,1.0,32,800,500,300,0.625,11,5,6,381.87655773932323,0.6832577284946237,0.10833676116947233,0.22944537511014412,132297.51798841698,3704.264153374586,136001.78214179157,726,5,487.375,31,1,22,32.984353246424504,0.6549059139784945,42.80598958333334,1028.7760416666677,33.18632392473121,0
732,4,0,0,32,0.0,0.0,1.0,32,450,200,250,0.4444444444444444,7,2,5,381.51179262050556,0.6832577284946237,0.0885758455325587,0.2339860251335049,133068.88156467007,3753.4695095485918,136822.35107421866,727,6,488.375,31,1,19,32.21647316170282,0.6626344086021506,42.05729166666666,1031.7708333333326,33.28293010752686,1
733,4,0,0,32,0.0,0.0,1.0,32,950,600,350,0.631578947368421,13,6,7,382.365419112407,0.6844338037634409,0.08939723694171131,0.23493242727790178,133136.06262207008,3781.32527669268,136917.38789876277,728,7,489.375,31,1,19,32.12686096391623,0.6633064516129034,41.992187499999986,1032.0312499999982,33.29133064516123,0
734,4,0,0,32,0.0,0.0,1.0,32,850,500,350,0.5882352941176471,12,5,7,382.365419112407,0.6841397849462366,0.08939723694171131,0.23493242727790178,133136.06262207008,3781.32527669268,136917.38789876277,729,8,490.375,31,1,19,32.12686096391623,0.6633064516129034,41.992187499999986,1032.0312499999982,33.29133064516123,0
735,4,1,0,33,0.030303030303030304,0.0,1.0,33,850,500,350,0.5882352941176471,12,5,7,370.4963316547731,0.6938920454545455,0.08657056763580062,0.23011251676221312,133537.46588358315,3295.028249668378,136832.49413325152,730,0,476.4848484848485,32,1,21,32.03004112712761,0.6647135416666667,41.60353535353534,1033.5858585858573,32.29955808080804,0
736,4,0,0,33,0.0,0.0,1.0,33,400,100,300,0.25,7,1,6,370.4963316547731,0.6938920454545455,0.08657056763580062,0.23011251676221312,133537.46588358315,3295.028249668378,136832.49413325152,731,1,477.4848484848485,32,1,21,32.03004112712761,0.6647135416666667,41.60353535353534,1033.5858585858573,32.29955808080804,0
737,4,1,2,32,0.029411764705882353,0.058823529411764705,0.9411764705882353,34,1300,900,400,0.6923076923076923,17,9,8,362.16054452102304,0.7102272727272728,0.0794190767345182,0.227447592533017,133947.52206182707,2902.101505430597,136849.62356725766,732,0,464.4117647058824,33,1,19,31.83465036896729,0.6663510101010102,41.20710784313725,1035.1715686274501,31.368835412953036,0
738,4,0,0,32,0.0,0.0,1.0,32,750,500,250,0.6666666666666666,10,5,5,378.3717934889504,0.6821656586021506,0.09286838790931973,0.2354445172650677,133606.80474175332,3710.609266493031,137317.41400824636,733,3,494.09375,31,1,22,31.75692695214104,0.6680107526881722,41.53645833333332,1033.8541666666654,33.35013440860211,0
739,4,0,0,32,0.0,0.0,1.0,32,650,300,350,0.46153846153846156,10,3,7,378.3717934889504,0.6821656586021506,0.09286838790931973,0.2354445172650677,133606.80474175332,3710.609266493031,137317.41400824636,734,4,495.09375,31,1,22,31.75692695214104,0.6680107526881722,41.53645833333332,1033.8541666666654,33.35013440860211,0
740,4,0,0,32,0.0,0.0,1.0,32,800,500,300,0.625,11,5,6,375.79268373072756,0.6827536962365592,0.09450528700906347,0.2346931666318315,133741.45507812488,3651.8120659722076,137393.2671440971,735,5,496.09375,31,1,19,31.68848606915072,0.6693548387096775,41.40624999999999,1034.374999999999,33.36693548387094,0
741,4,0,0,32,0.0,0.0,1.0,32,950,800,150,0.8421052631578947,11,8,3,378.88702332650917,0.6821656586021506,0.09890853044791115,0.23749164522074853,133876.1732313367,3744.788953993038,137620.96218532973,736,6,497.09375,31,1,19,31.473326623049818,0.6706989247311829,41.27604166666666,1034.8958333333323,33.383736559139756,0
742,4,0,0,32,0.0,0.0,1.0,32,800,600,200,0.75,10,6,4,378.58010434838906,0.6832157258064516,0.10221018367090218,0.23751643642188952,133909.86336602096,3739.122009277333,137648.9853752983,737,7,498.09375,31,1,20,31.447482911896685,0.6710349462365592,41.24348958333333,1035.0260416666658,33.38793682795696,0
743,4,1,0,33,0.030303030303030304,0.0,1.0,33,450,0,450,0.0,9,0,9,366.793301582822,0.6966540404040404,0.10760547366711326,0.2325101322543155,134288.91383851136,3251.254814559739,137540.1686530711,738,0,483.969696969697,32,1,21,31.373086449831483,0.6722005208333334,40.87752525252525,1036.4898989898988,32.39030934343434,0
744,4,0,0,33,0.0,0.0,1.0,33,300,100,200,0.3333333333333333,5,1,4,367.08805547437026,0.6972853535353536,0.10848558668290686,0.23290517275460426,134321.63331547796,3261.5734363840324,137583.206751862,739,1,484.969696969697,32,1,21,31.332724319935032,0.6725260416666667,40.84595959595959,1036.6161616161612,32.39425505050504,0
745,4,0,0,33,0.0,0.0,1.0,33,900,600,300,0.6666666666666666,12,6,6,366.03200761885074,0.6957859848484849,0.10854034745900298,0.2326513039137773,134387.08422609937,3237.994847464546,137625.07907356392,740,2,485.969696969697,32,1,21,31.29465010553662,0.6731770833333334,40.782828282828284,1036.8686868686868,32.402146464646464,0
746,4,0,0,33,0.0,0.0,1.0,33,550,300,250,0.5454545454545454,8,3,5,366.7947051416789,0.6950757575757577,0.1133698518969366,0.23376404210542231,134485.29048375168,3265.6984937761495,137750.98897752783,741,3,486.969696969697,32,1,21,31.176709271657536,0.6741536458333334,40.688131313131315,1037.2474747474748,32.41398358585859,0
747,4,0,0,33,0.0,0.0,1.0,33,600,300,300,0.5,9,3,6,367.67382901200193,0.6949968434343435,0.11035378123985695,0.23453479651883605,134518.03387409446,3291.7521171309004,137809.78599122536,742,4,487.969696969697,32,1,21,31.121186303148328,0.6744791666666667,40.656565656565654,1037.3737373737372,32.41792929292929,0
748,4,0,0,33,0.0,0.0,1.0,33,450,400,50,0.8888888888888888,5,4,1,365.53059098201436,0.6949179292929294,0.10943457451123595,0.233587122604214,134583.5326114681,3238.879642383421,137822.41225385154,743,5,488.969696969697,32,1,21,31.11133081852843,0.6751302083333334,40.59343434343434,1037.626262626262,32.425820707070685,0
749,4,0,0,33,0.0,0.0,1.0,33,800,500,300,0.625,11,5,6,366.12542843608384,0.6922348484848485,0.1140702906481823,0.23502337221154687,134747.34920224966,3266.8861914600434,138014.2353937097,744,6,489.969696969697,32,1,22,30.932293566824768,0.6767578125,40.435606060606055,1038.2575757575748,32.445549242424214,0
750,4,0,0,33,0.0,0.0,1.0,33,900,600,300,0.6666666666666666,12,6,6,367.6420300129446,0.6912878787878789,0.11466310117094136,0.23685129059643656,134878.47421500352,3317.399213090497,138195.87342809403,745,7,490.969696969697,32,1,20,30.762023418824207,0.6780598958333334,40.30934343434343,1038.7626262626259,32.46133207070706,0
751,4,0,0,33,0.0,0.0,1.0,33,650,500,150,0.7692307692307693,8,5,3,368.82136200867404,0.691366792929293,0.11617450480009772,0.23804164611524525,134944.06063475655,3354.0504476583947,138298.11108241495,746,8,491.969696969697,32,1,20,30.665937537975474,0.6787109375,40.24621212121212,1039.0151515151506,32.469223484848456,0
752,4,0,0,33,0.0,0.0,1.0,33,650,400,250,0.6153846153846154,9,4,5,377.25169019065135,0.691366792929293,0.13786079138618934,0.22930644210205953,132733.2305908203,3416.524750120166,136149.75534094046,747,9,492.969696969697,31,2,18,32.664160559346314,0.6592741935483871,42.3828125,1030.46875,33.24092741935484,5
753,4,0,0,33,0.0,0.0,1.0,33,1050,700,350,0.6666666666666666,14,7,7,378.6087891363106,0.6906565656565657,0.14131204655525553,0.23033732252220573,132766.77661471895,3453.3337063259514,136220.1103210449,748,10,493.969696969697,31,2,18,32.5954148241735,0.6596102150537635,42.350260416666664,1030.5989583333333,33.24512768817204,0
754,4,0,0,33,0.0,0.0,1.0,33,500,300,200,0.6,7,3,4,379.627830471594,0.6893939393939394,0.1450074264627068,0.23116414661639528,132800.32687717018,3482.9399956597285,136283.2668728299,749,11,494.969696969697,31,2,18,32.535371399696814,0.6599462365591398,42.317708333333336,1030.729166666667,33.249327956989255,0
755,4,0,0,33,0.0,0.0,1.0,33,700,600,100,0.8571428571428571,8,6,2,379.0194530563688,0.6892361111111112,0.1445574716602751,0.23120770641759078,132867.44011773,3471.868896484371,136339.30901421438,750,12,495.969696969697,31,2,18,32.48347646712133,0.6606182795698925,42.252604166666664,1030.9895833333333,33.257728494623656,0
756,4,0,0,33,0.0,0.0,1.0,33,800,500,300,0.625,11,5,6,377.39337079124545,0.689157196969697,0.14359786780547057,0.23042236725488593,132901.00309583865,3431.191507975252,136332.1946038139,751,13,496.969696969697,31,2,18,32.4916077366671,0.6609543010752689,42.22005208333333,1031.1197916666658,33.261928763440835,0
757,4,1,0,34,0.029411764705882353,0.0,1.0,34,550,400,150,0.7272727272727273,7,4,3,368.84777304462375,0.6991978609625669,0.13779323640915386,0.22728472043601264,133243.9949526834,3029.350161973269,136273.34511465667,752,0,483.3235294117647,32,2,20,32.36720883779708,0.6617838541666666,41.88762626262626,1032.449494949495,32.264046717171716,0
758,4,0,0,34,0.0,0.0,1.0,34,800,600,200,0.75,10,6,4,366.5004630094627,0.6979352346999407,0.13284739253324473,0.22623451222297317,133309.18281616675,2971.5754451076396,136280.7582612744,753,1,484.3235294117647,32,2,20,32.36235073562374,0.6624348958333334,41.82449494949495,1032.7020202020203,32.271938131313135,0
759,4,0,1,33,0.0,0.029411764705882353,0.9705882352941176,34,1150,900,250,0.782608695652174,14,9,5,366.2443945952276,0.7000148544266191,0.13411232756575697,0.2268719062053556,133439.60636988565,2974.3015699928483,136413.9079398785,754,2,485.3235294117647,32,2,20,32.238074870666814,0.6637369791666667,41.69823232323232,1033.2070707070702,32.287720959595944,0
760,4,0,0,33,0.0,0.0,1.0,33,1050,700,350,0.6666666666666666,14,7,7,372.98829535754726,0.695233585858586,0.1216704478615247,0.23083378591004497,133404.95639377157,3351.6974555121437,136756.65384928373,755,3,478.6060606060606,31,2,20,32.09866817914462,0.665994623655914,41.73177083333333,1033.0729166666656,33.32493279569889,0
761,4,0,0,33,0.0,0.0,1.0,33,750,500,250,0.6666666666666666,10,5,5,374.2845993756503,0.6957859848484849,0.11608015640273672,0.23205645161290328,133472.22222222228,3391.319444444455,136863.54166666674,756,4,479.6060606060606,31,2,20,31.997647849462368,0.6666666666666666,41.66666666666667,1033.333333333334,33.33333333333335,0
762,4,1,1,33,0.029411764705882353,0.029411764705882353,0.9705882352941176,34,300,200,100,0.6666666666666666,4,2,2,364.75734277932094,0.7079248366013072,0.1054083171730229,0.22734875474601499,133668.00103305784,2951.276974288337,136619.27800734618,757,0,466.47058823529414,32,2,20,32.04746642246643,0.666015625,41.47727272727273,1034.090909090909,32.31534090909091,0
763,4,1,1,33,0.029411764705882353,0.029411764705882353,0.9705882352941176,34,750,500,250,0.6666666666666666,10,5,5,364.7521138191223,0.7089646464646465,0.09833122702205888,0.22774766131145208,133733.29252117142,2955.9002270176616,136689.1927481891,758,0,467.44117647058823,32,2,16,31.98216756184896,0.6666666666666666,41.41414141414142,1034.343434343435,32.32323232323235,0
764,4,0,0,33,0.0,0.0,1.0,33,500,300,200,0.6,7,3,4,377.49866669533793,0.698626893939394,0.11029829843581251,0.2351150519394258,133640.46096801758,3489.8191663954,137130.28013441298,759,7,482.6060606060606,31,2,21,31.745713176342193,0.6683467741935484,41.50390625,1033.984375,33.35433467741935,0
765,4,0,0,33,0.0,0.0,1.0,33,800,500,300,0.625,11,5,6,378.3889035940404,0.699179292929293,0.10912752906710632,0.23631457941439127,133741.455078125,3521.256510416666,137262.71158854166,760,8,483.6060606060606,31,2,17,31.621349446122863,0.6693548387096775,41.40625,1034.375,33.36693548387097,0
766,4,0,0,33,0.0,0.0,1.0,33,850,700,150,0.8235294117647058,10,7,3,379.5079168080454,0.6999684343434344,0.11039805377291234,0.23766346846915187,133842.48733520508,3558.8567097981777,137401.34404500326,761,9,484.6060606060606,31,2,17,31.491050081791887,0.6703629032258064,41.30859375,1034.765625,33.379536290322584,0
767,4,0,0,33,0.0,0.0,1.0,33,800,600,200,0.75,10,6,4,378.56282241211045,0.6997316919191919,0.10846258254411256,0.23728843158765411,133876.17323133687,3536.108398437509,137412.28162977437,762,10,485.6060606060606,31,2,17,31.481714477436675,0.6706989247311828,41.27604166666667,1034.895833333334,33.383736559139805,0
768,4,0,1,32,0.0,0.030303030303030304,0.9696969696969697,33,1100,700,400,0.6363636363636364,15,7,8,377.2737025776388,0.6983901515151516,0.10877385525272842,0.23734813946972985,134010.95920138893,3511.7621527777824,137522.72135416672,763,11,486.6060606060606,31,2,18,31.379946344735078,0.6720430107526882,41.145833333333336,1035.416666666667,33.400537634408614,0
769,4,0,0,32,0.0,0.0,1.0,32,1050,800,250,0.7619047619047619,13,8,5,378.084997905777,0.6949764784946237,0.08300339366515863,0.23873367010621915,134145.81298828122,3743.7038845486113,137889.51687282984,763,12,478.96875,31,1,19,31.22381431204962,0.6733870967741935,41.015625,1035.9374999999998,33.41733870967741,0
770,4,0,0,32,0.0,0.0,1.0,32,750,600,150,0.8,9,6,3,377.9423526669072,0.6936323924731184,0.08253487057049513,0.23908308764095754,134213.26531304247,3744.975450303809,137958.2407633463,764,13,479.96875,31,1,19,31.159943871994628,0.6740591397849462,40.95052083333333,1036.197916666666,33.42573924731181,0
771,4,0,1,31,0.0,0.03125,0.96875,32,700,500,200,0.7142857142857143,9,5,4,377.2093530681187,0.6930443548387097,0.07682586033659922,0.23950086675664753,134348.22082519528,3735.48109266493,138083.70191786022,765,14,480.96875,31,1,19,31.0438122749728,0.6754032258064516,40.8203125,1036.7187499999998,33.44254032258064,0
772,4,0,0,31,0.0,0.0,1.0,31,950,800,150,0.8421052631578947,11,8,3,387.8230109128622,0.6803763440860215,0.08947229672900092,0.24526067195465562,134202.38475907609,4209.354585790249,138411.73934486634,766,29,497.03225806451616,30,1,19,30.914893847018632,0.6767361111111112,40.96102150537634,1036.1559139784938,34.53853046594979,0
773,4,0,0,31,0.0,0.0,1.0,31,600,400,200,0.6666666666666666,8,4,4,389.0834509977828,0.6803763440860215,0.06428028285276288,0.2405766965522533,133371.32983737517,4178.515455457895,137549.84529283308,767,30,498.03225806451616,31,0,19,31.71680007563343,0.6656586021505377,41.764322916666664,1032.942708333333,33.32073252688171,5
774,4,0,0,31,0.0,0.0,1.0,31,500,400,100,0.8,6,4,2,389.5809447350776,0.6795698924731183,0.06713450482610561,0.241102590914829,133404.95639377178,4194.405788845493,137599.36218261727,768,31,499.03225806451616,31,0,19,31.67013276195277,0.665994623655914,41.731770833333336,1033.0729166666672,33.32493279569894,0
775,4,0,0,31,0.0,0.0,1.0,31,400,200,200,0.5,6,2,4,379.13006177285297,0.6795698924731183,0.05894858035732642,0.21694203753523197,130428.79104614255,3689.895121256509,134118.68616739905,769,32,500.03225806451616,31,0,21,34.94702039515616,0.6360887096774194,44.62890625,1021.4843749999998,32.95110887096774,7
776,4,1,1,31,0.03125,0.03125,0.96875,32,700,400,300,0.5714285714285714,10,4,6,368.7346918651657,0.6976226478494624,0.05156886652673154,0.21255389817907325,130714.10323245087,3239.7649155698523,133953.86814802073,770,0,485.375,32,0,18,34.923035765732386,0.6363932291666666,44.34974747474748,1022.601010101011,31.956281565656592,0
777,4,1,1,31,0.03125,0.03125,0.96875,32,450,100,350,0.2222222222222222,8,1,7,367.8545953360767,0.6946404569892474,0.05321759259259262,0.2122238050015829,130746.38429752081,3219.1316574839493,133965.51595500475,771,0,486.34375,32,0,19,34.91280864197531,0.63671875,44.31818181818183,1022.7272727272739,31.96022727272731,0
778,4,0,0,31,0.0,0.0,1.0,31,750,500,250,0.6666666666666666,10,5,5,379.4471798574182,0.6781362007168459,0.06389167337682622,0.21843249679182183,130661.65500217021,3715.8393012152874,134377.4943033855,772,35,503.03225806451616,31,0,19,34.70241127525897,0.6384408602150538,44.40104166666667,1022.3958333333339,32.98051075268819,0
779,4,1,0,32,0.03125,0.0,1.0,32,950,900,50,0.9473684210526315,10,9,1,372.41701304400215,0.691322244623656,0.07310673776353105,0.2168466900789591,131101.73906042747,3364.9036131517096,134466.6426735792,773,0,488.28125,32,0,20,34.4360025479801,0.6402994791666667,43.97095959595959,1024.1161616161612,32.00363005050504,0
780,4,0,0,32,0.0,0.0,1.0,32,450,400,50,0.8888888888888888,5,4,1,373.3801712344019,0.691322244623656,0.07537671021816861,0.21777378355317767,131166.4008296346,3394.986640393825,134561.38747002842,774,1,489.28125,32,0,20,34.34585439007354,0.6409505208333335,43.90782828282828,1024.368686868686,32.011521464646435,0
781,4,1,1,32,0.030303030303030304,0.030303030303030304,0.9696969696969697,33,950,500,450,0.5263157894736842,14,5,9,365.1481074901285,0.7061237373737375,0.06255455233583596,0.21439959406104606,131422.35145436847,2997.724583093038,134420.07603746152,775,0,475.42424242424244,33,0,20,34.29781184016573,0.6410984848484849,43.658088235294116,1025.3676470588234,31.071746880570405,0
782,4,0,0,32,0.0,0.0,1.0,32,850,500,350,0.5882352941176471,12,5,7,374.5185088676845,0.6940944220430109,0.07406908340519913,0.21917568395666862,131295.77219480154,3434.539364605648,134730.3115594072,776,3,491.28125,32,0,20,34.18571105909409,0.6422526041666667,43.781565656565654,1024.8737373737372,32.02730429292929,0
783,4,0,0,32,0.0,0.0,1.0,32,800,500,300,0.625,11,5,6,375.10740961068143,0.6937163978494624,0.07596544715447129,0.21970576848625611,131328.1249999999,3452.4305555555416,134780.55555555545,777,4,492.28125,32,0,20,34.13787262872628,0.642578125,43.74999999999999,1024.9999999999993,32.03124999999998,0
784,4,0,1,31,0.0,0.03125,0.96875,32,700,600,100,0.8571428571428571,8,6,2,387.2258452630695,0.6937163978494624,0.08727331606217614,0.2245245137126211,130940.15438475674,3740.682392102854,134680.8367768596,778,5,493.28125,32,0,18,34.220793239575634,0.638671875,44.12878787878788,1023.4848484848491,31.983901515151533,3
785,4,0,0,31,0.0,0.0,1.0,31,550,300,250,0.5454545454545454,8,3,5,390.00566243401784,0.6904121863799283,0.06196436556678253,0.22665295814624406,131028.00369262697,4020.332675509982,135048.33636813695,779,6,486.35483870967744,31,0,19,34.06049959726992,0.6421370967741935,44.04296875,1023.8281250000001,33.02671370967742,0
786,4,1,1,31,0.03125,0.03125,0.96875,32,500,300,200,0.6,7,3,4,380.25427000727757,0.705939180107527,0.053500462107209046,0.2221571923044678,131231.07854109272,3580.235594582184,134811.3141356749,780,0,472.125,32,0,19,34.104282193468876,0.6416015625,43.84469696969697,1024.621212121212,32.019412878787875,0
787,4,1,1,31,0.03125,0.03125,0.96875,32,850,700,150,0.8235294117647058,10,7,3,388.96570127382336,0.7028309811827957,0.026165093144087992,0.2316474225473014,131962.84188164613,3865.839736980522,135828.68161862667,781,0,473.09375,31,1,17,33.140207198073746,0.6515456989247311,43.13151041666667,1027.4739583333342,33.144321236559165,8
788,4,0,1,30,0.0,0.03225806451612903,0.967741935483871,31,550,400,150,0.7272727272727273,7,4,3,411.2175081914021,0.6922939068100359,0.09129495292483392,0.22037040823590526,127838.51456815822,4313.887082321658,132152.40165047988,782,9,489.35483870967744,30,1,19,36.780912192096395,0.6125,47.17741935483871,1011.2903225806456,33.709677419354854,8
789,4,2,0,32,0.0625,0.0,1.0,32,850,700,150,0.8235294117647058,10,7,3,398.2552784121433,0.7169858870967742,0.10403953303263469,0.2159746970266715,128314.69859232276,3820.7670323158673,132135.46562463863,783,0,474.71875,30,2,21,36.61946139559564,0.6173611111111111,46.706989247311824,1013.1720430107522,33.77240143369174,0
790,4,0,0,32,0.0,0.0,1.0,32,350,300,50,0.8571428571428571,4,3,1,397.61542900910985,0.7149697580645162,0.10428578311705028,0.21595540013802506,128375.34798516151,3808.8038126627403,132184.15179782425,784,1,475.71875,31,1,18,36.573434622467765,0.6152553763440862,46.64713541666666,1013.411458333332,32.69069220430103,0
791,4,2,1,33,0.058823529411764705,0.029411764705882353,0.9705882352941176,34,750,400,350,0.5333333333333333,11,4,7,377.5494970921746,0.7411616161616162,0.10874440257463935,0.20821741725861825,128983.44574502575,2939.52701485004,131922.9727598758,785,0,448.6764705882353,33,1,20,36.459841356014024,0.6164772727272728,46.04779411764705,1015.8088235294101,30.782085561497276,0
792,4,0,0,33,0.0,0.0,1.0,33,550,400,150,0.7272727272727273,7,4,3,383.7052069522351,0.7215909090909092,0.11179941669869575,0.21106410904992295,128880.67065860619,3290.436881440663,132171.10754004685,786,1,463.2121212121212,32,1,21,36.4085944624057,0.6178385416666667,46.148989898989896,1015.4040404040398,31.731376262626245,0
793,4,3,1,35,0.08333333333333333,0.027777777777777776,0.9722222222222222,36,950,700,250,0.7368421052631579,12,7,5,352.7045578836156,0.7567791005291006,0.10047730372102137,0.19786147493077574,129655.65653344664,1946.4267592176077,131602.08329266426,787,0,425.52777777777777,34,2,20,36.40658484317164,0.6210171568627452,45.38690476190476,1018.4523809523804,29.954481792717072,0
794,4,1,1,35,0.027777777777777776,0.027777777777777776,0.9722222222222222,36,600,400,200,0.6666666666666666,8,4,4,351.24037230814895,0.759160052910053,0.1007589627725185,0.19734496821016617,129716.28578514735,1912.319302721081,131628.60508786843,788,0,426.5,34,2,20,36.38225039928323,0.6216299019607843,45.32738095238095,1018.6904761904759,29.961484593837525,0
795,4,1,1,35,0.027777777777777776,0.027777777777777776,0.9722222222222222,36,750,600,150,0.8,9,6,3,353.08261667660497,0.7655753968253969,0.09876867754540375,0.1986873186150598,129776.92920918352,1964.3955498865982,131741.32475907012,789,0,427.47222222222223,34,2,20,36.27370798769325,0.6222426470588236,45.26785714285713,1018.9285714285702,29.968487394957947,0
796,4,1,1,35,0.027777777777777776,0.027777777777777776,0.9722222222222222,36,1050,700,350,0.6666666666666666,14,7,7,354.02159714746176,0.7614748677248677,0.10233832781993901,0.2001448831398025,129958.94451530602,2001.6546201813935,131960.59913548743,790,0,428.44444444444446,34,2,20,36.064895894142836,0.6240808823529412,45.08928571428571,1019.6428571428564,29.989495798319307,0
797,4,0,1,34,0.0,0.02857142857142857,0.9714285714285714,35,600,500,100,0.8333333333333334,7,5,2,362.7152314767776,0.7497198879551821,0.10779829911519645,0.20419615096339894,129793.87622849371,2415.643172097253,132209.51940059097,791,4,441.6857142857143,33,2,21,36.01109941872117,0.6246843434343434,45.25122549019607,1018.9950980392146,30.878639334521655,0
798,4,2,0,36,0.05555555555555555,0.0,1.0,36,500,400,100,0.8,6,4,2,352.16466389770306,0.7649140211640212,0.1188842230776217,0.20033892923656302,130201.83000283432,1970.4967403627927,132172.3267431971,792,0,430.1388888888889,34,2,23,35.865751001205325,0.6265318627450981,44.85119047619047,1020.5952380952369,30.017507002801086,0
799,4,0,0,36,0.0,0.0,1.0,36,1300,1100,200,0.8461538461538461,15,11,4,347.9007199633001,0.7632275132275133,0.12002927385300977,0.19868790784588447,130353.74858276625,1870.0325963718597,132223.7811791381,793,1,431.1388888888889,34,2,23,35.82055840522266,0.6280637254901962,44.70238095238094,1021.1904761904746,30.035014005602193,0
800,4,0,0,36,0.0,0.0,1.0,36,900,600,300,0.6666666666666666,12,6,6,345.7301457355458,0.7629298941798942,0.11415006408015893,0.1982232358616024,130505.7557397958,1823.9547902494219,132329.7105300452,794,2,432.1388888888889,34,2,20,35.72201833080898,0.6295955882352942,44.55357142857142,1021.7857142857133,30.052521008403332,0
801,4,0,0,36,0.0,0.0,1.0,36,1150,900,250,0.782608695652174,14,9,5,345.9315629257226,0.7614087301587302,0.11385040297020743,0.19927606934735273,130688.28124999988,1841.8402777777624,132530.12152777764,795,3,433.1388888888889,34,2,21,35.53212442271121,0.6314338235294118,44.37499999999999,1022.4999999999991,30.073529411764678,0
802,4,0,0,36,0.0,0.0,1.0,36,950,700,250,0.7368421052631579,12,7,5,347.06183743745,0.7613095238095239,0.11313495758328185,0.20040022226226928,130779.59183673456,1877.7210884353567,132657.3129251699,796,4,434.1388888888889,34,2,21,35.410847299813774,0.6323529411764707,44.28571428571428,1022.8571428571418,30.084033613445346,0
803,4,0,1,35,0.0,0.027777777777777776,0.9722222222222222,36,1000,800,200,0.8,12,8,4,348.3193455633482,0.7600529100529101,0.11572566051393451,0.2017623379017884,130901.38888888883,1919.0972222222183,132820.48611111104,797,5,435.1388888888889,34,2,21,35.25549674267101,0.633578431372549,44.166666666666664,1023.3333333333328,30.09803921568626,0
804,4,0,0,35,0.0,0.0,1.0,35,750,500,250,0.6666666666666666,10,5,5,345.36521597550217,0.7488795518207282,0.06030033732299134,0.1988531398815471,130669.48596993962,2075.9126597943346,132745.39862973394,798,6,448.2857142857143,33,2,16,35.56561888209678,0.6335227272727271,44.39338235294119,1022.4264705882367,30.98262032085566,8
805,4,0,1,34,0.0,0.02857142857142857,0.9714285714285714,35,900,700,200,0.7777777777777778,11,7,4,344.2153951653449,0.7478991596638654,0.05770829868617966,0.1984436405684774,130718.71456916105,1999.0787981859398,132717.79336734698,799,7,449.2857142857143,34,1,16,35.54520760574308,0.6317401960784313,44.345238095238095,1022.619047619048,30.077030812324942,0
806,4,0,0,34,0.0,0.0,1.0,34,1050,500,550,0.47619047619047616,16,5,11,353.33698274977644,0.7345142602495545,0.06415029154416207,0.20344309503667274,130669.48596993962,2434.0723820165567,133103.55835195616,800,8,463.29411764705884,33,1,17,35.36185524791243,0.6335227272727271,44.39338235294119,1022.4264705882367,30.98262032085566,0
807,4,1,1,34,0.02857142857142857,0.02857142857142857,0.9714285714285714,35,950,700,250,0.7368421052631579,12,7,5,344.7809626825308,0.7467787114845937,0.07265780730897009,0.20034569453174117,131023.24263038568,2034.8639455782522,133058.10657596393,801,0,451.0285714285714,34,1,19,35.22286821705426,0.6348039215686272,44.04761904761906,1023.8095238095253,30.112044817927217,0
808,4,0,0,34,0.0,0.0,1.0,34,600,300,300,0.5,9,3,6,352.0752983676995,0.7347370766488414,0.08523459677248901,0.20403753065015032,130920.20083922084,2418.7537545655946,133338.95459378645,802,1,464.88235294117646,33,1,20,35.14037739991219,0.6360479797979796,44.14828431372551,1023.4068627451009,31.012329174093964,0
809,4,1,1,34,0.02857142857142857,0.02857142857142857,0.9714285714285714,35,850,500,350,0.5882352941176471,12,5,7,343.2086603971752,0.7451680672268907,0.09286378120021266,0.20070245575400047,131267.12018140612,2010.402494331095,133277.52267573721,803,0,452.57142857142856,34,1,21,35.01684479553903,0.637254901960784,43.809523809523824,1024.7619047619066,30.14005602240902,0
810,4,1,1,34,0.02857142857142857,0.02857142857142857,0.9714285714285714,35,1300,1100,200,0.8461538461538461,15,11,4,340.5397991849262,0.75,0.09412779510317848,0.19977716284608912,131389.1439909299,1948.6465419501396,133337.79053288006,804,0,453.0285714285714,34,1,21,34.96211681374827,0.6384803921568626,43.690476190476204,1025.2380952380968,30.154061624649906,0
811,4,0,0,34,0.0,0.0,1.0,34,600,400,200,0.6666666666666666,8,4,4,350.2643201606902,0.7355912061794415,0.10513448292844196,0.2046512914649571,131233.93233672171,2393.3128183871904,133627.24515510892,805,2,467.3529411764706,33,1,21,34.86960790176614,0.6392045454545453,43.8419117647059,1024.6323529411786,31.049465240641776,0
812,4,0,0,34,0.0,0.0,1.0,34,600,300,300,0.5,9,3,6,350.65106748628455,0.7354055258467024,0.10832137733142022,0.20538133952768117,131328.12500000023,2410.069444444473,133738.1944444447,806,3,468.3529411764706,33,1,23,34.76456639566395,0.640151515151515,43.750000000000014,1025.0000000000018,31.060606060606116,0
813,4,2,2,34,0.05555555555555555,0.05555555555555555,0.9444444444444444,36,1200,1000,200,0.8333333333333334,14,10,4,335.5290496977974,0.7517526455026455,0.09032003606040129,0.19929617048314985,131862.52170138908,1648.7413194444684,133511.26302083355,807,0,443.27777777777777,35,1,16,34.61375929682219,0.6410714285714285,43.22916666666668,1027.0833333333348,29.345238095238138,0
814,4,0,0,34,0.0,0.0,1.0,34,550,400,150,0.7272727272727273,7,4,3,351.2682711625518,0.7340314913844326,0.1085527009083822,0.20727055915743808,131610.90573637543,2446.1470648308373,134057.05280120627,808,5,470.3529411764706,33,1,16,34.463329551335654,0.6429924242424242,43.474264705882355,1026.1029411764707,31.094028520499112,0
815,4,0,0,34,0.0,0.0,1.0,34,600,300,300,0.5,9,3,6,349.5249652475205,0.7333630421865717,0.10650661123945837,0.20692371970872633,131736.6836823577,2409.05195717993,134145.73563953763,809,6,471.3529411764706,33,1,16,34.381217420715465,0.6442550505050505,43.35171568627451,1026.5931372549016,31.108882947118232,0
816,4,0,0,34,0.0,0.0,1.0,34,450,300,150,0.6666666666666666,6,3,3,351.04102692309743,0.7326574569221629,0.10605507421397808,0.2079930497568393,131768.13755526708,2451.204464628973,134219.34201989605,810,7,472.3529411764706,33,1,16,34.31059520967615,0.6445707070707072,43.32107843137254,1026.7156862745087,31.112596553772992,0
817,4,2,1,35,0.05555555555555555,0.027777777777777776,0.9722222222222222,36,650,400,250,0.6153846153846154,9,4,5,338.20894313236914,0.7468915343915344,0.11945793816022876,0.20391593600575036,132428.6352040815,1759.2115767875669,134187.8467808691,811,0,447.05555555555554,34,2,18,33.975730588326016,0.6488970588235294,42.67857142857142,1029.2857142857133,30.27310924369745,0
818,4,0,1,34,0.0,0.02857142857142857,0.9714285714285714,35,950,600,350,0.631578947368421,13,6,7,371.1258967827421,0.7355042016806722,0.1685561800741151,0.20664556671586395,129361.89746263127,2606.005846055888,131967.90330868715,812,1,460.54285714285714,32,3,19,36.23686442431011,0.6227213541666667,45.675505050505045,1017.2979797979791,31.790561868686847,4
819,4,0,0,34,0.0,0.0,1.0,34,400,300,100,0.75,5,3,2,380.66372336545805,0.7270870469399882,0.18018587387756013,0.21092385662872007,129169.29913082845,3034.0132703295567,132203.312401158,813,2,475.05882352941177,32,2,19,36.19089761106282,0.6207682291666667,45.86489898989899,1016.5404040404038,31.76688762626262,0
820,4,1,0,35,0.02857142857142857,0.0,1.0,35,600,400,200,0.6666666666666666,8,4,4,370.7522366371322,0.7366246498599439,0.17946827366182205,0.2069434229428867,129458.25043362913,2599.391165442292,132057.64159907142,814,0,462.45714285714286,32,3,17,36.148159636062864,0.6236979166666667,45.580808080808076,1017.676767676767,31.80239898989897,0
821,4,2,1,36,0.05405405405405406,0.02702702702702703,0.972972972972973,37,1000,700,300,0.7,13,7,6,352.937739516569,0.7638263263263263,0.16486762554178291,0.19972603872064795,129996.88042534716,1776.1610243055445,131773.0414496527,815,0,438.4054054054054,35,2,18,36.054009193054135,0.6223214285714285,45.05208333333333,1019.7916666666661,29.136904761904745,0
822,4,2,2,36,0.05263157894736842,0.05263157894736842,0.9473684210526316,38,750,200,550,0.26666666666666666,13,2,11,347.8362130666401,0.7706851588430536,0.16209225592038123,0.19833634359798508,130292.12648158855,1464.3352409121917,131756.46172250074,816,0,427.8157894736842,35,3,18,35.88465498998601,0.6252976190476192,44.762731481481474,1020.9490740740732,29.16997354497352,0
823,4,2,1,37,0.05263157894736842,0.02631578947368421,0.9736842105263158,38,1100,800,300,0.7272727272727273,14,8,6,350.9306077852138,0.7674845898530109,0.17288293229675933,0.20116983152778337,130498.99798525362,1559.2185356652753,132058.21652091888,817,0,428.7631578947368,35,3,17,35.59602023863466,0.6273809523809524,44.560185185185176,1021.759259259258,29.193121693121658,0
824,4,0,0,37,0.0,0.0,1.0,37,1400,1000,400,0.7142857142857143,18,10,8,361.3611080941927,0.7599474474474475,0.19023147579596378,0.2071851964443859,130505.75573979596,2031.9409013605477,132537.6966411565,818,1,441.35135135135135,34,3,17,35.32273097984389,0.6295955882352942,44.55357142857143,1021.7857142857147,30.052521008403374,0
825,4,2,2,37,0.05128205128205128,0.05128205128205128,0.9487179487179487,39,1450,1000,450,0.6896551724137931,19,10,9,347.5299565160035,0.7738978857399911,0.17190488279597194,0.2017271586673353,130982.06948502548,1304.0385825014066,132286.1080675269,819,0,419.6666666666667,36,3,17,35.19412357902456,0.6302083333333335,44.08783783783783,1023.648648648648,28.434684684684665,0
826,4,0,0,37,0.0,0.0,1.0,37,950,400,550,0.42105263157894735,15,4,11,359.2475317973258,0.7578203203203203,0.18668619065051195,0.2071318626191437,130722.8274516069,1992.3706223114882,132715.1980739184,820,3,443.35135135135135,36,1,17,35.15673751055316,0.6276041666666667,44.34121621621621,1022.6351351351342,28.406531531531506,0
827,4,0,0,37,0.0,0.0,1.0,37,950,800,150,0.8421052631578947,11,8,3,358.46233479396085,0.7577577577577578,0.19180086976697197,0.20745151426356223,130866.81909950482,1982.1651042934745,132848.9842037983,821,4,444.35135135135135,36,1,17,35.03100007337296,0.6290509259259259,44.20045045045045,1023.1981981981975,28.422172172172154,0
828,4,0,0,37,0.0,0.0,1.0,37,750,500,250,0.6666666666666666,10,5,5,356.4895068716992,0.7556931931931932,0.19319462492528916,0.20677301390918132,130953.25213304508,1936.692055230898,132889.944188276,822,5,445.35135135135135,36,1,17,34.993994572193515,0.6299189814814815,44.11599099099099,1023.5360360360351,28.43155655655653,0
829,4,1,0,38,0.02631578947368421,0.0,1.0,38,450,200,250,0.4444444444444444,7,2,5,351.8373815443799,0.7634246088193457,0.1962418889689983,0.20547303082191773,131215.758694983,1633.3217913203976,132849.0804863034,823,0,434.60526315789474,37,1,18,34.84767408675799,0.6306306306306306,43.859649122807014,1024.5614035087713,27.690848743480306,0
830,4,0,0,38,0.0,0.0,1.0,38,750,600,150,0.8,9,6,3,339.03456683379466,0.7623281175912755,0.13857842805211207,0.19513322846656175,130654.64854570635,1259.2884349030426,131913.9369806094,824,1,435.60526315789474,37,1,16,35.74243886743886,0.625,44.4078947368421,1022.3684210526314,27.631578947368418,4
831,4,0,0,38,0.0,0.0,1.0,38,650,200,450,0.3076923076923077,11,2,9,342.8867586182546,0.7599276908487435,0.1449851042701089,0.19792374284598271,130766.77439212071,1367.6390812557745,132134.41347337648,825,2,436.60526315789474,37,1,17,35.53057104059461,0.6261261261261261,44.29824561403509,1022.8070175438602,27.643432906590817,0
832,4,0,0,38,0.0,0.0,1.0,38,800,500,300,0.625,11,5,6,341.3375587458156,0.7601351351351351,0.1454067960124339,0.19717263687552414,130794.81336805562,1329.0364583333392,132123.84982638896,826,3,437.60526315789474,37,1,17,35.54183638832315,0.6264076576576576,44.270833333333336,1022.9166666666672,27.646396396396412,0
833,4,0,0,38,0.0,0.0,1.0,38,850,500,350,0.5882352941176471,12,5,7,343.67818320737393,0.7596609767662399,0.14687836595667836,0.19910294747823865,130906.99932912066,1397.975939712233,132304.9752688329,827,4,438.60526315789474,37,1,17,35.36856227008107,0.6275337837837837,44.16118421052632,1023.355263157896,27.65825035561881,0
834,4,2,3,37,0.05,0.075,0.925,40,550,300,250,0.5454545454545454,8,3,5,330.04648883781425,0.7752938034188034,0.13903740597682446,0.19304383812047707,131274.74500868085,665.3537326389239,131940.0987413198,828,0,417.625,39,1,17,35.3463610489937,0.62767094017094,43.80208333333335,1024.7916666666692,26.276709401709468,0
835,4,1,0,38,0.02631578947368421,0.0,1.0,38,950,800,150,0.8421052631578947,11,8,3,350.2591400719097,0.7622984826932195,0.1760652282494739,0.20442087000301576,131191.27498584654,1590.1886322960272,132781.46361814256,829,0,440.44736842105266,38,0,19,34.9128341502416,0.628563596491228,43.88354700854702,1024.4658119658138,26.95962663067931,0
836,4,1,0,39,0.02564102564102564,0.0,1.0,39,900,600,300,0.6666666666666666,12,6,6,344.26484160720406,0.771255060728745,0.1880360646416197,0.20270901371687286,131530.2015486771,1256.4588181856993,132786.6603668628,830,0,430.12820512820514,36,3,20,34.72435686317562,0.6357060185185185,43.55292792792793,1025.7882882882889,28.494119119119134,0
837,4,0,0,39,0.0,0.0,1.0,39,1000,800,200,0.8,12,8,4,345.18535340686697,0.7687246963562754,0.19110075792103443,0.20402200460117953,131674.63705259326,1290.4312251440776,132965.06827773733,831,1,431.12820512820514,36,3,17,34.55512581376636,0.6371527777777777,43.41216216216217,1026.3513513513524,28.50975975975979,0
838,4,0,0,39,0.0,0.0,1.0,39,850,700,150,0.8235294117647058,10,7,3,344.8334841750438,0.7682748538011697,0.1905951035146034,0.20443379120338434,131790.2425229284,1289.1377018910891,133079.3802248195,832,2,432.12820512820514,36,3,18,34.44765847773635,0.6383101851851851,43.29954954954955,1026.8018018018024,28.52227227227229,0
839,4,1,0,40,0.025,0.0,1.0,40,950,600,350,0.631578947368421,13,6,7,338.19902779989025,0.7701121794871795,0.19579912709134395,0.20226782128765325,132123.26189139078,936.7917442837238,133060.0536356745,833,0,422.3,38,2,20,34.28288129135058,0.6378837719298246,42.975427350427346,1028.0982905982899,27.055218173639208,0
840,4,0,1,39,0.0,0.025,0.975,40,1100,700,400,0.6363636363636364,15,7,8,342.07718895695393,0.7706463675213675,0.20360629348842085,0.20548105130795444,132288.07259706702,1050.5464013076287,133338.61899837464,834,1,423.3,38,2,20,34.017464603454854,0.6395285087719298,42.815170940170944,1028.7393162393166,27.0720872694557,0
841,4,1,0,40,0.025,0.0,1.0,40,1250,1000,250,0.8,15,10,5,344.01131423658984,0.7717681623931624,0.20842917997870125,0.20786784045569986,132510.87474030454,1117.0936911073895,133627.96843141192,835,0,423.225,37,3,21,33.7437877174299,0.6435810810810811,42.59868421052631,1029.6052631578934,27.82716927453766,0
842,4,0,0,40,0.0,0.0,1.0,40,1400,1100,300,0.7857142857142857,17,11,6,345.2823929841497,0.7714209401709402,0.20683221547961295,0.20910622290780892,132595.5597515581,1156.5824340181503,133752.14218557623,836,1,424.225,37,3,21,33.625993647751855,0.6444256756756757,42.51644736842105,1029.9342105263152,27.836059743954465,0
843,4,0,0,40,0.0,0.0,1.0,40,1050,800,250,0.7619047619047619,13,8,5,345.4908939267657,0.7717681623931624,0.20988718603661138,0.20970493794159464,132680.27181440426,1167.9651431209425,133848.2369575252,837,2,425.225,37,3,16,33.535547041294166,0.6452702702702704,42.43421052631578,1030.2631578947355,27.84495021337123,0
844,4,0,0,40,0.0,0.0,1.0,40,750,400,350,0.5333333333333333,11,4,7,345.651670930007,0.7721153846153846,0.20726561668617682,0.20996048815315285,132708.51518015144,1174.1840037319018,133882.69918388335,838,3,426.225,37,3,17,33.503046184952645,0.6455518018018018,42.40679824561403,1030.3728070175428,27.847913703176832,0
845,4,0,1,39,0.0,0.025,0.975,40,1200,1000,200,0.8333333333333334,14,10,4,344.571884382093,0.7724626068376068,0.21052813530475456,0.2099365058377222,132821.51870046536,1153.3121970221387,133974.8308974875,839,4,427.225,37,3,17,33.41743342906781,0.646677927927928,42.29714912280701,1030.8114035087706,27.859767662399204,0
846,4,0,0,39,0.0,0.0,1.0,39,950,700,250,0.7368421052631579,12,7,5,349.72986339490956,0.7614147548358075,0.20969495248341463,0.212814342406264,132774.93709926135,1487.0721227984725,134262.00922205983,840,7,439.0769230769231,36,3,18,33.33128460081586,0.6481481481481481,42.34234234234234,1030.63063063063,28.628628628628615,0
847,4,1,0,40,0.025,0.0,1.0,40,1200,800,400,0.6666666666666666,16,8,8,342.4250607615444,0.7680555555555556,0.21394409937888192,0.21042150680384997,133141.23109796192,1118.178829717294,134259.40992767923,841,0,429.075,38,2,20,33.15217391304348,0.6480263157894737,41.98717948717949,1032.0512820512824,27.159244264507432,0
848,4,1,0,41,0.024390243902439025,0.0,1.0,41,1150,700,450,0.6086956521739131,16,7,9,339.9742393525419,0.7759146341463414,0.21681001018360724,0.21141328663079684,133582.64391116973,883.3424647527429,134465.98637592248,842,0,419.5853658536585,38,3,21,32.773529006476515,0.6524122807017543,41.55982905982907,1033.7606837606852,27.20422852001803,0
849,4,0,0,41,0.0,0.0,1.0,41,1200,700,500,0.5833333333333334,17,7,10,342.35769524176726,0.7749491869918699,0.21940383883640457,0.2133728353023226,133665.4901403501,952.2818275622997,134617.7719679124,843,1,420.5853658536585,38,3,21,32.629059475841174,0.6532346491228069,41.479700854700866,1034.0811965811981,27.212663067926268,0
850,4,0,0,41,0.0,0.0,1.0,41,1000,600,400,0.6,14,6,8,342.82038298448083,0.7748983739837398,0.21569531468478575,0.213980923770004,133720.73522764645,968.4387327416318,134689.17396038809,844,2,421.5853658536585,38,3,18,32.56184794959199,0.653782894736842,41.42628205128206,1034.294871794873,27.21828609986508,0
851,4,0,0,41,0.0,0.0,1.0,41,850,700,150,0.8235294117647058,10,7,3,329.2672699225597,0.776219512195122,0.07582051629604258,0.20430599973491076,133501.31539901384,809.1273080813155,134310.44270709515,845,3,422.5853658536585,36,5,22,33.131515382659565,0.6553819444444444,41.638513513513516,1033.4459459459458,28.706831831831828,7
852,4,0,1,40,0.0,0.024390243902439025,0.975609756097561,41,1300,900,400,0.6923076923076923,17,9,8,329.2809421449589,0.7760670731707318,0.07816888496807373,0.2046357324271211,133559.51126379767,595.7203402727143,134155.23160407037,846,4,423.5853658536585,36,5,23,33.07300177942405,0.6559606481481481,41.58220720720721,1033.6711711711719,28.713088088088107,0
853,4,0,0,40,0.0,0.0,1.0,40,1150,900,250,0.782608695652174,14,9,5,330.72822040385006,0.771207264957265,0.09092814371257507,0.2065084095451643,133734.17494775198,845.9331375294437,134580.10808528142,847,5,434.375,36,4,17,32.8610959898385,0.6576967592592592,41.4132882882883,1034.3468468468482,28.731856856856894,0
854,4,0,0,40,0.0,0.0,1.0,40,1200,700,500,0.5833333333333334,17,7,10,328.87405409437577,0.7701121794871795,0.09180087051142594,0.20616320307826164,133879.8152037174,805.9195174904893,134685.73472120787,848,6,435.375,36,4,20,32.76364708015961,0.6591435185185184,41.272522522522536,1034.9099099099112,28.747497497497534,0
855,4,0,0,40,0.0,0.0,1.0,40,1200,900,300,0.75,15,9,6,328.0442583448267,0.7705662393162394,0.08938594582834725,0.20613197997019778,133967.2374020982,789.4366072153337,134756.67400931352,849,7,436.375,36,4,20,32.697886072736495,0.6600115740740741,41.18806306306307,1035.247747747749,28.756881881881913,0
856,4,0,0,40,0.0,0.0,1.0,40,700,400,300,0.5714285714285714,10,4,6,328.0442583448267,0.7705662393162394,0.08938594582834725,0.20613197997019778,133967.2374020982,789.4366072153337,134756.67400931352,850,8,437.375,36,4,20,32.697886072736495,0.6600115740740741,41.18806306306307,1035.247747747749,28.756881881881913,0
857,4,0,0,40,0.0,0.0,1.0,40,900,500,400,0.5555555555555556,13,5,8,327.78213043816356,0.7699519230769231,0.08898434101783392,0.20645784051433924,134054.68813408012,788.1462543624816,134842.8343884426,851,9,438.375,36,4,21,32.61744236624619,0.6608796296296295,41.10360360360361,1035.5855855855864,28.76626626626629,0
858,4,1,0,41,0.024390243902439025,0.0,1.0,41,850,700,150,0.8235294117647058,10,7,3,319.2728574846715,0.7710873983739838,0.08634760419327447,0.20242027644551328,134294.94081111508,375.345899699917,134670.286710815,852,0,428.6585365853659,37,4,22,32.59844758277794,0.6613175675675675,40.871710526315795,1036.5131578947378,28.01386913229021,0
859,4,0,0,41,0.0,0.0,1.0,41,700,500,200,0.7142857142857143,9,5,4,319.5385663691981,0.7708841463414634,0.08740869134579632,0.20306160507978085,134380.19390581723,387.93090181594505,134768.12480763317,853,1,429.6585365853659,37,4,22,32.50669768753523,0.6621621621621622,40.78947368421053,1036.8421052631584,28.022759601706984,0
860,4,0,0,41,0.0,0.0,1.0,41,1150,600,550,0.5217391304347826,17,6,11,319.72541428595423,0.7705284552845528,0.09336829809782432,0.20365540025123488,134465.47405211208,398.40587969374474,134863.87993180583,854,2,430.6585365853659,37,4,24,32.416988229904504,0.6630067567567568,40.70723684210526,1037.171052631578,28.03165007112373,0
861,4,0,0,41,0.0,0.0,1.0,41,900,700,200,0.7777777777777778,11,7,4,321.6205989611324,0.7703252032520325,0.09247857184454222,0.20550708729735598,134579.99173159647,456.76656137285767,135036.75829296932,855,3,431.6585365853659,36,5,24,32.253907097894526,0.6660879629629629,40.59684684684685,1037.6126126126128,28.82257257257258,0
862,4,0,0,41,0.0,0.0,1.0,41,950,900,50,0.9473684210526315,10,9,1,321.9418466827017,0.7692581300813008,0.0950467903116532,0.20604278187692898,134638.42220598977,469.14845588831963,135107.5706618781,856,4,432.6585365853659,36,5,25,32.18745478877315,0.6666666666666666,40.54054054054054,1037.8378378378377,28.828828828828826,0
863,4,0,0,41,0.0,0.0,1.0,41,1400,1100,300,0.7857142857142857,17,11,6,323.7479748859824,0.7693089430894309,0.09414427875168907,0.20836898620889135,134843.0287339704,531.0314960230444,135374.06022999343,857,5,433.6585365853659,36,5,18,31.937140843543332,0.6686921296296295,40.343468468468465,1038.6261261261257,28.850725725725713,0
864,4,0,1,40,0.0,0.024390243902439025,0.975609756097561,41,1200,800,400,0.6666666666666666,16,8,8,323.59014646942614,0.7688516260162601,0.09563570097499219,0.20887876212154474,134949.23918898095,533.6488150199765,135482.88800400094,858,6,434.6585365853659,37,4,18,31.835690164626413,0.6677927927927929,40.241228070175424,1039.0350877192961,28.082029397818815,0
865,4,0,1,39,0.0,0.025,0.975,40,1250,1100,150,0.88,14,11,3,327.0716597983355,0.7631143162393162,0.09097162045060636,0.2120453344984713,135106.3225387549,837.8898323999615,135944.21237115486,859,7,443.3,36,4,19,31.58917352686309,0.6712962962962964,40.09009009009009,1039.6396396396392,28.878878878878865,0
866,4,0,0,39,0.0,0.0,1.0,39,550,300,250,0.5454545454545454,8,3,5,333.7583878317928,0.7544984255510572,0.09308689157190897,0.21539533052235807,134941.32754897524,1207.55998692556,136148.8875359008,860,8,455.20512820512823,35,4,19,31.579429839218736,0.6717261904761906,40.24884259259258,1039.004629629628,29.685846560846514,0
867,4,0,0,39,0.0,0.0,1.0,39,1000,600,400,0.6,14,6,8,332.7829752002382,0.7545546558704453,0.0916313952624932,0.21494428426962128,134971.39301483182,1183.2363468792678,136154.6293617111,861,9,456.20512820512823,35,4,19,31.574868196331757,0.6720238095238096,40.2199074074074,1039.1203703703693,29.689153439153408,0
868,4,0,0,39,0.0,0.0,1.0,39,800,500,300,0.625,11,5,6,333.0558876196054,0.7547795771479983,0.08563759922334602,0.21547852095274148,135031.53399348396,1194.6094821673266,136226.14347565128,862,10,457.20512820512823,35,4,20,31.507980697847067,0.6726190476190477,40.162037037037024,1039.3518518518497,29.695767195767132,0
869,4,0,1,38,0.0,0.02564102564102564,0.9743589743589743,39,1050,800,250,0.7619047619047619,13,8,5,334.5226142891588,0.7541048133153396,0.08963945071656232,0.2176940430569635,135242.13291162957,1248.310372728023,136490.44328435758,863,11,458.20512820512823,35,4,20,31.260547642891584,0.6747023809523811,39.959490740740726,1040.1620370370351,29.718915343915288,0
870,4,1,0,39,0.02564102564102564,0.0,1.0,39,600,500,100,0.8333333333333334,7,5,2,324.9333177126647,0.7613022941970311,0.08297801919669778,0.20845930800230056,134726.09169558084,955.3991914211649,135681.490887002,864,0,458.8974358974359,36,3,20,32.02263441443396,0.6675347222222221,40.45608108108109,1038.1756756756768,28.838213213213244,3
871,4,0,1,38,0.0,0.02564102564102564,0.9743589743589743,39,1050,800,250,0.7619047619047619,13,8,5,326.9667380793995,0.7593342330184436,0.08378718754952152,0.21044062981900216,134843.02873397048,1017.8370515786144,135860.8657855491,865,1,459.8974358974359,36,3,14,31.853563554880928,0.6686921296296295,40.34346846846847,1038.6261261261263,28.85072572572573,0
872,4,0,0,38,0.0,0.0,1.0,38,1050,900,150,0.8571428571428571,12,9,3,338.1384431219629,0.7491998577524893,0.085389177994591,0.21713958290960153,134761.0050824119,1513.5752904235515,136274.58037283545,866,24,472.9736842105263,35,3,21,31.645138966298816,0.6699404761904759,40.42245370370372,1038.3101851851868,29.666005291005337,0
873,4,0,0,38,0.0,0.0,1.0,38,1050,700,350,0.6666666666666666,14,7,7,337.91948003813974,0.7491998577524893,0.08000304974604977,0.21753869539901513,134851.15124528485,1513.7661822702569,136364.9174275551,867,25,473.9736842105263,35,3,15,31.561083871926286,0.6708333333333332,40.33564814814816,1038.6574074074092,29.675925925925977,0
874,4,0,0,38,0.0,0.0,1.0,38,900,500,400,0.5555555555555556,13,5,8,341.0245730945442,0.7491998577524893,0.09033297529538187,0.19430469862363556,130262.58680555547,1284.5486111111059,131547.13541666657,868,26,474.9736842105263,36,2,18,36.08843537414966,0.6229745370370371,44.791666666666664,1020.8333333333327,28.356481481481463,7
875,4,0,0,38,0.0,0.0,1.0,38,700,300,400,0.42857142857142855,11,3,8,337.97209108108166,0.7498221906116643,0.08918580084972061,0.19299313110347893,130348.8201038876,1210.8526600925197,131559.6727639801,869,27,475.9736842105263,36,2,19,36.07902330539628,0.6238425925925927,44.707207207207205,1021.1711711711706,28.36586586586585,0
876,4,1,1,38,0.02564102564102564,0.02564102564102564,0.9743589743589743,39,1050,900,150,0.8571428571428571,12,9,3,331.40235584746216,0.7569725596041386,0.08906419333366378,0.19046441191183952,130598.60365689422,856.1369844567321,131454.74064135095,870,0,464.7435897435897,37,2,15,35.99415361510405,0.624436936936937,44.4627192982456,1022.1491228070158,27.625651967757186,0
877,4,2,2,38,0.05,0.05,0.95,40,650,600,50,0.9230769230769231,7,6,1,324.37137072309446,0.7669871794871795,0.08527154046997332,0.18743849575580124,130808.4744708341,486.10483326026247,131294.57930409437,871,0,454.075,38,2,16,35.9619234116623,0.6247258771929826,44.25747863247862,1022.9700854700843,26.920265407107483,0
878,4,1,0,39,0.02564102564102564,0.0,1.0,39,650,400,250,0.6153846153846154,9,4,5,339.8110357979195,0.7609649122807017,0.09991964504070117,0.19172898240969546,129881.14458917745,1027.0092546935475,130908.153843871,872,0,466.6923076923077,38,1,16,36.50604409041679,0.6154057017543859,45.16559829059829,1019.3376068376069,26.824673864147552,3
879,4,1,0,40,0.025,0.0,1.0,40,1050,600,450,0.5714285714285714,15,6,9,336.2479086444179,0.7705128205128206,0.10225507765830355,0.1914554418608011,130236.6522903033,758.3603922929389,130995.01268259624,873,0,456.0,40,0,17,36.2366006239214,0.6156250000000001,44.8170731707317,1020.7317073170725,25.518292682926813,0
880,4,1,1,40,0.024390243902439025,0.024390243902439025,0.975609756097561,41,550,300,250,0.5454545454545454,8,3,5,327.65216667009884,0.7795731707317073,0.09523659950057306,0.18776524532791994,130486.54994806081,350.8504902048121,130837.40043826563,874,0,445.8536585365854,37,4,18,36.20322672962723,0.6233108108108109,44.57236842105262,1021.7105263157885,27.613798008534822,0
881,4,1,1,40,0.024390243902439025,0.024390243902439025,0.975609756097561,41,900,500,400,0.5555555555555556,13,5,8,328.56754098975387,0.7816565040650406,0.10346424674417287,0.18869858592516914,130570.5857210872,380.2512551938952,130950.8369762811,875,0,446.8292682926829,37,4,13,36.09490666237526,0.6241554054054055,44.49013157894736,1022.0394736842102,27.622688477951627,0
882,4,1,2,39,0.024390243902439025,0.04878048780487805,0.9512195121951219,41,900,400,500,0.4444444444444444,14,4,10,330.09502658189297,0.7773373983739837,0.09997706246654925,0.19007276801376144,130671.89554569364,426.8285667324161,131098.72411242605,876,0,447.8048780487805,38,3,13,35.95350052246605,0.6233552631578947,44.39102564102564,1022.4358974358976,26.906207827260463,0
883,4,1,0,40,0.025,0.0,1.0,40,1050,800,250,0.7619047619047619,13,8,5,344.3294813222255,0.7685096153846154,0.12745901639344304,0.19094634873323396,129201.38888888877,928.9016272189259,130130.2905161077,877,0,459.9,37,3,20,37.08162568306013,0.6103603603603605,45.83333333333333,1016.6666666666657,27.477477477477454,6
884,4,3,2,41,0.06976744186046512,0.046511627906976744,0.9534883720930233,43,750,400,350,0.5333333333333333,11,4,7,339.7868332989356,0.7994186046511628,0.18759672697865604,0.18479886927635777,128429.74044568224,145.10807259963502,128574.84851828187,878,0,428.74418604651163,36,7,14,37.983048179831876,0.6044560185185185,46.59346846846847,1013.6261261261267,28.156281281281295,2
885,4,1,0,42,0.023809523809523808,0.0,1.0,42,800,400,400,0.5,12,4,8,343.8669925036664,0.7982481610530391,0.1986918083058753,0.18705510064267775,128437.66744898842,433.0948859739458,128870.76233496236,879,0,438.85714285714283,35,7,15,37.871565045291916,0.606547619047619,46.58564814814815,1013.6574074074081,28.96164021164023,0
886,4,3,1,44,0.06666666666666667,0.022222222222222223,0.9777777777777777,45,800,600,200,0.75,10,6,4,326.86976841483573,0.8205808080808081,0.21106090854961312,0.1813888971430898,129228.54487407763,-551.8190928848119,128676.72578119283,880,0,410.53333333333336,38,7,18,37.497810934818375,0.6088267543859649,45.806623931623925,1016.7735042735036,26.757197480881672,0
887,4,0,0,44,0.0,0.0,1.0,44,1150,800,350,0.6956521739130435,15,8,7,338.9545821015853,0.811112579281184,0.23192995529061067,0.18796572280178836,129201.38888888898,-41.319444444440364,129160.06944444454,881,1,420.8636363636364,37,7,18,37.21823770491802,0.6103603603603605,45.833333333333336,1016.6666666666674,27.4774774774775,0
888,4,1,0,45,0.022222222222222223,0.0,1.0,45,1250,800,450,0.64,17,8,9,332.50429805500835,0.8211700336700337,0.2331199048318815,0.1857928708252236,129500.26167223671,-388.12127894661296,129112.1403932901,882,0,412.4888888888889,38,7,16,37.07860991567824,0.6115679824561404,45.53952991452991,1017.8418803418793,26.78531264057577,0
889,4,1,1,45,0.021739130434782608,0.021739130434782608,0.9782608695652174,46,1250,800,450,0.64,17,8,9,328.00727939352623,0.8253824476650564,0.23276689537487938,0.18486308880105196,129837.58680555563,-682.4652777777742,129155.12152777785,883,0,404.5,39,7,16,36.850981193785756,0.6132478632478633,45.208333333333336,1019.1666666666673,26.132478632478648,0
890,4,1,1,45,0.021739130434782608,0.021739130434782608,0.9782608695652174,46,1450,1000,450,0.6896551724137931,19,10,9,360.2994979049746,0.8268317230273752,0.26452744899779956,0.19802927290867378,128848.62075617262,93.32561728392707,128941.94637345655,884,0,405.4782608695652,38,8,18,37.035453716370256,0.6049890350877194,46.18055555555554,1015.277777777776,26.717836257309894,3
891,4,0,1,44,0.0,0.022222222222222223,0.9777777777777777,45,1200,900,300,0.75,15,9,6,331.2980975331612,0.8220538720538721,0.19437246433712896,0.17690068226770675,127692.92091836731,-539.1156462585072,127153.8052721088,885,1,415.3777777777778,41,4,17,38.95023557126032,0.5884146341463414,47.32142857142857,1010.7142857142853,24.65156794425086,5
892,4,0,0,44,0.0,0.0,1.0,44,1200,800,400,0.6666666666666666,16,8,8,336.67849617201995,0.8144820295983087,0.2029865688972594,0.17949567224870788,127630.56593504226,-205.90659908120742,127424.65933596106,886,4,425.79545454545456,40,4,17,38.87806329410975,0.5893229166666666,47.38313008130083,1010.4674796747992,25.26168699186998,0
893,4,0,1,43,0.0,0.022727272727272728,0.9772727272727273,44,1400,1000,400,0.7142857142857143,18,10,8,286.7152362752635,0.8152528188865399,0.11903601855907886,0.15130291840597587,127217.08598080432,-1504.9846269526397,125712.10135385167,887,5,426.79545454545456,41,3,15,40.561489985904856,0.5835873983739838,47.79265873015873,1008.8293650793647,24.60559427022841,6
894,4,4,4,43,0.0851063829787234,0.0851063829787234,0.9148936170212766,47,950,500,450,0.5263157894736842,14,5,9,270.2816400641611,0.8308279370952821,0.12461004591818892,0.14518668629995174,127933.68055555529,-2484.3750000000227,125449.30555555526,888,0,400.27659574468083,44,3,13,40.24746018671058,0.5866477272727274,47.08333333333332,1011.6666666666645,22.992424242424192,0
895,4,3,3,43,0.06521739130434782,0.06521739130434782,0.9347826086956522,46,750,400,350,0.5333333333333333,11,4,7,277.1128701707721,0.8194444444444444,0.13335666498461674,0.14892725879801427,127952.8416264919,-2108.5241620753327,125844.31746441657,889,0,409.7826086956522,43,3,13,40.05522276301007,0.5881782945736436,47.06439393939392,1011.742424242422,23.528893587033068,0
896,4,1,0,44,0.022727272727272728,0.0,1.0,44,1050,800,250,0.7619047619047619,13,8,5,287.44249630554543,0.8028321000704722,0.1355227116587414,0.15357900340100644,127717.9894671984,-1457.6844568846573,126260.30501031374,890,0,429.3863636363636,41,3,14,40.0328581476756,0.588668699186992,47.29662698412696,1010.8134920634878,24.653987611304583,0
897,4,5,2,47,0.10204081632653061,0.04081632653061224,0.9591836734693877,49,800,500,300,0.625,11,5,6,263.68182563919504,0.8360260770975056,0.15289272006222787,0.14445122213378456,128718.37196918935,-3011.1498599168785,125707.22210927246,891,0,386.46938775510205,45,4,11,39.61950296051653,0.5932870370370372,46.30887681159418,1014.7644927536198,22.55032206119155,0
898,4,1,3,45,0.020833333333333332,0.0625,0.9375,48,1450,600,850,0.41379310344827586,23,6,17,267.05374350249497,0.8300458037825059,0.14997284953435175,0.14629843953342042,128718.37196918957,-2725.0553816162696,125993.3165875733,892,0,395.5,45,3,13,39.53396039751259,0.5932870370370371,46.308876811594196,1014.7644927536215,22.55032206119159,0
899,4,0,0,45,0.0,0.0,1.0,45,750,600,150,0.8,9,6,3,283.7077604202848,0.8118265993265994,0.15628213299341476,0.15424028970874085,128414.4770446485,-1713.5632624241543,126700.91378222435,893,1,422.06666666666666,42,3,13,39.419614404079034,0.5942460317460319,46.608527131782935,1013.5658914728662,24.132521225544433,0
900,4,1,2,44,0.021739130434782608,0.043478260869565216,0.9565217391304348,46,1000,600,400,0.6,14,6,8,282.45681349586187,0.8167874396135266,0.15976252120346457,0.15455782940728593,128672.41753472199,-1931.119791666688,126741.2977430553,894,0,413.8695652173913,43,3,13,39.1897672826831,0.5954457364341086,46.35416666666666,1014.5833333333314,23.594961240310035,0
901,4,0,0,44,0.0,0.0,1.0,44,1450,900,550,0.6206896551724138,20,9,11,293.49084006341957,0.8082936927413672,0.16489560444448403,0.15978598266425573,128471.19005298856,-1258.9765014802488,127212.2135515083,895,3,433.3636363636364,41,3,13,39.114129725674395,0.5962906504065042,46.55257936507935,1013.7896825396806,24.726577622919038,0
902,4,2,1,45,0.043478260869565216,0.021739130434782608,0.9782608695652174,46,1300,800,500,0.6153846153846154,18,8,10,290.18395263213233,0.8203703703703704,0.1902710806758785,0.1603333579682172,129057.0163639233,-1709.9449753213948,127347.07138860191,896,0,415.4782608695652,43,3,16,38.603991922957455,0.5993217054263567,45.97537878787879,1016.0984848484846,23.630197322057782,0
903,4,1,1,45,0.021739130434782608,0.021739130434782608,0.9782608695652174,46,950,600,350,0.631578947368421,13,6,7,290.41751147459735,0.8228462157809984,0.1944774142324157,0.1607556034376922,129129.19253795041,-1699.724248880868,127429.46828906954,897,0,416.2826086956522,43,3,16,38.524973601664634,0.6000484496124032,45.904356060606055,1016.3825757575748,23.63680408738546,0
904,4,1,1,45,0.021739130434782608,0.021739130434782608,0.9782608695652174,46,950,500,450,0.5263157894736842,14,5,9,291.92421392098913,0.8207528180354268,0.19387027797576595,0.16188524590163925,129201.38888888879,-1656.556868399919,127544.83202048887,898,0,417.2608695652174,41,5,17,38.413592896174855,0.603658536585366,45.83333333333333,1016.6666666666658,24.796747967479654,0
905,4,2,2,45,0.0425531914893617,0.0425531914893617,0.9574468085106383,47,1050,600,450,0.5714285714285714,15,6,9,288.141298185941,0.8283225408572309,0.2084283181357649,0.16135912698412702,129586.77685950408,-1932.1395775941255,127654.63728190996,899,0,409.3404255319149,43,4,14,38.12003968253968,0.6046511627906976,45.45454545454545,1018.1818181818178,23.67864693446088,0
906,4,1,1,45,0.021739130434782608,0.021739130434782608,0.9782608695652174,46,1200,1000,200,0.8333333333333334,14,10,4,295.3519090379253,0.825925925925926,0.21388152370394553,0.16574713912961178,129669.75509472072,-1540.358057658811,128129.3970370619,900,0,418.80434782608694,42,4,16,37.852606792883655,0.6068948412698414,45.37306201550387,1018.5077519379834,24.250184569951983,0
907,4,0,0,45,0.0,0.0,1.0,45,1400,800,600,0.5714285714285714,20,8,12,300.4567186347568,0.8226430976430977,0.20808848197569407,0.16865987590065837,129680.91699932261,-1207.2994417674702,128473.61755755515,901,1,427.55555555555554,41,4,16,37.71133648258173,0.6084857723577237,45.36210317460316,1018.5515873015852,24.842721641502077,0
908,4,1,1,45,0.021739130434782608,0.021739130434782608,0.9782608695652174,46,1350,1000,350,0.7407407407407407,17,10,7,293.9770706530383,0.827536231884058,0.20932385518267504,0.16591409781491206,129891.90853915013,-1562.9514452256608,128328.95709392447,902,0,419.2391304347826,42,4,17,37.66318124207859,0.6091269841269842,45.155038759689916,1019.379844961239,24.270948689553308,0
909,4,0,0,45,0.0,0.0,1.0,45,1650,1200,450,0.7272727272727273,21,12,9,300.7960466471087,0.8210437710437711,0.21199710079079193,0.16928636685547677,129781.98346757679,-1192.4184893865,128589.56497819029,903,1,429.4222222222222,41,4,17,37.600505468471106,0.6095020325203253,45.26289682539682,1018.9484126984122,24.85240030971737,0
910,4,0,0,45,0.0,0.0,1.0,45,1250,1000,250,0.8,15,10,5,303.7220114360015,0.8209175084175084,0.2184240693876669,0.17126454146506462,129857.80915375396,-1111.865000629896,128745.94415312406,904,2,430.4222222222222,41,4,17,37.44930569074036,0.6102642276422765,45.188492063492056,1019.2460317460307,24.859659310878797,0
911,4,0,0,45,0.0,0.0,1.0,45,1200,800,400,0.6666666666666666,16,8,8,306.5794563486769,0.8212542087542088,0.21494666536977602,0.17366079287717623,130034.82187145698,-1026.7990008503311,129008.02287060666,905,3,431.4222222222222,41,4,18,37.197561034918785,0.6120426829268292,45.014880952380956,1019.9404761904767,24.87659698025553,0
912,4,2,1,46,0.0425531914893617,0.02127659574468085,0.9787234042553191,47,1000,600,400,0.6,14,6,8,298.38075316850984,0.8275131051495528,0.2292059774003956,0.17117632681772385,130528.56445312483,-1610.5577256944582,128918.00672743037,906,0,414.02127659574467,43,4,17,36.90855419639823,0.6140988372093024,44.53124999999999,1021.8749999999986,23.7645348837209,0
913,4,1,0,47,0.02127659574468085,0.0,1.0,47,1000,600,400,0.6,14,6,8,298.9255631529685,0.827358926919519,0.2377650214105964,0.17213329628600532,130673.757505811,-1587.6546896522007,129086.10281615879,907,0,415.0,43,4,18,36.748344447531714,0.6155523255813954,44.38920454545455,1022.4431818181822,23.77774841437633,0
914,4,0,0,47,0.0,0.0,1.0,47,1500,1000,500,0.6666666666666666,20,10,10,299.25925925925935,0.8255858772741288,0.2433412135539792,0.17264957264957273,130746.38429752084,-1574.5867768594846,129171.79752066135,908,1,416.0,43,4,18,36.66666666666668,0.6162790697674418,44.31818181818183,1022.7272727272741,23.78435517970405,0
915,4,0,0,47,0.0,0.0,1.0,47,1250,1000,250,0.8,15,10,5,321.037653851093,0.826241134751773,0.2446373109633968,0.17963404600981006,129554.63927469133,-1050.9117373227284,128503.7275373686,909,2,417.0,41,6,17,37.31525693497042,0.6072154471544715,45.48611111111111,1018.0555555555554,24.830623306233058,6
916,4,2,1,48,0.04081632653061224,0.02040816326530612,0.9795918367346939,49,950,700,250,0.7368421052631579,12,7,5,317.012160787248,0.8358843537414966,0.26984232207964354,0.1800635757766263,130141.77755000295,-1548.6947780360351,128593.08277196692,910,0,400.9387755102041,43,6,19,36.82337587006959,0.6102228682170543,44.91003787878788,1020.3598484848492,23.729298801973236,0
917,4,0,0,48,0.0,0.0,1.0,48,1150,800,350,0.6956521739130435,15,8,7,324.1445838816142,0.8312278368794326,0.2789443072832589,0.1842183816976405,130163.68762581871,-1161.629127606518,129002.0584982122,911,1,410.125,42,6,19,36.619266926217826,0.6118551587301587,44.888565891472865,1020.4457364341081,24.296327057954954,0
918,4,0,0,48,0.0,0.0,1.0,48,1650,1400,250,0.8484848484848485,19,14,5,325.5963933823466,0.8312647754137116,0.27653700756068456,0.1863835390819675,130444.20070725102,-1105.4926267370784,129338.70808051394,912,2,411.125,40,8,20,36.29853926250166,0.6177083333333333,44.613821138211385,1021.5447154471549,25.538617886178873,0
919,4,0,0,48,0.0,0.0,1.0,48,1400,1000,400,0.7142857142857143,18,10,8,322.36136697365646,0.8291777482269503,0.26855222286934577,0.1851152063858757,130566.58340419504,-1182.07553854875,129384.5078656463,913,3,412.125,41,7,17,36.257522811104636,0.6173780487804879,44.49404761904762,1022.0238095238097,24.927409988385605,0
920,4,0,0,48,0.0,0.0,1.0,48,1750,1200,550,0.6857142857142857,23,12,11,320.2440862550833,0.8281804078014184,0.2639528960900357,0.18450283940923112,130693.35322381284,-1229.2453034454354,129464.1079203674,914,4,413.125,41,7,17,36.183641376410854,0.6186483739837398,44.37003968253969,1022.5198412698426,24.939508323654696,0
921,4,0,1,47,0.0,0.020833333333333332,0.9791666666666666,48,1300,900,400,0.6923076923076923,17,9,8,317.5967983552419,0.8289930555555556,0.26512800620636146,0.18357949465466677,130820.18455530363,-1290.3856449987384,129529.79891030489,915,5,414.125,41,7,17,36.12336759762089,0.6199186991869918,44.24603174603175,1023.0158730158732,24.951606658923737,0
922,4,1,1,47,0.020833333333333332,0.020833333333333332,0.9791666666666666,48,1100,700,400,0.6363636363636364,15,7,8,312.45801070307493,0.8322990543735225,0.26045805739514316,0.18206621682092075,131129.55670482546,-1405.5039135268346,129724.05279129863,916,0,398.3125,42,6,18,35.943117313150424,0.6215277777777778,43.9437984496124,1024.2248062015506,24.386304909560728,0
923,4,0,1,46,0.0,0.02127659574468085,0.9787234042553191,47,750,400,350,0.5333333333333333,11,4,7,318.9272010631004,0.8278214616096207,0.2607790215528887,0.18520032570456585,130997.85175933805,-1044.2443586230688,129953.60740071499,917,7,407.78723404255317,41,6,18,35.910193978744715,0.6216971544715446,44.07242063492064,1023.7103174603179,24.96854432830044,0
924,4,0,0,46,0.0,0.0,1.0,46,1700,1200,500,0.7058823529411765,22,12,10,325.4353850001599,0.8173510466988728,0.27481143310837597,0.1893237262853125,131067.83743142319,-669.1775728732816,130398.65985854992,918,8,417.2608695652174,40,6,18,35.67305147545322,0.6239583333333333,44.00406504065041,1023.9837398373991,25.599593495934975,0
925,4,0,0,46,0.0,0.0,1.0,46,1300,1100,200,0.8461538461538461,15,11,4,324.4907474776667,0.81676731078905,0.273337038627693,0.18930460217256423,131175.63952664405,-686.9437358276618,130488.69579081639,919,9,418.2608695652174,41,5,19,35.58856285105558,0.6234756097560975,43.898809523809526,1024.4047619047624,24.98548199767713,0
926,4,0,0,46,0.0,0.0,1.0,46,1400,1000,400,0.7142857142857143,18,10,8,369.13518681601096,0.81676731078905,0.3562243308313269,0.19606315285902307,127479.27847991687,231.61303360217187,127710.89151351905,920,10,419.2608695652174,37,9,16,38.21344553022076,0.5929054054054055,47.5328947368421,1009.8684210526314,27.29374110953058,6
927,4,1,0,47,0.02127659574468085,0.0,1.0,47,1400,1200,200,0.8571428571428571,16,12,4,363.67135611641106,0.8220397779833487,0.3552723871872805,0.19467113768584354,127793.2098765432,-105.05401234568123,127688.15586419753,921,0,411.3191489361702,38,9,17,38.0294184981685,0.5942982456140351,47.22222222222222,1011.1111111111111,26.608187134502923,0
928,4,2,1,48,0.04081632653061224,0.02040816326530612,0.9795918367346939,49,1100,900,200,0.8181818181818182,13,9,4,354.38863708621983,0.8319515306122449,0.35488810118086267,0.19263695189100127,128408.33875868072,-698.226514274674,127710.11224440605,922,0,395.48979591836735,39,10,14,37.634892086330936,0.5988247863247863,46.61458333333334,1013.541666666668,25.988247863247896,0
929,4,0,0,48,0.0,0.0,1.0,48,1450,900,550,0.6206896551724138,20,9,11,337.70749016503873,0.8269060283687943,0.29799756865968074,0.18405625471816847,128513.93771701396,-917.5347222222135,127596.40299479174,923,1,404.7291666666667,39,9,14,37.94988356961851,0.5998931623931624,46.51041666666667,1013.958333333334,25.998931623931643,2
930,4,0,0,48,0.0,0.0,1.0,48,1300,1000,300,0.7692307692307693,16,10,6,339.5527071859471,0.8278110224586288,0.2996024614015269,0.18543043801848405,128593.16541883702,-867.1685112846999,127725.99690755231,924,2,405.7291666666667,39,9,15,37.82233148471467,0.6006944444444444,46.43229166666668,1014.2708333333351,26.00694444444449,0
931,4,2,3,47,0.04,0.06,0.94,50,1250,900,350,0.72,16,9,7,330.30666408335003,0.8398469387755102,0.30039282990083893,0.18271393949927112,129102.89345592231,-1471.290787813216,127631.6026681091,925,0,390.46,42,8,16,37.53813882532417,0.601190476190476,45.930232558139544,1016.2790697674434,24.197120708748653,0
932,4,1,1,47,0.020833333333333332,0.020833333333333332,0.9791666666666666,48,1350,1100,250,0.8148148148148148,16,11,5,342.6408536745273,0.8255208333333333,0.302084375312593,0.1891430488229849,129020.64252635694,-758.4513806265877,128262.19114573035,926,0,407.625,40,8,18,37.308484211930235,0.6033854166666666,46.01117886178863,1015.9552845528477,25.398882113821195,0
933,4,2,1,48,0.04081632653061224,0.02040816326530612,0.9795918367346939,49,1300,700,600,0.5384615384615384,19,7,12,343.6421639617756,0.831030328798186,0.3115241302274008,0.19156711278314592,129408.11107806218,-905.856818857802,128502.25425920438,927,0,400.18367346938777,40,9,19,36.888858369956075,0.6072916666666666,45.63008130081302,1017.4796747967494,25.436991869918735,0
934,4,1,1,48,0.02040816326530612,0.02040816326530612,0.9795918367346939,49,1350,1000,350,0.7407407407407407,17,10,7,343.4401874685422,0.8286918934240363,0.3174336108332936,0.19233802337883335,129589.12854658296,-898.7770796152907,128690.35146696767,928,0,401.16326530612247,40,9,15,36.71004258575371,0.6091145833333333,45.45223577235773,1018.191056910571,25.454776422764276,0
935,4,2,2,48,0.04,0.04,0.96,50,1300,900,400,0.6923076923076923,17,9,8,334.75539453353946,0.8313265306122448,0.3136175182481753,0.18888586923844694,129883.08930342968,-1304.1870393990962,128578.90226403058,929,0,394.1,41,9,15,36.63290754257907,0.6105182926829269,45.163690476190474,1019.3452380952378,24.86207897793263,0
936,4,0,0,48,0.0,0.0,1.0,48,1500,900,600,0.6,21,9,12,345.995932335936,0.8247635933806147,0.3168545693151994,0.19434200013286165,129704.91672092023,-624.525282118046,129080.39143880218,930,3,411.5208333333333,39,9,15,36.527358796059595,0.6119123931623931,45.33854166666667,1018.645833333334,26.11912393162395,0
937,4,0,0,48,0.0,0.0,1.0,48,1650,1100,550,0.6666666666666666,22,11,11,348.50304520138474,0.8231567671394799,0.31821203057494163,0.19659648725364962,129873.8401827616,-547.7142408619206,129326.12594189968,931,4,412.5208333333333,40,8,15,36.29195746095047,0.6119791666666667,45.172764227642276,1019.3089430894311,25.482723577235777,0
938,4,1,0,49,0.02040816326530612,0.0,1.0,49,900,500,400,0.5555555555555556,13,5,8,343.14454195439674,0.8283021541950114,0.3164068933358466,0.19487805709558087,130136.02612630701,-868.9065846245938,129267.11954168242,932,0,405.0816326530612,41,8,17,36.16259520337059,0.6130589430894309,44.9156746031746,1020.3373015873017,24.88627564847077,0
939,4,2,1,50,0.0392156862745098,0.0196078431372549,0.9803921568627451,51,1000,700,300,0.7,13,7,6,332.13559606995955,0.8387254901960786,0.3182540454648639,0.18789332922416688,129984.23450688133,-1560.0250574767083,128424.20944940462,933,0,390.15686274509807,41,10,15,36.597168174595446,0.6115345528455285,45.06448412698412,1019.7420634920625,24.871757646147866,7
940,4,1,1,50,0.0196078431372549,0.0196078431372549,0.9803921568627451,51,900,500,400,0.5555555555555556,13,5,8,335.4433089082412,0.8383986928104576,0.3343765882887939,0.1876946148318631,129554.6392746913,-1508.0549059901828,128046.58436870112,934,0,391.1372549019608,41,10,15,36.94861300591176,0.6072154471544715,45.48611111111111,1018.0555555555552,24.830623306233054,1
941,4,0,0,50,0.0,0.0,1.0,50,1550,1000,550,0.6451612903225806,21,10,11,339.4263653433403,0.8342006802721088,0.32953883010581,0.18996499039159676,129563.26116233708,-1204.5626363275992,128358.69852600948,935,2,399.96,40,10,15,36.83848239834965,0.6088541666666667,45.477642276422756,1018.0894308943077,25.452235772357692,0
942,4,0,0,50,0.0,0.0,1.0,50,1300,1100,200,0.8461538461538461,15,11,4,340.2847108719068,0.8342517006802721,0.3326677705269312,0.19101712009414237,129680.91699932268,-1174.313330656358,128506.60366866633,936,3,400.96,41,9,15,36.69716486477709,0.6084857723577237,45.36210317460316,1018.5515873015858,24.84272164150209,0
943,4,0,0,50,0.0,0.0,1.0,50,1950,1500,450,0.7692307692307693,24,15,9,343.77793169588233,0.8337074829931973,0.3403970802919718,0.19397683954833508,129883.08930342935,-1069.812039399126,128813.27726403023,937,4,401.96,41,9,16,36.4029805352798,0.6105182926829269,45.16369047619046,1019.3452380952352,24.862078977932565,0
944,4,1,1,50,0.0196078431372549,0.0196078431372549,0.9803921568627451,51,750,600,150,0.8,9,6,3,338.075343735276,0.8376470588235295,0.33893557422969245,0.1917703242912168,130089.53788834796,-1403.9869524067171,128685.55093594124,938,0,395.05882352941177,42,9,16,36.33900867527862,0.6111111111111112,44.961240310077514,1020.1550387596892,24.289405684754506,0
945,4,1,1,50,0.0196078431372549,0.0196078431372549,0.9803921568627451,51,1200,900,300,0.75,15,9,6,375.35109260495193,0.8374836601307191,0.35790227136695507,0.2106075318306649,129663.42872242274,-410.8693640672537,129252.55935835549,939,0,396.03921568627453,38,13,13,35.822056715269746,0.6132127192982457,45.379273504273485,1018.482905982903,26.802181736392185,6
946,4,0,0,50,0.0,0.0,1.0,50,1150,800,350,0.6956521739130435,15,8,7,382.64327299532385,0.8331632653061224,0.36299870745368357,0.2140036232824446,129536.03512619242,-86.7815096953185,129449.25361649711,940,7,404.96,37,13,13,35.76628249317821,0.6137387387387389,45.50438596491227,1017.9824561403489,27.513039355144564,0
947,4,0,1,49,0.0,0.02,0.98,50,1400,1100,300,0.7857142857142857,17,11,6,379.9044973703953,0.8324659863945578,0.363341946597761,0.21307687026426475,129647.68005540135,-149.25265466300868,129498.42740073834,941,8,405.96,37,13,13,35.72216838931954,0.6148648648648649,45.394736842105246,1018.4210526315765,27.52489331436693,0
948,4,2,2,49,0.0392156862745098,0.0392156862745098,0.9607843137254902,51,950,600,350,0.631578947368421,13,6,7,368.94930056577095,0.8359477124183007,0.3573879444514554,0.20864498574455967,129970.3247070311,-609.5079210069594,129360.81678602415,942,0,398.27450980392155,39,12,13,35.672800251983524,0.6145833333333335,45.07812499999999,1019.6874999999989,26.145833333333304,0
949,4,0,0,49,0.0,0.0,1.0,49,1300,900,400,0.6923076923076923,17,9,8,380.71387202961114,0.8284438775510204,0.365305480480963,0.21421051312958098,129772.26382725168,81.22020874423586,129853.48403599592,943,10,415.53061224489795,38,11,13,35.574604173220095,0.6143092105263158,45.27243589743589,1018.9102564102553,26.813427800269878,0
950,4,0,0,49,0.0,0.0,1.0,49,1100,600,500,0.5454545454545454,16,6,10,386.26108926945227,0.8276998299319728,0.37293399699257157,0.2179371409059634,129881.14458917729,233.60647691575522,130114.75106609304,944,11,416.53061224489795,38,11,13,35.32233693183804,0.615405701754386,45.16559829059828,1019.3376068376056,26.824673864147513,0
951,4,0,0,49,0.0,0.0,1.0,49,1300,800,500,0.6153846153846154,18,8,10,384.05455577630465,0.8274163832199547,0.37408124783540053,0.21744868264772255,130017.30974687697,186.74802761340413,130204.05777449037,945,12,417.53061224489795,38,11,15,35.239891053844545,0.6167763157894738,45.03205128205128,1019.8717948717941,26.838731443994583,0
952,4,0,0,49,0.0,0.0,1.0,49,1050,700,350,0.6666666666666666,14,7,7,382.8448029395367,0.8268849206349207,0.37180561374109766,0.2170666376761694,130071.79578493666,159.46220505513716,130231.2579899918,946,13,418.53061224489795,38,11,15,35.215271959223564,0.6173245614035088,44.97863247863247,1020.085470085469,26.844354475933393,0
953,4,0,0,49,0.0,0.0,1.0,49,1500,1000,500,0.6666666666666666,20,10,10,388.32471086588714,0.8247236394557823,0.3790893241718798,0.2207903356066044,130180.80210387899,310.48446745561586,130491.28657133461,947,14,419.53061224489795,38,11,15,34.96453622278057,0.618421052631579,44.87179487179487,1020.5128205128202,26.855600539811057,0
954,4,0,0,49,0.0,0.0,1.0,49,1350,1100,250,0.8148148148148148,16,11,5,380.08739516836164,0.825077947845805,0.3796076911558761,0.21018197961935392,129089.93632656184,13.117210279521402,129103.05353684137,948,15,420.53061224489795,37,12,16,36.28659545389153,0.6092342342342343,45.94298245614034,1016.2280701754371,27.465623518255057,2
955,4,2,2,49,0.0392156862745098,0.0392156862745098,0.9607843137254902,51,1650,1200,450,0.7272727272727273,21,12,9,367.4256447825436,0.8327450980392158,0.37187703725991716,0.2058215288108516,129598.82948133671,-676.4133029513966,128922.41617838532,949,0,405.0,39,12,15,36.089620630861035,0.6108440170940173,45.44270833333333,1018.2291666666658,26.10844017094015,0
956,4,0,0,49,0.0,0.0,1.0,49,1100,700,400,0.6363636363636364,15,7,8,383.0004717576704,0.8245819160997733,0.38937437847066403,0.21299234868250294,129312.88954293614,105.37953985840122,129418.26908279455,950,17,422.53061224489795,37,12,16,35.98488932010924,0.6114864864864865,45.72368421052631,1017.1052631578935,27.489331436699825,0
957,4,2,2,49,0.0392156862745098,0.0392156862745098,0.9607843137254902,51,1000,700,300,0.7,13,7,6,370.5106415132521,0.8361437908496733,0.3812021268066421,0.20859686706644448,129796.16057117113,-581.8282561636703,129214.33231500746,951,0,406.921568627451,40,11,15,35.810187493766826,0.6111979166666668,45.24898373983739,1019.0040650406494,25.475101626016233,0
958,4,2,0,51,0.0392156862745098,0.0,1.0,51,1600,1200,400,0.75,20,12,8,372.35051798506527,0.8348366013071896,0.3936868381849652,0.2037468564704796,128672.41753472232,-608.7639271019137,128063.6536076204,952,0,407.88235294117646,39,12,17,36.90965092402464,0.6014957264957265,46.35416666666667,1014.5833333333342,26.014957264957285,3
959,4,0,0,51,0.0,0.0,1.0,51,950,600,350,0.631578947368421,13,6,7,369.69136795362317,0.8336274509803923,0.3871869938329364,0.20296576792721435,128804.55864800338,-676.4133029513978,128128.14534505198,953,1,408.88235294117646,39,12,17,36.84207713357277,0.6028311965811967,46.22395833333333,1015.1041666666658,26.028311965811945,0
960,4,1,0,52,0.019230769230769232,0.0,1.0,52,550,300,250,0.5454545454545454,8,3,5,362.65524759282715,0.8375125691302161,0.3880699216766428,0.20032194284160695,129046.45568940444,-1040.125132196449,128006.33055720798,954,0,402.0,40,12,18,36.773813095952505,0.6036458333333334,45.985772357723576,1016.0569105691056,25.40142276422764,0
961,4,3,5,50,0.05454545454545454,0.09090909090909091,0.9090909090909091,55,950,800,150,0.8421052631578947,11,8,3,352.6536200294105,0.8490179573512907,0.33997698504027607,0.1983435201370233,129756.71315980093,-1816.7632568621138,127939.94990293881,955,0,381.0181818181818,41,14,15,36.30517689061993,0.6092479674796747,45.28769841269841,1018.849206349206,24.849980642663564,3
962,4,3,5,48,0.05660377358490566,0.09433962264150944,0.9056603773584906,53,1300,1000,300,0.7692307692307693,16,10,6,373.0029459586645,0.8443396226415094,0.382520878132661,0.21027805199659608,129847.9443969363,-913.2668426531864,128934.67755428312,956,0,396.2641509433962,40,13,16,35.693987436434334,0.6117187500000001,45.198170731707314,1019.2073170731703,25.480182926829258,0
963,4,2,1,49,0.04,0.02,0.98,50,1650,1200,450,0.7272727272727273,21,12,9,381.3790620478635,0.8393877551020408,0.37608228431071544,0.21306202488677392,129492.78564453126,-114.44377991202634,129378.34186461924,957,0,409.2,39,11,15,35.842565585235214,0.6097756410256411,45.546875,1017.8125000000001,26.097756410256412,2
964,4,1,1,49,0.02,0.02,0.98,50,1400,900,500,0.6428571428571429,19,9,10,383.16599184987035,0.8410204081632653,0.37826086956521743,0.21463882924541436,129598.82948133672,-68.42719184028647,129530.40228949644,958,0,410.18,39,11,16,35.688938618925825,0.6108440170940173,45.44270833333333,1018.229166666666,26.108440170940153,0
965,4,1,0,50,0.02,0.0,1.0,50,1300,700,600,0.5384615384615384,19,7,12,378.67857695476346,0.8409013605442177,0.3828629856850718,0.21284347601250503,129731.4453125,-174.69618055555605,129556.74913194444,959,0,411.16,39,11,17,35.66802999318337,0.6121794871794872,45.3125,1018.75,26.121794871794872,0
966,4,1,1,50,0.0196078431372549,0.0196078431372549,0.9803921568627451,51,950,600,350,0.631578947368421,13,6,7,370.7307452846492,0.8453594771241831,0.3782238428558593,0.20969065942424836,129977.44914568032,-562.6726816048811,129414.77646407545,960,0,404.078431372549,40,11,18,35.62014151883595,0.6130208333333333,45.071138211382106,1019.7154471544703,25.49288617886176,0
967,4,1,0,51,0.0196078431372549,0.0,1.0,51,1100,700,400,0.6363636363636364,15,7,8,372.8588801484876,0.8497712418300655,0.3819898329702254,0.21202870647249802,130186.64301658153,-491.7508149093075,129694.89220167222,961,0,402.7450980392157,41,10,19,35.353176339068725,0.6135670731707317,44.86607142857142,1020.5357142857134,24.891114982578376,0
968,4,1,1,51,0.019230769230769232,0.019230769230769232,0.9807692307692307,52,1600,1200,400,0.75,20,12,8,368.7493570500049,0.8556121166415284,0.37557829530306575,0.21154568378131886,130528.56445312515,-773.4687234268556,129755.0957296983,962,0,395.9807692307692,39,13,15,35.11085626911316,0.6201923076923077,44.53125000000001,1021.8750000000011,26.201923076923105,0
969,4,1,1,51,0.019230769230769232,0.019230769230769232,0.9807692307692307,52,950,500,450,0.5263157894736842,14,5,9,369.92478528431786,0.851872800402212,0.3791023092215935,0.21289721624486493,130651.91436975352,-733.7237259567629,129918.19064379676,963,0,396.96153846153845,40,12,15,34.95568257123924,0.6197916666666667,44.41056910569106,1022.3577235772362,25.558943089430905,0
970,4,0,0,51,0.0,0.0,1.0,51,1000,600,400,0.6,14,6,8,375.06715255501825,0.8485947712418301,0.38140352981151704,0.21517010330787895,130528.56445312501,-408.60460069444326,130119.95985243058,964,3,405.7450980392157,39,12,16,34.94945633707101,0.6201923076923077,44.53125,1021.8750000000001,26.20192307692308,0
971,4,0,0,51,0.0,0.0,1.0,51,1600,1200,400,0.75,20,12,8,371.1795874568814,0.8465032679738563,0.3814762001765468,0.21411522853417514,130741.54188368049,-494.28168402778203,130247.26019965271,965,4,406.7450980392157,39,12,16,34.83270523528215,0.6223290598290598,44.322916666666664,1022.7083333333328,26.223290598290586,0
972,4,0,1,50,0.0,0.0196078431372549,0.9803921568627451,51,1800,1300,500,0.7222222222222222,23,13,10,376.10241616443994,0.8454575163398693,0.3896640102206952,0.21762063942204507,130859.79327781092,-356.66311388722823,130503.13016392369,966,5,407.7450980392157,40,11,16,34.58689246457422,0.621875,44.207317073170735,1023.1707317073178,25.579268292682947,0
973,4,1,1,50,0.0196078431372549,0.0196078431372549,0.9803921568627451,51,1250,1000,250,0.8,15,10,5,372.6017453824794,0.8470261437908497,0.3872354252293029,0.2163690157907598,130997.85175933783,-437.99435862309934,130559.85740071474,967,0,408.6078431372549,41,10,16,34.53651435862646,0.6216971544715448,44.072420634920626,1023.7103174603162,24.968544328300396,0
974,4,0,1,49,0.0,0.02,0.98,50,1400,1200,200,0.8571428571428571,16,12,4,378.84358961048224,0.8394047619047619,0.39198768252706917,0.21905907045426315,130833.79937743726,-86.89076029480952,130746.90861714244,968,7,417.78,40,10,16,34.54314426674613,0.6216145833333334,44.23272357723577,1023.0691056910559,25.5767276422764,0
975,4,0,0,49,0.0,0.0,1.0,49,1450,1200,250,0.8275862068965517,17,12,5,383.2996218869777,0.8337585034013606,0.38860700052776154,0.2217178378194285,130848.095703125,230.8051215277784,131078.90082465278,969,8,427.1224489795918,39,10,18,34.414664358922145,0.6233974358974359,44.21875,1023.125,26.233974358974358,0
976,4,0,1,48,0.0,0.02040816326530612,0.9795918367346939,49,1300,800,500,0.6153846153846154,18,8,10,384.47900277528447,0.8323412698412699,0.38656097424214475,0.22317041702733126,130981.34901258675,271.9156901041623,131253.2647026909,970,9,428.1224489795918,39,10,18,34.24928343678979,0.6247329059829061,44.088541666666664,1023.6458333333329,26.24732905982905,0
977,4,0,0,48,0.0,0.0,1.0,48,1400,1000,400,0.7142857142857143,18,10,8,387.4031148185211,0.8284759160756501,0.38517320534223787,0.22529559784106185,131054.49631090631,554.1840163634738,131608.68032726977,971,10,436.3958333333333,38,10,19,34.10023650528658,0.6271929824561404,44.017094017094,1023.9316239316219,26.945569050832155,0
978,4,0,0,48,0.0,0.0,1.0,48,1100,700,400,0.6363636363636364,15,7,8,396.977543268854,0.8282727541371159,0.36084531710914414,0.2220715959870324,129545.08562616687,729.7793935787854,130274.86501974566,972,11,437.3958333333333,36,12,16,35.39223820058998,0.6157407407407407,45.495495495495504,1018.0180180180193,28.278278278278314,6
979,4,0,0,48,0.0,0.0,1.0,48,1000,900,100,0.9,11,9,2,392.41867705706966,0.8284759160756501,0.36123147450389315,0.22025239221650267,129675.59880203521,577.4253856955954,130253.0241877308,973,12,438.3958333333333,37,11,16,35.37506279829189,0.6151463963963963,45.36732456140351,1018.5307017543857,27.527856804172586,0
980,4,0,0,48,0.0,0.0,1.0,48,900,500,400,0.5555555555555556,13,5,8,392.41867705706966,0.8286421394799054,0.36123147450389315,0.22025239221650267,129675.59880203521,577.4253856955954,130253.0241877308,974,13,439.3958333333333,37,11,16,35.37506279829189,0.6151463963963963,45.36732456140351,1018.5307017543857,27.527856804172586,0
981,4,0,0,48,0.0,0.0,1.0,48,1450,1200,250,0.8275862068965517,17,12,5,393.87560961761955,0.8290299940898345,0.36123519913885893,0.22122759451920712,129703.52055440134,617.4106455832539,130320.9311999846,975,14,440.3958333333333,37,11,16,35.30947255113025,0.6154279279279279,45.33991228070175,1018.6403508771929,27.530820293978184,0
982,4,0,0,48,0.0,0.0,1.0,48,1300,900,400,0.6923076923076923,17,9,8,394.9984388930055,0.8300088652482269,0.3609131253362019,0.22265072707765243,129843.17440222003,657.5702379578413,130500.74464017787,976,15,441.3958333333333,37,11,17,35.13840326340327,0.6168355855855856,45.202850877192986,1019.188596491229,27.54563774300619,0
983,4,0,0,48,0.0,0.0,1.0,48,1750,1100,650,0.6285714285714286,24,11,13,395.9203847756511,0.829510195035461,0.3650278583969333,0.22445139180791468,130066.77685682129,699.2176679362849,130765.99452475758,977,16,442.3958333333333,37,11,17,34.88693163495646,0.6190878378378378,44.983552631578945,1020.0657894736839,27.569345661450917,0
984,4,1,1,48,0.02040816326530612,0.02040816326530612,0.9795918367346939,49,1400,1100,300,0.7857142857142857,17,11,6,383.29383526623144,0.8352820294784581,0.3483348356240292,0.21941590396394473,130444.94224773237,200.33756461956114,130645.27981235193,978,0,434.3469387755102,34,15,18,34.82427261779901,0.6289828431372548,44.613095238095234,1021.5476190476186,30.0455182072829,0
985,4,2,1,49,0.04,0.02,0.98,50,1150,700,450,0.6086956521739131,16,7,9,374.40891330002273,0.8398469387755102,0.3445208734019689,0.2164421441895943,130824.41332572428,-203.63471472052717,130620.77861100376,979,0,426.62,35,15,16,34.66608684994532,0.630654761904762,44.24189814814814,1023.032407407406,29.229497354497315,0
986,4,0,1,48,0.0,0.02040816326530612,0.9795918367346939,49,1100,700,400,0.6363636363636364,15,7,8,378.28248833064083,0.8364158163265306,0.354050171552041,0.2189453190034924,130870.93431122461,101.23653628119007,130972.1708475058,980,1,436.3265306122449,34,15,16,34.51982741904209,0.6332720588235293,44.19642857142858,1023.2142857142867,30.094537815126078,0
987,4,0,0,48,0.0,0.0,1.0,48,950,600,350,0.631578947368421,13,6,7,386.1287314624153,0.8318003841607565,0.3649506381162968,0.2231341082351403,130810.03578514747,501.9026360544343,131311.9384212019,981,2,445.4375,34,14,16,34.380939912331755,0.6326593137254901,44.25595238095239,1022.976190476191,30.08753501400562,0
988,4,0,0,48,0.0,0.0,1.0,48,1150,900,250,0.782608695652174,14,9,5,386.0243891303439,0.8318003841607565,0.3653033123884879,0.22324990579987739,130840.48327664408,501.5235260771085,131342.00680272118,982,3,446.4375,34,14,17,34.35269761849352,0.6329656862745097,44.22619047619048,1023.0952380952389,30.09103641456585,0
989,4,0,0,48,0.0,0.0,1.0,48,1150,800,350,0.6956521739130435,15,8,7,384.27808258070456,0.8322251773049645,0.3341158818097876,0.21263701381305083,129115.53603857238,324.1611535349512,129439.69719210733,983,4,447.4375,36,12,17,36.15397045244691,0.611400462962963,45.917792792792795,1016.328828828829,28.23135635635636,6
990,4,1,0,49,0.02040816326530612,0.0,1.0,49,950,500,450,0.5263157894736842,14,5,9,373.26462634458096,0.8375850340136055,0.3399565926947856,0.19945814614800747,127723.00347222234,-246.27833069554958,127476.72514152678,984,0,439.2857142857143,39,10,16,37.85895850508381,0.5918803418803419,47.29166666666667,1010.8333333333343,25.918803418803442,8
991,4,3,3,49,0.057692307692307696,0.057692307692307696,0.9423076923076923,52,1000,800,200,0.8,12,8,4,350.7808717317374,0.8538053041729512,0.32768837432021103,0.19009787482522356,128287.0962178395,-1395.7014446879266,126891.39477315157,985,0,414.88461538461536,36,16,17,37.85015562472209,0.6030092592592593,46.734234234234236,1013.0630630630634,28.14064064064065,0
992,4,1,1,49,0.02,0.02,0.98,50,1600,1200,400,0.75,20,12,8,375.7553011822106,0.8403571428571428,0.37424657534246597,0.20470251482314453,128496.33487654313,-343.3641975308765,128152.97067901226,986,0,432.34,35,15,17,37.00342465753423,0.6071428571428572,46.52777777777777,1013.8888888888882,28.96825396825395,0
993,4,0,0,49,0.0,0.0,1.0,49,1550,1000,550,0.6451612903225806,21,10,11,380.53728395061734,0.8381164965986395,0.37849886621315165,0.2068137412775094,128401.20525931337,-27.710818927033415,128373.49444038633,987,1,442.14285714285717,36,13,17,36.97962962962962,0.6041666666666667,46.62162162162162,1013.5135135135135,28.153153153153156,0
994,4,1,1,49,0.02,0.02,0.98,50,1350,1000,350,0.7407407407407407,17,10,7,374.9423859428423,0.8415816326530612,0.38070872947277423,0.2055963699222126,128755.86718990462,-344.7935903354847,128411.07359956914,988,0,434.28,37,13,17,36.75858902333621,0.6058558558558558,46.271929824561404,1014.9122807017546,27.43006164058796,0
995,4,1,1,49,0.02,0.02,0.98,50,1900,1300,600,0.6842105263157895,25,13,12,375.2844319495341,0.8393197278911564,0.3802202785876252,0.20650678100324613,128895.0100631924,-325.54187346108245,128569.46818973131,989,0,435.26,37,13,18,36.60770525141273,0.6072635135135136,46.13486842105262,1015.4605263157886,27.444879089615906,0
996,4,3,1,51,0.057692307692307696,0.019230769230769232,0.9807692307692307,52,1400,1100,300,0.7857142857142857,17,11,6,349.9711597780286,0.8526269482151834,0.343966373926462,0.19474432567192357,129337.19735051879,-1346.7785145233236,127990.41883599547,990,0,419.46153846153845,38,14,15,36.80001225361481,0.609923245614035,45.69978632478633,1017.2008547008556,26.76844354475936,1
997,4,0,0,51,0.0,0.0,1.0,51,950,500,450,0.5263157894736842,14,5,9,354.7402095568276,0.846045751633987,0.34345656732960084,0.1969905084341822,129255.70371283506,-1029.5609156987396,128226.14279713633,991,1,428.6862745098039,38,13,15,36.76170589059328,0.6091008771929824,45.77991452991453,1016.8803418803413,26.760008996851088,0
998,4,2,2,51,0.03773584905660377,0.03773584905660377,0.9622641509433962,53,950,700,250,0.7368421052631579,12,7,5,342.1600547135197,0.8535921625544267,0.3427992878892241,0.19250823280346538,129770.27253123165,-1719.5592901050704,128050.71324112658,992,0,413.47169811320754,40,13,14,36.55869738679434,0.6109374999999999,45.27439024390245,1018.9024390243922,25.472560975609802,0
999,4,0,0,51,0.0,0.0,1.0,51,1050,600,450,0.5714285714285714,15,6,9,357.0565396034913,0.8455228758169936,0.34665909193826594,0.1993740091596049,129473.07715136246,-954.1582201037306,128518.91893125874,993,1,430.6470588235294,38,13,14,36.481515501434686,0.6112938596491228,45.56623931623932,1017.7350427350432,26.782501124606398,0
1000,4,0,0,51,0.0,0.0,1.0,51,1250,900,350,0.72,16,9,7,358.08374961192584,0.846013071895425,0.3463298034278752,0.20077966478240503,129636.22708013767,-915.8747443202177,128720.35233581746,994,2,431.6470588235294,38,13,14,36.289384879004075,0.612938596491228,45.405982905982924,1018.376068376071,26.79937022042292,0
1001,4,1,1,51,0.019230769230769232,0.019230769230769232,0.9807692307692307,52,1300,1100,200,0.8461538461538461,15,11,4,353.86488027723385,0.8491233031674207,0.352448873769474,0.20038698917260886,130023.4388563373,-1197.8542751735577,128825.58458116376,995,0,424.3269230769231,39,13,16,36.00340874272292,0.6151175213675211,45.02604166666669,1019.8958333333374,26.151175213675316,0
1002,4,1,0,52,0.019230769230769232,0.0,1.0,52,950,500,450,0.5263157894736842,14,5,9,347.8630755158803,0.8534125188536953,0.34866025703327685,0.1980721186487492,130237.26974875621,-1339.05255968125,128898.21718907496,996,0,420.34615384615387,41,11,17,35.939575436550385,0.6140752032520324,44.81646825396827,1020.7341269841288,24.89595431668607,0
1003,4,2,1,53,0.037037037037037035,0.018518518518518517,0.9814814814814815,54,1300,1000,300,0.7692307692307693,16,10,6,330.24663612734753,0.8637025390170044,0.33568138869085873,0.1906344338703373,130768.17626953172,-2162.8400929960676,128605.33617653565,997,0,405.74074074074076,39,15,16,35.85236531214991,0.6225961538461536,44.29687500000002,1022.8125000000038,26.225961538461636,0
1004,4,0,0,53,0.0,0.0,1.0,53,1200,800,400,0.6666666666666666,16,8,8,337.98341291709903,0.8574020319303338,0.34304618712693036,0.19536992926773603,130821.45317925372,-1756.903754340253,129064.54942491346,998,1,414.39622641509436,39,14,16,35.6006898482843,0.6231303418803418,44.24479166666668,1023.0208333333353,26.23130341880347,0
1005,4,0,0,53,0.0,0.0,1.0,53,1300,900,400,0.6923076923076923,17,9,8,340.5606425532365,0.8568577648766328,0.35093110441890496,0.19726814578083712,130901.38888888899,-1684.0277777777692,129217.36111111123,999,2,415.39622641509436,39,14,16,35.453990228013026,0.6239316239316239,44.16666666666667,1023.3333333333342,26.23931623931626,0
1006,4,0,0,53,0.0,0.0,1.0,53,1400,1000,400,0.7142857142857143,18,10,8,340.245946060268,0.8562530237058539,0.35470008333685366,0.19735871700048382,130954.69292534741,-1688.6393229166492,129266.05360243077,1000,3,416.39622641509436,39,14,16,35.40818576565576,0.624465811965812,44.11458333333334,1023.5416666666681,26.24465811965816,0
1007,4,0,1,52,0.0,0.018867924528301886,0.9811320754716981,53,1000,500,500,0.5,15,5,10,339.7571400965937,0.8561320754716981,0.35480988781892187,0.19725496669700254,130989.80150910527,-1699.0559314891657,129290.7455776161,1001,4,417.39622641509436,40,13,17,35.3852294913796,0.6231770833333332,44.08028455284554,1023.6788617886198,25.591971544715495,0
1008,4,1,1,52,0.018867924528301886,0.018867924528301886,0.9811320754716981,53,1650,1300,350,0.7878787878787878,20,13,7,337.8631757818463,0.8572508466376391,0.35140877632739054,0.196953322655016,131145.8965913972,-1738.1261773745896,129407.77041402261,1002,0,418.20754716981133,40,13,17,35.276110394549704,0.6247395833333333,43.92784552845528,1024.2886178861781,25.607215447154452,0
1009,4,2,2,52,0.037037037037037035,0.037037037037037035,0.962962962962963,54,1200,1000,200,0.8333333333333334,14,10,4,331.0965514485079,0.8609364081062194,0.34672293425028644,0.1943445629511514,131410.2692513147,-2097.723056810083,129312.54619450461,1003,0,411.4259259259259,38,16,17,35.18286964676461,0.6307565789473686,43.66987179487178,1025.3205128205109,26.982118758434495,0
1010,4,1,1,52,0.018867924528301886,0.018867924528301886,0.9811320754716981,53,1350,1100,250,0.8148148148148148,16,11,5,338.685156266831,0.8545899854862119,0.3504925357772093,0.1985183401842382,131356.22409058534,-1702.3193434518603,129653.90474713348,1004,0,420.1698113207547,37,16,18,35.04285217670339,0.6320382882882885,43.72258771929823,1025.1096491228052,27.70566619250825,0
1011,4,0,0,52,0.0,0.0,1.0,52,850,600,250,0.7058823529411765,11,6,5,346.21256901217464,0.853129713423831,0.35153265265086353,0.2023785866059281,131251.87119118473,-1311.7904974489888,129940.08069373574,1005,1,427.1730769230769,41,11,18,34.95528366734437,0.6242378048780488,43.82440476190476,1024.7023809523803,24.992740998838542,0
1012,4,0,0,52,0.0,0.0,1.0,52,1550,1100,450,0.7096774193548387,20,11,9,342.90257084846587,0.8530197335344394,0.3459029206088029,0.2011379571789932,131384.32618690346,-1389.5067791659858,129994.81940773748,1006,2,428.1730769230769,37,15,18,34.90641711229945,0.6323198198198199,43.69517543859648,1025.2192982456124,27.70862968231385,0
1013,4,0,0,52,0.0,0.0,1.0,52,1250,800,450,0.64,17,8,9,342.8315446841821,0.8525955253896429,0.33868275192842234,0.20168844458967528,131496.76462950127,-1383.7522122191622,130113.01241728211,1007,3,429.1730769230769,37,15,19,34.79482930653551,0.633445945945946,43.585526315789465,1025.6578947368412,27.720483641536248,0
1014,4,0,0,52,0.0,0.0,1.0,52,1100,800,300,0.7272727272727273,14,8,6,344.08661616517225,0.8532554047259929,0.3408862965611916,0.20287450960664882,131581.1250216412,-1344.9391880194041,130236.1858336218,1008,4,430.1730769230769,37,15,15,34.677580955434415,0.6342905405405406,43.503289473684205,1025.9868421052627,27.729374110953046,0
1015,4,0,1,51,0.0,0.019230769230769232,0.9807692307692307,52,1400,900,500,0.6428571428571429,19,9,10,342.26231291953275,0.852925465057818,0.33628169523277496,0.20254486558487095,131721.78578985808,-1383.3193867344125,130338.46640312368,1009,5,431.1730769230769,37,15,16,34.582621234778905,0.6356981981981983,43.366228070175424,1026.5350877192957,27.744191559980965,0
1016,4,0,0,51,0.0,0.0,1.0,51,900,600,300,0.6666666666666666,12,6,6,346.1742175970252,0.8499346405228759,0.3358934971838201,0.20460647335793034,131674.63705259305,-1083.5271081892715,130591.10994440378,1010,6,439.6078431372549,36,15,16,34.52975276131961,0.6371527777777778,43.41216216216216,1026.3513513513508,28.509759759759746,0
1017,4,0,0,51,0.0,0.0,1.0,51,950,700,250,0.7368421052631579,12,7,5,344.7704189557301,0.8492156862745099,0.3331505246608899,0.20424118970886232,131761.33639974432,-1114.5177694586478,130646.81863028568,1011,7,440.6078431372549,36,15,17,34.47840115535079,0.6380208333333334,43.3277027027027,1026.6891891891892,28.519144144144143,0
1018,4,0,1,50,0.0,0.0196078431372549,0.9803921568627451,51,1650,1300,350,0.7878787878787878,20,13,7,345.13726318982305,0.8477777777777779,0.3229738806204374,0.20561228819782768,131975.16453379876,-1090.0905807556273,130885.07395304313,1012,8,441.6078431372549,37,14,17,34.253614875680306,0.6382319819819819,43.119517543859644,1027.5219298245604,27.770862968231363,0
1019,4,0,1,49,0.0,0.02,0.98,50,1350,1200,150,0.8888888888888888,15,12,3,350.5626176719162,0.8460374149659864,0.32380002192741975,0.2083049925593192,131876.9799148812,-753.7721420745013,131123.2077728067,1013,16,451.28,36,14,17,34.21317107042358,0.6391782407407407,43.215090090090094,1027.1396396396403,28.531656656656676,0
1020,4,0,0,49,0.0,0.0,1.0,49,1200,600,600,0.5,18,6,12,359.4163588796551,0.8374787414965986,0.3364616899391335,0.21340346308479552,131848.06428049694,-322.32976219460033,131525.73451830234,1014,18,461.16326530612247,36,13,17,34.01498538011698,0.6388888888888888,43.243243243243256,1027.0270270270287,28.528528528528575,0
1021,4,0,0,49,0.0,0.0,1.0,49,1350,800,550,0.5925925925925926,19,8,11,353.2270760308992,0.8384708049886621,0.33137883687334213,0.2106895618207837,132021.6056428052,-473.27885317747655,131548.32678962772,1015,19,462.16326530612247,36,13,17,33.99901380670612,0.6406249999999998,43.07432432432434,1027.7027027027045,28.547297297297348,0
1022,4,0,0,49,0.0,0.0,1.0,49,1100,500,600,0.45454545454545453,17,5,12,353.3588378917787,0.8379747732426304,0.3342325650005915,0.21157505237966165,132166.31063073248,-459.573213416075,131706.7374173164,1016,20,463.16326530612247,36,13,17,33.84988865768628,0.6420717592592591,42.93355855855858,1028.265765765769,28.562937937938027,0
1023,4,0,0,49,0.0,0.0,1.0,49,1550,1300,250,0.8387096774193549,18,13,5,352.27835609631893,0.8379039115646258,0.32997515994138404,0.21173783297999835,132311.09487866273,-477.93300056810136,131833.16187809463,1017,21,464.16326530612247,36,13,17,33.73193957968478,0.6435185185185184,42.79279279279281,1028.828828828831,28.578578578578643,0
1024,4,0,2,47,0.0,0.04081632653061224,0.9591836734693877,49,1250,800,450,0.64,17,8,9,349.0744605276653,0.8383290816326531,0.3247605044099289,0.21063830147820806,132459.27047902485,-552.3132559269241,131906.95722309794,1018,22,465.16326530612247,34,15,19,33.66533672564665,0.649203431372549,42.64880952380952,1029.4047619047612,30.276610644257683,0
1025,4,1,0,48,0.020833333333333332,0.0,1.0,48,1100,900,200,0.8181818181818182,13,9,4,349.80413550763,0.8416075650118203,0.3391419531191491,0.21241176086554736,132695.96220207488,-316.48073131000075,132379.48147076488,1019,0,466.3541666666667,35,13,18,33.40869093087696,0.6494047619047618,42.41898148148149,1030.324074074075,29.437830687830715,0
1026,4,0,0,48,0.0,0.0,1.0,48,1100,700,400,0.6363636363636364,15,7,8,351.83421233741507,0.8409611406619385,0.3399471270821637,0.21415472733183077,132785.41512613607,-256.3096118398376,132529.10551429624,1020,1,467.3541666666667,35,13,18,33.266540333146175,0.650297619047619,42.33217592592593,1030.671296296297,29.447751322751344,0
1027,4,0,1,47,0.0,0.020833333333333332,0.9791666666666666,48,1550,1100,450,0.7096774193548387,20,11,9,354.04550556065703,0.8382830969267139,0.3422979797979797,0.21636114228706818,132934.5703125,-187.02256944444406,132747.54774305556,1021,2,468.3541666666667,35,13,19,33.05976430976431,0.6517857142857143,42.1875,1031.25,29.464285714285715,0
1028,4,0,0,47,0.0,0.0,1.0,47,800,200,600,0.25,14,2,12,354.04550556065703,0.8354147394387912,0.33002364066193834,0.21636114228706818,132934.5703125,12.977430555555998,132947.54774305556,1022,3,459.1276595744681,35,12,19,33.05976430976431,0.6517857142857143,42.1875,1031.25,29.464285714285715,0
1029,4,0,0,47,0.0,0.0,1.0,47,1050,900,150,0.8571428571428571,12,9,3,355.2549726187675,0.8342584027135368,0.3288322701401889,0.21744727444906967,132994.25582990394,49.374142661172755,133043.6299725651,1023,4,460.1276595744681,35,12,19,32.9686564931179,0.6523809523809524,42.129629629629626,1031.481481481481,29.470899470899457,0
1030,4,0,0,47,0.0,0.0,1.0,47,1050,900,150,0.8571428571428571,12,9,3,356.8069322698111,0.8335260561208757,0.3316972839352994,0.21927273708131662,133143.5282305598,101.30677190500387,133244.83500246482,1024,5,461.1276595744681,35,12,19,32.77879798886024,0.6538690476190476,41.9849537037037,1032.060185185185,29.487433862433857,0
1031,4,0,0,47,0.0,0.0,1.0,47,650,400,250,0.6153846153846154,9,4,5,352.91287097458394,0.8323311748381128,0.330438266393853,0.21775163449759588,133292.8843557098,8.154899691346372,133301.03925540115,1025,6,462.1276595744681,35,12,19,32.72948890383322,0.655357142857143,41.84027777777777,1032.6388888888882,29.503968253968235,0
1032,4,0,0,47,0.0,0.0,1.0,47,1100,800,300,0.7272727272727273,14,8,6,341.6436033664426,0.8323311748381128,0.29003242570958987,0.19812020098368788,130945.12473518899,-452.6871484403358,130492.43758674865,1026,7,463.1276595744681,38,9,19,35.3820894224078,0.62609649122807,44.12393162393163,1023.5042735042748,26.9343229869546,5
1033,4,0,0,47,0.0,0.0,1.0,47,1200,800,400,0.6666666666666666,16,8,8,344.018385191234,0.8317144619179772,0.28923205342237046,0.20006506090247503,131054.4963109067,-382.96876141425867,130671.52754949244,1027,8,464.1276595744681,38,9,19,35.21081142181416,0.6271929824561402,44.017094017094024,1023.931623931625,26.945569050832237,0
1034,4,0,0,47,0.0,0.0,1.0,47,1800,1300,500,0.7222222222222222,23,13,10,348.27412493508234,0.8304424915201973,0.29113146047221683,0.20326236056010377,131191.27498584634,-261.8947010373224,130929.38028480901,1028,9,465.1276595744681,38,9,19,34.963673653839486,0.628563596491228,43.88354700854701,1024.4658119658122,26.95962663067927,0
1035,4,1,0,48,0.020833333333333332,0.0,1.0,48,1100,600,500,0.5454545454545454,16,6,10,331.2563366278344,0.8360483156028369,0.24630221653878914,0.18556049802504793,129598.82948133702,-1013.9133029513696,128584.91617838564,1029,0,456.4166666666667,39,9,15,37.010336743393,0.610844017094017,45.44270833333334,1018.2291666666683,26.108440170940213,5
1036,4,0,0,48,0.0,0.0,1.0,48,1250,800,450,0.64,17,8,9,325.51053777269345,0.8360667848699763,0.22699807625043755,0.18226295093852912,129581.83235627133,-1160.5587708139406,128421.2735854574,1030,1,457.4166666666667,38,10,15,37.17383700594613,0.6123903508771931,45.4594017094017,1018.1623931623922,26.793747188484005,3
1037,4,0,0,48,0.0,0.0,1.0,48,1150,700,450,0.6086956521739131,16,7,9,324.33628516661634,0.8357158687943262,0.2306154973750596,0.18205282413083648,129678.3908420138,-1188.118489583344,128490.27235243046,1031,2,458.4166666666667,39,9,15,37.10583282198131,0.6116452991452992,45.36458333333333,1018.541666666666,26.116452991452974,0
1038,4,1,2,47,0.02040816326530612,0.04081632653061224,0.9591836734693877,49,800,400,400,0.5,12,4,8,319.99505550339563,0.8394274376417233,0.22809291197288406,0.180634237577634,129899.7385505484,-1486.5451905281534,128413.19336002025,1032,0,450.0408163265306,40,9,15,36.99219918253413,0.6122395833333335,45.14735772357722,1019.4105691056893,25.485264227642233,0
1039,4,0,0,47,0.0,0.0,1.0,47,800,400,400,0.5,12,4,8,333.214271164457,0.8312904717853838,0.23545801611931005,0.18657649848397578,129581.83235627109,-764.2968350500817,128817.535521221,1033,4,469.9148936170213,38,9,15,36.97774571528507,0.6123903508771932,45.45940170940169,1018.1623931623901,26.79374718848395,0
1040,4,1,0,48,0.020833333333333332,0.0,1.0,48,850,500,350,0.5882352941176471,12,5,7,337.4490537920137,0.8380429964539007,0.24556850282485843,0.17776334083686451,127145.88355614012,-911.9909233691133,126233.892632771,1034,0,461.1041666666667,38,10,14,39.35491701977402,0.587719298245614,47.86324786324787,1008.5470085470098,26.5407107512371,7
1041,4,3,2,49,0.058823529411764705,0.0392156862745098,0.9607843137254902,51,1150,700,450,0.6086956521739131,16,7,9,319.92387016907435,0.8544117647058824,0.24229238443145307,0.1713601686092158,127818.28826727449,-2021.5757078294318,125796.71255944506,1035,0,434.921568627451,41,10,13,39.10966267700053,0.5896849593495934,47.19742063492063,1011.2103174603174,24.663666279519937,0
1042,4,1,0,50,0.02,0.0,1.0,50,1250,1000,250,0.8,15,10,5,362.7836299702342,0.8513265306122448,0.3019840566873344,0.19050358987739255,127017.00015943864,-783.646502582523,126233.35365685612,1036,0,444.6,41,9,17,38.848600039366204,0.5815548780487805,47.99107142857142,1008.0357142857132,24.58623693379788,7
1043,4,2,3,49,0.038461538461538464,0.057692307692307696,0.9423076923076923,52,1500,1100,400,0.7333333333333333,19,11,8,352.0030789716382,0.8576388888888888,0.2969900949175561,0.18698145204089744,127483.14122498623,-1425.0862100913735,126058.05501489485,1037,0,428.46153846153845,42,10,13,38.642015288172445,0.5848214285714288,47.52906976744185,1009.8837209302305,24.04485049833882,0
1044,4,1,0,50,0.02,0.0,1.0,50,1100,700,400,0.6363636363636364,15,7,8,366.18099100551854,0.8537755102040816,0.3140342396777447,0.19361966137831693,127297.04231112401,-677.2485788882611,126619.79373223575,1038,0,446.54,40,10,19,38.47515944947968,0.5859375000000002,47.713414634146325,1009.146341463412,25.2286585365853,0
1045,4,6,5,51,0.10714285714285714,0.08928571428571429,0.9107142857142857,56,1000,800,200,0.8,12,8,4,331.5205891143581,0.8789366883116884,0.30505027319114353,0.18072727807492106,128523.41666894975,-2655.8741870238964,125867.54248192585,1039,0,399.5892857142857,38,18,12,38.097056860885765,0.6016995614035086,46.50106837606839,1013.9957264957284,26.684098065677063,0
1046,4,2,0,53,0.03773584905660377,0.0,1.0,53,1400,900,500,0.6428571428571429,19,9,10,351.2624053694209,0.8639029995162071,0.3187892644760715,0.19022307864527066,128258.57688347161,-1589.5167549305697,126669.06012854105,1040,0,423.1698113207547,36,17,22,37.86710209375581,0.6027199074074072,46.762387387387406,1012.950450450453,28.137512512512583,0
1047,4,0,0,53,0.0,0.0,1.0,53,950,600,350,0.631578947368421,13,6,7,349.1673137802999,0.8636006289308176,0.3198954566610579,0.1897022416105342,128388.03624260367,-1634.2188527284495,126753.81738987523,1041,1,424.1698113207547,38,15,15,37.78792430950876,0.600328947368421,46.634615384615394,1013.4615384615395,26.670040485829986,0
1048,4,0,3,50,0.0,0.05660377358490566,0.9433962264150944,53,1500,1200,300,0.8,18,12,6,356.21287785115663,0.8634192065795839,0.32949743949218235,0.18861763859987488,127354.73632812513,-1519.2159378081717,125835.52039031696,1042,2,425.1698113207547,39,14,16,38.66744066047472,0.5881410256410255,47.65625000000001,1009.375000000001,25.881410256410284,4
1049,4,4,3,51,0.07407407407407407,0.05555555555555555,0.9444444444444444,54,1650,1500,150,0.9090909090909091,18,15,3,344.7542635173521,0.8719426974143956,0.3386433600698775,0.18413372876341502,127703.41443009721,-1994.7406819001392,125708.67374819708,1043,0,418.0740740740741,42,12,19,38.59948710574249,0.5870535714285714,47.3110465116279,1010.7558139534872,24.06561461794017,1
1050,4,3,2,52,0.05555555555555555,0.037037037037037035,0.962962962962963,54,1350,700,650,0.5185185185185185,20,7,13,347.0053671126499,0.870093757279292,0.3619012653109004,0.18646850427293762,127948.38543544554,-1920.2447081004768,126028.14072734506,1044,0,418.85185185185185,42,12,21,38.29195000478882,0.5895337301587302,47.0687984496124,1011.7248062015501,24.08868586194167,0
1051,4,1,0,53,0.018867924528301886,0.0,1.0,53,1400,900,500,0.6428571428571429,19,9,10,349.82368746907326,0.8727322206095791,0.3688527550637122,0.1887891470390949,128120.00480740341,-1636.11749594375,126483.88731145966,1045,0,423.33962264150944,42,11,22,38.045160158244,0.5912698412698413,46.89922480620155,1012.4031007751938,24.10483573274271,0
1052,4,0,0,53,0.0,0.0,1.0,53,1250,700,550,0.56,18,7,11,349.2510103200449,0.8714320270924044,0.37225149988746,0.18909336438486207,128250.02170138917,-1641.7030273495834,126608.31867403959,1046,1,424.33962264150944,39,14,22,37.92677910324972,0.5972222222222221,46.77083333333335,1012.9166666666689,25.97222222222228,0
1053,4,3,2,54,0.05357142857142857,0.03571428571428571,0.9642857142857143,56,1550,1100,450,0.7096774193548387,20,11,9,333.0105990366704,0.8789366883116884,0.3787441572069059,0.1836375649501012,128979.8269804252,-2609.6701107204753,126370.15686970473,1047,0,402.55357142857144,42,14,18,37.594597602467495,0.5999503968253967,46.051356589147304,1015.7945736434136,24.185585086747942,0
1054,4,0,1,53,0.0,0.018518518518518517,0.9814814814814815,54,1400,1000,400,0.7142857142857143,18,10,8,344.0925598144531,0.8756405776846029,0.3775752314814813,0.18984417093211212,128999.7480473671,-1922.4292957923888,127077.31875157471,1048,1,414.1666666666667,41,13,19,37.292887369791664,0.6016260162601625,46.03174603174603,1015.8730158730159,24.77739063104917,0
1055,4,1,2,52,0.018518518518518517,0.037037037037037035,0.962962962962963,54,1500,1100,400,0.7333333333333333,19,11,8,349.17607917871584,0.8758443978569765,0.3819912152269396,0.19326358353246595,129125.75511975624,-1782.4750212585054,127343.28009849774,1049,0,415.0740740740741,41,13,19,37.03544411908248,0.6028963414634146,45.907738095238095,1016.3690476190477,24.78948896631824,0
1056,4,0,0,52,0.0,0.0,1.0,52,1000,700,300,0.7,13,7,6,360.0894148586458,0.8669243338360985,0.38285996055226823,0.19835433869332175,128936.76757812499,-1114.2469618055563,127822.52061631942,1050,3,431.9230769230769,39,13,19,36.950854700854705,0.6041666666666666,46.09375,1015.6249999999999,26.041666666666664,0
1057,4,1,0,53,0.018867924528301886,0.0,1.0,53,1250,800,450,0.64,17,8,9,349.70438054286507,0.8699504112239961,0.3739560779461806,0.19392697466467954,129201.38888888879,-1562.9991319444534,127638.38975694434,1051,0,424.75471698113205,38,15,20,36.94501366120219,0.6085526315789473,45.83333333333333,1016.6666666666658,26.75438596491226,0
1058,4,0,0,53,0.0,0.0,1.0,53,1400,1200,200,0.8571428571428571,16,12,4,351.03247152418356,0.8693154329946783,0.37803638007004836,0.19506585501685347,129282.86540516099,-1523.5032462196018,127759.3621589414,1052,1,425.75471698113205,38,15,21,36.828317050110314,0.609375,45.753205128205124,1016.9871794871789,26.762820512820497,0
1059,4,1,1,53,0.018518518518518517,0.018518518518518517,0.9814814814814815,54,1300,900,400,0.6923076923076923,17,9,8,346.32688169229704,0.8719281388306546,0.37411196362603083,0.19400259418579927,129598.82948133656,-1823.288302951413,127775.54117838515,1053,0,418.85185185185185,39,15,18,36.626705029838035,0.6108440170940173,45.44270833333332,1018.2291666666647,26.10844017094012,0
1060,4,2,1,54,0.03636363636363636,0.01818181818181818,0.9818181818181818,55,1450,800,650,0.5517241379310345,21,8,13,345.4098970634046,0.8735409652076319,0.38404970204133426,0.19588839247019524,130081.09941998807,-2013.7401678894876,128067.35925209858,1054,0,412.2,40,15,20,36.16050674105067,0.6140625000000001,44.96951219512195,1020.1219512195119,25.503048780487795,0
1061,4,1,0,55,0.01818181818181818,0.0,1.0,55,1500,1200,300,0.8,18,12,6,348.6880466472302,0.8723063973063974,0.3916883116883112,0.19867109634551497,130262.58680555565,-1915.672094983136,128346.91471057251,1055,0,413.1272727272727,39,16,21,35.892857142857146,0.6175213675213675,44.79166666666667,1020.8333333333342,26.175213675213698,0
1062,4,3,3,55,0.05172413793103448,0.05172413793103448,0.9482758620689655,58,1400,1200,200,0.8571428571428571,16,12,4,324.89103932080917,0.8800665456745311,0.38541725842186003,0.18866351349192045,130997.85175933783,-3087.9943586231,127909.85740071474,1056,0,392.7068965517241,41,17,19,35.757562909842655,0.6216971544715447,44.072420634920626,1023.7103174603162,24.968544328300396,0
1063,4,0,1,54,0.0,0.01818181818181818,0.9818181818181818,55,1500,1000,500,0.6666666666666666,20,10,10,340.313704058603,0.8736812570145903,0.3665837393317444,0.19255168932864147,129990.70443482936,-2151.6447355926666,127839.05969923669,1057,1,415.1090909090909,42,13,17,36.38211864943622,0.6101190476190477,45.05813953488371,1019.7674418604629,24.28017718715388,2
1064,4,0,0,54,0.0,0.0,1.0,54,1450,1000,450,0.6896551724137931,19,10,9,344.91404741483916,0.8722338690892151,0.3736555168653932,0.19589778421134044,130138.96869929675,-1822.6483159065142,128316.32038339024,1058,2,420.8888888888889,42,12,17,36.11447451725229,0.6116071428571429,44.91279069767441,1020.348837209301,24.294019933554786,0
1065,4,2,2,54,0.03571428571428571,0.03571428571428571,0.9642857142857143,56,1600,1300,300,0.8125,19,13,6,328.9355366693404,0.8807359307359307,0.37116112364456755,0.18935497316185207,130661.65500217023,-2603.854257333626,128057.8007448366,1059,0,406.82142857142856,39,17,15,35.99348361351673,0.6215277777777778,44.40104166666667,1022.395833333334,26.215277777777796,0
1066,4,0,1,53,0.0,0.018518518518518517,0.9814814814814815,54,1600,1200,400,0.75,20,12,8,331.92512837467666,0.8769945259725134,0.36662515801588635,0.1910759609969181,130661.65500217023,-2126.022677951378,128535.63232421885,1060,1,420.0740740740741,39,15,15,35.91706996094414,0.6215277777777778,44.40104166666667,1022.395833333334,26.215277777777796,0
1067,4,0,0,53,0.0,0.0,1.0,53,1550,1100,450,0.7096774193548387,20,11,9,334.04351581441387,0.8746069182389937,0.36097667899148056,0.1920309912528907,130608.41064453126,-1874.2214626736122,128734.18918185766,1061,2,428.6981132075472,39,14,15,35.916747341961326,0.6209935897435896,44.453125,1022.1875000000001,26.2099358974359,0
1068,4,0,0,53,0.0,0.0,1.0,53,900,600,300,0.6666666666666666,12,6,6,333.2538357992706,0.8750604741170779,0.36267169042378367,0.19184084447916966,130661.65500217023,-1891.3004557291574,128770.35454644107,1062,3,429.6981132075472,39,14,15,35.88310833757854,0.6215277777777778,44.40104166666667,1022.395833333334,26.215277777777796,0
1069,4,1,1,53,0.018518518518518517,0.018518518518518517,0.9814814814814815,54,1600,1100,500,0.6875,21,11,10,332.4296917252571,0.878872583275099,0.36950904392764894,0.1931686046511628,131023.24263038542,-2088.7967687074884,128934.44586167793,1063,0,422.72222222222223,41,13,15,35.53900193798451,0.6219512195121951,44.047619047619044,1023.8095238095232,24.970963995354225,0
1070,4,0,0,53,0.0,0.0,1.0,53,1350,1000,350,0.7407407407407407,17,10,7,341.08251893609844,0.874969762941461,0.373462403698285,0.19802445033102728,130989.8015091052,-1664.333709266959,129325.46779983824,1064,5,431.6981132075472,40,13,16,35.35131043383302,0.6231770833333332,44.080284552845534,1023.6788617886192,25.59197154471548,0
1071,4,1,2,52,0.018518518518518517,0.037037037037037035,0.962962962962963,54,750,300,450,0.4,12,3,9,335.93250491066686,0.8771109946424412,0.3748946486914926,0.19610938260104305,131201.04762101584,-1985.060685153706,129215.98693586214,1065,0,424.68518518518516,41,13,17,35.269903327846094,0.623729674796748,43.87400793650793,1024.503968253967,24.987901664730902,0
1072,4,0,2,50,0.0,0.038461538461538464,0.9615384615384616,52,1550,1000,550,0.6451612903225806,21,10,11,347.03463435289444,0.8699723479135243,0.38498133087020814,0.20143587429331936,130981.3490125869,-1308.9870876736,129672.3619249133,1066,7,441.8076923076923,39,13,17,35.20752772972424,0.624732905982906,44.08854166666667,1023.6458333333342,26.24732905982908,0
1073,4,1,0,51,0.0196078431372549,0.0,1.0,51,650,500,150,0.7692307692307693,8,5,3,351.06697376626926,0.8713725490196079,0.40391040515433474,0.2050531326582558,131221.37586805565,-986.5017361110996,130234.87413194455,1067,0,445.078431372549,39,12,18,34.86173241154942,0.6271367521367521,43.85416666666667,1024.5833333333342,26.271367521367544,0
1074,4,1,1,51,0.019230769230769232,0.019230769230769232,0.9807692307692307,52,1250,900,350,0.72,16,9,7,342.4513302084274,0.8745129462041226,0.3972763253827727,0.20158646360092652,131519.83486969463,-1392.0847144605145,130127.75015523411,1068,0,437.5,38,14,18,34.781316182342124,0.6318530701754386,43.56303418803419,1025.747863247863,26.993364822312184,0
1075,4,0,1,50,0.0,0.0196078431372549,0.9803921568627451,51,1750,1100,650,0.6285714285714286,24,11,13,350.6447937560056,0.8692156862745098,0.4092906623727346,0.20598179090490937,131440.5393967371,-982.2118344106229,130458.32756232646,1069,2,447.078431372549,37,14,18,34.65123324779014,0.632882882882883,43.640350877192965,1025.4385964912253,27.71455666192501,0
1076,4,0,0,50,0.0,0.0,1.0,50,1550,1000,550,0.6451612903225806,21,10,11,355.608434133122,0.868469387755102,0.4095934959349594,0.20828493999225683,131328.12499999977,-659.7222222222492,130668.40277777752,1070,3,455.32,37,13,18,34.63753387533874,0.6317567567567569,43.749999999999986,1024.9999999999982,27.702702702702652,0
1077,4,1,1,50,0.0196078431372549,0.0196078431372549,0.9803921568627451,51,1250,1000,250,0.8,15,10,5,351.66993158441454,0.8723529411764707,0.4022251482581589,0.20760846299129043,131629.4461451711,-941.976335926675,130687.46980924442,1071,0,447.37254901960785,38,13,17,34.43432240152699,0.6329495614035088,43.45619658119657,1026.175213675212,27.00461088618979,0
1078,4,0,0,50,0.0,0.0,1.0,50,1450,800,650,0.5517241379310345,21,8,13,358.03420853620366,0.8679591836734694,0.4093910690121789,0.21166982408660331,131684.26890432075,-570.5054012345948,131113.76350308614,1072,5,457.32,38,12,18,34.215719440685604,0.633497807017544,43.402777777777764,1026.388888888887,27.01023391812861,0
1079,4,1,0,51,0.0196078431372549,0.0,1.0,51,1400,1000,400,0.7142857142857143,18,10,8,354.2436117827593,0.8711437908496733,0.36358984275052797,0.20103174780594238,130107.01844346951,-968.0986341536827,129138.91980931583,1073,0,449.3333333333333,40,11,18,35.90891357040875,0.6143229166666667,44.94410569105691,1020.2235772357725,25.50558943089431,4
1080,4,1,0,52,0.019230769230769232,0.0,1.0,52,1250,800,450,0.64,17,8,9,358.86767781603703,0.8740887380593262,0.2715664817992658,0.19999598693423445,129396.54659366322,-1058.1929266085463,128338.35366705467,1074,0,441.6730769230769,37,15,19,36.51334105686675,0.6123310810810811,45.64144736842104,1017.4342105263141,27.498221906116598,7
1081,4,2,3,51,0.037037037037037035,0.05555555555555555,0.9444444444444444,54,1050,700,350,0.6666666666666666,14,7,7,351.92771307693874,0.8796878639645935,0.2762258937527202,0.19847911656817538,129864.12896050331,-1659.4428168402997,128204.68614366301,1075,0,426.27777777777777,39,15,12,36.21455033214102,0.6135149572649574,45.18229166666666,1019.270833333332,26.13514957264954,0
1082,4,1,1,51,0.019230769230769232,0.019230769230769232,0.9807692307692307,52,1900,1400,500,0.7368421052631579,24,14,10,367.31747297195045,0.8708521870286575,0.28926441752939214,0.20609990993770463,129663.42872242304,-874.4714049601978,128788.95731746283,1076,0,443.63461538461536,38,14,13,36.02660932200427,0.6132127192982457,45.3792735042735,1018.4829059829053,26.802181736392246,0
1083,4,2,2,51,0.03773584905660377,0.03773584905660377,0.9622641509433962,53,1700,1300,400,0.7647058823529411,21,13,8,359.74045350731,0.8730345911949685,0.2824985063696104,0.2035756670425761,129996.8804253473,-1246.9726562499945,128749.9077690973,1077,0,436.22641509433964,39,14,16,35.880575417092274,0.6148504273504274,45.052083333333336,1019.7916666666673,26.14850427350429,0
1084,4,0,0,51,0.0,0.0,1.0,51,1400,1100,300,0.7857142857142857,17,11,6,378.5509204258819,0.8667973856209151,0.28809711804184857,0.2128456118620996,129745.0507706918,-376.97832201036726,129368.07244868143,1078,5,454.3333333333333,38,13,16,35.657421001118585,0.6140350877192982,45.2991452991453,1018.8034188034188,26.810616284300494,0
1085,4,1,0,52,0.019230769230769232,0.0,1.0,52,1700,1300,400,0.7647058823529411,21,13,8,374.8947424624768,0.8711664152840622,0.2955873918747993,0.21229580239734572,130023.43885633672,-650.9792751736164,129372.45958116312,1079,0,446.5769230769231,39,13,17,35.46720202226535,0.6151175213675215,45.026041666666664,1019.8958333333327,26.1511752136752,0
1086,4,1,1,52,0.018867924528301886,0.018867924528301886,0.9811320754716981,53,1250,1000,250,0.8,15,10,5,368.2201298621977,0.8743650217706821,0.2906234781414281,0.2099549495176532,130291.32806793286,-1003.9431455315076,129287.38492240135,1080,0,439.1320754716981,36,17,17,35.36519229355099,0.6232638888888888,44.763513513513516,1020.9459459459464,28.35960960960962,0
1087,4,0,0,52,0.0,0.0,1.0,52,1400,1000,400,0.7142857142857143,18,10,8,374.67721782590564,0.870616515837104,0.29379905808477247,0.21347887992406273,130262.58680555565,-638.7152777777677,129623.87152777788,1081,2,448.5769230769231,39,13,17,35.2295918367347,0.6175213675213675,44.79166666666667,1020.8333333333342,26.175213675213698,0
1088,4,0,1,51,0.0,0.019230769230769232,0.9807692307692307,52,1000,600,400,0.6,14,6,8,373.1889210091332,0.8692339115133232,0.288757932910245,0.21327843516739536,130380.76560356624,-668.6685528121046,129712.09705075414,1082,3,449.5769230769231,35,17,17,35.14751435478996,0.6261904761904764,44.67592592592591,1021.296296296294,29.179894179894116,0
1089,4,0,0,51,0.0,0.0,1.0,51,1400,1200,200,0.8571428571428571,16,12,4,374.2791883294092,0.8639542483660132,0.28700953369219806,0.21404238575963042,130406.32482144295,-438.32531856182015,129967.99950288112,1083,4,458.94117647058823,36,15,17,35.093715545755224,0.6244212962962964,44.65090090090089,1021.3963963963954,28.372122122122093,0
1090,4,0,0,51,0.0,0.0,1.0,51,1250,900,350,0.72,16,9,7,376.85439859730525,0.86281045751634,0.29037932122375154,0.21615529790593818,130521.37230135516,-362.4893474555839,130158.88295389958,1084,5,459.94117647058823,36,15,14,34.91110131511279,0.6255787037037038,44.53828828828828,1021.8468468468449,28.38463463463458,0
1091,4,1,2,50,0.019230769230769232,0.038461538461538464,0.9615384615384616,52,1700,1300,400,0.7647058823529411,21,13,8,366.59609320876154,0.8668771995977878,0.2877373262869447,0.21249596553251204,130928.03955078113,-800.4584418402919,130127.58110894084,1085,0,452.0769230769231,39,13,15,34.76092027141644,0.6241987179487181,44.14062499999999,1023.4374999999991,26.241987179487158,0
1092,4,0,0,50,0.0,0.0,1.0,50,1100,900,200,0.8181818181818182,13,9,4,380.919230455526,0.8631632653061224,0.2990911039657025,0.22019680422243199,130822.85534972278,-33.41172283781819,130789.44362688497,1086,1,469.56,37,13,15,34.50116112897462,0.6266891891891893,44.24342105263157,1023.0263157894719,27.649359886201943,0
1093,4,0,1,49,0.0,0.02,0.98,50,1000,800,200,0.8,12,8,4,380.7463279151938,0.8625510204081632,0.30313759108444094,0.22041716700400654,130878.9483302553,-33.664204370593694,130845.2841258847,1087,2,470.56,37,13,16,34.44867123874839,0.6272522522522523,44.18859649122806,1023.2456140350864,27.655286865813146,0
1094,4,1,1,49,0.02,0.02,0.98,50,1050,500,550,0.47619047619047616,16,5,11,378.9681097358159,0.8599149659863945,0.30292202227934895,0.2200277532645256,130991.17036011057,-71.70475530935093,130919.46560480121,1088,0,471.38,37,13,16,34.38035561268209,0.6283783783783785,44.07894736842104,1023.6842105263139,27.66714082503551,0
1095,4,0,0,49,0.0,0.0,1.0,49,1100,800,300,0.7272727272727273,14,8,6,388.22074743023836,0.855265022675737,0.30280039864604014,0.22568433731686202,131039.71370018646,374.4671191461496,131414.1808193326,1089,4,482.0,36,13,17,34.09430451679131,0.6307870370370372,44.03153153153152,1023.8738738738722,28.440940940940894,0
1096,4,0,0,49,0.0,0.0,1.0,49,1600,1300,300,0.8125,19,13,6,387.9164352131387,0.854343820861678,0.30628840547207914,0.22686629565806946,131270.41737683624,384.3904715526289,131654.80784838885,1090,5,483.0,36,13,18,33.86813186813186,0.6331018518518519,43.806306306306304,1024.7747747747742,28.46596596596595,0
1097,4,0,1,48,0.0,0.02040816326530612,0.9795918367346939,49,1750,1300,450,0.7428571428571429,22,13,9,390.6881148784343,0.8527140022675738,0.31225879326033046,0.22952296606987235,131443.5782911289,470.68876308740266,131914.26705421633,1091,6,484.0,36,13,19,33.621604802694186,0.634837962962963,43.637387387387385,1025.45045045045,28.484734734734722,0
1098,4,0,0,48,0.0,0.0,1.0,48,1700,1200,500,0.7058823529411765,22,12,10,399.91128652994445,0.8501218971631206,0.3100025397900441,0.23477893223119797,131417.11576485334,911.037567515427,132328.15333236876,1092,7,493.7916666666667,35,13,19,33.4119962749746,0.6366071428571429,43.66319444444444,1025.347222222222,29.295634920634914,0
1099,4,1,0,49,0.02040816326530612,0.0,1.0,49,1400,900,500,0.6428571428571429,19,9,10,391.97155818677123,0.8525368480725624,0.3091862471493696,0.23255618992226193,131819.15181651243,533.8716672753849,132353.0234837878,1093,0,484.6938775510204,36,13,15,33.20836531783456,0.6385995370370371,43.2713963963964,1026.9144144144143,28.525400400400397,0
1100,4,0,0,49,0.0,0.0,1.0,49,1100,700,400,0.6363636363636364,15,7,8,390.0564955018074,0.8521471088435374,0.30620523617845286,0.23177233195257246,131876.9799148812,487.8945245921653,132364.87443947338,1094,1,485.6938775510204,36,13,15,33.19902788436941,0.6391782407407407,43.215090090090094,1027.1396396396403,28.531656656656676,0
1101,4,0,0,49,0.0,0.0,1.0,49,1800,1200,600,0.6666666666666666,24,12,12,397.53288071373413,0.8503047052154196,0.319032669607207,0.2373549824083146,132059.67821829778,699.6128616497181,132759.2910799475,1095,2,486.6938775510204,37,12,16,32.82216769788778,0.6390765765765766,43.037280701754376,1027.850877192981,27.779753437648136,0
1102,4,0,0,49,0.0,0.0,1.0,49,1300,900,400,0.6923076923076923,17,9,8,393.89194267047816,0.8499858276643991,0.3163533997759529,0.23628730509892437,132237.2450086803,617.4370659721958,132854.6820746525,1096,3,487.6938775510204,39,10,16,32.73622645331172,0.637286324786325,42.86458333333332,1028.5416666666647,26.372863247863197,0
1103,4,0,0,49,0.0,0.0,1.0,49,2000,1400,600,0.7,26,14,12,397.4520486222191,0.8483560090702948,0.3239813994228118,0.23927049289085323,132371.20361328122,722.2412109374995,133093.44482421872,1097,4,488.6938775510204,39,10,16,32.509300030367456,0.6386217948717949,42.734375,1029.0624999999998,26.386217948717942,0
1104,4,0,0,49,0.0,0.0,1.0,49,1000,600,400,0.6,14,6,8,397.48233867134337,0.8479662698412699,0.325704370817153,0.23945887232151683,132398.00347222236,725.1817491319629,133123.18522135433,1098,5,489.6938775510204,36,13,17,32.481443994601904,0.644386574074074,42.70833333333334,1029.1666666666679,28.587962962962997,0
1105,4,0,0,49,0.0,0.0,1.0,49,1650,1200,450,0.7272727272727273,21,12,9,388.39337311496917,0.8478245464852608,0.3163421502429964,0.23524806559665656,132600.90115453317,500.2622554987691,133101.16341003194,1099,6,490.6938775510204,36,13,17,32.510569283475476,0.646412037037037,42.511261261261275,1029.954954954957,28.609859859859917,0
1106,4,0,0,49,0.0,0.0,1.0,49,1350,900,450,0.6666666666666666,18,9,9,390.11352981576005,0.8478954081632654,0.32493364558938276,0.23702116851355967,132716.91243608494,554.9326353380624,133271.845071423,1100,7,491.6938775510204,36,13,16,32.349271402550094,0.6475694444444444,42.39864864864866,1030.405405405407,28.622372372372418,0
1107,4,0,0,49,0.0,0.0,1.0,49,850,500,350,0.5882352941176471,12,5,7,391.1743094026528,0.8475410997732427,0.32555380364362985,0.23784957510589233,132745.92318247314,585.3589653843208,133331.28214785745,1101,8,492.6938775510204,36,13,16,32.29269114486578,0.6478587962962963,42.370495495495504,1030.5180180180191,28.625500500500532,0
1108,4,0,0,49,0.0,0.0,1.0,49,1550,1100,450,0.7096774193548387,20,11,9,392.3819432368268,0.8461947278911565,0.32704332415653314,0.23932422986896415,132861.9978720275,626.5297814706719,133488.52765349817,1102,9,493.6938775510204,36,13,16,32.14454760604407,0.6490162037037037,42.25788288288289,1030.9684684684692,28.638013013013033,0
1109,4,0,0,49,0.0,0.0,1.0,49,1000,800,200,0.8,12,8,4,391.13459932790744,0.8456278344671202,0.3226749692997215,0.23893392435261163,132920.05423920543,597.9264314990689,133517.9806707045,1103,10,494.6938775510204,36,13,16,32.11818827126789,0.6495949074074074,42.20157657657658,1031.1936936936938,28.644269269269273,0
1110,4,0,0,49,0.0,0.0,1.0,49,1300,900,400,0.6923076923076923,17,9,8,398.1814500536341,0.8435019841269842,0.33143099993928726,0.24462688041154063,133132.5263542628,802.1804786088012,133934.7068328716,1104,11,495.6938775510204,37,12,16,31.7223579827171,0.6497747747747746,41.99561403508772,1032.0175438596489,27.89236605026078,0
1111,4,0,0,49,0.0,0.0,1.0,49,1000,400,600,0.4,16,4,12,396.8759809447471,0.8426516439909297,0.32793956669231683,0.24438112234105933,133217.40974386365,774.1580342028496,133991.5677780665,1105,12,496.6938775510204,37,12,16,31.67053903345726,0.6506193693693693,41.913377192982466,1032.3464912280715,27.90125651967761,0
1112,4,0,1,48,0.0,0.02040816326530612,0.9795918367346939,49,1350,800,550,0.5925925925925926,19,8,11,397.0913871283976,0.8427579365079365,0.33110845993855365,0.24491948031882363,133279.094128954,784.7960725765316,134063.89020153054,1106,13,497.6938775510204,38,11,17,31.60286256251078,0.6493969298245613,41.853632478632484,1032.585470085471,27.173301844354498,0
1113,4,0,0,48,0.0,0.0,1.0,48,1250,700,550,0.56,18,7,11,408.4698631424279,0.8419954196217494,0.33475997098064236,0.25228705842219856,133330.6296769198,1292.3088113650338,134622.93848828485,1107,14,507.8333333333333,37,11,17,31.257188484269385,0.6517454954954955,41.80372807017544,1032.7850877192982,27.913110478899952,0
1114,4,0,0,48,0.0,0.0,1.0,48,1100,800,300,0.7272727272727273,14,8,6,409.0004104659012,0.8407764479905437,0.3330126844284045,0.25300018824683235,133387.2576778432,1311.088628231767,134698.346306075,1108,15,508.8333333333333,37,11,17,31.186423061953786,0.6523085585585585,41.74890350877193,1033.0043859649127,27.919037458511152,0
1115,4,0,0,48,0.0,0.0,1.0,48,1250,1000,250,0.8,15,10,5,407.1620463812637,0.8397421690307328,0.32987152311032997,0.25225266819687386,133444.62393390675,1266.7172319015258,134711.3411658083,1109,16,509.8333333333333,38,10,17,31.17611070899252,0.6510416666666666,41.69337606837607,1033.2264957264956,27.190170940170937,0
1116,4,0,0,48,0.0,0.0,1.0,48,900,500,400,0.5555555555555556,13,5,8,407.7783558792925,0.839095744680851,0.3256048387096777,0.25282258064516133,133472.22222222216,1285.4280809408974,134757.65030316307,1110,17,510.8333333333333,34,14,17,31.13239247311828,0.6593137254901962,41.666666666666664,1033.333333333333,30.39215686274509,0
1117,4,0,0,48,0.0,0.0,1.0,48,1350,1000,350,0.7407407407407407,17,10,7,403.30434523513867,0.8390218676122931,0.315335021874281,0.2512985324757826,133656.80980725604,1180.8744331065536,134837.6842403626,1111,18,511.8333333333333,34,14,18,31.062197789546396,0.6611519607843138,41.48809523809523,1034.0476190476174,30.413165266106397,0
1118,4,0,0,48,0.0,0.0,1.0,48,850,500,350,0.5882352941176471,12,5,7,397.974736513141,0.8387632978723404,0.31940448791714626,0.24880578851073334,133779.93905895684,1048.2071995464737,134828.14625850332,1112,19,512.8333333333334,34,14,14,31.076189106252396,0.6623774509803921,41.36904761904761,1034.5238095238087,30.427170868347314,0
1119,4,0,0,48,0.0,0.0,1.0,48,1100,600,500,0.5454545454545454,16,6,10,395.72650928038917,0.8384308510638298,0.32071031834787145,0.24814771710976422,133891.14610125162,996.8551740397688,134888.0012752914,1113,20,513.8333333333334,35,13,14,31.022608663237158,0.6613095238095239,41.26157407407407,1034.953703703703,29.570105820105802,0
1120,4,0,0,48,0.0,0.0,1.0,48,1100,500,600,0.45454545454545453,17,5,12,390.91924382621585,0.8364546394799054,0.31647861156425594,0.2460302838454521,134025.5347196859,878.6321372047748,134904.1668568907,1114,21,514.8333333333334,36,12,14,31.0120989668298,0.6605902777777778,41.13175675675676,1035.4729729729731,28.763138138138142,0
1121,4,0,0,48,0.0,0.0,1.0,48,1100,800,300,0.7272727272727273,14,8,6,390.66719648426266,0.836436170212766,0.32361463956811654,0.24653527088756394,134124.51577648905,879.6097116420567,135004.1254881311,1115,22,515.8333333333334,37,11,16,30.91931741999224,0.6596283783783783,41.03618421052632,1035.8552631578957,27.99608819345664,0
1122,4,0,0,48,0.0,0.0,1.0,48,1650,1100,550,0.6666666666666666,22,11,11,392.6541373756686,0.8347185283687943,0.33129672732402304,0.24875113314174385,134266.52912434592,944.0616343490234,135210.59075869495,1116,23,516.8333333333334,37,11,16,30.72541966426859,0.661036036036036,40.89912280701754,1036.4035087719296,28.010905642484584,0
1123,4,0,0,48,0.0,0.0,1.0,48,1050,800,250,0.7619047619047619,13,8,5,393.2573382952041,0.8337396572104019,0.3299793738100272,0.24952046149280932,134323.3555036165,964.7290512465349,135288.08455486305,1117,24,517.8333333333334,37,11,16,30.652810098018474,0.6615990990990991,40.844298245614034,1036.622807017544,28.01683262209578,0
1124,4,0,0,48,0.0,0.0,1.0,48,1250,900,350,0.72,16,9,7,389.949281524045,0.834127511820331,0.329499788494078,0.24780647890398994,134380.1939058172,880.2920129270574,135260.48591874426,1118,25,518.8333333333334,37,11,16,30.681577834179354,0.6621621621621622,40.78947368421053,1036.8421052631581,28.022759601706976,0
1125,4,0,0,48,0.0,0.0,1.0,48,850,500,350,0.5882352941176471,12,5,7,388.54212028838214,0.8322251773049645,0.3324129852744311,0.2480691998764288,134550.78125000015,855.8373730378727,135406.61862303803,1119,26,519.8333333333334,36,12,17,30.547188755020077,0.665798611111111,40.62500000000001,1037.5000000000011,28.819444444444475,0
1126,4,0,0,48,0.0,0.0,1.0,48,1000,500,500,0.5,15,5,10,388.54212028838214,0.8315972222222222,0.3324129852744311,0.2480691998764288,134550.78125000015,855.7291666666816,135406.51041666683,1120,27,520.8333333333334,36,12,17,30.547188755020077,0.665798611111111,40.62500000000001,1037.5000000000011,28.819444444444475,0
1127,4,0,0,48,0.0,0.0,1.0,48,1500,1200,300,0.8,18,12,6,375.7635523160593,0.831781914893617,0.3152003836058954,0.23062662634714268,133095.751953125,402.506510416668,133498.25846354166,1121,28,521.8333333333334,39,9,14,32.337724611346644,0.6458333333333334,42.03125,1031.875,26.458333333333332,4
1128,4,0,0,48,0.0,0.0,1.0,48,1100,700,400,0.6363636363636364,15,7,8,375.92622197150695,0.8300088652482269,0.31615792129162434,0.23139309687811424,133203.26063368074,414.91970486113325,133618.18033854186,1122,29,522.8333333333334,39,9,15,32.225445677766565,0.6469017094017093,41.92708333333334,1032.2916666666683,26.469017094017136,0
1129,4,0,0,48,0.0,0.0,1.0,48,850,500,350,0.5882352941176471,12,5,7,376.44589579583635,0.828623670212766,0.32235337637880024,0.2320479924831051,133257.03125,432.8124999999998,133689.84375,1123,30,523.8333333333334,39,9,16,32.15799031476998,0.6474358974358975,41.875,1032.5,26.474358974358974,0
1130,4,1,0,49,0.02040816326530612,0.0,1.0,49,1300,900,400,0.6923076923076923,17,9,8,367.317436384091,0.8318806689342404,0.3157637059346403,0.22822148109117837,133550.99400365195,11.121748793715454,133562.11575244568,1124,0,514.1224489795918,40,9,18,32.098613705633674,0.6486979166666667,41.59044715447155,1033.6382113821142,25.840955284552855,0
1131,4,0,0,49,0.0,0.0,1.0,49,1000,700,300,0.7,13,7,6,366.75153192925677,0.8325184240362812,0.31176965035498116,0.22819347610497426,133603.52143441403,-0.14076855707659774,133603.38066585694,1125,1,515.1224489795918,40,9,18,32.06056063435892,0.64921875,41.53963414634146,1033.841463414634,25.84603658536585,0
1132,4,0,0,49,0.0,0.0,1.0,49,1250,800,450,0.64,17,8,9,374.9206137151564,0.8312074829931974,0.32067622215405445,0.2342735989568191,133761.1656937837,229.96366663363978,133991.12936041734,1126,2,516.1224489795918,40,9,14,31.691267970003604,0.6507812499999999,41.38719512195123,1034.451219512197,25.861280487804926,0
1133,4,0,0,49,0.0,0.0,1.0,49,1400,1200,200,0.8571428571428571,16,12,4,375.48342808691666,0.8296130952380952,0.32602952789837225,0.23512744555848625,133840.02267995244,250.9421062198469,134090.9647861723,1127,3,517.1224489795918,40,9,14,31.597631441105225,0.6515625,41.3109756097561,1034.7560975609758,25.868902439024396,0
1134,4,0,0,49,0.0,0.0,1.0,49,1450,900,550,0.6206896551724138,20,9,11,373.1564019287408,0.8283730158730159,0.32641599183902703,0.23435801539122497,133948.25961668463,196.73012063577164,134144.9897373204,1128,4,518.1224489795918,42,7,14,31.54934631345752,0.6495535714285714,41.206395348837205,1035.1744186046506,24.647009966777393,0
1135,4,0,0,49,0.0,0.0,1.0,49,950,700,250,0.7368421052631579,12,7,5,374.80389365863385,0.8278061224489797,0.32934566302658075,0.23587481788198816,134023.5008788533,246.50599423109895,134270.00687308438,1129,5,519.1224489795918,42,7,14,31.431311997005416,0.6502976190476191,41.13372093023255,1035.4651162790685,24.653931339977824,0
1136,4,0,1,48,0.0,0.02040816326530612,0.9795918367346939,49,1000,600,400,0.6,14,6,8,373.99547261195045,0.8267431972789115,0.3280829611054521,0.23591479120124056,134109.027957128,231.23385847106658,134340.26181559908,1130,6,520.1224489795918,43,6,14,31.366566099835435,0.6497093023255814,41.05113636363636,1035.7954545454538,24.088266384777995,0
1137,4,0,0,48,0.0,0.0,1.0,48,900,600,300,0.6666666666666666,12,6,6,380.6105859949271,0.8262965425531915,0.3319064995009988,0.23985648249491587,134073.6734571237,605.9718842016457,134679.64534132535,1131,7,528.4375,42,6,14,31.230702657185624,0.6507936507936509,41.085271317829445,1035.65891472868,24.658545588778093,0
1138,4,0,0,48,0.0,0.0,1.0,48,1200,800,400,0.6666666666666666,16,8,8,376.53853631191555,0.8259456264775413,0.3343328189781474,0.2381032861492203,134199.1459816869,506.2300004506959,134705.37598213757,1132,8,529.4375,42,6,14,31.210449203528775,0.6520337301587302,40.96414728682171,1036.1434108527137,24.670081210778896,0
1139,4,0,0,48,0.0,0.0,1.0,48,1150,800,350,0.6956521739130435,15,8,7,377.3524758986095,0.8251329787234042,0.33908348132224275,0.2396020260913483,134349.79047420507,539.4452143801282,134889.2356885852,1133,9,530.4375,42,6,14,31.038531638470886,0.6535218253968255,40.818798449612395,1036.724806201549,24.683923957179736,0
1140,4,0,0,48,0.0,0.0,1.0,48,1450,900,550,0.6206896551724138,20,9,11,376.7671371820154,0.8237293144208038,0.3489982252942281,0.24038551672649885,134525.64918724814,536.9687443662979,135062.61793161443,1134,10,531.4375,42,6,17,30.877739896631162,0.6552579365079365,40.64922480620154,1037.403100775192,24.70007382798076,0
1141,4,0,0,48,0.0,0.0,1.0,48,1500,1200,300,0.8,18,12,6,374.3658306781262,0.8226950354609929,0.34950082338410904,0.23992997433170649,134689.3719409743,484.6291114993397,135174.00105247364,1135,11,532.4375,38,10,17,30.77633971456018,0.6633771929824562,40.49145299145298,1038.0341880341864,27.31668915879438,0
1142,4,0,0,48,0.0,0.0,1.0,48,1600,1200,400,0.75,20,12,8,371.4230299057723,0.8214391252955082,0.3472716711797552,0.23908709045774382,134848.14588758664,417.1413845485917,135265.28727213523,1136,12,533.4375,39,9,14,30.694117106274863,0.6631944444444446,40.33854166666666,1038.645833333332,26.631944444444407,0
1143,4,0,0,48,0.0,0.0,1.0,48,1400,1000,400,0.7142857142857143,18,10,8,367.7213443780714,0.8199431146572104,0.3351209569633793,0.2375899048909092,134983.4201388888,327.25694444443536,135310.67708333323,1137,13,534.4375,39,9,15,30.655239240844697,0.6645299145299146,40.20833333333333,1039.1666666666658,26.645299145299123,0
1144,4,0,0,48,0.0,0.0,1.0,48,1400,1100,300,0.7857142857142857,17,11,6,365.25957727077434,0.8200539302600472,0.33212257849031435,0.23670718059495613,135091.6883680554,268.7065972222025,135360.39496527758,1138,14,535.4375,39,9,15,30.611222444889766,0.6655982905982907,40.10416666666666,1039.583333333332,26.65598290598287,0
1145,4,0,0,48,0.0,0.0,1.0,48,800,700,100,0.875,9,7,2,362.33631878071594,0.8190196513002364,0.32802982181830087,0.23541508254495647,135184.1468062164,196.42522225525784,135380.57202847165,1139,15,536.4375,40,8,15,30.59505195608977,0.6648437500000002,40.01524390243902,1039.9390243902428,25.99847560975607,0
1146,4,0,0,48,0.0,0.0,1.0,48,850,500,350,0.5882352941176471,12,5,7,361.47729898375576,0.8166555851063829,0.3252379930707865,0.23560052420401753,135298.03363764472,181.43355142981704,135479.46718907455,1140,16,537.4375,41,7,16,30.503937414576775,0.664380081300813,39.90575396825396,1040.376984126983,25.375048393341046,0
1147,4,0,0,48,0.0,0.0,1.0,48,1300,1000,300,0.7692307692307693,16,10,6,360.81808931198844,0.8151411052009456,0.32178485195069295,0.23601642101380177,135427.0793965733,172.90800579489724,135599.9874023682,1141,17,538.4375,41,7,17,30.392600711653323,0.6656504065040652,39.781746031746025,1040.8730158730148,25.387146728610116,0
1148,4,0,0,48,0.0,0.0,1.0,48,1050,700,350,0.6666666666666666,14,7,7,365.5988306675935,0.8149748817966903,0.3359485190409026,0.23417125936505961,134667.6421987866,247.653855305474,134915.2960540921,1142,18,539.4375,36,12,17,31.025550612997716,0.6669560185185186,40.512387387387385,1037.9504504504503,28.83195695695695,1
1149,4,1,0,49,0.02040816326530612,0.0,1.0,49,1350,1100,250,0.8148148148148148,16,11,5,354.9865102249651,0.8158659297052154,0.3252817480653374,0.2295062853964677,135006.20984341326,-214.92334179748764,134791.28650161577,1143,0,529.4081632653061,37,12,15,30.963371316030106,0.6683558558558559,40.186403508771924,1039.2543859649115,28.087956377430043,0
1150,4,0,0,49,0.0,0.0,1.0,49,950,600,350,0.631578947368421,13,6,7,358.2215182757259,0.8138818027210885,0.3281532796604878,0.23251298136952164,135148.68907981314,-117.36628097105302,135031.32279884207,1144,1,530.4081632653061,37,12,15,30.7373501704805,0.6697635135135135,40.049342105263165,1039.8026315789484,28.102773826458066,0
1151,4,0,0,49,0.0,0.0,1.0,49,1000,700,300,0.7,13,7,6,357.4815824273924,0.813952664399093,0.3270966321813782,0.23247048797132003,135216.66718030884,-132.50636916504016,135084.1608111438,1145,2,531.4081632653061,38,11,17,30.688880328710823,0.6685855263157896,39.98397435897435,1040.0641025641014,27.370107962213194,0
1152,4,0,1,48,0.0,0.02040816326530612,0.9795918367346939,49,1250,900,350,0.72,16,9,7,358.3309701233311,0.8140235260770975,0.3273102216857171,0.23356271667074952,135300.01849112424,-103.56262327416181,135196.45586785008,1146,3,532.4081632653061,38,11,17,30.583795440542197,0.6694078947368421,39.90384615384615,1040.3846153846152,27.378542510121452,0
1153,4,0,0,48,0.0,0.0,1.0,48,1450,1300,150,0.896551724137931,16,13,3,354.1217045462819,0.8155658983451537,0.3155464250596993,0.23149608950091655,135405.341066482,-10.005963373341444,135395.33510310866,1147,4,537.3541666666666,37,11,17,30.588478016575355,0.6722972972972973,39.80263157894737,1040.7894736842109,28.129445234708403,0
1154,4,0,0,48,0.0,0.0,1.0,48,1250,700,550,0.56,18,7,11,355.0481330119893,0.8150118203309692,0.3184385863267667,0.2322861424316209,135433.87298255254,17.10874980765351,135450.9817323602,1148,5,538.3541666666666,37,11,17,30.535987043084376,0.6725788288288288,39.775219298245624,1040.8991228070192,28.132408724514033,0
1155,4,0,1,47,0.0,0.020833333333333332,0.9791666666666666,48,1000,800,200,0.8,12,8,4,354.3522046154967,0.8156028368794326,0.3205305829228242,0.23204354044176065,135466.79815910588,0.5917159763334894,135467.3898750822,1149,6,539.3541666666666,38,10,17,30.52134646962233,0.6710526315789473,39.743589743589745,1041.025641025641,27.395411605937923,0
1156,4,0,0,47,0.0,0.0,1.0,47,1000,700,300,0.7,13,7,6,354.5704341259458,0.8172602528522972,0.3122568965208192,0.23252768249033032,135519.48676515862,210.24065096953984,135729.72741612815,1150,7,535.5531914893617,37,10,17,30.463265234484687,0.6734234234234233,39.692982456140356,1041.2280701754396,28.1412991939308,0
1157,4,0,0,47,0.0,0.0,1.0,47,1200,800,400,0.6666666666666666,16,8,8,352.5016471200442,0.8168362627197039,0.304637482471114,0.23153946364773018,135576.57764889195,158.1933864265942,135734.77103531855,1151,8,536.5531914893617,37,10,17,30.46036007580543,0.6739864864864864,39.63815789473684,1041.4473684210525,28.14722617354196,0
1158,4,0,0,47,0.0,0.0,1.0,47,800,600,200,0.75,10,6,4,354.3967661700988,0.8170675300647549,0.30363134980232154,0.23334693835157194,135663.00834195694,215.718311989477,135878.72665394642,1152,9,537.5531914893617,36,11,17,30.325099989190356,0.6767939814814814,39.55518018018019,1041.7792792792802,28.93831331331334,0
1159,4,0,0,47,0.0,0.0,1.0,47,1050,800,250,0.7619047619047619,13,8,5,354.22471606844795,0.8171060746222633,0.30496453900709186,0.2334250052040802,135692.33929875845,213.11607215325898,135905.45537091172,1153,10,538.5531914893617,36,11,18,30.300430537541427,0.6770833333333333,39.52702702702704,1041.8918918918937,28.94144144144149,0
1160,4,0,0,47,0.0,0.0,1.0,47,600,400,200,0.6666666666666666,8,4,4,369.86352537395004,0.8170289855072463,0.29202567258660084,0.23068807510437073,133693.11125721372,489.6410895609518,134182.75234677468,1154,11,539.5531914893617,38,9,17,31.890280647382916,0.6535087719298246,41.45299145299145,1034.1880341880335,27.215474583895617,4
1161,4,0,0,47,0.0,0.0,1.0,47,1250,900,350,0.72,16,9,7,370.1773569035034,0.8171831637372803,0.29467744522644446,0.23140266926382322,133775.99172921682,504.16860709327847,134280.1603363101,1155,12,540.5531914893617,38,9,16,31.799072257220555,0.6543311403508772,41.37286324786324,1034.5085470085464,27.223909131803854,0
1162,4,0,0,47,0.0,0.0,1.0,47,1050,900,150,0.8571428571428571,12,9,3,365.87458631335744,0.8165279062596361,0.28858936565606874,0.2292277647497528,133858.89788333693,395.1137774855663,134254.0116608225,1156,13,541.5531914893617,38,9,16,31.827293688485096,0.6551535087719298,41.29273504273504,1034.8290598290594,27.232343679712088,0
1163,4,0,0,47,0.0,0.0,1.0,47,1000,700,300,0.7,13,7,6,369.44855375408906,0.8168362627197039,0.29372595182458716,0.23181461067160708,133914.18292059313,494.88024143472654,134409.06316202786,1157,14,542.5531914893617,38,9,16,31.67944020093588,0.6557017543859649,41.23931623931624,1035.0427350427346,27.237966711650913,0
1164,4,0,0,47,0.0,0.0,1.0,47,1250,900,350,0.72,16,9,7,366.8893143938602,0.8169133518347209,0.29054966185292797,0.2310759015217469,134052.44545118333,436.48196088098985,134488.9274120643,1158,15,543.5531914893617,38,9,16,31.60721654802434,0.6570723684210527,41.105769230769226,1035.5769230769222,27.252024291497953,0
1165,4,0,0,47,0.0,0.0,1.0,47,1200,900,300,0.75,15,9,6,364.1892576603427,0.8164893617021276,0.28643850196964915,0.22972120058666357,134107.77043839925,368.12187248884186,134475.8923108881,1159,16,544.5531914893617,38,9,16,31.621755200275068,0.6576206140350878,41.05235042735042,1035.7905982905968,27.257647323436757,0
1166,4,1,1,47,0.020833333333333332,0.020833333333333332,0.9791666666666666,48,1350,1000,350,0.7407407407407407,17,10,7,357.32422186058295,0.8176713947990544,0.27942284508740256,0.2271267755044854,134388.72070312497,4.069010416668334,134392.78971354163,1160,0,534.1875,39,9,17,31.518736186457716,0.6586538461538463,40.78125,1036.8749999999998,26.586538461538456,0
1167,4,0,0,47,0.0,0.0,1.0,47,1100,600,500,0.5454545454545454,16,6,10,365.16575678668937,0.8141381436941103,0.2873270514884638,0.23159747901748526,134307.72705078122,408.91655815972115,134716.64360894094,1161,18,546.5531914893617,39,8,17,31.396446755769944,0.6578525641025641,40.859375,1036.5624999999998,26.578525641025635,0
1168,4,0,1,46,0.0,0.02127659574468085,0.9787234042553191,47,1200,900,300,0.75,15,9,6,364.03700628157793,0.8143694110391612,0.2790690714442987,0.23122273921637182,134361.7201063369,382.52766927084247,134744.24777560774,1162,19,547.5531914893617,39,8,17,31.37171790749857,0.6583867521367521,40.80729166666667,1036.7708333333342,26.583867521367544,0
1169,4,0,0,46,0.0,0.0,1.0,46,1400,1100,300,0.7857142857142857,17,11,6,370.982298607338,0.8115539452495975,0.2907463380609159,0.21760881380041458,131384.32618690358,566.2287539795775,131950.55494088316,1163,20,559.6304347826087,37,9,17,34.1867201426025,0.6323198198198199,43.695175438596486,1025.2192982456133,27.708629682313873,6
1170,4,0,0,46,0.0,0.0,1.0,46,1250,1100,150,0.88,14,11,3,368.5752220200919,0.8123389694041868,0.28590257019352583,0.21693725111965625,131515.04041883693,494.63704427085133,132009.67746310777,1164,21,560.6304347826087,39,7,18,34.11624944991708,0.6300747863247863,43.56770833333334,1025.7291666666679,26.300747863247896,0
1171,4,0,0,46,0.0,0.0,1.0,46,1750,1400,350,0.8,21,14,7,368.290071289774,0.8120772946859903,0.2795439969353013,0.2179319279495028,131719.0404707022,502.16296103512406,132221.20343173732,1165,22,561.6304347826087,40,6,16,33.91743391743392,0.6304687499999999,43.3689024390244,1026.5243902439042,25.663109756097604,0
1172,4,0,0,46,0.0,0.0,1.0,46,950,700,250,0.7368421052631579,12,7,5,367.43916731812203,0.8106682769726248,0.2821741281758918,0.21802541313855725,131823.382710771,487.41479526078393,132310.79750603178,1166,23,562.6304347826087,40,6,16,33.8339106053109,0.6315104166666665,43.26727642276424,1026.9308943089452,25.67327235772363,0
1173,4,0,0,46,0.0,0.0,1.0,46,1500,1100,400,0.7333333333333333,19,11,8,364.5766207742297,0.809561191626409,0.2719326921422547,0.21677296957564193,131901.66650142116,417.65276951550885,132319.31927093666,1167,24,563.6304347826087,40,6,16,33.828403244954494,0.6322916666666667,43.19105691056911,1027.235772357724,25.680894308943103,0
1174,4,0,0,46,0.0,0.0,1.0,46,750,500,250,0.6666666666666666,10,5,5,368.2206334726568,0.80829307568438,0.27298078287530125,0.21939179876499906,131979.97352972772,519.5498917641662,132499.52342149187,1168,25,564.6304347826087,40,6,17,33.65579566808427,0.6330729166666667,43.114837398373986,1027.5406504065045,25.68851626016261,0
1175,4,0,0,46,0.0,0.0,1.0,46,950,400,550,0.42105263157894735,15,4,11,366.71417600217393,0.807548309178744,0.2764920802080426,0.21909709924760712,132084.41904826823,487.4457788023066,132571.86482707053,1169,26,565.6304347826087,40,6,17,33.58914153896853,0.6341145833333333,43.01321138211382,1027.9471544715448,25.69867886178862,0
1176,4,0,0,46,0.0,0.0,1.0,46,1150,600,550,0.5217391304347826,17,6,11,366.2553377402195,0.8069243156199678,0.2775997180876941,0.21916110394570656,132142.87682665666,479.6067964222781,132622.48362307894,1170,27,566.6304347826087,41,5,18,33.54198829280843,0.6331300813008129,42.95634920634921,1028.1746031746038,25.077429345722045,0
1177,4,0,0,46,0.0,0.0,1.0,46,850,500,350,0.5882352941176471,12,5,7,367.6978845164608,0.8070048309178744,0.2699526972624797,0.22061873070987648,132244.89795918367,525.2338435374097,132770.13180272107,1171,28,567.6304347826087,41,5,18,33.40205439814813,0.6341463414634146,42.857142857142854,1028.5714285714284,25.08710801393728,0
1178,4,0,0,46,0.0,0.0,1.0,46,1100,500,600,0.45454545454545453,17,5,12,366.4018583388585,0.807206119162641,0.26771623831285907,0.22013831233916364,132295.92328829682,494.694428697407,132790.61771699422,1172,29,568.6304347826087,41,5,18,33.38396014143362,0.6346544715447153,42.807539682539684,1028.7698412698414,25.09194734804491,0
1179,4,0,0,46,0.0,0.0,1.0,46,900,600,300,0.6666666666666666,12,6,6,365.2194061905467,0.8061795491143318,0.2663876535654859,0.2198735287530202,132372.47973552835,468.9996889959623,132841.47942452432,1173,30,569.6304347826087,41,5,18,33.33724975095601,0.6354166666666666,42.73313492063492,1029.0674603174596,25.09920634920633,0
1180,4,1,1,46,0.02127659574468085,0.02127659574468085,0.9787234042553191,47,850,700,150,0.8235294117647058,10,7,3,356.7524399523064,0.8140225100215849,0.26043312124394435,0.21665746416247117,132700.5487983052,68.25875526081657,132768.807553566,1174,0,558.4893617021277,38,9,16,33.2251054196046,0.643640350877193,42.414529914529915,1030.3418803418801,27.114260008996848,0
1181,4,0,0,46,0.0,0.0,1.0,46,1850,1600,250,0.8648648648648649,21,16,5,362.33522468016463,0.8044484702093398,0.2628664645856955,0.2197636821091119,132652.03145438974,412.90072426130587,133064.93217865104,1175,32,571.6304347826087,37,9,16,33.130100230619135,0.6449887387387387,42.46162280701754,1030.1535087719292,27.841986723565654,0
1182,4,1,0,47,0.02127659574468085,0.0,1.0,47,650,300,350,0.46153846153846156,10,3,7,346.02187534987473,0.8105149552883132,0.23820140873268714,0.20326611672562983,131440.53939673738,-285.19123672668934,131155.3481600107,1176,0,560.4468085106383,37,10,16,34.76974622184203,0.632882882882883,43.64035087719298,1025.4385964912276,27.71455666192507,5
1183,4,1,1,47,0.020833333333333332,0.020833333333333332,0.9791666666666666,48,1400,1000,400,0.7142857142857143,18,10,8,341.75915712759496,0.8158429373522459,0.2318900915903419,0.20219347177844413,131711.68456424866,-597.2651398933479,131114.41942435532,1177,0,549.75,38,10,14,34.60571051901193,0.6337719298245614,43.376068376068375,1026.4957264957263,27.01304543409806,0
1184,4,0,0,47,0.0,0.0,1.0,47,1000,700,300,0.7,13,7,6,354.73744480356726,0.8104378661732963,0.2300845996984815,0.19646701943012687,129150.9639156588,-237.06341332829922,128913.90050233049,1178,2,562.4468085106383,41,6,17,36.86845272952048,0.603150406504065,45.882936507936506,1016.4682539682535,24.79190863337204,5
1185,4,0,1,46,0.0,0.02127659574468085,0.9787234042553191,47,1750,1600,150,0.9142857142857143,19,16,3,355.6344892675169,0.8098982423681775,0.2312673450508793,0.19803225770791189,129364.3676035502,-198.68431388006223,129165.68328967014,1179,3,563.4468085106383,38,9,18,36.62833438353288,0.6101973684210527,45.67307692307692,1017.3076923076915,26.771255060728723,0
1186,4,1,0,47,0.02127659574468085,0.0,1.0,47,1800,1500,300,0.8333333333333334,21,15,6,354.53020504929543,0.8076626580326858,0.23738439180546367,0.19864946409904966,129609.02829142008,-209.93692472058163,129399.0913666995,1180,0,564.3617021276596,38,9,17,36.40751232819222,0.6126644736842106,45.43269230769231,1018.2692307692305,26.796558704453435,0
1187,4,0,0,47,0.0,0.0,1.0,47,1050,500,550,0.47619047619047616,16,5,11,354.4506937048726,0.8063521430773974,0.2398270021289992,0.19901842837351316,129690.6332182774,-206.21301775147873,129484.42020052593,1181,1,565.3617021276596,38,9,17,36.3265680721628,0.6134868421052632,45.3525641025641,1018.5897435897432,26.804993252361662,0
1188,4,0,0,47,0.0,0.0,1.0,47,1050,600,450,0.5714285714285714,15,6,9,353.3577281355948,0.8066604995374652,0.23796977021972854,0.1984770375323366,129704.91672092008,-233.55305989583766,129471.36366102424,1182,2,566.3617021276596,39,8,17,36.33988223063028,0.6119123931623932,45.338541666666664,1018.6458333333328,26.119123931623918,0
1189,4,1,0,48,0.020833333333333332,0.0,1.0,48,800,500,300,0.625,11,5,6,347.2778655352313,0.811613475177305,0.23962902046783618,0.19616506458611727,129925.63950029752,-575.9402472073444,129349.69925309018,1183,0,555.5416666666666,40,8,19,36.270600744284955,0.6125,45.1219512195122,1019.5121951219518,25.487804878048795,0
1190,4,0,1,47,0.0,0.020833333333333332,0.9791666666666666,48,1200,700,500,0.5833333333333334,17,7,10,349.0695751174604,0.8113364361702128,0.23769014879766148,0.19770103024146926,130029.2691189108,-522.1476551655688,129507.12146374524,1184,1,556.5416666666666,40,8,19,36.1197605287631,0.6135416666666667,45.020325203252035,1019.9186991869927,25.49796747967482,0
1191,4,1,0,48,0.020833333333333332,0.0,1.0,48,700,400,300,0.5714285714285714,10,4,6,351.79800158028087,0.8130725472813238,0.2515992121592412,0.20143068809045792,130453.51765103375,-420.71522153343926,130032.80242950031,1185,0,541.2708333333334,38,10,20,35.61994526946942,0.6211622807017543,44.60470085470086,1021.5811965811972,26.88371569950519,0
1192,4,0,0,48,0.0,0.0,1.0,48,900,600,300,0.6666666666666666,12,6,6,351.47894034944727,0.8134788711583925,0.26042320022301224,0.2018155788345028,130562.68376981535,-421.9932518810523,130140.6905179343,1186,1,542.2708333333334,38,10,16,35.517501219597186,0.6222587719298245,44.49786324786326,1022.0085470085484,26.894961763382852,0
1193,4,0,0,48,0.0,0.0,1.0,48,950,600,350,0.631578947368421,13,6,7,349.9379725897921,0.8129802009456265,0.261775362318841,0.20121433423913057,130617.28395061736,-458.410493827149,130158.87345679021,1187,2,543.2708333333334,38,10,16,35.50158514492756,0.6228070175438596,44.44444444444445,1022.2222222222229,26.900584795321652,0
1194,4,0,0,48,0.0,0.0,1.0,48,900,700,200,0.7777777777777778,11,7,4,349.1548549462719,0.8134049940898345,0.260073762496952,0.20090576109325778,130644.58832137122,-476.96154302724244,130167.62677834398,1188,3,544.2708333333334,38,10,16,35.493956177935694,0.6230811403508771,44.417735042735046,1022.3290598290603,26.90339631129106,0
1195,4,1,1,48,0.02040816326530612,0.02040816326530612,0.9795918367346939,49,850,400,450,0.47058823529411764,13,4,9,341.9031137725591,0.8168225623582767,0.2661161350353287,0.1983199525341895,130954.69292534741,-845.2365451388699,130109.45638020853,1189,0,534.1428571428571,39,10,17,35.36578126060113,0.6244658119658119,44.11458333333334,1023.5416666666681,26.24465811965816,0
1196,4,1,3,46,0.02040816326530612,0.061224489795918366,0.9387755102040817,49,1200,900,300,0.75,15,9,6,338.30239905461934,0.8176729024943311,0.259346144652024,0.19654315848190523,131015.81090124938,-935.4073716041898,130080.40352964519,1190,0,535.1224489795918,40,9,17,35.39619317053802,0.6234374999999999,44.054878048780495,1023.780487804879,25.594512195121975,0
1197,4,0,0,46,0.0,0.0,1.0,46,1050,800,250,0.7619047619047619,13,8,5,354.8032269315381,0.8049114331723027,0.2663600250888558,0.2037243498695737,130562.68376981537,64.81230367450314,130627.49607348988,1191,6,570.6521739130435,38,8,17,35.43256498710712,0.6222587719298245,44.49786324786326,1022.0085470085485,26.894961763382856,0
1198,4,0,0,46,0.0,0.0,1.0,46,1050,600,450,0.5714285714285714,15,6,9,350.7391753598081,0.8038647342995169,0.26530732753138664,0.20224550521349943,130726.51855504453,-29.81773686898123,130696.70081817555,1192,7,571.6521739130435,38,8,19,35.37052514277755,0.6239035087719296,44.337606837606856,1022.6495726495754,26.911830859199352,0
1199,4,0,0,46,0.0,0.0,1.0,46,850,300,550,0.35294117647058826,14,3,11,348.38913062414656,0.8037238325281804,0.26472150889931756,0.20124595663112513,130794.81336805588,-86.50173611107812,130708.3116319448,1193,8,572.6521739130435,39,7,20,35.36150712830958,0.6228632478632476,44.27083333333335,1022.9166666666692,26.228632478632544,0
1200,4,2,0,48,0.041666666666666664,0.0,1.0,48,1650,1200,450,0.7272727272727273,21,12,9,333.31356061700586,0.8151595744680851,0.2613795857129022,0.1950970195316883,131302.70460325383,-847.005602009275,130455.69900124456,1194,0,549.75,41,7,22,35.23446826702804,0.6247459349593494,43.77480158730161,1024.9007936507976,24.99758033294628,0
1201,4,0,0,48,0.0,0.0,1.0,48,1050,800,250,0.7619047619047619,13,8,5,334.5618767736872,0.8162492612293144,0.2565930949236337,0.1963680711439125,131408.21533203172,-807.1592500570398,130601.05608197468,1195,1,550.75,39,9,22,35.09611314301194,0.6290064102564101,43.67187500000002,1025.3125000000036,26.290064102564195,0
1202,4,1,2,47,0.02040816326530612,0.04081632653061224,0.9591836734693877,49,1100,900,200,0.8181818181818182,13,9,4,328.10940103911355,0.8207199546485261,0.25731258840169735,0.19402253808519052,131692.96136558958,-1158.0602650538326,130534.90110053575,1196,0,540.4897959183673,40,9,16,34.97483498349837,0.6302083333333331,43.39430894308945,1026.4227642276448,25.66056910569112,0
1203,4,1,1,47,0.020833333333333332,0.020833333333333332,0.9791666666666666,48,950,500,450,0.5263157894736842,14,5,9,326.96651629154553,0.8170249704491725,0.17551851325308854,0.1882064218980958,130658.55910289344,-1041.983979800933,129616.57512309251,1197,0,549.5833333333334,42,6,19,36.046938678798234,0.6168154761904763,44.40406976744186,1022.3837209302325,24.342469545957915,5
1204,4,1,0,48,0.020833333333333332,0.0,1.0,48,800,700,100,0.875,9,7,2,328.1029458511811,0.8196845449172576,0.18280939069458935,0.18910269730024673,130708.09789262975,-1022.857606964715,129685.24028566504,1198,0,550.5625,42,6,20,35.96785274329574,0.6173115079365079,44.355620155038764,1022.5775193798457,24.34708379475823,0
1205,4,0,0,48,0.0,0.0,1.0,48,1250,800,450,0.64,17,8,9,324.00123856024567,0.8200354609929078,0.18066079434236326,0.18733872271188823,130831.98594585682,-1122.0549020491344,129709.9310438077,1199,1,551.5625,42,6,21,35.94766212035107,0.6185515873015872,44.23449612403102,1023.0620155038775,24.35861941675899,0
1206,4,1,0,49,0.02040816326530612,0.0,1.0,49,1250,800,450,0.64,17,8,9,319.3327407050597,0.8218891723356009,0.19405087658482256,0.18680627770209304,131280.67558299043,-1415.5564128943722,129865.11917009606,1200,0,541.2857142857143,44,5,22,35.614873208047214,0.6202651515151516,43.7962962962963,1024.814814814815,23.291245791245796,0
1207,4,0,0,49,0.0,0.0,1.0,49,1150,900,250,0.782608695652174,14,9,5,320.3922934462035,0.8224560657596373,0.19719661792908427,0.18778295905726702,131353.5478572215,-1383.0413897812252,129970.50646744028,1201,1,542.2857142857143,41,8,22,35.51435126939579,0.6252540650406504,43.72519841269841,1025.0992063492058,25.0024196670538,0
1208,4,1,1,49,0.02,0.02,0.98,50,1550,1300,250,0.8387096774193549,18,13,5,315.1136755772053,0.8287244897959184,0.1994447592067985,0.18601191886079188,131626.25912655497,-1704.5531368307134,129921.70598972426,1202,0,532.42,42,8,15,35.375354107648704,0.6264880952380951,43.4593023255814,1026.162790697675,24.432447397563692,0
1209,4,1,1,49,0.02,0.02,0.98,50,1400,1000,400,0.7142857142857143,18,10,8,312.0655957012757,0.8317006802721089,0.21092281562559023,0.1851775578523026,131825.20300012035,-1772.3778994651557,130052.8251006552,1203,0,527.2,42,8,16,35.25370352896775,0.6284722222222221,43.265503875969,1026.9379844961254,24.45090439276489,0
1210,4,0,0,49,0.0,0.0,1.0,49,1200,800,400,0.6666666666666666,16,8,8,315.38809448114193,0.8272746598639455,0.2036675939818493,0.1870820725486707,131811.58002842354,-1485.6393888573793,130325.94063956616,1204,2,538.9591836734694,41,8,17,35.18208788200818,0.6298272357723576,43.27876984126985,1026.8849206349219,25.045973674022484,0
1211,4,0,0,49,0.0,0.0,1.0,49,1400,700,700,0.5,21,7,14,311.4588309718852,0.826672335600907,0.1895128938725481,0.18591130107590267,132049.1944312993,-1574.4224543296577,130474.77197696963,1205,3,539.9591836734694,42,7,20,35.044467490022306,0.630704365079365,43.04748062015504,1027.8100775193807,24.471668512366207,0
1212,4,0,0,49,0.0,0.0,1.0,49,1450,1100,350,0.7586206896551724,18,11,7,310.4949791287373,0.8271683673469388,0.19183560706721203,0.1859715928493639,132178.81159786825,-1591.8285303316964,130586.98306753655,1206,4,540.9591836734694,43,6,20,34.939240108051706,0.6305717054263564,42.92140151515153,1028.3143939393967,23.91428823114876,0
1213,4,0,0,49,0.0,0.0,1.0,49,1500,800,700,0.5333333333333333,22,8,14,321.74073848457107,0.8271683673469388,0.22652915108970872,0.1804738496938411,129651.86767578122,-1399.6136121513427,128252.25406362988,1207,5,541.9591836734694,39,10,12,37.1988041662405,0.6113782051282052,45.390625,1018.4374999999998,26.113782051282044,6
1214,4,1,1,49,0.02,0.02,0.98,50,1400,1000,400,0.7142857142857143,18,10,8,317.9705246928232,0.8326190476190476,0.2245604943193138,0.17984871729243468,129977.44914568061,-1734.2004593826298,128243.24868629799,1208,0,532.1,40,10,12,36.965151817155004,0.6130208333333333,45.07113821138212,1019.7154471544726,25.492886178861816,0
1215,4,2,2,49,0.0392156862745098,0.0392156862745098,0.9607843137254902,51,1250,900,350,0.72,16,9,7,312.2710755685233,0.8375490196078432,0.22240837852277529,0.17769590702124582,130213.13252095744,-2067.6410109067824,128145.49151005066,1209,0,522.6274509803922,42,9,15,36.872211145922336,0.6123511904761904,44.840116279069775,1020.6395348837223,24.30094130675529,0
1216,4,0,0,49,0.0,0.0,1.0,49,1100,600,500,0.5454545454545454,16,6,10,330.05693800768387,0.8265660430839002,0.24045234159014162,0.1872021783526209,130085.41907793227,-1212.8809799382548,128872.53809799401,1210,8,544.9591836734694,41,8,15,36.547679827547086,0.6125508130081301,44.965277777777786,1020.1388888888902,24.881436314363174,0
1217,4,0,0,49,0.0,0.0,1.0,49,1400,1100,300,0.7857142857142857,17,11,6,331.18527142404105,0.8269912131519275,0.22870950654977706,0.18833072897396944,130186.6430165815,-1176.8202593537524,129009.82275722774,1211,9,545.9591836734694,41,8,15,36.4164114902304,0.6135670731707317,44.86607142857142,1020.5357142857132,24.891114982578372,0
1218,4,0,0,49,0.0,0.0,1.0,49,1400,1000,400,0.7142857142857143,18,10,8,329.69596001665946,0.8272746598639455,0.22607246980424756,0.18785002373042237,130262.58680555568,-1210.5902777777696,129051.99652777791,1212,10,546.9591836734694,41,8,15,36.377551020408156,0.6143292682926829,44.79166666666667,1020.8333333333344,24.898373983739862,0
1219,4,1,0,50,0.02,0.0,1.0,50,1150,800,350,0.6956521739130435,15,8,7,323.4655600189041,0.8314795918367347,0.22451086956521782,0.18599269701086957,130617.28395061704,-1549.9614197531075,129067.32253086394,1213,0,537.0,41,9,16,36.17810235507248,0.6178861788617886,44.444444444444436,1022.2222222222202,24.932249322493178,0
1220,4,0,0,50,0.0,0.0,1.0,50,900,700,200,0.7777777777777778,11,7,4,325.8897231908707,0.8315306122448979,0.21899097700591885,0.1877554710412689,130693.35322381252,-1481.6758590010197,129211.6773648115,1214,1,538.0,41,9,16,36.03932198182467,0.6186483739837398,44.37003968253968,1022.51984126984,24.939508323654632,0
1221,4,0,0,50,0.0,0.0,1.0,50,1200,900,300,0.75,15,9,6,324.587261432922,0.8314455782312925,0.2193404461687687,0.18737372146547726,130769.44464128233,-1510.7808169564196,129258.66382432591,1215,2,539.0,41,9,16,35.99579696087942,0.619410569105691,44.29563492063492,1022.8174603174594,24.946767324816083,0
1222,4,0,1,49,0.0,0.02,0.98,50,1150,800,350,0.6956521739130435,15,8,7,324.5085129719145,0.8309523809523809,0.21953461314717915,0.18782159387162276,130870.93431122413,-1506.2535430839353,129364.6807681402,1216,3,540.0,41,9,16,35.895384913709506,0.6204268292682928,44.196428571428555,1023.2142857142828,24.956445993031288,0
1223,4,0,0,49,0.0,0.0,1.0,49,950,800,150,0.8421052631578947,11,8,3,330.66309208624875,0.8326955782312926,0.22417763291252113,0.19132850638645715,130859.79327781092,-1145.8992249983412,129713.89405281258,1217,4,534.7755102040817,40,9,16,35.749197126208436,0.621875,44.207317073170735,1023.1707317073178,25.579268292682947,0
1224,4,0,0,49,0.0,0.0,1.0,49,1450,1000,450,0.6896551724137931,19,10,9,336.60137512692165,0.8304988662131519,0.2318711508271949,0.19615735309120583,131134.06795224958,-972.0184802571342,130162.04947199245,1218,5,535.7755102040817,43,6,17,35.320358727810635,0.6201550387596899,43.93939393939393,1024.2424242424227,23.81959126145169,2
1225,4,0,1,48,0.0,0.02040816326530612,0.9795918367346939,49,1050,600,450,0.5714285714285714,15,6,9,339.24133550075595,0.8305342970521542,0.2302166234772267,0.19808471648104806,131209.51753257867,-897.661608367642,130311.85592421102,1219,6,536.7755102040817,44,5,17,35.17660792287995,0.6195549242424243,43.86574074074073,1024.5370370370356,23.284932659932625,0
1226,4,1,0,49,0.02040816326530612,0.0,1.0,49,1300,1100,200,0.8461538461538461,15,11,4,343.4958782442924,0.8283730158730159,0.25395351151431744,0.2017525910165165,131434.91753472236,-770.2615955075269,130664.65593921483,1220,0,537.6326530612245,39,10,19,34.84017337125831,0.6292735042735043,43.64583333333334,1025.4166666666679,26.292735042735075,0
1227,4,0,0,49,0.0,0.0,1.0,49,950,700,250,0.7368421052631579,12,7,5,342.48604787902,0.8281958616780045,0.2480810358261909,0.20172264351151878,131541.75347222242,-789.7569444444189,130751.996527778,1221,1,538.6326530612245,39,10,19,34.7583265637693,0.6303418803418803,43.54166666666668,1025.833333333335,26.303418803418847,0
1228,4,0,0,49,0.0,0.0,1.0,49,950,700,250,0.7368421052631579,12,7,5,343.5220177654443,0.8271329365079365,0.24831105569891876,0.20318523187639173,131702.08875868047,-751.4865451388936,130950.60221354158,1222,2,539.6326530612245,39,10,15,34.57014072119613,0.6319444444444444,43.385416666666664,1026.4583333333328,26.319444444444432,0
1229,4,0,0,49,0.0,0.0,1.0,49,1300,900,400,0.6923076923076923,17,9,8,342.27826592279354,0.8267786281179138,0.24751497433710212,0.20287654042098463,131782.29302300338,-778.7570529513937,131003.53597005199,1223,3,540.6326530612245,39,10,15,34.52125815833081,0.6327457264957266,43.307291666666664,1026.7708333333328,26.32745726495725,0
1230,4,0,0,49,0.0,0.0,1.0,49,700,400,300,0.5714285714285714,10,4,6,340.04836678956866,0.826672335600907,0.24938508948008287,0.20191121003380622,131849.47472569236,-832.9602914931581,131016.5144341992,1224,4,541.6326530612245,40,9,15,34.510851639290195,0.6317708333333333,43.24186991869919,1027.0325203252032,25.67581300813008,0
1231,4,0,0,49,0.0,0.0,1.0,49,950,500,450,0.5263157894736842,14,5,9,340.2800062838278,0.826672335600907,0.25409700380731715,0.20252527270547818,131938.95266439905,-820.7624716553286,131118.19019274373,1225,5,542.6326530612245,41,8,16,34.41483198146005,0.6310975609756098,43.154761904761905,1027.380952380952,25.058072009291514,0
1232,4,0,1,48,0.0,0.02040816326530612,0.9795918367346939,49,900,800,100,0.8888888888888888,10,8,2,336.9887454738025,0.825077947845805,0.2508031491720326,0.20124152114432672,132066.38681224803,-899.022797776519,131167.3640144715,1226,6,543.6326530612245,41,8,16,34.37117958369527,0.6323678861788617,43.03075396825397,1027.876984126984,25.070170344560587,0
1233,4,0,0,48,0.0,0.0,1.0,48,550,300,250,0.5454545454545454,8,3,5,338.71439006574155,0.8232121749408984,0.2624436936936938,0.2021360069747167,132040.8950617284,-655.1697530864162,131385.725308642,1227,7,554.2291666666666,41,7,16,34.352477477477485,0.6321138211382114,43.05555555555556,1027.7777777777778,25.067750677506776,0
1234,4,0,0,48,0.0,0.0,1.0,48,1000,700,300,0.7,13,7,6,340.7427807619036,0.8237477836879432,0.2625788060085561,0.20375749780932537,132117.37769471222,-596.3914674666062,131520.98622724562,1228,8,555.2291666666666,41,7,17,34.22341905497122,0.6328760162601625,42.9811507936508,1028.0753968253973,25.075009678668227,0
1235,4,3,3,48,0.058823529411764705,0.058823529411764705,0.9411764705882353,51,1800,1400,400,0.7777777777777778,22,14,8,320.9366801970529,0.8337908496732027,0.25757988828111844,0.19523808481573582,132764.32188388208,-1677.0209873283136,131087.30089655376,1229,0,523.5098039215686,40,11,14,34.08379351148802,0.6408854166666667,42.35264227642277,1030.58943089431,25.76473577235775,0
1236,4,0,0,48,0.0,0.0,1.0,48,1150,800,350,0.6956521739130435,15,8,7,341.3478693013504,0.8225657505910166,0.272071748162352,0.20579527611636342,132426.21678064414,-559.3186124576723,131866.89816818648,1230,10,557.2291666666666,37,11,19,33.89738911970455,0.6427364864864864,42.68092105263158,1029.2763157894744,27.81827880512093,0
1237,4,0,0,48,0.0,0.0,1.0,48,750,300,450,0.4,12,3,9,342.2608965659382,0.8216053486997635,0.2782029780286086,0.20696536250165676,132539.10007165687,-527.4097558864129,132011.69031577045,1231,11,558.2291666666666,37,11,19,33.76049320271182,0.6438626126126126,42.57127192982457,1029.7149122807032,27.83013276434333,0
1238,4,0,0,48,0.0,0.0,1.0,48,1200,800,400,0.6666666666666666,16,8,8,341.1410844152541,0.8212174940898345,0.2758310871518419,0.2074808890459989,132755.59413580256,-542.3225308641906,132213.27160493837,1232,12,559.2291666666666,38,10,17,33.571990116801445,0.644188596491228,42.361111111111114,1030.555555555556,27.119883040935687,0
1239,4,0,0,48,0.0,0.0,1.0,48,800,400,400,0.5,12,4,8,340.86795500111356,0.8202940307328604,0.2697968490878935,0.20761957259158753,132810.6508875741,-545.8210059171477,132264.82988165694,1233,13,560.2291666666666,38,10,18,33.523787313432834,0.644736842105263,42.307692307692314,1030.7692307692319,27.125506072874522,0
1240,4,0,1,47,0.0,0.020833333333333332,0.9791666666666666,48,1250,1000,250,0.8,15,10,5,341.47552758395295,0.81889036643026,0.2753539285245039,0.20875262975433473,132947.67086390383,-520.3247901381371,132427.3460737657,1234,14,561.2291666666666,40,8,18,33.37069701747471,0.6427083333333332,42.174796747967484,1031.3008130081307,25.78252032520327,0
1241,4,0,0,47,0.0,0.0,1.0,47,1400,900,500,0.6428571428571429,19,9,10,343.43434343434325,0.8203823620104841,0.26718246292714376,0.2098765432098766,132934.57031250015,-269.14062499998414,132665.42968750017,1235,15,548.2340425531914,39,8,18,33.333333333333336,0.6442307692307692,42.18750000000001,1031.2500000000011,26.442307692307722,0
1242,4,0,0,47,0.0,0.0,1.0,47,1450,1000,450,0.6896551724137931,19,10,9,341.8415421374269,0.8199198273203823,0.2643068390704615,0.20941662608551737,133026.28772762578,-305.21773167426187,132721.06999595152,1236,16,549.2340425531914,40,7,18,33.28243522805635,0.6434895833333333,42.09857723577236,1031.605691056911,25.790142276422774,0
1243,4,0,0,47,0.0,0.0,1.0,47,1100,900,200,0.8181818181818182,13,9,4,346.0466934091879,0.8189947579401788,0.25975718614192456,0.21244003173379042,133104.92782900398,-187.8959696609138,132917.03185934306,1237,17,550.2340425531914,40,7,18,33.09512671525179,0.6442708333333333,42.02235772357724,1031.9105691056916,25.79776422764229,0
1244,4,0,0,47,0.0,0.0,1.0,47,1350,1000,350,0.7407407407407407,17,10,7,344.1346503020777,0.8179925994449583,0.26113480763912755,0.21156365063365018,133157.36747306504,-235.18718190229646,132922.18029116275,1238,18,551.2340425531914,40,7,18,33.091891492713664,0.6447916666666667,41.97154471544716,1032.113821138212,25.8028455284553,0
1245,4,0,0,47,0.0,0.0,1.0,47,1200,1000,200,0.8333333333333334,14,10,4,345.1239271644265,0.8178384212149244,0.2578745187735898,0.21247083952340895,133209.8174449733,-205.22093330689108,133004.5965116664,1239,19,552.2340425531914,40,7,18,33.013798648027816,0.6453125,41.920731707317074,1032.3170731707323,25.807926829268308,0
1246,4,0,0,47,0.0,0.0,1.0,47,1150,900,250,0.782608695652174,14,9,5,349.0787848708573,0.8168362627197039,0.2600296025842588,0.2156649052062325,133340.98755907538,-90.69801787956357,133250.28954119582,1240,20,553.2340425531914,40,7,18,32.78026501361144,0.6466145833333332,41.79369918699187,1032.8252032520334,25.820630081300834,0
1247,4,1,1,47,0.020833333333333332,0.020833333333333332,0.9791666666666666,48,1500,1200,300,0.8,18,12,6,342.0218599792745,0.8205895390070922,0.261287300240419,0.21270330447787603,133585.55036164974,-461.9061236111788,133123.64423803857,1241,0,542.6875,37,11,18,32.71770258803564,0.6542792792792793,41.55701754385965,1033.7719298245615,27.93978188715031,0
1248,4,0,0,47,0.0,0.0,1.0,47,1650,1200,450,0.7272727272727273,21,12,9,344.0049619344929,0.815718470551958,0.24226024417597603,0.21299540674480624,133422.16231746893,-220.42282615227373,133201.73949131666,1242,22,555.2340425531914,42,5,22,32.82998811980241,0.6443452380952381,41.71511627906977,1033.1395348837211,24.598560354374314,1
1249,4,0,0,47,0.0,0.0,1.0,47,1250,800,450,0.64,17,8,9,344.8479388662272,0.8152944804193647,0.24308004890362622,0.21444400105845882,133582.64391116973,-186.8225579473044,133395.82135322242,1243,23,556.2340425531914,38,9,22,32.647573032933735,0.6524122807017543,41.55982905982907,1033.7606837606852,27.20422852001803,0
1250,4,0,0,47,0.0,0.0,1.0,47,1350,1000,350,0.7407407407407407,17,10,7,341.4992085717138,0.8151017576318224,0.23951690275974902,0.21338983695834743,133761.1656937837,-264.133555588583,133497.03213819512,1244,24,557.2340425531914,40,7,17,32.55558830271474,0.6507812499999999,41.38719512195123,1034.451219512197,25.861280487804926,0
1251,4,0,1,46,0.0,0.02127659574468085,0.9787234042553191,47,1250,800,450,0.64,17,8,9,340.8176520679615,0.8136370644465001,0.2346970608325094,0.2141139192853211,133959.6041686353,-268.84044705842786,133690.76372157686,1245,25,558.2340425531914,41,6,19,32.37492014055265,0.6511686991869917,41.19543650793652,1035.2182539682558,25.249225706542823,0
1252,4,0,0,46,0.0,0.0,1.0,46,1300,800,500,0.6153846153846154,18,8,10,345.04881422802407,0.8125402576489533,0.23554957085116968,0.21684221286495306,133971.50262947025,45.341624529085834,134016.84425399933,1246,26,565.0869565217391,40,6,20,32.25352573541442,0.6528645833333332,41.18394308943091,1035.2642276422791,25.88160569105698,0
1253,4,0,0,46,0.0,0.0,1.0,46,1350,800,550,0.5925925925925926,19,8,11,339.47096333099745,0.811694847020934,0.22275677935017102,0.21440935565032196,134155.68300119013,-91.60821105159039,134064.07479013855,1247,27,566.0869565217391,40,6,20,32.2140066051926,0.6546874999999999,41.006097560975626,1035.9756097561003,25.89939024390251,0
1254,4,0,0,46,0.0,0.0,1.0,46,1300,1000,300,0.7692307692307693,16,10,6,340.65912411056723,0.8115942028985508,0.22414734086325483,0.2156239036968008,134234.65617563977,-54.347920384663496,134180.3082552551,1248,28,567.0869565217391,40,6,20,32.10441796606845,0.6554687499999998,40.9298780487805,1036.28048780488,25.907012195122,0
1255,4,0,0,46,0.0,0.0,1.0,46,850,700,150,0.8235294117647058,10,7,3,337.7470175068247,0.8116747181964573,0.22221914339427906,0.214088367405352,134287.31786841538,-128.97178019032668,134158.34608822505,1249,29,568.0869565217391,40,6,20,32.12733274504036,0.6559895833333332,40.879065040650424,1036.4837398374016,25.91209349593504,0
1256,4,0,0,46,0.0,0.0,1.0,46,900,600,300,0.6666666666666666,12,6,6,340.48058439061856,0.8118760064412238,0.22466325660699016,0.21597649009852715,134313.65258774563,-53.7618150571501,134259.8907726885,1250,30,569.0869565217391,40,6,20,32.03022875816993,0.6562499999999998,40.85365853658538,1036.5853658536605,25.914634146341513,0
1257,4,0,0,46,0.0,0.0,1.0,46,1350,1000,350,0.7407407407407407,17,10,7,339.6992993270482,0.810889694041868,0.2291940074651031,0.2161029707190278,134419.01728468528,-67.59080243238918,134351.4264822529,1251,31,570.0869565217391,40,6,20,31.945397229844506,0.6572916666666666,40.752032520325216,1036.991869918701,25.924796747967527,0
1258,4,0,0,46,0.0,0.0,1.0,46,850,300,550,0.35294117647058826,14,3,11,338.6151606515802,0.8097020933977456,0.23250602799717068,0.21572448998814195,134471.7151249259,-93.16771597592165,134378.54740894996,1252,32,571.0869565217391,40,6,20,31.920969691031406,0.6578124999999999,40.70121951219513,1037.1951219512214,25.929878048780534,0
1259,4,0,0,46,0.0,0.0,1.0,46,1000,700,300,0.7,13,7,6,337.4514714827951,0.8098631239935588,0.2320455197475373,0.21529774480143934,134525.05083341216,-120.86472899344614,134404.1861044187,1253,33,572.0869565217391,41,5,20,31.8979909789296,0.6567581300813007,40.64980158730159,1037.4007936507942,25.302458381726687,0
1260,4,0,0,46,0.0,0.0,1.0,46,700,400,300,0.5714285714285714,10,4,6,337.4514714827951,0.8098631239935588,0.2320455197475373,0.21529774480143934,134525.05083341216,-120.86472899344614,134404.1861044187,1254,34,573.0869565217391,41,5,20,31.8979909789296,0.6567581300813007,40.64980158730159,1037.4007936507942,25.302458381726687,0
1261,4,0,0,46,0.0,0.0,1.0,46,1100,700,400,0.6363636363636364,15,7,8,378.68545685339427,0.8097826086956522,0.12073822285391334,0.23280444914062168,133157.36747306492,920.5055697353794,134077.8730428003,1255,35,574.0869565217391,40,6,16,32.20038236838649,0.6447916666666667,41.97154471544715,1032.113821138211,25.802845528455276,8
1262,4,0,0,46,0.0,0.0,1.0,46,1250,1000,250,0.8,15,10,5,359.7690550860227,0.8090177133655395,0.07929871690928825,0.20485740331601934,130238.4204706872,178.40342440986183,130416.82389509706,1256,36,575.0869565217391,43,3,13,35.63458654173239,0.6111918604651161,44.81534090909092,1020.7386363636382,23.73810782241019,8
1263,4,1,1,46,0.02127659574468085,0.02127659574468085,0.9787234042553191,47,950,700,250,0.7368421052631579,12,7,5,351.3718956156376,0.8122494603761948,0.08190571136238423,0.20122291664723918,130460.49783854662,-231.9650305439622,130228.53280800267,1257,0,563.8297872340426,42,5,14,35.62375509816942,0.6148313492063491,44.59786821705428,1021.6085271317851,24.324012550756787,0
1264,4,0,0,46,0.0,0.0,1.0,46,750,500,250,0.6666666666666666,10,5,5,356.68073521263545,0.807085346215781,0.08454716303819887,0.2038882936709653,130389.20899667748,101.46378574578964,130490.67278242327,1258,38,577.0869565217391,41,5,14,35.56044600938967,0.6155995934959348,44.667658730158735,1021.329365079366,24.910472319008925,0
1265,4,0,0,46,0.0,0.0,1.0,46,950,500,450,0.5263157894736842,14,5,9,353.6533990520061,0.8076690821256038,0.08734072466582776,0.20255409919007578,130465.21183704979,27.893124842544694,130493.10496189234,1259,39,578.0869565217391,41,5,15,35.56070758076001,0.616361788617886,44.593253968253975,1021.6269841269853,24.917731320170375,0
1266,4,1,1,46,0.02127659574468085,0.02127659574468085,0.9787234042553191,47,850,500,350,0.5882352941176471,12,5,7,349.02265200623617,0.8142923219241442,0.09208634834099794,0.2011598059323765,130708.09789262977,-275.98260696471607,130432.11528566506,1260,0,566.7659574468086,42,5,10,35.43305221264096,0.6173115079365079,44.355620155038764,1022.5775193798459,24.347083794758234,0
1267,4,0,0,46,0.0,0.0,1.0,46,1250,900,350,0.72,16,9,7,352.28934840947375,0.8067632850241546,0.0851593543387581,0.20239368447838427,130584.26852352647,0.6893741361952834,130584.95789766267,1261,41,580.0869565217391,42,4,10,35.47493205663002,0.6160714285714285,44.476744186046524,1022.0930232558159,24.33554817275752,0
1268,4,0,2,44,0.0,0.043478260869565216,0.9565217391304348,46,800,600,200,0.75,10,6,4,352.01118145695847,0.8046900161030596,0.08294983087438546,0.20288225002268082,130708.09789262975,2.142393035283675,130710.24028566504,1262,42,581.0869565217391,42,4,12,35.35665213683314,0.6173115079365079,44.355620155038764,1022.5775193798457,24.34708379475823,0
1269,4,0,0,44,0.0,0.0,1.0,44,1150,700,450,0.6086956521739131,16,7,9,366.2705674501701,0.8022154686398872,0.08630489788541462,0.21079415952795802,130651.91436975324,770.7901629320946,131422.70453268534,1263,43,580.8636363636364,40,4,12,35.04908051689861,0.6197916666666667,44.410569105691046,1022.3577235772341,25.55894308943085,0
1270,4,1,1,44,0.022222222222222223,0.022222222222222223,0.9777777777777777,45,950,700,250,0.7368421052631579,12,7,5,360.2245054719866,0.8092171717171718,0.09006074705958378,0.20876831451960726,130921.69390904487,432.2404887880839,131353.93439783296,1264,0,568.9333333333333,41,4,12,34.93036706733875,0.6209349593495936,44.146825396825385,1023.4126984126966,24.961285327138942,0
1271,4,0,0,44,0.0,0.0,1.0,44,1350,900,450,0.6666666666666666,18,9,9,366.48387311139265,0.8025678294573644,0.08628598259110798,0.21205515140721257,130859.79327781075,791.600775001645,131651.3940528124,1265,45,582.8636363636364,40,4,13,34.83292775791286,0.6218750000000001,44.20731707317073,1023.1707317073163,25.579268292682908,0
1272,4,1,0,45,0.022222222222222223,0.0,1.0,45,1200,900,300,0.75,15,9,6,362.728213205277,0.8074915824915825,0.09485813885930128,0.2117520778841657,131201.04762101584,518.0643148462952,131719.11193586214,1266,0,570.8888888888889,41,4,15,34.583595590846,0.623729674796748,43.87400793650793,1024.503968253967,24.987901664730902,0
1273,4,0,0,45,0.0,0.0,1.0,45,1000,400,600,0.4,16,4,12,362.085358591675,0.8074074074074075,0.09489140607351465,0.21165702710206027,131251.87119118462,504.87616921766715,131756.74736040228,1267,1,571.8888888888889,41,4,16,34.548661535482616,0.6242378048780488,43.82440476190475,1024.7023809523794,24.99274099883852,0
1274,4,0,1,44,0.0,0.022222222222222223,0.9777777777777777,45,1450,1200,250,0.8275862068965517,17,12,5,362.0252938939324,0.8066077441077442,0.09735589801771116,0.21190600628202091,131303.29574732567,507.02284643348185,131810.31859375915,1268,2,572.8888888888889,42,3,16,34.498203649427985,0.6232638888888891,43.77422480620154,1024.903100775192,24.402454780361712,0
1275,4,0,0,44,0.0,0.0,1.0,44,1400,1100,300,0.7857142857142857,17,11,6,372.4985465125005,0.8062015503875969,0.09303042039293041,0.21759982965956443,131226.45817586276,976.3329868984463,132202.79116276122,1269,3,565.9545454545455,41,3,16,34.30762651691195,0.6239837398373984,43.84920634920634,1024.603174603173,24.99032133178471,0
1276,4,0,2,42,0.0,0.045454545454545456,0.9545454545454546,44,1200,1000,200,0.8333333333333334,14,10,4,371.9982022440479,0.8063336856941509,0.1210761925474848,0.21012871424055626,129925.63950029707,866.460231502614,130792.09973179968,1270,4,566.9545454545455,40,4,15,35.64053362573097,0.6125000000000002,45.12195121951218,1019.5121951219481,25.487804878048703,2
1277,4,2,1,43,0.045454545454545456,0.022727272727272728,0.9772727272727273,44,650,500,150,0.7692307692307693,8,5,3,364.0070358755011,0.8225422832980973,0.13435157349975246,0.20754482308032737,130289.8540799181,686.1574207432905,130976.01150066139,1271,0,557.6590909090909,38,6,16,35.474222129203284,0.6195175438596492,44.76495726495726,1020.9401709401703,26.866846603688693,0
1278,4,0,0,43,0.0,0.0,1.0,43,750,500,250,0.6666666666666666,10,5,5,368.013327780092,0.8134920634920635,0.14295206454674925,0.2096820123398197,130262.58680555547,987.6736111111063,131250.26041666657,1272,1,571.6279069767442,38,5,17,35.39965986394558,0.6192434210526316,44.791666666666664,1020.8333333333327,26.86403508771928,0
1279,4,0,0,43,0.0,0.0,1.0,43,1250,900,350,0.72,16,9,7,365.5951818757797,0.8131690660760428,0.1410481294871262,0.20888967982968198,130371.67302441753,932.651102162327,131304.32412657986,1273,2,572.6279069767442,38,5,17,35.35062942427729,0.6203399122807017,44.68482905982906,1021.2606837606846,26.875281151596965,0
1280,4,1,0,44,0.022727272727272728,0.0,1.0,44,1100,800,300,0.7272727272727273,14,8,6,362.7734507053481,0.8192609231853418,0.15812802636817325,0.20941049456060043,130768.17626953124,687.8445095486111,131456.02077907984,1274,0,560.5909090909091,39,5,15,35.02064449876091,0.622596153846154,44.296875,1022.8124999999999,26.225961538461537,0
1281,4,0,1,43,0.0,0.022727272727272728,0.9772727272727273,44,1300,900,400,0.6923076923076923,17,9,8,363.3974089226016,0.8188645172656801,0.16286721830399298,0.21020549767007024,130848.09570312499,709.9717881944441,131558.06749131944,1275,1,561.5909090909091,39,5,15,34.92372564990158,0.6233974358974359,44.21875,1023.1249999999999,26.233974358974358,0
1282,4,0,0,43,0.0,0.0,1.0,43,400,300,100,0.75,5,3,2,369.91441853091266,0.817875599852344,0.15391376555769742,0.2142104172121571,130890.45606874117,1083.6533895828588,131974.10945832403,1276,2,550.4883720930233,38,5,15,34.71410176098003,0.6255482456140351,44.17735042735042,1023.290598290597,26.928699955015713,0
1283,4,1,0,44,0.022727272727272728,0.0,1.0,44,1500,1400,100,0.9333333333333333,16,14,2,365.95117222158694,0.822035764622974,0.15676180265444173,0.21374677731422398,131221.37586805568,804.1232638888988,132025.49913194458,1277,0,538.9545454545455,39,5,16,34.480479869865796,0.6271367521367521,43.85416666666667,1024.5833333333344,26.271367521367548,0
1284,4,0,0,44,0.0,0.0,1.0,44,1000,600,400,0.6,14,6,8,368.04482909351015,0.821066772374912,0.16619466176665565,0.21618691980657934,131437.6563755569,875.0333582164342,132312.68973377332,1278,1,539.9545454545455,38,6,16,34.20808154476626,0.631030701754386,43.643162393162385,1025.4273504273492,26.984930274403926,0
1285,4,0,0,44,0.0,0.0,1.0,44,950,700,250,0.7368421052631579,12,7,5,367.7838067565683,0.8206263213530656,0.16923084205941974,0.2166539946304643,131547.23340821092,876.1884542333217,132423.42186244423,1279,2,540.9545454545455,38,6,16,34.10400610983823,0.6321271929824561,43.53632478632478,1025.8547008547002,26.996176338281586,0
1286,4,0,0,44,0.0,0.0,1.0,44,1250,900,350,0.72,16,9,7,364.2965569901178,0.821000704721635,0.1661028416779431,0.2153721244925575,131684.26890432087,794.4251543209753,132478.69405864185,1280,3,541.9545454545455,38,6,15,34.05502931889941,0.6334978070175439,43.40277777777777,1026.388888888888,27.01023391812863,0
1287,4,0,0,44,0.0,0.0,1.0,44,1000,700,300,0.7,13,7,6,363.88235892849235,0.8199436222692037,0.1618295336297415,0.21559244570300906,131766.5244448095,789.5027485572102,132556.02719336672,1281,4,542.9545454545455,38,6,15,33.98261359694761,0.6343201754385965,43.32264957264956,1026.7094017094,27.018668466036843,0
1288,4,0,2,42,0.0,0.045454545454545456,0.9545454545454546,44,1250,1000,250,0.8,15,10,5,369.4085979488329,0.8178074348132488,0.1547387273294334,0.22029394319093729,132013.44515897782,953.3803373146097,132966.82549629244,1282,5,543.9545454545455,38,6,16,33.59150292823231,0.6367872807017545,43.08226495726495,1027.6709401709386,27.04397210976154,0
1289,4,0,0,42,0.0,0.0,1.0,42,1050,800,250,0.7619047619047619,13,8,5,383.7400574564764,0.8101287262872628,0.17487558681768567,0.22767245178566092,131819.15181651246,1716.8577783864966,133536.00959489896,1283,9,569.2619047619048,36,6,16,33.419691486639614,0.638599537037037,43.2713963963964,1026.9144144144145,28.525400400400404,0
1290,4,0,0,42,0.0,0.0,1.0,42,850,600,250,0.7058823529411765,11,6,5,380.85979233197406,0.8105400696864111,0.17449180944028542,0.22647998863443747,131905.89871966574,1647.5306387468713,133553.4293584126,1284,10,570.2619047619048,36,6,16,33.4059599503033,0.6394675925925926,43.186936936936945,1027.2522522522534,28.534784784784815,0
1291,4,0,0,42,0.0,0.0,1.0,42,950,500,450,0.5263157894736842,14,5,9,382.45877245226194,0.8092334494773519,0.18151011911283632,0.2282996217247743,132050.54029959033,1700.7775089278678,133751.3178085182,1285,11,571.2619047619048,36,6,17,33.21874657609292,0.6409143518518517,43.04617117117118,1027.8153153153169,28.55042542542547,0
1292,4,0,0,42,0.0,0.0,1.0,42,1100,800,300,0.7272727272727273,14,8,6,381.33615813447915,0.8098625629113434,0.18594899076826743,0.2281519740345871,132137.36329234662,1677.7508927846966,133815.11418513133,1286,12,572.2619047619048,36,6,18,33.15991237677985,0.6417824074074073,42.96171171171172,1028.1531531531548,28.559809809809856,0
1293,4,1,0,43,0.023255813953488372,0.0,1.0,43,1100,900,200,0.8181818181818182,13,9,4,373.0927396954948,0.811046511627907,0.18793913092143066,0.22528492908165235,132484.94059938332,1286.090693734294,133771.03129311762,1287,0,559.9302325581396,36,7,21,33.02135747101291,0.6452546296296295,42.62387387387388,1029.5045045045058,28.597347347347384,0
1294,4,0,0,43,0.0,0.0,1.0,43,1500,1000,500,0.6666666666666666,20,10,10,376.88704493815527,0.8093392395717977,0.18889840620683152,0.22841786452574406,132623.7941001078,1396.8379693751988,134020.632069483,1288,1,560.9302325581396,37,6,21,32.783780427223036,0.6447072072072071,42.4890350877193,1030.0438596491233,27.839023233760088,0
1295,4,0,1,42,0.0,0.023255813953488372,0.9767441860465116,43,650,300,350,0.46153846153846156,10,3,7,377.90295435214153,0.8093853820598006,0.19176584381176665,0.23024404885706304,132821.51870046556,1438.728863688833,134260.2475641544,1289,2,561.9302325581396,37,6,18,32.55848225366096,0.6466779279279278,42.29714912280702,1030.8114035087722,27.859767662399246,0
1296,4,0,1,41,0.0,0.023809523809523808,0.9761904761904762,42,1300,800,500,0.6153846153846154,18,8,10,388.0381404490552,0.8054587688734031,0.19485414618157937,0.23630825678843714,132803.9541864503,1906.5998853583678,134710.55407180867,1290,16,576.2619047619048,36,6,18,32.31499690447576,0.6484374999999998,42.31418918918921,1030.743243243246,28.631756756756836,0
1297,4,0,0,41,0.0,0.0,1.0,41,1200,800,400,0.6666666666666666,16,8,8,388.4385907677907,0.8056910569105691,0.18944750866776516,0.23662339872626179,132815.2394654494,2118.1128900891763,134933.35235553858,1291,17,582.4634146341464,35,6,18,32.2933041395314,0.650595238095238,42.30324074074075,1030.7870370370383,29.45105820105824,0
1298,4,0,0,41,0.0,0.0,1.0,41,1250,800,450,0.64,17,8,9,385.61872285949534,0.8046239837398373,0.17496803401874472,0.23195511986617584,132340.06123944902,2006.5610796607564,134346.62231910977,1292,18,583.4634146341464,36,5,18,32.845162525993224,0.6438078703703705,42.76463963963965,1028.9414414414423,28.58170670670673,1
1299,4,0,0,41,0.0,0.0,1.0,41,900,800,100,0.8888888888888888,10,8,2,384.1350282435174,0.8036585365853659,0.18288028838424153,0.23179452820807372,132459.27047902485,1976.4744845162206,134435.74496354107,1293,19,584.4634146341464,34,7,20,32.763048841602085,0.649203431372549,42.64880952380952,1029.4047619047612,30.276610644257683,0
1300,4,1,0,42,0.023809523809523808,0.0,1.0,42,700,400,300,0.5714285714285714,10,4,6,377.98333586068674,0.8055313588850174,0.1953076120959334,0.2300711965713886,132785.41512613595,1638.1348326045913,134423.54995874054,1294,0,571.5238095238095,35,7,16,32.59276155717761,0.6502976190476191,42.332175925925924,1030.671296296296,29.447751322751316,0
1301,4,1,0,43,0.023255813953488372,0.0,1.0,43,1500,1100,400,0.7333333333333333,19,11,8,374.3954983079451,0.8097083794758213,0.20507601674715037,0.23053849683252492,133217.40974386354,1375.1997008695043,134592.60944473304,1295,0,559.2093023255813,37,6,17,32.250730217737654,0.6506193693693694,41.91337719298246,1032.3464912280706,27.901256519677585,0
1302,4,0,0,43,0.0,0.0,1.0,43,1100,600,500,0.5454545454545454,16,6,10,372.0641559605122,0.8086009597637505,0.2048330142113517,0.2299946457689406,133361.8461903718,1323.832548031264,134685.67873840308,1296,1,560.2093023255813,38,5,17,32.16582195559233,0.6502192982456141,41.77350427350427,1032.9059829059827,27.181736392262703,0
1303,4,0,0,43,0.0,0.0,1.0,43,1150,900,250,0.782608695652174,14,9,5,373.744586858554,0.8075396825396826,0.2007620843501834,0.23190864600834102,133502.12358807004,1379.2761763233812,134881.39976439343,1297,2,561.2093023255813,35,8,18,31.981581550752214,0.6574404761904763,41.637731481481474,1033.4490740740732,29.527116402116377,0
1304,4,0,0,43,0.0,0.0,1.0,43,1200,800,400,0.6666666666666666,16,8,8,371.84423144629676,0.8065706902916205,0.20495705372336137,0.23199846614149372,133705.05640775897,1343.490788085368,135048.54719584432,1298,3,562.2093023255813,36,7,15,31.827090592334493,0.6574074074074074,41.441441441441434,1034.234234234233,28.728728728728697,0
1305,4,0,0,43,0.0,0.0,1.0,43,800,600,200,0.75,10,6,4,368.30279088641134,0.8056016980435585,0.20466027477700988,0.2305153980016583,133821.54959013048,1257.3700389578562,135078.91962908834,1299,4,563.2093023255813,36,7,15,31.801897402408947,0.6585648148148149,41.32882882882882,1034.6846846846831,28.741241241241198,0
1306,4,0,0,43,0.0,0.0,1.0,43,850,600,250,0.7058823529411765,11,6,5,368.8361185152868,0.8033407161314138,0.2073592810735323,0.23158071047763074,133938.0934989042,1280.2413054946728,135218.33480439888,1300,5,564.2093023255813,36,7,15,31.671335581665222,0.6597222222222223,41.21621621621621,1035.1351351351343,28.75375375375373,0
1307,4,0,0,43,0.0,0.0,1.0,43,1200,900,300,0.75,15,9,6,371.1672018830737,0.8039867109634551,0.20949452239092814,0.23378449236416074,134054.68813408003,1351.3406988069125,135406.02883288695,1301,6,565.2093023255813,36,7,16,31.494218500797455,0.6608796296296295,41.1036036036036,1035.5855855855855,28.766266266266264,0
1308,4,0,0,43,0.0,0.0,1.0,43,600,400,200,0.6666666666666666,8,4,4,372.7788756962262,0.803063861203396,0.21264770362428642,0.23498610827814873,134083.84471887417,1396.7249766658474,135480.56969554,1302,7,566.2093023255813,36,7,16,31.42329020332718,0.6611689814814815,41.07545045045045,1035.6981981981974,28.76939439439437,0
1309,4,0,1,42,0.0,0.023255813953488372,0.9767441860465116,43,1400,600,800,0.42857142857142855,22,6,16,370.02457937907684,0.8018641565153193,0.21071490094745915,0.234051691775922,134209.71476800548,1332.1786511234134,135541.8934191289,1303,8,567.2093023255813,37,6,16,31.368606701940035,0.660472972972973,40.95394736842105,1036.1842105263152,28.004978662873384,0
1310,4,0,0,42,0.0,0.0,1.0,42,1100,800,300,0.7272727272727273,14,8,6,378.264397646217,0.7994337979094077,0.21626336988372263,0.23863346567557625,134113.00447406856,1746.034970781581,135859.03944485015,1304,9,579.2619047619048,36,6,16,31.25203848662752,0.6614583333333335,41.04729729729729,1035.81081081081,28.772522522522497,0
1311,4,0,0,42,0.0,0.0,1.0,42,1300,1000,300,0.7692307692307693,16,10,6,377.51161872287196,0.7982965543941154,0.21916096076513414,0.23872745043774185,134200.5027620525,1732.4498062251314,135932.95256827763,1305,10,580.2619047619048,36,6,16,31.183883998116144,0.662326388888889,40.96283783783783,1036.1486486486478,28.781906906906883,0
1312,4,1,0,43,0.023255813953488372,0.0,1.0,43,1100,700,400,0.6363636363636364,15,7,8,369.59783721343797,0.8036175710594315,0.21802535211942486,0.23525811185776024,134439.9600614545,1337.7436947549159,135777.70375620943,1306,0,567.7441860465116,38,5,18,31.149342398956076,0.6609100877192982,40.73183760683761,1037.0726495726499,27.291385515069734,0
1313,4,0,0,43,0.0,0.0,1.0,43,1450,1100,350,0.7586206896551724,18,11,7,368.38388596095,0.8014027316352897,0.22094790031347622,0.2353875953706098,134579.9917315964,1315.5113795294799,135895.5031111259,1307,1,568.7441860465116,36,7,18,31.04085268793864,0.666087962962963,40.596846846846844,1037.6126126126123,28.822572572572565,0
1314,4,0,1,42,0.0,0.023255813953488372,0.9767441860465116,43,1100,800,300,0.7272727272727273,14,8,6,372.36703658886387,0.8014488741232927,0.2208608461109527,0.23850639167752302,134667.64219878658,1429.1581699943129,136096.80036878088,1308,2,569.7441860465116,36,7,18,30.84992405337962,0.6669560185185186,40.512387387387385,1037.95045045045,28.831956956956944,0
1315,4,1,1,42,0.023255813953488372,0.023255813953488372,0.9767441860465116,43,1050,800,250,0.7619047619047619,13,8,5,370.379518295745,0.8055094130675525,0.22567371150219961,0.2383311682946534,134835.3339489074,1388.0492074484512,136223.38315635588,1309,0,565.7209302325581,37,6,14,30.73400548986486,0.6666666666666666,40.35087719298246,1038.5964912280706,28.070175438596504,0
1316,4,1,1,42,0.023255813953488372,0.023255813953488372,0.9767441860465116,43,1000,700,300,0.7,13,7,6,373.4433280649829,0.8039405684754521,0.2279672324003268,0.24117595011686752,134966.76734056548,1480.4877547666088,136447.25509533208,1310,0,566.6976744186046,38,5,14,30.523210980875998,0.6661184210526315,40.22435897435898,1039.1025641025647,27.344804318488542,0
1317,4,0,0,42,0.0,0.0,1.0,42,1050,700,350,0.6666666666666666,14,7,7,385.12076806409345,0.7996273712737128,0.2400404113513679,0.2482064052135526,134892.2805574793,1989.9637388427298,136882.24429632202,1311,5,581.1904761904761,37,5,14,30.29431426359862,0.6672297297297296,40.29605263157895,1038.8157894736848,28.0761024182077,0
1318,4,0,0,42,0.0,0.0,1.0,42,850,700,150,0.8235294117647058,10,7,3,382.6344154081277,0.7992402245451026,0.23276459771500901,0.2473812407393066,135006.2098434134,1931.604435980304,136937.8142793937,1312,6,582.1904761904761,37,5,14,30.2450411479215,0.6683558558558558,40.18640350877193,1039.2543859649127,28.08795637743007,0
1319,4,0,1,41,0.0,0.023809523809523808,0.9761904761904762,42,950,600,350,0.631578947368421,13,6,7,378.9305488792749,0.7982723577235772,0.22922443238898915,0.2453730603398585,135063.1925207757,1835.9139350569483,136899.10645583263,1313,7,583.1904761904761,37,5,14,30.284370604782,0.6689189189189189,40.131578947368425,1039.473684210527,28.093883357041268,0
1320,4,0,0,41,0.0,0.0,1.0,41,1100,800,300,0.7272727272727273,14,8,6,389.3887870937602,0.7905487804878049,0.24368046930740173,0.25203776331524586,135047.7906115575,2317.2190771852966,137365.00968874278,1314,19,598.2439024390244,36,5,14,30.027988443481405,0.6707175925925926,40.1463963963964,1039.4144144144145,28.872622622622625,0
1321,4,0,0,41,0.0,0.0,1.0,41,950,600,350,0.631578947368421,13,6,7,390.64790971993784,0.7896341463414634,0.24954964949259595,0.2536738958054789,135164.86714755307,2360.3745637529532,137525.24171130604,1315,20,599.2439024390244,36,5,14,29.87825788751714,0.671875,40.03378378378379,1039.864864864866,28.885135135135165,0
1322,4,0,0,41,0.0,0.0,1.0,41,950,600,350,0.631578947368421,13,6,7,367.5996951178313,0.7901422764227642,0.17780983724809496,0.23172134311163087,134083.84471887434,1658.6477102102167,135742.49242908455,1316,21,600.2439024390244,36,5,20,31.557391903156827,0.6611689814814814,41.075450450450454,1035.6981981981987,28.76939439439441,6
1323,4,0,0,41,0.0,0.0,1.0,41,1200,1000,200,0.8333333333333334,14,10,4,365.75846928956736,0.7887703252032521,0.170776761554424,0.2316638123105225,134258.85080604267,1621.262351878926,135880.1131579216,1317,22,601.2439024390244,36,5,21,31.42996848853636,0.6629050925925926,40.90653153153154,1036.373873873875,28.788163163163194,0
1324,4,0,0,41,0.0,0.0,1.0,41,900,500,400,0.5555555555555556,13,5,8,372.95666537927883,0.789380081300813,0.1714788340583817,0.23678890079183754,134346.39665002856,1821.076820063326,136167.47347009188,1318,23,602.2439024390244,36,5,21,31.155858498080967,0.6637731481481481,40.82207207207208,1036.711711711713,28.79754754754758,0
1325,4,0,1,40,0.0,0.024390243902439025,0.975609756097561,41,900,600,300,0.6666666666666666,12,6,6,371.462157335328,0.7883638211382114,0.17129325506982251,0.23621709563147114,134404.77639801972,1785.2576393961633,136190.03403741587,1319,24,603.2439024390244,36,5,21,31.136194975383717,0.6643518518518519,40.76576576576577,1036.9369369369376,28.803803803803824,0
1326,4,0,0,40,0.0,0.0,1.0,40,600,400,200,0.6666666666666666,8,4,4,377.10700841479934,0.7877403846153846,0.16495311453449446,0.23958330364395558,134370.7200038581,2134.428047839513,136505.14805169762,1320,25,590.4,35,5,21,31.023945077026134,0.6660714285714285,40.798611111111114,1036.8055555555559,29.623015873015884,0
1327,4,0,0,40,0.0,0.0,1.0,40,750,400,350,0.5333333333333333,11,4,7,381.927614795918,0.7866720085470086,0.16716517857142787,0.24304484577922073,134430.72702331978,2268.5613854595467,136699.28840877934,1321,26,591.4,35,5,21,30.838913690476186,0.6666666666666665,40.74074074074075,1037.0370370370383,29.629629629629665,0
1328,4,0,0,40,0.0,0.0,1.0,40,1250,1000,250,0.8,15,10,5,383.38091321107703,0.7850160256410257,0.16455823293172678,0.2447739676655341,134550.78125000012,2316.8402777777915,136867.6215277779,1322,27,592.4,35,5,21,30.681057563587682,0.6678571428571427,40.62500000000001,1037.500000000001,29.642857142857167,0
1329,4,0,0,40,0.0,0.0,1.0,40,300,200,100,0.6666666666666666,4,2,2,382.60035968035277,0.7836538461538461,0.1663673879098817,0.24467866083409737,134610.82845721886,2300.430276920446,136911.2587341393,1323,28,593.4,35,5,21,30.641218677968627,0.6684523809523808,40.56712962962963,1037.731481481482,29.649470899470913,0
1330,4,0,0,40,0.0,0.0,1.0,40,1250,1000,250,0.8,15,10,5,382.8117416016049,0.7828258547008548,0.16917995317203682,0.24542090853644002,134700.92438539528,2313.019091863859,137013.94347725913,1324,29,594.4,35,5,21,30.545606161965285,0.669345238095238,40.480324074074076,1038.0787037037042,29.659391534391546,0
1331,4,0,0,40,0.0,0.0,1.0,40,600,400,200,0.6666666666666666,8,4,4,381.3300168612949,0.7814636752136752,0.16898127507802063,0.24507828877360588,134791.05045438957,2279.974708504802,137071.02516289437,1325,30,595.4,35,5,16,30.493944122455044,0.6702380952380952,40.39351851851852,1038.4259259259259,29.669312169312168,0
1332,4,0,0,40,0.0,0.0,1.0,40,1550,1200,350,0.7741935483870968,19,12,7,383.19849603920676,0.778659188034188,0.16918708240534586,0.2479194880714748,135031.53399348396,2348.776148833992,137380.31014231796,1326,31,596.4,35,5,18,30.20508537490721,0.6726190476190477,40.162037037037024,1039.3518518518497,29.695767195767132,0
1333,4,0,0,40,0.0,0.0,1.0,40,1300,1100,200,0.8461538461538461,15,11,4,385.8368176451419,0.7763354700854701,0.17359750667853957,0.2504593908760081,135151.85613854585,2429.3124142661063,137581.16855281196,1327,32,597.4,35,5,18,30.016325319085777,0.6738095238095239,40.04629629629629,1039.814814814814,29.708994708994688,0
1334,4,0,0,40,0.0,0.0,1.0,40,1100,800,300,0.7272727272727273,14,8,6,386.1917729439416,0.7750801282051282,0.17760376098809405,0.25131828120544536,135242.13291162965,2445.8798171724825,137688.01272880213,1328,33,598.4,35,5,18,29.916940209932864,0.674702380952381,39.95949074074073,1040.162037037036,29.718915343915317,0
1335,4,0,0,40,0.0,0.0,1.0,40,1550,1300,250,0.8387096774193549,18,13,5,383.4364895425959,0.776469017094017,0.16939439439439474,0.2503614725836948,135362.54882812485,2380.588107638874,137743.13693576373,1329,34,599.4,35,5,18,29.86841007674342,0.6758928571428573,39.84374999999999,1040.6249999999989,29.732142857142826,0
1336,4,0,1,39,0.0,0.025,0.975,40,1350,1000,350,0.7407407407407407,17,10,7,383.46182034778474,0.7767361111111111,0.1726145339652454,0.2512746710974611,135490.9458318904,2391.1209458679396,137882.06677775833,1330,35,600.4,37,3,19,29.739665613480778,0.6731418918918919,39.720394736842096,1041.11842105263,28.138335704125137,0
1337,4,0,0,39,0.0,0.0,1.0,39,1400,900,500,0.6428571428571429,19,9,10,395.6278848859102,0.7738416554206028,0.16885759992258387,0.25548582147354426,134964.31848627955,2879.3550014990265,137843.67348777858,1331,36,613.3076923076923,33,6,18,29.949360183983966,0.6764520202020201,40.226715686274524,1039.093137254904,31.48767082590618,1
1338,4,0,0,39,0.0,0.0,1.0,39,550,400,150,0.7272727272727273,7,4,3,376.7206599059762,0.774179037336932,0.13080945544016664,0.24423916280318442,135107.15880102056,2379.5316043084076,137486.69040532896,1332,37,614.3076923076923,34,5,18,30.29791213405093,0.6755514705882353,40.08928571428572,1039.6428571428582,30.577731092437006,4
1339,4,0,0,39,0.0,0.0,1.0,39,800,700,100,0.875,9,7,2,379.32719071274033,0.7739541160593792,0.13074427957083934,0.24635115322496556,135169.0493905896,2454.6591553288,137623.70854591837,1333,38,615.3076923076923,34,5,18,30.16838389620301,0.6761642156862745,40.029761904761905,1039.8809523809525,30.584733893557427,0
1340,4,0,0,39,0.0,0.0,1.0,39,1150,900,250,0.782608695652174,14,9,5,379.0873804907441,0.7719860548807917,0.12491372179915006,0.2473146263143535,135332.43982553162,2460.564021776417,137793.00384730805,1334,39,616.3076923076923,35,4,18,30.01158694846125,0.675595238095238,39.87268518518519,1040.50925925926,29.728835978836003,0
1341,4,0,0,39,0.0,0.0,1.0,39,950,700,250,0.7368421052631579,12,7,5,380.8839841813782,0.7720985155195682,0.1323479515406576,0.2491119759813189,135422.77688025124,2516.073361411187,137938.85024166244,1335,40,617.3076923076923,35,4,18,29.8747405389377,0.6764880952380952,39.78587962962963,1040.8564814814818,29.73875661375662,0
1342,4,0,0,39,0.0,0.0,1.0,39,900,600,300,0.6666666666666666,12,6,6,381.50068548365886,0.7719298245614036,0.13456478670486405,0.2499343529443201,135483.01832829663,2537.3728727280677,138020.3912010247,1336,41,618.3076923076923,35,4,18,29.798614971280333,0.6770833333333333,39.72800925925927,1041.0879629629642,29.745370370370406,0
1343,4,0,0,39,0.0,0.0,1.0,39,1000,500,500,0.5,15,5,10,382.5161611325447,0.7706927575348628,0.14178649386473352,0.25123214728982773,135573.4056177127,2571.8037337105743,138145.20935142328,1337,42,619.3076923076923,35,4,18,29.682058976068763,0.6779761904761903,39.64120370370371,1041.435185185186,29.755291005291024,0
1344,4,0,1,38,0.0,0.02564102564102564,0.9743589743589743,39,1300,1000,300,0.7692307692307693,16,10,6,383.6319428835854,0.7704116059379218,0.14312644967862043,0.25261465115827714,135665.59624002778,2609.1580454425066,138274.7542854703,1338,43,620.3076923076923,33,6,20,29.56110555620907,0.6833964646464648,39.55269607843137,1041.7892156862738,31.569370172311327,0
1345,4,0,0,38,0.0,0.0,1.0,38,800,500,300,0.625,11,5,6,389.44000000000017,0.7668918918918919,0.14252631578947383,0.2562105263157896,135633.68055555556,2964.236111111117,138597.9166666667,1339,44,614.2631578947369,32,6,21,29.441666666666677,0.685546875,39.583333333333336,1041.6666666666667,32.552083333333336,0
1346,4,0,0,38,0.0,0.0,1.0,38,800,500,300,0.625,11,5,6,388.03668696607355,0.7667733522996681,0.1436221446842172,0.255522003524108,135666.56344059287,2928.7207619120613,138595.28420250493,1340,45,615.2631578947369,32,6,21,29.445420757079948,0.6858723958333333,39.55176767676768,1041.7929292929298,32.556029040404056,0
1347,4,0,0,38,0.0,0.0,1.0,38,1150,800,350,0.6956521739130435,15,8,7,387.287461244569,0.7654397818871503,0.1515373726295386,0.2557336564090139,135765.2360090808,2916.0347158453355,138681.27072492614,1341,46,616.2631578947369,32,6,21,29.366569743962522,0.6868489583333333,39.45707070707071,1042.171717171718,32.56786616161619,0
1348,4,0,0,38,0.0,0.0,1.0,38,850,500,350,0.5882352941176471,12,5,7,389.6440333750237,0.7654694167852063,0.16176067515282067,0.25800246861087195,135863.944447633,2987.7150609631817,138851.65950859617,1342,47,617.2631578947369,32,6,17,29.206784142747583,0.6878255208333333,39.362373737373744,1042.5505050505058,32.579703282828305,0
1349,4,0,1,37,0.0,0.02631578947368421,0.9736842105263158,38,850,400,450,0.47058823529411764,13,4,9,386.7997701809825,0.7649063537221432,0.16272460813049583,0.25683007248351414,135962.68875624947,2918.0673528211573,138880.75610907061,1343,48,618.2631578947369,32,6,18,29.182556497175142,0.6888020833333333,39.267676767676775,1042.9292929292938,32.59154040404043,0
1350,4,0,0,37,0.0,0.0,1.0,37,500,400,100,0.8,6,4,2,387.8539222448184,0.7630755755755756,0.15899521358908797,0.25776840319102545,135995.61149691368,3149.286265432106,139144.8977623458,1344,49,615.6486486486486,32,5,18,29.122281402574338,0.6891276041666666,39.236111111111114,1043.0555555555563,32.595486111111136,0
1351,4,0,0,37,0.0,0.0,1.0,37,1300,1100,200,0.8461538461538461,15,11,4,385.85084046410395,0.7621996996996997,0.15393370136835816,0.25715091496736725,136094.40363228234,3102.4280047954226,139196.83163707776,1345,50,616.6486486486486,32,5,18,29.07616368183286,0.6901041666666667,39.14141414141414,1043.4343434343427,32.60732323232321,0
1352,4,0,0,37,0.0,0.0,1.0,37,1100,900,200,0.8181818181818182,13,9,4,383.7885831888625,0.7608858858858859,0.1510022359078964,0.2567284794341031,136226.18227731864,3056.410697887972,139282.59297520661,1346,51,617.6486486486486,32,5,18,28.998850991775516,0.69140625,39.015151515151516,1043.939393939394,32.62310606060606,0
1353,4,0,0,37,0.0,0.0,1.0,37,1050,900,150,0.8571428571428571,12,9,3,383.49312048902726,0.7605105105105106,0.15888794126008454,0.2572483049119826,136325.05810950414,3055.944387052345,139381.0024965565,1347,52,618.6486486486486,32,5,18,28.90823358723249,0.6923828125,38.92045454545455,1044.318181818182,32.63494318181819,0
1354,4,0,0,37,0.0,0.0,1.0,37,650,500,150,0.7692307692307693,8,5,3,385.36813857360556,0.7608858858858859,0.16550746322292342,0.25898867671969433,136390.99525877458,3112.1487922150786,139503.14405098965,1348,53,619.6486486486486,32,5,18,28.793716507514418,0.6930338541666667,38.85732323232323,1044.5707070707067,32.642834595959584,0
1355,4,0,0,37,0.0,0.0,1.0,37,900,700,200,0.7777777777777778,11,7,4,384.86059199842975,0.7593218218218218,0.16472870115494276,0.2596162281964959,136522.917384068,3108.45816115703,139631.37554522502,1349,54,620.6486486486486,32,5,18,28.675848737465255,0.6943359375,38.73106060606061,1045.075757575758,32.658617424242436,0
1356,4,0,0,37,0.0,0.0,1.0,37,1050,900,150,0.8571428571428571,12,9,3,371.25213301389465,0.7588838838838838,0.12049887725563413,0.24240580449730784,135362.54882812512,2650.7269965277924,138013.2758246529,1350,55,621.6486486486486,35,2,18,30.185393727060394,0.6758928571428571,39.84375000000001,1040.625000000001,29.732142857142883,4
1357,4,0,0,37,0.0,0.0,1.0,37,900,600,300,0.6666666666666666,12,6,6,372.0665898354885,0.7584459459459459,0.12424256997210725,0.24314119010179597,135392.66117969822,2675.0171467764094,138067.67832647462,1351,56,622.6486486486486,35,2,18,30.134193357058123,0.6761904761904761,39.81481481481482,1040.7407407407409,29.735449735449738,0
1358,4,1,0,38,0.02631578947368421,0.0,1.0,38,1050,900,150,0.8571428571428571,12,9,3,364.18633632558954,0.7656768610715979,0.12060877253125923,0.2398039600590847,135664.68431122453,2281.873539024668,137946.5578502492,1352,0,607.2368421052631,34,4,19,30.06846836552013,0.6810661764705882,39.55357142857143,1041.7857142857147,30.64075630252102,0
1359,4,0,0,38,0.0,0.0,1.0,38,900,700,200,0.7777777777777778,11,7,4,362.9238362649519,0.7652323376007587,0.11827071105551812,0.2391799258276249,135695.69160997725,2249.4401927437534,137945.131802721,1353,1,608.2368421052631,34,4,19,30.070507693479584,0.6813725490196079,39.52380952380952,1041.9047619047612,30.644257703081212,0
1360,4,0,0,38,0.0,0.0,1.0,38,1100,600,500,0.5454545454545454,16,6,10,364.0584008246811,0.7633060692271219,0.108649148845398,0.2413919404105511,135912.84190759624,2296.0423752834304,138208.88428287968,1354,2,609.2368421052631,34,4,16,29.82503710469231,0.6835171568627452,39.31547619047618,1042.7380952380943,30.668767507002773,0
1361,4,0,0,38,0.0,0.0,1.0,38,800,500,300,0.625,11,5,6,363.8556462898426,0.7624466571834992,0.10395968236043185,0.24188946682789064,136005.95946712003,2297.3072562358093,138303.26672335583,1355,3,610.2368421052631,34,4,16,29.737788176215474,0.684436274509804,39.22619047619047,1043.095238095237,30.67927170868344,0
1362,4,0,0,38,0.0,0.0,1.0,38,450,200,250,0.4444444444444444,7,2,5,362.4114133548905,0.7628911806543386,0.10340911081654047,0.2410637688979796,136025.7941770617,2259.460064086057,138285.25424114775,1356,4,611.2368421052631,35,3,16,29.75574632937609,0.6824404761904763,39.20717592592592,1043.1712962962947,29.804894179894134,0
1363,4,0,1,37,0.0,0.02631578947368421,0.9736842105263158,38,800,600,200,0.75,10,6,4,363.02329601036314,0.7629800853485064,0.10046944519052259,0.24167592246952782,136055.9802061897,2278.298075274318,138334.27828146404,1357,5,612.2368421052631,35,3,16,29.709803268988974,0.6827380952380954,39.178240740740726,1043.2870370370347,29.80820105820099,0
1364,4,0,0,37,0.0,0.0,1.0,37,750,500,250,0.6666666666666666,10,5,5,371.2741199378736,0.754004004004004,0.10097576174508016,0.24660595638936392,135974.9167375283,2696.793509070292,138671.7102465986,1358,63,629.6486486486486,34,3,17,29.5752007000723,0.6841299019607843,39.25595238095238,1042.9761904761904,30.675770308123248,0
1365,4,0,0,37,0.0,0.0,1.0,37,1250,900,350,0.72,16,9,7,368.43186716426226,0.7526276276276276,0.13583169245335913,0.2350359306329739,134520.76266986024,2512.347152563441,137033.1098224237,1359,64,630.6486486486486,35,2,19,31.098799695042576,0.6675595238095238,40.65393518518518,1037.3842592592591,29.639550264550262,4
1366,4,0,0,37,0.0,0.0,1.0,37,900,700,200,0.7777777777777778,11,7,4,371.3644565698334,0.7516891891891891,0.14067586717563096,0.23751617962487517,134614.36106305267,2598.20450649471,137212.56556954738,1360,65,631.6486486486486,33,4,20,30.92918438041253,0.6729797979797979,40.56372549019608,1037.7450980392157,31.446821152703507,0
1367,4,0,0,37,0.0,0.0,1.0,37,600,300,300,0.5,9,3,6,372.8556513787811,0.7505005005005005,0.1437186891732345,0.23888709282740359,134677.95589436754,2643.0873942714297,137321.04328863896,1361,66,632.6486486486486,33,4,20,30.826938213301847,0.6736111111111112,40.502450980392155,1037.9901960784312,31.454248366013065,0
1368,4,0,0,37,0.0,0.0,1.0,37,950,600,350,0.631578947368421,13,6,7,373.3400298355478,0.748998998998999,0.14719393614577747,0.23961641914899717,134741.5657439447,2660.8840349865513,137402.44977893124,1362,67,633.6486486486486,33,4,20,30.750806578533222,0.6742424242424241,40.44117647058824,1038.2352941176475,31.46167557932265,0
1369,4,0,0,37,0.0,0.0,1.0,37,550,300,250,0.5454545454545454,8,3,5,374.1903686749761,0.7492492492492493,0.15283853934160652,0.24100589398853337,134868.83049788547,2693.3234813533295,137562.1539792388,1363,68,634.6486486486486,33,4,20,30.601600597766243,0.6755050505050504,40.318627450980394,1038.7254901960787,31.47653000594178,0
1370,4,0,0,37,0.0,0.0,1.0,37,1250,1000,250,0.8,15,10,5,375.996138659946,0.7494369369369369,0.16270391367667636,0.24323594599351667,135027.99591803644,2754.0010152345385,137781.99693327097,1364,69,635.6486486486486,33,4,21,30.395762095664814,0.6770833333333333,40.165441176470594,1039.3382352941185,31.495098039215712,0
1371,4,0,0,37,0.0,0.0,1.0,37,1200,900,300,0.75,15,9,6,377.0794909189323,0.7481856856856857,0.16844319992574142,0.24489140172318774,135169.0493905897,2793.8952664399253,137962.9446570296,1365,70,636.6486486486486,34,3,21,30.2268174012593,0.6761642156862744,40.02976190476191,1039.8809523809534,30.584733893557456,0
1372,4,0,0,37,0.0,0.0,1.0,37,400,200,200,0.5,6,2,4,376.602564102564,0.7481856856856857,0.16865904365904383,0.2447916666666667,135200.00000000012,2783.333333333348,137983.33333333346,1366,71,637.6486486486486,34,3,21,30.20833333333334,0.676470588235294,40.00000000000001,1040.000000000001,30.588235294117673,0
1373,4,0,0,37,0.0,0.0,1.0,37,250,100,150,0.4,4,1,3,376.75831961543196,0.7484984984984985,0.1680086862643808,0.24510330889650248,135230.95415249432,2789.8774092970507,138020.83156179136,1367,72,638.6486486486486,34,3,21,30.17340048071421,0.6767769607843137,39.970238095238095,1040.1190476190475,30.591736694677866,0
1374,4,0,0,37,0.0,0.0,1.0,37,900,500,400,0.5555555555555556,13,5,8,372.58577191940316,0.7461836836836837,0.16887099865823263,0.2434338429087761,135385.77806122458,2688.562925170079,138074.34098639467,1368,73,639.6486486486486,34,3,21,30.127545184168387,0.6783088235294117,39.82142857142858,1040.7142857142865,30.609243697479013,0
1375,4,0,0,37,0.0,0.0,1.0,37,900,800,100,0.8888888888888888,10,8,2,375.3267963246873,0.7444319319319319,0.18659738719174057,0.24671180623927066,135602.6803429707,2779.0639172335805,138381.7442602043,1369,74,640.6486486486486,34,3,21,29.84007696117652,0.6804534313725489,39.61309523809525,1041.5476190476204,30.6337535014006,0
1376,4,0,0,37,0.0,0.0,1.0,37,1000,600,400,0.6,14,6,8,377.8732979385707,0.743993993993994,0.18951029608599312,0.24882268828627366,135665.596240028,2852.8847966883022,138518.48103671632,1370,75,641.6486486486486,33,4,21,29.71108791122613,0.6833964646464645,39.55269607843138,1041.7892156862756,31.56937017231138,0
1377,4,0,0,37,0.0,0.0,1.0,37,1250,1100,150,0.88,14,11,3,380.0512262018444,0.7452452452452453,0.19651629056754816,0.25137758398700566,135825.23098087293,2924.1091166859187,138749.34009755886,1371,76,642.6486486486486,33,4,21,29.495356219139435,0.6849747474747474,39.39950980392158,1042.4019607843154,31.587938205585317,0
1378,4,0,0,37,0.0,0.0,1.0,37,850,500,350,0.5882352941176471,12,5,7,379.64439857384104,0.7463713713713713,0.20017277551524115,0.25194582814445826,135943.87755102053,2922.0663265306243,138865.94387755115,1372,77,643.6486486486486,34,3,21,29.387842465753423,0.6838235294117647,39.28571428571429,1042.8571428571438,30.67226890756305,0
1379,4,0,0,37,0.0,0.0,1.0,37,800,600,200,0.75,10,6,4,375.5742483129578,0.7473098098098098,0.19368289892083124,0.2498980362920614,136037.00573979592,2818.3992346938735,138855.4049744898,1373,78,644.6486486486486,34,3,21,29.401318041766515,0.6847426470588236,39.19642857142857,1043.2142857142856,30.682773109243694,0
1380,4,0,0,37,0.0,0.0,1.0,37,700,400,300,0.5714285714285714,10,4,6,367.8089750558762,0.7473098098098098,0.17539482300074782,0.23364320669304348,134365.5771683674,2495.6845238095293,136861.26169217692,1374,79,645.6486486486486,34,3,19,31.27009415547135,0.6681985294117647,40.80357142857143,1036.7857142857147,30.493697478991606,4
1381,4,0,0,37,0.0,0.0,1.0,37,1100,800,300,0.7272727272727273,14,8,6,368.17519303262515,0.7471846846846847,0.1763797306601984,0.23486666413516089,134519.9050453515,2505.378401360546,137025.28344671204,1375,80,646.6486486486486,34,3,20,31.106313594981255,0.6697303921568627,40.654761904761905,1037.3809523809527,30.511204481792728,0
1382,4,0,0,37,0.0,0.0,1.0,37,600,200,400,0.3333333333333333,10,2,8,368.2198674214933,0.7457457457457457,0.1773580809725388,0.23509422304603025,134550.78125,2508.8541666666674,137059.63541666666,1376,81,647.6486486486486,34,3,20,31.07429718875501,0.6700367647058822,40.625,1037.5,30.514705882352942,0
1383,4,0,0,37,0.0,0.0,1.0,37,400,200,200,0.5,6,2,4,370.86011888307587,0.7448073073073073,0.18213555990314045,0.23718177962610226,134612.54428854876,2584.4848356009065,137197.02912414967,1377,82,648.6486486486486,34,3,20,30.944084356238765,0.6706495098039216,40.56547619047619,1037.7380952380954,30.521708683473395,0
1384,4,0,0,37,0.0,0.0,1.0,37,1050,900,150,0.8571428571428571,12,9,3,368.9451645484387,0.7451826826826827,0.17465286387304735,0.23655895844576347,134705.215419501,2539.7675736961287,137244.98299319713,1378,83,649.6486486486486,34,3,20,30.901185015290515,0.6715686274509804,40.47619047619047,1038.0952380952372,30.532212885154035,0
1385,4,0,0,37,0.0,0.0,1.0,37,600,400,200,0.6666666666666666,8,4,4,368.610610722193,0.7448698698698699,0.17411219268804357,0.23654548462900976,134736.11288265293,2533.0321712017962,137269.14505385474,1379,84,650.6486486486486,34,3,21,30.879008523487364,0.671875,40.44642857142856,1038.2142857142846,30.535714285714253,0
1386,4,0,0,37,0.0,0.0,1.0,37,1250,1000,250,0.8,15,10,5,364.4776416928514,0.741991991991992,0.1704371955317301,0.23509211966396978,134921.57206632636,2435.1792800453295,137356.7513463717,1380,85,651.6486486486486,34,3,18,30.80120125281693,0.6737132352941178,40.26785714285713,1038.92857142857,30.55672268907559,0
1387,4,0,0,37,0.0,0.0,1.0,37,550,400,150,0.7272727272727273,7,4,3,364.4776416928514,0.741991991991992,0.1704371955317301,0.23509211966396978,134921.57206632636,2435.1792800453295,137356.7513463717,1381,86,652.6486486486486,34,3,18,30.80120125281693,0.6737132352941178,40.26785714285713,1038.92857142857,30.55672268907559,0
1388,4,0,0,37,0.0,0.0,1.0,37,1000,800,200,0.8,12,8,4,363.59145043923417,0.7408033033033034,0.17526033828929166,0.2352342381083804,135031.53399348413,2419.2622599451192,137450.79625342926,1382,87,653.6486486486486,35,2,18,30.71455085374906,0.6726190476190477,40.16203703703703,1039.351851851851,29.69576719576717,0
1389,4,0,0,37,0.0,0.0,1.0,37,1300,1000,300,0.7692307692307693,16,10,6,361.9008404844118,0.7403028028028028,0.17279732436643225,0.23531410655520427,135212.03730495536,2386.6699888545922,137598.70729380994,1383,88,654.6486486486486,35,2,19,30.57858520661771,0.674404761904762,39.988425925925924,1040.0462962962958,29.715608465608454,0
1390,4,0,0,37,0.0,0.0,1.0,37,650,400,250,0.6153846153846154,9,4,5,362.73105328996144,0.7386136136136137,0.16762168174848946,0.23664384390977872,135332.4398255314,2417.8556884430554,137750.29551397444,1384,89,655.6486486486486,35,2,19,30.43705969595846,0.6755952380952381,39.872685185185176,1040.509259259258,29.728835978835942,0
1391,4,0,0,37,0.0,0.0,1.0,37,700,600,100,0.8571428571428571,8,6,2,363.09285131604287,0.7371121121121121,0.16829237509691142,0.2376751895732525,135452.89592978393,2436.395640432096,137889.29157021604,1385,90,656.6486486486486,35,2,19,30.307705136757843,0.6767857142857143,39.75694444444444,1040.9722222222222,29.74206349206349,0
1392,4,0,0,37,0.0,0.0,1.0,37,700,600,100,0.8571428571428571,8,6,2,362.66734041463656,0.7357357357357357,0.16723235794140434,0.2381956736533503,135573.40561771262,2433.609289266116,138007.01490697873,1386,91,657.6486486486486,35,2,19,30.1988404830703,0.6779761904761905,39.6412037037037,1041.4351851851852,29.755291005291006,0
1393,4,0,0,37,0.0,0.0,1.0,37,950,500,450,0.5263157894736842,14,5,9,363.8891355204884,0.7322947947947948,0.16822579948008332,0.2402326917304945,135757.7168367347,2480.16503991,138237.8818766447,1387,92,658.6486486486486,34,3,20,29.983674129921567,0.6819852941176471,39.464285714285715,1042.1428571428573,30.651260504201687,0
1394,4,0,0,37,0.0,0.0,1.0,37,800,400,400,0.5,12,4,8,359.985505894429,0.7312937937937938,0.17128231933166904,0.2362355650278757,135543.27317226067,2358.7227527005966,137901.99592496126,1388,93,659.6486486486486,35,2,20,30.298641213737913,0.6776785714285715,39.67013888888888,1041.3194444444432,29.75198412698409,1
1395,4,0,0,37,0.0,0.0,1.0,37,950,800,150,0.8421052631578947,11,8,3,358.08000000000027,0.7304804804804804,0.16691891891891952,0.23557894736842094,135633.68055555533,2313.541666666643,137947.222222222,1389,94,660.6486486486486,35,2,21,30.25833333333334,0.6785714285714286,39.58333333333332,1041.666666666665,29.761904761904713,0
1396,4,0,0,37,0.0,0.0,1.0,37,800,700,100,0.875,9,7,2,358.89775611344305,0.7294794794794794,0.1696319736755194,0.23651519769642843,135693.96888931748,2340.05219050067,138034.02107981814,1390,95,661.6486486486486,35,2,21,30.177090276234907,0.6791666666666667,39.525462962962955,1041.8981481481474,29.768518518518494,0
1397,4,0,1,36,0.0,0.02702702702702703,0.972972972972973,37,1200,900,300,0.75,15,9,6,357.2257624386321,0.7297922922922923,0.169868736157877,0.23620963410589707,135814.58574459862,2303.2937885802307,138117.87953317884,1391,96,662.6486486486486,35,2,21,30.10076615589607,0.6803571428571429,39.409722222222214,1042.36111111111,29.781746031746,0
1398,4,0,0,36,0.0,0.0,1.0,36,650,300,350,0.46153846153846156,10,3,7,363.2436900293777,0.7289021164021164,0.1739031078610609,0.2393907210193608,135695.69160997722,2658.1207482993086,138353.81235827654,1392,97,672.75,34,2,21,30.062176264472885,0.6813725490196079,39.52380952380952,1041.904761904761,30.644257703081205,0
1399,4,0,0,36,0.0,0.0,1.0,36,950,500,450,0.5263157894736842,14,5,9,362.9300126332794,0.728505291005291,0.17447262203944858,0.23959949702803393,135757.71683673473,2654.109977324265,138411.826814059,1393,98,673.75,34,2,22,30.008662706572213,0.6819852941176471,39.464285714285715,1042.1428571428576,30.651260504201694,0
1400,4,0,0,36,0.0,0.0,1.0,36,550,400,150,0.7272727272727273,7,4,3,363.2386290806821,0.7288690476190477,0.17753347293610022,0.24001163755482036,135788.7347647391,2664.7427721088306,138453.47753684793,1394,99,674.75,34,2,22,29.96977917380545,0.6822916666666667,39.4345238095238,1042.261904761904,30.65476190476188,0
1401,4,0,0,36,0.0,0.0,1.0,36,1250,1000,250,0.8,15,10,5,362.2600258498325,0.7273148148148149,0.1747508179258921,0.24082870610745316,136005.95946712018,2653.9044784580465,138659.86394557822,1395,100,675.75,34,2,20,29.779397778285016,0.6844362745098038,39.226190476190474,1043.095238095238,30.679271708683473,0
1402,4,0,0,36,0.0,0.0,1.0,36,450,300,150,0.6666666666666666,6,3,3,364.9496269228019,0.7269179894179895,0.18153177138800136,0.24304092175922784,136068.05555555565,2731.597222222232,138799.65277777787,1396,101,676.75,34,2,20,29.64756389776358,0.6850490196078431,39.16666666666667,1043.3333333333342,30.686274509803948,0
1403,4,0,0,36,0.0,0.0,1.0,36,1250,900,350,0.72,16,9,7,362.2417824937399,0.7268849206349207,0.1757907542579078,0.2420835326909382,136192.29024943302,2666.907596371874,138859.19784580488,1397,102,677.75,34,2,21,29.594833485401452,0.6862745098039216,39.047619047619044,1043.8095238095232,30.700280112044798,0
1404,4,0,1,35,0.0,0.027777777777777776,0.9722222222222222,36,750,500,250,0.6666666666666666,10,5,5,363.69855204651685,0.7261904761904763,0.17631018888002137,0.24369747899159672,136285.50347222228,2713.36805555556,138998.87152777784,1398,103,678.75,34,2,21,29.46428571428571,0.6871936274509804,38.958333333333336,1044.166666666667,30.710784313725497,0
1405,4,0,0,35,0.0,0.0,1.0,35,1150,900,250,0.782608695652174,14,9,5,366.5317495576495,0.7206582633053221,0.15861653449707735,0.24602777650109095,136347.6633361678,2995.1495181405926,139342.8128543084,1399,104,662.2,34,1,21,29.328621908127218,0.6878063725490196,38.898809523809526,1044.404761904762,30.71778711484594,0
1406,4,0,0,35,0.0,0.0,1.0,35,600,500,100,0.8333333333333334,7,5,2,368.4797728785476,0.7199579831932773,0.1505990363328562,0.24798914775936595,136440.92970521533,3055.144557823115,139496.07426303843,1400,105,663.2,34,1,21,29.185183075053168,0.6887254901960784,38.8095238095238,1044.761904761904,30.728291316526587,0
1407,4,0,0,35,0.0,0.0,1.0,35,750,400,350,0.5333333333333333,11,4,7,370.41240964918194,0.7181372549019608,0.1552554506996422,0.2501708428246014,136565.33446712018,3117.098922902493,139682.43339002266,1401,106,664.2,34,1,21,29.011247152619585,0.6899509803921569,38.69047619047619,1045.2380952380952,30.742296918767504,0
1408,4,0,0,35,0.0,0.0,1.0,35,500,300,200,0.6,7,3,4,369.89181147894635,0.7182773109243697,0.15279955753651953,0.2502611624351393,136627.55810657606,3107.4829931972913,139735.04109977334,1402,107,665.2,34,1,21,28.963125332118732,0.690563725490196,38.63095238095239,1045.4761904761913,30.74929971988798,0
1409,4,0,0,35,0.0,0.0,1.0,35,1300,900,400,0.6923076923076923,17,9,8,368.4068506849095,0.7163165266106442,0.1548093340922021,0.2499192419511145,136720.920138889,3073.7847222222326,139794.7048611112,1403,108,666.2,34,1,22,28.909362549800793,0.6914828431372548,38.54166666666667,1045.8333333333342,30.75980392156865,0
1410,4,0,0,35,0.0,0.0,1.0,35,950,600,350,0.631578947368421,13,6,7,370.98859049159523,0.7152661064425769,0.15784225144731123,0.2525917532390146,136849.11602508664,3153.8921328335464,140003.00815792018,1404,109,667.2,33,2,22,28.714765362692276,0.6950757575757576,38.41911764705883,1046.3235294117658,31.706773618538357,0
1411,4,0,0,35,0.0,0.0,1.0,35,900,600,300,0.6666666666666666,12,6,6,371.31541830070927,0.7137955182072828,0.15499690568183722,0.25350959134343404,136945.30236267313,3169.980446222624,140115.28280889575,1405,110,668.2,33,2,23,28.610891581781992,0.6960227272727272,38.32720588235295,1046.6911764705892,31.717914438502703,0
1412,4,0,0,35,0.0,0.0,1.0,35,850,600,250,0.7058823529411765,11,6,5,369.92636711101926,0.7133753501400559,0.15359400608756757,0.2527928822289863,136977.37198433306,3134.3083189158174,140111.68030324887,1406,111,669.2,33,2,19,28.615468664637486,0.6963383838383838,38.29656862745099,1046.813725490197,31.721628045157484,0
1413,4,0,0,35,0.0,0.0,1.0,35,650,500,150,0.7692307692307693,8,5,3,370.7458720883862,0.7138655462184873,0.15264627681811338,0.2535854271618162,137009.44536055854,3159.1372609092805,140168.58262146782,1407,112,670.2,33,2,19,28.56224881969643,0.6966540404040403,38.265931372549026,1046.9362745098047,31.72534165181226,0
1414,4,0,0,35,0.0,0.0,1.0,35,850,600,250,0.7058823529411765,11,6,5,365.01642901028765,0.7135854341736694,0.11329408118995965,0.24202716894028045,135912.84190759616,2922.084041950083,138834.92594954625,1408,113,671.2,34,1,17,29.800062792556222,0.6835171568627452,39.315476190476176,1042.7380952380934,30.668767507002745,4
1415,4,0,0,35,0.0,0.0,1.0,35,950,600,350,0.631578947368421,13,6,7,362.6558024708217,0.712955182072829,0.10970045819948848,0.24088153794138487,135974.9167375282,2862.418509070277,138837.33524659846,1409,114,672.2,34,1,17,29.79991819807481,0.6841299019607844,39.25595238095237,1042.9761904761892,30.675770308123212,0
1416,4,0,0,35,0.0,0.0,1.0,35,700,500,200,0.7142857142857143,9,5,4,366.00271058135104,0.7123949579831932,0.1124989811056234,0.24352936619775048,136037.0057397957,2957.9825680271924,138994.9883078229,1410,115,673.2,34,1,17,29.65094716421317,0.6847426470588236,39.19642857142856,1043.2142857142842,30.68277310924365,0
1417,4,0,0,35,0.0,0.0,1.0,35,850,600,250,0.7058823529411765,11,6,5,364.9245971479496,0.7119747899159663,0.11832032459385045,0.2436629050415898,136161.22626133787,2937.7161281179074,139098.94238945577,1411,116,674.2,34,1,18,29.555672788106893,0.685968137254902,39.07738095238095,1043.6904761904761,30.696778711484594,0
1418,4,0,0,35,0.0,0.0,1.0,35,1000,700,300,0.7,13,7,6,380.10525461768674,0.7126050420168066,0.0934229638887949,0.2409992686324136,134296.61218041158,3210.517552609304,137507.12973302088,1412,117,675.2,33,2,19,31.020434302829667,0.6698232323232322,40.8700980392157,1036.5196078431388,31.409685086155722,4
1419,4,0,0,35,0.0,0.0,1.0,35,1000,700,300,0.7,13,7,6,379.82267016185824,0.713095238095238,0.09304713491969663,0.24102925483114496,134328.3701731307,3204.1920475298193,137532.56222066053,1413,118,676.2,33,2,20,30.995955983764816,0.6701388888888888,40.83946078431374,1036.6421568627466,31.413398692810503,0
1420,4,0,0,35,0.0,0.0,1.0,35,900,400,500,0.4444444444444444,14,4,10,380.5241190533197,0.7111344537815125,0.09392384553065125,0.24252681804723625,134487.21645520953,3235.1259131103457,137722.3423683199,1414,119,677.2,33,2,20,30.81876181474481,0.6717171717171717,40.68627450980392,1037.2549019607843,31.431966726084372,0
1421,4,1,1,35,0.027777777777777776,0.027777777777777776,0.9722222222222222,36,500,400,100,0.8,6,4,2,373.18221376373094,0.7247354497354498,0.08885849375211086,0.23998621643523743,134812.90373750127,2861.9856086599107,137674.8893461612,1415,0,659.3611111111111,32,4,18,30.683637284701117,0.6774088541666667,40.37247474747475,1038.5101010101012,32.45344065656566,0
1422,4,0,0,35,0.0,0.0,1.0,35,800,700,100,0.875,9,7,2,383.2838941926933,0.7098739495798319,0.09430399025281755,0.24585056222030113,134719.69816419808,3327.1781073676125,138046.8762715657,1416,121,679.2,31,4,20,30.5145752330783,0.6790994623655915,40.46223958333333,1038.1510416666663,33.48874327956988,0
1423,4,0,0,35,0.0,0.0,1.0,35,600,400,200,0.6666666666666666,8,4,4,382.3959093540085,0.7103641456582632,0.09026478913612102,0.24550925774467502,134753.4942626953,3305.83699544271,138059.33125813803,1417,122,680.2,31,4,20,30.503824931025836,0.6794354838709677,40.4296875,1038.28125,33.492943548387096,0
1424,4,1,1,35,0.027777777777777776,0.027777777777777776,0.9722222222222222,36,900,600,300,0.6666666666666666,12,6,6,367.1227197927242,0.718915343915344,0.08973701512163057,0.23116147408707324,134042.68340301822,2642.0228998462317,136684.70630286445,1418,0,662.2777777777778,33,3,17,31.61094674556213,0.6672979797979797,41.11519607843138,1035.5392156862756,31.379976232917443,2
1425,4,0,0,35,0.0,0.0,1.0,35,400,200,200,0.5,6,2,4,375.744992146173,0.7098039215686274,0.09472455079384456,0.23565276974921043,133896.5909888022,3062.1947058973637,136958.78569469956,1419,124,682.2,32,3,18,31.534148672278477,0.6682942708333333,41.256313131313135,1034.9747474747478,32.34296085858587,0
1426,4,0,0,35,0.0,0.0,1.0,35,1000,800,200,0.8,12,8,4,374.75228565976954,0.7109243697478991,0.08797533401849966,0.23586673021456395,134027.3015030353,3045.407515814699,137072.70901885,1420,125,683.2,32,3,19,31.428839978864367,0.6695963541666667,41.1300505050505,1035.4797979797972,32.358743686868664,0
1427,4,0,0,35,0.0,0.0,1.0,35,1050,600,450,0.5714285714285714,15,6,9,375.81434491227276,0.7105742296918767,0.08460319395343174,0.2369565773493754,134092.6806735283,3078.790588970525,137171.47126249882,1421,126,684.2,32,3,20,31.33584257791864,0.6702473958333333,41.0669191919192,1035.7323232323238,32.36663510101012,0
1428,4,0,0,35,0.0,0.0,1.0,35,450,300,150,0.6666666666666666,6,3,3,375.8444169057156,0.7107843137254901,0.08349237305843848,0.2371867381764991,134125.3762371186,3082.054764819904,137207.4310019385,1422,127,685.2,32,3,20,31.30231188038355,0.6705729166666667,41.03535353535353,1035.8585858585852,32.37058080808079,0
1429,4,0,0,35,0.0,0.0,1.0,35,650,300,350,0.46153846153846156,10,3,7,378.45251981056737,0.711344537815126,0.08169234787150725,0.23904564473023127,134158.07578627174,3154.4923668503143,137312.56815312206,1423,128,686.2,32,3,20,31.202010968921385,0.6708984375,41.003787878787875,1035.984848484848,32.3745265151515,0
1430,4,0,0,35,0.0,0.0,1.0,35,950,600,350,0.631578947368421,13,6,7,377.7822537030171,0.7105742296918767,0.0816177366305273,0.23947602476046867,134288.91383851142,3146.393703448628,137435.30754196004,1424,129,687.2,32,3,21,31.08833800300482,0.6722005208333334,40.87752525252525,1036.4898989898993,32.39030934343435,0
1431,4,1,0,36,0.027777777777777776,0.0,1.0,36,600,500,100,0.8333333333333334,7,5,2,358.78391559072134,0.7225198412698414,0.027310069952822813,0.22481597646647958,133863.92332415062,2412.59932022243,136276.52264437304,1425,0,669.0833333333334,32,4,19,32.005704001952175,0.66796875,41.28787878787879,1034.848484848485,32.339015151515156,8
1432,4,0,0,36,0.0,0.0,1.0,36,650,300,350,0.46153846153846156,10,3,7,359.9991596932879,0.7227182539682541,0.029592373438527275,0.22667607298124323,134042.6834030181,2451.050677623995,136493.7340806421,1426,1,670.0833333333334,33,3,19,31.79536489151874,0.6672979797979798,41.115196078431374,1035.539215686275,31.37997623291742,0
1433,4,0,0,36,0.0,0.0,1.0,36,1150,1000,150,0.8695652173913043,13,10,3,355.4209938876653,0.7213293650793652,0.02751497950173487,0.22495807816722294,134233.1074586698,2341.852893118044,136574.96035178786,1427,2,671.0833333333334,33,3,20,31.723529643645538,0.6691919191919191,40.93137254901961,1036.274509803922,31.40225787284612,0
1434,4,0,0,36,0.0,0.0,1.0,36,400,100,300,0.25,7,1,6,355.48697135851955,0.7207010582010582,0.03133827335671979,0.22519500500217227,134264.85794225777,2345.8815419550137,136610.7394842128,1428,3,672.0833333333334,33,3,20,31.690094004966298,0.6695075757575758,40.900735294117645,1036.3970588235293,31.405971479500888,0
1435,4,0,0,36,0.0,0.0,1.0,36,1100,700,400,0.6363636363636364,15,7,8,363.25443997372474,0.7200727513227514,-0.013277206231778083,0.2199100182094256,132581.84700963707,2439.13110893866,135020.97811857573,1429,4,673.0833333333334,34,2,20,33.17704118984315,0.6504289215686274,42.5297619047619,1029.8809523809516,30.290616246498576,5
1436,4,0,1,35,0.0,0.027777777777777776,0.9722222222222222,36,700,500,200,0.7142857142857143,9,5,4,362.5604266957196,0.7194775132275133,-0.014672108639756098,0.22015777069886028,132695.9622020746,2422.0609353566365,135118.0231374312,1430,5,674.0833333333334,35,1,16,33.080113083202285,0.6494047619047618,42.418981481481474,1030.3240740740728,29.43783068783065,0
1437,4,1,0,36,0.027777777777777776,0.0,1.0,36,700,400,300,0.5714285714285714,10,4,6,361.617000324023,0.7181547619047619,-0.005251209898717413,0.22063590677304065,132874.8981910149,2409.964420438937,135284.86261145383,1431,0,674.9166666666666,35,1,17,32.92452477174075,0.6511904761904763,42.24537037037036,1031.0185185185169,29.45767195767191,0
1438,4,0,0,36,0.0,0.0,1.0,36,600,500,100,0.8333333333333334,7,5,2,360.5754514845429,0.7178240740740741,0.0014029180695851462,0.2203516647961092,132934.5703124997,2386.5885416666374,135321.15885416634,1432,1,675.9166666666666,35,1,17,32.891414141414145,0.6517857142857144,42.187499999999986,1031.2499999999977,29.464285714285648,0
1439,4,0,0,36,0.0,0.0,1.0,36,450,300,150,0.6666666666666666,6,3,3,359.43436615658993,0.7194444444444444,0.00206627024196826,0.22018134058788194,133024.10361207536,2362.6868730709552,135386.7904851463,1433,2,676.9166666666666,35,1,18,32.83090710198585,0.6526785714285716,42.10069444444443,1031.5972222222204,29.474206349206295,0
1440,4,0,0,36,0.0,0.0,1.0,36,650,300,350,0.46153846153846156,10,3,7,362.21948568497754,0.719212962962963,-0.007298760576374352,0.22058515984528265,132803.95418644993,2420.8359964694364,135224.79018291936,1434,3,677.9166666666666,36,0,17,32.980307003168356,0.6484375,42.314189189189186,1030.743243243243,28.631756756756747,1
1441,4,0,0,36,0.0,0.0,1.0,36,1000,800,200,0.8,12,8,4,363.3480999503583,0.7176587301587302,-0.010776175913790764,0.2217876802096985,132891.0244704162,2457.1402483564434,135348.16471877263,1435,4,678.9166666666666,36,0,17,32.86369593709043,0.6493055555555557,42.22972972972972,1031.0810810810797,28.6411411411411,0
1442,4,0,0,36,0.0,0.0,1.0,36,700,400,300,0.5714285714285714,10,4,6,363.3480999503583,0.7176587301587302,-0.010776175913790764,0.2217876802096985,132891.0244704162,2457.1402483564434,135348.16471877263,1436,5,679.9166666666666,36,0,17,32.86369593709043,0.6493055555555557,42.22972972972972,1031.0810810810797,28.6411411411411,0
1443,4,0,0,36,0.0,0.0,1.0,36,750,600,150,0.8,9,6,3,362.76166824384296,0.7172949735449736,-0.010211570889592236,0.2219461669636174,132978.12328798373,2447.8731687768636,135425.9964567606,1437,6,680.9166666666666,36,0,18,32.791289078138085,0.6501736111111112,42.14527027027026,1031.4189189189174,28.65052552552548,0
1444,4,1,0,37,0.02702702702702703,0.0,1.0,37,950,800,150,0.8421052631578947,11,8,3,353.5351530214126,0.7248498498498498,-0.0026177409354979364,0.21785909691424188,133245.71021852855,2021.4085103108448,135267.11872883938,1438,0,663.4864864864865,37,0,20,32.760726423109595,0.650900900900901,41.88596491228069,1032.4561403508756,27.904220009483122,0
1445,4,0,0,37,0.0,0.0,1.0,37,950,700,250,0.7368421052631579,12,7,5,352.4353027618883,0.725975975975976,-0.005669363631147117,0.21784386824258417,133358.94217451502,2000.0798322560524,135359.02200677106,1439,1,664.4864864864865,37,0,21,32.67560155697097,0.6520270270270272,41.77631578947367,1032.8947368421034,27.916073968705497,0
1446,4,0,1,36,0.0,0.02702702702702703,0.972972972972973,37,800,500,300,0.625,11,5,6,351.9959721578206,0.7259134134134134,-0.0021800616154254993,0.21790447106905267,133415.57618690346,1992.3490881809564,135407.92527508442,1440,2,665.4864864864865,37,0,21,32.63019174980541,0.6525900900900903,41.721491228070164,1033.1140350877176,27.922000948316693,0
1447,4,1,1,36,0.02702702702702703,0.02702702702702703,0.972972972972973,37,1250,1000,250,0.8,15,10,5,351.0688183661329,0.7286036036036035,-0.00011182785573060627,0.21903641493713064,133705.056407759,1987.947255459945,135693.00366321893,1441,0,666.2162162162163,36,1,15,32.36425667828106,0.6574074074074074,41.441441441441434,1034.2342342342333,28.728728728728704,0
1448,4,0,0,36,0.0,0.0,1.0,36,1050,700,350,0.6666666666666666,14,7,7,362.0743996794226,0.7132605820105821,-0.00523962336903061,0.2253944677586259,133621.7625412594,2476.2038912465705,136097.966432506,1442,4,685.7222222222222,35,1,22,32.1631637374529,0.6586309523809524,41.52199074074074,1033.912037037037,29.540343915343914,0
1449,4,0,0,36,0.0,0.0,1.0,36,850,600,250,0.7058823529411765,11,6,5,361.49132140284655,0.7130952380952381,-0.0044959331393177315,0.2252136307819406,133651.68065200606,2462.7845293209766,136114.46518132705,1443,5,686.7222222222222,35,1,22,32.14825386165211,0.6589285714285715,41.49305555555555,1034.027777777777,29.54365079365077,0
1450,4,0,0,36,0.0,0.0,1.0,36,600,300,300,0.5,9,3,6,359.600534733067,0.7133267195767197,-0.006438475408816702,0.22421708149615874,133681.60211173276,2414.3951206704455,136095.9972324032,1444,6,687.7222222222222,35,1,22,32.167156314120504,0.6592261904761905,41.464120370370374,1034.1435185185192,29.54695767195769,0
1451,4,0,0,36,0.0,0.0,1.0,36,950,700,250,0.7368421052631579,12,7,5,372.113236971707,0.7133267195767197,0.0025298066326020496,0.22068105871744542,131803.0907064472,2623.284384645064,134426.37509109225,1445,7,688.7222222222222,35,1,15,33.734407874962436,0.6404761904761904,43.28703703703704,1026.851851851852,29.338624338624342,7
1452,4,1,0,37,0.02702702702702703,0.0,1.0,37,1050,900,150,0.8571428571428571,12,9,3,362.3768704666555,0.7244119119119119,0.008693180472321815,0.21647749172903355,132079.47812677556,2172.5095872900088,134251.98771406556,1446,0,671.081081081081,36,1,16,33.70558537832312,0.6412037037037037,43.018018018018026,1027.927927927929,28.553553553553584,0
1453,4,0,0,37,0.0,0.0,1.0,37,1050,700,350,0.6666666666666666,14,7,7,365.4400855395984,0.7240365365365365,0.00979034224763553,0.21897630322490913,132195.26113951797,2261.8895077510047,134457.15064726898,1447,1,672.081081081081,36,1,16,33.5101383413637,0.642361111111111,42.90540540540541,1028.378378378379,28.566066066066085,0
1454,4,0,0,37,0.0,0.0,1.0,37,1000,800,200,0.8,12,8,4,364.5212345738928,0.723536036036036,0.008094794301690689,0.21892843378254526,132282.13168827622,2243.9291910153493,134526.06087929156,1448,2,673.081081081081,36,1,16,33.44622331691298,0.6432291666666665,42.82094594594595,1028.716216216217,28.57545045045047,0
1455,4,1,1,37,0.02631578947368421,0.02631578947368421,0.9736842105263158,38,900,600,300,0.6666666666666666,12,6,6,356.69613777499137,0.7348269321953532,0.004927015701984505,0.21571623570201887,132542.91453615797,1855.5598672997555,134398.47440345772,1449,0,656.3421052631579,36,2,16,33.38505212890056,0.6458333333333333,42.56756756756758,1029.7297297297314,28.60360360360365,0
1456,4,0,0,37,0.0,0.0,1.0,37,1150,800,350,0.6956521739130435,15,8,7,361.9355309698272,0.7242867867867868,0.008855312004918181,0.2188848211103242,132542.91453615788,2194.3980297865537,134737.31256594445,1450,4,675.081081081081,36,1,17,33.25017315543891,0.6458333333333334,42.56756756756757,1029.7297297297305,28.603603603603624,0
1457,4,0,0,37,0.0,0.0,1.0,37,1250,1100,150,0.88,14,11,3,366.0743553321676,0.7231606606606606,0.010459979209979098,0.22276013962765961,132774.93709926156,2321.0999005762665,135096.03699983782,1451,5,676.081081081081,36,1,14,32.91015625000001,0.6481481481481481,42.34234234234235,1030.6306306306317,28.628628628628658,0
1458,4,1,0,38,0.02631578947368421,0.0,1.0,38,900,700,200,0.7777777777777778,11,7,4,356.12592473118485,0.7265587956377431,0.022669827991142366,0.2187896346977749,133132.52635426284,1882.3888119421367,135014.91516620497,1452,0,659.2631578947369,37,1,15,32.80740898144213,0.6497747747747746,41.99561403508772,1032.017543859649,27.892366050260787,0
1459,4,0,0,38,0.0,0.0,1.0,38,1100,700,400,0.6363636363636364,15,7,8,354.18662281667383,0.725966097676624,0.024806600187810002,0.21826055238493464,133245.71021852875,1838.76962142197,135084.4798399507,1453,1,660.2631578947369,37,1,15,32.74391107335032,0.6509009009009008,41.8859649122807,1032.456140350877,27.90422000948316,0
1460,4,0,1,37,0.0,0.02631578947368421,0.9736842105263158,38,500,300,200,0.6,7,3,4,353.19180428834323,0.7262920815552395,0.027729805558815768,0.21781317753656368,133274.01369892654,1814.2578726146467,135088.2715715412,1454,2,661.2631578947369,37,1,15,32.741208275813236,0.6511824324324325,41.858552631578945,1032.565789473684,27.907183499288756,0
1461,4,0,0,37,0.0,0.0,1.0,37,1150,800,350,0.6956521739130435,15,8,7,360.6448786698498,0.7174674674674675,0.034262934110195875,0.22185711126764063,133181.46482631285,2206.2426446717004,135387.70747098455,1455,3,679.918918918919,36,1,15,32.64169212306349,0.6521990740740742,41.9481981981982,1032.2072072072076,28.672422422422432,0
1462,4,0,0,37,0.0,0.0,1.0,37,900,500,400,0.5555555555555556,13,5,8,362.14699089937204,0.7170920920920921,0.03351257016178488,0.2231292750380003,133239.59094229373,2250.463385682987,135490.05432797672,1456,4,680.918918918919,36,1,15,32.54458442408377,0.6527777777777778,41.891891891891895,1032.432432432433,28.678678678678693,0
1463,4,0,0,37,0.0,0.0,1.0,37,850,600,250,0.7058823529411765,11,6,5,362.63478294994917,0.7153403403403403,0.034943558607680725,0.22377933779616666,133297.72973987513,2267.6786583881294,135565.40839826324,1457,5,681.918918918919,36,1,15,32.47364594692839,0.6533564814814814,41.83558558558559,1032.6576576576585,28.684934934934958,0
1464,4,0,0,37,0.0,0.0,1.0,37,850,500,350,0.5882352941176471,12,5,7,363.2978678711333,0.7148398398398398,0.02967581120857088,0.22471553216331125,133384.96171424797,2291.6944393718004,135676.65615361976,1458,6,682.918918918919,36,1,15,32.36899960027618,0.6542245370370371,41.751126126126124,1032.9954954954949,28.694319319319302,0
1465,4,0,0,37,0.0,0.0,1.0,37,850,600,250,0.7058823529411765,11,6,5,362.3932466645382,0.7149024024024024,0.03568451285072527,0.22450763255551232,133443.1322158306,2271.777985756012,135714.91020158664,1459,7,683.918918918919,36,1,16,32.33401453224341,0.6548032407407408,41.69481981981981,1033.22072072072,28.700575575575556,0
1466,4,0,0,37,0.0,0.0,1.0,37,800,500,300,0.625,11,5,6,367.7959093915596,0.7144019019019019,0.04022545099032415,0.22839180354504246,133530.41174620538,2422.3878439249775,135952.79959013037,1460,8,684.918918918919,36,1,16,32.10689511149852,0.6556712962962965,41.610360360360346,1033.5585585585563,28.7099599599599,0
1467,4,0,0,37,0.0,0.0,1.0,37,850,800,50,0.9411764705882353,9,8,1,367.44984122915724,0.7136511511511512,0.04099982335276464,0.22853587686203647,133588.61395178942,2417.4229973216206,136006.03694911103,1461,9,685.918918918919,36,1,16,32.05746187363834,0.6562500000000002,41.55405405405404,1033.7837837837822,28.71621621621617,0
1468,4,1,0,38,0.02631578947368421,0.0,1.0,38,1250,900,350,0.72,16,9,7,357.68246910950256,0.7214319582740636,0.04659472234919004,0.2248493923656404,133982.577571945,1984.6438327177336,135967.22140466273,1462,0,668.8421052631579,37,1,16,31.915466355998028,0.6582207207207209,41.173245614035075,1035.307017543858,27.981270744428592,0
1469,4,0,0,38,0.0,0.0,1.0,38,1250,1100,150,0.88,14,11,3,358.66449520742265,0.7195353247984827,0.05178483889656382,0.2265148496470406,134152.91243459514,2023.1773237919224,136176.08975838707,1463,1,669.8421052631579,37,1,16,31.719676121930554,0.6599099099099099,41.008771929824555,1035.964912280701,27.999051683262188,0
1470,4,0,0,38,0.0,0.0,1.0,38,600,300,300,0.5,9,3,6,358.7020337210016,0.7190908013276435,0.04707778650052652,0.22741853284806327,134294.94081111476,2034.3736774776676,136329.31448859244,1464,2,670.8421052631579,37,1,16,31.57672608343031,0.6613175675675677,40.87171052631578,1036.5131578947353,28.013869132290143,0
1471,4,1,1,38,0.02564102564102564,0.02564102564102564,0.9743589743589743,39,650,500,150,0.7692307692307693,8,5,3,350.1862986442043,0.725033738191633,0.04423142940135749,0.22341057554764912,134523.07167251053,1621.6273102490811,136144.6989827596,1465,0,654.6153846153846,38,1,16,31.569687607277718,0.661732456140351,40.65170940170939,1037.3931623931605,27.299820062977908,0
1472,4,0,0,38,0.0,0.0,1.0,38,850,500,350,0.5882352941176471,12,5,7,357.3636818451175,0.719387150308203,0.04655014055498352,0.226922337934559,134351.77320185042,2002.488866766684,136354.2620686171,1466,4,672.8421052631579,37,1,16,31.5546227745461,0.6618806306306306,40.816885964912274,1036.7324561403498,28.019796111901346,0
1473,4,0,0,38,0.0,0.0,1.0,38,1100,900,200,0.8181818181818182,13,9,4,357.41991427128335,0.7181128496917971,0.04290642038500048,0.22784315289800158,134493.90677900903,2014.1601261926858,136508.06690520173,1467,5,673.8421052631579,37,1,16,31.411205073995774,0.6632882882882882,40.679824561403514,1037.2807017543869,28.034613560929376,0
1474,4,0,0,38,0.0,0.0,1.0,38,1350,800,550,0.5925925925925926,19,8,11,351.29360969116647,0.7179350403034613,0.042369301179369545,0.22540083540270153,134730.9630594138,1866.0493159220166,136597.01237533582,1468,6,674.8421052631579,35,3,17,31.333612040133776,0.669642857142857,40.4513888888889,1038.1944444444462,29.66269841269846,0
1475,4,0,0,38,0.0,0.0,1.0,38,750,400,350,0.5333333333333333,11,4,7,340.584047884293,0.718142484589853,0.046268288857520545,0.20672659650651284,132680.27181440452,1437.7568097876383,134118.02862419217,1469,7,675.8421052631579,37,1,16,33.661930608769694,0.6452702702702702,42.434210526315795,1030.2631578947376,27.844950213371284,8
1476,4,0,0,38,0.0,0.0,1.0,38,1050,600,450,0.5714285714285714,15,6,9,342.4852874603893,0.7185573731626363,0.05134378499440073,0.20850788226215416,132793.26331178827,1495.9477916281971,134289.21110341646,1470,8,676.8421052631579,37,1,16,33.49955673758866,0.6463963963963963,42.324561403508774,1030.7017543859652,27.85680417259365,0
1477,4,0,0,38,0.0,0.0,1.0,38,700,500,200,0.7142857142857143,9,5,4,357.16866077279013,0.719357515410147,0.024134827311646623,0.21239195068900868,131905.89871966562,1845.6387104612313,133751.53743012686,1471,9,677.8421052631579,36,2,18,34.0143791566177,0.6394675925925926,43.18693693693694,1027.2522522522524,28.53478478478479,5
1478,4,0,0,38,0.0,0.0,1.0,38,550,300,250,0.5454545454545454,8,3,5,355.2094123200543,0.7193278805120911,0.02140050883538991,0.21138783226326535,131934.82069485035,1772.898024713915,133707.71871956426,1472,10,678.8421052631579,36,2,18,34.03554203661076,0.6397569444444444,43.15878378378379,1027.3648648648657,28.537912912912937,0
1479,4,0,0,38,0.0,0.0,1.0,38,1000,700,300,0.7,13,7,6,353.79350618400395,0.718735182550972,0.02441900017872478,0.21151152049468075,132108.41912436092,1747.8201596867257,133856.23928404765,1473,11,679.8421052631579,36,2,19,33.89701318143646,0.6414930555555556,42.98986486486487,1028.0405405405413,28.556681681681702,0
1480,4,0,0,38,0.0,0.0,1.0,38,1400,1000,400,0.7142857142857143,18,10,8,355.9904359859063,0.7180239449976292,0.01656151873937728,0.21380490681993786,132282.1316882762,1818.2347465709051,134100.3664348471,1474,12,680.8421052631579,36,2,20,33.66561758803139,0.6432291666666665,42.82094594594595,1028.7162162162167,28.575450450450465,0
1481,4,0,0,38,0.0,0.0,1.0,38,1050,500,550,0.47619047619047616,16,5,11,355.1934960415676,0.7179350403034613,0.012252290645642372,0.21398242322504216,132398.00347222236,1805.3819444444634,134203.38541666683,1475,13,681.8421052631579,36,2,20,33.569500674763844,0.6443865740740741,42.70833333333334,1029.1666666666679,28.587962962962997,0
1482,4,0,0,38,0.0,0.0,1.0,38,1100,700,400,0.6363636363636364,15,7,8,358.99807178450516,0.7168385490753912,0.007013008524458186,0.21713160058917344,132546.94097490137,1916.8192461848369,134463.7602210862,1476,14,682.8421052631579,35,3,20,33.32174234760782,0.6479166666666667,42.563657407407405,1029.74537037037,29.421296296296287,0
1483,4,0,0,38,0.0,0.0,1.0,38,500,300,200,0.6,7,3,4,358.093001874697,0.7173423423423424,0.01009688753238458,0.21675588644088797,132576.73852237652,1894.9604552469114,134471.69897762343,1477,15,683.8421052631579,35,3,20,33.31507080242751,0.6482142857142856,42.53472222222222,1029.8611111111109,29.424603174603167,0
1484,4,0,0,38,0.0,0.0,1.0,38,1050,800,250,0.7619047619047619,13,8,5,358.35979105063194,0.7158605974395448,0.005178039438218374,0.21795324996685947,132755.5941358023,1914.8533950617054,134670.447530864,1478,16,684.8421052631579,35,3,17,33.128369272237194,0.6500000000000001,42.3611111111111,1030.555555555554,29.4444444444444,0
1485,4,0,0,38,0.0,0.0,1.0,38,950,600,350,0.631578947368421,13,6,7,355.08975184363845,0.7141714082503556,0.005243609351103462,0.21641089136995117,132832.97444403864,1833.525586397211,134666.50003043585,1479,17,685.8421052631579,36,2,18,33.13487728497561,0.6487268518518519,42.28603603603604,1030.855855855856,28.634884884884887,0
1486,4,0,0,38,0.0,0.0,1.0,38,1050,700,350,0.6666666666666666,14,7,7,355.5810802831952,0.7123044096728307,0.015173456077139491,0.21755291344781502,132978.12328798417,1856.9009465546844,134835.02423453887,1480,18,686.8421052631579,36,2,19,32.976443934927396,0.650173611111111,42.14527027027028,1031.4189189189208,28.650525525525577,0
1487,4,0,0,38,0.0,0.0,1.0,38,500,400,100,0.8,6,4,2,356.2358579504406,0.7127192982456141,0.017399272660419962,0.21829275549725677,133036.20501836302,1878.4533266374601,134914.65834500047,1481,19,687.8421052631579,36,2,19,32.90124804424554,0.6507523148148149,42.08896396396397,1031.6441441441448,28.6567817817818,0
1488,4,0,0,38,0.0,0.0,1.0,38,1400,1000,400,0.7142857142857143,18,10,8,354.84760705852455,0.711533902323376,0.02324086187425256,0.21833564528424498,133189.1122749306,1852.3675554016509,135041.47983033225,1482,20,688.8421052631579,37,1,19,32.783620140216705,0.6503378378378378,41.940789473684205,1032.2368421052622,27.89829302987195,0
1489,4,0,0,38,0.0,0.0,1.0,38,800,600,200,0.75,10,6,4,338.6881508384423,0.7120080606922712,0.03264482983076089,0.1916974933745585,130004.05811216628,1206.4673819539116,131210.5254941202,1483,21,689.8421052631579,36,2,18,36.41002282096586,0.6203703703703705,45.04504504504505,1019.8198198198203,28.32832832832834,8
1490,4,0,0,38,0.0,0.0,1.0,38,950,600,350,0.631578947368421,13,6,7,335.48406746292784,0.712185870080607,0.0261763680724989,0.1904439631086546,130118.92804967136,1130.5654472039655,131249.49349687534,1484,22,690.8421052631579,36,2,18,36.37532192788815,0.6215277777777778,44.932432432432435,1020.2702702702709,28.34084084084086,0
1491,4,2,2,38,0.05,0.05,0.95,40,700,500,200,0.7142857142857143,9,5,4,321.4322390401328,0.7330128205128205,0.03637095043981997,0.18473436080962508,130598.60365689445,395.7995777933405,130994.4032346878,1485,0,657.25,37,3,15,36.24892726882643,0.6244369369369369,44.46271929824562,1022.1491228070178,27.625651967757236,0
1492,4,2,2,38,0.05,0.05,0.95,40,1300,1000,300,0.7692307692307693,16,10,6,321.0960546867882,0.7323717948717948,0.03364435864435866,0.18480861814195154,130654.64854570646,390.53843490305667,131045.1869806095,1486,0,658.2,37,3,15,36.20093307593309,0.625,44.40789473684211,1022.3684210526322,27.63157894736844,0
1493,4,0,0,38,0.0,0.0,1.0,38,1350,1300,50,0.9629629629629629,14,13,1,333.9684724367351,0.7123044096728307,0.036474852741277486,0.19144634251113615,130498.9979852538,1116.5102023319587,131615.50818758574,1487,25,693.8421052631579,35,3,17,36.029300709862554,0.6273809523809524,44.56018518518518,1021.7592592592595,29.1931216931217,0
1494,4,0,0,38,0.0,0.0,1.0,38,950,700,250,0.7368421052631579,12,7,5,334.24607291935763,0.7124525841631105,0.030588046023584115,0.1923384731007611,130646.86381440742,1133.6402338391501,131780.50404824657,1488,26,694.8421052631579,35,3,17,35.872698026340636,0.6288690476190477,44.41550925925925,1022.3379629629617,29.209656084656046,0
1495,4,1,1,38,0.02564102564102564,0.02564102564102564,0.9743589743589743,39,1150,800,350,0.6956521739130435,15,8,7,327.2866621583406,0.7254273504273504,0.03340162662196633,0.1894093383675593,130866.8190995048,766.192882071254,131633.01198157607,1489,0,678.0,36,3,17,35.82847237508255,0.6290509259259259,44.20045045045045,1023.1981981981974,28.42217217217215,0
1496,4,1,0,39,0.02564102564102564,0.0,1.0,39,600,400,200,0.6666666666666666,8,4,4,327.3080033636429,0.7233468286099866,0.03744430617986283,0.18956327766510034,130895.62694028488,768.637260571385,131664.26420085627,1490,0,678.974358974359,36,3,18,35.7988518396244,0.6293402777777778,44.1722972972973,1023.3108108108108,28.4253003003003,0
1497,4,1,1,39,0.025,0.025,0.975,40,1000,800,200,0.8,12,8,4,320.7699608875277,0.7326923076923076,0.03750535331905791,0.18678250839710134,131103.44048168653,410.8090951061706,131514.2495767927,1491,0,662.975,37,3,18,35.75660242683795,0.6295045045045045,43.96929824561403,1024.1228070175428,27.678994784257913,0
1498,4,1,1,39,0.025,0.025,0.975,40,850,600,250,0.7058823529411765,11,6,5,322.17366673879343,0.7336271367521368,0.03323774765380638,0.1881635483571879,131218.6392815398,455.0380323617396,131673.67731390154,1492,0,663.95,38,2,19,35.604579423010094,0.6288377192982457,43.8568376068376,1024.5726495726485,26.962438146648644,0
1499,4,0,0,39,0.0,0.0,1.0,39,800,500,300,0.625,11,5,6,331.3293857900169,0.7208726945569051,0.028846153846153966,0.1934963613013699,131215.75869498315,895.1273468759696,132110.8860418591,1493,3,681.974358974359,37,2,19,35.37296660958905,0.6306306306306306,43.85964912280702,1024.5614035087724,27.690848743480334,0
1500,4,0,0,39,0.0,0.0,1.0,39,600,500,100,0.8333333333333334,7,5,2,331.5403520819998,0.7196918578497526,0.027849330513286974,0.19404556486602706,131300.02891514698,906.2515629809167,132206.28047812788,1494,4,682.974358974359,37,2,19,35.28259958632003,0.6314752252252251,43.77741228070175,1024.890350877193,27.699739212897107,0
1501,4,0,0,39,0.0,0.0,1.0,39,700,400,300,0.5714285714285714,10,4,6,349.1768704751131,0.7188484030589294,0.05122153174937183,0.20053466479966284,130570.58572108718,1323.0174188211631,131893.60313990834,1495,5,683.974358974359,37,2,16,35.56831795587024,0.6241554054054055,44.49013157894736,1022.03947368421,27.62268847795162,7
1502,4,0,1,38,0.0,0.02564102564102564,0.9743589743589743,39,1550,1200,350,0.7741935483870968,19,12,7,347.0072388991314,0.7180049482681062,0.047861047861047945,0.1997219441663885,130654.64854570605,1267.621768236345,131922.2703139424,1496,6,684.974358974359,37,2,16,35.53866366366366,0.6250000000000002,44.40789473684209,1022.368421052629,27.63157894736835,0
1503,4,0,0,38,0.0,0.0,1.0,38,650,400,250,0.6153846153846154,9,4,5,356.3631506651793,0.7077999051683262,0.04887632303900258,0.20455380090363687,130550.1420973336,1704.6519915185188,132254.79408885213,1497,35,703.8421052631579,36,2,16,35.40541781450871,0.6258680555555557,44.51013513513512,1021.9594594594578,28.387762762762716,0
1504,4,1,0,39,0.02564102564102564,0.0,1.0,39,950,800,150,0.8421052631578947,11,8,3,348.4387735107755,0.7157557354925776,0.0688887973301473,0.2021551243457476,130963.11034404769,1326.5251086872322,132289.63545273492,1498,0,686.7692307692307,37,2,17,35.19003302981609,0.6280968468468471,44.10635964912278,1023.574561403505,27.664177335229862,0
1505,4,1,0,40,0.025,0.0,1.0,40,900,700,200,0.7777777777777778,11,7,4,341.7311406301525,0.7274038461538461,0.07064265610340947,0.20001383966229688,131300.74929003185,973.9109640952333,132274.66025412708,1499,0,670.575,38,2,20,35.020761666492945,0.6296600877192984,43.77670940170939,1024.89316239316,26.970872694556846,0
1506,4,0,0,40,0.0,0.0,1.0,40,750,500,250,0.6666666666666666,10,5,5,339.7275108066299,0.7272435897435897,0.052572724429152506,0.19855737697418555,131246.006430802,917.575813609452,132163.58224441146,1500,1,671.575,38,2,21,35.12733291627567,0.6291118421052633,43.8301282051282,1024.6794871794862,26.965249662618056,1
1507,4,0,0,40,0.0,0.0,1.0,40,750,600,150,0.8,9,6,3,339.7275108066299,0.7272435897435897,0.052572724429152506,0.19855737697418555,131246.006430802,917.575813609452,132163.58224441146,1501,2,672.575,38,2,21,35.12733291627567,0.6291118421052633,43.8301282051282,1024.6794871794862,26.965249662618056,0
1508,4,0,0,40,0.0,0.0,1.0,40,650,500,150,0.7692307692307693,8,5,3,338.3547358541079,0.7256944444444444,0.049323457054230246,0.19832466617555192,131356.22409058549,889.0257831096299,132245.2498736951,1502,3,673.575,37,3,21,35.051320105537116,0.6320382882882883,43.72258771929824,1025.1096491228063,27.70566619250828,0
1509,4,1,0,41,0.024390243902439025,0.0,1.0,41,1150,700,450,0.6086956521739131,16,7,9,330.791459585105,0.7350609756097561,0.05423439618531134,0.19542329402057285,131656.85609796166,510.1927186061586,132167.0488165678,1503,0,658.1219512195122,38,3,21,34.94235373724756,0.6332236842105264,43.42948717948717,1026.2820512820497,27.007422402159204,0
1510,4,0,0,41,0.0,0.0,1.0,41,900,500,400,0.5555555555555556,13,5,8,328.6622059504272,0.7341971544715448,0.05279985384123487,0.1950062421972533,131821.37573964483,464.94082840234773,132286.3165680472,1504,1,659.1219512195122,38,3,21,34.8314606741573,0.6348684210526316,43.26923076923076,1026.9230769230758,27.02429149797568,0
1511,4,1,0,42,0.023809523809523808,0.0,1.0,42,550,300,250,0.5454545454545454,8,3,5,321.08805032409003,0.7421602787456446,0.0573435169394767,0.18307062136279267,130289.17236328124,-5.172908063157649,130283.99945521807,1505,0,644.4047619047619,39,3,22,36.57035421555625,0.6177884615384615,44.765625,1020.9374999999999,26.177884615384613,5
1512,4,0,0,42,0.0,0.0,1.0,42,1000,800,200,0.8,12,8,4,320.536285158923,0.7422812620983352,0.06425948592411279,0.18313156991247578,130368.94531250012,-42.40451388887402,130326.54079861124,1506,1,645.4047619047619,39,3,22,36.50380796953625,0.6185897435897435,44.68750000000001,1021.2500000000009,26.18589743589746,0
1513,4,1,0,43,0.023255813953488372,0.0,1.0,43,850,600,250,0.7058823529411765,11,6,5,315.75869454552054,0.751015134736065,0.07380559979474044,0.18184592019590634,130677.89019639444,-347.4639971247168,130330.42619926971,1507,0,631.3720930232558,40,3,17,36.31390186528842,0.6200520833333333,44.38516260162602,1022.4593495934967,25.561483739837417,0
1514,4,0,0,43,0.0,0.0,1.0,43,1050,600,450,0.5714285714285714,15,6,9,336.67219606918326,0.751015134736065,0.11749599946340061,0.18037603087415238,127828.32031250044,48.05617006250628,127876.37648256295,1508,1,632.3720930232558,39,4,19,38.676006043125966,0.5929487179487177,47.18750000000002,1011.2500000000035,25.92948717948727,7
1515,4,3,3,43,0.06521739130434782,0.06521739130434782,0.9347826086956522,46,1200,1000,200,0.8333333333333334,14,10,4,317.80976250149183,0.7807971014492754,0.12072572736188314,0.17294884784246495,128453.40617563963,-1034.4694481624551,127418.93672747716,1509,0,592.0652173913044,40,6,16,38.51587301587302,0.59765625,46.57012195121952,1013.7195121951229,25.34298780487807,0
1516,4,5,4,44,0.10416666666666667,0.08333333333333333,0.9166666666666666,48,1200,900,300,0.75,15,9,6,314.84203951659373,0.7909094267139479,0.15404112636664102,0.1741594573022172,129102.89345592221,-1470.5963433687843,127632.29711255342,1510,0,568.2916666666666,42,6,18,37.93104818204932,0.601190476190476,45.93023255813954,1016.2790697674426,24.197120708748635,0
1517,4,0,0,44,0.0,0.0,1.0,44,1100,600,500,0.5454545454545454,16,6,10,342.08785222007754,0.7592274489076815,0.16824809342008273,0.1870630877468463,128645.99745008668,1.6465928819347937,128647.64404296862,1511,1,620.7045454545455,39,5,18,37.704183352158,0.6012286324786326,46.38020833333333,1014.4791666666656,26.0122863247863,0
1518,4,1,1,44,0.022222222222222223,0.022222222222222223,0.9777777777777777,45,1300,900,400,0.6923076923076923,17,9,8,339.94963918804535,0.7664141414141414,0.17855578895891,0.18765745681738769,129020.64252635675,-227.89582507104572,128792.74670128571,1512,0,607.8888888888889,40,5,19,37.37683805141544,0.6033854166666666,46.01117886178862,1015.9552845528461,25.398882113821152,0
1519,4,1,1,44,0.022222222222222223,0.022222222222222223,0.9777777777777777,45,1250,700,550,0.56,18,7,11,340.04876689129287,0.7672979797979799,0.17180563887222555,0.18832601143115782,129149.73416121354,-216.55843082821175,128933.17573038532,1513,0,608.8666666666667,40,5,19,37.24296807305205,0.6046875,45.88414634146341,1016.463414634146,25.41158536585365,0
1520,4,1,0,45,0.022222222222222223,0.0,1.0,45,1400,900,500,0.6428571428571429,19,9,10,338.5121439406039,0.7700336700336701,0.16805345979736996,0.1885183476279064,129368.6579043551,-241.3966672741041,129127.261237081,1514,0,609.8444444444444,37,8,20,37.059441690019405,0.6120495495495495,45.6688596491228,1017.324561403508,27.495258416311028,0
1521,4,2,3,44,0.0425531914893617,0.06382978723404255,0.9361702127659575,47,1550,1100,450,0.7096774193548387,20,11,9,321.99014661078326,0.7876194881282762,0.16151423948783084,0.18147186603916482,129837.58680555547,-1038.7152777777872,128798.8715277777,1515,0,584.8510638297872,39,8,16,37.00429272281275,0.6132478632478633,45.20833333333333,1019.166666666666,26.132478632478612,0
1522,4,1,0,45,0.022222222222222223,0.0,1.0,45,1200,1000,200,0.8333333333333334,14,10,4,369.6743572142311,0.7707491582491582,0.1959728968039811,0.203992431184625,129006.37846500854,547.9658404509141,129554.34430545945,1516,0,611.8,37,8,18,36.636422917790966,0.6083896396396395,46.02521929824562,1015.8991228070182,27.45673304883833,6
1523,4,1,0,46,0.021739130434782608,0.0,1.0,46,1250,1000,250,0.8,15,10,5,360.60592610620915,0.77914653784219,0.2026242854668283,0.201137972117019,129430.46932067208,134.9734129366985,129565.44273360878,1517,0,599.4782608695652,36,10,14,36.43458573114947,0.6145833333333334,45.60810810810811,1017.5675675675681,28.265765765765778,0
1524,4,2,4,44,0.041666666666666664,0.08333333333333333,0.9166666666666666,48,1400,1000,400,0.7142857142857143,18,10,8,344.2745881252366,0.7923315602836879,0.2028269754768388,0.1943827289876335,129908.37191358024,-655.1697530864257,129253.20216049382,1518,0,575.4583333333334,38,10,15,36.36466848319707,0.6156798245614035,45.138888888888886,1019.4444444444443,26.827485380116958,0
1525,4,0,0,44,0.0,0.0,1.0,44,900,700,200,0.7777777777777778,11,7,4,370.0598166387462,0.7671555673009162,0.22143187601202796,0.20686275093368184,129516.42679419319,785.7650302329732,130302.19182442616,1519,2,626.9090909090909,36,8,16,36.106501456650804,0.6154513888888888,45.52364864864867,1017.9054054054083,28.27515015015023,0
1526,4,0,0,44,0.0,0.0,1.0,44,1100,800,300,0.7272727272727273,14,8,6,368.4529157257659,0.7669133192389007,0.22044424115086447,0.20656662845059567,129631.08114448939,752.589963274117,130383.67110776351,1520,3,627.9090909090909,36,8,17,36.03063142762357,0.6166087962962961,45.41103603603605,1018.3558558558583,28.28766266266273,0
1527,4,0,0,44,0.0,0.0,1.0,44,750,600,150,0.8,9,6,3,369.32686249644297,0.7675079281183933,0.21844913874540217,0.2075112296983123,129717.1051964129,781.6022948624628,130498.70749127536,1521,4,628.9090909090909,36,8,17,35.92080293315647,0.6174768518518516,45.32657657657659,1018.6936936936959,28.29704704704711,0
1528,4,0,0,44,0.0,0.0,1.0,44,1500,1200,300,0.8,18,12,6,366.1387933421041,0.7688513037350247,0.2205155633229876,0.20647490458189346,129860.5420242881,709.3964319049144,130569.938456193,1522,5,629.9090909090909,36,8,17,35.8560748351932,0.6189236111111109,45.18581081081083,1019.2567567567592,28.312687687687756,0
1529,4,0,0,44,0.0,0.0,1.0,44,1500,1100,400,0.7333333333333333,19,11,8,364.4717153446796,0.7700405214940099,0.22040834772827633,0.20568565880922993,129889.23890106363,668.190741417138,130557.42964248077,1523,6,630.9090909090909,36,8,17,35.86937509206069,0.6192129629629628,45.15765765765768,1019.3693693693726,28.315815815815906,0
1530,4,0,0,44,0.0,0.0,1.0,44,1100,600,500,0.5454545454545454,16,6,10,365.80753444714014,0.7690054615926709,0.22183959174495738,0.20678688527805228,129954.95158366054,707.7000856032791,130662.65166926383,1524,7,631.9090909090909,37,7,17,35.76851901638168,0.6179617117117115,45.09320175438597,1019.6271929824576,27.55749170222858,0
1531,4,0,0,44,0.0,0.0,1.0,44,1150,1000,150,0.8695652173913043,13,10,3,367.2010601581681,0.7704149048625794,0.22137648933154752,0.20787200611875387,130010.85820877599,748.0249932671798,130758.88320204317,1525,8,632.9090909090909,37,7,17,35.67615937354406,0.6185247747747746,45.038377192982466,1019.8464912280718,27.563418681839778,0
1532,4,2,0,46,0.043478260869565216,0.0,1.0,46,900,700,200,0.7777777777777778,11,7,4,406.777930212718,0.7869363929146538,0.30571784797831203,0.22060162978443756,128315.61872260759,1336.779477741044,129652.39820034863,1526,0,606.3478260869565,36,10,20,36.402643473750516,0.6032986111111112,46.706081081081074,1013.1756756756744,28.143768768768734,5
1533,4,0,0,46,0.0,0.0,1.0,46,850,700,150,0.8235294117647058,10,7,3,403.71526507476665,0.7875805152979066,0.3000067640365838,0.21925369163595795,128372.6732433446,1165.2015613586464,129537.87480470324,1527,1,607.3478260869565,36,10,18,36.42163944141942,0.6038773148148149,46.64977477477477,1013.4009009009001,28.150025025025002,0
1534,4,2,1,47,0.041666666666666664,0.020833333333333332,0.9791666666666666,48,1450,1300,150,0.896551724137931,16,13,3,391.501690325505,0.8045951536643026,0.29575442749430136,0.21547328121273443,128902.86138733651,493.13762418729755,129395.9990115238,1528,0,583.0,38,10,19,36.187971243205325,0.6055372807017544,46.12713675213675,1015.4914529914527,26.723459289248755,0
1535,4,0,0,47,0.0,0.0,1.0,47,1250,900,350,0.72,16,9,7,399.80402574744363,0.7956753006475485,0.3051683249467583,0.21944182834352743,128794.39153928334,898.5032462195909,129692.89478550294,1529,1,596.4042553191489,38,9,19,36.088306494053256,0.6044407894736842,46.23397435897436,1015.0641025641024,26.712213225371116,0
1536,4,2,0,49,0.04081632653061224,0.0,1.0,49,1150,700,450,0.6086956521739131,16,7,9,388.50850048150465,0.8097363945578232,0.3183636325648449,0.2165743961783709,129407.39300679446,258.3847062866291,129665.77771308109,1530,0,573.0204081632653,35,14,21,35.7483268873469,0.6163690476190475,45.63078703703704,1017.4768518518523,29.070767195767207,0
1537,4,1,3,47,0.02,0.06,0.94,50,1000,700,300,0.7,13,7,6,380.75698841274533,0.8117687074829931,0.3108383101083827,0.21330884072044912,129602.41280131505,-130.5951221491522,129471.81767916589,1531,0,562.54,36,14,16,35.74660841996607,0.6163194444444444,45.4391891891892,1018.2432432432449,28.284534534534583,0
1538,4,4,2,49,0.0784313725490196,0.0392156862745098,0.9607843137254902,51,1250,900,350,0.72,16,9,7,365.65325054922835,0.8302941176470588,0.3065942457384965,0.20789999102656145,130180.80210387912,-679.7933103221462,129501.00879355698,1532,0,522.5882352941177,38,13,19,35.54294912060302,0.618421052631579,44.871794871794876,1020.5128205128212,26.855600539811086,0
1539,4,0,1,48,0.0,0.02040816326530612,0.9795918367346939,49,1350,800,550,0.5925925925925926,19,8,11,377.9007947109258,0.825219671201814,0.3197871215561361,0.2142358984275285,130066.7768568213,30.467667936284897,130097.2445247576,1533,1,543.2857142857143,37,12,19,35.34646081909061,0.6190878378378378,44.983552631578945,1020.065789473684,27.56934566145092,0
1540,4,0,1,47,0.0,0.020833333333333332,0.9791666666666666,48,1250,800,450,0.64,17,8,9,386.91058974328826,0.8178930260047281,0.32063805582428606,0.21934364511772167,130066.77685682142,464.8426679362983,130531.61952475773,1534,2,555.5,37,11,19,35.116696227023546,0.6190878378378377,44.98355263157895,1020.065789473685,27.569345661450946,0
1541,4,0,0,47,0.0,0.0,1.0,47,1150,1000,150,0.8695652173913043,13,10,3,394.5454153143546,0.8098211532531606,0.323600755916172,0.2226574251512184,129889.23890106338,849.4407414171094,130738.67964248049,1535,3,568.1489361702128,36,11,19,35.10296987774341,0.6192129629629629,45.157657657657666,1019.3693693693706,28.31581581581585,0
1542,4,0,0,47,0.0,0.0,1.0,47,1050,600,450,0.5714285714285714,15,6,9,395.66999373678823,0.8093586185630588,0.32562258353964735,0.2242790239842197,130061.48674011863,892.2855287720305,130953.77226889067,1536,4,569.1489361702128,36,11,21,34.89870832413337,0.6209490740740741,44.988738738738746,1020.0450450450461,28.334584584584615,0
1543,4,0,0,47,0.0,0.0,1.0,47,1150,700,450,0.6086956521739131,16,7,9,393.572307588954,0.8095898859081098,0.3264946790903387,0.2239137365774447,130205.11379200163,849.0254190001015,131054.13921100173,1537,5,570.1489361702128,36,11,21,34.80589576667035,0.6223958333333333,44.84797297297298,1020.6081081081095,28.350225225225262,0
1544,4,1,0,48,0.020833333333333332,0.0,1.0,48,1200,1000,200,0.8333333333333334,14,10,4,382.7397378095096,0.8126477541371159,0.30739733667991365,0.21914714807991215,130453.51765103375,385.97439161802646,130839.49204265178,1538,0,559.25,38,10,21,34.82970787143554,0.6211622807017543,44.60470085470086,1021.5811965811972,26.88371569950519,2
1545,4,0,1,47,0.0,0.020833333333333332,0.9791666666666666,48,1400,1100,300,0.7857142857142857,17,11,6,382.2867903652418,0.8123337765957447,0.30712997804954534,0.21965992332878517,130589.98243343207,384.56504766602336,130974.5474810981,1539,1,560.25,38,10,18,34.702623601965094,0.622532894736842,44.471153846153854,1022.1153846153857,26.897773279352254,0
1546,4,0,0,47,0.0,0.0,1.0,47,1000,700,300,0.7,13,7,6,390.37991630050794,0.8046561825470243,0.31908275347402126,0.22452263785747276,130626.62459843408,798.8021554709071,131425.426753905,1540,2,573.0212765957447,37,10,18,34.45857467195824,0.6247184684684685,44.435307017543856,1022.2587719298241,27.628615457562812,0
1547,4,0,0,47,0.0,0.0,1.0,47,1700,1500,200,0.8823529411764706,19,15,4,386.5892364654144,0.8046561825470243,0.31447479178500304,0.22298811431743476,130738.73842191827,708.437812596184,131447.17623451445,1541,3,574.0212765957447,37,10,18,34.44156302490977,0.6258445945945945,44.32565789473684,1022.6973684210526,27.640469416785205,0
1548,4,0,0,47,0.0,0.0,1.0,47,1150,800,350,0.6956521739130435,15,8,7,386.3839589600306,0.8039623805118716,0.31331223609451864,0.22368083778008707,130878.94833025539,713.905240073865,131592.85357032926,1542,4,575.0212765957447,37,10,19,34.304454207743966,0.6272522522522522,44.18859649122807,1023.2456140350871,27.655286865813164,0
1549,4,0,0,47,0.0,0.0,1.0,47,1050,600,450,0.5714285714285714,15,6,9,387.25164091934096,0.8041936478569226,0.31252165034914103,0.22483714674272187,130991.1703601108,745.3091335795664,131736.47949369036,1543,5,576.0212765957447,37,10,19,34.168362610682685,0.6283783783783783,44.078947368421055,1023.6842105263157,27.66714082503556,0
1550,4,1,0,48,0.020833333333333332,0.0,1.0,48,500,300,200,0.6,7,3,4,380.72575847709686,0.8071069739952719,0.31808943089430897,0.22299651567944262,131328.12500000012,400.0000000000137,131728.12500000012,1544,0,565.0,38,10,20,33.993902439024396,0.6299342105263157,43.75000000000001,1025.000000000001,26.97368421052634,0
1551,4,0,0,48,0.0,0.0,1.0,48,1700,1300,400,0.7647058823529411,21,13,8,381.36096288428905,0.8054447399527187,0.31695723313021906,0.22441041521119326,131506.13667052472,430.26138117284626,131936.39805169756,1545,1,566.0,35,13,20,33.79739336492892,0.6375,43.57638888888889,1025.6944444444448,29.305555555555564,0
1552,4,1,1,48,0.02040816326530612,0.02040816326530612,0.9795918367346939,49,1300,1100,200,0.8461538461538461,15,11,4,372.5838719606033,0.8121811224489797,0.3058628714643752,0.22122167397660822,131848.0642804967,24.892460027592705,131872.9567405243,1546,0,555.4285714285714,36,13,18,33.67690058479533,0.6388888888888888,43.24324324324324,1027.0270270270269,28.528528528528525,0
1553,4,1,0,49,0.02040816326530612,0.0,1.0,49,1200,700,500,0.5833333333333334,17,7,10,374.45563459521736,0.813031462585034,0.31089567709286037,0.22324416077775924,132003.33275623262,85.87834718373998,132089.21110341637,1547,0,556.4081632653061,37,12,20,33.472044387537345,0.6385135135135136,43.09210526315789,1027.6315789473679,27.773826458036968,0
1554,4,1,1,49,0.02,0.02,0.98,50,600,300,300,0.5,9,3,6,323.6199619941653,0.8172448979591836,0.22561362980075095,0.19695886263370674,132781.15477961977,-1405.8735473356428,131375.28123228412,1548,0,546.26,41,9,17,33.9977981518914,0.6394817073170733,42.336309523809504,1030.6547619047587,25.137921022067285,4
1555,4,1,0,50,0.02,0.0,1.0,50,1200,1000,200,0.8333333333333334,14,10,4,324.0794242598487,0.8138095238095238,0.2434561015482264,0.19859174619199518,133036.8965439181,-1377.095832546022,131659.80071137208,1549,0,547.22,41,9,18,33.729905920441055,0.6420223577235774,42.08829365079363,1031.6468253968221,25.162117692605417,0
1556,4,0,0,50,0.0,0.0,1.0,50,1250,800,450,0.64,17,8,9,324.9235508988335,0.8125680272108843,0.24136717623305493,0.1993822922064163,133088.0744224768,-1351.3100552721546,131736.76436720465,1550,1,548.22,41,9,18,33.65692000769157,0.6425304878048783,42.03869047619045,1031.8452380952342,25.16695702671303,0
1557,4,0,1,49,0.0,0.02,0.98,50,1750,1600,150,0.9142857142857143,19,16,3,325.09999830447225,0.8114625850340136,0.24010378627714823,0.20017695753587733,133216.06217718523,-1338.291682413754,131877.77049477148,1551,2,549.22,41,9,19,33.524328912806695,0.6438008130081303,41.91468253968252,1032.3412698412662,25.179055361982105,0
1558,4,0,0,49,0.0,0.0,1.0,49,1300,1100,200,0.8461538461538461,15,11,4,329.4694339388684,0.8126771541950114,0.23450506186726705,0.20311950538949602,133262.27774472832,-1018.8305572080455,132243.44718752027,1552,3,549.8979591836735,40,9,19,33.36532152230971,0.6458333333333335,41.869918699186975,1032.5203252032493,25.813008130081233,0
1559,4,0,0,49,0.0,0.0,1.0,49,1400,800,600,0.5714285714285714,20,8,12,331.7008411771039,0.8115079365079365,0.23253497423374037,0.20478395796122237,133314.74837233088,-955.8771647168095,132358.87120761408,1553,4,550.8979591836735,40,9,19,33.25522370924357,0.6463541666666668,41.81910569105689,1032.7235772357692,25.81808943089423,0
1560,4,0,1,48,0.0,0.02040816326530612,0.9795918367346939,49,1500,1200,300,0.8,18,12,6,330.7537776225002,0.811826814058957,0.23163917805193934,0.20463251062280635,133393.47367844835,-975.9209341331509,132417.5527443152,1554,5,551.8979591836735,40,9,19,33.200934579439256,0.6471354166666669,41.742886178861774,1033.0284552845503,25.82571138211376,0
1561,4,0,0,48,0.0,0.0,1.0,48,1200,800,400,0.6666666666666666,16,8,8,335.7860155596792,0.80646054964539,0.2413973479883036,0.20773486689365772,133391.5052625866,-641.7995876736287,132749.70567491298,1555,6,563.625,39,9,19,33.072942926288206,0.6487713675213677,41.74479166666666,1033.0208333333317,26.487713675213634,0
1562,4,0,0,48,0.0,0.0,1.0,48,1100,600,500,0.5454545454545454,16,6,10,338.21458243030963,0.8055001477541371,0.24093883345092948,0.20984533285122584,133499.13330078122,-569.7292751736102,132929.4040256076,1556,7,564.625,39,9,19,32.902534186741946,0.6498397435897436,41.640625,1033.4374999999998,26.49839743589743,0
1563,4,0,0,48,0.0,0.0,1.0,48,1650,1200,450,0.7272727272727273,21,12,9,339.21489736820536,0.8047983156028369,0.24079369478316393,0.2107720367304134,133552.9635959201,-539.3690321180582,133013.59456380203,1557,8,565.625,39,9,19,32.822840034935666,0.6503739316239316,41.588541666666664,1033.645833333333,26.503739316239308,0
1564,4,0,0,48,0.0,0.0,1.0,48,1450,900,550,0.6206896551724138,20,9,11,336.27798537872263,0.8041703605200945,0.23799959049959063,0.20953022052838338,133656.05919302328,-610.8819361821753,133045.1772568411,1558,9,566.625,40,8,21,32.7956592956593,0.6497395833333334,41.48882113821138,1034.044715447154,25.851117886178848,0
1565,4,0,1,47,0.0,0.020833333333333332,0.9791666666666666,48,1450,1100,350,0.7586206896551724,18,11,7,341.1389109065795,0.8037825059101654,0.24067093933143457,0.21346866944928633,133813.7344359344,-470.18567403660353,133343.5487618978,1559,10,567.625,40,8,16,32.51235962413647,0.6513020833333333,41.336382113821145,1034.6544715447164,25.866361788617912,0
1566,4,0,0,47,0.0,0.0,1.0,47,1750,1400,350,0.8,21,14,7,319.356689143531,0.801264261486278,0.198774457797239,0.19901154131373738,133660.6567382815,-848.5980609079329,132812.05867737357,1560,11,578.6382978723404,39,8,20,33.22850559081294,0.6514423076923076,41.484375000000014,1034.062500000002,26.51442307692313,3
1567,4,0,0,47,0.0,0.0,1.0,47,950,500,450,0.5263157894736842,14,5,9,320.8664072475098,0.8009559050262103,0.19493904137472962,0.20039015245080363,133741.45507812526,-817.3719618055263,132924.08311631973,1561,12,579.6382978723404,39,8,17,33.10884525008394,0.6522435897435896,41.406250000000014,1034.375000000002,26.52243589743595,0
1568,4,0,1,46,0.0,0.02127659574468085,0.9787234042553191,47,1150,900,250,0.782608695652174,14,9,5,318.7317982258033,0.8004162812210915,0.18733600227909974,0.19949356974019591,133822.2778320315,-869.316948784694,132952.96088324682,1562,13,580.6382978723404,39,8,18,33.08342981308098,0.6530448717948717,41.328125000000014,1034.687500000002,26.53044871794877,0
1569,4,0,0,46,0.0,0.0,1.0,46,1000,800,200,0.8,12,8,4,324.8661707960744,0.7971014492753623,0.18684156166081367,0.20292608165468357,133748.36205164742,-509.93635400685804,133238.42569764057,1563,14,593.8695652173913,38,8,18,32.998519589616464,0.6540570175438596,41.399572649572654,1034.4017094017101,27.221097615834477,0
1570,4,0,0,46,0.0,0.0,1.0,46,1250,1000,250,0.8,15,10,5,326.96545576103034,0.7952093397745572,0.18108161488118157,0.20485041426270006,133858.89788333708,-446.55288918108795,133412.34499415598,1564,15,594.8695652173913,38,8,18,32.83390116319085,0.6551535087719298,41.292735042735046,1034.8290598290605,27.23234367971212,0
1571,4,0,0,46,0.0,0.0,1.0,46,800,400,400,0.5,12,4,8,326.96545576103034,0.7952093397745572,0.18108161488118157,0.20485041426270006,133858.89788333708,-446.55288918108795,133412.34499415598,1565,16,595.8695652173913,38,8,18,32.83390116319085,0.6551535087719298,41.292735042735046,1034.8290598290605,27.23234367971212,0
1572,4,0,0,46,0.0,0.0,1.0,46,650,400,250,0.6153846153846154,9,4,5,325.69781080799714,0.7951892109500805,0.18018205290912626,0.20415190854116438,133876.17323133702,-479.36469184025407,133396.80853949676,1566,17,596.8695652173913,39,7,18,32.849458983392054,0.6535790598290598,41.27604166666668,1034.895833333335,26.535790598290642,0
1573,4,1,0,47,0.02127659574468085,0.0,1.0,47,950,800,150,0.8421052631578947,11,8,3,317.5630400882245,0.7982963305581251,0.18080928907518823,0.20034294269251693,134113.69879259594,-882.0892187893462,133231.6095738066,1567,0,585.1489361702128,41,6,19,32.823224946524924,0.6526930894308942,41.046626984126995,1035.8134920634936,25.2637437088657,0
1574,4,0,0,47,0.0,0.0,1.0,47,1000,800,200,0.8,12,8,4,316.9150862263544,0.7976796176379894,0.18198669830826075,0.20049534074102227,134216.47775140172,-892.9546760833721,133323.52307531834,1568,1,586.1489361702128,41,6,19,32.737653582256264,0.6537093495934958,40.94742063492065,1036.2103174603194,25.273422377080962,0
1575,4,0,0,47,0.0,0.0,1.0,47,1400,1100,300,0.7857142857142857,17,11,6,314.6502243151528,0.7980650632130742,0.1818855690593335,0.19948213250271352,134293.5878054927,-948.8984945830042,133344.68931090969,1569,2,587.1489361702128,41,6,20,32.71957950484942,0.654471544715447,40.87301587301588,1036.5079365079375,25.280681378242377,0
1576,4,0,0,47,0.0,0.0,1.0,47,1300,800,500,0.6153846153846154,18,8,10,300.0349221684612,0.7969087264878199,0.18260469397146784,0.18040284611844648,132324.91933719287,-1459.580625143493,130865.33871204937,1570,3,588.1489361702128,43,4,18,35.061838472158286,0.6320251937984496,42.779356060606055,1028.882575757575,23.92750176180407,4
1577,4,0,1,46,0.0,0.02127659574468085,0.9787234042553191,47,1250,500,750,0.4,20,5,15,300.4474749627106,0.796677459142769,0.18744077870617648,0.1810012836970475,132398.0034722221,-1444.2506564221858,130953.75281579992,1571,4,589.1489361702128,42,5,18,34.97807017543859,0.6341765873015873,42.70833333333333,1029.1666666666656,24.503968253968228,0
1578,4,0,0,46,0.0,0.0,1.0,46,950,800,150,0.8421052631578947,11,8,3,296.94186789732345,0.7953703703703704,0.15772741174766236,0.17174303751406222,130843.25140610654,-1412.0709940312163,129431.18041207532,1572,5,592.3913043478261,43,3,14,36.62840923114898,0.6172480620155039,44.22348484848485,1023.1060606060607,23.793164200140946,4
1579,4,0,1,45,0.0,0.021739130434782608,0.9782608695652174,46,1200,600,600,0.5,18,6,12,288.14198067783104,0.7966988727858293,0.09578492533816885,0.1616886299189934,129666.74619108996,-1690.3878683610214,127976.35832272893,1573,6,593.3913043478261,40,6,13,38.03923035987492,0.6098958333333333,45.3760162601626,1018.4959349593496,25.46239837398374,7
1580,4,1,0,46,0.021739130434782608,0.0,1.0,46,750,400,350,0.5333333333333333,11,4,7,286.50830725424737,0.8006843800322061,0.10873467334940434,0.16141041040143764,129822.05119307284,-1760.980773679697,128061.07041939315,1574,0,594.2391304347826,40,6,14,37.92402107432522,0.6114583333333334,45.22357723577235,1019.10569105691,25.47764227642275,0
1581,4,0,0,46,0.0,0.0,1.0,46,1200,900,300,0.75,15,9,6,284.1162061335404,0.8012278582930757,0.11183249929594274,0.16080688824309503,130003.35784131453,-1812.7878371009444,128190.57000421359,1575,1,595.2391304347826,40,6,15,37.80206776283012,0.6132812500000002,45.04573170731707,1019.8170731707304,25.49542682926826,0
1582,4,0,0,46,0.0,0.0,1.0,46,950,700,250,0.7368421052631579,12,7,5,283.8555095829522,0.8010064412238326,0.11050598318730809,0.16108679823082267,130107.01844346926,-1813.6811958821077,128293.33724758716,1576,2,596.2391304347826,40,6,17,37.704203605936854,0.6143229166666668,44.9441056910569,1020.2235772357706,25.505589430894265,0
1583,4,0,0,46,0.0,0.0,1.0,46,1050,700,350,0.6666666666666666,14,7,7,283.1751039739162,0.8006441223832529,0.11108585235317792,0.1609146134126818,130158.86423631737,-1828.450017350817,128330.41421896656,1577,3,597.2391304347826,40,6,17,37.66930584603124,0.6148437500000001,44.89329268292681,1020.4268292682902,25.510670731707258,0
1584,4,0,0,46,0.0,0.0,1.0,46,950,500,450,0.5263157894736842,14,5,9,281.46192322926765,0.7996175523349437,0.11042300715618447,0.16015422634512932,130210.72035701296,-1870.128044649361,128340.5923123636,1578,4,598.2391304347826,40,6,18,37.66076703508247,0.6153645833333334,44.84247967479674,1020.6300813008125,25.515752032520314,0
1585,4,1,1,46,0.02127659574468085,0.02127659574468085,0.9787234042553191,47,1500,1000,500,0.6666666666666666,20,10,10,277.3275520784239,0.8061979648473635,0.1140756042140052,0.15904642463294885,130515.89269967216,-2160.869394053951,128355.0233056182,1579,0,586.4893617021277,41,6,10,37.459142394821995,0.6168699186991873,44.54365079365078,1021.8253968253944,24.922570654277912,0
1586,4,0,0,46,0.0,0.0,1.0,46,1050,700,350,0.6666666666666666,14,7,7,285.0032596118962,0.7999194847020934,0.11498036298205805,0.16314651284844991,130444.20070725093,-1764.5955201930146,128679.60518705791,1580,6,600.2391304347826,40,6,21,37.33523179466771,0.6177083333333333,44.61382113821138,1021.5447154471542,25.538617886178855,0
1587,4,0,0,46,0.0,0.0,1.0,46,1250,900,350,0.72,16,9,7,285.77094075916835,0.8000805152979066,0.11396286141790823,0.1638050763051697,130496.1136311057,-1741.6005684447227,128754.51306266099,1581,7,601.2391304347826,40,6,12,37.26336118294542,0.6182291666666667,44.56300813008129,1021.7479674796739,25.543699186991848,0
1588,4,0,2,44,0.0,0.043478260869565216,0.9565217391304348,46,1400,900,500,0.6428571428571429,19,9,10,280.7631238339983,0.8007850241545894,0.07207859193448996,0.16980079024309822,132544.23227301467,-1757.2934601698435,130786.93881284483,1582,8,602.2391304347826,43,3,18,35.33849855925448,0.634205426356589,42.5662878787879,1029.734848484852,23.947322057787254,6
1589,4,0,0,44,0.0,0.0,1.0,44,1200,800,400,0.6666666666666666,16,8,8,289.67241450675664,0.791556553911205,0.08580224726793428,0.1747410595857628,132447.87089305065,-1126.7010884261474,131321.16980462451,1583,34,621.7954545454545,42,2,19,35.205450437729446,0.6346726190476188,42.659883720930246,1029.3604651162818,24.508582502768615,0
1590,4,0,0,44,0.0,0.0,1.0,44,1300,1000,300,0.7692307692307693,16,10,6,297.5162098096988,0.7908298097251586,0.052910052910052574,0.17493953136810267,131477.1498107083,-976.6833423472349,130500.46646836106,1584,35,622.7954545454545,42,2,17,35.97647392290248,0.6250000000000002,43.60465116279069,1025.5813953488357,24.418604651162756,3
1591,4,0,0,44,0.0,0.0,1.0,44,1100,800,300,0.7272727272727273,14,8,6,297.2822244603538,0.7898608174770966,0.04860377650119796,0.17514340068791115,131551.6939054893,-978.4039608497233,130573.28994463956,1585,36,623.7954545454545,42,2,17,35.90763829854225,0.6257440476190477,43.53197674418604,1025.8720930232546,24.425526024363204,0
1592,4,0,0,44,0.0,0.0,1.0,44,850,500,350,0.5882352941176471,12,5,7,298.3992560316046,0.7890680056377731,0.048340786774362376,0.17626026328113348,131651.11889497328,-943.0808132023299,130708.03808177095,1586,37,624.7954545454545,42,2,13,35.77919932017751,0.626736111111111,43.435077519379846,1026.2596899224807,24.434754521963825,0
1593,4,0,0,44,0.0,0.0,1.0,44,650,500,150,0.7692307692307693,8,5,3,307.57079220862045,0.7897066596194503,0.11222214163977196,0.17327639911618278,129822.05119307326,-809.8805167840326,129012.17067628923,1587,38,625.7954545454545,40,4,12,37.38739861720517,0.6114583333333332,45.223577235772375,1019.1056910569134,25.477642276422834,3
1594,4,1,1,44,0.022222222222222223,0.022222222222222223,0.9777777777777777,45,800,500,300,0.625,11,5,6,302.2403408487617,0.7981060606060606,0.11984567000615964,0.17120291703945587,130034.82187145718,-1139.646223072539,128895.17564838464,1588,0,612.8666666666667,41,4,13,37.30820202314949,0.6120426829268292,45.01488095238096,1019.9404761904783,24.87659698025557,0
1595,4,2,1,45,0.043478260869565216,0.021739130434782608,0.9782608695652174,46,1200,1000,200,0.8333333333333334,14,10,4,295.43248336294,0.8081924315619968,0.13702937263762482,0.1688771469306755,130389.20899667733,-1495.5591380070596,128893.64985867028,1589,0,599.6304347826087,41,5,15,37.12431196373643,0.615599593495935,44.66765873015873,1021.3293650793648,24.9104723190089,0
1596,4,1,0,46,0.021739130434782608,0.0,1.0,46,1200,800,400,0.6666666666666666,16,8,8,296.43295175681567,0.8080917874396135,0.14245484560108745,0.16978123121199595,130465.21183704966,-1465.1624307130237,129000.04940633664,1590,0,600.6086956521739,41,5,17,37.022156405774574,0.6163617886178862,44.59325396825397,1021.6269841269843,24.91773132017035,0
1597,4,2,1,47,0.041666666666666664,0.020833333333333332,0.9791666666666666,48,900,600,300,0.6666666666666666,12,6,6,320.28835219627047,0.8228797281323876,0.19523163142185807,0.17828139561805129,129349.20245928732,-1234.14724683666,128115.05521245066,1591,0,576.5416666666666,42,6,17,37.542666857179135,0.6036706349206349,45.68798449612403,1017.248062015504,24.220191952750096,7
1598,4,1,1,47,0.020833333333333332,0.020833333333333332,0.9791666666666666,48,1500,1000,500,0.6666666666666666,20,10,10,320.091562690167,0.825779403073286,0.20200757928020074,0.17936136391909133,129610.88266363909,-1302.5300053087851,128308.3526583303,1592,0,577.5,43,5,15,37.282328187482555,0.6048934108527133,45.430871212121204,1018.2765151515139,23.68084918957009,0
1599,4,0,1,46,0.0,0.02127659574468085,0.9787234042553191,47,1400,900,500,0.6428571428571429,19,9,10,325.1406912819302,0.8176071538698735,0.16928289219927706,0.17546593096415083,128119.4208730943,-1044.3956320787124,127075.0252410156,1593,2,590.7872340425532,41,6,15,38.67048423975175,0.5927337398373984,46.899801587301575,1012.4007936507912,24.69270228416564,8
1600,4,2,0,48,0.041666666666666664,0.0,1.0,48,1300,1000,300,0.7692307692307693,16,10,6,321.01312990457086,0.8249852245862884,0.17788719185423374,0.17212945413848546,127861.72251966425,-1390.9367308447017,126470.78578881956,1594,0,579.3333333333334,40,8,18,39.03779809753483,0.5916666666666668,47.15447154471545,1011.3821138211384,25.28455284552846,3
1601,4,2,3,47,0.04,0.06,0.94,50,1450,1100,350,0.7586206896551724,18,11,7,307.9275833550186,0.8372448979591837,0.16735955056179797,0.16681642124363186,128273.18395135173,-2099.604856566855,126173.57909478487,1595,0,557.12,40,10,19,38.94963884430178,0.5958333333333332,46.7479674796748,1013.008130081301,25.325203252032527,0
1602,4,1,0,48,0.020833333333333332,0.0,1.0,48,1400,1200,200,0.8571428571428571,16,12,4,319.36550356228986,0.8258717494089834,0.18146557635603067,0.172684728900589,128197.2710503476,-1411.6427951388503,126785.62825520875,1596,0,581.2291666666666,39,9,20,38.73731399574847,0.5966880341880341,46.822916666666686,1012.7083333333363,25.96688034188042,0
1603,4,4,3,49,0.07692307692307693,0.057692307692307696,0.9423076923076923,52,1200,800,400,0.6666666666666666,16,8,8,294.21963661125517,0.8425873554550024,0.17743565847014153,0.16256316688150235,129057.01636392361,-2805.7783086546947,126251.23805526891,1597,0,537.4423076923077,43,9,16,38.501475613544585,0.5993217054263564,45.9753787878788,1016.0984848484873,23.630197322057843,0
1604,4,2,2,49,0.0392156862745098,0.0392156862745098,0.9607843137254902,51,1450,1100,350,0.7586206896551724,18,11,7,301.39453989332725,0.8407189542483661,0.19430609772513097,0.1667207771308663,129102.8934559226,-2417.818565590963,126685.07489033164,1598,0,548.9411764705883,42,9,17,38.27270849224511,0.601190476190476,45.93023255813956,1016.2790697674458,24.19712070874871,0
1605,4,3,2,50,0.057692307692307696,0.038461538461538464,0.9615384615384616,52,1050,800,250,0.7619047619047619,13,8,5,297.5244322690985,0.8471907993966816,0.20593628366368866,0.16594388807961666,129428.4230619335,-2698.3012661245393,126730.12179580895,1599,0,539.25,41,11,9,38.041398557082964,0.6059451219512193,45.610119047619065,1017.5595238095269,24.81852497096407,0
1606,4,3,3,50,0.05660377358490566,0.05660377358490566,0.9433962264150944,53,1100,700,400,0.6363636363636364,15,7,8,293.8908684896177,0.8499032414126754,0.2124045613185117,0.1653430969592475,129768.4664852626,-2972.4465364160505,126796.01994884654,1600,0,530.0188679245283,42,11,10,37.79006181645269,0.6078869047619047,45.27616279069769,1018.8953488372117,24.25941306755266,0
1607,4,1,1,50,0.0196078431372549,0.0196078431372549,0.9803921568627451,51,1250,900,350,0.72,16,9,7,304.58709957931165,0.84140522875817,0.20604480562438554,0.17046667952991898,129563.26116233747,-2307.340414105333,127255.92074823214,1601,0,551.7058823529412,40,11,11,37.725219604711526,0.6088541666666666,45.47764227642278,1018.0894308943109,25.452235772357774,0
1608,4,1,2,49,0.0196078431372549,0.0392156862745098,0.9607843137254902,51,1400,1100,300,0.7857142857142857,17,11,6,302.5037823561532,0.8408496732026145,0.20354752696249623,0.16985968686586683,129692.62390318263,-2353.498145118643,127339.12575806398,1602,0,552.6862745098039,40,11,12,37.64736938375073,0.61015625,45.35060975609756,1018.5975609756097,25.46493902439024,0
1609,4,1,0,50,0.02,0.0,1.0,50,750,400,350,0.5333333333333333,11,4,7,311.0566462018815,0.8339285714285714,0.16377668308702797,0.1706608085918431,128778.125,-1988.5416666666663,126789.58333333333,1603,0,564.62,44,6,16,38.35693760262725,0.5951704545454546,46.25,1015.0,23.068181818181817,5
1610,4,1,1,50,0.0196078431372549,0.0196078431372549,0.9803921568627451,51,1900,1400,500,0.7368421052631579,24,14,10,291.7147368616943,0.841764705882353,0.10622983370563399,0.15997789415510938,128760.50407503867,-2679.2257426697442,126081.27833236892,1604,0,554.5294117647059,47,4,14,38.86560611244156,0.5913120567375887,46.267361111111114,1014.9305555555562,21.59426713947992,2
1611,4,1,1,50,0.0196078431372549,0.0196078431372549,0.9803921568627451,51,1000,800,200,0.8,12,8,4,291.10982021616496,0.842843137254902,0.11101891384920215,0.16008987151238735,128870.65463595914,-2696.8973795572965,126173.75725640185,1605,0,555.4901960784314,47,4,14,38.76928913396597,0.5924202127659575,46.158854166666664,1015.3645833333328,21.603501773049633,0
1612,4,2,1,51,0.038461538461538464,0.019230769230769232,0.9807692307692307,52,1900,1600,300,0.8421052631578947,22,16,6,288.43483011103444,0.8437499999999999,0.12064633400894409,0.15986269791272212,129179.77698094536,-2948.010594543943,126231.76638640142,1606,0,545.7692307692307,48,4,16,38.5241530740276,0.5944010416666666,45.85459183673469,1016.5816326530606,21.17878401360543,0
1613,4,1,1,51,0.019230769230769232,0.019230769230769232,0.9807692307692307,52,1700,1400,300,0.8235294117647058,20,14,6,290.5569185851288,0.8430744092508797,0.11453002870315143,0.16159800093077809,129316.5262435019,-2885.2322994234264,126431.29394407847,1607,0,546.75,45,7,16,38.331830528096866,0.5993055555555555,45.72010869565217,1017.1195652173914,22.60265700483092,0
1614,4,0,0,51,0.0,0.0,1.0,51,900,600,300,0.6666666666666666,12,6,6,295.38562640452506,0.8380392156862746,0.11223861415298964,0.16429423321790948,129319.08543381364,-2560.200188614518,126758.88524519913,1608,2,558.4705882352941,44,7,19,38.20645577302384,0.6006155303030302,45.7175925925926,1017.1296296296313,23.11658249158253,0
1615,4,0,1,50,0.0,0.0196078431372549,0.9803921568627451,51,1450,1000,450,0.6896551724137931,19,10,9,293.30024961334004,0.8374509803921569,0.11237292424758105,0.16369738223576144,129454.75875767968,-2606.1773885475636,126848.58136913211,1609,3,559.4705882352941,45,6,10,38.12221851357367,0.6006944444444444,45.58423913043479,1017.6630434782617,22.614734299516925,0
1616,4,1,1,50,0.0196078431372549,0.0196078431372549,0.9803921568627451,51,1250,700,550,0.56,18,7,11,308.04217581786054,0.8393790849673204,0.08854749870060075,0.1726326091996203,129616.12335249929,-2209.5280994014065,127406.59525309788,1610,0,532.9215686274509,45,6,13,37.58376326869475,0.6023148148148149,45.42572463768115,1018.2971014492739,22.628824476650532,3
1617,4,0,1,49,0.0,0.02,0.98,50,1200,900,300,0.75,15,9,6,310.79437712182374,0.8366836734693878,0.08567609348004002,0.17411134820217486,129601.77576303143,-1944.0993655692846,127657.67639746214,1611,5,544.58,44,6,13,37.52822739535025,0.6034564393939394,45.43981481481481,1018.2407407407397,23.141835016834992,0
1618,4,0,1,48,0.0,0.02040816326530612,0.9795918367346939,49,1550,1200,350,0.7741935483870968,19,12,7,324.7797406919002,0.8289753401360545,0.08542846135013105,0.18198835600104218,129610.88266363909,-1381.002227531008,128229.88043610808,1612,6,556.5510204081633,43,6,13,37.162981648532195,0.6048934108527133,45.430871212121204,1018.2765151515139,23.68084918957009,0
1619,4,0,0,48,0.0,0.0,1.0,48,1450,900,550,0.6206896551724138,20,9,11,331.10073230062267,0.8276078605200945,0.09182128131937883,0.1856920328964538,129645.0831154979,-1014.8836082567101,128630.19950724118,1613,7,567.0208333333334,42,6,13,36.96737234379956,0.6066468253968254,45.39728682170543,1018.4108527131785,24.24787744555187,0
1620,4,0,1,47,0.0,0.020833333333333332,0.9791666666666666,48,800,500,300,0.625,11,5,6,333.28224600581257,0.8268690898345153,0.09675520783791525,0.18726863988557504,129719.10609526178,-953.3849941409678,128765.72110112081,1614,8,568.0208333333334,42,6,13,36.83673388503124,0.607390873015873,45.32461240310078,1018.7015503875975,24.254798818752324,0
1621,4,0,0,47,0.0,0.0,1.0,47,900,600,300,0.6666666666666666,12,6,6,338.93938632577687,0.8190718470551958,0.09911951770287386,0.19063020249538482,129756.7131598009,-604.067853993452,129152.64530580745,1615,9,580.6170212765958,41,6,13,36.65449529373581,0.6092479674796749,45.28769841269841,1018.8492063492058,24.849980642663557,0
1622,4,0,0,47,0.0,0.0,1.0,47,1250,1000,250,0.8,15,10,5,336.4190892017853,0.8179925994449583,0.09479999838170028,0.1896278660356044,129842.5246755002,-663.6992218015819,129178.82545369862,1616,10,581.6170212765958,42,5,14,36.631647334727774,0.6086309523809523,45.20348837209302,1019.1860465116274,24.266334440753035,0
1623,4,0,0,47,0.0,0.0,1.0,47,1300,700,600,0.5384615384615384,19,7,12,323.7854561082247,0.818686401480111,0.14246977435560826,0.17171258920340818,127417.32927256549,-1090.3374401829683,126326.99183238253,1617,11,582.6170212765958,41,6,15,39.42171481445091,0.585619918699187,47.59424603174603,1009.6230158730157,24.624951606658918,8
1624,4,1,1,47,0.020833333333333332,0.020833333333333332,0.9791666666666666,48,800,400,400,0.5,12,4,8,320.58658876369753,0.8240802304964538,0.1593040907638219,0.17112170526127773,127678.93024006978,-1413.5694594675772,126265.3607806022,1618,0,571.4583333333334,42,6,17,39.23517897091721,0.5868055555555556,47.33527131782946,1010.6589147286828,24.063307493540066,0
1625,4,3,0,50,0.06,0.0,1.0,50,1450,1100,350,0.7586206896551724,18,11,7,314.35646234885814,0.8468027210884354,0.19551765650080233,0.17029919655942521,128273.183951352,-1931.9095407894501,126341.27441056255,1619,0,549.14,40,10,20,38.78682617710008,0.5958333333333332,46.74796747967481,1013.0081300813031,25.325203252032576,0
1626,4,0,1,49,0.0,0.02,0.98,50,1200,900,300,0.75,15,9,6,315.57535795976526,0.8469897959183673,0.18132085176422197,0.17052296024051594,128170.899793837,-1903.7920385336943,126267.10775530331,1620,1,550.14,39,11,19,38.86013527414875,0.5964209401709402,46.84895833333334,1012.6041666666682,25.964209401709443,1
1627,4,2,2,49,0.0392156862745098,0.0392156862745098,0.9607843137254902,51,1650,1200,450,0.7272727272727273,21,12,9,304.9769135436719,0.8552287581699347,0.19587138727215536,0.16698628863622472,128697.58204207617,-2350.041729654818,126347.54031242136,1621,0,538.5490196078431,41,10,16,38.592996349889205,0.5985772357723577,46.32936507936508,1014.6825396825404,24.748354626403426,0
1628,4,1,1,49,0.02,0.02,0.98,50,1150,700,450,0.6086956521739131,16,7,9,305.74812841955367,0.852908163265306,0.20235706418343802,0.16768295214311282,128762.65290377769,-2126.2119728666635,126636.44093091103,1622,0,548.02,40,10,16,38.50735122325689,0.6007812499999999,46.26524390243903,1014.9390243902453,25.373475609756134,0
1629,4,2,1,50,0.0392156862745098,0.0196078431372549,0.9803921568627451,51,1300,700,600,0.5384615384615384,19,7,12,302.84276477177934,0.8573529411764707,0.21491144999320833,0.16804740098245607,129226.60506621619,-2372.9315279352622,126853.67353828093,1623,0,538.2352941176471,41,10,18,38.11052704328878,0.6039126016260162,45.80853174603174,1016.7658730158721,24.799167634533465,0
1630,4,0,0,50,0.0,0.0,1.0,50,1600,1300,300,0.8125,19,13,6,305.81640713875936,0.8531462585034013,0.220939530234882,0.16970011943556781,129227.2201256692,-2096.039167327654,127131.18095834155,1624,1,550.0,40,10,19,38.0343161752457,0.60546875,45.80792682926829,1016.7682926829266,25.419207317073166,0
1631,4,2,1,51,0.038461538461538464,0.019230769230769232,0.9807692307692307,52,1350,900,450,0.6666666666666666,18,9,9,295.13893145789183,0.8590529160382101,0.22682722490103835,0.16583621520132635,129719.10609526165,-2742.9683274743174,126976.13776778734,1625,0,529.8076923076923,42,10,15,37.80815022670344,0.607390873015873,45.32461240310077,1018.7015503875965,24.2547988187523,0
1632,4,0,0,51,0.0,0.0,1.0,51,1200,800,400,0.6666666666666666,16,8,8,300.4350780062723,0.8577124183006537,0.225828262339419,0.16853915359630536,129655.65653344651,-2409.378543083918,127246.27799036259,1626,1,541.1960784313726,41,10,15,37.73743424897721,0.6082317073170732,45.38690476190475,1018.4523809523794,24.840301974448277,0
1633,4,1,0,52,0.019230769230769232,0.0,1.0,52,1050,800,250,0.7619047619047619,13,8,5,295.906148383431,0.8611896681749622,0.2349684238224714,0.16742560782727026,129990.70443482955,-2706.9902650081235,127283.71416982143,1627,0,531.7692307692307,42,10,16,37.51425313568983,0.6101190476190477,45.058139534883715,1019.7674418604644,24.280177187153914,0
1634,4,1,1,52,0.018867924528301886,0.018867924528301886,0.9811320754716981,53,1150,700,450,0.6086956521739131,16,7,9,290.1834251961196,0.8657776971456216,0.23656154920750483,0.16513183509840437,130214.25637769753,-3042.7962149908076,127171.46016270672,1628,0,522.7169811320755,43,10,17,37.434666295540296,0.6109496124031008,44.839015151515156,1020.6439393939402,23.735905567300936,0
1635,4,1,2,51,0.018867924528301886,0.03773584905660377,0.9622641509433962,53,1300,1000,300,0.7692307692307693,16,10,6,296.2244519197553,0.85836961780358,0.24001539524671722,0.16930475431661737,130383.45210808399,-2875.446671975408,127508.00543610858,1629,0,523.5283018867924,43,10,17,37.10989414309998,0.6126453488372092,44.67329545454547,1021.3068181818207,23.7513213530656,0
1636,4,0,1,50,0.0,0.0196078431372549,0.9803921568627451,51,1450,1200,250,0.8275862068965517,17,12,5,308.3240666349369,0.8507843137254902,0.2403114074717967,0.1752166491385062,130161.33334120693,-2173.625677122693,127987.70766408424,1630,2,544.8627450980392,41,10,17,37.02524466912957,0.6133130081300813,44.89087301587302,1020.4365079365085,24.888695315524597,0
1637,4,0,0,50,0.0,0.0,1.0,50,1800,1300,500,0.7222222222222222,23,13,10,319.80700840636314,0.8489115646258503,0.24444355962572106,0.18233718538310603,130288.52390276971,-1666.5633881948452,128621.96051457486,1631,3,556.28,40,10,19,36.603706284424966,0.6161458333333333,44.76626016260163,1020.934959349595,25.523373983739877,0
1638,4,0,1,49,0.0,0.02,0.98,50,1450,1000,450,0.6896551724137931,19,10,9,319.07866797502663,0.8487755102040816,0.24593690914518884,0.1822866136714636,130366.35068618224,-1680.5756948575486,128685.7749913247,1632,4,557.28,40,10,19,36.543644475403866,0.6169270833333333,44.69004065040651,1021.2398373983746,25.530995934959364,0
1639,4,2,1,50,0.0392156862745098,0.0196078431372549,0.9803921568627451,51,1850,1600,250,0.8648648648648649,21,16,5,315.62360089435873,0.8541176470588236,0.24554596307433663,0.18207966992836844,130744.0783749842,-1946.8166375346486,128797.26173744955,1633,0,546.4705882352941,41,10,16,36.25058605749024,0.6191565040650406,44.320436507936506,1022.7182539682535,24.944347657762282,0
1640,4,0,0,50,0.0,0.0,1.0,50,1150,600,550,0.5217391304347826,17,6,11,345.69833413116936,0.8508673469387755,0.23788003286770665,0.1886613778644096,128566.7534722223,-1090.1464868354697,127476.60698538684,1634,1,558.4,39,11,13,37.69344015338262,0.6004273504273505,46.458333333333336,1014.1666666666674,26.004273504273524,8
1641,4,3,5,48,0.05660377358490566,0.09433962264150944,0.9056603773584906,53,1150,900,250,0.782608695652174,14,9,5,326.5156972123055,0.86668480890179,0.22870680335373783,0.18072945372347607,129127.5137931164,-2167.567960909802,126959.9458322066,1635,0,527.7358490566038,42,11,14,37.60944004830457,0.6014384920634921,45.906007751937985,1016.3759689922481,24.199427833148764,0
1642,4,2,2,48,0.04,0.04,0.96,50,1400,800,600,0.5714285714285714,20,8,12,343.911833477099,0.8484693877551021,0.22493583820962915,0.18831057728501524,128698.84033203126,-1147.7891710069441,127551.05116102433,1636,0,559.9,39,11,15,37.604049036717655,0.6017628205128205,46.328125,1014.6875000000001,26.017628205128208,0
1643,4,4,3,49,0.07692307692307693,0.057692307692307696,0.9423076923076923,52,1450,1100,350,0.7586206896551724,18,11,7,333.2232242067305,0.8621166415284062,0.23619812285246478,0.18515073873607743,129278.89034511537,-1783.2749922928435,127495.61535282253,1637,0,539.2884615384615,40,12,16,37.28515039472368,0.6059895833333333,45.75711382113821,1016.9715447154474,25.424288617886184,0
1644,4,2,0,51,0.0392156862745098,0.0,1.0,51,1300,900,400,0.6923076923076923,17,9,8,341.210258404463,0.8524836601307191,0.2588428019923037,0.1901084195000792,129386.7852105034,-1370.380316840282,128016.40489366312,1638,0,550.8235294117648,39,12,19,36.97239428688442,0.608707264957265,45.651041666666664,1017.3958333333327,26.087072649572633,0
1645,4,1,1,51,0.019230769230769232,0.019230769230769232,0.9807692307692307,52,1350,700,650,0.5185185185185185,20,7,13,335.1624826175176,0.8555492709904474,0.21588635611777085,0.1866132728188528,129360.29188368063,-1679.562717013883,127680.72916666676,1639,0,541.2115384615385,39,13,20,37.15313331968052,0.608440170940171,45.677083333333336,1017.2916666666673,26.084401709401725,4
1646,4,0,0,51,0.0,0.0,1.0,51,1300,900,400,0.6923076923076923,17,9,8,340.9105413016282,0.8493137254901961,0.21806903624804574,0.18970247011880761,129337.19735051855,-1381.5172081598516,127955.68014235869,1640,1,552.8039215686274,38,13,20,37.03042397507264,0.6099232456140351,45.69978632478632,1017.2008547008537,26.768443544759307,0
1647,4,1,1,51,0.019230769230769232,0.019230769230769232,0.9807692307692307,52,1150,500,650,0.43478260869565216,18,5,13,337.5826506200307,0.8529568878833584,0.22128532360984554,0.18609455664832814,128966.15655006832,-1677.4459394607445,127288.71061060758,1641,0,543.1538461538462,44,8,15,37.49240352476449,0.597064393939394,46.0648148148148,1015.7407407407386,23.085016835016788,7
1648,4,1,2,50,0.019230769230769232,0.038461538461538464,0.9615384615384616,52,1250,900,350,0.72,16,9,7,340.6342381080357,0.8546222976370035,0.2250945775535942,0.18889716840536508,129201.38888888879,-1596.8449931412993,127604.54389574748,1642,0,544.1346153846154,39,13,17,37.17554644808743,0.6068376068376069,45.83333333333333,1016.6666666666658,26.068376068376047,0
1649,4,0,0,50,0.0,0.0,1.0,50,1500,1200,300,0.8,18,12,6,347.01693093254465,0.8486224489795918,0.23213114754098307,0.1924366616989568,129201.38888888896,-1032.9861111111081,128168.40277777785,1643,1,564.22,37,13,17,37.01331967213113,0.6103603603603605,45.833333333333336,1016.6666666666673,27.477477477477496,0
1650,4,0,0,50,0.0,0.0,1.0,50,1500,1200,300,0.8,18,12,6,344.3131579060201,0.8484863945578232,0.22495849951492963,0.19161326730018863,129340.77222077934,-1093.254054132056,128247.51816664729,1644,2,565.22,37,13,17,36.94025996191297,0.6117680180180181,45.696271929824555,1017.2149122807007,27.492294926505423,0
1651,4,3,3,50,0.05660377358490566,0.05660377358490566,0.9433962264150944,53,1600,1200,400,0.75,20,12,8,323.11863069073644,0.8607583454281568,0.2164580452851217,0.18262563236992993,129948.59931882768,-2202.237305584233,127746.36201324344,1645,0,534.1698113207547,43,10,16,36.86311956286184,0.6082848837209303,45.09943181818183,1019.6022727272742,23.7116807610994,0
1652,4,1,1,50,0.0196078431372549,0.0196078431372549,0.9803921568627451,51,950,500,450,0.5263157894736842,14,5,9,336.91431109920865,0.8510784313725491,0.2291966148741651,0.18961352818082028,129781.98346757679,-1454.9184893865008,128327.06497819029,1646,0,556.0980392156863,41,10,16,36.68043926264889,0.6095020325203253,45.26289682539682,1018.9484126984122,24.85240030971737,0
1653,4,1,1,50,0.0196078431372549,0.0196078431372549,0.9803921568627451,51,700,400,300,0.5714285714285714,10,4,6,333.5106560242481,0.8480718954248366,0.232320398226457,0.18794048103878738,129832.53146455318,-1539.893451593628,128292.63801295955,1647,0,557.0784313725491,41,10,16,36.715885492715515,0.6100101626016261,45.21329365079364,1019.1468253968235,24.857239643824965,0
1654,4,0,1,49,0.0,0.02,0.98,50,900,600,300,0.6666666666666666,12,6,6,343.89706531675836,0.8459013605442177,0.23752817955112282,0.193357716197448,129744.38707325312,-1076.2572088373536,128668.12986441577,1648,6,569.22,40,10,16,36.54073150457191,0.6106770833333335,45.29979674796747,1018.8008130081282,25.470020325203205,0
1655,4,1,0,50,0.02,0.0,1.0,50,1600,1100,500,0.6875,21,11,10,342.93510368098015,0.8478061224489796,0.24896730462519923,0.19371199099817515,129925.63950029736,-1088.7874694295808,128836.85203086778,1649,0,569.12,40,10,17,36.38128821105794,0.6125,45.12195121951219,1019.5121951219505,25.487804878048763,0
1656,4,3,2,51,0.05660377358490566,0.03773584905660377,0.9622641509433962,53,1250,800,450,0.64,17,8,9,325.3808676842261,0.8628447024673439,0.2526894532899244,0.18663460493810008,130522.07396597596,-2104.813809571021,128417.26015640494,1650,0,537.8490566037735,40,13,16,36.22534394165424,0.6184895833333334,44.53760162601626,1021.8495934959351,25.546239837398378,0
1657,4,0,0,51,0.0,0.0,1.0,51,1650,1300,350,0.7878787878787878,20,13,7,340.52835651690236,0.8505228758169936,0.26232287368454665,0.19508774069613213,130475.34722222229,-1313.888888888884,129161.4583333334,1651,1,559.9411764705883,39,12,19,35.88567156063076,0.6196581196581197,44.583333333333336,1021.6666666666672,26.19658119658121,0
1658,4,0,0,51,0.0,0.0,1.0,51,1600,1200,400,0.75,20,12,8,343.359682131118,0.8502941176470589,0.26509938196317173,0.19305260416719655,129743.78511657957,-1290.2430367766299,128453.54207980294,1652,2,560.9411764705883,42,9,16,36.555029801534474,0.6076388888888888,45.30038759689923,1018.7984496124034,24.25710594315246,1
1659,4,0,1,50,0.0,0.0196078431372549,0.9803921568627451,51,1550,1100,450,0.7096774193548387,20,11,9,339.64618604607307,0.8496732026143792,0.26596849481290397,0.1913755106925571,129827.93578541107,-1380.8873536501196,128447.04843176095,1653,3,561.9411764705883,43,8,16,36.56422288298335,0.6070736434108527,45.21780303030304,1019.128787878789,23.700669485553234,0
1660,4,1,0,51,0.0196078431372549,0.0,1.0,51,1950,1700,250,0.8717948717948718,22,17,5,350.0999732528043,0.8527450980392157,0.3030468170504106,0.19977070217011836,130320.07250071036,-1069.9046390279723,129250.16786168239,1654,0,561.8823529411765,36,15,18,35.798546009337876,0.6235532407407407,44.73536036036037,1021.0585585585601,28.36273773773778,0
1661,4,1,2,50,0.019230769230769232,0.038461538461538464,0.9615384615384616,52,1100,800,300,0.7272727272727273,14,8,6,347.75760124037083,0.8570732780291603,0.3174073099222803,0.1963906453381608,129916.60399202256,-1364.102686887823,128552.50130513473,1655,0,552.0576923076923,42,10,17,36.267544276526316,0.609375,45.130813953488364,1019.4767441860453,24.273255813953458,2
1662,4,0,0,50,0.0,0.0,1.0,50,1350,1100,250,0.8148148148148148,16,11,5,357.54514822403286,0.8489115646258503,0.32751246758428065,0.2011642904654408,129770.27253123141,-720.2537345495407,129050.01879668188,1656,2,574.88,40,10,17,36.16679965423232,0.6109375000000001,45.27439024390244,1018.9024390243903,25.47256097560976,0
1663,4,0,0,50,0.0,0.0,1.0,50,950,600,350,0.631578947368421,13,6,7,359.8655678030717,0.8489795918367347,0.32567896311066846,0.203006279249989,129873.8401827614,-652.575351973048,129221.26483078835,1657,3,575.88,40,10,17,36.00240943835161,0.6119791666666667,45.17276422764227,1019.3089430894294,25.482723577235735,0
1664,4,0,0,50,0.0,0.0,1.0,50,1450,1000,450,0.6896551724137931,19,10,9,366.52563931630044,0.8494727891156463,0.33211003687830165,0.20717474587382761,129951.543032008,-473.88552201071343,129477.6575099973,1658,4,576.88,40,10,17,35.75367952423669,0.6127604166666667,45.09654471544715,1019.6138211382109,25.490345528455272,0
1665,4,0,0,50,0.0,0.0,1.0,50,1250,800,450,0.64,17,8,9,365.9193633324905,0.8501700680272108,0.3307480824783342,0.20765768730892414,130107.01844346938,-478.264529215426,129628.75391425396,1659,5,577.88,40,10,17,35.61111664508417,0.6143229166666667,44.944105691056905,1020.2235772357715,25.505589430894286,0
1666,4,1,1,50,0.0196078431372549,0.0196078431372549,0.9803921568627451,51,1500,1000,500,0.6666666666666666,20,10,10,360.73010546858296,0.8549346405228759,0.3268133903903365,0.2056728192959617,130289.17236328125,-799.9687211465769,129489.20364213467,1660,0,567.5294117647059,39,12,17,35.55855269870422,0.6177884615384617,44.765625,1020.9375,26.177884615384617,0
1667,4,0,0,50,0.0,0.0,1.0,50,1600,1200,400,0.75,20,12,8,366.7936922314408,0.8513265306122448,0.3312018321218766,0.2087087281065356,130210.72035701273,-447.905822427154,129762.81453458557,1661,7,579.88,40,10,18,35.483462776726746,0.6153645833333334,44.842479674796735,1020.6300813008106,25.515752032520265,0
1668,4,2,2,50,0.038461538461538464,0.038461538461538464,0.9615384615384616,52,1150,800,350,0.6956521739130435,15,8,7,354.32789666526696,0.8555649824032177,0.32160445678190963,0.2037841230735231,130625.94112507427,-1143.0963505519312,129482.84477452234,1662,0,558.5384615384615,40,12,15,35.38062928720548,0.6195312500000001,44.43597560975609,1022.2560975609749,25.556402439024374,0
1669,4,1,2,49,0.0196078431372549,0.0392156862745098,0.9607843137254902,51,1200,700,500,0.5833333333333334,17,7,10,357.63768717761366,0.8535947712418301,0.3247672655121363,0.2055945298344419,130608.41064453125,-857.9020182291654,129750.50862630208,1663,0,570.4705882352941,39,12,15,35.31380566595333,0.6209935897435898,44.453125,1022.1875,26.209935897435898,0
1670,4,1,1,49,0.02,0.02,0.98,50,1800,1200,600,0.6666666666666666,24,12,12,361.2358223062387,0.8512585034013606,0.3171739130434792,0.20771059782608695,130617.28395061709,-563.2716049382883,130054.0123456788,1664,0,582.14,38,12,16,35.21286231884059,0.6228070175438598,44.444444444444436,1022.2222222222206,26.900584795321596,0
1671,4,0,0,49,0.0,0.0,1.0,49,800,500,300,0.625,11,5,6,370.1186085005589,0.8457695578231292,0.3261233685621012,0.21256164817213233,130570.58572108718,-134.6793003616615,130435.90642072551,1665,11,595.0204081632653,37,12,17,35.03323588313127,0.6241554054054055,44.49013157894736,1022.03947368421,27.62268847795162,0
1672,4,0,0,49,0.0,0.0,1.0,49,1700,1300,400,0.7647058823529411,21,13,8,366.3530358162679,0.8449192176870749,0.32294095829265457,0.21154788690620926,130781.15297866902,-217.58551574256603,130563.56746292645,1666,12,596.0204081632653,38,11,18,34.915961632198304,0.6244517543859649,44.284188034188034,1022.863247863248,26.917453891138106,0
1673,4,0,1,48,0.0,0.02040816326530612,0.9795918367346939,49,1150,900,250,0.782608695652174,14,9,5,363.18835779132814,0.8450609410430839,0.3231221507392106,0.21061407189109688,130945.12473518867,-288.4510373292551,130656.67369785941,1667,13,597.0204081632653,38,11,18,34.83081071677106,0.6260964912280702,44.12393162393162,1023.5042735042722,26.93432298695453,0
1674,4,0,1,47,0.0,0.020833333333333332,0.9791666666666666,48,1800,1300,500,0.7222222222222222,23,13,10,363.7434776407487,0.8447658096926713,0.3262251834080876,0.21198837204509766,131136.55495516464,-59.98669095625564,131076.56826420838,1668,14,602.2708333333334,38,10,18,34.622839956886054,0.6280153508771931,43.936965811965806,1024.252136752136,26.95400359874042,0
1675,4,0,1,46,0.0,0.02127659574468085,0.9787234042553191,47,1200,700,500,0.5833333333333334,17,7,10,366.52294343145303,0.8418902251002158,0.3319388497506788,0.21437122398746916,131273.37643363266,222.94086492802273,131496.31729856067,1669,15,613.3191489361702,38,9,18,34.4132262996942,0.6293859649122808,43.80341880341879,1024.7863247863233,26.968061178587458,0
1676,4,0,0,46,0.0,0.0,1.0,46,1500,1300,200,0.8666666666666667,17,13,4,312.39973038914826,0.8402173913043478,0.18977721151634186,0.18145771573667563,131008.00781250015,-1014.6267361110968,129993.38107638905,1670,16,624.6739130434783,39,7,19,36.067019400352734,0.625,44.06250000000001,1023.7500000000011,26.25000000000003,7
1677,4,0,0,46,0.0,0.0,1.0,46,1300,1000,300,0.7692307692307693,16,10,6,312.82400572937644,0.8405998389694043,0.18992052646243218,0.18208246301512737,131088.00048828125,-998.5053168402783,130089.49517144097,1671,17,625.6739130434783,39,7,19,35.975591665819,0.625801282051282,43.984375,1024.0625,26.25801282051282,0
1678,4,1,1,46,0.02127659574468085,0.02127659574468085,0.9787234042553191,47,1150,600,550,0.5217391304347826,17,6,11,306.691022904984,0.845513413506013,0.18604991518188796,0.17976178159885883,131355.50356353636,-1342.4497964549598,130013.0537670814,1672,0,613.3404255319149,38,9,19,35.863513982977224,0.6302083333333334,43.723290598290596,1025.1068376068372,26.976495726495717,0
1679,4,1,0,47,0.02127659574468085,0.0,1.0,47,1100,800,300,0.7272727272727273,14,8,6,321.9492649995595,0.8462843046561825,0.2344119532772586,0.18065932440232824,129666.7461910898,-1050.777273778853,128615.96891731095,1673,0,614.3191489361702,40,7,17,37.17841581853255,0.6098958333333334,45.376016260162594,1018.4959349593483,25.46239837398371,4
1680,4,1,0,48,0.020833333333333332,0.0,1.0,48,1300,700,600,0.5384615384615384,19,7,12,312.11729668273597,0.8481826241134751,0.233378059592793,0.17693369855568958,130064.8260039208,-1480.903622829181,128583.92238109162,1674,0,602.5,42,6,19,37.026020392007844,0.6108630952380953,44.98546511627906,1020.0581395348818,24.287098560354327,0
1681,4,1,0,49,0.02040816326530612,0.0,1.0,49,1350,1100,250,0.8148148148148148,16,11,5,306.6758460662707,0.8527848639455783,0.23185038346548836,0.17508402848147062,130340.40584308258,-1805.098458221461,128535.30738486112,1675,0,591.1836734693877,40,9,20,36.88648653131635,0.6166666666666668,44.71544715447153,1021.1382113821119,25.5284552845528,0
1682,4,0,0,49,0.0,0.0,1.0,49,950,500,450,0.5263157894736842,14,5,9,304.24172111743627,0.8512259070294785,0.23229691836937771,0.17404288781737864,130418.24811826584,-1864.2655454756195,128553.98257279022,1676,1,592.1836734693877,40,9,20,36.87008755347726,0.6174479166666669,44.6392276422764,1021.4430894308911,25.536077235772275,0
1683,4,0,0,49,0.0,0.0,1.0,49,700,400,300,0.5714285714285714,10,4,6,302.3572202510225,0.8511550453514739,0.2323725073437315,0.17319641795917512,130470.15587819718,-1910.281268590159,128559.87460960702,1677,2,593.1836734693877,40,9,20,36.865860937033716,0.6179687500000002,44.588414634146325,1021.646341463412,25.5411585365853,0
1684,4,0,0,49,0.0,0.0,1.0,49,1400,700,700,0.5,21,7,14,301.4951143775727,0.8511904761904762,0.22989923748381824,0.1732821634519783,130599.97046235678,-1924.9493935488456,128675.02106880794,1678,3,594.1836734693877,40,9,15,36.75701763107311,0.6192708333333334,44.461382113821124,1022.1544715447131,25.55386178861783,0
1685,4,0,1,48,0.0,0.02040816326530612,0.9795918367346939,49,1150,800,350,0.6956521739130435,15,8,7,305.3326100683564,0.8505172902494331,0.22977742848036486,0.17614291422466036,130744.07837498393,-1815.9138597568988,128928.16451522704,1679,4,595.1836734693877,41,8,15,36.51370566171954,0.6191565040650409,44.32043650793649,1022.7182539682515,24.944347657762233,0
1686,4,0,0,48,0.0,0.0,1.0,48,1650,1200,450,0.7272727272727273,21,12,9,311.12509831666085,0.8439901004728132,0.2278661365142478,0.17905712180009162,130651.91436975314,-1470.1820592901427,129181.73231046299,1680,6,608.5,40,8,16,36.458540424121935,0.6197916666666669,44.41056910569104,1022.3577235772332,25.55894308943083,0
1687,4,0,1,47,0.0,0.020833333333333332,0.9791666666666666,48,1850,1600,250,0.8648648648648649,21,16,5,310.2477494626835,0.8429742907801419,0.23028165600155148,0.17956763681021953,130870.93431122432,-1479.5174319728078,129391.41687925151,1681,7,609.5,41,7,16,36.260180337405465,0.6204268292682927,44.19642857142856,1023.2142857142843,24.956445993031323,0
1688,4,3,2,48,0.06,0.04,0.96,50,1450,1100,350,0.7586206896551724,18,11,7,310.15051858929974,0.8445068027210884,0.25701056051990245,0.18267717147532467,131541.75347222242,-1837.2626133786596,129704.49085884377,1682,0,585.92,39,11,18,35.58759815867859,0.6303418803418803,43.54166666666668,1025.833333333335,26.303418803418847,0
1689,4,0,0,48,0.0,0.0,1.0,48,1100,800,300,0.7272727272727273,14,8,6,326.1178436719681,0.8368424940898345,0.2693992687846696,0.19076450855501864,131278.46884201677,-1037.5497641367638,130240.91907788,1683,1,611.1458333333334,42,6,18,35.44325989662128,0.623015873015873,43.798449612403104,1024.806201550388,24.40014765596162,0
1690,4,0,1,47,0.0,0.020833333333333332,0.9791666666666666,48,1500,1200,300,0.8,18,12,6,317.57620000000003,0.8368424940898345,0.2621041666666666,0.1756505530973452,129098.08976138545,-1400.285066344521,127697.80469504092,1684,2,612.1458333333334,40,8,14,37.86645833333334,0.6041666666666666,45.9349593495935,1016.2601626016262,25.406504065040657,5
1691,4,1,1,47,0.020833333333333332,0.020833333333333332,0.9791666666666666,48,1900,1500,400,0.7894736842105263,23,15,8,311.2734515864193,0.8423463356973995,0.25435678073510704,0.1736123867820505,129428.42306193335,-1542.473604024923,127885.94945790843,1685,0,602.9166666666666,41,7,11,37.691637418348435,0.6059451219512194,45.61011904761906,1017.5595238095258,24.818524970964045,0
1692,4,4,3,48,0.0784313725490196,0.058823529411764705,0.9411764705882353,51,1100,800,300,0.7272727272727273,14,8,6,305.44937738715606,0.8541830065359478,0.2773276975460839,0.1737184229907763,130191.70524691399,-2246.6049382715682,127945.10030864242,1686,0,568.3725490196078,44,7,13,37.0679096352749,0.6093749999999998,44.86111111111113,1020.5555555555588,23.194444444444517,0
1693,4,0,0,48,0.0,0.0,1.0,48,1450,1000,450,0.6896551724137931,19,10,9,323.2731246581212,0.8436945921985816,0.2950135415653077,0.1826430952232827,129933.65698420577,-1199.1881416918568,128734.4688425139,1687,1,586.125,41,7,14,36.87431075865201,0.6110264227642276,45.114087301587304,1019.5436507936511,24.86691831204027,0
1694,4,1,0,49,0.02040816326530612,0.0,1.0,49,1650,1000,650,0.6060606060606061,23,10,13,318.93749652583995,0.8499149659863946,0.28989163309869626,0.18148939226940455,130213.13252095757,-1494.0298997956527,128719.10262116192,1688,0,575.1428571428571,42,7,15,36.702110826291985,0.6123511904761902,44.84011627906978,1020.6395348837233,24.300941306755316,0
1695,4,3,4,48,0.057692307692307696,0.07692307692307693,0.9230769230769231,52,1150,900,250,0.782608695652174,14,9,5,300.74755597899116,0.8616138763197586,0.27487230492345605,0.17378171584401814,130807.20364048144,-2531.982471756492,128275.22116872495,1689,0,542.9038461538462,42,10,12,36.56736446591519,0.6183035714285714,44.25872093023256,1022.9651162790706,24.356312292358822,0
1696,4,0,0,48,0.0,0.0,1.0,48,1150,800,350,0.6956521739130435,15,8,7,324.79827788748105,0.8431959219858156,0.2929631707814726,0.18531273107410318,130315.76063368075,-1134.733072916646,129181.02756076411,1690,4,589.125,39,9,16,36.44876895871589,0.6180555555555556,44.73958333333334,1021.0416666666682,26.180555555555596,0
1697,4,1,0,49,0.02040816326530612,0.0,1.0,49,1400,1200,200,0.8571428571428571,16,12,4,318.8556875557504,0.8491000566893424,0.30210022873778297,0.18346219208609757,130642.63791454078,-1468.7703727324347,129173.86754180834,1691,0,578.0816326530612,41,8,14,36.27031780688986,0.618140243902439,44.419642857142854,1022.3214285714283,24.93466898954703,0
1698,4,1,0,50,0.02,0.0,1.0,50,1800,1600,200,0.8888888888888888,20,16,4,348.41023299346915,0.8573299319727891,0.3338024860526576,0.18944690529506528,128420.90778730482,-1037.860311948844,127383.04747535598,1692,0,567.5,41,9,14,37.77354327754398,0.5957825203252032,46.602182539682545,1013.5912698412704,24.721738288811473,8
1699,4,1,0,51,0.0196078431372549,0.0,1.0,51,1500,1300,200,0.8666666666666667,17,13,4,346.284054473667,0.8616013071895425,0.3390206187496958,0.18989419824906753,128758.45520852119,-1282.6000165254404,127475.85519199575,1693,0,557.3529411764706,42,9,15,37.483093055820774,0.597718253968254,46.26937984496124,1014.9224806201555,24.16482096714656,0
1700,4,3,2,52,0.05555555555555555,0.037037037037037035,0.962962962962963,54,1100,700,400,0.6363636363636364,15,7,8,328.2699197668536,0.8723503377591428,0.33786859130660973,0.182623520747127,129327.4943802753,-2306.092574262915,127021.40180601238,1694,0,527.3333333333334,41,13,16,37.361727461881074,0.6049288617886178,45.7093253968254,1017.1626984126987,24.808846302748748,0
1701,4,0,1,51,0.0,0.019230769230769232,0.9807692307692307,52,1550,1100,450,0.7096774193548387,20,11,9,337.0517639730857,0.8641119909502262,0.3451370468611845,0.18703288400170412,129227.22012566935,-1688.7475006609723,127538.47262500838,1695,1,548.6153846153846,40,12,17,37.2403381642512,0.60546875,45.8079268292683,1016.7682926829277,25.419207317073194,0
1702,4,1,0,52,0.019230769230769232,0.0,1.0,52,750,400,350,0.5333333333333333,11,4,7,335.75341280994223,0.8663901458019104,0.3475993880351884,0.18726605520345718,129428.42306193316,-1708.7930484693807,127719.63001346379,1696,0,548.7115384615385,41,11,14,37.06889197621137,0.6059451219512194,45.61011904761905,1017.5595238095242,24.818524970964006,0
1703,4,1,0,53,0.018867924528301886,0.0,1.0,53,1350,900,450,0.6666666666666666,18,9,9,379.8003528141028,0.8693154329946783,0.38572272186026835,0.2085157429956857,128804.55864800305,-796.7975504004089,128007.76109760263,1697,0,539.3396226415094,39,14,13,36.585535317256735,0.6028311965811968,46.223958333333314,1015.1041666666632,26.028311965811877,3
1704,4,2,3,52,0.03636363636363636,0.05454545454545454,0.9454545454545454,55,1350,800,550,0.5925925925925926,19,8,11,343.3171593831778,0.8781144781144782,0.3047863796980408,0.19249388592318542,129634.99070965347,-2074.334767239142,127560.65594241433,1698,0,520.6909090909091,43,12,12,36.666589176120524,0.6051356589147285,45.407196969696976,1018.371212121213,23.68305144467937,2
1705,4,1,1,52,0.018867924528301886,0.018867924528301886,0.9811320754716981,53,1000,500,500,0.5,15,5,10,350.26770093435476,0.8655962747943879,0.3082725275041185,0.19533516343662594,129423.14093391346,-1533.4507954750118,127889.69013843844,1699,0,541.2264150943396,42,11,18,36.70503602831475,0.6044146825396824,45.61531007751939,1017.5387596899243,24.22711332595058,0
1706,4,1,1,52,0.018867924528301886,0.018867924528301886,0.9811320754716981,53,1350,1100,250,0.8148148148148148,16,11,5,347.020393329845,0.8684385582970489,0.3034345799426852,0.1943758151977619,129595.74619914679,-1605.526636019459,127990.21956312732,1700,0,542.2075471698113,42,11,12,36.61218436746606,0.6061507936507936,45.44573643410853,1018.2170542635668,24.243263196751588,0
1707,4,0,1,51,0.0,0.019230769230769232,0.9807692307692307,52,1550,1100,450,0.7096774193548387,20,11,9,351.8647895473398,0.8620537958773252,0.3148255522627381,0.19632082183155308,129442.18911415283,-1290.7702737603347,128151.41884039249,1701,4,553.6346153846154,43,9,15,36.64503070910105,0.6031976744186047,45.59659090909091,1017.6136363636359,23.665433403805487,2
1708,4,1,0,52,0.019230769230769232,0.0,1.0,52,1150,1000,150,0.8695652173913043,13,10,3,351.871788686093,0.8625565610859728,0.32170486060429115,0.19117158003873333,128388.03624260383,-1309.9918526136491,127078.04438999019,1702,0,554.3269230769231,38,14,15,37.71940227703986,0.6003289473684209,46.6346153846154,1013.4615384615408,26.67004048583002,7
1709,4,1,2,51,0.018867924528301886,0.03773584905660377,0.9622641509433962,53,1450,1100,350,0.7586206896551724,18,11,7,345.12428559338514,0.8665638606676342,0.3146268552619593,0.18872349339663036,128645.99745008725,-1720.2284071180059,126925.76904296924,1703,0,544.8490566037735,39,14,15,37.62717339220316,0.6012286324786322,46.38020833333336,1014.4791666666703,26.012286324786416,0
1710,4,3,2,52,0.05555555555555555,0.037037037037037035,0.962962962962963,54,1550,1000,550,0.6451612903225806,21,10,11,337.26724077746627,0.8708508036338225,0.3178526642999695,0.18621627275153999,129029.04652852935,-2096.5458994350884,126932.50062909425,1704,0,534.5,42,12,16,37.4364171037991,0.6004464285714284,46.00290697674421,1015.9883720930267,24.190199335548254,0
1711,4,2,2,52,0.037037037037037035,0.037037037037037035,0.962962962962963,54,800,600,200,0.75,10,6,4,335.01328895149294,0.8706761006289309,0.32104062491171503,0.18531747755924416,129102.89345592257,-2149.763010035408,126953.13044588716,1705,0,535.4629629629629,42,12,16,37.41855771675565,0.601190476190476,45.93023255813956,1016.2790697674455,24.197120708748702,0
1712,4,1,1,52,0.018867924528301886,0.018867924528301886,0.9811320754716981,53,1450,900,550,0.6206896551724138,20,9,11,336.5944809773206,0.8691944847605224,0.3184747302975499,0.18584482006567737,129029.04652852922,-1913.9070105462122,127115.139517983,1706,0,546.5471698113207,42,11,16,37.45350500715308,0.6004464285714284,46.0029069767442,1015.9883720930255,24.190199335548225,0
1713,4,0,0,52,0.0,0.0,1.0,52,1250,1000,250,0.8,15,10,5,341.8076421137678,0.8633578431372548,0.3232244286909427,0.18837159330370784,128955.22072742059,-1584.424012979948,127370.79671444064,1707,3,558.0576923076923,42,10,16,37.396250715512316,0.5997023809523808,46.075581395348856,1015.6976744186076,24.1832779623478,0
1714,4,2,1,53,0.037037037037037035,0.018518518518518517,0.9814814814814815,54,1500,1000,500,0.6666666666666666,20,10,10,337.8120935040268,0.8688417190775681,0.3366949634653602,0.19006195563812425,129770.27253123141,-2031.4675663505138,127738.8049648809,1708,0,538.3518518518518,40,14,17,36.66945109382272,0.6109375,45.27439024390244,1018.9024390243903,25.47256097560976,0
1715,4,0,0,53,0.0,0.0,1.0,53,1300,800,500,0.6153846153846154,18,8,10,345.77918933591536,0.8676826318335752,0.34610806858888865,0.19448339568111506,129757.97661675356,-1626.4784071180495,128131.49820963551,1709,1,549.2452830188679,39,14,17,36.47899413829533,0.6124465811965811,45.286458333333336,1018.8541666666673,26.124465811965827,0
1716,4,1,0,54,0.018518518518518517,0.0,1.0,54,1200,800,400,0.6666666666666666,16,8,8,340.1026227260103,0.8686378989051945,0.34476967452925833,0.19293973431423422,130093.46954093485,-1950.9739619203463,128142.4955790145,1710,0,540.0555555555555,43,11,18,36.283320183173984,0.6097383720930234,44.95738636363636,1020.170454545454,23.724894291754744,0
1717,4,2,1,55,0.03571428571428571,0.017857142857142856,0.9821428571428571,56,1300,1000,300,0.7692307692307693,16,10,6,329.8747108106289,0.8727678571428571,0.35304333107650687,0.18975889853065064,130633.79322907265,-2581.113491077276,128052.67973799536,1711,0,521.7321428571429,42,14,14,35.997630331753555,0.6165674603174605,44.428294573643406,1022.2868217054253,24.340162421557743,0
1718,4,1,1,55,0.017857142857142856,0.017857142857142856,0.9821428571428571,56,1700,1100,600,0.6470588235294118,23,11,12,329.4889679861499,0.8735930735930736,0.3559584720755835,0.19002330973365184,130732.87080854525,-2584.9922630851465,128147.8785454601,1712,0,522.7142857142857,42,14,16,35.90739687954014,0.6175595238095237,44.33139534883721,1022.6744186046519,24.349390919158377,0
1719,4,0,1,54,0.0,0.01818181818181818,0.9818181818181818,55,1100,800,300,0.7272727272727273,14,8,6,340.1181009769713,0.869584736251403,0.3632340876008999,0.1956960932756942,130642.63791454061,-2113.214817176894,128529.42309736372,1713,2,533.2181818181818,41,14,17,35.7268922852984,0.618140243902439,44.41964285714285,1022.3214285714268,24.934668989546996,0
1720,4,1,1,54,0.01818181818181818,0.01818181818181818,0.9818181818181818,55,1450,1100,350,0.7586206896551724,18,11,7,337.12487380474755,0.8733726150392818,0.36396713008424264,0.19442709935165595,130732.87080854506,-2185.3394853073833,128547.53132323768,1714,0,534.1454545454545,42,13,17,35.712170740951294,0.617559523809524,44.331395348837205,1022.6744186046503,24.349390919158342,0
1721,4,0,0,54,0.0,0.0,1.0,54,1050,800,250,0.7619047619047619,13,8,5,343.83593018386415,0.8681865828092243,0.3634932953908503,0.1982248751865365,130718.71456916102,-1810.8418367346942,128907.87273242633,1715,4,545.0370370370371,41,13,18,35.554908808692275,0.6189024390243902,44.345238095238095,1022.6190476190478,24.941927990708482,0
1722,4,1,2,53,0.01818181818181818,0.03636363636363636,0.9636363636363636,55,1450,1000,450,0.6896551724137931,19,10,9,338.4623502557809,0.870679012345679,0.3623080430499759,0.19683718520378835,131055.13232565639,-2128.5543799951993,128926.57794566119,1716,0,536.1090909090909,42,13,19,35.352394246238305,0.6207837301587302,44.01647286821705,1023.9341085271309,24.37938353636026,0
1723,4,1,2,52,0.018518518518518517,0.037037037037037035,0.962962962962963,54,1250,800,450,0.64,17,8,9,344.02379664683605,0.8682593757279292,0.3665590008613264,0.19990571967316156,131023.24263038556,-1784.9773242630304,129238.26530612253,1717,0,546.5555555555555,41,13,19,35.24224806201549,0.621951219512195,44.04761904761905,1023.8095238095243,24.97096399535425,0
1724,4,0,0,52,0.0,0.0,1.0,52,1750,1500,250,0.8571428571428571,20,15,5,357.7584485826941,0.8638291855203619,0.3773749667152224,0.20694366796108551,130848.09570312545,-1037.5976562499584,129810.4980468755,1718,7,567.3653846153846,39,13,20,35.06795968234575,0.6233974358974357,44.21875000000002,1023.1250000000036,26.233974358974454,0
1725,4,3,1,54,0.05454545454545454,0.01818181818181818,0.9818181818181818,55,1350,800,550,0.5925925925925926,19,8,11,343.2591961310589,0.8731762065095399,0.3877563150074299,0.2022884754782863,131562.60456945296,-1966.2274104162213,129596.37715903674,1719,0,537.3636363636364,40,15,14,34.717475648010584,0.6289062499999998,43.52134146341465,1025.9146341463436,25.64786585365859,0
1726,4,0,0,54,0.0,0.0,1.0,54,1350,900,450,0.6666666666666666,18,9,9,347.0639949229817,0.8713457954810157,0.38446250233981827,0.20397337057471263,131458.3656078561,-1675.1068932182902,129783.2587146378,1720,1,548.3148148148148,40,14,22,34.725043768374476,0.6278645833333332,43.62296747967481,1025.5081300813033,25.637703252032583,0
1727,4,0,0,54,0.0,0.0,1.0,54,1400,1000,400,0.7142857142857143,18,10,8,350.51704203822936,0.8706761006289309,0.3884156072863352,0.20656564736578692,131562.6045694529,-1577.0130006940135,129985.59156875889,1721,2,549.3148148148148,40,14,16,34.531327389796935,0.62890625,43.52134146341464,1025.914634146343,25.647865853658573,0
1728,4,1,2,53,0.01818181818181818,0.03636363636363636,0.9636363636363636,55,1450,1000,450,0.6896551724137931,19,10,9,341.0943396226408,0.8742704826038159,0.3798559176672376,0.2026681614349777,131874.96244216128,-2003.6393546060642,129871.32308755523,1722,0,540.3090909090909,42,13,16,34.45833333333333,0.6289682539682538,43.217054263565906,1027.1317829457391,24.455518641565217,0
1729,4,1,0,54,0.018518518518518517,0.0,1.0,54,1150,800,350,0.6956521739130435,15,8,7,345.5433832503772,0.8747088283251806,0.3815501480623156,0.2056578894793624,131938.95266439905,-1681.8735827664402,130257.07908163262,1723,0,538.6481481481482,41,13,18,34.27964465044422,0.6310975609756098,43.154761904761905,1027.380952380952,25.058072009291514,0
1730,4,1,2,53,0.01818181818181818,0.03636363636363636,0.9636363636363636,55,1350,1000,350,0.7407407407407407,17,10,7,344.05147526948207,0.8760662177328844,0.37781927834698315,0.20604256521217512,132173.71627306056,-1905.0875848807118,130268.62868817986,1724,0,529.8363636363637,42,13,19,34.081699962306836,0.6319444444444444,42.92635658914729,1028.2945736434112,24.483204134366936,0
1731,4,0,0,53,0.0,0.0,1.0,53,1450,900,550,0.6206896551724138,20,9,11,357.513410411997,0.8748185776487662,0.38350292392206575,0.21360000864248962,132084.41904826817,-1155.6097767532615,130928.80927151491,1725,2,547.5283018867924,40,13,19,33.82558905915305,0.6341145833333334,43.013211382113816,1027.9471544715443,25.698678861788608,0
1732,4,0,0,53,0.0,0.0,1.0,53,1050,700,350,0.6666666666666666,14,7,7,354.7444366790124,0.8745766811804547,0.376422367012647,0.2123848645158724,132162.78029777235,-1223.1977906669445,130939.5825071054,1726,3,548.5283018867924,40,13,20,33.817824668906894,0.6348958333333334,42.93699186991869,1028.252032520324,25.706300813008102,0
1733,4,0,1,52,0.0,0.018867924528301886,0.9811320754716981,53,1100,600,500,0.5454545454545454,16,6,10,356.2315819035144,0.8750604741170779,0.3812376048470738,0.21402789712279505,132295.92328829665,-1174.402793524826,131121.52049477183,1727,4,549.5283018867924,41,12,21,33.645531983285125,0.6346544715447155,42.80753968253968,1028.76984126984,25.09194734804488,0
1734,4,2,1,53,0.037037037037037035,0.018518518518518517,0.9814814814814815,54,1650,1200,450,0.7272727272727273,21,12,9,346.1774483733497,0.8792947822035873,0.3805952274020179,0.2109465535161741,132827.17013888885,-1603.488362937769,131223.6817759511,1728,0,538.3518518518518,39,15,15,33.37038534087847,0.6431623931623932,42.291666666666664,1030.833333333333,26.431623931623925,0
1735,4,0,2,51,0.0,0.03773584905660377,0.9622641509433962,53,1300,900,400,0.6923076923076923,17,9,8,358.7663028052742,0.8759071117561683,0.36936277150835584,0.2099951656816594,131302.70460325343,-1138.1514353426528,130164.55316791078,1729,1,549.5094339622641,41,12,17,34.582304875294426,0.6247459349593496,43.77480158730159,1024.9007936507942,24.9975803329462,7
1736,4,0,0,51,0.0,0.0,1.0,51,1200,500,700,0.4166666666666667,19,5,14,362.2560607780158,0.8737254901960785,0.37082553781598016,0.2123264975650061,131354.81906467004,-683.1816758098007,130671.63738886024,1730,2,539.6274509803922,39,12,17,34.44020340073841,0.6284722222222223,43.72395833333333,1025.1041666666658,26.2847222222222,0
1737,4,0,0,51,0.0,0.0,1.0,51,1450,900,550,0.6206896551724138,20,9,11,359.67678474160357,0.8733333333333334,0.37043765088319036,0.21125645996398223,131434.91753472213,-745.182291666676,130689.73524305546,1731,3,540.6274509803922,39,12,17,34.42536909115536,0.6292735042735043,43.64583333333333,1025.4166666666658,26.29273504273502,0
1738,4,0,1,50,0.0,0.0196078431372549,0.9803921568627451,51,1400,1000,400,0.7142857142857143,18,10,8,362.2833107094617,0.8729411764705883,0.3719915260986606,0.21338313659490277,131541.75347222202,-668.9236111111308,130872.82986111089,1732,4,541.6274509803922,39,12,17,34.25060926076362,0.6303418803418804,43.54166666666666,1025.8333333333317,26.30341880341876,0
1739,4,0,0,50,0.0,0.0,1.0,50,1250,900,350,0.72,16,9,7,367.3878064456679,0.8705272108843537,0.37090539991879856,0.2169966827999233,131648.6328125,-326.77951388888965,131321.85329861112,1733,5,550.8,39,11,15,34.01170659087833,0.6314102564102565,43.4375,1026.25,26.314102564102566,0
1740,4,0,0,50,0.0,0.0,1.0,50,950,500,450,0.5263157894736842,14,5,9,369.22712767353244,0.8703061224489795,0.37277450781408583,0.2183892026467579,131702.08875868047,-274.4032118055612,131427.6855468749,1734,6,551.8,39,11,15,33.91051011433598,0.6319444444444444,43.385416666666664,1026.4583333333328,26.319444444444432,0
1741,4,0,0,50,0.0,0.0,1.0,50,1350,1100,250,0.8148148148148148,16,11,5,369.67495429116326,0.8698639455782312,0.37527805264199476,0.2195026491225907,131849.47472569224,-251.71029149317337,131597.76443419908,1735,7,552.8,40,10,16,33.75016491853023,0.6317708333333334,43.24186991869918,1027.0325203252023,25.675813008130056,0
1742,4,0,0,50,0.0,0.0,1.0,50,1150,700,450,0.6086956521739131,16,7,9,370.3039072673394,0.868843537414966,0.3768664688427299,0.22048130167684324,131953.86860499688,-227.3933753057181,131726.47522969116,1736,8,553.8,40,10,16,33.62862677217277,0.6328125,43.14024390243902,1027.4390243902428,25.68597560975607,0
1743,4,0,1,49,0.0,0.02,0.98,50,1200,800,400,0.6666666666666666,16,8,8,369.6202847504794,0.8683333333333333,0.37744882824087833,0.22052919998121526,132032.19112507434,-239.64478402406235,131792.54634105027,1737,9,554.8,40,10,16,33.56714954349187,0.6335937500000001,43.0640243902439,1027.7439024390242,25.693597560975604,0
1744,4,0,0,49,0.0,0.0,1.0,49,1550,1100,450,0.7096774193548387,20,11,9,374.26345792590934,0.8663194444444444,0.38287749723850606,0.22324566359715964,132023.05230034713,82.28081597221762,132105.33311631935,1738,10,566.5918367346939,39,10,17,33.457074802351514,0.6351495726495726,43.072916666666664,1027.7083333333328,26.351495726495713,0
1745,4,0,0,49,0.0,0.0,1.0,49,1600,1200,400,0.75,20,12,8,375.6609726049349,0.8666383219954649,0.38127211986901766,0.22503186417208232,132183.68055555547,131.2499999999945,132314.93055555547,1739,11,567.5918367346939,39,10,17,33.2590491626148,0.6367521367521367,42.916666666666664,1028.3333333333328,26.367521367521356,0
1746,4,0,1,48,0.0,0.02040816326530612,0.9795918367346939,49,1050,400,650,0.38095238095238093,17,4,13,374.34458652212504,0.8657171201814059,0.3797621114059231,0.22487999613701384,132290.8203125,104.47048611111143,132395.29079861112,1740,12,568.5918367346939,39,10,18,33.1848251653841,0.6378205128205128,42.8125,1028.75,26.378205128205128,0
1747,4,0,0,48,0.0,0.0,1.0,48,1550,1200,350,0.7741935483870968,19,12,7,381.27090751631437,0.8610741725768322,0.3727147417295418,0.22420811387392803,131480.69905045338,431.33503401358774,131912.03408446696,1741,13,581.0,34,14,20,33.82544979686594,0.6393995098039216,43.60119047619047,1025.595238095237,30.1645658263305,2
1748,4,0,0,48,0.0,0.0,1.0,48,1650,1300,350,0.7878787878787878,20,13,7,380.95312982951225,0.8606493794326241,0.3675204997292496,0.22455910211154145,131572.28599773234,424.57482993196703,131996.8608276643,1742,14,582.0,34,14,19,33.740910497408535,0.6403186274509804,43.51190476190476,1025.9523809523803,30.175070028011184,0
1749,4,0,0,48,0.0,0.0,1.0,48,1100,700,400,0.6363636363636364,15,7,8,381.20780998363574,0.8600214243498818,0.36757385067470905,0.22524965934673924,131663.9048327665,438.2617630385556,132102.16659580506,1743,15,583.0,34,14,19,33.64168889919962,0.6412377450980392,43.42261904761905,1026.3095238095243,30.18557422969189,0
1750,4,0,0,48,0.0,0.0,1.0,48,1250,1000,250,0.8,15,10,5,386.6456189913983,0.8600583628841607,0.37337662337662336,0.22901317432567428,131755.55555555547,588.5416666666595,132344.09722222213,1744,16,584.0,34,14,19,33.409429112554115,0.6421568627450981,43.33333333333333,1026.666666666666,30.19607843137253,0
1751,4,0,0,48,0.0,0.0,1.0,48,1350,900,450,0.6666666666666666,18,9,9,387.6052653015519,0.8600029550827423,0.3695574486169062,0.23032081467092208,131877.80612244888,623.3064058956802,132501.11252834456,1745,17,585.0,34,14,19,33.26113622314943,0.6433823529411765,43.21428571428571,1027.1428571428564,30.210084033613423,0
1752,4,0,0,48,0.0,0.0,1.0,48,1200,900,300,0.75,15,9,6,389.8666635093725,0.8597813238770685,0.37113071100297446,0.23222492565558256,131969.53124999985,690.1041666666529,132659.6354166665,1746,18,586.0,34,14,19,33.110300081103006,0.6443014705882353,43.12499999999999,1027.4999999999989,30.220588235294084,0
1753,4,0,0,48,0.0,0.0,1.0,48,1200,800,400,0.6666666666666666,16,8,8,388.1359394519843,0.8592087765957447,0.3648471800067543,0.232175861963096,132130.126953125,656.8901909722242,132787.01714409722,1747,19,587.0,35,13,19,32.992443431273216,0.64375,42.96875,1028.125,29.375,0
1754,4,0,1,47,0.0,0.020833333333333332,0.9791666666666666,48,1300,800,500,0.6153846153846154,18,8,10,387.0501524348165,0.8569924645390071,0.3631923161120838,0.23263751267397925,132311.09487866246,642.2058883207585,132953.30076698321,1748,20,588.0,36,12,19,32.837583917104496,0.6435185185185186,42.792792792792795,1028.828828828829,28.578578578578586,0
1755,4,0,0,47,0.0,0.0,1.0,47,1550,1000,550,0.6451612903225806,21,10,11,393.3096284651733,0.8525285229725562,0.36915827431149184,0.23582654241170878,132219.38898533923,1000.6317515431791,133220.0207368824,1749,21,600.8936170212766,35,12,19,32.76924375422011,0.6446428571428573,42.88194444444443,1028.4722222222201,29.384920634920576,0
1756,4,0,0,47,0.0,0.0,1.0,47,1200,800,400,0.6666666666666666,16,8,8,390.9920146370907,0.8514492753623187,0.37544455879185334,0.2351771996024177,132338.45191400877,948.6555855623978,133287.10749957117,1750,22,601.8936170212766,35,12,19,32.708567679040115,0.6458333333333335,42.766203703703695,1028.935185185184,29.398148148148117,0
1757,4,0,0,47,0.0,0.0,1.0,47,1000,400,600,0.4,16,4,12,394.6713607230894,0.8514492753623187,0.37715315516687387,0.23758279936018378,132369.03077063547,1048.4530983686345,133417.4838690041,1751,23,602.8936170212766,36,11,19,32.58303239220836,0.6440972222222223,42.736486486486484,1029.0540540540537,28.584834834834826,0
1758,4,0,0,47,0.0,0.0,1.0,47,1450,1200,250,0.8275862068965517,17,12,5,396.28814841501696,0.8509096515572001,0.3747564312004259,0.23932261923834225,132489.90929705193,1100.8425086006878,133590.7518056526,1752,24,603.8936170212766,34,13,19,32.41934551341351,0.6495098039215688,42.619047619047606,1029.5238095238076,30.28011204481787,0
1759,4,0,0,47,0.0,0.0,1.0,47,1100,800,300,0.7272727272727273,14,8,6,397.30049522713233,0.8505627505396237,0.3730819460055044,0.24052110456332512,132581.84700963696,1134.966695011311,133716.81370464826,1753,25,604.8936170212766,34,13,20,32.30045659461333,0.6504289215686276,42.52976190476189,1029.8809523809505,30.290616246498544,0
1760,4,0,0,47,0.0,0.0,1.0,47,1300,900,400,0.6923076923076923,17,9,8,397.48427041728013,0.8501387604070305,0.37625850473905653,0.24161684302893088,132735.14739229015,1152.0266439909133,133887.17403628107,1754,26,605.8936170212766,34,13,19,32.141000462107186,0.6519607843137256,42.38095238095237,1030.4761904761897,30.308123249299697,0
1761,4,0,0,47,0.0,0.0,1.0,47,1650,1400,250,0.8484848484848485,19,14,5,400.7901796905422,0.8482886216466234,0.3744287749987718,0.24442556029014728,132857.85147392272,1249.6244331065575,134107.4759070293,1755,27,606.8936170212766,34,13,20,31.932015011547342,0.653186274509804,42.26190476190475,1030.9523809523796,30.322128851540576,0
1762,4,0,0,47,0.0,0.0,1.0,47,1200,900,300,0.75,15,9,6,375.5705741456836,0.8481344434165895,0.3161764543138612,0.2229993779655624,131848.80566741538,503.70632898676877,132352.51199640214,1756,28,607.8936170212766,38,9,19,33.59946600090155,0.6351425438596492,43.24252136752136,1027.029914529914,27.02710301394511,4
1763,4,0,0,47,0.0,0.0,1.0,47,1450,900,550,0.6206896551724138,20,9,11,359.2192413915408,0.8473250077089114,0.2631446652801104,0.20611469969466648,130535.38795976706,-11.902120315571608,130523.48583945149,1757,29,608.8936170212766,38,9,15,35.34740372887262,0.6219846491228069,44.524572649572654,1021.9017094017101,26.892150247413426,3
1764,4,1,1,47,0.020833333333333332,0.020833333333333332,0.9791666666666666,48,1100,800,300,0.7272727272727273,14,8,6,349.7164853306564,0.8496232269503546,0.2604803122878476,0.20201269917335574,130794.81336805562,-451.7795138888831,130343.03385416674,1758,0,597.1875,39,9,15,35.32756279701289,0.6228632478632479,44.270833333333336,1022.9166666666672,26.22863247863249,0
1765,4,0,0,47,0.0,0.0,1.0,47,850,500,350,0.5882352941176471,12,5,7,354.9128670215105,0.8462843046561825,0.2648890661095771,0.20473175842639207,130741.54188368066,-119.62890624999034,130621.91297743068,1759,31,610.8936170212766,39,8,15,35.24860799891356,0.6223290598290598,44.32291666666667,1022.7083333333343,26.22329059829062,0
1766,4,0,0,47,0.0,0.0,1.0,47,800,600,200,0.75,10,6,4,355.68958150994877,0.8457832254085722,0.2631191229362564,0.20546304061339407,130794.81336805562,-95.52951388888388,130699.28385416673,1760,32,611.8936170212766,39,8,15,35.17481330617787,0.6228632478632479,44.270833333333336,1022.9166666666672,26.22863247863249,0
1767,4,1,1,47,0.020833333333333332,0.020833333333333332,0.9791666666666666,48,1450,1100,350,0.7586206896551724,18,11,7,349.26540060468676,0.8509714834515366,0.2596271494708997,0.2037381503527336,131171.9214753121,-437.2372595677395,130734.68421574435,1761,0,600.125,40,8,16,34.9578373015873,0.6250000000000002,43.90243902439023,1024.390243902437,25.609756097560926,0
1768,4,0,0,47,0.0,0.0,1.0,47,1500,1100,400,0.7333333333333333,19,11,8,351.0669737662698,0.8512565525747764,0.25090635356008817,0.2050531326582557,131221.37586805536,-186.5017361111303,131034.87413194423,1762,1,608.2978723404256,39,8,16,34.861732411549426,0.6271367521367522,43.85416666666666,1024.5833333333317,26.271367521367477,0
1769,4,0,0,47,0.0,0.0,1.0,47,1250,1000,250,0.8,15,10,5,347.57619235015045,0.8506012950971322,0.24944988871190654,0.20344201392056085,131302.08462431404,-272.5042757287505,131029.5803485853,1763,2,609.2978723404256,40,7,16,34.86964964468683,0.6263020833333335,43.77540650406503,1024.8983739837383,25.62245934959346,0
1770,4,1,1,47,0.020833333333333332,0.020833333333333332,0.9791666666666666,48,1100,900,200,0.8181818181818182,13,9,4,338.0004414043567,0.8543144208037825,0.23940999735869006,0.19932549394967194,131588.67076475636,-704.5916575781687,130884.07910717819,1764,0,597.5833333333334,40,8,14,34.82608623877442,0.6291666666666667,43.49593495934959,1026.0162601626012,25.650406504065028,0
1771,4,0,0,47,0.0,0.0,1.0,47,950,700,250,0.7368421052631579,12,7,5,343.1727333414784,0.8495220474868947,0.24377973990950008,0.20184460767504148,131488.33007812485,-375.35807291668095,131112.97200520817,1765,4,611.2978723404256,39,8,17,34.794586634166166,0.6298076923076924,43.59374999999999,1025.6249999999989,26.298076923076895,0
1772,4,0,0,47,0.0,0.0,1.0,47,1200,1000,200,0.8333333333333334,14,10,4,342.8629123831859,0.8479417206290472,0.2474165367557839,0.20279538647202333,131702.08875868033,-368.84765625002103,131333.2411024303,1766,5,612.2978723404256,39,8,14,34.58705432650024,0.6319444444444446,43.38541666666666,1026.4583333333314,26.319444444444397,0
1773,4,0,0,47,0.0,0.0,1.0,47,1200,600,600,0.5,18,6,12,342.6818412341552,0.8476333641689793,0.24436294427999394,0.2034748935083647,131849.4747256922,-363.515847048728,131485.9588786435,1767,6,613.2978723404256,40,7,16,34.443235041889295,0.6317708333333334,43.24186991869918,1027.032520325202,25.675813008130053,0
1774,4,0,0,47,0.0,0.0,1.0,47,1350,900,450,0.6666666666666666,18,9,9,342.7707725626465,0.8468239284613012,0.23759742214121427,0.20394760093206513,131927.7662622279,-355.80352716640186,131571.9627350615,1768,7,614.2978723404256,40,7,16,34.36211956342531,0.6325520833333336,43.16565040650405,1027.3373983739814,25.683434959349533,0
1775,4,0,2,45,0.0,0.0425531914893617,0.9574468085106383,47,1400,1000,400,0.7142857142857143,18,10,8,341.266691901816,0.8452436016034536,0.23890108780697195,0.20403391579661734,132110.53688280762,-383.0148225262949,131727.52206028134,1769,8,615.2978723404256,40,7,16,34.21683471727955,0.6343750000000001,42.98780487804877,1028.048780487803,25.701219512195074,0
1776,4,0,1,44,0.0,0.022222222222222223,0.9777777777777777,45,700,300,400,0.42857142857142855,11,3,8,352.41860588176144,0.8370370370370371,0.2368306124571078,0.20985818778729998,131958.55391418276,300.9299209218954,132259.48383510465,1770,42,605.5555555555555,38,7,16,34.08330733770061,0.6362390350877194,43.135683760683754,1027.4572649572638,27.03834907782273,0
1777,4,0,0,44,0.0,0.0,1.0,44,1100,500,600,0.45454545454545453,17,5,12,355.46435812978416,0.837737843551797,0.22435847702542788,0.21223712694959232,132059.67821829804,588.5017505386384,132648.1799688367,1771,43,582.2727272727273,37,7,18,33.90317189389089,0.6390765765765765,43.03728070175439,1027.8508771929833,27.779753437648196,0
1778,4,0,0,44,0.0,0.0,1.0,44,1250,800,450,0.64,17,8,9,386.9189115254388,0.8372093023255814,0.2620921708826536,0.22258871221976798,130636.47050767008,1332.420587606805,131968.8910952769,1772,44,583.2727272727273,36,8,16,34.53702173753397,0.6267361111111109,44.42567567567569,1022.2972972972992,28.3971471471472,8
1779,4,2,1,45,0.043478260869565216,0.021739130434782608,0.9782608695652174,46,1200,800,400,0.6666666666666666,16,8,8,373.6217044738328,0.8465579710144928,0.25939095964223124,0.21759038026039906,131109.1992201771,597.0484969684034,131706.2477171455,1773,0,558.8695652173913,38,8,17,34.39760240628696,0.6277412280701752,43.96367521367523,1024.1452991453018,26.9511920827711,0
1780,4,0,0,45,0.0,0.0,1.0,45,1450,1100,350,0.7586206896551724,18,11,7,380.29347472517895,0.8404882154882155,0.26140150433209497,0.2207972562210372,130991.17036011112,963.0174669129299,131954.18782702406,1774,1,572.2888888888889,37,8,17,34.34643673236219,0.6283783783783782,44.07894736842107,1023.6842105263183,27.66714082503563,0
1781,4,0,0,45,0.0,0.0,1.0,45,1200,900,300,0.75,15,9,6,379.69478422656044,0.8400252525252526,0.2575198391452804,0.22093268472846436,131075.36844269416,953.7267476531499,132029.09519034732,1775,2,573.2888888888889,37,8,17,34.276399150515765,0.6292229729729728,43.9967105263158,1024.0131578947387,27.676031294452397,0
1782,4,0,0,45,0.0,0.0,1.0,45,1500,1000,500,0.6666666666666666,20,10,10,380.5046107112308,0.8390572390572391,0.24808639465003823,0.2222472298667265,131221.3758680559,986.0677083333712,132207.44357638928,1776,3,574.2888888888889,39,6,18,34.1076996068863,0.627136752136752,43.854166666666686,1024.5833333333362,26.271367521367594,0
1783,4,1,1,45,0.021739130434782608,0.021739130434782608,0.9782608695652174,46,1750,1300,450,0.7428571428571429,22,13,9,372.93081000438497,0.8410829307568438,0.24778333364313965,0.21971918503784796,131553.00188519547,612.1637186441994,132165.16560383968,1777,0,562.7826086956521,37,9,19,33.96617144078666,0.634009009009009,43.530701754385966,1025.8771929824563,27.72641062114747,0
1784,4,1,1,45,0.021739130434782608,0.021739130434782608,0.9782608695652174,46,1150,900,250,0.782608695652174,14,9,5,373.2880233495202,0.8408011272141708,0.2468987241792655,0.22025405564343054,131609.25116381954,625.63144429054,132234.88260811009,1778,0,563.7608695652174,37,9,14,33.900138918572345,0.6345720720720721,43.47587719298245,1026.0964912280695,27.732337600758633,0
1785,4,0,0,45,0.0,0.0,1.0,45,1000,700,300,0.7,13,7,6,380.56301114805035,0.8362373737373738,0.25590319708225073,0.22408199538122753,131530.201548677,1011.1059116548929,132541.30746033188,1779,6,577.2888888888889,36,9,19,33.79350093314304,0.6357060185185186,43.552927927927925,1025.788288288288,28.49411911911911,0
1786,4,0,0,45,0.0,0.0,1.0,45,1300,1000,300,0.7692307692307693,16,10,6,378.3847388451678,0.8353535353535354,0.24800712047502338,0.22347505671393492,131645.7436110097,962.5480632659704,132608.29167427568,1780,7,578.2888888888889,36,9,15,33.73248838655399,0.6368634259259258,43.44031531531532,1026.2387387387391,28.50663163163164,0
1787,4,0,1,44,0.0,0.022222222222222223,0.9777777777777777,45,800,600,200,0.75,10,6,4,377.84868135427394,0.8346801346801347,0.25456099124118814,0.22360425757513966,131721.78578985826,954.1806132656038,132675.96640312386,1781,8,579.2888888888889,37,8,16,33.66935483870968,0.6356981981981983,43.36622807017543,1026.535087719297,27.744191559981,0
1788,4,0,0,44,0.0,0.0,1.0,44,1150,800,350,0.6956521739130435,15,8,7,377.39186815481924,0.831373326286117,0.24492112132561572,0.22391917510519257,131821.3757396449,1149.663050624582,132971.03879026946,1782,9,573.6590909090909,38,6,16,33.5804203079484,0.6348684210526316,43.26923076923077,1026.9230769230762,27.02429149797569,0
1789,4,0,0,44,0.0,0.0,1.0,44,1300,1000,300,0.7692307692307693,16,10,6,377.197464672641,0.8306245595489782,0.24310951057675934,0.22477603563949555,131985.99810979603,1156.9567718606008,133142.95488165662,1783,10,574.6590909090909,38,6,17,33.41911000207943,0.636513157894737,43.10897435897435,1027.5641025641014,27.041160593792142,0
1790,4,0,0,44,0.0,0.0,1.0,44,500,300,200,0.6,7,3,4,377.197464672641,0.8306245595489782,0.24310951057675934,0.22477603563949555,131985.99810979603,1156.9567718606008,133142.95488165662,1784,11,575.6590909090909,38,6,17,33.41911000207943,0.636513157894737,43.10897435897435,1027.5641025641014,27.041160593792142,0
1791,4,0,0,44,0.0,0.0,1.0,44,1150,800,350,0.6956521739130435,15,8,7,379.77708763638674,0.8295234319943623,0.2399934801712167,0.22680542272809873,132068.3478180472,1231.306500657447,133299.65431870462,1785,12,576.6590909090909,38,6,17,33.26967051242074,0.6373355263157896,43.028846153846146,1027.884615384614,27.049595141700372,0
1792,4,1,0,45,0.022222222222222223,0.0,1.0,45,1250,1000,250,0.8,15,10,5,371.4526378208164,0.8329545454545455,0.24210680256038186,0.22330113839051746,132317.61203342004,829.9452039930454,133147.55723741307,1786,0,564.8222222222222,39,6,18,33.23219347980157,0.6380876068376069,42.78645833333333,1028.8541666666658,26.380876068376047,0
1793,4,0,0,45,0.0,0.0,1.0,45,1100,900,200,0.8181818181818182,13,9,4,366.1663159936004,0.8309343434343435,0.23835587264402092,0.22142098348331615,132539.10007165655,706.3196277941156,133245.41969945066,1787,1,565.8222222222222,37,8,19,33.14509903098711,0.6438626126126126,42.571271929824555,1029.714912280701,27.83013276434327,0
1794,4,0,0,45,0.0,0.0,1.0,45,900,800,100,0.8888888888888888,10,8,2,365.1055994546956,0.8295454545454546,0.24033307311995866,0.22127754846951045,132623.7941001078,684.3379693751981,133308.132069483,1788,2,566.8222222222222,37,8,19,33.087165566673754,0.6447072072072071,42.4890350877193,1030.0438596491233,27.839023233760088,0
1795,4,0,0,45,0.0,0.0,1.0,45,1150,700,450,0.6086956521739131,16,7,9,364.25370762165664,0.8271464646464647,0.23973235923443403,0.22159356620944662,132765.01092884352,672.0294946522031,133437.04042349572,1789,3,567.8222222222222,37,8,17,32.96704879951768,0.6461148648648647,42.35197368421053,1030.5921052631581,27.853840682788057,0
1796,4,0,0,45,0.0,0.0,1.0,45,1200,900,300,0.75,15,9,6,363.403349932096,0.8271043771043771,0.23601891252955087,0.22124297210891872,132793.26331178838,651.5033471837672,133444.76665897216,1790,4,568.8222222222222,37,8,17,32.96054964539008,0.6463963963963963,42.32456140350878,1030.701754385966,27.856804172593677,0
1797,4,0,1,44,0.0,0.022222222222222223,0.9777777777777777,45,800,600,200,0.75,10,6,4,364.16262046558467,0.8257154882154882,0.24038943239283506,0.22237566771807513,132906.30290089257,679.9015081563539,133586.20440904892,1791,5,569.8222222222222,37,8,17,32.827342974620734,0.6475225225225225,42.21491228070175,1031.1403508771928,27.86865813181602,0
1798,4,1,0,45,0.022222222222222223,0.0,1.0,45,1200,900,300,0.75,15,9,6,363.2512274779335,0.825462962962963,0.24001657000828502,0.22256052363749537,133030.99203740235,664.7342300387229,133695.72626744106,1792,0,570.6888888888889,38,7,18,32.725550607566966,0.6469298245614035,42.0940170940171,1031.623931623932,27.147998200629793,0
1799,4,0,0,45,0.0,0.0,1.0,45,1050,700,350,0.6666666666666666,14,7,7,363.5365701233041,0.8252946127946128,0.23651861821444609,0.2232294806624919,133113.6670524692,678.337191358033,133792.00424382722,1793,1,571.6888888888889,38,7,18,32.63515029161059,0.6477521929824561,42.01388888888889,1031.944444444445,27.156432748538027,0
1800,4,0,0,45,0.0,0.0,1.0,45,1000,700,300,0.7,13,7,6,363.87018993341667,0.8226851851851852,0.23235788765556675,0.22397227218882984,133203.26063368062,693.7391493055611,133896.99978298618,1794,2,572.6888888888889,39,6,18,32.53657921291625,0.6469017094017094,41.927083333333336,1032.2916666666672,26.469017094017108,0
1801,4,0,0,45,0.0,0.0,1.0,45,1300,1100,200,0.8461538461538461,15,11,4,362.08792827072926,0.821969696969697,0.23046927524539473,0.22384438258931139,133364.6050347224,657.942708333353,134022.54774305574,1795,3,573.6888888888889,39,6,19,32.420666935592315,0.6485042735042734,41.77083333333334,1032.916666666668,26.48504273504277,0
1802,4,0,0,45,0.0,0.0,1.0,45,1600,1300,300,0.8125,19,13,6,365.11493459922457,0.8210437710437711,0.23503842620600035,0.2260430662518797,133418.40820312515,742.610677083348,134161.0188802085,1796,4,574.6888888888889,39,6,19,32.2885158298044,0.6490384615384615,41.71875000000001,1033.1250000000011,26.490384615384645,0
1803,4,0,0,45,0.0,0.0,1.0,45,750,400,350,0.5333333333333333,11,4,7,364.0945063571463,0.8207912457912458,0.23700385716063188,0.2261031948379219,133532.02830289782,723.6989883401945,134255.727291238,1797,5,575.6888888888889,35,10,19,32.20091452034342,0.6577380952380951,41.6087962962963,1033.564814814815,29.530423280423285,0
1804,4,0,2,43,0.0,0.044444444444444446,0.9555555555555556,45,1650,1200,450,0.7272727272727273,21,12,9,364.47062647630133,0.8187289562289563,0.24312876950817652,0.22725366696202048,133681.60211173273,744.6034540037789,134426.2055657365,1798,6,576.6888888888889,35,10,20,32.0412469688491,0.6592261904761905,41.464120370370374,1034.143518518519,29.546957671957685,0
1805,4,0,0,43,0.0,0.0,1.0,43,850,500,350,0.5882352941176471,12,5,7,365.81632121466185,0.8160299003322259,0.23805458974412352,0.2282775591043447,133711.52692043892,1182.7717764060317,134894.29869684495,1799,7,580.4186046511628,35,8,15,31.976462250074597,0.6595238095238095,41.43518518518518,1034.259259259259,29.55026455026454,0
1806,4,0,0,43,0.0,0.0,1.0,43,1200,800,400,0.6666666666666666,16,8,8,367.50472324675593,0.8162144702842377,0.23989550755332578,0.22970330184472046,133771.3865847907,1232.3232810356533,135003.70986582636,1800,8,581.4186046511628,35,8,16,31.872808980383383,0.6601190476190477,41.37731481481481,1034.49074074074,29.556878306878286,0
1807,4,0,0,43,0.0,0.0,1.0,43,1250,1000,250,0.8,15,10,5,364.9308666337066,0.8156607604282022,0.2360847425007675,0.22883673277970581,133891.14610125174,1172.202396262007,135063.34849751374,1801,9,582.4186046511628,35,8,16,31.819410273615148,0.6613095238095238,41.261574074074076,1034.953703703704,29.570105820105827,0
1808,4,0,0,43,0.0,0.0,1.0,43,1400,1200,200,0.8571428571428571,16,12,4,367.59969511783135,0.8148763381321521,0.23620442459750546,0.23172134311163103,134083.84471887432,1257.8360877769726,135341.68080665127,1802,10,583.4186046511628,36,7,16,31.557391903156837,0.6611689814814814,41.075450450450454,1035.6981981981985,28.769394394394403,0
1809,4,0,0,43,0.0,0.0,1.0,43,1000,700,300,0.7,13,7,6,367.4841109575936,0.8124307862679956,0.2378758091584754,0.23267597103711884,134246.1328438894,1266.664155526354,135512.79699941576,1803,11,584.4186046511628,38,5,17,31.397981099656366,0.6589912280701753,40.91880341880343,1036.3247863247875,27.271704903283883,0
1810,4,0,0,43,0.0,0.0,1.0,43,750,500,250,0.6666666666666666,10,5,5,369.79759333501613,0.8122462163159837,0.2373238913274338,0.23431786106747202,134273.81388569315,1330.82664456866,135604.6405302618,1804,12,585.4186046511628,38,5,17,31.31034601243859,0.6592653508771928,40.89209401709403,1036.431623931626,27.274516419253317,0
1811,4,0,0,43,0.0,0.0,1.0,43,1350,1000,350,0.7407407407407407,17,10,7,372.0212617905521,0.8115540789959395,0.2566872220654819,0.22595396637173518,132704.4802295917,1303.2978027941253,134007.7780323858,1805,13,586.4186046511628,34,9,19,32.82784517619873,0.651654411764706,42.41071428571428,1030.3571428571418,30.304621848739462,4
1812,4,0,0,43,0.0,0.0,1.0,43,1300,900,400,0.6923076923076923,17,9,8,372.12229498833176,0.8110926541159099,0.25711116542272205,0.22675629502490924,132827.17013888873,1285.5902777777592,134112.76041666648,1806,14,587.4186046511628,34,9,19,32.701765022904894,0.6528799019607844,42.29166666666666,1030.833333333332,30.31862745098035,0
1813,4,0,0,43,0.0,0.0,1.0,43,950,800,150,0.8421052631578947,11,8,3,369.8929727590919,0.8117386489479512,0.25249552979332357,0.22595295698443224,132919.22477324243,1233.177437641702,134152.40221088415,1807,15,588.4186046511628,34,9,20,32.66662818440699,0.6537990196078433,42.20238095238094,1031.1904761904748,30.329131652661022,0
1814,4,0,0,43,0.0,0.0,1.0,43,750,500,250,0.6666666666666666,10,5,5,367.7696842841523,0.810908084163898,0.25630236315136945,0.22539547977414867,133042.01388888882,1185.7638888888796,134227.7777777777,1808,16,589.4186046511628,34,9,20,32.59794022617125,0.6550245098039216,42.08333333333333,1031.666666666666,30.343137254901944,0
1815,4,0,0,43,0.0,0.0,1.0,43,1300,900,400,0.6923076923076923,17,9,8,367.66663828754344,0.8101698043558508,0.2528404644902813,0.2257655473121029,133113.66705246898,1188.2908950617075,134301.9579475307,1809,17,590.4186046511628,35,8,20,32.528600269178995,0.6535714285714287,42.01388888888888,1031.9444444444432,29.48412698412695,0
1816,4,0,0,43,0.0,0.0,1.0,43,1200,900,300,0.75,15,9,6,366.9153191821933,0.8093392395717977,0.2511961473111446,0.2267557000264466,133352.6502486281,1185.8260459533412,134538.47629458146,1810,18,591.4186046511628,35,8,21,32.308008366950546,0.6559523809523811,41.7824074074074,1032.870370370369,29.510582010581974,0
1817,4,0,0,43,0.0,0.0,1.0,43,1200,700,500,0.5833333333333334,17,7,10,366.35892971492575,0.8084625322997415,0.256113541099513,0.22695948407808053,133442.32420535397,1177.557414909113,134619.8816202631,1811,19,592.4186046511628,35,8,22,32.23238956723049,0.6568452380952381,41.69560185185185,1033.2175925925917,29.52050264550262,0
1818,4,0,0,43,0.0,0.0,1.0,43,1250,800,450,0.64,17,8,9,363.4953409950317,0.8074473975636766,0.2532054640408974,0.22575255566657576,133535.54672481745,1107.9165162986408,134643.4632411161,1812,20,593.4186046511628,33,10,22,32.21286854794087,0.6622474747474747,41.60539215686275,1033.5784313725496,31.320558526440898,0
1819,4,0,0,43,0.0,0.0,1.0,43,900,700,200,0.7777777777777778,11,7,4,366.3216259607664,0.8062476928755998,0.25753415594296847,0.22789743632780443,133598.88624567486,1188.0322472126302,134786.9184928875,1813,21,594.4186046511628,33,10,22,32.07631974079343,0.6628787878787877,41.54411764705883,1033.8235294117658,31.327985739750478,0
1820,4,0,0,43,0.0,0.0,1.0,43,1100,700,400,0.6363636363636364,15,7,8,365.12562829170423,0.80500184569952,0.25549704169732435,0.22773800274602318,133693.92368620264,1163.0155769415908,134856.93926314425,1814,22,595.4186046511628,33,10,23,32.011963305288944,0.6638257575757575,41.452205882352956,1034.1911764705899,31.339126559714845,0
1821,4,0,0,43,0.0,0.0,1.0,43,1200,800,400,0.6666666666666666,16,8,8,366.18210402706626,0.8039405684754521,0.26302975554404906,0.229379947062652,133852.39451172634,1202.8702902729826,135055.26480199932,1815,23,596.4186046511628,33,10,18,31.825852676456655,0.6654040404040403,41.29901960784314,1034.803921568628,31.35769459298873,0
1822,4,0,0,43,0.0,0.0,1.0,43,1150,800,350,0.6956521739130435,15,8,7,364.3996777445356,0.8026947212993725,0.2662486547190117,0.22924891118865096,134010.95920138893,1166.7100694444493,135177.66927083337,1816,24,597.4186046511628,33,10,18,31.713195841716963,0.6669823232323232,41.145833333333336,1035.416666666667,31.376262626262637,0
1823,4,0,0,43,0.0,0.0,1.0,43,1150,800,350,0.6956521739130435,15,8,7,378.2152921946576,0.8025562938353635,0.29410845528805774,0.22546646424200825,132000.11337868456,1384.8922902494032,133385.00566893397,1817,25,598.4186046511628,34,9,20,33.378707136237246,0.644607843137255,43.09523809523808,1027.6190476190457,30.224089635854284,5
1824,4,0,0,43,0.0,0.0,1.0,43,950,700,250,0.7368421052631579,12,7,5,376.38404440754806,0.8024178663713547,0.2946113395316525,0.22528267439695004,132153.0771683672,1348.0619331065575,133501.13910147376,1818,26,599.4186046511628,34,9,21,33.27134228705955,0.646139705882353,42.94642857142856,1028.2142857142844,30.241596638655423,0
1825,4,0,0,43,0.0,0.0,1.0,43,1400,900,500,0.6428571428571429,19,9,10,375.10582776063137,0.8019102990033222,0.28741386735572827,0.22506349665637856,132244.8979591835,1321.1663832199351,133566.06434240344,1819,27,600.4186046511628,34,9,22,33.211564429012356,0.6470588235294118,42.85714285714285,1028.571428571427,30.25210084033609,0
1826,4,0,1,42,0.0,0.023255813953488372,0.9767441860465116,43,950,700,250,0.7368421052631579,12,7,5,373.9877171283593,0.8015411590992986,0.2834346054692334,0.22475673514765535,132306.12953514745,1296.1734693877627,133602.3030045352,1820,28,601.4186046511628,34,9,22,33.17856591838309,0.647671568627451,42.79761904761905,1028.8095238095243,30.259103641456598,0
1827,4,1,1,42,0.023255813953488372,0.023255813953488372,0.9767441860465116,43,1100,700,400,0.6363636363636364,15,7,8,365.5212422997166,0.8077242524916943,0.2684488326382668,0.22092195839624373,132520.55165816317,1087.8472222222092,133608.3988803854,1821,0,590.1627906976744,34,9,22,33.18037730758854,0.6498161764705883,42.58928571428571,1029.6428571428564,30.28361344537813,0
1828,4,0,1,41,0.0,0.023809523809523808,0.9761904761904762,42,1100,800,300,0.7272727272727273,14,8,6,370.584969627335,0.8007404181184669,0.26705276705276715,0.22344172002153542,132429.53619100832,1415.279129421381,133844.81532042968,1822,30,605.2142857142857,33,9,22,33.14171826011032,0.651199494949495,42.677696078431374,1029.289215686275,31.190582293523484,0
1829,4,0,0,41,0.0,0.0,1.0,41,550,100,450,0.18181818181818182,10,1,9,368.51213886175856,0.7986280487804878,0.2675321206913568,0.22275100652636662,132524.15687475973,1567.352100153787,134091.5089749135,1823,31,616.3658536585366,33,8,22,33.099757994128375,0.6521464646464646,42.58578431372549,1029.6568627450981,31.201723113487823,0
1830,4,0,0,41,0.0,0.0,1.0,41,700,300,400,0.42857142857142855,11,3,8,366.819713507112,0.7970020325203252,0.26697201638207035,0.2219140426638057,132555.70461180795,1524.8091178873506,134080.5137296953,1824,32,617.3658536585366,33,8,22,33.11156233884724,0.6524621212121213,42.55514705882353,1029.7794117647059,31.2054367201426,0
1831,4,2,1,42,0.046511627906976744,0.023255813953488372,0.9767441860465116,43,1250,1100,150,0.88,14,11,3,353.22109853158537,0.808093392395718,0.2651898255487952,0.2170690927364676,133143.5282305598,805.8206607938921,133949.3488913537,1825,0,589.6046511627907,35,8,17,32.87131789465815,0.6538690476190476,41.9849537037037,1032.060185185185,29.487433862433857,0
1832,4,0,0,42,0.0,0.0,1.0,42,1450,1200,250,0.8275862068965517,17,12,5,359.121424889429,0.798054587688734,0.2763865320087213,0.22100368170448823,133195.58000283444,1166.6772959183697,134362.2572987528,1826,1,604.6428571428571,34,8,18,32.66683965709454,0.6565563725490196,41.93452380952381,1032.2619047619046,30.360644257703076,0
1833,4,0,0,42,0.0,0.0,1.0,42,1150,900,250,0.782608695652174,14,9,5,353.7773947982038,0.7981513743708866,0.2545992407271058,0.2098956449684334,131819.15181651246,926.9272228309419,132746.0790393434,1827,2,605.6428571428571,36,6,18,34.188918741090035,0.6385995370370371,43.2713963963964,1026.9144144144145,28.525400400400404,3
1834,4,1,1,42,0.023255813953488372,0.023255813953488372,0.9767441860465116,43,850,600,250,0.7058823529411765,11,6,5,345.9929290957027,0.8037098560354374,0.2423187370739035,0.20719806443547245,132172.40521121878,546.1435249307362,132718.5487361495,1828,0,592.5348837209302,37,6,20,34.0331094049904,0.6402027027027027,42.92763157894736,1028.28947368421,27.79160739687054,0
1835,4,0,0,42,0.0,0.0,1.0,42,950,600,350,0.631578947368421,13,6,7,355.1780771413417,0.7957559039876113,0.24713957019205202,0.21201506279064916,132050.54029959018,980.2913978167411,133030.83169740692,1829,4,607.6428571428571,36,6,20,33.91973448741828,0.6409143518518519,43.046171171171174,1027.8153153153157,28.550425425425438,0
1836,4,1,0,43,0.023255813953488372,0.0,1.0,43,1450,1100,350,0.7586206896551724,18,11,7,354.87251518022356,0.8043558508674787,0.24249936387249238,0.19123340266366853,128061.27997316477,489.085704255149,128550.36567741992,1830,0,594.4883720930233,37,6,17,37.97744466110569,0.5988175675675675,46.95723684210526,1012.1710526315785,27.35597439544807,8
1837,4,2,3,42,0.044444444444444446,0.06666666666666667,0.9333333333333333,45,1000,500,500,0.5,15,5,10,338.60097055887445,0.8202020202020203,0.2317779459277678,0.18502053033905178,128616.7994599299,-289.9912713527316,128326.80818857717,1831,0,569.0222222222222,37,8,15,37.82237505855224,0.6044481981981983,46.40899122807017,1014.3640350877187,27.415244191559964,0
1838,4,1,0,43,0.023255813953488372,0.0,1.0,43,900,800,100,0.8888888888888888,10,8,2,350.18046271794435,0.8127999261720191,0.24229362522095954,0.19105113414287828,128555.01570001697,403.4909765088964,128958.50667652587,1832,0,588.8372093023256,35,8,16,37.591778893707676,0.6077380952380953,46.4699074074074,1014.120370370369,28.974867724867686,0
1839,4,3,2,44,0.06521739130434782,0.043478260869565216,0.9565217391304348,46,1450,1000,450,0.6896551724137931,19,10,9,332.438983975404,0.831682769726248,0.2321450584169218,0.18524379428892768,129391.54071015053,-597.0415342610805,128794.49917588945,1833,0,551.3695652173913,38,8,18,37.19066120620252,0.6104714912280702,45.64636752136752,1017.4145299145302,26.774066576698164,0
1840,4,1,0,45,0.022222222222222223,0.0,1.0,45,1250,1000,250,0.8,15,10,5,340.419327835925,0.8258838383838384,0.2374297996671102,0.18971477135072345,129396.54659366333,-190.18291685904325,129206.36367680428,1834,0,564.6,37,8,20,36.98259061680498,0.612331081081081,45.64144736842105,1017.4342105263149,27.49822190611662,0
1841,4,0,0,45,0.0,0.0,1.0,45,1100,900,200,0.8181818181818182,13,9,4,337.3661797936487,0.8254208754208755,0.23528454116689423,0.18841353073674177,129480.23069598345,-263.54984225914626,129216.6808537243,1835,1,565.6,37,8,16,36.97523881347412,0.6131756756756757,45.559210526315795,1017.7631578947373,27.507112375533442,0
1842,4,0,0,45,0.0,0.0,1.0,45,1100,800,300,0.7272727272727273,14,8,6,336.89866539530016,0.8252946127946128,0.2321557654191444,0.18863949948397224,129581.83235627135,-268.81072393894,129313.02163233241,1836,2,566.6,38,7,16,36.883962924099336,0.6123903508771931,45.4594017094017,1018.1623931623923,26.79374718848401,0
1843,4,2,0,47,0.0425531914893617,0.0,1.0,47,750,400,350,0.5333333333333333,11,4,7,328.19220699166885,0.8376117792167745,0.24191453339181712,0.1864956395248073,130158.86423631763,-856.5750173507872,129302.28921896685,1837,0,543.4468085106383,40,7,18,36.52088935365004,0.6148437500000001,44.89329268292683,1020.4268292682923,25.510670731707307,0
1844,4,1,1,47,0.020833333333333332,0.020833333333333332,0.9791666666666666,48,1100,700,400,0.6363636363636364,15,7,8,323.56995477686326,0.8433067375886525,0.24723486037025477,0.1851377820240328,130426.23325525965,-1159.473986609636,129266.75926865001,1838,0,533.1041666666666,38,10,19,36.3684499529338,0.6208881578947368,44.631410256410255,1021.4743589743586,26.88090418353575,0
1845,4,0,1,46,0.0,0.02127659574468085,0.9787234042553191,47,1000,800,200,0.8,12,8,4,328.88195786286053,0.8436247301880974,0.24500516156144103,0.18819805402029532,130430.54112803946,-820.7496537396065,129609.79147429985,1839,1,518.3191489361702,37,10,19,36.22844210676972,0.6227477477477477,44.627192982456144,1021.4912280701759,27.60787102892367,0
1846,4,0,1,45,0.0,0.021739130434782608,0.9782608695652174,46,950,700,250,0.7368421052631579,12,7,5,348.96562449045183,0.8430958132045089,0.22074904507784154,0.18617404636521062,127658.21468195273,-257.8002294971002,127400.41445245563,1840,2,492.82608695652175,38,8,15,38.53935405433978,0.5929276315789473,47.35576923076923,1010.5769230769235,26.594129554655883,7
1847,4,2,2,45,0.0425531914893617,0.0425531914893617,0.9574468085106383,47,1350,900,450,0.6666666666666666,18,9,9,341.9983008065159,0.8489053345667591,0.22303968259181683,0.18431489123332864,128065.44189453125,-640.3672960069443,127425.07459852431,1841,0,483.25531914893617,39,8,17,38.29896487256013,0.5953525641025641,46.953125,1012.1875,25.953525641025642,0
1848,4,1,0,46,0.021739130434782608,0.0,1.0,46,1200,900,300,0.75,15,9,6,347.96271259598547,0.8478059581320451,0.2332339107491106,0.18764636891559278,128090.45041867568,-285.8598829351969,127804.59053574048,1842,0,494.2391304347826,38,8,20,38.12247141600702,0.597313596491228,46.92841880341881,1012.2863247863256,26.639113810166464,0
1849,4,2,2,46,0.041666666666666664,0.041666666666666664,0.9583333333333334,48,1850,1400,450,0.7567567567567568,23,14,9,332.6411706142285,0.8554595153664303,0.22752378752096392,0.181897381280852,128645.99745008697,-1041.3975483993565,127604.59990168762,1843,0,474.6041666666667,39,9,15,37.94376989423966,0.6012286324786325,46.38020833333334,1014.479166666668,26.01228632478636,0
1850,4,1,2,45,0.02127659574468085,0.0425531914893617,0.9574468085106383,47,850,600,250,0.7058823529411765,11,6,5,338.37492963032463,0.8562288004933702,0.22832993296415038,0.18433858106726642,128496.33487654322,-704.0123456790109,127792.3225308642,1844,0,485.6808510638298,38,9,15,37.95091324200914,0.6014254385964912,46.52777777777778,1013.8888888888889,26.681286549707604,0
1851,4,5,4,46,0.1,0.08,0.92,50,1750,1500,250,0.8571428571428571,20,15,5,325.00878158228005,0.8635204081632653,0.2328662047428518,0.1801170895010071,129176.1751720363,-1603.3217395754682,127572.85343246083,1845,0,457.4,41,9,17,37.59830112878567,0.6034044715447155,45.85813492063492,1016.5674603174594,24.79432830042584,0
1852,4,0,0,46,0.0,0.0,1.0,46,1450,1000,450,0.6896551724137931,19,10,9,355.36313019560123,0.8442230273752013,0.2508229143299259,0.19451778947940165,128685.96734832686,-53.950366169947415,128632.01698215691,1846,1,498.0869565217391,38,8,18,37.3266996595416,0.6033442982456142,46.34081196581195,1014.6367521367499,26.70096716149342,0
1853,4,1,1,46,0.02127659574468085,0.02127659574468085,0.9787234042553191,47,1650,1200,450,0.7272727272727273,21,12,9,352.3091760431969,0.8509096515572001,0.26210235885579736,0.19471818766580068,129069.04432508662,-305.5582682291869,128763.48605685744,1847,0,488.468085106383,39,8,19,37.013604134631805,0.6055021367521368,45.96354166666666,1016.1458333333319,26.05502136752133,0
1854,4,0,0,46,0.0,0.0,1.0,46,700,600,100,0.8571428571428571,8,6,2,351.57808092968116,0.8507850241545895,0.24791698227541303,0.19470481916639187,129148.44292534704,-118.84765625002032,129029.59526909703,1848,1,469.7608695652174,39,7,21,36.95130491220878,0.6063034188034189,45.88541666666666,1016.4583333333319,26.063034188034152,0
1855,4,0,0,46,0.0,0.0,1.0,46,1250,900,350,0.72,16,9,7,350.5240444344349,0.8497987117552335,0.2545810383218099,0.19479391924082548,129285.00987082534,-136.4773896776265,129148.5324811477,1849,2,470.7608695652174,37,9,21,36.83906109613657,0.611204954954955,45.751096491228054,1016.9956140350853,27.486367946894198,0
1856,4,1,2,45,0.02127659574468085,0.0425531914893617,0.9574468085106383,47,950,700,250,0.7368421052631579,12,7,5,344.31794103270636,0.8545328399629971,0.25135686877124686,0.1922610027126351,129473.07715136216,-484.0193312148692,128989.0578201473,1850,0,461.72340425531917,38,9,15,36.80562845545524,0.6112938596491229,45.566239316239304,1017.7350427350408,26.782501124606338,0
1857,4,1,0,46,0.021739130434782608,0.0,1.0,46,950,700,250,0.7368421052631579,12,7,5,352.83003600436416,0.8472423510466989,0.2633553090897165,0.1966312254705399,129396.5465936632,-69.00236130350305,129327.5442323597,1851,0,472.6304347826087,37,9,21,36.66691364011927,0.6123310810810811,45.64144736842104,1017.4342105263139,27.49822190611659,0
1858,4,1,1,46,0.02127659574468085,0.02127659574468085,0.9787234042553191,47,900,700,200,0.7777777777777778,11,7,4,347.70481355820004,0.8511023743447425,0.2602655333434527,0.1949601342845153,129636.22708013713,-384.9719665424997,129251.25511359464,1852,0,463.5531914893617,38,9,17,36.553626381312064,0.6129385964912282,45.405982905982896,1018.3760683760668,26.79937022042281,0
1859,4,0,1,45,0.0,0.021739130434782608,0.9782608695652174,46,1700,1300,400,0.7647058823529411,21,13,8,353.66496648203304,0.8470410628019324,0.26128866100067905,0.19793726424265673,129563.94184989603,-35.5545696752973,129528.38728022073,1853,2,474.6304347826087,37,9,17,36.475385927122595,0.6140202702702704,45.47697368421052,1018.0921052631571,27.516002844950194,0
1860,4,2,1,46,0.0425531914893617,0.02127659574468085,0.9787234042553191,47,1300,800,500,0.6153846153846154,18,8,10,346.073593401931,0.8575007708911501,0.26154144445509275,0.196080984938174,130044.55133912252,-399.0029631456053,129645.54837597693,1854,0,462.82978723404256,38,9,19,36.1806501169652,0.6170504385964912,45.005341880341874,1019.9786324786314,26.841542959963984,0
1861,4,0,0,46,0.0,0.0,1.0,46,1150,700,450,0.6086956521739131,16,7,9,353.1161707441283,0.8523148148148149,0.2676702029671256,0.1996126001063617,129954.9515836604,-22.161025507846148,129932.79055815256,1855,1,473.89130434782606,37,9,19,36.09203050507223,0.6179617117117117,45.093201754385966,1019.6271929824564,27.557491702228553,0
1862,4,0,0,46,0.0,0.0,1.0,46,1450,1200,250,0.8275862068965517,17,12,5,355.5380655301508,0.8527173913043479,0.2738802606236941,0.20172507354411212,130099.04308431943,51.03242110452851,130150.07550542396,1856,2,474.89130434782606,38,8,21,35.88399308828149,0.6175986842105263,44.95192307692307,1020.1923076923069,26.847165991902813,0
1863,4,2,2,46,0.041666666666666664,0.041666666666666664,0.9583333333333334,48,1300,900,400,0.6923076923076923,17,9,8,337.54257157208787,0.8593195921985816,0.2573244108285948,0.1938530073705133,130570.58572108728,-785.0655594017524,129785.52016168552,1857,0,456.0625,37,11,15,35.86558577405858,0.6241554054054053,44.49013157894737,1022.0394736842107,27.62268847795164,0
1864,4,1,1,46,0.02127659574468085,0.02127659574468085,0.9787234042553191,47,1350,1000,350,0.7407407407407407,17,10,7,348.8348039308042,0.8566527906259636,0.26465403261348586,0.20038130889088485,130578.91506371238,-289.9059532505481,130289.00911046183,1858,0,466.74468085106383,36,11,16,35.56862421037166,0.6261574074074074,44.48198198198198,1022.0720720720723,28.390890890890898,0
1865,4,1,0,47,0.02127659574468085,0.0,1.0,47,1400,900,500,0.6428571428571429,19,9,10,346.95638052796187,0.8523358001850139,0.2678304990395186,0.19998239831914547,130710.70545744846,-329.8173476454302,130380.88810980304,1859,0,467.72340425531917,37,10,18,35.48323682893701,0.6255630630630631,44.353070175438596,1022.5877192982458,27.637505926979617,0
1866,4,0,0,47,0.0,0.0,1.0,47,1100,500,600,0.45454545454545453,17,5,12,345.2750240304317,0.8522587110699968,0.26578523415365796,0.19951770398861704,130808.47447083434,-367.02016673970894,130441.45430409463,1860,1,468.72340425531917,38,9,18,35.42732811140122,0.6247258771929824,44.25747863247864,1022.9700854700861,26.92026540710753,0
1867,4,1,1,47,0.020833333333333332,0.020833333333333332,0.9791666666666666,48,1150,600,550,0.5217391304347826,17,6,11,338.57232473431054,0.856105939716312,0.26635632885632843,0.19666009500524875,131008.00781250016,-728.862847222207,130279.14496527796,1861,0,459.9375,39,9,19,35.397164563831225,0.625,44.06250000000001,1023.7500000000013,26.250000000000032,0
1868,4,1,1,47,0.020833333333333332,0.020833333333333332,0.9791666666666666,48,1350,1100,250,0.8148148148148148,16,11,5,330.4911097891467,0.8586362293144207,0.2732046070460705,0.19357336430507174,131328.12500000012,-919.0538194444308,130409.07118055568,1862,0,457.7291666666667,40,8,21,35.28116531165313,0.6265624999999999,43.75000000000001,1025.000000000001,25.62500000000002,0
1869,4,1,1,47,0.020833333333333332,0.020833333333333332,0.9791666666666666,48,1250,1000,250,0.8,15,10,5,326.2091714060368,0.8567338947990544,0.26628585426688023,0.19205077397756276,131524.88175448202,-1019.0754607186989,130505.80629376332,1863,0,458.5416666666667,37,11,22,35.19274452164617,0.6337274774774775,43.55811403508771,1025.7675438596482,27.723447131341842,0
1870,4,0,0,47,0.0,0.0,1.0,47,1700,1300,400,0.7647058823529411,21,13,8,333.46998067341815,0.8540703052728954,0.2666908932979386,0.19644041438197313,131547.2334082111,-626.589323544443,130920.64408466665,1864,2,469.29787234042556,38,9,22,34.98403110463097,0.6321271929824561,43.53632478632479,1025.8547008547016,26.99617633828162,0
1871,4,0,0,47,0.0,0.0,1.0,47,1150,900,250,0.782608695652174,14,9,5,330.1820205005447,0.8534921369102683,0.2592068631114237,0.1948845466717118,131621.90890842036,-708.1624348958085,130913.74647352454,1865,3,470.29787234042556,39,8,13,34.993169052211286,0.6311431623931623,43.46354166666668,1026.145833333335,26.311431623931668,0
1872,4,1,1,47,0.020833333333333332,0.020833333333333332,0.9791666666666666,48,1250,1000,250,0.8,15,10,5,322.04446848375346,0.8560874704491725,0.2567864444224619,0.19161551100072205,131927.7662622284,-1102.6785271663443,130825.08773506206,1866,0,461.4791666666667,40,8,14,34.894442246183274,0.6325520833333332,43.16565040650408,1027.3373983739855,25.683434959349636,0
1873,4,0,1,46,0.0,0.02127659574468085,0.9787234042553191,47,1150,900,250,0.782608695652174,14,9,5,326.406350786261,0.852027443724946,0.25872070994956564,0.19407737610279582,131901.6665014213,-789.2916749289233,131112.3748264924,1867,1,472.21276595744683,40,7,15,34.80864991425935,0.6322916666666666,43.19105691056912,1027.2357723577252,25.68089430894313,0
1874,4,0,1,45,0.0,0.021739130434782608,0.9782608695652174,46,850,600,250,0.7058823529411765,11,6,5,335.1525708143611,0.851328502415459,0.26411753551158257,0.19893252231539985,131835.7760959203,-362.98014322914594,131472.79595269114,1868,2,483.30434782608694,39,7,15,34.65034063630524,0.6332799145299144,43.25520833333334,1026.979166666668,26.332799145299184,0
1875,4,0,0,45,0.0,0.0,1.0,45,1050,700,350,0.6666666666666666,14,7,7,328.8999495298403,0.8477693602693603,0.2534730417575606,0.18888949042314498,130570.5857210873,-408.6756111255356,130161.91010996175,1869,3,494.8888888888889,37,8,16,36.08641329614133,0.6241554054054053,44.49013157894737,1022.0394736842109,27.622688477951645,4
1876,4,0,0,45,0.0,0.0,1.0,45,1400,1000,400,0.7142857142857143,18,10,8,333.4856564971326,0.8478956228956229,0.26314397103870824,0.19284170571355927,130835.79881656812,-273.6275476660014,130562.17126890211,1870,4,495.8888888888889,38,7,16,35.70123224728488,0.625,44.23076923076923,1023.0769230769235,26.923076923076934,0
1877,4,0,0,45,0.0,0.0,1.0,45,650,500,150,0.7692307692307693,8,5,3,332.1124517926488,0.8479377104377105,0.25995684554882703,0.19232001591717016,130890.45606874146,-305.92994375044174,130584.52612499103,1871,5,496.8888888888889,38,7,16,35.68116168998399,0.625548245614035,44.17735042735043,1023.2905982905994,26.928699955015773,0
1878,4,0,1,44,0.0,0.022222222222222223,0.9777777777777777,45,1100,700,400,0.6363636363636364,15,7,8,330.5901131936094,0.8470959595959596,0.2588325332220136,0.19198269482552507,130999.80481591055,-338.55193951348366,130661.25287639706,1872,6,497.8888888888889,38,7,16,35.60973700688791,0.6266447368421053,44.07051282051282,1023.7179487179485,26.93994601889338,0
1879,4,0,0,44,0.0,0.0,1.0,44,1600,1000,600,0.625,22,10,12,335.7886771888677,0.8433095489781537,0.26214999383249094,0.1948631929828311,130972.46334876539,-4.185956790122447,130968.27739197527,1873,7,509.72727272727275,38,6,16,35.504296698326556,0.6263706140350876,44.09722222222222,1023.6111111111109,26.93713450292397,0
1880,4,1,0,45,0.022222222222222223,0.0,1.0,45,1300,700,600,0.5384615384615384,19,7,12,329.4901564427581,0.8498737373737374,0.25956574604828897,0.19312511002249644,131355.5035635365,-343.44866316018897,131012.05490037632,1874,0,499.3777777777778,38,7,17,35.279225290950144,0.6302083333333333,43.7232905982906,1025.1068376068383,26.976495726495745,0
1881,4,1,1,45,0.021739130434782608,0.021739130434782608,0.9782608695652174,46,1050,700,350,0.6666666666666666,14,7,7,320.02776909503876,0.8526570048309179,0.2510627872174176,0.1886267802403973,131568.4692382814,-778.8872612847059,130789.58197699669,1875,0,489.5,39,7,14,35.30741276610146,0.6306089743589742,43.51562500000001,1025.9375000000011,26.306089743589773,0
1882,4,1,0,46,0.021739130434782608,0.0,1.0,46,850,500,350,0.5882352941176471,12,5,7,319.58326306889666,0.8538244766505636,0.2566241239915974,0.18876104962558587,131648.63281250015,-785.4600694444285,130863.17274305572,1876,0,490.4782608695652,39,7,15,35.238191906888616,0.6314102564102564,43.43750000000001,1026.2500000000011,26.314102564102594,0
1883,4,0,1,45,0.0,0.021739130434782608,0.9782608695652174,46,1350,1000,350,0.7407407407407407,17,10,7,323.07786597273076,0.8529790660225444,0.255387370222375,0.19163066201920456,131809.03320312503,-683.0837673611111,131125.9494357639,1877,1,491.4782608695652,39,7,16,34.98723540948129,0.6330128205128205,43.28125,1026.8750000000002,26.33012820512821,0
1884,4,2,2,45,0.0425531914893617,0.0425531914893617,0.9574468085106383,47,1050,900,150,0.8571428571428571,12,9,3,318.45486406675604,0.8522972556275054,0.24781174252625915,0.18987120197187732,132006.0810364202,-992.4042815123184,131013.67675490786,1878,0,481.9148936170213,40,7,16,34.90798885812236,0.6333333333333333,43.08943089430895,1027.642276422765,25.691056910569124,0
1885,4,0,0,45,0.0,0.0,1.0,45,1700,1300,400,0.7647058823529411,21,13,8,335.15257081436124,0.8425925925925927,0.2579977685363626,0.19893252231539968,131835.7760959202,-162.9801432291604,131672.79595269106,1879,3,504.3333333333333,39,6,16,34.65034063630523,0.6332799145299146,43.255208333333336,1026.9791666666672,26.33279914529916,0
1886,4,0,0,45,0.0,0.0,1.0,45,1250,1000,250,0.8,15,10,5,336.4207445839178,0.8421296296296297,0.25849162892359057,0.2001074416819418,131916.02105034713,-124.14279513889761,131791.87825520823,1880,4,505.3333333333333,39,6,16,34.537027648211996,0.6340811965811967,43.17708333333333,1027.2916666666658,26.340811965811945,0
1887,4,0,0,45,0.0,0.0,1.0,45,1900,1400,500,0.7368421052631579,24,14,10,338.77594364116055,0.8423400673400674,0.2538479721743827,0.202793046675676,132156.90239800356,-45.68413628471646,132111.21826171884,1881,5,506.3333333333333,39,6,18,34.23422567791172,0.6364850427350428,42.942708333333336,1028.2291666666672,26.36485042735044,0
1888,4,0,0,45,0.0,0.0,1.0,45,1100,800,300,0.7272727272727273,14,8,6,339.9627507027336,0.8411616161616162,0.24907698018966684,0.2043707905472245,132317.61203342004,-3.38812934028644,132314.22390407976,1882,6,507.3333333333333,39,6,18,34.04215601903414,0.6380876068376069,42.78645833333333,1028.8541666666658,26.380876068376047,0
1889,4,0,0,45,0.0,0.0,1.0,45,1400,1200,200,0.8571428571428571,16,12,4,339.54208765017,0.8404461279461279,0.24243895858626785,0.20513655222092153,132505.23003472204,-1.7795138889081272,132503.45052083314,1883,7,508.3333333333333,39,6,19,33.86449480642115,0.6399572649572651,42.60416666666666,1029.583333333332,26.39957264957261,0
1890,4,0,0,45,0.0,0.0,1.0,45,1050,700,350,0.6666666666666666,14,7,7,341.4213882908046,0.8388888888888889,0.24836125436792877,0.20700895823468815,132639.3242730033,57.1804470485863,132696.5047200519,1884,8,509.3333333333333,39,6,14,33.68146846664643,0.6412927350427352,42.47395833333332,1030.1041666666652,26.41292735042731,0
1891,4,0,0,45,0.0,0.0,1.0,45,1150,1000,150,0.8695652173913043,13,10,3,344.79830782928343,0.8396464646464646,0.2563293911519935,0.20965517267087264,132746.6484917533,154.16395399303678,132900.81244574633,1885,9,510.3333333333333,39,6,15,33.48674567876276,0.6423611111111112,42.36979166666666,1030.520833333332,26.423611111111075,0
1892,4,0,0,45,0.0,0.0,1.0,45,950,600,350,0.631578947368421,13,6,7,343.5633580343087,0.8387626262626263,0.25502559956884974,0.20935363245735947,132827.17013888885,126.90972222221842,132954.07986111107,1886,10,511.3333333333333,39,6,15,33.43775262732417,0.6431623931623932,42.291666666666664,1030.833333333333,26.431623931623925,0
1893,4,0,0,45,0.0,0.0,1.0,45,1000,700,300,0.7,13,7,6,346.3728191000919,0.8382575757575758,0.2559820426487096,0.211672278338945,132934.5703125,208.98437500000122,133143.5546875,1887,11,512.3333333333334,39,6,15,33.25757575757576,0.6442307692307692,42.1875,1031.25,26.442307692307693,0
1894,4,0,0,45,0.0,0.0,1.0,45,1050,700,350,0.6666666666666666,14,7,7,345.78153830896133,0.8362373737373738,0.2644767546221505,0.2119195764487596,133042.01388888896,200.69444444444935,133242.7083333334,1888,12,513.3333333333334,39,6,16,33.16505115778137,0.6452991452991453,42.083333333333336,1031.6666666666672,26.452991452991466,0
1895,4,0,0,45,0.0,0.0,1.0,45,700,400,300,0.5714285714285714,10,4,6,346.08827929029957,0.836952861952862,0.26719608766852865,0.21241328963133257,133095.751953125,212.5759548611112,133308.32790798612,1889,13,514.3333333333334,39,6,18,33.10325392018306,0.6458333333333334,42.03125,1031.875,26.458333333333332,0
1896,4,0,0,45,0.0,0.0,1.0,45,750,200,550,0.26666666666666666,13,2,11,346.8810864630442,0.836489898989899,0.2658636429909267,0.2130533740600981,133122.62505425364,235.54416232640932,133358.16921658005,1890,14,515.3333333333334,39,6,18,33.05585696981933,0.6461004273504274,42.00520833333334,1031.979166666668,26.46100427350431,0
1897,4,0,0,45,0.0,0.0,1.0,45,1000,600,400,0.6,14,6,8,347.0336097208042,0.8354377104377105,0.25999843047567817,0.2137632135452388,133230.14458550356,247.0675998263983,133477.21218532996,1891,15,516.3333333333334,39,6,18,32.94414034910705,0.6471688034188035,41.90104166666667,1032.3958333333342,26.471688034188055,0
1898,4,0,0,45,0.0,0.0,1.0,45,900,300,600,0.3333333333333333,15,3,12,348.1994146003548,0.835479797979798,0.26199939473418743,0.21479158661688372,133283.9206271703,281.8766276041863,133565.7972547745,1892,16,517.3333333333334,39,6,19,32.86015417465281,0.6477029914529915,41.84895833333334,1032.604166666668,26.47702991452995,0
1899,4,0,1,44,0.0,0.022222222222222223,0.9777777777777777,45,1250,900,350,0.72,16,9,7,343.63160227680515,0.8339646464646465,0.25845682287061655,0.21321447343376465,133500.54974848012,175.26740499478865,133675.8171534749,1893,17,518.3333333333334,37,8,20,32.76116268788683,0.6534346846846848,41.639254385964904,1033.442982456139,27.930891417733484,0
1900,4,0,0,44,0.0,0.0,1.0,44,1250,900,350,0.72,16,9,7,343.7372802889107,0.8309548978153629,0.2662317533675247,0.2140726768749087,133637.8718770547,387.2637245233532,134025.13560157808,1894,18,526.6590909090909,38,6,20,32.62102190535234,0.6529605263157894,41.50641025641026,1033.9743589743603,27.20985155195685,0
1901,4,0,0,44,0.0,0.0,1.0,44,1050,900,150,0.8571428571428571,12,9,3,343.1449607524978,0.8301400634249472,0.27049468969208634,0.2141835180557662,133720.73522764645,377.11928829718704,134097.85451594365,1895,19,527.6590909090909,38,6,17,32.55345522156802,0.653782894736842,41.42628205128206,1034.294871794873,27.21828609986508,0
1902,4,0,1,43,0.0,0.022727272727272728,0.9772727272727273,44,900,400,500,0.4444444444444444,14,4,10,348.8311337327145,0.8292811839323467,0.27056131787675364,0.21838587784106925,133831.25964506174,536.9020061728354,134368.16165123458,1896,20,528.6590909090909,38,6,17,32.295861297539126,0.6548793859649124,41.31944444444444,1034.7222222222224,27.229532163742693,0
1903,4,0,0,43,0.0,0.0,1.0,43,1300,900,400,0.6923076923076923,17,9,8,350.80699079807016,0.8271502399409376,0.24815482433927705,0.22028314542077126,133941.82971957407,797.5460451822563,134739.37576475632,1897,21,503.04651162790697,38,5,17,32.1341641724292,0.6559758771929824,41.212606837606835,1035.1495726495723,27.240778227620325,0
1904,4,0,0,43,0.0,0.0,1.0,43,750,400,350,0.5333333333333333,11,4,7,352.39035830525097,0.8270579549649317,0.24855476071060845,0.22161031553122565,133997.13187824166,843.8594628899112,134840.99134113156,1898,22,504.04651162790697,38,5,17,32.03788738692256,0.6565241228070176,41.159188034188034,1035.363247863248,27.24640125955916,0
1905,4,0,0,43,0.0,0.0,1.0,43,900,400,500,0.4444444444444444,14,4,10,350.5724515006709,0.8263196751568844,0.24693599212095485,0.22071188982698997,134037.92453342027,798.0007595486207,134835.9252929689,1899,23,505.04651162790697,39,4,17,32.044164738624545,0.6551816239316239,41.11979166666667,1035.5208333333344,26.551816239316267,0
1906,4,0,1,42,0.0,0.023255813953488372,0.9767441860465116,43,1000,700,300,0.7,13,7,6,354.6230572622612,0.8273809523809523,0.25384946397500396,0.2237545483131936,134118.83680555577,912.3263888889126,135031.16319444467,1900,24,506.04651162790697,39,4,17,31.85840707964602,0.6559829059829059,41.04166666666668,1035.833333333335,26.559829059829106,0
1907,4,0,0,42,0.0,0.0,1.0,42,1400,1300,100,0.9285714285714286,15,13,2,361.38514608317473,0.8218399148277197,0.2571590691367849,0.2276092411295787,134052.44545118362,1288.9125164365737,135341.3579676202,1901,35,518.5238095238095,38,4,18,31.74971629010626,0.6570723684210525,41.10576923076924,1035.5769230769245,27.252024291498014,0
1908,4,0,0,42,0.0,0.0,1.0,42,1250,800,450,0.64,17,8,9,358.6873600461309,0.8212349980642664,0.25498415972887334,0.22625074532512957,134107.77043839952,1220.5524280444251,135328.32286644395,1902,36,519.5238095238095,38,4,18,31.764225545813993,0.6576206140350876,41.05235042735043,1035.790598290599,27.257647323436817,0
1909,4,0,0,42,0.0,0.0,1.0,42,1150,800,350,0.6956521739130435,15,8,7,362.634498884047,0.8206784746418893,0.2617083946980856,0.2296053942020404,134246.1328438894,1336.4558221930188,135582.58866608242,1903,37,520.5238095238095,38,4,19,31.523625429553274,0.6589912280701753,40.91880341880343,1036.3247863247875,27.271704903283883,0
1910,4,1,0,43,0.023255813953488372,0.0,1.0,43,1000,600,400,0.6,14,6,8,374.11774364239045,0.8226282761166481,0.2501616701139837,0.23159903946114307,133415.57618690346,1383.3174295499389,134798.8936164534,1904,0,509.3953488372093,37,6,19,32.0588339347626,0.6525900900900903,41.721491228070164,1033.1140350877176,27.922000948316693,5
1911,4,0,0,43,0.0,0.0,1.0,43,950,600,350,0.631578947368421,13,6,7,375.9105098855361,0.8222129937246216,0.2546886721680419,0.2330645161290322,133472.22222222207,1434.758291012601,134906.98051323468,1905,1,510.3953488372093,34,9,19,31.955645161290327,0.6593137254901962,41.66666666666666,1033.3333333333321,30.39215686274506,0
1912,4,0,1,42,0.0,0.023255813953488372,0.9767441860465116,43,1350,1000,350,0.7407407407407407,17,10,7,374.01963664761524,0.8225821336286452,0.25182515960382856,0.23264229766967243,133591.84777949232,1393.1948731138357,134985.04265260615,1906,2,511.3953488372093,35,8,19,31.88442304821614,0.6583333333333334,41.55092592592592,1033.7962962962952,29.537037037037006,0
1913,4,1,0,43,0.023255813953488372,0.0,1.0,43,1350,1000,350,0.7407407407407407,17,10,7,361.6024973985439,0.821843853820598,0.22918229557389425,0.2241935483870966,133472.22222222178,1052.7777777777303,134524.9999999995,1907,0,511.0,35,8,18,32.325268817204304,0.6571428571428574,41.66666666666664,1033.3333333333298,29.523809523809422,2
1914,4,0,0,43,0.0,0.0,1.0,43,650,500,150,0.7692307692307693,8,5,3,374.0501353830029,0.821843853820598,0.20115192349489242,0.21064928676832262,129807.2562358276,1184.6690759637086,130991.92531179132,1908,1,512.0,34,9,17,35.708722741433014,0.6225490196078431,45.238095238095234,1019.0476190476186,29.971988795518193,8
1915,4,0,1,42,0.0,0.023255813953488372,0.9767441860465116,43,1550,1200,350,0.7741935483870968,19,12,7,373.14779029649304,0.8212440014765596,0.1957377921915664,0.210467152866836,129867.92091836722,1091.9855442176763,130959.9064625849,1909,2,513.0,34,9,17,35.66996612940904,0.6231617647058825,45.17857142857142,1019.2857142857132,29.978991596638622,0
1916,4,3,1,44,0.06666666666666667,0.022222222222222223,0.9777777777777777,45,1000,800,200,0.8,12,8,4,357.360506055582,0.8339646464646465,0.2019213340583652,0.20473083197389877,130475.34722222218,326.5447845804886,130801.89200680266,1910,0,491.02222222222224,34,11,19,35.45575040783033,0.6292892156862746,44.58333333333333,1021.6666666666662,30.04901960784312,0
1917,4,0,1,43,0.0,0.022727272727272728,0.9772727272727273,44,850,500,350,0.5882352941176471,12,5,7,366.66499661306506,0.8284223044397463,0.21200757121193958,0.20941874001210914,130356.43029423784,759.4280144655963,131115.85830870343,1911,1,503.1818181818182,33,11,19,35.338788551542066,0.6303661616161615,44.69975490196079,1021.2009803921572,30.945484254307797,0
1918,4,1,1,43,0.022727272727272728,0.022727272727272728,0.9772727272727273,44,1050,600,450,0.5714285714285714,15,6,9,355.17244650560156,0.8337297392529951,0.19729601015980514,0.20476049097202137,130718.71456916103,485.53713151927354,131204.2517006803,1847,0,460.72727272727275,34,10,15,35.26508537058594,0.6317401960784313,44.345238095238095,1022.6190476190479,30.07703081232494,0
1919,4,0,0,43,0.0,0.0,1.0,43,900,600,300,0.6666666666666666,12,6,6,363.36960132010074,0.8273809523809523,0.1985068757895787,0.20854364111550744,130544.21864487231,887.1601367262732,131431.37878159859,1848,1,472.3953488372093,33,10,15,35.23241695646959,0.6322601010101009,44.515931372549026,1021.9362745098051,30.967765894236518,0
1920,4,0,0,43,0.0,0.0,1.0,43,1500,1300,200,0.8666666666666667,17,13,4,361.7134214616013,0.8282115171650055,0.1938495408753329,0.2086039047751947,130732.14215986668,857.5140871299865,131589.65624699666,1849,2,473.3953488372093,33,10,16,35.084257040143804,0.6341540404040402,44.33210784313727,1022.6715686274532,30.99004753416525,0
1921,4,0,0,43,0.0,0.0,1.0,43,1000,800,200,0.8,12,8,4,363.22819508452085,0.8286267995570321,0.19695829780593965,0.20964747691392915,130763.47588667838,899.3962658593057,131662.8721525377,1850,3,474.3953488372093,33,10,16,35.01377905583513,0.6344696969696968,44.301470588235304,1022.7941176470603,30.99376114082001,0
1922,4,1,1,43,0.022727272727272728,0.022727272727272728,0.9772727272727273,44,900,700,200,0.7777777777777778,11,7,4,352.23541371888314,0.8305364693446089,0.1890609971356394,0.20483953978337513,131053.71492346957,432.35189909299123,131486.06682256257,1851,0,464.59090909090907,34,10,17,35.001259543463945,0.635110294117647,44.01785714285715,1023.9285714285729,30.115546218487438,0
1923,4,0,0,43,0.0,0.0,1.0,43,1650,1400,250,0.8484848484848485,19,14,5,360.3225210036835,0.8292727943890734,0.1944962863186137,0.20904541400740048,130962.30867346957,837.733843537438,131800.042517007,1852,5,476.3953488372093,34,9,17,34.88674691788789,0.6341911764705881,44.10714285714287,1023.57142857143,30.105042016806767,0
1924,4,0,0,43,0.0,0.0,1.0,43,1150,1100,50,0.9565217391304348,12,11,1,359.6940928426412,0.8298265042451088,0.1981187134902651,0.20905742084664955,131031.70680084026,826.26618227024,131857.9729831105,1853,6,477.3953488372093,35,8,18,34.83259853794558,0.6327380952380952,44.039351851851855,1023.8425925925931,29.252645502645517,0
1925,4,1,1,43,0.022727272727272728,0.022727272727272728,0.9772727272727273,44,950,800,150,0.8421052631578947,11,8,3,350.988499452983,0.8349409795630727,0.19104746775369907,0.20511524447801516,131241.5683208548,412.85622615860683,131654.42454701342,1854,0,467.52272727272725,36,8,18,34.843343590870795,0.6328125,43.83445945945947,1024.6621621621634,28.462837837837874,0
1926,4,0,0,43,0.0,0.0,1.0,43,1200,700,500,0.5833333333333334,17,7,10,359.51681042784867,0.8280269472129936,0.18758564971058012,0.20962595561869973,131155.04017531063,830.4883430728181,131985.52851838345,1855,8,479.3953488372093,36,7,18,34.71237357080034,0.6319444444444444,43.918918918918926,1024.3243243243257,28.45345345345349,0
1927,4,1,0,44,0.022727272727272728,0.0,1.0,44,750,500,250,0.6666666666666666,10,5,5,348.1678887535732,0.8360861522198731,0.187184485942951,0.20456017867086615,131446.78605109753,353.3382653800097,131800.12431647754,1856,0,469.47727272727275,35,9,19,34.708427389014304,0.6369047619047619,43.63425925925927,1025.462962962964,29.298941798941826,0
1928,4,0,0,44,0.0,0.0,1.0,44,1300,1100,200,0.8461538461538461,15,11,4,351.53701461001305,0.8356677237491191,0.19088601753576362,0.20734368825800178,131595.18771701396,452.11588541667214,132047.30360243065,1857,1,470.47727272727275,35,9,14,34.47229272419627,0.6383928571428571,43.489583333333336,1026.0416666666672,29.315476190476204,0
1929,4,0,1,43,0.0,0.022727272727272728,0.9772727272727273,44,1400,800,600,0.5714285714285714,20,8,12,352.3552278635087,0.8344564834390417,0.18886793999508145,0.20896360839605946,131803.09070644723,488.30161179698473,132291.3923182442,1858,2,471.47727272727275,35,9,16,34.2416215810039,0.6404761904761904,43.28703703703704,1026.8518518518522,29.33862433862435,0
1930,4,0,0,43,0.0,0.0,1.0,43,1100,800,300,0.7272727272727273,14,8,6,362.21698557105134,0.834625322997416,0.18959005501403547,0.2149800209345778,131832.8045294282,950.4162112054253,132783.2207406336,1859,3,478.3488372093023,35,8,17,33.95847421015064,0.6407738095238095,43.258101851851855,1026.9675925925928,29.341931216931226,0
1931,4,0,0,43,0.0,0.0,1.0,43,1150,800,350,0.6956521739130435,15,8,7,359.75157157964054,0.8339793281653747,0.18843575375087407,0.2141860966406754,131951.69331114978,893.96580825618,132845.65911940596,1860,4,479.3488372093023,35,8,17,33.901867184859746,0.6419642857142855,43.142361111111114,1027.430555555556,29.355158730158745,0
1932,4,0,1,42,0.0,0.023255813953488372,0.9767441860465116,43,700,600,100,0.8571428571428571,8,6,2,350.3326187516865,0.8343023255813953,0.1890696134638381,0.19916651136309824,130176.38204082476,521.7600844439709,130698.14212526873,1861,5,480.3488372093023,36,7,18,35.93830464209519,0.6221064814814814,44.87612612612613,1020.4954954954967,28.34709709709713,5
1933,4,2,1,43,0.045454545454545456,0.022727272727272728,0.9772727272727273,44,1450,1100,350,0.7586206896551724,18,11,7,343.9014923635234,0.8367248062015504,0.20554164997997626,0.1981361390013193,130694.03863322778,189.20351939776998,130883.24215262555,1862,0,470.0681818181818,36,8,16,35.578193832599126,0.6273148148148149,44.369369369369366,1022.5225225225222,28.403403403403395,0
1934,4,0,0,43,0.0,0.0,1.0,43,1400,1200,200,0.8571428571428571,16,12,4,335.514868961949,0.8311646363971945,0.18728055681771227,0.18339307885978384,128629.57552146744,31.42703514325467,128661.00255661069,1863,1,482.0,36,7,16,37.88761841326228,0.6064814814814814,46.3963963963964,1014.4144144144146,28.178178178178186,5
1935,4,1,0,44,0.022727272727272728,0.0,1.0,44,900,600,300,0.6666666666666666,12,6,6,328.1422742670151,0.8360421071176886,0.1907044202962569,0.18056598942286547,128895.0100631925,-340.81965123884555,128554.19041195366,1864,0,472.02272727272725,37,7,17,37.804480257711546,0.6072635135135136,46.13486842105263,1015.4605263157894,27.444879089615927,0
1936,4,0,0,44,0.0,0.0,1.0,44,1250,800,450,0.64,17,8,9,327.29801023438984,0.8358439041578577,0.1915262052861877,0.18073559969200576,129034.22807979377,-353.47077947061297,128680.75730032315,1865,1,473.02272727272725,37,7,18,37.6843657817109,0.6086711711711712,45.997807017543856,1016.0087719298244,27.459696538643904,0
1937,4,1,0,45,0.022222222222222223,0.0,1.0,45,850,700,150,0.8235294117647058,10,7,3,318.71782953423445,0.8404882154882155,0.1883739311633259,0.17749483928082996,129368.65790435518,-753.4722222222197,128615.18568213296,1866,0,463.4888888888889,37,8,19,37.562872745563006,0.6120495495495495,45.66885964912281,1017.3245614035086,27.495258416311042,0
1938,4,2,0,47,0.0425531914893617,0.0,1.0,47,1350,1000,350,0.7407407407407407,17,10,7,307.6324226320992,0.8490209682392845,0.19103332859624467,0.1736556461126951,129899.73855054882,-1407.725746083663,128492.01280446515,1867,0,444.72340425531917,40,7,17,37.30726414780847,0.6122395833333333,45.147357723577244,1019.4105691056927,25.48526422764232,0
1939,4,0,0,47,0.0,0.0,1.0,47,1150,700,450,0.6086956521739131,16,7,9,309.079012646088,0.8488667900092506,0.19533412080559676,0.17470364697905377,129951.5430320083,-1366.9410775662393,128584.60195444206,1868,1,445.72340425531917,40,7,17,37.21801388750457,0.6127604166666666,45.096544715447166,1019.6138211382133,25.490345528455332,0
1940,4,0,0,47,0.0,0.0,1.0,47,1550,1300,250,0.8387096774193549,18,13,5,302.5805740085427,0.8488282454517422,0.17619603267211237,0.17172950458630507,130110.72137188178,-1526.2046485261078,128584.51672335567,1869,2,446.72340425531917,41,6,17,37.222870478413064,0.6128048780487806,44.940476190476176,1020.2380952380928,24.883855981416897,1
1941,4,1,1,47,0.020833333333333332,0.020833333333333332,0.9791666666666666,48,650,300,350,0.46153846153846156,10,3,7,298.3008695319338,0.8506575059101654,0.18245660902791316,0.17040561326091697,130363.87963750299,-1822.379692617806,128541.49994488519,1870,0,438.3958333333333,41,7,19,37.07661420892428,0.6153455284552847,44.69246031746031,1021.2301587301574,24.90805265195506,0
1942,4,2,3,46,0.04081632653061224,0.061224489795918366,0.9387755102040817,49,1650,1300,350,0.7878787878787878,20,13,7,290.12972416059836,0.8475056689342404,0.17987484849012025,0.1676463874090549,130807.20364048117,-2209.788417913607,128597.41522256756,1871,0,430.3469387755102,42,7,15,36.83890625493352,0.6183035714285715,44.25872093023255,1022.9651162790684,24.356312292358773,0
1943,4,0,0,46,0.0,0.0,1.0,46,1050,800,250,0.7619047619047619,13,8,5,307.8530348903704,0.8408615136876006,0.1800757532077586,0.1757648981380488,130342.35161675334,-1174.7422960069507,129167.60932074639,1872,5,459.39130434782606,39,7,20,36.85447057023363,0.6183226495726496,44.713541666666664,1021.1458333333322,26.18322649572647,0
1944,4,1,0,47,0.02127659574468085,0.0,1.0,47,950,800,150,0.8421052631578947,11,8,3,301.15904967807495,0.8476719087264878,0.1835962945729881,0.1733215125721644,130651.91436975346,-1530.5987259567669,129121.3156437967,1873,0,450.59574468085106,40,7,16,36.71326209410206,0.6197916666666667,44.41056910569106,1022.3577235772358,25.558943089430894,0
1945,4,0,1,46,0.0,0.02127659574468085,0.9787234042553191,47,1600,1300,300,0.8125,19,13,6,299.1540717400581,0.8461301264261486,0.1844563352183879,0.17309673530338526,130859.79327781074,-1570.552002776133,129289.2412750346,1874,1,451.59574468085106,40,7,16,36.55517481128327,0.6218750000000001,44.20731707317073,1023.1707317073162,25.579268292682904,0
1946,4,0,0,46,0.0,0.0,1.0,46,1450,1200,250,0.8275862068965517,17,12,5,304.00570762523824,0.8423913043478262,0.1852032232356331,0.1756080028752842,130794.81336805505,-1247.5260416667222,129547.28732638834,1875,2,462.19565217391306,41,5,12,36.49652070604208,0.6196646341463417,44.27083333333331,1022.9166666666626,24.94918699186982,2
1947,4,0,1,45,0.0,0.021739130434782608,0.9782608695652174,46,1200,900,300,0.75,15,9,6,304.32582555381543,0.8414251207729468,0.18788578945593204,0.17590851530890877,130820.18455530301,-1237.6078672210201,129582.576688082,1876,3,463.19565217391306,41,5,13,36.46277799327645,0.619918699186992,44.24603174603172,1023.0158730158684,24.95160665892362,0
1948,4,0,0,45,0.0,0.0,1.0,45,1500,1200,300,0.8,18,12,6,308.69047469569944,0.8331649831649832,0.19015459992716965,0.17873515754519756,130885.7897601455,-919.3606856038696,129966.42907454164,1877,10,474.4222222222222,40,5,13,36.28504982288871,0.622135416666667,44.18191056910566,1023.2723577235727,25.581808943089317,0
1949,4,0,0,45,0.0,0.0,1.0,45,900,700,200,0.7777777777777778,11,7,4,352.7893276327696,0.8331649831649832,0.19939001226487862,0.194271347336022,128924.1733296323,97.36067187310755,129021.5340015054,1878,11,475.4222222222222,41,4,12,37.14904675849042,0.6008638211382116,46.10615079365077,1015.575396825393,24.770131629887633,7
1950,4,1,2,44,0.021739130434782608,0.043478260869565216,0.9565217391304348,46,850,600,250,0.7058823529411765,11,6,5,348.36065573770577,0.8392310789049919,0.20224518888096998,0.19318181818181804,129201.38888888847,-197.96617142231267,129003.42271746615,1879,0,466.0652173913044,41,5,12,36.97916666666667,0.603658536585366,45.833333333333314,1016.6666666666633,24.796747967479593,0
1951,4,1,0,45,0.022222222222222223,0.0,1.0,45,1150,700,450,0.6086956521739131,16,7,9,350.17110836634293,0.8360269360269361,0.22202240206036805,0.1948228251049874,129330.57089240858,57.56587100931421,129388.13676341789,1880,0,475.6666666666667,40,5,13,36.80167016351948,0.6065104166666667,45.70630081300813,1017.1747967479671,25.429369918699177,0
1952,4,2,2,45,0.0425531914893617,0.0425531914893617,0.9574468085106383,47,850,600,250,0.7058823529411765,11,6,5,335.6655649293428,0.8473635522664199,0.21935494315583282,0.18872661762925713,129743.78511657947,-689.8958145544218,129053.88930202505,1881,0,456.3829787234043,42,5,13,36.75099866844207,0.607638888888889,45.30038759689922,1018.7984496124026,24.257105943152443,0
1953,4,3,2,46,0.0625,0.041666666666666664,0.9583333333333334,48,1550,900,650,0.5806451612903226,22,9,13,332.3951338137804,0.8496232269503546,0.2170696429676382,0.18868415024813867,130117.62242452946,-949.9070965335122,129167.71532799595,1882,0,447.8125,43,5,14,36.455432832126725,0.6099806201550386,44.933712121212125,1020.2651515151521,23.727096546864,0
1954,4,0,0,46,0.0,0.0,1.0,46,850,400,450,0.47058823529411764,13,4,9,342.76229235640244,0.8381642512077295,0.21799470986940017,0.19344738817539453,129891.90853915029,-295.5903341145354,129596.31820503576,1883,1,468.2826086956522,42,4,14,36.41991444866921,0.6091269841269842,45.15503875968992,1019.3798449612402,24.27094868955334,0
1955,4,0,0,46,0.0,0.0,1.0,46,1550,1100,450,0.7096774193548387,20,11,9,341.14929390043704,0.8396940418679549,0.21565869957583206,0.1933914171723158,130064.82600392122,-325.6952894958031,129739.13071442541,1884,2,469.2826086956522,42,4,14,36.28566226528611,0.6108630952380951,44.98546511627908,1020.0581395348852,24.28709856035441,0
1956,4,0,0,46,0.0,0.0,1.0,46,1200,700,500,0.5833333333333334,17,7,10,342.912981406175,0.839633655394525,0.21765143069490822,0.19476125642972103,130138.96869929718,-274.7316492398033,129864.23705005737,1885,3,470.2826086956522,42,4,14,36.165519151630264,0.6116071428571428,44.91279069767443,1020.3488372093045,24.29401993355487,0
1957,4,0,0,46,0.0,0.0,1.0,46,850,600,250,0.7058823529411765,11,6,5,341.15041482449493,0.8392914653784219,0.21346294377262942,0.19388316343857323,130163.687625819,-318.92079427315844,129844.76683154584,1886,4,471.2826086956522,42,4,14,36.18542873421328,0.6118551587301586,44.88856589147288,1020.4457364341104,24.296327057955008,0
1958,4,1,2,45,0.02127659574468085,0.0425531914893617,0.9574468085106383,47,950,600,350,0.631578947368421,13,6,7,333.8250715873093,0.843200740055504,0.2069384516193027,0.190947940947941,130414.54081632658,-692.796199514593,129721.744616812,1887,0,462.2340425531915,41,6,15,36.118395493395504,0.6158536585365852,44.642857142857146,1021.4285714285718,24.912891986062725,0
1959,4,0,0,45,0.0,0.0,1.0,45,1050,800,250,0.7619047619047619,13,8,5,346.4056653743543,0.8430134680134681,0.2143590790055434,0.19750563853019482,130289.17236328137,26.58148871529201,130315.75385199666,1888,1,475.4,39,6,15,35.924161650171776,0.6177884615384615,44.76562500000001,1020.9375000000009,26.177884615384638,0
1960,4,0,0,45,0.0,0.0,1.0,45,1200,700,500,0.5833333333333334,17,7,10,360.29898267975057,0.8427609427609428,0.2472095732288473,0.19017905497176513,127226.70945878053,176.18275066314402,127402.89220944367,1889,2,476.4,38,7,15,38.69577111793569,0.5885416666666667,47.783119658119645,1008.8675213675193,26.549145299145245,7
1961,4,3,2,46,0.0625,0.041666666666666664,0.9583333333333334,48,1400,900,500,0.6428571428571429,19,9,10,347.8266976133293,0.8585438829787234,0.265630984297204,0.18725268195224803,128021.92251066645,-694.1114942010656,127327.81101646539,1890,0,447.5625,42,6,13,38.19597376484106,0.5902777777777778,46.99612403100775,1012.0155038759692,24.095607235142126,0
1962,4,3,3,46,0.061224489795918366,0.061224489795918366,0.9387755102040817,49,1350,1000,350,0.7407407407407407,17,10,7,339.0309958415852,0.8585600907029479,0.25467537862432676,0.18425918918409395,128401.90120174809,-1093.379061153069,127308.52214059501,1891,0,439.3673469387755,40,9,12,38.03059928473544,0.5971354166666668,46.62093495934958,1013.5162601626,25.337906504065,0
1963,4,1,0,47,0.02127659574468085,0.0,1.0,47,1650,1200,450,0.7272727272727273,21,12,9,357.12498508456406,0.8521430773974714,0.2658652916822135,0.19142384534600668,127847.22792935911,-255.12723657851058,127592.1006927806,1892,0,459.0425531914894,38,9,12,38.13956968800619,0.5948464912280704,47.16880341880341,1011.3247863247844,26.613810166441695,5
1964,4,3,1,49,0.06,0.02,0.98,50,1450,800,650,0.5517241379310345,21,8,13,341.3886712248262,0.8624659863945578,0.28229738977417185,0.187041495337908,128722.74900990464,-1211.1023518203835,127511.64665808425,1893,0,432.44,41,9,14,37.64368869553883,0.5988313008130082,46.30456349206348,1014.7817460317441,24.750774293457173,0
1965,4,1,1,49,0.02,0.02,0.98,50,1250,900,350,0.72,16,9,7,339.6598400462525,0.8613095238095237,0.2858982123669045,0.18704130083665843,128924.17332963257,-1241.9271817523513,127682.24614788021,1894,0,433.42,41,9,15,37.4823963726352,0.6008638211382115,46.106150793650784,1015.5753968253952,24.770131629887686,0
1966,4,0,0,49,0.0,0.0,1.0,49,750,400,350,0.5333333333333333,11,4,7,344.5190442767892,0.8616780045351474,0.2840912036529315,0.18947621806410173,128873.80248685108,-920.1041469828817,127953.6983398682,1895,1,440.7755102040816,41,8,15,37.41033626445204,0.6003556910569106,46.15575396825396,1015.3769841269831,24.765292295780075,0
1967,4,1,2,48,0.02,0.04,0.96,50,1200,800,400,0.6666666666666666,16,8,8,337.453585480092,0.8670068027210884,0.28194335844378804,0.1865511729535963,129078.2754660927,-1288.4146272760136,127789.86083881669,1896,0,432.94,42,8,15,37.38159944057722,0.6009424603174605,45.95445736434108,1016.1821705426349,24.194813584348452,0
1968,4,0,0,48,0.0,0.0,1.0,48,1000,800,200,0.8,12,8,4,342.25956554639276,0.8632166075650118,0.28623259143563784,0.1893146322601104,129100.54878432838,-762.8204522549895,128337.72833207338,1897,3,442.5833333333333,41,7,18,37.23683782376677,0.6026422764227642,45.93253968253968,1016.2698412698398,24.787069299264388,0
1969,4,0,1,47,0.0,0.020833333333333332,0.9791666666666666,48,1350,1000,350,0.7407407407407407,17,10,7,339.62644450416565,0.8627364066193853,0.28346994535519143,0.1883383010432189,129201.38888888869,-823.8402305366851,128377.548658352,1898,4,443.5833333333333,38,10,18,37.20116120218578,0.6085526315789475,45.83333333333332,1016.666666666665,26.754385964912238,0
1970,4,3,4,46,0.06,0.08,0.92,50,1750,1200,550,0.6857142857142857,23,12,11,325.15320175447016,0.8721938775510204,0.266704954735715,0.1832308744719515,129832.53146455355,-1556.9073404824728,128275.62412407108,1899,0,426.56,41,9,14,36.92882231740163,0.6100101626016259,45.21329365079366,1019.1468253968266,24.85723964382504,0
1971,4,0,1,45,0.0,0.021739130434782608,0.9782608695652174,46,1600,1200,400,0.75,20,12,8,354.044664328504,0.8597222222222223,0.2843287044631184,0.19702893527147763,129340.77222077946,-41.51794302092827,129299.25427775853,1900,6,457.2391304347826,37,9,19,36.692784125615326,0.6117680180180181,45.69627192982456,1017.2149122807016,27.492294926505448,0
1972,4,0,0,45,0.0,0.0,1.0,45,1350,1000,350,0.7407407407407407,17,10,7,351.6929191526345,0.8607323232323233,0.2749014393356197,0.1963790590766702,129473.07715136232,106.95289100736932,129580.03004236969,1901,7,452.8666666666667,38,7,16,36.61798411365386,0.6112938596491229,45.56623931623931,1017.735042735042,26.78250112460637,0
1973,4,3,1,47,0.0625,0.020833333333333332,0.9791666666666666,48,1250,1100,150,0.88,14,11,3,332.3633930666173,0.8721742021276595,0.27443785640228047,0.18912359446180102,130211.95515243153,-944.4625535399173,129267.49259889161,1902,0,425.5,41,7,18,36.360727708657336,0.6138211382113821,44.84126984126985,1020.6349206349222,24.893534649632247,0
1974,4,0,0,47,0.0,0.0,1.0,47,1250,800,450,0.64,17,8,9,336.862167572865,0.8687943262411347,0.2723811097902846,0.1914223556649205,130158.86423631794,-630.880572906314,129527.98366341162,1903,1,435.5531914893617,40,7,19,36.29971284400624,0.6148437499999999,44.89329268292684,1020.4268292682948,25.51067073170737,0
1975,4,1,2,46,0.020833333333333332,0.041666666666666664,0.9583333333333334,48,850,600,250,0.7058823529411765,11,6,5,335.099456409259,0.8728760342789598,0.27610538882498536,0.19200455971490396,130480.80490037636,-855.0667070420802,129625.73819333428,1904,0,427.4583333333333,38,10,20,36.018813831085104,0.6214364035087718,44.57799145299146,1021.6880341880353,26.886527215474615,0
1976,4,1,1,46,0.02127659574468085,0.02127659574468085,0.9787234042553191,47,1050,700,350,0.6666666666666666,14,7,7,340.05955130157867,0.8746145544249151,0.2809577802974714,0.19581046365560265,130671.89554569394,-512.7547666008875,130159.14077909305,1905,0,418.1063829787234,38,9,17,35.69879832810866,0.6233552631578946,44.39102564102566,1022.4358974359001,26.906207827260527,0
1977,4,0,0,46,0.0,0.0,1.0,46,1600,1200,400,0.75,20,12,8,352.4663298090261,0.870108695652174,0.2909313439794847,0.20301102689741624,130682.6754987111,12.248600530928343,130694.92409924204,1906,1,428.17391304347825,37,9,18,35.370755138516536,0.6252815315315314,44.38048245614035,1022.4780701754383,27.63454243717401,0
1978,4,1,2,45,0.02127659574468085,0.0425531914893617,0.9574468085106383,47,700,600,100,0.8571428571428571,8,6,2,345.2407299697099,0.8743061979648473,0.28702631970656634,0.19978069310694335,130863.12601587042,-364.14376963255063,130498.98224623788,1907,0,420.0425531914894,38,9,18,35.37294211826947,0.6252741228070176,44.20405982905983,1023.1837606837607,26.925888439046336,0
1979,4,1,1,45,0.021739130434782608,0.021739130434782608,0.9782608695652174,46,1300,800,500,0.6153846153846154,18,8,10,353.9049078510434,0.8664452495974235,0.2919011349856253,0.20421529131151525,130753.83434007235,54.88473865878149,130808.71907873114,1908,0,430.04347826086956,38,8,18,35.26193460775097,0.6241776315789473,44.31089743589744,1022.7564102564105,26.914642375168697,0
1980,4,2,1,46,0.0425531914893617,0.02127659574468085,0.9787234042553191,47,800,500,300,0.625,11,5,6,347.13217267297875,0.8715695343817452,0.2995606155710915,0.20191179037724152,131061.33355034732,-300.87890624998954,130760.45464409734,1909,0,421.8510638297872,39,8,19,35.12419464225161,0.625534188034188,44.01041666666667,1023.9583333333342,26.255341880341902,0
1981,4,0,0,46,0.0,0.0,1.0,46,1400,1000,400,0.7142857142857143,18,10,8,357.92799316334157,0.8666062801932367,0.3050918196994994,0.208154240684312,131054.49631090643,181.61457191904674,131236.11088282548,1910,1,432.0217391304348,38,8,19,34.85474923483584,0.6271929824561404,44.01709401709401,1023.9316239316228,26.945569050832177,0
1982,4,0,0,46,0.0,0.0,1.0,46,1450,1000,450,0.6896551724137931,19,10,9,357.60097532002993,0.8655998389694042,0.3009769898985428,0.20872436749391668,131194.69536675356,183.07020399306066,131377.76557074662,1911,2,433.0217391304348,39,7,19,34.72133960345704,0.6268696581196581,43.880208333333336,1024.4791666666672,26.268696581196593,0
1983,4,0,0,46,0.0,0.0,1.0,46,1100,600,500,0.5454545454545454,16,6,10,357.26088968206756,0.865378421900161,0.3041710851891126,0.20925280681378267,131328.12500000023,183.68055555558698,131511.80555555582,1912,3,434.0217391304348,39,7,19,34.59518970189704,0.6282051282051281,43.750000000000014,1025.0000000000018,26.282051282051327,0
1984,4,0,0,46,0.0,0.0,1.0,46,1450,900,550,0.6206896551724138,20,9,11,357.8277831908589,0.8652777777777778,0.3058162022777735,0.21005944332384097,131414.7102127467,204.76688681926663,131619.47709956596,1913,4,435.0217391304348,36,10,20,34.493181402159976,0.634548611111111,43.66554054054055,1025.337837837839,28.48160660660664,0
1985,4,0,0,46,0.0,0.0,1.0,46,900,700,200,0.7777777777777778,11,7,4,356.89886509356404,0.8649959742351047,0.30673901424488115,0.21011887243236596,131524.8817544823,188.21620594799992,131713.0979604303,1914,5,436.0217391304348,37,9,20,34.40573222875467,0.6337274774774774,43.558114035087726,1025.7675438596505,27.723447131341903,0
1986,4,0,0,46,0.0,0.0,1.0,46,1200,700,500,0.5833333333333334,17,7,10,356.1757349501655,0.8643921095008051,0.30589577166444815,0.21041968695764401,131656.85609796198,178.59549638396464,131835.45159434594,1915,6,437.0217391304348,38,8,18,34.291068082448454,0.6332236842105262,43.42948717948718,1026.2820512820522,27.007422402159268,0
1987,4,0,0,46,0.0,0.0,1.0,46,1800,1500,300,0.8333333333333334,21,15,6,357.46534546580244,0.8635466988727859,0.31267667424999623,0.21224918875619253,131848.80566741538,226.27577343121226,132075.08144084658,1916,7,438.0217391304348,38,8,18,34.06433128749262,0.6351425438596492,43.24252136752136,1027.029914529914,27.02710301394511,0
1988,4,0,0,46,0.0,0.0,1.0,46,1050,600,450,0.5714285714285714,15,6,9,356.9563819561562,0.8630434782608696,0.3121579942294297,0.2121000405516985,131876.23844875433,214.8129885309234,132091.05143728526,1917,8,439.0217391304348,38,8,18,34.04973649538868,0.6354166666666667,43.21581196581196,1027.136752136751,27.029914529914503,0
1989,4,1,1,46,0.02127659574468085,0.02127659574468085,0.9787234042553191,47,1150,800,350,0.6956521739130435,15,8,7,350.8118201256661,0.8642075238976256,0.3097285994524561,0.20984925240244384,132130.12695312503,-129.4379340277754,132000.68901909725,1918,0,430.6595744680851,39,8,19,33.95178993583249,0.6362179487179487,42.96875,1028.1250000000002,26.362179487179493,0
1990,4,0,0,46,0.0,0.0,1.0,46,1050,800,250,0.7619047619047619,13,8,5,355.78645831358386,0.860084541062802,0.3136413551877013,0.2124780580654864,132068.34781804716,197.62594510189166,132265.97376314906,1919,10,441.0217391304348,38,8,19,33.88616048227835,0.6373355263157896,43.028846153846146,1027.8846153846139,27.049595141700365,0
1991,4,1,0,47,0.02127659574468085,0.0,1.0,47,1250,800,450,0.64,17,8,9,347.5136866581888,0.8612010484119642,0.3079722109978651,0.20921413068516476,132372.47973552835,-199.75031100403817,132172.72942452432,1920,0,432.6170212765957,41,6,20,33.79275924676244,0.6354166666666667,42.73313492063492,1029.0674603174596,25.09920634920633,0
1992,4,0,0,47,0.0,0.0,1.0,47,1300,800,500,0.6153846153846154,18,8,10,346.8594422918766,0.8602374344742522,0.3048048412700164,0.20957269249948668,132507.98000447432,-207.66380986019612,132300.31619461413,1921,1,433.6170212765957,38,9,20,33.673385562588635,0.6417214912280702,42.60149572649572,1029.5940170940164,27.094579397210957,0
1993,4,0,0,47,0.0,0.0,1.0,47,700,500,200,0.7142857142857143,9,5,4,346.01052839999306,0.8599676225716928,0.30561048821400183,0.20951893805125205,132590.49236613335,-224.45873511579902,132366.03363101755,1922,2,434.6170212765957,38,9,20,33.612335753803585,0.6425438596491229,42.521367521367516,1029.9145299145293,27.103013945119194,0
1994,4,0,0,47,0.0,0.0,1.0,47,1250,800,450,0.64,17,8,9,346.3562356082622,0.8585029293863706,0.3095278032248212,0.2107532961321123,132773.486328125,-202.61501736111268,132570.87131076388,1923,3,435.6170212765957,39,8,18,33.419665116905875,0.6426282051282051,42.34375,1030.625,26.42628205128205,0
1995,4,0,0,47,0.0,0.0,1.0,47,1250,900,350,0.72,16,9,7,350.9437812468112,0.8573080481036077,0.3089619600257896,0.21446564409527383,132934.57031250026,-69.48784722219477,132865.08246527807,1924,4,436.6170212765957,39,8,19,33.139730639730644,0.6442307692307692,42.187500000000014,1031.250000000002,26.442307692307743,0
1996,4,0,0,47,0.0,0.0,1.0,47,1150,800,350,0.6956521739130435,15,8,7,352.1415123445885,0.8562288004933702,0.3116012555834142,0.21566217666966367,133015.14892578137,-31.968858506930587,132983.18006727443,1925,5,437.6170212765957,39,8,19,33.027975529300896,0.6450320512820513,42.10937500000001,1031.562500000001,26.450320512820536,0
1997,4,0,0,47,0.0,0.0,1.0,47,1150,800,350,0.6956521739130435,15,8,7,356.91418204989225,0.8545713845205056,0.3218565542178502,0.21953213097035307,133176.3793945315,106.50770399308493,133282.8870985246,1926,6,438.6170212765957,39,8,19,32.74306606788441,0.6466346153846152,41.953125000000014,1032.187500000002,26.466346153846207,0
1998,4,0,0,47,0.0,0.0,1.0,47,1450,1100,350,0.7586206896551724,18,11,7,357.67925456250515,0.8544557508479802,0.3241084655516664,0.22016157842946776,133203.26063368074,128.80859375002234,133332.06922743077,1927,7,439.6170212765957,39,8,19,32.69635048772284,0.6469017094017093,41.92708333333334,1032.2916666666683,26.469017094017136,0
1999,4,0,0,47,0.0,0.0,1.0,47,1350,800,550,0.5925925925925926,19,8,11,357.3971987211866,0.8532994141227258,0.31525588143137306,0.22062489589799814,133310.81271701414,128.98220486113667,133439.79492187526,1928,8,440.6170212765957,39,8,19,32.5957400309327,0.6479700854700854,41.82291666666668,1032.7083333333353,26.479700854700905,0
2000,4,1,1,47,0.020833333333333332,0.020833333333333332,0.9791666666666666,48,1000,700,300,0.7,13,7,6,346.0834238024171,0.8568631796690307,0.3013007646998034,0.2153729448318965,133610.25646732774,-351.74568483363583,133258.5107824941,1929,0,432.4166666666667,38,10,19,32.58800936929488,0.652686403508772,41.53311965811965,1033.867521367521,27.207040035987394,0
2001,4,0,0,47,0.0,0.0,1.0,47,1400,800,600,0.5714285714285714,20,8,12,354.80772908422756,0.851140918902251,0.31469590515247026,0.22048598958978313,133557.21381819388,77.42634752998134,133634.64016572386,1930,10,442.6170212765957,37,10,20,32.41564566316607,0.6539977477477479,41.58442982456139,1033.662280701753,27.936818397344673,0
2002,4,0,0,47,0.0,0.0,1.0,47,1250,800,450,0.64,17,8,9,353.78842146575386,0.8502543940795559,0.31333228040883565,0.22035831006750708,133642.23246575863,56.214893044006885,133698.44735880263,1931,11,443.6170212765957,37,10,21,32.356839872746555,0.6548423423423424,41.50219298245614,1033.9912280701749,27.945708866761482,0
2003,4,0,0,47,0.0,0.0,1.0,47,1200,800,400,0.6666666666666666,16,8,8,353.97174037405944,0.8507169287696577,0.3143749506703195,0.22132030287801524,133783.99032635038,71.15037800091221,133855.1407043513,1932,12,444.6170212765957,37,10,15,32.21018812930577,0.65625,41.36513157894736,1034.5394736842102,27.960526315789465,0
2004,4,0,0,47,0.0,0.0,1.0,47,1300,900,400,0.6923076923076923,17,9,8,349.01130078885075,0.8498689485044711,0.3040774652526188,0.21932033104046464,133969.4793721236,-48.62754766600449,133920.8518244576,1933,13,445.6170212765957,38,9,15,32.15299277605779,0.65625,41.18589743589744,1035.2564102564104,27.243589743589748,0
2005,4,0,0,47,0.0,0.0,1.0,47,1250,900,350,0.72,16,9,7,348.12496710646127,0.8493293246993524,0.3050644291279587,0.21901026411634367,134010.95920138908,-69.48784722220222,133941.4713541669,1934,14,446.6170212765957,39,8,16,32.13447350771295,0.6549145299145298,41.14583333333334,1035.4166666666683,26.54914529914534,0
2006,4,0,0,47,0.0,0.0,1.0,47,1000,700,300,0.7,13,7,6,349.4452279506991,0.8485584335491828,0.301056127077592,0.2204875220013804,134118.83680555565,-26.562499999990052,134092.27430555565,1935,15,447.6170212765957,39,8,17,31.992491284526675,0.655982905982906,41.04166666666667,1035.8333333333342,26.55982905982908,0
2007,4,0,0,47,0.0,0.0,1.0,47,1650,1000,650,0.6060606060606061,23,10,13,350.09779142902056,0.847132284921369,0.3005840424462629,0.22171374455298087,134253.74484592033,0.387912326408582,134254.13275824673,1936,16,448.6170212765957,39,8,18,31.840825711126747,0.6573183760683761,40.91145833333334,1036.3541666666683,26.573183760683804,0
2008,4,0,0,47,0.0,0.0,1.0,47,1400,1000,400,0.7142857142857143,18,10,8,349.33095593188034,0.847286463151403,0.3001216599636085,0.22155464260536287,134307.7270507814,-16.430664062485505,134291.2963867189,1937,17,449.6170212765957,39,8,19,31.806790774796507,0.6578525641025641,40.85937500000001,1036.5625000000011,26.57852564102567,0
2009,4,0,0,47,0.0,0.0,1.0,47,1050,400,650,0.38095238095238093,17,4,13,351.5745515795463,0.8461301264261486,0.29663271957852855,0.22363735852871472,134415.72401258687,51.42957899305952,134467.15359157993,1938,18,450.6170212765957,39,8,19,31.640821195379196,0.6589209401709402,40.755208333333336,1036.9791666666672,26.589209401709414,0
2010,4,0,0,47,0.0,0.0,1.0,47,1700,1300,400,0.7647058823529411,21,13,8,350.72778526400066,0.8466697502312673,0.2916777829653834,0.2237643269984326,134524.42329301356,36.29060909512634,134560.7139021087,1939,19,451.6170212765957,40,7,20,31.554295650470213,0.6583333333333332,40.650406504065046,1037.3983739837408,25.93495934959352,0
2011,4,0,0,47,0.0,0.0,1.0,47,1000,700,300,0.7,13,7,6,350.5589886665404,0.8459374036386061,0.29848814133754686,0.2246947830539021,134693.02002779674,43.577522162668345,134736.5975499594,1940,20,452.6170212765957,37,10,20,31.390510017252907,0.6652590090090091,40.48793859649121,1038.048245614033,28.05535798956846,0
2012,4,0,0,47,0.0,0.0,1.0,47,1000,800,200,0.8,12,8,4,350.670340100402,0.845513413506013,0.2978635828228393,0.22508681407501294,134744.82819234376,50.202945795851804,134795.0311381396,1941,21,453.6170212765957,38,9,20,31.335965905193127,0.6639254385964914,40.438034188034166,1038.2478632478596,27.322312190733147,0
2013,4,0,0,47,0.0,0.0,1.0,47,1150,800,350,0.6956521739130435,15,8,7,347.7324997893715,0.8453206907184705,0.29174696879475426,0.2235038871953734,134794.05517578108,-25.545247395846786,134768.50992838523,1942,22,454.6170212765957,39,8,18,31.363163306249373,0.6626602564102565,40.39062499999999,1038.4374999999986,26.62660256410253,0
2014,4,0,0,47,0.0,0.0,1.0,47,1300,800,500,0.6153846153846154,18,8,10,354.84467442421453,0.8432392846130126,0.30070978877010557,0.22875668636281102,134902.24745008658,173.86881510414196,135076.1162651907,1943,23,455.6170212765957,39,8,18,31.070661619706538,0.6637286324786327,40.28645833333332,1038.854166666665,26.63728632478628,0
2015,4,0,0,47,0.0,0.0,1.0,47,1300,1100,200,0.8461538461538461,15,11,4,355.06250926193127,0.84254548257786,0.3030118208048729,0.22958254406391984,135010.48312716998,187.43218315970347,135197.91531032967,1944,24,456.6170212765957,39,8,18,30.95713891951488,0.6647970085470087,40.18229166666666,1039.270833333332,26.64797008547005,0
2016,4,0,0,47,0.0,0.0,1.0,47,1050,800,250,0.7619047619047619,13,8,5,358.3603757468819,0.8425069380203515,0.3080405962818722,0.23241032555748053,135118.7622070311,284.242078993041,135403.00428602414,1945,25,457.6170212765957,39,8,18,30.763554921016596,0.6658653846153848,40.07812499999999,1039.6874999999989,26.65865384615382,0
2017,4,0,0,47,0.0,0.0,1.0,47,1550,1200,350,0.7741935483870968,19,12,7,360.1003687187424,0.8416975023126734,0.32982780893393326,0.22817332964993606,134273.8138856929,274.3270785964108,134548.1409642893,1946,26,458.6170212765957,38,9,17,31.561608768855432,0.659265350877193,40.89209401709402,1036.431623931624,27.274516419253263,2
2018,4,0,0,47,0.0,0.0,1.0,47,1100,700,400,0.6363636363636364,15,7,8,360.7282803114112,0.8418516805427073,0.33354997605527825,0.228952030973161,134334.72222222228,291.6666666666723,134626.38888888896,1947,27,459.6170212765957,39,8,18,31.484458735262585,0.6581196581196581,40.833333333333336,1036.666666666667,26.58119658119659,0
2019,4,0,0,47,0.0,0.0,1.0,47,1300,700,600,0.5384615384615384,19,7,12,361.10287342276445,0.8408495220474869,0.3345461071243163,0.2303794693412755,134523.7643771701,315.3835720486065,134839.1479492187,1948,28,460.6170212765957,39,8,19,31.285876259329914,0.6599893162393162,40.651041666666664,1037.395833333333,26.599893162393155,0
2020,4,0,0,47,0.0,0.0,1.0,47,1750,1300,450,0.7428571428571429,22,13,9,363.0909702930274,0.8398473635522664,0.3394385711845431,0.23258570154199057,134670.88906035654,379.56760652433354,135050.45666688087,1949,29,461.6170212765957,35,12,19,31.087384775498066,0.6690476190476191,40.50925925925925,1037.962962962962,29.656084656084627,0
2021,4,0,0,47,0.0,0.0,1.0,47,1250,500,750,0.4,20,5,15,329.2758695320026,0.8403098982423681,0.24304604511183592,0.2008721404932153,132869.07723783804,-634.3981292775015,132234.67910856052,1950,30,462.6170212765957,40,7,15,33.763964185970096,0.6419270833333333,42.25101626016261,1030.9959349593505,25.774898373983763,6
2022,4,0,2,45,0.0,0.0425531914893617,0.9574468085106383,47,1400,1000,400,0.7142857142857143,18,10,8,329.8708534543423,0.8394619179771816,0.2421465255214339,0.20194144526909402,133000.07952442343,-625.4300515565969,132374.64947286685,1951,31,463.6170212765957,40,7,15,33.61740558292282,0.6432291666666666,42.123983739837406,1031.5040650406515,25.78760162601629,0
2023,4,0,0,45,0.0,0.0,1.0,45,1050,700,350,0.6666666666666666,14,7,7,339.5163758800121,0.8359848484848486,0.2505050505050501,0.20748222970445201,132934.57031250015,26.692708333348037,132961.2630208335,1952,32,481.44444444444446,39,6,15,33.43434343434344,0.6442307692307692,42.18750000000001,1031.2500000000011,26.442307692307722,0
2024,4,0,0,45,0.0,0.0,1.0,45,950,600,350,0.631578947368421,13,6,7,342.5192021108619,0.8340067340067341,0.25866092263507423,0.20992018426398387,133042.01388888905,113.88888888890799,133155.90277777796,1953,33,482.44444444444446,39,6,16,33.24919224555736,0.6452991452991452,42.08333333333334,1031.666666666668,26.45299145299149,0
2025,4,0,0,45,0.0,0.0,1.0,45,1500,1000,500,0.6666666666666666,20,10,10,342.44968934219014,0.8335016835016835,0.2573004979141429,0.21048334503737107,133149.50086805568,119.40104166667658,133268.90190972236,1954,34,483.44444444444446,39,6,16,33.143251244785354,0.6463675213675213,41.97916666666667,1032.0833333333344,26.46367521367524,0
2026,4,0,0,45,0.0,0.0,1.0,45,850,400,450,0.47058823529411764,13,4,9,343.66819030202157,0.833459595959596,0.2583249243188692,0.21153737676354276,133203.26063368074,155.54470486113252,133358.80533854186,1955,35,484.44444444444446,39,6,16,33.05793810965355,0.6469017094017093,41.92708333333334,1032.2916666666683,26.469017094017136,0
2027,4,0,0,45,0.0,0.0,1.0,45,1350,1100,250,0.8148148148148148,16,11,5,345.5942824839797,0.8326178451178452,0.2597711198538388,0.21318457512530772,133283.92062717033,212.43218315974178,133496.35281033008,1956,36,485.44444444444446,39,6,16,32.927405931604966,0.6477029914529913,41.84895833333334,1032.6041666666683,26.477029914529957,0
2028,4,1,0,46,0.021739130434782608,0.0,1.0,46,1000,600,400,0.6,14,6,8,341.13904808612915,0.837157809983897,0.2657618803741342,0.2124545500242958,133637.87187705454,-81.9148779072151,133555.9569991473,1957,0,475.8695652173913,38,8,17,32.68818454226079,0.6529605263157894,41.506410256410255,1033.974358974359,27.209851551956813,0
2029,4,0,1,45,0.0,0.021739130434782608,0.9782608695652174,46,1600,1300,300,0.8125,19,13,6,344.49756486608845,0.8366143317230273,0.2703414429126183,0.2153055580040987,133768.39328342033,16.57714843752035,133784.97043185786,1958,1,476.8695652173913,39,7,16,32.47081948779913,0.6525106837606837,41.38020833333334,1034.4791666666683,26.52510683760688,0
2030,4,0,0,45,0.0,0.0,1.0,45,1600,1300,300,0.8125,19,13,6,344.0862246080962,0.8351430976430977,0.26592106954621486,0.2070105755008799,132346.95845930948,110.0344134326009,132456.9928727421,1959,2,479.8888888888889,41,4,17,33.906591464198485,0.6351626016260163,42.7579365079365,1028.9682539682526,25.0967866821525,5
2031,4,0,0,45,0.0,0.0,1.0,45,1550,1100,450,0.7096774193548387,20,11,9,343.6785434858244,0.8359006734006734,0.26325360006141807,0.20762118807721408,132502.6142363174,107.67093566002683,132610.28517197742,1960,3,480.8888888888889,40,5,17,33.76065212384431,0.6382812500000001,42.60670731707316,1029.5731707317052,25.73932926829263,0
2032,4,0,0,45,0.0,0.0,1.0,45,1150,700,450,0.6086956521739131,16,7,9,346.7971732815713,0.8343013468013468,0.27040691046215937,0.21023541557308645,132633.43578557728,199.38012261219706,132832.81590818948,1961,4,481.8888888888889,40,5,15,33.548942712444095,0.6395833333333334,42.479674796747965,1030.0813008130076,25.75203252032519,0
2033,4,0,0,45,0.0,0.0,1.0,45,900,600,300,0.6666666666666666,12,6,6,345.80527448074093,0.8338383838383839,0.27023011176857326,0.21021975319152963,132738.13950029752,180.30975279265942,132918.4492530902,1962,5,482.8888888888889,40,5,16,33.46934582511506,0.640625,42.37804878048781,1030.4878048780495,25.762195121951237,0
2034,4,1,1,45,0.021739130434782608,0.021739130434782608,0.9782608695652174,46,1300,1100,200,0.8461538461538461,15,11,4,338.4922330152044,0.8377616747181965,0.26261321157078754,0.207281639510724,133011.3112953514,-195.34084467121042,132815.97045068018,1963,0,473.3695652173913,41,5,17,33.3838238122716,0.6417682926829269,42.113095238095234,1031.5476190476184,25.159698025551666,0
2035,4,0,0,45,0.0,0.0,1.0,45,1300,700,600,0.5384615384615384,19,7,12,344.19622131431277,0.833459595959596,0.2673166142860197,0.21019832692955137,132908.9949058326,149.3547650541601,133058.34967088676,1964,7,484.8888888888889,41,4,17,33.33934641780513,0.6407520325203253,42.21230158730158,1031.1507936507928,25.15001935733641,0
2036,4,0,0,45,0.0,0.0,1.0,45,1200,700,500,0.5833333333333334,17,7,10,341.93866225010964,0.8324074074074075,0.2647753248786595,0.20931207933596427,132997.03222650383,95.3654565530914,133092.39768305692,1965,8,485.8888888888889,42,3,18,33.30926099890402,0.6401289682539684,42.126937984496124,1031.4922480620155,24.5593392395718,0
2037,4,0,0,45,0.0,0.0,1.0,45,1400,900,500,0.6428571428571429,19,9,10,342.56762977746126,0.8327020202020202,0.26556046043225523,0.20997798239727283,133047.01232084905,115.51993194518928,133162.53225279425,1966,9,486.8888888888889,42,3,18,33.24293228139381,0.640625,42.07848837209302,1031.6860465116276,24.563953488372086,0
2038,4,0,0,45,0.0,0.0,1.0,45,1100,600,500,0.5454545454545454,16,6,10,341.49573497321967,0.8325757575757576,0.25938028169014116,0.20974219016521264,133122.0000676041,92.1190508382877,133214.11911844238,1967,10,487.8888888888889,42,3,18,33.19542253521127,0.6413690476190477,42.00581395348837,1031.9767441860463,24.57087486157253,0
2039,4,0,0,45,0.0,0.0,1.0,45,1350,1000,350,0.7407407407407407,17,10,7,342.48836365854476,0.8326178451178452,0.2604473643047085,0.21105919692202382,133247.0265928279,127.11122002883934,133374.13781285673,1968,11,488.8888888888889,42,3,18,33.04454090411387,0.642609126984127,41.88468992248062,1032.461240310077,24.582410483573263,0
2040,4,0,0,45,0.0,0.0,1.0,45,1400,1000,400,0.7142857142857143,18,10,8,340.68196938283427,0.831523569023569,0.2555972482801754,0.2106537003260448,133372.1118021753,87.49474190252351,133459.6065440778,1969,12,489.8888888888889,42,3,19,32.965916197623514,0.6438492063492064,41.763565891472865,1032.945736434108,24.593946105574002,0
2041,4,0,0,45,0.0,0.0,1.0,45,1100,800,300,0.7272727272727273,14,8,6,344.2533501592452,0.8308922558922559,0.25838415159345374,0.21391465400068718,133555.03420857998,195.50382274354462,133750.53803132352,1970,13,490.8888888888889,38,7,19,32.6905684754522,0.6521381578947367,41.58653846153847,1033.6538461538469,27.2014170040486,0
2042,4,0,0,45,0.0,0.0,1.0,45,1900,1600,300,0.8421052631578947,22,16,6,343.8974171732401,0.8285774410774411,0.25362663086508985,0.2149747379269519,133775.99172921694,201.04360709329256,133977.03533631025,1971,14,491.8888888888889,38,7,14,32.47874281386622,0.6543311403508771,41.37286324786325,1034.5085470085476,27.223909131803882,0
2043,4,0,0,45,0.0,0.0,1.0,45,1300,900,400,0.6923076923076923,17,9,8,343.64336722174863,0.826936026936027,0.2549797054778433,0.21571599116124576,133930.07948133702,204.83669704863058,134134.91617838564,1972,15,492.8888888888889,39,6,14,32.33129130186845,0.6541132478632479,41.22395833333334,1035.1041666666683,26.541132478632523,0
2044,4,0,0,45,0.0,0.0,1.0,45,850,400,450,0.47058823529411764,13,4,9,346.21201277609293,0.8260101010101011,0.26131116028521006,0.21812673200379695,134064.892578125,282.97526041666583,134347.86783854166,1973,16,493.8888888888889,39,6,16,32.130104606718966,0.655448717948718,41.09375,1035.625,26.55448717948718,0
2045,4,0,0,45,0.0,0.0,1.0,45,1100,700,400,0.6363636363636364,15,7,8,348.0438448811989,0.8258417508417509,0.25821382299066276,0.2202506468752014,134226.7578125,343.35937499999966,134570.1171875,1974,17,494.8888888888889,39,6,17,31.920989143546436,0.657051282051282,40.9375,1036.25,26.57051282051282,0
2046,4,0,0,45,0.0,0.0,1.0,45,1200,1000,200,0.8333333333333334,14,10,4,346.08525910545205,0.8260101010101011,0.25642055918299,0.2201456073095704,134415.72401258687,303.86013454861575,134719.5841471355,1975,18,495.8888888888889,39,6,18,31.783128243763596,0.6589209401709402,40.755208333333336,1036.9791666666672,26.589209401709414,0
2047,4,0,0,45,0.0,0.0,1.0,45,900,700,200,0.7777777777777778,11,7,4,346.92988822760907,0.8238215488215489,0.25506470325747443,0.22150139017608908,134550.78125000012,336.14095052084775,134886.92220052096,1976,19,496.8888888888889,36,9,20,31.626506024096376,0.665798611111111,40.62500000000001,1037.500000000001,28.81944444444447,0
2048,4,0,0,45,0.0,0.0,1.0,45,1050,700,350,0.6666666666666666,14,7,7,345.3235232724954,0.8226010101010102,0.25721830349068475,0.22082972012186325,134609.20538359327,296.7450135946934,134905.95039718796,1977,20,497.8888888888889,36,9,20,31.609920419605707,0.6663773148148147,40.5686936936937,1037.725225225227,28.82570070070075,0
2049,4,0,0,45,0.0,0.0,1.0,45,700,300,400,0.42857142857142855,11,3,8,345.87343792286237,0.8215488215488216,0.2561714333923899,0.2218933350181538,134726.0916955808,319.63530253227526,135045.7269981131,1978,21,498.8888888888889,36,9,21,31.479146328235174,0.6675347222222221,40.45608108108109,1038.1756756756765,28.838213213213237,0
2050,4,0,0,45,0.0,0.0,1.0,45,1350,1000,350,0.7407407407407407,17,10,7,346.55931137006934,0.8205387205387206,0.26326013513513513,0.22300338296856648,134835.3339489074,345.68809633734094,135181.02204524475,1979,22,499.8888888888889,37,8,15,31.352495073198185,0.6666666666666666,40.35087719298246,1038.5964912280706,28.070175438596504,0
2051,4,0,0,45,0.0,0.0,1.0,45,1450,1100,350,0.7586206896551724,18,11,7,344.1740178159537,0.8193602693602694,0.2568735049950752,0.22216573520599295,134949.2391889812,289.20437057556023,135238.44355955676,1980,23,500.8888888888889,37,8,16,31.30100605037287,0.6677927927927928,40.24122807017544,1039.0350877192982,28.08202939781887,0
2052,4,0,0,45,0.0,0.0,1.0,45,1600,1100,500,0.6875,21,11,10,342.68938678961115,0.8176346801346802,0.2509018036072139,0.22208052468573503,135091.68836805553,258.8975694444406,135350.58593749997,1981,24,501.8888888888889,37,8,18,31.197812291249157,0.6692004504504505,40.104166666666664,1039.5833333333333,28.096846846846844,0
2053,4,0,0,45,0.0,0.0,1.0,45,1400,1000,400,0.7142857142857143,18,10,8,340.700606124979,0.8162037037037038,0.24742140949250002,0.22138716288521657,135188.8891171743,211.78729271676758,135400.67640989105,1982,25,502.8888888888889,38,7,18,31.152831997808356,0.668311403508772,40.010683760683754,1039.9572649572644,27.367296446243802,0
2054,4,0,0,45,0.0,0.0,1.0,45,1400,1200,200,0.8571428571428571,16,12,4,341.0641102737291,0.8142676767676769,0.2542766197761577,0.22247979704995627,135327.8079685331,231.091684016359,135558.89965254947,1983,26,503.8888888888889,38,7,20,31.005279460588024,0.6696820175438596,39.87713675213675,1040.4914529914527,27.38135402609086,0
2055,4,0,0,45,0.0,0.0,1.0,45,1150,800,350,0.6956521739130435,15,8,7,341.43205899590595,0.8141835016835017,0.25742642026009555,0.2228919741702495,135355.6002995105,242.9482613777394,135598.54856088824,1984,27,504.8888888888889,38,7,20,30.96808692676249,0.6699561403508772,39.850427350427346,1040.59829059829,27.384165542060266,0
2056,4,0,0,45,0.0,0.0,1.0,45,950,700,250,0.7368421052631579,12,7,5,340.9478223446102,0.8133417508417509,0.2578896090142755,0.22301898703489073,135427.0793965733,234.7135613504504,135661.79295792375,1985,28,505.8888888888889,41,4,20,30.909661329266736,0.6656504065040652,39.781746031746025,1040.8730158730148,25.387146728610116,0
2057,4,1,1,45,0.021739130434782608,0.021739130434782608,0.9782608695652174,46,1150,600,550,0.5217391304347826,17,6,11,334.5113266652789,0.8176731078904992,0.24991077393317673,0.22042487003976985,135690.7954851493,-121.19104522130286,135569.60443992802,1986,0,495.8695652173913,37,9,21,30.815442363011304,0.6751126126126126,39.52850877192983,1041.885964912281,28.159080132764352,0
2058,4,0,0,45,0.0,0.0,1.0,45,950,700,250,0.7368421052631579,12,7,5,341.33855098274546,0.8118265993265994,0.2549860248628799,0.22474411454518825,135662.2365174862,261.3502471914497,135923.58676467763,1987,30,507.8888888888889,37,8,22,30.66596060063853,0.674831081081081,39.55592105263158,1041.776315789474,28.156116642958757,0
2059,4,0,0,45,0.0,0.0,1.0,45,1200,800,400,0.6666666666666666,16,8,8,341.02195258299446,0.8100168350168351,0.2634219323468221,0.22543495697176252,135805.06141312714,262.50144275161944,136067.56285587876,1988,31,508.8888888888889,37,8,22,30.532470720246874,0.6762387387387387,39.41885964912281,1042.3245614035088,28.170934091986727,0
2060,4,0,0,45,0.0,0.0,1.0,45,900,600,300,0.6666666666666666,12,6,6,342.3045739309668,0.8093013468013468,0.26281493946618073,0.22664567471696617,135862.21241151128,301.2513465681818,136163.46375807945,1989,32,509.8888888888889,37,8,22,30.442346795680837,0.6768018018018017,39.3640350877193,1042.543859649123,28.17686107159792,0
2061,4,0,1,44,0.0,0.022222222222222223,0.9777777777777777,45,800,600,200,0.75,10,6,4,322.5940025235576,0.8095538720538721,0.21021991940126683,0.19677826323339645,132865.71905361972,-391.18560844291113,132474.5334451768,1990,33,510.8888888888889,38,7,16,33.939550949913645,0.6452850877192982,42.254273504273506,1030.9829059829062,27.131129104813322,7
2062,4,0,0,44,0.0,0.0,1.0,44,1550,1100,450,0.7096774193548387,20,11,9,325.3953678196101,0.8060914376321353,0.2059228650137741,0.19885272477865076,132934.57031250015,-148.74131944442928,132785.8289930557,1991,34,500.75,37,7,16,33.79840067340068,0.647804054054054,42.18750000000001,1031.2500000000011,27.871621621621653,0
2063,4,0,0,44,0.0,0.0,1.0,44,1100,800,300,0.7272727272727273,14,8,6,327.902396137164,0.8052105355884426,0.21077204013629758,0.2011995769944557,133086.1058605451,-72.14939915259077,133013.95646139252,1992,35,501.75,38,6,16,33.582047697936076,0.6474780701754386,42.0405982905983,1031.8376068376078,27.15362123256863,0
2064,4,0,0,44,0.0,0.0,1.0,44,1100,800,300,0.7272727272727273,14,8,6,326.20255820433994,0.8047040169133193,0.2073260814333162,0.20060107669077865,133168.79799702333,-111.99948407479002,133056.79851294853,1993,36,502.75,38,6,17,33.54315460787356,0.6483004385964912,41.96047008547009,1032.158119658121,27.16205578047687,0
2065,4,0,0,44,0.0,0.0,1.0,44,900,600,300,0.6666666666666666,12,6,6,331.3094190829948,0.8028761451726568,0.21581855805859984,0.20434623710511465,133279.09412895396,31.323850354310537,133310.41797930826,1994,37,503.75,38,6,18,33.30100017244352,0.6493969298245613,41.853632478632484,1032.5854700854707,27.17330184435449,0
2066,4,0,0,44,0.0,0.0,1.0,44,1150,800,350,0.6956521739130435,15,8,7,333.3199965599042,0.8025458069062721,0.2202455401224408,0.2058916553830412,133334.25931633066,88.59497132734413,133422.854287658,1995,38,504.75,38,6,18,33.19389848625909,0.6499451754385964,41.800213675213676,1032.7991452991455,27.1789248762933,0
2067,4,0,1,43,0.0,0.022727272727272728,0.9772727272727273,44,1850,1300,550,0.7027027027027027,24,13,11,332.6856717027163,0.8017309725158562,0.214572192513369,0.2069142592297382,133588.61395178956,88.74623130512526,133677.3601830947,1996,39,505.75,36,8,19,32.95592774146695,0.65625,41.55405405405405,1033.7837837837833,28.716216216216203,0
2068,4,1,1,43,0.022727272727272728,0.022727272727272728,0.9772727272727273,44,1050,600,450,0.5714285714285714,15,6,9,327.65150585800853,0.8032725510923185,0.2149782769948072,0.20517898213550273,133840.71451071484,-29.37766909049725,133811.33684162435,1997,0,503.29545454545456,37,7,15,32.83430027197907,0.6568130630630631,41.310307017543856,1034.7587719298244,27.96645329540066,0
2069,4,0,0,43,0.0,0.0,1.0,43,1300,1100,200,0.8461538461538461,15,11,4,337.2191233902758,0.7983573274270949,0.21641959210542971,0.21056136290548483,133734.1749477518,419.5442486405267,134153.71919639234,1998,41,516.0,36,7,15,32.693249863908534,0.6576967592592593,41.413288288288285,1034.3468468468468,28.731856856856854,0
2070,4,0,0,43,0.0,0.0,1.0,43,900,700,200,0.7777777777777778,11,7,4,339.8335442994725,0.7978497600590624,0.22469737578044535,0.21286506057040583,133850.68081172393,497.3902534291083,134348.07106515302,1999,42,517.0,36,7,15,32.509204846374296,0.6588541666666666,41.30067567567568,1034.7972972972975,28.744369369369377,0
2071,4,0,0,43,0.0,0.0,1.0,43,700,400,300,0.5714285714285714,10,4,6,336.859129950618,0.798172757475083,0.21365001243955706,0.21159594450191516,133954.19894823412,424.73898218682876,134378.93793042094,2000,43,518.0,37,6,15,32.48276577339972,0.6579391891891893,41.20065789473684,1035.197368421053,27.978307254623054,0
2072,4,0,0,43,0.0,0.0,1.0,43,1250,1000,250,0.8,15,10,5,339.1680600055707,0.796327057954965,0.21422135123024866,0.21387059377921344,134096.12212411495,496.22431902121934,134592.34644313616,2001,44,519.0,37,6,15,32.2813007269391,0.6593468468468469,41.06359649122806,1035.7456140350864,27.993124703650984,0
2073,4,0,0,43,0.0,0.0,1.0,43,1000,600,400,0.6,14,6,8,344.13363323013846,0.7956349206349206,0.22488906171934042,0.21750626758472072,134181.31209843402,635.2604888042355,134816.57258723825,2002,45,520.0,37,6,15,32.06765707129501,0.6601914414414415,40.9813596491228,1036.074561403508,28.002015173067782,0
2074,4,0,0,43,0.0,0.0,1.0,43,1400,1000,400,0.7142857142857143,18,10,8,342.2258334827247,0.7961424880029531,0.2132980346229172,0.21680419424120062,134266.5291243459,589.8949676823577,134856.42409202826,2003,46,521.0,37,6,16,32.0320214416702,0.661036036036036,40.89912280701754,1036.4035087719294,28.01090564248458,0
2075,4,0,0,43,0.0,0.0,1.0,43,950,800,150,0.8421052631578947,11,8,3,342.47049653430906,0.7961424880029531,0.21330618187541828,0.21763447682986736,134380.19390581717,604.2503462603906,134984.44425207755,2004,47,522.0,37,6,16,31.91227791878173,0.6621621621621622,40.78947368421053,1036.842105263158,28.02275960170697,0
2076,4,0,0,43,0.0,0.0,1.0,43,1350,1000,350,0.7407407407407407,17,10,7,340.3259137610592,0.7960040605389442,0.20856532778734072,0.21745929052665758,134579.99173159664,560.3199383734877,135140.31166997013,2005,48,523.0,36,7,16,31.768685333912174,0.6660879629629628,40.59684684684686,1037.6126126126142,28.822572572572614,0
2077,4,0,0,43,0.0,0.0,1.0,43,1350,1000,350,0.7407407407407407,17,10,7,339.3049652728368,0.7929586563307494,0.20319193488977616,0.2175043928988184,134696.8653619836,540.6630448015624,135237.52840678516,2006,49,524.0,36,7,17,31.678735445143555,0.6672453703703705,40.484234234234236,1038.063063063063,28.835085085085083,0
2078,4,1,0,44,0.022727272727272728,0.0,1.0,44,950,700,250,0.7368421052631579,12,7,5,334.9053748508964,0.7954325229034531,0.21256233218258536,0.21686495584607235,135063.1925207757,246.6778239458376,135309.87034472154,2007,0,513.0681818181819,37,7,14,31.428445850914205,0.6689189189189189,40.131578947368425,1039.473684210527,28.093883357041268,0
2079,4,0,0,44,0.0,0.0,1.0,44,700,500,200,0.7142857142857143,9,5,4,334.4006279107148,0.7955426356589148,0.20928170121378264,0.21688007892266747,135120.18722106816,236.85509002771164,135357.04231109587,2008,1,514.0681818181819,37,7,14,31.384904731772473,0.6694819819819819,40.07675438596492,1039.6929824561414,28.09981033665247,0
2080,4,0,0,44,0.0,0.0,1.0,44,1550,1000,550,0.6451612903225806,21,10,11,334.52703292863987,0.7935165609584215,0.20636606384269918,0.21787891101178392,135272.2318672841,250.44367283952351,135522.67554012363,2009,2,515.0681818181819,38,6,14,31.230529595015582,0.6691337719298245,39.930555555555564,1040.277777777779,27.37573099415208,0
2081,4,0,0,44,0.0,0.0,1.0,44,850,400,450,0.47058823529411764,13,4,9,354.78111940020045,0.7934504933051445,0.21913544696249776,0.2281148663842021,134806.86515322016,765.8683574646782,135572.73351068483,2010,3,516.0681818181819,37,7,14,31.167401365572083,0.6663851351351351,40.378289473684205,1038.4868421052627,28.067211948790884,1
2082,4,0,0,44,0.0,0.0,1.0,44,950,600,350,0.631578947368421,13,6,7,357.50373076835274,0.7930761099365751,0.22132217444717428,0.2300458789292008,134835.33394890733,840.8269852262142,135676.16093413354,2011,4,517.0681818181819,37,7,14,31.06832418355854,0.6666666666666667,40.35087719298245,1038.59649122807,28.070175438596483,0
2083,4,0,0,44,0.0,0.0,1.0,44,1250,900,350,0.72,16,9,7,357.7712704066712,0.7925916138125441,0.22077168134799519,0.23057993304985067,134892.28055747933,852.1165166205078,135744.39707409983,2012,5,518.0681818181819,37,7,14,31.004591513616198,0.6672297297297296,40.29605263157895,1038.815789473685,28.076102418207704,0
2084,4,0,0,44,0.0,0.0,1.0,44,1200,1000,200,0.8333333333333334,14,10,4,352.90106642454043,0.7917988019732206,0.20946490218642166,0.22851790366834987,135063.1925207755,732.7889350569337,135795.98145583246,2013,6,519.0681818181819,37,7,15,30.96079465541492,0.668918918918919,40.13157894736842,1039.4736842105256,28.093883357041232,0
2085,4,0,0,44,0.0,0.0,1.0,44,1500,1300,200,0.8666666666666667,17,13,4,353.22166717065534,0.7904113812544046,0.21388478995834626,0.2295233450092898,135188.8891171744,750.3289593834479,135939.21807655785,2014,7,520.0681818181819,38,6,15,30.82729778782276,0.6683114035087719,40.01068376068376,1039.9572649572654,27.367296446243824,0
2086,4,0,1,43,0.0,0.022727272727272728,0.9772727272727273,44,1250,800,450,0.64,17,8,9,359.4505855253594,0.7874163143058492,0.22049327186875978,0.23501796001262096,135411.19352217118,934.726559646442,136345.9200818176,2015,8,521.0681818181819,38,6,17,30.443996783685762,0.6705043859649122,39.79700854700855,1040.8119658119665,27.38978857399912,0
2087,4,0,0,43,0.0,0.0,1.0,43,1350,800,550,0.5925925925925926,19,8,11,359.5347424214922,0.7859911406423034,0.2232097579856882,0.23522145484543258,135433.87298255242,1138.6365275854155,136572.50951013784,2016,9,530.7209302325581,37,6,17,30.41923434811615,0.6725788288288288,39.77521929824562,1040.899122807018,28.132408724514004,0
2088,4,0,0,43,0.0,0.0,1.0,43,800,500,300,0.625,11,5,6,358.4136698536307,0.7856681432262828,0.21799141866342753,0.23504808072721517,135519.48676515848,1114.407317636194,136633.89408279466,2017,10,531.7209302325581,37,6,18,30.36322311148554,0.6734234234234234,39.69298245614035,1041.2280701754382,28.141299193930763,0
2089,4,0,0,43,0.0,0.0,1.0,43,1150,900,250,0.782608695652174,14,9,5,357.38257717956805,0.7845607235142118,0.21861003842094529,0.23455855808392265,135548.03070415914,1088.5009089335317,136636.53161309267,2018,11,532.7209302325581,37,6,18,30.36167122951107,0.673704954954955,39.6655701754386,1041.3377192982468,28.1442626837364,0
2090,4,0,0,43,0.0,0.0,1.0,43,1500,1000,500,0.6666666666666666,20,10,10,359.83559014459297,0.7832687338501292,0.22482547455586221,0.23692804586673538,135663.0083419569,1163.3027850965873,136826.3111270535,2019,12,533.7209302325581,36,7,19,30.183448636183495,0.6767939814814814,39.55518018018019,1041.77927927928,28.938313313313333,0
2091,4,0,0,43,0.0,0.0,1.0,43,1000,800,200,0.8,12,8,4,359.34250273225865,0.7833148763381321,0.22527875808121878,0.2367974953902321,135692.33929875834,1152.004961042133,136844.34425980048,2020,13,534.7209302325581,36,7,19,30.167126026805008,0.6770833333333334,39.52702702702703,1041.8918918918928,28.941441441441466,0
2092,4,0,0,43,0.0,0.0,1.0,43,1600,1200,400,0.75,20,12,8,357.46498098159236,0.7810538944259874,0.22397875207575724,0.23687348461003202,135890.79241930202,1115.2399055478552,137006.03232484986,2021,14,535.7209302325581,37,6,16,30.01881988992884,0.6770833333333333,39.33662280701754,1042.6535087719292,28.179824561403493,0
2093,4,0,0,43,0.0,0.0,1.0,43,1350,1100,250,0.8148148148148148,16,11,5,356.632420242676,0.7799003322259136,0.21723845545573184,0.23720428823225395,136023.47231353642,1102.076028197825,137125.54834173425,2022,15,536.7209302325581,38,5,16,29.90876348491056,0.6765350877192982,39.20940170940171,1043.1623931623933,27.45164192532614,0
2094,4,0,0,43,0.0,0.0,1.0,43,800,300,500,0.375,13,3,10,357.1043956951491,0.7800849021779254,0.21603972421676843,0.23770445971118848,136051.33598372794,1116.9060239973842,137168.24200772532,2023,16,537.7209302325581,38,5,16,29.86879160266257,0.6768092105263157,39.182692307692314,1043.2692307692319,27.454453441295573,0
2095,4,0,0,43,0.0,0.0,1.0,43,1450,1300,150,0.896551724137931,16,13,3,354.0053064008837,0.7801771871539314,0.211145077424147,0.23619698312321272,136134.94411571347,1038.498520710073,137173.44263642354,2024,17,538.7209302325581,38,5,16,29.86665642915644,0.6776315789473684,39.10256410256411,1043.5897435897446,27.462887989203804,0
2096,4,0,0,43,0.0,0.0,1.0,43,1350,1000,350,0.7407407407407407,17,10,7,353.4782563529102,0.7787006275378368,0.20802673038296415,0.2365883233616876,136246.4615749872,1032.032334356049,137278.49390934323,2025,18,539.7209302325581,38,5,16,29.769792945831632,0.6787280701754386,38.995726495726494,1044.0170940170938,27.474134053081414,0
2097,4,0,1,42,0.0,0.023255813953488372,0.9767441860465116,43,1150,900,250,0.782608695652174,14,9,5,355.04611815301047,0.776578073089701,0.207694210786739,0.2383881079027355,136358.02469135798,1082.677469135796,137440.70216049376,2026,19,540.7209302325581,38,5,16,29.618240248226943,0.6798245614035088,38.888888888888886,1044.4444444444441,27.485380116959057,0
2098,4,0,0,42,0.0,0.0,1.0,42,550,100,450,0.18181818181818182,10,1,9,364.0082640249247,0.7747048006194348,0.2077501587634949,0.24394445449045432,136291.22813029002,1522.2266707063645,137813.45480099638,2027,20,535.6428571428571,37,5,16,29.450518919108127,0.6810247747747749,38.95285087719298,1044.1885964912276,28.221313418681827,0
2099,4,0,0,42,0.0,0.0,1.0,42,700,400,300,0.5714285714285714,10,4,6,362.75583662278444,0.7747289972899729,0.2071916010498689,0.24349889667597036,136348.48132358017,1492.2414829562763,137840.72280653645,2028,21,536.6428571428571,37,5,16,29.42639982502187,0.6815878378378379,38.898026315789465,1044.407894736841,28.227240398293,0
2100,4,0,0,42,0.0,0.0,1.0,42,1400,1000,400,0.7142857142857143,18,10,8,363.33150998557414,0.7733255903987611,0.21139229120129577,0.24467745290830623,136463.02377895112,1516.2632973607178,137979.28707631183,2029,22,537.6428571428571,37,5,16,29.297735858956873,0.682713963963964,38.78837719298245,1044.8464912280695,28.23909435751539,0
2101,4,0,1,41,0.0,0.023809523809523808,0.9761904761904762,42,1450,1000,450,0.6896551724137931,19,10,9,360.90866743467745,0.7719463801780875,0.20135319416762854,0.24383715993301044,136577.61432604247,1458.408957563851,138036.02328360634,2030,23,538.6428571428571,37,5,16,29.24741686772265,0.6838400900900901,38.67872807017543,1045.285087719297,28.25094831673776,0
2102,4,0,0,41,0.0,0.0,1.0,41,750,400,350,0.5333333333333333,11,4,7,364.1799018193831,0.7705284552845528,0.2084615566552177,0.24581481227532292,136544.316170055,1745.3391313610723,138289.6553014161,2031,24,549.4634146341464,36,5,16,29.194950256797043,0.6854745370370372,38.71058558558558,1045.1576576576563,29.03215715715712,0
2103,4,0,0,41,0.0,0.0,1.0,41,1300,1100,200,0.8461538461538461,15,11,4,359.1132042092771,0.7703760162601626,0.14644446275543865,0.23108154009988238,134835.33394890715,1510.3823936751896,136345.71634258234,2032,25,550.4634146341464,37,4,17,31.02653434684685,0.6666666666666667,40.350877192982445,1038.5964912280685,28.070175438596447,7
2104,4,0,0,41,0.0,0.0,1.0,41,950,500,450,0.5263157894736842,14,5,9,356.529048090928,0.770630081300813,0.14963764571308147,0.22972378625500917,134883.51875821807,1417.9785092044467,136301.4972674225,2033,26,551.4634146341464,38,3,17,31.045587781548907,0.665296052631579,40.30448717948717,1038.7820512820497,27.336369770580255,0
2105,4,0,0,41,0.0,0.0,1.0,41,1350,1000,350,0.7407407407407407,17,10,7,357.68584825704903,0.7697154471544716,0.15168294187568643,0.2309995059859266,134966.76734056525,1455.1405325443573,136421.9078731096,2034,27,552.4634146341464,38,3,17,30.932551922681462,0.6661184210526316,40.224358974358964,1039.1025641025626,27.34480431848849,0
2106,4,0,0,41,0.0,0.0,1.0,41,750,500,250,0.6666666666666666,10,5,5,334.1056860936102,0.770579268292683,0.09059644861921456,0.20641435184008253,133340.98755907518,711.6400820546751,134052.62764112986,2035,28,553.4634146341464,40,1,17,33.16687985830956,0.6466145833333334,41.793699186991866,1032.8252032520318,25.820630081300795,7
2107,4,1,1,41,0.023809523809523808,0.023809523809523808,0.9761904761904762,42,1200,800,400,0.6666666666666666,16,8,8,324.89911543284484,0.7798344947735192,0.08629093386296693,0.20231798116602384,133633.72938368065,283.6251918397717,133917.3545755204,2036,0,541.2619047619048,39,3,17,33.1121129693062,0.6511752136752136,41.51041666666667,1033.9583333333342,26.511752136752158,0
2108,4,0,0,41,0.0,0.0,1.0,41,1150,900,250,0.782608695652174,14,9,5,330.9291508923743,0.7684959349593496,0.08326715825297804,0.20563516601693782,133555.03420857998,639.4508136094789,134194.48502218944,2037,30,555.4634146341464,38,3,17,33.03488372093023,0.6521381578947367,41.58653846153847,1033.6538461538469,27.2014170040486,0
2109,4,0,0,41,0.0,0.0,1.0,41,900,500,400,0.5555555555555556,13,5,8,332.29162575967183,0.7679369918699187,0.08492612873230732,0.20709920448988184,133665.49014034998,683.1846053400632,134348.67474569005,2038,31,556.4634146341464,38,3,17,32.88928780521404,0.6532346491228069,41.47970085470086,1034.0811965811972,27.212663067926243,0
2110,4,0,0,41,0.0,0.0,1.0,41,1000,700,300,0.7,13,7,6,332.6156479437863,0.7657012195121952,0.0799476182681289,0.20823416614968138,133831.2596450617,702.8742283950595,134534.13387345677,2039,32,557.4634146341464,38,3,17,32.71532438478747,0.6548793859649124,41.31944444444444,1034.7222222222222,27.22953216374269,0
2111,4,0,0,41,0.0,0.0,1.0,41,800,600,200,0.75,10,6,4,333.774553607688,0.7653455284552846,0.08350498330504719,0.2091164505979343,133858.8978833369,735.7387774855656,134594.63666082246,2040,33,558.4634146341464,38,3,17,32.65774485511735,0.6551535087719298,41.29273504273504,1034.8290598290591,27.232343679712084,0
2112,4,0,0,41,0.0,0.0,1.0,41,1050,700,350,0.6666666666666666,14,7,7,332.5001397866106,0.7646849593495935,0.08060260619121462,0.20863091672621,133914.18292059304,705.2969081013802,134619.47982869443,2041,34,559.4634146341464,38,3,17,32.63551988714562,0.655701754385965,41.23931623931623,1035.042735042734,27.237966711650895,0
2113,4,0,0,41,0.0,0.0,1.0,41,1150,800,350,0.6956521739130435,15,8,7,331.84061957844904,0.7635162601626017,0.07357849429887509,0.20853019479346108,133969.4793721235,691.3030078895365,134660.78238001303,2042,35,560.4634146341464,38,3,17,32.597394220846226,0.65625,41.18589743589743,1035.2564102564095,27.243589743589723,0
2114,4,0,0,41,0.0,0.0,1.0,41,950,600,350,0.631578947368421,13,6,7,330.672274569692,0.7630589430894309,0.0741961915696403,0.20833610606919373,134064.892578125,666.3085937500014,134731.201171875,2043,36,561.4634146341464,39,2,17,32.53243814121907,0.6554487179487181,41.09375,1035.625,26.55448717948718,0
2115,4,0,1,40,0.0,0.024390243902439025,0.975609756097561,41,1200,900,300,0.75,15,9,6,332.44433120220543,0.7622967479674797,0.07247176544163647,0.20991484913053546,134145.81298828125,719.2030164930565,134865.0160047743,2044,37,562.4634146341464,39,2,17,32.405836266130365,0.65625,41.015625,1035.9375,26.5625,0
2116,4,0,1,39,0.0,0.025,0.975,40,650,200,450,0.3076923076923077,11,2,9,349.6240696120308,0.7614583333333333,0.08639381706151039,0.21495828656159688,133160.81781173067,1311.8557588032047,134472.67357053387,2045,38,570.6,37,3,19,32.94678901519176,0.6500563063063062,41.96820175438597,1032.1271929824572,27.895329540066413,3
2117,4,0,0,39,0.0,0.0,1.0,39,900,400,500,0.4444444444444444,14,4,10,351.7889074489936,0.7595029239766082,0.07722796094128093,0.21657816753424614,133210.52629910322,1572.3971014933952,134782.92340059663,2046,39,575.6153846153846,36,3,19,32.841078506236144,0.6524884259259258,41.92004504504505,1032.3198198198204,28.675550550550568,0
2118,4,0,0,39,0.0,0.0,1.0,39,800,600,200,0.75,10,6,4,350.82009169697994,0.7583220872694557,0.07031081810277073,0.21665798390255925,133326.80389426593,1554.7443135703315,134881.54820783625,2047,40,576.6153846153846,36,3,20,32.74951840947916,0.6536458333333334,41.807432432432435,1032.7702702702707,28.688063063063073,0
2119,4,0,0,39,0.0,0.0,1.0,39,900,800,100,0.8888888888888888,10,8,2,352.0572942841761,0.7583783175888439,0.06335001728272083,0.21777621598497876,133387.25767784333,1591.991406009559,134979.2490838529,2048,41,577.6153846153846,37,2,21,32.656985281109584,0.6523085585585584,41.74890350877194,1033.0043859649136,27.919037458511177,0
2120,4,0,0,39,0.0,0.0,1.0,39,1100,600,500,0.5454545454545454,16,6,10,351.74312087669534,0.7590530814215025,0.06607517156229381,0.218432967276001,133532.02830289805,1593.8485776369293,135125.87688053498,2049,42,578.6153846153846,35,4,21,32.52006345651363,0.6577380952380951,41.60879629629631,1033.5648148148168,29.53042328042334,0
2121,4,1,2,38,0.025,0.05,0.95,40,850,400,450,0.47058823529411764,13,4,9,344.22199583988163,0.7695245726495726,0.06863230652008268,0.21527348371552057,133792.4215389378,1210.8588740768064,135003.2804130146,2050,0,565.125,36,4,17,32.453920394760715,0.6582754629629628,41.356981981981995,1034.572072072074,28.738113113113165,0
2122,4,0,0,38,0.0,0.0,1.0,38,1050,700,350,0.6666666666666666,14,7,7,352.9436359797726,0.7564604077761973,0.059192352428031114,0.2202855107322031,133718.36734693893,1839.0093537415144,135557.37670068044,2051,44,580.3684210526316,34,4,18,32.30245741252303,0.6617647058823528,41.42857142857144,1034.2857142857156,30.42016806722693,0
2123,4,0,1,37,0.0,0.02631578947368421,0.9736842105263158,38,850,400,450,0.47058823529411764,13,4,9,351.96983653580276,0.756608582266477,0.06055192225054307,0.2205299445316479,133861.20119866697,1823.0210208762155,135684.22221954318,2052,45,581.3684210526316,35,3,18,32.18471554263133,0.6610119047619047,41.29050925925927,1034.837962962964,29.56679894179897,0
2124,4,0,0,37,0.0,0.0,1.0,37,500,300,200,0.6,7,3,4,361.3136801291377,0.7513763763763763,0.06907598046838537,0.22588603455555484,133779.93905895718,2267.304421768739,136047.2434807259,2053,96,596.8648648648649,34,3,18,32.024357499041045,0.6623774509803919,41.369047619047635,1034.5238095238117,30.427170868347403,0
2125,4,0,0,37,0.0,0.0,1.0,37,700,400,300,0.5714285714285714,10,4,6,358.3387386227609,0.7513763763763763,0.024983986569968808,0.2177672211575729,132725.77649444886,2114.3718937871104,134840.14838823598,2054,97,597.8648648648649,35,2,15,33.158883709611,0.6497023809523809,42.390046296296305,1030.439814814816,29.4411375661376,4
2126,4,0,0,37,0.0,0.0,1.0,37,1200,900,300,0.75,15,9,6,358.69358922858527,0.7531281281281281,0.028274148179840308,0.21867787811492193,132845.06715374233,2130.1347897376572,134975.20194348,2055,98,598.8648648648649,35,2,16,33.02985011788481,0.6508928571428572,42.27430555555556,1030.902777777778,29.454365079365086,0
2127,4,1,1,37,0.02631578947368421,0.02631578947368421,0.9736842105263158,38,1000,800,200,0.8,12,8,4,351.93246646157365,0.7648470839260313,0.03038778745204307,0.2161601288642,133123.3513919326,1770.0858797987291,134893.43727173132,2056,0,584.078947368421,36,2,16,32.92480539793393,0.6516203703703705,42.00450450450451,1031.981981981983,28.666166166166192,0
2128,4,0,0,37,0.0,0.0,1.0,37,950,800,150,0.8421052631578947,11,8,3,358.5184803174227,0.7523773773773774,0.03309233829880198,0.21944482806242235,132994.2558299039,2136.1796982167284,135130.43552812064,2057,100,600.8648648648649,35,2,16,32.88450029922203,0.6523809523809523,42.129629629629626,1031.4814814814808,29.470899470899454,0
2129,4,0,0,37,0.0,0.0,1.0,37,1250,800,450,0.64,17,8,9,357.1329171551044,0.7541916916916916,0.032885863322108966,0.2194730683853938,133143.5282305598,2109.98732746056,135253.51555802036,2058,101,601.8648648648649,35,2,18,32.77038708833315,0.6538690476190476,41.9849537037037,1032.060185185185,29.487433862433857,0
2130,4,0,0,37,0.0,0.0,1.0,37,1150,1000,150,0.8695652173913043,13,10,3,359.4252632883333,0.754004004004004,0.03813228157545567,0.2217698616223034,133292.88435570974,2181.766010802456,135474.65036651219,2059,102,602.8648648648649,35,2,18,32.56136516476127,0.655357142857143,41.84027777777777,1032.6388888888878,29.50396825396822,0
2131,4,0,0,37,0.0,0.0,1.0,37,1200,800,400,0.6666666666666666,16,8,8,360.55645787726854,0.7540665665665666,0.03704746763570288,0.22300529359352886,133382.53821855708,2218.387104552468,135600.92532310955,2060,103,603.8648648648649,35,2,18,32.442226890756295,0.65625,41.75347222222222,1032.986111111111,29.51388888888889,0
2132,4,0,0,37,0.0,0.0,1.0,37,850,800,50,0.9411764705882353,9,8,1,363.9882750581411,0.7532532532532532,0.04072574244173954,0.22623551842017467,133564.50007086172,2323.212538777093,135887.7126096388,2061,104,604.8648648648649,34,3,19,32.17110061806594,0.6602328431372548,41.577380952380956,1033.6904761904766,30.402661064425782,0
2133,4,0,0,37,0.0,0.0,1.0,37,950,700,250,0.7368421052631579,12,7,5,362.46555781123357,0.7536286286286287,0.04142087016499363,0.22582059229327472,133651.6806520061,2288.8261959876436,135940.50684799373,2062,105,605.8648648648649,35,2,19,32.123069173942234,0.6589285714285715,41.49305555555555,1034.0277777777771,29.543650793650777,0
2134,4,0,0,37,0.0,0.0,1.0,37,850,700,150,0.8235294117647058,10,7,3,366.9917885772943,0.7528778778778779,0.07387136614694034,0.21702353917101708,131694.4515306122,2269.17054437515,133963.62207498733,2063,106,606.8648648648649,34,3,17,33.975585710971934,0.6415441176470589,43.39285714285714,1026.4285714285709,30.189075630252084,5
2135,4,0,0,37,0.0,0.0,1.0,37,1450,1100,350,0.7586206896551724,18,11,7,366.5233378539319,0.752565065065065,0.07423748438404632,0.21702683623260174,131743.67310742452,2257.4261616940967,134001.09926911863,2064,107,607.8648648648649,35,2,17,33.93789928598271,0.6398809523809523,43.344907407407405,1026.62037037037,29.33201058201057,0
2136,4,1,1,37,0.02631578947368421,0.02631578947368421,0.9736842105263158,38,1050,700,350,0.6666666666666666,14,7,7,353.863344837201,0.7641358463726885,0.06987653751448852,0.2112302647697275,132050.54029959018,1745.5691755945204,133796.1094751847,2065,0,592.8421052631579,36,2,17,33.95351703736167,0.6409143518518519,43.046171171171174,1027.8153153153157,28.550425425425438,0
2137,4,0,0,37,0.0,0.0,1.0,37,1050,700,350,0.6666666666666666,14,7,7,364.4244594568362,0.7506881881881882,0.07743758664407507,0.21703712585405835,131963.7458404351,2218.1633491599787,134181.90918959508,2066,109,609.8648648648649,36,1,17,33.76968252228554,0.6400462962962963,43.130630630630634,1027.477477477478,28.541041041041055,0
2138,4,1,1,37,0.02631578947368421,0.02631578947368421,0.9736842105263158,38,1300,1000,300,0.7692307692307693,16,10,6,352.7565532795868,0.7566678520625889,0.07312496844797711,0.21203809989893388,132313.3815813518,1734.8824878808707,134048.26406923268,2067,0,594.7894736842105,37,1,17,33.7173389818466,0.6416103603603605,42.79057017543859,1028.8377192982443,27.806424845898494,0
2139,4,0,0,37,0.0,0.0,1.0,37,1150,900,250,0.782608695652174,14,9,5,359.9277276419,0.7501876876876877,0.08525569904880248,0.21616961157191047,132282.13168827622,2122.4014132375723,134404.53310151378,2068,111,611.8648648648649,36,1,17,33.564358693669035,0.6432291666666665,42.82094594594595,1028.716216216217,28.57545045045047,0
2140,4,0,0,37,0.0,0.0,1.0,37,750,400,350,0.5333333333333333,11,4,7,359.0536376761129,0.7506881881881882,0.08617767378848673,0.2159758451248615,132340.06123944905,2103.436079660757,134443.4973191098,2069,112,612.8648648648649,36,1,17,33.52851045200833,0.6438078703703705,42.76463963963965,1028.9414414414425,28.581706706706736,0
2141,4,0,0,37,0.0,0.0,1.0,37,900,800,100,0.8888888888888888,10,8,2,357.34789249649253,0.7487487487487487,0.08307410254893854,0.21544589296952138,132426.9793442092,2064.5003956659502,134491.47973987515,2070,113,613.8648648648649,36,1,17,33.4849106491612,0.6446759259259258,42.68018018018019,1029.2792792792802,28.591091091091116,0
2142,4,0,0,37,0.0,0.0,1.0,37,800,500,300,0.625,11,5,6,357.67852399902324,0.7499374374374375,0.08622993071811957,0.21631034546607603,132542.91453615788,2081.5508075643297,134624.4653437222,2071,114,614.8648648648649,36,1,17,33.35976232137649,0.6458333333333334,42.56756756756757,1029.7297297297305,28.603603603603624,0
2143,4,0,0,37,0.0,0.0,1.0,37,1000,800,200,0.8,12,8,4,355.67856385129323,0.7497497497497497,0.08776620100262011,0.21593252691940842,132687.90486009672,2038.8486882152556,134726.75354831197,2072,115,615.8648648648649,36,1,17,33.26547527962983,0.6472800925925926,42.42680180180181,1030.2927927927938,28.61924424424427,0
2144,4,0,0,37,0.0,0.0,1.0,37,900,700,200,0.7777777777777778,11,7,4,355.53552920994844,0.747997997997998,0.09065321468337517,0.21617977593357074,132745.92318247305,2039.1784098287508,134785.1015923018,2073,116,616.8648648648649,36,1,17,33.2108512730849,0.6478587962962963,42.3704954954955,1030.5180180180184,28.62550050050051,0
2145,4,0,0,37,0.0,0.0,1.0,37,1350,1100,250,0.8148148148148148,16,11,5,375.8662942878001,0.747997997997998,0.12294400365043479,0.20471411055493435,128486.82032962017,2260.7545045045035,130747.57483412467,2074,117,617.8648648648649,36,1,15,37.010348402384395,0.6050347222222223,46.53716216216216,1013.8513513513514,28.16253753753754,6
2146,4,2,1,38,0.05128205128205128,0.02564102564102564,0.9743589743589743,39,850,500,350,0.5882352941176471,12,5,7,359.44909399413734,0.7670940170940171,0.1080062133911528,0.19823909429792658,128984.24373584615,1472.6539100737637,130456.8976459199,2075,0,587.1282051282051,38,1,16,36.91869127752068,0.6063596491228072,46.04700854700854,1015.8119658119646,26.731893837156964,0
2147,4,4,3,39,0.09523809523809523,0.07142857142857142,0.9285714285714286,42,700,400,300,0.5714285714285714,10,4,6,337.4115181753531,0.7905294231513744,0.10245533486375913,0.18896176638339082,129589.12854658274,345.1555487724496,129934.2840953552,2076,0,546.0952380952381,40,2,15,36.86350101473867,0.6091145833333333,45.452235772357724,1018.1910569105692,25.45477642276423,0
2148,4,0,0,39,0.0,0.0,1.0,39,1100,600,500,0.5454545454545454,16,6,10,353.9536677191537,0.764451192082771,0.10696571058874293,0.19656085715134314,129257.13320444748,1350.2072753154762,130607.34047976296,2077,1,589.1025641025641,37,2,17,36.78024584860901,0.6109234234234234,45.77850877192982,1016.8859649122803,27.483404457088657,0
2149,4,0,0,39,0.0,0.0,1.0,39,850,400,450,0.47058823529411764,13,4,9,352.87404189158764,0.7649010346378767,0.10759002004285034,0.19609986450236513,129285.0098708256,1324.2647978224027,130609.274668648,2078,2,590.1025641025641,37,2,17,36.77931266846361,0.611204954954955,45.75109649122807,1016.9956140350873,27.48636794689425,0
2150,4,2,2,39,0.04878048780487805,0.04878048780487805,0.9512195121951219,41,700,400,300,0.5714285714285714,10,4,6,339.39758402541764,0.7891260162601627,0.10208082853992817,0.1905068643283887,129678.39084201379,602.5065104166569,130280.89735243045,2079,0,562.2682926829268,39,2,16,36.72231881093613,0.6116452991452992,45.36458333333333,1018.5416666666658,26.11645299145297,0
2151,4,1,1,39,0.025,0.025,0.975,40,900,800,100,0.8888888888888888,10,8,2,345.71828752352803,0.7783653846153846,0.10244014732965034,0.1935309588920368,129572.31445312499,959.1037326388883,130531.41818576388,2080,0,577.3,39,1,17,36.6691392128777,0.6105769230769231,45.46875,1018.1249999999999,26.105769230769226,0
2152,4,0,0,39,0.0,0.0,1.0,39,1300,900,400,0.6923076923076923,17,9,8,347.6169031577536,0.7660256410256411,0.10717572039712664,0.19464095693850691,129581.83235627133,1208.967053838836,130790.79941011016,2081,5,593.1025641025641,38,1,17,36.61114025883176,0.6123903508771931,45.4594017094017,1018.1623931623922,26.793747188484005,0
2153,4,0,1,38,0.0,0.02564102564102564,0.9743589743589743,39,750,500,250,0.6666666666666666,10,5,5,347.1629627846279,0.7652946468735943,0.10647038409078147,0.19452146962376726,129609.0282914199,1199.0908530571814,130808.11914447708,2082,6,594.1025641025641,38,1,17,36.59505823103557,0.6126644736842106,45.4326923076923,1018.269230769229,26.796558704453396,0
2154,4,0,0,38,0.0,0.0,1.0,38,800,500,300,0.625,11,5,6,353.5068779832152,0.756638217164533,0.07298161758099586,0.19647469556220815,129289.65627411255,1544.2438599765196,130833.90013408907,2083,7,610.5526315789474,35,3,20,36.75849265961078,0.6151785714285715,45.74652777777777,1017.0138888888881,29.05753968253966,1
2155,4,1,1,38,0.02564102564102564,0.02564102564102564,0.9743589743589743,39,1250,1100,150,0.88,14,11,3,344.837204555199,0.7647323436797121,0.06872191747813727,0.1936097154066896,129688.42734203773,1144.2789495576442,130832.70629159537,2084,0,595.8717948717949,36,3,16,36.57361341440946,0.6171875000000002,45.35472972972972,1018.581081081079,28.293918918918862,0
2156,4,0,0,38,0.0,0.0,1.0,38,950,600,350,0.631578947368421,13,6,7,354.022717113367,0.7548601232811759,0.06518669642162678,0.19823920066494505,129584.0985752099,1575.1429344564274,131159.24150966632,2085,9,612.5526315789474,35,3,16,36.44578170588456,0.618154761904762,45.45717592592592,1018.171296296295,29.09060846560843,0
2157,4,0,2,36,0.0,0.05263157894736842,0.9473684210526316,38,1450,1200,250,0.8275862068965517,17,12,5,375.61775720301523,0.7555120910384069,0.05610841548969292,0.2043696615069441,128446.04768990926,2081.3194236670934,130527.36711357636,2086,10,613.5526315789474,34,4,16,37.05837737326285,0.6087622549019608,46.57738095238095,1013.6904761904759,29.814425770308116,8
2158,4,2,2,36,0.05263157894736842,0.05263157894736842,0.9473684210526316,38,1050,800,250,0.7619047619047619,13,8,5,370.7357283368591,0.7719890943575154,0.042867430834783615,0.20346385090827604,128789.8729531034,1949.4014703360585,130739.27442343946,2087,0,575.8157894736842,35,3,17,36.83057772709996,0.6101190476190477,46.23842592592592,1015.046296296295,29.001322751322714,0
2159,4,2,1,37,0.05263157894736842,0.02631578947368421,0.9736842105263158,38,1400,1000,400,0.7142857142857143,18,10,8,366.59298942903735,0.7759305357989569,0.050782069651860384,0.2025374357581821,129054.34355977773,1862.083520876172,130916.4270806539,2088,0,576.7631578947369,35,3,18,36.665741162622915,0.6127976190476192,45.978009259259245,1016.0879629629611,29.0310846560846,0
2160,4,1,2,36,0.02631578947368421,0.05263157894736842,0.9473684210526316,38,800,600,200,0.75,10,6,4,367.59526878902705,0.7747451398767188,0.06576020310699437,0.2040046257782379,129231.64859693882,1901.0722449023372,131132.72084184116,2089,0,577.7368421052631,34,4,19,36.459430979978926,0.6167279411764706,45.80357142857143,1016.7857142857147,29.90546218487396,0
2161,4,2,1,37,0.05263157894736842,0.02631578947368421,0.9736842105263158,38,1100,800,300,0.7272727272727273,14,8,6,354.42561983471114,0.7838134186818397,0.07303827751196224,0.19891233766233754,129672.4965706445,1591.850994513009,131264.3475651575,2090,0,569.8947368421053,35,3,17,36.345643939393966,0.6190476190476191,45.37037037037036,1018.5185185185167,29.100529100529048,0
2162,4,1,1,37,0.02631578947368421,0.02631578947368421,0.9736842105263158,38,1000,700,300,0.7,13,7,6,355.38552650781855,0.7769973921289711,0.06634544106745777,0.20005205724902994,129790.40745027413,1625.1264574759718,131415.5339077501,2091,0,570.8684210526316,35,3,18,36.20134787217932,0.6202380952380953,45.25462962962962,1018.9814814814797,29.113756613756564,0
2163,4,0,0,37,0.0,0.0,1.0,37,700,400,300,0.5714285714285714,10,4,6,365.881932016777,0.772022022022022,0.0715499327324518,0.20573045822599084,129746.60572562367,2094.3877551020473,131840.9934807257,2092,2,587.2972972972973,34,3,19,35.97851912440602,0.6219362745098038,45.29761904761905,1018.8095238095244,29.96498599439778,0
2164,4,0,0,37,0.0,0.0,1.0,37,850,700,150,0.8235294117647058,10,7,3,364.1241993148782,0.7730230230230231,0.06825886853917673,0.20537756222226536,129867.92091836738,2057.610544217691,131925.53146258506,2093,3,588.2972972972973,34,3,20,35.89990656388693,0.6231617647058822,45.17857142857143,1019.2857142857147,29.978991596638668,0
2165,4,0,0,37,0.0,0.0,1.0,37,1150,1000,150,0.8695652173913043,13,10,3,365.8854359025403,0.7744619619619619,0.07954767749304259,0.20701285627088262,129989.29280045368,2112.2378117914,132101.5306122451,2094,4,589.2972972972973,34,3,20,35.731623083508424,0.6243872549019607,45.05952380952382,1019.7619047619062,29.992997198879593,0
2166,4,0,0,37,0.0,0.0,1.0,37,1100,900,200,0.8181818181818182,13,9,4,369.2790130892221,0.7723973973973974,0.08978106562985766,0.20974754282224833,130141.08737244923,2211.674461451274,132352.7618339005,2095,5,590.2972972972973,34,3,21,35.49080231789367,0.6259191176470587,44.9107142857143,1020.3571428571448,30.01050420168073,0
2167,4,0,0,37,0.0,0.0,1.0,37,1200,800,400,0.6666666666666666,16,8,8,373.4838104716991,0.7732732732732732,0.09851614468613445,0.21313177926917926,130323.35778061228,2334.73285147393,132658.0906320862,2096,6,591.2972972972973,34,3,21,35.198301659476904,0.6277573529411764,44.73214285714286,1021.0714285714289,30.031512605042025,0
2168,4,0,0,37,0.0,0.0,1.0,37,1200,700,500,0.5833333333333334,17,7,10,372.3360391119664,0.7723973973973974,0.09202981380541675,0.21347763685357435,130505.75573979595,2318.3992346938817,132824.15497448982,2097,7,592.2972972972973,34,3,17,35.042380286613074,0.6295955882352942,44.55357142857143,1021.7857142857146,30.05252100840337,0
2169,4,1,1,37,0.02631578947368421,0.02631578947368421,0.9736842105263158,38,950,700,250,0.7368421052631579,12,7,5,363.7924782357895,0.7817982456140351,0.09475053739110728,0.21030488653539212,130824.41332572454,1918.5875075017236,132743.00083322625,2098,0,577.6842105263158,35,3,18,34.93761077799149,0.6306547619047618,44.24189814814815,1023.0324074074081,29.229497354497372,0
2170,4,0,0,37,0.0,0.0,1.0,37,650,300,350,0.46153846153846156,10,3,7,372.5527479662592,0.773460960960961,0.09606742280240188,0.21444256029049813,130657.85147392281,2335.3883219954514,132993.23979591826,2099,9,594.2972972972973,34,3,18,34.88249107281478,0.6311274509803921,44.4047619047619,1022.3809523809516,30.07002801120446,0
2171,4,0,0,37,0.0,0.0,1.0,37,600,300,300,0.5,9,3,6,372.77013502177175,0.772585085085085,0.10014787779630585,0.21490573555953146,130718.71456916102,2345.6065759637186,133064.32114512473,2100,10,595.2972972972973,34,3,19,34.815192083818395,0.6317401960784315,44.345238095238095,1022.6190476190478,30.077030812324935,0
2172,4,1,0,38,0.02631578947368421,0.0,1.0,38,900,700,200,0.7777777777777778,11,7,4,361.68152529715775,0.7811462778568041,0.10203243809274443,0.21021253434813772,131031.70680084014,1878.349515603559,132910.0563164437,2101,0,580.6052631578947,35,3,20,34.781728088024714,0.6327380952380952,44.03935185185185,1023.8425925925922,29.25264550264549,0
2173,4,0,0,38,0.0,0.0,1.0,38,1100,800,300,0.7272727272727273,14,8,6,357.9493397373161,0.7814426268373637,0.08817513734630289,0.20900841394160424,131209.51753257876,1793.2720336076675,133002.78956618643,2102,1,581.6052631578947,35,3,20,34.6974318421449,0.6345238095238095,43.86574074074073,1024.5370370370363,29.27248677248675,0
2174,4,1,0,39,0.02564102564102564,0.0,1.0,39,1050,700,350,0.6666666666666666,14,7,7,359.850759769887,0.7871120107962214,0.08578981581798484,0.21390994594492602,131892.24222232928,1697.6630819187098,133589.90530424798,2103,0,567.6666666666666,35,4,20,33.95927230046948,0.6413690476190477,43.200231481481474,1027.1990740740732,29.34854497354495,3
2175,4,0,0,39,0.0,0.0,1.0,39,750,700,50,0.9333333333333333,8,7,1,359.14784865274146,0.7875618533513271,0.08493084202863432,0.2136592697481051,131921.9660922494,1675.8980624142403,133597.86415466364,2104,1,568.6666666666666,35,4,20,33.94734865555054,0.6416666666666668,43.17129629629628,1027.314814814813,29.351851851851798,0
2176,4,0,0,39,0.0,0.0,1.0,39,950,500,450,0.5263157894736842,14,5,9,357.56026296566864,0.7863247863247863,0.07609147609147615,0.21338273757628587,132040.89506172817,1642.5154320987397,133683.4104938269,2105,2,569.6666666666666,35,4,20,33.868243243243235,0.642857142857143,43.05555555555554,1027.777777777776,29.365079365079314,0
2177,4,2,1,40,0.04878048780487805,0.024390243902439025,0.975609756097561,41,1300,1100,200,0.8461538461538461,15,11,4,335.1918335910089,0.7984756097560975,0.07838055001166389,0.20561637249617945,133075.95245652503,721.6767552409254,133797.62921176595,2106,0,542.829268292683,37,4,17,33.404179950407375,0.6492117117117117,42.050438596491226,1031.7982456140346,27.886439070649583,2
2178,4,1,1,40,0.024390243902439025,0.024390243902439025,0.975609756097561,41,650,400,250,0.6153846153846154,9,4,5,335.2952080509307,0.7978150406504065,0.08825464927689475,0.2063051691889843,133189.1122749306,731.5342220683185,133920.64649699893,2107,0,543.6829268292682,37,4,17,33.28818780539623,0.6503378378378378,41.940789473684205,1032.2368421052622,27.89829302987195,0
2179,4,0,0,40,0.0,0.0,1.0,40,1350,1100,250,0.8148148148148148,16,11,5,340.4482131652743,0.7904113247863248,0.09361119965997244,0.20899922596858425,133104.23790252768,1063.0199917282227,134167.2578942559,2108,2,558.275,37,3,17,33.24024634293203,0.6494932432432432,42.02302631578947,1031.9078947368419,27.889402560455185,0
2180,4,0,0,40,0.0,0.0,1.0,40,1100,700,400,0.6363636363636364,15,7,8,338.8625125590765,0.7907852564102564,0.09010565997663811,0.2089763117726799,133274.01369892654,1032.3134281702032,134306.32712709674,2109,3,559.275,37,3,17,33.11110668648897,0.6511824324324325,41.858552631578945,1032.565789473684,27.907183499288756,0
2181,4,0,1,39,0.0,0.025,0.975,40,950,800,150,0.8421052631578947,11,8,3,340.60976624664477,0.7892628205128205,0.08732222458076855,0.21085579616135913,133415.57618690358,1088.529643736527,134504.1058306401,2110,4,560.275,37,3,17,32.92427297813627,0.6525900900900901,41.72149122807017,1033.1140350877188,27.922000948316725,0
2182,4,0,0,39,0.0,0.0,1.0,39,1050,800,250,0.7619047619047619,13,8,5,348.11455216762596,0.7836257309941521,0.08831225468818138,0.21515543615104202,133355.8812190568,1484.6245738982088,134840.50579295502,2111,5,575.4615384615385,36,3,18,32.79024022386974,0.6539351851851853,41.77927927927927,1032.882882882882,28.69119119119117,0
2183,4,0,1,38,0.0,0.02564102564102564,0.9743589743589743,39,1300,900,400,0.6923076923076923,17,9,8,347.10635612410806,0.7839631129104814,0.08437085167330372,0.21503719226459755,133443.1322158306,1463.7918746449009,134906.9240904755,2112,6,576.4615384615385,36,3,19,32.72888283378746,0.6548032407407408,41.69481981981981,1033.22072072072,28.700575575575556,0
2184,4,0,0,38,0.0,0.0,1.0,38,700,400,300,0.5714285714285714,10,4,6,356.16906713145886,0.778271692745377,0.08868084805153487,0.2197607480599497,133292.88435570974,1894.9604552469004,135187.84481095665,2113,7,592.0,35,3,19,32.64542703429725,0.655357142857143,41.84027777777777,1032.6388888888878,29.50396825396822,0
2185,4,0,0,38,0.0,0.0,1.0,38,700,400,300,0.5714285714285714,10,4,6,357.8020561498355,0.7775604551920341,0.08741654674561827,0.22112365298345762,133352.65024862808,1942.7704903977856,135295.42073902587,2114,8,593.0,35,3,19,32.5433288510384,0.6559523809523811,41.7824074074074,1032.8703703703688,29.510582010581967,0
2186,4,0,0,38,0.0,0.0,1.0,38,1050,700,350,0.6666666666666666,14,7,7,358.09508298596165,0.7763157894736842,0.0933700484686959,0.22166135303278006,133412.42953746548,1954.8670053154744,135367.29654278094,2115,9,594.0,35,3,19,32.47581970274107,0.6565476190476192,41.724537037037024,1033.10185185185,29.517195767195712,0
2187,4,0,0,38,0.0,0.0,1.0,38,750,400,350,0.5333333333333333,11,4,7,355.414351817636,0.7745673304883831,0.09286105758181162,0.22089113264323612,133561.93636670508,1893.9658082561505,135455.90217496123,2116,10,595.0,35,3,20,32.39523849512932,0.6580357142857144,41.5798611111111,1033.680555555554,29.533730158730116,0
2188,4,0,0,38,0.0,0.0,1.0,38,1200,1000,200,0.8333333333333334,14,10,4,357.00315247000896,0.7751007586533902,0.08842517597855859,0.2225975692476992,133681.60211173262,1944.950676225988,135626.55278795862,2117,11,596.0,35,3,20,32.234307964931915,0.6592261904761905,41.46412037037037,1034.143518518518,29.546957671957657,0
2189,4,0,1,37,0.0,0.02631578947368421,0.9736842105263158,38,1050,700,350,0.6666666666666666,14,7,7,359.7515287463839,0.7734115694642011,0.08908988162162479,0.22540563549554432,133861.20119866685,2031.3543542095344,135892.55555287638,2118,12,597.0,35,3,18,31.983395779741272,0.6610119047619047,41.29050925925926,1034.837962962963,29.566798941798943,0
2190,4,0,0,37,0.0,0.0,1.0,37,1000,400,600,0.4,16,4,12,376.3431903373595,0.7708333333333334,0.06067291781577522,0.21442809682012337,130262.5868055555,2418.1169088648794,132680.70371442038,2119,13,599.4324324324324,33,4,22,35.187074829931966,0.629419191919192,44.791666666666664,1020.8333333333329,30.934343434343422,8
2191,4,1,1,37,0.02631578947368421,0.02631578947368421,0.9736842105263158,38,950,600,350,0.631578947368421,13,6,7,368.01003449057566,0.7769381223328592,0.06122774316966706,0.21116297700983297,130536.16780045355,2007.7239229024983,132543.89172335604,2120,0,584.6315789473684,34,4,19,35.12202935694316,0.6299019607843137,44.523809523809526,1021.9047619047622,30.056022408963592,0
2192,4,0,0,37,0.0,0.0,1.0,37,500,300,200,0.6,7,3,4,375.8747296834305,0.7700825825825826,0.05907298853556053,0.21519860897260112,130450.3075740098,2406.5948193002428,132856.90239331004,2121,15,601.4324324324324,33,4,23,35.00829734484963,0.6313131313131315,44.60784313725489,1021.5686274509789,30.956625074272086,0
2193,4,0,0,37,0.0,0.0,1.0,37,1250,1000,250,0.8,15,10,5,374.75142488208513,0.77002002002002,0.05501351675494148,0.21490215823018066,130512.91120001924,2381.9798875432534,132894.8910875625,2122,16,602.4324324324324,33,4,19,34.97341488766292,0.6319444444444444,44.54656862745098,1021.8137254901962,30.964052287581705,0
2194,4,0,0,37,0.0,0.0,1.0,37,700,400,300,0.5714285714285714,10,4,6,374.4883684351244,0.7707082082082082,0.05388556041954917,0.21527274163455343,130606.84479827457,2382.148842993063,132988.99364126765,2123,17,603.4324324324324,33,4,19,34.884781001478636,0.6328914141414143,44.45465686274509,1022.1813725490185,30.975193107546016,0
2195,4,0,1,36,0.0,0.02702702702702703,0.972972972972973,37,600,100,500,0.16666666666666666,11,1,10,375.259341379031,0.7702702702702703,0.05555717529827575,0.216065471713268,130669.48596993928,2406.98904868318,133076.47501862247,2124,18,604.4324324324324,33,4,19,34.80150525390547,0.6335227272727273,44.39338235294117,1022.426470588234,30.982620320855574,0
2196,4,1,1,36,0.02702702702702703,0.02702702702702703,0.972972972972973,37,1200,800,400,0.6666666666666666,16,8,8,369.69792514112305,0.7811561561561562,0.04312541071434395,0.21390214670847077,130857.49959450681,2275.5492178488926,133133.0488123557,2051,0,548.0,33,4,20,34.75303928614207,0.6354166666666667,44.209558823529406,1023.1617647058814,31.004901960784284,0
2197,4,0,0,36,0.0,0.0,1.0,36,1000,600,400,0.6,14,6,8,380.13717421124824,0.7714616402116402,0.041893004115226784,0.21930990819879714,130746.38429752068,2740.312213039491,133486.69651056017,2052,20,564.2222222222222,32,4,20,34.59876543209878,0.63671875,44.31818181818182,1022.7272727272729,31.960227272727277,0
2198,4,0,0,36,0.0,0.0,1.0,36,1150,700,450,0.6086956521739131,16,7,9,380.57162565299166,0.7712962962962964,0.038441756161790464,0.2197441724458223,130778.66934815336,2754.1301589123664,133532.79950706573,2053,21,565.2222222222222,32,4,20,34.554890342756025,0.6370442708333333,44.286616161616166,1022.8535353535362,31.964172979798008,0
2199,4,0,1,35,0.0,0.027777777777777776,0.9722222222222222,36,950,700,250,0.7368421052631579,12,7,5,384.06250732482033,0.7722552910052911,0.04511703484306251,0.22213122746988,130843.25140610654,2850.39744031222,133693.64884641877,2054,22,566.2222222222222,32,4,20,34.40006787609527,0.6376953125,44.22348484848485,1023.1060606060607,31.972064393939398,0
2200,4,1,1,35,0.027777777777777776,0.027777777777777776,0.9722222222222222,36,700,200,500,0.2857142857142857,12,2,10,378.96376421060984,0.7802579365079365,0.054395794286929755,0.22105778820910574,131171.15600069682,2741.823006776233,133912.97900747304,2055,0,560.9166666666666,33,3,20,34.19804502133428,0.6385732323232323,43.9031862745098,1024.3872549019604,31.042038027332133,0
2201,4,0,0,35,0.0,0.0,1.0,35,750,400,350,0.5333333333333333,11,4,7,387.6488663126156,0.7741596638655461,0.06184956843403211,0.2255259903726911,131069.41415416797,3161.7819610243864,134231.19611519235,2056,24,577.9428571428572,32,3,21,34.07881216605014,0.6399739583333334,44.00252525252525,1023.9898989898992,31.99968434343435,0
2202,4,0,0,35,0.0,0.0,1.0,35,1000,600,400,0.6,14,6,8,387.32496106435315,0.7735294117647058,0.05865011121808683,0.22614101865127695,131206.12953514734,3163.8818027210773,134370.0113378684,2057,25,578.9428571428572,34,1,21,33.94845650321481,0.6366421568627452,43.86904761904761,1024.523809523809,30.1330532212885,0
2203,4,0,1,34,0.0,0.02857142857142857,0.9714285714285714,35,800,600,200,0.75,10,6,4,387.6660717826691,0.7719187675070027,0.06666666666666687,0.22706155632984898,131328.125,3182.4617346938785,134510.58673469388,2058,26,579.9428571428572,31,4,21,33.81605691056911,0.6451612903225806,43.75,1025.0,33.064516129032256,0
2204,4,0,0,34,0.0,0.0,1.0,34,1100,1000,100,0.9090909090909091,12,10,2,391.1169320987535,0.7686423054070113,0.06664301798328154,0.22949538138840722,131397.01844143838,3478.3197479477485,134875.33818938612,2059,27,581.1764705882352,30,4,21,33.65779583988813,0.648611111111111,43.682795698924735,1025.2688172043015,34.175627240143385,0
2205,4,0,0,34,0.0,0.0,1.0,34,1100,900,200,0.8181818181818182,13,9,4,393.26797978720157,0.7659685086155675,0.07315372107181672,0.23180034669619357,131569.33108235046,3548.4010073418767,135117.73208969235,2060,28,582.1764705882352,30,4,21,33.428042709288604,0.6503472222222222,43.51478494623655,1025.940860215053,34.1980286738351,0
2206,4,1,0,35,0.02857142857142857,0.0,1.0,35,700,400,300,0.5714285714285714,10,4,6,388.2929856396913,0.7764005602240895,0.05951507894933794,0.22948956953132205,131672.7728639148,3228.124277373093,134900.89714128792,2061,0,566.5142857142857,30,5,18,33.45092325825039,0.6513888888888889,43.41397849462365,1026.3440860215046,34.21146953405015,4
2207,4,1,1,35,0.027777777777777776,0.027777777777777776,0.9722222222222222,36,1050,800,250,0.7619047619047619,13,8,5,377.0445867025245,0.7855158730158731,0.046788997283105926,0.22494428744089368,132029.74319458,2756.219991048163,134785.96318562815,2062,0,551.75,31,5,18,33.378864183453686,0.652217741935484,43.06640624999999,1027.7343749999993,33.15272177419352,0
2208,4,0,0,35,0.0,0.0,1.0,35,900,700,200,0.7777777777777778,11,7,4,385.21571340312045,0.774579831932773,0.05752212389380529,0.22910197691869782,131911.15702479327,3162.8500918273458,135074.0071166206,2063,2,568.5142857142857,32,3,18,33.28877826941986,0.6484375,43.18181818181817,1027.2727272727263,32.1022727272727,0
2209,4,0,0,35,0.0,0.0,1.0,35,1000,700,300,0.7,13,7,6,384.0473215405373,0.7733193277310924,0.05967037017534671,0.228993490843841,132008.45457415044,3139.4986799816184,135147.95325413207,2064,3,569.5142857142857,32,3,18,33.22045091534588,0.6494140625,43.087121212121204,1027.6515151515139,32.11410984848481,0
2210,4,0,0,35,0.0,0.0,1.0,35,1250,1000,250,0.8,15,10,5,389.6841260756979,0.7731792717086834,0.057051630673146114,0.23315193524132316,132138.24043783805,3298.4349492398787,135436.67538707794,2065,4,570.5142857142857,32,3,18,32.94445126693682,0.6507161458333334,42.96085858585859,1028.1565656565663,32.129892676767696,0
2211,4,0,0,35,0.0,0.0,1.0,35,500,300,200,0.6,7,3,4,391.287743896028,0.7721288515406162,0.056785056564062186,0.2345135153813943,132203.1572830579,3345.8950298438945,135549.0523129018,2066,5,571.5142857142857,32,3,18,32.83763044812767,0.6513671875,42.89772727272727,1028.4090909090912,32.1377840909091,0
2212,4,1,1,35,0.027777777777777776,0.027777777777777776,0.9722222222222222,36,850,600,250,0.7058823529411765,11,6,5,380.00741455417096,0.7792328042328043,0.05208508964199421,0.2297476020102741,132532.04345703125,2872.9187964517323,135404.96225348298,2067,0,556.6111111111111,31,5,18,32.7959028831563,0.657258064516129,42.578125,1029.6875,33.215725806451616,0
2213,4,0,0,35,0.0,0.0,1.0,35,1100,800,300,0.7272727272727273,14,8,6,388.3033650772839,0.770798319327731,0.06292654713707391,0.23392910042460746,132398.00347222213,3282.1180555555457,135680.12152777766,2068,7,573.5142857142857,30,5,19,32.717611336032405,0.6586805555555555,42.70833333333333,1029.1666666666658,34.30555555555553,0
2214,4,0,0,35,0.0,0.0,1.0,35,650,300,350,0.46153846153846156,10,3,7,386.83541369836894,0.7705882352941176,0.061066766132040984,0.23368763950548138,132501.7704358884,3251.2754364666316,135753.04587235503,2069,8,574.5142857142857,30,5,20,32.65067449956484,0.6597222222222222,42.607526881720425,1029.5698924731173,34.31899641577058,0
2215,4,0,0,35,0.0,0.0,1.0,35,1100,900,200,0.8181818181818182,13,9,4,384.89040577777644,0.7697478991596638,0.05881234977361238,0.2340170294288828,132744.0514257428,3218.382363568033,135962.43378931083,2070,9,575.5142857142857,30,5,19,32.456469283944166,0.6621527777777778,42.372311827956985,1030.5107526881716,34.35035842293905,0
2216,4,0,0,35,0.0,0.0,1.0,35,450,200,250,0.4444444444444444,7,2,5,384.4713636707018,0.7698179271708683,0.05434122534135577,0.2341946694194291,132813.31521346397,3212.58328274945,136025.89849621343,2071,10,576.5142857142857,30,5,19,32.39747685487026,0.6628472222222221,42.30510752688172,1030.779569892473,34.35931899641577,0
2217,4,0,0,35,0.0,0.0,1.0,35,700,600,100,0.8571428571428571,8,6,2,381.95941336307675,0.7693277310924369,0.05515101216035845,0.2330011275045332,132867.44011772994,3149.99389648437,136017.43401421432,2072,11,577.5142857142857,31,4,19,32.4076997558306,0.6606182795698925,42.252604166666664,1030.9895833333328,33.25772849462364,0
2218,4,0,0,35,0.0,0.0,1.0,35,750,500,250,0.6666666666666666,10,5,5,380.61518895318704,0.7683473389355742,0.048977530926533674,0.23301650130503465,133001.71746148012,3124.494764539935,136126.21222602006,2073,12,578.5142857142857,31,4,19,32.30718252966421,0.6619623655913978,42.122395833333336,1031.5104166666672,33.27452956989249,0
2219,4,0,0,35,0.0,0.0,1.0,35,900,600,300,0.6666666666666666,12,6,6,382.1641281217501,0.7681372549019607,0.04797000072113633,0.23438611077683813,133068.88156467024,3170.830620659732,136239.71218532996,2074,13,579.5142857142857,31,4,19,32.19964664310953,0.6626344086021505,42.05729166666667,1031.7708333333342,33.28293010752691,0
2220,4,0,0,35,0.0,0.0,1.0,35,800,700,100,0.875,9,7,2,384.70556597165205,0.7661764705882352,0.046952416986469236,0.2370109116230947,133236.86599731445,3251.3927883572055,136488.25878567167,2075,14,580.5142857142857,31,4,19,31.965070206415263,0.6643145161290323,41.89453125,1032.421875,33.303931451612904,0
2221,4,1,0,36,0.027777777777777776,0.0,1.0,36,850,700,150,0.8235294117647058,10,7,3,374.36083084774674,0.7780423280423281,0.039946956655609434,0.23273693313236216,133573.152754042,2801.118977864594,136374.2717319066,2076,0,565.3611111111111,31,5,20,31.894366418944443,0.6676747311827957,41.56901041666667,1033.7239583333344,33.34593413978498,0
2222,4,0,0,36,0.0,0.0,1.0,36,1050,800,250,0.7619047619047619,13,8,5,371.8270025055296,0.7758267195767197,0.036163917915145616,0.2320048610291771,133707.78613620347,2743.2330661350024,136451.01920233847,2077,1,566.3611111111111,31,5,16,31.824798564774014,0.669018817204301,41.43880208333334,1034.2447916666679,33.3627352150538,0
2223,4,0,0,36,0.0,0.0,1.0,36,650,400,250,0.6153846153846154,9,4,5,371.68519016069246,0.7735119047619048,0.041383505327628134,0.23255200952888688,133808.80567762593,2746.9502766927126,136555.75595431865,2078,2,567.3611111111111,31,5,17,31.727179293564888,0.67002688172043,41.341145833333336,1034.6354166666672,33.37533602150539,0
2224,4,0,2,34,0.0,0.05555555555555555,0.9444444444444444,36,850,600,250,0.7058823529411765,11,6,5,371.0765715402607,0.7732804232804233,0.04245137927659659,0.2323834132411704,133842.48733520508,2733.1622653537333,136575.6496005588,2079,3,568.3611111111111,31,5,17,31.709161738182132,0.6703629032258065,41.30859375,1034.765625,33.379536290322584,0
2225,4,0,1,33,0.0,0.029411764705882353,0.9705882352941176,34,900,600,300,0.6666666666666666,12,6,6,381.2986721294073,0.7582442067736186,0.045298857780700086,0.2377400310667471,133680.636851081,3394.449864146137,137075.08671522714,2080,19,591.6176470588235,30,4,21,31.607150593536083,0.6715277777777777,41.46505376344086,1034.1397849462362,34.47132616487454,0
2226,4,0,0,33,0.0,0.0,1.0,33,1050,700,350,0.6666666666666666,14,7,7,381.2737453589842,0.7573390151515152,0.020853020853020654,0.2381723006723007,133750.1445253787,3599.0837090993186,137349.22823447804,2081,20,574.6969696969697,30,3,18,31.53802841302841,0.6722222222222223,41.39784946236559,1034.408602150538,34.48028673835127,0
2227,4,0,0,33,0.0,0.0,1.0,33,1250,900,350,0.72,16,9,7,378.2386214977121,0.7562342171717172,0.025194064449222786,0.2370852179545595,133876.17323133675,3527.4278428819403,137403.6010742187,2082,21,575.6969696969697,31,2,18,31.49010233182352,0.6706989247311828,41.276041666666664,1034.895833333333,33.38373655913978,0
2228,4,0,0,33,0.0,0.0,1.0,33,850,600,250,0.7058823529411765,11,6,5,378.5085836148527,0.7551294191919192,0.021177748949428477,0.23780780667112486,133961.93827479353,3541.1487029384953,137503.08697773202,2083,22,576.6969696969697,32,1,18,31.397121600195156,0.6689453125,41.19318181818183,1035.2272727272739,32.35085227272731,0
2229,4,0,0,33,0.0,0.0,1.0,33,650,500,150,0.7692307692307693,8,5,3,379.8741820345033,0.7544191919191919,0.023806356245380966,0.23887793655543935,133994.6178961331,3580.2191740638814,137574.83707019698,2084,23,577.6969696969697,32,1,18,31.32901422764228,0.6692708333333333,41.161616161616166,1035.3535353535358,32.35479797979799,0
2230,4,0,1,32,0.0,0.030303030303030304,0.9696969696969697,33,550,300,250,0.5454545454545454,8,3,5,383.5442922819152,0.7535511363636365,0.025160160493006067,0.2416152292854278,134059.9890955005,3683.588728191007,137743.5778236915,2085,24,578.6969696969697,32,1,18,31.16846500853451,0.669921875,41.09848484848485,1035.606060606061,32.362689393939405,0
2231,4,0,0,32,0.0,0.0,1.0,32,600,500,100,0.8333333333333334,7,5,2,385.58421605503304,0.7549983198924731,0.03410197988686381,0.24324523701171988,134112.09318372942,3942.301262749571,138054.39444647898,2086,25,589.84375,31,1,18,31.063403519798864,0.6730510752688172,41.048177083333336,1035.807291666667,33.41313844086022,0
2232,4,0,1,31,0.0,0.03125,0.96875,32,600,500,100,0.8333333333333334,7,5,2,383.95795379186404,0.7530661962365592,0.03405248568295338,0.24295627808556908,134223.48684126636,3907.235071676378,138130.72191294274,2087,26,590.84375,32,0,19,30.993867024085127,0.6715494791666665,40.940656565656575,1036.237373737375,32.38241792929297,0
2233,4,0,0,31,0.0,0.0,1.0,31,950,700,250,0.7368421052631579,12,7,5,392.4293376884395,0.7401433691756273,0.04360557074144067,0.2473362085557726,134078.37761773012,4323.257785373275,138401.6354031034,2088,56,610.0645161290323,31,0,19,30.919977369876783,0.6727150537634409,41.08072916666667,1035.6770833333342,33.40893817204304,0
2234,4,0,0,31,0.0,0.0,1.0,31,800,700,100,0.875,9,7,2,394.1922722151987,0.7378136200716846,0.0487783124617398,0.24913327323402212,134179.5370313857,4378.507317437077,138558.0443488228,2089,57,611.0645161290323,31,0,20,30.772825813748906,0.6737231182795698,40.98307291666667,1036.067708333334,33.421538978494645,0
2235,4,0,0,31,0.0,0.0,1.0,31,500,400,100,0.8,6,4,2,392.8381799597368,0.736021505376344,0.0414925990007744,0.2491940040366109,134314.47558932845,4352.77082655167,138667.2464158801,2090,58,612.0645161290323,31,0,21,30.67257568144707,0.6750672043010753,40.85286458333334,1036.5885416666677,33.438340053763476,0
2236,4,0,0,31,0.0,0.0,1.0,31,450,300,150,0.6666666666666666,6,3,3,398.802497530879,0.736021505376344,-0.023117116599419507,0.23096454149559154,130894.72664727099,4240.228780110669,135134.95542738165,2091,59,613.0645161290323,31,0,20,33.97073949187768,0.6407930107526882,44.17317708333333,1023.3072916666661,33.009912634408586,8
2237,4,0,0,31,0.0,0.0,1.0,31,550,400,150,0.7272727272727273,7,4,3,407.6453665206632,0.7364695340501792,-0.0026634693236469165,0.22032189527814328,128179.68991126532,4325.859955210732,132505.54986647604,2092,60,614.0645161290323,29,2,22,36.52033900242309,0.6188936781609196,46.84027777777777,1012.638888888888,34.9185823754789,8
2238,4,3,2,32,0.08823529411764706,0.058823529411764705,0.9411764705882353,34,1150,800,350,0.6956521739130435,15,8,7,376.4011297455735,0.7663027332144979,-0.012611308505505292,0.207717660489224,129008.91012396698,2911.819903581268,131920.73002754824,2093,0,560.7941176470588,32,2,21,36.46299403430275,0.619140625,46.02272727272727,1015.9090909090912,31.7471590909091,0
2239,4,3,3,32,0.08571428571428572,0.08571428571428572,0.9142857142857143,35,950,800,150,0.8421052631578947,11,8,3,368.30172452656126,0.7733193277310924,-0.017217345038574194,0.20473915742315058,129297.68207644636,2524.255337465571,131821.93741391195,2094,0,545.6857142857143,32,3,22,36.37414649286156,0.6220703125,45.73863636363637,1017.0454545454552,31.782670454545475,0
2240,4,3,3,32,0.08571428571428572,0.08571428571428572,0.9142857142857143,35,450,0,450,0.0,9,0,9,356.41572576499397,0.7806722689075629,0.0009214371669243882,0.19985254258482454,129637.8270977509,2240.9920463283383,131878.81914407923,2095,0,544.3428571428572,33,2,20,36.3302246289611,0.6231060606060606,45.404411764705884,1018.3823529411767,30.86007130124778,0
2241,4,0,0,32,0.0,0.0,1.0,32,650,500,150,0.7692307692307693,8,5,3,383.6334318731522,0.7500420026881721,0.011526639344262124,0.21274217585692992,129201.38888888893,3513.194444444448,132714.58333333337,2096,1,596.34375,30,2,22,36.08265027322404,0.6263888888888889,45.833333333333336,1016.6666666666671,33.8888888888889,0
2242,4,4,2,34,0.1111111111111111,0.05555555555555555,0.9444444444444444,36,750,400,350,0.5333333333333333,11,4,7,344.4835364157826,0.7943452380952382,0.020335835039041905,0.19246430871921152,129495.73072059314,1721.8294538751563,131217.5601744683,2097,0,530.9722222222222,35,1,16,36.77839056932756,0.6172619047619048,45.543981481481474,1017.824074074073,29.0806878306878,1
2243,4,0,1,33,0.0,0.029411764705882353,0.9705882352941176,34,950,600,350,0.631578947368421,13,6,7,361.4846834889406,0.7733585858585859,0.030163186026399558,0.20077643263662828,129263.69214965386,2545.368968665886,131809.06111831975,2098,1,563.2058823529412,33,1,23,36.582108138507294,0.6193181818181819,45.772058823529406,1016.9117647058813,30.815508021390343,0
2244,4,2,0,35,0.05714285714285714,0.0,1.0,35,700,500,200,0.7142857142857143,9,5,4,350.30383660512587,0.7973389355742296,0.03166366125692943,0.19666664212555462,129685.96938775493,2085.898526077078,131771.86791383201,2099,0,532.4857142857143,34,1,18,36.43690587501949,0.6213235294117647,45.35714285714285,1018.5714285714271,29.95798319327727,0
2245,4,0,0,35,0.0,0.0,1.0,35,500,400,100,0.8,6,4,2,351.832110393531,0.7970588235294117,0.030267418956364978,0.19783043368908257,129746.60572562354,2129.804421768701,131876.41014739225,2100,1,533.4857142857143,34,1,18,36.33637142634572,0.6219362745098039,45.297619047619044,1018.8095238095234,29.964985994397747,0
2246,4,0,0,35,0.0,0.0,1.0,35,1350,1000,350,0.7407407407407407,17,10,7,355.5523761323077,0.7962885154061624,0.026305338161430436,0.20038735299991342,129837.58680555545,2232.812499999992,132070.39930555545,2101,2,534.4857142857143,34,1,18,36.14915508312892,0.6228553921568627,45.20833333333333,1019.1666666666657,29.975490196078404,0
2247,4,0,0,35,0.0,0.0,1.0,35,500,300,200,0.6,7,3,4,356.3098676523137,0.7964985994397759,0.020940591581722234,0.20112599846451937,129898.25857426284,2256.80626417231,132155.06483843515,2102,3,535.4857142857143,34,1,19,36.06821012884892,0.623468137254902,45.14880952380951,1019.4047619047603,29.982492997198833,0
2248,4,0,1,34,0.0,0.02857142857142857,0.9714285714285714,35,950,700,250,0.7368421052631579,12,7,5,353.8652151109823,0.7962184873949579,0.023288082452220138,0.20021198366186743,129989.2928004534,2199.737811791371,132189.03061224477,2103,4,536.4857142857143,34,1,19,36.0380671647599,0.6243872549019608,45.0595238095238,1019.7619047619038,29.99299719887952,0
2249,4,0,0,34,0.0,0.0,1.0,34,650,400,250,0.6153846153846154,9,4,5,361.61512623204874,0.789624183006536,0.027530882529716028,0.20422785031394536,129918.78311526812,2596.119431228367,132514.90254649648,2104,5,553.0294117647059,33,1,20,35.91214388748647,0.6259469696969697,45.12867647058823,1019.4852941176466,30.893493761140807,0
2250,4,0,0,34,0.0,0.0,1.0,34,1300,1100,200,0.8461538461538461,15,11,4,360.0215318298308,0.7896613190730838,0.03140482433511704,0.2039795241265948,130043.7500750911,2563.710021385978,132607.46009647707,2105,6,554.0294117647059,33,1,21,35.82579899074852,0.627209595959596,45.00612745098038,1019.9754901960767,30.908348187759902,0
2251,4,1,0,35,0.02857142857142857,0.0,1.0,35,900,500,400,0.5555555555555556,13,5,8,350.7074825225074,0.8004201680672268,0.04339314845024522,0.20091933344513738,130475.34722222212,2151.736111111101,132627.08333333323,2106,0,539.1714285714286,34,1,22,35.625679717237645,0.6292892156862746,44.58333333333333,1021.6666666666657,30.04901960784311,0
2252,4,0,0,35,0.0,0.0,1.0,35,600,200,400,0.3333333333333333,10,2,8,351.99508672555703,0.8004201680672268,0.03920877073316831,0.20245022168200616,130627.42524092949,2196.04237528342,132823.4676162129,2107,1,540.1714285714286,34,1,20,35.43874461395132,0.6308210784313726,44.434523809523796,1022.261904761903,30.066526610644207,0
2253,4,0,0,35,0.0,0.0,1.0,35,1400,1100,300,0.7857142857142857,17,11,6,353.94412560113886,0.8004201680672268,0.03991953583481611,0.20453543182855305,130810.03578514727,2259.8887471655157,133069.92453231278,2108,2,541.1714285714286,34,1,20,35.20404204973039,0.6326593137254903,44.25595238095237,1022.9761904761895,30.08753501400557,0
2254,4,1,2,34,0.027777777777777776,0.05555555555555555,0.9444444444444444,36,1050,700,350,0.6666666666666666,14,7,7,346.11964597164354,0.8043650793650794,0.0394175110809758,0.20163349224510022,131120.59709630048,1876.6829293124026,132997.28002561288,2109,0,527.1111111111111,35,1,20,35.09024089350962,0.6336309523809525,43.95254629629629,1024.189814814814,29.262566137566118,0
2255,4,0,0,34,0.0,0.0,1.0,34,1200,900,300,0.75,15,9,6,366.19513069669046,0.7914438502673797,0.038414934836209946,0.212047804529637,130888.84833958093,2786.1717848904286,133675.02012447137,2110,4,558.7647058823529,33,1,20,34.81087824351297,0.6357323232323233,44.17892156862745,1023.2843137254903,31.0086155674391,0
2256,4,0,0,34,0.0,0.0,1.0,34,500,300,200,0.6,7,3,4,363.69521088299535,0.7912953060011884,0.034608289090115596,0.2112871899663799,131014.28086553246,2729.8533016147603,133744.13416714722,2111,5,559.7647058823529,33,1,20,34.7478253930253,0.6369949494949496,44.056372549019606,1023.7745098039214,31.023469994058225,0
2257,4,2,1,35,0.05555555555555555,0.027777777777777776,0.9722222222222222,36,700,600,100,0.8571428571428571,8,6,2,348.6204022504349,0.8052910052910054,0.05191493094718891,0.20578352106207437,131624.87809713645,1977.4235896776343,133602.30168681408,2112,0,529.6111111111111,35,1,19,34.51716294458229,0.6386904761904761,43.460648148148145,1026.1574074074072,29.318783068783063,0
2258,4,0,0,35,0.0,0.0,1.0,35,950,900,50,0.9473684210526315,10,9,1,359.83263846321597,0.7991596638655462,0.052732457885660944,0.21177035607917172,131511.22448979618,2464.406179138349,133975.63066893452,2113,1,545.7428571428571,34,1,22,34.344291627978954,0.639705882352941,43.571428571428584,1025.7142857142876,30.168067226890813,0
2259,4,0,0,35,0.0,0.0,1.0,35,1600,1500,100,0.9375,17,15,2,361.3890679338152,0.7990896358543417,0.04948802067800018,0.21371032535839216,131694.45153061236,2518.587018140611,134213.038548753,2114,2,546.7428571428571,34,1,19,34.11935552462693,0.6415441176470587,43.39285714285715,1026.4285714285725,30.18907563025213,0
2260,4,0,0,35,0.0,0.0,1.0,35,1050,500,550,0.47619047619047616,16,5,11,364.13001239154534,0.7973389355742296,0.05691108057546845,0.2165456841438073,131908.37762188207,2606.35983560091,134514.737457483,2115,3,547.7428571428571,34,1,20,33.83310155676595,0.6436887254901961,43.18452380952381,1027.2619047619046,30.213585434173666,0
2261,4,0,0,35,0.0,0.0,1.0,35,800,600,200,0.75,10,6,4,365.5734505138017,0.7963585434173669,0.06270291737684297,0.21810612289465428,132030.69905045338,2653.383645124702,134684.08269557808,2116,4,548.7428571428571,34,1,20,33.67263214795938,0.6449142156862746,43.06547619047618,1027.7380952380943,30.227591036414537,0
2262,4,0,0,35,0.0,0.0,1.0,35,900,800,100,0.8888888888888888,10,8,2,362.5197452990913,0.7953781512605042,0.06455112198832547,0.21733574459672764,132214.2874858275,2586.0579648525877,134800.34545068006,2117,5,549.7428571428571,34,1,20,33.566047382027236,0.6467524509803922,42.88690476190475,1028.4523809523796,30.24859943977587,0
2263,4,0,1,34,0.0,0.02857142857142857,0.9714285714285714,35,550,400,150,0.7272727272727273,7,4,3,361.09838309705236,0.7943277310924369,0.06454940731066228,0.2168346857777363,132275.5119756234,2552.8946995464653,134828.40667516988,2118,6,550.7428571428571,34,1,21,33.54091926088802,0.6473651960784315,42.82738095238094,1028.6904761904748,30.255602240896316,0
2264,4,0,0,34,0.0,0.0,1.0,34,1600,1300,300,0.8125,19,13,6,360.7664442951041,0.7929292929292929,0.059895213145987336,0.2173397847338796,132398.00347222204,2752.9513888888655,135150.95486111092,2119,7,551.0294117647059,33,1,22,33.42611336032389,0.6508838383838385,42.70833333333332,1029.1666666666652,31.186868686868642,0
2265,4,0,0,34,0.0,0.0,1.0,34,1050,700,350,0.6666666666666666,14,7,7,363.02267573696173,0.792483660130719,0.05584033613445416,0.21906540777230427,132461.07266435964,2817.274605920776,135278.3472702804,2120,8,552.0294117647059,33,1,22,33.304563492063494,0.6515151515151516,42.6470588235294,1029.4117647058806,31.1942959001782,0
2266,4,0,0,34,0.0,0.0,1.0,34,800,500,300,0.625,11,5,6,363.48140920633176,0.792038027332145,0.057017666657333654,0.22007908955115377,132587.25610342182,2838.600538254517,135425.85664167634,2121,9,553.0294117647059,33,1,22,33.165754402665385,0.6527777777777778,42.52450980392157,1029.901960784314,31.209150326797396,0
2267,4,0,0,34,0.0,0.0,1.0,34,500,300,200,0.6,7,3,4,366.1741776385347,0.7928921568627452,0.04975195740244476,0.22226904775502962,132681.93310565644,2916.9395484909605,135598.8726541474,2122,10,554.0294117647059,33,1,20,33.00114487926727,0.6537247474747474,42.432598039215684,1030.269607843137,31.220291146761728,0
2268,4,1,1,34,0.02857142857142857,0.02857142857142857,0.9714285714285714,35,1150,900,250,0.782608695652174,14,9,5,362.7308101111586,0.7988095238095237,0.0574593284873659,0.2224902994503478,133072.72002551027,2653.9151077097545,135726.63513322003,2123,0,539.1714285714286,34,1,20,32.69705972847198,0.6553308823529411,42.05357142857143,1031.785714285715,30.346638655462204,0
2269,4,0,0,34,0.0,0.0,1.0,34,1050,700,350,0.6666666666666666,14,7,7,370.7981487074956,0.7899212715389187,0.06397643984544765,0.22736705127228007,133060.97902549506,3067.752937572098,136128.73196306717,2124,12,556.0294117647059,33,1,21,32.5007671140674,0.6575126262626263,42.06495098039216,1031.7401960784318,31.264854426619145,0
2270,4,0,0,34,0.0,0.0,1.0,34,700,500,200,0.7142857142857143,9,5,4,371.4744298516431,0.789624183006536,0.07060848796362906,0.2285558161169023,133187.447811539,3095.146247837389,136282.5940593764,2125,13,557.0294117647059,33,1,21,32.356222050734104,0.6587752525252524,41.94240196078432,1032.230392156864,31.2797088532383,0
2271,4,0,0,34,0.0,0.0,1.0,34,800,600,200,0.75,10,6,4,372.28422035735434,0.787655971479501,0.07688387484117798,0.22963886096127914,133282.33882401025,3123.782319300299,136406.12114331056,2126,14,558.0294117647059,33,1,21,32.239991296779806,0.6597222222222221,41.85049019607845,1032.5980392156882,31.290849673202672,0
2272,4,0,0,34,0.0,0.0,1.0,34,1150,1000,150,0.8695652173913043,13,10,3,372.02468858361544,0.7865790255496138,0.08029540840176663,0.23045849738783736,133440.5656027732,3128.6369725586565,136569.20257533184,2127,15,559.0294117647059,33,1,21,32.087805914679954,0.661300505050505,41.69730392156864,1033.2107843137271,31.30941770647658,0
2273,4,0,0,34,0.0,0.0,1.0,34,600,400,200,0.6666666666666666,8,4,4,372.02468858361544,0.7859477124183007,0.08029540840176663,0.23045849738783736,133440.5656027732,3128.6369725586565,136569.20257533184,2128,16,560.0294117647059,33,1,21,32.087805914679954,0.661300505050505,41.69730392156864,1033.2107843137271,31.30941770647658,0
2274,4,0,0,34,0.0,0.0,1.0,34,900,600,300,0.6666666666666666,12,6,6,372.9838709677417,0.7861333927510399,0.07945920303605303,0.23125000000000023,133472.22222222242,3156.5972222222454,136628.81944444467,2129,17,561.0294117647059,33,1,21,32.03125,0.6616161616161615,41.66666666666668,1033.3333333333348,31.313131313131358,0
2275,4,0,0,34,0.0,0.0,1.0,34,1150,900,250,0.782608695652174,14,9,5,374.1037779734763,0.7861705288175876,0.08105373937404137,0.23215494024827846,133505.8614942763,3189.009433322487,136694.8709275988,2130,18,562.0294117647059,31,3,21,31.968549199949603,0.667002688172043,41.634114583333336,1033.463541666667,33.33753360215055,0
2276,4,0,0,34,0.0,0.0,1.0,34,750,400,350,0.5333333333333333,11,4,7,372.0002615663555,0.7852792632204397,0.08010906817838892,0.23125027649534943,133570.0936926079,3137.621958218546,136707.71565082643,2131,19,563.0294117647059,32,2,21,31.958440210089172,0.6650390625,41.571969696969695,1033.712121212121,32.30350378787878,0
2277,4,0,0,34,0.0,0.0,1.0,34,800,500,300,0.625,11,5,6,370.9267533443356,0.7850935828877006,0.07578108166343456,0.2311940722899628,133668.00103305795,3116.2075298439067,136784.20856290185,2132,20,564.0294117647059,32,2,21,31.887973137973148,0.666015625,41.477272727272734,1034.09090909091,32.315340909090935,0
2278,4,1,1,34,0.02857142857142857,0.02857142857142857,0.9714285714285714,35,1250,1000,250,0.8,15,10,5,357.27443129602557,0.7928571428571428,0.06645587812589837,0.224766319435601,134010.95920138893,2575.737847222227,136586.69704861115,2133,0,548.8857142857142,33,2,18,31.897635814889334,0.6669823232323232,41.145833333333336,1035.416666666667,31.376262626262637,0
2279,4,0,0,34,0.0,0.0,1.0,34,400,200,200,0.5,6,2,4,366.65266839789257,0.7838309566250743,0.07127884104581561,0.2293398446452161,133798.5999515355,3011.522740026519,136810.12269156202,2134,22,566.0294117647059,32,2,18,31.867575868521676,0.6673177083333334,41.3510101010101,1034.5959595959591,32.33112373737372,0
2280,4,0,0,34,0.0,0.0,1.0,34,900,400,500,0.4444444444444444,14,4,10,365.1415107225706,0.7829396910279264,0.06985921960879993,0.22920598046735347,133929.26263901652,2980.626657994095,136909.8892970106,2135,23,567.0294117647059,32,2,19,31.77578881027893,0.6686197916666666,41.22474747474748,1035.1010101010108,32.34690656565659,0
2281,4,0,0,34,0.0,0.0,1.0,34,850,700,150,0.8235294117647058,10,7,3,365.6219512195123,0.7822341057635176,0.0740028694404593,0.22991564417177912,133994.617896133,2998.2747296194216,136992.8926257524,2136,24,568.0294117647059,32,2,19,31.69791666666666,0.6692708333333334,41.16161616161616,1035.3535353535349,32.354797979797965,0
2282,4,0,0,34,0.0,0.0,1.0,34,850,500,350,0.5882352941176471,12,5,7,364.80931140088165,0.7805629827688652,0.08222601487260772,0.23001773877182408,134092.68067352817,2983.6517000816207,137076.3323736098,2137,25,569.0294117647059,32,2,19,31.62079930106871,0.6702473958333334,41.06691919191919,1035.7323232323229,32.36663510101009,0
2283,4,0,0,34,0.0,0.0,1.0,34,1350,1100,250,0.8148148148148148,16,11,5,363.59420423555406,0.7811200237670827,0.0643618360325584,0.22163438014706385,132839.80320069208,2859.956507112652,135699.75970780474,2138,26,570.0294117647059,33,1,19,32.908840545252815,0.6553030303030303,42.279411764705884,1030.8823529411768,31.23885918003566,4
2284,4,0,0,34,0.0,0.0,1.0,34,750,500,250,0.6666666666666666,10,5,5,361.83907448305933,0.7798573975044564,0.08313669307264471,0.2140370118552334,131705.23356401385,2731.219963475587,134436.45352748944,2139,27,571.0294117647059,33,1,16,34.096923750397956,0.6439393939393939,43.38235294117647,1026.4705882352941,31.10516934046346,2
2285,4,0,0,34,0.0,0.0,1.0,34,900,600,300,0.6666666666666666,12,6,6,365.3894310449773,0.7796717171717172,0.08633979907752587,0.21667360528845447,131799.59518274205,2831.635819156077,134631.23100189812,2140,28,572.0294117647059,33,1,16,33.910545212236954,0.6448863636363638,43.29044117647058,1026.8382352941164,31.11631016042777,0
2286,4,1,1,34,0.02857142857142857,0.02857142857142857,0.9714285714285714,35,1100,800,300,0.7272727272727273,14,8,6,354.8640259929971,0.7860644257703081,0.07985186899664432,0.2130910388190051,132275.5119756234,2387.9641439909096,134663.47611961432,2141,0,556.6571428571428,34,1,18,33.70124985534081,0.6473651960784315,42.82738095238094,1028.6904761904748,30.255602240896316,0
2287,4,0,0,34,0.0,0.0,1.0,34,1300,900,400,0.6923076923076923,17,9,8,364.98777818141554,0.7774064171122995,0.09183730675973067,0.21914931402394847,132271.9101427334,2855.526119761612,135127.436262495,2142,30,574.0294117647059,33,1,19,33.444523866253675,0.6496212121212122,42.83088235294117,1028.676470588234,31.172014260249515,0
2288,4,0,0,34,0.0,0.0,1.0,34,1150,900,250,0.782608695652174,14,9,5,364.98777818141554,0.7774064171122995,0.09183730675973067,0.21914931402394847,132271.9101427334,2855.526119761612,135127.436262495,2143,31,575.0294117647059,33,1,19,33.444523866253675,0.6496212121212122,42.83088235294117,1028.676470588234,31.172014260249515,0
2289,4,0,0,34,0.0,0.0,1.0,34,650,300,350,0.46153846153846156,10,3,7,370.91271205569467,0.7758838383838385,0.10215852027202121,0.2236393301188644,132429.5361910083,3023.959684976936,135453.49587598522,2144,32,576.0294117647059,33,1,19,33.133284716434495,0.651199494949495,42.677696078431374,1029.2892156862747,31.190582293523477,0
2290,4,0,0,34,0.0,0.0,1.0,34,750,300,450,0.4,12,3,9,369.54026862169616,0.7758838383838385,0.09809406443210533,0.22318531967583533,132492.61289227704,2992.2711517204943,135484.88404399753,2145,33,577.0294117647059,33,1,19,33.10506189739317,0.651830808080808,42.61642156862745,1029.5343137254904,31.198009506833042,0
2291,4,0,0,34,0.0,0.0,1.0,34,800,700,100,0.875,9,7,2,368.7190501746522,0.7750297088532383,0.09937844723800993,0.22325035285790906,132587.25610342188,2977.48942714342,135564.7455305653,2146,34,578.0294117647059,33,1,19,33.03089798508647,0.6527777777777777,42.524509803921575,1029.9019607843145,31.20915032679741,0
2292,4,1,1,34,0.02857142857142857,0.02857142857142857,0.9714285714285714,35,700,400,300,0.5714285714285714,10,4,6,362.2756921013656,0.7829131652661064,0.0858824887452383,0.22148160343501286,132949.9167375284,2632.904620181413,135582.82135770982,2147,0,562.4857142857143,34,1,18,32.83215975989843,0.6541053921568627,42.17261904761905,1031.3095238095243,30.332633053221304,0
2293,4,0,0,34,0.0,0.0,1.0,34,1150,800,350,0.6956521739130435,15,8,7,370.9542361615138,0.7754010695187167,0.0984715531285616,0.22631167431666532,132871.38848339583,3057.840884515574,135929.2293679114,2148,36,580.0294117647059,33,1,18,32.687383612662934,0.6556186868686869,42.24877450980392,1031.0049019607845,31.24257278669044,0
2294,4,1,1,34,0.02857142857142857,0.02857142857142857,0.9714285714285714,35,850,700,150,0.8235294117647058,10,7,3,360.28197831816084,0.7810924369747899,0.09111880046136123,0.2215350887956351,133164.85969387757,2595.3798185941077,135760.2395124717,2149,0,564.4285714285714,34,1,18,32.66772395232603,0.65625,41.964285714285715,1032.1428571428573,30.35714285714286,0
2295,4,1,1,34,0.02857142857142857,0.02857142857142857,0.9714285714285714,35,700,300,400,0.42857142857142855,11,3,8,364.8066174455397,0.780532212885154,0.09314121037463963,0.2252453669992923,133318.49666950104,2727.0939625850197,136045.59063208607,2150,0,565.4,34,1,18,32.39673390970219,0.6577818627450981,41.81547619047618,1032.7380952380945,30.374649859943958,0
2296,4,1,1,34,0.02857142857142857,0.02857142857142857,0.9714285714285714,35,950,800,150,0.8421052631578947,11,8,3,365.5503896834282,0.7775910364145657,0.09192489344545596,0.22682937332679334,133502.97796201808,2760.4131235827626,136263.39108560083,2151,0,566.3714285714286,34,1,18,32.19243174749454,0.6596200980392157,41.63690476190476,1033.4523809523805,30.395658263305307,0
2297,4,0,0,34,0.0,0.0,1.0,34,950,800,150,0.8421052631578947,11,8,3,374.3057461640636,0.7712418300653595,0.09881501538805093,0.23147638550380734,133377.26362757117,3184.775236687813,136562.038864259,2152,40,584.0294117647059,33,1,18,32.09245363230118,0.6606691919191918,41.75857843137255,1032.96568627451,31.301990493166972,0
2298,4,0,0,34,0.0,0.0,1.0,34,1050,800,250,0.7619047619047619,13,8,5,373.9327448061278,0.7704248366013072,0.0881097369577497,0.23203641184327267,133503.88259623703,3184.294652297188,136688.17724853422,2153,41,585.0294117647059,33,1,19,31.974954543657848,0.6619318181818181,41.6360294117647,1033.4558823529412,31.316844919786096,0
2299,4,0,0,34,0.0,0.0,1.0,34,950,800,150,0.8421052631578947,11,8,3,377.3673351422846,0.7692736185383244,0.09318606532228846,0.2347692359336514,133598.88624567477,3283.171136101505,136882.05738177628,2154,42,586.0294117647059,33,1,19,31.790836889521106,0.6628787878787878,41.544117647058826,1033.823529411765,31.327985739750456,0
2300,4,0,0,34,0.0,0.0,1.0,34,700,300,400,0.42857142857142855,11,3,8,377.62529966964416,0.768716577540107,0.09092652113589295,0.23513097072419095,133630.5616379517,3292.456176710871,136923.01781466257,2155,43,587.0294117647059,33,1,19,31.752375449409342,0.6631944444444444,41.51348039215686,1033.9460784313721,31.331699346405216,0
2301,4,0,0,34,0.0,0.0,1.0,34,900,600,300,0.6666666666666666,12,6,6,379.93708820583925,0.767825311942959,0.08211814869261702,0.23779161124699028,133820.6928374903,3368.6888756728017,137189.3817131631,2156,44,588.0294117647059,33,1,17,31.501811165067707,0.6650883838383839,41.32965686274509,1034.6813725490188,31.3539809863339,0
2302,4,0,0,34,0.0,0.0,1.0,34,1000,500,500,0.5,15,5,10,379.93708820583925,0.767825311942959,0.08211814869261702,0.23779161124699028,133820.6928374903,3368.6888756728017,137189.3817131631,2157,45,589.0294117647059,33,1,17,31.501811165067707,0.6650883838383839,41.32965686274509,1034.6813725490188,31.3539809863339,0
2303,4,0,0,34,0.0,0.0,1.0,34,1000,900,100,0.9,11,9,2,375.9342760002689,0.7673425430778372,0.08056023735565732,0.23589456872944048,133915.80912389452,3268.7085495962892,137184.5176734908,2158,46,590.0294117647059,33,1,17,31.509985002762647,0.6660353535353536,41.237745098039206,1035.0490196078422,31.365121806298248,0
2304,4,0,0,34,0.0,0.0,1.0,34,1100,400,700,0.36363636363636365,18,4,14,375.66164969655813,0.7661170528817588,0.08135827991118383,0.236742475882596,134074.41135921283,3273.3229106593653,137347.7342698722,2159,47,591.0294117647059,33,1,18,31.358098647102906,0.6676136363636364,41.08455882352941,1035.6617647058824,31.383689839572195,0
2305,4,0,0,34,0.0,0.0,1.0,34,800,700,100,0.875,9,7,2,374.15373561319745,0.7661541889483067,0.08265360095765728,0.23599607264199576,134106.14306997298,3235.262879661657,137341.40594963465,2160,48,592.0294117647059,33,1,18,31.36535731187884,0.667929292929293,41.053921568627445,1035.7843137254895,31.387403446226955,0
2306,4,0,0,34,0.0,0.0,1.0,34,1000,900,100,0.9,11,9,2,376.1146798967823,0.765634284016637,0.08097278646557982,0.23805581835383155,134233.10745866958,3297.40844867357,137530.51590734316,2161,49,593.0294117647059,33,1,18,31.187421160517204,0.6691919191919193,40.9313725490196,1036.2745098039204,31.40225787284607,0
2307,4,0,0,34,0.0,0.0,1.0,34,1100,800,300,0.7272727272727273,14,8,6,376.55020920139486,0.7657085561497327,0.07859596900950039,0.23874525258061433,134296.6121804112,3313.8834823144753,137610.49566272568,2162,50,594.0294117647059,33,1,19,31.112556159848662,0.6698232323232324,40.87009803921568,1036.5196078431359,31.409685086155633,0
2308,4,0,0,34,0.0,0.0,1.0,34,1400,1000,400,0.7142857142857143,18,10,8,374.07379248985603,0.7654857397504456,0.07904542105190004,0.2380009347405383,134423.66667868118,3256.874158977307,137680.54083765848,2163,51,595.0294117647059,33,1,19,31.049594264555267,0.6710858585858586,40.74754901960784,1037.009803921568,31.424539512774786,0
2309,4,0,0,34,0.0,0.0,1.0,34,1050,600,450,0.5714285714285714,15,6,9,372.0549154291049,0.7645944741532977,0.08196875065131781,0.23775011086326275,134582.56927924356,3214.4212862841214,137796.99056552767,2164,52,596.0294117647059,33,1,20,30.943048502027473,0.6726641414141414,40.59436274509804,1037.6225490196077,31.44310754604872,0
2310,4,0,0,34,0.0,0.0,1.0,34,750,500,250,0.6666666666666666,10,5,5,370.2774846705296,0.7655228758169935,0.07474824640600031,0.2372352719485163,134677.95589436754,3173.6429498269854,137851.59884419452,2165,53,597.0294117647059,33,1,20,30.893841007477373,0.6736111111111112,40.502450980392155,1037.9901960784312,31.454248366013065,0
2311,4,0,0,34,0.0,0.0,1.0,34,550,400,150,0.7272727272727273,7,4,3,370.9910650013733,0.7643716577540107,0.07485021625787103,0.2383174597237786,134773.37630058159,3199.9436815167323,137973.31998209833,2166,54,598.0294117647059,33,1,20,30.78000216373577,0.6745580808080808,40.41053921568628,1038.3578431372557,31.465389185977447,0
2312,4,0,0,34,0.0,0.0,1.0,34,500,200,300,0.4,8,2,6,371.2091836925107,0.7650401069518717,0.07661497452414956,0.2386666633240013,134805.19061178403,3208.1849529027368,138013.37556468675,2167,55,599.0294117647059,33,1,18,30.742565494453622,0.6748737373737373,40.379901960784316,1038.4803921568634,31.469102792632224,0
2313,4,0,0,34,0.0,0.0,1.0,34,800,500,300,0.625,11,5,6,372.7696294808722,0.7637403446226976,0.07011012497484526,0.24030176038854406,134900.65607278454,3257.373516195698,138158.02958898022,2168,56,600.0294117647059,33,1,19,30.606715229444376,0.6758207070707071,40.28799019607843,1038.8480392156866,31.480243612596563,0
2314,4,0,0,34,0.0,0.0,1.0,34,550,300,250,0.5454545454545454,8,3,5,384.022409190079,0.7637403446226976,0.09596730703234968,0.23154373401202252,132429.53619100832,3371.1819071991595,135800.71809820746,2169,57,601.0294117647059,33,1,19,32.79594296940111,0.651199494949495,42.677696078431374,1029.289215686275,31.190582293523484,4
2315,4,0,0,34,0.0,0.0,1.0,34,600,600,0,1.0,6,6,0,385.95918367346934,0.7634061200237672,0.09941176470588253,0.23290640394088666,132461.0726643599,3424.9134948096926,135885.9861591696,2170,58,602.0294117647059,33,1,19,32.7142857142857,0.6515151515151515,42.64705882352941,1029.4117647058827,31.19429590017826,0
2316,4,1,1,34,0.02857142857142857,0.02857142857142857,0.9714285714285714,35,750,500,250,0.6666666666666666,10,5,5,378.40308457079107,0.7749299719887954,0.09309309309309377,0.2303947894665195,132796.4923469387,3050.120464852604,135846.6128117913,2171,0,585.8,34,1,18,32.57079194579195,0.6525735294117647,42.32142857142857,1030.714285714285,30.31512605042015,0
2317,4,0,0,34,0.0,0.0,1.0,34,950,500,450,0.5263157894736842,14,5,9,385.8013160567916,0.7619578134284017,0.10089981038210416,0.2341827916310072,132681.9331056566,3437.7728818243086,136119.7059874809,2172,60,604.0294117647059,33,1,19,32.49561377423576,0.6537247474747474,42.43259803921569,1030.2696078431381,31.220291146761763,0
2318,4,1,1,34,0.02857142857142857,0.02857142857142857,0.9714285714285714,35,750,500,250,0.6666666666666666,10,5,5,375.6605360528068,0.7673669467787114,0.09604063257532092,0.22966458883736524,132949.91673752837,2988.8073979591913,135938.72413548757,2173,0,587.7428571428571,34,1,19,32.4870618338528,0.6541053921568627,42.17261904761905,1031.309523809524,30.332633053221297,0
2319,4,0,0,34,0.0,0.0,1.0,34,1000,800,200,0.8,12,8,4,384.17820793111025,0.7611408199643495,0.10406701910436045,0.234181672834529,132839.80320069208,3406.831507112652,136246.63470780474,2174,62,606.0294117647059,33,1,19,32.37834839118719,0.6553030303030303,42.279411764705884,1030.8823529411768,31.23885918003566,0
2320,4,1,1,34,0.02857142857142857,0.02857142857142857,0.9714285714285714,35,1100,1000,100,0.9090909090909091,12,10,2,376.0660145251842,0.7664565826330532,0.09802790912236214,0.2314313990026879,133195.58000283447,3018.066184807258,136213.64618764172,2175,0,589.6857142857143,34,1,19,32.2295582977742,0.6565563725490196,41.93452380952381,1032.2619047619048,30.360644257703083,0
2321,4,0,0,34,0.0,0.0,1.0,34,950,600,350,0.631578947368421,13,6,7,385.47656919037615,0.7604352346999407,0.10768709431747525,0.23636760641032625,133060.9790254951,3458.3779375720987,136519.3569630672,2176,64,608.0294117647059,33,1,19,32.12215920338917,0.6575126262626263,42.06495098039216,1031.740196078432,31.264854426619152,0
2322,4,1,0,35,0.02857142857142857,0.0,1.0,35,1100,700,400,0.6363636363636364,15,7,8,375.1444540506652,0.7681372549019607,0.10371053238073302,0.23220424909070397,133410.72137188193,3009.6584467120006,136420.37981859394,2177,0,591.6285714285714,34,1,20,32.03719174925098,0.6587009803921569,41.72619047619047,1033.095238095237,30.385154061624615,0
2323,4,0,0,35,0.0,0.0,1.0,35,1250,900,350,0.72,16,9,7,375.3716800250519,0.7684173669467786,0.10641164357265054,0.23314055938429976,133537.46588358312,3025.2649276729135,136562.73081125604,2178,1,592.6285714285714,32,3,20,31.904063848847635,0.6647135416666667,41.60353535353534,1033.585858585857,32.29955808080803,0
2324,4,0,0,35,0.0,0.0,1.0,35,800,600,200,0.75,10,6,4,378.22331530427925,0.768767507002801,0.11302967395286356,0.2355338957434785,133635.36126734514,3108.8018760840664,136744.1631434292,2179,2,593.6285714285714,32,3,20,31.73209997150649,0.6656901041666667,41.50883838383838,1033.9646464646462,32.31139520202019,0
2325,4,0,0,35,0.0,0.0,1.0,35,1000,700,300,0.7,13,7,6,376.60866945731215,0.7674369747899159,0.10999529099883154,0.2349430016393636,133700.6447843333,3070.5643875624974,136771.2091718958,2180,3,594.6285714285714,32,3,16,31.708328246449362,0.6663411458333334,41.44570707070707,1034.217171717172,32.31928661616163,0
2326,4,0,0,35,0.0,0.0,1.0,35,700,300,400,0.42857142857142855,11,3,8,378.0062791439875,0.7656862745098039,0.11407650197008223,0.2364414848325063,133798.5999515355,3115.3421844709637,136913.94213600646,2181,4,595.6285714285714,32,3,16,31.573915873403298,0.6673177083333334,41.3510101010101,1034.5959595959591,32.33112373737372,0
2327,4,0,0,35,0.0,0.0,1.0,35,1200,1000,200,0.8333333333333334,14,10,4,376.06914362349767,0.765266106442577,0.11056309799752517,0.23585606505599158,133896.59098880214,3070.875261452906,136967.46625025503,2182,5,596.6285714285714,32,3,17,31.525761457443785,0.6682942708333334,41.25631313131313,1034.9747474747471,32.34296085858585,0
2328,4,0,1,34,0.0,0.02857142857142857,0.9714285714285714,35,1050,800,250,0.7619047619047619,13,8,5,374.6915526472338,0.7639355742296918,0.11096167247386757,0.2356189211431991,133994.61789613302,3041.3302851749777,137035.948181308,2183,6,597.6285714285714,32,3,17,31.463160569105685,0.6692708333333334,41.16161616161616,1035.353535353535,32.35479797979797,0
2329,4,0,0,34,0.0,0.0,1.0,34,950,600,350,0.631578947368421,13,6,7,384.69643697283624,0.7538992869875223,0.11811708450839808,0.24091273322483267,133842.48733520496,3497.745598687051,137340.23293389202,2184,72,616.0294117647059,31,3,17,31.356827524013266,0.6703629032258065,41.30859374999999,1034.765624999999,33.37953629032255,0
2330,4,0,0,34,0.0,0.0,1.0,34,550,400,150,0.7272727272727273,7,4,3,401.4397672991207,0.7538992869875223,0.14039750905895398,0.2381407459842267,131813.89534550044,3783.0678948576624,135596.9632403581,2185,73,617.0294117647059,32,2,19,32.970613549735646,0.6474609375,43.27651515151515,1026.893939393939,32.090435606060595,3
2331,4,0,0,34,0.0,0.0,1.0,34,750,500,250,0.6666666666666666,10,5,5,404.62850566911186,0.7521538918597742,0.14512840534443883,0.24064747968741898,131911.15702479327,3875.002869605124,135786.15989439838,2186,74,618.0294117647059,32,2,19,32.79022246804326,0.6484375,43.18181818181817,1027.2727272727263,32.1022727272727,0
2332,4,0,0,34,0.0,0.0,1.0,34,700,400,300,0.5714285714285714,10,4,6,406.0761084124993,0.7543449197860963,0.14890180178226808,0.24212845760947488,132008.45457415062,3921.095902203855,135929.55047635446,2187,75,619.0294117647059,32,2,19,32.65450301019781,0.6494140625,43.08712121212121,1027.6515151515152,32.11410984848485,0
2333,4,1,1,34,0.02857142857142857,0.02857142857142857,0.9714285714285714,35,1100,800,300,0.7272727272727273,14,8,6,395.1875952728287,0.7588935574229692,0.14412955465587052,0.23807642934728934,132398.00347222216,3464.409722222213,135862.41319444438,2188,0,602.3142857142857,33,2,19,32.540485829959515,0.6508838383838385,42.70833333333333,1029.166666666666,31.186868686868667,0
2334,4,1,0,35,0.02857142857142857,0.0,1.0,35,1000,700,300,0.7,13,7,6,390.97902429001294,0.7642857142857142,0.1435370911810705,0.23672822191161882,132587.2561034218,3367.767204921183,135955.02330834296,2189,0,603.2857142857143,33,2,20,32.457758210376,0.6527777777777778,42.52450980392157,1029.9019607843138,31.20915032679739,0
2335,4,0,1,34,0.0,0.02857142857142857,0.9714285714285714,35,900,600,300,0.6666666666666666,12,6,6,391.4626767223642,0.7639355742296918,0.14472655586145966,0.23741957146668063,132650.37035034603,3385.5338091118756,136035.9041594579,2190,1,604.2857142857143,33,2,18,32.3816321674994,0.6534090909090909,42.463235294117645,1030.1470588235293,31.216577540106947,0
2336,4,0,0,34,0.0,0.0,1.0,34,900,600,300,0.6666666666666666,12,6,6,393.2120550126091,0.7650772430184195,0.13279902645155062,0.2317215992104971,131561.79004245327,3562.3908870452037,135124.18092949849,2191,2,604.7941176470588,31,3,19,33.437116596860854,0.6475134408602151,43.522135416666664,1025.9114583333328,33.093918010752674,5
2337,4,0,0,34,0.0,0.0,1.0,34,900,600,300,0.6666666666666666,12,6,6,394.20660974284425,0.7645944741532977,0.1318381233772048,0.23332769603698061,131728.82080078113,3585.6743706597076,135314.49517144085,2192,3,605.7941176470588,31,3,19,33.242431929646536,0.6491935483870969,43.35937499999999,1026.562499999999,33.11491935483868,0
2338,4,0,0,34,0.0,0.0,1.0,34,1000,800,200,0.8,12,8,4,392.966918934501,0.7617721330956626,0.12635415612028011,0.23331335172359327,131846.31191970193,3562.2477935924753,135408.5597132944,2193,4,606.7941176470588,32,2,19,33.15532538316531,0.6477864583333335,43.24494949494949,1027.020202020201,32.09438131313128,0
2339,4,0,0,34,0.0,0.0,1.0,34,1100,700,400,0.6363636363636364,15,7,8,394.81447496856623,0.7609180035650625,0.12625335251465764,0.23501136670221076,131943.58555568295,3618.6474913274023,135562.23304701035,2194,5,607.7941176470588,32,2,20,33.00945270574741,0.6487630208333335,43.15025252525252,1027.398989898989,32.106218434343404,0
2340,4,0,0,34,0.0,0.0,1.0,34,750,500,250,0.6666666666666666,10,5,5,403.12467996134325,0.7609180035650625,0.18590758253854744,0.22375100697475309,129236.69222608021,3622.043549446478,132858.7357755267,2195,6,608.7941176470588,29,5,22,35.55112575695487,0.6296695402298851,45.79861111111111,1016.8055555555553,35.06226053639846,5
2341,4,1,0,35,0.02857142857142857,0.0,1.0,35,750,500,250,0.6666666666666666,10,5,5,394.1625758433643,0.7705182072829131,0.20479517845371542,0.22261527459210115,129919.79067305467,3241.903868944383,133161.69454199905,2196,0,592.3714285714286,30,5,19,35.081575477916935,0.6336805555555556,45.12768817204301,1019.4892473118277,33.982974910394255,0
2342,4,3,2,36,0.07894736842105263,0.05263157894736842,0.9473684210526316,38,950,600,350,0.631578947368421,13,6,7,364.56660427145096,0.80049786628734,0.18378180717726256,0.21076191222008825,130826.15460399851,1938.9693867743213,132765.12399077284,2197,0,546.5263157894736,33,5,17,34.91604775594952,0.6351010101010102,44.240196078431374,1023.0392156862749,31.001188354129543,0
2343,4,3,1,38,0.07692307692307693,0.02564102564102564,0.9743589743589743,39,850,700,150,0.8235294117647058,10,7,3,357.65995424784734,0.8075798470535313,0.19420686203537363,0.2089870486226222,131236.62308673482,1587.6169217687238,132824.24000850355,2198,0,533.4358974358975,34,5,20,34.67744277913325,0.6369485294117647,43.83928571428572,1024.6428571428582,30.136554621848774,0
2344,4,1,2,37,0.02564102564102564,0.05128205128205128,0.9487179487179487,39,1200,800,400,0.6666666666666666,16,8,8,355.1194382209264,0.8007197480881691,0.1509869134767705,0.2108475838631753,131847.23816610003,1564.3034297052475,133411.54159580526,2199,0,534.4102564102565,34,5,16,34.12614466210735,0.6430759803921566,43.244047619047635,1027.0238095238117,30.206582633053284,3
2345,4,0,0,37,0.0,0.0,1.0,37,750,500,250,0.6666666666666666,10,5,5,369.7081260242812,0.7879129129129129,0.1720191952750092,0.2182002861437426,131619.4795971075,2332.158230027553,133951.63782713507,2200,2,564.2702702702703,32,5,16,33.98163528977483,0.6455078125,43.46590909090909,1026.1363636363642,32.06676136363638,0
2346,4,0,0,37,0.0,0.0,1.0,37,1200,800,400,0.6666666666666666,16,8,8,375.211071816699,0.786036036036036,0.18280388370168188,0.2222025655456359,131749.07415378545,2486.7422648199286,134235.8164186054,2201,3,565.2702702702703,32,5,16,33.709465830361154,0.6468098958333333,43.33964646464647,1026.6414141414152,32.082544191919226,0
2347,4,0,0,37,0.0,0.0,1.0,37,800,600,200,0.75,10,6,4,409.78756358541455,0.7857232232232232,0.17114322412746574,0.22854518857680656,129426.12879106712,3218.6390419344816,132644.7678330016,2202,4,566.2702702702703,32,5,16,35.18788518012987,0.6233723958333335,45.61237373737373,1017.5505050505042,31.798453282828255,6
2348,4,0,0,37,0.0,0.0,1.0,37,750,500,250,0.6666666666666666,10,5,5,397.461828671843,0.7857232232232232,0.17980078502278007,0.223045594739479,129669.02941476817,2910.392151042971,132579.42156581115,2203,5,567.2702702702703,33,4,16,35.25335398868968,0.6234217171717172,45.37377450980391,1018.5049019607828,30.86378490790251,3
2349,4,0,1,36,0.0,0.02702702702702703,0.972972972972973,37,1100,500,600,0.45454545454545453,17,5,12,384.6100861821948,0.7876626626626626,0.12120923740642064,0.21005627783796796,128596.93877551024,2520.354247703988,131117.2930232142,2204,6,568.2702702702703,34,3,18,36.6759585289515,0.6102941176470588,46.42857142857143,1014.2857142857146,29.83193277310925,6
2350,4,1,1,36,0.02702702702702703,0.02702702702702703,0.972972972972973,37,750,600,150,0.8,9,6,3,381.09258764940756,0.784034034034034,0.12026805130253404,0.20908593322386432,128778.12500000013,2415.2777777777933,131193.40277777793,2205,0,568.8378378378378,34,3,19,36.579775588396274,0.6121323529411764,46.25000000000001,1015.000000000001,29.85294117647062,0
2351,4,0,0,36,0.0,0.0,1.0,36,1000,600,400,0.6,14,6,8,388.9975210294606,0.777149470899471,0.08647836780775009,0.21087491844921644,128299.67928501063,2781.6514381487987,131081.33072315942,2206,8,585.6388888888889,33,3,18,36.86935506632798,0.6095328282828283,46.7218137254902,1013.1127450980397,30.700386215092113,4
2352,4,0,0,36,0.0,0.0,1.0,36,300,100,200,0.3333333333333333,5,1,4,389.48790708580714,0.776686507936508,0.08588575880922655,0.21179845361648336,128423.86529519898,2803.908502739336,131227.7737979383,2207,9,586.6388888888889,33,3,16,36.7296125015113,0.6107954545454546,46.599264705882355,1013.6029411764707,30.715240641711233,0
2353,4,2,1,37,0.05263157894736842,0.02631578947368421,0.9736842105263158,38,800,500,300,0.625,11,5,6,370.48506609426755,0.7933854907539118,0.08482598106846795,0.20392948368325597,128907.38195516102,1951.651984739351,130859.03393990037,2208,0,556.7105263157895,35,3,17,36.71690980928501,0.6113095238095239,46.122685185185176,1015.5092592592579,29.014550264550223,0
2354,4,1,0,38,0.02631578947368421,0.0,1.0,38,650,500,150,0.7692307692307693,8,5,3,370.39842209073004,0.797504741583689,0.08855600539811093,0.20403302911777482,128936.76757812485,1951.5950520833198,130888.36263020817,2209,0,557.6842105263158,35,3,18,36.68910256410256,0.6116071428571429,46.09374999999999,1015.6249999999989,29.01785714285711,0
2355,4,1,1,38,0.02564102564102564,0.02564102564102564,0.9743589743589743,39,800,500,300,0.625,11,5,6,359.7823165815639,0.8054993252361674,0.08070617906683464,0.19951564828614016,129201.38888888895,1496.8750000000052,130698.26388888895,2210,0,544.3589743589744,36,3,18,36.68886612021858,0.6122685185185186,45.833333333333336,1016.6666666666672,28.240740740740755,0
2356,4,4,1,41,0.09523809523809523,0.023809523809523808,0.9761904761904762,42,1200,800,400,0.6666666666666666,16,8,8,346.9777712113122,0.8224932249322493,0.11873161720022374,0.19702303008781474,130129.69970703125,630.4226345486111,130760.12234157986,2211,0,506.3809523809524,39,3,18,36.07123107027394,0.6161858974358975,44.921875,1020.3125,26.161858974358974,0
2357,4,2,2,41,0.046511627906976744,0.046511627906976744,0.9534883720930233,43,700,600,100,0.8571428571428571,8,6,2,316.07231130153707,0.8248431155407899,0.049730554450793996,0.17470464569950647,129072.27143441419,-440.6979517167821,128631.57348269741,2212,0,495.5581395348837,40,3,16,37.93087642097542,0.6039062499999999,45.960365853658544,1016.1585365853671,25.403963414634177,8
2358,4,3,4,40,0.06818181818181818,0.09090909090909091,0.9090909090909091,44,850,600,250,0.7058823529411765,11,6,5,307.30202926171916,0.8306465821000705,0.07128240109140482,0.17194838736552703,129554.63927469146,-837.5192901234489,128717.11998456801,2213,0,485.0681818181818,41,3,11,37.664847658026375,0.6072154471544715,45.486111111111114,1018.0555555555565,24.830623306233083,0
2359,4,1,3,38,0.024390243902439025,0.07317073170731707,0.926829268292683,41,450,200,250,0.4444444444444444,7,2,5,323.24548887463044,0.8133638211382114,0.059178408220794676,0.17902000995149808,129149.73416121368,149.4137913940224,129299.1479526077,2214,0,521.4878048780488,40,1,14,37.66996600679863,0.6046874999999999,45.88414634146342,1016.4634146341473,25.411585365853682,1
2360,4,2,0,40,0.05,0.0,1.0,40,1000,800,200,0.8,12,8,4,331.51456748376296,0.8058493589743589,0.07595977569287204,0.18396975369700372,129229.25954380188,568.2970724764409,129797.55661627832,2215,0,535.375,37,3,19,37.37901703871455,0.6106418918918919,45.805921052631575,1016.7763157894731,27.480440967283055,0
2361,4,1,0,41,0.024390243902439025,0.0,1.0,41,600,300,300,0.5,9,3,6,324.87481689834897,0.8135670731707317,0.08343788245776662,0.1814043086619971,129473.07715136232,212.50844656292418,129685.58559792524,2216,0,523.2926829268292,38,3,17,37.30032717474981,0.6112938596491229,45.56623931623931,1017.735042735042,26.78250112460637,0
2362,4,0,0,41,0.0,0.0,1.0,41,1250,900,350,0.72,16,9,7,325.8454827027702,0.8140243902439024,0.08933534665881826,0.1824504964839835,129581.83235627144,244.7309427277399,129826.56329899917,2217,1,524.2926829268292,38,3,17,37.16531129765653,0.612390350877193,45.45940170940171,1018.162393162393,26.793747188484026,0
2363,4,0,1,40,0.0,0.024390243902439025,0.975609756097561,41,750,400,350,0.5333333333333333,11,4,7,327.0704838809871,0.8143292682926829,0.09035982711101864,0.1832633028729975,129609.02829142011,278.2575197238632,129887.28581114397,2218,2,525.2926829268292,38,3,17,37.106547056971976,0.6126644736842106,45.43269230769231,1018.2692307692307,26.79655870445344,0
2364,4,0,0,40,0.0,0.0,1.0,40,750,500,250,0.6666666666666666,10,5,5,334.56087731931484,0.8158386752136753,0.09383816087003316,0.18751157921934075,129619.76431450056,673.1404133964222,130292.90472789698,2219,3,523.05,37,3,17,36.90497020925307,0.6145833333333333,45.422149122807014,1018.3114035087715,27.52192982456139,0
2365,4,1,1,40,0.024390243902439025,0.024390243902439025,0.975609756097561,41,1350,700,650,0.5185185185185185,20,7,13,326.98073652149844,0.8253556910569105,0.0912256481055378,0.18436147910254694,129853.9201183432,291.94608809993747,130145.86620644314,2220,0,511.2682926829268,38,3,17,36.86058700209644,0.6151315789473684,45.19230769230769,1019.2307692307693,26.82186234817814,0
2366,4,1,1,40,0.024390243902439025,0.024390243902439025,0.975609756097561,41,850,500,350,0.5882352941176471,12,5,7,327.63845657593936,0.8236280487804878,0.09149024236942593,0.1855063289723557,130017.3097468771,319.7341387245294,130337.04388560163,2221,0,512.2439024390244,38,3,18,36.678320762623095,0.6167763157894737,45.032051282051285,1019.8717948717951,26.838731443994607,0
2367,4,0,0,40,0.0,0.0,1.0,40,1600,1100,500,0.6875,21,11,10,336.8545970760435,0.8176014957264958,0.08173293927995684,0.19124051408130469,130122.70752779701,766.4864429439829,130889.19397074099,2222,1,525.8,37,3,18,36.33653501701594,0.6196509009009008,44.92872807017544,1020.2850877192983,27.575272641062117,0
2368,4,0,0,40,0.0,0.0,1.0,40,1250,1000,250,0.8,15,10,5,334.30190057362296,0.8176816239316239,0.08063312211362916,0.19061145108640576,130290.57167830497,711.277147776251,131001.84882608123,2223,2,526.8,37,3,21,36.23167490065513,0.6213400900900901,44.76425438596492,1020.9429824561413,27.59305357989571,0
2369,4,0,0,40,0.0,0.0,1.0,40,700,400,300,0.5714285714285714,10,4,6,332.4925091923143,0.8187767094017094,0.07761462471813618,0.18985301889074319,130346.55044100106,667.8503241381975,131014.40076513926,2224,3,527.8,37,3,21,36.22120959948459,0.6219031531531531,44.709429824561404,1021.1622807017542,27.59898055950687,0
2370,4,1,1,40,0.024390243902439025,0.024390243902439025,0.975609756097561,41,1000,600,400,0.6,14,6,8,325.872168520168,0.8249491869918699,0.06889697258830796,0.18772072806302645,130688.28125000012,317.534722222237,131005.81597222235,2225,0,515.9024390243902,39,2,15,36.04489269220322,0.6217948717948718,44.37500000000001,1022.5000000000009,26.21794871794874,0
2371,4,0,0,40,0.0,0.0,1.0,40,1050,700,350,0.6666666666666666,14,7,7,332.3266186200376,0.8156784188034188,0.06650815217391304,0.19108780570652187,130617.28395061754,681.5200617284214,131298.80401234597,2226,5,529.8,38,2,16,35.95165307971014,0.6228070175438596,44.44444444444446,1022.2222222222242,26.90058479532169,0
2372,4,0,0,40,0.0,0.0,1.0,40,950,700,250,0.7368421052631579,12,7,5,332.28763346804715,0.8147970085470085,0.06875195904294173,0.19147049608203995,130699.20562358478,685.9459465629473,131385.15157014772,2227,6,530.8,38,2,16,35.86985860063384,0.6236293859649122,44.364316239316246,1022.5427350427364,26.909019343229904,0
2373,4,0,0,40,0.0,0.0,1.0,40,850,600,250,0.7058823529411765,11,6,5,337.31172753239844,0.8151709401709402,0.07350652741514363,0.1949161008523062,130808.47447083422,824.646499926944,131633.12097076117,2228,7,531.8,38,2,16,35.63098346388163,0.6247258771929824,44.25747863247863,1022.9700854700852,26.920265407107507,0
2374,4,0,1,39,0.0,0.025,0.975,40,1200,800,400,0.6666666666666666,16,8,8,332.67250611590697,0.8124465811965812,0.07893404987999664,0.19332932844807366,131027.14913662418,717.8260145006843,131744.97515112488,2229,8,532.8,38,2,16,35.528844481547196,0.6269188596491229,44.043803418803414,1023.8247863247854,26.94275753486277,0
2375,4,0,1,38,0.0,0.02564102564102564,0.9743589743589743,39,1300,900,400,0.6923076923076923,17,9,8,338.1649940657358,0.801731893837157,0.07564583247497048,0.19619454441290482,130963.11034404795,1057.42788646504,132020.538230513,2230,14,547.2564102564103,37,2,17,35.45293251205141,0.628096846846847,44.106359649122794,1023.574561403507,27.66417733522992,0
2376,4,0,0,38,0.0,0.0,1.0,38,1400,1100,300,0.7857142857142857,17,11,6,343.5641218570224,0.7945708866761498,0.07266957005189023,0.19912696042325367,130924.43795146486,1396.1879108838393,132320.6258623487,2231,15,562.2631578947369,36,2,17,35.35385490023473,0.6296296296296298,44.144144144144136,1023.4234234234225,28.428428428428404,0
2377,4,0,1,37,0.0,0.02631578947368421,0.9736842105263158,38,1250,1000,250,0.8,15,10,5,342.80650587283424,0.7931780464675201,0.07457732090040325,0.1994331131095126,131068.54056336732,1386.229684075954,132454.7702474433,2232,16,563.2631578947369,36,2,18,35.22764764104255,0.631076388888889,44.00337837837837,1023.9864864864858,28.444069069069048,0
2378,4,0,0,37,0.0,0.0,1.0,37,750,600,150,0.8,9,6,3,349.26514583858796,0.7869119119119119,0.07539697091935915,0.20268378935672376,130972.4633487653,1748.8233024691192,132721.28665123443,2233,17,578.5675675675676,35,2,18,35.159430122116675,0.6321428571428572,44.097222222222214,1023.6111111111102,29.24603174603172,0
2379,4,0,0,37,0.0,0.0,1.0,37,800,400,400,0.5,12,4,8,348.71932854463546,0.7872247247247247,0.07094074501156133,0.2030251967852056,131097.37059694814,1743.237409706986,132840.60800665512,2234,18,579.5675675675676,36,1,18,35.047146470200126,0.6313657407407408,43.975225225225216,1024.0990990990979,28.447197197197163,0
2380,4,0,0,37,0.0,0.0,1.0,37,900,700,200,0.7777777777777778,11,7,4,349.5889926970714,0.7861611611611612,0.07072904038603234,0.2038372742033691,131155.0401753103,1770.071676406122,132925.11185171644,2235,19,580.5675675675676,36,1,18,34.966606200527714,0.6319444444444446,43.91891891891891,1024.3243243243232,28.453453453453424,0
2381,4,0,0,37,0.0,0.0,1.0,37,1400,1100,300,0.7857142857142857,17,11,6,342.9950862323033,0.7845345345345345,0.029064210098692422,0.1929987276262367,129774.47041636256,1508.2632040824828,131282.73362044504,2236,20,581.5675675675676,36,1,18,36.533165708812255,0.6180555555555556,45.27027027027028,1018.9189189189209,28.30330330330336,8
2382,4,4,2,39,0.0975609756097561,0.04878048780487805,0.9512195121951219,41,1000,600,400,0.6,14,6,8,318.0771467552457,0.8034044715447154,0.06715822987575115,0.18386319354227615,130821.4531792536,123.17915796392765,130944.63233721752,2237,0,525.7317073170732,39,2,16,36.10980297322063,0.6231303418803419,44.24479166666667,1023.0208333333344,26.231303418803446,0
2383,4,1,0,40,0.025,0.0,1.0,40,1250,1000,250,0.8,15,10,5,325.07071534730073,0.7946047008547008,0.07533402922755794,0.18850953105491153,130945.1247351887,513.285073781856,131458.40980897055,2238,0,539.85,38,2,19,35.806149965205286,0.6260964912280702,44.12393162393162,1023.5042735042724,26.934322986954538,0
2384,4,0,0,40,0.0,0.0,1.0,40,1000,600,400,0.6,14,6,8,325.71625056628073,0.794551282051282,0.07433215068350241,0.18928676950737816,131027.1491366242,535.5343478340161,131562.68348445822,2239,1,540.85,38,2,19,35.70689415284009,0.6269188596491229,44.043803418803414,1023.8247863247855,26.942757534862775,0
2385,4,1,1,40,0.024390243902439025,0.024390243902439025,0.975609756097561,41,1350,1000,350,0.7407407407407407,17,10,7,318.3217371645703,0.8025914634146342,0.07496602822880671,0.1859271144151254,131221.37586805545,154.1232638888831,131375.49913194432,2240,0,528.6341463414634,39,2,19,35.70048800325337,0.6271367521367521,43.854166666666664,1024.5833333333326,26.2713675213675,0
2386,4,0,0,40,0.0,0.0,1.0,40,1200,700,500,0.5833333333333334,17,7,10,324.6885567643482,0.7938034188034188,0.07903150099092593,0.1892273066078906,131136.5549551644,515.7077534881739,131652.2627086526,2241,3,542.85,38,2,19,35.62289211084455,0.6280153508771931,43.9369658119658,1024.2521367521342,26.954003598740375,0
2387,4,0,0,40,0.0,0.0,1.0,40,1100,700,400,0.6363636363636364,15,7,8,310.1666497392437,0.794017094017094,0.04719604147031098,0.17598225421034056,130099.0430843192,70.47686554894324,130169.51994986815,2242,4,543.85,38,2,21,37.0411823227563,0.6175986842105265,44.95192307692306,1020.1923076923051,26.847165991902767,4
2388,4,1,0,41,0.024390243902439025,0.0,1.0,41,950,700,250,0.7368421052631579,12,7,5,303.22430615169515,0.7993394308943089,0.04261078106497118,0.17324073994820618,130368.94531249987,-293.7934027777931,130075.15190972207,2243,0,531.560975609756,39,2,22,36.94580443356454,0.6185897435897437,44.68749999999999,1021.249999999999,26.18589743589741,0
2389,4,1,1,41,0.023809523809523808,0.023809523809523808,0.9761904761904762,42,1100,600,500,0.5454545454545454,16,6,10,295.0771264226914,0.8035472319008904,0.038075365281247775,0.17027845185309415,130755.83316808756,-683.3888971511897,130072.44427093636,2244,0,519.8809523809524,40,2,16,36.76408485691571,0.6208333333333333,44.30894308943088,1022.7642276422747,25.56910569105687,0
2390,4,1,2,40,0.023809523809523808,0.047619047619047616,0.9523809523809523,42,1150,600,550,0.5217391304347826,17,6,11,294.84231106110525,0.8009823848238482,0.033202792439979145,0.17060186136570168,130859.79327781095,-683.399224998341,130176.39405281261,2245,0,520.8333333333334,40,2,16,36.66546649450403,0.621875,44.207317073170735,1023.170731707318,25.57926829268295,0
2391,4,1,0,41,0.024390243902439025,0.0,1.0,41,1150,700,450,0.6086956521739131,16,7,9,310.6311335563586,0.7956808943089431,0.06842763301514232,0.18093159390557587,131114.67013888905,-54.34027777775839,131060.3298611113,2246,0,533.8048780487804,39,2,18,36.00488201790075,0.626068376068376,43.95833333333334,1024.166666666668,26.260683760683797,0
2392,4,1,0,42,0.023809523809523808,0.0,1.0,42,1400,900,500,0.6428571428571429,19,9,10,304.55238584004695,0.8003048780487805,0.07125446156524684,0.17912919898334004,131488.3300781255,-390.8094618055119,131097.52061632,2247,0,522.0714285714286,39,3,20,35.784836481820015,0.6298076923076921,43.59375000000002,1025.6250000000039,26.298076923077023,0
2393,4,0,0,42,0.0,0.0,1.0,42,1050,500,550,0.47619047619047616,16,5,11,305.7042765549603,0.7991918312040264,0.046264034068912,0.17905536198219146,131328.1250000003,-370.48611111108164,130957.63888888921,2248,1,523.0714285714286,40,2,21,35.916327913279126,0.6265624999999999,43.750000000000014,1025.0000000000023,25.625000000000057,2
2394,4,0,0,42,0.0,0.0,1.0,42,1000,600,400,0.6,14,6,8,307.7075399698057,0.7990224545102594,0.04681674453725981,0.18071996963302353,131432.3123223613,-311.4573005485855,131120.85502181272,2249,2,524.0714285714286,40,2,21,35.760241162867516,0.6276041666666665,43.64837398373985,1025.406504065043,25.635162601626075,0
2395,4,1,1,42,0.023255813953488372,0.023255813953488372,0.9767441860465116,43,1100,700,400,0.6363636363636364,15,7,8,301.1900213505454,0.8044019933554817,0.042142735142618015,0.17830173575145597,131735.18597253738,-664.5353048626605,131070.65066767472,2250,0,512.8604651162791,41,2,15,35.623228321092654,0.6290650406504064,43.353174603174615,1026.5873015873035,25.03871467286106,0
2396,4,0,0,42,0.0,0.0,1.0,42,1300,1000,300,0.7692307692307693,16,10,6,309.00090579934,0.7978852109949671,0.03960708862669682,0.18247316647729458,131640.81090124938,-264.5740382708552,131376.23686297852,2251,4,526.0714285714286,40,2,15,35.517552980788274,0.6296875,43.44512195121952,1026.219512195123,25.65548780487807,0
2397,4,0,0,42,0.0,0.0,1.0,42,1550,1300,250,0.8387096774193549,18,13,5,308.3348691304772,0.7969415408439798,0.03920792079207924,0.18232916734296378,131692.96136558938,-278.8935983871954,131414.06776720218,2252,5,527.0714285714286,40,2,15,35.4822607260726,0.6302083333333333,43.394308943089435,1026.422764227643,25.660569105691074,0
2398,4,0,1,41,0.0,0.023809523809523808,0.9761904761904762,42,850,400,450,0.47058823529411764,13,4,9,309.9100741134992,0.7958042973286876,0.04498663763238664,0.18363762338819256,131771.20642681277,-232.55513004824738,131538.65129676452,2253,6,528.0714285714286,40,2,15,35.36325843808769,0.6309895833333332,43.31808943089431,1026.727642276423,25.668191056910576,0
2399,4,0,0,41,0.0,0.0,1.0,41,1450,1000,450,0.6896551724137931,19,10,9,315.90236622468865,0.7889227642276423,0.03838375336965627,0.18671781730125103,131675.35942925335,119.31152343749096,131794.67095269085,2254,8,541.8048780487804,39,2,17,35.30576558746914,0.6316773504273505,43.41145833333333,1026.3541666666656,26.316773504273478,0
2400,4,0,1,40,0.0,0.024390243902439025,0.975609756097561,41,900,400,500,0.4444444444444444,14,4,10,316.49869709283877,0.7887703252032521,0.03630567257570294,0.1872015702972886,131702.0887586804,136.7078993055368,131838.79665798592,2255,9,542.8048780487804,39,2,17,35.263598538664496,0.6319444444444446,43.38541666666666,1026.458333333332,26.319444444444407,0
2401,4,0,1,39,0.0,0.025,0.975,40,700,400,300,0.5714285714285714,10,4,6,321.4489096738636,0.7889155982905983,0.03251014884979675,0.19004059539918808,131684.26890432087,465.95293209875274,132150.22183641963,2256,10,546.875,38,2,17,35.15448804691024,0.6334978070175439,43.40277777777777,1026.388888888888,27.01023391812863,0
2402,4,0,0,39,0.0,0.0,1.0,39,950,800,150,0.8421052631578947,11,8,3,328.28223294157794,0.7844691857849753,0.038120443505634816,0.19384185603155987,131637.3803117303,842.8426294628911,132480.22294119318,2257,11,561.4102564102565,37,2,17,35.02633383196212,0.6348536036036037,43.44846491228069,1026.2061403508753,27.7353010905642,0
2403,4,0,0,39,0.0,0.0,1.0,39,1250,900,350,0.72,16,9,7,329.08217646222073,0.7848065677013045,0.03824517005461292,0.1947450907736602,131721.78578985814,869.4583910433685,132591.2441809015,2258,12,562.4102564102565,37,2,17,34.92086804813786,0.6356981981981983,43.366228070175424,1026.5350877192961,27.744191559980976,0
2404,4,0,1,38,0.0,0.02564102564102564,0.9743589743589743,39,1300,900,400,0.6923076923076923,17,9,8,331.4260585848878,0.785706252811516,0.029757603626092255,0.19700503279335202,131890.67790089254,942.4015081563529,132833.0794090489,2259,13,563.4102564102565,37,2,17,34.69079134642756,0.6373873873873874,43.20175438596491,1027.19298245614,27.761972498814597,0
2405,4,0,0,38,0.0,0.0,1.0,38,900,600,300,0.6666666666666666,12,6,6,340.2777336005208,0.7805535798956852,0.025755940459769144,0.20188631442440794,131819.15181651255,1371.024445053178,133190.17626156574,2260,14,578.8421052631579,36,2,17,34.53549365793033,0.638599537037037,43.271396396396405,1026.9144144144152,28.52540040040042,0
2406,4,0,0,38,0.0,0.0,1.0,38,700,200,500,0.2857142857142857,12,2,10,340.3874425850348,0.7806721194879089,0.02025756124580247,0.2024129238109968,131905.89871966574,1379.8223054135383,133285.72102507929,2261,15,579.8421052631579,36,2,18,34.445342761090416,0.6394675925925926,43.186936936936945,1027.2522522522534,28.534784784784815,0
2407,4,0,0,38,0.0,0.0,1.0,38,1200,800,400,0.6666666666666666,16,8,8,345.64626793632084,0.7806721194879089,0.023547830900797262,0.20632527713896703,132050.54029959047,1528.5552867056595,133579.09558629614,2262,16,580.8421052631579,36,2,18,34.164657974507875,0.6409143518518516,43.04617117117119,1027.815315315318,28.5504254254255,0
2408,4,0,0,38,0.0,0.0,1.0,38,950,600,350,0.631578947368421,13,6,7,349.08970070834386,0.7786569464201043,0.02575091216157821,0.20901888899461596,132166.31063073233,1627.5795643616898,133793.89019509402,2263,17,581.8421052631579,36,2,19,33.959633848063376,0.6420717592592591,42.93355855855857,1028.2657657657678,28.562937937937996,0
2409,4,0,1,37,0.0,0.02631578947368421,0.9736842105263158,38,1000,900,100,0.9,11,9,2,348.69559978734014,0.7782124229492651,0.024702031030269245,0.20894279640800514,132195.26113951826,1619.1811744177016,133814.44231393596,2264,18,582.8421052631579,36,2,19,33.940630018980876,0.6423611111111109,42.905405405405425,1028.3783783783813,28.566066066066146,0
2410,4,0,0,37,0.0,0.0,1.0,37,800,500,300,0.625,11,5,6,353.07032364081914,0.7732732732732732,0.034500904956729306,0.21153269221501542,132189.63162562164,1934.4472040037813,134124.07882962542,2265,19,598.2702702702703,35,2,21,33.83382573625962,0.644345238095238,42.91087962962963,1028.356481481482,29.38161375661377,0
2411,4,0,0,37,0.0,0.0,1.0,37,1050,700,350,0.6666666666666666,14,7,7,351.12450074403023,0.7717717717717718,0.029844938854049374,0.21136411212695838,132368.22601862578,1895.5454550325949,134263.77147365836,2266,20,599.2702702702703,35,2,21,33.704143703370455,0.6461309523809522,42.737268518518526,1029.0509259259268,29.40145502645505,0
2412,4,0,0,37,0.0,0.0,1.0,37,1050,700,350,0.6666666666666666,14,7,7,348.9877690538007,0.7712087087087087,0.030171824438266492,0.2107431232677229,132487.35592689048,1847.2933545524718,134334.64928144295,2267,21,600.2702702702703,35,2,22,33.639333895446875,0.6473214285714286,42.62152777777778,1029.5138888888891,29.41468253968255,0
2413,4,0,0,37,0.0,0.0,1.0,37,700,600,100,0.8571428571428571,8,6,2,343.6940625512608,0.7705830830830831,-0.0617011514343766,0.2094332785103002,132827.17013888882,1734.0289834104885,134561.1991222993,2268,22,601.2702702702703,34,3,16,33.4343842630019,0.6528799019607843,42.291666666666664,1030.8333333333328,30.318627450980376,3
2414,4,1,0,38,0.02631578947368421,0.0,1.0,38,1000,500,500,0.5,15,5,10,336.69112705575066,0.7743302513039355,-0.05833392363816692,0.2067450474400185,133113.66705246898,1363.6381172839288,134477.30516975292,2269,0,586.421052631579,35,3,17,33.327725437415864,0.6535714285714287,42.01388888888888,1031.9444444444432,29.48412698412695,0
2415,4,0,0,38,0.0,0.0,1.0,38,1000,800,200,0.8,12,8,4,337.5575619859639,0.7733226647700332,-0.0613877743686575,0.20794291801897763,133233.1318587104,1394.770233196139,134627.90209190655,2270,1,587.421052631579,35,3,17,33.18572496263077,0.6547619047619049,41.89814814814814,1032.4074074074063,29.497354497354465,0
2416,4,0,0,38,0.0,0.0,1.0,38,1300,800,500,0.6153846153846154,18,8,10,337.23737615785177,0.7721076339497392,-0.06213051713252615,0.20810677923065268,133297.7297398749,1390.5953250547664,134688.32506492967,2271,2,588.421052631579,36,2,17,33.129316612141025,0.6533564814814816,41.83558558558558,1032.6576576576567,28.68493493493491,0
2417,4,0,0,38,0.0,0.0,1.0,38,900,600,300,0.6666666666666666,12,6,6,333.77098352500957,0.7727299668089141,-0.06815144127348349,0.20677574435124652,133443.13221583058,1307.8890968671221,134751.0213126977,2272,3,589.421052631579,36,2,17,33.07334241598547,0.6548032407407408,41.69481981981981,1033.2207207207198,28.70057557557555,0
2418,4,0,0,38,0.0,0.0,1.0,38,1400,1100,300,0.7857142857142857,17,11,6,332.53063790732614,0.772255808440019,-0.07016301512032641,0.20665529623231843,133559.5112637974,1282.52589582824,134842.03715962564,2273,4,590.421052631579,36,2,18,32.989023858808146,0.6559606481481483,41.5822072072072,1033.6711711711698,28.71308808808805,0
2419,4,0,1,37,0.0,0.02631578947368421,0.9736842105263158,38,1000,600,400,0.6,14,6,8,333.0105704833376,0.771633475580844,-0.07289301685586547,0.2071163304225633,133588.61395178942,1297.2841084327315,134885.89806022216,2274,5,591.421052631579,36,2,18,32.94753086419752,0.6562500000000002,41.55405405405404,1033.7837837837822,28.71621621621617,0
2420,4,0,0,37,0.0,0.0,1.0,37,850,700,150,0.8235294117647058,10,7,3,332.50678564878575,0.7672672672672672,-0.05849330432709132,0.20696574908755916,133617.71981018168,1485.7597039607033,135103.47951414238,2275,6,603.8648648648649,36,1,18,32.93146171441021,0.6565393518518519,41.52590090090089,1033.8963963963952,28.71934434434431,0
2421,4,0,0,37,0.0,0.0,1.0,37,850,700,150,0.8235294117647058,10,7,3,351.70705315270146,0.7672672672672672,-0.051057872957009476,0.19798138720948746,129790.4074502744,1732.8868360978654,131523.29428637226,2276,7,604.8648648648649,35,2,21,36.29505527790398,0.6202380952380953,45.25462962962963,1018.9814814814819,29.113756613756625,8
2422,4,1,0,38,0.02631578947368421,0.0,1.0,38,650,600,50,0.9230769230769231,7,6,1,348.0836899874481,0.7756341868183974,-0.03618457356281157,0.19774208871324606,130147.65346004817,1460.4550919162702,131608.10855196443,2277,0,589.921052631579,36,2,22,36.02481330243166,0.6218171296296295,44.904279279279294,1020.3828828828853,28.343968968969037,0
2423,4,1,0,39,0.02564102564102564,0.0,1.0,39,650,400,250,0.6153846153846154,9,4,5,338.61300290526253,0.7821075123706703,-0.01637250413975111,0.19422088422012354,130521.37230135548,1039.2974900576344,131560.66979141312,2278,0,575.7692307692307,36,3,18,35.888022555286156,0.6255787037037037,44.53828828828829,1021.8468468468475,28.38463463463465,0
2424,4,1,1,39,0.025,0.025,0.975,40,850,700,150,0.8235294117647058,10,7,3,330.33927386724247,0.7891025641025641,-0.020220745820831,0.1912361106531703,130878.94833025539,646.8913511849771,131525.83968144035,2279,0,562.35,37,3,19,35.73814116302329,0.6272522522522522,44.18859649122807,1023.2456140350871,27.655286865813164,0
2425,4,0,0,39,0.0,0.0,1.0,39,1200,800,400,0.6666666666666666,16,8,8,339.86180175066454,0.7815452091767882,-0.01863313718019244,0.1965400680397702,130838.01442912518,1093.3686642723933,131931.38309339757,2280,2,577.7692307692307,36,3,21,35.53591084204735,0.6287615740740741,44.22860360360361,1023.0855855855864,28.419044044044067,0
2426,4,1,1,39,0.025,0.025,0.975,40,850,600,250,0.7058823529411765,11,6,5,334.6177739363142,0.7849358974358974,-0.009270366120788243,0.195014018159723,131136.55495516473,776.1244201548701,131912.6793753196,2281,0,564.3,38,2,22,35.36864156322798,0.628015350877193,43.93696581196581,1024.2521367521367,26.95400359874044,0
2427,4,0,0,39,0.0,0.0,1.0,39,700,600,100,0.8571428571428571,8,6,2,337.28332004128356,0.7843567251461988,-0.014521865121180033,0.1969734589041095,131215.75869498303,1051.3773468759537,132267.136041859,2282,1,567.6410256410256,37,2,22,35.22046232876713,0.6306306306306306,43.859649122807014,1024.5614035087715,27.69084874348031,0
2428,4,0,0,39,0.0,0.0,1.0,39,1150,700,450,0.6086956521739131,16,7,9,336.1682176956592,0.7847503373819164,-0.015669363267523106,0.19675418477152934,131300.02891514683,1027.779340758678,132327.80825590552,2283,2,568.6410256410256,37,2,23,35.16402321600512,0.6314752252252254,43.777412280701746,1024.8903508771918,27.69973921289708,0
2429,4,0,0,39,0.0,0.0,1.0,39,950,500,450,0.5263157894736842,14,5,9,334.6917644746729,0.7832883490778227,-0.016086981552607682,0.19675500145390404,131468.650510253,1000.2949224761275,132468.94543272915,2284,3,569.6410256410256,37,2,23,35.03187479952955,0.6331644144144146,43.61293859649122,1025.548245614034,27.717520151730646,0
2430,4,1,1,39,0.025,0.025,0.975,40,850,700,150,0.8235294117647058,10,7,3,330.7947712472357,0.7921741452991453,-0.011021225678909952,0.19613007689433587,131793.94866544308,719.3498201110367,132513.2984855541,2285,0,556.375,38,2,17,34.80430409600109,0.6345942982456141,43.29594017094017,1026.8162393162395,27.0214799820063,0
2431,4,0,0,39,0.0,0.0,1.0,39,1250,700,550,0.56,18,7,11,342.8546820865576,0.7821075123706703,-0.008839089146649881,0.20319564829484293,131778.07113727275,1236.145737149866,133014.21687442262,2286,5,571.6410256410256,37,2,17,34.51071479424747,0.6362612612612613,43.31140350877192,1026.7543859649104,27.750118539592172,0
2432,4,0,0,39,0.0,0.0,1.0,39,1100,700,400,0.6363636363636364,15,7,8,344.77328755332235,0.7827260458839407,0.02624260019703728,0.19688897838724675,130351.2158805941,1191.2329962370816,131542.4488768312,2287,6,572.6410256410256,35,4,19,35.90296667800068,0.6258928571428571,44.70486111111111,1021.1805555555553,29.176587301587293,4
2433,4,3,2,40,0.07142857142857142,0.047619047619047616,0.9523809523809523,42,1200,1100,100,0.9166666666666666,13,11,2,326.6744001987411,0.8075154858691445,0.048172872987726656,0.19038464891825718,131136.55495516473,167.79108682153623,131304.34604198625,2288,0,532.6666666666666,38,4,17,35.57204200132124,0.628015350877193,43.93696581196581,1024.2521367521367,26.95400359874044,0
2434,4,0,0,40,0.0,0.0,1.0,40,1050,700,350,0.6666666666666666,14,7,7,338.25024566880495,0.7936698717948718,0.047086497193793875,0.1959005724915505,130895.62694028475,855.0955939047033,131750.72253418947,2289,1,560.3,36,4,18,35.5189189684898,0.6293402777777779,44.17229729729729,1023.3108108108098,28.42530030030027,0
2435,4,0,0,40,0.0,0.0,1.0,40,1000,700,300,0.7,13,7,6,342.540640152943,0.794017094017094,0.037160378396216,0.19897999742047306,131010.89000740604,975.3108260287283,131986.20083343476,2290,2,561.3,36,4,18,35.29268873977927,0.6304976851851851,44.05968468468468,1023.7612612612611,28.43781281281281,0
2436,4,0,1,39,0.0,0.025,0.975,40,800,600,200,0.75,10,6,4,352.67042369240784,0.7939903846153846,0.09819200618306323,0.19975835068055878,130032.7708409422,1172.1260956902756,131204.8969366325,2291,3,562.3,36,4,18,36.02439181480255,0.6206597222222223,45.01689189189189,1019.9324324324317,28.331456456456436,2
2437,4,0,1,38,0.0,0.02564102564102564,0.9743589743589743,39,1050,500,550,0.47619047619047616,16,5,11,359.08530024352706,0.7887989203778678,0.09640799105183473,0.2030929040415449,129975.34855379013,1534.4474119389522,131509.79596572908,2292,4,575.2820512820513,36,3,19,35.919151481686,0.6200810185185186,45.07319819819819,1019.707207207206,28.325200200200168,0
2438,4,0,0,38,0.0,0.0,1.0,38,600,200,400,0.3333333333333333,10,2,8,365.9458618088575,0.7894440493124704,0.09573425445070605,0.20646285746000034,129878.87577428404,1905.7274251971767,131784.6031994812,2293,5,578.2894736842105,35,3,19,35.842346050490136,0.6211309523809524,45.16782407407407,1019.328703703703,29.12367724867723,0
2439,4,0,0,38,0.0,0.0,1.0,38,1100,700,400,0.6363636363636364,15,7,8,365.52103979037366,0.790273826458037,0.095623193253219,0.20700330351110377,130026.38996056248,1905.476251714686,131931.86621227715,2294,6,579.2894736842105,35,3,19,35.70320774701165,0.6226190476190476,45.02314814814815,1019.907407407408,29.140211640211657,0
2440,4,1,0,39,0.02564102564102564,0.0,1.0,39,1200,1100,100,0.9166666666666666,13,11,2,350.9716930802935,0.7980206927575348,0.08519465125754722,0.19060918925947845,128372.67324334459,1232.6826999045986,129605.35594324919,2295,0,565.4102564102565,36,3,15,37.757899025817686,0.6038773148148149,46.64977477477477,1013.4009009009,28.150025025025,4
2441,4,0,1,38,0.0,0.02564102564102564,0.9743589743589743,39,1450,1100,350,0.7586206896551724,18,11,7,363.1528913190001,0.8019005847953217,0.0518367300258471,0.19293573041165862,127489.75326678052,1462.3208089846864,128952.07407576521,2296,1,566.4102564102565,36,3,17,38.353729928635154,0.5949074074074073,47.522522522522536,1009.9099099099118,28.053053053053105,8
2442,4,3,1,40,0.07317073170731707,0.024390243902439025,0.975609756097561,41,800,600,200,0.75,10,6,4,333.5034796561915,0.817479674796748,0.11854792966534378,0.1780441827058447,127685.20801373351,373.61993937269915,128058.82795310621,2297,0,539.6829268292682,38,3,16,38.902396053558874,0.5932017543859649,47.32905982905982,1010.6837606837595,26.59694107062525,7
2443,4,1,1,40,0.024390243902439025,0.024390243902439025,0.975609756097561,41,750,500,250,0.6666666666666666,10,5,5,332.1325216763326,0.8189532520325203,0.12165736115192494,0.17755016497748347,127739.20323800125,285.26873767257655,128024.47197567383,2298,0,540.6585365853658,38,3,16,38.88184316212218,0.59375,47.27564102564102,1010.8974358974353,26.602564102564088,0
2444,4,2,0,42,0.047619047619047616,0.0,1.0,42,1300,900,400,0.6923076923076923,17,9,8,329.91526499716315,0.8174361207897793,0.14247758138532607,0.17850674020965052,128223.64501953137,60.58756510418098,128284.23258463555,2299,0,528.7380952380952,39,3,18,38.44331739175152,0.5969551282051282,46.79687500000001,1012.8125000000009,25.969551282051306,0
2445,4,3,3,42,0.06666666666666667,0.06666666666666667,0.9333333333333333,45,1400,900,500,0.6428571428571429,19,9,10,316.901278979045,0.834469696969697,0.14152939430558242,0.17464559444050198,128955.22072742015,-826.7851240911057,128128.43560332904,2300,0,494.4222222222222,42,3,15,38.02868409336641,0.5997023809523809,46.075581395348834,1015.6976744186039,24.183277962347713,0
2446,4,1,0,43,0.023255813953488372,0.0,1.0,43,1050,700,350,0.6666666666666666,14,7,7,338.17661505349184,0.825812107788852,0.17041692855646362,0.1858297241135525,128840.0226799524,114.13655066428527,128954.15923061669,2301,0,518.3720930232558,40,3,17,37.60573073073072,0.6015625,46.1890243902439,1015.2439024390243,25.381097560975608,0
2447,4,0,0,43,0.0,0.0,1.0,43,950,600,350,0.631578947368421,13,6,7,338.4240851202427,0.8255352528608342,0.179355463115479,0.18669355159282258,128994.8319452707,130.99159726353935,129125.82354253423,2302,1,519.3720930232558,40,3,17,37.441851740696286,0.603125,46.03658536585366,1015.8536585365855,25.396341463414636,0
2448,4,1,0,44,0.022727272727272728,0.0,1.0,44,850,300,550,0.35294117647058826,14,3,11,293.10403628117876,0.8331791754756871,0.0026883116883114067,0.16335416034779116,129398.49242834002,-1214.3906705558782,128184.10175778414,2303,0,508.54545454545456,42,2,19,38.18412698412698,0.6041666666666665,45.63953488372095,1017.4418604651194,24.22480620155046,5
2449,4,1,3,42,0.022222222222222223,0.06666666666666667,0.9333333333333333,45,1400,1200,200,0.8571428571428571,16,12,4,288.9794807461109,0.8393518518518519,0.010032643279203723,0.1622266855378482,129683.21352731877,-1504.8424586776716,128178.3710686411,2304,0,498.22222222222223,43,2,14,38.00127060865255,0.6056201550387597,45.35984848484849,1018.5606060606071,23.68745595489784,0
2450,4,0,0,42,0.0,0.0,1.0,42,1250,900,350,0.72,16,9,7,307.21486440004,0.8212833914053427,0.010412057719481282,0.17092348959310708,129330.57089240855,-453.5452401017975,128877.02565230675,2305,4,534.6190476190476,40,2,20,37.89402038165652,0.6065104166666667,45.70630081300813,1017.1747967479669,25.429369918699173,0
2451,4,1,0,43,0.023255813953488372,0.0,1.0,43,850,600,250,0.7058823529411765,11,6,5,325.8738818194537,0.8263658176448874,0.05659718887824483,0.17219807198431905,127271.40472147855,-301.7684372727958,126969.63628420576,2306,0,523.1627906976744,40,3,20,39.518288179407115,0.5856770833333333,47.73882113821138,1009.044715447154,25.226117886178848,8
2452,4,3,2,44,0.06521739130434782,0.043478260869565216,0.9565217391304348,46,750,600,150,0.8,9,6,3,312.70383871723857,0.8387882447665057,0.07291899879102681,0.16775437977593308,127880.99500868063,-1202.2243923611004,126678.77061631954,2307,0,489.9782608695652,43,3,15,39.22824407826983,0.5874515503875968,47.13541666666667,1011.458333333334,23.522286821705443,0
2453,4,2,0,46,0.043478260869565216,0.0,1.0,46,900,500,400,0.5555555555555556,13,5,8,314.06404079018915,0.8381642512077295,0.08209441040288401,0.16898732829224375,128000.750581095,-1159.913409664833,126840.83717143016,2308,0,490.9347826086956,43,3,19,39.07176055898684,0.5886627906976745,47.01704545454545,1011.9318181818178,23.533298097251578,0
2454,4,2,1,47,0.041666666666666664,0.020833333333333332,0.9791666666666666,48,1100,800,300,0.7272727272727273,14,8,6,303.99752411061155,0.8460771276595744,0.09166495410330211,0.16546442419711838,128461.13281250023,-1789.1424902433155,126671.99032225691,2309,0,471.4375,39,9,15,38.8580627483217,0.5993589743589742,46.562500000000014,1013.7500000000018,25.99358974358979,0
2455,4,0,0,47,0.0,0.0,1.0,47,850,700,150,0.8235294117647058,10,7,3,309.05245004507435,0.8427767499229109,0.08719772839635831,0.16754983997426948,128302.78320312512,-1469.5421006944302,126833.2411024307,2310,1,482.468085106383,39,8,20,38.89103091370211,0.5977564102564102,46.71875000000001,1013.1250000000009,25.977564102564127,0
2456,4,3,5,45,0.06,0.1,0.9,50,1350,1100,250,0.8148148148148148,16,11,5,292.80779431795514,0.8559863945578231,0.07996642417459476,0.16099923952190323,128864.64520919416,-2453.485494146007,126411.15971504815,2311,0,454.46,43,7,16,38.73227942548033,0.5973837209302326,46.16477272727273,1015.3409090909087,23.612579281183923,0
2457,4,1,1,45,0.021739130434782608,0.021739130434782608,0.9782608695652174,46,1350,1200,150,0.8888888888888888,15,12,3,317.7355557086254,0.8429951690821257,0.06425392036760158,0.17268537858758182,128401.90120174846,-1040.4301135236733,127361.47108822479,2312,0,494.82608695652175,40,6,17,38.5701811557873,0.5971354166666666,46.620934959349604,1013.516260162603,25.337906504065074,0
2458,4,2,2,45,0.0425531914893617,0.0425531914893617,0.9574468085106383,47,1300,1100,200,0.8461538461538461,15,11,4,312.12418259193566,0.8467468393462843,0.07307721223968144,0.17084434479457208,128684.70687045578,-1366.8782111952103,127317.82865926056,2313,0,485.25531914893617,42,5,17,38.42477636647249,0.5969742063492062,46.342054263565906,1014.6317829457386,24.157899593946155,0
2459,4,1,1,45,0.021739130434782608,0.021739130434782608,0.9782608695652174,46,950,400,550,0.42105263157894735,15,4,11,318.40987237981847,0.8396940418679549,0.07876607470912389,0.17390077645359345,128596.93877551054,-1010.6930272108502,127586.2457482997,2314,0,496.7826086956522,41,5,18,38.35460680751174,0.597560975609756,46.428571428571445,1014.2857142857171,24.73867595818822,0
2460,4,1,0,46,0.021739130434782608,0.0,1.0,46,1200,1000,200,0.8333333333333334,14,10,4,317.10527679757257,0.8410829307568438,0.07961377222595489,0.17340740965411666,128647.2554878435,-1041.0552878558558,127606.20019998765,2315,0,497.45652173913044,41,5,19,38.336511506617136,0.5980691056910568,46.37896825396827,1014.4841269841287,24.74351529229582,0
2461,4,1,2,45,0.02127659574468085,0.0425531914893617,0.9574468085106383,47,1350,1000,350,0.7407407407407407,17,10,7,308.05958419078917,0.8445112550107924,0.0780195962236272,0.16998403582401272,129004.43558079476,-1451.7894432425624,127552.64613755219,2316,0,487.8510638297872,42,5,21,38.203254165076956,0.6001984126984126,46.02713178294575,1015.8914728682198,24.18789221114809,0
2462,4,0,1,44,0.0,0.022222222222222223,0.9777777777777777,45,900,600,300,0.6666666666666666,12,6,6,319.3159680440746,0.839436026936027,0.07861377108983092,0.17550373882723225,128848.62075617307,-771.3155864197345,128077.30516975334,2317,2,508.8,41,4,21,38.07569539443683,0.60010162601626,46.180555555555564,1015.2777777777796,24.76287262872633,0
2463,4,3,3,44,0.06382978723404255,0.06382978723404255,0.9361702127659575,47,1200,800,400,0.6666666666666666,16,8,8,307.8492188028834,0.8489438791242676,0.08245477607944673,0.17183958066288008,129459.81744497304,-1427.7325073809839,128032.08493759207,2318,0,487.2340425531915,40,7,16,37.74694594234739,0.6078125000000001,45.57926829268292,1017.6829268292668,25.442073170731668,0
2464,4,2,3,43,0.043478260869565216,0.06521739130434782,0.9347826086956522,46,1300,900,400,0.6923076923076923,17,9,8,316.35506208540346,0.8447665056360709,0.09137287358776858,0.17673558099693953,129492.78564453096,-1006.8603515625293,128485.92529296843,2319,0,498.7826086956522,39,7,16,37.49712158428001,0.6097756410256412,45.546874999999986,1017.8124999999977,26.097756410256352,0
2465,4,1,0,44,0.022727272727272728,0.0,1.0,44,1350,1200,150,0.8888888888888888,15,12,3,319.37159185561154,0.8364825581395349,0.13246520504585035,0.1777016293145325,129333.80126953126,-538.8916015625001,128794.90966796876,2320,0,522.0227272727273,39,5,21,37.58160522273426,0.608173076923077,45.703125,1017.1875000000001,26.081730769230774,1
2466,4,0,0,44,0.0,0.0,1.0,44,1200,900,300,0.75,15,9,6,319.0575921368546,0.8362182875264271,0.1303455401858029,0.1776463195443853,129360.29188368042,-545.3233506944542,128814.96853298596,2321,1,523.0227272727273,39,5,21,37.56271759164448,0.608440170940171,45.67708333333333,1017.2916666666655,26.08440170940168,0
2467,4,1,0,45,0.022222222222222223,0.0,1.0,45,1250,700,550,0.56,18,7,11,312.2422229665878,0.8418350168350168,0.13775471739949863,0.17521229331305374,129666.74619108983,-902.5133848899638,128764.23280619987,2322,0,512.3777777777777,40,5,18,37.42558038980906,0.6098958333333334,45.376016260162594,1018.4959349593486,25.462398373983714,0
2468,4,2,1,46,0.0425531914893617,0.02127659574468085,0.9787234042553191,47,700,300,400,0.42857142857142855,11,3,8,298.70609190371476,0.8558433549182854,0.14364935652848732,0.16943845557986573,130089.53788834797,-1628.2925079622728,128461.24538038569,2323,0,491.531914893617,42,5,19,37.34307719098278,0.6111111111111112,44.961240310077514,1020.1550387596893,24.289405684754506,0
2469,4,0,0,46,0.0,0.0,1.0,46,1200,800,400,0.6666666666666666,16,8,8,303.0008024345565,0.85006038647343,0.14644730164100817,0.17152248067330594,130009.52695893151,-1321.4018014613457,128688.12515747017,2324,1,503.2173913043478,41,5,19,37.314364461737995,0.6117886178861789,45.03968253968253,1019.8412698412682,24.874177313201663,0
2470,4,1,1,46,0.02127659574468085,0.02127659574468085,0.9787234042553191,47,1150,900,250,0.782608695652174,14,9,5,299.2556859935575,0.8549568300955904,0.15480433452136766,0.1707337806460684,130314.46358194495,-1600.0390661943993,128714.42451575055,2325,0,493.48936170212767,40,7,20,37.102078564082156,0.6164062500000002,44.74085365853657,1021.036585365851,25.525914634146275,0
2471,4,0,0,46,0.0,0.0,1.0,46,1250,900,350,0.72,16,9,7,304.9380125154751,0.8491143317230274,0.1571066503205245,0.17352307324827104,130213.13252095715,-1258.6132331290332,128954.51928782812,2326,1,504.9782608695652,42,4,20,37.05932149751576,0.6123511904761905,44.84011627906976,1020.63953488372,24.300941306755238,0
2472,4,1,1,46,0.02127659574468085,0.02127659574468085,0.9787234042553191,47,1250,900,350,0.72,16,9,7,303.9092314256527,0.8497533148319457,0.13873557295320715,0.17214825390011732,130034.82187145665,-1491.4806418274668,128543.34122962918,2327,0,495.21276595744683,41,6,16,37.26564779690693,0.6120426829268294,45.01488095238094,1019.940476190474,24.876596980255464,4
2473,4,0,0,46,0.0,0.0,1.0,46,950,800,150,0.8421052631578947,11,8,3,310.0115066087301,0.8414653784219002,0.1446286584334293,0.17549109515075667,130009.52695893153,-1139.1101347946772,128870.41682413685,2328,1,506.89130434782606,41,5,17,37.135619325551225,0.6117886178861789,45.03968253968253,1019.8412698412683,24.874177313201667,0
2474,4,2,1,47,0.041666666666666664,0.020833333333333332,0.9791666666666666,48,900,600,300,0.6666666666666666,12,6,6,298.4972525323191,0.8479794621749409,0.14406247035385622,0.1707248800294722,130411.0059961089,-1814.2885545440765,128596.71744156482,2329,0,486.7291666666667,42,6,18,37.02408057426555,0.6143353174603174,44.64631782945736,1021.4147286821697,24.31939830195642,0
2475,4,1,1,47,0.020833333333333332,0.020833333333333332,0.9791666666666666,48,1350,1200,150,0.8888888888888888,15,12,3,298.97567440084487,0.8459663120567376,0.15210900473933675,0.1719843710430157,130633.79322907251,-1788.7347139595245,128845.05851511299,2330,0,487.7083333333333,42,6,13,36.787322274881525,0.6165674603174605,44.4282945736434,1022.2868217054242,24.34016242155772,0
2476,4,0,0,47,0.0,0.0,1.0,47,1350,1100,250,0.8148148148148148,16,11,5,302.1454867528449,0.8436247301880974,0.15232497867797257,0.1736199079762719,130591.93244716838,-1508.4474009511514,129083.48504621723,2331,1,499.06382978723406,41,6,13,36.74849962794007,0.6176321138211384,44.46924603174602,1022.1230158730135,24.929829655439352,0
2477,4,0,1,46,0.0,0.02127659574468085,0.9787234042553191,47,1250,1000,250,0.8,15,10,5,300.6053242375434,0.844241443108233,0.15079489877791596,0.1733654968307666,130732.87080854495,-1540.2005964185098,129192.67021212644,2332,2,500.06382978723406,42,5,14,36.64586096898489,0.617559523809524,44.3313953488372,1022.6744186046494,24.34939091915832,0
2478,4,0,0,46,0.0,0.0,1.0,46,1050,800,250,0.7619047619047619,13,8,5,306.31633013995537,0.8403180354267311,0.1487827099255965,0.17659444804712804,130718.71456916053,-1191.7446145125164,129526.96995464801,2333,3,511.5652173913044,41,5,15,36.514115250291034,0.6189024390243905,44.345238095238074,1022.6190476190438,24.941927990708386,0
2479,4,2,4,44,0.041666666666666664,0.08333333333333333,0.9166666666666666,48,1200,800,400,0.6666666666666666,16,8,8,296.5694437155953,0.8464649822695035,0.1572808404880255,0.17316838494528,131209.51753257858,-1817.453275034325,129392.06425754426,2334,0,491.2083333333333,44,4,16,36.26958126223828,0.6195549242424244,43.865740740740726,1024.5370370370347,23.284932659932608,0
2480,4,1,0,45,0.022222222222222223,0.0,1.0,45,1200,1000,200,0.8333333333333334,14,10,4,313.6260115006925,0.8375420875420876,0.1744484284652903,0.18212193656025005,130997.85175933785,-783.1332475119865,130214.71851182586,2335,0,524.0222222222222,41,4,17,36.045866039990926,0.6216971544715448,44.072420634920626,1023.7103174603163,24.9685443283004,0
2481,4,1,1,45,0.021739130434782608,0.021739130434782608,0.9782608695652174,46,1000,600,400,0.6,14,6,8,308.48011486969165,0.8410628019323672,0.1822353434593469,0.1802137422448681,131228.8220734929,-1103.7035785109374,130125.11849498196,2336,0,513.6086956521739,42,4,17,35.945085429670264,0.6225198412698414,43.84689922480619,1024.6124031007728,24.395533407161256,0
2482,4,0,1,44,0.0,0.022222222222222223,0.9777777777777777,45,1300,900,400,0.6923076923076923,17,9,8,312.4449087511936,0.8348905723905724,0.1806139246635039,0.18239788426645412,131201.04762101584,-801.38012959815,130399.66749141768,2337,2,526.0222222222222,41,4,18,35.87148171459926,0.623729674796748,43.87400793650793,1024.503968253967,24.987901664730902,0
2483,4,0,0,44,0.0,0.0,1.0,44,1050,700,350,0.6666666666666666,14,7,7,319.77243063927983,0.8308447850599013,0.17993814358622973,0.1867871173641492,131223.97898902753,-407.6378561041854,130816.34113292335,2338,3,538.2727272727273,40,4,18,35.660707200952196,0.6255208333333334,43.851626016260155,1024.5934959349581,25.614837398373954,0
2484,4,1,2,43,0.022222222222222223,0.044444444444444446,0.9555555555555556,45,1500,1400,100,0.9333333333333333,16,14,2,312.52695798867063,0.8363215488215489,0.17579979360165132,0.18353855896425533,131429.83119173572,-784.9269337364848,130644.90425799924,2339,0,527.2888888888889,41,4,18,35.63918988648091,0.6260162601626018,43.65079365079364,1025.3968253968235,25.00967866821521,0
2485,4,1,2,42,0.022727272727272728,0.045454545454545456,0.9545454545454546,44,1400,900,500,0.6428571428571429,19,9,10,318.12024839619136,0.831857822410148,0.17767734842477134,0.1865812247570219,131380.21349725686,-441.05876958160667,130939.15472767525,2340,0,539.5227272727273,40,4,19,35.5457391620407,0.6270833333333334,43.699186991869915,1025.2032520325197,25.630081300812993,0
2486,4,0,0,42,0.0,0.0,1.0,42,950,600,350,0.631578947368421,13,6,7,330.45447079535666,0.8238240418118467,0.16977895773051288,0.19135991059721444,130890.45606874136,250.66727847176261,131141.1233472131,2341,6,565.1904761904761,38,4,14,35.72357659915081,0.6255482456140351,44.177350427350426,1023.2905982905986,26.92869995501575,1
2487,4,0,1,41,0.0,0.023809523809523808,0.9761904761904762,42,900,500,400,0.5555555555555556,13,5,8,333.9033072734608,0.8241144018583043,0.17995050243015198,0.19390675698753332,130999.80481591055,348.25361604207205,131348.05843195264,2342,7,566.1904761904761,38,4,14,35.524942600709664,0.6266447368421053,44.07051282051282,1023.7179487179485,26.93994601889338,0
2488,4,0,0,41,0.0,0.0,1.0,41,850,500,350,0.5882352941176471,12,5,7,339.2931584678654,0.8180386178861788,0.18155206841395488,0.19641958776812124,130878.9483302552,681.2663511849477,131560.21468144015,2343,8,580.8048780487804,37,4,14,35.509090584369176,0.6272522522522523,44.188596491228054,1023.2456140350856,27.655286865813125,0
2489,4,0,0,41,0.0,0.0,1.0,41,800,400,400,0.5,12,4,8,366.2511527451319,0.818089430894309,0.227381624004513,0.20644660186573713,129843.17440222012,1336.482980340127,131179.65738256025,2344,9,581.8048780487804,37,4,16,35.870875918952855,0.6168355855855854,45.20285087719299,1019.1885964912296,27.545637743006207,6
2490,4,2,2,41,0.046511627906976744,0.046511627906976744,0.9534883720930233,43,1600,1200,400,0.75,20,12,8,353.685964181591,0.8278885197489848,0.21661129568106285,0.20151874703369735,130262.58680555562,614.4097222222329,130876.99652777785,2345,0,555.6976744186046,40,3,16,35.76530612244899,0.6158854166666666,44.79166666666667,1020.8333333333339,25.52083333333335,0
2491,4,4,3,42,0.08888888888888889,0.06666666666666667,0.9333333333333333,45,1450,1100,350,0.7586206896551724,18,11,7,339.1909957185634,0.842929292929293,0.2228171139131374,0.19580398465052584,130769.4446412825,-128.83637251195785,130640.60826877055,2346,0,531.9111111111112,41,4,13,35.62237310054964,0.619410569105691,44.295634920634924,1022.8174603174609,24.946767324816122,0
2492,4,1,1,42,0.023255813953488372,0.023255813953488372,0.9767441860465116,43,850,300,550,0.35294117647058826,14,3,11,361.24722895415795,0.8313492063492063,0.24985611559888898,0.19717193922041415,128571.78411005612,689.2401462900033,129261.02425634612,2347,0,557.6279069767442,41,2,14,37.29407137500409,0.5973069105691056,46.45337301587302,1014.1865079365084,24.736256291134353,7
2493,4,2,1,43,0.045454545454545456,0.022727272727272728,0.9772727272727273,44,1400,1000,400,0.7142857142857143,18,10,8,348.63101302631446,0.8436398872445384,0.24206734520486162,0.1926103689459397,129053.65982362848,198.4216318130022,129252.08145544148,2348,0,540.5681818181819,42,2,16,37.12271123402632,0.6006944444444444,45.97868217054264,1016.0852713178302,24.19250645994834,0
2494,4,1,0,44,0.022727272727272728,0.0,1.0,44,1300,800,500,0.6153846153846154,18,8,10,354.0448780487803,0.8397198731501058,0.25901995565410174,0.1965850487540629,129251.82370401877,352.27373731227556,129604.09744133105,2349,0,541.5454545454545,41,3,17,36.78333333333334,0.6041666666666665,45.783730158730165,1016.8650793650804,24.80158730158733,0
2495,4,0,0,44,0.0,0.0,1.0,44,1100,700,400,0.6363636363636364,15,7,8,353.7687919373249,0.8406007751937985,0.24827152176996137,0.1971876483755003,129403.18720080634,355.7618417737569,129758.94904258009,2350,1,542.5454545454545,41,3,17,36.63627795111806,0.6056910569105691,45.63492063492064,1017.4603174603182,24.8161053039102,0
2496,4,1,1,44,0.022222222222222223,0.022222222222222223,0.9777777777777777,45,850,700,150,0.8235294117647058,10,7,3,347.56788899707084,0.8479797979797981,0.24335986638336493,0.19504997764272378,129669.75509472105,13.808609007887924,129683.56370372894,2351,0,531.4666666666667,42,3,14,36.52304728379792,0.6068948412698412,45.37306201550388,1018.507751937986,24.250184569952047,0
2497,4,0,0,44,0.0,0.0,1.0,44,800,500,300,0.625,11,5,6,355.8275106837549,0.8404245947850599,0.2466111755898326,0.198972538807957,129529.39111118995,418.02415989544954,129947.4152710854,2352,3,544.5454545454545,41,3,14,36.45549085534223,0.6069613821138211,45.5109126984127,1017.9563492063501,24.82820363917927,0
2498,4,0,0,44,0.0,0.0,1.0,44,1250,600,650,0.48,19,6,13,359.3334834389881,0.8402704369274137,0.2488176947261207,0.20145047555987,129630.39852804574,516.1085325334119,130146.50706057916,2353,4,545.5454545454545,41,3,14,36.26349650917357,0.6079776422764226,45.41170634920636,1018.3531746031767,24.837882307394555,0
2499,4,0,1,43,0.0,0.022727272727272728,0.9772727272727273,44,1100,800,300,0.7272727272727273,14,8,6,359.6779836337106,0.8390591966173362,0.24976099849517563,0.2022942438071309,129756.71315980106,534.1265904510074,130290.83975025207,2354,5,546.5454545454545,41,3,15,36.126257708536194,0.6092479674796747,45.28769841269842,1018.8492063492072,24.84998064266359,0
2500,4,0,0,43,0.0,0.0,1.0,43,1050,800,250,0.7619047619047619,13,8,5,364.2343193155601,0.8371170173495754,0.24960683617942148,0.20492779379673456,129770.27253123144,853.3573765615706,130623.62990779302,2355,6,558.2790697674419,40,3,16,35.99640933572708,0.6109375,45.27439024390244,1018.9024390243906,25.472560975609763,0
2501,4,1,2,42,0.022727272727272728,0.045454545454545456,0.9545454545454546,44,950,700,250,0.7368421052631579,12,7,5,354.980830685329,0.8382663847780127,0.20639640437497242,0.19901028001009818,129630.39852804532,412.55637277396454,130042.95490081928,2356,0,546.5681818181819,41,3,13,36.37430995291444,0.6079776422764228,45.41170634920634,1018.3531746031733,24.837882307394473,3
2502,4,1,2,41,0.023255813953488372,0.046511627906976744,0.9534883720930233,43,1550,1200,350,0.7741935483870968,19,12,7,354.4510424924344,0.8343023255813953,0.20925823213112915,0.198766306481068,129640.87106095902,590.2683794368374,130231.13944039585,2357,0,560.046511627907,40,3,13,36.37714965239663,0.6096354166666667,45.40142276422764,1018.394308943089,25.459857723577223,0
2503,4,2,0,43,0.046511627906976744,0.0,1.0,43,1000,700,300,0.7,13,7,6,361.79834951836466,0.8305186415651532,0.2139020374562668,0.20239214601769925,129545.08562616687,817.4747878918379,130362.56041405871,2358,0,560.7441860465116,36,7,16,36.2875645280236,0.6157407407407407,45.495495495495504,1018.0180180180193,28.278278278278314,2
2504,4,0,0,43,0.0,0.0,1.0,43,850,500,350,0.5882352941176471,12,5,7,355.78934944895315,0.8311184939091916,0.1987793990662552,0.19977006228776906,129690.63321827743,628.5092044707419,130319.14242274818,2359,1,561.7441860465116,38,5,16,36.292479546884834,0.6134868421052632,45.3525641025641,1018.5897435897434,26.80499325236167,0
2505,4,0,0,43,0.0,0.0,1.0,43,1100,800,300,0.7272727272727273,14,8,6,358.902463327455,0.8310262089331857,0.20436495201690597,0.2021383303818363,129811.0473632814,717.9009331597376,130528.94829644113,2360,2,562.7441860465116,39,4,17,36.09077396163414,0.6129807692307692,45.23437500000001,1019.0625000000011,26.129807692307722,0
2506,4,0,0,43,0.0,0.0,1.0,43,1200,800,400,0.6666666666666666,16,8,8,359.4565224519201,0.8303340716131413,0.20774813568505546,0.2028628332591978,129890.67382812501,738.0099826388889,130628.6838107639,2361,3,563.7441860465116,39,4,17,35.99572518563935,0.6137820512820513,45.15625,1019.3750000000001,26.137820512820515,0
2507,4,0,0,43,0.0,0.0,1.0,43,800,500,300,0.625,11,5,6,359.4565224519201,0.8303340716131413,0.20774813568505546,0.2028628332591978,129890.67382812501,738.0099826388889,130628.6838107639,2362,4,564.7441860465116,39,4,17,35.99572518563935,0.6137820512820513,45.15625,1019.3750000000001,26.137820512820515,0
2508,4,0,0,43,0.0,0.0,1.0,43,600,300,300,0.5,9,3,6,360.4082045738858,0.8305647840531561,0.21231916763664804,0.2039535446692684,129996.8804253473,770.3884548611171,130767.26888020843,2363,5,565.7441860465116,39,4,17,35.86355124276473,0.6148504273504274,45.052083333333336,1019.7916666666673,26.14850427350429,0
2509,4,0,0,43,0.0,0.0,1.0,43,1000,700,300,0.7,13,7,6,372.6328575493376,0.8301495016611296,0.21609072688267372,0.201500999550684,128200.04712988614,954.8525147160691,129154.8996446022,2364,6,566.7441860465116,37,6,17,37.38586328858092,0.6002252252252251,46.82017543859649,1012.7192982456141,27.37079184447606,4
2510,4,1,1,43,0.022727272727272728,0.022727272727272728,0.9772727272727273,44,500,400,100,0.8,6,4,2,364.379985125388,0.8367908738548274,0.20882927951239139,0.19796727026915406,128388.03624260347,556.4061472715209,128944.442389875,2365,0,554.8409090909091,38,6,12,37.40248787687117,0.600328947368421,46.63461538461538,1013.4615384615379,26.670040485829944,0
2511,4,1,1,43,0.022727272727272728,0.022727272727272728,0.9772727272727273,44,800,400,400,0.5,12,4,8,360.3302683430288,0.8400942565186752,0.2057907845579079,0.19629932529135147,128496.3348765432,460.22376543209896,128956.5586419753,2366,0,555.8181818181819,38,6,12,37.39440639269407,0.6014254385964912,46.52777777777778,1013.8888888888888,26.6812865497076,0
2512,4,4,3,44,0.0851063829787234,0.06382978723404255,0.9361702127659575,47,1150,800,350,0.6956521739130435,15,8,7,341.9233719501103,0.8494835029293863,0.20419217891947117,0.18912867290804164,129100.54878432857,-571.5010078105306,128529.04777651804,2367,0,521.2553191489362,41,6,15,37.245379409085,0.6026422764227641,45.932539682539684,1016.2698412698414,24.787069299264424,0
2513,4,2,2,44,0.043478260869565216,0.043478260869565216,0.9565217391304348,46,1150,1000,150,0.8695652173913043,13,10,3,352.9474234552168,0.8455515297906603,0.18636102740708838,0.18761941983672056,127512.5,-152.13057445200207,127360.369425548,2368,0,533.1304347826087,39,7,17,38.588077557755774,0.5897435897435898,47.5,1010.0,25.897435897435898,7
2514,4,1,1,44,0.022222222222222223,0.022222222222222223,0.9777777777777777,45,1150,600,550,0.5217391304347826,17,6,11,356.68558321711475,0.8449915824915826,0.1887255420412477,0.18978402866166677,127550.26989051426,99.06848107969321,127649.33837159396,2369,0,541.9333333333333,38,7,17,38.45496210118101,0.5918311403508772,47.462606837606835,1010.1495726495725,26.582883490778226,0
2515,4,0,0,44,0.0,0.0,1.0,44,900,600,300,0.6666666666666666,12,6,6,389.3266197425304,0.8396097603946442,0.2144644346479212,0.19936658447218134,125988.78981994434,1031.3941904240128,127020.18401036836,2370,2,555.25,37,7,18,39.24157201106742,0.5777027027027029,49.01315789473683,1003.9473684210506,27.133712660028394,7
2516,4,5,5,44,0.10204081632653061,0.10204081632653061,0.8979591836734694,49,750,300,450,0.4,12,3,9,346.7892635954828,0.8708191609977325,0.20596260822990087,0.18220556422785458,127039.501953125,-988.7768652373802,126050.72508788762,2371,0,499.48979591836735,39,10,17,39.22857684094511,0.5849358974358976,47.96875,1008.125,25.849358974358974,0
2517,4,3,2,45,0.06382978723404255,0.0425531914893617,0.9574468085106383,47,800,600,200,0.75,10,6,4,364.78578660933164,0.8546484736355227,0.22945666088703875,0.19125762491308398,126953.84787867403,-137.80814769930709,126816.03973097472,2372,0,521.5957446808511,37,10,18,38.8630861712545,0.5875563063063063,48.05372807017543,1007.7850877192968,27.23743480322424,0
2518,4,1,0,46,0.021739130434782608,0.0,1.0,46,1150,600,550,0.5217391304347826,17,6,11,375.28916076277204,0.8520531400966184,0.24141850862278313,0.1968838211504583,126978.48820103925,330.7300543787484,127309.21825541799,2373,0,533.9130434782609,36,10,19,38.57309124767227,0.589699074074074,48.0292792792793,1007.882882882886,27.996746746746833,0
2519,4,2,1,47,0.041666666666666664,0.020833333333333332,0.9791666666666666,48,1100,600,500,0.5454545454545454,16,6,10,360.96392416777763,0.8620161052009456,0.245426167209555,0.19172305314793756,127479.27847991708,-396.8651515603495,127082.41332835672,2374,0,512.625,37,11,18,38.41974303293522,0.5929054054054053,47.53289473684212,1009.868421052633,27.29374110953062,0
2520,4,4,3,48,0.0784313725490196,0.058823529411764705,0.9411764705882353,51,1600,1000,600,0.625,22,10,12,339.5347465269176,0.8743790849673203,0.2502988117837306,0.1839696266610421,128279.78326576106,-1485.4486569882508,126794.3346087728,2375,0,483.3921568627451,38,13,20,38.14244533502074,0.5992324561403508,46.741452991453,1013.0341880341898,26.658794421952365,0
2521,4,4,4,48,0.07692307692307693,0.07692307692307693,0.9230769230769231,52,1750,1400,350,0.8,21,14,7,333.3159335860746,0.8765711412770235,0.2559830815041819,0.18226636031413726,128645.997450087,-1824.0478515624793,126821.94959852452,2376,0,475.0192307692308,39,13,16,37.92665656980523,0.6012286324786323,46.38020833333334,1014.4791666666682,26.012286324786366,0
2522,4,1,0,49,0.02040816326530612,0.0,1.0,49,1650,1200,450,0.7272727272727273,21,12,9,355.36699074649914,0.8630598072562359,0.28027603974137705,0.19299623112418512,128372.67324334476,-676.1178830857839,127696.55536025898,2377,0,504.7142857142857,36,13,17,37.64654406045116,0.6038773148148149,46.64977477477478,1013.4009009009014,28.15002502502504,0
2523,4,0,1,48,0.0,0.02040816326530612,0.9795918367346939,49,650,400,250,0.6153846153846154,9,4,5,357.49739091281,0.8629535147392291,0.28295752871244106,0.1945702244859197,128458.27880245095,-615.3000973947038,127842.97870505624,2378,1,505.7142857142857,36,13,17,37.505091461156795,0.6047453703703705,46.56531531531531,1013.7387387387375,28.159409409409378,0
2524,4,5,5,48,0.09433962264150944,0.09433962264150944,0.9056603773584906,53,650,500,150,0.7692307692307693,8,5,3,328.7986139296032,0.8840408805031447,0.27248860718901335,0.183193158143208,129386.78521050356,-2089.417681908038,127297.36752859553,2379,0,466.9622641509434,39,14,19,37.28808317122282,0.6087072649572649,45.65104166666667,1017.395833333334,26.08707264957267,0
2525,4,1,0,49,0.02040816326530612,0.0,1.0,49,1650,1200,450,0.7272727272727273,21,12,9,355.8624616320795,0.8653628117913832,0.30392830707412477,0.19623272884283233,128978.5318559556,-620.2764312096142,128358.25542474599,2380,0,505.734693877551,37,12,20,37.0155980138169,0.6081081081081081,46.05263157894736,1015.78947368421,27.4537695590327,0
2526,4,2,3,48,0.0392156862745098,0.058823529411764705,0.9411764705882353,51,1550,1200,350,0.7741935483870968,19,12,7,309.8182489598639,0.873562091503268,0.24098084255174212,0.17282507670390615,129433.96297053662,-2158.5907985530403,127275.37217198359,2381,0,486.8627450980392,40,11,14,37.723043376943316,0.6075520833333334,45.604674796747965,1017.5813008130074,25.439532520325184,4
2527,4,0,0,48,0.0,0.0,1.0,48,1150,900,250,0.782608695652174,14,9,5,327.16637037725314,0.8587470449172576,0.24951860558167493,0.18060089479080055,129020.64252635659,-1157.7569361821747,127862.88559017441,2382,3,518.2708333333334,40,8,19,37.70151878897003,0.6033854166666668,46.011178861788615,1015.9552845528449,25.398882113821124,0
2528,4,1,2,47,0.02040816326530612,0.04081632653061224,0.9591836734693877,49,1400,1000,400,0.7142857142857143,18,10,8,325.8359226043359,0.8641935941043084,0.2504887669353453,0.18118913453231753,129310.02995105549,-1372.8498693968156,127937.18008165868,2383,0,508.6734693877551,38,11,19,37.44135154061624,0.6096491228070176,45.72649572649572,1017.0940170940163,26.765632028789902,0
2529,4,3,1,49,0.06,0.02,0.98,50,1150,800,350,0.6956521739130435,15,8,7,318.6464611532915,0.866156462585034,0.257938228676621,0.17885907561176112,129678.39084201366,-1735.6879340278042,127942.70290798585,2384,0,499.32,39,11,18,37.250715892820615,0.6116452991452993,45.36458333333332,1018.5416666666648,26.116452991452945,0
2530,4,1,1,49,0.02,0.02,0.98,50,950,600,350,0.631578947368421,13,6,7,319.90753569922043,0.8652380952380953,0.257971784911061,0.18005382705464731,129784.51063368036,-1696.191406250021,128088.31922743034,2385,0,500.3,39,11,19,37.111105431745365,0.6127136752136753,45.26041666666666,1018.9583333333318,26.127136752136714,0
2531,4,0,1,48,0.0,0.02040816326530612,0.9795918367346939,49,1750,1100,650,0.6285714285714286,24,11,13,318.20191692133517,0.8608985260770975,0.26030938305128215,0.18003777694215425,129990.07100819997,-1527.3820448900626,128462.6889633099,2386,1,510.2244897959184,38,11,19,36.94648157848785,0.6165021929824561,45.05876068376068,1019.7649572649569,26.83591992802518,0
2532,4,0,0,48,0.0,0.0,1.0,48,1450,1100,350,0.7586206896551724,18,11,7,323.6750032933876,0.8546099290780141,0.2681481190401349,0.18287925141674347,129935.60209155147,-1188.6187130177627,128746.98337853371,2387,2,521.7083333333334,38,10,19,36.86209787278635,0.615953947368421,45.11217948717948,1019.5512820512809,26.830296896086338,0
2533,4,0,0,48,0.0,0.0,1.0,48,1250,1000,250,0.8,15,10,5,321.87474017508544,0.8540189125295508,0.2630631220534312,0.18211585032431463,129990.07100819996,-1231.8959337789518,128758.175074421,2388,3,522.7083333333334,38,10,19,36.85284616727781,0.6165021929824561,45.05876068376068,1019.7649572649568,26.83591992802518,0
2534,4,2,2,48,0.04,0.04,0.96,50,1450,700,750,0.4827586206896552,22,7,15,308.92649473479736,0.8650340136054422,0.2696900489396412,0.1769831226845147,130475.34722222212,-1938.256309810807,128537.09091241131,2389,0,502.76,39,11,20,36.692835780315406,0.6196581196581197,44.58333333333333,1021.6666666666657,26.19658119658117,0
2535,4,1,1,48,0.02040816326530612,0.02040816326530612,0.9795918367346939,49,1150,800,350,0.6956521739130435,15,8,7,317.13704422311804,0.8544146825396826,0.26801426416012397,0.18171249574030449,130480.80490037637,-1523.9406412082508,128956.86425916813,2390,0,513.6326530612245,38,11,22,36.47761337097843,0.6214364035087718,44.57799145299146,1021.6880341880354,26.886527215474615,0
2536,4,1,0,49,0.02040816326530612,0.0,1.0,49,1350,900,450,0.6666666666666666,18,9,9,323.65351655174214,0.8546272675736961,0.28593604404461526,0.18649535261389086,130699.20562358478,-1339.7484978814991,129359.45712570328,2391,0,514.6122448979592,38,11,19,36.09057743879078,0.6236293859649122,44.364316239316246,1022.5427350427364,26.909019343229904,0
2537,4,1,0,50,0.02,0.0,1.0,50,1600,1300,300,0.8125,19,13,6,325.45445630423137,0.8547108843537414,0.3067497518473583,0.18570771273193604,130320.07250071006,-1484.4429791317957,128835.62952157826,2392,0,505.3,36,14,19,36.42765890959891,0.6235532407407408,44.73536036036035,1021.0585585585576,28.36273773773771,2
2538,4,0,1,49,0.0,0.02,0.98,50,1400,1000,400,0.7142857142857143,18,10,8,322.65137687728003,0.8534353741496599,0.2934890897068547,0.18506565068169645,130521.37230135535,-1577.419903011124,128943.95239834423,2393,1,506.3,36,14,16,36.29578098596725,0.6255787037037037,44.538288288288285,1021.8468468468465,28.384634634634622,0
2539,4,0,2,47,0.0,0.04081632653061224,0.9591836734693877,49,1600,1200,400,0.75,20,12,8,329.55969760689106,0.8480017006802721,0.2919983445967034,0.18877504547540763,130469.43486636246,-1200.5064996999113,129268.92836666254,2394,2,517.5510204081633,35,14,21,36.171807144745294,0.6270833333333332,44.58912037037038,1021.6435185185197,29.18981481481485,0
2540,4,1,0,48,0.020833333333333332,0.0,1.0,48,1500,1000,500,0.6666666666666666,20,10,10,336.5456888796127,0.8483857860520094,0.29853243835202603,0.1927766901843183,130469.43486636247,-818.2148330332451,129651.22003332923,2395,0,528.4375,35,13,22,35.993377327140216,0.6270833333333332,44.58912037037038,1021.6435185185198,29.189814814814852,0
2541,4,1,2,47,0.02040816326530612,0.04081632653061224,0.9591836734693877,49,1500,1300,200,0.8666666666666667,17,13,4,326.3536656734249,0.8516156462585034,0.29214819741748177,0.18831727796815528,130753.83434007232,-1265.6013724523323,129488.23296761999,2396,0,518.6326530612245,38,11,18,35.966389846443136,0.6241776315789473,44.31089743589744,1022.7564102564103,26.914642375168693,0
2542,4,0,1,46,0.0,0.02127659574468085,0.9787234042553191,47,1300,800,500,0.6153846153846154,18,8,10,335.3345534028935,0.8478260869565217,0.2852423560761268,0.19328368634334905,130710.70545744865,-633.6367920898471,130077.0686653588,2397,1,514.7872340425532,37,10,18,35.78034527128459,0.6255630630630629,44.35307017543861,1022.5877192982473,27.637505926979657,0
2543,4,1,2,45,0.02127659574468085,0.0425531914893617,0.9574468085106383,47,600,400,200,0.6666666666666666,8,4,4,326.5097971349617,0.8499074930619795,0.2741418632177606,0.18947852006965896,130972.46334876551,-847.2415123456658,130125.22183641985,2398,0,503.1914893617021,38,9,20,35.741745816372685,0.6263706140350876,44.09722222222223,1023.6111111111118,26.937134502923993,0
2544,4,0,0,45,0.0,0.0,1.0,45,950,800,150,0.8421052631578947,11,8,3,338.9871276422006,0.8411195286195287,0.2803059546786759,0.19538899582145655,130710.70545744868,-138.15068097873592,130572.55477646994,2399,1,526.1111111111111,37,8,20,35.68696833226106,0.6255630630630629,44.35307017543861,1022.5877192982475,27.637505926979664,0
2545,4,0,1,44,0.0,0.022222222222222223,0.9777777777777777,45,1150,800,350,0.6956521739130435,15,8,7,338.8776446833051,0.8407407407407408,0.2736874694864191,0.19603641057284074,130850.90033712305,-131.51101781316441,130719.38931930989,2400,2,527.1111111111111,37,8,20,35.54806112242346,0.6269707207207207,44.21600877192983,1023.1359649122815,27.652323376007608,0
2546,4,1,1,44,0.022222222222222223,0.022222222222222223,0.9777777777777777,45,1200,700,500,0.5833333333333334,17,7,10,333.6662569087102,0.8425925925925927,0.26145836956647694,0.19390683686817312,131027.1491366245,-256.1323188326207,130771.01681779188,2401,0,526.3111111111111,38,7,20,35.503408814219625,0.6269188596491228,44.04380341880343,1023.824786324788,26.942757534862842,0
2547,4,0,0,44,0.0,0.0,1.0,44,1450,1100,350,0.7586206896551724,18,11,7,342.4374450493606,0.8363284002818887,0.2626049224640772,0.19928736556151322,131081.84633875746,177.46651051940563,131259.31284927687,2402,4,539.2727272727273,38,6,23,35.223656755346894,0.6274671052631577,43.99038461538462,1024.0384615384621,26.948380566801635,0
2548,4,1,0,45,0.022222222222222223,0.0,1.0,45,850,600,250,0.7058823529411765,11,6,5,336.49996232888446,0.8390572390572391,0.26931557361628466,0.19755156834139084,131417.11576485337,-154.70454293822007,131262.41122191516,2403,0,528.2666666666667,35,10,24,35.037461903149335,0.6366071428571429,43.66319444444444,1025.3472222222222,29.29563492063492,0
2549,4,0,0,45,0.0,0.0,1.0,45,1300,800,500,0.6153846153846154,18,8,10,338.8676215856886,0.8388047138047139,0.26279539157797127,0.19956038073846888,131535.81700370795,-85.35410772462512,131450.46289598334,2404,1,529.2666666666667,35,10,24,34.85710726240175,0.637797619047619,43.5474537037037,1025.8101851851848,29.308862433862423,0
2550,4,0,0,45,0.0,0.0,1.0,45,1100,700,400,0.6363636363636364,15,7,8,343.0924648566894,0.8393939393939395,0.2703954292587578,0.20283626522327472,131684.26890432098,35.9760802469155,131720.2449845679,2405,2,530.2666666666667,35,10,18,34.5991204330176,0.6392857142857142,43.40277777777778,1026.388888888889,29.325396825396826,0
2551,4,0,0,45,0.0,0.0,1.0,45,1300,800,500,0.6153846153846154,18,8,10,344.45585691152706,0.8379208754208755,0.271957314094615,0.20411943264276253,131773.38023244587,78.02252121911886,131851.402753665,2406,3,531.2666666666667,35,10,18,34.47434054785254,0.6401785714285715,43.315972222222214,1026.7361111111102,29.335317460317434,0
2552,4,0,0,45,0.0,0.0,1.0,45,1050,900,150,0.8571428571428571,12,9,3,343.4641237648196,0.8375841750841752,0.27127542330427823,0.20369075575143564,131803.0907064471,53.92661179696955,131857.0173182441,2407,4,532.2666666666667,35,10,18,34.469867748722564,0.6404761904761905,43.28703703703703,1026.851851851851,29.338624338624317,0
2553,4,0,1,44,0.0,0.022222222222222223,0.9777777777777777,45,1250,900,350,0.72,16,9,7,341.73041081799374,0.8368265993265994,0.27186906327634075,0.20352142743494617,131963.7458404351,19.205015826644626,131982.95085626174,2408,5,533.2666666666667,36,9,19,34.35262311851526,0.6400462962962963,43.130630630630634,1027.477477477478,28.541041041041055,0
2554,4,0,0,44,0.0,0.0,1.0,44,1400,900,500,0.6428571428571429,19,9,10,347.60057683467437,0.8347427766032418,0.27023302867508514,0.20654494210482524,131876.9799148812,368.10285792550036,132245.0827728067,2409,6,546.1590909090909,36,8,20,34.289231809377625,0.6391782407407407,43.215090090090094,1027.1396396396403,28.531656656656676,0
2555,4,1,2,43,0.022222222222222223,0.044444444444444446,0.9555555555555556,45,900,400,500,0.4444444444444444,14,4,10,340.95031202563683,0.8378367003367004,0.26810735930735996,0.20420950549139713,132178.1873790085,13.238845971198998,132191.42622497972,2410,0,535.0,38,7,20,34.1569264069264,0.6384320175438598,42.92200854700854,1028.3119658119645,27.06084120557801,0
2556,4,0,0,43,0.0,0.0,1.0,43,1350,900,450,0.6666666666666666,18,9,9,357.2440484800719,0.8302417866371354,0.27902012856469205,0.21266688273559534,131946.99931709742,827.4560441674234,132774.45536126485,2411,8,560.5581395348837,37,6,20,33.971006759160446,0.6379504504504505,43.1469298245614,1027.4122807017534,27.767899478425768,0
2557,4,0,0,43,0.0,0.0,1.0,43,1350,1000,350,0.7407407407407407,17,10,7,353.4397009143179,0.8296880767811,0.26823119153648634,0.21142120291056465,132130.12695312497,740.0065104166674,132870.13346354163,2412,9,561.5581395348837,39,4,20,33.88424518743668,0.6362179487179487,42.96875,1028.1249999999998,26.362179487179482,0
2558,4,0,0,43,0.0,0.0,1.0,43,1100,800,300,0.7272727272727273,14,8,6,353.1927853030418,0.8286267995570321,0.2650324318977251,0.21187275589807028,132237.24500868062,741.0481770833392,132978.29318576396,2413,10,562.5581395348837,39,4,21,33.78274593207752,0.6372863247863249,42.864583333333336,1028.5416666666672,26.37286324786326,0
2559,4,0,1,42,0.0,0.023255813953488372,0.9767441860465116,43,1100,900,200,0.8181818181818182,13,9,4,347.23648761908885,0.8287652270210409,0.2567509664417529,0.20889171892212885,132344.40646701373,590.9613715277592,132935.36783854148,2414,11,563.5581395348837,39,4,21,33.82811972734023,0.6383547008547009,42.76041666666666,1028.958333333332,26.383547008546973,0
2560,4,0,0,42,0.0,0.0,1.0,42,1150,800,350,0.6956521739130435,15,8,7,354.5248426337185,0.8242595818815331,0.2665390626545592,0.21280331576542635,132260.59701219946,977.9334684783246,133238.5304806778,2415,12,577.2619047619048,38,4,21,33.72498615150255,0.6392543859649124,42.841880341880334,1028.6324786324776,27.069275753486252,0
2561,4,0,0,42,0.0,0.0,1.0,42,1000,800,200,0.8,12,8,4,354.23059391170807,0.8246709252806814,0.26738310317377967,0.21309149593776766,132343.03232750745,975.9901882898677,133319.02251579732,2416,13,578.2619047619048,38,4,22,33.649586405011604,0.6400767543859649,42.761752136752136,1028.9529914529912,27.077710301394507,0
2562,4,3,2,43,0.06666666666666667,0.044444444444444446,0.9555555555555556,45,1150,800,350,0.6956521739130435,15,8,7,333.9686142391248,0.8375841750841752,0.2597886886264762,0.20431768072652165,132975.88962853389,-118.01103988603987,132857.87858864784,2417,0,540.6444444444444,38,7,19,33.53596954630205,0.6463815789473684,42.1474358974359,1031.4102564102566,27.14237516869096,0
2563,4,0,0,43,0.0,0.0,1.0,43,1150,700,450,0.6086956521739131,16,7,9,347.7148030783158,0.8285806570690292,0.26795645719940575,0.21169165472384535,132793.2633117884,634.8366805171001,133428.0999923055,2418,1,566.7906976744187,37,6,19,33.36480496453901,0.6463963963963963,42.32456140350878,1030.7017543859663,27.856804172593684,0
2564,4,0,1,42,0.0,0.023255813953488372,0.9767441860465116,43,1300,1000,300,0.7692307692307693,16,10,6,345.87898516523217,0.826734957548911,0.264558693657033,0.210732880073775,132821.51870046556,588.0344192443893,133409.55311970995,2419,2,567.7906976744187,37,6,19,33.383749069247955,0.6466779279279278,42.29714912280702,1030.8114035087722,27.859767662399246,0
2565,4,0,0,42,0.0,0.0,1.0,42,950,800,150,0.8421052631578947,11,8,3,353.65254145985114,0.8241385985288424,0.26312229437229395,0.21520133373939893,132774.93709926156,991.238789465153,133766.17588872672,2420,3,574.547619047619,36,6,19,33.230213796620056,0.6481481481481481,42.34234234234235,1030.6306306306317,28.628628628628658,0
2566,4,0,0,42,0.0,0.0,1.0,42,1100,800,300,0.7272727272727273,14,8,6,351.97525511344077,0.8225900116144018,0.25906571407772505,0.21517953179765645,132949.08717839475,958.9577753429221,133908.04495373767,2421,4,575.547619047619,36,6,19,33.098565916866846,0.6498842592592593,42.17342342342343,1031.3063063063073,28.647397397397427,0
2567,4,0,0,42,0.0,0.0,1.0,42,1000,800,200,0.8,12,8,4,353.6227381121099,0.8219367015098722,0.26204513905136206,0.21635475339805071,132978.12328798414,1004.8176132213513,133982.9409012055,2422,5,576.547619047619,36,6,19,33.02694071405176,0.650173611111111,42.14527027027028,1031.4189189189206,28.65052552552557,0
2568,4,0,0,42,0.0,0.0,1.0,42,800,600,200,0.75,10,6,4,354.60461862834075,0.8213075880758808,0.26223223707122867,0.21729317132135326,133036.20501836302,1035.0505488596818,134071.2555672227,2423,6,577.547619047619,36,6,19,32.94331950660409,0.6507523148148149,42.08896396396397,1031.6441441441448,28.6567817817818,0
2569,4,0,0,42,0.0,0.0,1.0,42,800,500,300,0.625,11,5,6,353.197501465078,0.820097754548974,0.25914581872028664,0.2171063112627393,133152.40652392275,1005.8194596623865,134158.22598358514,2424,7,578.547619047619,36,6,20,32.86302054919076,0.6519097222222221,41.97635135135136,1032.094594594596,28.669294294294332,0
2570,4,0,0,42,0.0,0.0,1.0,42,800,500,300,0.625,11,5,6,350.2616873332864,0.8204123112659698,0.25634834086306246,0.21614398875142918,133297.72973987513,937.8175472770171,134235.54728715215,2425,8,579.547619047619,36,6,20,32.793075245365316,0.6533564814814814,41.83558558558559,1032.6576576576585,28.684934934934958,0
2571,4,0,0,42,0.0,0.0,1.0,42,800,600,200,0.75,10,6,4,349.8434813715978,0.8193960511033682,0.2541370053636982,0.2160548530410052,133326.80389426605,928.7026469036814,134255.50654116974,2426,9,580.547619047619,36,6,20,32.77473376222151,0.6536458333333333,41.80743243243244,1032.7702702702716,28.688063063063098,0
2572,4,0,0,42,0.0,0.0,1.0,42,950,600,350,0.631578947368421,13,6,7,350.6618287765129,0.8192024777390631,0.2544117882341652,0.2175857865980182,133502.1235880701,962.8990205913806,134465.02260866147,2427,10,581.547619047619,35,7,21,32.57795292492629,0.6574404761904762,41.63773148148148,1033.4490740740737,29.52711640211639,0
2573,4,0,0,42,0.0,0.0,1.0,42,1050,800,250,0.7619047619047619,13,8,5,355.74165196249163,0.8204607046070461,0.2809137622158575,0.21196472390087254,131981.42387902946,994.3604520318884,132975.78433106135,2428,11,582.547619047619,35,7,17,33.97490050311632,0.6422619047619048,43.113425925925924,1027.546296296296,29.358465608465604,4
2574,4,1,1,42,0.023255813953488372,0.023255813953488372,0.9767441860465116,43,1550,1200,350,0.7741935483870968,19,12,7,347.1269861731028,0.8256275378368402,0.271434897463696,0.20896221341566634,132369.03077063555,589.7725428130924,132958.80331344865,2429,0,569.9767441860465,36,7,19,33.80617567666157,0.6440972222222222,42.73648648648649,1029.0540540540546,28.58483483483485,0
2575,4,0,0,42,0.0,0.0,1.0,42,1200,1000,200,0.8333333333333334,14,10,4,353.4197603662429,0.8221302748741773,0.2776938691346522,0.21274577450347074,132368.22601862554,956.3093439214542,133324.535362547,2430,13,584.547619047619,35,7,20,33.64509522738351,0.6461309523809524,42.73726851851851,1029.050925925925,29.401455026455,0
2576,4,1,1,42,0.023255813953488372,0.023255813953488372,0.9767441860465116,43,1200,800,400,0.6666666666666666,16,8,8,348.3423809141736,0.8241509782207457,0.2778448409501566,0.21180605499970767,132745.9231824729,648.2061876065153,133394.12937007943,2431,0,571.9302325581396,36,7,17,33.3961679962117,0.6478587962962964,42.37049549549549,1030.5180180180173,28.62550050050048,0
2577,4,0,0,42,0.0,0.0,1.0,42,950,500,450,0.5263157894736842,14,5,9,359.79742500148507,0.8201945412311266,0.28343741137313505,0.21796033254514702,132606.5394188312,1142.2982842506592,133748.83770308187,2432,15,586.547619047619,35,7,20,33.241211559351235,0.6485119047619048,42.505787037037024,1029.97685185185,29.427910052909997,0
2578,4,0,0,42,0.0,0.0,1.0,42,650,400,250,0.6153846153846154,9,4,5,363.2439023660969,0.8200009678668215,0.2944887491107864,0.2207481544549733,132725.77649444863,1242.3657996827735,133968.1422941314,2433,16,587.547619047619,35,7,18,33.032521809128,0.649702380952381,42.39004629629629,1030.439814814814,29.441137566137545,0
2579,4,0,0,42,0.0,0.0,1.0,42,1100,900,200,0.8181818181818182,13,9,4,363.6013179228877,0.8195654277971351,0.2999144407903538,0.2213171384896317,132785.4151261358,1256.1903881601318,134041.60551429592,2434,17,588.547619047619,35,7,18,32.963339883960316,0.6502976190476191,42.33217592592592,1030.671296296295,29.447751322751284,0
2580,4,0,0,42,0.0,0.0,1.0,42,1050,600,450,0.5714285714285714,15,6,9,364.5828736789249,0.8185007742934572,0.2997390737116765,0.22209131826159378,132815.23946544903,1284.4323345335793,134099.6717999826,2435,18,589.547619047619,35,7,18,32.90805823789204,0.6505952380952382,42.303240740740726,1030.7870370370354,29.451058201058153,0
2581,4,0,0,42,0.0,0.0,1.0,42,850,500,350,0.5882352941176471,12,5,7,374.339565311563,0.8185007742934572,0.31053698074974667,0.22392312179546228,132130.12695312512,1492.3068576389026,133622.43381076402,2436,19,590.547619047619,35,7,19,33.34705336035124,0.6437499999999999,42.96875000000001,1028.125000000001,29.375000000000025,1
2582,4,1,0,43,0.023255813953488372,0.0,1.0,43,950,700,250,0.7368421052631579,12,7,5,367.7059623682782,0.8226282761166481,0.31757661830447237,0.22170054049066473,132428.63520408154,1139.5022852891057,133568.13748937065,2437,0,577.7906976744187,34,9,20,33.21670907548771,0.6488970588235294,42.67857142857142,1029.2857142857135,30.27310924369746,0
2583,4,0,0,43,0.0,0.0,1.0,43,650,500,150,0.7692307692307693,8,5,3,371.41655431151145,0.8222129937246216,0.3214298198205472,0.22448509980714598,132520.5516581631,1244.0653344671073,133764.6169926302,2438,1,578.7906976744187,34,9,20,33.028625659999236,0.6498161764705883,42.58928571428571,1029.642857142856,30.283613445378116,0
2584,4,0,0,43,0.0,0.0,1.0,43,1200,800,400,0.6666666666666666,16,8,8,371.3252440370232,0.8207364341085271,0.3228248721145166,0.22571568204947146,132735.1473922902,1257.5821995464821,133992.7295918367,2439,2,579.7906976744187,34,9,16,32.81490680837954,0.6519607843137255,42.38095238095238,1030.4761904761904,30.308123249299715,0
2585,4,0,0,43,0.0,0.0,1.0,43,1300,1000,300,0.7692307692307693,16,10,6,372.84685933334595,0.8197674418604651,0.3263925822065359,0.22701182194853076,132796.49234693864,1302.5510204081445,134099.04336734678,2440,3,580.7906976744187,34,9,16,32.713963963963955,0.6525735294117647,42.32142857142856,1030.7142857142846,30.315126050420137,0
2586,4,1,0,44,0.022727272727272728,0.0,1.0,44,1250,800,450,0.64,17,8,9,359.6682384939299,0.8244362226920366,0.29668277005588406,0.21497801442147269,132100.37964034636,854.308116636568,132954.68775698292,2441,0,568.5681818181819,35,9,18,33.75412819935448,0.6434523809523809,42.99768518518518,1028.0092592592591,29.371693121693117,6
2587,4,0,0,44,0.0,0.0,1.0,44,1150,900,250,0.782608695652174,14,9,5,404.9156994458919,0.8247225158562368,0.33796450360510266,0.22244454786744142,128829.56594685897,1633.022760936608,130462.58870779558,2442,1,569.5681818181819,36,8,15,35.922536513218716,0.6085069444444444,46.19932432432432,1015.2027027027024,28.200075075075066,8
2588,4,1,0,45,0.022222222222222223,0.0,1.0,45,1000,600,400,0.6,14,6,8,375.1647753237601,0.8319023569023569,0.3051009753737235,0.1993719749984856,127500.81045310371,583.1503797184516,128083.96083282217,2443,0,557.8888888888889,35,10,16,38.039097715639095,0.5970238095238094,47.51157407407408,1009.9537037037048,28.85582010582014,5
2589,4,1,1,45,0.021739130434782608,0.021739130434782608,0.9782608695652174,46,1350,900,450,0.6666666666666666,18,9,9,366.5718675465071,0.8307367149758454,0.296416331571826,0.19644929310757928,127839.40882050265,172.4661674746275,128011.87498797728,2444,0,546.7391304347826,37,9,18,37.908738118471945,0.5965653153153152,47.17653508771931,1011.2938596491243,27.332266477003362,0
2590,4,2,0,47,0.0425531914893617,0.0,1.0,47,800,300,500,0.375,13,3,10,358.44927792947385,0.8420058587727413,0.3024232758956009,0.19413045052220035,128261.74554183826,-203.84290400130953,128057.90263783695,2445,0,536.063829787234,35,12,22,37.68186319317489,0.6047619047619046,46.75925925925927,1012.962962962964,28.94179894179897,0
2591,4,5,3,49,0.09615384615384616,0.057692307692307696,0.9423076923076923,52,1000,500,500,0.5,15,5,10,327.4769594360761,0.8680398441427852,0.31006410929261796,0.18298375322859228,129500.26167223696,-1911.4709017175032,127588.79077051945,2446,0,485.4230769230769,38,14,14,37.20653581050348,0.6115679824561402,45.53952991452992,1017.8418803418813,26.785312640575825,0
2592,4,0,0,49,0.0,0.0,1.0,49,1050,700,350,0.6666666666666666,14,7,7,349.3339468220693,0.8589143990929705,0.33079929470211455,0.19345536496304816,129147.08547921687,-776.9077817956027,128370.17769742127,2447,1,497.7959183673469,38,11,18,37.00971375516782,0.6080043859649122,45.886752136752136,1016.4529914529913,26.748762932973456,0
2593,4,0,2,47,0.0,0.04081632653061224,0.9591836734693877,49,1650,1100,550,0.6666666666666666,22,11,11,345.3101334723841,0.858170351473923,0.3230185313369598,0.1917759059853582,129260.23046339164,-872.9922703803159,128387.23819301132,2448,2,498.7959183673469,35,14,19,36.99683208134152,0.6148809523809524,45.77546296296296,1016.8981481481482,29.054232804232804,0
2594,4,0,0,47,0.0,0.0,1.0,47,1600,1100,500,0.6875,21,11,10,346.47274488708183,0.8572695035460992,0.32727067276228516,0.19353650607474934,129487.77113261908,-427.20330127424864,129060.56783134483,2240,3,468.27659574468083,36,11,15,36.73586523567161,0.6151620370370371,45.5518018018018,1017.7927927927925,28.272022022022014,0
2595,4,1,0,48,0.020833333333333332,0.0,1.0,48,1050,700,350,0.6666666666666666,14,7,7,336.5771297632134,0.8595227541371158,0.3246199082042458,0.18985564309944344,129871.11418898104,-857.6706294244583,129013.44355955657,2241,0,459.5,37,11,16,36.59862664945495,0.6171171171171171,45.17543859649122,1019.2982456140336,27.54860123281172,0
2596,4,0,0,48,0.0,0.0,1.0,48,1550,1000,550,0.6451612903225806,21,10,11,338.4908513316497,0.8585623522458629,0.32012910798122074,0.1916191970928589,130010.85820877568,-798.5027845106283,129212.35542426506,2242,1,460.5,37,11,18,36.40815951689782,0.6185247747747749,45.03837719298245,1019.8464912280695,27.563418681839714,0
2597,4,1,2,47,0.02040816326530612,0.04081632653061224,0.9591836734693877,49,1500,1100,400,0.7333333333333333,19,11,8,334.36068304873,0.8633786848072562,0.31353602665556024,0.19050783103939256,130262.58680555547,-1089.0625000000064,129173.52430555547,2243,0,452.0816326530612,38,11,18,36.25850340136054,0.6192434210526316,44.791666666666664,1020.8333333333327,26.86403508771928,0
2598,4,2,1,48,0.04081632653061224,0.02040816326530612,0.9795918367346939,49,1550,1000,550,0.6451612903225806,21,10,11,332.3036111143548,0.8655399659863946,0.30977111003413826,0.1898679150413697,130371.67302441737,-1135.4044533932442,129236.26857102412,2244,0,452.8979591836735,38,11,19,36.200613732259285,0.6203399122807018,44.684829059829056,1021.2606837606833,26.875281151596926,0
2599,4,1,1,48,0.02040816326530612,0.02040816326530612,0.9795918367346939,49,1200,900,300,0.75,15,9,6,333.4362700957274,0.8658588435374149,0.31616327384242404,0.1910515908283669,130480.80490037624,-1098.593418986044,129382.2114813902,2245,0,453.8775510204082,38,11,20,36.06129526996409,0.6214364035087719,44.577991452991455,1021.6880341880344,26.88652721547459,0
2600,4,0,1,47,0.0,0.020833333333333332,0.9791666666666666,48,1350,1000,350,0.7407407407407407,17,10,7,333.19536414794726,0.8668919917257683,0.3071511952052408,0.19131733814161267,130562.68376981535,-899.4238074366102,129663.25996237874,2246,1,455.2083333333333,38,10,16,35.98465049829257,0.6222587719298245,44.49786324786326,1022.0085470085484,26.894961763382852,0
2601,4,0,0,47,0.0,0.0,1.0,47,1500,1200,300,0.8,18,12,6,340.8615140809561,0.862550107924761,0.3136128189433871,0.19505318582175613,130430.54112803958,-508.24965373959117,129922.29147429999,2247,3,465.8723404255319,37,10,19,35.922516816945766,0.6227477477477477,44.62719298245615,1021.4912280701769,27.6078710289237,0
2602,4,0,0,47,0.0,0.0,1.0,47,1000,800,200,0.8,12,8,4,340.8615140809561,0.862473018809744,0.3136128189433871,0.19505318582175613,130430.54112803958,-508.24965373959117,129922.29147429999,2248,4,466.8723404255319,37,10,19,35.922516816945766,0.6227477477477477,44.62719298245615,1021.4912280701769,27.6078710289237,0
2603,4,2,2,47,0.04081632653061224,0.04081632653061224,0.9591836734693877,49,1150,600,550,0.5217391304347826,17,6,11,328.8049776949025,0.8701814058956916,0.305571999792283,0.1905904959204967,130928.03955078138,-1190.0417751735952,129737.99777560779,2249,0,448.7755102040816,39,10,17,35.727841391009335,0.6241987179487178,44.14062500000001,1023.437500000001,26.241987179487207,0
2604,4,0,0,47,0.0,0.0,1.0,47,1000,700,300,0.7,13,7,6,338.32302323505434,0.8590810977489978,0.31281112971742275,0.19500621227998227,130710.70545744829,-555.5117920898879,130155.1936653584,2250,1,468.7659574468085,37,10,17,35.70394595753808,0.6255630630630631,44.35307017543859,1022.5877192982443,27.63750592697958,0
2605,4,0,0,47,0.0,0.0,1.0,47,1600,1200,400,0.75,20,12,8,337.61242458467893,0.8588112858464384,0.31376591523574926,0.1953664163291522,130863.1260158704,-563.7965474103266,130299.32946846007,2251,2,469.7659574468085,38,9,17,35.568071073056984,0.6252741228070176,44.20405982905983,1023.1837606837605,26.92588843904633,0
2606,4,0,0,47,0.0,0.0,1.0,47,650,500,150,0.7692307692307693,8,5,3,339.3064717989851,0.8592738205365402,0.23416202361169947,0.19266706616064067,130129.69970703099,-568.4054619157343,129561.29424511525,2252,3,470.7659574468085,39,8,20,36.26690913731494,0.6161858974358976,44.921874999999986,1020.312499999998,26.16185897435892,6
2607,4,1,0,48,0.020833333333333332,0.0,1.0,48,1300,900,400,0.6923076923076923,17,9,8,332.19665369732513,0.8614066193853428,0.238311693695487,0.19003463667113302,130418.24811826595,-935.098878808938,129483.14923945701,2253,0,461.9375,40,8,22,36.15622823599641,0.6174479166666668,44.63922764227641,1021.443089430892,25.5360772357723,0
2608,4,1,1,48,0.02040816326530612,0.02040816326530612,0.9795918367346939,49,1200,800,400,0.6666666666666666,16,8,8,327.2181083522325,0.8639810090702948,0.2365184746645339,0.18852079613116018,130693.3532238125,-1246.9536367787978,129446.39958703371,2254,0,453.48979591836735,41,8,14,36.005364477216155,0.6186483739837398,44.37003968253968,1022.5198412698398,24.939508323654632,0
2609,4,2,1,49,0.04,0.02,0.98,50,1000,600,400,0.6,14,6,8,323.99835925516163,0.8636904761904761,0.24928436198409676,0.1880614652292046,130980.72907277195,-1512.491737275416,129468.23733549654,2255,0,445.38,42,8,17,35.79767764735579,0.6200396825396826,44.0891472868217,1023.6434108527122,24.372462163159817,0
2610,4,0,0,49,0.0,0.0,1.0,49,1450,1000,450,0.6896551724137931,19,10,9,333.9767632972822,0.859516723356009,0.25712268041848874,0.19368399476886236,130947.07739866783,-1053.34378543084,129893.73361323698,2256,1,455.1020408163265,41,8,19,35.57629398080837,0.6211890243902438,44.12202380952381,1023.5119047619049,24.963704994192803,0
2611,4,0,0,49,0.0,0.0,1.0,49,1000,600,400,0.6,14,6,8,335.1620940979742,0.8596230158730159,0.25698582563173544,0.19462789245903198,130997.85175933807,-1018.8971364008495,129978.95462293722,2257,2,456.1020408163265,41,8,19,35.49469829117809,0.6216971544715446,44.07242063492064,1023.710317460318,24.96854432830044,0
2612,4,0,2,47,0.0,0.04081632653061224,0.9591836734693877,49,1450,900,550,0.6206896551724138,20,9,11,336.98708155640986,0.858453798185941,0.2524096814239063,0.19633491139889267,131124.83071932485,-962.5251952632808,130162.30552406156,2258,3,457.1020408163265,41,8,20,35.319804985147876,0.6229674796747966,43.9484126984127,1024.2063492063498,24.98064266356951,0
2613,4,0,0,47,0.0,0.0,1.0,47,1600,1100,500,0.6875,21,11,10,347.0375334252729,0.8494449583718778,0.25908721780087696,0.2011589242420832,130928.03955078151,-312.6112196180246,130615.4283311635,2259,4,477.0,39,8,20,35.261344359626825,0.6241987179487178,44.140625000000014,1023.437500000002,26.241987179487232,0
2614,4,0,0,47,0.0,0.0,1.0,47,1100,700,400,0.6363636363636364,15,7,8,342.078902784021,0.8485198889916743,0.2616900091754235,0.19924880166898698,131114.6701388892,-429.68749999996425,130684.98263888923,2260,5,478.0,39,8,20,35.19968809330079,0.626068376068376,43.95833333333335,1024.1666666666692,26.260683760683825,0
2615,4,0,0,47,0.0,0.0,1.0,47,1400,1100,300,0.7857142857142857,17,11,6,339.8211349333621,0.8492522355843354,0.25971463923234617,0.19848460114041316,131221.37586805594,-481.6406249999616,130739.73524305598,2261,6,479.0,39,8,21,35.14978988748814,0.627136752136752,43.854166666666686,1024.5833333333364,26.2713675213676,0
2616,4,1,1,47,0.020833333333333332,0.020833333333333332,0.9791666666666666,48,950,500,450,0.5263157894736842,14,5,9,331.9037148215956,0.8547761524822695,0.2536869225302061,0.19562655220095132,131568.4692382814,-866.3438585069306,130702.12537977447,2262,0,470.0,39,9,17,35.00281331438047,0.6306089743589742,43.51562500000001,1025.9375000000011,26.306089743589773,0
2617,4,0,0,47,0.0,0.0,1.0,47,1050,400,650,0.38095238095238093,17,4,13,338.60949396348315,0.8499845821769966,0.2594818165899371,0.19903934675783688,131465.04635336774,-496.9374360800557,130968.10891728768,2263,8,481.0,38,9,22,34.93506268014029,0.6313048245614035,43.616452991452995,1025.5341880341887,26.987741790373388,0
2618,4,0,1,46,0.0,0.02127659574468085,0.9787234042553191,47,1350,1000,350,0.7407407407407407,17,10,7,337.34869443426993,0.8490980573543015,0.25921420832585507,0.198867987271473,131574.63480029584,-522.6937458908719,131051.94105440498,2264,9,482.0,38,9,18,34.85694574612098,0.6324013157894738,43.50961538461538,1025.961538461538,26.998987854251002,0
2619,4,0,0,46,0.0,0.0,1.0,46,1400,1100,300,0.7857142857142857,17,11,6,338.5033882693797,0.8506038647342995,0.2623863567735314,0.19987717418379294,131637.38031173023,-288.06014831490097,131349.32016341534,2265,10,491.19565217391306,37,9,19,34.76410852299035,0.6348536036036038,43.448464912280684,1026.2061403508746,27.735301090564178,0
2620,4,0,0,46,0.0,0.0,1.0,46,1450,1100,350,0.7586206896551724,18,11,7,341.0805647527032,0.8499798711755234,0.265134734779358,0.2019947708905474,131749.92696069923,-212.53210122348105,131537.39485947575,2266,11,492.19565217391306,37,9,20,34.58460162341129,0.6359797297297298,43.33881578947367,1026.6447368421034,27.747155049786578,0
2621,4,0,0,46,0.0,0.0,1.0,46,1200,700,500,0.5833333333333334,17,7,10,350.1303636941615,0.8499194847020934,0.26488504288443915,0.20157473506526902,130665.25298524876,-48.43545750704334,130616.81752774172,2267,12,493.19565217391306,36,10,16,35.44810368249072,0.627025462962963,44.39752252252252,1022.40990990991,28.400275275275277,4
2622,4,0,0,46,0.0,0.0,1.0,46,1350,1000,350,0.7407407407407407,17,10,7,350.1303636941615,0.8491143317230274,0.26488504288443915,0.20157473506526902,130665.25298524876,-50.025490017046195,130615.22749523172,2268,13,494.19565217391306,36,10,16,35.44810368249072,0.627025462962963,44.39752252252252,1022.40990990991,28.400275275275277,0
2623,4,0,0,46,0.0,0.0,1.0,46,1650,1100,550,0.6666666666666666,22,11,11,354.66069234085927,0.8481078904991949,0.2676100839692461,0.20463967012958584,130751.61944038619,74.49197508317317,130826.11141546936,2269,14,495.19565217391306,36,10,16,35.24485245540628,0.6278935185185186,44.313063063063055,1022.7477477477466,28.409659659659628,0
2624,4,0,1,45,0.0,0.021739130434782608,0.9782608695652174,46,1050,700,350,0.6666666666666666,14,7,7,355.376655395798,0.847061191626409,0.2704072107951305,0.20520573178385468,130780.41459956575,95.2612663338931,130875.67586589964,2270,15,496.19565217391306,36,10,16,35.19739256486476,0.6281828703703705,44.284909909909906,1022.8603603603601,28.41278778778778,0
2625,4,1,0,46,0.021739130434782608,0.0,1.0,46,1300,800,500,0.6153846153846154,18,8,10,350.75191361729253,0.8473631239935588,0.29124891280453347,0.2048229082214459,131212.72243527308,4.622697021335057,131217.34513229443,2271,0,495.5217391304348,36,10,18,34.87854473510659,0.6325231481481481,43.86261261261261,1024.5495495495493,28.459709709709703,0
2626,4,0,0,46,0.0,0.0,1.0,46,1050,800,250,0.7619047619047619,13,8,5,368.9588682994499,0.846658615136876,0.2998583834072557,0.21378337572108316,130913.23329260942,460.3704066146609,131373.6036992241,2272,1,496.5217391304348,35,11,17,34.715467842871135,0.6315476190476192,44.155092592592574,1023.3796296296272,29.23941798941792,1
2627,4,0,0,46,0.0,0.0,1.0,46,1500,1200,300,0.8,18,12,6,364.98745460064487,0.8465780998389695,0.29785974342470567,0.2126250155208099,131120.59709630033,371.4745959790549,131492.0716922794,2273,2,497.5217391304348,35,11,18,34.60713545786717,0.6336309523809525,43.95254629629628,1024.189814814813,29.262566137566086,0
2628,4,0,0,46,0.0,0.0,1.0,46,1000,600,400,0.6,14,6,8,362.73011349562444,0.8458937198067633,0.2984261174124272,0.2116364030685409,131179.8740381727,316.5781196415989,131496.45215781432,2274,3,498.5217391304348,35,11,18,34.604964599103674,0.6342261904761907,43.89467592592591,1024.421296296294,29.26917989417983,0
2629,4,1,0,47,0.02127659574468085,0.0,1.0,47,1000,700,300,0.7,13,7,6,352.4603947026484,0.84913660191181,0.29164785553047423,0.20708216824041514,131446.78605109715,-133.9590567129917,131312.82699438417,2275,0,488.8936170212766,35,12,19,34.59838224228743,0.636904761904762,43.634259259259245,1025.462962962961,29.298941798941744,0
2630,4,1,2,46,0.020833333333333332,0.041666666666666664,0.9583333333333334,48,1000,500,500,0.5,15,5,10,344.368695537657,0.8498263888888888,0.2848380137487201,0.2038483784754079,131732.4334469605,-527.0947467737982,131205.3387001867,2276,0,479.6875,36,12,16,34.51783494222611,0.6377314814814814,43.35585585585586,1026.5765765765768,28.516016016016025,0
2631,4,0,0,46,0.0,0.0,1.0,46,850,500,350,0.5882352941176471,12,5,7,359.15369843458274,0.8421296296296297,0.300222059602816,0.21120198716818625,131480.69905045338,244.35586734692185,131725.0549178003,2277,6,501.5217391304348,34,12,18,34.39253240472045,0.6393995098039216,43.60119047619047,1025.595238095237,30.1645658263305,0
2632,4,0,0,46,0.0,0.0,1.0,46,1600,1200,400,0.75,20,12,8,341.9182764299138,0.8426932367149759,0.3240502966439387,0.19750808673775005,130794.81336805546,-191.19986536282158,130603.61350269263,2278,7,502.5217391304348,35,11,19,35.52698574338085,0.6303571428571428,44.27083333333333,1022.9166666666658,29.226190476190453,6
2633,4,0,0,46,0.0,0.0,1.0,46,1550,1100,450,0.7096774193548387,20,11,9,342.81813221223393,0.8420893719806763,0.31928564051872943,0.19848428990755476,130883.62328800156,-226.14414544752856,130657.47914255403,2279,8,503.5217391304348,35,11,19,35.41419239904988,0.63125,44.18402777777778,1023.263888888889,29.236111111111114,0
2634,4,1,0,47,0.02127659574468085,0.0,1.0,47,1500,1000,500,0.6666666666666666,20,10,10,332.22813398338917,0.8460915818686401,0.3107907746851073,0.1940058769564103,131212.72243527306,-681.4884140897763,130531.23402118328,2280,0,493.78723404255317,36,11,20,35.35300798710338,0.6325231481481481,43.86261261261261,1024.549549549549,28.459709709709696,0
2635,4,0,0,47,0.0,0.0,1.0,47,1300,900,400,0.6923076923076923,17,9,8,332.92223743939604,0.8457832254085722,0.3067233668500311,0.19485050051035005,131299.2696032181,-657.5106779076309,130641.75892531047,2281,1,494.78723404255317,36,11,20,35.24795809984253,0.6333912037037037,43.778153153153156,1024.8873873873874,28.469094094094096,0
2636,4,2,2,47,0.04081632653061224,0.04081632653061224,0.9591836734693877,49,1250,800,450,0.64,17,8,9,316.97547041806814,0.8549461451247166,0.28482263601373115,0.18820785652432911,131848.80566741546,-1441.4325599021056,130407.37310751335,2282,0,475.55102040816325,38,11,17,35.10393911023268,0.6351425438596492,43.24252136752137,1027.0299145299148,27.027103013945126,0
2637,4,0,0,47,0.0,0.0,1.0,47,1200,1000,200,0.8333333333333334,14,10,4,332.52466198589974,0.8449737897008942,0.3028329868977271,0.1959443512737096,131559.0823086602,-650.6721248275107,130908.41018383269,2283,3,496.78723404255317,36,11,17,34.99634101719722,0.6359953703703702,43.524774774774784,1025.9009009009023,28.497247247247287,0
2638,4,0,0,47,0.0,0.0,1.0,47,1350,900,450,0.6666666666666666,18,9,9,329.8798416973904,0.8444341658957755,0.29106419337319145,0.1953614774075058,131749.92696069946,-707.670990112341,131042.25597058712,2284,4,497.78723404255317,37,10,17,34.87208070775036,0.6359797297297298,43.338815789473685,1026.6447368421054,27.747155049786635,0
2639,4,0,2,45,0.0,0.0425531914893617,0.9574468085106383,47,1100,800,300,0.7272727272727273,14,8,6,330.1097327165684,0.8426225716928769,0.28874211893816915,0.19622258731528008,131890.67790089268,-692.3207140658517,131198.35718682682,2285,5,498.78723404255317,37,10,18,34.724594363791645,0.6373873873873873,43.20175438596492,1027.1929824561412,27.761972498814625,0
2640,4,0,0,45,0.0,0.0,1.0,45,1300,900,400,0.6923076923076923,17,9,8,336.70239881501976,0.8374579124579125,0.27599902534112997,0.1999170492964182,131848.06428049688,-121.28809552794644,131726.77618496894,2286,15,506.84444444444443,36,9,18,34.59818165204677,0.6388888888888888,43.24324324324325,1027.0270270270282,28.52852852852856,0
2641,4,1,0,46,0.021739130434782608,0.0,1.0,46,1150,1000,150,0.8695652173913043,13,10,3,333.4740441880262,0.8382850241545894,0.2717356543985756,0.20014843304720886,132256.98201610113,-379.1458669975424,131877.8361491036,2287,0,496.80434782608694,37,9,21,34.269956116974015,0.6410472972972973,42.8453947368421,1028.6184210526317,27.800497866287344,0
2642,4,0,1,45,0.0,0.021739130434782608,0.9782608695652174,46,1050,800,250,0.7619047619047619,13,8,5,334.7148952911987,0.8381441223832529,0.2685499677955967,0.2011934569197513,132313.381581352,-342.54806767466965,131970.83351367732,2288,1,497.80434782608694,37,9,21,34.18138743827488,0.6416103603603605,42.790570175438596,1028.837719298246,27.80642484589854,0
2643,4,0,0,45,0.0,0.0,1.0,45,1300,900,400,0.6923076923076923,17,9,8,340.8974846379299,0.8337121212121212,0.27405704555129873,0.20474020527070935,132282.1316882762,18.929191015349716,132301.06087929153,2289,2,509.0888888888889,36,9,21,34.05377668308704,0.6432291666666665,42.82094594594595,1028.7162162162167,28.575450450450465,0
2644,4,0,0,45,0.0,0.0,1.0,45,1350,1000,350,0.7407407407407407,17,10,7,341.64310904222793,0.8320707070707071,0.27459942802193016,0.20663485663825293,132546.94097490137,56.80052814247102,132603.74150304386,2290,3,510.0888888888889,35,10,21,33.768522161028066,0.6479166666666667,42.563657407407405,1029.74537037037,29.421296296296287,0
2645,4,2,2,45,0.0425531914893617,0.0425531914893617,0.9574468085106383,47,750,300,450,0.4,12,3,9,327.26057908876476,0.8387681159420289,0.2597627084898231,0.19984146011368475,132906.3029008927,-701.0012696214083,132205.30163127132,2291,0,489.3404255319149,37,10,17,33.778622571955204,0.6475225225225224,42.21491228070176,1031.140350877194,27.86865813181605,0
2646,4,0,0,45,0.0,0.0,1.0,45,1200,900,300,0.75,15,9,6,339.6645194350465,0.8305976430976432,0.26922289622806383,0.2062546761262471,132695.96220207462,14.422046467749112,132710.38424854237,2292,5,512.0888888888888,35,10,17,33.66986819441325,0.6494047619047618,42.418981481481474,1030.324074074073,29.437830687830658,0
2647,4,0,0,45,0.0,0.0,1.0,45,1350,700,650,0.5185185185185185,20,7,13,339.66901506825064,0.8303030303030303,0.27022591257268425,0.20685232833797074,132803.95418645005,21.87766313611712,132825.83184958616,2293,6,513.0888888888888,36,9,19,33.56140063367201,0.6484375,42.31418918918919,1030.7432432432438,28.631756756756772,0
2648,4,1,1,45,0.021739130434782608,0.021739130434782608,0.9782608695652174,46,1250,800,450,0.64,17,8,9,334.8656831710677,0.8353462157809984,0.2681652266321677,0.20541630238851008,133075.95245652503,-287.48605340104916,132788.46640312398,2294,0,502.9130434782609,37,9,19,33.41259298618491,0.6492117117117117,42.050438596491226,1031.7982456140346,27.886439070649583,0
2649,4,0,0,45,0.0,0.0,1.0,45,1350,1000,350,0.7407407407407407,17,10,7,342.53344764480204,0.8297558922558923,0.278819633955536,0.20989624841966778,133036.20501836302,113.8699933041272,133150.07501166716,2295,8,515.0888888888888,36,9,19,33.25464832805736,0.6507523148148149,42.08896396396397,1031.6441441441448,28.6567817817818,0
2650,4,0,0,45,0.0,0.0,1.0,45,900,700,200,0.7777777777777778,11,7,4,349.08970070834397,0.8290404040404041,0.30126431326738,0.20901888899461582,132166.31063073222,227.57956436167484,132393.8901950939,2296,9,516.0888888888888,36,9,21,33.95963384806337,0.6420717592592593,42.933558558558566,1028.265765765767,28.56293793793797,2
2651,4,1,1,45,0.021739130434782608,0.021739130434782608,0.9782608695652174,46,1200,800,400,0.6666666666666666,16,8,8,341.6159521951264,0.8291264090177134,0.2924222243364092,0.20596106880365825,132426.97934420922,-151.96336539240295,132275.0159788168,2297,0,505.8478260869565,36,10,21,33.88972465353757,0.6446759259259258,42.68018018018019,1029.2792792792804,28.591091091091123,0
2652,4,0,1,44,0.0,0.022222222222222223,0.9777777777777777,45,850,600,250,0.7058823529411765,11,6,5,359.78487115484603,0.8273148148148148,0.31541894255828096,0.20904239838038552,131019.23338190591,470.2182803627375,131489.45166226866,2298,11,518.0888888888888,37,8,21,34.842896540644745,0.6286599099099099,44.051535087719294,1023.7938596491223,27.670104314841144,5
2653,4,0,0,44,0.0,0.0,1.0,44,1400,1000,400,0.7142857142857143,18,10,8,360.4850638509313,0.8278937632135307,0.32413246141569885,0.21021544734677886,131159.59357686967,656.2148930439998,131815.80846991367,2299,12,528.25,37,7,22,34.68297295368587,0.6300675675675677,43.91447368421052,1024.3421052631568,27.684921763869102,0
2654,4,0,0,44,0.0,0.0,1.0,44,850,500,350,0.5882352941176471,12,5,7,357.709181542881,0.8274092670894997,0.3210269828609229,0.20920838615142448,131271.9358360263,591.435345490901,131863.3711815172,2300,13,529.25,37,7,22,34.640487909265985,0.6311936936936938,43.8048245614035,1024.7807017543846,27.696775723091477,0
2655,4,1,1,44,0.022222222222222223,0.022222222222222223,0.9777777777777777,45,1250,700,550,0.56,18,7,11,348.9501482559419,0.8332491582491582,0.3182895957089509,0.20597816341126324,131624.87809713613,186.14021402355897,131811.01831115969,2301,0,518.4666666666667,35,10,19,34.50870366192946,0.6386904761904764,43.46064814814813,1026.1574074074047,29.31878306878299,0
2656,4,0,1,43,0.0,0.022727272727272728,0.9772727272727273,44,950,700,250,0.7368421052631579,12,7,5,355.8232560651881,0.8261980267794221,0.3256168605019314,0.2090765025747291,131450.17715419488,554.6060090702786,132004.78316326515,2302,15,531.25,34,10,22,34.5087454531383,0.639093137254902,43.63095238095237,1025.4761904761895,30.161064425770277,0
2657,4,0,0,43,0.0,0.0,1.0,43,1250,800,450,0.64,17,8,9,361.51531177256516,0.8252122554448136,0.31903296727731556,0.21226656937551233,131422.35145436839,902.2384719819115,132324.5899263503,2303,16,503.3720930232558,33,10,22,34.3909356200948,0.6410984848484849,43.65808823529411,1025.3676470588225,31.07174688057038,0
2658,4,0,0,43,0.0,0.0,1.0,43,950,700,250,0.7368421052631579,12,7,5,360.50155705472184,0.8249815430047988,0.3134150718833244,0.21233369221739812,131541.75347222207,884.2013888888704,132425.95486111095,2304,17,504.3720930232558,34,9,22,34.29630381803411,0.6400122549019609,43.54166666666666,1025.8333333333321,30.171568627450945,0
2659,4,0,0,43,0.0,0.0,1.0,43,1500,1200,300,0.8,18,12,6,359.69207057564836,0.8240125507567367,0.3164063658846408,0.21287746908536812,131725.00177154187,876.0877267573599,132601.08949829923,2305,18,505.3720930232558,34,9,21,34.132069272101745,0.6418504901960784,43.363095238095234,1026.5476190476184,30.192577030812306,0
2660,4,0,0,43,0.0,0.0,1.0,43,1400,900,500,0.6428571428571429,19,9,10,358.2405194014377,0.822858988556663,0.31605264399264166,0.21278623622278164,131862.52170138882,847.6996527777735,132710.2213541666,2306,19,506.3720930232558,35,8,21,34.030594996619335,0.6410714285714285,43.229166666666664,1027.0833333333328,29.34523809523808,0
2661,4,0,0,43,0.0,0.0,1.0,43,1000,700,300,0.7,13,7,6,356.1333493077236,0.8230435585086747,0.31311646769414536,0.21203190756570503,131951.6933111497,798.4796971450553,132750.17300829475,2307,20,507.3720930232558,35,8,21,33.99480398783371,0.6419642857142858,43.14236111111111,1027.4305555555554,29.355158730158728,0
2662,4,0,0,43,0.0,0.0,1.0,43,950,500,450,0.5263157894736842,14,5,9,357.80754174962317,0.8227205610926541,0.3154096840195586,0.21358465883249259,132050.54029959018,849.735842261187,132900.27614185138,2308,21,508.3720930232558,36,7,21,33.8521693875315,0.6409143518518519,43.046171171171174,1027.8153153153157,28.550425425425438,0
2663,4,0,0,43,0.0,0.0,1.0,43,900,400,500,0.4444444444444444,14,4,10,357.4074360055858,0.8215669988925802,0.3175466886767695,0.21367206832318236,132108.41912436095,843.3062707978391,132951.7253951588,2309,22,509.3720930232558,36,7,21,33.80413152225509,0.6414930555555556,42.98986486486487,1028.0405405405415,28.55668168168171,0
2664,4,0,0,43,0.0,0.0,1.0,43,1200,700,500,0.5833333333333334,17,7,10,356.82946993323833,0.8214285714285714,0.31407499987600884,0.21368753314392794,132172.40521121895,832.6018582640995,133005.00706948305,2310,23,510.3720930232558,37,6,21,33.754531883130745,0.6402027027027026,42.92763157894738,1028.2894736842115,27.79160739687058,0
2665,4,1,0,44,0.022727272727272728,0.0,1.0,44,1250,1000,250,0.8,15,10,5,347.8702569097517,0.8275414023960536,0.31108414239482207,0.21076844977473183,132612.49999999988,427.15835641734435,133039.65835641723,2311,0,499.75,34,10,22,33.54234088457389,0.6507352941176471,42.49999999999999,1029.999999999999,30.294117647058798,0
2666,4,0,0,44,0.0,0.0,1.0,44,1200,900,300,0.75,15,9,6,346.3350003968891,0.827431289640592,0.29734765453748313,0.20626374305621564,131963.74584043532,340.7327936044516,132304.47863403978,2312,1,500.75,36,8,18,34.23434531638171,0.6400462962962961,43.13063063063065,1027.4774774774799,28.541041041041108,2
2667,4,0,0,44,0.0,0.0,1.0,44,900,500,400,0.5555555555555556,13,5,8,347.55126376490824,0.8255153276955602,0.30273404435415596,0.20777966515454163,132108.41912436104,382.88960413118417,132491.30872849224,2313,2,501.75,36,8,18,34.05744513820427,0.6414930555555554,42.98986486486488,1028.0405405405422,28.556681681681727,0
2668,4,0,1,43,0.0,0.022727272727272728,0.9772727272727273,44,800,300,500,0.375,13,3,10,347.9643003032824,0.8255593727977449,0.304313528363676,0.20866434370780576,132224.214818704,401.8612785082581,132626.07609721227,2314,3,502.75,36,8,19,33.93029855104202,0.6426504629629628,42.87725225225226,1028.4909909909923,28.56919419419423,0
2669,4,0,0,43,0.0,0.0,1.0,43,600,200,400,0.3333333333333333,10,2,8,354.4112933864657,0.8171834625322997,0.31207092473411047,0.21183587536060508,132100.37964034645,763.5732810356765,132863.95292138212,2315,28,515.3720930232558,35,8,19,33.889232905501764,0.6434523809523809,42.99768518518519,1028.00925925926,29.371693121693145,0
2670,4,0,0,43,0.0,0.0,1.0,43,900,600,300,0.6666666666666666,12,6,6,352.21285259346496,0.8176448874123292,0.3062940431190644,0.2108530311617482,132159.87761488341,709.6814986282604,132869.55911351167,2316,29,516.3720930232558,35,8,19,33.885824703586984,0.644047619047619,42.93981481481482,1028.2407407407409,29.378306878306883,0
2671,4,1,1,43,0.022727272727272728,0.022727272727272728,0.9772727272727273,44,1450,1200,250,0.8275862068965517,17,12,5,344.2053250022987,0.8189085623678647,0.31100033795201054,0.20848356970006798,132600.90115453306,328.38725549875585,132929.28841003182,2317,0,505.6136363636364,36,8,20,33.648361761061295,0.646412037037037,42.51126126126127,1029.954954954956,28.609859859859892,0
2672,4,0,0,43,0.0,0.0,1.0,43,1150,900,250,0.782608695652174,14,9,5,347.5372473320579,0.8191214470284237,0.30805262291182567,0.2101997885461126,132546.94097490126,612.9998017403788,133159.94077664163,2318,1,477.1162790697674,35,8,20,33.61678562062118,0.6479166666666667,42.5636574074074,1029.745370370369,29.42129629629626,0
2673,4,0,0,43,0.0,0.0,1.0,43,1250,900,350,0.72,16,9,7,348.12666326558804,0.8185215946843853,0.3074752510170009,0.2112253189997951,132666.15125868042,636.9249131944255,133303.07617187485,2319,2,478.1162790697674,35,8,17,33.481841927873276,0.6491071428571429,42.44791666666666,1030.2083333333321,29.434523809523775,0
2674,4,0,0,43,0.0,0.0,1.0,43,1150,800,350,0.6956521739130435,15,8,7,347.8416291710011,0.8183370247323736,0.3065315868396443,0.21122006704503754,132695.96220207462,631.4359353566383,133327.39813743124,2320,3,479.1162790697674,35,8,17,33.45924136898076,0.649404761904762,42.418981481481474,1030.324074074073,29.437830687830658,0
2675,4,1,0,44,0.022727272727272728,0.0,1.0,44,950,600,350,0.631578947368421,13,6,7,341.5453129892502,0.8188865398167724,0.30730686035204724,0.2094536919416003,133065.2506391526,289.5625355084737,133354.81317466107,2321,0,469.20454545454544,36,8,18,33.25101870042932,0.6510416666666667,42.06081081081081,1031.7567567567562,28.659909909909896,0
2676,4,0,0,44,0.0,0.0,1.0,44,1100,800,300,0.7272727272727273,14,8,6,342.766680684987,0.8181377730796335,0.3064548926251054,0.210694609555862,133152.4065239224,328.0416818845646,133480.44820580696,2322,1,470.20454545454544,36,8,18,33.13216039279869,0.6519097222222223,41.97635135135134,1032.0945945945932,28.669294294294257,0
2677,4,1,1,44,0.022222222222222223,0.022222222222222223,0.9777777777777777,45,1050,900,150,0.8571428571428571,12,9,3,333.2332616603788,0.8228535353535354,0.2961075725406941,0.20597489008141484,133358.942174515,-112.07294552172621,133246.86922899325,2323,0,460.73333333333335,37,8,18,33.171443736730374,0.6520270270270272,41.77631578947367,1032.8947368421032,27.91607396870549,0
2678,4,0,0,44,0.0,0.0,1.0,44,1250,1000,250,0.8,15,10,5,330.15744745980584,0.8193269908386188,0.2421160957231565,0.19618020053947172,131876.97991488117,-91.96658651894475,131785.01332836223,2324,3,472.20454545454544,36,8,15,34.73714504988489,0.6391782407407407,43.215090090090094,1027.13963963964,28.53165665665667,5
2679,4,0,0,44,0.0,0.0,1.0,44,700,400,300,0.5714285714285714,10,4,6,330.5161377687081,0.8192829457364341,0.24534093400570045,0.19654290800040136,131905.89871966562,-80.59436125314281,131825.30435841248,2325,4,473.20454545454544,36,8,15,34.6988507637214,0.6394675925925927,43.18693693693694,1027.2522522522524,28.53478478478479,0
2680,4,0,0,44,0.0,0.0,1.0,44,1000,600,400,0.6,14,6,8,329.7297297297298,0.8178735024665258,0.23943488943488922,0.19677419354838704,132040.89506172828,-92.43827160495087,131948.45679012334,2326,5,474.20454545454544,38,6,16,34.58333333333332,0.637061403508772,43.05555555555555,1027.777777777777,27.04678362573097,0
2681,4,0,1,43,0.0,0.022727272727272728,0.9772727272727273,44,1050,500,550,0.47619047619047616,16,5,11,333.8178760829744,0.8156932699083862,0.24131703447689712,0.20022832978509617,132233.12428090064,28.356139053242146,132261.48041995388,2327,6,475.20454545454544,38,6,17,34.28508361898827,0.6389802631578948,42.86858974358974,1028.5256410256402,27.066464237516847,0
2682,4,0,0,43,0.0,0.0,1.0,43,1150,900,250,0.782608695652174,14,9,5,340.4076754550298,0.8123385012919896,0.24575718420380377,0.20370151708626755,132144.21895438974,396.5812798168525,132540.8002342066,2328,11,487.1162790697674,37,6,18,34.20503625893141,0.6399211711711712,42.955043859649116,1028.179824561403,27.788643907064944,0
2683,4,0,0,43,0.0,0.0,1.0,43,900,700,200,0.7777777777777778,11,7,4,340.7388486896249,0.8122462163159837,0.2449175953617322,0.20405165536470632,132172.40521121878,407.25463604184813,132579.65984726063,2329,12,488.1162790697674,37,6,18,34.1681772943769,0.6402027027027027,42.92763157894736,1028.28947368421,27.79160739687054,0
2684,4,0,0,43,0.0,0.0,1.0,43,750,400,350,0.5333333333333333,11,4,7,342.03063270306995,0.8120616463639719,0.2441810879159021,0.20513090375670054,132228.78674207444,445.2591181902041,132674.04586026465,2330,13,489.1162790697674,37,6,18,34.078269367448456,0.6407657657657657,42.872807017543856,1028.5087719298242,27.797534376481735,0
2685,4,0,0,43,0.0,0.0,1.0,43,950,800,150,0.8421052631578947,11,8,3,338.92918893344057,0.8125230712440015,0.23649358631217887,0.20387894288150044,132341.5858725762,370.8852723915066,132712.4711449677,2331,14,490.1162790697674,37,6,18,34.044650468883205,0.6418918918918919,42.76315789473684,1028.9473684210527,27.809388335704128,0
2686,4,0,0,43,0.0,0.0,1.0,43,1150,500,650,0.43478260869565216,18,5,13,354.8493940653065,0.8130767811000369,0.28526146547045417,0.21181886328541882,132050.54029959018,771.6228651913186,132822.1631647815,2332,15,491.1162790697674,36,7,18,33.928180124904145,0.6409143518518519,43.046171171171174,1027.8153153153157,28.550425425425438,1
2687,4,1,0,44,0.022727272727272728,0.0,1.0,44,900,600,300,0.6666666666666666,12,6,6,347.7841153140894,0.8186002466525722,0.29049445865302626,0.20920552167355233,132341.58587257622,405.2602723915066,132746.84614496774,2333,0,480.9318181818182,37,7,19,33.81686913895992,0.6418918918918919,42.76315789473684,1028.947368421053,27.809388335704135,0
2688,4,0,1,43,0.0,0.022727272727272728,0.9772727272727273,44,900,400,500,0.4444444444444444,14,4,10,348.3745099064394,0.8174770965468641,0.2902889261127628,0.21034651276601649,132482.6524146852,430.7158212142165,132913.36823589943,2334,1,481.9318181818182,37,7,20,33.65984574147051,0.6432995495495495,42.62609649122807,1029.495614035087,27.824205784732083,0
2689,4,0,0,43,0.0,0.0,1.0,43,1100,900,200,0.8181818181818182,13,9,4,356.71247127350824,0.8154761904761905,0.2991254267296868,0.2153940166699082,132484.94059938306,851.8061135459699,133336.74671292902,2335,2,491.6744186046512,36,7,20,33.44294647414861,0.6452546296296298,42.62387387387387,1029.5045045045038,28.597347347347327,0
2690,4,0,0,43,0.0,0.0,1.0,43,1600,1400,200,0.875,18,14,4,377.1761358215701,0.8151070505721668,0.29119499834225304,0.21787468551575412,130794.81336805563,1266.536458333338,132061.34982638896,2336,3,492.6744186046512,37,6,16,34.62533944331295,0.6264076576576576,44.270833333333336,1022.9166666666673,27.646396396396415,6
2691,4,0,0,43,0.0,0.0,1.0,43,1100,1000,100,0.9090909090909091,12,10,2,374.4454461591998,0.8147840531561461,0.2856188757862421,0.21676953496015208,130878.94833025541,1201.4052400738651,132080.3535703293,2337,4,493.6744186046512,37,6,16,34.60985497928276,0.6272522522522522,44.18859649122807,1023.2456140350873,27.65528686581317,0
2692,4,0,0,43,0.0,0.0,1.0,43,1300,700,600,0.5384615384615384,19,7,12,376.7287912635384,0.8135843484680694,0.2890486787406956,0.21893220173914457,131027.14913662452,1272.339903389603,132299.48904001413,2338,5,494.6744186046512,38,5,16,34.401196563358724,0.6269188596491228,44.04380341880343,1023.8247863247881,26.942757534862846,0
2693,4,0,0,43,0.0,0.0,1.0,43,900,500,400,0.5555555555555556,13,5,8,377.5353214750158,0.8128460686600221,0.2892455508243259,0.21971317889119785,131081.8463387575,1297.605399408295,132379.45173816578,2339,6,495.6744186046512,38,5,16,34.32511737089201,0.6274671052631577,43.99038461538462,1024.0384615384623,26.948380566801642,0
2694,4,0,0,43,0.0,0.0,1.0,43,1150,800,350,0.6956521739130435,15,8,7,360.7779238224531,0.8133074935400516,0.26836397634862674,0.203900332227746,129946.64216581451,783.4128537221113,130730.05501953662,2340,7,496.6744186046512,36,7,17,35.90517082689052,0.6197916666666666,45.101351351351354,1019.594594594595,28.322072072072086,6
2695,4,1,1,43,0.022727272727272728,0.022727272727272728,0.9772727272727273,44,1000,800,200,0.8,12,8,4,350.486755123505,0.8200757575757576,0.25636373404182633,0.19926574403997901,130178.6502217026,325.1785405124411,130503.82876221504,2341,0,486.3636363636364,37,7,17,35.932071738118246,0.6202139639639641,44.87390350877192,1020.5043859649104,27.581199620673253,0
2696,4,1,0,44,0.022727272727272728,0.0,1.0,44,900,600,300,0.6666666666666666,12,6,6,356.8000399022419,0.821419133192389,0.2766538465292896,0.2037326040226594,130346.55044100086,501.53087969372336,130848.08132069457,2342,0,487.34090909090907,37,7,18,35.60066126203514,0.6219031531531533,44.70942982456139,1021.1622807017526,27.598980559506828,0
2697,4,1,2,43,0.022222222222222223,0.044444444444444446,0.9555555555555556,45,1700,1300,400,0.7647058823529411,21,13,8,352.87668149923655,0.8282407407407408,0.2750113189147776,0.20333429973685682,130699.20562358461,224.1403910073779,130923.34601459198,2343,0,477.4888888888889,38,7,16,35.3435290634904,0.6236293859649124,44.36431623931624,1022.5427350427349,26.909019343229865,0
2698,4,3,1,45,0.06521739130434782,0.021739130434782608,0.9782608695652174,46,1250,1000,250,0.8,15,10,5,347.4674298762272,0.8282608695652174,0.2959962402773222,0.20324022986495804,131276.04683059032,-77.16988069270249,131198.87694989762,2344,0,467.82608695652175,40,6,18,34.898725704085685,0.6260416666666666,43.800813008130085,1024.7967479674803,25.619918699187007,0
2699,4,0,0,45,0.0,0.0,1.0,45,1100,800,300,0.7272727272727273,14,8,6,352.39001362896397,0.8216329966329967,0.2923862455379327,0.20582590107211962,131221.3758680558,248.2204861111365,131469.59635416692,2345,1,479.22222222222223,39,6,18,34.8278432967331,0.6271367521367521,43.85416666666668,1024.5833333333353,26.271367521367573,0
2700,4,0,0,45,0.0,0.0,1.0,45,1250,700,550,0.56,18,7,11,352.3625452108191,0.8205387205387206,0.29545010740089817,0.20669514249995474,131385.84530476425,259.2203795856719,131645.06568434992,2346,2,480.22222222222223,36,9,18,34.66241944932629,0.6342592592592593,43.693693693693696,1025.2252252252256,28.47847847847849,0
2701,4,0,0,45,0.0,0.0,1.0,45,1450,1100,350,0.7586206896551724,18,11,7,349.5060520888532,0.8200757575757576,0.290076480927272,0.20591804932892369,131553.00188519532,195.71406586640796,131748.71595106172,2347,3,481.22222222222223,37,8,19,34.566944563203656,0.6340090090090091,43.53070175438596,1025.8771929824552,27.726410621147437,0
2702,4,0,0,45,0.0,0.0,1.0,45,1200,900,300,0.75,15,9,6,349.18188455962104,0.8184343434343435,0.290469747679746,0.20663974736075655,131721.78578985826,198.97227993227278,131920.75806979052,2348,4,482.22222222222223,37,8,16,34.40504165776545,0.6356981981981983,43.36622807017543,1026.535087719297,27.744191559981,0
2703,4,0,0,45,0.0,0.0,1.0,45,1150,600,550,0.5217391304347826,17,6,11,346.9241866533415,0.8186447811447812,0.2889529572284515,0.20575965851859043,131806.218319579,145.3530172745388,131951.57133685355,2349,5,483.22222222222223,37,8,16,34.3778919736608,0.6365427927927929,43.28399122807017,1026.8640350877185,27.7530820293978,0
2704,4,0,1,44,0.0,0.022222222222222223,0.9777777777777777,45,1200,700,500,0.5833333333333334,17,7,10,358.14164935209465,0.819402356902357,0.3013270652759412,0.20572744364048173,130578.91506371237,355.80065839918916,130934.71572211156,2350,6,484.22222222222223,36,9,15,35.33081754076685,0.6261574074074074,44.48198198198198,1022.0720720720722,28.390890890890894,2
2705,4,0,0,44,0.0,0.0,1.0,44,1500,900,600,0.6,21,9,12,354.9312534386744,0.8152968639887245,0.2812690833007985,0.2046432198397841,130722.82745160689,479.523400089265,131202.35085169616,2351,7,480.8636363636364,36,8,15,35.26708695811768,0.6276041666666667,44.34121621621621,1022.6351351351341,28.406531531531503,0
2706,4,0,0,44,0.0,0.0,1.0,44,800,400,400,0.5,12,4,8,353.4626951657268,0.8148123678646935,0.28393205583629366,0.20440538418718188,130838.01442912503,449.271442050155,131287.28587117518,2352,8,481.8636363636364,36,8,17,35.18803889194644,0.6287615740740742,44.2286036036036,1023.0855855855852,28.419044044044036,0
2707,4,0,0,44,0.0,0.0,1.0,44,1300,900,400,0.6923076923076923,17,9,8,353.83800935967474,0.8152968639887245,0.2823367907260519,0.20523507766879923,130953.25213304527,467.2476107864676,131420.49974383175,2353,9,482.8636363636364,36,8,17,35.061842153518896,0.6299189814814814,44.115990990990994,1023.5360360360366,28.431556556556572,0
2708,4,0,0,44,0.0,0.0,1.0,44,1300,1000,300,0.7692307692307693,16,10,6,354.5112674516705,0.8148784355179705,0.2809488113086316,0.20612865600645672,131047.29940943347,491.54884195134764,131538.84825138483,2354,10,483.8636363636364,37,7,18,34.94948954094381,0.6289414414414415,44.024122807017534,1023.9035087719283,27.67306780464671,0
2709,4,1,1,44,0.022222222222222223,0.022222222222222223,0.9777777777777777,45,1350,800,550,0.5925925925925926,19,8,11,345.29356452129593,0.8200336700336701,0.2781046101187292,0.20239182035796807,131356.22409058534,71.59234091256135,131427.8164314979,2355,0,474.0888888888889,37,8,18,34.873493600028524,0.6320382882882885,43.72258771929823,1025.1096491228052,27.70566619250825,0
2710,4,1,0,45,0.022222222222222223,0.0,1.0,45,1350,1200,150,0.8888888888888888,15,12,3,343.6073590690306,0.820496632996633,0.2865474579088607,0.20274134086809487,131609.25116381937,44.38144429052704,131653.63260810988,2356,0,475.06666666666666,37,8,16,34.66151955546058,0.6345720720720722,43.475877192982445,1026.096491228068,27.732337600758598,0
2711,4,0,0,45,0.0,0.0,1.0,45,1600,1200,400,0.75,20,12,8,347.5343675024573,0.8202020202020203,0.2923591825108607,0.20566477550935533,131721.7857898582,155.56950215449262,131877.35529201268,2357,1,476.06666666666666,37,8,16,34.44732250943533,0.6356981981981983,43.36622807017543,1026.5350877192966,27.74419155998099,0
2712,4,0,0,45,0.0,0.0,1.0,45,1250,700,550,0.56,18,7,11,346.3739454236521,0.820412457912458,0.2868057038460632,0.2055854482153308,131834.36850761744,132.79807248380496,131967.16658010124,2358,2,477.06666666666666,37,8,17,34.363655776211814,0.6368243243243243,43.2565789473684,1026.973684210524,27.75604551920335,0
2713,4,0,0,45,0.0,0.0,1.0,45,1050,800,250,0.7619047619047619,13,8,5,333.56107630415994,0.8200336700336701,0.2463137683318437,0.19313550760819914,130885.78976014603,-268.31901893714337,130617.47074120889,2359,3,478.06666666666666,40,5,17,35.6488148442414,0.6221354166666667,44.18191056910569,1023.2723577235769,25.58180894308942,4
2714,4,1,1,45,0.021739130434782608,0.021739130434782608,0.9782608695652174,46,1650,1300,350,0.7878787878787878,20,13,7,325.61218040792863,0.8268719806763285,0.24169491525423692,0.18983318818248807,131150.23389274688,-659.1772762345759,130491.0566165123,2360,0,468.6521739130435,41,5,17,35.58545197740112,0.6232215447154472,43.92361111111111,1024.3055555555552,24.983062330623298,0
2715,4,0,0,45,0.0,0.0,1.0,45,1450,1200,250,0.8275862068965517,17,12,5,331.87357387799443,0.819486531986532,0.2492786209480986,0.19372423267307823,131197.94894118904,-291.7735598849931,130906.17538130404,2361,5,480.06666666666666,40,5,18,35.37698806335351,0.6252604166666667,43.8770325203252,1024.4918699186987,25.61229674796747,0
2716,4,2,2,45,0.0425531914893617,0.0425531914893617,0.9574468085106383,47,1050,700,350,0.6666666666666666,14,7,7,319.8594208749727,0.8255858772741288,0.24570084634319045,0.18862737810477362,131588.67076475636,-981.8956970057575,130606.7750677506,2362,0,460.59574468085106,40,7,15,35.291410789751716,0.6291666666666667,43.49593495934959,1026.0162601626012,25.650406504065028,0
2717,4,0,1,44,0.0,0.022222222222222223,0.9777777777777777,45,1450,1300,150,0.896551724137931,16,13,3,337.42400404016837,0.820959595959596,0.2644500989539158,0.19558648021797392,130928.03955078141,-156.90353487351172,130771.1360159079,2363,7,482.06666666666666,39,6,19,35.50731552162849,0.6241987179487178,44.14062500000001,1023.4375000000013,26.24198717948721,6
2718,4,0,0,44,0.0,0.0,1.0,44,800,500,300,0.625,11,5,6,340.86170921377226,0.8182919309372798,0.27959599123081746,0.19752657668231827,130917.78897518059,124.97226331358686,131042.76123849417,2364,8,491.15909090909093,38,6,19,35.42971604551623,0.6258223684210527,44.150641025641015,1023.3974358974342,26.93151147098511,0
2719,4,0,0,44,0.0,0.0,1.0,44,1000,700,300,0.7,13,7,6,340.9806878456773,0.8189746300211417,0.2819747580185996,0.1977357741865367,130945.1247351887,129.95174044852243,131075.0764756372,2365,9,492.15909090909093,38,6,20,35.3990518441197,0.6260964912280702,44.12393162393162,1023.5042735042724,26.934322986954538,0
2720,4,1,0,45,0.022222222222222223,0.0,1.0,45,850,500,350,0.5882352941176471,12,5,7,334.198215516909,0.8216329966329967,0.2826804030545387,0.19520033538149165,131221.37586805565,-229.21006944443536,130992.16579861121,2366,0,482.2,39,6,21,35.293818625457504,0.6271367521367521,43.85416666666667,1024.5833333333342,26.271367521367544,0
2721,4,0,1,44,0.0,0.022222222222222223,0.9777777777777777,45,900,400,500,0.4444444444444444,14,4,10,357.3162787397761,0.8216329966329967,0.3353935745919898,0.20617194685607643,130751.61944038616,415.290586194285,131166.91002658044,2367,1,483.2,36,9,16,35.17695258019525,0.6278935185185186,44.313063063063055,1022.7477477477464,28.409659659659624,5
2722,4,0,0,44,0.0,0.0,1.0,44,900,700,200,0.7777777777777778,11,7,4,365.14874892317323,0.8224101479915433,0.33010358004827056,0.204266379348112,129545.08562616695,793.8812545654079,130338.96688073236,2368,2,484.34090909090907,36,8,14,36.202295353982315,0.6157407407407407,45.49549549549551,1018.01801801802,28.278278278278336,8
2723,4,0,0,44,0.0,0.0,1.0,44,1400,1100,300,0.7857142857142857,17,11,6,362.50511284846334,0.8213971106412967,0.3273139399300389,0.20338066008694208,129659.75265806368,600.4646538430596,130260.21731190673,2369,3,485.34090909090907,36,8,15,36.15288220551379,0.6168981481481481,45.382882882882896,1018.4684684684701,28.290790790790837,0
2724,4,0,0,44,0.0,0.0,1.0,44,650,400,250,0.6153846153846154,9,4,5,361.63116278608214,0.8211548625792812,0.32684963720780624,0.20318729804738522,129717.10519641278,581.9495170846691,130299.05471349745,2370,4,486.34090909090907,36,8,15,36.116791952244085,0.6174768518518519,45.326576576576585,1018.693693693695,28.297047047047084,0
2725,4,0,0,44,0.0,0.0,1.0,44,1450,1100,350,0.7586206896551724,18,11,7,376.6140750495543,0.8208245243128964,0.35770115493362775,0.20447535786176402,128360.96871803983,868.5095012418524,129229.47821928168,2371,5,487.34090909090907,38,6,15,37.12023370233702,0.6000548245614037,46.661324786324776,1013.3547008546992,26.667228969860506,2
2726,4,1,0,45,0.022222222222222223,0.0,1.0,45,1350,900,450,0.6666666666666666,18,9,9,368.19095861898177,0.8255050505050505,0.3592402581115901,0.20227672394028162,128830.9950086805,486.88151041666237,129317.87651909716,2372,0,477.4888888888889,39,6,14,36.8531534304672,0.6030982905982907,46.197916666666664,1015.2083333333329,26.030982905982896,0
2727,4,0,0,45,0.0,0.0,1.0,45,1050,700,350,0.6666666666666666,14,7,7,365.7498413484608,0.8262205387205388,0.3530762920426582,0.20174165457184323,128989.67013888885,435.5902777777725,129425.26041666661,2373,1,478.4888888888889,39,6,14,36.75314465408805,0.6047008547008548,46.041666666666664,1015.8333333333329,26.047008547008538,0
2728,4,1,1,45,0.021739130434782608,0.021739130434782608,0.9782608695652174,46,1050,600,450,0.5714285714285714,15,6,9,357.43079817253385,0.8335144927536232,0.34158945117605066,0.19821162444113258,129201.38888888898,36.28472222222672,129237.67361111121,2374,0,469.0652173913044,39,7,14,36.7486338797814,0.6068376068376069,45.833333333333336,1016.6666666666674,26.06837606837609,0
2729,4,2,1,46,0.0425531914893617,0.02127659574468085,0.9787234042553191,47,900,700,200,0.7777777777777778,11,7,4,353.3067334723827,0.8334875115633672,0.3463328186048438,0.1980717432601861,129630.39852804547,-240.14146746661856,129390.25706057885,2375,0,460.0425531914894,41,6,15,36.41693050819938,0.6079776422764227,45.41170634920635,1018.3531746031746,24.8378823073945,0
2730,4,0,0,46,0.0,0.0,1.0,46,1300,1100,200,0.8461538461538461,15,11,4,356.7945892609651,0.8299114331723028,0.3566662183328051,0.20008050246133932,129640.87106095918,51.03226832574143,129691.90332928492,2376,1,471.04347826086956,40,6,15,36.317483285101275,0.6096354166666667,45.40142276422765,1018.3943089430902,25.459857723577255,0
2731,4,0,0,46,0.0,0.0,1.0,46,1100,600,500,0.5454545454545454,16,6,10,360.3997546140736,0.8286835748792271,0.36312351157555023,0.202369005069852,129692.62390318261,148.23796599246765,129840.86186917507,2377,2,472.04347826086956,40,6,15,36.173051980444995,0.61015625,45.35060975609756,1018.5975609756096,25.46493902439024,0
2732,4,1,2,45,0.02127659574468085,0.0425531914893617,0.9574468085106383,47,800,200,600,0.25,14,2,12,356.84478920972873,0.8316759173604686,0.3609300515614364,0.20187163391782043,129984.2345068813,-123.16064736081302,129861.07385952049,2378,0,462.97872340425533,41,6,16,35.96724308460615,0.6115345528455285,45.06448412698412,1019.7420634920622,24.87175764614786,0
2733,4,1,0,46,0.021739130434782608,0.0,1.0,46,1500,1100,400,0.7333333333333333,19,11,8,340.1006240232888,0.8338768115942029,0.27877649754917555,0.18824045883947024,129125.75511975626,-394.34651754220346,128731.40860221405,2379,0,456.5217391304348,41,5,17,37.26604441190824,0.6028963414634145,45.907738095238095,1016.3690476190478,24.78948896631824,4
2734,4,0,1,45,0.0,0.021739130434782608,0.9782608695652174,46,1450,1100,350,0.7586206896551724,18,11,7,340.6944884491211,0.8335144927536232,0.2746889796572878,0.18905735655212455,129227.86593967008,-394.51137551375234,128833.35456415633,2380,1,457.5217391304348,39,7,18,37.14708619335452,0.6071047008547009,45.807291666666664,1016.7708333333328,26.071047008546994,0
2735,4,0,0,45,0.0,0.0,1.0,45,1550,1200,350,0.7741935483870968,19,12,7,347.3174563943226,0.8310185185185186,0.27698879551820754,0.19313447341553447,129310.02995105546,-17.673862225155887,129292.3560888303,2381,2,434.4,38,7,19,36.89513305322128,0.6096491228070176,45.72649572649572,1017.0940170940161,26.765632028789895,0
2736,4,1,1,45,0.021739130434782608,0.021739130434782608,0.9782608695652174,46,1250,700,550,0.56,18,7,11,343.3189156815152,0.8391505636070854,0.27097773845463036,0.19283835016941622,129704.91672092005,-293.9697265625051,129410.94699435755,2382,0,425.9347826086956,39,7,15,36.595532092579354,0.6119123931623932,45.338541666666664,1018.6458333333326,26.11912393162391,0
2737,4,0,0,45,0.0,0.0,1.0,45,850,500,350,0.5882352941176471,12,5,7,350.0484442800093,0.8318181818181819,0.2662610155266476,0.1962742218162968,129636.22708013713,75.79192234638873,129712.01900248352,2383,4,436.4,38,7,15,36.49395894530703,0.6129385964912282,45.405982905982896,1018.3760683760668,26.79937022042281,0
2738,4,1,1,45,0.021739130434782608,0.021739130434782608,0.9782608695652174,46,1300,800,500,0.6153846153846154,18,8,10,345.39785905852483,0.8355273752012883,0.26962066993605593,0.19562149624781933,130029.2691189108,-217.6337662766798,129811.63535263413,2384,0,427.89130434782606,40,6,18,36.213381825428456,0.6135416666666667,45.020325203252035,1019.9186991869927,25.49796747967482,0
2739,4,0,0,45,0.0,0.0,1.0,45,900,600,300,0.6666666666666666,12,6,6,349.76232541819525,0.8266414141414142,0.27536666212595895,0.19766014094649526,129943.77170138899,89.887152777788,130033.65885416677,2385,1,438.2888888888889,39,6,18,36.18887072605912,0.6143162393162394,45.10416666666667,1019.5833333333342,26.143162393162413,0
2740,4,0,0,45,0.0,0.0,1.0,45,750,400,350,0.5333333333333333,11,4,7,350.3919385752484,0.8256734006734007,0.27842469640222434,0.1982853802688837,129996.88042534742,109.97178819446356,130106.85221354189,2386,2,439.2888888888889,39,6,18,36.118913857677896,0.6148504273504274,45.05208333333334,1019.7916666666682,26.14850427350431,0
2741,4,0,0,45,0.0,0.0,1.0,45,1400,900,500,0.6428571428571429,19,9,10,356.2299332409757,0.8253367003367004,0.2920958925857884,0.20269110835627643,130209.423828125,276.89887152777857,130486.32269965278,2387,3,440.2888888888889,39,6,19,35.75432060964823,0.6169871794871795,44.84375,1020.625,26.169871794871796,0
2742,4,1,0,46,0.021739130434782608,0.0,1.0,46,1450,1000,450,0.6896551724137931,19,10,9,345.77051269503227,0.828280998389694,0.2860476040646478,0.1984993856085994,130555.17713758687,-171.56304253471734,130383.61409505215,2388,0,431.69565217391306,39,7,16,35.67095182278395,0.6204594017094017,44.505208333333336,1021.9791666666672,26.20459401709403,0
2743,4,0,2,44,0.0,0.043478260869565216,0.9565217391304348,46,950,700,250,0.7368421052631579,12,7,5,314.6715962724448,0.828280998389694,0.21102359054600073,0.1769869398010801,129757.97661675353,-1033.7700737847165,128724.20654296881,2389,1,432.69565217391306,39,7,12,37.27134665848753,0.6124465811965811,45.286458333333336,1018.8541666666671,26.124465811965823,8
2744,4,0,0,44,0.0,0.0,1.0,44,950,600,350,0.631578947368421,13,6,7,326.0057525626503,0.8250968992248062,0.22864301934069342,0.18284670469818184,129647.68005540136,-346.8220991074514,129300.85795629391,2390,6,447.3636363636364,37,7,13,37.094458799885146,0.6148648648648649,45.394736842105246,1018.4210526315766,27.524893314366935,0
2745,4,1,1,44,0.022222222222222223,0.022222222222222223,0.9777777777777777,45,850,600,250,0.7058823529411765,11,6,5,316.54403848866656,0.8300505050505051,0.22161671207992728,0.17872563403898536,129908.37191358008,-775.6558641975514,129132.71604938252,2391,0,438.4,38,7,14,37.07141235240689,0.6156798245614037,45.13888888888888,1019.4444444444431,26.827485380116922,0
2746,4,1,1,44,0.022222222222222223,0.022222222222222223,0.9777777777777777,45,1550,1100,450,0.7096774193548387,20,11,9,316.27792729292145,0.8320286195286196,0.22795933188090034,0.17922415879932205,130049.9999999999,-773.6111111111259,129276.38888888877,2392,0,439.3777777777778,39,6,16,36.93491285403048,0.6153846153846154,44.99999999999999,1019.9999999999992,26.153846153846132,0
2747,4,0,0,44,0.0,0.0,1.0,44,1350,900,450,0.6666666666666666,18,9,9,324.3430692749836,0.8265063424947147,0.23196679146066157,0.18325671462943557,129935.60209155147,-371.2576019066512,129564.34448964482,2393,9,450.3636363636364,38,6,17,36.84506968458556,0.615953947368421,45.11217948717948,1019.5512820512809,26.830296896086338,0
2748,4,0,0,44,0.0,0.0,1.0,44,1700,1300,400,0.7647058823529411,21,13,8,323.3109643695868,0.8247445384073291,0.22795797167656495,0.18382537688442216,130180.80210387894,-382.2238658777186,129798.57823800122,2394,10,451.3636363636364,38,6,17,36.623220268006705,0.618421052631579,44.87179487179487,1020.5128205128199,26.85560053981105,0
2749,4,0,0,44,0.0,0.0,1.0,44,1300,1100,200,0.8461538461538461,15,11,4,324.3567622313898,0.8230267794221283,0.219180134503981,0.18506731800868,130317.12420784922,-346.1519057272402,129970.97230212198,2395,11,452.3636363636364,38,6,18,36.45866031878903,0.6197916666666667,44.73824786324786,1021.0470085470074,26.86965811965809,0
2750,4,0,0,44,0.0,0.0,1.0,44,1100,600,500,0.5454545454545454,16,6,10,324.8487474451465,0.8226523960535589,0.2128215854423765,0.1860002229383524,130453.51765103334,-324.4676382497231,130129.05001278361,2396,12,453.3636363636364,38,6,18,36.30821655162798,0.6211622807017545,44.60470085470084,1021.5811965811939,26.883715699505103,0
2751,4,0,1,43,0.0,0.022727272727272728,0.9772727272727273,44,850,500,350,0.5882352941176471,12,5,7,324.2383362051674,0.8221458773784356,0.21330480053962142,0.18656864937746517,130644.5883213711,-328.0032096939202,130316.58511167718,2397,13,454.3636363636364,38,6,12,36.13077820740586,0.6230811403508772,44.41773504273504,1022.3290598290594,26.903396311291036,0
2752,4,0,0,43,0.0,0.0,1.0,43,1400,1000,400,0.7142857142857143,18,10,8,332.3993675281947,0.8219822812846068,0.2165120769572355,0.19103741702206126,130598.6036568945,82.17865112342895,130680.78230801792,2398,14,462.6279069767442,37,6,12,35.968676249731814,0.6244369369369369,44.46271929824562,1022.1491228070181,27.625651967757246,0
2753,4,3,2,44,0.06521739130434782,0.043478260869565216,0.9565217391304348,46,1200,800,400,0.6666666666666666,16,8,8,310.03951811377345,0.8378220611916264,0.20756438069032157,0.18097906092095833,131197.94894118907,-1064.6902265516583,130133.25871463741,2399,0,433.39130434782606,40,6,13,35.9362083787984,0.6252604166666667,43.8770325203252,1024.491869918699,25.612296747967473,0
2754,4,1,0,45,0.022222222222222223,0.0,1.0,45,750,400,350,0.5333333333333333,11,4,7,318.23253484218117,0.8316077441077442,0.2191267016889793,0.1857458148470536,131194.69536675364,-649.9159071180355,130544.77945963561,2400,0,444.0,39,6,15,35.72964328079988,0.626869658119658,43.88020833333334,1024.479166666668,26.268696581196618,0
2755,4,1,1,45,0.021739130434782608,0.021739130434782608,0.9782608695652174,46,1550,1100,450,0.7096774193548387,20,11,9,310.9538289787297,0.8339573268921096,0.21671087990077842,0.18337557578091465,131588.67076475662,-1016.3997950954893,130572.27096966113,2401,0,435.32608695652175,40,6,13,35.519842842049655,0.6291666666666667,43.495934959349604,1026.0162601626032,25.65040650406508,0
2756,4,1,1,45,0.021739130434782608,0.021739130434782608,0.9782608695652174,46,1050,500,550,0.47619047619047616,16,5,11,319.13085201067906,0.836231884057971,0.18623374051659058,0.18229376961195354,130361.52354313125,-879.523184454076,129482.00035867716,2402,0,436.30434782608694,42,4,17,36.547189802954094,0.6138392857142858,44.694767441860456,1021.2209302325567,24.314784053156114,6
2757,4,1,2,44,0.021739130434782608,0.043478260869565216,0.9565217391304348,46,1550,1100,450,0.7096774193548387,20,11,9,314.58336451514117,0.8361513687600645,0.1849764135382992,0.18026994540476346,130485.2472808124,-990.3023781623743,129494.94490265002,2403,0,437.2173913043478,42,4,18,36.538355146686904,0.6150793650793651,44.57364341085271,1021.7054263565886,24.326319675156874,0
2758,4,1,1,44,0.022222222222222223,0.022222222222222223,0.9777777777777777,45,1100,700,400,0.6363636363636364,15,7,8,324.2043234448732,0.8289141414141414,0.2123725122366693,0.18666199762138874,130667.99433893905,-527.3742598891647,130140.62007904988,2404,0,447.4888888888889,41,4,16,36.10801151432822,0.6183943089430894,44.39484126984126,1022.4206349206331,24.937088656600807,0
2759,4,0,0,44,0.0,0.0,1.0,44,950,500,450,0.5263157894736842,14,5,9,367.7231667843646,0.8238195912614518,0.24566057688801357,0.19972415137111593,128376.15258774556,641.3770738317314,129017.52966157728,2405,1,458.6136363636364,40,4,16,37.329940500066854,0.5968749999999999,46.64634146341464,1013.4146341463428,25.33536585365857,4
2760,4,0,0,44,0.0,0.0,1.0,44,1050,700,350,0.6666666666666666,14,7,7,366.8034246016041,0.8238416138125441,0.24265892002734124,0.1996107016039827,128453.40617563963,623.4298573931002,129076.83603303273,2406,2,459.6136363636364,40,4,16,37.27422723475355,0.59765625,46.57012195121952,1013.7195121951229,25.34298780487807,0
2761,4,2,0,46,0.043478260869565216,0.0,1.0,46,950,700,250,0.7368421052631579,12,7,5,359.87197147565604,0.830877616747182,0.26416236749995825,0.19857356573425175,129004.4355807946,85.0161123129767,129089.45169310758,2407,0,440.5869565217391,42,4,18,36.8873601042859,0.6001984126984127,46.027131782945744,1015.8914728682184,24.187892211148057,0
2762,4,0,0,46,0.0,0.0,1.0,46,1750,1300,450,0.7428571428571429,22,13,9,355.53757644811816,0.8296900161030596,0.26586971026925776,0.19703881217734834,129176.76150959969,-14.561455892081256,129162.20005370761,2408,1,441.5869565217391,42,4,18,36.82183935436724,0.6019345238095237,45.85755813953488,1016.5697674418598,24.20404208194904,0
2763,4,5,5,46,0.09803921568627451,0.09803921568627451,0.9019607843137255,51,950,600,350,0.631578947368421,13,6,7,323.9148746227901,0.8556862745098041,0.24019429784263857,0.18310834698902292,129955.57270233204,-1781.0843502234143,128174.48835210862,2409,0,399.19607843137254,44,7,16,36.835762501513486,0.6070075757575757,45.092592592592595,1019.6296296296302,23.17340067340069,0
2764,4,1,1,46,0.02127659574468085,0.02127659574468085,0.9787234042553191,47,1350,1100,250,0.8148148148148148,16,11,5,340.4138060361054,0.8347980265186555,0.24639877909954433,0.1903534639638407,129529.3911111898,-581.2813956601228,128948.10971552969,2410,0,434.1489361702128,41,6,17,36.84775281811387,0.6069613821138211,45.510912698412696,1017.9563492063489,24.828203639179243,0
2765,4,2,2,46,0.041666666666666664,0.041666666666666664,0.9583333333333334,48,1300,900,400,0.6923076923076923,17,9,8,338.7525481068111,0.8421801122931442,0.24475602027883436,0.19118437800877947,129891.90853915014,-799.7570007812169,129092.15153836893,2411,0,426.0625,42,6,17,36.522100760456276,0.6091269841269842,45.155038759689916,1019.3798449612391,24.27094868955331,0
2766,4,0,0,46,0.0,0.0,1.0,46,1300,1000,300,0.7692307692307693,16,10,6,347.98677105311265,0.8303743961352658,0.2506055114242649,0.19546652982348758,129706.17992567368,-172.79305240617384,129533.38687326752,2412,5,445.5869565217391,41,5,17,36.47537657447085,0.6087398373983741,45.337301587301575,1018.6507936507913,24.845141308555885,0
2767,4,1,1,46,0.02127659574468085,0.02127659574468085,0.9787234042553191,47,900,500,400,0.5555555555555556,13,5,8,344.69442403483833,0.8313675609004008,0.2502239269199591,0.1949070082814936,129966.00193986212,-440.288763445731,129525.7131764164,2413,0,437.0851063829787,42,5,17,36.29549558110804,0.6098710317460319,45.08236434108526,1019.6705426356567,24.27787006275373,0
2768,4,0,0,46,0.0,0.0,1.0,46,1700,1600,100,0.9411764705882353,18,16,2,349.30305511707047,0.8290861513687601,0.2556869362225809,0.19786141651011513,130034.82187145641,-115.68788973928105,129919.13398171714,2414,7,447.5869565217391,41,5,17,36.10817284310864,0.6120426829268295,45.01488095238093,1019.9404761904722,24.876596980255417,0
2769,4,1,1,46,0.02127659574468085,0.02127659574468085,0.9787234042553191,47,1450,1200,250,0.8275862068965517,17,12,5,341.11814664909167,0.8331406105457909,0.24140101672693803,0.19462398564926636,130315.7606336806,-508.78795528627717,129806.97267839433,2415,0,439.0425531914894,39,8,18,36.032187308712494,0.6180555555555556,44.739583333333336,1021.0416666666671,26.180555555555568,0
2770,4,2,2,46,0.041666666666666664,0.041666666666666664,0.9583333333333334,48,1550,1200,350,0.7741935483870968,19,12,7,335.7209068543511,0.8383569739952719,0.23131234052424055,0.19308271023715942,130625.94112507437,-829.2281173573908,129796.71300771699,2416,0,430.8541666666667,40,8,18,35.85615700699209,0.61953125,44.4359756097561,1022.2560975609757,25.556402439024392,0
2771,4,2,0,48,0.041666666666666664,0.0,1.0,48,1450,1100,350,0.7586206896551724,18,11,7,339.0074123009528,0.8360113770685579,0.25617972082202467,0.19647193625261955,130921.69390904509,-723.3150667674431,130198.37884227764,2417,0,431.8125,41,7,20,35.4732131317048,0.6209349593495934,44.1468253968254,1023.4126984126983,24.961285327138985,0
2772,4,0,0,48,0.0,0.0,1.0,48,1200,1000,200,0.8333333333333334,14,10,4,342.93810669562106,0.8353280141843972,0.25417231857378186,0.19940643375805644,131048.6359619078,-611.6857796359394,130436.95018227186,2418,1,432.8125,41,7,20,35.244384426573646,0.6222052845528455,44.022817460317455,1023.9087301587293,24.973383662408033,0
2773,4,1,1,48,0.02040816326530612,0.02040816326530612,0.9795918367346939,49,1300,800,500,0.6153846153846154,18,8,10,337.9160814598575,0.842013888888889,0.24671604976395667,0.1974102014009134,131228.82207349324,-931.1341340664634,130297.68793942677,2419,0,424.9591836734694,42,7,20,35.19107401803163,0.6225198412698413,43.8468992248062,1024.6124031007755,24.39553340716132,0
2774,4,1,1,48,0.02040816326530612,0.02040816326530612,0.9795918367346939,49,1900,1300,600,0.6842105263157895,25,13,12,344.4403311989742,0.8344316893424036,0.2567662003861322,0.2025497237733218,131480.69905045364,-742.5113367187386,130738.1877137349,2420,0,425.9387755102041,41,8,21,34.7697813890501,0.6265243902439024,43.60119047619048,1025.595238095239,25.0145180023229,0
2775,4,1,1,48,0.02040816326530612,0.02040816326530612,0.9795918367346939,49,1250,700,550,0.56,18,7,11,338.76916614156676,0.838718820861678,0.27201419698314067,0.20081677374371235,131786.1128826531,-870.9856859410401,130915.12719671207,2421,0,425.81632653061223,41,8,19,34.60748792270531,0.6295731707317073,43.30357142857143,1026.7857142857147,25.04355400696865,0
2776,4,0,0,48,0.0,0.0,1.0,48,1150,600,550,0.5217391304347826,17,6,11,341.53053794359136,0.836860963356974,0.27170766109076516,0.20237437095859873,131771.20642681292,-599.2217967148988,131171.984630098,2422,1,435.6666666666667,40,8,19,34.55161833118877,0.6309895833333332,43.31808943089432,1026.7276422764241,25.668191056910604,0
2777,4,0,0,48,0.0,0.0,1.0,48,1050,800,250,0.7619047619047619,13,8,5,339.83703294133716,0.8375997340425532,0.26764152810768005,0.20150900122296198,131797.2932778109,-642.0797805538954,131155.213497257,2423,2,436.6666666666667,40,8,19,34.568817629981524,0.6312499999999999,43.29268292682927,1026.8292682926835,25.67073170731709,0
2778,4,0,0,48,0.0,0.0,1.0,48,1150,600,550,0.5217391304347826,17,6,11,341.29354347190895,0.8366393321513003,0.267955789716698,0.20278976154442022,131875.569322576,-598.3439297045227,131277.22539287148,2424,3,437.6666666666667,40,8,19,34.45260710398734,0.6320312499999999,43.216463414634156,1027.1341463414647,25.678353658536615,0
2779,4,0,0,48,0.0,0.0,1.0,48,1300,1100,200,0.8461538461538461,15,11,4,338.82290511904733,0.8362884160756501,0.26810886338905937,0.20159863142133322,131927.7662622283,-659.9701938330238,131267.79606839528,2425,4,438.6666666666667,40,8,19,34.463514360141126,0.6325520833333333,43.16565040650407,1027.3373983739848,25.68343495934962,0
2780,4,0,1,47,0.0,0.020833333333333332,0.9791666666666666,48,1000,700,300,0.7,13,7,6,362.7964837732792,0.8373411643026004,0.2726525043354069,0.2071341834845348,130342.35161675373,-21.281744252010114,130321.06987250171,2426,5,439.6666666666667,39,9,18,35.45183872283994,0.6183226495726495,44.71354166666668,1021.1458333333354,26.18322649572655,6
2781,4,0,0,47,0.0,0.0,1.0,47,1600,1400,200,0.875,18,14,4,366.79237096476396,0.8327551649707061,0.28016608029239864,0.2094155860551883,130342.35161675356,161.71603732639915,130504.06765407996,2427,10,449.9148936170213,39,8,18,35.3498291339386,0.6183226495726495,44.71354166666667,1021.145833333334,26.183226495726515,0
2782,4,0,0,47,0.0,0.0,1.0,47,900,400,500,0.4444444444444444,14,4,10,360.65628788360397,0.8322540857230959,0.22363635544218452,0.19024115475960857,127199.76463766549,-197.69662086116338,127002.06801680432,2428,11,450.9148936170213,38,9,16,38.714431970627686,0.588267543859649,47.80982905982907,1008.7606837606854,26.546333783175932,8
2783,4,4,4,47,0.0784313725490196,0.0784313725490196,0.9215686274509804,51,1300,1000,300,0.7692307692307693,16,10,6,338.41467514073577,0.8552287581699347,0.23124339556181717,0.18230726047904214,128048.66850321439,-1533.2902892561565,126515.37821395823,2429,0,416.47058823529414,43,8,16,38.40678018962077,0.5891472868217053,46.96969696969699,1012.1212121212156,23.53770260747013,0
2784,4,5,3,49,0.09615384615384616,0.057692307692307696,0.9423076923076923,52,1100,700,400,0.6363636363636364,15,7,8,332.0659814728025,0.859508547008547,0.2734104131162951,0.18187212123343086,128709.28730244617,-1851.9330973210733,126857.3542051251,2430,0,407.7307692307692,42,10,19,37.893907563025216,0.5972222222222221,46.31782945736436,1014.7286821705459,24.16020671834633,0
2785,4,0,0,49,0.0,0.0,1.0,49,1350,1100,250,0.8148148148148148,16,11,5,347.9202343310376,0.8499149659863946,0.30005787765167713,0.18937134902179298,128461.13281250001,-861.1545138888885,127599.97829861112,2431,1,433.42857142857144,39,10,19,37.744896561172766,0.5993589743589745,46.5625,1013.7500000000001,25.993589743589748,0
2786,4,2,1,50,0.0392156862745098,0.0196078431372549,0.9803921568627451,51,1050,600,450,0.5714285714285714,15,6,9,338.3728027343742,0.860686274509804,0.2986060049019599,0.1866884428879311,128999.74804736744,-1469.9987402368045,127529.74930713064,2432,0,417.3921568627451,41,10,20,37.438151041666664,0.6016260162601625,46.031746031746046,1015.8730158730186,24.777390631049236,0
2787,4,1,0,51,0.0196078431372549,0.0,1.0,51,1050,800,250,0.7619047619047619,13,8,5,340.4646330589073,0.8569281045751634,0.3137254901960793,0.18868259031663712,129176.17517203634,-1404.016184019909,127772.15898801642,2433,0,418.37254901960785,41,10,21,37.20550323671969,0.6034044715447153,45.85813492063492,1016.5674603174598,24.79432830042585,0
2788,4,0,1,50,0.0,0.0196078431372549,0.9803921568627451,51,1450,900,550,0.6206896551724138,20,9,11,340.2735502955466,0.8562091503267975,0.31293780628070156,0.18906815201596539,129278.89034511536,-1401.960140324857,127876.93020479051,2434,1,419.37254901960785,40,11,21,37.10590086939142,0.6059895833333333,45.75711382113821,1016.9715447154473,25.424288617886184,0
2789,4,2,0,52,0.038461538461538464,0.0,1.0,52,1200,800,400,0.6666666666666666,16,8,8,337.59279608925135,0.8615824534942181,0.33047475610304455,0.1893840242979371,129655.65653344648,-1645.8368764172521,128009.81965702923,2435,0,411.75,41,11,17,36.791350087668036,0.6082317073170732,45.38690476190475,1018.4523809523791,24.840301974448273,0
2790,4,1,1,52,0.018867924528301886,0.018867924528301886,0.9811320754716981,53,1700,1300,400,0.7647058823529411,21,13,8,328.0598967745667,0.8671383647798742,0.32530310639213744,0.18514968423113948,129891.90853915017,-2077.534778558994,127814.37376059117,2436,0,404.9622641509434,42,11,17,36.79459759188846,0.6091269841269842,45.155038759689916,1019.3798449612393,24.270948689553318,0
2791,4,1,4,49,0.018867924528301886,0.07547169811320754,0.9245283018867925,53,1150,700,450,0.6086956521739131,16,7,9,326.2902654243382,0.8654450895016932,0.32222843742604557,0.1846171372755768,129990.70443482937,-2117.0597094525797,127873.6447253768,2437,0,405.9433962264151,42,11,17,36.73963480298997,0.6101190476190477,45.05813953488371,1019.767441860463,24.280177187153882,0
2792,4,1,1,49,0.02,0.02,0.98,50,1250,800,450,0.64,17,8,9,340.30906221305185,0.8596428571428572,0.325848010119685,0.19226807214752764,129933.6569842055,-1156.4798083585533,128777.17717584695,2438,0,418.76,41,9,18,36.440088709415846,0.6110264227642277,45.11408730158729,1019.543650793649,24.86691831204022,0
2793,4,0,1,48,0.0,0.02040816326530612,0.9795918367346939,49,1150,800,350,0.6956521739130435,15,8,7,340.3435296273319,0.8616425736961452,0.3197821285181408,0.19250321174073529,129977.44914568032,-952.6032371604371,129024.84590851988,2439,1,422.6938775510204,40,9,18,36.39479934888047,0.6130208333333333,45.071138211382106,1019.7154471544703,25.49288617886176,0
2794,4,2,2,48,0.04,0.04,0.96,50,900,600,300,0.6666666666666666,12,6,6,336.4553270029173,0.8607312925170068,0.32509691899612303,0.19196362719921975,130315.76063368062,-1230.2887937177713,129085.47183996285,2440,0,415.02,39,11,20,36.1512106372849,0.6180555555555556,44.739583333333336,1021.0416666666672,26.180555555555568,0
2795,4,0,0,48,0.0,0.0,1.0,48,1150,1000,150,0.8695652173913043,13,10,3,347.89666969872474,0.8576758274231678,0.32561492141253345,0.19794956850801995,130209.42382812499,-540.1150173611129,129669.30881076388,2441,1,425.7916666666667,39,9,21,35.966949037218484,0.6169871794871795,44.84375,1020.6249999999999,26.169871794871792,0
2796,4,0,1,47,0.0,0.020833333333333332,0.9791666666666666,48,1000,800,200,0.8,12,8,4,345.00617602546833,0.8571402186761229,0.32143760245544284,0.19684919547912844,130317.12420784937,-607.9466105883371,129709.17759726103,2442,2,426.7916666666667,38,10,21,35.93155976422168,0.6197916666666666,44.738247863247864,1021.0470085470085,26.86965811965812,0
2797,4,1,1,47,0.020833333333333332,0.020833333333333332,0.9791666666666666,48,2150,1500,650,0.6976744186046512,28,15,13,344.38423205784306,0.8622931442080378,0.3241761739839051,0.19852143312459472,130714.91021050364,-596.7692057291492,130118.1410047745,2443,0,416.2291666666667,39,9,20,35.54473956741707,0.6220619658119657,44.34895833333334,1022.604166666668,26.22061965811969,0
2798,4,0,1,46,0.0,0.02127659574468085,0.9787234042553191,47,1250,700,550,0.56,18,7,11,350.55211156023137,0.8587341967314215,0.3245842382907591,0.20199483803389365,130699.20562358461,-236.62349788151232,130462.58212570309,2444,1,425.531914893617,38,9,20,35.40295336607113,0.6236293859649122,44.36431623931624,1022.5427350427349,26.909019343229865,0
2799,4,0,0,46,0.0,0.0,1.0,46,1000,800,200,0.8,12,8,4,350.6089547672692,0.8581521739130435,0.3265345131423132,0.20208770779725296,130710.70545744845,-34.33123653431949,130676.37422091413,2445,2,433.0217391304348,37,9,20,35.38985988991348,0.6255630630630631,44.353070175438596,1022.5877192982457,27.637505926979614,0
2800,4,0,0,46,0.0,0.0,1.0,46,1350,900,450,0.6666666666666666,18,9,9,349.0956222437439,0.8570450885668277,0.3248244793416948,0.2015827193824851,130781.15297866901,-68.97440463145637,130712.17857403755,2446,3,434.0217391304348,38,8,20,35.35726098461109,0.6244517543859649,44.284188034188034,1022.8632478632479,26.917453891138102,0
2801,4,0,0,46,0.0,0.0,1.0,46,1050,600,450,0.5714285714285714,15,6,9,351.1243775945695,0.855817230273752,0.32658273795295334,0.20310622124463285,130848.09570312526,-11.20876736108238,130836.88693576418,2447,4,435.0217391304348,39,7,20,35.2376467793389,0.6233974358974358,44.218750000000014,1023.125000000002,26.23397435897441,0
2802,4,1,2,45,0.02127659574468085,0.0425531914893617,0.9574468085106383,47,1250,800,450,0.64,17,8,9,343.6403612370873,0.857732038236201,0.32240374873353583,0.2004568773883012,131171.9214753125,-384.80670401213933,130787.11477130036,2448,0,426.74468085106383,40,7,20,35.10189318783069,0.6249999999999998,43.902439024390254,1024.3902439024405,25.60975609756101,0
2803,4,0,0,45,0.0,0.0,1.0,45,800,300,500,0.375,13,3,10,350.64130148791844,0.8561026936026936,0.31977481602061886,0.203811552473374,131034.66932508703,189.23339843752086,131223.90272352454,2449,6,439.44444444444446,39,6,20,35.06131939498761,0.6252670940170939,44.03645833333334,1023.8541666666684,26.252670940170987,0
2804,4,0,0,45,0.0,0.0,1.0,45,1300,800,500,0.6153846153846154,18,8,10,350.4054538349218,0.8554292929292929,0.3148343951922641,0.20466674845132388,131221.37586805565,196.1371527777889,131417.51302083343,2450,7,440.44444444444446,39,6,20,34.87867696895758,0.6271367521367521,43.85416666666667,1024.5833333333342,26.271367521367544,0
2805,4,0,0,45,0.0,0.0,1.0,45,1300,1000,300,0.7692307692307693,16,10,6,349.99008526670616,0.8543350168350169,0.31906052393857265,0.20499419279907088,131328.12500000015,192.70833333334878,131520.8333333335,2451,8,441.44444444444446,39,6,20,34.78150406504065,0.6282051282051282,43.75000000000001,1025.0000000000011,26.28205128205131,0
2806,4,0,0,45,0.0,0.0,1.0,45,1250,800,450,0.64,17,8,9,352.69289112956784,0.8543771043771045,0.314933606717438,0.20688892273476717,131385.84530476423,267.7707268078938,131653.6160315721,2452,9,442.44444444444446,36,9,20,34.65395247510253,0.6342592592592593,43.693693693693696,1025.2252252252254,28.478478478478483,0
2807,4,1,1,45,0.021739130434782608,0.021739130434782608,0.9782608695652174,46,1250,1100,150,0.88,14,11,3,342.2135387578944,0.8595209339774558,0.29914102488674477,0.20231664411366712,131684.26890432098,-187.17206790123183,131497.09683641975,2453,0,433.80434782608694,38,8,18,34.62167343256653,0.6334978070175439,43.40277777777778,1026.388888888889,27.010233918128655,0
2808,4,0,1,44,0.0,0.022222222222222223,0.9777777777777777,45,1100,800,300,0.7272727272727273,14,8,6,337.82454278243057,0.8548400673400673,0.24888340586911584,0.18326934342692133,128329.16802300338,-303.40983072917743,128025.75819227421,2454,11,444.44444444444446,39,6,17,38.13536633425859,0.5980235042735043,46.69270833333333,1013.2291666666658,25.98023504273502,7
2809,4,2,1,45,0.043478260869565216,0.021739130434782608,0.9782608695652174,46,750,600,150,0.8,9,6,3,328.6901440954376,0.8607487922705315,0.2469000233639893,0.18077074824378309,128873.80248685124,-728.0902580939791,128145.71222875727,2455,0,417.9782608695652,41,5,16,37.8121437876567,0.6003556910569106,46.15575396825397,1015.3769841269843,24.765292295780107,0
2810,4,1,0,46,0.021739130434782608,0.0,1.0,46,1250,800,450,0.64,17,8,9,325.6471213683494,0.8656803542673108,0.2313514545801767,0.18024066766173635,129125.75511975626,-790.1139101473925,128335.64120960886,2456,0,412.69565217391306,41,5,17,37.63329673011224,0.6028963414634146,45.907738095238095,1016.3690476190478,24.78948896631824,0
2811,4,0,0,46,0.0,0.0,1.0,46,950,600,350,0.631578947368421,13,6,7,322.62810994520436,0.8659219001610307,0.22909111730350817,0.17925532547687184,129277.04480229573,-858.3182752267767,128418.72652706895,2457,1,413.69565217391306,41,5,17,37.55639693688419,0.6044207317073171,45.75892857142856,1016.9642857142842,24.804006968641076,0
2812,4,1,1,46,0.02127659574468085,0.02127659574468085,0.9787234042553191,47,650,200,450,0.3076923076923077,11,2,9,317.02026334774325,0.8711840888066604,0.22569068941354664,0.17734903550220402,129546.4186722553,-1186.2320473529205,128360.18662490237,2458,0,405.8723404255319,42,5,15,37.42583603020497,0.6056547619047619,45.49418604651163,1018.0232558139537,24.23864894795128,0
2813,4,1,1,46,0.02127659574468085,0.02127659574468085,0.9787234042553191,47,1350,1100,250,0.8148148148148148,16,11,5,333.68354490139245,0.8669827320382362,0.1986574126749341,0.1806647433530703,128250.02170138898,-835.0932232513019,127414.92847813768,2459,0,406.8510638297872,39,8,16,38.320992732757425,0.5972222222222222,46.770833333333336,1012.9166666666674,25.972222222222243,3
2814,4,3,2,47,0.061224489795918366,0.04081632653061224,0.9591836734693877,49,1350,900,450,0.6666666666666666,18,9,9,320.41393387254647,0.8708545918367347,0.19259306537313914,0.17588387185535895,128798.26467624068,-1546.24826782567,127252.01640841502,2460,0,391.1224489795918,41,8,14,38.09901941621057,0.5995934959349594,46.23015873015872,1015.0793650793636,24.758033294618624,0
2815,4,2,2,47,0.04081632653061224,0.04081632653061224,0.9591836734693877,49,1350,1000,350,0.7407407407407407,17,10,7,338.1634820826473,0.8715277777777778,0.2399376700510305,0.1877726859999428,129253.05394441138,-1057.6375600860595,128195.41638432532,2461,0,392.0816326530612,40,9,18,37.18581351189287,0.6057291666666667,45.78252032520325,1016.8699186991869,25.42174796747967,0
2816,4,1,0,48,0.020833333333333332,0.0,1.0,48,1350,800,550,0.5925925925925926,19,8,11,343.5577637051837,0.8666703605200945,0.24977818727818724,0.1915452189424792,129413.28125000003,-707.8124999999984,128705.46875000003,2462,0,400.5625,39,9,19,36.88574938574939,0.608974358974359,45.625,1017.5000000000002,26.089743589743595,0
2817,4,0,2,46,0.0,0.041666666666666664,0.9583333333333334,48,1200,800,400,0.6666666666666666,16,8,8,343.13414202389987,0.8667072990543735,0.24446547960158238,0.19182533385912776,129519.2925347223,-711.5017361111055,128807.7907986112,2463,1,401.5625,39,9,15,36.78878428162096,0.6100427350427351,45.520833333333336,1017.9166666666673,26.100427350427367,0
2818,4,2,1,47,0.041666666666666664,0.020833333333333332,0.9791666666666666,48,1350,900,450,0.6666666666666666,18,9,9,345.9071817327425,0.8724697104018913,0.26322275002553885,0.1956144079712199,129970.32470703125,-608.4662543402787,129361.85845269097,2464,0,400.6666666666667,39,9,18,36.260194265672354,0.6145833333333334,45.078125,1019.6875,26.145833333333332,0
2819,4,0,0,47,0.0,0.0,1.0,47,1450,1100,350,0.7586206896551724,18,11,7,348.2858188380185,0.8717237126117792,0.24638614203258236,0.19788684448078017,130153.54624379062,-333.87311436189725,129819.67312942873,2465,1,391.36170212765956,38,9,19,36.0136809409137,0.6181469298245614,44.89850427350427,1020.4059829059828,26.852789023841652,0
2820,4,1,2,46,0.020833333333333332,0.041666666666666664,0.9583333333333334,48,1150,800,350,0.6956521739130435,15,8,7,343.5222171067862,0.8732084810874704,0.2309679173463839,0.196802915034075,130475.3472222224,-635.76388888887,129839.58333333352,2466,0,384.1875,39,9,19,35.80920337139751,0.6196581196581196,44.58333333333334,1021.666666666668,26.19658119658123,0
2821,4,0,0,46,0.0,0.0,1.0,46,1100,700,400,0.6363636363636364,15,7,8,365.8227907553654,0.8677536231884059,0.3117071376367919,0.19642475369727733,127916.59216226371,161.73872352083004,128078.33088578454,2467,3,401.17391304347825,36,10,18,37.84857508627408,0.5992476851851851,47.10022522522523,1011.5990990990999,28.099974974974998,8
2822,4,1,0,47,0.02127659574468085,0.0,1.0,47,1550,900,650,0.5806451612903226,22,9,13,361.45278751509215,0.8715695343817452,0.3266273084716267,0.19630136601377887,128372.67324334478,-119.66497747747115,128253.0082658673,2468,0,393.6170212765957,36,11,17,37.492360262251346,0.6038773148148149,46.64977477477478,1013.4009009009015,28.150025025025045,0
2823,4,0,0,47,0.0,0.0,1.0,47,1550,1200,350,0.7741935483870968,19,12,7,363.14700747049426,0.8704131976564908,0.33336011418093214,0.19792830843004403,128515.36502718925,-66.00595527961184,128449.35907190964,2469,1,394.6170212765957,36,11,17,37.30355952909819,0.6053240740740742,46.509009009009006,1013.9639639639631,28.165665665665642,0
2824,4,0,0,47,0.0,0.0,1.0,47,1250,1100,150,0.88,14,11,3,365.8830792601168,0.8695652173913043,0.34150258871546835,0.19999240157616097,128629.57552146744,12.677035143255182,128642.25255661069,2470,2,395.6170212765957,36,11,17,37.11746965660153,0.6064814814814815,46.3963963963964,1014.4144144144146,28.178178178178186,0
2825,4,0,0,47,0.0,0.0,1.0,47,1450,1100,350,0.7586206896551724,18,11,7,372.0638791512137,0.8694495837187789,0.32589090272305454,0.20091449474165507,128144.53124999975,212.21884891645584,128356.7500989162,2471,3,396.6170212765957,35,12,19,37.45713305898491,0.6035714285714286,46.874999999999986,1012.4999999999981,28.928571428571374,4
2826,4,4,3,48,0.0784313725490196,0.058823529411764705,0.9411764705882353,51,1500,700,800,0.4666666666666667,23,7,16,345.3275620591364,0.8806535947712419,0.32152234831326254,0.1908750852973632,129072.27143441381,-1285.5574352237716,127786.71399919003,2472,0,366.4313725490196,40,11,19,37.18767710104342,0.6039062500000001,45.96036585365852,1016.1585365853639,25.4039634146341,0
2827,4,2,1,49,0.04,0.02,0.98,50,1700,1200,500,0.7058823529411765,22,12,10,350.46679926162386,0.8783163265306122,0.3291461707658476,0.1940957323485467,129149.73416121326,-947.4612086060192,128202.27295260724,2473,0,374.72,40,10,20,36.97822935412917,0.6046875000000002,45.8841463414634,1016.4634146341439,25.411585365853597,0
2828,4,1,2,48,0.02,0.04,0.96,50,1700,1200,500,0.7058823529411765,22,12,10,351.9846305505627,0.8807993197278912,0.3259048419283692,0.19586473801706025,129337.19735051837,-895.0382191321714,128442.1591313862,2474,0,375.7,38,12,21,36.7488096488464,0.6099232456140353,45.69978632478631,1017.2008547008523,26.768443544759272,0
2829,4,2,2,48,0.04,0.04,0.96,50,1150,1000,150,0.8695652173913043,13,10,3,344.9872776865669,0.8824319727891157,0.31364705882352983,0.1932521856381769,129598.8294813366,-1058.0105251736336,128540.81895616296,2475,0,370.46,39,11,15,36.660805626598474,0.6108440170940173,45.44270833333332,1018.2291666666649,26.108440170940128,0
2830,4,2,3,47,0.04,0.06,0.94,50,1700,1400,300,0.8235294117647058,20,14,6,346.22638747747,0.8859353741496598,0.3166053169734153,0.19460310744423273,129731.44531249972,-1016.7100694444727,128714.73524305526,2476,0,371.42,39,11,15,36.494546693933195,0.6121794871794874,45.312499999999986,1018.7499999999978,26.121794871794815,0
2831,4,2,0,49,0.04081632653061224,0.0,1.0,49,1300,1000,300,0.7692307692307693,16,10,6,356.7558026888564,0.8787910997732427,0.33026849333355646,0.20106559755229084,129837.58680555545,-535.9375000000084,129301.64930555543,2477,0,379.8979591836735,39,10,17,36.11849277732352,0.6132478632478633,45.20833333333333,1019.1666666666657,26.13247863247861,0
2832,4,0,0,49,0.0,0.0,1.0,49,1300,800,500,0.6153846153846154,18,8,10,355.10651725865034,0.878968253968254,0.32107620326430597,0.20068028815979605,129943.77170138882,-571.2239583333367,129372.54774305547,2478,1,380.8979591836735,39,10,18,36.05264950279255,0.6143162393162394,45.104166666666664,1019.5833333333327,26.143162393162378,0
2833,4,0,0,49,0.0,0.0,1.0,49,1550,1100,450,0.7096774193548387,20,11,9,354.58551292865604,0.8787910997732427,0.32075605972188614,0.2009584863503625,130055.18297846847,-576.8632469099126,129478.31973155856,2479,2,381.8979591836735,40,9,18,35.95280794394075,0.6138020833333333,44.99491869918699,1020.0203252032518,25.500508130081293,0
2834,4,0,0,49,0.0,0.0,1.0,49,1700,1200,500,0.7058823529411765,22,12,10,339.4440664747926,0.8791454081632654,0.25473268724021203,0.18600087834364706,128728.04763244434,-1048.2417823609007,127679.80585008344,2480,3,382.8979591836735,37,12,16,37.687623806951194,0.6055743243243243,46.29934210526314,1014.8026315789454,27.427098150782307,5
2835,4,1,1,49,0.02,0.02,0.98,50,1550,1100,450,0.7096774193548387,20,11,9,333.34991889659574,0.8806632653061224,0.2481009463722399,0.1840974290770396,129038.5129026955,-1397.004437869836,127641.50846482566,2481,0,376.22,38,12,16,37.52628811777076,0.6069078947368423,45.99358974358974,1016.0256410256402,26.737516869095796,0
2836,4,0,0,49,0.0,0.0,1.0,49,750,300,450,0.4,12,3,9,343.63184036269996,0.8782950680272109,0.2537302578951892,0.1890893923707048,128895.01006319237,-941.5140956833052,127953.49596750906,2482,5,384.8979591836735,37,12,16,37.41125418421337,0.6072635135135136,46.13486842105262,1015.4605263157882,27.4448790896159,0
2837,4,0,0,49,0.0,0.0,1.0,49,1250,1000,250,0.8,15,10,5,343.1042203624278,0.8782950680272109,0.24894096439837754,0.18948438650677632,129038.5129026956,-945.2683267587103,128093.24457593689,2483,6,385.8979591836735,38,11,16,37.27852260778128,0.6069078947368421,45.993589743589745,1016.0256410256411,26.737516869095817,0
2838,4,2,0,51,0.0392156862745098,0.0,1.0,51,1600,1100,500,0.6875,21,11,10,335.0401854157021,0.8822222222222224,0.2705487481336146,0.1881197366168023,129690.63321827745,-1509.4797830374764,128181.15343523998,2484,0,371.72549019607845,38,13,16,36.8208516886931,0.6134868421052632,45.3525641025641,1018.5897435897435,26.804993252361673,0
2839,4,1,2,50,0.019230769230769232,0.038461538461538464,0.9615384615384616,52,1600,1200,400,0.75,20,12,8,327.7175340763209,0.8862022373051784,0.2636902329382922,0.18520203369162982,129943.77170138883,-1883.029513888895,128060.74218749994,2485,0,365.5576923076923,39,13,16,36.750783272033786,0.6143162393162394,45.104166666666664,1019.5833333333328,26.14316239316238,0
2840,4,0,0,50,0.0,0.0,1.0,50,1050,700,350,0.6666666666666666,14,7,7,338.86507010507216,0.8858843537414965,0.2707080667156192,0.19013541573346998,129663.42872242317,-1212.3186271824063,128451.11009524076,2486,2,372.86,38,12,16,36.751066470855626,0.6132127192982456,45.379273504273506,1018.4829059829063,26.80218173639227,0
2841,4,0,0,50,0.0,0.0,1.0,50,1050,500,550,0.47619047619047616,16,5,11,337.5693805319015,0.8863945578231293,0.273010380622837,0.1899350549930825,129772.26382725194,-1238.5714579224043,128533.69236932954,2487,3,373.86,38,12,17,36.673613295585625,0.6143092105263157,45.272435897435905,1018.9102564102575,26.813427800269935,0
2842,4,1,1,50,0.0196078431372549,0.0196078431372549,0.9803921568627451,51,1650,1300,350,0.7878787878787878,20,13,7,334.1276244102961,0.8865032679738563,0.28412336755871337,0.19012145790099738,130210.72035701304,-1498.600266871571,128712.12009014147,2488,0,367.5098039215686,40,11,19,36.31696206312854,0.6153645833333332,44.84247967479675,1020.6300813008131,25.51575203252033,0
2843,4,2,2,50,0.038461538461538464,0.038461538461538464,0.9615384615384616,52,1500,900,600,0.6,21,9,12,321.83427310258236,0.8917483660130718,0.2680762566350168,0.18475810727966283,130555.17713758688,-1996.5532375348012,128558.62390005209,2489,0,360.88461538461536,39,13,16,36.28251027757958,0.6204594017094017,44.505208333333336,1021.9791666666673,26.204594017094035,0
2844,4,1,1,50,0.0196078431372549,0.0196078431372549,0.9803921568627451,51,1850,1400,450,0.7567567567567568,23,14,9,329.33367648658333,0.8873856209150328,0.2668376908538017,0.18945373394134413,130635.03146701396,-1595.496961805551,129039.53450520842,2490,0,368.94117647058823,39,12,17,36.01020650771007,0.6212606837606838,44.427083333333336,1022.2916666666673,26.212606837606852,0
2845,4,1,1,50,0.0196078431372549,0.0196078431372549,0.9803921568627451,51,1150,1000,150,0.8695652173913043,13,10,3,326.81961664336876,0.8869281045751635,0.2759474461882512,0.18878639031987554,130794.81336805572,-1650.7378472222022,129144.07552083352,2491,0,369.921568627451,39,12,18,35.913102511880524,0.6228632478632479,44.27083333333334,1022.916666666668,26.228632478632512,0
2846,4,1,1,50,0.0196078431372549,0.0196078431372549,0.9803921568627451,51,1600,1100,500,0.6875,21,11,10,323.469003688278,0.8893137254901962,0.2659257789243892,0.18843471787112548,131119.8742894443,-1717.3569799722245,129402.51730947208,2492,0,369.2549019607843,40,11,19,35.670933386253864,0.6244791666666667,43.95325203252033,1024.1869918699201,25.604674796748004,0
2847,4,0,0,50,0.0,0.0,1.0,50,1050,800,250,0.7619047619047619,13,8,5,329.62726084419205,0.8873469387755102,0.26560032560032565,0.19146434512864777,131008.00781249999,-1363.237847222222,129644.76996527777,2493,1,377.48,39,11,19,35.62610229276895,0.625,44.0625,1023.7499999999999,26.249999999999996,0
2848,4,0,1,49,0.0,0.02,0.98,50,1750,1300,450,0.7428571428571429,22,13,9,330.2290959288241,0.8860034013605442,0.26777551850345604,0.1928820301399001,131221.3758680558,-1333.3767361110863,129887.99913194471,2494,2,378.48,39,11,20,35.395485969906474,0.6271367521367521,43.85416666666668,1024.5833333333353,26.271367521367573,0
2849,4,0,1,48,0.0,0.02040816326530612,0.9795918367346939,49,1100,700,400,0.6363636363636364,15,7,8,334.4570031066165,0.8871173469387755,0.2644765223162435,0.19589624467673245,131328.125,-1015.1909722222235,130312.93402777778,2495,3,384.38775510204084,36,13,20,35.179539295392956,0.6336805555555556,43.75,1025.0,28.47222222222222,0
2850,4,0,0,48,0.0,0.0,1.0,48,900,700,200,0.7777777777777778,11,7,4,331.0602481116267,0.8870419621749409,0.2594332477992798,0.19462014460012844,131468.65051025304,-895.1911886349834,130573.45932161805,2496,4,391.4166666666667,37,11,20,35.12498218040556,0.6331644144144144,43.61293859649122,1025.5482456140342,27.717520151730653,0
2851,4,0,0,48,0.0,0.0,1.0,48,1600,1200,400,0.75,20,12,8,329.67399915452427,0.8868203309692672,0.26227353186172464,0.19448335920639132,131602.03904594926,-922.8458981664114,130679.19314778285,2497,5,392.4166666666667,38,10,15,35.02620435929475,0.6326754385964912,43.48290598290598,1026.0683760683758,27.001799370220414,0
2852,4,0,0,48,0.0,0.0,1.0,48,1200,900,300,0.75,15,9,6,328.44734910849354,0.8857675827423168,0.25470262254136733,0.19445782979565715,131739.10307774495,-946.1281640368104,130792.97491370814,2498,6,393.4166666666667,38,10,15,34.919736705172234,0.634046052631579,43.34935897435898,1026.6025641025647,27.01585695006749,0
2853,4,1,0,49,0.02040816326530612,0.0,1.0,49,1300,800,500,0.6153846153846154,18,8,10,323.60847828548,0.8866213151927438,0.2602516482880137,0.19330317577004366,132076.58420138905,-1251.7795138888698,130824.80468750017,2499,0,386.3673469387755,39,10,16,34.70476962572626,0.6356837606837606,43.02083333333334,1027.916666666668,26.356837606837644,0
2854,4,0,0,49,0.0,0.0,1.0,49,1600,1300,300,0.8125,19,13,6,326.2788263987696,0.8856646825396826,0.26679012702913796,0.19572765078137644,132237.24500868074,-1170.7573784722017,131066.48763020853,2500,1,387.3673469387755,39,10,17,34.474799135777474,0.6372863247863247,42.86458333333334,1028.5416666666683,26.37286324786329,0
2855,4,0,1,48,0.0,0.02040816326530612,0.9795918367346939,49,1150,700,450,0.6086956521739131,16,7,9,327.42827586987505,0.8845663265306123,0.26384308279812574,0.19669596426343616,132290.82031250023,-1136.8489583333026,131153.97135416692,2501,2,388.3673469387755,39,10,18,34.39145402997168,0.6378205128205128,42.812500000000014,1028.7500000000018,26.378205128205174,0
2856,4,0,0,48,0.0,0.0,1.0,48,1150,700,450,0.6086956521739131,16,7,9,332.791509455506,0.8827016843971631,0.26686837731144863,0.19946768804599635,132205.65440317048,-800.6161425231867,131405.0382606473,2502,3,397.25,38,10,19,34.33907299674494,0.6387061403508771,42.89529914529915,1028.4188034188037,27.063652721547466,0
2857,4,0,0,48,0.0,0.0,1.0,48,700,400,300,0.5714285714285714,10,4,6,335.85854174551895,0.8813349586288416,0.27219626168224376,0.20189249419534003,132315.55103550295,-712.1383957922376,131603.4126397107,2503,4,398.25,38,10,20,34.14979231568017,0.6398026315789473,42.78846153846154,1028.8461538461538,27.074898785425102,0
2858,4,0,0,48,0.0,0.0,1.0,48,1500,1100,400,0.7333333333333333,19,11,8,336.24615098862586,0.878232121749409,0.26590892958546264,0.20348091817559152,132567.32840874136,-684.9235330260751,131882.4048757153,2504,5,399.25,37,11,20,33.8869960249858,0.644144144144144,42.543859649122815,1029.8245614035104,27.83309625414893,0
2859,4,0,0,48,0.0,0.0,1.0,48,1350,1000,350,0.7407407407407407,17,10,7,339.0254060807999,0.8783798758865248,0.29022108843537464,0.19316563834836242,130262.58680555524,-688.7364381348464,129573.8503674204,2505,6,400.25,38,10,21,36.139455782312915,0.6192434210526316,44.79166666666665,1020.8333333333309,26.864035087719234,6
2860,4,2,2,48,0.04,0.04,0.96,50,1150,600,550,0.5217391304347826,17,6,11,324.8387781512278,0.8849149659863945,0.29161136499105944,0.18770534677785625,130807.80805902553,-1501.710291493174,129306.09776753235,2506,0,385.2,40,10,20,35.95064242665078,0.6213541666666667,44.258130081300806,1022.9674796747953,25.574186991869883,0
2861,4,0,0,48,0.0,0.0,1.0,48,950,500,450,0.5263157894736842,14,5,9,329.93057468765886,0.8792664007092198,0.2976574920508748,0.19039112979682338,130755.83316808782,-971.9305638178245,129783.90260427,2507,1,400.6458333333333,40,8,20,35.872913354531,0.6208333333333333,44.3089430894309,1022.7642276422768,25.56910569105692,0
2862,4,0,0,48,0.0,0.0,1.0,48,1350,900,450,0.6666666666666666,18,9,9,332.65313547653454,0.8789893617021276,0.2993891537544695,0.19247998666538818,130859.79327781104,-893.8158916649934,129965.97738614604,2508,2,401.6458333333333,40,8,20,35.698293272414254,0.6218749999999998,44.20731707317074,1023.1707317073187,25.57926829268297,0
2863,4,0,0,48,0.0,0.0,1.0,48,1300,500,800,0.38461538461538464,21,5,16,334.7869694484502,0.8771978427895981,0.2996438498957601,0.19436940306940909,130989.80150910544,-829.2642648224855,130160.53724428295,2509,3,402.6458333333333,40,8,20,35.51242595717926,0.6231770833333332,44.08028455284555,1023.6788617886211,25.591971544715527,0
2864,4,0,0,48,0.0,0.0,1.0,48,1500,900,600,0.6,21,9,12,337.5259982763571,0.875,0.30603107344632763,0.19677899108997132,131150.2338927471,-746.6772762345456,130403.55661651256,2510,4,403.6458333333333,41,7,20,35.28036723163842,0.623221544715447,43.92361111111112,1024.3055555555572,24.983062330623348,0
2865,4,2,0,50,0.04,0.0,1.0,50,1250,800,450,0.64,17,8,9,318.63597247676717,0.8800850340136054,0.2821518026565466,0.1821270688668722,130386.26359593766,-1690.7286570276626,128695.53493891,2511,0,388.46,42,8,17,36.53482764073371,0.6140873015873016,44.67054263565891,1021.3178294573637,24.31709117755628,4
2866,4,0,1,49,0.0,0.02,0.98,50,1350,1000,350,0.7407407407407407,17,10,7,322.03172701787685,0.8805272108843537,0.28862399241346615,0.184656039228032,130509.99907044339,-1594.3279212487291,128915.67114919466,2512,1,389.46,42,8,15,36.32309941520468,0.6153273809523809,44.54941860465116,1021.8023255813946,24.328626799557014,0
2867,4,0,0,49,0.0,0.0,1.0,49,1500,1200,300,0.8,18,12,6,319.4324378112913,0.8790036848072562,0.2822577812938414,0.18378601072821618,130640.94757373117,-1453.8087277091847,129187.13884602199,2513,2,388.0,44,5,15,36.25728345862392,0.6138731060606061,44.4212962962963,1022.3148148148151,23.234427609427616,0
2868,4,0,1,48,0.0,0.02040816326530612,0.9795918367346939,49,1950,1700,250,0.8717948717948718,22,17,5,321.65543588788495,0.8790391156462585,0.2813174876178415,0.1857463460665689,130782.97432270224,-1386.589077503434,129396.3852451988,2514,3,389.0,44,5,15,36.057112036450334,0.6152935606060606,44.282407407407405,1022.8703703703696,23.247053872053854,0
2869,4,1,0,49,0.02040816326530612,0.0,1.0,49,1500,700,800,0.4666666666666667,23,7,16,321.33210598772445,0.8797831632653061,0.2764328154408233,0.18704911011706488,131090.963648834,-1375.2529149519899,129715.71073388202,2515,0,389.1224489795918,44,5,16,35.754784508740194,0.6183712121212122,43.98148148148148,1024.074074074074,23.27441077441077,0
2870,4,0,0,49,0.0,0.0,1.0,49,1300,800,500,0.6153846153846154,18,8,10,320.3526620907286,0.8779761904761905,0.27099872206947295,0.18728700007174284,131256.95408950612,-1390.2970679012374,129866.65702160489,2516,1,390.1224489795918,44,5,18,35.61263214963405,0.6200284090909091,43.81944444444444,1024.722222222222,23.289141414141408,0
2871,4,0,0,49,0.0,0.0,1.0,49,1550,800,750,0.5161290322580645,23,8,15,324.1645809524488,0.8759566326530612,0.2783046255080315,0.19012013504895636,131378.97317491833,-1282.2601725875325,130096.7130023308,2517,2,391.1224489795918,41,8,20,35.39207147925941,0.6255081300813007,43.70039682539684,1025.1984126984146,25.004839334107672,0
2872,4,0,0,49,0.0,0.0,1.0,49,1200,700,500,0.5833333333333334,17,7,10,324.5287015167454,0.8743622448979592,0.27805801627993665,0.19071365477990926,131455.26389085758,-1267.798780391758,130187.46511046581,2518,3,392.1224489795918,41,8,21,35.3059196736642,0.6262703252032519,43.62599206349208,1025.496031746034,25.012098335269123,0
2873,4,0,0,49,0.0,0.0,1.0,49,1550,1200,350,0.7741935483870968,19,12,7,324.6438446027692,0.8739016439909297,0.2806862447164127,0.19141771042655897,131582.46429358807,-1256.5125818845784,130325.95171170348,2519,4,393.1224489795918,41,8,14,35.17493392638432,0.6275406504065039,43.50198412698414,1025.9920634920657,25.02419667053819,0
2874,4,0,1,48,0.0,0.02040816326530612,0.9795918367346939,49,1100,700,400,0.6363636363636364,15,7,8,335.34058908301296,0.875141723356009,0.2549410417252578,0.18718509805336053,129459.81744497312,-1087.9070633144697,128371.91038165864,2520,5,394.1224489795918,40,9,14,37.04750848811663,0.6078125000000001,45.57926829268292,1017.6829268292673,25.442073170731682,6
2875,4,1,1,48,0.02040816326530612,0.02040816326530612,0.9795918367346939,49,1400,1000,400,0.7142857142857143,18,10,8,378.0848255885042,0.875921201814059,0.31077400159242297,0.20688461804674363,128672.41753472242,-32.25069093295343,128640.16684378947,2521,0,395.0,39,10,16,36.76420260095826,0.6014957264957264,46.35416666666668,1014.583333333335,26.014957264957307,4
2876,4,0,0,48,0.0,0.0,1.0,48,1550,1200,350,0.7741935483870968,19,12,7,383.35709589198876,0.8734485815602837,0.32184066898318764,0.2098410570424332,128685.96734832712,266.53574494119425,128952.50309326831,2522,1,403.625,38,10,16,36.616606998701336,0.6033442982456141,46.340811965811966,1014.6367521367521,26.700967161493477,0
2877,4,3,2,49,0.058823529411764705,0.0392156862745098,0.9607843137254902,51,1100,700,400,0.6363636363636364,15,7,8,364.1060361227505,0.8873529411764707,0.31640471491442335,0.20235332998304997,129287.27027280674,-779.9942087190693,128507.27606408767,2523,0,380.8235294117647,36,15,18,36.49143690252095,0.613136574074074,45.74887387387388,1017.0045045045057,28.25012512512516,0
2878,4,1,0,50,0.02,0.0,1.0,50,1200,700,500,0.5833333333333334,17,7,10,379.52526669495103,0.877517006802721,0.35032643576408073,0.2118449558444891,129459.11864144576,-173.39869430237786,129285.71994714339,2524,0,389.42,36,14,14,35.92407141012874,0.6148726851851851,45.57995495495497,1017.6801801801823,28.268893893893953,0
2879,4,1,2,49,0.0196078431372549,0.0392156862745098,0.9607843137254902,51,1200,900,300,0.75,15,9,6,369.0943229879893,0.8808496732026144,0.33928974581331484,0.20775248597985385,129787.30384589494,-619.248590912584,129168.05525498236,2525,0,382.7647058823529,37,14,14,35.8552808565587,0.6162725225225224,45.25767543859649,1018.9692982456145,27.539710763394986,0
2880,4,1,2,48,0.02,0.04,0.96,50,1250,800,450,0.64,17,8,9,376.10541206306317,0.8794047619047619,0.33225906277630424,0.2116294632056341,129774.47041636237,-238.2238657576405,129536.24655060473,2526,0,391.36,36,14,14,35.689747273799,0.6180555555555556,45.270270270270274,1018.9189189189193,28.303303303303313,0
2881,4,0,0,48,0.0,0.0,1.0,48,1250,1000,250,0.8,15,10,5,389.02550904237035,0.875461731678487,0.34183380111488004,0.21756423334344707,129534.44054705203,478.44033446710307,130012.88088151913,2527,3,407.2708333333333,34,14,14,35.60548473862706,0.6197916666666667,45.50595238095237,1017.9761904761895,29.94047619047616,0
2882,4,0,0,48,0.0,0.0,1.0,48,1150,700,450,0.6086956521739131,16,7,9,386.84948801392056,0.8748891843971631,0.33363773621663806,0.21701622098092374,129655.65653344654,431.444869614494,130087.10140306104,2528,4,408.2708333333333,34,14,15,35.5372102084551,0.6210171568627452,45.38690476190475,1018.4523809523796,29.954481792717047,0
2883,4,0,0,48,0.0,0.0,1.0,48,1150,600,550,0.5217391304347826,17,6,11,385.5537190082648,0.874501329787234,0.3324053030303036,0.216382189239332,129672.49657064454,399.1426611796774,130071.63923182421,2529,5,409.2708333333333,35,13,15,35.55303030303031,0.6190476190476191,45.37037037037036,1018.518518518517,29.10052910052906,0
2884,4,2,1,49,0.04,0.02,0.98,50,1200,900,300,0.75,15,9,6,370.59400783969744,0.8793707482993197,0.3261905759162307,0.21041455260815153,130126.2932372707,-355.1950927752325,129771.09814449547,2530,0,393.86,38,12,17,35.47229493891797,0.6178728070175439,44.92521367521367,1020.2991452991446,26.849977507872225,0
2885,4,0,1,48,0.0,0.02040816326530612,0.9795918367346939,49,1600,1200,400,0.75,20,12,8,373.1585902044684,0.8771967120181406,0.3240834745846337,0.2121555894339026,130178.65022170273,-84.54368170976832,130094.10653999296,2531,1,402.8979591836735,37,12,18,35.353654059668344,0.620213963963964,44.873903508771924,1020.5043859649114,27.58119962067328,0
2886,4,1,1,48,0.02040816326530612,0.02040816326530612,0.9795918367346939,49,1200,900,300,0.75,15,9,6,363.3044148713425,0.8773738662131519,0.30044311302502624,0.2084220064261911,130528.56445312491,-315.6251502866412,130212.93930283828,2532,0,382.46938775510205,35,14,15,35.249957526333674,0.6276785714285715,44.53124999999999,1021.8749999999993,29.19642857142855,0
2887,4,0,0,48,0.0,0.0,1.0,48,1550,900,650,0.5806451612903226,22,9,13,370.32464080969044,0.8742427600472813,0.30932100562997444,0.212657996077003,130566.58340419506,70.40462018140849,130636.98802437646,2533,3,391.4375,34,14,15,35.03203261502621,0.6302083333333333,44.49404761904762,1022.0238095238099,30.05952380952382,0
2888,4,0,0,48,0.0,0.0,1.0,48,1950,1600,350,0.8205128205128205,23,16,7,388.9959950871689,0.8738179669030732,0.351348905985027,0.21694939269256014,129426.12879106724,484.21868135071503,129910.34747241795,2534,4,392.4375,32,16,16,35.716796955784424,0.6233723958333334,45.61237373737374,1017.5505050505051,31.798453282828284,3
2889,4,0,0,48,0.0,0.0,1.0,48,1450,1100,350,0.7586206896551724,18,11,7,387.7857053280199,0.8733931737588653,0.3584496870486278,0.21709728031436581,129575.43372741248,449.5001922337477,130024.93391964624,2535,5,393.4375,33,15,16,35.595209436687526,0.6224747474747474,45.4656862745098,1018.1372549019604,30.852644087938195,0
2890,4,0,0,48,0.0,0.0,1.0,48,1400,1200,200,0.8571428571428571,16,12,4,389.6207206714832,0.8737256205673759,0.3556705165222973,0.21881942096090296,129700.2354863512,506.77984429062934,130207.01533064184,2536,6,394.4375,33,15,17,35.42117821623355,0.6237373737373739,45.34313725490195,1018.6274509803904,30.867498514557287,0
2891,4,0,0,48,0.0,0.0,1.0,48,1400,1000,400,0.7142857142857143,18,10,8,384.52010819356724,0.8729683806146572,0.34890417494255543,0.21637788336809594,129776.92920918352,380.3677721088197,130157.29698129234,2537,7,395.4375,34,14,17,35.472894029676354,0.6222426470588236,45.26785714285713,1018.9285714285702,29.968487394957947,0
2892,4,1,1,48,0.02040816326530612,0.02040816326530612,0.9795918367346939,49,1650,1400,250,0.8484848484848485,19,14,5,377.3652945291549,0.8761692176870749,0.34762845941279674,0.21468433336503764,130203.51750042847,26.857746056214012,130230.37524648468,2538,0,388.3469387755102,35,14,19,35.22104407651016,0.6244047619047619,44.849537037037024,1020.6018518518501,29.160052910052862,0
2893,4,1,2,47,0.02040816326530612,0.04081632653061224,0.9591836734693877,49,1400,1000,400,0.7142857142857143,18,10,8,370.98947826880374,0.8794288548752834,0.33556392854171335,0.21303977732024623,130566.58340419496,-112.22087278842724,130454.36253140653,2539,0,387.1224489795918,34,15,16,35.015045622209286,0.6302083333333334,44.49404761904761,1022.0238095238091,30.059523809523796,0
2894,4,1,1,47,0.020833333333333332,0.020833333333333332,0.9791666666666666,48,1250,1000,250,0.8,15,10,5,375.61946383825523,0.8757387706855791,0.33704091932603486,0.21586805331427414,130597.0025510203,210.95521541948796,130807.95776643978,2540,0,395.3333333333333,34,14,16,34.86586691513316,0.630514705882353,44.46428571428571,1022.1428571428563,30.06302521008401,0
2895,4,1,0,48,0.020833333333333332,0.0,1.0,48,1150,800,350,0.6956521739130435,15,8,7,377.3454910360686,0.87819518321513,0.34277393008186907,0.21771491695707598,130749.15143140574,267.52054988660444,131016.67198129234,2541,0,396.3125,34,14,17,34.66733597175339,0.632046568627451,44.31547619047618,1022.7380952380939,30.080532212885117,0
2896,4,0,1,47,0.0,0.020833333333333332,0.9791666666666666,48,1500,1000,500,0.6666666666666666,20,10,10,381.38114351388987,0.8767176418439716,0.3449795518858785,0.22143797792545175,130992.77388038553,391.6347789115727,131384.4086592971,2542,1,397.3125,34,14,18,34.3169748420359,0.6344975490196079,44.077380952380956,1023.6904761904766,30.10854341736696,0
2897,4,0,0,47,0.0,0.0,1.0,47,1600,1200,400,0.75,20,12,8,390.8604004658822,0.8732269503546098,0.35614484588857964,0.22706869161974835,131014.28086553255,841.6588571703298,131855.93972270287,2543,2,405.3829787234043,33,14,19,34.05254967680154,0.6369949494949494,44.05637254901961,1023.7745098039221,31.023469994058246,0
2898,4,0,0,47,0.0,0.0,1.0,47,1450,1100,350,0.7586206896551724,18,11,7,389.1682739148157,0.8711455442491519,0.34721288460017385,0.22757883844149024,131267.12018140606,816.9997165533036,132084.11989795938,2544,3,406.3829787234043,34,13,19,33.839403268277565,0.6372549019607842,43.80952380952382,1024.761904761906,30.140056022409,0
2899,4,1,0,48,0.020833333333333332,0.0,1.0,48,1300,800,500,0.6153846153846154,18,8,10,377.6155920779926,0.8740950059101654,0.34375,0.22294838381591073,131633.3616780046,341.3761337868562,131974.73781179148,2545,0,398.8958333333333,34,14,16,33.76474284609436,0.6409313725490196,43.452380952380956,1026.1904761904768,30.18207282913167,0
2900,4,0,0,48,0.0,0.0,1.0,48,1100,800,300,0.7272727272727273,14,8,6,378.52680166681,0.8738549054373522,0.3484013763241325,0.22384486172642226,131694.45153061222,369.9759070294709,132064.4274376417,2546,1,399.8958333333333,34,14,17,33.679589035799886,0.6415441176470589,43.39285714285714,1026.428571428571,30.18907563025209,0
2901,4,0,1,47,0.0,0.020833333333333332,0.9791666666666666,48,1000,700,300,0.7,13,7,6,381.9600924175594,0.8743351063829787,0.35165458937198113,0.2264196424124708,131786.11288265308,467.4071712018175,132253.52005385488,2547,2,400.8958333333333,34,14,17,33.4987922705314,0.6424632352941178,43.30357142857143,1026.7857142857144,30.199579831932777,0
2902,4,0,1,46,0.0,0.02127659574468085,0.9787234042553191,47,950,500,450,0.5263157894736842,14,5,9,384.41733839655166,0.8755010792476102,0.3465912313888362,0.22824283402250864,131847.2381660998,736.8728741496626,132584.11104024947,2548,3,402.51063829787233,34,13,17,33.373903635871876,0.6430759803921569,43.24404761904762,1027.0238095238096,30.206582633053223,0
2903,4,2,2,46,0.041666666666666664,0.041666666666666664,0.9583333333333334,48,1250,900,350,0.72,16,9,7,367.89951081839223,0.8808547576832151,0.32081143712137816,0.22078805071059115,132253.17166829002,131.17543218896154,132384.34710047898,2549,0,381.375,36,12,18,33.38853003430407,0.6429398148148149,42.84909909909911,1028.6036036036046,28.57232232232235,0
2904,4,0,0,46,0.0,0.0,1.0,46,1250,800,450,0.64,17,8,9,384.7914649973676,0.8742351046698873,0.3372033283636222,0.2293867352111377,132000.11337868468,958.5034013605298,132958.6167800452,2550,5,398.95652173913044,34,12,18,33.20976212542476,0.644607843137255,43.09523809523809,1027.6190476190466,30.224089635854313,0
2905,4,0,0,46,0.0,0.0,1.0,46,1350,1100,250,0.8148148148148148,16,11,5,386.69360028789913,0.8725442834138487,0.3401451624268903,0.2316407294928482,132183.6805555555,1022.9166666666624,133206.59722222216,2551,6,399.95652173913044,34,12,18,32.97541869259859,0.6464460784313726,42.916666666666664,1028.333333333333,30.245098039215677,0
2906,4,0,1,45,0.0,0.021739130434782608,0.9782608695652174,46,1650,1400,250,0.8484848484848485,19,14,5,392.63185465146444,0.87091384863124,0.34316525651684815,0.23616354450957497,132338.45191400888,1192.0583633401884,133530.51027734907,2552,7,400.95652173913044,35,11,18,32.66638545181853,0.6458333333333333,42.7662037037037,1028.935185185185,29.39814814814814,0
2907,4,0,0,45,0.0,0.0,1.0,45,950,600,350,0.631578947368421,13,6,7,405.067006883547,0.8650252525252525,0.359485141894585,0.24323724853931422,132275.51197562367,1716.0891439909376,133991.6011196146,2553,8,410.55555555555554,34,11,18,32.41016664737877,0.6473651960784313,42.827380952380956,1028.6904761904768,30.255602240896376,0
2908,4,0,1,44,0.0,0.022222222222222223,0.9777777777777777,45,800,500,300,0.625,11,5,6,405.8083852957101,0.8655723905723907,0.3626423924503077,0.24388011583626765,132306.12953514743,1738.1873582766514,134044.31689342408,2554,9,411.55555555555554,34,11,18,32.360130756769266,0.647671568627451,42.79761904761905,1028.809523809524,30.25910364145659,0
2909,4,0,0,44,0.0,0.0,1.0,44,1150,700,450,0.6086956521739131,16,7,9,403.54116532255335,0.8651999647639183,0.34807144552575386,0.24377959987151068,132501.77043588835,1894.11132082036,134395.8817567087,2555,10,415.47727272727275,30,14,19,32.220681026979975,0.6597222222222223,42.60752688172042,1029.5698924731169,34.31899641577056,0
2910,4,0,0,44,0.0,0.0,1.0,44,950,600,350,0.631578947368421,13,6,7,404.90139345313946,0.8653981677237491,0.350513751453454,0.24505169641689997,132570.97099375646,1935.6341773615425,134506.60517111802,2556,11,416.47727272727275,30,14,19,32.11574436613592,0.6604166666666667,42.54032258064516,1029.838709677419,34.327956989247305,0
2911,4,0,0,44,0.0,0.0,1.0,44,900,800,100,0.8888888888888888,10,8,2,403.92806942879884,0.8651999647639183,0.34805677814290625,0.24468780996307388,132605.57804731754,1912.623027228569,134518.20107454612,2557,12,417.47727272727275,30,14,19,32.10584409935187,0.6607638888888889,42.50672043010752,1029.9731182795692,34.33243727598564,0
2912,4,0,0,44,0.0,0.0,1.0,44,1450,1200,250,0.8275862068965517,17,12,5,404.5432823512346,0.8645392882311488,0.34216018784242075,0.24573920780543299,132709.42630650935,1937.3413833969094,134646.76768990626,2558,13,418.47727272727275,30,14,16,31.98511827115401,0.6618055555555555,42.40591397849462,1030.376344086021,34.345878136200696,0
2913,4,1,1,44,0.022222222222222223,0.022222222222222223,0.9777777777777777,45,1400,1100,300,0.7857142857142857,17,11,6,392.2156653962124,0.8683501683501684,0.32887206449351525,0.24076755602362385,133102.46997409404,1440.9747653537374,134543.4447394478,2559,0,410.15555555555557,31,14,18,31.906545741324926,0.6629704301075269,42.024739583333336,1031.9010416666672,33.2871303763441,0
2914,4,0,0,44,0.0,0.0,1.0,44,1400,1000,400,0.7142857142857143,18,10,8,404.3578639973649,0.861103770260747,0.3437100288976267,0.24791141885333648,133055.88073765754,1960.438345473464,135016.319083131,2560,15,420.47727272727275,30,14,18,31.64028573910022,0.6652777777777779,42.06989247311828,1031.720430107527,34.39068100358423,0
2915,4,0,0,44,0.0,0.0,1.0,44,1150,800,350,0.6956521739130435,15,8,7,405.0225151909723,0.8593860112755461,0.3482185132575759,0.249244624732906,133194.5889698231,1989.361486877098,135183.9504567002,2561,16,421.47727272727275,30,14,18,31.483289930555557,0.6666666666666666,41.935483870967744,1032.258064516129,34.40860215053763,0
2916,4,0,0,44,0.0,0.0,1.0,44,1150,900,250,0.782608695652174,14,9,5,409.21969131661217,0.8574920718816068,0.35151763505691136,0.2525697565628057,133304.0894402399,2110.131666395418,135414.22110663532,2562,17,422.47727272727275,31,13,18,31.264578867734226,0.6649865591397848,41.82942708333334,1032.6822916666677,33.31233198924734,0
2917,4,0,0,44,0.0,0.0,1.0,44,1250,900,350,0.72,16,9,7,407.4749783775132,0.8569855532064835,0.34749753649425963,0.25217679239057644,133404.95639377172,2071.836344401047,135476.79273817278,2563,18,423.47727272727275,31,13,19,31.20798672380472,0.665994623655914,41.731770833333336,1033.0729166666667,33.32493279569893,0
2918,4,0,0,44,0.0,0.0,1.0,44,1950,1400,550,0.717948717948718,25,14,11,406.5290408078749,0.8554880197322058,0.3459753603140254,0.25228424493718726,133506.9467026535,2054.9071510536346,135561.85385370714,2564,19,424.47727272727275,30,14,19,31.1296982702562,0.6697916666666666,41.63306451612903,1033.4677419354841,34.44892473118281,0
2919,4,0,0,44,0.0,0.0,1.0,44,1450,1200,250,0.8275862068965517,17,12,5,405.97398179886756,0.8545850951374208,0.34601342250159517,0.25312510664185495,133680.6368510812,2054.1720863683877,135734.8089374496,2565,20,425.47727272727275,30,14,19,30.969207607659648,0.6715277777777777,41.46505376344087,1034.1397849462378,34.47132616487459,0
2920,4,0,0,44,0.0,0.0,1.0,44,1150,800,350,0.6956521739130435,15,8,7,406.82827936737067,0.8530435165609584,0.33879520064243396,0.25461496703821285,133819.67026534854,2088.3252399121243,135907.99550526065,2566,21,426.47727272727275,30,14,16,30.807244305880324,0.6729166666666666,41.33064516129032,1034.6774193548383,34.489247311827945,0
2921,4,0,0,44,0.0,0.0,1.0,44,650,500,150,0.7692307692307693,8,5,3,406.82827936737067,0.8530435165609584,0.33879520064243396,0.25461496703821285,133819.67026534854,2088.3252399121243,135907.99550526065,2567,22,427.47727272727275,30,14,16,30.807244305880324,0.6729166666666666,41.33064516129032,1034.6774193548383,34.489247311827945,0
2922,4,1,1,44,0.022222222222222223,0.022222222222222223,0.9777777777777777,45,1300,1100,200,0.8461538461538461,15,11,4,394.90955913633576,0.8553872053872055,0.3232445114798057,0.2493571787689435,134145.81298828125,1595.0927734375,135740.90576171875,2568,0,418.9555555555556,31,14,16,30.78808446455505,0.6733870967741935,41.015625,1035.9375,33.417338709677416,0
2923,4,0,0,44,0.0,0.0,1.0,44,850,500,350,0.5882352941176471,12,5,7,401.1439216751909,0.8519423890063426,0.3230435193052015,0.25248470364262005,134028.35587929236,1952.9320586194872,135981.28793791184,2569,24,429.47727272727275,30,14,16,30.744580737279335,0.6749999999999999,41.12903225806451,1035.4838709677415,34.51612903225805,0
2924,4,0,0,44,0.0,0.0,1.0,44,1150,800,350,0.6956521739130435,15,8,7,397.36413067627456,0.8513037350246653,0.3169434353918008,0.25105596059448565,134167.56995028333,1862.675959648525,136030.24590993187,2570,25,430.47727272727275,30,14,17,30.702679034769083,0.6763888888888889,40.99462365591398,1036.0215053763445,34.534050179211484,0
2925,4,0,1,43,0.0,0.022727272727272728,0.9772727272727273,44,1550,1100,450,0.7096774193548387,20,11,9,397.5622463420666,0.8499163143058492,0.30681532735036887,0.25242349325163743,134348.2208251953,1882.3560926649307,136230.57691786025,2571,26,431.47727272727275,31,13,18,30.516306623126525,0.6754032258064516,40.8203125,1036.71875,33.44254032258065,0
2926,4,0,0,43,0.0,0.0,1.0,43,1100,600,500,0.5454545454545454,16,6,10,409.9680097142286,0.8451458102620893,0.3288424671898953,0.24033344307372467,131361.49300469298,2214.89986843534,133576.39287312832,2572,31,441.90697674418607,31,12,21,33.210683136457945,0.645497311827957,43.71744791666667,1025.130208333334,33.068716397849485,6
2927,4,1,1,43,0.022727272727272728,0.022727272727272728,0.9772727272727273,44,800,500,300,0.625,11,5,6,396.41864798320023,0.8492336152219874,0.3097167690190945,0.23396473145675165,131619.47959710748,1635.2832300275538,133254.76282713504,2573,0,432.84090909090907,32,12,16,33.29641934293098,0.6455078125,43.46590909090909,1026.136363636364,32.066761363636374,0
2928,4,0,0,43,0.0,0.0,1.0,43,950,400,550,0.42105263157894735,15,4,11,435.5788459098675,0.846437799926172,0.3597336553309576,0.2339046724818939,127920.90730537698,2559.1730116824865,130480.08031705947,2574,33,443.90697674418607,32,11,18,36.07999459144619,0.6080729166666666,47.0959595959596,1011.6161616161614,31.613005050505045,8
2929,4,1,0,44,0.022727272727272728,0.0,1.0,44,1600,1400,200,0.875,18,14,4,427.34500024321846,0.8548053206483439,0.34810294507827066,0.23175011595923573,128314.69859232272,2167.5148579454803,130482.2134502682,2575,0,434.79545454545456,30,14,20,35.882639073140545,0.6173611111111111,46.706989247311824,1013.1720430107518,33.772401433691726,0
2930,4,5,5,44,0.10204081632653061,0.10204081632653061,0.8979591836734694,49,1350,1000,350,0.7407407407407407,17,10,7,382.69700364744045,0.8780824829931974,0.3015886667731509,0.21373897883604523,129481.87183114662,116.57107253658177,129598.4429036832,2576,0,391.3265306122449,33,16,15,35.8201635560907,0.6215277777777778,45.557598039215684,1017.7696078431369,30.841503267973845,0
2931,4,1,0,45,0.022222222222222223,0.0,1.0,45,1100,900,200,0.8181818181818182,13,9,4,419.6352761694264,0.8551767676767678,0.3405948846173885,0.2312873498887301,128959.43877551005,1836.2555837285709,130795.69435923862,2577,0,427.06666666666666,34,11,18,35.415689951554924,0.6139705882352942,46.07142857142856,1015.7142857142844,29.873949579831894,3
2932,4,1,0,46,0.021739130434782608,0.0,1.0,46,850,400,450,0.47058823529411764,13,4,9,411.8468599911541,0.8627616747181965,0.34020125114094246,0.2291558169694369,129333.80126953116,1454.0510181937211,130787.85228772489,2578,0,418.7608695652174,31,15,19,35.22998805256869,0.625,45.70312499999999,1017.1874999999993,32.81249999999998,0
2933,4,1,0,47,0.02127659574468085,0.0,1.0,47,1100,800,300,0.7272727272727273,14,8,6,401.4199827003444,0.8668670983657107,0.3310741674490245,0.22553317690991478,129715.3670543821,1014.0680797877669,130729.43513416988,2579,0,410.82978723404256,32,15,17,35.10525119814907,0.6263020833333335,45.32828282828282,1018.6868686868679,31.833964646464622,0
2934,4,3,3,47,0.06,0.06,0.94,50,1400,800,600,0.5714285714285714,20,8,12,371.9810590173691,0.8790136054421769,0.3121897214776843,0.2129399244448322,130444.94224773197,-294.2386202262254,130150.70362750575,2580,0,387.12,34,16,18,35.11318610884512,0.628982843137255,44.61309523809521,1021.5476190476154,30.045518207282807,0
2935,4,0,3,44,0.0,0.06382978723404255,0.9361702127659575,47,1300,900,400,0.6923076923076923,17,9,8,399.80815458579906,0.8649398704902868,0.33107610474631777,0.22597852215719055,129950.01922337545,991.0154748173572,130941.0346981928,2581,1,412.7659574468085,33,14,18,34.90685096153846,0.6262626262626263,45.09803921568626,1019.6078431372536,30.897207367795563,0
2936,4,1,0,45,0.022222222222222223,0.0,1.0,45,1400,1100,300,0.7857142857142857,17,11,6,398.52941229517853,0.8667087542087543,0.31264330997664347,0.22615932906321454,130106.25608239605,1370.2339544886436,131476.4900368847,2582,0,403.0444444444444,33,12,20,34.78015515515516,0.6278409090909092,44.944852941176464,1020.220588235293,30.915775401069485,0
2937,4,1,0,46,0.021739130434782608,0.0,1.0,46,800,200,600,0.25,14,2,12,388.94362625363954,0.8677133655394526,0.30834434524768684,0.22327019226219574,130552.75769054182,955.7203269920026,131508.47801753384,2583,0,395.2608695652174,32,14,15,34.570360761057565,0.634765625,44.50757575757576,1021.9696969696972,31.93655303030304,0
2938,4,0,0,46,0.0,0.0,1.0,46,1150,700,450,0.6086956521739131,16,7,9,385.67667137565076,0.8673913043478261,0.2992870023870824,0.22188377880108137,130638.16350682438,876.8184111880155,131514.9819180124,2584,1,396.2608695652174,33,13,16,34.56705026772159,0.6332070707070707,44.42401960784314,1022.3039215686281,30.97890671420085,0
2939,4,0,0,46,0.0,0.0,1.0,46,1300,1000,300,0.7692307692307693,16,10,6,385.67667137565076,0.8672705314009662,0.2992870023870824,0.22188377880108137,130638.16350682438,876.8184111880155,131514.9819180124,2585,2,397.2608695652174,33,13,16,34.56705026772159,0.6332070707070707,44.42401960784314,1022.3039215686281,30.97890671420085,0
2940,4,0,0,46,0.0,0.0,1.0,46,1500,1100,400,0.7333333333333333,19,11,8,386.46246921071065,0.8657608695652175,0.2896623219662635,0.22305779861912797,130763.47588667824,907.0351547481795,131670.51104142642,2586,3,398.2608695652174,33,13,16,34.419682083233496,0.6344696969696969,44.3014705882353,1022.7941176470591,30.993761140819974,0
2941,4,0,1,45,0.0,0.021739130434782608,0.9782608695652174,46,1400,1200,200,0.8571428571428571,16,12,4,387.8795514161395,0.8656199677938808,0.29238102179900305,0.22478710158752147,130920.20083922062,956.2537545655665,131876.45459378618,2587,4,399.2608695652174,33,13,17,34.224319442781315,0.6360479797979797,44.1482843137255,1023.406862745099,31.01232917409391,0
2942,4,0,0,45,0.0,0.0,1.0,45,1050,700,350,0.6666666666666666,14,7,7,347.14521554121245,0.862037037037037,0.17010419289473977,0.19183033467026928,129062.08070031164,-39.34323541859516,129022.73746489304,2588,5,408.97777777777776,37,8,19,37.151878529549286,0.6089527027027027,45.9703947368421,1016.1184210526316,27.462660028449502,8
2943,4,2,5,42,0.0425531914893617,0.10638297872340426,0.8936170212765957,47,1100,800,300,0.7272727272727273,14,8,6,330.8514696692203,0.8704902867715077,0.15970510765406631,0.184945357720475,129516.4267941928,-829.6345398270875,128686.7922543657,2589,0,392.531914893617,36,11,14,37.10426116458309,0.615451388888889,45.523648648648646,1017.9054054054051,28.27515015015014,0
2944,4,1,2,41,0.023255813953488372,0.046511627906976744,0.9534883720930233,43,1500,1200,300,0.8,18,12,6,358.0212258606149,0.8487449243263196,0.16868354040229883,0.197316393869963,128957.11343277435,633.8767669296379,129590.99019970399,2590,0,429.3720930232558,38,5,19,36.98261807089512,0.6060855263157896,46.07371794871794,1015.7051282051272,26.72908232118756,0
2945,4,0,0,41,0.0,0.0,1.0,41,1250,700,550,0.56,18,7,11,367.53964890169163,0.8435467479674796,0.16533008867503618,0.20224507952932635,128895.0100631924,1274.80534876114,130169.81541195355,2591,8,442.7073170731707,37,4,19,36.80431828816182,0.6072635135135136,46.13486842105262,1015.4605263157886,27.444879089615906,0
2946,4,1,0,42,0.023809523809523808,0.0,1.0,42,1350,1100,250,0.8148148148148148,16,11,5,361.02468403227186,0.8460849787069299,0.1713432885737698,0.20066583446243977,129292.17864229025,936.9883629813905,130229.16700527164,2592,0,433.14285714285717,34,8,20,36.564780131881854,0.6173406862745099,45.74404761904762,1017.0238095238095,29.912464985994397,0
2947,4,1,0,43,0.023255813953488372,0.0,1.0,43,1350,900,450,0.6666666666666666,18,9,9,352.3807127009846,0.8510520487264673,0.1752300998641343,0.1974678669008445,129613.56122470835,534.6638160150737,130148.22504072342,2593,0,424.04651162790697,35,8,18,36.45762294460863,0.618452380952381,45.42824074074073,1018.2870370370358,29.09391534391531,0
2948,4,1,1,43,0.022727272727272728,0.022727272727272728,0.9772727272727273,44,1500,1100,400,0.7333333333333333,19,11,8,344.02986443206953,0.8553999295278365,0.1689588017989081,0.19472090326855138,130004.05811216627,145.05569758949153,130149.11380975576,2594,0,415.3863636363636,36,8,20,36.27383318610131,0.6203703703703705,45.04504504504505,1019.8198198198202,28.32832832832834,0
2949,4,1,0,44,0.022727272727272728,0.0,1.0,44,1550,1000,550,0.6451612903225806,21,10,11,340.9043386500096,0.8531756518675123,0.17243688122536183,0.1939495305200903,130205.11379200149,77.49764122230818,130282.61143322379,2595,0,416.3636363636364,36,8,22,36.14972967008716,0.6223958333333334,44.847972972972975,1020.6081081081084,28.35022522522523,0
2950,4,1,0,45,0.022222222222222223,0.0,1.0,45,900,600,300,0.6666666666666666,12,6,6,334.5076903514054,0.8555134680134681,0.17408836462965005,0.19143970089448595,130435.08193582114,-273.67971856989845,130161.40221725125,2596,0,408.0888888888889,36,9,23,36.080182265828846,0.6247106481481481,44.62274774774776,1021.5090090090105,28.37525025025029,0
2951,4,1,3,43,0.021739130434782608,0.06521739130434782,0.9347826086956522,46,1350,1000,350,0.7407407407407407,17,10,7,325.8964558072003,0.8606481481481482,0.16391887166336327,0.18770750156900204,130682.67549871116,-682.1958439135155,130000.47965479764,2597,0,400.19565217391306,37,9,15,36.0499329758713,0.6252815315315314,44.38048245614035,1022.4780701754388,27.634542437174023,0
2952,4,1,1,43,0.022727272727272728,0.022727272727272728,0.9772727272727273,44,1400,800,600,0.5714285714285714,20,8,12,333.9575286471009,0.8576682522903454,0.16234696535556115,0.1915506077714156,130521.3723013555,-82.2810141222215,130439.09128723328,2598,0,409.54545454545456,36,8,15,36.00695209756813,0.6255787037037037,44.53828828828829,1021.8468468468476,28.384634634634654,0
2953,4,1,0,44,0.022727272727272728,0.0,1.0,44,1000,800,200,0.8,12,8,4,336.84365531954023,0.8553999295278365,0.16709639627912565,0.1939253992800322,130665.25298524888,2.7522877607466967,130668.00527300962,2599,0,410.52272727272725,36,8,16,35.78771524029812,0.6270254629629629,44.39752252252253,1022.4099099099109,28.400275275275302,0
2954,4,0,0,44,0.0,0.0,1.0,44,1250,1000,250,0.8,15,10,5,336.5067579057132,0.8542327343199436,0.16499039269845084,0.19445466849971368,130809.21292914539,3.6368293969670447,130812.84975854236,2600,1,411.52272727272725,36,8,17,35.65082379274915,0.6284722222222222,44.25675675675676,1022.9729729729733,28.415915915915924,0
2955,4,1,1,44,0.022222222222222223,0.022222222222222223,0.9777777777777777,45,1350,1000,350,0.7407407407407407,17,10,7,330.40898870362986,0.8582491582491583,0.16644071331734223,0.19283577557389608,131191.27498584657,-330.64470103730815,130860.63028480926,2601,0,403.35555555555555,38,7,20,35.421229186220295,0.628563596491228,43.88354700854702,1024.465811965814,26.959626630679317,0
2956,4,0,1,43,0.0,0.022727272727272728,0.9772727272727273,44,1000,700,300,0.7,13,7,6,338.31370732406884,0.8545190274841438,0.17427161791323664,0.19728630797886731,131159.59357686993,74.6176708218087,131234.21124769174,2602,1,413.3181818181818,37,7,20,35.25074930421751,0.6300675675675674,43.914473684210535,1024.3421052631588,27.68492176386916,0
2957,4,0,0,43,0.0,0.0,1.0,43,950,600,350,0.631578947368421,13,6,7,344.6903538817094,0.8489294942783314,0.17941368244754918,0.20083015813927954,131126.20380092962,439.58751826154014,131565.79131919116,2603,2,423.72093023255815,36,7,20,35.12117463807953,0.6316550925925924,43.94707207207209,1024.2117117117143,28.450325325325398,0
2958,4,2,2,43,0.044444444444444446,0.044444444444444446,0.9555555555555556,45,1050,600,450,0.5714285714285714,15,6,9,328.158711298129,0.8542929292929293,0.1699200078041163,0.19366464879200473,131616.8533398264,-361.4459053648157,131255.40743446158,2604,0,405.84444444444443,36,9,16,35.050162788996204,0.6365740740740741,43.46846846846847,1026.1261261261268,28.503503503503524,0
2959,4,0,0,43,0.0,0.0,1.0,43,650,300,350,0.46153846153846156,10,3,7,344.7022275100801,0.8468992248062015,0.17508035545471756,0.20189701897018986,131328.12500000012,453.81944444446,131781.94444444458,2605,4,425.72093023255815,36,7,21,34.9170054200542,0.6336805555555556,43.75000000000001,1025.000000000001,28.472222222222246,0
2960,4,0,0,43,0.0,0.0,1.0,43,1200,800,400,0.6666666666666666,16,8,8,338.7344675713678,0.8471760797342193,0.15139118256792727,0.187050868683927,129034.22807979376,141.66810941827583,129175.89618921203,2606,5,426.72093023255815,37,6,17,37.39387725735664,0.6086711711711712,45.997807017543856,1016.0087719298243,27.4596965386439,7
2961,4,1,0,44,0.022727272727272728,0.0,1.0,44,1300,1000,300,0.7692307692307693,16,10,6,333.44529654126967,0.8502026074700494,0.16055626091854136,0.18580453826579932,129391.54071015042,-170.99986759442936,129220.540842556,2607,0,418.0,38,6,19,37.16506528054884,0.6104714912280702,45.646367521367516,1017.4145299145295,26.774066576698143,0
2962,4,2,2,44,0.043478260869565216,0.043478260869565216,0.9565217391304348,46,1100,900,200,0.8181818181818182,13,9,4,324.7754244743339,0.8606280193236715,0.17869868654904875,0.1832113333789408,129873.84018276155,-764.0336853063664,129109.80649745518,2608,0,400.7826086956522,40,6,15,36.896601861083425,0.6119791666666667,45.172764227642276,1019.3089430894306,25.482723577235767,0
2963,4,1,0,45,0.022222222222222223,0.0,1.0,45,700,400,300,0.5714285714285714,10,4,6,328.32221354311815,0.8597643097643098,0.19556618607844456,0.1857037818879172,129977.44914568058,-465.1032371604077,129512.34590852018,2609,0,407.46666666666664,40,5,16,36.701257391535464,0.6130208333333333,45.07113821138212,1019.7154471544724,25.49288617886181,0
2964,4,2,3,44,0.0425531914893617,0.06382978723404255,0.9361702127659575,47,950,400,550,0.42105263157894735,15,4,11,315.61352124742604,0.8662889300030835,0.19594971662898075,0.1802955376093786,130363.87963750312,-1170.7669634491833,129193.11267405393,2610,0,391.0851063829787,41,6,16,36.63460915743799,0.6153455284552845,44.692460317460316,1021.2301587301585,24.908052651955085,0
2965,4,1,0,45,0.022222222222222223,0.0,1.0,45,800,400,400,0.5,12,4,8,327.33064844046197,0.8601851851851853,0.20555887494744352,0.18612991911886287,130184.7910056844,-477.30558860466704,129707.48541707973,2611,0,365.84444444444443,40,5,17,36.516630153355926,0.6151041666666668,44.86788617886179,1020.5284552845525,25.513211382113813,0
2966,4,0,0,45,0.0,0.0,1.0,45,1250,900,350,0.72,16,9,7,326.46357061825773,0.8592592592592593,0.20489242558208032,0.186262859091977,130315.76063368074,-491.3070574827127,129824.45357619802,2612,1,366.84444444444443,39,6,19,36.40626062708291,0.6180555555555556,44.73958333333334,1021.0416666666681,26.180555555555593,0
2967,4,0,0,45,0.0,0.0,1.0,45,1050,500,550,0.47619047619047616,16,5,11,325.86304793037766,0.858922558922559,0.20225758193934462,0.18617490220917396,130368.94531250016,-503.5156249999858,129865.42968750017,2613,2,367.84444444444443,39,6,19,36.36780905752754,0.6185897435897435,44.68750000000001,1021.2500000000013,26.185897435897466,0
2968,4,1,0,46,0.021739130434782608,0.0,1.0,46,1350,1000,350,0.7407407407407407,17,10,7,317.94920039399386,0.8618357487922705,0.20059461055117422,0.18354178365409157,130769.44464128236,-884.3919280675291,129885.05271321483,2614,0,360.82608695652175,41,5,17,36.16553507921113,0.619410569105691,44.29563492063492,1022.8174603174597,24.94676732481609,0
2969,4,0,0,46,0.0,0.0,1.0,46,1300,1000,300,0.7692307692307693,16,10,6,320.15806506109413,0.860889694041868,0.20032245147421412,0.18542562836076285,130896.31287989726,-818.4979489481063,130077.81493094916,2615,1,361.82608695652175,41,5,18,35.98107529487801,0.6206808943089431,44.17162698412698,1023.3134920634916,24.95886566008516,0
2970,4,2,1,47,0.041666666666666664,0.020833333333333332,0.9791666666666666,48,1000,700,300,0.7,13,7,6,307.1264533111354,0.8673721926713948,0.1965297742969503,0.18001072251885075,131354.16795764753,-1529.3988217415783,129824.76913590595,2616,0,347.7083333333333,40,8,20,35.85369782888868,0.6268229166666666,43.72459349593496,1025.10162601626,25.6275406504065,0
2971,4,0,0,47,0.0,0.0,1.0,47,1050,700,350,0.6666666666666666,14,7,7,309.71865319901315,0.8638991674375578,0.19786520570690969,0.18153313079996963,131354.8190646702,-1263.3924696180518,130091.42659505217,2617,1,356.1063829787234,39,8,20,35.7866112861159,0.6284722222222222,43.723958333333336,1025.1041666666672,26.284722222222236,0
2972,4,0,3,44,0.0,0.06382978723404255,0.9361702127659575,47,1300,800,500,0.6153846153846154,18,8,10,326.0584903720406,0.8638991674375578,0.15286698023005374,0.18465471832637648,130026.38996056221,-920.7583161865789,129105.63164437564,2618,2,357.1063829787234,44,3,17,36.709411408685106,0.6077178030303032,45.02314814814814,1019.9074074074058,23.179713804713767,7
2973,4,0,0,44,0.0,0.0,1.0,44,650,400,250,0.6153846153846154,9,4,5,342.87100480639856,0.8553558844256519,0.16301115899577923,0.19321524039364396,129832.5314645533,103.16210396194307,129935.69356851526,2619,8,378.27272727272725,41,3,17,36.477396249067134,0.610010162601626,45.213293650793645,1019.1468253968245,24.85723964382499,0
2974,4,1,0,45,0.022222222222222223,0.0,1.0,45,1250,1000,250,0.8,15,10,5,344.714727575404,0.8582070707070708,0.17505591425074885,0.19603323492571018,130188.4088997055,-24.4276185325499,130163.98128117295,2620,0,370.84444444444443,42,3,18,36.06943916951512,0.6121031746031746,44.86434108527131,1020.5426356589143,24.2986341823551,0
2975,4,0,0,45,0.0,0.0,1.0,45,950,400,550,0.42105263157894735,15,4,11,346.0224906289043,0.8578282828282828,0.1790476190476189,0.19715234931181785,130262.5868055558,14.820323297902505,130277.4071288537,2621,1,371.84444444444443,39,6,18,35.9608843537415,0.6175213675213674,44.79166666666668,1020.8333333333353,26.175213675213726,0
2976,4,0,0,45,0.0,0.0,1.0,45,900,500,400,0.5555555555555556,13,5,8,342.45038083371276,0.8574074074074075,0.17880251195901065,0.19538408806356553,130315.76063368074,-74.66362847220324,130241.09700520853,2622,2,372.84444444444443,39,6,18,35.99818064340611,0.6180555555555556,44.73958333333334,1021.0416666666681,26.180555555555593,0
2977,4,0,0,45,0.0,0.0,1.0,45,1050,800,250,0.7619047619047619,13,8,5,337.52140276016024,0.8572390572390572,0.17690224300511814,0.19308068407184834,130418.24811826643,-196.20998992000446,130222.03812834642,2623,3,373.84444444444443,40,5,18,36.02025503266674,0.6174479166666667,44.63922764227643,1021.4430894308958,25.536077235772396,0
2978,4,0,1,44,0.0,0.022222222222222223,0.9777777777777777,45,1700,1300,400,0.7647058823529411,21,13,8,337.3202098037067,0.8559343434343435,0.18078043098427532,0.1937052843588509,130566.58340419491,-191.45053854876494,130375.13286564614,2624,4,374.84444444444443,41,4,16,35.875315472723734,0.6173780487804879,44.49404761904761,1022.0238095238087,24.927409988385577,0
2979,4,0,1,43,0.0,0.022727272727272728,0.9772727272727273,44,1050,600,450,0.5714285714285714,15,6,9,342.7021609717122,0.8494978858350952,0.18466784781292,0.1968335598453748,130574.00238160168,149.59855658008817,130723.60093818177,2625,5,384.02272727272725,40,4,16,35.730295648138934,0.6190104166666666,44.486788617886184,1022.0528455284563,25.551321138211406,0
2980,4,0,0,43,0.0,0.0,1.0,43,950,800,150,0.8421052631578947,11,8,3,346.208733189061,0.8509136212624584,0.18765771422478528,0.1992984584311223,130661.65500217029,447.2412109375101,131108.8962131078,2626,6,391.1860465116279,39,4,16,35.551982509763945,0.6215277777777778,44.40104166666667,1022.3958333333345,26.215277777777807,0
2981,4,1,1,43,0.022727272727272728,0.022727272727272728,0.9772727272727273,44,1200,1000,200,0.8333333333333334,14,10,4,340.9526305025165,0.8572057787174067,0.1855406356597542,0.19808286041997392,131015.81090124913,134.037072840226,131149.84797408935,2627,0,383.27272727272725,40,4,17,35.3283617894249,0.6234375000000001,44.05487804878048,1023.7804878048771,25.59451219512193,0
2982,4,0,0,43,0.0,0.0,1.0,43,1150,800,350,0.6956521739130435,15,8,7,343.720973430559,0.8528054632705795,0.18750428932154128,0.19951246343190235,130981.34901258693,404.20735677084417,131385.55636935777,2628,1,393.0232558139535,39,4,17,35.292328109629935,0.624732905982906,44.08854166666667,1023.6458333333344,26.247329059829088,0
2983,4,1,1,43,0.022727272727272728,0.022727272727272728,0.9772727272727273,44,1050,700,350,0.6666666666666666,14,7,7,336.3372661086761,0.8568754404510219,0.17986433497092902,0.196863687098433,131302.08462431433,32.35683538238942,131334.4414596967,2629,0,385.0681818181818,40,4,17,35.157618575442086,0.6263020833333333,43.775406504065046,1024.8983739837406,25.622459349593516,0
2984,4,0,0,43,0.0,0.0,1.0,43,1200,800,400,0.6666666666666666,16,8,8,340.62650473346173,0.85031376891842,0.18355025837166727,0.19923207809558865,131274.7450086807,343.1315104166865,131617.8765190974,2630,3,395.0232558139535,39,4,17,35.0753032459172,0.6276709401709402,43.80208333333334,1024.791666666668,26.27670940170944,0
2985,4,1,2,42,0.022727272727272728,0.045454545454545456,0.9545454545454546,44,1250,1000,250,0.8,15,10,5,333.2629322056939,0.8508192389006343,0.17477173481540276,0.19615302411413457,131515.040418837,-34.17154947914614,131480.86886935783,2631,0,387.02272727272725,39,5,17,35.021770590027415,0.6300747863247863,43.56770833333334,1025.7291666666683,26.300747863247906,0
2986,4,1,0,43,0.023255813953488372,0.0,1.0,43,700,400,300,0.5714285714285714,10,4,6,338.9396408655054,0.8507751937984496,0.1705458659695651,0.199233411675933,131465.04635336762,311.74311947548483,131776.7894728431,2632,0,395.8837209302326,38,5,19,34.92659825676286,0.6313048245614036,43.61645299145299,1025.5341880341878,26.987741790373363,0
2987,4,0,2,41,0.0,0.046511627906976744,0.9534883720930233,43,1100,800,300,0.7272727272727273,14,8,6,335.1696771367464,0.8495754891103728,0.1643253452957143,0.19768989938903916,131595.187717014,221.34331597222769,131816.5310329862,2633,1,396.8837209302326,39,4,15,34.89213197969542,0.6308760683760684,43.489583333333336,1026.0416666666674,26.308760683760703,0
2988,4,1,1,41,0.023809523809523808,0.023809523809523808,0.9761904761904762,42,1050,700,350,0.6666666666666666,14,7,7,336.57856350190974,0.852061556329849,0.16857954380778528,0.19963847647423727,131809.03320312488,472.8190104166523,132281.85221354154,2634,0,399.14285714285717,39,3,16,34.64064719009939,0.6330128205128207,43.28124999999999,1026.874999999999,26.330128205128183,0
2989,4,0,0,41,0.0,0.0,1.0,41,850,600,250,0.7058823529411765,11,6,5,345.6264257075431,0.8485772357723578,0.17147819198366876,0.2041874197630169,131656.8560979617,900.8177186061567,132557.67381656784,2635,1,409.8292682926829,38,3,16,34.56173225067664,0.6332236842105264,43.42948717948717,1026.28205128205,27.007422402159207,0
2990,4,0,0,41,0.0,0.0,1.0,41,1350,1100,250,0.8148148148148148,16,11,5,345.94362897549166,0.8474085365853659,0.17193713504089625,0.20511191968435805,131793.94866544276,918.6553756665635,132712.60404110933,2636,2,410.8292682926829,38,3,17,34.415426767939515,0.6345942982456142,43.295940170940156,1026.816239316237,27.021479982006237,0
2991,4,0,1,40,0.0,0.024390243902439025,0.975609756097561,41,950,700,250,0.7368421052631579,12,7,5,348.1427473309163,0.8462906504065041,0.17616669667788498,0.2073120000669606,131958.55391418256,988.0826986996451,132946.6366128822,2637,3,411.8292682926829,38,3,17,34.193138886000476,0.6362390350877194,43.13568376068374,1027.457264957262,27.038349077822684,0
2992,4,0,0,40,0.0,0.0,1.0,40,1150,800,350,0.6956521739130435,15,8,7,354.79084274755525,0.8476495726495726,0.17429547395388578,0.21089344002913019,131890.67790089233,1358.7209526007691,133249.3988534931,2638,4,393.3,37,3,17,34.09078778821519,0.6373873873873875,43.2017543859649,1027.1929824561382,27.761972498814547,0
2993,4,0,0,40,0.0,0.0,1.0,40,850,500,350,0.5882352941176471,12,5,7,359.33080603149705,0.8468482905982906,0.17715535638070867,0.21422699199282344,132003.3327562325,1486.5727916281696,133489.90554786066,2639,5,394.3,37,3,17,33.86061317399344,0.6385135135135136,43.09210526315788,1027.6315789473667,27.77382645803694,0
2994,4,0,0,40,0.0,0.0,1.0,40,1600,1200,400,0.75,20,12,8,355.2095007107364,0.8444978632478632,0.17555082103512865,0.21228731775395662,132095.80342793468,1384.3368763240355,133480.1403042587,2640,6,395.3,38,2,17,33.87332848333679,0.6376096491228072,43.00213675213674,1027.9914529914515,27.052406657669778,0
2995,4,0,0,40,0.0,0.0,1.0,40,1250,800,450,0.64,17,8,9,354.49631815163025,0.8442574786324787,0.18286849485821133,0.21263152989693124,132233.12428090078,1375.2311390532577,133608.35541995405,2641,7,396.3,38,2,17,33.75337592188635,0.6389802631578947,42.868589743589745,1028.5256410256413,27.06646423751688,0
2996,4,0,0,40,0.0,0.0,1.0,40,1000,600,400,0.6,14,6,8,354.55595345542054,0.8447649572649573,0.18936137071651093,0.21313194954904502,132315.55103550298,1382.6532708744285,133698.20430637742,2642,8,397.3,38,2,18,33.66887331256489,0.6398026315789473,42.78846153846154,1028.846153846154,27.074898785425106,0
2997,4,1,2,39,0.024390243902439025,0.04878048780487805,0.9512195121951219,41,1200,800,400,0.6666666666666666,16,8,8,347.4744322153117,0.8462906504065041,0.18348080805014622,0.2107137405924554,132645.51487508242,1018.2106755424302,133663.72555062483,2643,0,388.5853658536585,38,3,15,33.51936838830119,0.6430921052631577,42.46794871794873,1030.128205128207,27.108636977058076,0
2998,4,0,0,39,0.0,0.0,1.0,39,1000,600,400,0.6,14,6,8,365.8854215898207,0.8333333333333334,0.19684297325951228,0.22093292762048494,132484.9405993832,1894.8616691015377,134379.80226848475,2644,10,409.1025641025641,36,3,17,33.206856632392615,0.6452546296296295,42.623873873873876,1029.504504504505,28.59734734734736,0
2999,4,0,0,39,0.0,0.0,1.0,39,1100,900,200,0.8181818181818182,13,9,4,366.2615372109483,0.8331084120557805,0.19719163221025893,0.22214507050334786,132652.0314543898,1917.0673909279722,134569.09884531779,2645,11,410.1025641025641,37,2,15,33.02898261486605,0.6449887387387387,42.46162280701754,1030.1535087719296,27.841986723565665,0
3000,4,0,0,39,0.0,0.0,1.0,39,900,400,500,0.4444444444444444,14,4,10,366.9986419194203,0.8306342780026991,0.2041680305510094,0.22343181567633122,132793.2633117883,1946.9894582948643,134740.25277008317,2646,12,411.1025641025641,37,2,15,32.86790780141844,0.6463963963963963,42.324561403508774,1030.7017543859654,27.85680417259366,0
3001,4,0,0,39,0.0,0.0,1.0,39,1200,800,400,0.6666666666666666,16,8,8,368.6407350020285,0.8299595141700405,0.2115418701614593,0.22494022266217245,132878.03849501783,1996.8515552862523,134874.8900503041,2647,13,412.1025641025641,37,2,16,32.74032666879364,0.6472409909909909,42.242324561403514,1031.0307017543869,27.865694642010457,0
3002,4,0,0,39,0.0,0.0,1.0,39,1450,1100,350,0.7586206896551724,18,11,7,370.20131241186846,0.8294534412955465,0.210416700742025,0.2264053019860881,132962.84072983998,2044.6036280393994,135007.44435787937,2648,14,413.1025641025641,37,2,16,32.61482032745055,0.6480855855855856,42.16008771929825,1031.3596491228072,27.874585111427223,0
3003,4,0,0,39,0.0,0.0,1.0,39,1050,800,250,0.7619047619047619,13,8,5,368.45917642501655,0.8288911381016645,0.205466088994251,0.22602352347844878,133075.95245652503,2006.611168821171,135082.5636253462,2649,15,414.1025641025641,37,2,16,32.54605030109813,0.6492117117117117,42.050438596491226,1031.7982456140346,27.886439070649583,0
3004,4,0,2,37,0.0,0.05128205128205128,0.9487179487179487,39,1300,1100,200,0.8461538461538461,15,11,4,383.1414172057369,0.8265856950067477,0.2079130190048737,0.23270799760811633,132704.48022959204,2385.7606500587576,135090.2408796508,2650,16,415.1025641025641,34,5,14,32.5414018871558,0.6516544117647057,42.4107142857143,1030.3571428571445,30.304621848739544,3
3005,4,1,1,37,0.02631578947368421,0.02631578947368421,0.9736842105263158,38,850,700,150,0.8235294117647058,10,7,3,386.8819214083455,0.8276730678046468,0.1997883717144393,0.23464137311389277,132650.37035034611,2664.0060313341123,135314.37638168022,2651,0,418.4736842105263,33,5,14,32.49960345784757,0.6534090909090908,42.46323529411765,1030.1470588235302,31.216577540106975,0
3006,4,0,0,37,0.0,0.0,1.0,37,1250,1000,250,0.8,15,10,5,396.0480587453165,0.8227602602602603,0.21350522809750272,0.2394197123104562,132527.98064291902,3097.4898926129817,135625.470535532,2652,41,430.7837837837838,32,5,17,32.387083588800316,0.6546223958333335,42.5820707070707,1029.6717171717164,32.17724116161614,0
3007,4,0,0,37,0.0,0.0,1.0,37,1100,700,400,0.6363636363636364,15,7,8,394.3064093713698,0.8228853853853854,0.21432589958818116,0.2393454139772641,132681.93310565656,3063.467326268752,135745.4004319253,2653,42,431.7837837837838,33,4,15,32.27655029538875,0.6537247474747474,42.43259803921569,1030.269607843138,31.220291146761756,0
3008,4,0,1,36,0.0,0.02702702702702703,0.972972972972973,37,1100,800,300,0.7272727272727273,14,8,6,390.8051107149366,0.8221346346346347,0.20960810971513744,0.2376196801158281,132745.06987997412,2975.49034626106,135720.5602262352,2654,43,432.7837837837838,33,4,15,32.30306318626868,0.6543560606060606,42.37132352941177,1030.5147058823536,31.22771836007132,0
3009,4,0,1,35,0.0,0.027777777777777776,0.9722222222222222,36,1550,1300,250,0.8387096774193549,18,13,5,389.63421420466807,0.8173280423280423,0.19845292519711144,0.23220205302815503,131988.41979346878,3097.6394295463197,135086.0592230151,2655,44,437.19444444444446,33,3,17,33.09717253031207,0.6467803030303031,43.10661764705882,1027.5735294117642,31.13859180035649,3
3010,4,1,1,35,0.027777777777777776,0.027777777777777776,0.9722222222222222,36,1000,700,300,0.7,13,7,6,383.03509280174444,0.8219246031746033,0.17417864612289224,0.2299854484247382,132271.9101427334,2932.956675317167,135204.86681805056,2656,0,409.1111111111111,33,3,17,32.98040266857279,0.6496212121212122,42.83088235294117,1028.676470588234,31.172014260249515,0
3011,4,1,0,36,0.027777777777777776,0.0,1.0,36,1150,1000,150,0.8695652173913043,13,10,3,383.3860577947519,0.8207671957671958,0.17352676563202918,0.2309667226226917,132398.00347222204,2951.909722222199,135349.91319444423,2657,0,410.0833333333333,33,3,18,32.84412955465588,0.6508838383838385,42.70833333333332,1029.1666666666652,31.186868686868642,0
3012,4,0,0,36,0.0,0.0,1.0,36,850,600,250,0.7058823529411765,11,6,5,381.93998425126466,0.8207671957671958,0.16658070829696658,0.23086760774669957,132524.1568747596,2923.2548779315516,135447.41175269114,2658,1,411.0833333333333,33,3,18,32.75410616519877,0.6521464646464648,42.58578431372548,1029.656862745097,31.201723113487787,0
3013,4,1,2,35,0.02702702702702703,0.05405405405405406,0.9459459459459459,37,1100,900,200,0.8181818181818182,13,9,4,374.2159659186066,0.8246371371371372,0.1541324158859103,0.22765900329988573,132765.8180980724,2536.617772108826,135302.43587018122,2659,0,400.94594594594594,34,3,15,32.70956066381733,0.6522671568627452,42.35119047619047,1030.595238095237,30.31162464985991,0
3014,4,1,1,35,0.027777777777777776,0.027777777777777776,0.9722222222222222,36,650,200,450,0.3076923076923077,11,2,9,388.7105314519513,0.822123015873016,0.1771097380650617,0.23774620877177463,132966.1668589003,3137.0698769703795,136103.23673587068,2660,0,402.72222222222223,33,3,16,32.134228453738906,0.6565656565656567,42.15686274509803,1031.3725490196068,31.253713606654753,0
3015,4,0,1,34,0.0,0.02857142857142857,0.9714285714285714,35,800,600,200,0.75,10,6,4,398.3607362157593,0.8170168067226891,0.18372646461818465,0.24270276496010867,132820.6624324048,3582.1073742475137,136402.7698066523,2661,1,415.14285714285717,32,3,16,32.03214314878328,0.6575520833333335,42.29797979797979,1030.8080808080801,32.212752525252505,0
3016,4,0,0,34,0.0,0.0,1.0,34,1050,800,250,0.7619047619047619,13,8,5,394.3741195731226,0.8114973262032086,0.1639632956157855,0.24090152838845846,132918.2947690286,3683.9070949392817,136602.2018639679,2662,2,364.2352941176471,32,2,17,32.0364474919391,0.6585286458333335,42.20328282828282,1031.1868686868681,32.22458964646463,0
3017,4,0,1,33,0.0,0.029411764705882353,0.9705882352941176,34,550,300,250,0.5454545454545454,8,3,5,394.3741195731226,0.8110145573380868,0.1639632956157855,0.24090152838845846,132918.2947690286,3683.9070949392817,136602.2018639679,2663,3,365.2352941176471,32,2,17,32.0364474919391,0.6585286458333335,42.20328282828282,1031.1868686868681,32.22458964646463,0
3018,4,0,0,33,0.0,0.0,1.0,33,950,500,450,0.5263157894736842,14,5,9,392.97699527458286,0.810763888888889,0.16829407287567077,0.24080098480746465,133035.29739379874,3855.962287055108,136891.25968085384,2664,4,372.0,31,2,17,31.95456792460768,0.6622983870967742,42.08984374999999,1031.6406249999993,33.27872983870966,0
3019,4,1,0,34,0.029411764705882353,0.0,1.0,34,450,200,250,0.4444444444444444,7,2,5,384.73293210281315,0.8166592394533572,0.16253604999892146,0.23748910578633253,133309.1828161666,3457.686556218736,136766.86937238535,2665,0,362.02941176470586,32,2,18,31.8916330439744,0.6624348958333335,41.82449494949494,1032.7020202020192,32.2719381313131,0
3020,4,0,0,34,0.0,0.0,1.0,34,900,700,200,0.7777777777777778,11,7,4,382.44196502070656,0.8163621509209745,0.15700928058055985,0.2367096743850625,133408.91273788904,3404.233347750833,136813.14608563986,2666,1,363.02941176470586,33,1,18,31.850533807829166,0.6609848484848486,41.72794117647057,1033.0882352941157,31.30570409982169,0
3021,4,0,0,34,0.0,0.0,1.0,34,700,500,200,0.7142857142857143,9,5,4,386.52466832564824,0.8163621509209745,0.11626591131135222,0.22732431125912503,131485.1878634419,3364.4537257304823,134849.6415891724,2667,2,364.02941176470586,33,1,20,33.68619807225076,0.641729797979798,43.59681372549019,1025.6127450980389,31.079174093879967,7
3022,4,0,0,34,0.0,0.0,1.0,34,750,600,150,0.8,9,6,3,384.66560548448444,0.815805109922757,0.11128130181838647,0.22679017247296487,131579.47063629364,3322.819348327559,134902.2899846212,2668,3,365.02941176470586,33,1,16,33.63841774167862,0.6426767676767677,43.50490196078431,1025.980392156862,31.090314913844306,0
3023,4,0,0,34,0.0,0.0,1.0,34,1450,1200,250,0.8275862068965517,17,12,5,379.50638475327565,0.8145796197266786,0.1058465405978557,0.22467314382178002,131736.68368235766,3198.9825127354725,134935.66619509313,2669,4,366.02941176470586,33,1,17,33.61174943297123,0.6442550505050506,43.3517156862745,1026.5931372549012,31.108882947118218,0
3024,4,1,1,34,0.02857142857142857,0.02857142857142857,0.9714285714285714,35,900,400,500,0.4444444444444444,14,4,10,370.32388483140545,0.8196778711484594,0.09735866543095506,0.22076213907905298,132000.11337868456,2776.5589569160707,134776.67233560063,2670,0,356.54285714285714,34,1,17,33.581441149212225,0.644607843137255,43.09523809523808,1027.6190476190457,30.224089635854284,0
3025,4,0,0,34,0.0,0.0,1.0,34,900,600,300,0.6666666666666666,12,6,6,381.1615587512599,0.8142082590612003,0.10472524927900317,0.22677624890076717,131925.46323829758,3256.9830413782947,135182.44627967587,2671,6,368.02941176470586,33,1,18,33.37843950057657,0.64614898989899,43.167892156862735,1027.3284313725476,31.131164587046896,0
3026,4,0,0,34,0.0,0.0,1.0,34,950,500,450,0.5263157894736842,14,5,9,386.7243461667479,0.813168449197861,0.10503600653516854,0.231235248752163,132114.37795859756,3418.369287053044,135532.7472456506,2672,7,369.02941176470586,33,1,18,33.04463682600229,0.6480429292929294,42.984068627450974,1028.0637254901953,31.153446226975618,0
3027,4,0,0,34,0.0,0.0,1.0,34,750,600,150,0.8,9,6,3,385.5401423010829,0.8126485442661914,0.1041066408687179,0.23091130150238287,132177.37956855525,3391.937145568996,135569.31671412423,2673,8,370.02941176470586,33,1,18,33.01143586382235,0.6486742424242424,42.92279411764705,1028.3088235294108,31.160873440285176,0
3028,4,0,0,34,0.0,0.0,1.0,34,1100,800,300,0.7272727272727273,14,8,6,382.84501651514773,0.8106060606060607,0.09815266074029716,0.23007973801974307,132306.12953514722,3330.5484693877324,135636.67800453494,2674,9,371.02941176470586,34,0,18,32.95075406927408,0.6476715686274511,42.79761904761904,1028.8095238095225,30.259103641456544,0
3029,4,0,0,34,0.0,0.0,1.0,34,1400,1300,100,0.9285714285714286,15,13,2,384.48934639464704,0.8093805704099822,0.07830149603701164,0.22799973343529686,131799.59518274202,3340.2242545302256,135139.81943727224,2675,10,372.02941176470586,33,1,14,33.42023212793891,0.6448863636363638,43.29044117647058,1026.8382352941162,31.116310160427762,2
3030,4,0,1,33,0.0,0.029411764705882353,0.9705882352941176,34,750,600,150,0.8,9,6,3,385.1094951128141,0.8093805704099822,0.07311365438457429,0.22912511692907858,131925.46323829755,3361.14970804496,135286.6129463425,2676,11,373.02941176470586,33,1,16,33.27704381883972,0.64614898989899,43.167892156862735,1027.3284313725474,31.13116458704689,0
3031,4,0,0,33,0.0,0.0,1.0,33,900,600,300,0.6666666666666666,12,6,6,391.9793423277873,0.8004261363636365,0.08604361788527037,0.23272700514556355,131846.31191970196,3736.206126925809,135582.51804662775,2677,17,385.0,32,1,18,33.18068191131875,0.6477864583333335,43.24494949494949,1027.0202020202012,32.09438131313129,0
3032,4,0,0,33,0.0,0.0,1.0,33,550,200,350,0.36363636363636365,9,2,7,391.7963209509144,0.7999526515151516,0.0873111647447935,0.23301570667080673,131911.15702479324,3736.4612029384575,135647.6182277317,2678,18,386.0,32,1,19,33.11977630285153,0.6484375,43.18181818181817,1027.2727272727261,32.10227272727269,0
3033,4,0,0,33,0.0,0.0,1.0,33,550,300,250,0.5454545454545454,8,3,5,391.57236128491587,0.7986111111111112,0.08661200354491116,0.23328081084455657,131976.01807213546,3735.63220589735,135711.65027803282,2679,19,387.0,32,1,20,33.059924633407064,0.6490885416666667,43.118686868686865,1027.525252525252,32.110164141414124,0
3034,4,0,0,33,0.0,0.0,1.0,33,500,400,100,0.8,6,4,2,394.2658875091307,0.7984532828282829,0.0908271908271907,0.23528770706190058,132040.89506172843,3811.844135802473,135852.7391975309,2680,20,388.0,32,1,20,32.925112612612615,0.6497395833333334,43.05555555555556,1027.777777777778,32.118055555555564,0
3035,4,0,0,33,0.0,0.0,1.0,33,850,600,250,0.7058823529411765,11,6,5,394.28732481866194,0.7994791666666667,0.08840803019137589,0.23570392060745554,132105.78799357207,3817.527548209366,135923.31554178143,2681,21,389.0,32,1,20,32.85894129206583,0.650390625,42.99242424242424,1028.030303030303,32.12594696969697,0
3036,4,0,0,33,0.0,0.0,1.0,33,900,600,300,0.6666666666666666,12,6,6,396.42366737216685,0.7976641414141414,0.08937805124649678,0.23762767261337328,132208.88600538266,3882.1462898885165,136091.03229527117,2682,22,390.0,33,0,20,32.69979345408324,0.648989898989899,42.892156862745104,1028.4313725490206,31.164587046940017,0
3037,4,0,0,33,0.0,0.0,1.0,33,700,400,300,0.5714285714285714,10,4,6,399.0567242260563,0.7976641414141414,0.03273040482342782,0.2355217137098881,131619.47959710742,3904.8628388318452,135524.34243593927,2683,23,391.0,32,1,18,33.22874369385997,0.6455078125,43.465909090909086,1026.1363636363633,32.06676136363635,5
3038,4,0,0,33,0.0,0.0,1.0,33,350,100,250,0.2857142857142857,6,1,5,399.864774338924,0.797427398989899,0.03633530183727052,0.23619919228392228,131651.8722579327,3928.5892383430073,135580.4614962757,2684,24,392.0,32,1,18,33.17518659776903,0.6458333333333335,43.434343434343425,1026.262626262625,32.07070707070703,0
3039,4,0,0,33,0.0,0.0,1.0,33,950,700,250,0.7368421052631579,12,7,5,397.94209809450825,0.7971906565656567,0.03730578444635757,0.2356640349312778,131749.07415378516,3885.7005981532334,135634.77475193838,2685,25,393.0,32,1,18,33.1260505062928,0.6468098958333335,43.33964646464646,1026.641414141413,32.082544191919155,0
3040,4,0,0,33,0.0,0.0,1.0,33,750,500,250,0.6666666666666666,10,5,5,397.3910312601545,0.7966382575757577,0.03549762256107547,0.23553818266819043,131781.48275686137,3873.755866748265,135655.23862360962,2686,26,394.0,32,1,18,33.1073741596983,0.6471354166666667,43.308080808080796,1026.7676767676753,32.08648989898985,0
3041,4,0,0,33,0.0,0.0,1.0,33,550,300,250,0.5454545454545454,8,3,5,393.82762643943954,0.7944286616161617,0.033837204538937904,0.23442394998812852,131943.58555568295,3792.6058246607367,135736.1913803437,2687,27,395.0,32,1,18,33.03479988529761,0.6487630208333335,43.15025252525252,1027.398989898989,32.106218434343404,0
3042,4,0,0,33,0.0,0.0,1.0,33,850,700,150,0.8235294117647058,10,7,3,392.9672394698155,0.7941919191919192,0.028579617573598393,0.23471359475596235,132073.33953486875,3780.099128915397,135853.43866378415,2688,28,396.0,32,1,18,32.92567456905375,0.6500651041666667,43.02398989898989,1027.9040404040393,32.12200126262623,0
3043,4,0,0,33,0.0,0.0,1.0,33,1000,600,400,0.6,14,6,8,395.55569121821674,0.7920612373737375,0.03904235727440142,0.23707145731952725,132203.1572830579,3858.742252066118,136061.89953512402,2689,29,397.0,32,1,18,32.72790055248617,0.6513671875,42.89772727272727,1028.4090909090912,32.1377840909091,0
3044,4,0,0,33,0.0,0.0,1.0,33,800,600,200,0.75,10,6,4,391.80897143637986,0.7931660353535355,0.03681885125184037,0.23543211646486886,132300.56244260783,3767.309458218537,136067.87190082637,2690,30,398.0,32,1,19,32.72582228767794,0.65234375,42.8030303030303,1028.7878787878783,32.1496212121212,0
3045,4,1,0,34,0.029411764705882353,0.0,1.0,34,1300,1000,300,0.7692307692307693,16,10,6,381.44090037941294,0.8010992275698159,0.03975205686461081,0.23173085913223307,132713.49961553258,3324.471357170327,136037.9709727029,2691,0,387.2647058823529,33,1,18,32.576117982873456,0.654040404040404,42.40196078431373,1030.3921568627457,31.224004753416533,0
3046,4,0,0,34,0.0,0.0,1.0,34,1250,800,450,0.64,17,8,9,382.87128706155124,0.8005793226381462,0.03465637324830095,0.23338501933056297,132839.80320069205,3372.1092848904304,136211.9124855825,2692,1,388.2647058823529,33,1,18,32.41203043271516,0.6553030303030303,42.279411764705884,1030.8823529411766,31.238859180035654,0
3047,4,1,1,34,0.02857142857142857,0.02857142857142857,0.9714285714285714,35,800,400,400,0.5,12,4,8,395.4736182613322,0.8082633053221288,0.05929868920087844,0.22763588697240725,130657.85147392268,3363.42201096122,134021.2734848839,2693,0,378.14285714285717,34,1,19,34.29664454277286,0.6311274509803922,44.40476190476189,1022.3809523809506,30.07002801120443,7
3048,4,0,0,34,0.0,0.0,1.0,34,550,300,250,0.5454545454545454,8,3,5,401.9562642145382,0.8035130718954249,0.07607852539241544,0.23124959697087447,130638.16350682429,3702.165633410223,134340.3291402345,2694,1,387.7647058823529,33,1,19,34.15098297770319,0.6332070707070707,44.424019607843135,1022.3039215686274,30.978906714200832,0
3049,4,0,0,34,0.0,0.0,1.0,34,1050,500,550,0.47619047619047616,16,5,11,405.65556312524683,0.8019533571004159,0.08124691792884864,0.23489763884159545,130888.84833958071,3819.1578960015117,134708.00623558223,2695,2,388.7647058823529,33,1,19,33.80139720558881,0.6357323232323233,44.17892156862744,1023.2843137254885,31.008615567439044,0
3050,4,2,1,35,0.05555555555555555,0.027777777777777776,0.9722222222222222,36,1100,700,400,0.6363636363636364,15,7,8,390.1974513003836,0.8198743386243387,0.08739507175737904,0.22982443184247436,131541.75347222196,3066.187283736991,134607.94075595896,2696,0,368.1111111111111,34,2,20,33.534727863525575,0.6400122549019609,43.54166666666665,1025.8333333333312,30.171568627450917,0
3051,4,1,1,35,0.027777777777777776,0.027777777777777776,0.9722222222222222,36,1200,900,300,0.75,15,9,6,387.8936537816235,0.8155092592592593,0.09451712341641327,0.2291441058015756,131654.5718262386,3013.594580546952,134668.16640678555,2697,0,369.0833333333333,35,1,19,33.4795919326341,0.6389880952380953,43.43171296296295,1026.273148148146,29.322089947089886,0
3052,4,0,0,35,0.0,0.0,1.0,35,1350,1000,350,0.7407407407407407,17,10,7,401.35577435522026,0.807422969187675,0.10155783891282755,0.23696484759876676,131633.36167800435,3566.3619614512263,135199.72363945557,2698,2,380.62857142857143,34,1,19,33.15569412219644,0.6409313725490197,43.45238095238094,1026.1904761904748,30.182072829131613,0
3053,4,0,0,35,0.0,0.0,1.0,35,1000,700,300,0.7,13,7,6,403.51495436240384,0.8061624649859943,0.09895130962045062,0.2388132773827733,131725.00177154187,3630.6016156462497,135355.6033871881,2699,3,381.62857142857143,34,1,19,33.007412346824374,0.6418504901960784,43.363095238095234,1026.5476190476184,30.192577030812306,0
3054,4,0,0,35,0.0,0.0,1.0,35,1300,900,400,0.6923076923076923,17,9,8,402.08626311591524,0.807142857142857,0.09955626200410661,0.2389256389920191,131877.80612244896,3605.2508503401377,135483.0569727891,2700,4,382.62857142857143,34,1,19,32.88928488641632,0.6433823529411764,43.214285714285715,1027.142857142857,30.210084033613445,0
3055,4,0,0,35,0.0,0.0,1.0,35,850,700,150,0.8235294117647058,10,7,3,401.3650409385551,0.807142857142857,0.11325212255444783,0.23688407318138294,131619.4795971077,3567.5394658552464,135187.01906296297,2701,5,383.62857142857143,32,3,16,33.169527500922854,0.6455078124999998,43.46590909090911,1026.1363636363658,32.06676136363643,1
3056,4,1,1,35,0.027777777777777776,0.027777777777777776,0.9722222222222222,36,1400,1000,400,0.7142857142857143,18,10,8,390.9870040240664,0.8142526455026455,0.10393330758336528,0.23270467894673758,131938.95266439923,3117.2831632653206,135056.23582766455,2702,0,373.94444444444446,34,2,16,33.11244689069139,0.6439950980392156,43.15476190476191,1027.3809523809534,30.217086834733923,0
3057,4,1,1,35,0.027777777777777776,0.027777777777777776,0.9722222222222222,36,750,500,250,0.6666666666666666,10,5,5,389.8939457084906,0.8147486772486773,0.11312166248471933,0.2329919876258009,132091.88102324284,3100.364937641749,135192.24596088458,2703,0,374.9166666666667,34,2,18,32.98591005597375,0.6455269607843136,43.005952380952394,1027.9761904761922,30.234593837535066,0
3058,4,0,0,35,0.0,0.0,1.0,35,1150,900,250,0.782608695652174,14,9,5,388.1252734991316,0.8121848739495797,0.11185157012220315,0.2326866230228314,132214.28748582775,3263.1412981859503,135477.4287840137,2704,1,379.7142857142857,34,1,18,32.907695720955346,0.6467524509803921,42.886904761904766,1028.4523809523816,30.24859943977593,0
3059,4,1,0,36,0.027777777777777776,0.0,1.0,36,850,600,250,0.7058823529411765,11,6,5,381.9142971799189,0.8106481481481482,0.10803182676376544,0.23120647899954375,132581.8470096373,2927.10813492065,135508.95514455796,2705,0,370.1388888888889,34,2,19,32.696605402072976,0.6504289215686274,42.52976190476191,1029.8809523809534,30.29061624649863,0
3060,4,0,1,35,0.0,0.027777777777777776,0.9722222222222222,36,900,800,100,0.8888888888888888,10,8,2,378.59647921540477,0.8103505291005292,0.10508948976709576,0.22975974271599683,132673.81660997742,2845.967970521556,135519.784580499,2706,1,371.1388888888889,34,2,16,32.68936330020801,0.6513480392156862,42.4404761904762,1030.238095238096,30.301120448179297,0
3061,4,0,0,35,0.0,0.0,1.0,35,700,500,200,0.7142857142857143,9,5,4,387.59750566893393,0.8096638655462184,0.10888435374149652,0.23389504652435691,132461.07266436002,3268.3162725874845,135729.3889369475,2707,4,382.7142857142857,33,2,19,32.67212301587301,0.6515151515151514,42.64705882352942,1029.4117647058836,31.19429590017829,0
3062,4,1,0,36,0.027777777777777776,0.0,1.0,36,1550,1200,350,0.7741935483870968,19,12,7,381.86892344010863,0.812962962962963,0.10720700493938029,0.23299235410989672,132874.8981910153,2948.1588648834236,135823.0570558987,2708,0,373.05555555555554,35,1,18,32.40252207753331,0.6511904761904761,42.24537037037038,1031.01851851852,29.457671957672,0
3063,4,0,0,36,0.0,0.0,1.0,36,1500,1200,300,0.8,18,12,6,381.7482326034599,0.8117394179894181,0.10265402311749483,0.23347690464855428,132964.4113967123,2951.7858099708687,135916.19720668317,2709,1,374.05555555555554,35,1,18,32.315513597426396,0.6520833333333332,42.158564814814824,1031.3657407407422,29.467592592592634,0
3064,4,0,0,36,0.0,0.0,1.0,36,1350,1100,250,0.8148148148148148,16,11,5,385.1676172903237,0.8110449735449736,0.10297745878658748,0.23670156053603159,133143.52823055992,3056.515105238352,136200.04333579828,2710,2,375.05555555555554,35,1,18,32.04704964300401,0.6538690476190475,41.98495370370371,1032.060185185186,29.487433862433882,0
3065,4,0,1,35,0.0,0.027777777777777776,0.9722222222222222,36,550,300,250,0.5454545454545454,8,3,5,385.7040204990462,0.8102843915343916,0.10579726396052913,0.23722127274555152,133173.39275763044,3073.1026020233353,136246.49535965378,2711,3,376.05555555555554,35,1,18,32.00315840621963,0.6541666666666666,41.956018518518526,1032.175925925927,29.490740740740772,0
3066,4,0,0,35,0.0,0.0,1.0,35,1150,600,550,0.5217391304347826,17,6,11,392.05351199967737,0.8030112044817926,0.1086802407056302,0.2400808255460925,133011.31129535165,3429.510345805009,136440.82164115665,2712,4,387.57142857142856,34,1,18,32.002548567032136,0.6547181372549018,42.11309523809525,1031.5476190476204,30.339635854341775,0
3067,4,0,1,34,0.0,0.02857142857142857,0.9714285714285714,35,1000,700,300,0.7,13,7,6,393.0635359512821,0.8031512605042016,0.11379782096292979,0.24109565931279298,133072.72002551027,3461.206774376422,136533.92679988669,2713,5,388.57142857142856,34,1,18,31.91463789854236,0.6553308823529411,42.05357142857143,1031.785714285715,30.346638655462204,0
3068,4,0,0,34,0.0,0.0,1.0,34,1000,900,100,0.9,11,9,2,396.786891793773,0.8014334521687463,0.1088493843724232,0.24309694724308448,133029.3712153979,3756.862144367549,136786.23335976544,2714,6,395.05882352941177,33,1,18,31.862279242892203,0.6571969696969697,42.095588235294116,1031.6176470588234,31.261140819964346,0
3069,4,0,0,34,0.0,0.0,1.0,34,1200,800,400,0.6666666666666666,16,8,8,399.2301649788197,0.7987596553773025,0.1075358918496172,0.2458417331711678,133219.07439446362,3837.0146097654642,137056.08900422908,2715,7,396.05882352941177,33,1,18,31.60810383032605,0.6590909090909092,41.91176470588235,1032.35294117647,31.283422459893032,0
3070,4,0,0,34,0.0,0.0,1.0,34,850,800,50,0.9411764705882353,9,8,1,401.2666591133467,0.7982397504456329,0.11279512991999563,0.24751631549700268,133282.33882400987,3896.351763744702,137178.69058775457,2716,8,397.05882352941177,33,1,18,31.491811061001663,0.6597222222222223,41.850490196078425,1032.5980392156855,31.29084967320259,0
3071,4,0,0,34,0.0,0.0,1.0,34,1300,1100,200,0.8461538461538461,15,11,4,401.95979275806536,0.7978683897801545,0.11520422122337304,0.2483663587510978,133345.6182718185,3919.915417147252,137265.53368896575,2717,9,398.05882352941177,33,1,18,31.41018035121025,0.6603535353535354,41.78921568627451,1032.8431372549019,31.298276886512177,0
3072,4,0,1,33,0.0,0.029411764705882353,0.9705882352941176,34,1150,800,350,0.6956521739130435,15,8,7,403.5509885535902,0.7969771241830066,0.12144212523719178,0.25020161290322573,133472.22222222216,3972.6295174932675,137444.85173971544,2718,10,399.05882352941177,32,2,18,31.241599462365592,0.6640625,41.666666666666664,1033.333333333333,32.29166666666666,0
3073,4,0,0,33,0.0,0.0,1.0,33,750,600,150,0.8,9,6,3,403.32367734798225,0.7928503787878789,0.10633824193560315,0.2505013370842629,133537.46588358338,4171.764360779519,137709.2302443629,2719,11,394.6363636363636,32,1,18,31.18179412004234,0.6647135416666666,41.60353535353536,1033.5858585858591,32.2995580808081,0
3074,4,0,0,33,0.0,0.0,1.0,33,550,400,150,0.7272727272727273,7,4,3,405.65488499499656,0.7917455808080809,0.11150094003049538,0.25239378406831553,133602.72548719522,4239.319648505258,137842.04513570046,2720,12,395.6363636363636,32,1,18,31.05586427291972,0.6653645833333334,41.54040404040404,1033.838383838384,32.3074494949495,0
3075,4,0,0,33,0.0,0.0,1.0,33,900,600,300,0.6666666666666666,12,6,6,407.12356426348265,0.7890625000000001,0.11154889142924773,0.2539793689933121,133700.6447843333,4286.536609784718,137987.18139411803,2721,13,396.6363636363636,32,1,16,30.919352541407243,0.6663411458333334,41.44570707070707,1034.217171717172,32.31928661616163,0
3076,4,0,0,33,0.0,0.0,1.0,33,600,400,200,0.6666666666666666,8,4,4,405.64507246017456,0.7892992424242425,0.11034416429924243,0.2532808257312309,133733.29252117127,4249.650227017647,137982.9427481889,2722,14,397.6363636363636,32,1,16,30.924733479817704,0.6666666666666667,41.41414141414141,1034.343434343434,32.32323232323231,0
3077,4,0,0,33,0.0,0.0,1.0,33,600,300,300,0.5,9,3,6,405.64507246017456,0.7892992424242425,0.11034416429924243,0.2532808257312309,133733.29252117127,4249.650227017647,137982.9427481889,2723,15,398.6363636363636,32,1,16,30.924733479817704,0.6666666666666667,41.41414141414141,1034.343434343434,32.32323232323231,0
3078,4,0,0,33,0.0,0.0,1.0,33,1200,900,300,0.75,15,9,6,406.2152310147063,0.7889046717171718,0.10700884654770215,0.2547625285866523,133896.5909888021,4278.166928119572,138174.7579169217,2724,16,399.6363636363636,32,1,17,30.74575047781709,0.6682942708333334,41.25631313131313,1034.974747474747,32.34296085858584,0
3079,4,0,0,33,0.0,0.0,1.0,33,950,500,450,0.5263157894736842,14,5,9,406.0753777998525,0.7895359848484849,0.10243895191186181,0.24611908856546802,132625.5053693502,4171.19043975106,136796.69580910125,2725,17,400.6363636363636,32,1,17,32.03042003759091,0.6555989583333333,42.487373737373744,1030.050505050506,32.18907828282831,2
3080,4,1,1,33,0.029411764705882353,0.029411764705882353,0.9705882352941176,34,900,800,100,0.8888888888888888,10,8,2,391.24516277653476,0.8003565062388592,0.10053577940475189,0.23374390494085306,132082.88278546729,3538.0520354624664,135620.93482092975,2726,0,389.8235294117647,33,1,19,32.96028055952949,0.6477272727272727,43.01470588235295,1027.9411764705894,31.14973262032089,4
3081,4,0,0,33,0.0,0.0,1.0,33,850,500,350,0.5882352941176471,12,5,7,401.33820189521504,0.7900883838383839,0.10717797443461174,0.23869061481136467,131911.15702479336,3988.1973140495816,135899.35433884294,2727,19,402.6363636363636,32,1,19,32.87472345132744,0.6484375,43.18181818181818,1027.272727272727,32.10227272727272,0
3082,4,0,1,32,0.0,0.030303030303030304,0.9696969696969697,33,1150,800,350,0.6956521739130435,15,8,7,408.57245921691367,0.7900883838383839,0.1195719030631075,0.24154803788903934,131684.26890432095,4160.513117283952,135844.78202160491,2728,20,403.6363636363636,32,1,17,32.91892196662157,0.6461588541666666,43.40277777777778,1026.3888888888887,32.07465277777777,2
3083,4,1,0,33,0.030303030303030304,0.0,1.0,33,1050,600,450,0.5714285714285714,15,6,9,401.578408905988,0.7970328282828284,0.10492234532301281,0.2395189571184651,132019.90370290293,4003.2685745867147,136023.17227748965,2729,0,389.6969696969697,33,0,18,32.75846649177199,0.6470959595959596,43.07598039215687,1027.696078431374,31.14230540701133,0
3084,4,0,0,33,0.0,0.0,1.0,33,900,600,300,0.6666666666666666,12,6,6,404.95919214904364,0.7946654040404041,0.1134413727359389,0.24274411003676974,132208.88600538264,4107.840734332961,136316.7267397156,2730,1,390.6969696969697,33,0,18,32.480338417540516,0.648989898989899,42.892156862745104,1028.4313725490204,31.16458704694001,0
3085,4,0,0,33,0.0,0.0,1.0,33,400,300,100,0.75,5,3,2,407.6202688523789,0.79458648989899,0.11661954948026643,0.24454302476611992,132240.39619677534,4180.773170174942,136421.1693669503,2731,2,391.6969696969697,33,0,18,32.38003395686882,0.6493055555555554,42.86151960784314,1028.553921568628,31.16830065359479,0
3086,4,0,1,32,0.0,0.030303030303030304,0.9696969696969697,33,1150,1000,150,0.8695652173913043,13,10,3,418.5491321293182,0.7943497474747475,0.11317795486259286,0.2475185902907288,131695.40617201067,4444.301535706486,136139.70770771714,2732,3,392.6969696969697,31,2,16,32.651618461668576,0.6488575268817204,43.391927083333336,1026.432291666667,33.11071908602152,5
3087,4,2,1,33,0.058823529411764705,0.029411764705882353,0.9705882352941176,34,950,800,150,0.8421052631578947,11,8,3,399.3782721026241,0.8035502079619727,0.11072169573263091,0.23939874710608763,132208.88600538275,3760.271289888531,135969.1572952713,2733,0,375.97058823529414,33,1,17,32.623828249126156,0.6489898989898989,42.89215686274511,1028.4313725490213,31.16458704694004,0
3088,4,0,0,33,0.0,0.0,1.0,33,600,500,100,0.8333333333333334,7,5,2,408.7064113225843,0.7952178030303031,0.11868779948396613,0.24369681185014777,132008.45457415067,4190.540346648314,136198.99492079898,2734,1,388.3636363636364,32,1,17,32.586927140926406,0.6494140625,43.08712121212122,1027.651515151516,32.11410984848487,0
3089,4,0,0,33,0.0,0.0,1.0,33,1150,900,250,0.782608695652174,14,9,5,407.0981719579101,0.7943497474747475,0.11571060066330907,0.24315379441741364,132073.33953486898,4153.363017804315,136226.7025526733,2735,2,389.3636363636364,32,1,18,32.56254350407403,0.6500651041666666,43.0239898989899,1027.904040404041,32.122001262626284,0
3090,4,0,0,33,0.0,0.0,1.0,33,850,700,150,0.8235294117647058,10,7,3,407.04631862410935,0.7915877525252526,0.11982811540822591,0.243958224076039,132203.15728305787,4162.561696510562,136365.71897956842,2736,3,390.3636363636364,32,1,18,32.43247391037446,0.6513671875,42.89772727272727,1028.409090909091,32.13778409090909,0
3091,4,2,2,33,0.05714285714285714,0.05714285714285714,0.9428571428571428,35,800,500,300,0.625,11,5,6,390.1538894897875,0.8037114845938375,0.10941844260902078,0.23662580050874124,132650.37035034603,3350.9550671467714,136001.3254174928,2737,0,369.0,33,2,14,32.41533825045602,0.6534090909090909,42.463235294117645,1030.1470588235293,31.216577540106947,0
3092,4,0,1,32,0.0,0.030303030303030304,0.9696969696969697,33,800,400,400,0.5,12,4,8,409.5243156248577,0.790719696969697,0.12567501227295041,0.24607700027369767,132300.56244260792,4236.059458218553,136536.62190082646,2738,5,392.3636363636364,32,1,18,32.27018900343642,0.65234375,42.803030303030305,1028.787878787879,32.14962121212122,0
3093,4,0,0,32,0.0,0.0,1.0,32,500,300,200,0.6,7,3,4,412.3253415634764,0.789986559139785,0.12628067484662586,0.24818696704153115,132365.51914345476,4515.531578410367,136881.05072186512,2739,6,397.6875,32,0,18,32.13241308793456,0.6529947916666667,42.73989898989899,1029.040404040404,32.15751262626262,0
3094,4,1,1,32,0.030303030303030304,0.030303030303030304,0.9696969696969697,33,800,400,400,0.5,12,4,8,402.5882376575892,0.79458648989899,0.11594687222673983,0.24464055156541975,132723.06596584537,4086.553030303033,136809.6189961484,2740,0,386.6060606060606,32,1,14,32.02170894089777,0.6565755208333334,42.39267676767677,1030.4292929292933,32.200915404040416,0
3095,4,1,0,33,0.030303030303030304,0.0,1.0,33,700,500,200,0.7142857142857143,9,5,4,404.288545137658,0.7964804292929294,0.13877296653646298,0.2473882490808635,132983.402921258,4152.733298898074,137136.13622015607,2741,0,387.57575757575756,32,1,15,31.715173215815906,0.6591796875,42.140151515151516,1031.4393939393938,32.232481060606055,0
3096,4,0,0,33,0.0,0.0,1.0,33,700,600,100,0.8571428571428571,8,6,2,402.0824248953135,0.7972695707070708,0.13321317445659675,0.2464677789812158,133048.52701573816,4099.294874247524,137147.82188998567,2742,1,388.57575757575756,32,1,16,31.706390486680554,0.6598307291666667,42.0770202020202,1031.691919191919,32.24037247474747,0
3097,4,1,0,34,0.029411764705882353,0.0,1.0,34,800,700,100,0.875,9,7,2,393.50514956492594,0.8010249554367201,0.1390263306651407,0.24334958955852987,133377.26362757114,3696.9280144655895,137074.19164203672,2743,0,378.11764705882354,33,1,18,31.596645509550356,0.6606691919191918,41.75857843137255,1032.9656862745098,31.301990493166965,0
3098,4,0,0,34,0.0,0.0,1.0,34,1000,700,300,0.7,13,7,6,394.1423173238491,0.8005793226381462,0.13860961298289975,0.24415972647739703,133440.56560277304,3718.91475033642,137159.48035310945,2744,1,379.11764705882354,33,1,18,31.516501601233546,0.661300505050505,41.69730392156863,1033.210784313726,31.309417706476545,0
3099,4,0,0,34,0.0,0.0,1.0,34,1050,600,450,0.5714285714285714,15,6,9,402.3573145257295,0.7984625668449198,0.14657095065514358,0.2511757200145826,133725.61034217608,3961.0954921184175,137686.7058342945,2745,2,380.11764705882354,33,1,15,31.017476303317533,0.6641414141414141,41.42156862745098,1034.313725490196,31.342840166369577,0
3100,4,0,0,34,0.0,0.0,1.0,34,950,400,550,0.42105263157894735,15,4,11,404.44460800736755,0.7974970291146762,0.14597207902583142,0.2533479428793925,133852.39451172622,4027.1758458285235,137879.57035755474,2746,3,381.11764705882354,33,1,15,30.835997947260378,0.6654040404040404,41.299019607843135,1034.8039215686272,31.357694592988704,0
3101,4,1,1,34,0.02857142857142857,0.02857142857142857,0.9714285714285714,35,900,600,300,0.6666666666666666,12,6,6,397.7359892394827,0.8018907563025209,0.14412078444243903,0.2518030390057961,134242.1786422903,3678.5891439909374,137920.76778628124,2747,0,371.2,34,1,15,30.618179207352107,0.6669730392156863,40.92261904761905,1036.309523809524,30.479691876750707,0
3102,4,0,0,34,0.0,0.0,1.0,34,700,400,300,0.5714285714285714,10,4,6,407.48916685275316,0.7941547831253715,0.15447788201887458,0.25702227151040824,134106.1430699731,4129.360101883893,138235.50317185698,2748,5,383.11764705882354,33,1,15,30.502149392648676,0.6679292929292928,41.05392156862745,1035.7843137254904,31.387403446226983,0
3103,4,0,1,33,0.0,0.029411764705882353,0.9705882352941176,34,1000,800,200,0.8,12,8,4,406.04775288177785,0.7929664289958408,0.15524151463282276,0.25655662951140135,134169.6177551903,4095.854358900422,138265.47211409072,2749,6,384.11764705882354,33,1,15,30.475711694661307,0.6685606060606061,40.99264705882353,1036.0294117647059,31.39483065953654,0
3104,4,0,0,33,0.0,0.0,1.0,33,600,300,300,0.5,9,3,6,398.92176906809755,0.785116792929293,0.151874920363666,0.22748105956873357,130294.81207274791,3803.4320471986243,134098.24411994652,2750,7,396.1515151515151,32,1,18,34.5780258059197,0.6321614583333333,44.760101010101025,1020.9595959595979,31.904987373737434,8
3105,4,1,1,33,0.029411764705882353,0.029411764705882353,0.9705882352941176,34,650,400,250,0.6153846153846154,9,4,5,387.4487024509083,0.7926322043969103,0.13623348871978935,0.22272292399331706,130606.84479827492,3320.690509659773,133927.53530793468,2751,0,385.47058823529414,33,1,18,34.55358570115493,0.632891414141414,44.45465686274511,1022.1813725490214,30.9751931075461,0
3106,4,0,0,33,0.0,0.0,1.0,33,1050,800,250,0.7619047619047619,13,8,5,386.4941516731106,0.784564393939394,0.12909749917623925,0.20574449151939833,127569.89282024786,3261.0035009182625,130830.89632116612,2752,9,398.1515151515151,32,1,16,37.682008498937634,0.6044921875,47.44318181818181,1010.2272727272721,31.569602272727252,4
3107,4,1,1,33,0.029411764705882353,0.029411764705882353,0.9705882352941176,34,1200,900,300,0.75,15,9,6,378.1464079682712,0.7937091503267975,0.12049703602371187,0.2032536942829456,127958.47750865034,2877.407727796979,130835.88523644731,2753,0,387.4117647058824,33,1,17,37.493943798449614,0.6060606060606062,47.058823529411754,1011.7647058823516,30.65953654188944,0
3108,4,1,0,34,0.029411764705882353,0.0,1.0,34,850,600,250,0.7058823529411765,11,6,5,375.4744137092151,0.7946375519904932,0.12441358002719438,0.2029133473171514,128175.553347871,2825.3281490292175,131000.88149690021,2754,0,388.38235294117646,33,1,19,37.33901629755133,0.6082702020202021,46.84436274509804,1012.6225490196077,30.68553178847296,0
3109,4,1,1,34,0.02857142857142857,0.02857142857142857,0.9714285714285714,35,1000,800,200,0.8,12,8,4,369.12704098133185,0.8004201680672268,0.12090620964901988,0.20144735823958793,128566.75347222228,2491.4930555555607,131058.24652777784,2755,0,378.25714285714287,34,1,17,37.099424815119136,0.6099877450980392,46.458333333333336,1014.1666666666671,29.828431372549034,0
3110,4,2,2,34,0.05555555555555555,0.05555555555555555,0.9444444444444444,36,950,800,150,0.8421052631578947,11,8,3,365.14939710637395,0.8123015873015873,0.12774233159900272,0.2014403682214106,128995.54887099189,2220.5293799296915,131216.07825092156,2756,0,368.69444444444446,35,1,19,36.762395085640506,0.612202380952381,46.035879629629626,1015.856481481481,29.024470899470884,0
3111,4,1,1,34,0.02857142857142857,0.02857142857142857,0.9714285714285714,35,1000,500,500,0.5,15,5,10,367.9706264161714,0.8088935574229691,0.13641157857728836,0.20296660343950798,128989.67013888882,2492.88194444444,131482.55208333326,2757,0,379.8285714285714,34,1,20,36.69674596663933,0.6142769607843137,46.041666666666664,1015.8333333333327,29.877450980392137,0
3112,4,0,0,34,0.0,0.0,1.0,34,1150,800,350,0.6956521739130435,15,8,7,380.32480599964225,0.7998737373737375,0.14521393599659427,0.20991295883735236,129014.56921616681,3013.4882016532074,132028.05741782003,2758,2,392.0,33,1,21,36.35755930840371,0.6167929292929293,46.0171568627451,1015.9313725490192,30.785799168152096,0
3113,4,1,1,34,0.02857142857142857,0.02857142857142857,0.9714285714285714,35,450,200,250,0.4444444444444444,7,2,5,371.88977738286655,0.8085434173669467,0.14040186642331975,0.20639260755489236,129232.53864198859,2612.18716959822,131844.7258115868,2759,0,381.77142857142854,33,2,21,36.34935820175967,0.6190025252525253,45.80269607843137,1016.789215686274,30.811794414735576,0
3114,4,1,0,35,0.02857142857142857,0.0,1.0,35,1000,700,300,0.7,13,7,6,371.8871092194211,0.8075630252100839,0.14602792074776616,0.2067174225995965,129294.84941188479,2616.6175569492366,131911.46696883402,2760,0,382.74285714285713,33,2,22,36.285872795919175,0.6196338383838385,45.741421568627445,1017.0343137254897,30.819221628045142,0
3115,4,0,0,35,0.0,0.0,1.0,35,900,500,400,0.5555555555555556,13,5,8,370.8371858307159,0.807282913165266,0.14509783674944488,0.2064600589926741,129357.17520004316,2594.09016363897,131951.26536368212,2761,1,383.74285714285713,33,2,22,36.24902120226478,0.6202651515151516,45.68014705882352,1017.2794117647052,30.826648841354704,0
3116,4,1,2,34,0.027777777777777776,0.05555555555555555,0.9444444444444444,36,1150,800,350,0.6956521739130435,15,8,7,359.69689670283753,0.8127645502645503,0.12883778156350578,0.20263155313298037,129819.89354263117,2139.16256751543,131959.0561101466,2762,0,374.05555555555554,35,1,19,36.061541737649065,0.6205357142857143,45.22569444444444,1019.0972222222222,29.11706349206349,0
3117,4,2,1,35,0.05555555555555555,0.027777777777777776,0.9722222222222222,36,1300,1100,200,0.8461538461538461,15,11,4,359.9491257156154,0.8075066137566138,0.1364487572352744,0.20369375380091748,129996.88042534713,2158.4526909722126,132155.33311631935,2763,0,374.94444444444446,35,1,20,35.87525536261491,0.6223214285714285,45.05208333333333,1019.7916666666658,29.136904761904738,0
3118,4,0,0,35,0.0,0.0,1.0,35,650,400,250,0.6153846153846154,9,4,5,365.12682053505745,0.7988795518207282,0.13805185704274692,0.20594307229388428,129867.9209183674,2483.6522108843583,132351.57312925174,2764,1,386.65714285714284,34,1,20,35.874357626722706,0.6231617647058822,45.17857142857143,1019.2857142857148,29.97899159663867,0
3119,4,0,0,35,0.0,0.0,1.0,35,700,500,200,0.7142857142857143,9,5,4,365.0427059446171,0.7990896358543417,0.1366024518388791,0.20637562880631308,129958.94451530604,2488.1129535147275,132447.05746882077,2765,2,387.65714285714284,34,1,20,35.78395602257249,0.6240808823529412,45.08928571428571,1019.6428571428565,29.98949579831931,0
3120,4,0,1,34,0.0,0.02857142857142857,0.9714285714285714,35,1300,900,400,0.6923076923076923,17,9,8,366.350405264298,0.7980392156862745,0.13770568327692856,0.20776020004697335,130080.35891439897,2530.9984410430684,132611.35735544204,2766,3,388.65714285714284,34,1,20,35.6272124324114,0.6253063725490197,44.97023809523809,1020.1190476190466,30.003501400560193,0
3121,4,0,0,34,0.0,0.0,1.0,34,900,600,300,0.6666666666666666,12,6,6,369.36667742180305,0.7980912061794415,0.12738266038122603,0.20927425841944608,130043.7500750911,2806.765576941534,132850.51565203263,2767,4,391.44117647058823,33,1,20,35.58750350434538,0.627209595959596,45.00612745098038,1019.9754901960767,30.908348187759902,0
3122,4,1,0,35,0.02857142857142857,0.0,1.0,35,500,200,300,0.4,8,2,6,357.16489307017497,0.8040616246498599,0.12240710205033412,0.20381924736280008,130323.35778061197,2309.3856292516657,132632.74340986364,2768,0,381.22857142857146,34,1,21,35.61487116707473,0.6277573529411766,44.73214285714284,1021.0714285714263,30.03151260504195,0
3123,4,0,0,35,0.0,0.0,1.0,35,1200,1000,200,0.8333333333333334,14,10,4,357.03766039073116,0.8051120448179271,0.12202769271734826,0.2048670639568205,130536.1678004534,2321.2655895691487,132857.43339002255,2769,1,382.22857142857146,34,1,20,35.40234739049395,0.6299019607843137,44.52380952380952,1021.904761904761,30.05602240896356,0
3124,4,1,0,36,0.027777777777777776,0.0,1.0,36,850,500,350,0.5882352941176471,12,5,7,367.37038474125285,0.8105489417989419,0.1407168037602824,0.19912878816229687,128295.24518140586,2239.558531746028,130534.8037131519,2770,0,372.5833333333333,34,2,21,37.42166079122599,0.6072303921568627,46.726190476190474,1013.0952380952378,29.796918767506995,5
3125,4,2,2,36,0.05263157894736842,0.05263157894736842,0.9473684210526316,38,750,400,350,0.5333333333333333,11,4,7,350.3211162440456,0.8218646277856805,0.1357654175376315,0.19231391850327834,128800.98637488857,1424.3410640370266,130225.3274389256,2771,0,353.92105263157896,36,2,17,37.33729014126174,0.6082175925925926,46.227477477477485,1015.0900900900915,28.196946946946987,0
3126,4,1,1,36,0.02702702702702703,0.02702702702702703,0.972972972972973,37,1100,700,400,0.6363636363636364,15,7,8,356.6427686610901,0.8222597597597597,0.13651607812191746,0.19544023722627737,128731.13854595338,1782.2059327846391,130513.34447873801,2772,0,364.2432432432432,35,2,17,37.24813716545012,0.6095238095238095,46.2962962962963,1014.814814814815,28.994708994709,0
3127,4,0,0,36,0.0,0.0,1.0,36,1100,700,400,0.6363636363636364,15,7,8,367.62064980730196,0.8128637566137566,0.14664658791624308,0.20108236056853837,128657.32001133788,2259.417517006804,130916.73752834469,2773,2,375.3611111111111,34,2,17,37.04505006649456,0.610906862745098,46.36904761904762,1014.5238095238096,29.838935574229694,0
3128,4,2,0,38,0.05263157894736842,0.0,1.0,38,950,700,250,0.7368421052631579,12,7,5,351.48901362821914,0.8224573257467994,0.14798003649869118,0.19477540368458773,129172.76810171655,1480.5617695398043,130653.32987125636,2774,0,356.55263157894734,36,2,19,36.92879694250581,0.6119791666666667,45.861486486486484,1016.5540540540537,28.237612612612605,0
3129,4,0,0,38,0.0,0.0,1.0,38,1000,700,300,0.7,13,7,6,353.7355549583446,0.823316737790422,0.1494823123382225,0.19616244411326356,129201.3888888887,1540.6281704001049,130742.0170592888,2775,1,357.55263157894734,35,3,19,36.842554644808736,0.6142857142857143,45.83333333333332,1016.6666666666652,29.047619047619005,0
3130,4,1,2,37,0.02564102564102564,0.05128205128205128,0.9487179487179487,39,950,600,350,0.631578947368421,13,6,7,341.7801095627269,0.8294534412955465,0.13978018735708475,0.1909152429065466,129487.771132619,1051.2689209479583,130539.04005356696,2776,0,349.35897435897436,36,3,15,36.855268495979935,0.6151620370370372,45.551801801801794,1017.7927927927919,28.272022022022,0
3131,4,0,0,37,0.0,0.0,1.0,37,1050,1000,50,0.9523809523809523,11,10,1,352.44816271891364,0.8193818818818819,0.1535663911044205,0.19635084736609065,129383.00028344648,1720.1601473922615,131103.16043083873,2777,3,367.4054054054054,34,3,21,36.69041071846477,0.6182598039215688,45.65476190476189,1017.3809523809506,29.92296918767502,0
3132,4,1,0,38,0.02631578947368421,0.0,1.0,38,800,600,200,0.75,10,6,4,347.7364345430735,0.8252430061640588,0.1567614924141396,0.19530493684834632,129701.96926708233,1420.420069230091,131122.38933631242,2778,0,358.7105263157895,35,3,17,36.4860290497292,0.6193452380952382,45.341435185185176,1018.634259259258,29.103835978835942,0
3133,4,1,2,37,0.02564102564102564,0.05128205128205128,0.9487179487179487,39,1100,800,300,0.7272727272727273,14,8,6,339.06762405221616,0.8312528115159694,0.1483973650971664,0.1916303538182748,129946.6421658144,1012.13984254524,130958.78200835963,2779,0,350.4871794871795,36,3,17,36.45856343420955,0.6197916666666667,45.10135135135135,1019.5945945945941,28.32207207207206,0
3134,4,0,0,37,0.0,0.0,1.0,37,1400,1000,400,0.7142857142857143,18,10,8,355.5118255805717,0.820508008008008,0.15078036671867,0.19989948773446342,129746.60572562365,1825.2905328798256,131571.8962585035,2780,2,370.2972972972973,34,3,19,36.242648204409136,0.6219362745098038,45.29761904761905,1018.8095238095243,29.964985994397775,0
3135,4,1,1,37,0.02631578947368421,0.02631578947368421,0.9736842105263158,38,950,700,250,0.7368421052631579,12,7,5,348.15943745157364,0.8300142247510669,0.15804577669338915,0.19763937990672065,130118.92804967143,1460.4265583150925,131579.35460798652,2781,0,361.5263157894737,36,2,20,36.052014348785896,0.6215277777777777,44.93243243243244,1020.2702702702715,28.340840840840873,0
3136,4,2,2,37,0.05128205128205128,0.05128205128205128,0.9487179487179487,39,1000,800,200,0.8,12,8,4,339.2338869760129,0.8388439046333783,0.1515912313736434,0.1938730452510582,130380.7656035666,1046.0733005277664,131426.83890409436,2782,0,352.9230769230769,35,4,21,36.01446811725598,0.6261904761904762,44.67592592592593,1021.2962962962969,29.179894179894195,0
3137,4,1,1,37,0.02631578947368421,0.02631578947368421,0.9736842105263158,38,950,600,350,0.631578947368421,13,6,7,344.8424452363706,0.8384009009009009,0.14233599037818356,0.19678733551512656,130323.35778061232,1388.2050736961546,131711.5628543085,2783,0,354.05263157894734,34,4,21,35.92942365240373,0.6277573529411764,44.73214285714286,1021.0714285714292,30.031512605042035,0
3138,4,1,1,37,0.02631578947368421,0.02631578947368421,0.9736842105263158,38,1000,800,200,0.8,12,8,4,345.9545187429311,0.8400011853959223,0.1487935656836461,0.1977311003528053,130384.14292800458,1421.3966836734776,131805.53961167808,2784,0,355.0263157894737,34,4,21,35.83945292769166,0.6283700980392157,44.67261904761905,1021.3095238095242,30.038515406162475,0
3139,4,1,1,37,0.02631578947368421,0.02631578947368421,0.9736842105263158,38,600,300,300,0.5,9,3,6,346.36094810082585,0.83650426742532,0.14923729905114724,0.1982737355339018,130444.94224773248,1436.2067743764233,131881.1490221089,2785,0,356.0,34,4,22,35.76749019150837,0.6289828431372548,44.61309523809524,1021.5476190476195,30.045518207282925,0
3140,4,1,1,37,0.02631578947368421,0.02631578947368421,0.9736842105263158,38,1100,1000,100,0.9090909090909091,12,10,2,350.38617707641913,0.8385787102892366,0.15247091864579287,0.20089275603519752,130505.75573979596,1545.4825680272156,132051.23830782317,2786,0,356.9736842105263,34,4,15,35.60308167307469,0.629595588235294,44.55357142857143,1021.7857142857147,30.052521008403374,0
3141,4,1,3,35,0.02631578947368421,0.07894736842105263,0.9210526315789473,38,1050,800,250,0.7619047619047619,13,8,5,361.7392532121102,0.834755808440019,0.13222458691025607,0.20362866913551264,129790.4074502743,1790.0570130315427,131580.46446330583,2787,0,357.94736842105266,35,3,18,36.0394896259276,0.6202380952380953,45.254629629629626,1018.9814814814811,29.113756613756603,3
3142,4,0,0,35,0.0,0.0,1.0,35,1150,800,350,0.6956521739130435,15,8,7,384.50367624314134,0.8228991596638655,0.15546876344178528,0.21440792638326397,129419.51600646375,2952.455936418668,132371.9719428824,2788,6,388.7142857142857,33,2,20,35.83782468184189,0.6208964646464648,45.6188725490196,1017.5245098039206,30.834076054664262,0
3143,4,1,0,36,0.027777777777777776,0.0,1.0,36,1250,1000,250,0.8,15,10,5,377.25559714035785,0.8273809523809524,0.156663031341695,0.21212571618444004,129746.60572562339,2589.526643990908,132336.1323696143,2789,0,378.8888888888889,34,2,19,35.688829165692916,0.621936274509804,45.29761904761904,1018.8095238095223,29.964985994397715,0
3144,4,1,0,37,0.02702702702702703,0.0,1.0,37,1100,900,200,0.8181818181818182,13,9,4,368.3649616464728,0.8363363363363363,0.17323288359804634,0.20956401495474783,130203.51750042844,2192.4827460562146,132396.00024648465,2790,0,369.6216216216216,35,2,20,35.45068798669388,0.6244047619047619,44.849537037037024,1020.6018518518499,29.160052910052855,0
3145,4,2,1,38,0.05128205128205128,0.02564102564102564,0.9743589743589743,39,1300,1200,100,0.9230769230769231,14,12,2,348.45163521987007,0.8427800269905533,0.16133184296988845,0.20135716630644376,130809.2129291452,1316.1502253160188,132125.36315446123,2791,0,351.61538461538464,36,3,18,35.34534162630268,0.6284722222222223,44.25675675675675,1022.9729729729717,28.41591591591588,0
3146,4,0,0,38,0.0,0.0,1.0,38,500,200,300,0.4,8,2,6,358.20169392220515,0.8372451398767188,0.1711538919730291,0.20659726941883844,130735.62349965704,1765.94435871056,132501.5678583676,2792,1,361.86842105263156,35,3,18,35.170514561641774,0.6297619047619047,44.3287037037037,1022.685185185185,29.219576719576715,0
3147,4,1,1,38,0.02564102564102564,0.02564102564102564,0.9743589743589743,39,1150,900,250,0.782608695652174,14,9,5,360.2992312525974,0.8363697705802969,0.20641203951356957,0.21087770285022087,131300.02891514695,1661.4598963142485,132961.4888114612,2793,0,353.56410256410254,37,2,20,34.54573214222032,0.6314752252252251,43.77741228070175,1024.8903508771928,27.6997392128971,0
3148,4,1,0,39,0.02564102564102564,0.0,1.0,39,1450,1000,450,0.6896551724137931,19,10,9,363.0227814776681,0.8383378317588844,0.21278811441266354,0.21395172440279606,131565.50068587117,1752.2608125624763,133317.76149843365,2794,0,354.43589743589746,35,4,18,34.2076564380265,0.638095238095238,43.518518518518526,1025.9259259259268,29.312169312169335,0
3149,4,0,0,39,0.0,0.0,1.0,39,1100,800,300,0.7272727272727273,14,8,6,359.9343644703845,0.8380566801619433,0.2086896192871388,0.2131253546630382,131743.67310742466,1683.8150505829997,133427.48815800768,2795,1,355.43589743589746,35,4,18,34.107008643367145,0.6398809523809523,43.34490740740741,1026.6203703703711,29.332010582010604,0
3150,4,0,0,39,0.0,0.0,1.0,39,900,600,300,0.6666666666666666,12,6,6,359.2539521940829,0.8376068376068376,0.21069970264154847,0.21322142594101,131832.80452942825,1672.2912112054262,133505.09574063367,2796,2,356.43589743589746,35,4,19,34.034547691498545,0.6407738095238094,43.258101851851855,1026.9675925925933,29.341931216931236,0
3151,4,0,0,39,0.0,0.0,1.0,39,700,500,200,0.7142857142857143,9,5,4,362.81245784566585,0.8372694556905084,0.21328710725893885,0.21567049989151257,131892.24222232934,1770.4297142918383,133662.6719366212,2797,3,357.43589743589746,35,4,19,33.88321596244133,0.6413690476190477,43.20023148148148,1027.1990740740737,29.34854497354496,0
3152,4,0,1,38,0.0,0.02564102564102564,0.9743589743589743,39,950,600,350,0.631578947368421,13,6,7,362.45106392302347,0.8368758434547908,0.20664013759147437,0.21586184773065725,131963.74584043512,1766.0800158266454,133729.82585626177,2798,4,358.43589743589746,36,3,19,33.82037300891421,0.6400462962962963,43.130630630630634,1027.4774774774783,28.541041041041062,0
3153,4,0,1,37,0.0,0.02631578947368421,0.9736842105263158,38,900,600,300,0.6666666666666666,12,6,6,361.13089885532014,0.8352892366050261,0.20045277577505471,0.21523967681611994,131992.6741564199,1933.3266120850599,133926.00076850495,2799,5,363.8421052631579,36,2,19,33.82511415525114,0.6403356481481481,43.10247747747748,1027.59009009009,28.544169169169166,0
3154,4,0,0,37,0.0,0.0,1.0,37,600,400,200,0.6666666666666666,8,4,4,363.06647096618616,0.8347722722722722,0.18720221262129888,0.2167238509161794,132050.54029959018,2188.6247311500756,134239.16503074026,2800,6,353.8378378378378,36,1,20,33.71703918775794,0.6409143518518519,43.046171171171174,1027.8153153153157,28.550425425425438,0
3155,4,0,0,37,0.0,0.0,1.0,37,1400,1100,300,0.7857142857142857,17,11,6,366.75337853977544,0.8334584584584585,0.19267559280699875,0.21976324493603874,132195.261139518,2296.6117299732273,134491.87286949123,2801,7,354.8378378378378,36,1,20,33.47637428821726,0.642361111111111,42.90540540540541,1028.3783783783792,28.56606606606609,0
3156,4,0,0,37,0.0,0.0,1.0,37,1450,1000,450,0.6896551724137931,19,10,9,372.15794895514074,0.8336461461461462,0.17579076017363215,0.2132426680714093,130481.60750973172,2333.0651799030156,132814.67268963472,2802,8,355.8378378378378,33,4,19,35.07144356483148,0.631628787878788,44.577205882352935,1021.6911764705873,30.96033868092689,4
3157,4,2,1,38,0.05128205128205128,0.02564102564102564,0.9743589743589743,39,600,400,200,0.6666666666666666,8,4,4,354.6247551198453,0.8412618083670715,0.1712705741189975,0.20626990194248968,131061.33355034706,1495.5186631944237,132556.85221354148,2803,0,338.53846153846155,35,4,18,34.932392336385206,0.6330357142857144,44.01041666666666,1023.958333333332,29.255952380952344,0
3158,4,0,0,38,0.0,0.0,1.0,38,1100,800,300,0.7272727272727273,14,8,6,368.60787772528755,0.8373044096728307,0.18145590773864217,0.21385226266410376,130962.3086734692,2054.7477324262827,133017.05640589548,2804,1,348.44736842105266,34,4,18,34.67473055749399,0.6341911764705883,44.10714285714285,1023.5714285714271,30.105042016806678,0
3159,4,0,0,38,0.0,0.0,1.0,38,850,500,350,0.5882352941176471,12,5,7,369.0908814048344,0.8356744902797535,0.19063423407991054,0.21498231907419038,131114.67013888896,2078.6458333333376,133193.3159722223,2805,2,349.44736842105266,34,4,19,34.50806889069703,0.6357230392156863,43.958333333333336,1024.1666666666672,30.12254901960786,0
3160,4,0,0,38,0.0,0.0,1.0,38,850,600,250,0.7058823529411765,11,6,5,370.5580942145745,0.8344298245614035,0.19754116906067876,0.21652366034656112,131236.62308673482,2126.1585884353894,133362.7816751702,2806,3,350.44736842105266,34,4,20,34.34704310444985,0.6369485294117647,43.83928571428572,1024.6428571428582,30.136554621848774,0
3161,4,0,0,38,0.0,0.0,1.0,38,800,500,300,0.625,11,5,6,370.48053407363307,0.8333036984352774,0.19426615318784712,0.2169957413859853,131328.12500000015,2130.902777777791,133459.02777777793,2807,4,351.44736842105266,34,4,20,34.25643631436313,0.6378676470588235,43.75000000000001,1025.0000000000011,30.147058823529445,0
3162,4,0,1,37,0.0,0.02631578947368421,0.9736842105263158,38,1100,700,400,0.6363636363636364,15,7,8,368.7268187833914,0.8327406353722143,0.1884564865442766,0.2168315046975373,131480.69905045375,2096.091978458075,133576.79102891183,2808,5,352.44736842105266,34,4,20,34.14707873863416,0.6393995098039214,43.60119047619049,1025.59523809524,30.164565826330584,0
3163,4,0,0,37,0.0,0.0,1.0,37,900,700,200,0.7777777777777778,11,7,4,368.41777298708405,0.8305180180180181,0.1808533992335335,0.2171699293845892,131572.28599773263,2294.7137188208844,133866.99971655352,2809,6,357.3243243243243,34,3,15,34.06242747737295,0.6403186274509802,43.51190476190477,1025.9523809523826,30.175070028011252,0
3164,4,1,1,37,0.02631578947368421,0.02631578947368421,0.9736842105263158,38,850,300,550,0.35294117647058826,14,3,11,375.7479005908979,0.8384601706970128,0.14908324927312688,0.22248891042999097,131743.6731074245,2300.4817172496523,134044.15482467413,2810,0,348.89473684210526,35,3,19,33.701146185644504,0.6398809523809523,43.344907407407405,1026.6203703703698,29.332010582010565,3
3165,4,0,0,37,0.0,0.0,1.0,37,950,700,250,0.7368421052631579,12,7,5,386.84788518580365,0.8332082082082082,0.16093936163541733,0.22839923084257693,131633.36167800435,2784.417517006783,134417.77919501113,2811,1,358.8918918918919,34,3,19,33.52789056457849,0.6409313725490197,43.45238095238094,1026.1904761904748,30.182072829131613,0
3166,4,0,0,37,0.0,0.0,1.0,37,700,400,300,0.5714285714285714,10,4,6,385.49323742730604,0.8323948948948949,0.1609708536979153,0.22778185057305037,131663.9048327664,2751.108985260765,134415.01381802716,2812,2,359.8918918918919,34,3,19,33.531734524223786,0.6412377450980392,43.422619047619044,1026.3095238095234,30.185574229691866,0
3167,4,1,0,38,0.02631578947368421,0.0,1.0,38,1100,900,200,0.8181818181818182,13,9,4,374.65303140978835,0.8381638217164533,0.16002844950213335,0.2235832606800349,132040.8950617283,2293.9043209876445,134334.79938271595,2813,0,351.39473684210526,35,3,20,33.42905405405405,0.6428571428571428,43.05555555555555,1027.7777777777771,29.365079365079346,0
3168,4,0,0,38,0.0,0.0,1.0,38,950,700,250,0.7368421052631579,12,7,5,372.40575763325944,0.8364746325272641,0.16065860083348205,0.22297947363601928,132166.3106307321,2243.899008806106,134410.2096395382,2814,1,352.39473684210526,36,2,21,33.360256269849955,0.6420717592592593,42.93355855855856,1028.265765765766,28.562937937937946,0
3169,4,0,0,38,0.0,0.0,1.0,38,850,400,450,0.47058823529411764,13,4,9,375.7758184602181,0.8355559506875296,0.1585689096838876,0.2255148702901206,132253.17166829004,2339.508765522296,134592.68043381235,2815,2,353.39473684210526,36,2,21,33.18599007371725,0.6429398148148149,42.84909909909911,1028.6036036036048,28.572322322322357,0
3170,4,0,0,38,0.0,0.0,1.0,38,850,600,250,0.7058823529411765,11,6,5,372.6429546008673,0.8345187292555714,0.1579367972408372,0.22432675618532022,132369.79316953302,2265.3341653201023,134635.1273348531,2816,3,354.39473684210526,37,1,21,33.14897442727757,0.6421734234234234,42.73574561403509,1029.0570175438602,27.812351825509733,0
3171,4,1,1,38,0.02564102564102564,0.02564102564102564,0.9743589743589743,39,850,800,50,0.9411764705882353,9,8,1,362.8634867427527,0.8379442195231669,0.14454369047090077,0.22039182300059787,132704.48022959154,1830.7341034289693,134535.2143330205,2817,0,346.28205128205127,34,5,15,33.0637396495282,0.6516544117647061,42.41071428571427,1030.3571428571406,30.30462184873943,0
3172,4,0,0,38,0.0,0.0,1.0,38,1100,900,200,0.8181818181818182,13,9,4,374.63776894706643,0.8318812233285917,0.15103834108668557,0.22754315019206,132704.48022959157,2343.2220804988374,135047.70231009042,2818,5,356.39473684210526,34,4,16,32.760446755247436,0.6516544117647061,42.41071428571427,1030.3571428571408,30.304621848739437,0
3173,4,0,0,38,0.0,0.0,1.0,38,1400,1100,300,0.7857142857142857,17,11,6,372.09905851514316,0.8306069227121858,0.14727504816386316,0.22666991895594116,132815.23946544903,2284.085112311356,135099.3245777604,2819,6,357.39473684210526,35,3,17,32.714368590463344,0.6505952380952382,42.303240740740726,1030.7870370370354,29.451058201058153,0
3174,4,0,0,38,0.0,0.0,1.0,38,1250,1100,150,0.88,14,11,3,372.0028568513419,0.8314959696538644,0.14837852206273272,0.22733507918693097,132934.57031249977,2290.407986111082,135224.97829861086,2820,7,358.39473684210526,35,3,17,32.59680134680134,0.6517857142857144,42.187499999999986,1031.2499999999982,29.464285714285662,0
3175,4,0,0,38,0.0,0.0,1.0,38,1100,700,400,0.6363636363636364,15,7,8,372.8117454477773,0.8303994784257942,0.1538291200907016,0.2283760197371844,133024.1036120753,2318.5896508487335,135342.69326292403,2821,8,359.39473684210526,35,3,17,32.485905419050816,0.6526785714285716,42.10069444444443,1031.59722222222,29.474206349206284,0
3176,4,0,1,37,0.0,0.02631578947368421,0.9736842105263158,38,1150,900,250,0.782608695652174,14,9,5,371.2532764301724,0.829895685158843,0.15332577743146558,0.22796792098150198,133113.66705246875,2283.7770061727906,135397.44405864153,2822,9,360.39473684210526,35,3,17,32.43606998654104,0.6535714285714287,42.013888888888864,1031.9444444444414,29.484126984126895,0
3177,4,0,1,36,0.0,0.02702702702702703,0.972972972972973,37,750,500,250,0.6666666666666666,10,5,5,383.243171070117,0.8218843843843844,0.16394005084137797,0.2346856591747393,133011.3112953513,2795.135345804966,135806.44664115628,2823,10,370.81081081081084,34,3,17,32.22975572225428,0.654718137254902,42.11309523809523,1031.5476190476177,30.339635854341697,0
3178,4,0,0,36,0.0,0.0,1.0,36,1200,800,400,0.6666666666666666,16,8,8,389.0369511630932,0.8143518518518519,0.1648315378115759,0.23794585617649658,132966.16685890045,3145.7504325259515,136111.91729142642,2824,21,381.8333333333333,33,3,17,32.12581194550062,0.6565656565656566,42.15686274509804,1031.372549019608,31.253713606654788,0
3179,4,0,1,35,0.0,0.027777777777777776,0.9722222222222222,36,1100,800,300,0.7272727272727273,14,8,6,389.0646275306359,0.8128637566137566,0.16970542819812318,0.2385677421107374,133060.979025495,3153.864048683195,136214.8430741782,2825,22,382.8333333333333,33,3,18,32.02961060300114,0.6575126262626263,42.064950980392155,1031.7401960784314,31.264854426619134,0
3180,4,0,0,35,0.0,0.0,1.0,35,900,400,500,0.4444444444444444,14,4,10,396.0068059483576,0.8084033613445377,0.17407336143714258,0.24189884698431105,132918.2947690287,3527.309872717075,136445.60464174577,2826,23,393.54285714285714,32,3,18,31.994357373168437,0.6585286458333334,42.20328282828283,1031.186868686869,32.22458964646466,0
3181,4,0,0,35,0.0,0.0,1.0,35,1250,1100,150,0.88,14,11,3,393.9269836530659,0.8082633053221288,0.17069426718184544,0.24146867092492127,133048.52701573816,3482.2809853586346,136530.8080010968,2827,24,394.54285714285714,32,3,19,31.916738057357332,0.6598307291666667,42.0770202020202,1031.691919191919,32.24037247474747,0
3182,4,0,0,35,0.0,0.0,1.0,35,1150,900,250,0.782608695652174,14,9,5,393.31773419745826,0.8079131652661063,0.17216251638269986,0.24193923830430547,133178.8230314508,3476.318583562892,136655.14161501368,2828,25,395.54285714285714,32,3,19,31.80122324159022,0.6611328125,41.95075757575757,1032.196969696969,32.25615530303028,0
3183,4,0,0,35,0.0,0.0,1.0,35,750,500,250,0.6666666666666666,10,5,5,391.49729773492237,0.807282913165266,0.1766911939235698,0.24149020722653397,133282.33882401,3435.935097078049,136718.27392108802,2829,26,396.54285714285714,33,2,19,31.74400664609542,0.6597222222222222,41.85049019607843,1032.5980392156864,31.29084967320262,0
3184,4,0,0,35,0.0,0.0,1.0,35,1000,700,300,0.7,13,7,6,391.8695766073674,0.807422969187675,0.17347616787578835,0.24213172959288065,133345.6182718185,3450.8181949250275,136796.43646674353,2830,27,397.54285714285714,33,2,19,31.670720613826926,0.6603535353535354,41.78921568627451,1032.8431372549019,31.298276886512177,0
3185,4,1,1,35,0.027777777777777776,0.027777777777777776,0.9722222222222222,36,900,600,300,0.6666666666666666,12,6,6,380.50418794320626,0.8130952380952382,0.17168911678129106,0.23737317619518686,133700.6447843333,2974.851200326818,136675.4959846601,2831,0,387.47222222222223,32,4,18,31.607607943678023,0.6663411458333334,41.44570707070707,1034.217171717172,32.31928661616163,0
3186,4,0,0,35,0.0,0.0,1.0,35,1050,700,350,0.6666666666666666,14,7,7,391.4635477101733,0.8050420168067226,0.18242810351653893,0.24314848526786823,133539.5050048828,3455.169677734375,136994.6746826172,2832,29,399.54285714285714,31,4,19,31.48620559334845,0.6673387096774194,41.6015625,1033.59375,33.341733870967744,0
3187,4,0,0,35,0.0,0.0,1.0,35,950,700,250,0.7368421052631579,12,7,5,390.5772149012093,0.8039215686274509,0.18437960931035735,0.24348227949335977,133674.12143283416,3442.013210720481,137116.13464355463,2833,30,400.54285714285714,31,4,20,31.373814320490226,0.6686827956989247,41.471354166666664,1034.114583333333,33.35853494623655,0
3188,4,0,0,35,0.0,0.0,1.0,35,1350,1000,350,0.7407407407407407,17,10,7,391.75039535890437,0.8028711484593837,0.1819868740447721,0.24488252487226542,133775.1282585991,3481.291876898867,137256.420135498,2834,31,401.54285714285714,31,4,18,31.242002307530946,0.6696908602150538,41.373697916666664,1034.505208333333,33.37113575268816,0
3189,4,0,1,34,0.0,0.02857142857142857,0.9714285714285714,35,400,200,200,0.5,6,2,4,394.4249122818185,0.8018907563025209,0.18859947149867895,0.24700510464173459,133842.48733520508,3558.1622653537333,137400.6496005588,2835,32,402.54285714285714,31,4,18,31.105160228178367,0.6703629032258065,41.30859375,1034.765625,33.379536290322584,0
3190,4,0,0,34,0.0,0.0,1.0,34,750,500,250,0.6666666666666666,10,5,5,397.0437523484976,0.7997994652406417,0.17853731959077979,0.24872578106843612,133854.4399099605,3829.2138180714246,137683.6537280319,2836,33,404.3529411764706,30,4,18,31.025403732086424,0.6732638888888889,41.297043010752674,1034.8118279569876,34.49372759856625,0
3191,4,0,0,34,0.0,0.0,1.0,34,1000,600,400,0.6,14,6,8,399.957638008185,0.7967171717171717,0.17743659842231096,0.2514998927001672,133993.5636525898,3918.349845357833,137911.91349794762,2837,34,405.3529411764706,30,4,18,30.810236271582497,0.6746527777777778,41.162634408602145,1035.3494623655906,34.511648745519686,0
3192,4,0,0,34,0.0,0.0,1.0,34,1250,900,350,0.72,16,9,7,403.8340664131833,0.7951945929887106,0.18067553954638438,0.2551436872059688,134167.56995028336,4036.2870707596367,138203.857021043,2838,35,406.3529411764706,30,4,19,30.53510422072307,0.6763888888888889,40.99462365591398,1036.0215053763447,34.53405017921149,0
3193,4,0,0,34,0.0,0.0,1.0,34,950,500,450,0.5263157894736842,14,5,9,404.64047990565393,0.7946375519904932,0.18217438746156178,0.25589610004862046,134202.38475907606,4060.7434746791396,138263.12823375518,2839,36,407.3529411764706,30,4,19,30.479255848142866,0.6767361111111112,40.96102150537634,1036.1559139784936,34.53853046594978,0
3194,4,0,0,34,0.0,0.0,1.0,34,750,500,250,0.6666666666666666,10,5,5,404.64047990565393,0.7946375519904932,0.18217438746156178,0.25589610004862046,134202.38475907606,4060.7434746791396,138263.12823375518,2840,37,408.3529411764706,30,4,19,30.479255848142866,0.6767361111111112,40.96102150537634,1036.1559139784936,34.53853046594978,0
3195,4,0,0,34,0.0,0.0,1.0,34,650,400,250,0.6153846153846154,9,4,5,402.01753391185264,0.7942661913250149,0.17925881284948253,0.2547212164333849,134272.02792591622,3995.941908024044,138267.96983394027,2841,38,409.3529411764706,30,4,19,30.477294341417025,0.6774305555555555,40.89381720430107,1036.424731182795,34.547491039426504,0
3196,4,0,0,34,0.0,0.0,1.0,34,1200,1000,200,0.8333333333333334,14,10,4,433.1752880274266,0.7942661913250149,0.18068534728628705,0.25144636420382854,130982.91710219624,4547.7125684832745,135530.6296706795,2842,39,410.3529411764706,33,1,18,33.00149148010695,0.6366792929292929,44.08700980392157,1023.6519607843135,31.01975638740344,7
3197,4,0,0,34,0.0,0.0,1.0,34,900,500,400,0.5555555555555556,13,5,8,432.8099724841756,0.7951945929887106,0.18241488290900887,0.2520552571463593,131108.39468293445,4549.004139033058,135657.3988219675,2843,40,411.3529411764706,33,1,18,32.882987316022486,0.6379419191919192,43.96446078431372,1024.142156862745,31.034610814022574,0
3198,4,0,0,34,0.0,0.0,1.0,34,1050,700,350,0.6666666666666666,14,7,7,418.3701345581421,0.7955288175876412,0.1625417718563491,0.23390430130428158,129522.50567544127,4037.853599260447,133560.3592747017,2844,41,412.3529411764706,32,2,15,34.87089638633921,0.6243489583333334,45.51767676767677,1017.9292929292927,31.810290404040398,4
3199,4,0,0,34,0.0,0.0,1.0,34,1250,900,350,0.72,16,9,7,418.4005901901384,0.7954916815210933,0.15898241343371744,0.23565325634505277,129811.85154894902,4062.6710603509764,133874.5226093,2845,42,413.3529411764706,32,2,15,34.57414405484656,0.6272786458333334,45.233585858585855,1019.065656565656,31.84580176767675,0
3200,4,3,1,36,0.08108108108108109,0.02702702702702703,0.972972972972973,37,1050,600,450,0.5714285714285714,15,6,9,394.3522058434901,0.8190690690690691,0.15630997703174687,0.22734801665742113,130718.71456916076,2910.6238573635474,133629.3384265243,2846,0,380.7567567567568,34,3,15,34.26343616608459,0.6317401960784315,44.34523809523808,1022.6190476190457,30.07703081232487,0
3201,4,1,1,36,0.02702702702702703,0.02702702702702703,0.972972972972973,37,1250,900,350,0.72,16,9,7,393.2233857992736,0.8206956956956957,0.15598088757233697,0.2276678424264161,130883.6232880013,2893.3002989968863,133776.9235869982,2847,0,381.72972972972974,35,2,15,34.12474550390226,0.6312500000000001,44.184027777777764,1023.263888888887,29.236111111111057,0
3202,4,1,1,36,0.02702702702702703,0.02702702702702703,0.972972972972973,37,750,300,450,0.4,12,3,9,391.76367356423293,0.821071071071071,0.15530989544333496,0.22717155182482024,130942.84664619753,2859.730125814454,133802.576772012,2848,0,382.7027027027027,35,2,15,34.10194975310038,0.6318452380952382,44.1261574074074,1023.495370370369,29.242724867724828,0
3203,4,0,0,36,0.0,0.0,1.0,36,550,300,250,0.5454545454545454,8,3,5,395.9296492700804,0.8136243386243387,0.15791855203619876,0.2290587761483972,130854.01663237301,3161.7969821673373,134015.81361454036,2849,3,394.3333333333333,35,1,15,34.08559577677223,0.630952380952381,44.212962962962955,1023.1481481481474,29.23280423280421,0
3204,4,0,0,36,0.0,0.0,1.0,36,1100,600,500,0.5454545454545454,16,6,10,397.39855352232524,0.8145833333333334,0.1626427682913043,0.2304390431998635,130942.84664619755,3207.299570258898,134150.14621645646,2850,4,395.3333333333333,35,1,17,33.957767914357866,0.6318452380952382,44.1261574074074,1023.4953703703691,29.24272486772483,0
3205,4,0,0,36,0.0,0.0,1.0,36,1000,800,200,0.8,12,8,4,397.3448937119231,0.8129298941798943,0.16494291850344767,0.2311183612537395,131061.33355034696,3215.310329861079,134276.64388020802,2851,5,396.3333333333333,35,1,17,33.83880128857239,0.6330357142857144,44.01041666666665,1023.9583333333312,29.25595238095232,0
3206,4,1,0,37,0.02702702702702703,0.0,1.0,37,900,600,300,0.6666666666666666,12,6,6,389.0124651828872,0.8184434434434434,0.1580801932986151,0.22838047906263736,131417.11576485337,2824.850501543208,134241.96626639657,2852,0,386.5945945945946,35,2,18,33.691373179817134,0.6366071428571429,43.66319444444444,1025.3472222222222,29.29563492063492,0
3207,4,2,0,39,0.05128205128205128,0.0,1.0,39,1500,1200,300,0.8,18,12,6,370.34759763915,0.8302406657669816,0.1931084284025455,0.2087887928815849,129849.38298396781,1825.1754865397825,131674.5584705076,2853,0,367.71794871794873,35,4,18,35.76018245135891,0.6208333333333333,45.19675925925926,1019.2129629629634,29.12037037037038,3
3208,4,1,1,39,0.025,0.025,0.975,40,750,500,250,0.6666666666666666,10,5,5,363.5498447768652,0.8351495726495727,0.1946474634565778,0.20624803389048513,130094.740689443,1459.1845567867174,131553.92524622972,2854,0,359.5,37,3,19,35.68402479220408,0.6193693693693693,44.9561403508772,1020.1754385964921,27.572309151256544,0
3209,4,0,1,38,0.0,0.02564102564102564,0.9743589743589743,39,650,400,250,0.6153846153846154,9,4,5,366.5759297749071,0.8315339631129105,0.18263180687289315,0.2079405978604189,130090.20580969505,1737.5876298596154,131827.79343955466,2855,1,349.6666666666667,36,3,19,35.61145453876441,0.6212384259259258,44.9605855855856,1020.1576576576595,28.33771271271276,0
3210,4,1,1,38,0.02564102564102564,0.02564102564102564,0.9743589743589743,39,1250,700,550,0.56,18,7,11,368.1388026186379,0.8358074673864148,0.11405142192731721,0.20645336674578654,129643.0272231866,1863.914578817263,131506.94180200386,2856,0,348.6666666666667,35,4,17,36.02646607569042,0.61875,45.39930555555555,1018.4027777777767,29.09722222222219,6
3211,4,2,2,38,0.05,0.05,0.95,40,1400,1000,400,0.7142857142857143,18,10,8,335.7112262824228,0.8449252136752137,0.06964227905471043,0.18551198175069814,129062.08070031146,694.4832016955861,129756.56390200705,2857,0,340.85,37,3,17,37.44233570734865,0.6089527027027027,45.970394736842096,1016.1184210526301,27.462660028449463,7
3212,4,2,2,38,0.05,0.05,0.95,40,700,500,200,0.7142857142857143,9,5,4,322.1930066729205,0.8465544871794872,0.09340751627125798,0.17990683362052984,129473.0771513623,343.0640021184796,129816.14115348078,2858,0,339.875,38,2,12,37.36856148085943,0.6112938596491229,45.56623931623931,1017.7350427350419,26.782501124606366,0
3213,4,1,0,39,0.02564102564102564,0.0,1.0,39,650,500,150,0.7692307692307693,8,5,3,330.3565914831365,0.842948717948718,0.1055650890762434,0.18410683557789917,129396.54659366336,749.4004164742898,130145.94701013765,2859,0,349.56410256410254,37,2,18,37.238544922225806,0.612331081081081,45.64144736842105,1017.4342105263152,27.498221906116626,0
3214,4,0,1,38,0.0,0.02564102564102564,0.9743589743589743,39,1200,800,400,0.6666666666666666,16,8,8,344.7863045284441,0.842161493477283,0.1111168053206697,0.18819063385352527,128572.4639335281,1068.893449715858,129641.35738324396,2860,1,350.56410256410254,36,3,19,37.71073913687171,0.6059027777777779,46.4527027027027,1014.189189189189,28.171921921921918,6
3215,4,1,0,39,0.02564102564102564,0.0,1.0,39,1350,1000,350,0.7407407407407407,17,10,7,346.2423980216421,0.8409806567701305,0.13710842003524926,0.1908989260486069,128972.51136271395,1131.1503226199043,130103.66168533385,2861,0,351.3333333333333,36,3,20,37.26602919438285,0.6099537037037038,46.05855855855855,1015.7657657657649,28.21571571571569,0
3216,4,1,1,39,0.025,0.025,0.975,40,800,600,200,0.75,10,6,4,341.74432708002985,0.8476495726495726,0.1273089700996679,0.18978790120127115,129258.63997443383,834.8842930768556,130093.52426751069,2862,0,343.525,36,4,20,37.08910114433371,0.6128472222222223,45.777027027027025,1016.8918918918914,28.246996996996984,0
3217,4,2,2,39,0.04878048780487805,0.04878048780487805,0.9512195121951219,41,1350,800,550,0.5925925925925926,19,8,11,337.08209167049426,0.855640243902439,0.12587530139785597,0.1887903681093007,129591.85157933188,536.6184787626712,130128.47005809455,2863,0,336.0975609756098,37,4,15,36.86912197573409,0.6143018018018018,45.44956140350876,1018.2017543859631,27.51896633475576,0
3218,4,2,0,41,0.04878048780487805,0.0,1.0,41,1050,700,350,0.6666666666666666,14,7,7,339.22876088540943,0.8492378048780488,0.14137521917621254,0.1908059107837301,129759.37307633094,603.6222683902465,130362.99534472119,2864,0,337.0487804878049,37,4,17,36.64442531209642,0.6159909909909911,45.28508771929823,1018.8596491228052,27.53674727358933,0
3219,4,2,0,43,0.046511627906976744,0.0,1.0,43,650,400,250,0.6153846153846154,9,4,5,326.30138672301536,0.8534514581026209,0.13923584988501414,0.18578891856471969,130236.00396050341,-100.76226128473161,130135.24169921868,2865,0,322.3255813953488,39,4,19,36.4910747695343,0.6172542735042736,44.81770833333333,1020.7291666666661,26.172542735042718,0
3220,4,0,1,42,0.0,0.023255813953488372,0.9767441860465116,43,1500,1100,400,0.7333333333333333,19,11,8,324.45531372523493,0.8519748984865264,0.1376368686855729,0.1851375915384965,130320.07250071036,-143.38386039648776,130176.68864031388,2866,1,323.3255813953488,36,7,19,36.453163486636505,0.6235532407407407,44.73536036036037,1021.0585585585601,28.36273773773778,0
3221,4,1,1,42,0.023255813953488372,0.023255813953488372,0.9767441860465116,43,1100,800,300,0.7272727272727273,14,8,6,323.4473634799351,0.8504521963824289,0.12933098037845236,0.18522182455700997,130458.54403518379,-160.70557767776614,130297.83845750602,2867,0,324.09302325581393,37,6,19,36.338927945332884,0.6230292792792793,44.599780701754376,1021.6008771929816,27.61083451872923,0
3222,4,1,1,42,0.023255813953488372,0.023255813953488372,0.9767441860465116,43,900,600,300,0.6666666666666666,12,6,6,322.9769407271735,0.8504521963824289,0.13266876572776276,0.18531940240284386,130535.38795976665,-168.01594802399472,130367.37201174266,2868,0,325.06976744186045,38,5,13,36.273305453911824,0.6219846491228072,44.52457264957263,1021.9017094017069,26.892150247413337,0
3223,4,0,0,42,0.0,0.0,1.0,42,900,500,400,0.5555555555555556,13,5,8,329.88025421436845,0.8448509485094851,0.1379398474718354,0.1887693150037502,130430.54112803923,205.29201292703289,130635.83314096626,2869,4,333.8095238095238,37,5,20,36.20294833261771,0.6227477477477479,44.62719298245613,1021.4912280701741,27.607871028923626,0
3224,4,0,0,42,0.0,0.0,1.0,42,1050,900,150,0.8571428571428571,12,9,3,333.2212605509641,0.8450687185443283,0.13803699786963364,0.19137124889682897,130570.58572108719,301.7790329716721,130872.36475405886,2870,5,334.8095238095238,37,5,13,35.97599953509994,0.6241554054054055,44.49013157894736,1022.0394736842101,27.622688477951623,0
3225,4,0,1,41,0.0,0.023809523809523808,0.9761904761904762,42,900,600,300,0.6666666666666666,12,6,6,335.4544072323245,0.8456978319783198,0.1442653199961157,0.19200522686332647,130439.8750964505,366.2165949565564,130806.09169140705,2871,6,335.8095238095238,35,7,21,36.0511556764106,0.6267857142857143,44.61805555555555,1021.5277777777768,29.18650793650791,4
3226,4,1,1,41,0.023809523809523808,0.023809523809523808,0.9761904761904762,42,1300,900,400,0.6923076923076923,17,9,8,333.24942952868014,0.848988579171506,0.14417525189629843,0.1917649648877414,130646.86381440745,307.5985671724832,130954.46238157993,2872,0,336.64285714285717,35,7,16,35.89817068568627,0.6288690476190477,44.41550925925925,1022.3379629629619,29.209656084656054,0
3227,4,1,2,40,0.023809523809523808,0.047619047619047616,0.9523809523809523,42,850,600,250,0.7058823529411765,11,6,5,337.220777625356,0.8438346883468835,0.1531997414350359,0.1950936959560301,130854.01663237273,425.3386488339738,131279.3552812067,2873,0,337.6190476190476,35,7,16,35.58729260935144,0.6309523809523812,44.21296296296294,1023.1481481481451,29.232804232804146,0
3228,4,0,0,40,0.0,0.0,1.0,40,1050,700,350,0.6666666666666666,14,7,7,353.13532169646334,0.8352831196581196,0.15778963780283095,0.20250634885179558,130512.9112000191,1217.743776432128,131730.65497645122,2874,9,355.1,33,7,17,35.52560566082994,0.6319444444444446,44.546568627450974,1021.813725490195,30.964052287581666,0
3229,4,0,0,40,0.0,0.0,1.0,40,1000,700,300,0.7,13,7,6,344.0957909237081,0.835176282051282,0.14454903441579425,0.19041336633264794,129117.79495854507,885.7779557171573,130003.57291426223,2875,10,356.1,37,3,18,37.1726318912504,0.6095157657657657,45.9155701754386,1016.3377192982467,27.468587008060723,4
3230,4,0,0,40,0.0,0.0,1.0,40,900,500,400,0.5555555555555556,13,5,8,342.64982531577505,0.8344551282051282,0.14569672131147549,0.19001490312965727,129201.38888888908,854.1937182594843,130055.58260714856,2876,11,357.1,36,4,19,37.124316939890704,0.6122685185185185,45.83333333333334,1016.6666666666682,28.240740740740783,0
3231,4,0,0,40,0.0,0.0,1.0,40,1000,300,700,0.3,17,3,14,339.15291794376884,0.834241452991453,0.13885322116448995,0.18889688413711528,129373.18019032561,775.4583130427915,130148.6385033684,2877,12,358.1,36,4,20,37.03854881558557,0.6140046296296295,45.66441441441442,1017.3423423423435,28.25950950950954,0
3232,4,2,0,42,0.047619047619047616,0.0,1.0,42,1050,600,450,0.5714285714285714,15,6,9,370.06879943168684,0.8442460317460317,0.20219114516137604,0.19674849212227627,127518.18700034499,1140.02883795959,128658.21583830458,2878,0,342.0,36,6,16,38.14992381164754,0.5951967592592593,47.49436936936937,1010.0225225225229,28.05618118118119,6
3233,4,2,1,43,0.045454545454545456,0.022727272727272728,0.9772727272727273,44,1150,700,450,0.6086956521739131,16,7,9,357.1705903932721,0.8521185694150811,0.20100796774503205,0.1919639892749311,127955.2982778143,340.3738859668346,128295.67216378114,2879,0,327.40909090909093,38,6,18,38.02776311158042,0.5959429824561404,47.06196581196581,1011.7521367521368,26.62505623031939,0
3234,4,1,0,44,0.022727272727272728,0.0,1.0,44,1000,700,300,0.7,13,7,6,358.8345915236573,0.8529113812544046,0.20414731954411147,0.19363989688372302,128117.48940755353,394.597395719195,128512.08680327272,2880,0,328.3863636363636,38,6,19,37.81966722949205,0.5975877192982456,46.901709401709404,1012.3931623931626,26.64192532613586,0
3235,4,3,2,45,0.06382978723404255,0.0425531914893617,0.9574468085106383,47,1100,900,200,0.8181818181818182,13,9,4,340.60127308310945,0.8634751773049645,0.2125775673322352,0.18742177005482322,128895.01006319249,-619.627681409055,128275.38238178343,2881,0,308.36170212765956,37,10,16,37.48818972033257,0.6072635135135136,46.13486842105263,1015.4605263157893,27.444879089615927,0
3236,4,0,2,43,0.0,0.044444444444444446,0.9555555555555556,45,1500,1200,300,0.8,18,12,6,353.99172465554176,0.8536195286195286,0.22280941983395608,0.19335375766964621,128601.01814229778,104.7392409301263,128705.7573832279,2882,1,323.0444444444444,36,9,16,37.44818844602348,0.6061921296296295,46.42454954954955,1014.3018018018024,28.175050050050068,0
3237,4,4,3,44,0.0851063829787234,0.06382978723404255,0.9361702127659575,47,1100,800,300,0.7272727272727273,14,8,6,332.148930603053,0.868177613320999,0.2020807357653276,0.18495450977791034,129364.3676035501,-804.9545820108663,128559.41302153924,2883,0,296.36170212765956,38,9,18,37.22563537072044,0.6101973684210527,45.67307692307691,1017.3076923076907,26.771255060728702,0
3238,4,2,2,44,0.043478260869565216,0.043478260869565216,0.9565217391304348,46,1050,500,550,0.47619047619047616,16,5,11,340.20395199756365,0.8651972624798712,0.2040202257593564,0.18967535405891578,129413.28125000013,-394.61805555553923,129018.6631944446,2884,0,303.6521739130435,39,7,18,36.97106197106197,0.6089743589743589,45.62500000000001,1017.500000000001,26.089743589743616,0
3239,4,3,2,45,0.06382978723404255,0.0425531914893617,0.9574468085106383,47,1050,600,450,0.5714285714285714,15,6,9,343.4801902451105,0.8611239592969472,0.23325578781510403,0.19414854922418004,129951.54303200812,-472.8438553440314,129478.69917666409,2885,0,298.1276595744681,40,7,18,36.34111598391975,0.6127604166666667,45.09654471544716,1019.6138211382118,25.490345528455297,0
3240,4,1,0,46,0.021739130434782608,0.0,1.0,46,1850,1400,450,0.7567567567567568,23,14,9,350.98679994873777,0.8588164251207729,0.23898834896277332,0.19889251997095136,130049.99999999999,-70.83333333333371,129979.16666666666,2886,0,305.1304347826087,39,7,19,36.049836601307206,0.6153846153846154,45.0,1019.9999999999999,26.15384615384615,0
3241,4,0,1,45,0.0,0.021739130434782608,0.9782608695652174,46,1100,900,200,0.8181818181818182,13,9,4,349.154905935807,0.8580515297906602,0.23561560548703953,0.1985299253309981,130182.84640842005,-109.20410156250668,130073.64230685755,2887,1,306.1304347826087,39,7,19,35.961795277465896,0.6167200854700855,44.869791666666664,1020.5208333333326,26.167200854700834,0
3242,4,0,0,45,0.0,0.0,1.0,45,1550,1000,550,0.6451612903225806,21,10,11,360.95781743624525,0.8540824915824916,0.23846252283065184,0.20508674088837464,130153.54624379061,395.9879967492111,130549.53424053983,2888,2,313.8,38,7,19,35.69041636128852,0.6181469298245614,44.89850427350427,1020.4059829059827,26.85278902384165,0
3243,4,2,2,45,0.0425531914893617,0.0425531914893617,0.9574468085106383,47,1950,1500,450,0.7692307692307693,24,15,9,347.5255984870506,0.8610854147394388,0.08469846945639015,0.1988235716898497,130422.14084201425,-315.7604374976777,130106.38040451657,2889,0,301.40425531914894,39,8,20,35.760843701135364,0.6191239316239315,44.635416666666686,1021.4583333333363,26.191239316239393,6
3244,4,2,3,44,0.0425531914893617,0.06382978723404255,0.9361702127659575,47,1500,1200,300,0.8,18,12,6,343.955292765655,0.8622802960222016,0.09676615675918043,0.19882194998537395,130821.45317925375,-400.6537543402535,130420.7994249135,2890,0,302.2340425531915,39,8,18,35.44795591080339,0.6231303418803418,44.24479166666668,1023.0208333333355,26.231303418803474,0
3245,4,0,0,44,0.0,0.0,1.0,44,1350,800,550,0.5925925925925926,19,8,11,358.5650354402408,0.8524929527836504,0.10467469493257453,0.20566492614315723,130521.37230135551,560.0800969888895,131081.4523983444,2891,1,322.8181818181818,36,8,18,35.37832451693483,0.6255787037037037,44.53828828828829,1021.8468468468477,28.384634634634658,0
3246,4,1,1,44,0.022222222222222223,0.022222222222222223,0.9777777777777777,45,1150,900,250,0.782608695652174,14,9,5,351.3919187950683,0.8572390572390572,0.0978254138382757,0.2031280422774463,130822.8553497228,194.01883271773715,131016.87418244053,2892,0,316.6222222222222,37,8,18,35.25634155055376,0.6266891891891893,44.24342105263157,1023.026315789472,27.649359886201946,0
3247,4,0,0,44,0.0,0.0,1.0,44,650,400,250,0.6153846153846154,9,4,5,359.2475317973259,0.852669133192389,0.10483677208156927,0.2071318626191437,130722.82745160688,592.3706223114882,131315.19807391838,2893,3,324.8181818181818,36,8,18,35.15673751055317,0.6276041666666667,44.34121621621621,1022.635135135134,28.4065315315315,0
3248,4,0,1,43,0.0,0.022727272727272728,0.9772727272727273,44,1050,700,350,0.6666666666666666,14,7,7,359.06930394356465,0.8530214940098662,0.1048797085785198,0.20749271991242602,130809.2129291452,593.9146071747291,131403.12753631992,2894,4,325.8181818181818,36,8,18,35.07380192279468,0.6284722222222223,44.25675675675675,1022.9729729729717,28.41591591591588,0
3249,4,0,0,43,0.0,0.0,1.0,43,1250,800,450,0.64,17,8,9,368.8253391973778,0.8482834994462901,0.1035510122437806,0.21272458858668608,130735.62349965704,1043.722136488337,131779.3456361454,2895,5,334.2093023255814,35,8,19,34.89889844575224,0.6297619047619047,44.3287037037037,1022.685185185185,29.219576719576715,0
3250,4,2,0,45,0.044444444444444446,0.0,1.0,45,1400,900,500,0.6428571428571429,19,9,10,338.72079955498043,0.8602693602693603,0.14235811085262795,0.18769997897991467,129172.7681017166,-247.95974966457084,128924.80835205203,2896,0,320.31111111111113,36,9,20,37.25328643698536,0.6119791666666666,45.86148648648649,1016.5540540540542,28.237612612612615,5
3251,4,0,0,45,0.0,0.0,1.0,45,1000,600,400,0.6,14,6,8,339.62644450416536,0.8589646464646465,0.14590163934426248,0.18833830104321922,129201.38888888905,-223.95833333331484,128977.43055555574,2897,1,321.31111111111113,36,9,20,37.20116120218581,0.6122685185185185,45.83333333333334,1016.666666666668,28.240740740740776,0
3252,4,0,0,45,0.0,0.0,1.0,45,1000,500,500,0.5,15,5,10,341.19407099661777,0.8584175084175084,0.14270560293375678,0.1893448842672689,129230.01284646147,-181.4971643941098,129048.51568206736,2898,2,322.31111111111113,36,9,20,37.13220364012257,0.6125578703703705,45.80518018018019,1016.7792792792803,28.243868868868898,0
3253,4,2,1,46,0.0425531914893617,0.02127659574468085,0.9787234042553191,47,850,600,250,0.7058823529411765,11,6,5,329.016234567339,0.8630897317298797,0.14253578458283678,0.1847373840026507,129690.63321827745,-865.9352399737031,128824.69797830375,2899,0,309.5531914893617,38,9,20,36.974250052443885,0.6134868421052632,45.3525641025641,1018.5897435897435,26.804993252361673,0
3254,4,0,0,46,0.0,0.0,1.0,46,1400,800,600,0.5714285714285714,20,8,12,335.2149211065524,0.8600442834138486,0.14984371783114048,0.18854824739237774,129759.37307633094,-500.5443982764202,129258.82867805452,2900,1,317.2826086956522,37,9,20,36.74666379681446,0.6159909909909911,45.28508771929823,1018.8596491228052,27.53674727358933,0
3255,4,1,0,47,0.02127659574468085,0.0,1.0,47,1450,1100,350,0.7586206896551724,18,11,7,330.7902180660535,0.8661347517730495,0.1588569289324262,0.18755255356856745,130071.79578493668,-794.7044616115319,129277.09132332515,2901,0,311.51063829787233,38,9,21,36.54277510124284,0.6173245614035088,44.97863247863247,1020.0854700854691,26.844354475933397,0
3256,4,0,0,47,0.0,0.0,1.0,47,1150,600,550,0.5217391304347826,17,6,11,328.8489974178526,0.8668670983657107,0.15700429809961203,0.18658223864189366,130099.0430843193,-843.4120233399306,129255.63106097937,2902,1,312.51063829787233,38,9,21,36.56469263797256,0.6175986842105263,44.951923076923066,1020.1923076923059,26.847165991902788,0
3257,4,0,0,47,0.0,0.0,1.0,47,1450,1200,250,0.8275862068965517,17,12,5,331.27866282460894,0.8660576626580326,0.159381773547161,0.1882238256179559,130153.54624379062,-776.5814476952326,129376.96479609539,2903,2,313.51063829787233,38,9,21,36.44753603462117,0.6181469298245614,44.89850427350427,1020.4059829059828,26.852789023841652,0
3258,4,1,1,47,0.020833333333333332,0.020833333333333332,0.9791666666666666,48,1850,1500,350,0.8108108108108109,22,15,7,324.99118573098747,0.8689790189125295,0.16033930743364144,0.18624033632480572,130486.54994806102,-1118.5129678929065,129368.03698016811,2904,0,307.9583333333333,37,11,21,36.27119553552265,0.6233108108108107,44.57236842105264,1021.71052631579,27.613798008534864,0
3259,4,3,2,48,0.06,0.04,0.96,50,1250,700,550,0.56,18,7,11,315.38141835252134,0.8747959183673469,0.16334554334554352,0.1831896323622092,131008.00781249999,-1736.5017361111115,129271.50607638888,2905,0,296.58,39,11,17,35.99070682404015,0.625,44.0625,1023.7499999999999,26.249999999999996,0
3260,4,0,0,48,0.0,0.0,1.0,48,1550,1200,350,0.7741935483870968,19,12,7,328.499958069545,0.8698286052009456,0.1705117899249733,0.1898949571740305,130822.85534972293,-1004.9395006155818,129817.91584910735,2906,1,309.9375,37,11,18,35.841818506609506,0.6266891891891893,44.243421052631575,1023.0263157894731,27.649359886201974,0
3261,4,0,0,48,0.0,0.0,1.0,48,1450,1000,450,0.6896551724137931,19,10,9,330.6330867499472,0.869496158392435,0.167940719717254,0.19210461300462067,131019.2333819059,-936.1412886657515,130083.09209324015,2907,2,310.9375,37,11,19,35.5890319874335,0.6286599099099099,44.051535087719294,1023.7938596491222,27.67010431484114,0
3262,4,0,0,48,0.0,0.0,1.0,48,1500,800,700,0.5333333333333333,22,8,14,327.39111096845784,0.8688497340425532,0.16797822983583166,0.19063796611255585,131103.44048168664,-1015.5797937827049,130087.86068790394,2908,3,311.9375,37,11,19,35.5870806566738,0.6295045045045045,43.969298245614034,1024.1228070175437,27.678994784257938,0
3263,4,0,1,47,0.0,0.020833333333333332,0.9791666666666666,48,1500,1100,400,0.7333333333333333,19,11,8,325.6378220582209,0.8677046394799054,0.16347902846137385,0.19045125688085923,131271.93583602642,-1050.578543397974,130221.35729262844,2909,4,312.9375,37,11,21,35.462140666238675,0.6311936936936937,43.80482456140351,1024.7807017543855,27.696775723091502,0
3264,4,0,0,47,0.0,0.0,1.0,47,1450,1000,450,0.6896551724137931,19,10,9,333.9994037744147,0.8654794942954054,0.1721106672806021,0.1957756968807791,131356.98356718212,-625.3691613911112,130731.61440579101,2910,5,319.5744680851064,36,11,21,35.162171811490715,0.6339699074074073,43.72184684684685,1025.1126126126132,28.475350350350368,0
3265,4,0,0,47,0.0,0.0,1.0,47,1250,1000,250,0.8,15,10,5,337.5178818410758,0.8652482269503545,0.1777908595669928,0.19858610257160988,131501.32395909436,-523.1903356058615,130978.1336234885,2911,6,320.5744680851064,36,11,21,34.926484043331854,0.6354166666666665,43.58108108108109,1025.6756756756768,28.490990990991023,0
3266,4,0,0,47,0.0,0.0,1.0,47,1400,700,700,0.5,21,7,14,340.00305115743856,0.8642846130126426,0.18500717778737408,0.2011114738027291,131703.53366457685,-444.0793411654813,131259.45432341137,2912,7,321.5744680851064,36,11,15,34.65898701773632,0.6374421296296295,43.38400900900901,1026.4639639639647,28.51288788788791,0
3267,4,0,0,47,0.0,0.0,1.0,47,1100,700,400,0.6363636363636364,15,7,8,340.65265273930464,0.8644387912426764,0.18860115714819026,0.20226251256396208,131848.06428049668,-417.12142886129567,131430.9428516354,2913,8,322.5744680851064,36,11,16,34.4967562134503,0.6388888888888888,43.24324324324324,1027.0270270270266,28.52852852852852,0
3268,4,0,0,47,0.0,0.0,1.0,47,1050,900,150,0.8571428571428571,12,9,3,340.6891482144434,0.8640533456675916,0.1879039952226218,0.2024381577110059,131876.9799148812,-414.1888087411661,131462.79110614004,2914,9,323.5744680851064,36,11,17,34.4667068669371,0.6391782407407407,43.215090090090094,1027.1396396396403,28.531656656656676,0
3269,4,0,0,47,0.0,0.0,1.0,47,1200,900,300,0.75,15,9,6,338.76084417512044,0.864554424915202,0.1832310666750625,0.20159916382319804,131934.82069485035,-461.1297530638615,131473.69094178648,2915,10,324.5744680851064,36,11,18,34.45800906134677,0.6397569444444444,43.15878378378379,1027.3648648648657,28.537912912912937,0
3270,4,0,2,45,0.0,0.0425531914893617,0.9574468085106383,47,1750,1100,650,0.6285714285714286,24,11,13,339.37409601952874,0.8645929694727104,0.1847530162045239,0.20273604374779175,132079.47812677542,-435.1293015988948,131644.3488251765,2916,11,325.5744680851064,36,11,18,34.29671523517385,0.6412037037037037,43.01801801801802,1027.9279279279278,28.553553553553552,0
3271,4,0,0,45,0.0,0.0,1.0,45,1150,800,350,0.6956521739130435,15,8,7,352.2387768708972,0.8611952861952863,0.1850082619798703,0.20954902034223064,131921.96609224958,293.6063957475874,132215.57248799718,2917,12,330.93333333333334,35,10,18,34.12479345050322,0.6416666666666667,43.17129629629629,1027.3148148148143,29.351851851851837,0
3272,4,0,1,44,0.0,0.022222222222222223,0.9777777777777777,45,1450,1100,350,0.7586206896551724,18,11,7,352.3310637066053,0.8601430976430977,0.19110660812788427,0.21075803628995105,132130.1269531249,310.70963541665134,132440.83658854157,2918,13,331.93333333333334,35,10,19,33.91274062816615,0.64375,42.96874999999999,1028.1249999999993,29.374999999999982,0
3273,4,0,2,42,0.0,0.045454545454545456,0.9545454545454546,44,950,700,250,0.7368421052631579,12,7,5,359.8020083470692,0.8577563424947147,0.19173898390765887,0.214489705528446,132000.11337868468,698.7811791383068,132698.894557823,2919,14,340.04545454545456,34,10,19,33.85175316651219,0.644607843137255,43.09523809523809,1027.6190476190466,30.224089635854313,0
3274,4,0,0,42,0.0,0.0,1.0,42,500,400,100,0.8,6,4,2,385.4283828306734,0.8490853658536586,0.13182148920688808,0.2221304476392039,130706.03358892731,1675.5630304783733,132381.5966194057,2920,15,355.4047619047619,35,7,14,34.50445670628182,0.6294642857142858,44.35763888888888,1022.5694444444432,29.216269841269806,6
3275,4,1,1,42,0.023255813953488372,0.023255813953488372,0.9767441860465116,43,700,500,200,0.7142857142857143,9,5,4,376.69001223554704,0.853266888150609,0.1313838360580244,0.21865339790684032,130982.06948502547,1267.9274713902958,132249.99695641577,2921,0,348.1162790697674,36,7,16,34.44788228822882,0.6302083333333335,44.08783783783783,1023.6486486486478,28.43468468468466,0
3276,4,0,0,42,0.0,0.0,1.0,42,1000,700,300,0.7,13,7,6,382.3158785451731,0.8508275261324042,0.13546798029556673,0.22203440221484239,131002.0834003127,1616.8353212876962,132618.91872160038,2922,1,356.45238095238096,35,7,16,34.28361126813642,0.6324404761904763,44.068287037037024,1023.7268518518499,29.24933862433857,0
3277,4,0,1,41,0.0,0.023809523809523808,0.9761904761904762,42,1100,700,400,0.6363636363636364,15,7,8,384.97477183470744,0.8501742160278746,0.13859467837768058,0.22409584086799267,131090.9636488339,1693.3427640603413,132784.30641289422,2923,2,357.45238095238096,35,7,16,34.12541440626883,0.6333333333333333,43.981481481481474,1024.074074074073,29.259259259259228,0
3278,4,1,1,41,0.023809523809523808,0.023809523809523808,0.9761904761904762,42,1050,800,250,0.7619047619047619,13,8,5,386.0664777352903,0.8509485094850948,0.1408237040862439,0.2254261517752498,131209.51753257873,1731.119255829889,132940.63678840862,2924,0,357.5238095238095,35,7,16,33.97725561078475,0.6345238095238095,43.86574074074073,1024.537037037036,29.272486772486744,0
3279,4,0,0,41,0.0,0.0,1.0,41,1750,1300,450,0.7428571428571429,22,13,9,380.664481995851,0.8461890243902439,0.12292038605581435,0.22013601648200531,130838.01442912495,1761.1305812819655,132599.1450104069,2925,4,367.2439024390244,36,5,12,34.49229499174463,0.6287615740740742,44.228603603603595,1023.0855855855846,28.419044044044014,3
3280,4,1,1,41,0.023809523809523808,0.023809523809523808,0.9761904761904762,42,1200,700,500,0.5833333333333334,17,7,10,382.49267756092274,0.8507791327913279,0.13515471214031338,0.22438875607320632,131389.14399092982,1653.8258344182696,133042.9698253481,2926,0,359.4761904761905,34,8,17,33.886824585849205,0.6384803921568627,43.6904761904762,1025.238095238096,30.154061624649884,0
3281,4,1,0,42,0.023809523809523808,0.0,1.0,42,1650,1400,250,0.8484848484848485,19,14,5,375.30751880103986,0.8480691056910569,0.14015025963981853,0.2215856720592442,131633.3616780046,1480.598072562366,133113.95975056698,2927,0,360.3333333333333,34,8,13,33.82395591647332,0.6409313725490196,43.452380952380956,1026.1904761904768,30.18207282913167,0
3282,4,0,0,42,0.0,0.0,1.0,42,1000,800,200,0.8,12,8,4,375.23108364123425,0.8475125822686799,0.14134937203830744,0.22189591242487797,131694.4515306122,1483.1703514739147,133177.6218820861,2928,1,361.3333333333333,34,8,15,33.764159514420484,0.6415441176470589,43.39285714285714,1026.4285714285709,30.189075630252084,0
3283,4,0,0,42,0.0,0.0,1.0,42,1100,600,500,0.5454545454545454,16,6,10,371.0109935136438,0.8471980255516841,0.13195985558610168,0.22010597180527436,131816.67375283435,1381.0870181405783,133197.76077097494,2929,2,362.3333333333333,34,8,15,33.74898562485509,0.6427696078431373,43.27380952380952,1026.904761904761,30.20308123249297,0
3284,4,0,0,42,0.0,0.0,1.0,42,700,400,300,0.5714285714285714,10,4,6,373.22310676196264,0.8472948122338366,0.13764277437510364,0.22213209733487824,131938.95266439897,1448.5331632652926,133387.48582766426,2930,3,363.3333333333333,34,8,15,33.56870413286985,0.6439950980392157,43.1547619047619,1027.3809523809514,30.217086834733863,0
3285,4,0,2,40,0.0,0.047619047619047616,0.9523809523809523,42,850,500,350,0.5882352941176471,12,5,7,376.09288954485714,0.8463511420828495,0.13847473426993884,0.224382164163148,132030.69905045346,1531.1614229024926,133561.86047335595,2931,4,364.3333333333333,34,8,15,33.40235144214063,0.6449142156862745,43.06547619047619,1027.738095238095,30.22759103641456,0
3286,4,0,0,40,0.0,0.0,1.0,40,900,500,400,0.5555555555555556,13,5,8,398.1262533615396,0.8429754273504273,0.13075079872204465,0.22886586458281807,130607.69120049111,2399.6701515704967,133007.36135206162,2932,5,375.8,36,4,16,34.27986485990231,0.6264467592592593,44.45382882882883,1022.1846846846853,28.394019019019037,8
3287,4,0,0,40,0.0,0.0,1.0,40,600,300,300,0.5,9,3,6,401.2052699764267,0.8435363247863248,0.13021039876624818,0.23080744238567813,130636.47050766984,2482.4080837594374,133118.87859142927,2933,6,376.8,36,4,16,34.17189909671736,0.6267361111111112,44.42567567567568,1022.2972972972974,28.39714714714715,0
3288,4,0,0,40,0.0,0.0,1.0,40,1550,1200,350,0.7741935483870968,19,12,7,401.8391850298727,0.843482905982906,0.12669547506330492,0.2320346673634034,130780.41459956585,2510.539044111687,133290.95364367752,2934,7,377.8,36,4,17,34.009275569745675,0.6281828703703705,44.28490990990991,1022.8603603603609,28.412787787787803,0
3289,4,0,0,40,0.0,0.0,1.0,40,1250,1100,150,0.88,14,11,3,403.2221505211219,0.8435363247863248,0.1344509847067885,0.23387914014591438,130953.25213304526,2560.650388564247,133513.9025216095,2935,8,378.8,36,4,17,33.798180951333116,0.6299189814814814,44.115990990990994,1023.5360360360365,28.431556556556572,0
3290,4,0,0,40,0.0,0.0,1.0,40,900,600,300,0.6666666666666666,12,6,6,402.4933382970271,0.8431089743589744,0.1370287060839761,0.2336864307426023,130991.17036011085,2544.614689135124,133535.78504924598,2936,9,379.8,37,3,18,33.77829548700371,0.6283783783783783,44.078947368421055,1023.6842105263161,27.66714082503557,0
3291,4,0,0,40,0.0,0.0,1.0,40,750,300,450,0.4,12,3,9,401.52492609822366,0.8427083333333333,0.13878922566134744,0.2332942274411397,131019.23338190604,2521.497600223152,133540.7309821292,2937,10,380.8,37,3,18,33.77456624183356,0.6286599099099099,44.0515350877193,1023.7938596491233,27.670104314841172,0
3292,4,1,1,40,0.024390243902439025,0.024390243902439025,0.975609756097561,41,750,500,250,0.6666666666666666,10,5,5,394.2926631345915,0.8439532520325204,0.13416541422217443,0.23044856381010764,131246.0064308021,2149.8674802761325,133395.87391107823,2938,0,372.4878048780488,38,3,18,33.72953810864352,0.6291118421052632,43.830128205128204,1024.679487179487,26.96524966261808,0
3293,4,0,1,39,0.0,0.025,0.975,40,900,700,200,0.7777777777777778,11,7,4,405.0920156807094,0.843215811965812,0.1423587328767122,0.2365737371575341,131215.75869498303,2630.891235764843,133846.64993074787,2939,12,382.8,37,3,18,33.4836080194064,0.6306306306306306,43.859649122807014,1024.5614035087715,27.69084874348031,0
3294,4,1,1,39,0.025,0.025,0.975,40,1100,700,400,0.6363636363636364,15,7,8,402.3509509202748,0.8437232905982905,0.15212179263903414,0.23622690799429624,131419.65880102038,2575.50921280331,133995.16801382368,2940,0,382.7,34,6,18,33.346878749177606,0.6387867647058822,43.660714285714285,1025.3571428571427,30.157563025210077,0
3295,4,0,0,39,0.0,0.0,1.0,39,950,600,350,0.631578947368421,13,6,7,408.44660625304584,0.8381691408007198,0.16378871745833257,0.23962582804438853,131390.9388816801,2933.2366157247193,134324.17549740482,2941,14,393.5128205128205,33,6,18,33.21977846840386,0.6407828282828283,43.68872549019608,1025.2450980392155,31.06803327391562,0
3296,4,0,0,39,0.0,0.0,1.0,39,1100,800,300,0.7272727272727273,14,8,6,384.93293683776255,0.8377192982456141,0.13324601095498956,0.21596361543180692,129659.75265806357,2185.9065511902195,131845.6592092538,2942,15,394.5128205128205,36,3,13,35.58183141677725,0.6168981481481481,45.38288288288289,1018.4684684684693,28.290790790790812,5
3297,4,1,0,40,0.025,0.0,1.0,40,1000,600,400,0.6,14,6,8,372.8903571182076,0.8404380341880342,0.1367931627606973,0.2112439769740297,130038.81602993222,1698.0441097260632,131736.8601396583,2943,0,385.625,37,3,15,35.50266967677202,0.6188063063063063,45.0109649122807,1019.9561403508767,27.566382171645316,0
3298,4,1,1,40,0.024390243902439025,0.024390243902439025,0.975609756097561,41,1300,900,400,0.6923076923076923,17,9,8,366.53107119871726,0.8454776422764227,0.12787740751387555,0.20947345675242734,130380.76560356637,1358.2974367231513,131739.06304028953,2944,0,377.1951219512195,35,6,15,35.317505288606824,0.6261904761904763,44.67592592592592,1021.296296296295,29.179894179894145,0
3299,4,0,0,40,0.0,0.0,1.0,40,1250,1000,250,0.8,15,10,5,374.0744675894428,0.8401175213675214,0.1294032641958518,0.21362194353020392,130351.21588059395,1752.2123360339276,132103.4282166279,2945,2,387.625,35,5,17,35.15492179530772,0.6258928571428573,44.7048611111111,1021.1805555555541,29.176587301587258,0
3300,4,1,2,39,0.024390243902439025,0.04878048780487805,0.9512195121951219,41,950,600,350,0.631578947368421,13,6,7,363.6169723685809,0.843140243902439,0.12436827070973422,0.20928176854102784,130654.64854570646,1301.649546014167,131956.29809172062,2946,0,379.1463414634146,37,4,15,35.114131989132,0.625,44.40789473684211,1022.3684210526322,27.63157894736844,0
3301,4,0,0,39,0.0,0.0,1.0,39,1100,800,300,0.7272727272727273,14,8,6,369.31014413236113,0.8377755285650023,0.1307528485320948,0.21245864945713405,130636.47050766986,1849.0747504261044,132485.54525809595,2947,4,391.0,36,3,16,34.98705662040098,0.6267361111111112,44.42567567567568,1022.2972972972975,28.39714714714715,0
3302,4,0,0,39,0.0,0.0,1.0,39,1300,800,500,0.6153846153846154,18,8,10,370.13696171088134,0.8370445344129555,0.13755788998079765,0.213251498244594,130694.03863322777,1874.9388746854893,132568.97750791325,2948,5,392.0,36,3,16,34.90753487518355,0.6273148148148149,44.369369369369366,1022.5225225225221,28.40340340340339,0
3303,4,0,0,39,0.0,0.0,1.0,39,1500,1100,400,0.7333333333333333,19,11,8,371.7285784686928,0.8354700854700855,0.14208390479576916,0.21512903592143556,130866.81909950476,1929.387326515684,132796.20642602045,2949,6,393.0,36,3,16,34.69165015775185,0.629050925925926,44.20045045045044,1023.198198198197,28.42217217217214,0
3304,4,0,0,39,0.0,0.0,1.0,39,1200,1000,200,0.8333333333333334,14,10,4,372.39849194384306,0.8353013945119209,0.1478936217631348,0.21600063135147338,130953.25213304513,1953.3587218975663,132906.6108549427,2950,7,394.0,36,3,16,34.58690908424103,0.6299189814814815,44.11599099099099,1023.5360360360354,28.43155655655654,0
3305,4,0,0,39,0.0,0.0,1.0,39,950,500,450,0.5263157894736842,14,5,9,372.2254996309831,0.8340643274853802,0.1517258491087392,0.2167105437672318,131097.37059694828,1959.5568541514458,133056.92745109973,2951,8,395.0,36,3,17,34.44533025438018,0.6313657407407407,43.97522522522522,1024.099099099099,28.447197197197195,0
3306,4,0,1,38,0.0,0.02564102564102564,0.9743589743589743,39,1000,600,400,0.6,14,6,8,372.0799670562868,0.8338394062078273,0.15460926327000624,0.21681840126467716,131131.51552641188,1958.2819954216561,133089.79752183353,2952,9,396.0,37,2,17,34.41447650144522,0.6297860360360361,43.941885964912274,1024.2324561403502,27.68195827406352,0
3307,4,0,1,37,0.0,0.02631578947368421,0.9736842105263158,38,650,400,250,0.6153846153846154,9,4,5,377.52266494621654,0.8326813655761024,0.15912168809973037,0.21979456562233643,131097.37059694837,2298.4457430403504,133395.81633998873,2953,10,404.9736842105263,36,2,17,34.30970969870247,0.6313657407407407,43.97522522522523,1024.0990990990997,28.447197197197212,0
3308,4,0,0,37,0.0,0.0,1.0,37,850,700,150,0.8235294117647058,10,7,3,380.6961549201753,0.8271396396396397,0.1645332667760111,0.22197514263807142,131155.04017531045,2586.0438986283607,133741.0840739388,2954,11,411.5945945945946,36,1,17,34.170010627382,0.6319444444444444,43.91891891891892,1024.3243243243244,28.453453453453456,0
3309,4,0,0,37,0.0,0.0,1.0,37,550,400,150,0.7272727272727273,7,4,3,383.26062771316845,0.8263888888888888,0.16666617150293095,0.22363835345135943,131183.8797200917,2655.5232174742287,133839.40293756593,2955,12,412.5945945945946,36,1,17,34.075107178190606,0.6322337962962963,43.890765765765764,1024.436936936937,28.45658158158158,0
3310,4,0,0,37,0.0,0.0,1.0,37,1100,800,300,0.7272727272727273,14,8,6,381.51461908074,0.8263888888888888,0.16462186521540279,0.22278690657230882,131212.72243527303,2611.9143636880044,133824.63679896103,2956,13,413.5945945945946,36,1,17,34.090596834469125,0.6325231481481481,43.86261261261261,1024.5495495495488,28.45970970970969,0
3311,4,0,0,37,0.0,0.0,1.0,37,550,400,150,0.7272727272727273,7,4,3,382.95688926458155,0.8250125125125125,0.16602910602910637,0.22396578999406758,131270.4173768363,2654.1821382192975,133924.5995150556,2957,14,414.5945945945946,36,1,17,33.99519230769231,0.6331018518518519,43.806306306306304,1024.7747747747746,28.465965965965964,0
3312,4,0,0,37,0.0,0.0,1.0,37,1050,700,350,0.6666666666666666,14,7,7,382.4926775609232,0.8246371371371372,0.15965779992719176,0.2243887560732062,131389.14399092956,2651.102460706694,134040.24645163625,2958,15,415.5945945945946,34,3,17,33.886824585849205,0.6384803921568627,43.69047619047618,1025.238095238094,30.154061624649824,0
3313,4,0,0,37,0.0,0.0,1.0,37,1050,600,450,0.5714285714285714,15,6,9,379.3089567436408,0.8226351351351351,0.1605374667925441,0.22341116064661312,131541.75347222207,2578.9930555555375,134120.7465277776,2959,16,416.5945945945946,34,3,18,33.81397238017871,0.6400122549019609,43.54166666666666,1025.8333333333321,30.171568627450945,0
3314,4,1,1,37,0.02631578947368421,0.02631578947368421,0.9736842105263158,38,1050,600,450,0.5714285714285714,15,6,9,371.986951827887,0.8291548127074443,0.1702838978406227,0.221372274072134,131934.82069485023,2215.606358047235,134150.42705289746,2960,0,406.60526315789474,36,2,17,33.60462567138003,0.6397569444444444,43.15878378378378,1027.3648648648648,28.537912912912912,0
3315,4,0,0,37,0.0,0.0,1.0,37,1250,800,450,0.64,17,8,9,381.2811408399132,0.829517017017017,0.16950825064415365,0.2264718101615385,131862.52170138876,2655.338541666648,134517.86024305542,2961,1,402.7027027027027,35,2,17,33.43897903989181,0.6410714285714286,43.22916666666666,1027.0833333333321,29.34523809523806,0
3316,4,0,0,37,0.0,0.0,1.0,37,1200,700,500,0.5833333333333334,17,7,10,383.19941563184847,0.828516016016016,0.17699050401753147,0.2286835222319094,132040.89506172825,2719.5987654320875,134760.49382716033,2962,2,403.7027027027027,35,2,17,33.20945945945946,0.6428571428571428,43.05555555555555,1027.7777777777767,29.365079365079335,0
3317,4,1,1,37,0.02631578947368421,0.02631578947368421,0.9736842105263158,38,950,500,450,0.5263157894736842,14,5,9,373.4785620646856,0.8349928876244666,0.16728705933873433,0.22413621457942448,132253.17166829002,2278.7448766334055,134531.9165449234,2963,0,394.05263157894734,36,2,17,33.2450642288884,0.6429398148148149,42.84909909909911,1028.6036036036046,28.57232232232235,0
3318,4,0,0,37,0.0,0.0,1.0,37,1200,900,300,0.75,15,9,6,382.8952623018647,0.8280780780780781,0.17580141718072828,0.22996372262508435,132282.13168827616,2730.0403021264606,135012.17199040262,2964,4,405.7027027027027,36,1,18,32.9736818098887,0.6432291666666666,42.82094594594595,1028.7162162162165,28.575450450450457,0
3319,4,0,0,37,0.0,0.0,1.0,37,900,600,300,0.6666666666666666,12,6,6,383.1137226606469,0.8273898898898899,0.17813698111421394,0.2302715111991889,132311.0948786625,2738.0392216540913,135049.1341003166,2965,5,406.7027027027027,36,1,18,32.93883172796263,0.6435185185185186,42.792792792792795,1028.8288288288293,28.57857857857859,0
3320,4,1,0,38,0.02631578947368421,0.0,1.0,38,1000,500,500,0.5,15,5,10,376.34135177745065,0.8327999051683262,0.17803943821818735,0.2288895762449737,132755.59413580224,2392.3410178195986,135147.93515362183,2966,0,396.9736842105263,35,3,19,32.66509433962265,0.6500000000000001,42.3611111111111,1030.5555555555536,29.44444444444439,0
3321,4,0,0,38,0.0,0.0,1.0,38,950,800,150,0.8421052631578947,11,8,3,376.3473369008316,0.8330962541488858,0.17623246303497342,0.22925782369622472,132815.23946544924,2396.932334533607,135212.17179998284,2967,1,397.9736842105263,35,3,19,32.60489183322105,0.6505952380952381,42.30324074074074,1030.787037037037,29.4510582010582,0
3322,4,0,0,38,0.0,0.0,1.0,38,1150,700,450,0.6086956521739131,16,7,9,373.0206020059322,0.8316441441441441,0.17554395023364866,0.22777522572109998,132904.73257726766,2315.2406710819573,135219.97324834962,2968,2,398.9736842105263,35,3,19,32.600577131739435,0.6514880952380953,42.21643518518518,1031.1342592592591,29.460978835978832,0
3323,4,0,0,38,0.0,0.0,1.0,38,1300,800,500,0.6153846153846154,18,8,10,368.635354183253,0.8316145092460882,0.1695407729377305,0.22563724426381512,132994.2558299039,2205.276920438949,135199.53275034286,2969,3,399.9736842105263,35,3,19,32.62361609814482,0.6523809523809523,42.129629629629626,1031.4814814814808,29.470899470899454,0
3324,4,0,1,37,0.0,0.02631578947368421,0.9736842105263158,38,950,700,250,0.7368421052631579,12,7,5,368.2438598361523,0.8314663347558084,0.1666194263848788,0.22557783661303235,133024.1036120754,2197.0618730709693,135221.1654851464,2970,4,400.9736842105263,35,3,19,32.60371087176034,0.6526785714285714,42.100694444444436,1031.5972222222208,29.47420634920631,0
3325,4,0,0,37,0.0,0.0,1.0,37,850,600,250,0.7058823529411765,11,6,5,367.45296069478786,0.8295795795795796,0.14696059594018784,0.22599624161904242,133173.39275763018,2386.9914909121953,135560.38424854237,2971,5,393.4864864864865,35,2,19,32.474116020034394,0.6541666666666668,41.95601851851851,1032.175925925925,29.490740740740712,0
3326,4,0,1,36,0.0,0.02702702702702703,0.972972972972973,37,1100,700,400,0.6363636363636364,15,7,8,369.1023706608322,0.8295795795795796,0.17406783122357727,0.2180433524749899,131654.57182623885,2319.137811856993,133973.70963809584,2972,6,394.4864864864865,35,2,18,33.96171666478705,0.6389880952380952,43.43171296296296,1026.273148148148,29.322089947089943,4
3327,4,0,0,36,0.0,0.0,1.0,36,800,400,400,0.5,12,4,8,370.1037597143458,0.826984126984127,0.1651368760064411,0.21939140395438017,131786.11288265308,2554.9071712018176,134341.02005385488,2973,7,390.6666666666667,34,2,20,33.80314009661834,0.6424632352941175,43.30357142857143,1026.7857142857144,30.199579831932777,0
3328,4,0,1,35,0.0,0.027777777777777776,0.9722222222222222,36,1100,700,400,0.6363636363636364,15,7,8,371.24934039950625,0.825165343915344,0.16650572936783847,0.22095736604467198,131938.95266439932,2596.449829932002,134535.40249433133,2974,8,391.6666666666667,34,2,20,33.61939938200079,0.6439950980392155,43.15476190476192,1027.380952380954,30.217086834733944,0
3329,4,0,0,35,0.0,0.0,1.0,35,1000,700,300,0.7,13,7,6,376.57124899397945,0.8211484593837535,0.15470673904408816,0.22448639649972615,132000.11337868494,2941.4895124716686,134941.6028911566,2975,9,391.1714285714286,34,1,20,33.42094338894037,0.6446078431372548,43.0952380952381,1027.6190476190486,30.22408963585437,0
3330,4,0,0,35,0.0,0.0,1.0,35,1300,600,700,0.46153846153846156,20,6,14,374.4134760920262,0.8204481792717087,0.14780264311351488,0.22410320117857466,132153.07716836745,2895.9785997732524,135049.0557681407,2976,10,392.1714285714286,34,1,20,33.32199644938443,0.6461397058823529,42.94642857142858,1028.2142857142865,30.241596638655484,0
3331,4,0,0,35,0.0,0.0,1.0,35,1350,800,550,0.5925925925925926,19,8,11,378.48895817678516,0.8188375350140056,0.15233025278158951,0.22727749045209195,132275.51197562364,3012.964143990937,135288.47611961458,2977,11,393.1714285714286,34,1,21,33.0936812868881,0.6473651960784313,42.827380952380956,1028.6904761904766,30.25560224089637,0
3332,4,0,0,35,0.0,0.0,1.0,35,750,500,250,0.6666666666666666,10,5,5,380.71655328798147,0.8151960784313725,0.15953741496598606,0.22974274767378208,132461.07266435993,3086.0812952632064,135547.15395962313,2978,12,394.1714285714286,33,2,21,32.849206349206334,0.6515151515151515,42.64705882352941,1029.411764705883,31.19429590017827,0
3333,4,0,1,34,0.0,0.02857142857142857,0.9714285714285714,35,1100,900,200,0.8181818181818182,13,9,4,374.1299779309612,0.8107843137254901,0.15646501197696328,0.2274807653233155,132745.06987997398,2932.782012927712,135677.8518929017,2979,13,395.1714285714286,33,2,20,32.73266242517937,0.6543560606060606,42.37132352941176,1030.5147058823525,31.227718360071286,0
3334,4,0,0,34,0.0,0.0,1.0,34,1050,700,350,0.6666666666666666,14,7,7,384.1720738468116,0.807672311348782,0.15166184034230912,0.23446555717735906,132885.746671258,3410.1985766758485,136295.94524793385,2980,14,354.20588235294116,32,2,20,32.33223120254714,0.658203125,42.234848484848484,1031.060606060606,32.22064393939394,0
3335,4,0,0,34,0.0,0.0,1.0,34,650,500,150,0.7692307692307693,8,5,3,384.6470687549701,0.8080436720142603,0.14584173532292466,0.23516446538851787,132950.84685236207,3427.830706050412,136378.67755841248,2981,15,355.20588235294116,32,2,21,32.25442784851454,0.6588541666666666,42.17171717171718,1031.3131313131319,32.22853535353537,0
3336,4,0,1,33,0.0,0.029411764705882353,0.9705882352941176,34,650,500,150,0.7692307692307693,8,5,3,384.6470687549701,0.8080436720142603,0.14584173532292466,0.23516446538851787,132950.84685236207,3427.830706050412,136378.67755841248,2982,16,356.20588235294116,32,2,21,32.25442784851454,0.6588541666666666,42.17171717171718,1031.3131313131319,32.22853535353537,0
3337,4,1,1,33,0.029411764705882353,0.029411764705882353,0.9705882352941176,34,1000,700,300,0.7,13,7,6,375.0368157708688,0.809863339275104,0.1436633599263355,0.23109842069015782,133243.99495268342,3194.280717528823,136438.27567021226,2983,0,351.9117647058824,32,2,21,32.20746198687374,0.6617838541666666,41.88762626262626,1032.4494949494951,32.26404671717172,0
3338,4,0,0,33,0.0,0.0,1.0,33,1050,800,250,0.7619047619047619,13,8,5,386.4766865093321,0.804608585858586,0.15562278028634768,0.2375233410170889,133146.24304917877,3691.5837669625676,136837.82681614134,2984,18,363.57575757575756,32,1,21,32.010541554522476,0.6608072916666666,41.98232323232324,1032.0707070707078,32.25220959595962,0
3339,4,0,0,33,0.0,0.0,1.0,33,800,500,300,0.625,11,5,6,387.76413760287375,0.8047664141414143,0.15519184012334697,0.2387318967651428,133211.40699928586,3730.921270788704,136942.32827007456,2985,19,364.57575757575756,32,1,21,31.911743721461193,0.6614583333333333,41.919191919191924,1032.3232323232328,32.260101010101025,0
3340,4,1,1,33,0.029411764705882353,0.029411764705882353,0.9705882352941176,34,550,200,350,0.36363636363636365,9,2,7,382.3107140951326,0.8166592394533572,0.15150742031693554,0.23724133395516783,133504.84206012153,3408.321376645256,136913.1634367668,2986,0,354.8235294117647,32,2,21,31.7575341071065,0.6643880208333333,41.63510101010102,1033.459595959597,32.295612373737406,0
3341,4,0,0,33,0.0,0.0,1.0,33,850,400,450,0.47058823529411764,13,4,9,389.9884902499704,0.8018465909090909,0.16382818778028363,0.24158030399057598,133439.60636988573,3807.9821255484185,137247.58849543415,2987,21,366.57575757575756,32,1,21,31.624760682716197,0.6637369791666666,41.698232323232325,1033.207070707071,32.287720959595966,0
3342,4,0,0,33,0.0,0.0,1.0,33,750,600,150,0.8,9,6,3,391.4135882607791,0.8016098484848485,0.16950445197238118,0.24289008490632885,133504.84206012142,3851.121856188146,137355.96391630956,2988,22,367.57575757575756,32,1,21,31.522347790674,0.6643880208333334,41.63510101010101,1033.459595959596,32.29561237373738,0
3343,4,0,1,32,0.0,0.030303030303030304,0.9696969696969697,33,1050,600,450,0.5714285714285714,15,6,9,391.3832199546485,0.8019255050505051,0.1687867687867688,0.24394433572515747,133668.00103305775,3863.0825298438785,137531.08356290162,2989,23,368.57575757575756,32,1,21,31.359126984126984,0.666015625,41.47727272727272,1034.0909090909083,32.315340909090885,0
3344,4,0,0,32,0.0,0.0,1.0,32,950,700,250,0.7368421052631579,12,7,5,395.68813629933084,0.7993531586021506,0.1506968915177449,0.24756991582948681,133808.8056776259,4189.311387803826,137998.11706542972,2990,24,365.09375,31,1,18,31.106321839080458,0.67002688172043,41.341145833333336,1034.635416666667,33.37533602150538,0
3345,4,1,1,32,0.030303030303030304,0.030303030303030304,0.9696969696969697,33,700,400,300,0.5714285714285714,10,4,6,385.24643309526095,0.8028724747474748,0.14673979280926241,0.24333695023453566,134158.0757862719,3736.7840335169967,137894.8598197889,2991,0,355.0,32,1,18,31.026051188299814,0.6708984375,41.00378787878788,1035.9848484848492,32.37452651515154,0
3346,4,0,0,32,0.0,0.0,1.0,32,950,600,350,0.631578947368421,13,6,7,393.4004736437431,0.796832997311828,0.15164539854161418,0.2479482858448759,134078.3776177301,4149.299452039942,138227.67706977003,2992,26,367.09375,31,1,18,30.89483278853407,0.6727150537634408,41.08072916666667,1035.677083333334,33.40893817204303,0
3347,4,0,1,31,0.0,0.03125,0.96875,32,950,600,350,0.631578947368421,13,6,7,397.40792657427124,0.7975050403225807,0.021444721299372693,0.23454859980167791,131619.47959710757,4061.3248966942338,135680.80449380178,2993,27,368.09375,32,0,17,33.271040974529356,0.6455078125,43.4659090909091,1026.1363636363646,32.066761363636395,8
3348,4,0,0,31,0.0,0.0,1.0,31,650,600,50,0.9230769230769231,7,6,1,404.88561525546163,0.7948028673835126,0.020443348745019074,0.23818401727910923,131495.00740898986,4448.08739556207,135943.09480455192,2994,28,373.258064516129,31,0,22,33.20545575726799,0.6468413978494623,43.587239583333336,1025.651041666667,33.08551747311829,0
3349,4,1,0,32,0.03125,0.0,1.0,32,1200,900,300,0.75,15,9,6,379.8719004523888,0.8050235215053764,-0.010470839524517217,0.21483511681046855,129972.73875114777,3474.5982552800633,133447.33700642784,2995,0,362.5625,32,0,19,35.39190193164933,0.62890625,45.07575757575757,1019.6969696969691,31.865530303030283,8
3350,4,1,1,32,0.030303030303030304,0.030303030303030304,0.9696969696969697,33,1200,700,500,0.5833333333333334,17,7,10,371.52431386818455,0.811868686868687,-0.01091163895665015,0.2120336715774176,130327.04132550246,3084.255751964076,133411.29707746653,2996,0,352.54545454545456,32,1,20,35.24457977824491,0.6324869791666667,44.72853535353535,1021.0858585858582,31.90893308080807,0
3351,4,4,3,33,0.1111111111111111,0.08333333333333333,0.9166666666666666,36,850,600,250,0.7058823529411765,11,6,5,345.73967305481676,0.8359126984126984,-0.013788089827236005,0.20129043449170936,131097.3705969481,1865.1124097069865,132962.4830066551,2997,0,324.05555555555554,36,0,16,35.12343303276886,0.6313657407407409,43.975225225225216,1024.0990990990977,28.447197197197156,0
3352,4,0,1,32,0.0,0.030303030303030304,0.9696969696969697,33,1150,800,350,0.6956521739130435,15,8,7,376.3315193810052,0.8064236111111112,0.007897879259719298,0.21774025331337596,130857.49959450704,3249.160328960033,134106.6599234671,2998,1,354.5151515151515,33,0,16,34.58335828642154,0.6354166666666665,44.20955882352942,1023.1617647058833,31.004901960784345,0
3353,4,1,0,33,0.030303030303030304,0.0,1.0,33,1300,900,400,0.6923076923076923,17,9,8,378.84963840422034,0.8019255050505051,0.012575195535588168,0.22063041311108514,131108.39468293454,3334.0735834775164,134442.46826641206,2999,0,355.3939393939394,33,0,17,34.264563639264495,0.6379419191919191,43.96446078431373,1024.1421568627457,31.034610814022596,0
3354,4,1,0,34,0.029411764705882353,0.0,1.0,34,1150,900,250,0.782608695652174,14,9,5,374.808322566273,0.8104203802733215,0.042433713784021165,0.22152573757886648,131673.78720023562,3070.670235005783,134744.4574352414,3000,0,345.9117647058824,33,1,16,33.79589552238806,0.6436237373737372,43.41299019607844,1026.3480392156873,31.101455733808706,0
3355,4,0,0,34,0.0,0.0,1.0,34,750,600,150,0.8,9,6,3,371.59919719131807,0.8091577540106952,0.03952348517298776,0.2199919770227332,131736.68368235783,2990.6491794021667,134727.33286176,3001,1,346.9117647058824,33,1,16,33.81468604512355,0.6442550505050504,43.35171568627452,1026.5931372549028,31.108882947118268,0
3356,4,0,1,33,0.0,0.029411764705882353,0.9705882352941176,34,1000,700,300,0.7,13,7,6,372.1487118437464,0.810086155674391,0.0398146848238099,0.22086446212822913,131831.05656478278,3012.151576316798,134843.20814109957,3002,2,347.9117647058824,33,1,16,33.70525059665871,0.6452020202020202,43.259803921568626,1026.9607843137255,31.120023767082593,0
3357,4,0,2,31,0.0,0.06060606060606061,0.9393939393939394,33,1100,1000,100,0.9090909090909091,12,10,2,380.02712716939146,0.8042929292929294,0.0442717940927535,0.22516741664958692,131768.13755526714,3415.093353517863,135183.23090878502,3003,3,359.3636363636364,33,0,17,33.566583114506244,0.6445707070707072,43.32107843137254,1026.7156862745092,31.112596553773006,0
3358,4,0,0,31,0.0,0.0,1.0,31,1150,900,250,0.782608695652174,14,9,5,394.43437493179187,0.8002688172043011,0.051075950921249946,0.2330533540638967,131661.99578179247,4186.403401692704,135848.3991834852,3004,4,374.2258064516129,31,0,17,33.30425864839719,0.648521505376344,43.424479166666664,1026.302083333333,33.10651881720429,0
3359,4,0,0,31,0.0,0.0,1.0,31,1050,800,250,0.7619047619047619,13,8,5,393.93657360218566,0.7991935483870968,0.048693887902612865,0.23357773078397245,131795.66277397992,4183.826361762143,135979.48913574207,3005,5,375.2258064516129,31,0,17,33.181693296136636,0.6498655913978495,43.29427083333333,1026.8229166666656,33.123319892473084,0
3360,4,0,0,31,0.0,0.0,1.0,31,600,400,200,0.6666666666666666,8,4,4,395.9204143831065,0.7990143369175627,0.053385890521306045,0.23537423881449313,131895.95752292196,4244.060431586363,136140.01795450834,3006,6,376.2258064516129,31,0,18,33.029244306418235,0.6508736559139785,43.19661458333333,1027.2135416666656,33.1359206989247,0
3361,4,0,1,30,0.0,0.03225806451612903,0.967741935483871,31,1450,1200,250,0.8275862068965517,17,12,5,398.1749435154218,0.7983870967741935,0.05886657318872879,0.237131960700392,131962.8418816461,4308.859422471799,136271.70130411792,3007,7,377.2258064516129,31,0,18,32.90365078359312,0.6515456989247311,43.13151041666667,1027.473958333334,33.14432123655916,0
3362,4,0,0,30,0.0,0.0,1.0,30,600,300,300,0.5,9,3,6,405.42894681187806,0.7963122605363985,0.07823983261409695,0.24202304108278158,132052.40716050993,4707.573671811775,136759.98083232171,3008,8,388.1333333333333,30,0,18,32.626629179198815,0.6552083333333334,43.04435483870968,1027.8225806451617,34.260752688172055,0
3363,4,0,0,30,0.0,0.0,1.0,30,600,300,300,0.5,9,3,6,406.2589585047532,0.7959770114942529,0.07917538354253839,0.24273972770658997,132086.9464677997,4732.301060816274,136819.24752861596,3009,9,389.1333333333333,30,0,18,32.57033429218969,0.6555555555555556,43.01075268817204,1027.9569892473114,34.26523297491038,0
3364,4,0,0,30,0.0,0.0,1.0,30,600,300,300,0.5,9,3,6,403.4273511572464,0.7950670498084291,0.07333681871650777,0.2417089008382217,132190.59148817777,4665.860034397034,136856.45152257482,3010,10,390.1333333333333,30,0,18,32.53823029669324,0.6565972222222223,42.909946236559136,1028.3602150537629,34.27867383512543,0
3365,4,1,0,31,0.03225806451612903,0.0,1.0,31,550,400,150,0.7272727272727273,7,4,3,393.99760120480863,0.8004480286738351,0.07048844075492067,0.23779571533708663,132467.17693158163,4238.51258093421,136705.68951251585,3011,0,378.51612903225805,30,1,19,32.50125125125126,0.659375,42.641129032258064,1029.4354838709673,34.31451612903224,0
3366,4,0,0,31,0.0,0.0,1.0,31,1100,700,400,0.6363636363636364,15,7,8,390.4961114528125,0.7994623655913978,0.06077752797635583,0.2363334285901618,132570.9709937565,4153.689732917098,136724.66072667358,3012,1,379.51612903225805,30,1,20,32.4866222918298,0.6604166666666667,42.54032258064516,1029.8387096774193,34.32795698924731,0
3367,4,1,2,30,0.03125,0.0625,0.9375,32,1100,900,200,0.8181818181818182,13,9,4,384.2465054586267,0.8048975134408602,0.054987373737373835,0.23481730889138297,132934.5703125,3815.928819444445,136750.49913194444,3013,0,368.625,31,1,15,32.281144781144775,0.6612903225806452,42.1875,1031.25,33.266129032258064,0
3368,4,0,0,30,0.0,0.0,1.0,30,850,700,150,0.8235294117647058,10,7,3,404.8134866251531,0.7905651340996169,0.08125280848386773,0.24573702485968807,132684.03742283967,4742.457561728414,137426.4949845681,3014,14,394.1333333333333,29,1,16,32.00379707018963,0.6645114942528735,42.430555555555564,1030.277777777779,35.52681992337169,0
3369,4,0,0,30,0.0,0.0,1.0,30,800,500,300,0.625,11,5,6,403.71474929644523,0.7894636015325671,0.07840679336837852,0.24530382678381077,132719.81336805565,4716.18923611113,137436.00260416677,3015,15,395.1333333333333,29,1,16,31.99597317697804,0.6648706896551724,42.39583333333334,1030.4166666666677,35.53160919540233,0
3370,4,0,0,30,0.0,0.0,1.0,30,800,700,100,0.875,9,7,2,405.22082809627943,0.7899904214559387,0.08203054806828391,0.24645397905527822,132755.59413580253,4759.066358024699,137514.66049382722,3016,16,396.1333333333333,29,1,16,31.921046720575035,0.6652298850574712,42.361111111111114,1030.5555555555559,35.53639846743296,0
3371,4,0,0,30,0.0,0.0,1.0,30,950,700,250,0.7368421052631579,12,7,5,406.4964458734567,0.7872126436781609,0.08516922524463588,0.24865260354664645,132970.38001543202,4810.397376543199,137780.77739197522,3017,17,397.1333333333333,29,1,17,31.6713798366101,0.6673850574712643,42.15277777777777,1031.3888888888882,35.565134099616834,0
3372,4,0,0,30,0.0,0.0,1.0,30,750,700,50,0.9333333333333333,8,7,1,403.88246857798123,0.7859195402298851,0.08552519405931669,0.24776571916315618,133077.83805941357,4749.56114969135,137827.39920910491,3018,18,398.1333333333333,29,1,19,31.630406739354783,0.668462643678161,42.04861111111111,1031.8055555555554,35.57950191570881,0
3373,4,0,0,30,0.0,0.0,1.0,30,850,600,250,0.7058823529411765,11,6,5,409.7331741276422,0.7861590038314177,0.09338175948345451,0.25256686703688985,133257.03125,4919.965277777778,138176.99652777778,3019,19,399.1333333333333,29,1,19,31.298762442830242,0.6702586206896551,41.875,1032.5,35.60344827586207,0
3374,4,1,1,30,0.03225806451612903,0.03225806451612903,0.967741935483871,31,600,300,300,0.5,9,3,6,401.0023829039568,0.7936379928315412,0.08478807177408876,0.24885450541957416,133506.94670265348,4507.320752399122,138014.2674550526,3020,0,387.2258064516129,30,1,19,31.272488836866522,0.6697916666666666,41.63306451612903,1033.467741935484,34.4489247311828,0
3375,4,0,0,30,0.0,0.0,1.0,30,950,500,450,0.5263157894736842,14,5,9,423.69384509451066,0.7872605363984675,0.10013856412921118,0.26517034305183274,133819.67026534854,5339.714128801013,139159.38439414956,3021,21,401.1333333333333,30,0,17,30.3709838053174,0.6729166666666667,41.33064516129032,1034.6774193548383,34.489247311827945,2
3376,4,0,0,30,0.0,0.0,1.0,30,550,400,150,0.7272727272727273,7,4,3,422.65978306627517,0.7862547892720306,0.10348097155474756,0.2647727965685314,133854.43990996064,5314.977706960342,139169.41761692098,3022,22,402.1333333333333,30,0,17,30.36270944278479,0.6732638888888889,41.29704301075269,1034.811827956989,34.4937275985663,0
3377,4,0,0,30,0.0,0.0,1.0,30,750,500,250,0.6666666666666666,10,5,5,423.1256915197765,0.7862547892720306,0.03727481876980532,0.26014268896560144,133159.90513715448,5268.675388773253,138428.58052592774,3023,23,403.1333333333333,30,0,18,31.051135130442333,0.6663194444444445,41.96908602150537,1032.1236559139775,34.40412186379925,5
3378,4,0,0,30,0.0,0.0,1.0,30,650,400,250,0.6153846153846154,9,4,5,417.556400787916,0.7863984674329502,0.027702585458962314,0.25791827842880605,133333.36946467793,5134.840371719266,138468.2098363972,3024,24,404.1333333333333,30,0,20,31.019813899010927,0.6680555555555556,41.8010752688172,1032.7956989247307,34.42652329749102,0
3379,4,0,0,30,0.0,0.0,1.0,30,650,400,250,0.6153846153846154,9,4,5,415.3703337624226,0.7865421455938698,0.02729559748427679,0.2568078049046029,133368.0758794368,5079.42843825874,138447.50431769554,3025,25,405.1333333333333,30,0,20,31.04126003036218,0.6684027777777778,41.76747311827956,1032.9301075268806,34.43100358422935,0
3380,4,1,0,31,0.03225806451612903,0.0,1.0,31,900,700,200,0.7777777777777778,11,7,4,406.29865692609775,0.793100358422939,0.02462748517906732,0.25332754184679046,133680.63685108098,4662.89328968666,138343.53014076763,3026,0,393.03225806451616,30,1,21,30.960813621003382,0.6715277777777777,41.46505376344086,1034.139784946236,34.47132616487453,0
3381,4,0,0,31,0.0,0.0,1.0,31,1250,1100,150,0.88,14,11,3,404.27903614367546,0.793010752688172,0.022505626406601698,0.25278113250998124,133784.9051371545,4617.28649988437,138402.19163703886,3027,1,394.03225806451616,30,1,18,30.90814603092114,0.6725694444444446,41.36424731182795,1034.5430107526877,34.48476702508959,0
3382,4,0,0,31,0.0,0.0,1.0,31,400,200,200,0.5,6,2,4,404.27903614367546,0.793010752688172,0.022505626406601698,0.25278113250998124,133784.9051371545,4617.28649988437,138402.19163703886,3028,2,395.03225806451616,30,1,18,30.90814603092114,0.6725694444444446,41.36424731182795,1034.5430107526877,34.48476702508959,0
3383,4,0,1,30,0.0,0.03225806451612903,0.967741935483871,31,650,400,250,0.6153846153846154,9,4,5,402.2576635202373,0.793010752688172,0.039027341829595885,0.2468530841602607,133090.55102107173,4507.3388180714455,137597.88983914317,3029,3,396.03225806451616,30,1,18,31.659502409795493,0.6656249999999999,42.03629032258064,1031.8548387096769,34.39516129032256,1
3384,4,0,0,30,0.0,0.0,1.0,30,750,400,350,0.5333333333333333,11,4,7,407.880459886713,0.7879789272030652,0.0527142216240466,0.25045882784779144,133113.66705246907,4858.892746913574,137972.55979938264,3030,4,407.93333333333334,29,1,19,31.491139524450425,0.6688218390804599,42.013888888888886,1031.9444444444441,35.58429118773945,0
3385,4,0,0,30,0.0,0.0,1.0,30,750,500,250,0.6666666666666666,10,5,5,406.43651925902884,0.7874521072796935,0.04554912776357645,0.25029350850475224,133221.1829668209,4829.190779320972,138050.37374614188,3031,5,408.93333333333334,29,1,20,31.41999080676263,0.6698994252873562,41.909722222222214,1032.3611111111104,35.59865900383139,0
3386,4,0,0,30,0.0,0.0,1.0,30,500,300,200,0.6,7,3,4,405.8704567663066,0.787308429118774,0.046458669535592856,0.25066883027527026,133328.74228395053,4822.83950617283,138151.58179012337,3032,6,409.93333333333334,29,1,20,31.326205845436615,0.6709770114942529,41.80555555555555,1032.7777777777771,35.61302681992335,0
3387,4,0,0,30,0.0,0.0,1.0,30,850,600,250,0.7058823529411765,11,6,5,410.408654005574,0.7873563218390804,0.04817403772908513,0.25420732532451823,133436.345003858,4952.686149691352,138389.03115354935,3033,7,410.93333333333334,29,1,20,31.100590357126844,0.6720545977011495,41.701388888888886,1033.1944444444443,35.627394636015325,0
3388,4,0,0,30,0.0,0.0,1.0,30,800,500,300,0.625,11,5,6,411.96524788173247,0.7859195402298851,0.053169376875867425,0.2556658389898224,133508.10426311727,5000.139853395059,138508.24411651233,3034,8,411.93333333333334,29,1,21,30.98807843927787,0.6727729885057472,41.63194444444444,1033.4722222222222,35.63697318007662,0
3389,4,0,0,30,0.0,0.0,1.0,30,700,400,300,0.5714285714285714,10,4,6,412.8255028421567,0.7861111111111111,0.050369474674190506,0.2566967600379425,133579.8828125,5029.036458333334,138608.91927083334,3035,9,412.93333333333334,29,1,21,30.893540910923015,0.6734913793103449,41.5625,1033.75,35.64655172413793,0
3390,4,0,0,30,0.0,0.0,1.0,30,500,400,100,0.8,6,4,2,414.0505601415519,0.7852011494252874,0.046552032957191125,0.2577083921148591,133615.7793209878,5064.737654321005,138680.5169753088,3036,10,413.93333333333334,29,1,21,30.825720938563503,0.6738505747126438,41.527777777777786,1033.8888888888898,35.651340996168614,0
3391,4,0,1,29,0.0,0.03333333333333333,0.9666666666666667,30,1250,1000,250,0.8,15,10,5,411.9559884525936,0.7857758620689655,-0.01067800305210409,0.24547182632268716,131983.3420951844,4874.265630419699,136857.6077256041,3037,11,414.93333333333334,30,0,18,32.52888598212339,0.654513888888889,43.111559139784944,1027.5537634408602,34.25179211469534,4
3392,4,0,0,29,0.0,0.0,1.0,29,900,600,300,0.6666666666666666,12,6,6,420.34180989183034,0.77811986863711,0.008112493239588847,0.24990739758520736,131898.18672839514,5288.46450617285,137186.65123456798,3038,38,429.86206896551727,29,0,19,32.39983324319452,0.6566091954022988,43.19444444444445,1027.2222222222229,35.42145593869734,0
3393,4,0,0,29,0.0,0.0,1.0,29,650,600,50,0.9230769230769231,7,6,1,417.94764134189006,0.7776067323481116,0.022874362223059386,0.22610229653253883,128217.27864067239,4918.567053478362,133135.84569415075,3039,39,430.86206896551727,28,1,20,36.22085875065022,0.6223958333333334,46.803160919540225,1012.7873563218384,36.17097701149423,8
3394,4,1,0,30,0.03333333333333333,0.0,1.0,30,1000,700,300,0.7,13,7,6,397.04489318285897,0.7902298850574713,0.009975601896607511,0.20550407945225752,126427.66444830247,4039.49170524692,130467.1561535494,3040,0,417.46666666666664,29,1,19,38.59374280716292,0.600933908045977,48.57638888888889,1005.6944444444445,34.679118773946364,4
3395,4,4,1,33,0.11764705882352941,0.029411764705882353,0.9705882352941176,34,650,400,250,0.6153846153846154,9,4,5,354.42661281751515,0.8317736185383244,0.018374772589448085,0.1888977002379063,127617.73003472216,2246.2239583333235,129863.95399305549,3041,0,369.2352941176471,33,1,20,38.44286941580756,0.6025883838383839,47.39583333333333,1010.4166666666661,30.61868686868685,0
3396,4,6,4,35,0.15384615384615385,0.10256410256410256,0.8974358974358975,39,1000,700,300,0.7,13,7,6,319.2863836232961,0.8633040935672515,0.021740480104518678,0.17500873387407315,128740.17373666803,420.9968998831083,129161.17063655113,3042,0,322.7435897435897,38,1,17,38.18669509071131,0.6038925438596492,46.28739316239316,1014.8504273504266,26.706590193432277,0
3397,4,1,1,35,0.027777777777777776,0.027777777777777776,0.9722222222222222,36,1200,1000,200,0.8333333333333334,14,10,4,344.27844256316683,0.8483796296296297,0.04422435336352448,0.18741671090185044,128466.99948827566,1645.6837009173203,130112.68318919298,3043,0,350.6111111111111,35,1,18,37.83120694904288,0.6068452380952382,46.55671296296295,1013.7731481481462,28.964947089947035,0
3398,4,1,0,36,0.027777777777777776,0.0,1.0,36,1200,900,300,0.75,15,9,6,357.4722029451689,0.8438492063492065,0.10016335994519565,0.1831664981555014,126013.95266439902,1834.2201595787396,127848.17282397776,3044,0,351.5833333333333,34,2,19,40.01511738202513,0.5839460784313726,48.988095238095234,1004.0476190476185,29.530812324929954,7
3399,4,0,2,34,0.0,0.05555555555555555,0.9444444444444444,36,800,600,200,0.75,10,6,4,338.0145030355867,0.8446097883597884,0.0628364062273814,0.17433454179165891,126283.03748582753,1337.0996315192597,127620.13711734679,3045,1,352.5833333333333,34,2,15,40.22661771092425,0.5867034313725491,48.72023809523809,1005.1190476190465,29.562324929971954,8
3400,4,3,3,34,0.08108108108108109,0.08108108108108109,0.9189189189189189,37,1050,700,350,0.6666666666666666,14,7,7,330.7043692650973,0.8527277277277278,0.049553069086498924,0.17458930136982972,127233.99233270448,1015.3674366934649,128249.35976939795,3046,0,343.72972972972974,36,1,19,39.4347397402984,0.5923032407407407,47.77590090090091,1008.8963963963977,28.024899899899935,8
3401,4,1,0,35,0.02857142857142857,0.0,1.0,35,950,700,250,0.7368421052631579,12,7,5,342.7235125867424,0.836204481792717,0.08957055214723963,0.18110501824720873,127272.13718820855,1723.830782312917,128995.96797052147,3047,0,364.0857142857143,34,1,20,39.092486628913,0.5968137254901962,47.738095238095234,1009.0476190476186,29.67787114845937,0
3402,4,4,2,37,0.10256410256410256,0.05128205128205128,0.9487179487179487,39,750,400,350,0.5333333333333333,11,4,7,316.6505282055288,0.858974358974359,0.10014377626414861,0.17146644663321667,128255.57503270246,325.41884944190946,128580.99388214436,3048,0,327.64102564102564,37,2,18,38.74666233672512,0.6007882882882882,46.765350877192986,1012.9385964912287,27.376718824087263,0
3403,4,0,0,37,0.0,0.0,1.0,37,1200,700,500,0.5833333333333334,17,7,10,330.9894575351325,0.8477227227227228,0.10552207748469478,0.17835331200993815,128059.03031409784,1077.2377952276606,129136.2681093255,3049,1,346.35135135135135,36,1,18,38.584084334668454,0.6006944444444444,46.95945945945946,1012.1621621621617,28.115615615615603,0
3404,4,3,0,40,0.075,0.0,1.0,40,1200,900,300,0.75,15,9,6,325.3278648632464,0.8730235042735043,0.1406794980859214,0.16736232172724108,126177.97592957833,214.9149405949302,126392.89087017326,3050,0,321.3,38,2,19,40.65335672763364,0.5778508771929826,48.82478632478632,1004.7008547008534,26.439496176338245,7
3405,4,4,3,41,0.09090909090909091,0.06818181818181818,0.9318181818181819,44,900,600,300,0.6666666666666666,12,6,6,303.4436604821662,0.8917811839323467,0.1367287931461567,0.15916958494389846,126972.68427348793,-1094.1887805612728,125878.49549292665,3051,0,293.0,43,1,14,40.38932083685679,0.5782461240310077,48.03503787878789,1007.8598484848502,23.438601127554655,0
3406,4,3,2,42,0.06818181818181818,0.045454545454545456,0.9545454545454546,44,750,500,250,0.6666666666666666,10,5,5,304.650068357688,0.8906580338266386,0.15206213224116016,0.16047008263856258,127142.03534423035,-1053.121954298054,126088.91338993229,3052,0,293.9318181818182,41,3,17,40.18583185782675,0.5828252032520325,47.867063492063494,1008.5317460317465,24.598335269066986,0
3407,4,4,6,40,0.08695652173913043,0.13043478260869565,0.8695652173913043,46,1550,1200,350,0.7741935483870968,19,12,7,275.8852617935055,0.9023550724637681,0.1396900559621168,0.14665479705865345,127512.50000000055,-2164.2361111110663,125348.26388888949,3053,0,281.8478260869565,44,2,11,40.53389713971396,0.5823863636363635,47.50000000000002,1010.0000000000045,22.954545454545556,2
3408,4,7,4,43,0.14893617021276595,0.0851063829787234,0.9148936170212766,47,1150,800,350,0.6956521739130435,15,8,7,272.9670430115252,0.8998612395929694,0.16611107382300072,0.14666195361805726,127942.64938886419,-2415.17466425226,125527.47472461192,3054,0,276.63829787234044,46,1,14,40.17043463021384,0.5842391304347825,47.0744680851064,1011.702127659578,21.993524514338652,0
3409,4,1,1,43,0.022727272727272728,0.022727272727272728,0.9772727272727273,44,1650,1100,550,0.6666666666666666,22,11,11,291.37192657229497,0.8888521846370684,0.17276772407919938,0.15575339590181547,127737.36230379107,-1356.183730056207,126381.17857373487,3055,0,296.47727272727275,43,1,15,39.91383684621393,0.5859980620155036,47.27746212121214,1010.8901515151541,23.509073291050097,0
3410,4,3,2,44,0.06521739130434782,0.043478260869565216,0.9565217391304348,46,950,600,350,0.631578947368421,13,6,7,284.20609126957123,0.8931964573268921,0.1851512537907838,0.15383129304294127,128238.29839677655,-1910.1309892821914,126328.16740749436,3056,0,284.5217391304348,44,2,18,39.585809184264235,0.5897253787878787,46.78240740740741,1012.8703703703716,23.019781144781174,0
3411,4,4,4,44,0.08333333333333333,0.08333333333333333,0.9166666666666666,48,1600,1300,300,0.8125,19,13,6,277.39566053521395,0.8973108747044917,0.18220021257389218,0.15200326118461394,128728.63950662654,-2458.2468028520016,126270.39270377453,3057,0,273.4583333333333,46,2,15,39.261196528930434,0.5921648550724639,46.29875886524821,1014.8049645390039,22.060977489978345,0
3412,4,1,1,44,0.022222222222222223,0.022222222222222223,0.9777777777777777,45,800,300,500,0.375,13,3,10,295.36435453017754,0.888425925925926,0.19691675231243622,0.16055280276975542,128408.33875868029,-1414.5507812500214,126993.78797743027,3058,0,292.64444444444445,43,2,15,39.13048132922234,0.592781007751938,46.61458333333332,1013.5416666666645,23.570736434108476,0
3413,4,3,2,45,0.06382978723404255,0.0425531914893617,0.9574468085106383,47,1000,500,500,0.5,15,5,10,285.745101813557,0.8983965464076472,0.19346778511511697,0.15680997115194503,128787.31900467326,-2039.9308837429237,126747.38812093034,3059,0,281.1276595744681,45,2,16,38.98990124338152,0.5939814814814814,46.2409420289855,1015.036231884057,22.556360708534598,0
3414,4,0,0,45,0.0,0.0,1.0,45,1250,1000,250,0.8,15,10,5,298.8541821957543,0.8883838383838384,0.20336549434588713,0.16313599853804925,128576.35750258257,-1314.8835657713553,127261.47393681122,3060,1,294.6222222222222,43,2,16,38.87138188608778,0.5944767441860466,46.44886363636363,1014.2045454545448,23.586152219873135,0
3415,4,0,2,43,0.0,0.044444444444444446,0.9555555555555556,45,1150,1000,150,0.8695652173913043,13,10,3,297.75433496512096,0.8886784511784512,0.20111194091776574,0.1627318589870601,128624.38303489452,-1340.3064738291914,127284.07656106533,3061,2,295.6222222222222,43,2,16,38.85051033109285,0.5949612403100775,46.401515151515156,1014.3939393939404,23.590556730091638,0
3416,4,1,0,44,0.022727272727272728,0.0,1.0,44,1000,700,300,0.7,13,7,6,303.3549026233516,0.8876409443269909,0.20182365147029468,0.16604439024407291,128684.70687045553,-992.5726556396836,127692.13421481584,3062,0,302.8181818181818,42,2,17,38.647216120714354,0.5969742063492063,46.34205426356589,1014.6317829457366,24.15789959394611,0
3417,4,0,0,44,0.0,0.0,1.0,44,1100,800,300,0.7272727272727273,14,8,6,306.2089153469354,0.8862975687103595,0.21081519663993853,0.1681260271055815,128807.63250405624,-911.5909125052576,127896.04159155098,3063,1,303.8181818181818,42,2,18,38.449988863433866,0.5982142857142857,46.22093023255814,1015.1162790697674,24.169435215946844,0
3418,4,2,1,45,0.043478260869565216,0.021739130434782608,0.9782608695652174,46,1300,1100,200,0.8461538461538461,15,11,4,295.94720653052167,0.890499194847021,0.21095457857663336,0.1645172359284577,129297.68207644636,-1546.3415102956824,127751.34056615068,3064,0,291.5652173913044,43,3,19,38.21384233395408,0.6017441860465116,45.73863636363637,1017.0454545454552,23.65221987315012,0
3419,4,0,0,45,0.0,0.0,1.0,45,1750,1200,550,0.6857142857142857,23,12,11,305.013724440056,0.8846380471380472,0.21733617012268036,0.16967297644129675,129324.56099580863,-1110.8467978186368,128213.71419798999,3065,1,299.0444444444444,42,3,19,37.95608269029245,0.603422619047619,45.71220930232558,1017.1511627906983,24.21788482834996,0
3420,4,3,4,44,0.0625,0.08333333333333333,0.9166666666666666,48,1350,800,550,0.5925925925925926,19,8,11,291.53571330789356,0.8904403073286051,0.22312753636067417,0.16444367828840756,129869.89935314289,-2027.657250971417,127842.24210217147,3066,0,281.2916666666667,45,3,17,37.74761915341096,0.6048611111111111,45.176630434782616,1019.2934782608709,22.65096618357491,0
3421,4,0,0,44,0.0,0.0,1.0,44,1250,1000,250,0.8,15,10,5,317.06193163645605,0.8818930584918957,0.2330454368105559,0.17627542967120116,129302.2683610482,-600.6346056941206,128701.63375535408,3067,5,307.8181818181818,41,3,18,37.672324099362726,0.6046747967479674,45.73412698412699,1017.0634920634927,24.806426635694944,0
3422,4,1,1,44,0.022222222222222223,0.022222222222222223,0.9777777777777777,45,700,500,200,0.7142857142857143,9,5,4,310.87981720814264,0.8872895622895624,0.23004918292876386,0.17380481531514308,129521.75842985701,-946.8598829697683,128574.89854688724,3068,0,301.9555555555556,42,3,17,37.60709186101857,0.6054067460317459,45.51841085271318,1017.9263565891475,24.236341823551133,0
3423,4,1,0,45,0.022222222222222223,0.0,1.0,45,950,700,250,0.7368421052631579,12,7,5,311.3486227153513,0.8835016835016836,0.2368030447193148,0.1746144090041807,129645.08311549804,-927.0363860344745,128718.04672946356,3069,0,302.93333333333334,42,3,18,37.47026641294007,0.6066468253968254,45.397286821705436,1018.4108527131798,24.2478774455519,0
3424,4,2,1,46,0.0425531914893617,0.02127659574468085,0.9787234042553191,47,1150,800,350,0.6956521739130435,15,8,7,299.4193440754161,0.8914199814986123,0.23369299670335386,0.16977369602052814,130073.61218278484,-1610.6888717420943,128462.92331104274,3070,0,291.0,44,3,19,37.34096547759525,0.6081912878787878,44.97685185185186,1020.0925925925942,23.183922558922596,0
3425,4,0,1,45,0.0,0.021739130434782608,0.9782608695652174,46,1000,500,500,0.5,15,5,10,307.108922759021,0.8862721417069244,0.2319654628168235,0.17400684939702346,130045.17049938305,-1212.3935555842452,128832.7769437988,3071,1,298.32608695652175,43,3,19,37.173602729551604,0.6092538759689923,45.00473484848485,1019.9810606060607,23.720489781536298,0
3426,4,0,0,45,0.0,0.0,1.0,45,1300,900,400,0.6923076923076923,17,9,8,313.7858022699597,0.882449494949495,0.23114319791435745,0.17787954445319684,130064.826003921,-837.5008450513876,129227.32515886961,3072,2,305.68888888888887,42,3,19,36.98347107438016,0.6108630952380953,44.985465116279066,1020.0581395348835,24.28709856035437,0
3427,4,2,1,46,0.0425531914893617,0.02127659574468085,0.9787234042553191,47,1250,700,550,0.56,18,7,11,309.55338168396645,0.8880280604378661,0.24206386075753317,0.17810986031564893,130642.6379145408,-1311.3752342191224,129331.26268032167,3073,0,293.63829787234044,41,6,16,36.508066472586094,0.618140243902439,44.419642857142854,1022.3214285714284,24.934668989547035,0
3428,4,0,0,46,0.0,0.0,1.0,46,1700,1300,400,0.7647058823529411,21,13,8,317.43692912109873,0.8849235104669888,0.2525672054628747,0.18268967431111283,130651.91436975347,-905.2515037345437,129746.66286601893,3074,1,301.0217391304348,40,6,16,36.29721669980122,0.6197916666666667,44.41056910569106,1022.3577235772359,25.558943089430898,0
3429,4,0,1,45,0.0,0.021739130434782608,0.9782608695652174,46,1250,900,350,0.72,16,9,7,315.9891953816717,0.884279388083736,0.2545966682795324,0.18234605861933179,130755.83316808783,-936.5138971511591,129819.31927093667,3075,2,302.0217391304348,40,6,17,36.22938195548489,0.6208333333333333,44.3089430894309,1022.7642276422769,25.569105691056922,0
3430,4,1,0,46,0.021739130434782608,0.0,1.0,46,1150,600,550,0.5217391304347826,17,6,11,319.77942161470344,0.8828904991948471,0.2713387393158795,0.18532834344816163,130921.69390904497,-826.7872889896812,130094.90662005529,3076,0,302.8695652173913,41,5,19,35.96516737753651,0.6209349593495934,44.14682539682539,1023.4126984126974,24.96128532713896,0
3431,4,0,2,44,0.0,0.043478260869565216,0.9565217391304348,46,1500,1000,500,0.6666666666666666,20,10,10,321.97184717035327,0.8798913043478261,0.27780397936624857,0.18771085951631278,131150.233892747,-754.6633873456709,130395.57050540132,3077,1,303.8695652173913,41,5,20,35.67867231638417,0.623221544715447,43.923611111111114,1024.305555555556,24.98306233062332,0
3432,4,0,0,44,0.0,0.0,1.0,44,1200,800,400,0.6666666666666666,16,8,8,331.54054270391424,0.8760570824524313,0.2691202346041057,0.19274500679411063,131041.82287535541,-110.86458539888548,130930.95828995653,3078,2,314.6136363636364,40,4,20,35.5430107526882,0.6236979166666665,44.029471544715456,1023.8821138211392,25.59705284552848,0
3433,4,0,0,44,0.0,0.0,1.0,44,1150,1000,150,0.8695652173913043,13,10,3,335.6991291887124,0.8754624735729387,0.2745761183261184,0.19582449202674904,131171.9214753124,6.859962654511037,131178.7814379669,3079,3,315.6136363636364,40,4,20,35.30526620370371,0.625,43.90243902439025,1024.3902439024396,25.60975609756099,0
3434,4,0,0,44,0.0,0.0,1.0,44,1350,900,450,0.6666666666666666,18,9,9,339.4177061982598,0.8738328047921071,0.28536433626253976,0.19938658218380176,131440.53939673738,122.9281285744022,131563.46752531177,3080,4,316.6136363636364,37,7,20,34.9390504704876,0.632882882882883,43.64035087719298,1025.4385964912276,27.71455666192507,0
3435,4,0,0,44,0.0,0.0,1.0,44,1250,700,550,0.56,18,7,11,340.8113910853346,0.8732381959126145,0.2894127189190767,0.20123998796010384,131637.38031173046,172.70374057401614,131810.08405230448,3081,5,317.6136363636364,37,7,16,34.70489635644833,0.6348536036036037,43.4484649122807,1026.2061403508767,27.735301090564235,0
3436,4,0,0,44,0.0,0.0,1.0,44,1450,1100,350,0.7586206896551724,18,11,7,342.8546820865571,0.8727757223396758,0.29406624985437446,0.2031956482948433,131778.07113727316,236.14573714991047,132014.21687442306,3082,6,318.6136363636364,37,7,16,34.51071479424747,0.6362612612612611,43.31140350877194,1026.7543859649136,27.750118539592258,0
3437,4,2,1,45,0.043478260869565216,0.021739130434782608,0.9782608695652174,46,800,500,300,0.625,11,5,6,330.122978108825,0.8788244766505636,0.2957759193936911,0.1978933917952903,132210.46142578137,-470.8577473958194,131739.60367838555,3083,0,305.7173913043478,39,7,17,34.402853742530155,0.6370192307692307,42.89062500000001,1028.437500000001,26.37019230769233,0
3438,4,1,0,46,0.021739130434782608,0.0,1.0,46,1250,800,450,0.64,17,8,9,331.5904210854133,0.8762278582930757,0.3081323710614321,0.19976300977584685,132398.0034722224,-419.6180555555376,131978.38541666686,3084,0,306.69565217391306,40,6,18,34.17678812415655,0.6372395833333333,42.70833333333334,1029.166666666668,25.729166666666703,0
3439,4,0,0,46,0.0,0.0,1.0,46,1100,800,300,0.7272727272727273,14,8,6,334.45756805503635,0.8751811594202898,0.3136201202014184,0.20193190011142453,132480.4815910588,-338.1800624588745,132142.30152859993,3085,1,307.69565217391306,38,8,18,34.020210668327124,0.6414473684210524,42.628205128205146,1029.4871794871817,27.091767881241623,0
3440,4,0,1,45,0.0,0.021739130434782608,0.9782608695652174,46,950,600,350,0.631578947368421,13,6,7,336.0503448577573,0.8739130434782609,0.3158005152243837,0.20304182905292875,132507.9800044747,-294.1295246182766,132213.85047985642,3086,2,308.69565217391306,38,8,18,33.951610113797514,0.64172149122807,42.60149572649574,1029.5940170940194,27.094579397211035,0
3441,4,0,0,45,0.0,0.0,1.0,45,1350,900,450,0.6666666666666666,18,9,9,331.4295250072527,0.8726010101010101,0.3049773656462025,0.20105931149003714,132659.6078413147,-206.53783710093484,132453.07000421375,3087,3,310.0444444444444,40,5,17,33.91844233994278,0.63984375,42.454268292682926,1030.1829268292681,25.754573170731703,0
3442,4,0,0,45,0.0,0.0,1.0,45,1000,500,500,0.5,15,5,10,333.94751222362953,0.8727272727272728,0.31233362910381524,0.20343721420325986,132816.6943969365,-129.23906487538602,132687.45533206113,3088,4,311.0444444444444,40,5,17,33.6960629662493,0.64140625,42.30182926829269,1030.7926829268306,25.769817073170763,0
3443,4,0,1,44,0.0,0.022222222222222223,0.9777777777777777,45,1400,1300,100,0.9285714285714286,15,13,2,332.48127505966556,0.8731060606060607,0.3106204963094372,0.2029696159299261,132895.2725312316,-162.96206788285895,132732.31046334875,3089,5,312.0444444444444,40,5,17,33.655093961495496,0.6421874999999999,42.22560975609757,1031.0975609756113,25.777439024390283,0
3444,4,0,0,44,0.0,0.0,1.0,44,1100,800,300,0.7272727272727273,14,8,6,342.15519783036774,0.8716085271317829,0.31684302864963665,0.2086451012277974,132854.01611328137,291.3384331597357,133145.3545464411,3090,6,319.1136363636364,39,5,17,33.447109393418884,0.6434294871794872,42.26562500000001,1030.937500000001,26.434294871794894,0
3445,4,0,0,44,0.0,0.0,1.0,44,1050,700,350,0.6666666666666666,14,7,7,339.59560596998796,0.871057963354475,0.3091800532176987,0.20745795386980564,132921.47040658694,227.90945782935535,133149.3798644163,3091,7,320.1136363636364,40,4,17,33.445435432475925,0.6424479166666666,42.20020325203253,1031.1991869918718,25.779979674796795,0
3446,4,0,0,44,0.0,0.0,1.0,44,1350,700,650,0.5185185185185185,20,7,13,341.9453032104634,0.8702871740662439,0.31553067622033093,0.20933322241171343,133000.07952442346,295.7505039989581,133295.8300284224,3092,8,321.1136363636364,40,4,17,33.30603448275862,0.6432291666666665,42.123983739837406,1031.5040650406518,25.787601626016293,0
3447,4,0,0,44,0.0,0.0,1.0,44,650,500,150,0.7692307692307693,8,5,3,341.18899776414213,0.8700449260042283,0.3145256624963051,0.2090168688173695,133026.28772762598,277.4211572146419,133303.70888484063,3093,9,322.1136363636364,40,4,17,33.29926444028502,0.6434895833333333,42.09857723577237,1031.6056910569125,25.790142276422813,0
3448,4,0,0,44,0.0,0.0,1.0,44,1350,900,450,0.6666666666666666,18,9,9,342.7858992007619,0.8687455954897816,0.3170179239708488,0.2104382116375175,133104.92782900407,325.2984747835437,133430.2263037876,3094,10,323.1136363636364,40,4,17,33.17924791543563,0.6442708333333333,42.022357723577244,1031.9105691056923,25.797764227642308,0
3449,4,0,1,43,0.0,0.022727272727272728,0.9772727272727273,44,1100,800,300,0.7272727272727273,14,8,6,342.64944565536473,0.8685914376321353,0.3171142742043773,0.21050242714036502,133131.14636005374,323.46269994714106,133454.6090600009,3095,11,324.1136363636364,40,4,17,33.15649105530938,0.64453125,41.996951219512205,1032.0121951219528,25.80030487804882,0
3450,4,0,0,43,0.0,0.0,1.0,43,1300,800,500,0.6153846153846154,18,8,10,347.2470197102949,0.86812476928756,0.3094528554889402,0.21266464045708441,133015.1489257814,637.8228081597379,133652.97173394114,3096,12,331.69767441860466,39,4,17,33.15419990575245,0.6450320512820513,42.10937500000001,1031.5625000000011,26.450320512820543,0
3451,4,0,0,43,0.0,0.0,1.0,43,850,400,450,0.47058823529411764,13,4,9,345.76217738891734,0.8674787744555186,0.30366374149564,0.21221314307401598,133095.75195312515,603.8953993055703,133699.6473524307,3097,13,332.69767441860466,39,4,18,33.11166633017026,0.6458333333333333,42.03125000000001,1031.8750000000011,26.458333333333364,0
3452,4,0,0,43,0.0,0.0,1.0,43,1000,500,500,0.5,15,5,10,347.90409345053985,0.8673864894795127,0.30633844132072285,0.21414469354626425,133203.26063368074,668.3919270833524,133871.65256076408,3098,14,333.69767441860466,39,4,18,32.94862092162798,0.6469017094017093,41.92708333333334,1032.2916666666683,26.469017094017136,0
3453,4,0,0,43,0.0,0.0,1.0,43,1250,900,350,0.72,16,9,7,347.9554998079304,0.867155777039498,0.30863566204240156,0.21479643991879352,133310.812717014,677.2460937500098,133988.058810764,3099,15,334.69767441860466,39,4,18,32.8395030596463,0.6479700854700854,41.82291666666667,1032.7083333333342,26.479700854700877,0
3454,4,1,1,43,0.022727272727272728,0.022727272727272728,0.9772727272727273,44,1250,1100,150,0.88,14,11,3,341.1648104188404,0.8683491895701199,0.3034708161937829,0.2119836201494148,133552.96359592024,312.8119574652878,133865.77555338552,3100,0,328.0681818181818,39,5,18,32.7724520474319,0.6503739316239316,41.58854166666667,1033.6458333333342,26.503739316239336,0
3455,4,0,0,43,0.0,0.0,1.0,43,800,600,200,0.75,10,6,4,350.1902899901742,0.8657253599114064,0.31203613991474777,0.21727970975464714,133499.82336410598,750.0683715026428,134249.89173560863,3101,17,336.69767441860466,38,5,18,32.59243943623143,0.6515899122807018,41.63995726495725,1033.440170940169,27.195793972109712,0
3456,4,1,1,43,0.022727272727272728,0.022727272727272728,0.9772727272727273,44,1500,1100,400,0.7333333333333333,19,11,8,345.47095125533474,0.865728505990134,0.30657674316419725,0.21591390918292802,133768.39328342,442.61881510415805,134211.01209852417,3102,0,330.02272727272725,39,5,16,32.44564578927938,0.6525106837606838,41.38020833333333,1034.4791666666656,26.52510683760681,0
3457,4,0,0,43,0.0,0.0,1.0,43,1350,1000,350,0.7407407407407407,17,10,7,350.26157429800304,0.8629568106312292,0.3098902048932308,0.2191171243864248,133803.6242603548,773.2536160420505,134576.87787639684,3103,19,338.69767441860466,38,5,16,32.28650351094589,0.6546052631578949,41.34615384615383,1034.6153846153827,27.22672064777323,0
3458,4,0,0,43,0.0,0.0,1.0,43,950,500,450,0.5263157894736842,14,5,9,349.3644775590916,0.8627260981912145,0.30849358036539876,0.2189865037570707,133876.17323133664,754.3158637152596,134630.4890950519,3104,20,339.69767441860466,39,4,16,32.23714561315215,0.65357905982906,41.27604166666666,1034.895833333332,26.53579059829056,0
3459,4,0,0,43,0.0,0.0,1.0,43,1050,800,250,0.7619047619047619,13,8,5,349.1525644467461,0.8612956810631229,0.307392385985195,0.21917429140286263,133930.07948133672,752.4061414930463,134682.48562282976,3105,21,340.69767441860466,39,4,16,32.18872647680387,0.6541132478632479,41.22395833333333,1035.104166666666,26.541132478632463,0
3460,4,0,0,43,0.0,0.0,1.0,43,1350,900,450,0.6666666666666666,18,9,9,350.88663870493343,0.8594499815430048,0.30972675295520724,0.22155984901082945,134145.81298828125,813.994683159724,134959.80767144097,3106,22,341.69767441860466,39,4,17,31.92820931791519,0.65625,41.015625,1035.9375,26.5625,0
3461,4,0,0,43,0.0,0.0,1.0,43,1100,1000,100,0.9090909090909091,12,10,2,352.449160807634,0.8582502768549279,0.3123671739287994,0.2228742404674846,134199.7734917534,859.7195095486059,135059.493001302,3107,23,342.69767441860466,39,4,17,31.833823430850163,0.656784188034188,40.963541666666664,1036.145833333333,26.567841880341874,0
3462,4,0,0,43,0.0,0.0,1.0,43,1500,900,600,0.6,21,9,12,353.97726111480966,0.857235142118863,0.3118275297038151,0.22417057739218585,134253.74484592004,904.554578993045,135158.29942491307,3108,24,343.69767441860466,39,4,17,31.74031309679365,0.6573183760683762,40.91145833333333,1036.3541666666658,26.57318376068374,0
3463,4,0,0,43,0.0,0.0,1.0,43,1150,800,350,0.6956521739130435,15,8,7,353.2971123127347,0.8566352897748246,0.31335526807746983,0.22423551414134785,134334.72222222213,892.0138888888786,135226.736111111,3109,25,344.69767441860466,39,4,18,31.677049839228303,0.6581196581196582,40.83333333333333,1036.6666666666658,26.58119658119656,0
3464,4,0,0,43,0.0,0.0,1.0,43,1650,900,750,0.5454545454545454,24,9,15,352.96809927359755,0.8546973052787006,0.307802621037905,0.22485626132227834,134469.73876953122,892.7056206597222,135362.44439019094,3110,26,345.69767441860466,39,4,20,31.550772488366654,0.6594551282051282,40.703125,1037.1874999999998,26.594551282051277,0
3465,4,0,0,43,0.0,0.0,1.0,43,1350,1000,350,0.7407407407407407,17,10,7,358.8658115689904,0.8538205980066444,0.31488094486996654,0.2294898302295801,134609.20538359322,1061.4015891155282,135670.60697270875,3111,27,346.69767441860466,36,7,20,31.25859106529211,0.6663773148148147,40.5686936936937,1037.7252252252265,28.825700700700736,0
3466,4,0,1,42,0.0,0.023255813953488372,0.9767441860465116,43,1950,1500,450,0.7692307692307693,24,15,9,361.6590670043959,0.8525286083425618,0.31813469149910323,0.2320205246147201,134726.0916955808,1144.9825247544989,135871.07422033531,3112,28,347.69767441860466,36,7,20,31.069439924793013,0.6675347222222221,40.45608108108109,1038.1756756756765,28.838213213213237,0
3467,4,0,1,41,0.0,0.023809523809523808,0.9761904761904762,42,950,400,550,0.42105263157894735,15,4,11,364.7673562914491,0.849545102593883,0.31843850819460595,0.23514876742058824,134901.51627556607,1441.5338903092268,136343.0501658753,3113,29,351.57142857142856,36,6,17,30.813685636856363,0.6692708333333334,40.28716216216216,1038.8513513513512,28.856981981981978,0
3468,4,0,0,41,0.0,0.0,1.0,41,1200,800,400,0.6666666666666666,16,8,8,367.4453600832131,0.8490853658536586,0.30822585889238074,0.23725810619228888,134960.0164987623,1718.0863718448209,136678.1028706071,3114,30,339.6585365853659,36,5,17,30.685759185000542,0.669849537037037,40.23085585585586,1039.0765765765768,28.863238238238246,0
3469,4,0,0,41,0.0,0.0,1.0,41,1100,700,400,0.6363636363636364,15,7,8,366.2488305950378,0.8480182926829268,0.3056840102528866,0.23706007758711073,135047.7906115575,1692.2190771852959,136740.00968874278,3115,31,340.6585365853659,36,5,17,30.629288551823766,0.6707175925925926,40.1463963963964,1039.4144144144145,28.872622622622625,0
3470,4,0,0,41,0.0,0.0,1.0,41,500,300,200,0.6,7,3,4,366.5822213542628,0.8469512195121951,0.30933413656528486,0.23746810423306675,135077.0549899563,1703.369374442023,136780.42436439832,3116,32,341.6585365853659,36,5,17,30.591440075109244,0.6710069444444444,40.11824324324325,1039.5270270270278,28.875750750750772,0
3471,4,0,0,41,0.0,0.0,1.0,41,1050,800,250,0.7619047619047619,13,8,5,367.5348202701848,0.8464939024390243,0.31203977335565747,0.23855802194539125,135148.68907981316,1734.3698301400582,136883.05890995322,3117,33,342.6585365853659,37,4,17,30.4952502724173,0.6697635135135135,40.049342105263165,1039.8026315789486,28.102773826458073,0
3472,4,0,0,41,0.0,0.0,1.0,41,1000,700,300,0.7,13,7,6,367.95038986623825,0.8454268292682927,0.3126764474475865,0.2393948832833426,135234.21269044312,1751.8962565404652,136986.1089469836,3118,34,343.6585365853659,37,4,17,30.39918476351113,0.6706081081081081,39.96710526315789,1040.1315789473679,28.111664295874807,0
3473,4,0,0,41,0.0,0.0,1.0,41,1300,1100,200,0.8461538461538461,15,11,4,367.29293452716297,0.8441565040650406,0.31360647185652146,0.23991584594613224,135376.8121561441,1744.5893207525244,137121.40147689663,3119,35,344.6585365853659,37,4,17,30.274185192989844,0.6720157657657657,39.830043859649116,1040.6798245614025,28.12648174490277,0
3474,4,0,0,41,0.0,0.0,1.0,41,1350,1100,250,0.8148148148148148,16,11,5,367.76530204500574,0.8432418699186992,0.3102891123697975,0.24098906438352818,135490.94583189036,1765.7737236457174,137256.71955553608,3120,36,345.6585365853659,37,4,18,30.148213972266113,0.6731418918918919,39.720394736842096,1041.1184210526299,28.138335704125133,0
3475,4,0,0,41,0.0,0.0,1.0,41,600,300,300,0.5,9,3,6,343.0399999999997,0.8425813008130081,0.2472195121951215,0.2256842105263159,135633.68055555574,1105.555555555575,136739.2361111113,3121,37,346.6585365853659,39,2,21,30.650000000000002,0.6709401709401709,39.58333333333334,1041.666666666668,26.709401709401746,2
3476,4,0,1,40,0.0,0.024390243902439025,0.975609756097561,41,1400,1100,300,0.7857142857142857,17,11,6,342.14816935725617,0.8413617886178861,0.24686985281522178,0.2260229341471381,135780.35119156315,1091.399718975727,136871.7509105389,3122,38,347.6585365853659,36,5,22,30.5276427156492,0.677951388888889,39.442567567567565,1042.2297297297293,28.950825825825817,0
3477,4,0,0,40,0.0,0.0,1.0,40,950,600,350,0.631578947368421,13,6,7,338.24723817464377,0.8410790598290598,0.2172252010723863,0.21384105057481698,134190.77932098752,1077.9320987654153,135268.71141975294,3123,39,347.625,38,2,18,32.21067917783734,0.6584429824561404,40.972222222222214,1036.1111111111102,27.266081871345005,3
3478,4,0,0,40,0.0,0.0,1.0,40,1300,900,400,0.6923076923076923,17,9,8,338.16832518131264,0.8398504273504274,0.21263141620284576,0.21443850267379663,134301.49778106477,1083.3025147928654,135384.80029585763,3124,40,348.625,38,2,20,32.10227272727273,0.6595394736842106,40.8653846153846,1036.538461538459,27.277327935222605,0
3479,4,0,0,40,0.0,0.0,1.0,40,1050,900,150,0.8571428571428571,12,9,3,340.1467785754695,0.8389423076923077,0.21469906214572831,0.2158563893078989,134329.18453000553,1138.3278773102104,135467.51240731575,3125,41,349.625,38,2,20,32.02338623793328,0.6598135964912282,40.838675213675195,1036.6452991452966,27.280139451192014,0
3480,4,0,0,40,0.0,0.0,1.0,40,850,500,350,0.5882352941176471,12,5,7,355.19962647656763,0.8383814102564102,0.2311052406873737,0.21129303494977536,131918.83710612875,1392.7919545118957,133311.62906064064,3126,42,350.625,37,3,17,34.05190432988225,0.637668918918919,43.17434210526316,1027.302631578947,27.76493598862019,6
3481,4,1,1,40,0.024390243902439025,0.024390243902439025,0.975609756097561,41,1100,800,300,0.7272727272727273,14,8,6,349.58237618173706,0.8409552845528455,0.23271760771081462,0.20970694911412355,132237.24500868062,1045.5620659722276,133282.80707465284,3127,0,343.0487804878049,39,2,18,33.875582337451895,0.6372863247863249,42.864583333333336,1028.5416666666672,26.37286324786326,0
3482,4,0,0,40,0.0,0.0,1.0,40,1050,800,250,0.7619047619047619,13,8,5,354.78743787656293,0.8347222222222223,0.23393413671306917,0.21265154900372304,132205.65440317034,1380.9810796990207,133586.63548286937,3128,44,352.625,38,2,18,33.77354733707321,0.6387061403508772,42.89529914529914,1028.4188034188026,27.063652721547435,0
3483,4,0,0,40,0.0,0.0,1.0,40,1250,1000,250,0.8,15,10,5,353.86852051272007,0.8341880341880342,0.23054113003739096,0.2124093588214756,132260.59701219955,1360.5723573672274,133621.16936956678,3129,45,353.625,38,2,19,33.74186400775516,0.6392543859649124,42.84188034188034,1028.6324786324785,27.069275753486277,0
3484,4,0,0,40,0.0,0.0,1.0,40,1100,700,400,0.6363636363636364,15,7,8,355.4978305202291,0.8326388888888889,0.2351463566535188,0.2143220337441732,132425.49332493247,1415.3951165169142,133840.88844144938,3130,46,354.625,38,2,19,33.534011487094304,0.6408991228070176,42.68162393162393,1029.2735042735044,27.086144849302748,0
3485,4,0,0,40,0.0,0.0,1.0,40,1250,900,350,0.72,16,9,7,353.5394535218057,0.8326923076923077,0.23286825726141092,0.2140779102983799,132590.49236613343,1375.194042661997,133965.68640879542,3131,47,355.625,38,2,19,33.41848201936377,0.6425438596491228,42.52136752136752,1029.9145299145302,27.103013945119216,0
3486,4,0,0,40,0.0,0.0,1.0,40,650,400,250,0.6153846153846154,9,4,5,350.6222709803038,0.8305021367521368,0.22958221024258796,0.2132473156290046,132755.59413580262,1309.4135802469348,134065.00771604956,3132,48,356.625,38,2,17,33.32771787960469,0.644188596491228,42.36111111111112,1030.5555555555568,27.119883040935704,0
3487,4,0,0,40,0.0,0.0,1.0,40,1400,1000,400,0.7142857142857143,18,10,8,353.0942861605166,0.8289797008547009,0.22127576919092484,0.2158593504944567,132948.34270445266,1388.6600326905018,134337.00273714316,3133,49,357.625,38,2,17,33.07046168721296,0.6461074561403508,42.17414529914531,1031.3034188034203,27.139563652721588,0
3488,4,0,1,39,0.0,0.025,0.975,40,900,700,200,0.7777777777777778,11,7,4,354.20515659082037,0.8284188034188035,0.22473586078309515,0.21669813572419416,132975.889628534,1420.1491617357165,134396.03879026973,3134,50,358.625,38,2,17,33.01416511290656,0.6463815789473684,42.147435897435905,1031.4102564102575,27.142375168690986,0
3489,4,0,0,39,0.0,0.0,1.0,39,650,200,450,0.3076923076923077,11,2,9,357.47062522105654,0.8255173189383715,0.22193144583108393,0.21861955141932754,132962.84072983998,1706.0619613727324,134668.90269121272,3135,51,357.5897435897436,37,2,17,32.94306825430576,0.6480855855855856,42.16008771929825,1031.3596491228072,27.874585111427223,0
3490,4,0,0,39,0.0,0.0,1.0,39,800,500,300,0.625,11,5,6,356.02198102117205,0.8249550157444895,0.22230216023392813,0.2182287178780591,133047.67001625494,1673.5790098876528,134721.24902614258,3136,52,358.5897435897436,37,2,17,32.895255429199,0.6489301801801801,42.07785087719298,1031.6885964912276,27.88347558084399,0
3491,4,0,1,38,0.0,0.02564102564102564,0.9743589743589743,39,700,400,300,0.5714285714285714,10,4,6,354.7957820505017,0.8238866396761134,0.2202714226941198,0.21780711708266615,133104.23790252768,1644.9644361726673,134749.20233870033,3137,53,359.5897435897436,37,2,18,32.87011210285836,0.6494932432432432,42.02302631578947,1031.9078947368419,27.889402560455185,0
3492,4,1,1,38,0.02564102564102564,0.02564102564102564,0.9743589743589743,39,1150,800,350,0.6956521739130435,15,8,7,352.85967431977105,0.8293409806567702,0.21455201124280832,0.2184476985065417,133417.0284991598,1615.4978449850144,135032.5263441448,3138,0,354.05128205128204,38,1,18,32.60642881764909,0.6507675438596492,41.720085470085465,1033.119658119657,27.187359424201503,0
3493,4,1,0,39,0.02564102564102564,0.0,1.0,39,650,500,150,0.7692307692307693,8,5,3,359.9911801162705,0.824055330634278,0.242371849242079,0.22456592664395858,133698.92659279736,1826.0982871581527,135525.0248799555,3139,0,355.02564102564105,37,2,19,32.139701724625375,0.6554054054054056,41.44736842105261,1034.2105263157862,27.9516358463726,0
3494,4,0,0,39,0.0,0.0,1.0,39,1800,1400,400,0.7777777777777778,22,14,8,365.91734892751657,0.8224246513720198,0.24695483951603547,0.22914147457391976,133840.71451071464,1994.9278864650464,135835.64239717968,3140,1,356.02564102564105,37,2,15,31.844402352442522,0.6568130630630632,41.31030701754385,1034.7587719298228,27.96645329540062,0
3495,4,0,0,39,0.0,0.0,1.0,39,850,400,450,0.47058823529411764,13,4,9,397.8996617228371,0.8214125056230319,0.2929934105414067,0.24257989643841946,132845.0671537422,2775.558622070668,135620.62577581286,3141,2,357.02564102564105,35,4,19,32.01940889188279,0.6508928571428572,42.27430555555555,1030.902777777777,29.454365079365054,2
3496,4,0,0,39,0.0,0.0,1.0,39,950,600,350,0.631578947368421,13,6,7,398.12264054688285,0.8204003598740441,0.293706293706294,0.2432971692230952,132934.57031250012,2784.8524305555693,135719.42274305568,3142,3,358.02564102564105,35,4,19,31.923400673400682,0.6517857142857142,42.18750000000001,1031.250000000001,29.46428571428574,0
3497,4,0,0,39,0.0,0.0,1.0,39,750,400,350,0.5333333333333333,11,4,7,398.66087603211196,0.8197255960413855,0.29295151718732493,0.24409984120682815,133007.16256797352,2804.950389578784,135812.1129575523,3143,4,359.02564102564105,36,3,19,31.836335516739435,0.6504629629629629,42.117117117117125,1031.5315315315327,28.653653653653684,0
3498,4,0,0,39,0.0,0.0,1.0,39,850,500,350,0.5882352941176471,12,5,7,398.9214270332062,0.8196131354026092,0.2909695346670136,0.24483034399901357,133094.29943034268,2818.833571747439,135913.13300209012,3144,5,360.02564102564105,36,3,20,31.741787624140567,0.6513310185185185,42.032657657657666,1031.8693693693706,28.66303803803807,0
3499,4,0,0,39,0.0,0.0,1.0,39,1050,900,150,0.8571428571428571,12,9,3,397.32797552150396,0.8207939721097616,0.28677227368326785,0.24480530104712053,133239.59094229384,2787.9633856829996,136027.55432797683,3145,6,361.02564102564105,36,3,21,31.636534685863875,0.6527777777777777,41.8918918918919,1032.4324324324339,28.67867867867872,0
3500,4,1,0,40,0.025,0.0,1.0,40,1000,700,300,0.7,13,7,6,389.6389042383735,0.8235309829059829,0.28234277816171405,0.24197746542185689,133533.737244898,2406.596528616325,135940.3337735143,3146,0,352.975,34,6,22,31.53915188512633,0.6599264705882353,41.60714285714286,1033.571428571429,30.399159663865557,0
3501,4,0,0,40,0.0,0.0,1.0,40,1250,600,650,0.48,19,6,13,393.24611912690335,0.8225961538461538,0.28277202072538876,0.2448274225532012,133626.03635204086,2509.5840419501187,136135.62039399098,3147,1,353.975,34,6,22,31.35314718863942,0.660845588235294,41.517857142857146,1033.9285714285718,30.40966386554623,0
3502,4,0,0,40,0.0,0.0,1.0,40,750,500,250,0.6666666666666666,10,5,5,392.86740840226696,0.8217147435897436,0.28038098526703514,0.24520345145107011,133718.3673469388,2506.7176870748335,136225.0850340136,3148,2,354.975,34,6,17,31.270142725598532,0.6617647058823529,41.42857142857143,1034.2857142857144,30.420168067226896,0
3503,4,1,1,40,0.024390243902439025,0.024390243902439025,0.975609756097561,41,650,500,150,0.7692307692307693,8,5,3,383.46243440584533,0.8267784552845528,0.2783787942295346,0.24114593857232172,133996.384475692,2076.5159585261003,136072.9004342181,3149,0,347.2926829268293,36,5,18,31.23436480313248,0.6603009259259258,41.15990990990991,1035.360360360361,28.760010010010028,0
3504,4,0,0,40,0.0,0.0,1.0,40,1500,1200,300,0.8,18,12,6,378.9424750366163,0.8235042735042735,0.27520178419711194,0.23351586027125482,133245.71021852855,2099.636358091057,135345.3465766196,3150,1,356.9,37,3,19,32.10492778249787,0.650900900900901,41.88596491228069,1032.4561403508756,27.904220009483122,2
3505,4,0,1,39,0.0,0.025,0.975,40,1100,800,300,0.7272727272727273,14,8,6,402.7444902892955,0.8245192307692307,0.277619378766806,0.23931676737025068,131877.80612244888,2644.205143968932,134522.0112664178,3151,2,357.9,34,6,18,32.87238255292844,0.6433823529411765,43.21428571428571,1027.1428571428564,30.210084033613423,6
3506,4,0,0,39,0.0,0.0,1.0,39,1050,600,450,0.5714285714285714,15,6,9,405.96114554804495,0.8185447593342331,0.29938588764924656,0.24173140939451762,131956.93963860048,2913.878075740091,134870.81771434058,3152,13,368.02564102564105,33,6,18,32.70962547709922,0.6464646464646465,43.13725490196078,1027.4509803921565,31.13487819370171,0
3507,4,0,0,39,0.0,0.0,1.0,39,1050,700,350,0.6666666666666666,14,7,7,402.089048346424,0.8162393162393162,0.29427876208992076,0.24022243144799166,132082.88278546705,2821.8161284121375,134904.6989138792,3153,14,369.02564102564105,33,6,18,32.68160864727388,0.6477272727272728,43.014705882352935,1027.9411764705876,31.149732620320837,0
3508,4,1,1,39,0.025,0.025,0.975,40,1000,800,200,0.8,12,8,4,392.7649382008644,0.8195245726495727,0.2835734120097191,0.23623294090953836,132336.75063775494,2395.4471371881864,134732.19777494314,3154,0,360.775,34,6,18,32.66468047360099,0.6479779411764707,42.76785714285713,1028.92857142857,30.262605042016762,0
3509,4,0,0,39,0.0,0.0,1.0,39,1400,1000,400,0.7142857142857143,18,10,8,402.19985591590745,0.8156207827260459,0.29042422516155453,0.24171148503652787,132306.12953514734,2842.701247165526,135148.83078231287,3155,16,371.02564102564105,34,5,18,32.45294299159144,0.647671568627451,42.797619047619044,1028.8095238095234,30.25910364145657,0
3510,4,0,0,39,0.0,0.0,1.0,39,1400,1300,100,0.9285714285714286,15,13,2,404.8655739406642,0.8146086369770581,0.29004083276875403,0.24472521958629245,132524.15687475985,2930.925654575571,135455.08252933543,3156,17,372.02564102564105,33,6,19,32.163968896294534,0.6521464646464645,42.5857843137255,1029.6568627450993,31.201723113487855,0
3511,4,0,0,39,0.0,0.0,1.0,39,950,600,350,0.631578947368421,13,6,7,402.3532067998671,0.8146086369770581,0.2907121829192023,0.24381966136646616,132618.81134960122,2871.9208056997422,135490.73215530097,3157,18,373.02564102564105,33,6,20,32.13303093396787,0.6530934343434343,42.49387254901961,1030.0245098039225,31.212863933452194,0
3512,4,0,1,38,0.0,0.02564102564102564,0.9743589743589743,39,1000,700,300,0.7,13,7,6,429.93020482521956,0.8146648672964463,0.3357178822165856,0.24741612426935364,130649.55305899918,3510.4882851597304,134160.0413441589,3158,19,374.02564102564105,32,7,16,33.424416450537244,0.6357421875,44.412878787878796,1022.3484848484858,31.94839015151518,6
3513,4,0,0,38,0.0,0.0,1.0,38,1300,900,400,0.6923076923076923,17,9,8,427.41019502810116,0.8125592697961119,0.32761881347277644,0.24729367417114462,130857.49959450691,3585.965884515573,134443.46547902247,3159,20,372.57894736842104,33,5,17,33.27681458857349,0.6354166666666666,44.20955882352941,1023.1617647058823,31.004901960784313,0
3514,4,0,0,38,0.0,0.0,1.0,38,850,600,250,0.7058823529411765,11,6,5,426.6674922186161,0.8130037932669512,0.32363914816378747,0.24726580343634025,130920.20083922049,3571.878754565552,134492.07959378604,3160,21,373.57894736842104,33,5,17,33.231923322556185,0.6360479797979798,44.14828431372549,1023.406862745098,31.01232917409388,0
3515,4,1,0,39,0.02564102564102564,0.0,1.0,39,1100,1000,100,0.9090909090909091,12,10,2,422.8990757358422,0.8204565901934323,0.3220084263562528,0.2475063658718361,131298.46810967504,3305.2001618226986,134603.66827149774,3161,0,364.97435897435895,35,4,18,32.94337003576134,0.6354166666666666,43.77893518518518,1024.884259259259,29.282407407407398,0
3516,4,0,0,39,0.0,0.0,1.0,39,1050,800,250,0.7619047619047619,13,8,5,420.1870343856924,0.8210751237067027,0.32005810281672353,0.24652591901819537,131392.84256708506,3241.923818493236,134634.7663855783,3162,1,365.97435897435895,32,7,19,32.91692323481117,0.6432291666666666,43.68686868686869,1025.2525252525259,32.03914141414143,0
3517,4,0,0,39,0.0,0.0,1.0,39,1100,700,400,0.6363636363636364,15,7,8,422.9685444298743,0.8187134502923977,0.3241487709729953,0.2489997431121958,131522.3255280075,3325.9613177227,134848.2868457302,3163,2,366.97435897435895,32,7,19,32.71402634170359,0.64453125,43.56060606060607,1025.757575757577,32.05492424242428,0
3518,4,1,1,39,0.025,0.025,0.975,40,1100,900,200,0.8181818181818182,13,9,4,410.6686564783749,0.8231570512820513,0.3146300715990451,0.24372544909977217,131831.05656478286,2827.7765763168118,134658.83314109966,3164,0,358.775,33,7,17,32.71628878281622,0.6452020202020201,43.25980392156863,1026.9607843137262,31.120023767082614,0
3519,4,0,1,38,0.0,0.02564102564102564,0.9743589743589743,39,1000,800,200,0.8,12,8,4,417.9245925300582,0.8163517768780927,0.3226795344876525,0.24728725889878997,131716.66953627195,3209.527089072566,134926.1966253445,3165,4,368.97435897435895,32,7,17,32.646063960639616,0.646484375,43.37121212121213,1026.5151515151526,32.07859848484852,0
3520,4,0,0,38,0.0,0.0,1.0,38,1000,700,300,0.7,13,7,6,425.69250464509327,0.8147522522522522,0.3281476435664721,0.25130206959610357,131628.58963012707,3606.660800509997,135235.25043063707,3166,5,376.6578947368421,31,7,17,32.53618935837246,0.6481854838709677,43.45703125000001,1026.171875000001,33.102318548387125,0
3521,4,1,1,38,0.02564102564102564,0.02564102564102564,0.9743589743589743,39,900,500,400,0.5555555555555556,13,5,8,413.2776936261869,0.8206815114709852,0.3135842612372475,0.24621184998022766,131976.01807213554,3108.548872564031,135084.56694469956,3167,0,367.97435897435895,32,7,17,32.50235520602934,0.6490885416666666,43.11868686868687,1027.5252525252529,32.11016414141415,0
3522,4,0,0,38,0.0,0.0,1.0,38,850,500,350,0.5882352941176471,12,5,7,420.5756914224581,0.8138335704125178,0.3238276299112799,0.25025205168349873,131929.3975830078,3497.259521484374,135426.6571044922,3168,7,378.6578947368421,31,7,17,32.36216730038023,0.6512096774193548,43.1640625,1027.34375,33.140120967741936,0
3523,4,0,0,38,0.0,0.0,1.0,38,800,600,200,0.75,10,6,4,418.8988350991642,0.8127074442863916,0.32466486895454616,0.24977418453275438,132008.4545741506,3459.63756887052,135468.09214302112,3169,8,379.6578947368421,32,6,17,32.32507064749969,0.6494140625,43.08712121212121,1027.651515151515,32.114109848484844,0
3524,4,1,0,39,0.02564102564102564,0.0,1.0,39,850,500,350,0.5882352941176471,12,5,7,408.6487337943769,0.8211313540260909,0.31840558996347457,0.24577469691530004,132334.94929834688,3015.7018935025067,135350.65119184938,3170,0,370.8974358974359,33,6,19,32.257920438303955,0.6502525252525253,42.76960784313726,1028.9215686274515,31.179441473559137,0
3525,4,0,0,39,0.0,0.0,1.0,39,1400,1100,300,0.7857142857142857,17,11,6,405.7627424820878,0.8198942869995501,0.315552918057028,0.24510053512649874,132498.52710300026,2952.6231829545404,135451.1502859548,3171,1,371.8974358974359,31,8,20,32.166777328105894,0.6569220430107526,42.610677083333336,1029.557291666667,33.211525537634415,0
3526,4,0,0,39,0.0,0.0,1.0,39,1000,700,300,0.7,13,7,6,402.47921864336615,0.8197255960413855,0.31241207170410723,0.24376804130696988,132599.0888807509,2873.6755371093795,135472.76441786028,3172,2,372.8974358974359,31,8,22,32.149705014749266,0.6579301075268817,42.513020833333336,1029.947916666667,33.22412634408603,0
3527,4,0,0,39,0.0,0.0,1.0,39,1450,1100,350,0.7586206896551724,18,11,7,400.52166987048474,0.8196693657219973,0.3129321414084114,0.24311809953799038,132681.93310565653,2828.3978818243068,135510.33098748085,3173,3,373.8974358974359,33,6,16,32.11646544546212,0.6537247474747474,42.43259803921569,1030.2696078431377,31.22029114676175,0
3528,4,1,0,40,0.025,0.0,1.0,40,850,400,450,0.47058823529411764,13,4,9,391.806258843703,0.8242521367521367,0.3075852782764814,0.2398198749186181,132994.25582990394,2421.596364883394,135415.85219478732,3174,0,365.525,35,5,18,32.026107121484145,0.6523809523809523,42.129629629629626,1031.481481481481,29.470899470899457,0
3529,4,0,1,39,0.0,0.025,0.975,40,600,400,200,0.6666666666666666,8,4,4,393.04095315640103,0.8235576923076923,0.31074554022214773,0.24076797357271487,133024.10361207562,2456.7840952932074,135480.88770736882,3175,1,366.525,35,5,18,31.964195557051493,0.6526785714285714,42.10069444444444,1031.5972222222222,29.474206349206348,0
3530,4,0,1,38,0.0,0.02564102564102564,0.9743589743589743,39,650,400,250,0.6153846153846154,9,4,5,387.8925908033397,0.8144399460188935,0.26729014637116255,0.2263411737355983,131183.87972009153,2377.8045156995204,133561.68423579104,3176,2,376.79487179487177,36,3,16,33.95647832618812,0.6322337962962964,43.89076576576576,1024.4369369369356,28.456581581581545,6
3531,4,1,0,39,0.02564102564102564,0.0,1.0,39,1100,700,400,0.6363636363636364,15,7,8,387.44774193604076,0.8173639226270806,0.2783295818595406,0.22729563716302323,131389.1439909296,2381.44395084548,133770.58794177507,3177,0,377.71794871794873,34,5,18,33.759821566806,0.6384803921568627,43.69047619047618,1025.2380952380943,30.15406162464983,0
3532,4,2,2,39,0.04878048780487805,0.04878048780487805,0.9512195121951219,41,700,400,300,0.5714285714285714,10,4,6,372.1680613530833,0.8251016260162601,0.2597381753593804,0.22063903663312198,131790.2425229284,1609.6238130021984,133399.8663359306,3178,0,360.2439024390244,36,5,16,33.74597865028881,0.6383101851851851,43.29954954954955,1026.8018018018024,28.52227227227229,0
3533,4,1,1,39,0.025,0.025,0.975,40,750,400,350,0.5333333333333333,11,4,7,380.99615286722167,0.8173611111111111,0.2681664411366711,0.22524492557510145,131684.268904321,2034.239969135804,133718.50887345683,3179,0,370.225,35,5,16,33.62652232746955,0.6392857142857142,43.40277777777778,1026.3888888888891,29.325396825396833,0
3534,4,0,0,39,0.0,0.0,1.0,39,1050,700,350,0.6666666666666666,14,7,7,382.5717441841549,0.8166891587944219,0.2829748252291666,0.21865975971724638,130384.14292800476,2178.1868071302824,132562.32973513505,3180,3,380.71794871794873,34,5,16,34.904514900726575,0.6283700980392156,44.67261904761906,1021.3095238095257,30.03851540616252,2
3535,4,0,0,39,0.0,0.0,1.0,39,1150,700,450,0.6086956521739131,16,7,9,382.5717441841549,0.8166891587944219,0.2829748252291666,0.21865975971724638,130384.14292800476,2176.257794784603,132560.40072278937,3181,4,381.71794871794873,34,5,16,34.904514900726575,0.6283700980392156,44.67261904761906,1021.3095238095257,30.03851540616252,0
3536,4,1,0,40,0.025,0.0,1.0,40,1050,800,250,0.7619047619047619,13,8,5,375.45428938315507,0.822008547008547,0.2791360190109766,0.2167138834277558,130765.21675936643,1819.2723068844327,132584.48906625086,3182,0,373.15,35,5,17,34.699393647919734,0.6300595238095238,44.29976851851852,1022.8009259259261,29.2228835978836,0
3537,4,0,1,39,0.0,0.025,0.975,40,1650,1200,450,0.7272727272727273,21,12,9,347.9587714796237,0.8211004273504273,0.2112824846820205,0.18651063028460438,127847.2279293591,897.1128734750276,128744.34080283412,3183,1,374.15,38,2,17,38.37132016339177,0.5948464912280702,47.16880341880341,1011.3247863247843,26.61381016644169,7
3538,4,3,1,41,0.07142857142857142,0.023809523809523808,0.9761904761904762,42,800,600,200,0.75,10,6,4,338.037155188591,0.8382210607820364,0.2290280495759951,0.1841545696176649,128496.33487654295,287.9976623566083,128784.33253889956,3184,0,357.23809523809524,38,4,17,37.959474885844756,0.6014254385964914,46.527777777777764,1013.8888888888869,26.68128654970755,0
3539,4,2,1,42,0.046511627906976744,0.023255813953488372,0.9767441860465116,43,1150,900,250,0.782608695652174,14,9,5,332.08765075590304,0.8460225175341454,0.2244625195707799,0.18219944082013032,128778.12499999972,-46.87500000002889,128731.2499999997,3185,0,349.8837209302326,39,4,18,37.82327586206893,0.6025641025641028,46.249999999999986,1014.9999999999978,26.02564102564097,0
3540,4,2,1,43,0.045454545454545456,0.022727272727272728,0.9772727272727273,44,600,400,200,0.6666666666666666,8,4,4,322.4324102936173,0.846656976744186,0.23260173982601762,0.17845304567495648,129123.9106703184,-473.25325120631254,128650.65741911207,3186,0,342.8863636363636,40,4,19,37.71685331466853,0.6044270833333335,45.909552845528445,1016.3617886178846,25.409044715447116,0
3541,4,3,2,44,0.06521739130434782,0.043478260869565216,0.9565217391304348,46,950,600,350,0.631578947368421,13,6,7,307.5957864709709,0.8586956521739131,0.23037837368740854,0.17237750449883227,129614.9985127897,-1226.1480434926536,128388.85046929705,3187,0,328.9130434782609,40,6,18,37.59626580172991,0.6093750000000002,45.42682926829267,1018.2926829268267,25.457317073170667,0
3542,4,1,1,44,0.022222222222222223,0.022222222222222223,0.9777777777777777,45,800,600,200,0.75,10,6,4,314.56612087149534,0.8538299663299663,0.2370188481913469,0.17609216869404307,129572.31445312487,-848.1879340277931,128724.12651909707,3188,0,337.2,39,6,18,37.462059204692714,0.6105769230769231,45.46874999999999,1018.124999999999,26.105769230769205,0
3543,4,1,1,44,0.022222222222222223,0.022222222222222223,0.9777777777777777,45,1750,1500,250,0.8571428571428571,20,15,5,313.77822303058247,0.8540824915824916,0.23502454991816735,0.17588852685475745,129625.34722222202,-865.2777777777991,128760.06944444422,3189,0,338.1777777777778,39,6,18,37.42839607201311,0.6111111111111113,45.41666666666666,1018.3333333333317,26.111111111111068,0
3544,4,0,0,44,0.0,0.0,1.0,44,700,400,300,0.5714285714285714,10,4,6,321.4441530933576,0.8471634954193094,0.23863517085412767,0.17961281211263416,129500.26167223656,-474.57961227996276,129025.6820599566,3190,3,346.8636363636364,38,6,18,37.36004688429376,0.6115679824561404,45.5395299145299,1017.8418803418782,26.785312640575743,0
3545,4,1,0,45,0.022222222222222223,0.0,1.0,45,1400,900,500,0.6428571428571429,19,9,10,318.11133655940586,0.852020202020202,0.2479493906663488,0.17916426053889853,129811.04736328122,-741.1268446180566,129069.92051866316,3191,0,340.1333333333333,39,6,19,37.12999165218578,0.6129807692307693,45.234375,1019.0624999999998,26.129807692307686,0
3546,4,0,1,44,0.0,0.022222222222222223,0.9777777777777777,45,1350,900,450,0.6666666666666666,18,9,9,319.098773111823,0.8517676767676768,0.2542897327707454,0.18036721073976994,129951.54303200799,-706.5244108996026,129245.0186211084,3192,1,341.1333333333333,40,5,19,36.96260673112064,0.6127604166666667,45.09654471544715,1019.6138211382108,25.490345528455272,0
3547,4,0,0,44,0.0,0.0,1.0,44,1300,1000,300,0.7692307692307693,16,10,6,326.5384441629506,0.844785059901339,0.2604848670585722,0.1846611686834851,129970.32470703137,-311.93847656248465,129658.38623046888,3193,2,349.72727272727275,39,5,20,36.7539457554398,0.6145833333333333,45.07812500000001,1019.6875000000009,26.145833333333357,0
3548,4,1,0,45,0.022222222222222223,0.0,1.0,45,1250,1000,250,0.8,15,10,5,348.9236859698215,0.8506734006734007,0.2848497295817074,0.19067445869663988,128619.580078125,-17.26074218750105,128602.3193359375,3194,0,342.93333333333334,39,6,18,37.55776340110906,0.6009615384615385,46.40625,1014.375,26.009615384615383,3
3549,4,0,0,45,0.0,0.0,1.0,45,900,500,400,0.5555555555555556,13,5,8,351.4305119767496,0.8500420875420875,0.29049688095156667,0.192683594720848,128751.69406467007,49.454752604161285,128801.14881727422,3195,1,343.93333333333334,39,6,18,37.3594076088816,0.6022970085470085,46.276041666666664,1014.8958333333327,26.022970085470067,0
3550,4,1,1,45,0.021739130434782608,0.021739130434782608,0.9782608695652174,46,1250,800,450,0.64,17,8,9,349.85139999999996,0.8540861513687601,0.29408260869565184,0.1935018805309735,129098.08976138548,-166.97051193072377,128931.11924945476,3196,0,337.4347826086956,40,6,20,37.04645833333332,0.6041666666666667,45.9349593495935,1016.2601626016265,25.40650406504066,0
3551,4,0,1,44,0.0,0.022222222222222223,0.9777777777777777,45,750,600,150,0.8,9,6,3,355.9469768941276,0.8547979797979799,0.2924734121290795,0.19712432466134505,129148.44292534728,193.9995659722335,129342.44249131951,3197,1,341.5111111111111,39,6,21,36.84028489444559,0.6063034188034189,45.88541666666667,1016.4583333333338,26.0630341880342,0
3552,4,1,0,45,0.022222222222222223,0.0,1.0,45,1450,1200,250,0.8275862068965517,17,12,5,348.5067430101665,0.8553451178451179,0.28024923496663345,0.19509903799101658,129573.74762854082,31.508355906597387,129605.25598444742,3198,0,335.9111111111111,36,9,16,36.59670759134314,0.6160300925925926,45.46734234234235,1018.1306306306316,28.281406406406433,0
3553,4,0,1,44,0.0,0.022222222222222223,0.9777777777777777,45,1200,900,300,0.75,15,9,6,345.57686934555494,0.8553451178451179,0.2288006587847773,0.1826510090077654,127280.60766171751,-131.54946344805947,127149.05819826946,3199,1,336.9111111111111,38,7,19,39.011822833950944,0.5890899122807017,47.72970085470086,1009.0811965811972,26.554768331084137,7
3554,4,2,1,45,0.043478260869565216,0.021739130434782608,0.9782608695652174,46,1400,1000,400,0.7142857142857143,18,10,8,337.69869327276433,0.8596417069243156,0.23065604379747096,0.18003957679416116,127630.56593504231,-579.8649324145392,127050.70100262777,3200,0,330.4782608695652,40,6,16,38.85229139428072,0.5893229166666666,47.38313008130083,1010.4674796747995,25.261686991869986,0
3555,4,0,0,45,0.0,0.0,1.0,45,1650,1200,450,0.7272727272727273,21,12,9,341.0776915718989,0.8550925925925926,0.23083619702176383,0.18178316528832003,127617.73003472241,-294.4878472222022,127323.2421875002,3201,1,338.8222222222222,39,6,16,38.78006872852234,0.5908119658119657,47.39583333333334,1010.4166666666682,25.9081196581197,0
3556,4,2,2,45,0.0425531914893617,0.0425531914893617,0.9574468085106383,47,1050,600,450,0.5714285714285714,15,6,9,329.01602295531006,0.8599290780141844,0.23292492722920466,0.17744606227462925,128094.31295666423,-970.983717561091,127123.32923910314,3202,0,325.36170212765956,41,6,17,38.59801711747027,0.5924796747967479,46.92460317460318,1012.301587301588,24.690282617111905,0
3557,4,2,1,46,0.0425531914893617,0.02127659574468085,0.9787234042553191,47,1350,800,550,0.5925925925925926,19,8,11,330.4774901270446,0.8619719395621338,0.2458491326975889,0.17937893598567037,128350.40655570444,-916.60611503727,127433.80044066717,3203,0,326.2340425531915,40,7,18,38.2998194764818,0.5966145833333333,46.67174796747968,1013.3130081300826,25.332825203252064,0
3558,4,0,1,45,0.0,0.021739130434782608,0.9782608695652174,46,1200,700,500,0.5833333333333334,17,7,10,336.812329610691,0.8554951690821256,0.2503016220563916,0.18308290319061604,128408.33875868072,-550.0976562499799,127858.24110243074,3204,1,334.32608695652175,39,7,15,38.08025008564577,0.5988247863247863,46.61458333333334,1013.541666666668,25.988247863247896,0
3559,4,1,0,46,0.021739130434782608,0.0,1.0,46,1350,900,450,0.6666666666666666,18,9,9,335.6861826342513,0.8585950080515298,0.25566454400529626,0.18350599534803408,128633.75491605549,-563.8851708638788,128069.86974519161,3205,0,334.8695652173913,40,6,16,37.87901556134377,0.5994791666666666,46.39227642276424,1014.430894308945,25.360772357723626,0
3560,4,2,1,47,0.041666666666666664,0.020833333333333332,0.9791666666666666,48,1150,800,350,0.6956521739130435,15,8,7,325.12698324990043,0.8681848404255319,0.2588392663001273,0.17974949290338402,129081.0728467202,-1206.4520381370355,127874.62080858316,3206,0,321.875,43,5,18,37.691908955362976,0.5995639534883721,45.951704545454554,1016.1931818181831,23.63239957716705,0
3561,4,0,0,47,0.0,0.0,1.0,47,1300,900,400,0.6923076923076923,17,9,8,330.80627852931525,0.8629740980573543,0.2647014661899756,0.18276262574596427,129053.65982362848,-861.6478126314423,128192.01201099703,3207,1,329.72340425531917,42,5,19,37.5754974887151,0.6006944444444444,45.97868217054264,1016.0852713178302,24.19250645994834,0
3562,4,0,0,47,0.0,0.0,1.0,47,1750,1200,550,0.6857142857142857,23,12,11,335.48842649179716,0.8619719395621338,0.2712370443989214,0.18581169978347167,129152.1364776757,-734.1905910101445,128417.94588666555,3208,2,330.72340425531917,42,5,19,37.35641086749287,0.6016865079365079,45.88178294573644,1016.4728682170548,24.201734957548926,0
3563,4,2,4,45,0.04081632653061224,0.08163265306122448,0.9183673469387755,49,1400,1000,400,0.7142857142857143,18,10,8,318.9810000756969,0.8672052154195011,0.24660067619862303,0.17875780876725303,129614.99851279006,-1531.0180720769797,128083.98044071307,3209,0,318.18367346938777,40,9,15,37.30642880904856,0.609375,45.426829268292686,1018.2926829268297,25.457317073170742,0
3564,4,2,2,45,0.0425531914893617,0.0425531914893617,0.9574468085106383,47,1150,700,450,0.6086956521739131,16,7,9,328.4447093802286,0.8559975331483194,0.2616346174786037,0.18336598917970454,129466.28146701372,-895.4969618055736,128570.78450520814,3210,0,332.4468085106383,39,8,15,37.21639372227908,0.6095085470085471,45.57291666666666,1017.7083333333319,26.095085470085433,0
3565,4,0,0,45,0.0,0.0,1.0,45,1500,900,600,0.6,21,9,12,342.5369326588896,0.8518097643097644,0.2641075407950546,0.19022080919033185,129257.13320444747,-144.9316135734142,129112.20159087406,3211,5,348.22222222222223,37,8,19,37.07048378980663,0.6109234234234234,45.77850877192982,1016.8859649122802,27.483404457088653,0
3566,4,0,0,45,0.0,0.0,1.0,45,800,400,400,0.5,12,4,8,340.3739957949043,0.8518097643097644,0.26154951847060537,0.18928712140248993,129312.88954293626,-197.05101569713884,129115.83852723912,3212,6,349.22222222222223,37,8,19,37.06877964639932,0.6114864864864864,45.723684210526315,1017.1052631578945,27.48933143669985,0
3567,4,1,0,46,0.021739130434782608,0.0,1.0,46,1050,800,250,0.7619047619047619,13,8,5,331.5735371580674,0.8548309178743961,0.2670980950067663,0.1863056690847794,129718.50419723701,-597.755345693711,129120.74885154329,3213,0,342.60869565217394,40,6,19,36.880860933758974,0.6104166666666667,45.325203252032516,1018.6991869918692,25.467479674796728,0
3568,4,1,0,47,0.02127659574468085,0.0,1.0,47,1750,1500,250,0.8571428571428571,20,15,5,323.6021402329584,0.8596978106691334,0.26012454289776454,0.18330322885592526,130034.82187145685,-984.0906675170129,129050.73120393984,3214,0,336.29787234042556,41,6,20,36.76350792724444,0.6120426829268293,45.01488095238095,1019.9404761904757,24.876596980255506,0
3569,4,0,0,47,0.0,0.0,1.0,47,1150,900,250,0.782608695652174,14,9,5,321.9017883152107,0.8598134443416589,0.2589925440989278,0.18282771472271658,130138.96869929682,-1021.6066492398313,129117.36205005698,3215,1,337.29787234042556,42,5,20,36.701487812598955,0.6116071428571428,44.91279069767442,1020.3488372093016,24.2940199335548,0
3570,4,0,0,47,0.0,0.0,1.0,47,1050,700,350,0.6666666666666666,14,7,7,319.3669304456476,0.8592352759790317,0.2537559704732957,0.18196487897484584,130262.58680555565,-1079.5701317528901,129183.01667380276,3216,2,338.29787234042556,40,7,20,36.64115646258504,0.6158854166666666,44.79166666666667,1020.8333333333342,25.520833333333353,0
3571,4,0,0,47,0.0,0.0,1.0,47,1000,600,400,0.6,14,6,8,318.3458390029513,0.8582716620413197,0.25463797732099236,0.18176520485007205,130344.39718934895,-1101.0807034845686,129243.31648586439,3217,3,339.29787234042556,38,9,20,36.58453651391504,0.6200657894736843,44.71153846153845,1021.1538461538448,26.872469635627496,0
3572,4,1,1,47,0.020833333333333332,0.020833333333333332,0.9791666666666666,48,1350,1000,350,0.7407407407407407,17,10,7,316.5436353723285,0.8601322399527187,0.2706843168421753,0.18291206852226527,130807.80805902583,-1318.7241803820343,129489.0838786438,3218,0,333.2083333333333,40,8,17,36.162783959202606,0.6213541666666667,44.25813008130082,1022.9674796747977,25.574186991869944,0
3573,4,0,0,47,0.0,0.0,1.0,47,800,500,300,0.625,11,5,6,324.93613578808294,0.8560360777058279,0.2753801249423071,0.18756895457396777,130768.17626953151,-901.738823784692,129866.43744574682,3219,1,340.5744680851064,39,8,17,35.98815646535629,0.6225961538461537,44.296875000000014,1022.812500000002,26.22596153846159,0
3574,4,0,0,47,0.0,0.0,1.0,47,1500,700,800,0.4666666666666667,23,7,16,321.0445490332009,0.8568840579710144,0.2694063347957292,0.18576301837162487,130859.79327781106,-997.635336109438,129862.15794170162,3220,2,341.5744680851064,40,7,17,35.99523241954708,0.6218749999999998,44.20731707317074,1023.1707317073189,25.579268292682972,0
3575,4,1,2,46,0.020833333333333332,0.041666666666666664,0.9583333333333334,48,1400,1100,300,0.7857142857142857,17,11,6,314.25834811947243,0.8625886524822695,0.2662440666472925,0.18297173872742906,131099.4300063777,-1360.1819373582646,129739.24806901942,3221,0,335.4375,41,7,17,35.927358810423335,0.6227134146341463,43.97321428571429,1024.1071428571438,24.9782229965157,0
3576,4,0,0,46,0.0,0.0,1.0,46,1550,1100,450,0.7096774193548387,20,11,9,330.46248276129984,0.850805152979066,0.2782940590773313,0.1915512621315499,130928.03955078125,-546.6389973958317,130381.40055338542,3222,4,350.8695652173913,39,7,18,35.68543256997455,0.624198717948718,44.140625,1023.4375,26.24198717948718,0
3577,4,0,0,46,0.0,0.0,1.0,46,1100,800,300,0.7272727272727273,14,8,6,330.4663297412177,0.8502415458937198,0.27363165369589515,0.19181881998623446,130981.34901258691,-543.0148654513798,130438.33414713554,3223,5,351.8695652173913,39,7,19,35.63152962925274,0.624732905982906,44.08854166666667,1023.6458333333343,26.247329059829084,0
3578,4,0,0,46,0.0,0.0,1.0,46,1150,800,350,0.6956521739130435,15,8,7,336.0007605286537,0.8498590982286635,0.28182590120868745,0.19557273397023078,131088.0004882814,-390.8664279513746,130697.13406033002,3224,6,352.8695652173913,39,7,19,35.38223052927813,0.6258012820512819,43.98437500000001,1024.0625000000011,26.25801282051285,0
3579,4,4,1,49,0.08,0.02,0.98,50,1500,1100,400,0.7333333333333333,19,11,8,311.17210140323823,0.8647959183673469,0.28378221836084583,0.18557465736535075,132015.40577168358,-1783.6583005598177,130231.74747112376,3225,0,325.56,41,9,16,35.08573462689449,0.631859756097561,43.08035714285714,1027.6785714285706,25.065331010452944,0
3580,4,0,2,47,0.0,0.04081632653061224,0.9591836734693877,49,1350,1100,250,0.8148148148148148,16,11,5,314.8035391747656,0.8598356009070295,0.28909030366838806,0.18741504356373026,131949.619210459,-1492.358575956984,130457.26063450202,3226,1,333.2040816326531,42,7,16,35.0584740167877,0.6297123015873016,43.144379844961236,1027.4224806201541,24.462440014765576,0
3581,4,0,0,47,0.0,0.0,1.0,47,950,600,350,0.631578947368421,13,6,7,318.0050111483865,0.8592738205365402,0.27400298840415016,0.18934220628446333,131953.86860499703,-1007.6017086390386,130946.26689635799,3227,2,332.0425531914894,40,7,16,34.97197494230134,0.6328125,43.140243902439025,1027.439024390244,25.6859756097561,0
3582,4,0,0,47,0.0,0.0,1.0,47,1150,600,550,0.5217391304347826,17,6,11,318.234093501604,0.8585800185013875,0.27593709820987034,0.1896090111605608,131979.9735297276,-999.8945526802936,130980.0789770473,3228,3,333.0425531914894,40,7,17,34.93987571291989,0.6330729166666667,43.11483739837398,1027.5406504065036,25.68851626016259,0
3583,4,1,1,47,0.020833333333333332,0.020833333333333332,0.9791666666666666,48,1150,900,250,0.782608695652174,14,9,5,313.0218874138826,0.8611665189125295,0.2717054917848305,0.18768640293925484,132219.38898533926,-1322.4874614197702,130896.90152391949,3229,0,327.0833333333333,41,7,18,34.833586540625724,0.6338922764227644,42.881944444444436,1028.4722222222204,25.084688346883425,0
3584,4,0,0,47,0.0,0.0,1.0,47,1500,900,600,0.6,21,9,12,321.1461817328857,0.8593123650940486,0.2779443914154629,0.1922981036199513,132168.37841907592,-910.9259849773342,131257.45243409858,3230,5,335.0425531914894,41,6,18,34.67589242643509,0.6333841463414633,42.93154761904761,1028.273809523809,25.079849012775828,0
3585,4,0,0,47,0.0,0.0,1.0,47,1100,700,400,0.6363636363636364,15,7,8,324.83936752773474,0.8583487511563367,0.2825290559857485,0.1947721066026621,132219.3889853395,-809.9874614197547,131409.40152391975,3231,6,336.0425531914894,41,6,18,34.52973778978168,0.6338922764227642,42.88194444444444,1028.4722222222222,25.084688346883468,0
3586,4,0,0,47,0.0,0.0,1.0,47,1500,1100,400,0.7333333333333333,19,11,8,325.2329604365344,0.8580403946962688,0.2798023129142839,0.1955357120398435,132321.4396435658,-792.9412910997712,131528.49835246603,3232,7,337.0425531914894,41,6,18,34.41718493877155,0.6349085365853657,42.782738095238095,1028.869047619048,25.09436701509873,0
3587,4,1,1,47,0.020833333333333332,0.020833333333333332,0.9791666666666666,48,1700,1200,500,0.7058823529411765,22,12,10,318.8228061273194,0.8589132683215129,0.28647322161984556,0.19449533181970288,132869.07723783804,-1127.6173009482254,131741.45993688982,3233,0,331.0,40,8,16,34.03339083292263,0.6419270833333333,42.25101626016261,1030.9959349593505,25.774898373983763,0
3588,4,1,0,48,0.020833333333333332,0.0,1.0,48,1400,1100,300,0.7857142857142857,17,11,6,323.0377218934905,0.857989804964539,0.2966586538461531,0.19808916908563132,133062.48425296068,-1003.1596434870119,132059.32460947367,3234,0,331.9791666666667,41,7,18,33.73116987179485,0.6422764227642276,42.06349206349207,1031.7460317460336,25.164537359659356,0
3589,4,0,1,47,0.0,0.020833333333333332,0.9791666666666666,48,1450,800,650,0.5517241379310345,21,8,13,319.56127264209,0.8575096040189125,0.29421727849317714,0.19676654456293438,133216.06217718578,-1085.8611268581399,132130.20105032765,3235,1,332.9791666666667,41,7,18,33.66727528989686,0.6438008130081301,41.914682539682545,1032.3412698412706,25.179055361982208,0
3590,4,0,0,47,0.0,0.0,1.0,47,850,600,250,0.7058823529411765,11,6,5,345.1940478639111,0.8530296022201664,0.2954428015846393,0.2082700335055527,132454.4330947985,-254.76547401816174,132199.66762078032,3236,2,340.8510638297872,37,10,19,33.77006107087061,0.6430180180180181,42.65350877192983,1029.3859649122815,27.821242294926527,1
3591,4,0,2,45,0.0,0.0425531914893617,0.9574468085106383,47,1250,800,450,0.64,17,8,9,345.46985698226246,0.8518347209374035,0.29642279589960063,0.2093770217091212,132623.79410010795,-236.4953639581193,132387.29873614982,3237,3,341.8510638297872,37,10,19,33.59280746575828,0.6447072072072071,42.48903508771931,1030.0438596491244,27.83902323376012,0
3592,4,0,1,44,0.0,0.022222222222222223,0.9777777777777777,45,1300,1000,300,0.7692307692307693,16,10,6,362.07772623711224,0.8435606060606061,0.3091318038686457,0.21812975214772404,132398.0034722224,587.6736111111302,132985.67708333352,3238,4,356.4,36,9,20,33.39237516869096,0.6443865740740741,42.70833333333334,1029.166666666668,28.587962962963005,0
3593,4,0,0,44,0.0,0.0,1.0,44,1250,800,450,0.64,17,8,9,366.35650406728416,0.8426488724453841,0.31070673512533986,0.22054661544850498,132370.51647308053,898.9599313317204,133269.47640441224,3239,5,361.3636363636364,38,6,20,33.30997369878183,0.6403508771929824,42.73504273504273,1029.0598290598286,27.080521817363913,0
3594,4,0,0,44,0.0,0.0,1.0,44,700,400,300,0.5714285714285714,10,4,6,369.38992967143025,0.8420983086680761,0.31753261772343544,0.22289704967682156,132459.27047902474,985.8355355894029,133445.10601461414,3240,6,362.3636363636364,34,10,20,33.14251570872364,0.6492034313725491,42.64880952380951,1029.4047619047603,30.27661064425766,0
3595,4,0,0,44,0.0,0.0,1.0,44,1600,1300,300,0.8125,19,13,6,368.4895424220525,0.8412614517265681,0.31421006178287736,0.22326131099689073,132612.5,973.2638888888891,133585.76388888888,3241,7,363.3636363636364,34,10,20,33.011394282632146,0.650735294117647,42.5,1030.0,30.294117647058822,0
3596,4,1,1,44,0.022222222222222223,0.022222222222222223,0.9777777777777777,45,1100,900,200,0.8181818181818182,13,9,4,360.6370685603409,0.8437710437710438,0.3029486603801823,0.2200380141599671,132874.89819101518,583.9227537722967,133458.82094478747,3242,0,356.26666666666665,35,10,18,32.94978296662176,0.6511904761904761,42.245370370370374,1031.0185185185192,29.457671957671977,0
3597,4,0,0,44,0.0,0.0,1.0,44,850,600,250,0.7058823529411765,11,6,5,371.27375529846427,0.8390151515151516,0.3187935144444327,0.22586907235550283,132765.81809807254,1058.4927721088404,133824.3108701814,3243,9,365.3636363636364,34,10,18,32.78536637018212,0.6522671568627452,42.351190476190474,1030.595238095238,30.311624649859944,0
3598,4,0,0,44,0.0,0.0,1.0,44,900,400,500,0.4444444444444444,14,4,10,370.4083972926412,0.8391252642706132,0.3202550913289943,0.22589695215170935,132857.85147392284,1042.332766439903,133900.18424036275,3244,10,366.3636363636364,34,10,19,32.71506928406467,0.6531862745098038,42.26190476190476,1030.9523809523805,30.322128851540604,0
3599,4,0,0,44,0.0,0.0,1.0,44,1050,500,550,0.47619047619047616,16,5,11,367.3813122980947,0.8386627906976745,0.3178565432720555,0.22478754871120712,132980.612244898,970.9183673469452,133951.53061224494,3245,11,367.3636363636364,34,10,19,32.6696675900277,0.6544117647058822,42.142857142857146,1031.4285714285718,30.336134453781522,0
3600,4,0,0,44,0.0,0.0,1.0,44,1300,1100,200,0.8461538461538461,15,11,4,365.4766507008768,0.8370991895701199,0.3198261357263037,0.2242411796970625,133083.80922335837,927.8049714935036,134011.61419485186,3246,12,368.3636363636364,35,9,19,32.615091605907644,0.6532738095238094,42.04282407407408,1031.828703703705,29.480820105820143,0
3601,4,0,0,44,0.0,0.0,1.0,44,850,500,350,0.5882352941176471,12,5,7,365.85915113148786,0.8363944679351657,0.32061174697002737,0.225064763709478,133181.46482631305,945.1315335606168,134126.59635987366,3247,13,369.3636363636364,36,8,19,32.50713688268239,0.652199074074074,41.94819819819821,1032.2072072072092,28.67242242242248,0
3602,4,1,0,45,0.022222222222222223,0.0,1.0,45,850,600,250,0.7058823529411765,11,6,5,359.73191063446035,0.8392676767676768,0.31045550485219353,0.2228634972983907,133443.89770169675,600.8056565481755,134044.70335824494,3248,0,362.1333333333333,37,8,20,32.401990696522695,0.6528716216216215,41.694078947368425,1033.223684210527,27.92496443812235,0
3603,4,0,0,45,0.0,0.0,1.0,45,1000,600,400,0.6,14,6,8,362.04065318315253,0.8398569023569024,0.30868704968828165,0.22464635109606482,133502.12358807036,666.6452164976714,134168.76880456804,3249,1,363.1333333333333,35,10,20,32.28396703624893,0.657440476190476,41.637731481481495,1033.449074074076,29.527116402116455,0
3604,4,0,0,45,0.0,0.0,1.0,45,1250,900,350,0.72,16,9,7,362.46932405708657,0.839436026936027,0.30895110115714775,0.2250939543692482,133532.02830289808,680.2528077846684,134212.28111068276,3250,2,364.1333333333333,35,10,20,32.24290780141846,0.6577380952380951,41.60879629629631,1033.564814814817,29.530423280423346,0
3605,4,0,1,44,0.0,0.022222222222222223,0.9777777777777777,45,1200,1000,200,0.8333333333333334,14,10,4,362.3595966715153,0.8397306397306398,0.3179597901286164,0.20894614815299634,130726.51855504402,477.87312818583126,131204.39168322986,3251,3,365.1333333333333,38,7,18,35.07343467056692,0.62390350877193,44.33760683760683,1022.6495726495712,26.91183085919924,6
3606,4,1,1,44,0.022222222222222223,0.022222222222222223,0.9777777777777777,45,900,700,200,0.7777777777777778,11,7,4,365.27207173849445,0.8402777777777778,0.33645623071390474,0.21152212231628129,130890.45606874107,562.125611805067,131452.58168054614,3252,0,366.0444444444444,38,7,18,34.83286350664717,0.6255482456140353,44.17735042735041,1023.2905982905962,26.92869995501569,0
3607,4,0,0,44,0.0,0.0,1.0,44,700,500,200,0.7142857142857143,9,5,4,374.08628258049026,0.8363063777307964,0.34528496803368225,0.21593297301428235,130766.77439212026,983.6113034779523,131750.3856955982,3253,19,375.3636363636364,37,7,19,34.73279373927959,0.6261261261261263,44.29824561403507,1022.8070175438565,27.643432906590718,0
3608,4,0,0,44,0.0,0.0,1.0,44,1050,800,250,0.7619047619047619,13,8,5,367.7153937093644,0.83586592670895,0.3405816701306841,0.21308806753430112,130917.78897518059,828.0972633135882,131745.8862384942,3254,20,376.3636363636364,38,6,19,34.74266624908655,0.6258223684210528,44.150641025641015,1023.3974358974342,26.93151147098511,0
3609,4,1,0,45,0.022222222222222223,0.0,1.0,45,1450,1100,350,0.7586206896551724,18,11,7,359.5414257469956,0.841919191919192,0.32761545711592865,0.20399649877944492,130099.04308431943,356.4831936226088,130455.52627794204,3255,0,368.97777777777776,38,7,20,35.78188815582783,0.6175986842105263,44.95192307692307,1020.1923076923069,26.847165991902813,2
3610,4,0,0,45,0.0,0.0,1.0,45,1600,1100,500,0.6875,21,11,10,361.6179813301434,0.8417508417508418,0.33247652119953686,0.20618646810563176,130290.57167830496,423.185431799919,130713.75711010488,3256,1,369.97777777777776,37,8,21,35.53447087674077,0.6213400900900901,44.76425438596492,1020.9429824561412,27.593053579895706,0
3611,4,0,0,45,0.0,0.0,1.0,45,1200,1000,200,0.8333333333333334,14,10,4,362.83757487100746,0.8422979797979798,0.3321549349789077,0.20760562856622986,130426.23325525965,464.7076347797479,130890.94089003939,3257,2,370.97777777777776,38,7,21,35.36567827633093,0.6208881578947368,44.631410256410255,1021.4743589743586,26.88090418353575,0
3612,4,0,0,45,0.0,0.0,1.0,45,1300,1100,200,0.8461538461538461,15,11,4,364.206713960032,0.8423400673400674,0.3320346169483652,0.20897643785409148,130535.38795976693,508.37294086492204,131043.76090063185,3258,3,371.97777777777776,38,7,16,35.21998606028924,0.621984649122807,44.52457264957265,1021.901709401709,26.892150247413394,0
3613,4,0,0,45,0.0,0.0,1.0,45,1500,1400,100,0.9333333333333333,16,14,2,359.8798760341414,0.8430134680134681,0.3227410425154078,0.20766305324140052,130753.83434007235,411.1347386587803,131164.96907873114,3259,4,372.97777777777776,38,7,18,35.109161182492436,0.6241776315789473,44.31089743589744,1022.7564102564105,26.914642375168697,0
3614,4,0,0,45,0.0,0.0,1.0,45,750,200,550,0.26666666666666666,13,2,11,356.5563607359789,0.8421717171717172,0.3219588047577604,0.2060366417650573,130808.4744708343,328.1187221491799,131136.59319298348,3260,5,373.97777777777776,38,7,18,35.13881636205397,0.6247258771929824,44.25747863247864,1022.9700854700859,26.920265407107525,0
3615,4,0,1,44,0.0,0.022222222222222223,0.9777777777777777,45,1050,800,250,0.7619047619047619,13,8,5,354.40441951792764,0.8428030303030304,0.2752585743970488,0.19680404113020003,129255.70371283485,216.48712013292027,129472.19083296777,3261,6,374.97777777777776,38,7,17,36.77024234783216,0.6091008771929827,45.779914529914514,1016.8803418803396,26.76000899685104,8
3616,4,0,0,44,0.0,0.0,1.0,44,650,400,250,0.6153846153846154,9,4,5,355.52594998821735,0.8375176180408739,0.2430620976605431,0.19604716670778835,128978.53185595559,404.0074372248945,129382.53929318048,3262,28,384.3636363636364,37,7,15,37.0241436384571,0.6081081081081081,46.05263157894736,1015.7894736842098,27.453769559032697,5
3617,4,0,0,44,0.0,0.0,1.0,44,800,500,300,0.625,11,5,6,356.22207405785684,0.83738548273432,0.24204186980212206,0.19672891546400822,129038.51290269563,393.27333990795694,129431.78624260359,3263,29,385.3636363636364,38,6,15,36.94532071503679,0.6069078947368421,45.993589743589745,1016.0256410256413,26.737516869095824,0
3618,4,1,1,44,0.022222222222222223,0.022222222222222223,0.9777777777777777,45,1000,600,400,0.6,14,6,8,350.0441504337996,0.8398569023569024,0.23815628174144532,0.19424899006871552,129228.5448740777,47.24196891664897,129275.78684299435,3264,0,377.77777777777777,38,7,15,36.90873349444854,0.6088267543859649,45.80662393162393,1016.7735042735042,26.75719748088169,0
3619,4,3,1,46,0.06382978723404255,0.02127659574468085,0.9787234042553191,47,1350,900,450,0.6666666666666666,18,9,9,332.78664049434826,0.8510252852297255,0.1815219474793941,0.18286790641026068,128840.02267995237,-752.0748006031562,128087.94787934922,3265,0,362.63829787234044,40,7,15,37.742534200867524,0.6015625,46.1890243902439,1015.243902439024,25.3810975609756,6
3620,4,1,0,47,0.02127659574468085,0.0,1.0,47,900,600,300,0.6666666666666666,12,6,6,334.22741592688,0.8541473943879123,0.19842643358880752,0.18451875830227363,129024.94454089503,-775.2652391975333,128249.6793016975,3266,0,363.6170212765957,41,6,17,37.51780018227387,0.6018800813008129,46.00694444444444,1015.972222222222,24.779810298102973,0
3621,4,1,1,47,0.020833333333333332,0.020833333333333332,0.9791666666666666,48,1350,900,450,0.6666666666666666,18,9,9,332.903619006451,0.8556996158392435,0.19980433869103886,0.18499180089447784,129282.86540516102,-991.7709931331792,128291.09441202784,3267,0,357.0208333333333,38,10,17,37.289237314843994,0.609375,45.753205128205124,1016.9871794871791,26.762820512820504,0
3622,4,1,1,47,0.020833333333333332,0.020833333333333332,0.9791666666666666,48,1500,1200,300,0.8,18,12,6,333.1538328614455,0.8592641843971631,0.20377597502303213,0.18586977688312178,129439.7800021702,-975.3282335069393,128464.45176866326,3268,0,358.0,39,9,13,37.1234901218139,0.6092414529914529,45.598958333333336,1017.6041666666672,26.092414529914542,0
3623,4,1,1,47,0.020833333333333332,0.020833333333333332,0.9791666666666666,48,1500,1100,400,0.7333333333333333,19,11,8,327.68324046857225,0.8604831560283688,0.2205333401513605,0.18393149973029269,129678.39084201377,-1101.312934027788,128577.077907986,3269,0,358.9791666666667,39,9,16,37.0206074861935,0.6116452991452992,45.36458333333333,1018.5416666666657,26.116452991452967,2
3624,4,0,0,47,0.0,0.0,1.0,47,800,400,400,0.5,12,4,8,333.03220179958123,0.855804810360777,0.22029109703680927,0.1869922857454184,129690.6332182773,-761.7685733070498,128928.86464497025,3270,1,367.531914893617,38,9,17,36.871984476610024,0.6134868421052633,45.352564102564095,1018.5897435897424,26.80499325236164,0
3625,4,0,0,47,0.0,0.0,1.0,47,900,600,300,0.6666666666666666,12,6,6,335.22820657466207,0.8547641073080481,0.2229926445490027,0.18861778207094676,129772.26382725163,-699.3353468113232,129072.92848044031,3271,2,368.531914893617,38,9,17,36.733249449512435,0.6143092105263158,45.27243589743589,1018.910256410255,26.813427800269867,0
3626,4,0,1,46,0.0,0.02127659574468085,0.9787234042553191,47,1050,900,150,0.8571428571428571,12,9,3,334.8636752244726,0.8546484736355227,0.21678975226003883,0.18867481381962442,129826.69850107734,-705.150919533956,129121.54758154337,3272,3,369.531914893617,38,9,17,36.687327462697,0.614857456140351,45.21901709401708,1019.1239316239303,26.819050832208692,0
3627,4,1,1,46,0.02127659574468085,0.02127659574468085,0.9787234042553191,47,1600,1200,400,0.75,20,12,8,332.02878424441394,0.8506398396546407,0.21228783169973764,0.18789374553484442,129996.8804253471,-767.4587673611215,129229.42165798598,3273,0,370.36170212765956,39,8,18,36.587078651685395,0.6148504273504274,45.05208333333333,1019.7916666666656,26.148504273504248,0
3628,4,0,0,46,0.0,0.0,1.0,46,1450,900,550,0.6206896551724138,20,9,11,337.4734498320392,0.8484098228663446,0.2160246364663434,0.19080844817517656,129962.83512309143,-428.1987362115741,129534.63638687985,3274,5,379.4130434782609,38,8,18,36.48278150321317,0.6162280701754387,45.08547008547008,1019.6581196581188,26.833108412055758,0
3629,4,0,0,46,0.0,0.0,1.0,46,1150,900,250,0.782608695652174,14,9,5,338.320794886068,0.8483494363929147,0.21483617085234918,0.1915545852895847,130017.30974687681,-402.48808349772503,129614.82166337909,3275,6,380.4130434782609,38,8,18,36.40595537397863,0.6167763157894738,45.03205128205127,1019.8717948717929,26.83873144399455,0
3630,4,0,0,46,0.0,0.0,1.0,46,1200,1000,200,0.8333333333333334,14,10,4,333.5706806282723,0.8472624798711755,0.21157295697700862,0.18939357907253251,130126.29323727069,-518.7367594419,129607.55647782878,3276,7,381.4130434782609,38,8,18,36.41666666666664,0.6178728070175439,44.92521367521367,1020.2991452991445,26.84997750787222,0
3631,4,1,1,46,0.02127659574468085,0.02127659574468085,0.9787234042553191,47,900,300,600,0.3333333333333333,15,3,12,323.1996665446504,0.852913968547641,0.20257471982777298,0.18465323606082465,130368.94531249988,-972.9600694444605,129395.98524305542,3277,0,374.27659574468083,39,8,18,36.435808513531875,0.6185897435897437,44.68749999999999,1021.2499999999991,26.185897435897413,0
3632,4,1,1,46,0.02127659574468085,0.02127659574468085,0.9787234042553191,47,1200,800,400,0.6666666666666666,16,8,8,321.9010084648923,0.8510638297872339,0.19635394743123036,0.1841634357646866,130422.14084201367,-1003.3962673611314,129418.74457465253,3278,0,375.25531914893617,39,8,19,36.41520497654498,0.6191239316239316,44.63541666666666,1021.4583333333316,26.19123931623927,0
3633,4,2,2,46,0.041666666666666664,0.041666666666666664,0.9583333333333334,48,1200,700,500,0.5833333333333334,17,7,10,318.05765889331553,0.8517287234042553,0.2032399125422386,0.18329302198078654,130703.8686049967,-1285.72670863907,129418.14189635763,3279,0,368.3958333333333,40,8,14,36.228922348108384,0.6203125000000002,44.35975609756096,1022.5609756097534,25.564024390243837,0
3634,4,0,0,46,0.0,0.0,1.0,46,1250,1000,250,0.8,15,10,5,332.22214225523413,0.8466384863123994,0.20629322928745908,0.19008832448248292,130426.2332552595,-533.9034763313787,129892.32977892812,3280,11,385.4130434782609,38,8,19,36.14750026147894,0.620888157894737,44.63141025641025,1021.4743589743574,26.880904183535723,0
3635,4,1,0,47,0.02127659574468085,0.0,1.0,47,800,500,300,0.625,11,5,6,327.78215594124623,0.8498689485044711,0.21836198171214005,0.1889511112668946,130714.91021050356,-830.796983506941,129884.11322699662,3281,0,378.1914893617021,39,8,16,35.96917337272078,0.6220619658119659,44.348958333333336,1022.6041666666673,26.220619658119674,0
3636,4,0,1,46,0.0,0.02127659574468085,0.9787234042553191,47,950,600,350,0.631578947368421,13,6,7,326.3714243226852,0.8497147702744372,0.22031816320650344,0.18865766676121773,130821.45317925338,-860.7231987847279,129960.72998046865,3282,1,379.1914893617021,39,8,16,35.897672504497166,0.623130341880342,44.244791666666664,1023.0208333333326,26.2313034188034,0
3637,4,1,0,47,0.02127659574468085,0.0,1.0,47,1500,1100,400,0.7333333333333333,19,11,8,328.03275219401837,0.8531837804502004,0.22449195105157993,0.19057681347188807,131015.81090124912,-804.5045938264412,130211.30630742268,3283,0,377.1276595744681,40,7,18,35.65903977235125,0.6234375000000001,44.05487804878048,1023.780487804877,25.594512195121926,0
3638,4,0,0,47,0.0,0.0,1.0,47,1300,800,500,0.6153846153846154,18,8,10,328.76525986765427,0.8532223250077089,0.22052247786414947,0.19152001670209362,131119.8742894441,-778.4680910833497,130341.40619836074,3284,1,378.1276595744681,40,7,18,35.535324469140704,0.6244791666666667,43.953252032520325,1024.1869918699185,25.604674796747965,0
3639,4,1,1,47,0.020833333333333332,0.020833333333333332,0.9791666666666666,48,1600,1100,500,0.6875,21,11,10,326.3792503840902,0.8564014479905437,0.2252676447264077,0.1914252254578316,131380.213497257,-1023.8796351378072,130356.3338621192,3285,0,371.2291666666667,40,8,19,35.33406026962727,0.6270833333333332,43.69918699186992,1025.2032520325208,25.63008130081302,0
3640,4,0,0,47,0.0,0.0,1.0,47,1350,1100,250,0.8148148148148148,16,11,5,335.11798532619434,0.8510638297872339,0.22158796056045693,0.19628339140534282,131328.12500000026,-597.9166666666374,130730.20833333362,3286,3,380.1276595744681,40,7,19,35.162601626016276,0.6265624999999999,43.750000000000014,1025.000000000002,25.62500000000005,0
3641,4,0,0,47,0.0,0.0,1.0,47,2100,1700,400,0.8095238095238095,25,17,8,334.2592303611001,0.8503700277520814,0.21905492581826924,0.19646460435253896,131461.6224500867,-611.5478515625051,130850.0745985242,3287,4,381.1276595744681,39,8,20,35.05004655493484,0.6295405982905983,43.619791666666664,1025.5208333333326,26.295405982905965,0
3642,4,0,0,47,0.0,0.0,1.0,47,1350,1100,250,0.8148148148148148,16,11,5,377.53554585649266,0.8499845821769966,0.27012952263920975,0.21731067478656527,130657.85147392268,518.0190728634943,131175.87054678617,3288,5,382.1276595744681,34,13,17,34.75513313150132,0.6311274509803922,44.40476190476189,1022.3809523809506,30.07002801120443,3
3643,4,1,0,48,0.020833333333333332,0.0,1.0,48,1250,900,350,0.72,16,9,7,366.87781812687535,0.8537049349881797,0.2634579518480844,0.2133969794193598,131061.33355034707,16.699218749981355,131078.03276909704,3289,0,375.1458333333333,35,13,18,34.61872668701254,0.6330357142857144,44.01041666666666,1023.9583333333321,29.255952380952348,0
3644,4,1,2,47,0.02040816326530612,0.04081632653061224,0.9591836734693877,49,1000,700,300,0.7,13,7,6,357.82852312522624,0.8588789682539683,0.25765418255214145,0.20926989462979165,131270.41737683633,-405.5400840029239,130864.87729283341,3290,0,368.46938775510205,36,13,18,34.63896520146519,0.6331018518518519,43.806306306306304,1024.7747747747749,28.465965965965967,0
3645,4,1,0,48,0.020833333333333332,0.0,1.0,48,1300,800,500,0.6153846153846154,18,8,10,367.08634222919926,0.8589317375886525,0.2630860805860804,0.21468417186926175,131270.4173768363,37.515471552630316,131307.93284838894,3291,0,368.0208333333333,36,12,19,34.4017857142857,0.6331018518518519,43.806306306306304,1024.7747747747746,28.465965965965964,0
3646,4,0,0,48,0.0,0.0,1.0,48,1100,600,500,0.5454545454545454,16,6,10,367.17562297574193,0.8589686761229314,0.2615176151761518,0.21506000774293468,131328.12500000012,44.12258542327467,131372.24758542338,3292,1,369.0208333333333,34,14,19,34.34112466124661,0.6378676470588235,43.75000000000001,1025.000000000001,30.147058823529438,0
3647,4,1,0,49,0.02040816326530612,0.0,1.0,49,1200,800,400,0.6666666666666666,16,8,8,361.1018062820482,0.8645124716553289,0.264871024551953,0.21298519711845346,131595.1877170138,-296.1480034722318,131299.03971354157,3293,0,362.46938775510205,35,14,17,34.22694585448393,0.6383928571428572,43.48958333333333,1026.0416666666658,29.315476190476165,0
3648,4,0,0,49,0.0,0.0,1.0,49,800,200,600,0.25,14,2,12,359.24273192204674,0.8645833333333334,0.2653889702024246,0.212384303112314,131684.26890432095,-338.6766975308627,131345.59220679008,3294,1,363.46938775510205,35,14,17,34.18470906630583,0.6392857142857142,43.40277777777778,1026.3888888888887,29.32539682539682,0
3649,4,0,0,49,0.0,0.0,1.0,49,1400,900,500,0.6428571428571429,19,9,10,356.9583856359228,0.8639455782312926,0.2641040621579329,0.21146131266034504,131761.33639974435,-393.3372139030931,131367.99918584127,3295,2,364.46938775510205,36,13,17,34.165569814631986,0.6380208333333335,43.3277027027027,1026.6891891891894,28.51914414414415,0
3650,4,0,2,47,0.0,0.04081632653061224,0.9591836734693877,49,1000,600,400,0.6,14,6,8,357.4412319175133,0.8627054988662132,0.2695936269244541,0.21223073145102347,131848.06428049668,-374.413095527962,131473.6511849687,3296,3,365.46938775510205,36,13,17,34.06569809941521,0.638888888888889,43.24324324324324,1027.0270270270266,28.52852852852852,0
3651,4,0,0,47,0.0,0.0,1.0,47,1000,700,300,0.7,13,7,6,367.92945474609076,0.8598134443416589,0.2694870966070453,0.21775262102097062,131725.001771542,293.10161564626554,132018.10338718828,3297,4,376.51063829787233,34,13,17,33.92066759441802,0.6418504901960784,43.36309523809524,1026.5476190476195,30.192577030812338,0
3652,4,0,0,47,0.0,0.0,1.0,47,1550,1100,450,0.7096774193548387,20,11,9,365.3280413121386,0.8577705827937094,0.2603979191834527,0.21743317217405211,131938.95266439905,240.1998299319743,132179.15249433104,3298,5,377.51063829787233,34,13,18,33.77148512939361,0.6439950980392157,43.154761904761905,1027.380952380952,30.217086834733884,0
3653,4,0,1,46,0.0,0.02127659574468085,0.9787234042553191,47,1250,800,450,0.64,17,8,9,363.7477120286948,0.857809127351218,0.2630785005817047,0.21684186810992367,132000.11337868485,202.9478458049886,132203.06122448985,3299,6,378.51063829787233,34,13,18,33.7503861600247,0.6446078431372548,43.095238095238095,1027.619047619048,30.22408963585435,0
3654,4,0,0,46,0.0,0.0,1.0,46,1500,1100,400,0.7333333333333333,19,11,8,374.1101146114138,0.8539855072463768,0.27367651177990093,0.2223965234519765,131893.9905925604,668.5751874278925,132562.5657799883,3300,7,387.5217391304348,33,13,18,33.59132665235027,0.6458333333333335,43.198529411764696,1027.20588235294,31.127450980392123,0
3655,4,0,0,46,0.0,0.0,1.0,46,1300,900,400,0.6923076923076923,17,9,8,374.3939109634844,0.8540861513687601,0.27011524046013213,0.22349051467976833,132051.3913669022,687.8473724048487,132739.23873930704,3301,8,388.5217391304348,33,13,18,33.425117244942555,0.6474116161616161,43.0453431372549,1027.8186274509808,31.146019013666084,0
3656,4,0,1,45,0.0,0.021739130434782608,0.9782608695652174,46,850,600,250,0.7058823529411765,11,6,5,375.36074461970213,0.8532608695652174,0.2687843600545097,0.22481456160627558,132177.37956855536,722.839923346788,132900.21949190216,3302,9,389.5217391304348,33,13,18,33.27312497517182,0.6486742424242424,42.92279411764706,1028.3088235294117,31.160873440285204,0
3657,4,0,0,45,0.0,0.0,1.0,45,950,600,350,0.631578947368421,13,6,7,374.17550198812876,0.8525673400673401,0.25958224128345675,0.22466589153707778,132271.91014273337,898.5816753171657,133170.49181805053,3303,10,390.8222222222222,33,12,18,33.208243983797956,0.6496212121212122,42.83088235294117,1028.6764705882338,31.172014260249508,0
3658,4,1,1,45,0.021739130434782608,0.021739130434782608,0.9782608695652174,46,1500,1200,300,0.8,18,12,6,356.3266265111707,0.8581119162640902,0.20755186132423975,0.20191842168966356,130050.00000000013,73.47714821223997,130123.47714821238,3304,0,383.30434782608694,39,7,19,35.91367102396514,0.6153846153846153,45.00000000000001,1020.000000000001,26.15384615384618,8
3659,4,0,0,45,0.0,0.0,1.0,45,1400,1000,400,0.7142857142857143,18,10,8,359.3185572224474,0.8541245791245792,0.22399183256763644,0.2040304503184856,130129.6997070314,351.6031901041812,130481.30289713558,3305,1,392.35555555555555,39,6,19,35.75644461459928,0.6161858974358974,44.92187500000001,1020.3125000000011,26.161858974359003,0
3660,4,1,1,45,0.021739130434782608,0.021739130434782608,0.9782608695652174,46,1000,800,200,0.8,12,8,4,352.6159188352785,0.8567230273752013,0.21855585894653307,0.20163396463785233,130402.54122662723,-3.394170862692249,130399.14705576454,3306,0,384.80434782608694,37,9,19,35.65072016460906,0.6224662162162162,44.65460526315788,1021.3815789473668,27.604907539118024,0
3661,4,0,0,45,0.0,0.0,1.0,45,1150,800,350,0.6956521739130435,15,8,7,358.6164837198298,0.854040404040404,0.2172719698083616,0.20478175531306136,130348.82010388763,349.0471045369645,130697.86720842459,3307,3,394.35555555555555,36,9,20,35.55198684017055,0.6238425925925927,44.707207207207205,1021.1711711711708,28.365865865865857,0
3662,4,0,0,45,0.0,0.0,1.0,45,1200,800,400,0.6666666666666666,16,8,8,361.1279996323907,0.8538299663299663,0.22138928698293725,0.20667457947415876,130435.08193582094,420.7520442739998,130855.83398009495,3308,4,395.35555555555555,36,9,20,35.40036012200051,0.6247106481481481,44.622747747747745,1021.5090090090089,28.375250250250247,0
3663,4,0,1,44,0.0,0.022222222222222223,0.9777777777777777,45,1200,1100,100,0.9166666666666666,13,11,2,362.8879758228195,0.8542087542087543,0.21789239095829327,0.20814446855981458,130521.3723013555,472.9273192111128,130994.29962056661,3309,5,396.35555555555555,36,9,19,35.26788994195871,0.6255787037037037,44.53828828828829,1021.8468468468476,28.384634634634654,0
3664,4,1,2,43,0.022222222222222223,0.044444444444444446,0.9555555555555556,45,1100,800,300,0.7272727272727273,14,8,6,361.1704088959614,0.8598484848484849,0.20695545766030365,0.20808548938929755,130694.03863322778,440.5638746854904,131134.60250791328,3310,0,391.64444444444445,36,9,19,35.136747430249635,0.6273148148148149,44.369369369369366,1022.5225225225222,28.403403403403395,0
3665,4,0,0,43,0.0,0.0,1.0,43,1150,600,550,0.5217391304347826,17,6,11,365.31508891385704,0.8549741602067183,0.2132757351349015,0.21094000295348508,130779.59183673456,955.1516439909137,131734.74348072548,3311,7,404.6046511627907,34,9,19,34.944085583488516,0.6323529411764707,44.28571428571428,1022.8571428571418,30.084033613445346,0
3666,4,1,1,43,0.022727272727272728,0.022727272727272728,0.9772727272727273,44,1200,700,500,0.5833333333333334,17,7,10,356.3340036852835,0.8577343199436223,0.20749945018693672,0.20745847820191834,131097.37059694814,542.8901874847645,131640.2607844329,3312,0,396.3863636363636,36,8,19,34.852191921413386,0.6313657407407408,43.975225225225216,1024.0990990990979,28.447197197197163,0
3667,4,0,0,43,0.0,0.0,1.0,43,600,300,300,0.5,9,3,6,363.2578102468243,0.8548818752307124,0.21098806308497875,0.2106418895746009,130942.84664619755,913.2023480366752,131856.0489942342,3313,9,406.6046511627907,35,8,19,34.83134023144483,0.6318452380952382,44.1261574074074,1023.4953703703691,29.24272486772483,0
3668,4,0,0,43,0.0,0.0,1.0,43,1050,800,250,0.7619047619047619,13,8,5,356.5376769579539,0.8551587301587301,0.16555188947258226,0.20640258073024953,130878.94833025531,732.6552400738502,131611.60357032917,3314,10,407.6046511627907,37,6,18,35.06795613659094,0.6272522522522523,44.18859649122806,1023.2456140350865,27.65528686581315,2
3669,4,1,1,43,0.022727272727272728,0.022727272727272728,0.9772727272727273,44,950,500,450,0.5263157894736842,14,5,9,346.68367670012236,0.8600246652572234,0.15502380182095488,0.20235216381873622,131194.6953667536,296.61187065974093,131491.30723741336,3315,0,399.3181818181818,39,5,19,35.000953228266404,0.626869658119658,43.88020833333334,1024.4791666666679,26.26869658119661,0
3670,4,1,1,43,0.022727272727272728,0.022727272727272728,0.9772727272727273,44,1250,700,550,0.56,18,7,11,345.9896535325181,0.8570736434108528,0.1538235628481568,0.20294111951699503,131382.8849806412,291.49158775120384,131674.37656839238,3316,0,400.29545454545456,38,6,20,34.82874808948173,0.630482456140351,43.696581196581185,1025.2136752136735,26.97930724246509,0
3671,4,0,1,42,0.0,0.023255813953488372,0.9767441860465116,43,1000,800,200,0.8,12,8,4,356.93039857227905,0.8514211886304909,0.15900926451125064,0.2090592334494771,131328.12499999956,774.9999999999559,132103.1249999995,3317,13,410.6046511627907,37,6,20,34.60365853658537,0.6317567567567569,43.74999999999998,1024.9999999999966,27.70270270270261,0
3672,4,0,0,42,0.0,0.0,1.0,42,1200,800,400,0.6666666666666666,16,8,8,362.87923854848304,0.8462059620596206,0.16415021293070065,0.21254355400696845,131328.12499999988,1131.2499999999848,132459.37499999985,3318,25,421.07142857142856,36,6,20,34.45121951219512,0.6336805555555557,43.74999999999999,1024.999999999999,28.472222222222197,0
3673,4,0,0,42,0.0,0.0,1.0,42,650,400,250,0.6153846153846154,9,4,5,362.60326869202896,0.8448025551684089,0.1640775378692776,0.2127023297791385,131385.84530476414,1128.187393474545,132514.03269823868,3319,26,422.07142857142856,36,6,20,34.399943248388965,0.6342592592592593,43.69369369369369,1025.2252252252247,28.478478478478465,0
3674,4,0,0,42,0.0,0.0,1.0,42,1050,600,450,0.5714285714285714,15,6,9,363.1113611898046,0.8443428184281843,0.17054646608835689,0.21348322571694953,131472.44953991147,1147.8280222790252,132620.2775621905,3320,27,423.07142857142856,36,6,20,34.29939423886386,0.6351273148148149,43.60923423423423,1025.5630630630626,28.48786286286285,0
3675,4,1,1,42,0.023255813953488372,0.023255813953488372,0.9767441860465116,43,750,400,350,0.5333333333333333,11,4,7,353.79493231968024,0.8479143595422665,0.1667304243279364,0.20936966854468025,131721.7857898581,720.5000577100338,132442.28584756816,3321,0,414.2093023255814,37,6,18,34.286655273089806,0.6356981981981983,43.366228070175424,1026.535087719296,27.74419155998097,0
3676,4,0,0,42,0.0,0.0,1.0,42,1000,500,500,0.5,15,5,10,361.4650884399467,0.8431329849012776,0.16784773610936932,0.21332058846274574,131616.85333982625,1114.9795065335543,132731.83284635982,3322,29,425.07142857142856,36,6,18,34.19574919520046,0.6365740740740742,43.468468468468465,1026.1261261261257,28.50350350350349,0
3677,4,0,1,41,0.0,0.023809523809523808,0.9761904761904762,42,1300,800,500,0.6153846153846154,18,8,10,362.74193737664825,0.8425522648083623,0.17314996212418032,0.21456150286749848,131703.53366457685,1154.8789921678517,132858.4126567447,3323,30,426.07142857142856,36,6,18,34.07547083561893,0.6374421296296295,43.38400900900901,1026.4639639639647,28.51288788788791,0
3678,4,0,0,41,0.0,0.0,1.0,41,1300,1100,200,0.8461538461538461,15,11,4,338.74773949059147,0.8450711382113821,0.10100268453295991,0.1946426200424319,130589.9824334321,647.4122698882471,131237.39470332034,3324,31,424.4634146341463,38,3,16,35.81517194522837,0.622532894736842,44.471153846153854,1022.1153846153859,26.89777327935226,6
3679,4,1,0,42,0.023809523809523808,0.0,1.0,42,800,400,400,0.5,12,4,8,331.32643988301055,0.8492547425474255,0.10552528520347337,0.19171233314610095,130859.79327781106,271.46188611278563,131131.25516392384,3325,0,415.3333333333333,40,2,17,35.732229174943726,0.621875,44.20731707317074,1023.1707317073189,25.579268292682972,0
3680,4,0,0,42,0.0,0.0,1.0,42,900,600,300,0.6666666666666666,12,6,6,331.9246776663148,0.8495934959349594,0.10355913612466461,0.19257749731884363,130963.79469892278,294.02306827948644,131257.81776720227,3326,1,416.3333333333333,40,2,17,35.61192745565264,0.6229166666666666,44.10569105691058,1023.5772357723592,25.589430894308983,0
3681,4,0,1,41,0.0,0.023809523809523808,0.9761904761904762,42,1200,900,300,0.75,15,9,6,334.12428002869797,0.8491337591947348,0.10447306094084552,0.1939846612523966,130989.8015091053,353.3746240663892,131343.17613317168,3327,2,417.3333333333333,40,2,17,35.52938548595256,0.6231770833333332,44.08028455284554,1023.67886178862,25.5919715447155,0
3682,4,0,0,41,0.0,0.0,1.0,41,900,700,200,0.7777777777777778,11,7,4,337.92591126306013,0.8459857723577235,0.09772976622499785,0.19601298725329613,130954.69292534755,650.5967881944797,131605.28971354204,3328,3,420.5365853658537,39,2,17,35.46755207273221,0.6244658119658117,44.11458333333335,1023.5416666666692,26.244658119658187,0
3683,4,0,0,41,0.0,0.0,1.0,41,550,300,250,0.5454545454545454,8,3,5,351.3840365493144,0.8457825203252033,0.18052778888444587,0.1948584202682563,129201.38888888896,960.9809027777836,130162.36979166674,3329,4,421.5365853658537,36,5,21,36.902322404371574,0.6122685185185186,45.833333333333336,1016.6666666666673,28.24074074074076,7
3684,4,0,0,41,0.0,0.0,1.0,41,900,600,300,0.6666666666666666,12,6,6,352.54951198023605,0.8450711382113821,0.17983214154550753,0.19607310296831842,129315.9037415794,918.0517510753995,130233.9554926548,3330,5,422.5365853658537,36,5,22,36.75611713906112,0.6134259259259259,45.72072072072072,1017.117117117117,28.25325325325325,0
3685,4,0,0,41,0.0,0.0,1.0,41,700,300,400,0.42857142857142855,11,3,8,350.48206418871354,0.844410569105691,0.17586525040808154,0.19532270712354757,129396.5465936632,870.2337498076088,130266.7803434708,3331,6,423.5365853658537,37,4,22,36.726636311384134,0.6123310810810811,45.64144736842104,1017.4342105263139,27.49822190611659,0
3686,4,1,0,42,0.023809523809523808,0.0,1.0,42,1300,1000,300,0.7692307692307693,16,10,6,344.021965281071,0.8479239256678281,0.17942069819954787,0.19289513959171564,129636.22708013719,519.5419223463887,130155.76900248358,3332,0,414.42857142857144,38,4,20,36.647389495034254,0.6129385964912282,45.405982905982896,1018.3760683760672,26.799370220422823,0
3687,4,2,0,44,0.045454545454545456,0.0,1.0,44,900,600,300,0.6666666666666666,12,6,6,330.71340137458174,0.855223749119098,0.18236599058312275,0.1878033116403164,130132.94004891244,-192.65855310994488,129940.2814958025,3333,0,396.54545454545456,40,4,22,36.48281872509962,0.6145833333333335,44.91869918699186,1020.3252032520305,25.508130081300763,0
3688,4,1,0,45,0.022222222222222223,0.0,1.0,45,1250,500,750,0.4,20,5,15,329.8835188639835,0.8573232323232324,0.19347471451876097,0.18898934305011342,130475.34722222181,-391.53756857694543,130083.80965364487,3334,0,388.7111111111111,39,6,24,36.15755845568244,0.6196581196581199,44.583333333333314,1021.6666666666633,26.19658119658111,0
3689,4,0,0,45,0.0,0.0,1.0,45,1300,1000,300,0.7692307692307693,16,10,6,325.49119859587427,0.8566919191919192,0.19024904019298172,0.18685746924658353,130555.17713758638,-501.087782118096,130054.08935546828,3335,1,389.7111111111111,39,6,16,36.189077735874704,0.6204594017094018,44.505208333333314,1021.9791666666632,26.204594017093928,0
3690,4,0,0,45,0.0,0.0,1.0,45,1500,1100,400,0.7333333333333333,19,11,8,324.03491119914463,0.8559343434343435,0.18264979350250754,0.18673764470136242,130703.86860499681,-529.4767086390543,130174.39189635776,3336,2,390.7111111111111,40,5,17,36.076119724375545,0.6203125000000002,44.35975609756097,1022.5609756097543,25.56402439024386,0
3691,4,1,1,45,0.021739130434782608,0.021739130434782608,0.9782608695652174,46,1300,900,400,0.6923076923076923,17,9,8,317.67213906363514,0.8598631239935588,0.19079972704986337,0.18483719387907777,131074.03175390518,-872.2863914084301,130201.74536249675,3337,0,383.19565217391306,41,5,18,35.86554608280048,0.622459349593496,43.998015873015866,1024.0079365079357,24.975803329461847,0
3692,4,0,2,43,0.0,0.044444444444444446,0.9555555555555556,45,1450,900,550,0.6206896551724138,20,9,11,327.0911221599525,0.8572811447811448,0.19935159454810125,0.19028695998173703,131067.83743142331,-425.7747950954901,130642.06263632781,3338,1,392.6222222222222,40,5,18,35.63066527722642,0.6239583333333333,44.00406504065042,1023.9837398374,25.599593495935,0
3693,4,0,0,43,0.0,0.0,1.0,43,1050,600,450,0.5714285714285714,15,6,9,339.4339514957591,0.8491602067183462,0.2094600990817581,0.19697860019871996,130972.4633487653,291.3001543209707,131263.7635030863,3339,2,405.06976744186045,38,5,18,35.41101311623698,0.6263706140350878,44.097222222222214,1023.6111111111102,26.937134502923954,0
3694,4,0,0,43,0.0,0.0,1.0,43,600,400,200,0.6666666666666666,8,4,4,338.6350108727293,0.8496216315983758,0.20706240945084442,0.1967943789686697,131027.1491366242,274.07601450068387,131301.22515112488,3340,3,406.06976744186045,38,5,18,35.376230477581835,0.6269188596491229,44.043803418803414,1023.8247863247855,26.942757534862775,0
3695,4,1,1,43,0.022727272727272728,0.022727272727272728,0.9772727272727273,44,1150,900,250,0.782608695652174,14,9,5,331.6301314765021,0.8513257575757576,0.19827044461079257,0.193835151713271,131248.05908203125,-94.83778211805543,131153.2212999132,3341,0,397.8181818181818,39,5,18,35.33269374131679,0.6274038461538463,43.828125,1024.6875,26.27403846153846,0
3696,4,1,1,43,0.022727272727272728,0.022727272727272728,0.9772727272727273,44,1650,1300,350,0.7878787878787878,20,13,7,332.82284795363796,0.8557522903453136,0.19640499867992545,0.19468063529790972,131277.28666698182,-61.58391597377593,131215.70275100804,3342,0,398.79545454545456,41,3,18,35.272668602775084,0.6244918699186991,43.799603174603185,1024.801587301589,24.995160665892417,0
3697,4,0,0,43,0.0,0.0,1.0,43,700,400,300,0.5714285714285714,10,4,6,343.4999632598271,0.8472222222222222,0.21136868905842054,0.20091958407842786,131276.0468305902,418.6634526406164,131694.71028323082,3343,6,409.06976744186045,40,3,19,35.000371876239576,0.6260416666666667,43.80081300813008,1024.7967479674794,25.619918699186986,0
3698,4,0,0,43,0.0,0.0,1.0,43,1200,800,400,0.6666666666666666,16,8,8,340.5036717187817,0.8476836471022517,0.20654425717433522,0.19987757904848244,131412.43128895422,349.31405621774115,131761.74534517195,3344,7,410.06976744186045,37,6,20,34.93955637543221,0.6326013513513513,43.66776315789473,1025.3289473684206,27.711593172119475,0
3699,4,0,0,43,0.0,0.0,1.0,43,1200,800,400,0.6666666666666666,16,8,8,339.4177061982598,0.8471760797342193,0.20556229733224574,0.19938658218380187,131440.5393967375,322.6492767005313,131763.18867343804,3345,8,411.06976744186045,37,6,20,34.93905047048761,0.6328828828828829,43.640350877192986,1025.4385964912285,27.714556661925094,0
3700,4,1,1,43,0.022727272727272728,0.022727272727272728,0.9772727272727273,44,1150,1000,150,0.8695652173913043,13,10,3,332.34478914948744,0.8483086680761099,0.19826407012112846,0.19679642790082777,131745.12215777644,-43.03903100006542,131702.0831267764,3346,0,402.70454545454544,40,4,16,34.81365076222531,0.6307291666666668,43.34349593495935,1026.6260162601625,25.665650406504064,0
3701,4,0,0,43,0.0,0.0,1.0,43,1750,1400,350,0.8,21,14,7,339.9220251984499,0.8440845330380213,0.20771387659823293,0.20128325313919943,131745.12215777647,356.61374677771255,132101.73590455417,3347,10,413.06976744186045,40,3,17,34.61917607074506,0.6307291666666668,43.34349593495935,1026.6260162601627,25.665650406504067,0
3702,4,0,0,43,0.0,0.0,1.0,43,1000,600,400,0.6,14,6,8,338.989709289391,0.8438076781100037,0.20057938200786518,0.20142086959364303,131875.56932257558,340.89218140654464,132216.46150398214,3348,11,414.06976744186045,40,3,17,34.51176577289667,0.6320312500000002,43.216463414634134,1027.1341463414612,25.67835365853653,0
3703,4,0,1,42,0.0,0.023255813953488372,0.9767441860465116,43,1550,1100,450,0.7096774193548387,20,11,9,329.6803356477232,0.8428848283499446,0.10467722042024707,0.19640396855402534,131975.16453379905,113.59635740951313,132088.76089120857,3349,12,415.06976744186045,37,6,14,34.650673176110686,0.6382319819819818,43.11951754385966,1027.521929824563,27.77086296823143,5
3704,4,0,0,42,0.0,0.0,1.0,42,1250,900,350,0.72,16,9,7,330.64347797014466,0.8392131242740999,0.1168356566361346,0.19774904838450616,132123.26189139107,337.13896650597246,132460.40085789704,3350,13,422.0952380952381,38,4,14,34.47707748796288,0.6378837719298245,42.97542735042736,1028.098290598292,27.05521817363926,0
3705,4,0,0,42,0.0,0.0,1.0,42,650,300,350,0.46153846153846156,10,3,7,330.7115627390375,0.8389953542392566,0.11931480821755147,0.19793333829605098,132150.72320841564,340.7544378698369,132491.4776462855,3351,14,423.0952380952381,38,4,15,34.44773482959269,0.638157894736842,42.948717948717956,1028.2051282051293,27.058029689608667,0
3706,4,0,0,42,0.0,0.0,1.0,42,1250,1000,250,0.8,15,10,5,332.60054478448944,0.838342044134727,0.11494876431585288,0.19966142126120584,132264.03130425356,398.2177734375092,132662.24907769106,3352,15,424.0952380952381,39,3,16,34.285337552742604,0.6375534188034189,42.83854166666667,1028.6458333333342,26.37553418803421,0
3707,4,0,0,42,0.0,0.0,1.0,42,1100,600,500,0.5454545454545454,16,6,10,331.36530893160216,0.8384146341463414,0.11094717352311512,0.19906105784723274,132290.82031250015,367.31770833334735,132658.1380208335,3353,16,425.0952380952381,39,3,16,34.290198460915356,0.6378205128205128,42.81250000000001,1028.7500000000011,26.378205128205156,0
3708,4,0,0,42,0.0,0.0,1.0,42,1150,900,250,0.782608695652174,14,9,5,331.7210425240055,0.8364305071622145,0.11026219870664344,0.19956479830989646,132345.71358194537,380.37161659727514,132726.08519854266,3354,17,426.0952380952381,40,2,16,34.22592592592595,0.63671875,42.75914634146342,1028.963414634147,25.724085365853675,0
3709,4,0,0,42,0.0,0.0,1.0,42,1400,1000,400,0.7142857142857143,18,10,8,335.16770044038867,0.8369144405729771,0.10911810943759859,0.20252411242826585,132510.87474030483,482.70401755202016,132993.57875785686,3355,18,427.0952380952381,37,5,17,33.971423500177494,0.643581081081081,42.59868421052632,1029.6052631578957,27.82716927453772,0
3710,4,0,0,42,0.0,0.0,1.0,42,1050,900,150,0.8571428571428571,12,9,3,332.9721333027637,0.8363579171506,0.1123448527622295,0.20149963118424985,132567.32840874116,428.2452293013261,132995.5736380425,3356,19,428.0952380952381,37,5,17,33.971287620670076,0.6441441441441441,42.54385964912281,1029.8245614035088,27.833096254148888,0
3711,4,0,0,42,0.0,0.0,1.0,42,1100,900,200,0.8181818181818182,13,9,4,333.96238238560545,0.8365030971738289,0.11028231680518297,0.20266829788196306,132673.03040990935,461.5602628022406,133134.59067271158,3357,20,429.0952380952381,38,4,13,33.839745584016036,0.6433662280701755,42.44123931623931,1030.2350427350423,27.111448493027428,0
3712,4,0,1,41,0.0,0.023809523809523808,0.9761904761904762,42,1300,900,400,0.6923076923076923,17,9,8,336.10574778216716,0.8352932636469221,0.11525171901454678,0.2045685898330955,132783.12108490383,525.8340410183233,133308.95512592216,3358,21,430.0952380952381,38,4,13,33.67411285028159,0.6444627192982457,42.3344017094017,1030.6623931623924,27.122694556905063,0
3713,4,0,0,41,0.0,0.0,1.0,41,1400,1000,400,0.7142857142857143,18,10,8,343.331193788049,0.829979674796748,0.11849729732535108,0.20886536507533165,132765.01092884352,916.4739390966472,133681.48486794016,3359,22,440.9756097560976,37,4,14,33.50611323899706,0.6461148648648649,42.35197368421053,1030.5921052631581,27.853840682788057,0
3714,4,0,0,41,0.0,0.0,1.0,41,950,600,350,0.631578947368421,13,6,7,341.6309076200298,0.8297256097560975,0.1188768190202909,0.20814466380660399,132821.51870046547,875.1871970221523,133696.7058974876,3360,23,441.9756097560976,37,4,14,33.49322323866255,0.646677927927928,42.297149122807014,1030.8114035087715,27.85976766239923,0
3715,4,0,0,41,0.0,0.0,1.0,41,750,600,150,0.8,9,6,3,335.4496244859075,0.8297256097560975,0.10666985028525544,0.1976065824732322,131547.23340821106,625.4940097888896,132172.72741799994,3361,24,442.9756097560976,38,3,19,34.93326043185448,0.6321271929824561,43.53632478632479,1025.8547008547014,26.996176338281614,7
3716,4,0,1,40,0.0,0.024390243902439025,0.975609756097561,41,700,400,300,0.5714285714285714,10,4,6,336.395780120248,0.8288109756097561,0.10478207218049684,0.1987341859677185,131656.85609796192,657.7621630506306,132314.61826101254,3362,25,443.9756097560976,38,3,13,34.798563397876315,0.6332236842105262,43.42948717948718,1026.2820512820517,27.007422402159257,0
3717,4,0,0,40,0.0,0.0,1.0,40,1000,700,300,0.7,13,7,6,341.3041493169697,0.8269230769230769,0.1007264957264955,0.20167972459639127,131665.51246537408,987.5971452754798,132653.10961064955,3363,26,448.575,37,3,14,34.6639066951567,0.6351351351351351,43.42105263157895,1026.315789473685,27.738264580369865,0
3718,4,0,0,40,0.0,0.0,1.0,40,1000,800,200,0.8,12,8,4,355.5151855965138,0.8265491452991452,0.10037546933667074,0.20734060824205447,131163.9135437213,1326.1526134122405,132490.06615713355,3364,27,449.575,38,2,18,34.805877138089286,0.6282894736842104,43.910256410256416,1024.358974358975,26.95681511470987,1
3719,4,0,0,40,0.0,0.0,1.0,40,1000,500,500,0.5,15,5,10,353.26575192920126,0.8256944444444444,0.09340458811261665,0.20632268946413168,131218.63928154,1271.0102545839754,132489.64953612396,3365,28,450.575,38,2,18,34.80817692040317,0.6288377192982456,43.85683760683761,1024.57264957265,26.962438146648687,0
3720,4,2,2,40,0.047619047619047616,0.047619047619047616,0.9523809523809523,42,650,500,150,0.7692307692307693,8,5,3,339.36277334473596,0.8366240805265196,0.08760893489188315,0.20048701111620734,131656.85609796178,535.9784772444948,132192.83457520627,3366,0,430.07142857142856,38,4,15,34.72243910056215,0.6332236842105263,43.429487179487175,1026.2820512820506,27.007422402159225,0
3721,4,0,0,40,0.0,0.0,1.0,40,950,500,450,0.5263157894736842,14,5,9,353.3754218381848,0.8252938034188034,0.08134197232593943,0.2076023607263555,131443.5782911289,1289.7859853096288,132733.36427643854,3367,30,452.575,36,4,18,34.57816274983527,0.634837962962963,43.637387387387385,1025.45045045045,28.484734734734722,0
3722,4,0,0,40,0.0,0.0,1.0,40,1150,700,450,0.6086956521739131,16,7,9,356.00100796010776,0.8250267094017094,0.08461242863416807,0.20946105817187705,131501.32395909406,1362.9207755052203,132864.24473459928,3368,31,453.575,36,4,18,34.45254172156347,0.6354166666666667,43.581081081081074,1025.6756756756745,28.49099099099096,0
3723,4,1,0,41,0.024390243902439025,0.0,1.0,41,600,300,300,0.5,9,3,6,347.4657595112368,0.8304878048780487,0.09102843271064076,0.20592844126982382,131778.07113727278,957.6735149276452,132735.74465220043,3369,0,443.4878048780488,37,4,17,34.39235369500213,0.6362612612612613,43.31140350877192,1026.7543859649106,27.75011853959218,0
3724,4,0,0,41,0.0,0.0,1.0,41,850,500,350,0.5882352941176471,12,5,7,345.94383630587816,0.8306910569105691,0.09375515371714616,0.20540815925932074,131848.80566741523,922.4563289867533,132771.261996402,3370,1,444.4878048780488,38,3,17,34.36015465168695,0.6351425438596492,43.242521367521356,1027.029914529913,27.027103013945077,0
3725,4,0,0,41,0.0,0.0,1.0,41,800,400,400,0.5,12,4,8,348.0175771246488,0.8304369918699187,0.09027129580780069,0.20708768698209248,131931.11257213782,982.8692289429101,132913.98180108072,3371,2,445.4878048780488,38,3,18,34.223992997781494,0.6359649122807018,43.162393162393144,1027.350427350424,27.035537561853264,0
3726,4,0,0,41,0.0,0.0,1.0,41,850,600,250,0.7058823529411765,11,6,5,346.39431754136604,0.8295223577235772,0.08936074182448839,0.2065695561333166,132013.44515897785,945.7414484257231,132959.18660740356,3372,3,446.4878048780488,38,3,18,34.18278060782478,0.6367872807017545,43.08226495726495,1027.6709401709388,27.043972109761548,0
3727,4,1,1,41,0.023809523809523808,0.023809523809523808,0.9761904761904762,42,1350,900,450,0.6666666666666666,18,9,9,336.53030357193865,0.8341318234610917,0.08694097947357515,0.20231786183861672,132319.5725097495,505.9091810430247,132825.4816907925,3373,0,436.8333333333333,40,2,19,34.128473594099816,0.6364583333333333,42.78455284552845,1028.861788617886,25.721544715447152,0
3728,4,0,0,41,0.0,0.0,1.0,41,900,700,200,0.7777777777777778,11,7,4,341.7888158948888,0.8323170731707317,0.09425131213337501,0.20517717671501667,132264.03130425338,841.2733289930518,133105.30463324644,3374,1,445.0975609756098,39,2,19,34.049050632911396,0.6375534188034189,42.838541666666664,1028.6458333333328,26.375534188034173,0
3729,4,0,0,41,0.0,0.0,1.0,41,900,700,200,0.7777777777777778,11,7,4,338.4324145421058,0.8319613821138211,0.09156649112801474,0.20374002579289843,132371.20361328128,759.7412109375011,133130.94482421878,3375,2,446.0975609756098,39,2,19,34.0276723352566,0.6386217948717949,42.734375,1029.0625000000002,26.386217948717956,0
3730,4,1,0,42,0.023809523809523808,0.0,1.0,42,1000,500,500,0.5,15,5,10,338.03337039134027,0.8321476964769647,0.11053382519970367,0.20635899975875666,132895.2725312313,584.607376561559,133479.87990779287,3376,0,436.45238095238096,40,2,14,33.51197516262567,0.6421875000000001,42.225609756097555,1031.097560975609,25.777439024390226,0
3731,4,0,0,42,0.0,0.0,1.0,42,700,300,400,0.42857142857142855,11,3,8,339.008274891407,0.8324864498644986,0.11155993431855515,0.2075352225662113,133000.07952442334,617.625503998946,133617.7050284223,3377,1,437.45238095238096,40,2,14,33.38177339901477,0.6432291666666667,42.1239837398374,1031.5040650406509,25.787601626016272,0
3732,4,0,1,41,0.0,0.023809523809523808,0.9761904761904762,42,1200,700,500,0.5833333333333334,17,7,10,332.5757138338686,0.830744289585753,0.11088689831676324,0.20489003498109598,133236.04630387013,462.2146415823979,133698.26094545252,3378,2,438.45238095238096,40,2,16,33.31139055681333,0.6455729166666667,41.895325203252035,1032.4186991869924,25.81046747967481,0
3733,4,0,0,41,0.0,0.0,1.0,41,700,300,400,0.42857142857142855,11,3,8,338.9894360203738,0.8257621951219513,0.11393436368514442,0.20850691008850947,133176.3793945314,829.0771484375148,134005.45654296892,3379,3,450.0243902439024,39,2,17,33.20560853769301,0.6466346153846153,41.95312500000001,1032.1875000000011,26.46634615384618,0
3734,4,0,0,41,0.0,0.0,1.0,41,550,400,150,0.7272727272727273,7,4,3,340.05837673668304,0.8247967479674797,0.11243181532995616,0.2097696757057087,133283.92062717018,864.8627387152817,134148.78336588547,3380,4,451.0243902439024,39,2,18,33.07031591512828,0.6477029914529915,41.848958333333336,1032.604166666667,26.477029914529922,0
3735,4,0,0,41,0.0,0.0,1.0,41,1350,1000,350,0.7407407407407407,17,10,7,341.7335625746689,0.823119918699187,0.12444212757481932,0.211721124745668,133445.31385633696,920.5485026041856,134365.86235894114,3381,5,452.0243902439024,39,2,18,32.86548123130693,0.6493055555555556,41.69270833333334,1033.229166666668,26.493055555555593,0
3736,4,2,2,41,0.046511627906976744,0.046511627906976744,0.9534883720930233,43,1350,1100,250,0.8148148148148148,16,11,5,332.4208605423614,0.831672203765227,0.12229811670709068,0.20840230872463422,133882.59007306618,301.07316074577045,134183.66323381194,3382,0,431.95348837209303,41,2,13,32.669111068507135,0.6504065040650406,41.269841269841265,1034.9206349206343,25.241966705381323,0
3737,4,0,1,40,0.0,0.024390243902439025,0.975609756097561,41,1000,700,300,0.7,13,7,6,347.6076476440599,0.8205792682926829,0.1346021075804591,0.2166165171476829,133660.65673828154,1092.2932942708626,134752.9500325524,3383,7,454.0243902439024,39,2,18,32.498174171451595,0.6514423076923076,41.484375000000014,1034.0625000000023,26.514423076923133,0
3738,4,0,0,40,0.0,0.0,1.0,40,1050,700,350,0.6666666666666666,14,7,7,347.25741073896216,0.8174145299145299,0.12222164841974781,0.21691266134029902,133748.36205164742,1289.0219793264764,135037.3840309739,3384,8,445.325,38,2,14,32.4194811678028,0.6540570175438596,41.399572649572654,1034.4017094017101,27.221097615834477,0
3739,4,0,1,39,0.0,0.025,0.975,40,1600,1100,500,0.6875,21,11,10,348.0573667202857,0.8169070512820513,0.1240194054500412,0.2183924720716404,133914.18292059316,1321.9635747680602,135236.14649536123,3385,9,446.325,38,2,15,32.23296001926783,0.6557017543859649,41.23931623931624,1035.0427350427349,27.237966711650916,0
3740,4,0,0,39,0.0,0.0,1.0,39,1000,600,400,0.6,14,6,8,350.879656759935,0.8162393162393162,0.11848858618610847,0.22057295067425442,133982.57757194497,1602.3521660510662,135584.92973799605,3386,10,451.02564102564105,37,2,15,32.09154134011156,0.6582207207207208,41.173245614035075,1035.3070175438577,27.981270744428585,0
3741,4,0,0,39,0.0,0.0,1.0,39,1200,1000,200,0.8333333333333334,14,10,4,351.79115682985207,0.8152834008097166,0.11381292854932523,0.22183039168322957,134096.12212411492,1634.7659856878859,135730.8881098028,3387,11,452.02564102564105,37,2,15,31.954442797656853,0.6593468468468469,41.06359649122806,1035.7456140350862,27.993124703650977,0
3742,4,0,0,39,0.0,0.0,1.0,39,1150,800,350,0.6956521739130435,15,8,7,348.68049606673975,0.8142712550607287,0.10646045312712005,0.22055091618679304,134209.71476800545,1559.2619844567462,135768.9767524622,3388,12,453.02564102564105,37,2,15,31.921516754850092,0.660472972972973,40.95394736842105,1036.184210526315,28.004978662873377,0
3743,4,0,0,39,0.0,0.0,1.0,39,1100,800,300,0.7272727272727273,14,8,6,346.72782764854884,0.8129779577147999,0.11168790309894594,0.21999764312680398,134323.35550361648,1514.729051246536,135838.08455486302,3389,13,454.02564102564105,37,2,16,31.858648896410696,0.6615990990990991,40.844298245614034,1036.6228070175437,28.016832622095773,0
3744,4,0,0,39,0.0,0.0,1.0,39,1700,1200,500,0.7058823529411765,22,12,10,372.8967362005793,0.813821412505623,0.11983152100953132,0.22975250520745358,133239.5909422936,2137.1140858984236,135376.70502819202,3390,14,455.02564102564105,36,3,20,32.2671247818499,0.6527777777777779,41.89189189189189,1032.432432432432,28.67867867867867,4
3745,4,0,0,39,0.0,0.0,1.0,39,600,300,300,0.5,9,3,6,368.3362381940067,0.8147210976158344,0.1179688548798501,0.22694264998404917,133239.59094229346,2015.3939412385141,135254.984883532,3391,15,456.02564102564105,36,3,19,32.38483493310064,0.6527777777777779,41.89189189189188,1032.432432432431,28.678678678678637,2
3746,4,0,0,39,0.0,0.0,1.0,39,800,500,300,0.625,11,5,6,367.9679656072284,0.8133715699505174,0.12495107741509792,0.22742602294807926,133355.8812190568,2014.1384627870984,135370.0196818439,3392,16,457.02564102564105,36,3,20,32.277583951155684,0.6539351851851853,41.77927927927927,1032.882882882882,28.69119119119117,0
3747,4,1,1,39,0.025,0.025,0.975,40,850,600,250,0.7058823529411765,11,6,5,358.0259183177862,0.8159722222222222,0.12106087735004478,0.22341617360947863,133711.5269204388,1574.5398958768399,135286.06681631564,3393,0,446.575,35,5,15,32.17789465831095,0.6595238095238096,41.435185185185176,1034.259259259258,29.550264550264515,0
3748,4,0,0,39,0.0,0.0,1.0,39,1200,900,300,0.75,15,9,6,367.58371444617615,0.8101664417453891,0.12470406253505528,0.22904104330555836,133656.80980725616,2026.0133219954555,135682.8231292516,3394,18,459.02564102564105,34,5,21,31.985618620001542,0.6611519607843137,41.488095238095234,1034.0476190476184,30.41316526610642,0
3749,4,0,0,39,0.0,0.0,1.0,39,850,600,250,0.7058823529411765,11,6,5,381.86917811080355,0.8101664417453891,0.170362578996323,0.22245953634644475,131120.59709630036,2214.182929312389,133334.78002561277,3395,19,460.02564102564105,35,4,18,34.17488322597656,0.6336309523809525,43.95254629629628,1024.1898148148132,29.26256613756609,5
3750,4,1,1,39,0.025,0.025,0.975,40,750,400,350,0.5333333333333333,11,4,7,372.4634807323687,0.818482905982906,0.16239837398374024,0.21815718157181554,131328.12499999974,1782.9861111110824,133111.11111111083,3396,0,449.5,36,4,18,34.205623306233065,0.6336805555555557,43.749999999999986,1024.999999999998,28.472222222222165,0
3751,4,0,0,39,0.0,0.0,1.0,39,1000,600,400,0.6,14,6,8,379.9492007775025,0.810391363022942,0.16521127127701174,0.22202576069196198,131239.1643759643,2172.843123070964,133412.00749903524,3397,21,462.02564102564105,35,4,18,34.10390545577769,0.6348214285714286,43.83680555555554,1024.652777777776,29.2757936507936,0
3752,4,0,0,39,0.0,0.0,1.0,39,850,500,350,0.5882352941176471,12,5,7,381.4299678304213,0.8100539811066128,0.16288161804312762,0.22306346995842424,131268.8145683296,2213.9719435870697,133482.78651191667,3398,22,463.02564102564105,35,4,18,34.03593479406671,0.6351190476190478,43.80787037037035,1024.768518518516,29.279100529100457,0
3753,4,0,0,39,0.0,0.0,1.0,39,750,700,50,0.9333333333333333,8,7,1,383.4986845612357,0.8080859199280253,0.1625658974648485,0.2247946955101824,131357.78523930433,2275.107569230071,133632.8928085344,3399,23,464.02564102564105,35,4,18,33.89280136238757,0.6360119047619048,43.721064814814795,1025.1157407407377,29.289021164021076,0
3754,4,0,0,39,0.0,0.0,1.0,39,1300,1100,200,0.8461538461538461,15,11,4,385.80986399930737,0.8075798470535313,0.17079354054523366,0.22667608720383675,131446.78605109715,2342.6933299039492,133789.4793810011,3400,24,465.02564102564105,35,4,19,33.743416102332574,0.636904761904762,43.634259259259245,1025.462962962961,29.298941798941744,0
3755,4,0,0,39,0.0,0.0,1.0,39,400,100,300,0.25,7,1,6,388.7545777997888,0.8058929374718848,0.16877256317689526,0.22911705968200316,131565.50068587097,2429.338134430714,133994.8388203017,3401,25,466.02564102564105,35,4,16,33.547683513838734,0.6380952380952382,43.51851851851851,1025.9259259259252,29.312169312169292,0
3756,4,0,0,39,0.0,0.0,1.0,39,1050,700,350,0.6666666666666666,14,7,7,386.54119288365393,0.8048807917228971,0.16557635912474633,0.22816739121880644,131624.8780971363,2375.687478566509,134000.5655757028,3402,26,467.02564102564105,35,4,16,33.54434543950672,0.6386904761904763,43.46064814814814,1026.157407407406,29.31878306878303,0
3757,4,0,0,39,0.0,0.0,1.0,39,750,300,450,0.4,12,3,9,386.29025800457333,0.8041497975708503,0.16397537073974533,0.22873128094129258,131743.6731074244,2378.259495027415,134121.93260245182,3403,27,468.02564102564105,35,4,18,33.43057121382938,0.6398809523809526,43.3449074074074,1026.620370370369,29.332010582010543,0
3758,4,0,0,39,0.0,0.0,1.0,39,800,600,200,0.75,10,6,4,387.2610439546595,0.803812415654521,0.16452798779219036,0.22966443729717473,131803.09070644696,2408.4405006858447,134211.53120713282,3404,28,469.02564102564105,35,4,18,33.345544033663955,0.6404761904761906,43.287037037037024,1026.85185185185,29.33862433862428,0
3759,4,0,0,39,0.0,0.0,1.0,39,750,400,350,0.5333333333333333,11,4,7,384.48111185283574,0.8022379667116509,0.16084861510729076,0.22873018423631147,131921.96609224955,2344.300840192032,134266.2669324416,3405,29,470.02564102564105,35,4,18,33.29671774072404,0.6416666666666667,43.17129629629629,1027.314814814814,29.35185185185183,0
3760,4,0,0,39,0.0,0.0,1.0,39,750,500,250,0.6666666666666666,10,5,5,387.6406065328204,0.8018443544759335,0.16368898053962266,0.23097136273814614,131981.42387902946,2432.271840706444,134413.6957197359,3406,30,471.02564102564105,35,4,19,33.15545918750469,0.6422619047619048,43.113425925925924,1027.546296296296,29.358465608465604,0
3761,4,1,0,40,0.025,0.0,1.0,40,800,400,400,0.5,12,4,8,377.5371138139067,0.8086004273504274,0.16104969352013998,0.2269196757765693,132311.0948786625,1990.4697772096476,134301.56465587215,3407,0,460.225,36,4,20,33.08226612667834,0.6435185185185186,42.792792792792795,1028.8288288288293,28.57857857857859,0
3762,4,0,0,40,0.0,0.0,1.0,40,600,400,200,0.6666666666666666,8,4,4,375.8461866282026,0.8070779914529914,0.16123481781376547,0.22642440999308763,132398.00347222204,1952.285478045589,134350.28895026763,3408,1,461.225,35,5,20,33.03812415654521,0.6464285714285715,42.70833333333332,1029.1666666666652,29.404761904761862,0
3763,4,1,1,40,0.024390243902439025,0.024390243902439025,0.975609756097561,41,1350,1100,250,0.8148148148148148,16,11,5,368.2023350951056,0.8123475609756098,0.1524616819938691,0.2237085900478233,132716.91243608494,1573.3354131158412,134290.2478492008,3409,0,450.9512195121951,36,5,15,32.91370673952641,0.6475694444444444,42.39864864864866,1030.405405405407,28.622372372372418,0
3764,4,0,0,40,0.0,0.0,1.0,40,650,500,150,0.7692307692307693,8,5,3,377.52606994066394,0.8045673076923077,0.15902247191011232,0.22888160916021186,132636.34366426617,2014.7355109739426,134651.0791752401,3410,3,463.225,35,5,16,32.754681647940075,0.6488095238095237,42.476851851851855,1030.092592592593,29.431216931216944,0
3765,4,0,0,40,0.0,0.0,1.0,40,1100,1000,100,0.9090909090909091,12,10,2,376.9783608474369,0.8036057692307692,0.14826182185780046,0.22909476768769516,132725.7764944489,2006.9491330161347,134732.72562746503,3411,4,464.225,35,5,16,32.67870848777565,0.6497023809523809,42.390046296296305,1030.4398148148161,29.441137566137606,0
3766,4,0,0,40,0.0,0.0,1.0,40,950,400,550,0.42105263157894735,15,4,11,375.6937556107256,0.8036858974358975,0.14276330563664974,0.22885968450541191,132815.23946544924,1979.5712234224957,134794.81068887174,3412,5,465.225,35,5,16,32.62173441125833,0.6505952380952381,42.30324074074074,1030.787037037037,29.4510582010582,0
3767,4,0,1,39,0.0,0.025,0.975,40,650,400,250,0.6153846153846154,9,4,5,376.286307969604,0.8038194444444444,0.13989504994948931,0.2297693432283208,132904.73257726763,2002.0462266375127,134906.77880390515,3413,6,466.225,35,5,16,32.516392599244206,0.6514880952380953,42.21643518518518,1031.134259259259,29.460978835978825,0
3768,4,0,0,39,0.0,0.0,1.0,39,800,600,200,0.75,10,6,4,376.7403504606178,0.8058367071524967,0.13801364512265057,0.22169143331885713,131506.13667052437,2108.733603395027,133614.8702739194,3414,7,474.35897435897436,35,4,19,33.91587677725119,0.6375000000000002,43.57638888888887,1025.6944444444418,29.305555555555483,2
3769,4,1,0,40,0.025,0.0,1.0,40,950,800,150,0.8421052631578947,11,8,3,367.5390559105372,0.8129006410256411,0.1391987829614607,0.21830934284806547,131862.52170138847,1692.9253472221742,133555.44704861063,3415,0,463.475,37,3,20,33.79183569979714,0.637105855855856,43.22916666666664,1027.0833333333298,27.759009009008913,0
3770,4,0,0,40,0.0,0.0,1.0,40,850,600,250,0.7058823529411765,11,6,5,366.51386510974794,0.8124732905982905,0.14257549887952226,0.21834719834351168,131975.16453379852,1674.1455303554535,133649.31006415398,3416,1,464.475,37,3,20,33.70449169423399,0.6382319819819822,43.11951754385963,1027.5219298245586,27.770862968231313,0
3771,4,1,1,40,0.024390243902439025,0.024390243902439025,0.975609756097561,41,650,200,450,0.3076923076923077,11,2,9,357.450381304296,0.8197154471544715,0.13421094634754405,0.21440341562719326,132233.1242809005,1253.356139053227,133486.48041995373,3417,0,454.1219512195122,38,3,20,33.677417679443224,0.6389802631578949,42.86858974358973,1028.525641025639,27.06646423751682,0
3772,4,0,0,40,0.0,0.0,1.0,40,950,800,150,0.8421052631578947,11,8,3,363.25888972202114,0.815491452991453,0.09624654916118058,0.22419215094377432,133302.32018505692,1684.650565558631,134986.97075061555,3418,3,466.475,37,3,17,32.45292701918312,0.6514639639639639,41.83114035087719,1032.6754385964912,27.910146989094358,2
3773,4,0,0,40,0.0,0.0,1.0,40,850,500,350,0.5882352941176471,12,5,7,362.8960223557094,0.8151175213675214,0.09532593693598046,0.22413886128317534,133330.6296769197,1677.0310335872432,135007.66071050693,3419,4,467.475,37,3,17,32.433888063134795,0.6517454954954955,41.80372807017543,1032.7850877192973,27.913110478899927,0
3774,4,0,0,40,0.0,0.0,1.0,40,850,600,250,0.7058823529411765,11,6,5,357.4551527633467,0.8145299145299145,0.08660458452722075,0.22145298517350528,133443.89770169664,1540.0417676592738,134983.93946935592,3420,5,468.475,37,3,17,32.46080070041388,0.6528716216216216,41.69407894736842,1033.223684210526,27.924964438122323,0
3775,4,0,0,40,0.0,0.0,1.0,40,1150,1000,150,0.8695652173913043,13,10,3,358.91191804628215,0.8147435897435897,0.08234748010610105,0.22269551202015836,133500.54974848015,1582.9876740920115,135083.53742257215,3421,6,469.475,37,3,17,32.36637931034483,0.6534346846846848,41.639254385964904,1033.4429824561391,27.93089141773349,0
3776,4,0,0,40,0.0,0.0,1.0,40,950,500,450,0.5263157894736842,14,5,9,359.03240624677466,0.8143696581196581,0.08131696191789572,0.2231113047915847,133557.21381819382,1590.2735697522046,135147.48738794602,3422,7,470.475,37,3,17,32.306473427389406,0.6539977477477479,41.58442982456139,1033.6622807017525,27.936818397344663,0
3777,4,0,1,39,0.0,0.025,0.975,40,850,600,250,0.7058823529411765,11,6,5,363.2067058832793,0.8145833333333333,0.07936903499469761,0.22622452024301987,133642.2324657585,1707.9510041551036,135350.1834699136,3423,8,471.475,37,3,17,32.113379285966765,0.6548423423423424,41.50219298245613,1033.991228070174,27.945708866761457,0
3778,4,0,0,39,0.0,0.0,1.0,39,900,800,100,0.8888888888888888,10,8,2,370.4351969972687,0.810391363022942,0.10083292147976897,0.23093729898342957,133675.94103816646,2103.6547104536876,135779.59574862017,3424,9,484.15384615384613,36,3,20,31.892718428981087,0.6571180555555556,41.46959459459459,1034.121621621621,28.725600600600583,0
3779,4,0,0,39,0.0,0.0,1.0,39,800,600,200,0.75,10,6,4,368.2278813647273,0.8088169140800721,0.10368050729430989,0.2302865586179541,133792.42153893743,2053.2199851878754,135845.6415241253,3425,10,485.15384615384613,36,3,18,31.833024926526623,0.658275462962963,41.356981981981974,1034.5720720720708,28.738113113113076,0
3780,4,0,0,39,0.0,0.0,1.0,39,1100,800,300,0.7272727272727273,14,8,6,354.6795289993762,0.8081421502474134,0.042860266783293355,0.21482774650518513,132600.90115453294,1608.3082237643048,134209.20937829724,3426,11,486.15384615384613,36,3,19,33.37866280341131,0.6464120370370371,42.51126126126126,1029.9549549549552,28.609859859859867,4
3781,4,0,0,39,0.0,0.0,1.0,39,1050,700,350,0.6666666666666666,14,7,7,353.81289378601946,0.8073549257759784,0.044926439680538666,0.21496600120465326,132716.91243608476,1591.3909686713828,134308.30340475615,3427,12,487.15384615384613,36,3,18,33.28438069216759,0.6475694444444444,42.39864864864865,1030.4054054054056,28.62237237237238,0
3782,4,0,0,39,0.0,0.0,1.0,39,650,400,250,0.6153846153846154,9,4,5,355.94077033106714,0.8068488529014846,0.04678814774968609,0.2165937453503942,132774.9370992616,1652.002678354043,134426.93977761563,3428,13,488.15384615384613,36,3,18,33.17125582750582,0.6481481481481481,42.34234234234235,1030.630630630632,28.628628628628665,0
3783,4,0,1,38,0.0,0.02564102564102564,0.9743589743589743,39,1350,1000,350,0.7407407407407407,17,10,7,354.9282995595006,0.8069050832208727,0.05578371841064311,0.2171535267645603,132978.12328798397,1639.5398354435588,134617.6631234275,3429,14,489.15384615384613,36,3,18,32.99327619463553,0.6501736111111112,42.145270270270274,1031.4189189189192,28.650525525525534,0
3784,4,0,0,38,0.0,0.0,1.0,38,1100,800,300,0.7272727272727273,14,8,6,354.2814782326805,0.8029279279279279,0.046627212135141205,0.21692635966653437,133007.16256797337,1824.3948340232137,134831.55740199657,3430,15,490.8421052631579,36,2,18,32.98080422125182,0.650462962962963,42.11711711711712,1031.5315315315315,28.653653653653652,0
3785,4,0,0,38,0.0,0.0,1.0,38,1000,800,200,0.8,12,8,4,356.9707611237368,0.802898293029872,-0.00708391358891447,0.2162155351813047,132600.90115453317,1867.740544598682,134468.64169913187,3431,16,491.8421052631579,36,2,19,33.3196661564254,0.646412037037037,42.511261261261275,1029.954954954957,28.609859859859917,5
3786,4,0,0,38,0.0,0.0,1.0,38,950,800,150,0.8421052631578947,11,8,3,355.2457293166121,0.8021277856804173,-0.013180908107610412,0.21550317850055511,132658.9004545087,1825.3015684603718,134484.20202296905,3432,17,492.8421052631579,36,2,15,33.305777219064275,0.6469907407407407,42.454954954954964,1030.1801801801814,28.61611611611615,0
3787,4,1,0,39,0.02564102564102564,0.0,1.0,39,1400,1100,300,0.7857142857142857,17,11,6,347.2959164968599,0.809098065677013,-0.006326475564601308,0.21320299218212327,133104.23790252785,1445.3116583949031,134549.54956092275,3433,0,481.1794871794872,37,2,17,33.063591364715045,0.6494932432432432,42.02302631578948,1031.9078947368432,27.88940256045522,0
3788,4,0,2,37,0.0,0.05128205128205128,0.9487179487179487,39,850,500,350,0.5882352941176471,12,5,7,366.4049504470797,0.8089856050382367,-0.07463263727764946,0.21632949814067312,131633.3616780045,1862.366861997563,133495.72854000205,3434,1,482.1794871794872,34,5,15,34.05234918793504,0.6409313725490196,43.45238095238095,1026.190476190476,30.182072829131645,8
3789,4,0,0,37,0.0,0.0,1.0,37,750,600,150,0.8,9,6,3,372.51039179925783,0.7927927927927928,-0.03745069213934582,0.21966759388684814,131587.09092184468,2403.5117590041837,133990.60268084885,3435,59,508.7027027027027,32,5,15,33.94248912954303,0.6451822916666667,43.49747474747475,1026.010101010101,32.062815656565654,0
3790,4,0,0,37,0.0,0.0,1.0,37,850,600,250,0.7058823529411765,11,6,5,376.2719250861991,0.7929804804804804,-0.030135683721610462,0.22245196211096058,131684.26890432075,2509.8186728394794,134194.08757716022,3436,60,509.7027027027027,32,5,15,33.74774470004512,0.6461588541666667,43.402777777777764,1026.388888888887,32.07465277777772,0
3791,4,0,0,37,0.0,0.0,1.0,37,900,600,300,0.6666666666666666,12,6,6,376.5288124704853,0.791478978978979,-0.03367160051454743,0.22298294058248463,131749.0741537852,2521.4644870421225,134270.53864082732,3437,61,510.7027027027027,32,5,15,33.67564465215431,0.6468098958333335,43.33964646464646,1026.6414141414132,32.08254419191916,0
3792,4,0,0,37,0.0,0.0,1.0,37,750,500,250,0.6666666666666666,10,5,5,376.7442803415353,0.791041041041041,-0.028432711575463232,0.22349097243017535,131813.89534550044,2532.026228190996,134345.92157369142,3438,62,511.7027027027027,32,5,15,33.60460469691382,0.6474609375,43.27651515151515,1026.893939393939,32.090435606060595,0
3793,4,0,0,37,0.0,0.0,1.0,37,850,400,450,0.47058823529411764,13,4,9,374.94496994433234,0.7894144144144144,-0.024888986349432596,0.2227082773283803,131862.52170138876,2488.2378472222026,134350.75954861095,3439,63,512.7027027027027,33,4,15,33.601673427991884,0.6455176767676769,43.22916666666666,1027.0833333333321,31.123737373737338,0
3794,4,0,0,37,0.0,0.0,1.0,37,700,600,100,0.8571428571428571,8,6,2,374.7682610149427,0.7892892892892893,-0.02131981659540716,0.22278777048420195,131893.99059256038,2485.9362985390026,134379.92689109937,3440,64,513.7027027027027,33,4,16,33.57442535592141,0.6458333333333335,43.198529411764696,1027.2058823529399,31.127450980392116,0
3795,4,0,0,37,0.0,0.0,1.0,37,850,400,450,0.47058823529411764,13,4,9,373.9626234745897,0.7891016016016016,-0.026775642802354005,0.22304769277794476,132019.90370290243,2474.101907919991,134494.00561082244,3441,65,514.7027027027027,33,4,17,33.467982351538275,0.6470959595959598,43.07598039215684,1027.69607843137,31.142305407011214,0
3796,4,0,0,37,0.0,0.0,1.0,37,1150,900,250,0.782608695652174,14,9,5,373.91190016738994,0.7874124124124124,-0.03469794744082477,0.22357426446929649,132114.37795859744,2479.827620386362,134594.2055789838,3442,66,515.7027027027027,33,4,17,33.37393710017086,0.6480429292929295,42.98406862745097,1028.0637254901942,31.153446226975582,0
3797,4,0,0,37,0.0,0.0,1.0,37,850,600,250,0.7058823529411765,11,6,5,373.77169777199424,0.7870995995995996,-0.03407363512225281,0.22404943483589806,132208.8860053824,2483.1879565551535,134692.07396193757,3443,67,516.7027027027027,33,4,17,33.28219335875437,0.6489898989898991,42.89215686274509,1028.4313725490185,31.164587046939957,0
3798,4,1,1,37,0.02631578947368421,0.02631578947368421,0.9736842105263158,38,1500,1200,300,0.8,18,12,6,364.1840263366655,0.7906294452347084,-0.04076999853936403,0.21993459914521518,132489.90929705207,2050.141723355997,134540.05102040808,3444,0,504.07894736842104,34,4,18,33.24564446500153,0.6495098039215687,42.61904761904761,1029.5238095238087,30.280112044817905,0
3799,4,0,2,35,0.0,0.05405405405405406,0.9459459459459459,37,1400,1100,300,0.7857142857142857,17,11,6,370.85061421245234,0.783470970970971,-0.04204776136688981,0.2239767081235664,132492.61289227687,2426.993373942702,134919.60626621958,3445,69,518.7027027027027,33,4,20,33.07133575368012,0.6518308080808082,42.616421568627445,1029.5343137254893,31.198009506833007,0
3800,4,0,0,35,0.0,0.0,1.0,35,900,600,300,0.6666666666666666,12,6,6,378.7034928122301,0.7789915966386554,-0.02429552782840294,0.22834252022228552,132430.49178655236,3030.3779588817447,135460.86974543412,3446,70,533.6857142857143,32,3,20,32.93184699051356,0.6536458333333334,42.676767676767675,1029.292929292929,32.165404040404034,0
3801,4,0,0,35,0.0,0.0,1.0,35,1050,700,350,0.6666666666666666,14,7,7,375.793947783574,0.7793417366946778,-0.021310355697998107,0.22756876258876135,132592.9931416438,2965.5288682277396,135558.52200987152,3447,71,534.6857142857143,32,3,21,32.84295696947407,0.6552734375,42.5189393939394,1029.924242424243,32.18513257575759,0
3802,4,0,0,35,0.0,0.0,1.0,35,750,500,250,0.6666666666666666,10,5,5,379.22794117647084,0.7778711484593837,-0.01855042016806685,0.2302455357142858,132690.5417814508,3063.992194674009,135754.5339761248,3448,72,535.6857142857143,32,3,14,32.65625000000001,0.65625,42.42424242424242,1030.3030303030298,32.19696969696968,0
3803,4,0,0,35,0.0,0.0,1.0,35,900,600,300,0.6666666666666666,12,6,6,378.42732076700054,0.7764005602240895,-0.01279484846363843,0.23055825721953685,132820.6624324049,3052.5934853586414,135873.25591776354,3449,73,536.6857142857143,32,3,14,32.54583129185041,0.6575520833333334,42.2979797979798,1030.808080808081,32.21275252525253,0
3804,4,0,0,35,0.0,0.0,1.0,35,1050,700,350,0.6666666666666666,14,7,7,383.51650958144387,0.7740896358543417,-0.016299559471365743,0.23529256128375078,133081.09504132232,3207.7594123048702,136288.8544536272,3450,74,537.6857142857143,32,3,14,32.15247185511504,0.66015625,42.04545454545455,1031.818181818182,32.24431818181819,0
3805,4,0,0,35,0.0,0.0,1.0,35,550,300,250,0.5454545454545454,8,3,5,384.84437336924503,0.7719187675070027,-0.023003931847968673,0.2367270693975605,133178.8230314509,3250.624139118463,136429.4471705694,3451,75,538.6857142857143,32,3,16,32.01987767584097,0.6611328125,41.95075757575758,1032.19696969697,32.25615530303031,0
3806,4,0,0,35,0.0,0.0,1.0,35,600,400,200,0.6666666666666666,8,4,4,384.84437336924503,0.7719187675070027,-0.023003931847968673,0.2367270693975605,133178.8230314509,3250.624139118463,136429.4471705694,3452,76,539.6857142857143,32,3,16,32.01987767584097,0.6611328125,41.95075757575758,1032.19696969697,32.25615530303031,0
3807,4,0,0,35,0.0,0.0,1.0,35,800,600,200,0.75,10,6,4,382.4538734661443,0.7705882352941176,-0.02394285015632347,0.2360822815909128,133309.1828161668,3196.922667329877,136506.10548349668,3453,77,540.6857142857143,32,3,18,31.950472755430578,0.6624348958333333,41.824494949494955,1032.702020202021,32.271938131313156,0
3808,4,0,0,35,0.0,0.0,1.0,35,900,700,200,0.7777777777777778,11,7,4,386.89420830605246,0.7697478991596638,-0.02510346272722508,0.2392427451361918,133374.3866219009,3320.355544077143,136694.74216597804,3454,78,541.6857142857143,32,3,18,31.77026035936926,0.6630859375,41.76136363636364,1032.954545454546,32.27982954545456,0
3809,4,1,0,36,0.027777777777777776,0.0,1.0,36,950,600,350,0.631578947368421,13,6,7,374.2156283774986,0.7802248677248678,-0.025295914471171965,0.23340766355341552,133693.92368620244,2806.071132497121,136499.99481869958,3455,0,527.6111111111111,33,3,20,31.7769433582178,0.6638257575757576,41.45220588235294,1034.1911764705883,31.339126559714796,0
3810,4,0,1,35,0.0,0.027777777777777776,0.9722222222222222,36,900,600,300,0.6666666666666666,12,6,6,371.694498668296,0.778207671957672,-0.01965892941733749,0.2328329634091315,133852.39451172636,2750.4397347174286,136602.8342464438,3456,1,528.6111111111111,33,3,12,31.683246486657183,0.6654040404040404,41.29901960784314,1034.8039215686283,31.357694592988736,0
3811,4,0,1,34,0.0,0.02857142857142857,0.9714285714285714,35,850,500,350,0.5882352941176471,12,5,7,379.8220547382997,0.7660364145658263,-0.017785217345817728,0.23736705526093757,133765.94424357222,3161.4511593204925,136927.3954028927,3457,81,544.6857142857143,32,3,14,31.55971561088735,0.6669921875,41.382575757575765,1034.469696969698,32.32717803030306,0
3812,4,0,0,34,0.0,0.0,1.0,34,1250,1000,250,0.8,15,10,5,385.2614794680701,0.7649286987522282,-0.02248917188020627,0.24082631427016668,133775.1282585993,3507.6807657877725,137282.80902438707,3458,82,549.6470588235294,31,3,15,31.409822739668538,0.6696908602150538,41.37369791666667,1034.5052083333344,33.371135752688204,0
3813,4,0,0,34,0.0,0.0,1.0,34,450,300,150,0.6666666666666666,6,3,3,386.3436443576755,0.7638517528223411,-0.020737736463483314,0.24216555878192472,133876.1732313369,3544.4417317708444,137420.61496310774,3459,83,550.6470588235294,31,3,15,31.280405972152323,0.6706989247311828,41.27604166666667,1034.8958333333342,33.38373655913981,0
3814,4,0,0,34,0.0,0.0,1.0,34,650,200,450,0.3076923076923077,11,2,9,387.63769741183523,0.7643716577540107,-0.016747544088057564,0.24386827292871172,134010.959201389,3589.539930555575,137600.49913194455,3460,84,551.6470588235294,31,3,16,31.111670020120727,0.672043010752688,41.14583333333334,1035.4166666666677,33.400537634408636,0
3815,4,0,0,34,0.0,0.0,1.0,34,950,800,150,0.8421052631578947,11,8,3,389.19221783742796,0.7644459298871064,-0.020551997515124043,0.2452959509254282,134078.37761773012,3636.452229817719,137714.82984754784,3461,85,552.6470588235294,31,3,17,31.00379264101919,0.6727150537634408,41.08072916666667,1035.6770833333342,33.40893817204304,0
3816,4,0,0,34,0.0,0.0,1.0,34,900,700,200,0.7777777777777778,11,7,4,389.19221783742796,0.7644459298871064,-0.020551997515124043,0.2452959509254282,134078.37761773012,3636.452229817719,137714.82984754784,3462,86,553.6470588235294,31,3,17,31.00379264101919,0.6727150537634408,41.08072916666667,1035.6770833333342,33.40893817204304,0
3817,4,1,0,35,0.02857142857142857,0.0,1.0,35,750,600,150,0.8,9,6,3,384.3782806459968,0.770658263305322,-0.018514202222956522,0.24453127954652015,134419.8156597543,3333.611525609653,137753.42718536395,3463,0,538.8,32,3,19,30.786304233126344,0.6735026041666665,40.75126262626264,1036.994949494951,32.40609217171722,0
3818,4,0,0,35,0.0,0.0,1.0,35,850,400,450,0.47058823529411764,13,4,9,382.7357623264141,0.7681372549019607,-0.023407917383821086,0.24436206363917204,134550.78125,3299.4791666666674,137850.26041666666,3464,1,539.8,32,3,20,30.69779116465862,0.6748046875,40.625,1037.5,32.421875,0
3819,4,0,0,35,0.0,0.0,1.0,35,950,800,150,0.8421052631578947,11,8,3,382.0448612073101,0.7682773109243697,-0.020020855057351072,0.24458012142710972,134649.04729109275,3288.3953168044095,137937.44260789716,3465,2,540.8,32,3,21,30.617396593673977,0.67578125,40.53030303030303,1037.8787878787878,32.43371212121212,0
3820,4,0,0,35,0.0,0.0,1.0,35,1200,800,400,0.6666666666666666,16,8,8,380.7696274735424,0.7663165266106442,-0.01344496942745943,0.244644485651751,134780.12447709413,3264.0355575961585,138044.16003469029,3466,3,541.8,32,3,15,30.519414721141384,0.6770833333333334,40.4040404040404,1038.383838383838,32.44949494949494,0
3821,4,0,0,35,0.0,0.0,1.0,35,900,600,300,0.6666666666666666,12,6,6,382.1226579364677,0.7649159663865546,-0.015565472572887318,0.24618035292430057,134878.47421500346,3308.024213090484,138186.49842809394,3467,4,542.8,32,3,17,30.38597504152991,0.6780598958333335,40.309343434343425,1038.7626262626254,32.461332070707044,0
3822,4,0,0,35,0.0,0.0,1.0,35,850,600,250,0.7058823529411765,11,6,5,381.8540812510396,0.7638655462184873,-0.01655761320443605,0.24690030972327603,135009.66299676037,3310.7981647280635,138320.46116148843,3468,5,543.8,32,3,17,30.261865710930213,0.6793619791666667,40.183080808080796,1039.2676767676753,32.47711489898985,0
3823,4,0,0,35,0.0,0.0,1.0,35,800,600,200,0.75,10,6,4,383.2082083145626,0.7636554621848739,-0.01451478550603924,0.2480007838715,135042.47015610652,3349.8766069788758,138392.3467630854,3469,6,544.8,32,3,17,30.193907920310977,0.6796875,40.15151515151515,1039.3939393939393,32.4810606060606,0
3824,4,0,1,34,0.0,0.02857142857142857,0.9714285714285714,35,900,800,100,0.8888888888888888,10,8,2,383.90898837895537,0.7642156862745098,-0.011327237077267682,0.24867999223634446,135075.28130101511,3371.322919855102,138446.6042208702,3470,7,545.8,32,3,17,30.1429207660229,0.6800130208333335,40.11994949494949,1039.5202020202014,32.485006313131294,0
3825,4,0,0,34,0.0,0.0,1.0,34,1100,900,200,0.8181818181818182,13,9,4,396.78648870882284,0.756387403446227,-0.009558178453734634,0.25593851199738843,134922.53833346887,3907.088046603724,138829.6263800726,3471,95,562.6470588235294,31,3,17,29.961069682917678,0.6811155913978495,40.26692708333333,1038.9322916666658,33.51394489247309,0
3826,4,0,0,34,0.0,0.0,1.0,34,850,400,450,0.47058823529411764,13,4,9,395.4888856344471,0.7546420083184789,-0.0018163597644995644,0.25605740259690124,135057.84988403323,3882.7757093641517,138940.6255933974,3472,96,563.6470588235294,31,3,19,29.859414798112645,0.6824596774193549,40.13671875,1039.4531250000002,33.53074596774194,0
3827,4,0,0,34,0.0,0.0,1.0,34,1100,900,200,0.8181818181818182,13,9,4,397.0273003271241,0.7539364230540702,-0.002545213451692563,0.25753558026905643,135125.53109063036,3929.704962836363,139055.23605346674,3473,97,564.6470588235294,31,3,19,29.751748069296603,0.6831317204301076,40.07161458333333,1039.713541666666,33.53914650537632,0
3828,4,0,0,34,0.0,0.0,1.0,34,1000,600,400,0.6,14,6,8,395.8038058996536,0.7528966131907309,0.0009461539027926236,0.257707954794811,135260.94436645496,3907.359313964831,139168.3036804198,3474,98,565.6470588235294,31,3,19,29.648188133683803,0.684475806451613,39.94140624999999,1040.234374999999,33.55594758064513,0
3829,4,0,0,34,0.0,0.0,1.0,34,900,600,300,0.6666666666666666,12,6,6,395.7130392966177,0.7524881164587047,0.00011043215784445337,0.25789128743719186,135294.80828179242,3907.583957248245,139202.39223904067,3475,99,566.6470588235294,31,3,19,29.616708385481846,0.6848118279569892,39.90885416666666,1040.3645833333323,33.56014784946233,0
3830,4,0,0,34,0.0,0.0,1.0,34,750,700,50,0.9333333333333333,8,7,1,395.8879842894431,0.7519682115270351,0.004069228391882174,0.25897942278312663,135430.30632866747,3923.046196831587,139353.35252549907,3476,100,567.6470588235294,31,3,19,29.476795096322245,0.6861559139784947,39.77864583333333,1040.885416666666,33.57694892473116,0
3831,4,0,0,34,0.0,0.0,1.0,34,450,300,150,0.6666666666666666,6,3,3,394.9523536155272,0.7523395721925135,0.00734190624724107,0.25885565733686494,135498.08078342004,3903.057183159703,139401.13796657973,3477,101,568.6470588235294,31,3,19,29.43346673336668,0.6868279569892474,39.71354166666666,1041.1458333333323,33.585349462365556,0
3832,4,0,0,34,0.0,0.0,1.0,34,950,600,350,0.631578947368421,13,6,7,392.3200000000001,0.7504827688651219,0.012000000000000233,0.2581052631578947,135633.68055555547,3842.3611111111018,139476.04166666657,3478,102,569.6470588235294,31,3,20,29.366666666666667,0.6881720430107527,39.58333333333333,1041.666666666666,33.60215053763439,0
3833,4,1,1,34,0.02857142857142857,0.02857142857142857,0.9714285714285714,35,700,400,300,0.5714285714285714,10,4,6,381.3381342138435,0.761204481792717,0.008989774909600845,0.2525027244750365,135863.9444476329,3362.0206165187224,139225.96506415162,3479,0,554.3428571428572,32,3,14,29.423267126882237,0.6878255208333334,39.36237373737374,1042.550505050505,32.579703282828284,0
3834,4,0,0,34,0.0,0.0,1.0,34,850,500,350,0.5882352941176471,12,5,7,389.40558583613483,0.7508169934640523,0.00027549423666051176,0.2578966522572318,135871.1433410645,3781.7964341905376,139652.93977525504,3480,104,571.6470588235294,31,3,16,29.20582511136088,0.6905241935483871,39.35546875,1042.5781250000005,33.631552419354854,0
3835,4,0,0,34,0.0,0.0,1.0,34,650,300,350,0.46153846153846156,10,3,7,387.88910234757293,0.7508169934640523,-0.001861875977759997,0.2573822552362643,135939.02799818243,3745.8535088433064,139684.88150702574,3481,105,572.6470588235294,31,3,16,29.177721937819953,0.6911962365591398,39.29036458333333,1042.838541666666,33.63995295698923,0
3836,4,0,0,34,0.0,0.0,1.0,34,550,200,350,0.36363636363636365,9,2,7,388.24576978670717,0.7490344622697565,-0.003784291702454201,0.25860460127189405,136074.84817504886,3766.096835666233,139840.94501071508,3482,106,573.6470588235294,31,3,17,29.03315965722368,0.6925403225806452,39.16015625,1043.3593750000002,33.65675403225807,0
3837,4,0,1,33,0.0,0.029411764705882353,0.9705882352941176,34,1300,900,400,0.6923076923076923,17,9,8,389.63841706561027,0.7461007130124777,-0.011270476777097915,0.2617821927722216,136380.6915283204,3827.8313530816135,140208.52288140202,3483,107,574.6470588235294,31,3,19,28.692449929360926,0.6955645161290323,38.86718750000001,1044.5312500000007,33.694556451612925,0
3838,4,0,0,33,0.0,0.0,1.0,33,850,700,150,0.8235294117647058,10,7,3,389.4100350990892,0.7391098484848485,0.00592162905223681,0.26213306389556174,136448.70334201405,4026.898871527799,140475.60221354186,3484,108,588.5454545454545,31,2,19,28.63077434363576,0.6962365591397848,38.80208333333334,1044.791666666668,33.70295698924736,0
3839,4,0,0,33,0.0,0.0,1.0,33,1200,800,400,0.6666666666666666,16,8,8,386.2570156433919,0.7353219696969697,0.0014189214687345686,0.2615214026658044,136652.84050835518,3956.6236707899516,140609.4641791451,3485,109,589.5454545454545,31,2,21,28.510273972602747,0.698252688172043,38.60677083333334,1045.5729166666679,33.72815860215058,0
3840,4,0,0,33,0.0,0.0,1.0,33,700,500,200,0.7142857142857143,9,5,4,387.01963027374256,0.7343750000000001,-0.0008603026907094691,0.2622915317070404,136686.87820434582,3980.10101318361,140666.97921752944,3486,110,590.5454545454545,31,2,21,28.45652782966007,0.6985887096774193,38.57421875000001,1045.703125000001,33.73235887096777,0
3841,4,0,0,33,0.0,0.0,1.0,33,650,500,150,0.7692307692307693,8,5,3,386.0707997978966,0.7324021464646465,0.0031683526829160424,0.2624105588474027,136789.0167236328,3962.0490180121537,140751.06574164497,3487,111,591.5454545454545,31,2,21,28.379906231847986,0.6995967741935484,38.4765625,1046.09375,33.74495967741935,0
3842,4,0,0,33,0.0,0.0,1.0,33,750,500,250,0.6666666666666666,10,5,5,384.71425758888665,0.7331123737373738,0.004298302170642643,0.2622517801731876,136891.19338989258,3932.798767089844,140823.99215698242,3488,112,592.5454545454545,31,2,23,28.313969764837623,0.7006048387096774,38.37890625,1046.484375,33.75756048387097,0
3843,4,0,2,31,0.0,0.06060606060606061,0.9393939393939394,33,550,300,250,0.5454545454545454,8,3,5,387.613786509452,0.7329545454545455,0.007897245041528667,0.25793701474366526,136040.88677300353,3949.354553222662,139990.24132622618,3489,113,593.5454545454545,31,2,20,29.083458146114168,0.6922043010752688,39.192708333333336,1043.229166666667,33.65255376344087,2
3844,4,0,0,31,0.0,0.0,1.0,31,700,600,100,0.8571428571428571,8,6,2,393.50815796550285,0.728225806451613,0.020995389329353298,0.2611830451372401,135948.88363177827,4499.398955081512,140448.28258685977,3490,114,614.483870967742,30,1,20,29.021405249817416,0.6940972222222221,39.280913978494624,1042.8763440860216,34.76254480286739,0
3845,4,0,0,31,0.0,0.0,1.0,31,300,300,0,1.0,3,3,0,393.50815796550285,0.728225806451613,0.020995389329353298,0.2611830451372401,135948.88363177827,4499.398955081512,140448.28258685977,3491,115,615.483870967742,30,1,20,29.021405249817416,0.6940972222222221,39.280913978494624,1042.8763440860216,34.76254480286739,0
3846,4,0,0,31,0.0,0.0,1.0,31,550,400,150,0.7272727272727273,7,4,3,392.01015046911255,0.7280465949820788,0.022657944826325327,0.26095907272223434,136054.03261937806,4466.912359810397,140520.94497918847,3492,116,616.483870967742,30,1,20,28.955702997509235,0.6951388888888888,39.18010752688173,1043.279569892474,34.775985663082466,0
3847,4,0,0,31,0.0,0.0,1.0,31,1250,1100,150,0.88,14,11,3,391.1721784396524,0.7273297491039427,0.01681042362599916,0.2609158757221186,136124.1545265348,4449.596412880095,140573.7509394149,3493,117,617.483870967742,30,1,22,28.907725828610676,0.6958333333333333,39.11290322580645,1043.548387096774,34.78494623655913,0
3848,4,0,0,31,0.0,0.0,1.0,31,900,700,200,0.7777777777777778,11,7,4,395.07281255104806,0.7257168458781362,0.021267227700564106,0.2640391964089019,136194.2944993641,4561.332596253904,140755.627095618,3494,118,618.483870967742,30,1,22,28.736103957421246,0.6965277777777777,39.045698924731184,1043.8172043010754,34.79390681003585,0
3849,4,0,0,31,0.0,0.0,1.0,31,950,700,250,0.7368421052631579,12,7,5,393.034910853707,0.725,0.02473021396036401,0.26345886302178156,136299.53833174353,4514.095379523645,140813.63371126718,3495,119,619.483870967742,30,1,22,28.684515381644996,0.6975694444444445,38.94489247311828,1044.2204301075267,34.80734767025089,0
3850,4,0,0,31,0.0,0.0,1.0,31,800,500,300,0.625,11,5,6,391.4128202117355,0.7233870967741935,0.02815264361708758,0.26289274207998253,136369.72346875368,4475.37161087988,140845.09507963355,3496,120,620.483870967742,30,1,23,28.65702612276413,0.6982638888888888,38.877688172043015,1044.4892473118284,34.81630824372761,0
3851,4,0,0,31,0.0,0.0,1.0,31,850,600,250,0.7058823529411765,11,6,5,392.81382499538455,0.7223118279569892,0.024330516494280863,0.26409593839655104,136404.82281188582,4516.340039310917,140921.16285119674,3497,121,621.483870967742,30,1,23,28.58552067249958,0.6986111111111111,38.84408602150538,1044.623655913979,34.82078853046597,0
3852,4,0,0,31,0.0,0.0,1.0,31,500,100,400,0.2,9,1,8,395.9950786282191,0.7219534050179212,0.02856135255678871,0.2670305061868522,136510.14793979083,4611.46935339347,141121.6172931843,3498,122,622.483870967742,30,1,23,28.397642015005346,0.6996527777777777,38.74327956989248,1045.026881720431,34.83422939068103,0
3853,4,0,0,31,0.0,0.0,1.0,31,650,400,250,0.6153846153846154,9,4,5,395.83574074081105,0.7215949820788531,0.02992280794899771,0.2674556521061068,136580.38727381782,4612.679753439712,141193.06702725752,3499,123,623.483870967742,30,1,23,28.331940336890824,0.7003472222222222,38.67607526881721,1045.2956989247316,34.84318996415772,0
3854,4,0,0,31,0.0,0.0,1.0,31,1300,1100,200,0.8461538461538461,15,11,4,396.5344956643012,0.7216845878136201,0.027903350226859747,0.2681952441110378,136615.51371545842,4634.552766215746,141250.06648167418,3500,124,624.483870967742,30,1,23,28.278745607268366,0.7006944444444445,38.64247311827957,1045.4301075268816,34.84767025089605,0
3855,4,0,0,31,0.0,0.0,1.0,31,1050,800,250,0.7619047619047619,13,8,5,395.9571451147589,0.7190860215053764,0.030514732653419863,0.26888667807567634,136757.23620756177,4630.041612268931,141387.2778198307,3501,125,625.483870967742,29,2,24,28.152940069933173,0.7051005747126438,38.50694444444445,1045.9722222222226,36.068007662835264,0
3856,4,0,0,31,0.0,0.0,1.0,31,800,500,300,0.625,11,5,6,395.05256024031644,0.7181003584229391,0.03440746037318987,0.2691072322649677,136866.21334876536,4613.86959876542,141480.08294753078,3502,126,626.483870967742,29,2,24,28.068312538713396,0.7061781609195403,38.40277777777777,1046.3888888888882,36.08237547892718,0
3857,4,0,0,31,0.0,0.0,1.0,31,900,600,300,0.6666666666666666,12,6,6,395.00165905692734,0.7173835125448028,0.039581077437330636,0.2699118317599328,136975.23389274676,4621.088927469113,141596.32282021586,3503,127,627.483870967742,29,2,19,27.961362832249794,0.7072557471264369,38.2986111111111,1046.8055555555543,36.09674329501912,0
3858,4,0,0,31,0.0,0.0,1.0,31,550,200,350,0.36363636363636365,9,2,7,395.00165905692734,0.7173835125448028,0.039581077437330636,0.2699118317599328,136975.23389274676,4621.088927469113,141596.32282021586,3504,128,628.483870967742,29,2,19,27.961362832249794,0.7072557471264369,38.2986111111111,1046.8055555555543,36.09674329501912,0
3859,4,0,0,31,0.0,0.0,1.0,31,750,400,350,0.5333333333333333,11,4,7,395.6251640569631,0.7159498207885304,0.035949711469771106,0.27146582003217085,137120.66213348758,4649.676890432082,141770.33902391966,3505,129,629.483870967742,29,2,20,27.800661936966804,0.7086925287356323,38.159722222222214,1047.3611111111106,36.11590038314175,0
3860,4,0,0,31,0.0,0.0,1.0,31,650,300,350,0.46153846153846156,10,3,7,396.3864411799889,0.7155913978494624,0.03382349167244092,0.27227199812199215,137157.03124999988,4673.4374999999845,141830.46874999985,3506,130,630.483870967742,29,2,20,27.74463007159904,0.709051724137931,38.12499999999999,1047.499999999999,36.120689655172384,0
3861,4,0,0,31,0.0,0.0,1.0,31,900,700,200,0.7777777777777778,11,7,4,395.02855780551914,0.714247311827957,0.031368658707625174,0.2719065182559156,137229.78395061722,4641.93672839505,141871.72067901227,3507,131,631.483870967742,29,2,20,27.708001944149867,0.7097701149425288,38.05555555555555,1047.7777777777771,36.1302681992337,0
3862,4,0,0,31,0.0,0.0,1.0,31,1000,500,500,0.5,15,5,10,395.66172363329395,0.7112007168458782,0.04082260628750212,0.27348486172015585,137375.34722222216,4670.833333333328,142046.18055555547,3508,132,632.483870967742,29,2,20,27.547032326444096,0.7112068965517242,37.916666666666664,1048.333333333333,36.14942528735631,0
3863,4,0,0,31,0.0,0.0,1.0,31,1100,900,200,0.8181818181818182,13,9,4,401.48317651239824,0.7112007168458782,0.04717165379197463,0.26752909006572956,136089.09131474752,4727.4961339461415,140816.58744869367,3509,133,633.483870967742,30,1,19,28.673676413757573,0.695486111111111,39.146505376344095,1043.4139784946246,34.78046594982082,2
3864,4,0,0,31,0.0,0.0,1.0,31,550,300,250,0.5454545454545454,8,3,5,403.0398823055707,0.7104838709677419,0.04444518288985089,0.269363831840367,136194.29449936422,4778.346485142809,140972.64098450702,3510,134,634.483870967742,30,1,19,28.528199845480287,0.6965277777777776,39.04569892473119,1043.8172043010763,34.79390681003588,0
3865,4,0,0,31,0.0,0.0,1.0,31,900,600,300,0.6666666666666666,12,6,6,402.2695757026221,0.7092293906810035,0.048928952536756665,0.2696490365516543,136299.53833174368,4765.831490634772,141065.36982237844,3511,135,635.483870967742,30,1,19,28.44343973913416,0.6975694444444444,38.94489247311829,1044.2204301075278,34.80734767025093,0
3866,4,1,1,31,0.03125,0.03125,0.96875,32,800,500,300,0.625,11,5,6,392.9619525482433,0.7214801747311829,0.04158881415047344,0.2655470164189647,136584.77783203148,4334.524197048642,140919.30202908014,3512,0,616.59375,31,1,19,28.402673974422857,0.6975806451612903,38.671875000000014,1045.3125000000018,33.719758064516185,0
3867,4,0,0,31,0.0,0.0,1.0,31,650,400,250,0.6153846153846154,9,4,5,402.15622998318935,0.7089605734767025,0.047783269630607084,0.27064591997050524,136439.92667143626,4774.033305873546,141213.9599773098,3513,137,637.483870967742,30,1,19,28.306584759209237,0.6989583333333332,38.81048387096776,1044.758064516131,34.82526881720437,0
3868,4,0,0,31,0.0,0.0,1.0,31,1050,600,450,0.5714285714285714,15,6,9,397.8991679938672,0.707078853046595,0.04545982253918246,0.26965640479026914,136685.78014799414,4677.431639495916,141363.21178749006,3514,138,638.483870967742,30,1,20,28.173200514138827,0.7013888888888887,38.57526881720431,1045.698924731184,34.8566308243728,0
3869,4,0,0,31,0.0,0.0,1.0,31,750,700,50,0.9333333333333333,8,7,1,394.57693375420286,0.7082437275985664,0.020149231821022573,0.24532669341176835,133576.40921277023,4341.233993814307,137917.64320658453,3515,139,639.483870967742,30,1,20,31.368645169678846,0.6704861111111111,41.56586021505376,1033.7365591397847,34.45788530465949,6
3870,4,0,0,31,0.0,0.0,1.0,31,700,500,200,0.7142857142857143,9,5,4,395.25970260028635,0.7058243727598567,0.02390635350545467,0.24644474487897916,133680.63685108107,4367.71375303504,138048.3506041161,3516,140,640.483870967742,30,1,20,31.246209167316525,0.6715277777777777,41.465053763440864,1034.139784946237,34.47132616487456,0
3871,4,0,0,31,0.0,0.0,1.0,31,900,700,200,0.7777777777777778,11,7,4,395.5196398665047,0.7061827956989247,0.02558181444802532,0.24730419724228184,133784.90513715462,4382.911499884386,138167.816637039,3517,141,641.483870967742,30,1,16,31.13469533584514,0.6725694444444444,41.36424731182796,1034.5430107526886,34.48476702508962,0
3872,4,0,0,31,0.0,0.0,1.0,31,800,600,200,0.75,10,6,4,395.42248458154944,0.7049283154121864,0.024879645031403497,0.24771014717602527,133854.43990996078,4385.81104029369,138240.25095025447,3518,142,642.483870967742,30,1,16,31.067346408624502,0.6732638888888889,41.297043010752695,1034.81182795699,34.49372759856634,0
3873,4,0,0,31,0.0,0.0,1.0,31,850,600,250,0.7058823529411765,11,6,5,399.309804237746,0.7039426523297491,0.026592069281762498,0.2510925242484376,133993.56365259003,4500.988734246752,138494.5523868368,3519,143,643.483870967742,30,1,16,30.827004630230633,0.6746527777777778,41.16263440860216,1035.3494623655927,34.51164874551976,0
3874,4,0,0,31,0.0,0.0,1.0,31,700,500,200,0.7142857142857143,9,5,4,400.24562144941336,0.703405017921147,0.025928685649221794,0.25239711611204396,134097.95388195154,4534.4237773152845,138632.37765926681,3520,144,644.483870967742,30,1,16,30.697940998356263,0.6756944444444444,41.06182795698924,1035.752688172042,34.525089605734735,0
3875,4,0,0,31,0.0,0.0,1.0,31,700,400,300,0.5714285714285714,10,4,6,400.7513807444444,0.7022401433691756,0.025707672538999082,0.2529558469612965,134132.75965790838,4550.777727193886,138683.53738510227,3521,145,645.483870967742,30,1,16,30.64989619826132,0.6760416666666667,41.02822580645161,1035.887096774193,34.5295698924731,0
3876,4,0,0,31,0.0,0.0,1.0,31,500,300,200,0.6,7,3,4,399.7548180719453,0.7025089605734767,0.02586167226542746,0.2532875433157576,134272.02792591634,4535.178019135168,138807.2059450515,3522,146,646.483870967742,30,1,16,30.53592270782001,0.6774305555555555,40.89381720430108,1036.424731182796,34.54749103942653,0
3877,4,0,0,31,0.0,0.0,1.0,31,700,500,200,0.7142857142857143,9,5,4,399.7548180719453,0.7025089605734767,0.02586167226542746,0.2532875433157576,134272.02792591634,4535.178019135168,138807.2059450515,3523,147,647.483870967742,30,1,16,30.53592270782001,0.6774305555555555,40.89381720430108,1036.424731182796,34.54749103942653,0
3878,4,0,0,31,0.0,0.0,1.0,31,1050,700,350,0.6666666666666666,14,7,7,395.5771763297775,0.7025089605734767,0.021781483625852083,0.23316143528379882,131569.3310823506,4209.164896230782,135778.4959785814,3524,148,648.483870967742,30,1,20,33.36881523210621,0.6503472222222222,43.51478494623656,1025.940860215054,34.19802867383513,8
3879,4,0,0,31,0.0,0.0,1.0,31,900,800,100,0.8888888888888888,10,8,2,396.4016649255502,0.7017921146953405,0.019923229269158016,0.23491949715797358,131776.25529324208,4247.2653991791085,136023.52069242118,3525,149,649.483870967742,30,1,20,33.13806344634988,0.6524305555555555,43.31317204301076,1026.7473118279577,34.22491039426526,0
3880,4,0,0,31,0.0,0.0,1.0,31,600,200,400,0.3333333333333333,10,2,8,397.8166910627168,0.7019713261648746,0.017686638356789075,0.23640086727070636,131879.77837033191,4292.7954098739865,136172.57378020592,3526,150,650.483870967742,30,1,20,32.99692488877257,0.6534722222222221,43.212365591397855,1027.1505376344094,34.238351254480314,0
3881,4,0,1,30,0.0,0.03225806451612903,0.967741935483871,31,650,300,350,0.46153846153846156,10,3,7,393.8992239032512,0.7015232974910395,0.022761741632975063,0.234585567986457,131962.8418816461,4196.012200249575,136158.85408189567,3527,151,651.483870967742,31,0,20,33.013480547459125,0.6515456989247311,43.13151041666667,1027.473958333334,33.14432123655916,0
3882,4,0,0,30,0.0,0.0,1.0,30,650,500,150,0.7692307692307693,8,5,3,396.55462921935145,0.7004310344827587,0.032566147944727675,0.2367254683560017,132052.40716050993,4473.198671811776,136525.60583232171,3528,152,663.3,30,0,20,32.8546597794342,0.6552083333333334,43.04435483870968,1027.8225806451617,34.260752688172055,0
3883,4,0,0,30,0.0,0.0,1.0,30,700,400,300,0.5714285714285714,10,4,6,393.60881406717783,0.7005268199233716,0.03309800845426425,0.2353959201563599,132121.49029150768,4400.836621285697,136522.3269127934,3529,153,664.3,30,0,20,32.860504641129566,0.6559027777777777,42.97715053763441,1028.0913978494623,34.26971326164874,0
3884,4,1,1,30,0.03225806451612903,0.03225806451612903,0.967741935483871,31,500,400,100,0.8,6,4,2,382.55661694193515,0.7163978494623656,0.027161249515414987,0.2306720104443932,132431.5071105956,3932.5098673502457,136364.01697794584,3530,0,643.8387096774194,31,0,20,32.83167299177736,0.65625,42.67578124999999,1029.296874999999,33.20312499999997,0
3885,4,0,0,30,0.0,0.0,1.0,30,700,400,300,0.5714285714285714,10,4,6,392.07119913684596,0.6997605363984675,0.031452209884607285,0.23576630238747473,132328.84807853494,4376.4660293097295,136705.31410784466,3531,155,666.3,30,0,20,32.69050729370781,0.6579861111111112,42.77553763440859,1028.8978494623643,34.29659498207881,0
3886,4,0,0,30,0.0,0.0,1.0,30,1300,900,400,0.6923076923076923,17,9,8,389.73816030646026,0.7000478927203065,0.02738825782304044,0.2352249463977289,132467.17693158166,4325.5027676610025,136792.67969924267,3532,156,667.3,30,0,22,32.61087174130653,0.659375,42.641129032258064,1029.4354838709676,34.31451612903225,0
3887,4,0,0,30,0.0,0.0,1.0,30,600,400,200,0.6666666666666666,8,4,4,389.78348751440114,0.6993295019157089,0.029138381201044172,0.2354685736877219,132501.77043588855,4329.400436466646,136831.1708723552,3533,157,668.3,30,0,22,32.57479329852045,0.6597222222222222,42.60752688172043,1029.5698924731184,34.31899641577061,0
3888,4,0,0,30,0.0,0.0,1.0,30,600,400,200,0.6666666666666666,8,4,4,389.2010228119649,0.7006704980842912,0.03451635351426585,0.23598391129991275,132640.1896172967,4324.739493004962,136964.92911030166,3534,158,669.3,30,0,18,32.45014570285317,0.6611111111111112,42.47311827956989,1030.1075268817199,34.336917562724,0
3889,4,0,0,30,0.0,0.0,1.0,30,800,600,200,0.75,10,6,4,392.04109294185474,0.6996168582375479,0.026682316118935345,0.2385850079903287,132778.68106139437,4410.939848537397,137189.62090993178,3535,159,670.3,30,0,18,32.237328290732044,0.6624999999999999,42.33870967741935,1030.6451612903224,34.354838709677416,0
3890,4,0,0,30,0.0,0.0,1.0,30,450,200,250,0.4444444444444444,7,2,5,392.2500675688309,0.6994252873563218,0.030717079530638625,0.23915405550500268,132847.95388195172,4421.9237773153,137269.87765926702,3536,160,671.3,30,0,18,32.162103433289886,0.6631944444444444,42.27150537634409,1030.913978494624,34.36379928315413,0
3891,4,0,0,30,0.0,0.0,1.0,30,700,400,300,0.5714285714285714,10,4,6,395.5828125075104,0.6975574712643678,0.0364959381380594,0.24185712512909383,132951.89698592326,4518.697067580069,137470.59405350333,3537,161,672.3,30,0,19,31.971414918111115,0.664236111111111,42.170698924731184,1031.3172043010757,34.377240143369185,0
3892,4,0,0,30,0.0,0.0,1.0,30,750,600,150,0.8,9,6,3,398.34428778215903,0.6967911877394636,0.03405410099431205,0.24445156653106584,133090.55102107173,4603.172151404779,137693.72317247652,3538,162,673.3,30,0,19,31.76045330207112,0.6656249999999999,42.03629032258064,1031.8548387096769,34.39516129032256,0
3893,4,1,0,31,0.03225806451612903,0.0,1.0,31,650,500,150,0.7692307692307693,8,5,3,387.02318938228115,0.707168458781362,0.03477947130169179,0.24017928193384647,133506.94670265337,4134.603350098262,137641.55005275164,3539,0,652.5483870967741,30,1,21,31.633664975939656,0.6697916666666668,41.633064516129025,1033.467741935483,34.448924731182764,0
3894,4,0,0,31,0.0,0.0,1.0,31,450,200,250,0.4444444444444444,7,2,5,387.77718555440083,0.706989247311828,0.03479945649438876,0.24132541353434073,133611.14724245577,4162.270927274828,137773.4181697306,3540,1,653.5483870967741,30,1,21,31.509468712081812,0.6708333333333334,41.53225806451613,1033.8709677419354,34.46236559139785,0
3895,4,0,0,31,0.0,0.0,1.0,31,600,300,300,0.5,9,3,6,387.4674995467724,0.7058243727598567,0.03333976202654765,0.241586299960524,133680.636851081,4159.3804197016925,137840.0172707827,3541,2,654.5483870967741,30,1,21,31.447664847066974,0.6715277777777778,41.46505376344086,1034.1397849462362,34.47132616487454,0
3896,4,0,0,31,0.0,0.0,1.0,31,700,400,300,0.5714285714285714,10,4,6,386.66763864003053,0.7041218637992831,0.03034327876682741,0.24222572415700536,133854.4399099607,4151.436040293675,138005.87595025438,3542,3,655.5483870967741,30,1,21,31.293836861930103,0.6732638888888889,41.29704301075269,1034.8118279569894,34.493727598566316,0
3897,4,1,0,32,0.03125,0.0,1.0,32,500,300,200,0.6,7,3,4,388.53673702672495,0.714759744623656,0.03908082335514118,0.22434327203517465,130778.66934815333,3762.463492245699,134541.13284039902,3543,0,636.03125,32,0,19,34.35121178455336,0.6370442708333333,44.286616161616166,1022.853535353536,31.964172979798,7
3898,4,1,1,32,0.030303030303030304,0.030303030303030304,0.9696969696969697,33,750,600,150,0.8,9,6,3,382.0072837552345,0.7279829545454546,0.03773461726783078,0.2221065313691708,131045.64838343425,3412.0784373798497,134457.7268208141,3544,0,617.7272727272727,33,0,19,34.24733193696389,0.6373106060606061,44.025735294117645,1023.8970588235294,31.027183600713013,0
3899,4,0,0,32,0.0,0.0,1.0,32,1150,900,250,0.782608695652174,14,9,5,393.4186888319563,0.7144657258064516,0.04504719891411635,0.2277332181638697,130875.54841342731,3897.777331394766,134773.32574482207,3545,2,638.03125,32,0,19,34.12795121750576,0.6380208333333333,44.1919191919192,1023.2323232323241,31.97601010101013,0
3900,4,0,0,32,0.0,0.0,1.0,32,600,400,200,0.6666666666666666,8,4,4,397.53741469045553,0.7155157930107527,0.04464891451831776,0.23069690915501234,130972.4633487654,4013.2908950617275,134985.75424382713,3546,3,639.03125,32,0,19,33.92412935323383,0.6389973958333334,44.09722222222222,1023.611111111111,31.987847222222218,0
3901,4,2,2,32,0.058823529411764705,0.058823529411764705,0.9411764705882353,34,250,100,150,0.4,4,1,3,380.6314869721309,0.7361111111111112,0.037088066584186175,0.22367445807463415,131453.76778162242,3207.5708728480467,134661.33865447046,3547,0,602.3823529411765,33,1,20,33.86910452517527,0.6414141414141414,43.627450980392155,1025.4901960784312,31.075460487225186,0
3902,4,1,1,32,0.030303030303030304,0.030303030303030304,0.9696969696969697,33,700,500,200,0.7142857142857143,9,5,4,385.61105902773886,0.7361111111111112,0.014804533888503668,0.22662322875711244,131457.57607642072,3538.299025609625,134995.87510203035,3548,0,557.3030303030303,32,1,21,33.73758515964868,0.6438802083333334,43.62373737373737,1025.5050505050501,32.047032828282816,0
3903,4,1,1,32,0.030303030303030304,0.030303030303030304,0.9696969696969697,33,700,400,300,0.5714285714285714,10,4,6,387.6830638584312,0.7357165404040404,0.022949156840370355,0.2286148459298702,131587.09092184468,3602.8173145597398,135189.90823640442,3549,0,558.2727272727273,32,1,19,33.5533062597424,0.6451822916666667,43.49747474747475,1026.010101010101,32.062815656565654,0
3904,4,0,0,32,0.0,0.0,1.0,32,650,500,150,0.7692307692307693,8,5,3,399.4855764605318,0.7215221774193549,0.02518727780599317,0.2348021194181455,131461.62245008687,4103.404405381954,135565.02685546884,3550,3,576.71875,31,1,21,33.37777213475538,0.646505376344086,43.61979166666667,1025.520833333334,33.081317204301094,0
3905,4,0,0,32,0.0,0.0,1.0,32,900,600,300,0.6666666666666666,12,6,6,398.72268907129705,0.7217741935483871,0.023935326224929998,0.23476362813928858,131528.39660644546,4088.6711968316117,135617.06780327708,3551,4,577.71875,31,1,21,33.329631040027074,0.6471774193548386,43.55468750000001,1025.7812500000011,33.08971774193552,0
3906,4,0,0,32,0.0,0.0,1.0,32,350,200,150,0.5714285714285714,5,2,3,398.82042520872835,0.7214801747311829,0.021025034902906414,0.23502663651604874,131561.79004245342,4093.905809190548,135655.69585164398,3552,5,578.71875,31,1,19,33.293274315691505,0.647513440860215,43.52213541666667,1025.911458333334,33.09391801075271,0
3907,4,0,0,32,0.0,0.0,1.0,32,1150,900,250,0.782608695652174,14,9,5,392.55184433763117,0.7207661290322581,0.031457564575645636,0.23227412623471222,131716.669536272,3941.1243112947877,135657.7938475668,3553,6,579.71875,32,0,19,33.2972017220172,0.646484375,43.37121212121213,1026.515151515153,32.078598484848534,0
3908,4,0,0,32,0.0,0.0,1.0,32,750,600,150,0.8,9,6,3,388.8278234511764,0.7198420698924731,0.030435317265125272,0.2304626720338897,131781.48275686157,3848.0614223038497,135629.54417916542,3554,7,580.71875,32,0,19,33.32718478439088,0.6471354166666666,43.30808080808081,1026.7676767676771,32.08648989898991,0
3909,4,0,0,32,0.0,0.0,1.0,32,450,100,350,0.2222222222222222,8,1,7,387.6102946028725,0.7203881048387097,0.027768812246403485,0.2299368727939581,131813.89534550064,3818.4845615243585,135632.379907025,3555,8,581.71875,32,0,19,33.32564859215542,0.6474609375,43.27651515151516,1026.8939393939409,32.09043560606065,0
3910,4,0,0,32,0.0,0.0,1.0,32,700,500,200,0.7142857142857143,9,5,4,387.18989566745836,0.7199260752688172,0.02230825958702054,0.23027609584433065,131911.15702479347,3814.933425160709,135726.09044995418,3556,9,582.71875,32,0,19,33.23807767944936,0.6484375,43.18181818181819,1027.272727272728,32.10227272727275,0
3911,4,1,1,32,0.030303030303030304,0.030303030303030304,0.9696969696969697,33,550,200,350,0.36363636363636365,9,2,7,377.71117074593724,0.7339015151515152,0.01792471906866555,0.22641086749285033,132208.88600538252,3387.354623221835,135596.24062860434,3557,0,566.030303030303,33,0,19,33.18090641881157,0.648989898989899,42.8921568627451,1028.4313725490194,31.16458704693998,0
3912,4,0,0,32,0.0,0.0,1.0,32,750,500,250,0.6666666666666666,10,5,5,390.01259100480553,0.716775873655914,0.02216244013262947,0.23334845911477825,132138.240437838,3907.1155047954344,136045.3559426334,3558,11,584.71875,32,0,19,32.93600843260059,0.6507161458333333,42.96085858585859,1028.1565656565658,32.12989267676768,0
3913,4,1,1,32,0.030303030303030304,0.030303030303030304,0.9696969696969697,33,1050,900,150,0.8571428571428571,12,9,3,378.7582642415116,0.7307449494949495,0.0004913223797347044,0.2262837835083902,132082.8827854671,3405.496683967707,135488.37946943482,3559,0,567.969696969697,33,0,18,33.28117548879353,0.6477272727272727,43.01470588235294,1027.941176470588,31.14973262032085,1
3914,4,0,0,32,0.0,0.0,1.0,32,1050,800,250,0.7619047619047619,13,8,5,385.06208911614345,0.7156418010752689,2.220446049250313e-16,0.2297951176983436,132040.89506172837,3768.7885802469177,135809.68364197528,3560,13,586.71875,32,0,18,33.161599099099114,0.6497395833333334,43.05555555555556,1027.7777777777776,32.11805555555555,0
3915,4,0,0,32,0.0,0.0,1.0,32,850,700,150,0.8235294117647058,10,7,3,385.70658201316644,0.7177839381720431,-0.000886279926334943,0.2311685143853744,132203.15728305772,3798.3255853994356,136001.48286845715,3561,14,587.71875,32,0,19,32.98112338858197,0.6513671875,42.897727272727266,1028.4090909090899,32.13778409090906,0
3916,4,0,0,32,0.0,0.0,1.0,32,850,500,350,0.5882352941176471,12,5,7,391.08742269415495,0.7179519489247312,-0.004935421524113304,0.2352008418844771,132333.03880024978,3950.757416335047,136283.79621658483,3562,15,588.71875,32,0,19,32.71158015298402,0.6526692708333335,42.771464646464636,1028.91414141414,32.153566919191874,0
3917,4,0,0,32,0.0,0.0,1.0,32,550,300,250,0.5454545454545454,8,3,5,390.68387970943587,0.7181619623655915,-0.006579754601227172,0.2351605332076736,132365.51914345467,3942.614911743685,136308.13405519834,3563,16,589.71875,32,0,20,32.689161554192225,0.6529947916666667,42.73989898989898,1029.0404040404032,32.1575126262626,0
3918,4,0,0,32,0.0,0.0,1.0,32,750,600,150,0.8,9,6,3,389.4391055069271,0.7178259408602151,-0.010361321948133995,0.23482197780566427,132431.5071105957,3914.805519579625,136346.31263017532,3564,17,590.71875,31,1,20,32.65456989247311,0.65625,42.67578125,1029.296875,33.203125,0
3919,4,0,1,31,0.0,0.03125,0.96875,32,750,300,450,0.4,12,3,9,387.8671489964638,0.717699932795699,-0.016265174506828295,0.2344994965033667,132532.04345703125,3880.965169270834,136413.0086263021,3565,18,591.71875,31,1,21,32.593576125442596,0.657258064516129,42.578125,1029.6875,33.215725806451616,0
3920,4,0,0,31,0.0,0.0,1.0,31,600,500,100,0.8333333333333334,7,5,2,398.13797964234766,0.7060035842293907,-0.0104479561185844,0.23985385602843887,132398.0034722223,4342.534722222228,136740.53819444453,3566,23,611.2258064516129,30,1,22,32.46457489878541,0.6586805555555555,42.708333333333336,1029.1666666666672,34.30555555555557,0
3921,4,3,2,32,0.08823529411764706,0.058823529411764705,0.9411764705882353,34,500,300,200,0.6,7,3,4,370.6671649657079,0.7370023767082591,-0.019394790335086842,0.2276723702535539,133124.20590938567,3068.954398548614,136193.16030793427,3567,0,558.2058823529412,33,1,18,32.44059988916597,0.6581439393939394,42.003676470588225,1031.985294117646,31.272281639928664,0
3922,4,0,0,32,0.0,0.0,1.0,32,800,400,400,0.5,12,4,8,388.7429969962751,0.7141297043010754,-0.004670720151611185,0.23650275336091633,132766.7766147191,3922.4309285481877,136689.2075432673,3568,1,594.09375,31,1,18,32.33430722257315,0.6596102150537634,42.35026041666667,1030.5989583333344,33.245127688172076,0
3923,4,0,0,32,0.0,0.0,1.0,32,550,200,350,0.36363636363636365,9,2,7,388.4970826524739,0.7111895161290324,-0.0046210064402067985,0.23720188107362708,132901.00309583885,3926.33039686417,136827.333492703,3569,2,595.09375,31,1,18,32.20537631014018,0.6609543010752688,42.22005208333334,1031.1197916666677,33.26192876344089,0
3924,4,1,0,33,0.030303030303030304,0.0,1.0,33,700,500,200,0.7142857142857143,9,5,4,375.8663195294438,0.7229324494949495,-0.00024455329463624054,0.2318484339937841,133282.33882400984,3419.268430411368,136701.60725442122,3570,0,578.030303030303,33,0,20,32.147519582245444,0.6597222222222223,41.850490196078425,1032.5980392156853,31.290849673202583,0
3925,4,0,0,33,0.0,0.0,1.0,33,950,500,450,0.5263157894736842,14,5,9,375.9352366639505,0.7237215909090909,0.0068442431431749995,0.23268238216425158,133408.9127378894,3430.6222366397674,136839.53497452915,3571,1,579.030303030303,33,0,20,32.018584420719655,0.6609848484848484,41.727941176470594,1033.0882352941187,31.305704099821778,0
3926,4,0,0,33,0.0,0.0,1.0,33,450,400,50,0.8888888888888888,5,4,1,376.57831803013426,0.7227746212121213,0.010509555284789585,0.23327933867098197,133440.56560277307,3450.164750336422,136890.73035310948,3572,2,580.030303030303,33,0,20,31.97018443838216,0.661300505050505,41.69730392156863,1033.2107843137262,31.30941770647655,0
3927,4,0,0,33,0.0,0.0,1.0,33,1100,700,400,0.6363636363636364,15,7,8,377.35477963677334,0.7233270202020202,0.014706724546714733,0.23417239139773818,133505.86149427635,3475.822498009162,136981.6839922855,3573,3,581.030303030303,31,2,20,31.884554407626744,0.6670026881720429,41.63411458333334,1033.4635416666677,33.33753360215057,0
3928,4,0,0,33,0.0,0.0,1.0,33,1100,900,200,0.8181818181818182,13,9,4,379.996066214493,0.7217487373737375,0.013128768796275558,0.2364552324250059,133606.80474175356,3554.012044270853,137160.8167860244,3574,4,582.030303030303,31,2,21,31.71494542401345,0.668010752688172,41.53645833333334,1033.8541666666674,33.35013440860217,0
3929,4,0,0,33,0.0,0.0,1.0,33,800,500,300,0.625,11,5,6,376.8258888099862,0.7223011363636365,0.015058069683620223,0.2355532404874385,133775.12825859926,3481.986321343325,137257.11457994257,3575,5,583.030303030303,31,2,18,31.627989301447435,0.6696908602150538,41.37369791666667,1034.5052083333342,33.3711357526882,0
3930,4,0,0,33,0.0,0.0,1.0,33,750,300,450,0.4,12,3,9,375.08677923784865,0.7212752525252526,0.015258762878972876,0.23461534878434617,133798.59995153573,3437.2171844709924,137235.81713600672,3576,6,584.030303030303,32,1,18,31.649428443576603,0.6673177083333333,41.35101010101011,1034.595959595961,32.33112373737378,0
3931,4,0,0,33,0.0,0.0,1.0,33,1000,700,300,0.7,13,7,6,378.1044067835346,0.7202493686868687,0.015399173486511764,0.23734302655523887,133929.26263901652,3527.8488802163174,137457.11151923283,3577,7,585.030303030303,32,1,18,31.440341140115475,0.6686197916666666,41.22474747474748,1035.1010101010108,32.34690656565659,0
3932,4,0,1,32,0.0,0.030303030303030304,0.9696969696969697,33,600,400,200,0.6666666666666666,8,4,4,378.8325769695077,0.7197758838383839,0.011531339742096636,0.2380113638753255,133961.93827479356,3549.829258494051,137511.7675332876,3578,8,586.030303030303,32,1,18,31.388736431272115,0.6689453125,41.19318181818183,1035.227272727274,32.350852272727316,0
3933,4,0,0,32,0.0,0.0,1.0,32,800,700,100,0.875,9,7,2,387.6404480152698,0.7151377688172044,0.018888399597382977,0.24297841331430325,133876.17323133687,3979.1639539930657,137855.33718532993,3579,9,598.8125,31,1,18,31.246854554604933,0.6706989247311828,41.27604166666667,1034.895833333334,33.383736559139805,0
3934,4,0,0,32,0.0,0.0,1.0,32,500,300,200,0.6,7,3,4,390.2484009228476,0.7150957661290324,0.021571109573531366,0.24483698018435027,133909.86336602116,4051.6220092773638,137961.48537529854,3580,10,599.8125,31,1,18,31.14555814148531,0.671034946236559,41.24348958333334,1035.0260416666677,33.38793682795702,0
3935,4,0,0,32,0.0,0.0,1.0,32,650,400,250,0.6153846153846154,9,4,5,388.54479386722574,0.7147177419354839,0.020893575559466804,0.24488789939935943,134078.3776177301,4019.091118706608,138097.46873643668,3581,11,600.8125,31,1,18,31.02055569524767,0.6727150537634408,41.08072916666667,1035.677083333334,33.40893817204303,0
3936,4,1,1,32,0.030303030303030304,0.030303030303030304,0.9696969696969697,33,1100,600,500,0.5454545454545454,16,6,10,380.43156377707123,0.7238005050505051,0.015715961661907363,0.2422375864236329,134452.55107897165,3629.9988521579558,138082.54993112962,3582,0,583.5757575757576,32,1,19,30.855855855855847,0.673828125,40.719696969696976,1037.1212121212131,32.41003787878791,0
3937,4,0,0,32,0.0,0.0,1.0,32,1000,800,200,0.8,12,8,4,389.4857013920874,0.715809811827957,0.023981097714142585,0.2472954668647367,134348.22082519528,4065.342203776042,138413.56302897132,3583,13,602.8125,31,1,20,30.725634262748073,0.6754032258064516,40.8203125,1036.7187499999998,33.44254032258064,0
3938,4,0,0,32,0.0,0.0,1.0,32,1000,700,300,0.7,13,7,6,387.43458664820935,0.7161878360215055,0.018533481862683887,0.247133014557749,134517.01058281795,4023.3084784613766,138540.31906127933,3584,14,603.8125,31,1,22,30.609728672440486,0.6770833333333333,40.657552083333336,1037.3697916666667,33.46354166666667,0
3939,4,0,0,32,0.0,0.0,1.0,32,1250,900,350,0.72,16,9,7,388.2985832098958,0.7147177419354839,0.016298892630488337,0.2483888451502574,134620.5147452018,4054.5952678622734,138675.11001306408,3585,15,604.8125,30,2,22,30.48369166342874,0.6809027777777777,40.557795698924735,1037.7688172043015,34.59229390681005,0
3940,4,0,0,32,0.0,0.0,1.0,32,900,800,100,0.8888888888888888,10,8,2,390.59025651705105,0.7147177419354839,0.0224289460054381,0.2503343195917996,134690.2663060758,4121.7411333680075,138812.0074394438,3586,16,605.8125,30,2,22,30.354406750399242,0.6815972222222222,40.49059139784946,1038.0376344086017,34.60125448028672,0
3941,4,0,0,32,0.0,0.0,1.0,32,900,600,300,0.6666666666666666,12,6,6,401.1325431916867,0.7150117607526882,0.0246114622702982,0.24525019951472615,132951.89698592326,4281.459742455778,137233.35672837903,3587,17,606.8125,30,2,22,31.828326599765397,0.664236111111111,42.170698924731184,1031.3172043010757,34.377240143369185,4
3942,4,0,0,32,0.0,0.0,1.0,32,950,700,250,0.7368421052631579,12,7,5,400.84780153581477,0.7161038306451614,0.021798472607927,0.24540311311953042,133001.71746148,4262.689208984365,137264.40667046438,3588,18,607.8125,31,1,22,31.78542876378019,0.661962365591398,42.12239583333333,1031.5104166666663,33.27452956989246,0
3943,4,0,0,32,0.0,0.0,1.0,32,1000,600,400,0.6,14,6,8,401.0818576578454,0.7155997983870969,0.019545053003533264,0.2459885944334958,133068.88156467013,4274.302842881942,137343.18440755206,3589,19,608.8125,31,1,22,31.711677603903755,0.6626344086021505,42.057291666666664,1031.7708333333333,33.28293010752688,0
3944,4,0,0,32,0.0,0.0,1.0,32,500,300,200,0.6,7,3,4,400.9475995119884,0.7159778225806452,0.017292770628311915,0.24634966463038918,133136.0626220703,4276.116943359375,137412.1795654297,3590,20,609.8125,31,1,22,31.647426192278576,0.6633064516129032,41.9921875,1032.03125,33.29133064516129,0
3945,4,0,0,32,0.0,0.0,1.0,32,650,400,250,0.6153846153846154,9,4,5,400.0161224027578,0.71669186827957,0.01770005675368913,0.2464434991865941,133236.86599731445,4259.378899468316,137496.24489678277,3591,21,610.8125,31,1,22,31.569896371967875,0.6643145161290323,41.89453125,1032.421875,33.303931451612904,0
3946,4,0,0,32,0.0,0.0,1.0,32,800,600,200,0.75,10,6,4,391.6393624692638,0.7175739247311829,0.014396954763709724,0.2380517599525157,132733.23059082043,3996.711561414945,136729.94215223537,3592,22,611.8125,31,1,18,32.29350939263751,0.659274193548387,42.38281250000001,1030.468750000001,33.24092741935487,4
3947,4,1,0,33,0.030303030303030304,0.0,1.0,33,550,400,150,0.7272727272727273,7,4,3,383.1230177575958,0.7286142676767677,0.011891250324542746,0.23464130847672873,133015.96297571695,3592.2954290378743,136608.25840475483,3593,0,594.2424242424242,32,1,19,32.22817217462259,0.6595052083333333,42.10858585858587,1031.565656565658,32.23642676767681,0
3948,4,0,0,33,0.0,0.0,1.0,33,750,600,150,0.8,9,6,3,383.53479491856683,0.7279040404040404,0.015335046290631649,0.23550938233429378,133113.6670524693,3610.744598765456,136724.41165123475,3594,1,595.2424242424242,32,1,19,32.11922386720502,0.6604817708333333,42.0138888888889,1031.944444444446,32.248263888888935,0
3949,4,0,0,33,0.0,0.0,1.0,33,950,800,150,0.8421052631578947,11,8,3,384.19257638245927,0.7273516414141414,0.008985265499027006,0.23632613332781108,133178.8230314511,3633.26302800738,136812.08605945847,3595,2,596.2424242424242,32,1,19,32.03669724770643,0.6611328124999998,41.95075757575759,1032.1969696969716,32.25615530303036,0
3950,4,0,0,33,0.0,0.0,1.0,33,850,600,250,0.7058823529411765,11,6,5,383.47340277504867,0.7256944444444445,0.004846706240690057,0.23650418460741723,133276.586891644,3621.605257116657,136898.19214876066,3596,3,597.2424242424242,32,1,19,31.956927121545622,0.6621093749999998,41.85606060606062,1032.5757575757598,32.26799242424249,0
3951,4,0,0,33,0.0,0.0,1.0,33,500,200,300,0.4,8,2,6,386.49476547388235,0.7245107323232324,0.0024295756390599887,0.23920576180841993,133406.99450311216,3712.2210106111897,137119.21551372335,3597,4,598.2424242424242,32,1,20,31.747789863928954,0.6634114583333333,41.72979797979799,1033.08080808081,32.28377525252531,0
3952,4,1,1,33,0.029411764705882353,0.029411764705882353,0.9705882352941176,34,250,200,50,0.8,3,2,1,377.36733514228445,0.7368909685086156,-0.0033051627478872803,0.23476923593365154,133598.8862456749,3283.17113610152,136882.05738177642,3598,0,581.6176470588235,33,1,20,31.79083688952111,0.6628787878787877,41.54411764705883,1033.823529411766,31.327985739750485,0
3953,4,0,0,33,0.0,0.0,1.0,33,850,800,50,0.9411764705882353,9,8,1,386.2119458804096,0.7252209595959597,0.004650043501601253,0.23966222721995117,133504.84206012153,3712.2329672992696,137217.0750274208,3599,6,600.2424242424242,32,1,20,31.65673997149257,0.6643880208333333,41.63510101010102,1033.459595959597,32.295612373737406,0
3954,4,0,0,33,0.0,0.0,1.0,33,1250,1100,150,0.88,14,11,3,421.97608222353654,0.7250631313131314,0.004264567187436175,0.24947225981055496,131684.26890432107,4572.719939291923,136256.98884361298,3600,7,601.2424242424242,29,4,18,32.57498872350023,0.6544540229885056,43.402777777777786,1026.3888888888896,35.39272030651343,7
3955,4,0,0,33,0.0,0.0,1.0,33,950,600,350,0.631578947368421,13,6,7,420.85305950379995,0.7244318181818182,0.007543982648839931,0.2490412300074128,131719.90981867287,4486.94540895062,136206.85522762348,3601,8,602.2424242424242,29,4,18,32.567621656970196,0.6548132183908046,43.36805555555556,1026.5277777777778,35.39750957854406,0
3956,4,0,0,33,0.0,0.0,1.0,33,400,400,0,1.0,4,4,0,418.90408943325224,0.7245107323232324,0.012132688989175078,0.24835268108901645,131791.2061149692,4441.575038580252,136232.78115354944,3602,9,603.2424242424242,29,4,18,32.54528495423598,0.6555316091954022,43.298611111111114,1026.8055555555559,35.40708812260537,0
3957,4,0,0,33,0.0,0.0,1.0,33,600,400,200,0.6666666666666666,8,4,4,418.2284230751825,0.7245107323232324,0.009834654865081172,0.24841760551333125,131862.52170138882,4429.730902777771,136292.2526041666,3603,10,604.2424242424242,29,4,18,32.49028059499663,0.65625,43.229166666666664,1027.0833333333328,35.41666666666665,0
3958,4,0,0,33,0.0,0.0,1.0,33,700,500,200,0.7142857142857143,9,5,4,420.6708726246421,0.7244318181818182,0.008440270744218825,0.250103036489699,131898.18672839517,4497.1450617284045,136395.33179012357,3604,11,605.2424242424242,29,4,18,32.391382729403276,0.6566091954022988,43.19444444444445,1027.222222222223,35.42145593869735,0
3959,4,0,0,33,0.0,0.0,1.0,33,1250,900,350,0.72,16,9,7,423.739956172389,0.7234059343434344,0.010237510237510516,0.2528770706190061,132040.89506172828,4590.200617283939,136631.0956790122,3605,12,606.2424242424242,29,4,18,32.167792792792795,0.6580459770114943,43.05555555555555,1027.777777777777,35.440613026819896,0
3960,4,0,0,33,0.0,0.0,1.0,33,800,600,200,0.75,10,6,4,423.9478250737089,0.7223011363636365,0.0058125493759697555,0.25371752215203464,132147.9769483025,4604.769483024699,136752.7464313272,3606,13,607.2424242424242,29,4,18,32.05386892701158,0.6591235632183907,42.95138888888889,1028.1944444444448,35.45498084291189,0
3961,4,0,0,33,0.0,0.0,1.0,33,950,600,350,0.631578947368421,13,6,7,422.0600256866061,0.7213541666666667,0.01211302764307498,0.2530651409076371,132219.38898533958,4560.90374228396,136780.29272762354,3607,14,608.2424242424242,29,4,18,32.03001913121765,0.6598419540229885,42.88194444444445,1028.4722222222229,35.4645593869732,0
3962,4,1,1,33,0.029411764705882353,0.029411764705882353,0.9705882352941176,34,900,700,200,0.7777777777777778,11,7,4,409.4887819744504,0.7356654783125371,0.006193970281223038,0.24828497033640753,132640.18961729697,4062.9339374494366,136703.12355474642,3608,0,591.3235294117648,30,4,17,31.92768136743215,0.6611111111111111,42.4731182795699,1030.107526881722,34.33691756272406,0
3963,4,0,0,33,0.0,0.0,1.0,33,750,500,250,0.6666666666666666,10,5,5,422.527565249771,0.7237215909090909,0.012588795971585132,0.25551544606539994,132540.98186728402,4600.443672839518,137141.42554012354,3609,16,610.2424242424242,29,4,18,31.692293858465966,0.6630747126436781,42.56944444444445,1029.7222222222229,35.507662835249064,0
3964,4,0,0,33,0.0,0.0,1.0,33,400,300,100,0.75,5,3,2,421.8234034793713,0.7204861111111112,0.015359853591182748,0.25606268469803395,132684.03742283944,4593.846450617271,137277.8838734567,3610,17,611.2424242424242,29,4,18,31.565673586770927,0.6645114942528736,42.43055555555555,1030.2777777777771,35.526819923371626,0
3965,4,1,0,34,0.029411764705882353,0.0,1.0,34,750,700,50,0.9333333333333333,8,7,1,407.87616617724797,0.7315805109922757,0.014242131567247629,0.24960460121564595,132986.5537200832,4048.409136894431,137034.96285697763,3611,0,594.2352941176471,30,4,19,31.619483537485873,0.6645833333333333,42.137096774193544,1031.4516129032254,34.381720430107514,0
3966,4,0,0,34,0.0,0.0,1.0,34,950,600,350,0.631578947368421,13,6,7,410.3636961665374,0.7322118241235889,0.012764897489940807,0.2513600453374442,133021.21497066144,4117.4154887848445,137138.63045944629,3612,1,595.2352941176471,30,4,19,31.520358306188914,0.6649305555555556,42.10349462365592,1031.5860215053772,34.386200716845906,0
3967,4,0,1,33,0.0,0.029411764705882353,0.9705882352941176,34,650,400,250,0.6153846153846154,9,4,5,408.27225944118777,0.732843137254902,0.012475860589155063,0.2503113309481277,133055.88073765754,4064.605012140133,137120.48574979766,3613,2,596.2352941176471,30,4,19,31.539321695327423,0.6652777777777779,42.06989247311828,1031.720430107527,34.39068100358423,0
3968,4,0,0,33,0.0,0.0,1.0,33,700,500,200,0.7142857142857143,9,5,4,414.1202638584698,0.7333491161616162,0.013105336385261124,0.2535590436666822,133006.194540895,4416.112075617273,137422.30661651227,3614,3,601.6060606060606,29,4,19,31.438641667788705,0.6677442528735632,42.11805555555555,1031.5277777777771,35.56992337164749,0
3969,4,0,0,33,0.0,0.0,1.0,33,550,400,150,0.7272727272727273,7,4,3,414.1202638584698,0.7333491161616162,0.013105336385261124,0.2535590436666822,133006.194540895,4416.112075617273,137422.30661651227,3615,4,602.6060606060606,29,4,19,31.438641667788705,0.6677442528735632,42.11805555555555,1031.5277777777771,35.56992337164749,0
3970,4,0,0,33,0.0,0.0,1.0,33,550,300,250,0.5454545454545454,8,3,5,415.2040526045188,0.7351641414141414,0.014147941450041612,0.25446664214078923,133042.01388888893,4447.9166666666715,137489.93055555562,3616,5,603.6060606060606,29,4,19,31.37452880990846,0.6681034482758621,42.083333333333336,1031.666666666667,35.57471264367817,0
3971,4,0,0,33,0.0,0.0,1.0,33,650,300,350,0.46153846153846156,10,3,7,414.9714257324071,0.7343750000000001,0.017882418205476647,0.2545683502696987,133077.8380594135,4444.700038580238,137522.53809799373,3617,6,604.6060606060606,29,4,19,31.344365549423433,0.668462643678161,42.04861111111111,1031.805555555555,35.57950191570879,0
3972,4,0,0,33,0.0,0.0,1.0,33,600,300,300,0.5,9,3,6,415.79711276780506,0.7335069444444445,0.017263018304956468,0.2553992185464965,133125.2258209041,4470.616906578788,137595.8427274829,3618,7,605.6060606060606,30,3,19,31.27523443605105,0.6659722222222222,42.00268817204301,1031.9892473118275,34.39964157706092,0
3973,4,0,0,33,0.0,0.0,1.0,33,600,300,300,0.5,9,3,6,415.3030164766113,0.7328756313131314,0.02010994171431757,0.25533321565443523,133159.90513715448,4460.342055439922,137620.2471925944,3619,8,606.6060606060606,30,3,20,31.2529843295568,0.6663194444444445,41.96908602150537,1032.1236559139775,34.40412186379925,0
3974,4,0,1,32,0.0,0.030303030303030304,0.9696969696969697,33,750,400,350,0.5333333333333333,11,4,7,412.9799095257191,0.7313762626262627,0.018952708967030052,0.2543784029724979,133229.27731890968,4404.202978668048,137633.4802975777,3620,9,607.6060606060606,30,3,20,31.242947966844593,0.6670138888888889,41.901881720430104,1032.3924731182792,34.413082437275975,0
3975,4,0,0,32,0.0,0.0,1.0,32,450,200,250,0.4444444444444444,7,2,5,424.18336053502503,0.7192120295698925,0.028305854643337902,0.26046961725415163,133113.66705246907,4892.9205246913525,138006.58757716042,3621,10,626.03125,29,3,20,31.070547330641535,0.6688218390804599,42.013888888888886,1031.9444444444441,35.58429118773945,0
3976,4,0,0,32,0.0,0.0,1.0,32,700,400,300,0.5714285714285714,10,4,6,419.79410886497095,0.7173639112903226,0.024649367684649537,0.25851943754708573,133221.18296682087,4785.093557098749,138006.2765239196,3622,11,627.03125,29,3,20,31.075244405578733,0.6698994252873565,41.909722222222214,1032.3611111111102,35.598659003831386,0
3977,4,0,0,32,0.0,0.0,1.0,32,800,600,200,0.75,10,6,4,419.79410886497095,0.7169018817204301,0.024649367684649537,0.25851943754708573,133221.18296682087,4785.093557098749,138006.2765239196,3623,12,628.03125,29,3,20,31.075244405578733,0.6698994252873565,41.909722222222214,1032.3611111111102,35.598659003831386,0
3978,4,0,0,32,0.0,0.0,1.0,32,650,300,350,0.46153846153846156,10,3,7,417.9011192722042,0.716733870967742,0.025743947545393553,0.2578501926795713,133292.88435570968,4740.649112654294,138033.53346836398,3624,13,629.03125,29,3,20,31.051754091010988,0.670617816091954,41.840277777777764,1032.6388888888873,35.608237547892664,0
3979,4,1,1,32,0.030303030303030304,0.030303030303030304,0.9696969696969697,33,900,800,100,0.8888888888888888,10,8,2,406.24457818489907,0.7280618686868687,0.01961618788666919,0.25234416851711405,133541.67569950267,4250.116342929794,137791.79204243247,3625,0,610.939393939394,30,3,20,31.102080624187256,0.670138888888889,41.599462365591386,1033.602150537633,34.4534050179211,0
3980,4,0,0,32,0.0,0.0,1.0,32,950,600,350,0.631578947368421,13,6,7,417.9095002870738,0.7180359543010754,0.027132629739177405,0.25860323320592765,133400.47260802452,4749.8649691357805,138150.3375771603,3626,15,631.03125,29,3,20,30.943017836335944,0.6716954022988506,41.7361111111111,1033.055555555554,35.622605363984626,0
3981,4,0,0,32,0.0,0.0,1.0,32,1000,700,300,0.7,13,7,6,413.47534287590935,0.7184979838709677,0.032887444578798775,0.2571008335025391,133579.8828125,4646.397569444445,138226.28038194444,3627,16,632.03125,29,3,20,30.876746607550725,0.6734913793103449,41.5625,1033.75,35.64655172413793,0
3982,4,0,0,32,0.0,0.0,1.0,32,950,800,150,0.8421052631578947,11,8,3,413.86784201610163,0.7185399865591399,0.036286261079774285,0.25809547333767957,133687.5868055556,4665.798611111117,138353.38541666672,3628,17,633.03125,29,3,20,30.758125167875363,0.6745689655172413,41.458333333333336,1034.166666666667,35.6609195402299,0
3983,4,0,0,32,0.0,0.0,1.0,32,750,500,250,0.6666666666666666,10,5,5,415.9119411233315,0.718665994623656,0.037627551020408045,0.25987517931934345,133759.41358024697,4726.427469135811,138485.84104938278,3629,18,634.03125,29,3,19,30.632943967060502,0.675287356321839,41.38888888888889,1034.444444444445,35.67049808429121,0
3984,4,1,1,32,0.030303030303030304,0.030303030303030304,0.9696969696969697,33,1150,900,250,0.782608695652174,14,9,5,408.5619889692216,0.7309816919191919,0.01569434127573688,0.2577407313441837,134112.0931837293,4358.620707194002,138470.7138909233,3630,0,615.7878787878788,31,2,19,30.468389901529434,0.6730510752688172,41.04817708333333,1035.807291666666,33.413138440860195,0
3985,4,0,0,32,0.0,0.0,1.0,32,1100,800,300,0.7272727272727273,14,8,6,415.39256487978366,0.7193380376344086,0.017499026479750768,0.2614529673066873,134028.35587929236,4734.8765030639315,138763.23238235628,3631,20,636.03125,30,2,19,30.375724731741084,0.675,41.12903225806451,1035.4838709677415,34.51612903225805,0
3986,4,0,0,32,0.0,0.0,1.0,32,950,700,250,0.7368421052631579,12,7,5,414.16320475636974,0.7175739247311829,0.020592719958473893,0.26117362159186436,134097.95388195154,4707.687666204172,138805.64154815572,3632,21,637.03125,30,2,19,30.337561640280303,0.6756944444444444,41.06182795698924,1035.752688172042,34.525089605734735,0
3987,4,0,2,30,0.0,0.0625,0.9375,32,1000,900,100,0.9,11,9,2,418.06792503438277,0.7164398521505377,0.02318208354955864,0.26413668575123145,134167.56995028336,4818.231515204081,138985.80146548743,3633,22,638.03125,30,2,19,30.166439629821816,0.6763888888888889,40.99462365591398,1036.0215053763447,34.53405017921149,0
3988,4,0,0,30,0.0,0.0,1.0,30,600,400,200,0.6666666666666666,8,4,4,425.4298730978761,0.7125478927203065,0.0371949584338962,0.2684311331272384,134118.8368055555,5411.631944444439,139530.46874999994,3634,23,658.1,29,1,19,30.024805577902924,0.6788793103448276,41.041666666666664,1035.833333333333,35.71839080459769,0
3989,4,0,0,30,0.0,0.0,1.0,30,800,700,100,0.875,9,7,2,422.0757751324176,0.7091475095785441,0.03394987267122351,0.26709986075173603,134226.7578125,5330.772569444444,139557.53038194444,3635,24,659.1,29,1,19,30.003099450475805,0.6799568965517242,40.9375,1036.25,35.73275862068966,0
3990,4,0,1,29,0.0,0.03333333333333333,0.9666666666666667,30,1000,700,300,0.7,13,7,6,422.8269972394828,0.7086206896551724,0.0419614147909968,0.268365706411182,134334.72222222225,5360.069444444449,139694.7916666667,3636,25,660.1,29,1,20,29.875066988210072,0.6810344827586207,40.833333333333336,1036.6666666666667,35.74712643678161,0
3991,4,0,1,28,0.0,0.034482758620689655,0.9655172413793104,29,750,500,250,0.6666666666666666,10,5,5,436.458933758499,0.7022783251231527,0.05313203650496878,0.27639844505707245,134252.81421340344,5919.168029131994,140171.98224253545,3637,26,681.4827586206897,28,1,20,29.604244650861858,0.6834077380952381,40.912356321839084,1036.3505747126444,37.012520525451585,0
3992,4,0,0,28,0.0,0.0,1.0,28,1000,900,100,0.9,11,9,2,438.3621979573511,0.6987433862433862,0.07000395726157449,0.2795914372130812,134513.51730743845,6193.1282203726,140706.64552781105,3638,27,691.8571428571429,28,0,20,29.292474607571556,0.6860119047619047,40.6609195402299,1037.356321839082,37.048440065681504,0
3993,4,0,0,28,0.0,0.0,1.0,28,800,600,200,0.75,10,6,4,440.64372677074215,0.6977513227513227,0.07170550302646661,0.2816220349325929,134588.05035341528,6261.076017307442,140849.12637072272,3639,28,692.8571428571429,28,0,20,29.158301024646914,0.6867559523809523,40.589080459770116,1037.6436781609198,37.05870279146142,0
3994,4,0,0,28,0.0,0.0,1.0,28,1050,800,250,0.7619047619047619,13,8,5,444.2911009847257,0.6995701058201058,0.041713647484309835,0.2811889484554604,134230.7557203552,6335.5982672603695,140566.35398761556,3640,29,693.8571428571429,26,2,20,29.42355423181931,0.6903044871794872,40.933641975308646,1036.265432098766,39.85636277302946,4
3995,4,0,0,28,0.0,0.0,1.0,28,500,400,100,0.8,6,4,2,442.6049847226081,0.6993496472663139,0.04102656137832006,0.2805044329929903,134280.7345920138,6286.6644965277565,140567.39908854154,3641,30,694.8571428571429,27,1,21,29.41687604690117,0.6871141975308642,40.88541666666666,1036.4583333333323,38.387345679012306,0
3996,4,0,0,28,0.0,0.0,1.0,28,600,500,100,0.8333333333333334,7,5,2,442.75179661452296,0.6984126984126984,0.04457364341085257,0.2808933529341319,134319.2960778061,6294.021931689341,140613.31800949544,3642,31,695.8571428571429,27,1,21,29.374222413628093,0.6875,40.848214285714285,1036.6071428571427,38.39285714285714,0
3997,4,0,0,28,0.0,0.0,1.0,28,600,300,300,0.5,9,3,6,444.3010593943646,0.6997354497354497,0.05195177956371966,0.28247169542517614,134396.4356575963,6342.4957482993095,140738.93140589562,3643,32,696.8571428571429,27,1,21,29.256362418675845,0.6882716049382716,40.77380952380952,1036.9047619047612,38.40388007054671,0
3998,4,0,0,28,0.0,0.0,1.0,28,750,500,250,0.6666666666666666,10,5,5,437.96040325091593,0.6989087301587301,0.04929728954538959,0.27991731364515454,134589.38148827243,6188.963957979027,140778.34544625145,3644,33,697.8571428571429,27,1,22,29.22657034275061,0.6902006172839505,40.58779761904762,1037.6488095238096,38.43143738977073,0
3999,4,0,0,28,0.0,0.0,1.0,28,1100,900,200,0.8181818181818182,13,9,4,438.41978051555344,0.6987985008818342,0.050845635660025756,0.2814033862609949,134743.8378020478,6214.872758999415,140958.71056104722,3645,34,698.8571428571429,27,1,22,29.05931990827003,0.6917438271604939,40.43898809523809,1038.2440476190468,38.45348324514988,0
4000,4,0,0,28,0.0,0.0,1.0,28,750,600,150,0.8,9,6,3,435.8223659904273,0.6981922398589064,0.04828080229226406,0.28063100688313464,134859.7381660996,6154.978032879797,141014.71619897938,3646,35,699.8571428571429,27,1,20,29.010267430754546,0.6929012345679013,40.32738095238094,1038.6904761904748,38.470017636684254,0
4001,4,0,0,28,0.0,0.0,1.0,28,900,700,200,0.7777777777777778,11,7,4,435.7916994130693,0.6975859788359788,0.048094828821085844,0.2809106051341307,134898.3826929209,6157.519088364507,141055.90178128539,3647,36,700.8571428571429,27,1,20,28.97224012796639,0.693287037037037,40.29017857142857,1038.8392857142853,38.47552910052909,0
4002,4,0,1,27,0.0,0.03571428571428571,0.9642857142857143,28,850,500,350,0.5882352941176471,12,5,7,437.67904718119115,0.6965388007054674,0.0490547121168714,0.2824283833104509,134937.03275581077,6211.822385204096,141148.85514101485,3648,37,701.8571428571429,27,1,20,28.884393201565924,0.6936728395061729,40.2529761904762,1038.988095238096,38.48104056437393,0
4003,4,0,0,27,0.0,0.0,1.0,27,700,500,200,0.7142857142857143,9,5,4,438.58872170664506,0.6950379867046534,0.04306755559798692,0.28331776537257186,134975.688354769,6439.762923398528,141415.45127816751,3649,38,706.6296296296297,27,0,20,28.821930641080716,0.6940586419753085,40.21577380952381,1039.1369047619048,38.486552028218696,0
4004,4,0,0,27,0.0,0.0,1.0,27,500,400,100,0.8,6,4,2,439.1644983985651,0.6953941120607787,0.04306138899495138,0.2839930422977387,135014.34948979583,6458.701814058947,141473.05130385477,3650,39,707.6296296296297,27,0,20,28.768136693394425,0.6944444444444444,40.17857142857142,1039.2857142857138,38.49206349206347,0
4005,4,0,0,27,0.0,0.0,1.0,27,450,200,250,0.4444444444444444,7,2,5,439.4066639372948,0.6949192782526116,0.042758291577189356,0.28445371154791527,135053.01616089148,6468.639057185383,141521.65521807686,3651,40,708.6296296296297,27,0,20,28.723007635409214,0.6948302469135802,40.14136904761905,1039.434523809524,38.4975749559083,0
4006,4,0,0,27,0.0,0.0,1.0,27,750,600,150,0.8,9,6,3,441.3453564520942,0.6937321937321937,0.039178273866310453,0.28662837833524485,135169.0493905896,6531.246456916102,141700.29584750568,3652,41,709.6296296296297,27,0,20,28.556096164854033,0.6959876543209876,40.029761904761905,1039.8809523809525,38.514109347442684,0
4007,4,0,0,27,0.0,0.0,1.0,27,850,700,150,0.8235294117647058,10,7,3,441.21804472457495,0.6930199430199431,0.0394694307986625,0.2868532943795399,135207.7382059595,6531.218776573132,141738.95698253263,3653,42,710.6296296296297,27,0,20,28.52056207373492,0.6963734567901234,39.992559523809526,1040.0297619047622,38.51962081128749,0
4008,4,0,0,27,0.0,0.0,1.0,27,750,600,150,0.8,9,6,3,443.4109731192658,0.6895773979107312,0.04180764037804785,0.29014590804202645,135439.98735561926,6611.115318523233,142051.1026741425,3654,43,711.6296296296297,27,0,20,28.230432451751255,0.6986882716049383,39.769345238095234,1040.9226190476186,38.552689594356245,0
4009,4,0,0,27,0.0,0.0,1.0,27,1000,800,200,0.8,12,8,4,442.97777713958925,0.690883190883191,0.03675649352367949,0.29048880099772306,135517.448027388,6606.243578160425,142123.6916055484,3655,44,712.6296296296297,27,0,21,28.16400481158592,0.6994598765432098,39.694940476190474,1041.2202380952378,38.56371252204585,0
4010,4,0,0,27,0.0,0.0,1.0,27,750,600,150,0.8,9,6,3,442.4997708772209,0.6870845204178538,0.042528678878849036,0.29144545884801154,135673.87128962815,6607.1812165545525,142281.0525061827,3656,45,713.6296296296297,26,1,22,28.019614378116813,0.7047275641025641,39.54475308641975,1041.8209876543212,40.07003798670466,0
4011,4,0,0,27,0.0,0.0,1.0,27,600,400,200,0.6666666666666666,8,4,4,440.437707190992,0.6854226020892688,0.03731734018753863,0.29070549137215074,135749.9629083405,6557.88048292235,142307.84339126284,3657,46,714.6296296296297,27,0,22,27.997078632966826,0.7017746913580247,39.4717261904762,1042.1130952380959,38.59678130511466,0
4012,4,0,0,27,0.0,0.0,1.0,27,850,400,450,0.47058823529411764,13,4,9,438.8318973733558,0.6847103513770181,0.03256003256003259,0.2909077677289597,135905.0835503472,6527.897135416662,142432.98068576385,3658,47,715.6296296296297,27,0,18,27.883574758574756,0.7033179012345678,39.322916666666664,1042.7083333333333,38.61882716049382,0
4013,4,0,0,27,0.0,0.0,1.0,27,800,600,200,0.75,10,6,4,438.4381892787255,0.685303893637227,0.032846657472138885,0.29128087854545837,135982.6770877622,6523.999743126417,142506.6768308886,3659,48,716.6296296296297,27,0,19,27.816170875540966,0.7040895061728395,39.248511904761905,1043.0059523809525,38.629850088183424,0
4014,4,0,0,27,0.0,0.0,1.0,27,750,500,250,0.6666666666666666,10,5,5,439.91164036887164,0.6832858499525166,0.02987897325367017,0.2928984340575649,136060.2927694515,6570.901316255661,142631.19408570716,3660,49,717.6296296296297,27,0,19,27.70007250511101,0.7048611111111112,39.17410714285714,1043.303571428571,38.640873015873005,0
4015,4,0,1,26,0.0,0.037037037037037035,0.962962962962963,27,450,400,50,0.8888888888888888,5,4,1,439.5138445738363,0.6838793922127255,0.02721260907227796,0.29295352453913864,136099.10891439905,6563.488520408158,142662.59743480722,3661,50,718.6296296296297,27,0,19,27.671610572352154,0.7052469135802469,39.13690476190476,1043.4523809523807,38.6463844797178,0
4016,4,0,0,26,0.0,0.0,1.0,26,900,700,200,0.7777777777777778,11,7,4,451.4708307254775,0.6794230769230769,0.043480487555054737,0.3000483131635694,135995.61149691354,7079.6103395061655,143075.22183641972,3662,51,742.7307692307693,26,0,19,27.463382157123835,0.7079326923076923,39.23611111111111,1043.0555555555552,40.117521367521356,0
4017,4,0,0,26,0.0,0.0,1.0,26,350,300,50,0.8571428571428571,4,3,1,451.616715101012,0.6782051282051282,0.04608557123350021,0.300485137212878,136035.8558146624,7087.213267794547,143123.06908245696,3663,52,743.7307692307693,26,0,19,27.419255424063124,0.7083333333333333,39.19753086419753,1043.20987654321,40.123456790123456,0
4018,4,0,0,26,0.0,0.0,1.0,26,550,300,250,0.5454545454545454,8,3,5,452.19028933281584,0.6793589743589744,0.04607194048187835,0.3015493822947239,136116.36231138543,7110.099451303148,143226.4617626886,3664,53,744.7307692307693,26,0,19,27.323646850044362,0.7091346153846154,39.12037037037037,1043.5185185185182,40.13532763532763,0
4019,4,0,0,26,0.0,0.0,1.0,26,900,600,300,0.6666666666666666,12,6,6,454.8396783572009,0.6759615384615385,0.04005297200213698,0.3050446088645371,136317.73274367477,7200.542743103181,143518.27548677794,3665,54,745.7307692307693,26,0,19,27.052854539185258,0.7111378205128205,38.92746913580247,1044.2901234567903,40.16500474833809,0
4020,4,1,0,27,0.037037037037037035,0.0,1.0,27,600,400,200,0.6666666666666666,8,4,4,436.7277811614114,0.6855413105413106,0.024192613666298213,0.2969242071145767,136798.74619118482,6548.7625779478485,143347.50876913266,3666,0,719.074074074074,27,0,21,27.045400663821713,0.7121913580246914,38.467261904761905,1046.1309523809525,38.745590828924165,0
4021,4,0,0,27,0.0,0.0,1.0,27,500,400,100,0.8,6,4,2,437.0658559408575,0.685303893637227,0.02890490034972415,0.29781464137365393,136876.5943877551,6564.817176870741,143441.41156462583,3667,1,720.074074074074,27,0,22,26.958902161547208,0.712962962962963,38.39285714285714,1046.428571428571,38.756613756613746,0
4022,4,0,0,27,0.0,0.0,1.0,27,750,500,250,0.6666666666666666,10,5,5,437.99041319189837,0.6837606837606838,0.0315504586189832,0.2991091812030883,136954.46472859965,6596.948518990913,143551.41324759056,3668,2,721.074074074074,27,0,17,26.857051464316175,0.7137345679012346,38.31845238095237,1046.7261904761895,38.76763668430331,0
4023,4,0,0,27,0.0,0.0,1.0,27,550,400,150,0.7272727272727273,7,4,3,435.4248657211455,0.6826923076923077,0.028008107610097754,0.297688428605273,136993.408203125,6530.067274305556,143523.47547743056,3669,3,722.074074074074,27,0,17,26.885364842454393,0.7141203703703705,38.28125,1046.875,38.773148148148145,0
4024,4,0,0,27,0.0,0.0,1.0,27,650,600,50,0.9230769230769231,7,6,1,436.91247358180203,0.6804368471035138,0.027705408975836843,0.29937225672786166,137071.31176038118,6577.633175666093,143648.94493604728,3670,4,723.074074074074,27,0,18,26.76877575671451,0.714891975308642,38.206845238095234,1047.1726190476186,38.784171075837726,0
4025,4,0,1,26,0.0,0.037037037037037035,0.962962962962963,27,900,600,300,0.6666666666666666,12,6,6,435.0981404958677,0.6801994301994302,0.028282828282828243,0.299129971590909,137188.20861677997,6538.066893424023,143726.275510204,3671,5,724.074074074074,27,0,18,26.699810606060602,0.7160493827160495,38.09523809523809,1047.619047619047,38.80070546737211,0
4026,4,0,0,26,0.0,0.0,1.0,26,650,400,250,0.6153846153846154,9,4,5,450.6427275477084,0.6699358974358974,0.043313871095742806,0.30853793202938445,137043.89872447026,7151.567262993433,144195.4659874637,3672,61,752.7307692307693,26,0,18,26.43668631785802,0.718349358974359,38.23302469135802,1047.0679012345672,40.271842355175664,0
4027,4,0,0,26,0.0,0.0,1.0,26,950,600,350,0.631578947368421,13,6,7,447.6692723868318,0.6668589743589743,0.04298242632312399,0.30792570316455936,137205.53090706447,7084.540037722907,144290.07094478738,3673,62,753.7307692307693,26,0,18,26.353292090145825,0.7199519230769231,38.0787037037037,1047.6851851851852,40.29558404558405,0
4028,4,0,0,26,0.0,0.0,1.0,26,700,600,100,0.8571428571428571,8,6,2,454.42865141026994,0.6668589743589743,0.03314074970598635,0.29465696097699573,135111.74280311677,7079.729414342306,142191.47221745906,3674,63,754.7307692307693,26,0,18,28.27358863984958,0.6991185897435899,40.084876543209866,1039.6604938271594,39.98694207027536,5
4029,4,0,0,26,0.0,0.0,1.0,26,400,200,200,0.5,6,2,4,452.2772848772806,0.6655128205128205,0.029591067881361566,0.2935880872353676,135151.85613854596,7025.222908093281,142177.07904663924,3675,64,755.7307692307693,26,0,18,28.28918076580587,0.6995192307692308,40.0462962962963,1039.814814814815,39.9928774928775,0
4030,4,0,0,26,0.0,0.0,1.0,26,800,500,300,0.625,11,5,6,452.0411173432158,0.665448717948718,0.02974077413905274,0.2937613394190868,135191.97542771674,7022.466325636321,142214.44175335305,3676,65,756.7307692307693,26,0,18,28.254995795617546,0.6999198717948718,40.00771604938271,1039.9691358024684,39.998812915479554,0
4031,4,0,0,26,0.0,0.0,1.0,26,350,200,150,0.5714285714285714,5,2,3,452.0411173432158,0.665448717948718,0.02974077413905274,0.2937613394190868,135191.97542771674,7022.466325636321,142214.44175335305,3677,66,757.7307692307693,26,0,18,28.254995795617546,0.6999198717948718,40.00771604938271,1039.9691358024684,39.998812915479554,0
4032,4,0,0,26,0.0,0.0,1.0,26,450,200,250,0.4444444444444444,7,2,5,451.21131691387365,0.6636538461538461,0.03342918763479519,0.29387589249434026,135272.23186728387,7007.272376543198,142279.50424382708,3678,67,758.7307692307693,26,0,19,28.195927903871826,0.700721153846154,39.93055555555555,1040.2777777777771,40.01068376068373,0
4033,4,0,0,26,0.0,0.0,1.0,26,750,600,150,0.8,9,6,3,450.3568217221161,0.6624358974358975,0.03387626608267169,0.2943029462881734,135392.66117969816,6995.001714677631,142387.6628943758,3679,68,759.7307692307693,26,0,19,28.097197508896794,0.701923076923077,39.81481481481481,1040.7407407407402,40.028490028490005,0
4034,4,0,0,26,0.0,0.0,1.0,26,700,500,200,0.7142857142857143,9,5,4,451.9705176555021,0.6632692307692307,0.034948965045332736,0.29568779258839567,135432.8161913198,7042.328008306642,142475.14419962646,3680,69,760.7307692307693,26,0,19,28.014887571040283,0.7023237179487181,39.77623456790123,1040.8950617283942,40.03442545109208,0
4035,4,0,0,26,0.0,0.0,1.0,26,500,300,200,0.6,7,3,4,451.9705176555021,0.6632692307692307,0.034948965045332736,0.29568779258839567,135432.8161913198,7042.328008306642,142475.14419962646,3681,70,761.7307692307693,26,0,19,28.014887571040283,0.7023237179487181,39.77623456790123,1040.8950617283942,40.03442545109208,0
4036,4,0,0,26,0.0,0.0,1.0,26,400,200,200,0.5,6,2,4,451.9705176555021,0.6632692307692307,0.034948965045332736,0.29568779258839567,135432.8161913198,7042.328008306642,142475.14419962646,3682,71,762.7307692307693,26,0,19,28.014887571040283,0.7023237179487181,39.77623456790123,1040.8950617283942,40.03442545109208,0
4037,4,0,0,26,0.0,0.0,1.0,26,450,400,50,0.8888888888888888,5,4,1,456.09158075860995,0.6606410256410257,0.034163968811271817,0.2993877419220912,135553.31694863577,7164.945320835224,142718.262269471,3683,72,763.7307692307693,26,0,19,27.786628136731863,0.7035256410256411,39.66049382716049,1041.3580246913573,40.052231718898355,0
4038,4,0,0,26,0.0,0.0,1.0,26,850,800,50,0.9411764705882353,9,8,1,454.3362635085076,0.6596794871794872,0.039224958125861686,0.29924137706789594,135673.871289628,7128.311947492746,142802.18323712074,3684,73,764.7307692307693,26,0,19,27.71132671702958,0.7047275641025641,39.544753086419746,1041.82098765432,40.07003798670462,0
4039,4,0,0,26,0.0,0.0,1.0,26,700,500,200,0.7142857142857143,9,5,4,454.3362635085076,0.6596794871794872,0.039224958125861686,0.29924137706789594,135673.871289628,7128.311947492746,142802.18323712074,3685,74,765.7307692307693,26,0,19,27.71132671702958,0.7047275641025641,39.544753086419746,1041.82098765432,40.07003798670462,0
4040,4,0,0,26,0.0,0.0,1.0,26,600,500,100,0.8333333333333334,7,5,2,454.5800717638868,0.6602564102564102,0.03721974115931448,0.2997387348193127,135714.06797744235,7138.582152110938,142852.65012955328,3686,75,766.7307692307693,26,0,19,27.66464257503949,0.7051282051282051,39.50617283950616,1041.9753086419744,40.075973409306705,0
4041,4,0,0,26,0.0,0.0,1.0,26,750,500,250,0.6666666666666666,10,5,5,453.514381532579,0.6575641025641026,0.040886733160267585,0.30038658447393163,135874.9142661179,7124.245541838126,142999.15980795602,3687,76,767.7307692307693,26,0,19,27.531083481349903,0.7067307692307692,39.35185185185185,1042.5925925925922,40.099715099715084,0
4042,4,0,0,26,0.0,0.0,1.0,26,650,400,250,0.6153846153846154,9,4,5,453.514381532579,0.6575641025641026,0.040886733160267585,0.30038658447393163,135874.9142661179,7124.245541838126,142999.15980795602,3688,77,768.7307692307693,26,0,19,27.531083481349903,0.7067307692307692,39.35185185185185,1042.5925925925922,40.099715099715084,0
4043,4,0,0,26,0.0,0.0,1.0,26,350,200,150,0.5714285714285714,5,2,3,454.33532070809053,0.6562179487179487,0.03949750116688078,0.3012702416118317,135915.14072264126,7150.209809861289,143065.35053250255,3689,78,769.7307692307693,26,0,19,27.469352769966946,0.7071314102564104,39.313271604938265,1042.7469135802462,40.10565052231716,0
4044,4,0,0,26,0.0,0.0,1.0,26,550,200,350,0.36363636363636365,9,2,7,455.1434924254493,0.6566666666666666,0.03933799257859616,0.3021473204136724,135955.37313290645,7175.840668343223,143131.21380124966,3690,79,770.7307692307693,26,0,19,27.407948604123497,0.7075320512820513,39.27469135802468,1042.9012345679005,40.11158594491925,0
4045,4,0,0,26,0.0,0.0,1.0,26,550,200,350,0.36363636363636365,9,2,7,455.1434924254493,0.6566666666666666,0.03933799257859616,0.3021473204136724,135955.37313290645,7175.840668343223,143131.21380124966,3691,80,771.7307692307693,26,0,19,27.407948604123497,0.7075320512820513,39.27469135802468,1042.9012345679005,40.11158594491925,0
4046,4,0,0,26,0.0,0.0,1.0,26,700,300,400,0.42857142857142855,11,3,8,459.5241900625842,0.6556410256410257,0.040236161354173516,0.30644009597664634,136116.3623113854,7309.752229080925,143426.1145404663,3692,81,772.7307692307693,26,0,19,27.13232031943212,0.7091346153846154,39.12037037037037,1043.518518518518,40.13532763532761,0
4047,4,0,0,26,0.0,0.0,1.0,26,650,400,250,0.6153846153846154,9,4,5,459.5241900625842,0.6556410256410257,0.040236161354173516,0.30644009597664634,136116.3623113854,7309.752229080925,143426.1145404663,3693,82,773.7307692307693,26,0,19,27.13232031943212,0.7091346153846154,39.12037037037037,1043.518518518518,40.13532763532761,0
4048,4,0,0,26,0.0,0.0,1.0,26,750,600,150,0.8,9,6,3,459.3120026295761,0.6545512820512821,0.03761985463892881,0.3066463054080773,136156.62449035962,7307.674373190048,143464.29886354966,3694,83,774.7307692307693,26,0,19,27.097503573364882,0.7095352564102564,39.081790123456784,1043.6728395061723,40.141263057929706,0
4049,4,0,0,26,0.0,0.0,1.0,26,350,200,150,0.5714285714285714,5,2,3,479.5835988712782,0.6545512820512821,0.014199849737039694,0.2847126539240279,131842.7098813061,7445.920257963707,139288.6301392698,3695,84,775.7307692307693,26,0,17,30.935073879288755,0.6662660256410258,43.24845679012345,1027.0061728395053,39.50023741690405,7
4050,4,0,0,26,0.0,0.0,1.0,26,550,400,150,0.7272727272727273,7,4,3,482.93255849606567,0.6538461538461539,0.01622108741363726,0.28759972937985745,131961.6031283342,7545.710924401783,139507.31405273598,3696,85,776.7307692307693,26,0,17,30.727758586162004,0.6674679487179487,43.13271604938272,1027.46913580247,39.518043684710385,0
4051,4,0,0,26,0.0,0.0,1.0,26,450,300,150,0.6666666666666666,6,3,3,482.93255849606567,0.6538461538461539,0.01622108741363726,0.28759972937985745,131961.6031283342,7545.710924401783,139507.31405273598,3697,86,777.7307692307693,26,0,17,30.727758586162004,0.6674679487179487,43.13271604938272,1027.46913580247,39.518043684710385,0
4052,4,0,0,26,0.0,0.0,1.0,26,800,700,100,0.875,9,7,2,484.76990504017533,0.6557692307692308,0.018711018711018657,0.2892981691368787,132040.89506172834,7601.890432098757,139642.7854938271,3698,87,778.7307692307693,26,0,17,30.59966216216216,0.6682692307692308,43.05555555555555,1027.7777777777774,39.529914529914514,0
4053,4,0,0,26,0.0,0.0,1.0,26,550,300,250,0.5454545454545454,8,3,5,481.6268415810612,0.6565384615384615,0.015899591252338086,0.28802495678752493,132120.2108100898,7526.527968297496,139646.7387783873,3699,88,779.7307692307693,26,0,17,30.59954468127688,0.6690705128205128,42.978395061728385,1028.0864197530855,39.54178537511867,0
4054,4,1,1,26,0.037037037037037035,0.037037037037037035,0.962962962962963,27,350,300,50,0.8571428571428571,4,3,1,466.4061400581369,0.679249762583096,0.00629688529066863,0.28126689370376023,132436.2936906532,6953.820108772655,139390.11379942586,3700,0,751.8148148148148,27,0,17,30.669154498578386,0.6685956790123457,42.67113095238094,1029.315476190475,38.12279541446204,0
4055,4,0,0,26,0.0,0.0,1.0,26,600,400,200,0.6666666666666666,8,4,4,476.5169721114964,0.6571153846153847,0.01697799725398319,0.2864687694379933,132318.6043714754,7410.4121418228915,139729.0165132983,3701,90,781.7307692307693,26,0,17,30.52878606069696,0.671073717948718,42.785493827160494,1028.8580246913582,39.571462488129164,0
4056,4,0,0,26,0.0,0.0,1.0,26,300,200,100,0.6666666666666666,4,2,2,478.47584052475656,0.6569230769230769,0.020557426976143045,0.28794917911724505,132358.3009449778,7466.049859015373,139824.35080399318,3702,91,782.7307692307693,26,0,17,30.437974905018994,0.671474358974359,42.746913580246904,1029.0123456790113,39.57739791073121,0
4057,4,1,0,27,0.037037037037037035,0.0,1.0,27,400,200,200,0.5,6,2,4,471.87046172249836,0.6754510921177588,0.05248267477884805,0.2677712980641577,130105.09842725963,6896.560642432568,137001.6590696922,3703,0,754.7037037037037,26,1,18,32.910742197347865,0.6486378205128205,44.945987654320994,1020.2160493827165,39.239078822412175,7
4058,4,1,1,27,0.03571428571428571,0.03571428571428571,0.9642857142857143,28,500,300,200,0.6,7,3,4,459.1827849715946,0.6969797178130511,0.03839988341591383,0.26213912399959066,130338.55273880383,6369.843927154196,136708.39666595802,3704,0,728.7142857142857,27,1,18,32.99511804138736,0.6473765432098766,44.717261904761905,1021.1309523809522,37.81966490299823,0
4059,4,0,0,27,0.0,0.0,1.0,27,1000,700,300,0.7,13,7,6,475.29733457970826,0.6775878442545109,0.05635632608719976,0.27053498889072203,130223.20578036885,6978.948521566832,137202.1543019357,3705,2,756.7037037037037,26,1,18,32.702096562846485,0.6498397435897436,44.83024691358025,1020.6790123456791,39.256885090218425,0
4060,4,0,0,27,0.0,0.0,1.0,27,600,200,400,0.3333333333333333,10,2,8,474.2944808598553,0.6759259259259259,0.05399928344305627,0.27051140391110373,130301.97378448409,6960.3014022252755,137262.27518670936,3706,3,757.7037037037037,26,1,18,32.646866182990735,0.6506410256410255,44.75308641975309,1020.9876543209878,39.268755935422604,0
4061,4,1,0,28,0.03571428571428571,0.0,1.0,28,550,200,350,0.36363636363636365,9,2,7,462.3757160456444,0.693231922398589,0.04458830375327327,0.26708997244518995,130794.81336805556,6495.269097222226,137290.08246527778,3707,0,731.6071428571429,27,1,17,32.44653767820774,0.6520061728395061,44.270833333333336,1022.9166666666667,37.885802469135804,0
4062,4,1,1,28,0.034482758620689655,0.034482758620689655,0.9655172413793104,29,1250,1100,150,0.88,14,11,3,451.7100435613508,0.7104885057471264,0.027233927240701616,0.2625518572934899,131033.74991742641,6037.852176641571,137071.602094068,3708,0,707.3448275862069,28,1,17,32.47526662924502,0.6510416666666666,44.037356321839084,1023.8505747126442,36.56609195402301,0
4063,4,0,0,28,0.0,0.0,1.0,28,750,500,250,0.6666666666666666,10,5,5,464.13740143943505,0.6930665784832452,0.037407299694633966,0.2689025197724513,130909.00308691194,6551.952903557268,137460.9559904692,3709,2,733.6071428571429,27,1,18,32.28469899665551,0.6531635802469136,44.1592261904762,1023.363095238096,37.902336860670225,0
4064,4,0,0,28,0.0,0.0,1.0,28,600,400,200,0.6666666666666666,8,4,4,463.7050286381151,0.6942239858906525,0.034530386740331265,0.26891763802470126,130947.0773986679,6544.163655045367,137491.24105371325,3710,3,734.6071428571429,27,1,18,32.25683338179703,0.6535493827160492,44.12202380952382,1023.5119047619056,37.90784832451502,0
4065,4,0,0,28,0.0,0.0,1.0,28,1100,900,200,0.8181818181818182,13,9,4,468.476745159255,0.6926807760141093,0.039886660854402844,0.27276285619170837,131099.43000637754,6683.406852324263,137782.8368587018,3711,4,735.6071428571429,27,1,18,31.978954761212833,0.6550925925925926,43.973214285714285,1024.1071428571427,37.92989417989417,0
4066,4,1,0,29,0.034482758620689655,0.0,1.0,29,450,200,250,0.4444444444444444,7,2,5,453.49780183595084,0.7052545155993432,0.030616978506262438,0.2661316047616238,131401.77037917817,6118.082804861928,137519.85318404008,3712,0,711.2068965517242,28,1,19,32.05402186098654,0.6547619047619049,43.678160919540225,1025.2873563218386,36.61740558292281,0
4067,4,0,0,29,0.0,0.0,1.0,29,500,400,100,0.8,6,4,2,454.8350373350546,0.703715106732348,0.035719461647713446,0.2674310128910723,131475.43640177025,6159.9270048883445,137635.36340665858,3713,1,712.2068965517242,28,1,19,31.94463902120107,0.6555059523809526,43.60632183908045,1025.5747126436772,36.62766830870276,0
4068,4,1,2,28,0.03333333333333333,0.06666666666666667,0.9333333333333333,30,750,500,250,0.6666666666666666,10,5,5,439.807872644401,0.7203065134099617,0.021539987377152237,0.26099032185655713,131826.86149691357,5595.698302469132,137422.5597993827,3714,0,689.4333333333333,29,1,17,31.972432603011427,0.6558908045977012,43.263888888888886,1026.9444444444443,35.411877394636015,0
4069,4,1,1,28,0.034482758620689655,0.034482758620689655,0.9655172413793104,29,700,600,100,0.8571428571428571,8,6,2,455.92509422846274,0.7065886699507389,0.028944077184205774,0.26884897587823686,131585.97414205954,6198.669531972494,137784.64367403204,3715,0,714.1034482758621,28,1,17,31.804019044951687,0.656622023809524,43.49856321839079,1026.0057471264354,36.643062397372695,0
4070,4,0,0,28,0.0,0.0,1.0,28,800,600,200,0.75,10,6,4,468.4814870207973,0.695160934744268,0.03984034833091421,0.27494356435888356,131404.40095308953,6712.105831916091,138116.50678500562,3716,9,740.6071428571429,27,1,18,31.667271407837443,0.658179012345679,43.675595238095234,1025.2976190476188,37.97398589065255,0
4071,4,0,0,28,0.0,0.0,1.0,28,450,300,150,0.6666666666666666,6,3,3,468.22064857552107,0.6948853615520282,0.03725874328834733,0.27506466234730714,131442.5472337371,6708.822943239774,138151.37017697687,3717,10,741.6071428571429,27,1,18,31.63501306051372,0.6585648148148149,43.63839285714285,1025.4464285714273,37.979497354497305,0
4072,4,2,2,28,0.06666666666666667,0.06666666666666667,0.9333333333333333,30,700,500,200,0.7142857142857143,9,5,4,445.54801706651773,0.7303639846743295,0.011561866125760156,0.2646447860407145,131862.5217013888,5750.21701388887,137612.73871527766,3718,0,693.1,29,1,17,31.78879310344827,0.65625,43.22916666666666,1027.0833333333323,35.416666666666636,0
4073,4,0,0,28,0.0,0.0,1.0,28,750,600,150,0.8,9,6,3,468.6079463635789,0.6956569664902997,0.03380731282646532,0.2755670619742133,131480.6990504533,6722.580073696112,138203.2791241494,3719,12,743.6071428571429,27,1,18,31.58613851808861,0.6589506172839508,43.60119047619046,1025.5952380952363,37.98500881834208,0
4074,4,0,0,28,0.0,0.0,1.0,28,650,600,50,0.9230769230769231,7,6,1,471.34427581231205,0.6968143738977072,0.030710659898477433,0.27800845010486636,131595.1877170137,6805.327690972199,138400.5154079859,3720,13,744.6071428571429,27,1,17,31.39911167512691,0.6601080246913581,43.48958333333332,1026.0416666666652,38.00154320987649,0
4075,4,1,1,28,0.034482758620689655,0.034482758620689655,0.9655172413793104,29,1000,800,200,0.8,12,8,4,457.23350775099027,0.708435960591133,0.018162527128044337,0.271981662264524,131917.8660490156,6263.453725723327,138181.31977473892,3721,0,719.8965517241379,28,1,17,31.432400932400917,0.6599702380952381,43.17528735632183,1027.2988505747119,36.68924466338257,0
4076,4,0,0,28,0.0,0.0,1.0,28,650,400,250,0.6153846153846154,9,4,5,467.6362108800673,0.6946097883597884,0.034927536231883716,0.27720703222272014,131786.1128826529,6725.591695011312,138511.7045776642,3722,15,746.6071428571429,27,1,17,31.299516908212563,0.6620370370370371,43.303571428571416,1026.785714285713,38.02910052910048,0
4077,4,1,1,28,0.034482758620689655,0.034482758620689655,0.9655172413793104,29,650,300,350,0.46153846153846156,10,3,7,453.3192058165339,0.7068965517241379,0.025846414689009833,0.27202952174690387,132250.17598510356,6190.308949332784,138440.48493443633,3723,0,721.8275862068965,28,1,18,31.19499930157843,0.6633184523809526,42.852011494252864,1028.5919540229872,36.7354269293924,0
4078,4,0,0,28,0.0,0.0,1.0,28,600,200,400,0.3333333333333333,10,2,8,466.02707308157403,0.6898148148148148,0.039488924279716286,0.2782064817436846,132053.64062942882,6708.114326459744,138761.75495588855,3724,1,748.0357142857143,27,1,18,31.06827011244631,0.6647376543209876,43.04315476190476,1027.8273809523807,38.0676807760141,0
4079,4,0,0,28,0.0,0.0,1.0,28,600,300,300,0.5,9,3,6,465.4056942140163,0.6888227513227513,0.04337288380842108,0.27896086320148006,132206.63542109547,6705.944187570853,138912.57960866633,3725,2,749.0357142857143,27,1,18,30.92850166401389,0.6662808641975309,42.894345238095234,1028.4226190476186,38.08972663139328,0
4080,4,0,0,28,0.0,0.0,1.0,28,650,400,250,0.6153846153846154,9,4,5,466.33502804764817,0.6889329805996472,0.04430059308549117,0.2800846263156722,132283.16603334018,6737.654788477857,139020.82082181805,3726,3,750.0357142857143,27,1,18,30.82673344905734,0.6670524691358025,42.81994047619046,1028.7202380952363,38.10074955908282,0
4081,4,1,1,28,0.034482758620689655,0.034482758620689655,0.9655172413793104,29,600,400,200,0.6666666666666666,8,4,4,455.4822445122163,0.7045361247947455,0.031168681247324193,0.27602301022046294,132619.89952850435,6281.201900845545,138901.1014293499,3727,0,725.1379310344828,28,1,18,30.763821081508357,0.6670386904761905,42.49281609195402,1030.0287356321833,36.78674055829226,0
4082,4,0,0,28,0.0,0.0,1.0,28,550,400,150,0.7272727272727273,7,4,3,469.0279457017867,0.689484126984127,0.042395547202544126,0.2828479773687232,132436.2936906532,6823.264553217097,139259.5582438703,3728,5,752.0357142857143,27,1,18,30.601687870464076,0.6685956790123457,42.67113095238094,1029.315476190475,38.12279541446204,0
4083,4,0,0,28,0.0,0.0,1.0,28,650,500,150,0.7692307692307693,8,5,3,470.7346564442462,0.6906415343915343,0.04069095114194843,0.2841659994137256,132474.58944515302,6872.076070011332,139346.66551516435,3729,6,753.0357142857143,27,1,18,30.518815649995194,0.6689814814814815,42.63392857142857,1029.4642857142853,38.128306878306866,0
4084,4,0,0,28,0.0,0.0,1.0,28,750,600,150,0.8,9,6,3,476.7815024930458,0.6903659611992945,0.035064278491983236,0.289286445377682,132666.15125868042,7050.553385416648,139716.70464409707,3730,7,754.0357142857143,27,1,18,30.1683097404786,0.6709104938271605,42.44791666666666,1030.2083333333321,38.15586419753082,0
4085,4,0,0,28,0.0,0.0,1.0,28,1400,1200,200,0.8571428571428571,16,12,4,479.8269214783327,0.6899801587301587,0.04275508731418687,0.29292693735007636,132896.2081251771,7153.435684169499,140049.6438093466,3731,8,755.0357142857143,27,1,18,29.855949631981535,0.6732253086419753,42.22470238095238,1031.1011904761901,38.18893298059964,0
4086,4,0,0,28,0.0,0.0,1.0,28,500,300,200,0.6,7,3,4,477.37013866781456,0.6905313051146384,0.04656615207040837,0.2920258103359773,132972.93803589148,7095.461973852046,140068.40000974352,3732,9,756.0357142857143,27,1,18,29.841322800942617,0.6739969135802468,42.15029761904762,1031.3988095238096,38.19995590828925,0
4087,4,1,0,29,0.034482758620689655,0.0,1.0,29,700,400,300,0.5714285714285714,10,4,6,461.8168578403182,0.7024835796387521,0.04093418584907016,0.28546873525486244,133360.89487135035,6517.661885652018,139878.55675700237,3733,0,730.9310344827586,28,1,19,29.84913293457598,0.6744791666666666,41.77442528735633,1032.9022988505756,36.88936781609198,0
4088,4,0,0,29,0.0,0.0,1.0,29,300,100,200,0.3333333333333333,5,1,4,461.8168578403182,0.7024835796387521,0.04093418584907016,0.28546873525486244,133360.89487135035,6517.661885652018,139878.55675700237,3734,1,731.9310344827586,28,1,19,29.84913293457598,0.6744791666666666,41.77442528735633,1032.9022988505756,36.88936781609198,0
4089,4,0,0,29,0.0,0.0,1.0,29,950,800,150,0.8421052631578947,11,8,3,460.85332611835963,0.7017651888341543,0.03312728085201444,0.2860255898026817,133510.667450574,6505.81348105718,140016.48093163117,3735,2,732.9310344827586,27,2,19,29.722372210223178,0.6793981481481481,41.629464285714285,1033.482142857143,38.277116402116405,0
4090,4,0,0,29,0.0,0.0,1.0,29,900,700,200,0.7777777777777778,11,7,4,458.0913412670619,0.7002257799671593,0.03687953116548637,0.2854956708937053,133664.50372466704,6446.110358205791,140110.61408287284,3736,3,733.9310344827586,27,2,19,29.638107401544588,0.6809413580246914,41.480654761904766,1034.0773809523816,38.29916225749562,0
4091,4,0,0,29,0.0,0.0,1.0,29,850,600,250,0.7058823529411765,11,6,5,458.4121796544046,0.6997126436781609,0.04337129478988899,0.2865900605177539,133779.93905895698,6465.2706916099805,140245.20975056695,3737,4,734.9310344827586,27,2,18,29.513089758342932,0.6820987654320987,41.36904761904762,1034.5238095238099,38.315696649029995,0
4092,4,0,0,29,0.0,0.0,1.0,29,750,400,350,0.5333333333333333,11,4,7,454.4103745915122,0.6979679802955665,0.04763628250576346,0.28497963528259407,133895.42421786432,6368.69397498584,140264.11819285015,3738,5,735.9310344827586,27,2,18,29.49991013659238,0.6832561728395061,41.25744047619048,1034.9702380952388,38.3322310405644,0
4093,4,0,0,29,0.0,0.0,1.0,29,1100,700,400,0.6363636363636364,15,7,8,457.42960848568737,0.6988916256157636,0.04533633197766873,0.2886824573589185,134126.54400953098,6470.6905027636185,140597.23451229458,3739,6,736.9310344827586,27,2,18,29.18836493798784,0.685570987654321,41.0342261904762,1035.8630952380959,38.36529982363318,0
4094,4,0,0,29,0.0,0.0,1.0,29,850,700,150,0.8235294117647058,10,7,3,455.5349691148732,0.6996100164203612,0.0412426272860984,0.28809173387346615,134203.62822863512,6426.889128047043,140630.51735668216,3740,7,737.9310344827586,27,2,18,29.159635454066738,0.6863425925925926,40.95982142857142,1036.1607142857138,38.37632275132273,0
4095,4,0,0,29,0.0,0.0,1.0,29,850,500,350,0.5882352941176471,12,5,7,458.83362486340707,0.7000205254515599,0.048062076883486515,0.2917110125956404,134396.43565759633,6533.120748299308,140929.55640589565,3741,8,738.9310344827586,27,2,18,28.879640260237263,0.6882716049382716,40.77380952380952,1036.9047619047615,38.40388007054672,0
4096,4,0,0,29,0.0,0.0,1.0,29,500,300,200,0.6,7,3,4,456.4518154254042,0.6978653530377668,0.04785039331123553,0.29081070873081016,134473.59738166083,6476.143530328778,140949.74091198962,3742,9,739.9310344827586,27,2,19,28.863582018173126,0.6890432098765433,40.69940476190475,1037.2023809523796,38.41490299823628,0
4097,4,0,0,29,0.0,0.0,1.0,29,850,700,150,0.8235294117647058,10,7,3,458.2184158320031,0.6972495894909688,0.0412685223653233,0.2925548347235092,134550.7812499997,6530.7291666666215,141081.51041666634,3743,10,740.9310344827586,27,2,19,28.739959839357436,0.6898148148148149,40.62499999999998,1037.4999999999977,38.42592592592584,0
4098,4,0,0,29,0.0,0.0,1.0,29,700,300,400,0.42857142857142855,11,3,8,458.2184158320031,0.6974548440065681,0.0412685223653233,0.2925548347235092,134550.7812499997,6530.7291666666215,141081.51041666634,3744,11,741.9310344827586,27,2,19,28.739959839357436,0.6898148148148149,40.62499999999998,1037.4999999999977,38.42592592592584,0
4099,4,0,0,29,0.0,0.0,1.0,29,450,200,250,0.4444444444444444,7,2,5,459.4414338908778,0.6957101806239737,0.03632024818040791,0.29453987221487055,134699.88862878174,6577.341995309797,141277.23062409155,3745,12,742.9310344827586,28,1,19,28.55795847750864,0.687872023809524,40.48132183908045,1038.0747126436772,37.07409688013133,0
4100,4,0,0,29,0.0,0.0,1.0,29,500,400,100,0.8,6,4,2,457.7286155500273,0.6959154351395731,0.0368923051965091,0.2940448626293375,134774.4732832936,6538.026613489218,141312.49989678283,3746,13,743.9310344827586,28,1,19,28.52728195193948,0.6886160714285715,40.40948275862068,1038.3620689655165,37.0843596059113,0
4101,4,0,0,29,0.0,0.0,1.0,29,750,400,350,0.5333333333333333,11,4,7,458.93799655270703,0.6957101806239737,0.04397386369056133,0.29573277317968544,134886.3889714625,6580.89782335843,141467.28679482092,3747,14,744.9310344827586,28,1,17,28.383183494698017,0.6897321428571429,40.30172413793103,1038.7931034482756,37.099753694581274,0
4102,4,0,0,29,0.0,0.0,1.0,29,400,300,100,0.75,5,3,2,456.7913348490485,0.6954022988505747,0.04454340860543149,0.29495669050252826,134961.02523450908,6529.805373893499,141490.83060840258,3748,15,745.9310344827586,28,1,17,28.36381130162242,0.6904761904761905,40.22988505747126,1039.0804597701142,37.11001642036122,0
4103,4,0,0,29,0.0,0.0,1.0,29,550,300,250,0.5454545454545454,8,3,5,456.2209829072282,0.694991789819376,0.04138884255177189,0.29550213172191536,135073.01833548018,6524.629037851757,141597.64737333194,3749,16,746.9310344827586,28,1,18,28.265952545496432,0.691592261904762,40.122126436781606,1039.511494252873,37.12541050903118,0
4104,4,0,0,29,0.0,0.0,1.0,29,650,400,250,0.6153846153846154,9,4,5,460.3642728374493,0.6944786535303776,0.04293432173109357,0.29911280132831747,135185.05788413258,6646.874174263429,141831.932058396,3750,17,747.9310344827586,28,1,18,28.04555816523901,0.6927083333333334,40.01436781609195,1039.9425287356316,37.14080459770113,0
4105,4,0,0,29,0.0,0.0,1.0,29,800,600,200,0.75,10,6,4,466.96391852156285,0.694683908045977,0.04199267580682764,0.30434615067638504,135297.14388046646,6835.7768942396715,142132.92077470614,3751,18,748.9310344827586,28,1,18,27.761186300234765,0.6938244047619048,39.906609195402304,1040.3735632183916,37.15619868637113,0
4106,4,0,0,29,0.0,0.0,1.0,29,800,500,300,0.625,11,5,6,466.57279588420704,0.6945812807881773,0.042691578817053655,0.30440722412553406,135334.5162009512,6828.680720702865,142163.19692165407,3752,19,749.9310344827586,28,1,18,27.733763693270735,0.6941964285714286,39.87068965517241,1040.5172413793102,37.16133004926108,0
4107,4,0,0,29,0.0,0.0,1.0,29,500,300,200,0.6,7,3,4,447.24712562250727,0.6945812807881773,0.06635143966478307,0.2729120215533258,132879.01307966703,6093.016539503234,138972.02961917027,3753,20,750.9310344827586,28,1,19,30.713199089557786,0.6696428571428572,42.241379310344826,1031.0344827586205,36.82266009852216,5
4108,4,0,0,29,0.0,0.0,1.0,29,650,500,150,0.7692307692307693,8,5,3,448.6193184478036,0.6951970443349753,0.06612157838606492,0.2742921182128054,132953.09197053773,6129.065101070157,139082.1570716079,3754,21,751.9310344827586,28,1,19,30.602767716169787,0.6703869047619048,42.16954022988506,1031.3218390804598,36.83292282430214,0
4109,4,0,0,29,0.0,0.0,1.0,29,750,600,150,0.8,9,6,3,449.5888844919317,0.694376026272578,0.07095324518192059,0.2759784075573549,133101.31168252078,6168.174048751483,139269.48573127226,3755,22,752.9310344827586,28,1,19,30.427631578947373,0.671875,42.025862068965516,1031.8965517241377,36.85344827586206,0
4110,4,0,0,29,0.0,0.0,1.0,29,550,300,250,0.5454545454545454,8,3,5,448.53641909018324,0.6936576354679803,0.06765993395284542,0.2758806194130029,133175.45250363313,6146.80811533887,139322.260618972,3756,23,753.9310344827586,28,1,20,30.37972113956941,0.6726190476190477,41.95402298850574,1032.1839080459763,36.86371100164201,0
4111,4,0,0,29,0.0,0.0,1.0,29,1150,900,250,0.782608695652174,14,9,5,449.3149270857984,0.6929392446633825,0.062305983504699514,0.2771868138167924,133286.70244170286,6177.540997820035,139464.2434395229,3757,24,754.9310344827586,28,1,20,30.247031677565968,0.6737351190476191,41.84626436781608,1032.6149425287347,36.87910509031195,0
4112,4,0,0,29,0.0,0.0,1.0,29,250,100,150,0.4,4,1,3,450.24882072924873,0.6929392446633825,0.055841556553516414,0.27402665486562183,132781.1547796202,6157.040692255404,138938.1954718756,3758,25,755.9310344827586,27,2,19,30.735032245644433,0.6720679012345678,42.336309523809526,1030.6547619047622,38.17239858906527,1
4113,4,0,0,29,0.0,0.0,1.0,29,400,200,200,0.5,6,2,4,450.24882072924873,0.6929392446633825,0.055841556553516414,0.27402665486562183,132781.1547796202,6156.911670918372,138938.06645053858,3759,26,756.9310344827586,27,2,19,30.735032245644433,0.6720679012345678,42.336309523809526,1030.6547619047622,38.17239858906527,0
4114,4,0,0,29,0.0,0.0,1.0,29,900,700,200,0.7777777777777778,11,7,4,446.92002667741934,0.6944786535303776,0.058459518077083716,0.27367929548832776,133011.3112953515,6089.083758503407,139100.3950538549,3760,27,757.9310344827586,27,2,19,30.587613002500483,0.6743827160493827,42.11309523809524,1031.5476190476193,38.205467372134045,0
4115,4,0,1,28,0.0,0.034482758620689655,0.9655172413793104,29,1050,800,250,0.7619047619047619,13,8,5,442.9960044841047,0.6934523809523809,0.052904922816987776,0.2724728849498124,133175.45250363325,5999.238670894442,139174.6911745277,3761,28,758.9310344827586,28,1,19,30.522689309576833,0.6726190476190477,41.95402298850575,1032.1839080459772,36.863711001642045,0
4116,4,0,0,28,0.0,0.0,1.0,28,1000,700,300,0.7,13,7,6,444.3421748174245,0.6875,0.02363065426504507,0.2743927450676671,133323.79607609982,6248.277100673799,139572.0731767736,3762,29,742.3928571428571,28,0,20,30.3378895381191,0.6741071428571429,41.810344827586206,1032.758620689655,36.88423645320196,0
4117,4,0,0,28,0.0,0.0,1.0,28,350,200,150,0.5714285714285714,5,2,3,444.3421748174245,0.6875,0.02363065426504507,0.2743927450676671,133323.79607609982,6248.277100673799,139572.0731767736,3763,30,743.3928571428571,28,0,20,30.3378895381191,0.6741071428571429,41.810344827586206,1032.758620689655,36.88423645320196,0
4118,4,0,0,28,0.0,0.0,1.0,28,600,400,200,0.6666666666666666,8,4,4,446.22434524892424,0.6877755731922398,0.026005348143576912,0.27694620891454685,133510.667450574,6315.22460703155,139825.89205760555,3764,31,744.3928571428571,27,1,20,30.100341972642184,0.6793981481481481,41.629464285714285,1033.482142857143,38.277116402116405,0
4119,4,0,0,28,0.0,0.0,1.0,28,700,500,200,0.7142857142857143,9,5,4,446.3371096825168,0.6881062610229276,0.020414773077792825,0.2775921128884909,133587.57451548323,6325.018379747723,139912.59289523095,3765,32,745.3928571428571,27,1,20,30.019702749388227,0.6801697530864198,41.55505952380952,1033.7797619047615,38.28813932980598,0
4120,4,0,0,28,0.0,0.0,1.0,28,650,400,250,0.6153846153846154,9,4,5,446.7002014139745,0.6882716049382716,0.018484250349535047,0.2781068995899904,133626.0363520408,6338.155470521534,139964.19182256234,3766,33,746.3928571428571,27,1,20,29.971454615236993,0.6805555555555556,41.51785714285714,1033.928571428571,38.293650793650784,0
4121,4,0,0,28,0.0,0.0,1.0,28,450,300,150,0.6666666666666666,6,3,3,446.4158169866985,0.6871693121693121,0.02153134635149012,0.2785089702026529,133702.97663336166,6337.424709467119,140040.4013428288,3767,34,747.3928571428571,27,1,19,29.90107913669065,0.6813271604938271,41.44345238095238,1034.2261904761904,38.304673721340386,0
4122,4,0,0,28,0.0,0.0,1.0,28,650,500,150,0.7692307692307693,8,5,3,444.785946308138,0.6889329805996472,0.024289002137102944,0.278071213914944,133779.93905895698,6300.687358276646,140080.62641723364,3768,35,748.3928571428571,27,1,19,29.865506329113934,0.6820987654320987,41.36904761904762,1034.5238095238099,38.315696649029995,0
4123,4,0,0,28,0.0,0.0,1.0,28,600,500,100,0.8333333333333334,7,5,2,440.2742735305789,0.6870590828924162,0.02272186297457024,0.27572654938845503,133843.64884727192,6185.583052582927,140029.23189985484,3769,36,749.3928571428571,28,0,19,29.91790474868093,0.679315476190476,41.30747126436783,1034.77011494253,36.95607553366178,0
4124,4,0,0,28,0.0,0.0,1.0,28,800,600,200,0.75,10,6,4,444.9275666150058,0.6879409171075838,0.017539858808598208,0.2792036750779184,133917.99610252355,6316.761626370736,140234.7577288943,3770,37,750.3928571428571,28,0,19,29.722492133999623,0.6800595238095237,41.23563218390805,1035.0574712643686,36.966338259441734,0
4125,4,0,0,28,0.0,0.0,1.0,28,500,400,100,0.8,6,4,2,444.0227709831655,0.6875,0.014660402045914234,0.27919965861297474,133992.36400118907,6299.132150878588,140291.49615206764,3771,38,751.3928571428571,28,0,20,29.670876121750407,0.6808035714285714,41.16379310344828,1035.344827586207,36.97660098522168,0
4126,4,0,0,28,0.0,0.0,1.0,28,750,500,250,0.6666666666666666,10,5,5,445.662637764674,0.6859567901234568,0.015231092436974958,0.28079862701116876,134066.75254326864,6349.7085149953855,140416.46105826402,3772,39,752.3928571428571,28,0,20,29.553389752127266,0.6815476190476191,41.09195402298851,1035.6321839080463,36.986863711001654,0
4127,4,0,0,28,0.0,0.0,1.0,28,450,400,50,0.8888888888888888,5,4,1,445.662637764674,0.6859567901234568,0.015231092436974958,0.28079862701116876,134066.75254326864,6349.7085149953855,140416.46105826402,3773,40,753.3928571428571,28,0,20,29.553389752127266,0.6815476190476191,41.09195402298851,1035.6321839080463,36.986863711001654,0
4128,4,0,0,28,0.0,0.0,1.0,28,700,500,200,0.7142857142857143,9,5,4,443.06621778186405,0.6860119047619048,0.013648613835879786,0.2794457011364355,134103.95455558857,6283.386386907117,140387.34094249568,3774,41,754.3928571428571,28,0,20,29.58310214084246,0.6819196428571428,41.05603448275862,1035.7758620689654,36.99199507389162,0
4129,4,0,0,28,0.0,0.0,1.0,28,1300,1200,100,0.9230769230769231,14,12,2,440.7542668377049,0.6852402998236331,0.009048675634447445,0.2785520611890175,134178.37406278902,6227.938177103977,140406.312239893,3775,42,755.3928571428571,28,0,20,29.567963296815055,0.6826636904761905,40.98419540229885,1036.0632183908046,37.0022577996716,0
4130,4,0,0,28,0.0,0.0,1.0,28,650,400,250,0.6153846153846154,9,4,5,439.4202335480183,0.685515873015873,0.010627129387528633,0.2779911161709043,134215.59155766948,6195.409317611314,140411.0008752808,3776,43,756.3928571428571,28,0,20,29.565018949898313,0.6830357142857142,40.94827586206897,1036.2068965517244,37.00738916256159,0
4131,4,0,0,28,0.0,0.0,1.0,28,350,100,250,0.2857142857142857,6,1,5,438.9821596472187,0.6850749559082892,0.01062418313596547,0.2782792003246958,134290.04202999084,6190.186533888239,140480.2285638791,3777,44,757.3928571428571,28,0,20,29.50137464190001,0.6837797619047619,40.8764367816092,1036.494252873564,37.01765188834157,0
4132,4,0,0,28,0.0,0.0,1.0,28,250,200,50,0.8,3,2,1,440.8462196403986,0.6838073192239859,0.013924363924364025,0.2797454243364534,134327.2750074316,6243.534276324482,140570.80928375607,3778,45,758.3928571428571,28,0,20,29.41556941556942,0.6841517857142856,40.84051724137931,1036.6379310344826,37.02278325123152,0
4133,4,0,0,28,0.0,0.0,1.0,28,750,300,450,0.4,12,3,9,440.2289740689378,0.6830908289241622,0.018366781459050685,0.2802092358756254,134439.0049048751,6236.7890408244075,140675.7939456995,3779,46,759.3928571428571,28,0,20,29.319063452479906,0.6852678571428572,40.73275862068965,1037.068965517241,37.03817733990146,0
4134,4,0,0,28,0.0,0.0,1.0,28,750,600,150,0.8,9,6,3,438.8638892921083,0.6814925044091711,0.015347102696500192,0.2801977139326536,134550.7812499999,6209.895833333318,140760.67708333323,3780,47,760.3928571428571,28,0,20,29.24196787148594,0.6863839285714286,40.62499999999999,1037.4999999999993,37.0535714285714,0
4135,4,0,0,28,0.0,0.0,1.0,28,300,100,200,0.3333333333333333,5,1,4,436.45140724735586,0.6805555555555555,0.014914744629504817,0.27894266045490285,134588.0503534152,6148.228795085203,140736.27914850038,3781,48,761.3928571428571,28,0,20,29.26705437090372,0.6867559523809523,40.58908045977011,1037.643678160919,37.05870279146139,0
4136,4,0,0,28,0.0,0.0,1.0,28,600,500,100,0.8333333333333334,7,5,2,436.5639300295735,0.6786265432098765,0.015912011863568942,0.2798735043889679,134699.88862878183,6161.022550865368,140860.9111796472,3782,49,762.3928571428571,28,0,20,29.151672433679344,0.6878720238095238,40.48132183908046,1038.074712643678,37.07409688013136,0
4137,4,0,0,28,0.0,0.0,1.0,28,600,200,400,0.3333333333333333,10,2,8,434.4069506398018,0.6778549382716049,0.013324308835444443,0.2796373861242323,134849.0785812195,6115.875404610919,140964.95398583042,3783,50,763.3928571428571,28,0,18,29.057730437589335,0.6893601190476191,40.33764367816092,1038.6494252873567,37.09462233169131,0
4138,4,0,0,28,0.0,0.0,1.0,28,500,200,300,0.4,8,2,6,434.48325996835814,0.6777998236331569,0.0171902786010667,0.27997450709190985,134886.38897146253,6121.1756011362095,141007.56457259873,3784,51,764.3928571428571,28,0,18,29.018268787459643,0.6897321428571428,40.30172413793103,1038.7931034482758,37.09975369458128,0
4139,4,0,0,28,0.0,0.0,1.0,28,700,400,300,0.5714285714285714,10,4,6,432.71398703375144,0.677744708994709,0.02505875846813188,0.2796979685625669,134998.35110731277,6083.134950125516,141081.48605743828,3785,52,765.3928571428571,28,0,19,28.951795013595095,0.6908482142857142,40.19396551724138,1039.2241379310349,37.115147783251246,0
4140,4,0,0,28,0.0,0.0,1.0,28,600,400,200,0.6666666666666666,8,4,4,430.49483175821126,0.6766975308641975,0.023480390220782743,0.27855094927897134,135035.68214096967,6026.432652926403,141062.11479389606,3786,53,766.3928571428571,28,0,19,28.97198414892637,0.6912202380952381,40.15804597701149,1039.3678160919535,37.12027914614119,0
4141,4,0,0,28,0.0,0.0,1.0,28,600,500,100,0.8333333333333334,7,5,2,432.44695681949634,0.6770833333333333,0.03305927870664638,0.2806832848881341,135147.70620706168,6088.842854075836,141236.5490611375,3787,54,767.3928571428571,28,0,19,28.808841140435725,0.6923363095238095,40.05028735632184,1039.7988505747126,37.135673234811165,0
4142,4,0,0,28,0.0,0.0,1.0,28,1000,700,300,0.7,13,7,6,431.44243259862344,0.6769731040564374,0.033908590373571856,0.2806120188303176,135222.4147220571,6068.137509908844,141290.55223196594,3788,55,768.3928571428571,28,0,20,28.76001519546899,0.6930803571428572,39.97844827586207,1040.0862068965519,37.14593596059114,0
4143,4,0,0,28,0.0,0.0,1.0,28,600,200,400,0.3333333333333333,10,2,8,432.0464882024358,0.67581569664903,0.036908050513022816,0.281296454549068,135259.776720835,6087.702305456474,141347.4790262915,3789,56,769.3928571428571,28,0,20,28.706837016574593,0.6934523809523809,39.94252873563219,1040.2298850574716,37.15106732348113,0
4144,4,0,0,28,0.0,0.0,1.0,28,450,300,150,0.6666666666666666,6,3,3,434.36023877703286,0.675650352733686,0.06400400737992751,0.2717487471271428,133806.48296092617,6024.04317776457,139830.52613869074,3790,57,770.3928571428571,28,0,18,30.10837615146045,0.6789434523809523,41.3433908045977,1034.6264367816093,36.95094417077176,2
4145,4,0,0,28,0.0,0.0,1.0,28,750,600,150,0.8,9,6,3,435.4100780885557,0.6744929453262786,0.06068750743840989,0.2726802941211983,133843.64884727192,6055.374719249594,139899.02356652153,3791,58,771.3928571428571,28,0,18,30.043737850597058,0.679315476190476,41.30747126436783,1034.77011494253,36.95607553366178,0
4146,4,0,0,28,0.0,0.0,1.0,28,250,0,250,0.0,5,0,5,434.826804949555,0.6735559964726631,0.06111045001090831,0.272589858664199,133880.81989447094,6042.993831747931,139923.81372621888,3792,59,772.3928571428571,28,0,19,30.021345272803,0.6796875,41.271551724137936,1034.9137931034488,36.961206896551744,0
4147,4,0,1,27,0.0,0.03571428571428571,0.9642857142857143,28,600,600,0,1.0,6,6,0,436.86660268020745,0.6733355379188712,0.0639684742738178,0.2744223079608454,133955.17747142963,6104.108658673553,140059.2861301032,3793,60,773.3928571428571,28,0,19,29.893592412676387,0.6804315476190474,41.19971264367817,1035.2011494252881,36.97146962233172,0
4148,4,0,0,27,0.0,0.0,1.0,27,650,600,50,0.9230769230769231,7,6,1,445.9823627396207,0.6696343779677113,0.0468195010251089,0.27969407870640783,133895.4242178643,6542.999530541395,140438.42374840568,3794,61,753.0370370370371,27,0,19,29.717978672417924,0.6832561728395061,41.25744047619048,1034.9702380952385,38.33223104056439,0
4149,4,0,0,27,0.0,0.0,1.0,27,700,400,300,0.5714285714285714,10,4,6,443.1822322263561,0.6678537511870846,0.0459050599895674,0.2788121131854418,134010.95920138893,6478.255208333339,140489.21440972228,3795,62,754.0370370370371,27,0,19,29.67387659289067,0.6844135802469136,41.145833333333336,1035.416666666667,38.34876543209878,0
4150,4,0,0,27,0.0,0.0,1.0,27,350,200,150,0.5714285714285714,5,2,3,443.0893562712613,0.668684710351377,0.04709063136998193,0.27904604799020005,134049.4819347011,6479.179731788571,140528.66166648967,3796,63,755.0370370370371,27,0,19,29.637429946831446,0.6847993827160493,41.10863095238096,1035.5654761904773,38.354276895943606,0
4151,4,0,0,27,0.0,0.0,1.0,27,650,400,250,0.6153846153846154,9,4,5,438.07083620777246,0.6658357075023742,0.04140403508491941,0.27704697843003834,134203.62822863532,6358.139128047072,140561.7673566824,3797,64,756.0370370370371,27,0,20,29.612026664751777,0.6863425925925926,40.95982142857144,1036.1607142857154,38.37632275132279,0
4152,4,0,0,27,0.0,0.0,1.0,27,550,500,50,0.9090909090909091,6,5,1,435.8172773414812,0.6663105413105413,0.03722315280104227,0.27620266939794524,134280.73459201405,6304.372829861138,140585.10742187517,3798,65,757.0370370370371,27,0,20,29.592755443886094,0.6871141975308641,40.88541666666668,1036.4583333333346,38.38734567901239,0
4153,4,0,0,27,0.0,0.0,1.0,27,500,400,100,0.8,6,4,2,435.8172773414812,0.6663105413105413,0.03722315280104227,0.27620266939794524,134280.73459201405,6304.372829861138,140585.10742187517,3799,66,758.0370370370371,27,0,20,29.592755443886094,0.6871141975308641,40.88541666666668,1036.4583333333346,38.38734567901239,0
4154,4,0,0,27,0.0,0.0,1.0,27,700,400,300,0.5714285714285714,10,4,6,433.51843706831835,0.6663105413105413,0.041082563832671504,0.2753257020104808,134357.86309966692,6249.32216376134,140607.18526342825,3800,67,759.0370370370371,27,0,20,29.57469140232526,0.6878858024691357,40.811011904761905,1036.7559523809523,38.398368606701936,0
4155,4,0,0,27,0.0,0.0,1.0,27,900,700,200,0.7777777777777778,11,7,4,433.2130528664557,0.6647673314339981,0.04433816887188491,0.27600502545513694,134473.59738166106,6251.143530328808,140724.74091198988,3801,68,760.0370370370371,27,0,20,29.46616451458632,0.6890432098765431,40.699404761904766,1037.2023809523814,38.41490299823635,0
4156,4,0,0,27,0.0,0.0,1.0,27,750,500,250,0.6666666666666666,10,5,5,439.66490476683396,0.6647673314339981,0.028277378097521844,0.2657105294025649,132517.14677640598,6257.610205218909,138774.75698162487,3802,69,761.0370370370371,26,1,20,31.27529226618705,0.6730769230769231,42.59259259259259,1029.6296296296293,39.60113960113959,6
4157,4,0,0,27,0.0,0.0,1.0,27,600,300,300,0.5,9,3,6,438.5492110910542,0.6636989553656221,0.027536376652349093,0.2655968634139469,132596.60541457086,6230.027339582363,138826.63275415322,3803,70,762.0370370370371,26,1,20,31.22346668664468,0.6738782051282051,42.51543209876542,1029.9382716049374,39.61301044634375,0
4158,4,0,0,27,0.0,0.0,1.0,27,700,400,300,0.5714285714285714,10,4,6,438.5492110910542,0.6636989553656221,0.027536376652349093,0.2655968634139469,132596.60541457086,6230.027339582363,138826.63275415322,3804,71,763.0370370370371,26,1,20,31.22346668664468,0.6738782051282051,42.51543209876542,1029.9382716049374,39.61301044634375,0
4159,4,0,0,27,0.0,0.0,1.0,27,750,600,150,0.8,9,6,3,440.2176925301505,0.6616809116809117,0.029121528297805233,0.2674552805299192,132715.83802488173,6284.771995503716,139000.61002038544,3805,72,764.0370370370371,26,1,19,31.05967001148221,0.6750801282051282,42.39969135802468,1030.4012345679002,39.63081671415001,0
4160,4,0,0,27,0.0,0.0,1.0,27,550,400,150,0.7272727272727273,7,4,3,442.096794435082,0.6607312440645774,0.025615435795076857,0.26945315573233086,132835.12421886896,6345.196521109569,139180.32073997855,3806,73,765.0370370370371,26,1,19,30.89040668662675,0.6762820512820513,42.28395061728394,1030.8641975308633,39.64862298195628,0
4161,4,0,0,27,0.0,0.0,1.0,27,900,800,100,0.8888888888888888,10,8,2,442.88015385797235,0.6601377018043685,0.02720002660149312,0.2707930529032781,132954.46399653255,6376.578694177716,139331.04269071025,3807,74,766.0370370370371,26,1,19,30.74935158860791,0.6774839743589742,42.16820987654321,1031.327160493827,39.66642924976258,0
4162,4,0,0,27,0.0,0.0,1.0,27,400,200,200,0.5,6,2,4,441.46579883690174,0.659900284900285,0.02633364861037668,0.2700617344870756,132972.93803589148,6340.600862740934,139313.53889863243,3808,75,767.0370370370371,27,0,19,30.76711513490117,0.6739969135802468,42.15029761904762,1031.3988095238096,38.19995590828925,0
4163,4,0,0,27,0.0,0.0,1.0,27,550,300,250,0.5454545454545454,8,3,5,443.00431959761454,0.6584757834757835,0.03021948665341645,0.2712814437677265,133011.3112953515,6384.917091836741,139396.22838718825,3809,76,768.0370370370371,27,0,19,30.688593960377,0.6743827160493827,42.11309523809524,1031.5476190476193,38.205467372134045,0
4164,4,0,0,27,0.0,0.0,1.0,27,550,300,250,0.5454545454545454,8,3,5,442.781247293593,0.6600189933523267,0.03260370263543022,0.27170311227732524,133088.07442247742,6385.780718537429,139473.85514101485,3810,77,769.0370370370371,27,0,19,30.616647437746366,0.6751543209876543,42.03869047619048,1031.845238095239,38.21649029982367,0
4165,4,0,0,27,0.0,0.0,1.0,27,300,200,100,0.6666666666666666,4,2,2,442.781247293593,0.6600189933523267,0.03260370263543022,0.27170311227732524,133088.07442247742,6385.780718537429,139473.85514101485,3811,78,770.0370370370371,27,0,19,30.616647437746366,0.6751543209876543,42.03869047619048,1031.845238095239,38.21649029982367,0
4166,4,0,0,27,0.0,0.0,1.0,27,700,400,300,0.5714285714285714,10,4,6,438.27300918331923,0.6608499525166193,0.030202059037122808,0.26949127585953037,133164.85969387754,6272.512755102045,139437.3724489796,3812,79,771.0370370370371,27,0,19,30.655276816609,0.6759259259259258,41.964285714285715,1032.142857142857,38.22751322751323,0
4167,4,0,0,27,0.0,0.0,1.0,27,950,700,250,0.7368421052631579,12,7,5,437.7801067632357,0.660968660968661,0.03377581357117343,0.27002276985156365,133280.0791214923,6269.473453443876,139549.55257493618,3813,80,772.0370370370371,27,0,20,30.551502377864242,0.6770833333333334,41.85267857142857,1032.5892857142853,38.244047619047606,0
4168,4,0,0,27,0.0,0.0,1.0,27,850,700,150,0.8235294117647058,10,7,3,435.00387271104034,0.6617996201329535,0.03226271064381403,0.2694230051947148,133433.7825299391,6208.842430201254,139642.62496014035,3814,81,773.0370370370371,27,0,20,30.46788732056269,0.6786265432098766,41.70386904761905,1033.184523809524,38.26609347442682,0
4169,4,1,1,27,0.03571428571428571,0.03571428571428571,0.9642857142857143,28,750,500,250,0.6666666666666666,10,5,5,425.40847717328,0.6809413580246914,0.016257218264441597,0.2656128037441838,133732.16667079524,5778.15947450124,139510.32614529648,3815,0,746.3928571428571,28,0,20,30.414814557577458,0.6781994047619048,41.415229885057464,1034.339080459769,36.94068144499175,0
4170,4,0,0,27,0.0,0.0,1.0,27,800,700,100,0.875,9,7,2,433.55894269413614,0.6648860398860399,0.026310871921366497,0.2668676473353348,133203.2606336806,6150.2929687500055,139353.5536024306,3816,83,775.0370370370371,27,0,21,30.738101244534143,0.6763117283950617,41.927083333333336,1032.291666666667,38.23302469135803,1
4171,4,0,0,27,0.0,0.0,1.0,27,800,600,200,0.75,10,6,4,434.04744289930795,0.6651234567901235,0.025410247376231876,0.2674441526496804,133241.66710955228,6166.640979308414,139408.30808886068,3817,84,776.0370370370371,27,0,21,30.686677236475454,0.6766975308641975,41.88988095238096,1032.4404761904773,38.238536155202866,0
4172,4,1,0,28,0.03571428571428571,0.0,1.0,28,500,300,200,0.6,7,3,4,420.02010368288677,0.6808311287477954,0.018368668901272978,0.2612246786289183,133587.5745154834,5622.092678217139,139209.66719370053,3818,0,749.2857142857143,27,1,22,30.699852454296824,0.6801697530864197,41.55505952380953,1033.7797619047628,38.28813932980603,0
4173,4,0,0,28,0.0,0.0,1.0,28,600,200,400,0.3333333333333333,10,2,8,421.6900014550065,0.6811067019400352,0.014701044493790727,0.26253603316392327,133626.03635204077,5669.752692743757,139295.78904478453,3819,1,750.2857142857143,27,1,22,30.61792362310497,0.6805555555555556,41.51785714285714,1033.9285714285709,38.29365079365078,0
4174,4,1,1,28,0.034482758620689655,0.034482758620689655,0.9655172413793104,29,900,600,300,0.6666666666666666,12,6,6,411.9178552560801,0.6938628899835796,0.005513412620546276,0.2587504923382786,133955.17747142952,5235.705880895763,139190.88335232527,3820,0,725.3793103448276,28,1,21,30.539266712930843,0.6804315476190477,41.19971264367816,1035.2011494252872,36.97146962233169,0
4175,4,0,0,28,0.0,0.0,1.0,28,1350,1200,150,0.8888888888888888,15,12,3,427.8338945005613,0.67961860670194,0.026046176046176095,0.26145404663923183,132934.5703125,5774.782986111111,138709.35329861112,3821,3,752.2857142857143,27,1,21,31.157407407407394,0.6736111111111112,42.1875,1031.25,38.19444444444444,1
4176,4,0,0,28,0.0,0.0,1.0,28,1150,900,250,0.782608695652174,14,9,5,424.1539986604403,0.6805555555555555,0.024515654214902094,0.2603653007161778,133101.3116825208,5691.09071541815,138792.40239793897,3822,4,753.2857142857143,28,0,21,31.083785853522695,0.671875,42.025862068965516,1031.896551724138,36.85344827586207,0
4177,4,0,0,28,0.0,0.0,1.0,28,1000,800,200,0.8,12,8,4,426.7006674074036,0.679563492063492,0.024797168310531248,0.26245013652866345,133175.45250363325,5765.210893116662,138940.6633967499,3823,5,754.2857142857143,28,0,21,30.943183927245723,0.6726190476190477,41.95402298850575,1032.1839080459772,36.863711001642045,0
4178,4,0,0,28,0.0,0.0,1.0,28,850,500,350,0.5882352941176471,12,5,7,426.2664306364953,0.679673721340388,0.01960160629796026,0.2627058808365228,133249.61396815965,5759.967465979661,139009.5814341393,3824,6,755.2857142857143,28,0,21,30.87948789312552,0.6733630952380952,41.88218390804598,1032.4712643678165,36.87397372742202,0
4179,4,0,0,28,0.0,0.0,1.0,28,1000,700,300,0.7,13,7,6,426.66787354082095,0.6795083774250441,0.024923991018023672,0.2637416459918284,133360.89487135035,5780.161885652017,139141.05675700237,3825,7,756.2857142857143,28,0,21,30.75676960170631,0.6744791666666666,41.77442528735633,1032.9022988505756,36.88936781609198,0
4180,4,0,0,28,0.0,0.0,1.0,28,600,300,300,0.5,9,3,6,427.7444257383721,0.6779651675485009,0.028949877823469805,0.2649362760968677,133435.10794441137,5815.224724203982,139250.33266861536,3826,8,757.2857142857143,28,0,21,30.65405831363278,0.6752232142857142,41.70258620689655,1033.1896551724135,36.89963054187191,0
4181,4,0,0,28,0.0,0.0,1.0,28,500,300,200,0.6,7,3,4,428.0193912780712,0.6797288359788359,0.027146971099454742,0.2656474238093124,133510.667450574,5829.036083118219,139339.70353369223,3827,9,758.2857142857143,27,1,22,30.570704343652505,0.6793981481481481,41.629464285714285,1033.482142857143,38.277116402116405,0
4182,4,0,0,28,0.0,0.0,1.0,28,800,600,200,0.75,10,6,4,426.26933838899157,0.6781856261022927,0.02571284665830631,0.26566328542287926,133664.503724667,5795.415913761348,139459.91963842837,3828,10,759.2857142857143,27,1,23,30.46076773636495,0.6809413580246912,41.480654761904766,1034.0773809523814,38.29916225749561,0
4183,4,0,0,28,0.0,0.0,1.0,28,700,400,300,0.5714285714285714,10,4,6,423.9955512325093,0.6781305114638447,0.02417338149485948,0.26446446947760865,133695.01626701027,5737.218423834071,139432.23469084434,3829,11,760.2857142857143,28,0,23,30.48879318329166,0.6778273809523809,41.45114942528736,1034.1954022988514,36.935550082101834,0
4184,4,0,0,28,0.0,0.0,1.0,28,900,800,100,0.8888888888888888,10,8,2,425.8356481481477,0.6781305114638447,0.022152777777777466,0.2661472800925926,133769.32223543414,5792.749207292923,139562.07144272706,3830,12,761.2857142857143,28,0,20,30.366319444444425,0.6785714285714285,41.379310344827594,1034.482758620691,36.945812807881815,0
4185,4,0,0,28,0.0,0.0,1.0,28,550,400,150,0.7272727272727273,7,4,3,426.3302465967787,0.6763668430335097,0.02531042964255925,0.26699395095565254,133843.64884727195,5812.319163694038,139655.968010966,3831,13,762.2857142857143,28,0,20,30.27862630750717,0.679315476190476,41.30747126436783,1034.7701149425302,36.956075533661796,0
4186,4,0,0,28,0.0,0.0,1.0,28,650,500,150,0.7692307692307693,8,5,3,425.8502726487744,0.6768628747795414,0.030331119262416717,0.26750228547815347,133955.17747142955,5808.9697697846495,139764.1472412142,3832,14,763.2857142857143,28,0,20,30.178695350451076,0.6804315476190477,41.19971264367816,1035.2011494252874,36.971469622331696,0
4187,4,0,0,28,0.0,0.0,1.0,28,700,400,300,0.5714285714285714,10,4,6,426.2071827922101,0.6773589065255732,0.03133301613734618,0.2679972913787667,133992.36400118907,5821.701595323031,139814.0655965121,3833,15,764.2857142857143,28,0,20,30.132008048848196,0.6808035714285714,41.16379310344828,1035.344827586207,36.97660098522168,0
4188,4,0,0,28,0.0,0.0,1.0,28,800,600,200,0.75,10,6,4,426.2364050300789,0.675650352733686,0.038072449121138385,0.2688309924638531,134103.95455558866,5831.997498018243,139935.9520536069,3834,16,765.2857142857143,28,0,20,30.018899986128453,0.6819196428571428,41.056034482758626,1035.775862068966,36.991995073891644,0
4189,4,0,0,28,0.0,0.0,1.0,28,550,400,150,0.7272727272727273,7,4,3,426.87013913869816,0.675705467372134,0.03533782445016853,0.2695038268993008,134141.16172876215,5852.171274276669,139993.33300303883,3835,17,766.2857142857143,28,0,20,29.96503698566806,0.6822916666666666,41.02011494252874,1035.9195402298858,36.997126436781635,0
4190,4,0,0,28,0.0,0.0,1.0,28,350,300,50,0.8571428571428571,4,3,1,426.87013913869816,0.675705467372134,0.03533782445016853,0.2695038268993008,134141.16172876215,5852.171274276669,139993.33300303883,3836,18,767.2857142857143,28,0,20,29.96503698566806,0.6822916666666666,41.02011494252874,1035.9195402298858,36.997126436781635,0
4191,4,0,0,28,0.0,0.0,1.0,28,750,500,250,0.6666666666666666,10,5,5,426.8083729311688,0.6762566137566137,0.03303026701529199,0.27001245487540265,134215.59155766948,5856.867650944647,140072.45920861413,3837,19,768.2857142857143,28,0,21,29.891731373636524,0.6830357142857142,40.94827586206897,1036.2068965517244,37.00738916256159,0
4192,4,0,0,28,0.0,0.0,1.0,28,450,300,150,0.6666666666666666,6,3,3,427.9932998469154,0.6765873015873015,0.028139728306071587,0.2713131515901273,134290.04202999081,5895.047644999351,140185.08967499016,3838,20,769.2857142857143,28,0,21,29.786121892616215,0.6837797619047619,40.8764367816092,1036.4942528735637,37.01765188834156,0
4193,4,1,1,28,0.034482758620689655,0.034482758620689655,0.9655172413793104,29,850,700,150,0.8235294117647058,10,7,3,418.84191999616843,0.687807881773399,0.020217157857057133,0.26851223353791653,134699.88862878198,5483.844877130413,140183.7335059124,3839,0,743.7241379310345,28,1,21,29.611591695501723,0.6878720238095237,40.481321839080465,1038.074712643679,37.07409688013139,0
4194,4,0,0,28,0.0,0.0,1.0,28,550,400,150,0.7272727272727273,7,4,3,428.3595890148171,0.673941798941799,0.031846062524732544,0.273211681332772,134513.51730743825,5924.030998150348,140437.5483055886,3840,22,771.2857142857143,28,0,21,29.551881348107106,0.6860119047619048,40.660919540229884,1037.3563218390805,37.04844006568145,0
4195,4,0,0,28,0.0,0.0,1.0,28,550,400,150,0.7272727272727273,7,4,3,427.6409495649658,0.6743827160493827,0.027181373051156754,0.27332175447447343,134589.38148827234,5911.1913410547195,140500.57282932705,3841,23,772.2857142857143,27,1,21,29.49426956355466,0.6902006172839507,40.58779761904761,1037.648809523809,38.4314373897707,0
4196,4,0,0,28,0.0,0.0,1.0,28,450,300,150,0.6666666666666666,6,3,3,428.0929109502568,0.6760912698412698,0.02826015727391873,0.27448310172692936,134705.2154195011,5933.269557823126,140638.48497732423,3842,24,773.2857142857143,27,1,21,29.36616016819572,0.691358024691358,40.476190476190474,1038.0952380952378,38.44797178130511,0
4197,4,0,0,28,0.0,0.0,1.0,28,800,500,300,0.625,11,5,6,430.69026537989123,0.6744929453262786,0.028764866026651292,0.2770310932798394,134821.09917534707,6013.226996527756,140834.32617187483,3843,25,774.2857142857143,27,1,20,29.18233868271481,0.6925154320987655,40.36458333333332,1038.5416666666654,38.46450617283946,0
4198,4,0,0,28,0.0,0.0,1.0,28,600,200,400,0.3333333333333333,10,2,8,431.24600550369706,0.6733355379188712,0.031560748045995624,0.2782772283204075,134937.03275581048,6038.211274092939,140975.2440299034,3844,26,775.2857142857143,27,1,20,29.05148954454311,0.6936728395061729,40.252976190476176,1038.9880952380936,38.481040564373835,0
4199,4,0,0,28,0.0,0.0,1.0,28,550,500,50,0.9090909090909091,6,5,1,431.1928424853068,0.673941798941799,0.03163294531617611,0.27854020527982387,134975.68835476888,6040.110145620733,141015.79850038962,3845,27,776.2857142857143,27,1,20,29.014063917132077,0.6940586419753088,40.2157738095238,1039.136904761904,38.48655202821866,0
4200,4,0,0,28,0.0,0.0,1.0,28,750,500,250,0.6666666666666666,10,5,5,429.5305804487137,0.673941798941799,0.032643469331332,0.2779270321078705,135035.68214096958,6000.390986259719,141036.0731272293,3846,28,777.2857142857143,28,0,20,28.997039443369275,0.6912202380952381,40.15804597701148,1039.3678160919528,37.12027914614117,0
4201,4,0,0,28,0.0,0.0,1.0,28,600,300,300,0.5,9,3,6,432.1108215742327,0.6720679012345678,0.042069632495164155,0.2807556666565795,135185.05788413258,6082.985285374541,141268.04316950712,3847,29,778.2857142857143,28,0,20,28.780107304043465,0.6927083333333334,40.01436781609195,1039.9425287356316,37.14080459770113,0
4202,4,0,0,28,0.0,0.0,1.0,28,200,100,100,0.5,3,1,2,432.1108215742327,0.6720679012345678,0.042069632495164155,0.2807556666565795,135185.05788413258,6082.985285374541,141268.04316950712,3848,30,779.2857142857143,28,0,20,28.780107304043465,0.6927083333333334,40.01436781609195,1039.9425287356316,37.14080459770113,0
4203,4,0,0,28,0.0,0.0,1.0,28,450,300,150,0.6666666666666666,6,3,3,434.9731383365507,0.6724537037037037,0.04535452805241458,0.28290840506902876,135222.4147220571,6163.623621019956,141386.03834307703,3849,31,780.2857142857143,28,0,20,28.668209237003268,0.6930803571428572,39.97844827586207,1040.0862068965519,37.14593596059114,0
4204,4,0,0,28,0.0,0.0,1.0,28,550,300,250,0.5454545454545454,8,3,5,436.3528834507291,0.671792328042328,0.0487613656535375,0.28498682911033657,135371.8936822896,6213.983229290529,141585.87691158013,3850,32,781.2857142857143,28,0,20,28.482385291545853,0.6945684523809523,39.83477011494253,1040.66091954023,37.16646141215107,0
4205,4,0,0,28,0.0,0.0,1.0,28,900,800,100,0.8888888888888888,10,8,2,435.1744745600828,0.6711860670194003,0.04944221065909815,0.2857015028633586,135558.85850178357,6198.351004095654,141757.20950587923,3851,33,782.2857142857143,28,0,20,28.325630058866814,0.6964285714285714,39.6551724137931,1041.3793103448274,37.19211822660098,0
4206,4,0,0,28,0.0,0.0,1.0,28,750,700,50,0.9333333333333333,8,7,1,433.6530290600026,0.6721230158730158,0.047212643091803175,0.28560723014572703,135672.43580374864,6166.973192662799,141839.40899641142,3852,34,783.2857142857143,27,1,20,28.251470028091227,0.7010030864197531,39.546130952380956,1041.8154761904766,38.58575837742506,0
4207,4,0,0,28,0.0,0.0,1.0,28,850,500,350,0.5882352941176471,12,5,7,431.45545961854793,0.6707451499118166,0.04671114375484575,0.284468091172229,135711.19658801015,6110.667339852603,141821.86392786275,3853,35,784.2857142857143,27,1,20,28.269899076454358,0.7013888888888888,39.50892857142857,1041.9642857142853,38.59126984126983,0
4208,4,0,0,28,0.0,0.0,1.0,28,850,800,50,0.9411764705882353,9,8,1,429.9052740034984,0.6704144620811288,0.04285306355551932,0.2840619376528776,135788.73476473923,6075.258645124717,141863.99340986394,3854,36,785.2857142857143,27,1,20,28.232676565771946,0.7021604938271604,39.43452380952381,1042.2619047619048,38.60229276895944,0
4209,4,0,0,28,0.0,0.0,1.0,28,600,300,300,0.5,9,3,6,429.2678784605243,0.6688712522045855,0.04099547326781128,0.2842581055287745,135866.29508574266,6064.607249149669,141930.90233489234,3855,37,786.2857142857143,27,1,20,28.171686173755838,0.7029320987654322,39.36011904761905,1042.559523809524,38.61331569664904,0
4210,4,0,0,28,0.0,0.0,1.0,28,950,700,250,0.7368421052631579,12,7,5,427.85342317170677,0.6685405643738976,0.03899531281842261,0.28455906038270085,136021.48216057272,6039.451353458069,142060.9335140308,3856,38,787.2857142857143,27,1,21,28.05337612933904,0.7044753086419753,39.21130952380953,1043.154761904763,38.635361552028264,0
4211,4,0,0,28,0.0,0.0,1.0,28,700,600,100,0.8571428571428571,8,6,2,431.671586965789,0.6646825396825397,0.04213002566295976,0.2883566200931471,136176.7578125,6156.727430555555,142333.48524305556,3857,39,788.2857142857143,27,1,21,27.798569527611438,0.7060185185185185,39.0625,1043.75,38.657407407407405,0
4212,4,0,0,28,0.0,0.0,1.0,28,550,400,150,0.7272727272727273,7,4,3,427.68593229876666,0.6625330687830687,0.046319959110657116,0.28645102949448276,136270.5014904545,6056.195294953106,142326.6967854076,3858,40,789.2857142857143,28,0,21,27.80893078299161,0.7034970238095237,38.97270114942529,1044.109195402299,37.28961412151068,0
4213,4,0,0,28,0.0,0.0,1.0,28,600,400,200,0.6666666666666666,8,4,4,428.55663142162945,0.6627535273368607,0.04231766994870578,0.2876434121702517,136345.5196566588,6086.35532269786,142431.87497935668,3859,41,790.2857142857143,28,0,21,27.711285367083967,0.7042410714285714,38.90086206896552,1044.3965517241386,37.29987684729066,0
4214,4,0,0,28,0.0,0.0,1.0,28,850,700,150,0.8235294117647058,10,7,3,426.83567755814005,0.6626432980599647,0.046294477081163965,0.28709733686634964,136420.55846627703,6045.832301162655,142466.39076743968,3860,42,791.2857142857143,28,0,21,27.681313895383497,0.704985119047619,38.829022988505756,1044.683908045978,37.310139573070636,0
4215,4,0,0,28,0.0,0.0,1.0,28,800,500,300,0.625,11,5,6,426.34309710567214,0.6604387125220458,0.04314882834750833,0.28737658436047764,136495.61791930906,6038.792897014147,142534.41081632322,3861,43,792.2857142857143,28,0,21,27.619276777120866,0.7057291666666665,38.75718390804598,1044.9712643678165,37.32040229885059,0
4216,4,0,0,28,0.0,0.0,1.0,28,900,600,300,0.6666666666666666,12,6,6,424.534429210803,0.6604387125220458,0.03972017673048578,0.28676768546969283,136570.69801575504,5995.7926658079,142566.49068156295,3862,44,793.2857142857143,28,0,21,27.591638029782352,0.7064732142857142,38.685344827586206,1045.2586206896551,37.33066502463054,0
4217,4,0,0,28,0.0,0.0,1.0,28,600,500,100,0.8333333333333334,7,5,2,424.534429210803,0.6604387125220458,0.03972017673048578,0.28676768546969283,136570.69801575504,5995.7926658079,142566.49068156295,3863,45,794.2857142857143,28,0,21,27.591638029782352,0.7064732142857142,38.685344827586206,1045.2586206896551,37.33066502463054,0
4218,4,0,0,28,0.0,0.0,1.0,28,950,800,150,0.8421052631578947,11,8,3,425.70936016427936,0.6591710758377425,0.042123032230204416,0.28848349378730204,136683.35686682517,6037.476879376398,142720.83374620156,3864,46,795.2857142857143,28,0,21,27.448589356050192,0.7075892857142856,38.57758620689655,1045.6896551724135,37.346059113300484,0
4219,4,0,0,28,0.0,0.0,1.0,28,650,500,150,0.7692307692307693,8,5,3,423.92482095086126,0.6597773368606702,0.04167892950340413,0.2881976303775184,136796.0621655767,5998.2492320650035,142794.3113976417,3865,47,796.2857142857143,28,0,22,27.382914434830372,0.7087053571428571,38.4698275862069,1046.1206896551726,37.36145320197045,0
4220,4,0,0,28,0.0,0.0,1.0,28,500,400,100,0.8,6,4,2,427.79014024908093,0.6597773368606702,0.03803269347898697,0.2877393256013937,136420.55846627682,6071.873967829291,142492.43243410613,3866,48,797.2857142857143,28,0,20,27.656386100032083,0.7049851190476191,38.82902298850574,1044.6839080459763,37.31013957307058,1
4221,4,0,0,28,0.0,0.0,1.0,28,700,500,200,0.7142857142857143,9,5,4,426.6610763817793,0.6585648148148148,0.038307045628646064,0.28759091830627254,136495.61791930906,6047.4734525697,142543.09137187878,3867,49,798.2857142857143,28,0,20,27.61096979696595,0.7057291666666666,38.75718390804598,1044.9712643678165,37.32040229885059,0
4222,4,0,0,28,0.0,0.0,1.0,28,750,700,50,0.9333333333333333,8,7,1,426.12345154166826,0.6576829805996472,0.041998036327933086,0.2878410501360851,136570.69801575504,6039.195443585677,142609.89345934073,3868,50,799.2857142857143,28,0,21,27.550114547537223,0.7064732142857142,38.685344827586206,1045.2586206896551,37.33066502463054,0
4223,4,0,0,28,0.0,0.0,1.0,28,800,600,200,0.75,10,6,4,428.0820698751948,0.6588955026455026,0.03743202654154998,0.28978169511458535,136645.79875561502,6099.123274210601,142744.92202982563,3869,51,800.2857142857143,28,0,21,27.424018597407358,0.7072172619047619,38.61350574712644,1045.5459770114944,37.340927750410515,0
4224,4,0,0,28,0.0,0.0,1.0,28,450,400,50,0.8888888888888888,5,4,1,429.99317471151255,0.6571318342151675,0.03884462151394419,0.2916980725745667,136720.92013888893,6157.812500000011,142878.73263888893,3870,52,801.2857142857143,28,0,21,27.29913678618859,0.7079613095238095,38.54166666666667,1045.8333333333337,37.35119047619049,0
4225,4,0,0,28,0.0,0.0,1.0,28,450,400,50,0.8888888888888888,5,4,1,429.99317471151255,0.6571318342151675,0.03884462151394419,0.2916980725745667,136720.92013888893,6157.812500000011,142878.73263888893,3871,53,802.2857142857143,28,0,21,27.29913678618859,0.7079613095238095,38.54166666666667,1045.8333333333337,37.35119047619049,0
4226,4,0,0,28,0.0,0.0,1.0,28,1300,1100,200,0.8461538461538461,15,11,4,433.2236536842705,0.654155643738977,0.04279341111873691,0.2957857841696262,136946.40814919415,6265.684659466257,143212.0928086604,3872,54,803.2857142857143,28,0,21,26.989819263326474,0.7101934523809523,38.32614942528736,1046.6954022988511,37.381978653530396,0
4227,4,0,0,28,0.0,0.0,1.0,28,650,500,150,0.7692307692307693,8,5,3,444.0153673124408,0.654155643738977,0.07483443050058658,0.272828262053487,133138.37951265028,6223.097296538513,139361.47680918878,3873,55,804.2857142857143,28,0,21,30.533899484894892,0.672247023809524,41.98994252873563,1032.0402298850574,36.858579638752055,6
4228,4,0,0,28,0.0,0.0,1.0,28,1100,900,200,0.8181818181818182,13,9,4,444.625538191775,0.6536596119929453,0.07467984409799566,0.27347515979192716,133175.45250363313,6242.641448672204,139418.09395230532,3874,56,805.2857142857143,28,0,21,30.480639847809957,0.6726190476190477,41.95402298850574,1032.1839080459763,36.86371100164201,0
4229,4,0,0,28,0.0,0.0,1.0,28,650,400,250,0.6153846153846154,9,4,5,441.57552230893333,0.6539902998236331,0.07408254144964399,0.27214079788267553,133249.61396815965,6167.953577090773,139417.56754525044,3875,57,806.2857142857143,28,0,21,30.484332962241403,0.6733630952380952,41.88218390804598,1032.4712643678165,36.87397372742202,0
4230,4,0,0,28,0.0,0.0,1.0,28,650,300,350,0.46153846153846156,10,3,7,444.893272807227,0.6528328924162257,0.07938219104584343,0.27500754412821626,133360.89487135017,6266.272996763099,139627.16786811326,3876,58,807.2857142857143,28,0,21,30.286143181712795,0.6744791666666667,41.774425287356316,1032.9022988505742,36.889367816091934,0
4231,4,1,0,29,0.034482758620689655,0.0,1.0,29,250,200,50,0.8,3,2,1,432.47526860284137,0.6707717569786535,0.07364350061369551,0.26943752089942696,133651.6806520061,5760.209297839493,139411.8899498456,3877,0,780.4137931034483,29,0,22,30.31326953212447,0.6742097701149425,41.49305555555555,1034.0277777777771,35.65613026819921,0
4232,4,0,0,29,0.0,0.0,1.0,29,700,600,100,0.8571428571428571,8,6,2,432.47526860284137,0.6707717569786535,0.07364350061369551,0.26943752089942696,133651.6806520061,5760.209297839493,139411.8899498456,3878,1,781.4137931034483,29,0,22,30.31326953212447,0.6742097701149425,41.49305555555555,1034.0277777777771,35.65613026819921,0
4233,4,0,0,29,0.0,0.0,1.0,29,550,400,150,0.7272727272727273,7,4,3,432.47526860284137,0.6707717569786535,0.07364350061369551,0.26943752089942696,133651.6806520061,5760.209297839493,139411.8899498456,3879,2,782.4137931034483,29,0,22,30.31326953212447,0.6742097701149425,41.49305555555555,1034.0277777777771,35.65613026819921,0
4234,4,0,0,29,0.0,0.0,1.0,29,850,700,150,0.8235294117647058,10,7,3,436.15516797643454,0.6708743842364532,0.07334589721387474,0.272258804352096,133723.4977816357,5864.838927469127,139588.33670910483,3880,3,783.4137931034483,29,0,18,30.145668278053815,0.6749281609195403,41.42361111111111,1034.3055555555547,35.66570881226051,0
4235,4,0,0,29,0.0,0.0,1.0,29,550,500,50,0.9090909090909091,6,5,1,434.9204068130464,0.6698481116584565,0.07027094588026128,0.2720169698027189,133795.33420138888,5838.064236111106,139633.39843749997,3881,4,784.4137931034483,29,0,18,30.105131561283386,0.6756465517241379,41.354166666666664,1034.5833333333333,35.67528735632184,0
4236,4,0,0,29,0.0,0.0,1.0,29,400,100,300,0.25,7,1,6,431.37267899122327,0.6696428571428571,0.06997440750836526,0.2703244601483266,133867.18991126536,5749.329668209874,139616.51957947525,3882,5,785.4137931034483,29,0,18,30.12445197512639,0.6763649425287357,41.28472222222222,1034.8611111111106,35.68486590038312,0
4237,4,0,0,29,0.0,0.0,1.0,29,750,600,150,0.8,9,6,3,432.77761415709955,0.6686165845648604,0.07771805001711662,0.2720003655924975,133975.00964506174,5796.277006172843,139771.28665123458,3883,6,786.4137931034483,29,0,19,29.979429389142297,0.677442528735632,41.18055555555556,1035.2777777777778,35.6992337164751,0
4238,4,0,0,29,0.0,0.0,1.0,29,750,500,250,0.6666666666666666,10,5,5,436.5732521616629,0.6670771756978653,0.07793288342423943,0.27600308992593264,134190.77932098764,5916.82098765432,140107.60030864197,3884,7,787.4137931034483,29,0,19,29.663762287756924,0.6795977011494253,40.97222222222222,1036.111111111111,35.727969348659,0
4239,4,0,0,29,0.0,0.0,1.0,29,900,800,100,0.8888888888888888,10,8,2,435.69918912304047,0.6663587848932676,0.07957559681697601,0.27599213490968855,134262.74112654335,5899.633487654338,140162.37461419767,3885,8,788.4137931034483,29,0,20,29.61393281515233,0.680316091954023,40.902777777777786,1036.3888888888898,35.737547892720336,0
4240,4,0,0,29,0.0,0.0,1.0,29,450,300,150,0.6666666666666666,6,3,3,446.5710080710583,0.6663587848932676,0.07618295086074389,0.267456795377788,132176.29320666546,6005.5287420545965,138181.82194872005,3886,9,789.4137931034483,28,1,19,31.443575054724985,0.6625744047619047,42.92385057471265,1028.3045977011504,36.725164203612515,3
4241,4,0,0,29,0.0,0.0,1.0,29,800,600,200,0.75,10,6,4,446.8332667017507,0.666256157635468,0.07362873466870923,0.2678754206910496,132213.23201545782,6015.454072532706,138228.68608799053,3887,10,790.4137931034483,28,1,19,31.399308466051973,0.6629464285714286,42.88793103448276,1028.4482758620693,36.73029556650248,0
4242,4,0,0,29,0.0,0.0,1.0,29,500,400,100,0.8,6,4,2,447.4118412767088,0.6666666666666666,0.07079586341764177,0.2684846078541458,132250.17598510374,6034.058949332813,138284.23493443654,3888,11,791.4137931034483,28,1,19,31.346905992457053,0.6633184523809523,42.85201149425288,1028.5919540229888,36.73542692939246,0
4243,4,0,0,29,0.0,0.0,1.0,29,650,500,150,0.7692307692307693,8,5,3,443.5008341286793,0.6637931034482758,0.07291355718398829,0.2669204179856809,132361.03885916245,5940.446228035425,138301.48508719789,3889,12,792.4137931034483,28,1,19,31.334939030066096,0.6644345238095237,42.74425287356323,1029.022988505748,36.750821018062425,0
4244,4,0,0,29,0.0,0.0,1.0,29,600,400,200,0.6666666666666666,8,4,4,445.88444408578357,0.6620484400656814,0.07499013540954902,0.2694104490993869,132508.9282765228,6016.73396419609,138525.6622407189,3890,13,793.4137931034483,28,1,21,31.123534747418375,0.665922619047619,42.60057471264369,1029.5977011494267,36.77134646962238,0
4245,4,0,0,29,0.0,0.0,1.0,29,450,200,250,0.4444444444444444,7,2,5,461.1477458650652,0.6620484400656814,0.03328831837439128,0.25501939065704493,129091.85751502837,6121.6954022988475,135213.5529173272,3891,14,794.4137931034483,28,1,18,34.22522267778877,0.6313244047619048,45.94109195402299,1016.2356321839078,36.29412972085385,8
4246,4,1,1,29,0.03333333333333333,0.03333333333333333,0.9666666666666667,30,600,400,200,0.6666666666666666,8,4,4,446.488223376679,0.6851532567049808,0.02124464529492065,0.24874768762629934,129384.04439572601,5553.736870788747,134937.78126651476,3892,0,768.9,28,2,19,34.297474462175764,0.6343005952380952,45.65373563218391,1017.3850574712645,36.335180623973734,0
4247,4,2,0,31,0.06451612903225806,0.0,1.0,31,700,400,300,0.5714285714285714,10,4,6,431.41619857354794,0.6955197132616487,0.04538006352330304,0.24424742838284977,130014.58574459873,5018.079668209874,135032.66541280862,3893,0,745.0322580645161,29,2,20,34.03510713150847,0.6375718390804597,45.03472222222222,1019.8611111111109,35.16762452107279,0
4248,4,1,1,31,0.03125,0.03125,0.96875,32,1000,900,100,0.9,11,9,2,422.1742396223409,0.7122815860215055,-0.06378577817531306,0.23769320858161408,129797.77865939651,4559.455702039907,134357.23436143642,3894,0,722.71875,31,1,20,34.49239713774597,0.629704301075269,45.24739583333332,1019.0104166666652,32.871303763440814,8
4249,4,1,1,31,0.03125,0.03125,0.96875,32,1000,800,200,0.8,12,8,4,411.0770794209619,0.7190860215053764,-0.044669070717385906,0.23302299856612257,130063.28158908409,4293.206787109359,134356.48837619345,3895,0,723.65625,31,1,20,34.50397838481831,0.6323924731182797,44.98697916666666,1020.0520833333323,32.90490591397846,0
4250,4,1,0,32,0.03125,0.0,1.0,32,850,600,250,0.7058823529411765,11,6,5,408.48075296956057,0.7111475134408602,-0.02808473657354238,0.2325403502199261,130229.35867309559,4239.237297905804,134468.5959710014,3896,0,724.625,31,1,21,34.400779223540425,0.6340725806451614,44.82421874999999,1020.7031249999991,32.925907258064484,0
4251,4,0,1,31,0.0,0.03125,0.96875,32,1000,800,200,0.8,12,8,4,409.9942234546734,0.710895497311828,-0.026356477939301293,0.23400106989312558,130329.05578613273,4286.83200412325,134615.88779025598,3897,1,725.625,31,1,21,34.26049902235824,0.6350806451612904,44.72656249999999,1021.0937499999993,32.93850806451611,0
4252,4,1,0,32,0.03125,0.0,1.0,32,600,500,100,0.8333333333333334,7,5,2,407.6404916774492,0.7232862903225807,-0.03203055307760905,0.23365631396588318,130495.3024122449,4239.033847384973,134734.33625962987,3898,0,700.84375,31,1,18,34.15118835223653,0.636760752688172,44.56380208333333,1021.7447916666657,32.95950940860212,0
4253,4,2,0,34,0.058823529411764705,0.0,1.0,34,500,300,200,0.6,7,3,4,388.2930039597004,0.7468062982768866,-0.015011824768196513,0.22029512570776608,130096.48852878137,3308.4094577365368,133404.8979865179,3899,0,660.5588235294117,31,3,21,35.05118591788981,0.632728494623656,44.95442708333333,1020.1822916666658,32.909106182795675,2
4254,4,0,0,34,0.0,0.0,1.0,34,450,100,350,0.2222222222222222,8,1,7,388.5236943873137,0.7461007130124777,-0.011455424436236816,0.22061388907383966,130129.69970703115,3311.694335937486,133441.39404296863,3900,1,661.5588235294117,31,3,21,35.01148545176109,0.6330645161290323,44.92187499999999,1020.3124999999992,32.913306451612875,0
4255,4,0,0,34,0.0,0.0,1.0,34,800,600,200,0.75,10,6,4,388.28572546607745,0.7462492572786691,-0.008428020353331123,0.22085511728614757,130196.13477918827,3310.660129123255,133506.79490831154,3901,2,662.5588235294117,31,3,21,34.949923449859675,0.633736559139785,44.85677083333333,1020.5729166666658,32.921706989247284,0
4256,4,0,0,34,0.0,0.0,1.0,34,300,200,100,0.6666666666666666,4,2,2,388.28572546607745,0.7462492572786691,-0.008428020353331123,0.22085511728614757,130196.13477918827,3310.660129123255,133506.79490831154,3902,3,663.5588235294117,31,3,21,34.949923449859675,0.633736559139785,44.85677083333333,1020.5729166666658,32.921706989247284,0
4257,4,2,1,35,0.05555555555555555,0.027777777777777776,0.9722222222222222,36,650,400,250,0.6153846153846154,9,4,5,366.8587105624143,0.764186507936508,-0.003395061728394655,0.21164925609370056,130746.3842975207,2393.106945027338,133139.49124254804,3903,0,627.6388888888889,32,4,19,34.93827160493828,0.63671875,44.31818181818182,1022.727272727273,31.96022727272728,0
4258,4,2,1,36,0.05405405405405406,0.02702702702702703,0.972972972972973,37,550,300,250,0.5454545454545454,8,3,5,358.8264920674895,0.7782782782782782,0.018298202508728822,0.2094825051455454,131202.54229142627,2015.7896001537779,133218.33189158005,3904,0,611.6216216216217,33,4,20,34.68201754385966,0.638888888888889,43.87254901960784,1024.509803921568,31.045751633986907,0
4259,4,0,2,34,0.0,0.05555555555555555,0.9444444444444444,36,700,400,300,0.5714285714285714,10,4,6,370.09055180140774,0.7721891534391535,0.020566239316239576,0.21567345949806144,131134.06795224952,2506.2959136822446,133640.36386593175,3905,1,629.6111111111111,32,4,20,34.462832840236686,0.6406250000000002,43.93939393939392,1024.2424242424222,32.007575757575694,0
4260,4,0,0,34,0.0,0.0,1.0,34,1000,800,200,0.8,12,8,4,393.58330028196923,0.7510398098633393,0.03540770045046804,0.22785929011761435,130880.75798141393,3502.496133946108,134383.25411536003,3906,2,667.2941176470588,30,4,21,34.118448706160514,0.6434027777777779,44.18682795698924,1023.2526881720422,34.10842293906807,0
4261,4,0,0,34,0.0,0.0,1.0,34,650,300,350,0.46153846153846156,10,3,7,392.9246624784497,0.7538250148544267,0.033025496888175354,0.22849618921838405,131052.73189097011,3498.770089027641,134551.50197999776,3907,3,668.2941176470588,30,4,21,33.96068521921764,0.6451388888888889,44.01881720430108,1023.9247311827962,34.130824372759875,0
4262,4,0,0,34,0.0,0.0,1.0,34,800,500,300,0.625,11,5,6,393.7339969017012,0.7538621509209745,0.029965151583135397,0.2294156755280578,131128.0059814453,3525.9107801649297,134653.91676161025,3908,4,669.2941176470588,31,3,22,33.86356894652091,0.6431451612903225,43.9453125,1024.21875,33.03931451612903,0
4263,4,0,1,33,0.0,0.029411764705882353,0.9705882352941176,34,700,300,400,0.42857142857142855,11,3,8,395.4244662467258,0.7532308377896614,0.03329048555008374,0.23140416162289787,131294.7612338595,3583.4321763780285,134878.19341023752,3909,5,670.2941176470588,31,3,22,33.65108732477873,0.6448252688172043,43.78255208333333,1024.8697916666658,33.06031586021503,0
4264,4,1,1,33,0.029411764705882353,0.029411764705882353,0.9705882352941176,34,1200,1100,100,0.9166666666666666,13,11,2,394.9834649077802,0.7507055852644089,0.021025472522384847,0.23235883144724295,131495.0074089897,3587.67072889539,135082.6781378851,3910,0,670.3235294117648,31,3,22,33.45935952773898,0.6468413978494624,43.58723958333333,1025.6510416666658,33.08551747311825,0
4265,4,0,0,33,0.0,0.0,1.0,33,550,400,150,0.7272727272727273,7,4,3,405.4149224709664,0.7442392676767677,0.030144167758846763,0.23831401066667746,131465.92994854887,4059.6499595328846,135525.57990808177,3911,7,691.6363636363636,30,3,22,33.221384884228925,0.6493055555555556,43.61559139784946,1025.5376344086014,34.18458781362005,0
4266,4,0,0,33,0.0,0.0,1.0,33,1200,900,300,0.75,15,9,6,403.4557845566793,0.7419507575757577,0.036795402955696055,0.23845111229681148,131672.772863915,4024.82837611286,135697.60124002784,3912,8,692.6363636363636,30,3,20,33.061867033350794,0.6513888888888888,43.41397849462366,1026.3440860215062,34.21146953405021,0
4267,4,1,1,33,0.029411764705882353,0.029411764705882353,0.9705882352941176,34,900,600,300,0.6666666666666666,12,6,6,395.50402815094475,0.7450237670825907,0.03409260308279394,0.23574907780719476,131996.29041883687,3641.0129123263946,135637.30333116328,3913,0,673.2352941176471,31,3,20,32.93841865179929,0.6518817204301075,43.098958333333336,1027.6041666666672,33.14852150537636,0
4268,4,0,0,33,0.0,0.0,1.0,33,850,600,250,0.7058823529411765,11,6,5,404.84412176495584,0.7408459595959597,0.035242535242534956,0.24101467809745514,131948.8163371489,4083.7405335877042,136032.5568707366,3914,10,694.6363636363636,30,3,20,32.74654413047269,0.6541666666666666,43.145161290322584,1027.4193548387102,34.247311827957006,0
4269,4,2,1,34,0.05714285714285714,0.02857142857142857,0.9714285714285714,35,1000,800,200,0.8,12,8,4,382.4177085583749,0.7615546218487395,0.03161988857353082,0.2309802959692585,132495.48037190086,3133.723599632697,135629.20397153357,3915,0,655.8857142857142,32,3,21,32.77072602403727,0.654296875,42.61363636363637,1029.545454545455,32.17329545454547,0
4270,4,1,0,35,0.02857142857142857,0.0,1.0,35,500,400,100,0.8,6,4,2,381.35870052608135,0.761484593837535,0.036862291808963166,0.23093859838093891,132592.99314164382,3113.0983126721853,135706.09145431602,3916,0,656.8571428571429,32,3,22,32.69967512565894,0.6552734375,42.5189393939394,1029.9242424242432,32.1851325757576,0
4271,4,0,1,34,0.0,0.02857142857142857,0.9714285714285714,35,750,500,250,0.6666666666666666,10,5,5,379.69700603680786,0.7628151260504201,0.030829555201568493,0.23073025065274672,132723.06596584534,3078.910155851445,135801.9761216968,3917,1,657.8571428571429,32,3,17,32.611403831229836,0.6565755208333334,42.39267676767677,1030.429292929293,32.20091540404041,0
4272,4,0,0,34,0.0,0.0,1.0,34,800,400,400,0.5,12,4,8,390.1595715421325,0.7513368983957219,0.03539230563241991,0.23588546573051872,132532.04345703125,3541.729058159723,136073.77251519097,3918,3,678.1764705882352,31,3,21,32.53456415444276,0.657258064516129,42.578125,1029.6875,33.215725806451616,0
4273,4,0,0,34,0.0,0.0,1.0,34,600,300,300,0.5,9,3,6,391.6775481435426,0.7517825311942959,0.03504870974938634,0.23722583505477973,132599.08888075093,3587.2172037760474,136186.306084527,3919,4,679.1764705882352,31,3,22,32.42783396544458,0.6579301075268817,42.513020833333336,1029.9479166666672,33.22412634408604,0
4274,4,0,0,34,0.0,0.0,1.0,34,800,400,400,0.5,12,4,8,393.27432522819703,0.7524138443256091,0.030318571704648578,0.23904554607188577,132733.23059082043,3640.114339192724,136373.34493001315,3920,5,680.1764705882352,31,3,17,32.25138994187515,0.659274193548387,42.38281250000001,1030.468750000001,33.24092741935487,0
4275,4,0,1,33,0.0,0.029411764705882353,0.9705882352941176,34,900,700,200,0.7777777777777778,11,7,4,394.4982634915267,0.7510026737967915,0.039721655223603936,0.24216876360730807,133102.46997409387,3701.738654242611,136804.2086283365,3921,6,681.1764705882352,31,3,18,31.847660357518404,0.662970430107527,42.02473958333333,1031.9010416666658,33.28713037634406,1
4276,4,0,0,33,0.0,0.0,1.0,33,900,500,400,0.5555555555555556,13,5,8,400.30097565119814,0.7406092171717172,0.04211714645477804,0.24565232534566325,133090.55102107173,4055.2554847381107,137145.80650580983,3922,18,702.6363636363636,30,3,19,31.70997785593331,0.6656249999999999,42.03629032258064,1031.8548387096769,34.39516129032256,0
4277,4,0,0,33,0.0,0.0,1.0,33,800,600,200,0.75,10,6,4,420.6580591420238,0.7406092171717172,0.0709956709956705,0.23967726625533933,130262.58680555565,4407.337372817676,134669.92417837333,3923,19,703.6363636363636,28,5,18,34.056122448979586,0.6432291666666666,44.79166666666667,1020.8333333333342,36.458333333333364,6
4278,4,1,0,34,0.029411764705882353,0.0,1.0,34,850,300,550,0.35294117647058826,14,3,11,409.750118147448,0.7516339869281046,0.07872442455242967,0.23560631793478262,130617.28395061736,3904.089506172851,134521.3734567902,3924,0,683.9117647058823,29,5,17,33.97305253623189,0.6436781609195401,44.44444444444445,1022.2222222222229,35.24904214559389,0
4279,4,0,0,34,0.0,0.0,1.0,34,650,500,150,0.7692307692307693,8,5,3,407.6936617337932,0.7525252525252526,0.07407866039258293,0.23507035484306324,130723.78713348757,3859.0518904320875,134582.83902391966,3925,1,684.9117647058823,29,5,17,33.91719294671556,0.6447557471264368,44.34027777777777,1022.6388888888882,35.2634099616858,0
4280,4,0,0,34,0.0,0.0,1.0,34,650,400,250,0.6153846153846154,9,4,5,416.1362669513168,0.7525252525252526,0.06971058543676456,0.23136687230129427,129303.89577191009,3961.608097756969,133265.50386966707,3926,2,685.9117647058823,30,4,19,35.1515351746619,0.6274305555555555,45.73252688172043,1017.0698924731187,33.902329749103956,5
4281,4,1,0,35,0.02857142857142857,0.0,1.0,35,950,700,250,0.7368421052631579,12,7,5,404.3403972999559,0.7578431372549019,0.07117832940617763,0.22669148726042695,129631.97708129884,3483.089023166233,133115.06610446508,3927,0,667.2857142857143,31,4,14,35.11606039295912,0.6280241935483871,45.41015625,1018.3593750000001,32.85030241935484,0
4282,4,1,1,35,0.027777777777777776,0.027777777777777776,0.9722222222222222,36,650,400,250,0.6153846153846154,9,4,5,390.22396446242095,0.766170634920635,0.06626630345055284,0.22068968746488207,129972.738751148,2943.6954775023146,132916.43422865032,3928,0,649.7222222222222,32,4,14,35.12800272412085,0.62890625,45.075757575757585,1019.696969696971,31.865530303030344,0
4283,4,0,0,35,0.0,0.0,1.0,35,550,200,350,0.36363636363636365,9,2,7,399.4270242453513,0.7585434173669467,0.07232108634944967,0.2250766968155772,129830.95169067394,3371.59813774958,133202.54982842354,3929,2,669.2857142857143,31,4,16,35.038036071717556,0.630040322580645,45.21484375000001,1019.1406250000009,32.87550403225809,0
4284,4,1,0,36,0.027777777777777776,0.0,1.0,36,900,600,300,0.6666666666666666,12,6,6,388.8373569575544,0.7745701058201059,0.07681679452280754,0.2209974345239774,130165.93491735557,2922.675619834733,133088.6105371903,3930,0,651.6666666666666,32,4,17,34.966592427616916,0.630859375,44.88636363636365,1020.4545454545471,31.889204545454596,0
4285,4,2,1,37,0.05263157894736842,0.02631578947368421,0.9736842105263158,38,1100,700,400,0.6363636363636364,15,7,8,370.1138801514064,0.7895625889046942,0.08020341890815486,0.2133743778859451,130718.71456916102,2076.1621315192738,132794.8767006803,3931,0,618.3157894736842,34,4,13,34.88310050446255,0.6317401960784315,44.345238095238095,1022.6190476190478,30.077030812324935,0
4286,4,0,2,35,0.0,0.05405405405405406,0.9459459459459459,37,750,500,250,0.6666666666666666,10,5,5,379.47311228734867,0.7830955955955956,0.07836250109358822,0.21813819638792406,130606.84479827483,2512.357176326425,133119.20197460125,3932,1,636.027027027027,33,4,13,34.75739819366182,0.6328914141414141,44.454656862745104,1022.1813725490207,30.975193107546083,0
4287,4,0,0,35,0.0,0.0,1.0,35,500,400,100,0.8,6,4,2,399.81548552357,0.7576330532212885,0.08509831793413936,0.22760737770655504,130229.35867309557,3413.542853461358,133642.90152655693,3933,2,673.0857142857143,31,4,18,34.62189586256751,0.6340725806451614,44.82421874999999,1020.703124999999,32.925907258064484,0
4288,4,0,0,35,0.0,0.0,1.0,35,800,600,200,0.75,10,6,4,399.5074533336417,0.7592436974789916,0.08143276185617743,0.22782094120647875,130295.81917656786,3410.8301798502516,133706.64935641811,3934,3,674.0857142857143,31,4,18,34.5620509713897,0.634744623655914,44.75911458333333,1020.9635416666661,32.934307795698906,0
4289,4,0,0,35,0.0,0.0,1.0,35,700,500,200,0.7142857142857143,9,5,4,402.81910148268855,0.7582633053221288,0.08896012823081567,0.230102710337125,130362.29663425019,3502.484639485673,133864.78127373586,3935,4,675.0857142857143,31,4,18,34.40979748395596,0.6354166666666667,44.694010416666664,1021.223958333333,32.94270833333332,0
4290,4,1,0,36,0.027777777777777776,0.0,1.0,36,850,500,350,0.5882352941176471,12,5,7,395.67256138490535,0.7706349206349207,0.10242091406474962,0.22884616451833603,130843.25140610656,3154.2168847566636,133997.4682908632,3936,0,657.3055555555555,32,4,14,34.103109959274335,0.6376953125,44.22348484848485,1023.1060606060609,31.9720643939394,0
4291,4,1,1,36,0.02702702702702703,0.02702702702702703,0.972972972972973,37,450,300,150,0.6666666666666666,6,3,3,387.18587525075105,0.782032032032032,0.09777329375319344,0.22566942436163007,131139.7734645328,2755.0935938100656,133894.86705834288,3937,0,640.5135135135135,33,4,15,34.01930286352396,0.6382575757575758,43.93382352941176,1024.2647058823525,31.03832442067735,0
4292,4,1,0,37,0.02702702702702703,0.0,1.0,37,650,600,50,0.9230769230769231,7,6,1,381.66704203435654,0.7819694694694694,0.07281399046104897,0.22080737248584476,130854.01663237298,2588.5330932784464,133442.54972565142,3938,0,641.4864864864865,35,2,15,34.45041478129713,0.630952380952381,44.212962962962955,1023.1481481481471,29.232804232804202,4
4293,4,0,0,37,0.0,0.0,1.0,37,850,400,450,0.47058823529411764,13,4,9,379.2365619845774,0.7817192192192192,0.07891084932478276,0.21973851121019863,130913.23329260964,2529.416902434833,133442.65019504447,3939,1,642.4864864864865,35,2,15,34.45251828394782,0.631547619047619,44.15509259259259,1023.3796296296289,29.23941798941797,0
4294,4,1,3,35,0.02631578947368421,0.07894736842105263,0.9210526315789473,38,850,600,250,0.7058823529411765,11,6,5,369.3647384426558,0.7840801327643433,0.0732485550470654,0.2155298925986427,131183.87972009167,2090.939884140893,133274.81960423256,3940,0,626.5526315789474,36,2,16,34.43099373419808,0.6322337962962963,43.890765765765764,1024.4369369369367,28.456581581581574,0
4295,4,0,0,35,0.0,0.0,1.0,35,750,600,150,0.8,9,6,3,384.43314568467855,0.7749999999999999,0.08837639007698916,0.22260865232087834,130888.84833958093,3063.602340445984,133952.4506800269,3941,3,679.6857142857143,33,2,17,34.3443113772455,0.6357323232323232,44.17892156862745,1023.2843137254903,31.0086155674391,0
4296,4,1,1,35,0.027777777777777776,0.027777777777777776,0.9722222222222222,36,750,400,350,0.5333333333333333,11,4,7,374.42382344730396,0.7828703703703704,0.07802695793632353,0.21860864481597675,131206.12953514743,2625.3401360544244,133831.46967120186,3942,0,661.7777777777778,34,2,17,34.278894569680084,0.6366421568627452,43.86904761904762,1024.5238095238096,30.13305322128852,0
4297,4,1,1,35,0.027777777777777776,0.027777777777777776,0.9722222222222222,36,900,600,300,0.6666666666666666,12,6,6,376.49286093934666,0.7834986772486773,0.08567529903611626,0.22069299016669275,131358.63272392296,2691.1174886621316,134049.7502125851,3943,0,662.75,34,2,17,34.07148801920023,0.6381740196078431,43.720238095238095,1025.119047619048,30.150560224089645,0
4298,4,0,0,35,0.0,0.0,1.0,35,750,100,650,0.13333333333333333,14,1,13,390.8567306044785,0.7743697478991596,0.10905534105534098,0.22180519988290945,130106.25608239608,3170.5811767108676,133276.83725910695,3944,6,682.6857142857143,33,2,16,34.97585085085085,0.6278409090909092,44.944852941176464,1020.2205882352932,30.915775401069492,2
4299,4,0,1,34,0.0,0.02857142857142857,0.9714285714285714,35,1050,700,350,0.6666666666666666,14,7,7,389.32820405787385,0.7746498599439775,0.10684870418331816,0.2216482988105285,130231.31315179256,3140.54465229719,133371.85780408976,3945,7,683.6857142857143,33,2,16,34.88751650858446,0.6291035353535354,44.822303921568626,1020.7107843137253,30.930629827688644,0
4300,4,0,0,34,0.0,0.0,1.0,34,650,400,250,0.6153846153846154,9,4,5,386.33921567178203,0.7734699940582294,0.10825972448756294,0.22030061641078802,130293.86421388392,3267.5258614475006,133561.3900753314,3946,8,685.2647058823529,33,1,16,34.90014704117153,0.6297348484848486,44.761029411764696,1020.9558823529399,30.938057040998178,0
4301,4,0,0,34,0.0,0.0,1.0,34,950,700,250,0.7368421052631579,12,7,5,385.46335761958875,0.7733214497920381,0.10451989359975755,0.22086653006697668,130481.60750973175,3259.175707660503,133740.78321739225,3947,9,686.2647058823529,33,1,16,34.73159309903642,0.631628787878788,44.577205882352935,1021.6911764705875,30.960338680926895,0
4302,4,1,1,34,0.02857142857142857,0.02857142857142857,0.9714285714285714,35,500,300,200,0.6,7,3,4,376.0176727733077,0.7810224089635854,0.09430467100121409,0.21694881308230235,130749.15143140565,2832.7983276643695,133581.94975907003,3948,0,667.6285714285714,34,1,14,34.70128622977535,0.6320465686274511,44.315476190476176,1022.7380952380933,30.080532212885096,0
4303,4,1,1,34,0.02857142857142857,0.02857142857142857,0.9714285714285714,35,1000,700,300,0.7,13,7,6,374.4140894419036,0.7841036414565826,0.09539545862561938,0.21653530852380334,130840.48327664385,2797.7040816326353,133638.18735827648,3949,0,668.6,34,1,15,34.64965867659606,0.6329656862745099,44.22619047619047,1023.095238095237,30.091036414565796,0
4304,4,0,0,34,0.0,0.0,1.0,34,800,500,300,0.625,11,5,6,388.6245701652141,0.7748068924539513,0.10428896609560345,0.2244878399424942,130794.8133680555,3366.01562499999,134160.8289930555,3950,12,689.2647058823529,33,1,15,34.33256958587915,0.6347853535353536,44.27083333333333,1022.9166666666662,30.997474747474733,0
4305,4,0,0,34,0.0,0.0,1.0,34,800,600,200,0.75,10,6,4,390.2620672847588,0.7755124777183601,0.10496149591708792,0.22580027718367646,130857.49959450692,3413.7436622933515,134271.24325680028,3951,13,690.2647058823529,33,1,16,34.22702818700843,0.6354166666666666,44.20955882352941,1023.1617647058824,31.004901960784316,0
4306,4,0,0,34,0.0,0.0,1.0,34,800,500,300,0.625,11,5,6,393.38635304241814,0.7747697563874035,0.1086509334272634,0.22779306850930597,130888.84833958092,3497.977340445983,134386.8256800269,3952,14,691.2647058823529,33,1,16,34.11526946107785,0.6357323232323232,44.17892156862745,1023.2843137254902,31.008615567439097,0
4307,4,1,0,35,0.02857142857142857,0.0,1.0,35,1150,1000,150,0.8695652173913043,13,10,3,386.3441073435124,0.782563025210084,0.11707317073170742,0.2262872628726287,131328.125,3147.5694444444443,134475.69444444444,3953,0,672.4857142857143,34,1,17,33.84993224932249,0.6378676470588236,43.75,1025.0,30.147058823529413,0
4308,4,0,0,35,0.0,0.0,1.0,35,750,500,250,0.6666666666666666,10,5,5,389.14051401189926,0.7817927170868347,0.11885024298817415,0.22847084166220089,131419.65880102038,3228.1427154194994,134647.80151643988,3954,1,673.4857142857143,34,1,17,33.68551414528426,0.6387867647058822,43.660714285714285,1025.3571428571427,30.157563025210077,0
4309,4,0,0,35,0.0,0.0,1.0,35,1050,800,250,0.7619047619047619,13,8,5,389.2075881588612,0.7822128851540616,0.12454450504816061,0.22924140718830524,131541.75347222216,3239.4097222222176,134781.16319444438,3955,2,674.4857142857143,34,1,18,33.56011372867587,0.6400122549019608,43.541666666666664,1025.833333333333,30.17156862745097,0
4310,4,0,0,35,0.0,0.0,1.0,35,250,100,150,0.4,4,1,3,392.1510743962878,0.7814425770308123,0.12843385875060087,0.23134497674343624,131602.8220663265,3321.6376133786785,134924.45967970518,3956,3,675.4857142857143,34,1,14,33.422767529102366,0.640625,43.482142857142854,1026.0714285714282,30.178571428571416,0
4311,4,0,0,35,0.0,0.0,1.0,35,550,400,150,0.7272727272727273,7,4,3,390.53102685120746,0.7814425770308123,0.12481593065781627,0.2307021062684648,131654.57182623888,3283.039024991425,134937.6108512303,3957,4,676.4857142857143,35,0,15,33.41192530356001,0.6389880952380952,43.43171296296296,1026.2731481481483,29.32208994708995,0
4312,4,0,0,35,0.0,0.0,1.0,35,450,300,150,0.6666666666666666,6,3,3,388.26183259188343,0.7818627450980392,0.12154051833835378,0.22971942583438393,131713.9693313829,3227.9014221107745,134941.87075349365,3958,5,677.4857142857143,35,0,15,33.410028375991295,0.6395833333333333,43.373842592592595,1026.5046296296298,29.32870370370371,0
4313,4,0,0,35,0.0,0.0,1.0,35,950,600,350,0.631578947368421,13,6,7,390.22474532088853,0.7811624649859944,0.12289063506376396,0.2314220548453827,131803.09070644723,3286.5655006858738,135089.6562071331,3959,6,678.4857142857143,35,0,15,33.269461977757736,0.6404761904761904,43.28703703703704,1026.8518518518522,29.33862433862435,0
4314,4,0,0,35,0.0,0.0,1.0,35,800,500,300,0.625,11,5,6,389.684137647317,0.7782212885154061,0.11795490754598559,0.23200711535179303,131951.69331114978,3283.8963638117357,135235.58967496152,3960,7,679.4857142857143,35,0,15,33.133026360256835,0.6419642857142855,43.142361111111114,1027.430555555556,29.355158730158745,0
4315,4,0,1,34,0.0,0.02857142857142857,0.9714285714285714,35,1000,700,300,0.7,13,7,6,390.75967859751654,0.7780112044817926,0.1181467181467184,0.23319529206625986,132040.8950617284,3319.2515432098794,135360.1466049383,3961,8,680.4857142857143,35,0,15,33.01520270270271,0.6428571428571428,43.05555555555556,1027.7777777777778,29.365079365079367,0
4316,4,0,0,34,0.0,0.0,1.0,34,900,800,100,0.8888888888888888,10,8,2,398.349892661986,0.7703134284016637,0.11750731118730995,0.2368960181792058,131908.37762188207,3709.137613378686,135617.51523526077,3962,9,700.6176470588235,34,0,16,32.95428207208252,0.6436887254901961,43.18452380952381,1027.2619047619046,30.213585434173666,0
4317,4,0,0,34,0.0,0.0,1.0,34,850,800,50,0.9411764705882353,9,8,1,405.0213468802598,0.7692736185383244,0.12079162720341241,0.24164127765150537,132030.6990504535,3895.050311791381,135925.74936224488,3963,10,701.6176470588235,34,0,16,32.65907950113903,0.6449142156862745,43.06547619047619,1027.7380952380952,30.227591036414566,0
4318,4,0,0,34,0.0,0.0,1.0,34,950,500,450,0.5263157894736842,14,5,9,405.3372154973178,0.7686794414735592,0.12529377703600297,0.2422205436553177,132091.8810232427,3908.3510487528465,136000.23207199553,3964,11,702.6176470588235,34,0,17,32.5890272148234,0.6455269607843137,43.00595238095239,1027.976190476191,30.23459383753503,0
4319,4,0,0,34,0.0,0.0,1.0,34,650,500,150,0.7692307692307693,8,5,3,406.1375510294276,0.76849376114082,0.12611366918235611,0.24289500628048016,132122.47732426287,3931.979875283429,136054.4571995463,3965,12,703.6176470588235,34,0,17,32.53748842056507,0.6458333333333334,42.97619047619047,1028.095238095237,30.238095238095205,0
4320,4,0,0,34,0.0,0.0,1.0,34,800,400,400,0.5,12,4,8,406.1375510294276,0.76849376114082,0.12611366918235611,0.24289500628048016,132122.47732426287,3931.979875283429,136054.4571995463,3966,13,704.6176470588235,34,0,17,32.53748842056507,0.6458333333333334,42.97619047619047,1028.095238095237,30.238095238095205,0
4321,4,2,1,35,0.05555555555555555,0.027777777777777776,0.9722222222222222,36,800,700,100,0.875,9,7,2,388.14131110644234,0.7773148148148149,0.11704007593071353,0.2347582083558135,132546.94097490134,3089.6756804252,135636.61665532654,3967,0,666.4166666666666,35,1,18,32.57148945337381,0.6479166666666667,42.563657407407405,1029.7453703703698,29.42129629629628,0
4322,4,0,0,35,0.0,0.0,1.0,35,650,500,150,0.7692307692307693,8,5,3,395.515415758331,0.7740196078431372,0.12145748987854277,0.23827392120075053,132398.00347222213,3473.090277777768,135871.0937499999,3968,1,686.4571428571429,34,1,18,32.53205128205129,0.6485906862745099,42.70833333333333,1029.1666666666658,30.26960784313723,0
4323,4,0,0,35,0.0,0.0,1.0,35,650,400,250,0.6153846153846154,9,4,5,393.59779036424277,0.7731092436974789,0.12258682793033948,0.23731147109408954,132428.6352040817,3424.723639455787,135853.35884353748,3969,2,687.4571428571429,34,1,18,32.55045685866297,0.6488970588235294,42.67857142857143,1029.2857142857147,30.27310924369749,0
4324,4,0,1,34,0.0,0.02857142857142857,0.9714285714285714,35,900,700,200,0.7777777777777778,11,7,4,393.9949968379912,0.7721288515406162,0.1172128981102154,0.2379377606602619,132489.90929705228,3440.072278911582,135929.98157596384,3970,3,688.4571428571429,34,1,18,32.47836686709837,0.6495098039215685,42.61904761904763,1029.5238095238105,30.280112044817958,0
4325,4,0,0,34,0.0,0.0,1.0,34,1150,1000,150,0.8695652173913043,13,10,3,393.996443215617,0.7701277480689246,0.12204674801016391,0.23835508368184521,132555.70461180797,3645.295228998461,136200.99984080644,3971,4,705.2352941176471,33,1,18,32.41191142052441,0.6524621212121213,42.55514705882353,1029.779411764706,31.205436720142607,0
4326,4,1,0,35,0.02857142857142857,0.0,1.0,35,850,600,250,0.7058823529411765,11,6,5,387.7227464011221,0.7773109243697478,0.12543714945562523,0.23645626646716328,132857.85147392287,3302.402210884349,136160.25368480722,3972,0,686.0571428571428,34,1,17,32.26881254811393,0.6531862745098038,42.26190476190476,1030.9523809523807,30.32212885154061,0
4327,4,0,0,35,0.0,0.0,1.0,35,1050,700,350,0.6666666666666666,14,7,7,385.2401173052298,0.7781512605042016,0.12376554408417717,0.23532791932989408,132919.22477324257,3241.1635487528283,136160.38832199542,3973,1,687.0571428571428,34,1,17,32.270982452089584,0.6537990196078431,42.20238095238095,1031.1904761904757,30.32913165266105,0
4328,4,0,1,34,0.0,0.02857142857142857,0.9714285714285714,35,950,500,450,0.5263157894736842,14,5,9,385.52733353333633,0.7778711484593837,0.12483719396587234,0.2360844060117568,133011.31129535142,3255.89923469387,136267.2105300453,3974,2,688.0571428571428,34,1,17,32.17085016349298,0.654718137254902,42.113095238095234,1031.5476190476186,30.339635854341722,0
4329,4,0,0,34,0.0,0.0,1.0,34,950,800,150,0.8421052631578947,11,8,3,393.2804074079429,0.771130421865716,0.13229702527398812,0.24054127243788134,132966.16685890043,3658.597654748173,136624.7645136486,3975,3,709.0882352941177,33,1,17,32.01639733840304,0.6565656565656566,42.15686274509804,1031.3725490196077,31.25371360665478,0
4330,4,0,0,34,0.0,0.0,1.0,34,1100,800,300,0.7272727272727273,14,8,6,396.09767659611,0.769830659536542,0.13347234155507626,0.2432923803512648,133124.20590938575,3746.037731881963,136870.2436412677,3976,4,710.0882352941177,33,1,17,31.78450203855441,0.6581439393939394,42.00367647058823,1031.9852941176466,31.272281639928686,0
4331,4,0,0,34,0.0,0.0,1.0,34,800,600,200,0.75,10,6,4,392.6702730416474,0.7686423054070113,0.12431094287482547,0.2413298354768742,133146.24304917868,3664.117317760324,136810.360366939,3977,5,711.0882352941177,32,2,17,31.850736073729717,0.6608072916666667,41.98232323232323,1032.0707070707072,32.2522095959596,2
4332,4,0,0,34,0.0,0.0,1.0,34,650,500,150,0.7692307692307693,8,5,3,393.27820485875037,0.7696449792038028,0.13088001496306023,0.24233880038658603,133243.99495268316,3680.3918286399057,136924.38678132306,3978,6,712.0882352941177,32,2,17,31.73662916309975,0.6617838541666667,41.88762626262625,1032.449494949493,32.26404671717166,0
4333,4,0,1,33,0.0,0.029411764705882353,0.9705882352941176,34,750,100,650,0.13333333333333333,14,1,13,393.1715399816509,0.7681595365418895,0.12462659482397598,0.24293619787136012,133345.61827181844,3685.5404171472364,137031.1586889657,3979,7,713.0882352941177,33,1,17,31.63710251542477,0.6603535353535355,41.7892156862745,1032.8431372549012,31.298276886512156,0
4334,4,0,0,33,0.0,0.0,1.0,33,500,400,100,0.8,6,4,2,398.12807727979106,0.7593907828282829,0.1223237510838393,0.24554233906441403,133276.58689164364,4012.230257116613,137288.81714876025,3980,8,733.0909090909091,32,1,17,31.57862558082661,0.662109375,41.8560606060606,1032.575757575757,32.26799242424241,0
4335,4,0,0,33,0.0,0.0,1.0,33,900,500,400,0.5555555555555556,13,5,8,393.97761067706745,0.7596275252525253,0.1171011014570047,0.2438369750801637,133406.9945031118,3911.873788388925,137318.86829150072,3981,9,734.0909090909091,32,1,17,31.5545302696977,0.6634114583333335,41.72979797979797,1033.0808080808072,32.283775252525224,0
4336,4,0,0,33,0.0,0.0,1.0,33,550,400,150,0.7272727272727273,7,4,3,393.5663676773973,0.760022095959596,0.11463529342057988,0.24379663790341724,133439.60636988565,3903.468236659515,137343.07460654515,3982,10,735.0909090909091,32,1,18,31.532343476312672,0.6637369791666667,41.69823232323232,1033.2070707070702,32.287720959595944,0
4337,4,0,0,33,0.0,0.0,1.0,33,800,700,100,0.875,9,7,2,392.51386089124946,0.7598642676767677,0.10376077295115005,0.24443315641356972,133635.36126734514,3890.7463205285108,137526.10758787364,3983,11,736.0909090909091,32,1,20,31.362701998616025,0.6656901041666667,41.50883838383838,1033.9646464646462,32.31139520202019,0
4338,4,0,0,33,0.0,0.0,1.0,33,850,600,250,0.7058823529411765,11,6,5,393.63682270050083,0.7585227272727273,0.10199159564393967,0.24578299173494672,133733.29252117124,3928.4696714620914,137661.76219263332,3984,12,737.0909090909091,32,1,17,31.23524983723959,0.6666666666666667,41.41414141414141,1034.3434343434337,32.323232323232304,0
4339,4,0,0,33,0.0,0.0,1.0,33,800,500,300,0.625,11,5,6,392.39673888563567,0.758917297979798,0.09680699613585486,0.24566014325193172,133831.25964506183,3902.9899691358137,137734.24961419764,3985,13,738.0909090909091,32,1,17,31.168903803131986,0.6676432291666666,41.31944444444445,1034.722222222223,32.33506944444447,0
4340,4,1,0,34,0.029411764705882353,0.0,1.0,34,300,100,200,0.3333333333333333,5,1,4,382.7563397266628,0.765634284016637,0.09274412390932252,0.2418402164461291,134169.6177551903,3470.8543589004225,137640.47211409072,3986,0,717.3529411764706,33,1,18,31.078976421417863,0.6685606060606061,40.99264705882353,1036.0294117647059,31.39483065953654,0
4341,4,0,0,34,0.0,0.0,1.0,34,250,100,150,0.4,4,1,3,382.7563397266628,0.765634284016637,0.09274412390932252,0.2418402164461291,134169.6177551903,3470.8543589004225,137640.47211409072,3987,1,718.3529411764706,33,1,18,31.078976421417863,0.6685606060606061,40.99264705882353,1036.0294117647059,31.39483065953654,0
4342,4,0,0,34,0.0,0.0,1.0,34,1250,800,450,0.64,17,8,9,381.671224288739,0.7658199643493762,0.09043326447287026,0.24178228792583228,134264.8579422576,3449.0065419549996,137713.8644842126,3988,2,719.3529411764706,33,1,18,31.01166193685705,0.6695075757575759,40.90073529411764,1036.397058823528,31.405971479500845,0
4343,4,0,0,34,0.0,0.0,1.0,34,1050,800,250,0.7619047619047619,13,8,5,367.09706337021487,0.76541146761735,0.05583763667310926,0.22211006297088076,132560.4848995,2939.4551368127454,135499.94003631276,3989,3,720.3529411764706,32,2,20,33.099609694294564,0.6549479166666667,42.550505050505045,1029.7979797979795,32.18118686868686,5
4344,4,1,1,34,0.02857142857142857,0.02857142857142857,0.9714285714285714,35,800,500,300,0.625,11,5,6,358.83523002308544,0.7775910364145657,0.05339266606654558,0.2185491035281803,132808.22167255374,2531.2537545655437,135339.4754271193,3990,0,700.7428571428571,33,2,16,33.063225736139174,0.6549873737373737,42.31004901960784,1030.759803921568,31.235145573380848,0
4345,4,0,0,34,0.0,0.0,1.0,34,750,600,150,0.8,9,6,3,368.05893592752165,0.7637774806892454,0.07071507848422343,0.22385223808050897,132755.59413580244,2972.3765432098694,135727.9706790123,3991,5,722.3529411764706,32,2,16,32.878481581311775,0.6569010416666667,42.36111111111111,1030.5555555555552,32.2048611111111,0
4346,4,1,0,35,0.02857142857142857,0.0,1.0,35,600,200,400,0.3333333333333333,10,2,8,353.3712856023002,0.7745098039215685,0.07581329561527572,0.20292257437429745,130566.58340419494,2227.69628684806,132794.279691043,3992,0,702.6857142857143,34,1,17,35.46520093185788,0.6302083333333334,44.49404761904761,1022.023809523809,30.059523809523792,7
4347,4,0,1,34,0.0,0.02857142857142857,0.9714285714285714,35,700,400,300,0.5714285714285714,10,4,6,353.68493795038677,0.7739495798319327,0.07933180260224248,0.20326230771365594,130597.00255102034,2238.0385487528215,132835.04109977317,3993,1,703.6857142857143,34,1,17,35.42637238916063,0.630514705882353,44.46428571428571,1022.1428571428567,30.06302521008402,0
4348,4,2,2,34,0.05555555555555555,0.05555555555555555,0.9444444444444444,36,1100,700,400,0.6363636363636364,15,7,8,342.55824112334756,0.7899140211640212,0.0852741661955907,0.1989446909216026,131002.08340031284,1775.168654621044,132777.2520549339,3994,0,684.8888888888889,35,1,18,35.301135293009224,0.6324404761904763,44.06828703703703,1023.7268518518512,29.249338624338606,0
4349,4,0,0,34,0.0,0.0,1.0,34,500,400,100,0.8,6,4,2,358.9836508815543,0.7676396316102199,0.10310510396175765,0.20669431327155324,130669.4859699394,2581.641826460971,133251.12779640037,3995,3,726.1764705882352,33,1,18,35.217522673698504,0.6335227272727273,44.393382352941174,1022.4264705882349,30.982620320855602,0
4350,4,1,0,35,0.02857142857142857,0.0,1.0,35,750,300,450,0.4,12,3,9,347.598850083555,0.7759803921568627,0.10759546232165706,0.20214318523114638,131053.7149234693,2110.8241213151837,133164.5390447845,3996,0,706.4,34,1,19,35.11994729295043,0.635110294117647,44.01785714285714,1023.9285714285708,30.115546218487374,0
4351,4,1,0,36,0.027777777777777776,0.0,1.0,36,900,500,400,0.5555555555555556,13,5,8,342.901101591946,0.7840608465608466,0.09703271713615003,0.1987426792900257,130924.43795146486,1778.826799772727,132703.26475123758,3997,0,687.75,36,0,20,35.370818661971825,0.6296296296296298,44.144144144144136,1023.4234234234225,28.428428428428404,2
4352,4,0,0,36,0.0,0.0,1.0,36,850,800,50,0.9411764705882353,9,8,1,343.17503105082744,0.7833994708994709,0.09744219582538993,0.19949791447021228,131039.71370018648,1793.9115635905946,132833.62526377707,3998,1,688.75,36,0,20,35.24733282006158,0.6307870370370372,44.03153153153152,1023.8738738738723,28.440940940940898,0
4353,4,0,1,35,0.0,0.027777777777777776,0.9722222222222222,36,850,500,350,0.5882352941176471,12,5,7,342.63952028552666,0.780952380952381,0.09807729893481887,0.19978519721263774,131155.04017531034,1787.7800097394547,132942.8201850498,3999,2,689.75,36,0,20,35.14456904133686,0.6319444444444446,43.91891891891891,1024.3243243243235,28.45345345345343,0
4354,4,1,1,35,0.027777777777777776,0.027777777777777776,0.9722222222222222,36,550,300,250,0.5454545454545454,8,3,5,342.39006347983656,0.7854828042328043,0.10290202830591899,0.20009037813763858,131241.5683208545,1787.1617817141314,133028.73010256863,4000,0,689.0277777777778,36,0,20,35.06360589075722,0.6328125,43.83445945945945,1024.6621621621612,28.46283783783781,0
4355,4,1,1,35,0.027777777777777776,0.027777777777777776,0.9722222222222222,36,950,500,450,0.5263157894736842,14,5,9,346.4920381545888,0.7787037037037038,0.10333634413458315,0.20310257987658467,131357.7852393047,1902.9138806090612,133260.69911991377,4001,0,690.0,35,1,19,34.84120375597457,0.6360119047619047,43.72106481481482,1025.1157407407409,29.289021164021168,1
4356,4,1,2,34,0.027777777777777776,0.05555555555555555,0.9444444444444444,36,1150,900,250,0.782608695652174,14,9,5,345.4171797946585,0.7814814814814816,0.10494976859690697,0.20278666638839515,131417.1157648535,1878.7459008487776,133295.86166570225,4002,0,690.9722222222222,35,1,19,34.808880799187264,0.6366071428571427,43.66319444444445,1025.347222222223,29.295634920634946,0
4357,4,0,0,34,0.0,0.0,1.0,34,1200,900,300,0.75,15,9,6,362.831996265402,0.7636660724896019,0.10860296755946708,0.211994292157584,131233.9323367215,2723.173929498274,133957.10626621978,4003,7,732.4705882352941,33,1,20,34.5476767133118,0.6392045454545454,43.841911764705884,1024.6323529411768,31.049465240641723,0
4358,4,1,0,35,0.02857142857142857,0.0,1.0,35,1350,900,450,0.6666666666666666,18,9,9,353.234524603787,0.7740896358543417,0.10611108348664877,0.20838660968925662,131602.82206632657,2297.332057823124,133900.1541241497,4004,0,712.5142857142857,34,1,19,34.42104652511891,0.640625,43.482142857142854,1026.0714285714287,30.17857142857143,0
4359,4,0,0,35,0.0,0.0,1.0,35,750,500,250,0.6666666666666666,10,5,5,354.3625611401583,0.772829131652661,0.11247680890537981,0.20989167082917082,131755.55555555565,2337.847222222228,134093.40277777787,4005,1,713.5142857142857,34,1,19,34.238027597402585,0.642156862745098,43.333333333333336,1026.6666666666674,30.19607843137257,0
4360,4,0,0,35,0.0,0.0,1.0,35,650,200,450,0.3076923076923077,11,2,9,354.3625611401583,0.772829131652661,0.11247680890537981,0.20989167082917082,131755.55555555565,2337.847222222228,134093.40277777787,4006,2,714.5142857142857,34,1,19,34.238027597402585,0.642156862745098,43.333333333333336,1026.6666666666674,30.19607843137257,0
4361,4,0,0,35,0.0,0.0,1.0,35,800,700,100,0.875,9,7,2,352.3901115257135,0.7724789915966386,0.11093449897344176,0.2093954464355273,131877.80612244902,2294.4869614512495,134172.29308390027,4007,3,715.5142857142857,34,1,19,34.16541106475041,0.6433823529411764,43.214285714285715,1027.1428571428576,30.21008403361346,0
4362,4,0,0,35,0.0,0.0,1.0,35,950,800,150,0.8421052631578947,11,8,3,351.84063783535566,0.7718487394957982,0.1084257573249463,0.20940584169097368,131938.952664399,2284.297052154182,134223.24971655317,4008,4,716.5142857142857,34,1,20,34.11790266512166,0.6439950980392157,43.1547619047619,1027.3809523809516,30.21708683473387,0
4363,4,0,0,35,0.0,0.0,1.0,35,1150,900,250,0.782608695652174,14,9,5,355.7216040481083,0.770798319327731,0.1154768798080903,0.21257135300729504,132091.88102324257,2397.5871598639433,134489.4681831065,4009,5,717.5142857142857,34,1,20,33.86411889596604,0.6455269607843137,43.00595238095238,1027.9761904761901,30.234593837535005,0
4364,4,0,0,35,0.0,0.0,1.0,35,550,300,250,0.5454545454545454,8,3,5,354.89090874375535,0.7714985994397758,0.11225435055912159,0.21224639112957533,132122.47732426287,2377.8132086167625,134500.29053287965,4010,6,718.5142857142857,34,1,20,33.85464914312181,0.6458333333333335,42.97619047619047,1028.095238095237,30.238095238095205,0
4365,4,0,0,35,0.0,0.0,1.0,35,1100,1000,100,0.9090909090909091,12,10,2,356.5046462835381,0.7741596638655461,0.11397490369831575,0.21407620907130276,132275.51197562338,2431.3669217686875,134706.87889739207,4011,7,719.5142857142857,34,1,22,33.659057593642714,0.6473651960784315,42.82738095238094,1028.6904761904746,30.25560224089631,0
4366,4,0,0,35,0.0,0.0,1.0,35,900,700,200,0.7777777777777778,11,7,4,357.1604189545808,0.7738095238095237,0.11289762868710285,0.21516737434580827,132398.00347222213,2457.5219671201717,134855.5254393423,4012,8,720.5142857142857,33,2,22,33.518893387314456,0.6508838383838385,42.70833333333333,1029.1666666666658,31.18686868686866,0
4367,4,0,0,35,0.0,0.0,1.0,35,900,600,300,0.6666666666666666,12,6,6,357.45238095238113,0.7728991596638655,0.11726530612244934,0.2157040229885057,132461.07266435976,2469.705161476343,134930.7778258361,4013,9,721.5142857142857,33,2,22,33.44791666666668,0.6515151515151516,42.647058823529406,1029.4117647058815,31.19429590017823,0
4368,4,1,1,35,0.027777777777777776,0.027777777777777776,0.9722222222222222,36,650,100,550,0.15384615384615385,12,1,11,351.05199859232454,0.782010582010582,0.11831228178270736,0.2133922822903903,132735.14739229015,2119.3877551020373,134854.5351473922,4014,0,702.4444444444445,34,2,18,33.337184226740604,0.6519607843137255,42.38095238095238,1030.47619047619,30.308123249299705,0
4369,4,1,0,36,0.027777777777777776,0.0,1.0,36,900,600,300,0.6666666666666666,12,6,6,351.76002448729724,0.7756613756613757,0.13058361391694717,0.21496445940890385,132934.5703125,2152.213541666666,135086.78385416666,4015,0,703.4166666666666,35,1,19,33.118686868686865,0.6517857142857143,42.1875,1031.25,29.464285714285715,0
4370,4,0,0,36,0.0,0.0,1.0,36,1000,800,200,0.8,12,8,4,351.012412610516,0.7746693121693122,0.12477558348294449,0.21485045475171136,132994.25582990394,2136.5269204389497,135130.78275034289,4016,1,704.4166666666666,35,1,20,33.07805954518253,0.6523809523809523,42.129629629629626,1031.481481481481,29.470899470899457,0
4371,4,0,0,36,0.0,0.0,1.0,36,800,300,500,0.375,13,3,10,351.60370510809014,0.7743716931216932,0.12759452485134104,0.2153844552321929,133024.10361207562,2154.3535397376513,135178.45715181326,4017,2,705.4166666666666,35,1,20,33.032859306630755,0.6526785714285714,42.10069444444444,1031.5972222222222,29.474206349206348,0
4372,4,0,0,36,0.0,0.0,1.0,36,500,200,300,0.4,8,2,6,351.85920617871284,0.7740740740740741,0.1250280457706976,0.21571340879484505,133053.95474322708,2163.2517789780527,135217.20652220512,4018,3,706.4166666666666,35,1,20,32.99631665544835,0.6529761904761904,42.07175925925926,1031.7129629629633,29.477513227513235,0
4373,4,0,0,36,0.0,0.0,1.0,36,900,800,100,0.8888888888888888,10,8,2,363.60905383410426,0.7735449735449736,0.1208325001666335,0.20800833656192574,130419.01139285363,2334.8092817903507,132753.82067464397,4019,4,707.4166666666666,33,3,23,35.35330433913218,0.6309974747474747,44.63848039215686,1021.4460784313719,30.95291146761733,8
4374,4,2,0,38,0.05263157894736842,0.0,1.0,38,1050,800,250,0.7619047619047619,13,8,5,349.42955605333304,0.7893255097202466,0.0821675194103546,0.20000423227799713,130439.87509645053,1522.2247085789547,131962.0998050295,4020,0,671.1315789473684,35,3,22,35.694255608429636,0.6267857142857143,44.61805555555555,1021.527777777777,29.186507936507915,5
4375,4,1,1,38,0.02564102564102564,0.02564102564102564,0.9743589743589743,39,850,500,350,0.5882352941176471,12,5,7,339.8995701537852,0.7972896986054882,0.08402603685622512,0.19619945485114548,130766.77439212074,1089.514081255775,131856.2884733765,4021,0,654.8974358974359,37,2,19,35.60695397369924,0.6261261261261261,44.29824561403509,1022.8070175438604,27.64343290659082,0
4376,4,0,0,38,0.0,0.0,1.0,38,850,500,350,0.5882352941176471,12,5,7,346.8086866005063,0.7888513513513513,0.0829763305719966,0.19966240111895983,130665.25298524875,1463.1689544273993,132128.42193967616,4022,1,673.1052631578947,36,2,21,35.53300657194256,0.627025462962963,44.39752252252252,1022.4099099099099,28.400275275275273,0
4377,4,0,0,38,0.0,0.0,1.0,38,900,600,300,0.6666666666666666,12,6,6,347.35782974383835,0.7885253674727359,0.07886044112704127,0.2004259091317369,130751.61944038632,1483.5197528609683,132235.13919324728,4023,2,674.1052631578947,36,2,21,35.43157711223665,0.6278935185185186,44.31306306306306,1022.7477477477477,28.409659659659656,0
4378,4,0,0,38,0.0,0.0,1.0,38,800,500,300,0.625,11,5,6,343.8871583714639,0.7865990990990991,0.08900801028652805,0.1991652395233583,130895.6269402848,1402.6650383491485,132298.29197863393,4024,3,675.1052631578947,36,2,21,35.37471112578409,0.6293402777777779,44.17229729729729,1023.3108108108102,28.425300300300282,0
4379,4,1,0,39,0.02564102564102564,0.0,1.0,39,650,300,350,0.46153846153846156,10,3,7,344.48387866260845,0.7926225820962663,0.11289074717279268,0.20147348748315017,131271.93583602647,1244.2131232686952,132516.14895929518,4025,0,658.7692307692307,37,2,22,34.97931378842997,0.6311936936936937,43.80482456140351,1024.780701754386,27.696775723091513,0
4380,4,1,1,39,0.025,0.025,0.975,40,1000,800,200,0.8,12,8,4,340.9198282266157,0.7989583333333333,0.11121389891696754,0.20092509025270722,131565.50068587076,970.693647665527,132536.1943335363,4026,0,643.275,35,5,20,34.774556257521056,0.6380952380952383,43.5185185185185,1025.9259259259234,29.31216931216924,0
4381,4,0,1,38,0.0,0.02564102564102564,0.9743589743589743,39,1300,900,400,0.6923076923076923,17,9,8,346.97571523029984,0.7928475033738192,0.11581008146336536,0.20453055498322306,131572.28599773225,1330.4776077097315,132902.76360544199,4027,2,660.7692307692307,34,5,20,34.61239073257523,0.6403186274509804,43.51190476190475,1025.9523809523796,30.175070028011163,0
4382,4,0,0,38,0.0,0.0,1.0,38,1150,900,250,0.782608695652174,14,9,5,354.72068591383737,0.7853840682788051,0.12990021942923247,0.20896318520652568,131548.03929077744,1732.5621455689902,133280.60143634642,4028,3,678.2368421052631,33,5,23,34.43821427149285,0.6423611111111112,43.53553921568626,1025.8578431372537,31.086601307189504,0
4383,4,1,1,38,0.02564102564102564,0.02564102564102564,0.9743589743589743,39,1050,900,150,0.8571428571428571,12,9,3,346.0329603254469,0.7930161943319838,0.11105069072388618,0.20578348825970214,131908.37762188195,1328.9292800453388,133237.30690192728,4029,0,661.8205128205128,34,5,21,34.29786186116585,0.6436887254901962,43.1845238095238,1027.2619047619037,30.213585434173638,0
4384,4,0,0,38,0.0,0.0,1.0,38,1050,700,350,0.6666666666666666,14,7,7,354.46105844169915,0.7843764817449028,0.11752271021822502,0.21045667936521248,131847.2381660997,1746.9423185940923,133594.1804846938,4030,5,680.2368421052631,34,4,21,34.14304895483173,0.6430759803921569,43.24404761904761,1027.023809523809,30.206582633053205,0
4385,4,0,1,37,0.0,0.02631578947368421,0.9736842105263158,38,950,700,250,0.7368421052631579,12,7,5,354.5418007981785,0.7844061166429588,0.11208225611346978,0.2109191034775223,131921.96609224967,1754.3702846364913,133676.33637688617,4031,6,681.2368421052631,35,3,21,34.065645185518996,0.6416666666666666,43.1712962962963,1027.314814814815,29.35185185185186,0
4386,4,0,2,35,0.0,0.05405405405405406,0.9459459459459459,37,1250,800,450,0.64,17,8,9,364.1126522898052,0.7747122122122122,0.12017434430254692,0.21409437371864365,131476.45968632094,2174.448490011978,133650.90817633292,4032,7,700.3783783783783,35,2,22,34.26966952563667,0.637202380952381,43.60532407407406,1025.578703703702,29.30224867724863,3
4387,4,0,0,35,0.0,0.0,1.0,35,900,800,100,0.8888888888888888,10,8,2,376.0255649604296,0.7611344537815126,0.13993992997361615,0.22006825892211668,131297.62081916086,2874.2524092970384,134171.8732284579,4033,8,740.0285714285715,34,1,22,34.14522592635614,0.6375612745098039,43.7797619047619,1024.8809523809514,30.14355742296916,0
4388,4,1,1,35,0.027777777777777776,0.027777777777777776,0.9722222222222222,36,1200,900,300,0.75,15,9,6,369.7245880751856,0.7688492063492064,0.13865684340797446,0.21811473132238357,131602.82206632654,2531.3633786848013,134134.18544501133,4034,0,720.4444444444445,34,2,17,33.99804695053563,0.640625,43.482142857142854,1026.0714285714284,30.178571428571423,0
4389,4,1,1,35,0.027777777777777776,0.027777777777777776,0.9722222222222222,36,500,400,100,0.8,6,4,2,387.5859561217752,0.7707671957671958,0.1515948422124196,0.2244038924736488,130883.62328800168,2945.730854552488,133829.35414255416,4035,0,721.4166666666666,35,1,18,34.26895995928063,0.6312499999999999,44.184027777777786,1023.2638888888899,29.236111111111143,6
4390,4,0,0,35,0.0,0.0,1.0,35,800,700,100,0.875,9,7,2,395.68033327867187,0.7598039215686274,0.1581905870613669,0.22811369549421442,130718.71456916115,3344.564909297068,134063.27947845822,4036,11,743.0285714285715,34,1,18,34.2294819557625,0.6317401960784312,44.3452380952381,1022.6190476190488,30.077030812324967,0
4391,4,1,1,35,0.027777777777777776,0.027777777777777776,0.9722222222222222,36,500,200,300,0.4,8,2,6,387.6234839393212,0.7623346560846561,0.14127486437612968,0.22563767012467878,131090.9636488342,2962.7872085048157,134053.75085733904,4037,0,723.3611111111111,35,1,18,34.05760247136827,0.6333333333333332,43.98148148148149,1024.0740740740755,29.2592592592593,0
4392,4,1,0,36,0.027777777777777776,0.0,1.0,36,650,400,250,0.6153846153846154,9,4,5,384.0750912998753,0.7664351851851853,0.14993223401852207,0.2246103605263606,131268.81456833013,2883.4163880315728,134152.2309563617,4038,0,724.3333333333334,35,1,19,33.968168812589404,0.6351190476190476,43.80787037037038,1024.7685185185203,29.279100529100578,0
4393,4,0,0,36,0.0,0.0,1.0,36,700,400,300,0.5714285714285714,10,4,6,383.23118464527124,0.7660714285714286,0.148814229249012,0.2242902934589479,131298.46810967528,2863.5334951560626,134162.00160483134,4039,1,725.3333333333334,35,1,19,33.959744965179766,0.6354166666666665,43.7789351851852,1024.884259259261,29.282407407407455,0
4394,4,1,1,36,0.02702702702702703,0.02702702702702703,0.972972972972973,37,750,500,250,0.6666666666666666,10,5,5,378.39826929754014,0.7752127127127127,0.1435544479022739,0.22309509229288768,131579.47063629367,2557.8988397113026,134137.36947600497,4040,0,706.7027027027027,33,4,18,33.799171842650104,0.6426767676767677,43.50490196078431,1025.9803921568623,31.090314913844313,0
4395,4,0,0,36,0.0,0.0,1.0,36,800,500,300,0.625,11,5,6,385.6110590277392,0.7662367724867726,0.14753481627404375,0.2266232287571124,131457.57607642058,2938.2990256096114,134395.8751020302,4041,3,727.3333333333334,32,4,19,33.737585159648695,0.6438802083333335,43.62373737373736,1025.505050505049,32.04703282828278,0
4396,4,3,2,37,0.07692307692307693,0.05128205128205128,0.9487179487179487,39,950,600,350,0.631578947368421,13,6,7,359.0003946883823,0.7908232118758435,0.12870502990984956,0.2147885716582523,132137.36329234645,1687.4731150069065,133824.83640735334,4042,0,672.3076923076923,36,3,20,33.734027017159555,0.6417824074074073,42.961711711711715,1028.1531531531534,28.559809809809817,0
4397,4,1,0,38,0.02631578947368421,0.0,1.0,38,950,700,250,0.7368421052631579,12,7,5,368.31385918283627,0.7839615931721194,0.14544059168301327,0.2199727897379131,132070.63567654745,2128.689102151914,134199.32477869937,4043,0,690.9736842105264,35,3,21,33.56193465450586,0.643154761904762,43.02662037037037,1027.8935185185182,29.368386243386237,0
4398,4,0,0,38,0.0,0.0,1.0,38,550,400,150,0.7272727272727273,7,4,3,370.93228831012414,0.7847617354196301,0.1400862579681985,0.22205946424172102,132159.87761488333,2204.473165294914,134364.35078017824,4044,1,691.9736842105264,35,3,21,33.404622542398315,0.644047619047619,42.93981481481481,1028.24074074074,29.378306878306855,0
4399,4,0,0,38,0.0,0.0,1.0,38,950,500,450,0.5263157894736842,14,5,9,368.97238707155316,0.7852655286865813,0.13665596708293237,0.22126229882629653,132224.21481870385,2157.4168340638,134381.63165276765,4045,2,692.9736842105264,36,2,21,33.39013285156394,0.642650462962963,42.877252252252255,1028.4909909909911,28.569194194194196,0
4400,4,0,0,38,0.0,0.0,1.0,38,800,600,200,0.75,10,6,4,367.5713313333162,0.7858285917496444,0.13747940027427874,0.2205910998947774,132253.17166829002,2122.4948766334064,134375.6665449234,4046,3,693.9736842105264,36,2,21,33.39696919932852,0.6429398148148149,42.84909909909911,1028.6036036036046,28.57232232232235,0
4401,4,0,0,38,0.0,0.0,1.0,38,750,400,350,0.5333333333333333,11,4,7,367.5713313333162,0.7858285917496444,0.13747940027427874,0.2205910998947774,132253.17166829002,2122.4948766334064,134375.6665449234,4047,4,694.9736842105264,36,2,21,33.39696919932852,0.6429398148148149,42.84909909909911,1028.6036036036046,28.57232232232235,0
4402,4,0,0,38,0.0,0.0,1.0,38,650,400,250,0.6153846153846154,9,4,5,365.50555748789156,0.7851469890943575,0.13723677008613544,0.2195196099705385,132282.1316882762,2069.9708576820162,134352.10254595822,4048,5,695.9736842105264,36,2,21,33.42090859332239,0.6432291666666666,42.82094594594595,1028.7162162162167,28.575450450450465,0
4403,4,0,0,38,0.0,0.0,1.0,38,1050,700,350,0.6666666666666666,14,7,7,363.3890081791214,0.7857989568515884,0.13307053057745577,0.21891971956156808,132398.00347222213,2022.4972861374795,134420.50075835962,4049,6,696.9736842105264,34,4,22,33.35863697705805,0.6485906862745099,42.70833333333333,1029.1666666666658,30.26960784313723,0
4404,4,0,0,38,0.0,0.0,1.0,38,550,200,350,0.36363636363636365,9,2,7,364.1840263366653,0.7858285917496444,0.13339865621500513,0.21993459914521507,132489.90929705213,2050.1417233559987,134540.05102040814,4050,7,697.9736842105264,34,4,22,33.24564446500153,0.6495098039215687,42.61904761904761,1029.5238095238092,30.280112044817916,0
4405,4,0,0,38,0.0,0.0,1.0,38,800,700,100,0.875,9,7,2,366.5280991327062,0.7855618776671408,0.13926287803661253,0.22189185343576198,132581.84700963701,2118.9944727890897,134700.8414824261,4051,8,698.9736842105264,34,4,22,33.0927542095326,0.6504289215686276,42.52976190476189,1029.880952380951,30.29061624649856,0
4406,4,0,1,37,0.0,0.02631578947368421,0.9736842105263158,38,600,400,200,0.6666666666666666,8,4,4,367.1128931427706,0.7855618776671408,0.1324854689916275,0.21960025789813023,132130.12695312515,2101.3346354166815,134231.46158854183,4052,9,699.9736842105264,35,3,18,33.53280141843972,0.6437499999999998,42.96875000000001,1028.1250000000011,29.375000000000032,1
4407,4,0,0,37,0.0,0.0,1.0,37,750,500,250,0.6666666666666666,10,5,5,375.5258341848276,0.7753378378378378,0.13807898280667685,0.22350261717345277,131938.95266439923,2509.2970521542093,134448.24971655343,4053,11,719.6486486486486,34,3,18,33.509559675550406,0.6439950980392156,43.15476190476191,1027.3809523809534,30.217086834733923,0
4408,4,0,0,37,0.0,0.0,1.0,37,600,500,100,0.8333333333333334,7,5,2,374.5983971531666,0.776026026026026,0.14082734263457142,0.2233103152089872,132000.11337868482,2489.406179138321,134489.51955782314,4054,12,720.6486486486486,34,3,19,33.47162689218411,0.6446078431372548,43.095238095238095,1027.6190476190477,30.224089635854344,0
4409,4,2,1,38,0.05128205128205128,0.02564102564102564,0.9743589743589743,39,1050,1000,50,0.9523809523809523,11,10,1,357.76562334463534,0.786774628879892,0.1334439891418988,0.21655772221228342,132576.73852237655,1686.8786808704956,134263.61720324703,4055,0,684.6410256410256,35,4,21,33.32349966284558,0.6482142857142856,42.53472222222222,1029.861111111111,29.424603174603174,0
4410,4,0,0,38,0.0,0.0,1.0,38,600,500,100,0.8333333333333334,7,5,2,364.8025656712252,0.7802275960170697,0.13960120029459566,0.22012894524487672,132459.27047902485,2064.296343537404,134523.56682256225,4056,1,703.2105263157895,34,4,21,33.26057206738368,0.649203431372549,42.64880952380952,1029.4047619047612,30.276610644257683,0
4411,4,0,0,38,0.0,0.0,1.0,38,1100,700,400,0.6363636363636364,15,7,8,363.56894650079965,0.7784495021337127,0.14299573619128103,0.22045985242266428,132643.15653344677,2044.98653628118,134688.14306972796,4057,2,704.2105263157895,34,4,18,33.107255672406474,0.6510416666666667,42.470238095238095,1030.119047619048,30.297619047619058,0
4412,4,1,1,38,0.02564102564102564,0.02564102564102564,0.9743589743589743,39,1000,700,300,0.7,13,7,6,356.9972404044051,0.7869433198380567,0.15268418252153526,0.21903856835549027,133083.80922335834,1702.110527049059,134785.9197504074,4058,0,687.1282051282051,35,4,21,32.83382407926716,0.6532738095238094,42.04282407407408,1031.8287037037048,29.48082010582014,0
4413,4,0,0,38,0.0,0.0,1.0,38,600,400,200,0.6666666666666666,8,4,4,366.45240281603907,0.7813537221431959,0.1591174906964381,0.22394313505424623,132934.57031250012,2142.8385416666815,135077.4088541668,4059,1,706.1315789473684,35,3,21,32.73989898989899,0.6517857142857142,42.18750000000001,1031.250000000001,29.46428571428574,0
4414,4,0,0,38,0.0,0.0,1.0,38,900,700,200,0.7777777777777778,11,7,4,367.3299511037911,0.7810870080606923,0.16070584900311857,0.22483822281847415,132994.2558299039,2170.5546982167275,135164.81052812064,4060,2,707.1315789473684,35,3,21,32.65727857570318,0.6523809523809523,42.129629629629626,1031.4814814814808,29.470899470899454,0
4415,4,0,0,38,0.0,0.0,1.0,38,900,700,200,0.7777777777777778,11,7,4,367.1073065271214,0.7804646752015173,0.16053664728281714,0.22524168187813412,133083.80922335823,2171.207749271266,135255.0169726295,4061,3,708.1315789473684,35,3,21,32.57302766872313,0.6532738095238095,42.042824074074076,1031.828703703704,29.48082010582011,0
4416,4,0,0,38,0.0,0.0,1.0,38,1150,800,350,0.6956521739130435,15,8,7,367.71438204706885,0.7780346135609294,0.16380922601313253,0.22670214251844523,133263.00643272043,2200.544812028477,135463.5512447489,4062,4,709.1315789473684,35,3,21,32.37737267869821,0.6550595238095237,41.86921296296297,1032.523148148149,29.500661375661398,0
4417,4,0,0,38,0.0,0.0,1.0,38,1400,1000,400,0.7142857142857143,18,10,8,375.31012174081366,0.7780346135609294,0.19555539599339378,0.21000177040917284,129554.6392746914,2145.862670396097,131700.5019450875,4063,5,710.1315789473684,32,6,19,35.93394724874942,0.6246744791666666,45.486111111111114,1018.055555555556,31.814236111111125,8
4418,4,0,0,38,0.0,0.0,1.0,38,750,300,450,0.4,12,3,9,374.4624477395126,0.7788940256045519,0.19304119674185483,0.209698970734127,129586.77685950408,2105.0763314967844,131691.85319100088,4064,6,711.1315789473684,32,6,19,35.9227740575397,0.625,45.45454545454545,1018.1818181818178,31.818181818181806,0
4419,4,0,0,38,0.0,0.0,1.0,38,1150,700,450,0.6086956521739131,16,7,9,375.2060133422384,0.7781235182550972,0.19476032960795475,0.21063235279275108,129683.21352731848,2131.584308999067,131814.79783631756,4065,7,712.1315789473684,32,6,19,35.80559687616215,0.6259765625,45.35984848484848,1018.5606060606048,31.8300189393939,0
4420,4,0,0,38,0.0,0.0,1.0,38,950,800,150,0.8421052631578947,11,8,3,376.6066618431843,0.7787754860123282,0.1980547639697683,0.2121139126124453,129811.85154894913,2177.601615906547,131989.45316485566,4066,8,713.1315789473684,32,6,20,35.638912980630245,0.6272786458333333,45.23358585858586,1019.0656565656568,31.845801767676775,0
4421,4,2,0,40,0.05,0.0,1.0,40,800,400,400,0.5,12,4,8,359.6700966289,0.7947916666666667,0.19526570329798387,0.20589253496815135,130444.94224773237,1383.4289965986304,131828.371244331,4067,0,678.425,34,6,22,35.42759196674824,0.6289828431372548,44.613095238095234,1021.5476190476186,30.0455182072829,0
4422,4,0,1,39,0.0,0.025,0.975,40,950,700,250,0.7368421052631579,12,7,5,361.34933511166037,0.7944711538461539,0.18708503203261473,0.2075039492932178,130566.58340419506,1436.0296201814097,132002.61302437648,4068,1,679.425,34,6,18,35.26135701805474,0.6302083333333333,44.49404761904762,1022.0238095238099,30.05952380952382,0
4423,4,0,0,39,0.0,0.0,1.0,39,1150,800,350,0.6956521739130435,15,8,7,368.76542707683586,0.7871682411156096,0.18549612217158362,0.21146947255616635,130512.91120001925,1825.7298875432537,132338.64108756252,4069,2,697.8205128205128,33,6,19,35.12632925561686,0.6319444444444444,44.54656862745098,1021.8137254901964,30.96405228758171,0
4424,4,1,0,40,0.025,0.0,1.0,40,700,400,300,0.5714285714285714,10,4,6,358.5893264470964,0.7919604700854701,0.18561328988711745,0.2072197768769267,130810.03578514747,1381.4165249433227,132191.4523100908,4070,0,681.35,34,6,20,35.085243803095544,0.6326593137254901,44.25595238095239,1022.976190476191,30.08753501400562,0
4425,4,0,0,40,0.0,0.0,1.0,40,1150,500,650,0.43478260869565216,18,5,13,360.6539352725478,0.7904380341880342,0.18543265875785075,0.2092376879536685,130962.30867346944,1446.4143990929788,132408.72307256242,4071,1,682.35,34,6,20,34.87826626347213,0.6341911764705882,44.10714285714286,1023.571428571429,30.105042016806735,0
4426,4,0,0,40,0.0,0.0,1.0,40,1200,1000,200,0.8333333333333334,14,10,4,366.62988730877515,0.7918803418803418,0.18785166240409223,0.21337958664614945,131084.19075963736,1611.87641723358,132696.06717687094,4072,2,683.35,34,6,21,34.60193365883904,0.6354166666666665,43.98809523809525,1024.0476190476204,30.11904761904766,0
4427,4,1,0,41,0.024390243902439025,0.0,1.0,41,1200,1000,200,0.8333333333333334,14,10,4,355.40499231027934,0.7969512195121952,0.18727697030802126,0.20849780611553997,131389.14399092982,1139.4982993197414,132528.64229024955,4073,0,667.6585365853658,34,7,22,34.581107756618685,0.6384803921568627,43.6904761904762,1025.238095238096,30.154061624649884,0
4428,4,0,0,41,0.0,0.0,1.0,41,1100,800,300,0.7272727272727273,14,8,6,356.685962273335,0.7972052845528456,0.1950559052019496,0.21005366668628372,131535.8170037081,1183.39589227539,132719.21289598348,4074,1,668.6585365853658,35,6,22,34.400151378389566,0.6377976190476189,43.54745370370371,1025.810185185186,29.308862433862455,0
4429,4,0,0,41,0.0,0.0,1.0,41,850,600,250,0.7058823529411765,11,6,5,358.8425284211285,0.7954268292682927,0.20179034183754818,0.21181743388693267,131624.8780971366,1246.5208118998721,132871.39890903648,4075,2,669.6585365853658,35,6,17,34.25492518234453,0.6386904761904761,43.46064814814815,1026.1574074074083,29.318783068783095,0
4430,4,0,1,40,0.0,0.024390243902439025,0.975609756097561,41,1000,800,200,0.8,12,8,4,374.1073608138371,0.7955284552845528,0.19150292430299953,0.20861070630203402,129419.51600646373,1521.979148867228,130941.49515533097,4076,3,670.6585365853658,33,8,21,36.10228732586614,0.6208964646464648,45.6188725490196,1017.5245098039205,30.83407605466426,6
4431,4,1,1,40,0.024390243902439025,0.024390243902439025,0.975609756097561,41,1000,800,200,0.8,12,8,4,341.37017306659004,0.7971544715447154,0.12994710900524198,0.18119181116831246,127451.59718615311,515.6054962279754,127967.20268238109,4077,0,671.4146341463414,37,4,14,38.94276884931407,0.592623873873874,47.56030701754384,1009.7587719298219,27.290777619724917,7
4432,4,0,0,40,0.0,0.0,1.0,40,850,400,450,0.47058823529411764,13,4,9,348.99352479579693,0.7918002136752137,0.141281793842035,0.18489231420032629,127376.05003652291,890.683335362379,128266.73337188529,4078,1,689.025,36,4,14,38.827764762754725,0.59375,47.63513513513513,1009.4594594594587,28.04054054054052,0
4433,4,3,1,42,0.06976744186046512,0.023255813953488372,0.9767441860465116,43,1100,800,300,0.7272727272727273,14,8,6,341.19485300528885,0.8123846437799925,0.12597001839679423,0.18009519267350152,127226.70945878078,84.13090812172797,127310.84036690251,4079,0,641.8837209302326,38,5,18,39.177609516749634,0.5885416666666666,47.78311965811966,1008.8675213675215,26.5491452991453,5
4434,4,4,4,42,0.08695652173913043,0.08695652173913043,0.9130434782608696,46,1200,700,500,0.5833333333333334,17,7,10,322.5835506881626,0.8350644122383253,0.12507357268981711,0.1728925718041601,127843.3691184805,-951.9664115646473,126891.40270691586,4080,0,600.9347826086956,41,5,13,39.01682362173827,0.589939024390244,47.17261904761904,1011.309523809522,24.66608594657371,0
4435,4,1,1,42,0.023255813953488372,0.023255813953488372,0.9767441860465116,43,1250,900,350,0.72,16,9,7,340.00242488541335,0.8157530454042081,0.13532757924986916,0.18054510786611944,127469.34125940534,67.97702534881276,127537.31828475415,4081,0,643.8139534883721,38,5,14,38.959126816194086,0.5910087719298246,47.54273504273504,1009.8290598290596,26.57444894286999,0
4436,4,1,2,41,0.023255813953488372,0.046511627906976744,0.9534883720930233,43,950,800,150,0.8421052631578947,11,8,3,341.26275670143866,0.8157991878922111,0.13438332607588577,0.1813354041089769,127496.31461620647,101.9487590401086,127598.26337524658,4082,0,644.7906976744187,38,5,14,38.899687929757754,0.5912828947368421,47.51602564102564,1009.9358974358976,26.577260458839408,0
4437,4,4,2,43,0.08888888888888889,0.044444444444444446,0.9555555555555556,45,1350,1100,250,0.8148148148148148,16,11,5,330.50049328815714,0.8337542087542088,0.1413321727874306,0.17778462515776244,127990.23321311726,-539.8329573996871,127450.40025571757,4083,0,616.5111111111111,40,5,16,38.66668340530951,0.59296875,47.02743902439025,1011.8902439024396,25.29725609756099,0
4438,4,1,0,44,0.022727272727272728,0.0,1.0,44,900,700,200,0.7777777777777778,11,7,4,333.30516742074474,0.8271229739252995,0.14959294436906356,0.1793938892793651,128012.72922092032,-266.53917100692456,127746.19004991339,4084,0,631.5,39,5,18,38.572761194029866,0.5948183760683761,47.00520833333334,1011.9791666666681,25.948183760683797,0
4439,4,3,2,45,0.06382978723404255,0.0425531914893617,0.9574468085106383,47,950,400,550,0.42105263157894735,15,4,11,314.38712107172944,0.8450123342584026,0.15386152005410159,0.17181230961830224,128622.09590143932,-1312.5060958266397,127309.58980561268,4085,0,592.1276595744681,41,6,13,38.43103096984513,0.5978150406504066,46.40376984126984,1014.384920634921,24.741095625241975,0
4440,4,1,2,44,0.021739130434782608,0.043478260869565216,0.9565217391304348,46,1300,900,400,0.6923076923076923,17,9,8,317.5190798763384,0.8359702093397746,0.14770365593834023,0.1732379933343894,128556.44710696358,-1036.1750404851457,127520.27206647843,4086,0,605.9782608695652,40,6,13,38.41838694591979,0.5986979166666666,46.46849593495936,1014.1260162601636,25.353150406504092,0
4441,4,1,2,43,0.022222222222222223,0.044444444444444446,0.9555555555555556,45,1350,900,450,0.6666666666666666,18,9,9,323.5938102089555,0.8307239057239058,0.14159017216970393,0.1761305906573579,128461.13281250012,-686.154513888874,127774.97829861124,4087,0,620.3777777777777,39,6,13,38.36141937251679,0.5993589743589742,46.56250000000001,1013.7500000000009,25.993589743589766,0
4442,4,2,3,42,0.044444444444444446,0.06666666666666667,0.9333333333333333,45,1100,900,200,0.8181818181818182,13,9,4,333.9010770373469,0.8282407407407408,0.17480812435138593,0.1830724926041011,128751.69406467037,-401.9341362846965,128349.75992838568,4088,0,621.1777777777778,39,6,14,37.80417137089878,0.6022970085470085,46.27604166666668,1014.8958333333353,26.022970085470135,0
4443,4,3,2,43,0.06666666666666667,0.044444444444444446,0.9555555555555556,45,950,700,250,0.7368421052631579,12,7,5,335.5313018134963,0.8290824915824916,0.17980212465235068,0.18458008634751505,128883.87586805574,-351.08506944442604,128532.79079861131,4089,0,621.8,39,6,15,37.628231432088654,0.6036324786324785,46.14583333333334,1015.4166666666681,26.036324786324823,0
4444,4,2,0,45,0.044444444444444446,0.0,1.0,45,1300,1100,200,0.8461538461538461,15,11,4,336.9389948938459,0.8319444444444445,0.19653916211293287,0.1868479880774962,129201.3888888888,-293.01215277778704,128908.37673611102,4090,0,622.7555555555556,38,7,18,37.26946721311475,0.6085526315789473,45.83333333333333,1016.666666666666,26.754385964912263,0
4445,4,1,0,46,0.021739130434782608,0.0,1.0,46,1100,600,500,0.5454545454545454,16,6,10,331.10277341709525,0.8366747181964573,0.2082003978053959,0.18497456827092276,129492.78564453125,-624.9159071180545,128867.8697374132,4091,0,610.195652173913,39,7,16,37.12186146078532,0.6097756410256411,45.546875,1017.8125,26.09775641025641,0
4446,4,0,1,45,0.0,0.021739130434782608,0.9782608695652174,46,800,400,400,0.5,12,4,8,331.5243450006833,0.8367149758454107,0.21326407172845707,0.1858361236655205,129625.34722222215,-605.2083333333369,129020.1388888888,4092,1,611.195652173913,39,7,16,36.976609383524284,0.6111111111111112,45.416666666666664,1018.3333333333327,26.111111111111093,0
4447,4,1,1,45,0.021739130434782608,0.021739130434782608,0.9782608695652174,46,1050,800,250,0.7619047619047619,13,8,5,331.69958683091875,0.8374798711755234,0.2125490230953242,0.18618591044963978,129678.39084201398,-597.1462673611063,129081.24457465287,4093,0,612.1304347826087,39,7,16,36.9183370832481,0.6116452991452992,45.364583333333336,1018.5416666666674,26.11645299145301,0
4448,4,0,0,45,0.0,0.0,1.0,45,1400,900,500,0.6428571428571429,19,9,10,339.4116625517996,0.8303451178451179,0.21559004474272947,0.19083901026497416,129745.05077069183,-192.6033220103683,129552.44744868146,4094,3,626.7333333333333,38,7,16,36.654301244407186,0.6140350877192982,45.2991452991453,1018.803418803419,26.8106162843005,0
4449,4,2,1,46,0.0425531914893617,0.02127659574468085,0.9787234042553191,47,1300,1100,200,0.8461538461538461,15,11,4,329.5338155246132,0.8395390070921985,0.22492519381367848,0.1876354968418784,130237.26974875582,-816.4831152368508,129420.78663351896,4095,0,601.0212765957447,41,6,18,36.407307966436626,0.6140752032520326,44.816468253968246,1020.7341269841257,24.895954316685994,0
4450,4,1,0,47,0.02127659574468085,0.0,1.0,47,1050,500,550,0.47619047619047616,16,5,11,327.56594419287984,0.8379972247918593,0.224210042587075,0.18688557872264983,130314.46358194528,-862.6814784833574,129451.78210346193,4096,0,602.0,40,7,19,36.3794333300156,0.61640625,44.74085365853659,1021.0365853658537,25.525914634146343,0
4451,4,1,0,48,0.020833333333333332,0.0,1.0,48,1200,700,500,0.5833333333333334,17,7,10,321.6305409484957,0.844211731678487,0.2260156780895055,0.18457471879166876,130541.23682169622,-1202.7902769904335,129338.44654470579,4097,0,590.4375,41,7,17,36.30179513315858,0.6171239837398375,44.5188492063492,1021.9246031746028,24.924990321331776,0
4452,4,0,1,47,0.0,0.020833333333333332,0.9791666666666666,48,1500,1100,400,0.7333333333333333,19,11,8,319.59760449178106,0.8431035756501182,0.22463135428793146,0.18425123641506036,130718.71456916103,-1244.52239229025,129474.19217687078,4098,1,591.4375,41,7,17,36.174573147070234,0.6189024390243902,44.345238095238095,1022.6190476190479,24.941927990708486,0
4453,4,0,0,47,0.0,0.0,1.0,47,750,400,350,0.5333333333333333,11,4,7,327.0819472992828,0.8410422448350292,0.2312060967948677,0.18811419713456215,130625.94112507465,-854.9225618018027,129771.01856327284,4099,2,604.9787234042553,40,7,17,36.07693773403586,0.6195312499999999,44.43597560975611,1022.2560975609779,25.556402439024446,0
4454,4,2,1,48,0.04081632653061224,0.02040816326530612,0.9795918367346939,49,1400,1100,300,0.7857142857142857,17,11,6,316.55416692215243,0.8479662698412699,0.23682584313059074,0.1842150019842131,131079.93810468138,-1501.2198786130461,129578.71822606833,4100,0,581.2448979591836,42,7,19,35.888215997981334,0.6210317460317459,43.99224806201551,1024.0310077519393,24.381690660760462,0
4455,4,0,0,48,0.0,0.0,1.0,48,1550,1300,250,0.8387096774193549,18,13,5,325.7329625893989,0.8459478427895981,0.23912727624951557,0.18977805337319173,131124.83071932488,-1057.6640841521685,130067.1666351727,4101,1,594.3541666666666,41,7,19,35.60796848766628,0.6229674796747966,43.9484126984127,1024.20634920635,24.980642663569515,0
4456,4,0,0,48,0.0,0.0,1.0,48,1450,1200,250,0.8275862068965517,17,12,5,324.3541124376865,0.8452090721040189,0.23068776024014692,0.18935019328117533,131201.04762101616,-1088.8801295981202,130112.16749141803,4102,2,595.3541666666666,41,7,20,35.56645605371033,0.6237296747967478,43.874007936507944,1024.5039682539696,24.987901664730966,0
4457,4,0,0,48,0.0,0.0,1.0,48,1200,800,400,0.6666666666666666,16,8,8,330.16061867935736,0.844636524822695,0.23204607046070458,0.19337979094076663,131328.12500000015,-928.1249999999864,130400.00000000016,4103,3,596.3541666666666,41,7,20,35.28963414634148,0.6249999999999998,43.75000000000001,1025.0000000000011,25.00000000000003,0
4458,4,0,0,48,0.0,0.0,1.0,48,950,600,350,0.631578947368421,13,6,7,332.6668497270823,0.8448766252955082,0.24002283223946907,0.19554617823210438,131465.04635336774,-853.1874360800567,130611.85891728768,4104,4,597.3541666666666,38,10,20,35.08742230093413,0.6313048245614035,43.616452991452995,1025.5341880341887,26.987741790373388,0
4459,4,0,1,47,0.0,0.020833333333333332,0.9791666666666666,48,1000,600,400,0.6,14,6,8,330.2542779151294,0.8443040780141844,0.23967957829898134,0.1946543616508745,131568.46923828137,-909.7900390624859,130658.67919921888,4105,5,598.3541666666666,39,9,15,35.045118793786166,0.6306089743589742,43.51562500000001,1025.937500000001,26.306089743589766,0
4460,4,1,1,47,0.020833333333333332,0.020833333333333332,0.9791666666666666,48,1300,1000,300,0.7692307692307693,16,10,6,330.03867383023794,0.8445441784869976,0.24410595261664403,0.19543087239349738,131745.12215777655,-903.8029198889415,130841.31923788761,4106,0,598.75,40,8,15,34.87283871180626,0.6307291666666666,43.34349593495936,1026.6260162601634,25.665650406504085,0
4461,4,0,0,47,0.0,0.0,1.0,47,1700,1100,600,0.6470588235294118,23,11,12,334.87857031986636,0.8393077397471477,0.25482258708723293,0.19821191054067766,131728.82080078125,-577.3681640625001,131151.45263671875,4107,7,612.4893617021277,39,8,16,34.765030441400306,0.6322115384615385,43.359375,1026.5625,26.322115384615383,0
4462,4,1,0,48,0.020833333333333332,0.0,1.0,48,800,300,500,0.375,13,3,10,330.6021534797831,0.8401669621749409,0.2537416394846952,0.19779432210260015,132136.6572993094,-863.0673086456361,131273.58999066375,4108,0,600.7083333333334,40,8,18,34.46467991169978,0.6346354166666666,42.962398373983746,1028.150406504066,25.70376016260165,0
4463,4,0,1,47,0.0,0.020833333333333332,0.9791666666666666,48,1350,900,450,0.6666666666666666,18,9,9,330.79464211896493,0.8393912529550828,0.24463746102163508,0.1986108653231932,132270.4093935028,-849.1314523494533,131421.27794115336,4109,1,601.7083333333334,41,7,19,34.325372906419794,0.634400406504065,42.83234126984127,1028.6706349206352,25.0895276809911,0
4464,4,0,1,46,0.0,0.02127659574468085,0.9787234042553191,47,950,500,450,0.5263157894736842,14,5,9,335.36860421605,0.8336031452358926,0.2424287030066492,0.20078458801526594,132162.78029777252,-535.3505684447083,131627.42972932782,4110,2,615.2553191489362,40,7,19,34.31590564670224,0.6348958333333332,42.9369918699187,1028.2520325203254,25.706300813008134,0
4465,4,0,0,46,0.0,0.0,1.0,46,1050,800,250,0.7619047619047619,13,8,5,331.37326515704916,0.8316022544283415,0.19911868390129261,0.1977550130775936,132040.89506172814,-448.61721601635963,131592.27784571177,4111,3,627.7826086956521,38,8,19,34.541103603603595,0.637061403508772,43.05555555555554,1027.7777777777758,27.046783625730942,1
4466,4,0,0,46,0.0,0.0,1.0,46,900,600,300,0.6666666666666666,12,6,6,332.94299313571975,0.8303341384863124,0.20428186094004896,0.1991243270941596,132123.26189139072,-402.0971446051684,131721.16474678557,4112,4,628.7826086956521,38,8,19,34.417974297689575,0.6378837719298246,42.975427350427346,1028.0982905982894,27.055218173639194,0
4467,4,0,1,45,0.0,0.021739130434782608,0.9782608695652174,46,1000,700,300,0.7,13,7,6,333.6674678640058,0.8301932367149759,0.20729426433915155,0.19970246957233773,132150.72320841538,-381.1205621301922,131769.6026462852,4113,5,629.7826086956521,38,8,19,34.371752909393166,0.6381578947368423,42.94871794871794,1028.2051282051273,27.058029689608613,0
4468,4,0,0,45,0.0,0.0,1.0,45,1150,700,450,0.6086956521739131,16,7,9,379.8328593539712,0.8265572390572391,0.2631868736923244,0.21900077433608992,130722.82745160717,976.0994602470861,131698.92691185424,4114,14,644.6666666666666,36,9,16,34.63045552986089,0.6276041666666665,44.341216216216225,1022.6351351351364,28.406531531531567,7
4469,4,0,0,45,0.0,0.0,1.0,45,850,700,150,0.8235294117647058,10,7,3,378.6456306528756,0.8257575757575758,0.2630901707519935,0.218805146873456,130809.21292914565,906.0673849525527,131715.2803140982,4115,15,645.6666666666666,36,9,16,34.57315059445178,0.6284722222222221,44.25675675675677,1022.9729729729753,28.41591591591598,0
4470,4,1,0,46,0.021739130434782608,0.0,1.0,46,900,500,400,0.5555555555555556,13,5,8,371.3836360222729,0.8285426731078905,0.26782431860169664,0.2167293760996937,131187.6746330602,544.19112130656,131731.86575436677,4116,0,632.6086956521739,37,9,17,34.375445966677376,0.6303490990990991,43.887061403508774,1024.4517543859652,27.687885253674732,0
4471,4,1,0,47,0.02127659574468085,0.0,1.0,47,1450,1000,450,0.6896551724137931,19,10,9,392.10550097555705,0.8334104224483503,0.2935943275287236,0.22222673826994105,130055.90284475734,818.9978857306246,130874.90073048796,4117,0,620.1276595744681,35,12,16,34.99529577518061,0.6229166666666666,44.99421296296296,1020.0231481481478,29.14351851851851,4
4472,4,1,0,48,0.020833333333333332,0.0,1.0,48,1200,1000,200,0.8333333333333334,14,10,4,381.17834078163173,0.8387817671394799,0.29151556361438535,0.2178444092653573,130380.76560356647,339.82888052983077,130720.5944840963,4118,0,608.1875,35,13,17,34.94352523420973,0.6261904761904762,44.675925925925924,1021.2962962962958,29.179894179894166,0
4473,4,0,0,48,0.0,0.0,1.0,48,1600,1300,300,0.8125,19,13,6,379.79230152027105,0.8388925827423168,0.2909137683622225,0.2175487764775748,130469.43486636209,310.2573891889346,130779.69225555102,4119,1,609.1875,35,13,17,34.888811789584985,0.6270833333333334,44.58912037037036,1021.6435185185168,29.189814814814763,0
4474,4,1,1,48,0.02040816326530612,0.02040816326530612,0.9795918367346939,49,1250,900,350,0.72,16,9,7,370.6429151327084,0.8404195011337868,0.28491889985103347,0.21402095347427785,130780.41459956573,-105.43317811055039,130674.98142145517,4120,0,597.734693877551,36,13,16,34.80701126646849,0.6281828703703705,44.284909909909906,1022.86036036036,28.412787787787778,0
4475,4,0,0,48,0.0,0.0,1.0,48,900,600,300,0.6666666666666666,12,6,6,378.09838210915433,0.8377659574468085,0.2859754141665727,0.2175728344736258,130646.86381440733,279.4735671724673,130926.3373815798,4121,3,611.1875,35,13,16,34.75190101513265,0.6288690476190477,44.415509259259245,1022.337962962961,29.20965608465603,0
4476,4,3,0,51,0.058823529411764705,0.0,1.0,51,1500,900,600,0.6,21,9,12,359.7740595019294,0.8527450980392157,0.3029798152656604,0.21184110588255162,131530.201548677,-732.2258677518274,130797.97568092517,4122,0,576.1764705882352,36,15,19,34.32662751125261,0.6357060185185186,43.552927927927925,1025.788288288288,28.49411911911911,0
4477,4,0,0,51,0.0,0.0,1.0,51,1550,1200,350,0.7741935483870968,19,12,7,356.7221022920411,0.852124183006536,0.29777072119170267,0.21084080676327266,131674.63705259314,-805.7493304114935,130868.88772218165,4123,1,577.1764705882352,36,15,19,34.259106868553864,0.6371527777777779,43.41216216216216,1026.3513513513515,28.509759759759763,0
4478,4,1,0,52,0.019230769230769232,0.0,1.0,52,850,600,250,0.7058823529411765,11,6,5,351.81319495177,0.8540881096028154,0.30794877266124443,0.20990102331527294,132031.50398439902,-1109.9149497922504,130921.58903460678,4124,0,567.0576923076923,37,15,20,34.02536985668053,0.638795045045045,43.06469298245614,1027.741228070175,27.77678994784257,0
4479,4,0,0,52,0.0,0.0,1.0,52,1450,1200,250,0.8275862068965517,17,12,5,352.2411040421644,0.8531768476621417,0.31398697037943357,0.21085336191632525,132156.90239800338,-1089.7813585069528,131067.12103949643,4125,1,568.0576923076923,39,13,20,33.888093911457815,0.6364850427350428,42.94270833333333,1028.2291666666658,26.364850427350405,0
4480,4,0,1,51,0.0,0.019230769230769232,0.9807692307692307,52,1650,1200,450,0.7272727272727273,21,12,9,350.9770870052879,0.8529411764705882,0.3169522882181113,0.2106929321688277,132264.03130425338,-1115.6711154513932,131148.36018880198,4126,2,569.0576923076923,39,13,20,33.81276371308017,0.6375534188034189,42.838541666666664,1028.6458333333328,26.375534188034173,0
4481,4,0,0,51,0.0,0.0,1.0,51,1350,900,450,0.6666666666666666,18,9,9,357.3477925491751,0.8492810457516341,0.3343715941373009,0.214821920085709,132317.61203342007,-743.3186848958418,131574.29334852422,4127,3,580.5098039215686,39,12,20,33.59498920049947,0.6380876068376069,42.78645833333333,1028.854166666666,26.380876068376054,0
4482,4,0,0,51,0.0,0.0,1.0,51,1550,1100,450,0.7096774193548387,20,11,9,354.78564568845763,0.8497058823529413,0.33520283579501875,0.2138967794526368,132426.21678064414,-803.3670065548929,131622.84977408926,4128,4,581.5098039215686,37,14,20,33.55160949540144,0.6427364864864864,42.68092105263158,1029.2763157894744,27.81827880512093,0
4483,4,0,0,51,0.0,0.0,1.0,51,1400,800,600,0.5714285714285714,20,8,12,356.6696425223371,0.8491176470588236,0.3298235064444257,0.21567833953169807,132539.10007165687,-745.4653114419662,131793.6347602149,4129,5,582.5098039215686,37,14,20,33.389570688247616,0.6438626126126126,42.57127192982457,1029.7149122807032,27.83013276434333,0
4484,4,2,2,51,0.03773584905660377,0.03773584905660377,0.9622641509433962,53,950,500,450,0.5263157894736842,14,5,9,343.156510861584,0.8530478955007257,0.32059846876750653,0.2100083912578123,132988.28667534716,-1472.8407118055597,131515.4459635416,4130,0,561.4905660377359,39,14,17,33.28662559752239,0.6447649572649572,42.135416666666664,1031.458333333333,26.447649572649564,0
4485,4,1,1,51,0.019230769230769232,0.019230769230769232,0.9807692307692307,52,1200,800,400,0.6666666666666666,16,8,8,351.61201629691516,0.8516999748617394,0.3313678399885298,0.21558839627805146,133058.5475221894,-1043.003164036815,132015.54435815258,4131,0,573.2692307692307,38,14,20,32.99808429118775,0.647203947368421,42.06730769230769,1031.7307692307695,27.1508097165992,0
4486,4,0,0,51,0.0,0.0,1.0,51,1100,1000,100,0.9090909090909091,12,10,2,358.3715947352309,0.8471895424836602,0.333610615963557,0.21900486344930792,132934.57031250015,-672.0052083333188,132262.56510416683,4132,1,585.3333333333334,37,14,20,32.948232323232325,0.647804054054054,42.18750000000001,1031.2500000000011,27.871621621621653,0
4487,4,0,0,51,0.0,0.0,1.0,51,1300,1100,200,0.8461538461538461,15,11,4,358.0223629868963,0.8465359477124184,0.33066199912483585,0.21962128003303102,133075.95245652518,-671.1666089565919,132404.7858475686,4133,2,586.3333333333334,37,14,20,32.81526744597946,0.6492117117117115,42.05043859649123,1031.7982456140357,27.886439070649615,0
4488,4,0,1,50,0.0,0.0196078431372549,0.9803921568627451,51,1300,1000,300,0.7692307692307693,16,10,6,358.7504612770023,0.8468954248366014,0.33633502269493754,0.22056943775313037,133160.8178117307,-645.6990372037371,132515.11877452696,4134,3,587.3333333333334,37,14,20,32.71129908991112,0.6500563063063062,41.96820175438597,1032.1271929824575,27.895329540066417,0
4489,4,0,0,50,0.0,0.0,1.0,50,1600,1300,300,0.8125,19,13,6,367.5821125345586,0.843452380952381,0.3349323439546048,0.22577228413315642,133123.3513919325,-213.24745353461793,132910.10393839786,4135,4,599.1,36,14,20,32.52105157864106,0.6516203703703705,42.0045045045045,1031.981981981982,28.666166166166168,0
4490,4,0,0,50,0.0,0.0,1.0,50,1400,1000,400,0.7142857142857143,18,10,8,374.68227078722634,0.8420578231292517,0.3419062159214832,0.23121375660288457,133297.72973987498,-11.140786056328977,133286.58895381866,4136,5,600.1,36,14,20,32.16262268266085,0.6533564814814815,41.835585585585584,1032.6576576576574,28.68493493493493,0
4491,4,0,0,50,0.0,0.0,1.0,50,1200,900,300,0.75,15,9,6,374.8869624200755,0.841734693877551,0.33794637017658635,0.23206565406489674,133414.04537983923,3.037243324396883,133417.08262316362,4137,6,601.1,36,14,20,32.040503960467994,0.654513888888889,41.72297297297297,1033.1081081081074,28.69744744744743,0
4492,4,0,1,49,0.0,0.02,0.98,50,1450,1200,250,0.8275862068965517,17,12,5,376.02628424899126,0.8412585034013605,0.33879778903730995,0.2339120524654899,133595.26643990926,47.091689731643726,133642.3581296409,4138,7,602.1,34,16,20,31.829130201136188,0.6605392156862746,41.547619047619044,1033.8095238095234,30.406162464985982,0
4493,4,0,0,49,0.0,0.0,1.0,49,1650,1400,250,0.8484848484848485,19,14,5,374.9823788405637,0.8409863945578232,0.33326208835473436,0.23423593743678325,133749.15143140577,230.71499433105657,133979.86642573684,4139,8,593.265306122449,34,15,17,31.701720566233174,0.6620710784313726,41.39880952380952,1034.404761904761,30.42366946778709,0
4494,4,0,0,49,0.0,0.0,1.0,49,1150,600,550,0.5217391304347826,17,6,11,375.9322854428266,0.8398526077097506,0.33692296106634556,0.23592718798001375,133921.09435281626,269.05261381172215,134190.14696662797,4140,9,594.265306122449,35,14,19,31.504738342837975,0.6616071428571428,41.232638888888886,1035.069444444444,29.57341269841268,0
4495,4,0,0,49,0.0,0.0,1.0,49,1250,900,350,0.72,16,9,7,375.9322854428266,0.8393920068027211,0.33692296106634556,0.23592718798001375,133921.09435281626,269.05261381172215,134190.14696662797,4141,10,595.265306122449,35,14,19,31.504738342837975,0.6616071428571428,41.232638888888886,1035.069444444444,29.57341269841268,0
4496,4,0,0,49,0.0,0.0,1.0,49,1050,600,450,0.5714285714285714,15,6,9,380.2249684213305,0.8377976190476191,0.3284464433963128,0.23959528291789176,134070.88584533593,395.41966735252026,134466.30551268844,4142,11,596.265306122449,35,14,19,31.243480852331995,0.6630952380952382,41.087962962962955,1035.648148148147,29.589947089947053,0
4497,4,0,0,49,0.0,0.0,1.0,49,1400,1000,400,0.7142857142857143,18,10,8,375.8417712600493,0.8366284013605443,0.3278701613225168,0.23786079636416593,134229.67519884743,289.82377647917906,134519.4989753266,4143,12,597.265306122449,36,13,19,31.19792798666958,0.6626157407407407,40.93468468468468,1036.2612612612606,28.78503503503502,0
4498,4,0,0,49,0.0,0.0,1.0,49,1100,700,400,0.6363636363636364,15,7,8,377.6486179034077,0.8357426303854876,0.3328322202414211,0.23938552886935005,134288.0295836376,342.7377546465253,134630.76733828412,4144,13,598.265306122449,36,13,19,31.09268615094885,0.6631944444444444,40.87837837837837,1036.4864864864858,28.791291291291273,0
4499,4,0,0,49,0.0,0.0,1.0,49,1000,600,400,0.6,14,6,8,376.0896883240683,0.8357071995464853,0.33280800101076613,0.23896878953759113,134375.58493882386,307.45437160131723,134683.03931042517,4145,14,599.265306122449,36,13,19,31.045445494370213,0.6640625,40.79391891891891,1036.8243243243235,28.800675675675652,0
4500,4,0,0,49,0.0,0.0,1.0,49,1700,1400,300,0.8235294117647058,20,14,6,372.0907727294721,0.8350694444444444,0.3307925579870503,0.2375656472042014,134550.78125,213.13496773800978,134763.916217738,4146,15,600.265306122449,35,14,19,30.97389558232931,0.6678571428571429,40.625,1037.5,29.642857142857142,0
4501,4,0,0,49,0.0,0.0,1.0,49,950,600,350,0.631578947368421,13,6,7,374.53957098392726,0.8329081632653061,0.33385078323098183,0.23952366572338735,134610.82845721874,283.4163880315432,134894.24484525027,4147,16,601.265306122449,35,14,19,30.850342032864894,0.668452380952381,40.567129629629626,1037.731481481481,29.649470899470888,0
4502,4,0,0,49,0.0,0.0,1.0,49,1000,500,500,0.5,15,5,10,374.43412854979334,0.8326955782312926,0.33565046042946123,0.24005001422180808,134700.92438539513,287.32464741939964,134988.24903281452,4148,17,602.265306122449,35,14,19,30.763021704389196,0.6693452380952382,40.48032407407407,1038.078703703703,29.659391534391514,0
4503,4,0,0,49,0.0,0.0,1.0,49,1250,900,350,0.72,16,9,7,361.03399269158365,0.83156179138322,0.30616135287264234,0.23170803639130838,134739.97531467033,-70.85774739581467,134669.11756727452,4149,18,603.265306122449,39,10,20,31.071807799070257,0.6621260683760684,40.44270833333334,1038.2291666666683,26.621260683760728,1
4504,4,0,0,49,0.0,0.0,1.0,49,1900,1400,500,0.7368421052631579,24,14,10,359.25409272450054,0.8306051587301587,0.30693681121937466,0.23177233640583245,134929.30230034728,-105.21918402776589,134824.08311631953,4150,19,604.265306122449,39,10,18,30.929165831161026,0.6639957264957265,40.26041666666667,1038.958333333334,26.639957264957282,0
4505,4,0,0,49,0.0,0.0,1.0,49,950,600,350,0.631578947368421,13,6,7,359.25409272450054,0.8306051587301587,0.30693681121937466,0.23177233640583245,134929.30230034728,-105.21918402776589,134824.08311631953,4151,20,605.265306122449,39,10,18,30.929165831161026,0.6639957264957265,40.26041666666667,1038.958333333334,26.639957264957282,0
4506,4,0,1,48,0.0,0.02040816326530612,0.9795918367346939,49,1400,1100,300,0.7857142857142857,17,11,6,361.4041710675861,0.8284084467120182,0.3160606928141998,0.2342086770944487,135091.6883680555,-35.46006944444838,135056.22829861107,4152,21,606.265306122449,39,10,18,30.71142284569138,0.6655982905982907,40.104166666666664,1039.583333333333,26.6559829059829,0
4507,4,0,0,48,0.0,0.0,1.0,48,650,500,150,0.7692307692307693,8,5,3,367.8902832806431,0.828051122931442,0.31873501199040777,0.2383204032170877,135077.8054003215,338.76241873037367,135416.56781905188,4153,22,599.875,38,10,18,30.556697499143542,0.6672149122807017,40.11752136752137,1039.529914529915,27.356050382366185,0
4508,4,0,0,48,0.0,0.0,1.0,48,1200,700,500,0.5833333333333334,17,7,10,366.61308387770384,0.8274046985815603,0.31155390595568355,0.23804170416155385,135161.11390760832,310.36655800278226,135471.4804656111,4154,23,600.875,38,10,18,30.506823863830956,0.6680372807017543,40.037393162393165,1039.8504273504277,27.364484930274415,0
4509,4,0,0,48,0.0,0.0,1.0,48,1250,800,450,0.64,17,8,9,366.86603573451674,0.8282542848699763,0.3113872911531086,0.238757200796207,135244.4480970123,323.31890569070805,135567.767002703,4155,24,601.875,38,10,18,30.417180224595995,0.6688596491228069,39.95726495726496,1040.1709401709409,27.372919478182656,0
4510,4,0,0,48,0.0,0.0,1.0,48,1450,1200,250,0.8275862068965517,17,12,5,362.5954488149797,0.8282727541371159,0.30193360711841155,0.23670775277868003,135355.60029951076,215.86492804443583,135571.4652275552,4156,25,602.875,38,10,18,30.41752224503765,0.6699561403508771,39.85042735042736,1040.5982905982921,27.38416554206032,0
4511,4,0,0,48,0.0,0.0,1.0,48,1500,1200,300,0.8,18,12,6,361.3942718832192,0.826665927895981,0.29627111977563425,0.23702211129029993,135522.41421031492,195.40484147856762,135717.81905179349,4157,26,603.875,38,10,18,30.28272282645872,0.6716008771929824,39.690170940170944,1041.2393162393168,27.40103463787676,0
4512,4,0,0,48,0.0,0.0,1.0,48,750,500,250,0.6666666666666666,10,5,5,364.5802989219119,0.8264627659574468,0.2976621011593312,0.2392972507469276,135550.2265162722,283.7884204470783,135834.0149367193,4158,27,604.875,38,10,18,30.172104237201186,0.671875,39.66346153846154,1041.346153846154,27.40384615384616,0
4513,4,0,0,48,0.0,0.0,1.0,48,800,500,300,0.625,11,5,6,365.12000000000006,0.8255947104018913,0.3028333333333335,0.24021052631578954,135633.6805555556,304.56525312295116,135938.24580867853,4159,28,605.875,36,12,18,30.07500000000001,0.6765046296296295,39.583333333333336,1041.666666666667,28.935185185185194,0
4514,4,0,1,47,0.0,0.020833333333333332,0.9791666666666666,48,1400,1200,200,0.8571428571428571,16,12,4,355.4107658207059,0.8249667553191489,0.27958950755874845,0.21684925355690732,132874.89819101506,-98.54252400549285,132776.35566700957,4160,29,606.875,35,13,19,33.08449333932045,0.6511904761904762,42.24537037037037,1031.0185185185182,29.45767195767195,7
4515,4,0,0,47,0.0,0.0,1.0,47,1300,800,500,0.6153846153846154,18,8,10,356.88672646809493,0.8240826395312981,0.2842545551778144,0.21844605125574595,132994.25582990394,92.77692043894928,133087.03275034289,4161,30,618.5531914893617,35,12,19,32.926578396169965,0.6523809523809523,42.129629629629626,1031.481481481481,29.470899470899457,0
4516,4,0,0,47,0.0,0.0,1.0,47,1150,900,250,0.782608695652174,14,9,5,354.7950452580837,0.8238128276287388,0.2818134514676889,0.21751327602686096,133053.95474322708,41.376778978052755,133095.33152220512,4162,31,619.5531914893617,35,12,19,32.920593074564344,0.6529761904761904,42.07175925925926,1031.7129629629633,29.477513227513235,0
4517,4,0,0,47,0.0,0.0,1.0,47,1200,900,300,0.75,15,9,6,354.452930121655,0.8230419364785692,0.2815632239404646,0.2180480239929592,133181.46482631293,41.31208911615897,133222.7769154291,4163,32,620.5531914893617,36,11,20,32.80147647101609,0.6521990740740741,41.948198198198206,1032.2072072072083,28.672422422422454,0
4518,4,0,1,46,0.0,0.02127659574468085,0.9787234042553191,47,1300,800,500,0.6153846153846154,18,8,10,355.7344188035106,0.8229648473635522,0.2891755686220474,0.21971557316132903,133330.62967691993,86.05881136504979,133416.68848828497,4164,33,621.5531914893617,37,10,21,32.618797996956516,0.6517454954954953,41.803728070175445,1032.785087719299,27.913110478899977,0
4519,4,1,1,46,0.02127659574468085,0.02127659574468085,0.9787234042553191,47,1400,1000,400,0.7142857142857143,18,10,8,344.1430198776793,0.8299028677150786,0.28417820478299194,0.20999200622386838,132878.03849501742,-254.0398247538046,132623.99867026362,4165,0,619.1276595744681,37,10,18,33.37177407919457,0.6472409909909911,42.24232456140349,1031.0307017543837,27.86569464201037,1
4520,4,1,1,46,0.02127659574468085,0.02127659574468085,0.9787234042553191,47,900,600,300,0.6666666666666666,12,6,6,344.9852055912663,0.8276672833795867,0.2880722114764671,0.21082429230577363,132934.57031249974,-227.9079861111406,132706.66232638858,4166,0,620.1063829787234,37,10,18,33.29335016835016,0.6478040540540542,42.187499999999986,1031.249999999998,27.871621621621568,0
4521,4,0,0,46,0.0,0.0,1.0,46,1150,800,350,0.6956521739130435,15,8,7,348.6509072107927,0.8222423510466988,0.2873810473531251,0.2128165137614678,132891.02447041633,66.51524835645682,132957.53971877278,4167,36,634.5869565217391,36,10,18,33.242545871559614,0.6493055555555556,42.229729729729726,1031.0810810810808,28.641141141141134,0
4522,4,0,0,46,0.0,0.0,1.0,46,1050,600,450,0.5714285714285714,15,6,9,346.42540713868823,0.821376811594203,0.2855854230561061,0.21178664075941966,132949.08717839463,11.388330898464005,132960.4755092931,4168,37,635.5869565217391,36,10,18,33.24165574725193,0.6498842592592593,42.17342342342342,1031.3063063063064,28.6473973973974,0
4523,4,0,0,46,0.0,0.0,1.0,46,850,400,450,0.47058823529411764,13,4,9,345.7856094483252,0.8199074074074074,0.2855081954765908,0.21205406651710532,133065.25063915254,2.4097577306964126,133067.66039688324,4169,38,636.5869565217391,36,10,18,33.141644837371764,0.6510416666666667,42.06081081081081,1031.756756756756,28.65990990990989,0
4524,4,0,0,46,0.0,0.0,1.0,46,1300,1000,300,0.7692307692307693,16,10,6,345.9241306801832,0.8179951690821257,0.28962346033266817,0.21296752894192342,133210.52629910308,16.14710149338225,133226.67340059645,4170,39,637.5869565217391,36,10,18,32.99243663866769,0.6524884259259259,41.92004504504504,1032.3198198198193,28.675550550550536,0
4525,4,0,0,46,0.0,0.0,1.0,46,900,500,400,0.5555555555555556,13,5,8,345.4601664903845,0.817914653784219,0.29256663521222337,0.21301440931743995,133268.65875588413,7.802608351581398,133276.4613642357,4171,40,638.5869565217391,36,10,18,32.946159159486676,0.6530671296296298,41.86373873873873,1032.545045045044,28.681806806806776,0
4526,4,0,0,46,0.0,0.0,1.0,46,750,500,250,0.6666666666666666,10,5,5,346.58811362032463,0.817512077294686,0.2983151047963102,0.2140444168358246,133326.80389426576,41.89709134809533,133368.70098561386,4172,41,639.5869565217391,36,10,18,32.8587849380293,0.6536458333333335,41.80743243243243,1032.7702702702693,28.688063063063037,0
4527,4,0,0,46,0.0,0.0,1.0,46,1100,600,500,0.5454545454545454,16,6,10,347.88507858318854,0.8172705314009662,0.299305219855736,0.21535072273428962,133414.04537983934,82.55113221329987,133496.59651205264,4173,42,640.5869565217391,36,10,18,32.73790058862002,0.6545138888888888,41.722972972972975,1033.1081081081084,28.697447447447455,0
4528,4,1,1,46,0.02127659574468085,0.02127659574468085,0.9787234042553191,47,1200,800,400,0.6666666666666666,16,8,8,340.33516977092984,0.8217314215232808,0.2889926160218568,0.2121415060217871,133670.5780264119,-301.44022680055957,133369.13779961134,4174,0,627.936170212766,37,10,19,32.67625826176086,0.6551238738738738,41.47478070175438,1034.1008771929821,27.948672356567084,0
4529,4,0,0,46,0.0,0.0,1.0,46,1300,900,400,0.6923076923076923,17,9,8,367.1826903689667,0.816364734299517,0.28969578450544753,0.217587017118444,131773.3802324461,548.694627059408,132322.07485950552,4175,44,642.5869565217391,35,11,14,33.89097903280352,0.6401785714285714,43.31597222222223,1026.736111111112,29.335317460317487,5
4530,4,0,0,46,0.0,0.0,1.0,46,1000,300,700,0.3,17,3,14,364.07857414421886,0.8171497584541063,0.2839146640229542,0.21650096175642544,131905.89871966562,404.8223054135244,132310.72102507914,4176,45,643.5869565217391,36,10,14,33.83692355477601,0.6394675925925926,43.18693693693694,1027.2522522522524,28.53478478478479,0
4531,4,0,0,46,0.0,0.0,1.0,46,1150,900,250,0.782608695652174,14,9,5,368.7001497800963,0.8176731078904992,0.2873596630005908,0.21958356178809413,131963.74584043518,531.010571382214,132494.7564118174,4177,46,644.5869565217391,36,10,14,33.6598531345901,0.6400462962962962,43.13063063063064,1027.4774774774787,28.541041041041076,0
4532,4,0,0,46,0.0,0.0,1.0,46,1250,800,450,0.64,17,8,9,365.26516446325013,0.8163848631239936,0.28067045504603305,0.21849498019710797,132130.12695312512,452.5065104166793,132582.6334635418,4178,47,645.5869565217391,39,7,14,33.58029381965554,0.6362179487179487,42.96875000000001,1028.125000000001,26.36217948717951,0
4533,4,0,0,46,0.0,0.0,1.0,46,1400,1100,300,0.7857142857142857,17,11,6,368.36917160711397,0.8162037037037038,0.2856026417171158,0.22113346927782707,132264.03130425367,544.3983289930802,132808.42963324676,4179,48,646.5869565217391,39,7,16,33.36550632911394,0.6375534188034188,42.83854166666668,1028.645833333335,26.375534188034234,0
4534,4,0,0,46,0.0,0.0,1.0,46,1150,700,450,0.6086956521739131,16,7,9,370.0794673719202,0.8153784219001611,0.2888425167732047,0.22231781142123405,132290.82031250015,591.623263888904,132882.44357638905,4180,49,647.5869565217391,39,7,16,33.29451869852843,0.6378205128205128,42.81250000000001,1028.7500000000011,26.378205128205156,0
4535,4,1,1,46,0.02127659574468085,0.02127659574468085,0.9787234042553191,47,1100,1000,100,0.9090909090909091,12,10,2,365.1388734113674,0.8181082331174837,0.2816083299270702,0.2215474514134001,132666.1512586805,288.5308159722176,132954.68207465272,4181,0,634.7872340425532,35,12,14,33.043688911358274,0.6491071428571429,42.447916666666664,1030.208333333333,29.4345238095238,0
4536,4,0,0,46,0.0,0.0,1.0,46,1050,800,250,0.7619047619047619,13,8,5,373.07160586923067,0.8149758454106281,0.2870409455466443,0.22603750237959255,132612.49999999988,694.7916666666529,133307.29166666654,4182,51,649.5869565217391,34,12,19,32.89340614886731,0.6507352941176471,42.49999999999999,1029.999999999999,30.294117647058798,0
4537,4,1,1,46,0.02127659574468085,0.02127659574468085,0.9787234042553191,47,1200,1000,200,0.8333333333333334,14,10,4,361.18351929952433,0.8238513721862473,0.27530401105972313,0.22089954292917346,132964.41139671195,204.91080997082616,133169.3222066828,4183,0,636.7446808510638,35,12,14,32.845757116672274,0.6520833333333333,42.1585648148148,1031.3657407407393,29.467592592592553,0
4538,4,0,0,46,0.0,0.0,1.0,46,750,400,350,0.5333333333333333,11,4,7,370.40803723499516,0.8136876006441224,0.2819254588667057,0.22617993171532327,132904.7325772674,645.7962266374843,133550.5288039049,4184,53,651.5869565217391,35,11,14,32.66792475773562,0.6514880952380955,42.21643518518517,1031.134259259257,29.460978835978775,0
4539,4,0,0,46,0.0,0.0,1.0,46,1350,1000,350,0.7407407407407407,17,10,7,371.8957554425991,0.8118156199677939,0.28920565915055807,0.22788876358592966,133036.20501836282,695.1199933040988,133731.32501166692,4185,54,652.5869565217391,36,10,14,32.497362005603456,0.6507523148148149,42.088963963963955,1031.6441441441432,28.656781781781756,0
4540,4,0,0,46,0.0,0.0,1.0,46,600,300,300,0.5,9,3,6,370.90121155207606,0.8121175523349436,0.28677524368136753,0.22745628515663457,133065.25063915265,670.812535508476,133736.06317466113,4186,55,653.5869565217391,36,10,14,32.49381503310775,0.6510416666666667,42.06081081081081,1031.7567567567567,28.659909909909906,0
4541,4,0,0,46,0.0,0.0,1.0,46,850,500,350,0.5882352941176471,12,5,7,370.876357448221,0.8115942028985508,0.2901389804933836,0.2276182225919656,133094.2994303424,672.3057939696329,133766.60522431202,4187,56,654.5869565217391,36,10,15,32.46525883080506,0.6513310185185186,42.03265765765765,1031.8693693693683,28.66303803803801,0
4542,4,0,0,46,0.0,0.0,1.0,46,1250,700,550,0.56,18,7,11,369.639237624456,0.8098429951690822,0.29361104787920156,0.2277454657621646,133239.5909422935,650.1161634607352,133889.70710575423,4188,57,655.5869565217391,36,10,16,32.351203461314704,0.6527777777777779,41.89189189189188,1032.4324324324311,28.678678678678644,0
4543,4,0,0,46,0.0,0.0,1.0,46,650,400,250,0.6153846153846154,9,4,5,368.8213307582811,0.8098429951690822,0.28752548480394524,0.2275970123185352,133297.72973987483,632.6092139436557,133930.3389538185,4189,58,656.5869565217391,36,10,17,32.31393129770993,0.6533564814814816,41.83558558558558,1032.6576576576563,28.684934934934898,0
4544,4,0,0,46,0.0,0.0,1.0,46,1350,900,450,0.6666666666666666,18,9,9,362.9032258064517,0.8080917874396135,0.2820827489481066,0.22499999999999992,133472.22222222207,487.4999999999821,133959.72222222204,4190,59,657.5869565217391,36,10,18,32.29166666666666,0.6550925925925927,41.66666666666666,1033.3333333333321,28.70370370370367,0
4545,4,0,0,46,0.0,0.0,1.0,46,800,500,300,0.625,11,5,6,362.9032258064517,0.8080917874396135,0.2820827489481066,0.22499999999999992,133472.22222222207,487.4999999999821,133959.72222222204,4191,60,658.5869565217391,36,10,18,32.29166666666666,0.6550925925925927,41.66666666666666,1033.3333333333321,28.70370370370367,0
4546,4,0,0,46,0.0,0.0,1.0,46,900,700,200,0.7777777777777778,11,7,4,364.7026259547598,0.8069243156199678,0.28339498950818753,0.22664897790377384,133559.51126379755,541.9008958282564,134101.41215962582,4192,61,659.5869565217391,36,10,18,32.15764244471075,0.6559606481481481,41.582207207207205,1033.671171171171,28.71308808808808,0
4547,4,0,0,46,0.0,0.0,1.0,46,800,300,500,0.375,13,3,10,364.01510243809525,0.8071658615136876,0.2769685030047879,0.22657780715146783,133617.7198101817,527.773592849592,134145.4934030313,4193,62,660.5869565217391,36,10,18,32.1170533347856,0.6565393518518519,41.52590090090089,1033.8963963963954,28.719344344344318,0
4548,4,0,0,46,0.0,0.0,1.0,46,800,500,300,0.625,11,5,6,366.97499400563316,0.806682769726248,0.2837117482199665,0.22896048539047115,133705.0564077591,613.2824547520502,134318.33886251115,4194,63,661.5869565217391,36,10,13,31.952988893728225,0.6574074074074074,41.44144144144144,1034.2342342342342,28.72872872872873,0
4549,4,0,0,46,0.0,0.0,1.0,46,800,600,200,0.75,10,6,4,365.0594584103853,0.8052536231884059,0.2810234521398418,0.22848544304323012,133821.54959013063,570.5644834023141,134392.11407353295,4195,64,662.5869565217391,36,10,15,31.885793063416042,0.6585648148148149,41.328828828828826,1034.6846846846843,28.74124124124123,0
4550,4,0,0,46,0.0,0.0,1.0,46,1050,700,350,0.6666666666666666,14,7,7,364.53518455150066,0.8050523349436394,0.28423144249420407,0.22851830464040188,133879.8152037172,560.7806286015726,134440.5958323188,4196,65,663.5869565217391,36,10,16,31.84099564744287,0.6591435185185186,41.27252252252252,1034.9099099099099,28.747497497497495,0
4551,4,0,0,46,0.0,0.0,1.0,46,1050,800,250,0.7619047619047619,13,8,5,320.8665541003297,0.8045289855072464,0.20815503548347314,0.19275414162377472,132290.8203125,-707.1057861070539,131583.71452639296,4197,66,664.5869565217391,39,7,16,34.560213311732156,0.6378205128205128,42.8125,1028.75,26.378205128205128,7
4552,4,0,0,46,0.0,0.0,1.0,46,1250,1000,250,0.8,15,10,5,322.0836270058513,0.8039251207729469,0.21219855659214892,0.1940357460254766,132398.0034722224,-671.3541666666483,131726.64930555574,4198,67,665.5869565217391,40,6,16,34.421390013495284,0.6372395833333333,42.70833333333334,1029.166666666668,25.729166666666703,0
4553,4,0,0,46,0.0,0.0,1.0,46,900,600,300,0.6666666666666666,12,6,6,322.1669352404738,0.8036433172302738,0.2142536752257027,0.19505600053414385,132585.67843967033,-657.0556640624748,131928.62277560786,4199,68,666.5869565217391,39,7,19,34.23108206061832,0.6407585470085468,42.52604166666668,1029.8958333333348,26.407585470085507,0
4554,4,0,0,46,0.0,0.0,1.0,46,1000,900,100,0.9,11,9,2,322.1151689405141,0.8035829307568438,0.2074791050222684,0.19530330506761168,132639.32427300367,-654.9723307291467,131984.35194227452,4200,69,667.5869565217391,39,7,12,34.178653891529315,0.6412927350427349,42.47395833333334,1030.1041666666683,26.412927350427392,0
4555,4,0,0,46,0.0,0.0,1.0,46,1050,700,350,0.6666666666666666,14,7,7,322.0298912580449,0.8036030595813205,0.21196036801132356,0.19553085662574132,132692.9809570315,-653.7787543402494,132039.20220269126,4201,70,668.5869565217391,39,7,13,34.127089441579905,0.641826923076923,42.421875000000014,1030.312500000002,26.418269230769283,0
4556,4,0,0,46,0.0,0.0,1.0,46,1300,800,500,0.6153846153846154,18,8,10,319.4711729348147,0.8020531400966184,0.21142649998901475,0.19453336961169207,132800.32687717033,-714.8247612847033,132085.50211588564,4202,71,669.5869565217391,39,7,13,34.08550193700521,0.6428952991452991,42.31770833333334,1030.7291666666683,26.428952991453034,0
4557,4,0,0,46,0.0,0.0,1.0,46,1250,1000,250,0.8,15,10,5,320.16158675838443,0.801670692431562,0.2145404868792109,0.19537357495280475,132880.86480034742,-691.3302951388691,132189.53450520855,4203,72,670.5869565217391,39,7,14,33.987084932983095,0.6436965811965811,42.23958333333334,1031.0416666666683,26.436965811965855,0
4558,4,0,0,46,0.0,0.0,1.0,46,950,600,350,0.631578947368421,13,6,7,317.5115085666651,0.8016103059581321,0.21905780268132702,0.19417427092764397,132961.427137587,-756.6433376735906,132204.7837999134,4204,73,671.5869565217391,39,7,14,33.9747879002121,0.6444978632478633,42.16145833333334,1031.3541666666683,26.444978632478676,0
4559,4,0,0,46,0.0,0.0,1.0,46,1250,1000,250,0.8,15,10,5,317.0652100673036,0.7995772946859904,0.2141741061631508,0.19460024603015566,133095.75195312515,-759.9934895833175,132335.75846354183,4205,74,672.5869565217391,39,7,15,33.85195840904502,0.6458333333333333,42.03125000000001,1031.8750000000011,26.458333333333364,0
4560,4,0,0,46,0.0,0.0,1.0,46,1200,1000,200,0.8333333333333334,14,10,4,317.67594937616616,0.7980273752012883,0.21320496392901633,0.19525640858679033,133149.50086805577,-740.3211805555302,132409.17968750023,4206,75,673.5869565217391,39,7,15,33.78246534786705,0.6463675213675213,41.97916666666668,1032.083333333335,26.46367521367526,0
4561,4,0,0,46,0.0,0.0,1.0,46,1250,1000,250,0.8,15,10,5,317.0624979429218,0.7966586151368761,0.21350673165082257,0.19530182828541345,133230.1445855037,-751.5435112846978,132478.601074219,4207,76,674.5869565217391,39,7,15,33.71769162210338,0.6471688034188033,41.90104166666668,1032.395833333335,26.47168803418808,0
4562,4,0,0,46,0.0,0.0,1.0,46,1300,900,400,0.6923076923076923,17,9,8,316.72479537456604,0.7961553945249598,0.21042588329924783,0.19553811486004505,133314.7483723314,-755.182720272308,132559.5656520591,4208,77,675.5869565217391,40,6,16,33.64187659909469,0.6463541666666666,41.81910569105692,1032.7235772357733,25.818089430894332,0
4563,4,0,0,46,0.0,0.0,1.0,46,1250,1000,250,0.8,15,10,5,320.5418077174815,0.7965780998389694,0.21082487673248007,0.19859528086920405,133445.97012566947,-644.9975006609612,132800.9726250085,4209,78,676.5869565217391,40,6,17,33.41222418937084,0.6476562499999999,41.69207317073172,1033.2317073170748,25.83079268292687,0
4564,4,0,0,46,0.0,0.0,1.0,46,1100,700,400,0.6363636363636364,15,7,8,347.0220741357759,0.7965780998389694,0.19636202307009687,0.19772187944945435,130262.58680555597,-159.19880692705425,130103.38799862891,4210,79,677.5869565217391,40,6,17,35.93537414965987,0.6158854166666665,44.791666666666686,1020.8333333333367,25.520833333333417,5
4565,4,3,1,48,0.061224489795918366,0.02040816326530612,0.9795918367346939,49,650,400,250,0.6153846153846154,9,4,5,328.8525564078793,0.8134920634920635,0.20299325004897706,0.19021067942986333,130845.55820302673,-1194.2207380637308,129651.337464963,4211,0,637.0408163265306,41,8,15,35.80987992501374,0.6201727642276422,44.221230158730165,1023.1150793650805,24.954026325977573,0
4566,4,0,0,48,0.0,0.0,1.0,48,1000,600,400,0.6,14,6,8,356.4763173317707,0.8098958333333333,0.22094282238442875,0.20114190887336314,129883.08930342966,-339.95092828798573,129543.13837514167,4212,1,651.3125,41,7,15,36.0793795620438,0.6105182926829269,45.163690476190474,1019.3452380952377,24.862078977932626,3
4567,4,0,0,48,0.0,0.0,1.0,48,950,400,550,0.42105263157894735,15,4,11,357.083377492468,0.8087876773049645,0.21875,0.2021375066422118,130009.52695893154,-315.15180146134446,129694.3751574702,4213,2,652.3125,41,7,15,35.93547341115434,0.6117886178861789,45.03968253968253,1019.8412698412684,24.874177313201667,0
4568,4,1,1,48,0.02040816326530612,0.02040816326530612,0.9795918367346939,49,1500,1300,200,0.8666666666666667,17,13,4,350.7879283862812,0.8149801587301587,0.21774531034790945,0.20000088130355195,130288.52390276968,-658.7796265420338,129629.74427622765,4214,0,639.9795918367347,40,9,15,35.81296867741721,0.6161458333333333,44.76626016260163,1020.9349593495948,25.52337398373987,0
4569,4,2,0,50,0.04,0.0,1.0,50,1750,1300,450,0.7428571428571429,22,13,9,344.49999390145547,0.8177551020408163,0.21757857974388806,0.198607714604933,130718.71456916103,-993.4807256235849,129725.23384353745,4215,0,628.14,41,9,15,35.537931703531235,0.6189024390243902,44.345238095238095,1022.6190476190479,24.941927990708486,0
4570,4,1,1,50,0.0196078431372549,0.0196078431372549,0.9803921568627451,51,1300,800,500,0.6153846153846154,18,8,10,334.3281180871171,0.820686274509804,0.2188387658486146,0.19409704385186569,130988.61932535595,-1441.3642820247842,129547.25504333116,4216,0,616.8039215686274,43,8,15,35.52536231884058,0.6187015503875968,44.0814393939394,1023.6742424242434,23.80637773079636,0
4571,4,0,1,49,0.0,0.02,0.98,50,1550,1100,450,0.7096774193548387,20,11,9,341.26853990724135,0.8170748299319728,0.22053777693618648,0.1978308627058335,130931.13864100722,-1063.4642975181675,129867.67434348905,4217,2,630.14,42,8,15,35.405818026888845,0.6195436507936507,44.13759689922481,1023.4496124031012,24.367847914359555,0
4572,4,0,0,49,0.0,0.0,1.0,49,1500,1100,400,0.7333333333333333,19,11,8,343.2402266638859,0.8147675736961452,0.22992296256250833,0.20000271200867012,131129.55670482555,-798.2122468601547,130331.34445796539,4218,3,637.4081632653061,42,7,16,35.15491958372754,0.6215277777777777,43.94379844961241,1024.2248062015512,24.386304909560742,0
4573,4,1,0,50,0.02,0.0,1.0,50,950,600,350,0.631578947368421,13,6,7,342.76970754463315,0.8190306122448979,0.26029983869437356,0.1957967451389097,130361.52354313123,-1056.9480124391757,129304.57553069206,4219,0,625.64,42,8,17,35.943677452003655,0.6138392857142858,44.694767441860456,1021.2209302325566,24.31478405315611,2
4574,4,0,0,50,0.0,0.0,1.0,50,1000,600,400,0.6,14,6,8,341.1934395587191,0.8190136054421768,0.25818664643399036,0.19551867536451792,130485.24728081227,-1095.8579337179485,129389.38934709431,4220,1,626.64,42,8,18,35.8586636949924,0.6150793650793652,44.5736434108527,1021.7054263565876,24.32631967515685,0
4575,4,0,0,50,0.0,0.0,1.0,50,1150,700,450,0.6086956521739131,16,7,9,340.5530328789016,0.8186224489795918,0.26301886792452844,0.19552601185485968,130559.50969180022,-1107.5126006550233,129451.9970911452,4221,2,627.64,42,8,14,35.79987200151701,0.6158234126984128,44.500968992248055,1021.9961240310066,24.3332410483573,0
4576,4,0,0,50,0.0,0.0,1.0,50,1050,800,250,0.7619047619047619,13,8,5,344.24012209235013,0.8188265306122449,0.27163112501184794,0.19814934687377947,130658.55910289314,-1004.4163324019269,129654.1427704912,4222,3,628.64,42,8,14,35.605432344485514,0.6168154761904763,44.40406976744185,1022.3837209302301,24.342469545957858,0
4577,4,0,1,49,0.0,0.02,0.98,50,1300,900,400,0.6923076923076923,17,9,8,341.4470018157969,0.818469387755102,0.26202620087336204,0.19646071210004432,130642.63791454105,-996.6517162514208,129645.98619828963,4223,4,629.64,41,9,14,35.692928190198934,0.6181402439024389,44.41964285714287,1022.3214285714304,24.93466898954708,4
4578,4,0,0,49,0.0,0.0,1.0,49,1250,1100,150,0.88,14,11,3,348.71957703213553,0.8125,0.26541703637976877,0.20051375679347835,130617.28395061758,-690.2391975308354,129927.04475308674,4224,5,643.3265306122449,41,8,14,35.53272192028986,0.6178861788617884,44.44444444444446,1022.2222222222246,24.93224932249328,0
4579,4,0,0,49,0.0,0.0,1.0,49,1500,1300,200,0.8666666666666667,17,13,4,350.1482152783668,0.8117559523809524,0.2711520149819553,0.20199652777306581,130744.07837498435,-644.0388597568543,130100.0395152275,4225,6,644.3265306122449,41,8,16,35.367862223946716,0.6191565040650406,44.32043650793651,1022.7182539682548,24.94434765776231,0
4580,4,0,0,49,0.0,0.0,1.0,49,950,500,450,0.5263157894736842,14,5,9,355.41907083930903,0.8122874149659864,0.2717974699577266,0.20544178579007616,130820.18455530377,-500.8023116653892,130319.38224363838,4226,7,645.3265306122449,41,8,17,35.15604797000258,0.6199186991869918,44.246031746031754,1023.0158730158744,24.951606658923765,0
4581,4,0,0,49,0.0,0.0,1.0,49,1500,1100,400,0.7333333333333333,19,11,8,352.4685687143409,0.8129251700680272,0.265776867056184,0.20454278357674763,130972.46334876558,-567.2646604938125,130405.19868827178,4227,8,646.3265306122449,41,8,17,35.077453640886475,0.6214430894308942,44.09722222222223,1023.6111111111123,24.966124661246642,0
4582,4,0,0,49,0.0,0.0,1.0,49,1450,1100,350,0.7586206896551724,18,11,7,351.66899047428893,0.8132794784580499,0.26486130633596083,0.20475346805787295,131099.4300063777,-579.2791595804863,130520.1508467972,4228,9,647.3265306122449,41,8,18,34.9695461590623,0.6227134146341462,43.97321428571429,1024.1071428571438,24.9782229965157,0
4583,4,1,0,50,0.02,0.0,1.0,50,1150,900,250,0.782608695652174,14,9,5,347.346156388393,0.8206462585034013,0.27154471544715486,0.20344560588463037,131328.12500000015,-876.7361111110966,130451.38888888905,4229,0,635.36,42,8,19,34.84925474254743,0.6235119047619047,43.75000000000001,1025.0000000000011,24.404761904761934,0
4584,4,0,1,49,0.0,0.02,0.98,50,1200,900,300,0.75,15,9,6,347.7956058882204,0.819812925170068,0.2775520568816663,0.2044207605951957,131461.62245008672,-855.6450737847266,130605.97737630199,4230,1,636.36,39,11,20,34.7030006771627,0.6295405982905983,43.619791666666664,1025.5208333333328,26.29540598290597,0
4585,4,0,0,49,0.0,0.0,1.0,49,1050,900,150,0.8571428571428571,12,9,3,352.9270741369419,0.8166454081632654,0.27956801728611436,0.20701028138252392,131382.8849806413,-526.2845624223904,130856.60041821892,4231,2,649.9591836734694,38,11,21,34.65093962762262,0.6304824561403508,43.69658119658119,1025.2136752136744,26.979307242465115,0
4586,4,0,0,49,0.0,0.0,1.0,49,1200,1100,100,0.9166666666666666,13,11,2,354.0016581397795,0.8156179138321996,0.28419233540723865,0.2083856480564083,131519.83486969452,-488.3520755716437,131031.48279412287,4232,3,650.9591836734694,38,11,21,34.485123077457196,0.6318530701754387,43.56303418803418,1025.7478632478621,26.993364822312163,0
4587,4,1,0,50,0.02,0.0,1.0,50,1400,1000,400,0.7142857142857143,18,10,8,346.34600015611164,0.8199659863945578,0.28492747743178826,0.20557647294034306,131835.77609591992,-867.8412543403003,130967.93484157963,4233,0,638.92,39,11,18,34.3629551678669,0.6332799145299146,43.25520833333332,1026.979166666665,26.332799145299102,0
4588,4,0,0,50,0.0,0.0,1.0,50,1000,500,500,0.5,15,5,10,345.1596925532645,0.8188605442176871,0.2855013687519019,0.205450214100956,131942.7747938366,-891.7344835069646,131051.04031032964,4234,1,639.92,39,11,18,34.285650917570706,0.6343482905982907,43.15104166666666,1027.3958333333317,26.343482905982864,0
4589,4,0,1,49,0.0,0.02,0.98,50,1250,700,550,0.56,18,7,11,365.9502516574896,0.8193367346938776,0.32441563357622805,0.21282313204538758,131055.13232565644,-381.7607602035326,130673.37156545291,4235,2,640.92,42,8,18,34.648749250812266,0.6207837301587302,44.01647286821705,1023.9341085271312,24.37938353636027,4
4590,4,0,0,49,0.0,0.0,1.0,49,1600,1100,500,0.6875,21,11,10,368.8683071930775,0.815405328798186,0.3247745609871857,0.2143423947203017,131023.24263038542,-133.93565759637897,130889.30697278904,4236,3,654.6734693877551,41,8,18,34.6063468992248,0.6219512195121951,44.047619047619044,1023.8095238095232,24.970963995354225,0
4591,4,0,0,49,0.0,0.0,1.0,49,1350,800,550,0.5925925925925926,19,8,11,371.1441633767649,0.813031462585034,0.3269812282844575,0.21652173056658028,131175.63952664388,-62.98540249433978,131112.65412414953,4237,4,655.6734693877551,41,8,19,34.39376331590161,0.6234756097560975,43.89880952380952,1024.404761904761,24.9854819976771,0
4592,4,0,0,49,0.0,0.0,1.0,49,1350,900,450,0.6666666666666666,18,9,9,373.55017716000725,0.8120393990929705,0.3288801060477784,0.2186551415577476,131303.86002245446,9.716034636118195,131313.57605709057,4238,5,656.6734693877551,43,6,19,34.20233530444424,0.6218507751937985,43.773674242424235,1024.9053030303016,23.83500704721632,0
4593,4,0,0,49,0.0,0.0,1.0,49,900,400,500,0.4444444444444444,14,4,10,369.8558115598841,0.8127480158730159,0.323959113164624,0.21678088395240125,131354.81906467004,-83.52239099088342,131271.29667367914,4239,6,657.6734693877551,39,10,19,34.24543999593537,0.6284722222222223,43.72395833333333,1025.1041666666658,26.2847222222222,0
4594,4,0,1,48,0.0,0.02040816326530612,0.9795918367346939,49,1400,1300,100,0.9285714285714286,15,13,2,369.90287284830856,0.8130668934240363,0.3224668105584203,0.21711114951973173,131408.21533203125,-78.34472656249807,131329.87060546875,4240,7,658.6734693877551,39,10,19,34.19022401706797,0.6290064102564104,43.671875,1025.3125,26.290064102564102,0
4595,4,1,1,48,0.02040816326530612,0.02040816326530612,0.9795918367346939,49,1100,800,300,0.7272727272727273,14,8,6,365.35143613371247,0.8223143424036281,0.33394221054758577,0.21604505298305007,131692.9613655892,-177.15748727609943,131515.8038783131,4241,0,657.1224489795918,40,9,16,34.01918316831683,0.6302083333333334,43.39430894308943,1026.4227642276417,25.660569105691042,0
4596,4,0,0,48,0.0,0.0,1.0,48,1250,900,350,0.72,16,9,7,368.0471794577616,0.812998670212766,0.3277760860738943,0.2173861398092244,131648.63281249985,90.58159722220665,131739.21440972207,4242,9,671.8125,39,9,16,33.994789552036806,0.6314102564102565,43.43749999999999,1026.2499999999989,26.314102564102534,0
4597,4,0,0,48,0.0,0.0,1.0,48,1350,1000,350,0.7407407407407407,17,10,7,370.1339795344569,0.8122598995271867,0.333378694906308,0.21947381040000902,131797.29327781088,156.5313305572165,131953.8246083681,4243,10,672.8125,40,8,17,33.79107284243865,0.6312499999999999,43.29268292682927,1026.8292682926833,25.67073170731708,0
4598,4,0,0,48,0.0,0.0,1.0,48,1200,700,500,0.5833333333333334,17,7,10,368.52526939367465,0.8114472517730497,0.3383087653343888,0.21912078959007422,131901.66650142107,121.81943618216167,132023.48593760323,4244,11,673.8125,40,8,18,33.72699841709535,0.6322916666666667,43.1910569105691,1027.2357723577234,25.680894308943085,0
4599,4,0,0,48,0.0,0.0,1.0,48,800,400,400,0.5,12,4,8,367.8917746570579,0.8113918439716312,0.3392159529225598,0.21919585937286462,131979.9735297277,110.86933620861032,132090.8428659363,4245,12,674.8125,40,8,18,33.66424356311609,0.6330729166666667,43.114837398373986,1027.5406504065043,25.688516260162608,0
4600,4,0,0,48,0.0,0.0,1.0,48,1200,1000,200,0.8333333333333334,14,10,4,365.8137104450618,0.8108562352245863,0.33672312294923756,0.21860217229710105,132091.88102324272,64.20422335602143,132156.08524659876,4246,13,675.8125,41,7,18,33.60475776877051,0.6326219512195121,43.00595238095239,1027.9761904761913,25.072590011614423,0
4601,4,0,0,48,0.0,0.0,1.0,48,1100,500,600,0.45454545454545453,17,5,12,368.88209977184533,0.8108562352245863,0.3181085067755949,0.20908741730177022,130060.11924445698,-3.567098135558467,130056.55214632141,4247,14,676.8125,41,7,18,35.58321986643325,0.6122967479674797,44.99007936507936,1020.0396825396821,24.879016647309317,5
4602,4,1,0,49,0.02040816326530612,0.0,1.0,49,650,500,150,0.7692307692307693,8,5,3,373.15364455675666,0.8191255668934241,0.34187355519553253,0.2135081984205359,130426.23325525984,-65.56526141575159,130360.66799384408,4248,0,663.9795918367347,38,11,19,35.10223825959626,0.6208881578947367,44.63141025641026,1021.4743589743601,26.880904183535794,0
4603,4,1,1,49,0.02,0.02,0.98,50,1450,900,550,0.6206896551724138,20,9,11,365.1159605551496,0.8273469387755101,0.34013116057233694,0.2106953570543021,130755.83316808783,-451.7916749289363,130304.04149315889,4249,0,651.68,40,10,18,34.97325450450451,0.6208333333333333,44.3089430894309,1022.7642276422769,25.569105691056922,0
4604,4,1,0,50,0.02,0.0,1.0,50,1000,700,300,0.7,13,7,6,371.09901322234487,0.8234523809523809,0.35065316656740064,0.21559696996550787,131015.81090124941,-276.03237160418826,130739.77852964522,4250,0,652.66,40,10,20,34.55677982926344,0.6234374999999999,44.054878048780495,1023.7804878048793,25.594512195121983,0
4605,4,1,0,51,0.0196078431372549,0.0,1.0,51,1100,800,300,0.7272727272727273,14,8,6,369.7591712803912,0.8292156862745099,0.3547655068078659,0.21629275417375127,131278.46884201694,-491.7164308034175,130786.75241121353,4251,0,640.843137254902,42,9,21,34.32516231719617,0.6230158730158729,43.79844961240311,1024.8062015503895,24.400147655961653,0
4606,4,1,0,52,0.019230769230769232,0.0,1.0,52,1100,800,300,0.7272727272727273,14,8,6,365.6225514115753,0.8313694067370537,0.3618404190561626,0.21569035526761482,131602.0390459493,-776.6183953120142,130825.42065063727,4252,0,629.5,38,14,18,34.1040625433847,0.6326754385964912,43.48290598290598,1026.068376068376,27.00179937022042,0
4607,4,0,0,52,0.0,0.0,1.0,52,1450,1000,450,0.6896551724137931,19,10,9,365.9445434253583,0.8298296882855706,0.36179348391797683,0.21634641407307167,131684.26890432087,-762.172067901249,130922.09683641962,4253,1,630.5,38,14,18,34.01274244474514,0.6334978070175439,43.40277777777777,1026.388888888888,27.01023391812863,0
4608,4,0,1,51,0.0,0.019230769230769232,0.9807692307692307,52,1450,1200,250,0.8275862068965517,17,12,5,361.25839891147325,0.8298453996983408,0.3613511956208588,0.2143466500208073,131821.37573964478,-875.6841715976517,130945.69156804713,4254,2,631.5,38,14,18,33.9946161048689,0.6348684210526316,43.26923076923076,1026.9230769230755,27.02429149797567,0
4609,4,0,0,51,0.0,0.0,1.0,51,1350,1200,150,0.8888888888888888,15,12,3,366.65032291071464,0.8230718954248367,0.3619722820649014,0.21732244335122744,131782.29302300338,-536.3959418402823,131245.8970811631,4255,3,644.8235294117648,39,12,18,33.895645226742424,0.6327457264957266,43.307291666666664,1026.7708333333328,26.32745726495725,0
4610,4,0,1,50,0.0,0.0196078431372549,0.9803921568627451,51,1550,1400,150,0.9032258064516129,17,14,3,366.0278968928339,0.8230392156862746,0.36640871976881817,0.2179353379026235,131953.86860499688,-540.2405975279407,131413.62800746894,4256,4,645.8235294117648,40,11,18,33.73846027035939,0.6328125,43.14024390243902,1027.4390243902428,25.68597560975607,0
4611,4,0,0,50,0.0,0.0,1.0,50,1300,800,500,0.6153846153846154,18,8,10,371.4499632381372,0.8230102040816326,0.36966251140164186,0.22172394357354508,132049.81689453125,-190.02007378472445,131859.79682074653,4257,5,656.4,39,11,18,33.502352116482555,0.6354166666666667,43.046875,1027.8125,26.354166666666668,0
4612,4,1,1,50,0.0196078431372549,0.0196078431372549,0.9803921568627451,51,900,600,300,0.6666666666666666,12,6,6,365.6896693765933,0.8301960784313727,0.3684825377636485,0.2193921247042381,132241.1647849327,-528.1544343644844,131713.01035056822,4258,0,644.5098039215686,40,11,18,33.45745644369792,0.6356770833333334,42.86077235772357,1028.5569105691043,25.713922764227608,0
4613,4,3,1,52,0.05660377358490566,0.018867924528301886,0.9811320754716981,53,1150,800,350,0.6956521739130435,15,8,7,351.7311717142796,0.831277213352685,0.37104920480115977,0.21406767093963958,132781.15477962003,-1259.2528189332088,131521.9019606868,4259,0,621.1320754716982,41,12,17,33.27347434786794,0.6394817073170732,42.33630952380952,1030.6547619047608,25.137921022067335,0
4614,4,0,0,52,0.0,0.0,1.0,52,1200,900,300,0.75,15,9,6,355.94166870907867,0.8263888888888888,0.3790471855560611,0.21638180579796518,132738.13950029752,-950.5930249851201,131787.5464753124,4260,1,634.0769230769231,40,12,17,33.208210059171606,0.640625,42.37804878048781,1030.4878048780495,25.762195121951237,0
4615,4,0,0,52,0.0,0.0,1.0,52,1300,800,500,0.6153846153846154,18,8,10,362.8545024623546,0.8252262443438914,0.3849944654202493,0.22151153922882355,132895.27253123128,-755.670401216219,132139.60213001506,4261,2,635.0769230769231,40,12,17,32.87214994414877,0.6421875000000001,42.225609756097555,1031.0975609756088,25.77743902439022,0
4616,4,0,0,52,0.0,0.0,1.0,52,1400,1000,400,0.7142857142857143,18,10,8,365.54180041259497,0.8246134992458521,0.3911507007132191,0.2236216836882114,132973.87390318266,-678.498145118645,132295.375758064,4262,3,636.0769230769231,40,12,17,32.7238726311295,0.64296875,42.14939024390244,1031.4024390243903,25.78506097560976,0
4617,4,1,0,53,0.018867924528301886,0.0,1.0,53,1600,1100,500,0.6875,21,11,10,369.1778849694548,0.8245343492985002,0.40467095296428646,0.22825891557612585,133369.72867850834,-752.5691295036586,132617.1595490047,4263,0,625.0566037735849,41,12,20,32.232440133179665,0.6453252032520326,41.76587301587301,1032.9365079365073,25.193573364305056,0
4618,4,0,0,53,0.0,0.0,1.0,53,1500,900,600,0.6,21,9,12,370.7075962539022,0.8245343492985002,0.4071819841752893,0.22983870967741943,133472.22222222228,-704.0485638699821,132768.1736583523,4264,1,626.0566037735849,39,14,20,32.09005376344087,0.6495726495726495,41.66666666666667,1033.333333333334,26.49572649572651,0
4619,4,0,0,53,0.0,0.0,1.0,53,1350,800,550,0.5925925925925926,19,8,11,366.80004366791485,0.8251088534107401,0.4043655197928224,0.2281317344763863,133588.6139517898,-799.9381137894434,132788.67583800034,4265,2,627.0566037735849,36,17,21,32.0742556281772,0.65625,41.55405405405406,1033.783783783785,28.716216216216253,0
4620,4,0,0,53,0.0,0.0,1.0,53,1750,1300,450,0.7428571428571429,22,13,9,367.9034775062828,0.8238993710691823,0.4022542107284486,0.2300836792273806,133792.42153893763,-755.4605703676642,133036.96096856997,4266,3,628.0566037735849,36,17,19,31.841415405827057,0.658275462962963,41.35698198198198,1034.5720720720724,28.738113113113123,0
4621,4,0,0,53,0.0,0.0,1.0,53,1750,1400,350,0.8,21,14,7,366.42894213037494,0.8242017416545718,0.40354418035833506,0.23034767454027968,133982.57757194526,-780.9811672822386,133201.59640466303,4267,4,629.0566037735849,37,16,20,31.689084233566337,0.6582207207207207,41.17324561403509,1035.30701754386,27.98127074442865,0
4622,4,0,0,53,0.0,0.0,1.0,53,1400,900,500,0.6428571428571429,19,9,10,368.8965202401909,0.8233853410740203,0.40691191306171737,0.23243680011131468,134067.73147747398,-708.5760762926939,133359.15540118128,4268,5,630.0566037735849,37,16,20,31.53994617963647,0.6590653153153152,41.09100877192983,1035.6359649122817,27.99016121384545,0
4623,4,0,0,53,0.0,0.0,1.0,53,1100,800,300,0.7272727272727273,14,8,6,370.19206979204256,0.8231736816642476,0.4058053356319111,0.2338600977702563,134163.1068398896,-666.7763578420738,133496.33048204752,4269,6,631.0566037735849,38,15,20,31.41091746588291,0.6581688596491229,40.99893162393162,1036.0042735042728,27.2632703553756,0
4624,4,0,0,53,0.0,0.0,1.0,53,1350,900,450,0.6666666666666666,18,9,9,368.504630052847,0.8228713110788582,0.4033040748570953,0.23349859021180056,134273.81388569274,-703.8955776536043,133569.91830803914,4270,7,632.0566037735849,38,15,20,31.34384771329417,0.6592653508771931,40.89209401709401,1036.4316239316227,27.274516419253228,0
4625,4,0,0,53,0.0,0.0,1.0,53,1200,700,500,0.5833333333333334,17,7,10,372.1805860504635,0.8223875181422351,0.40184092106709723,0.23656995871943254,134388.720703125,-596.6254340277746,133792.09526909722,4271,8,633.0566037735849,39,14,21,31.13363137097314,0.6586538461538461,40.78125,1036.875,26.58653846153846,0
4626,4,0,0,53,0.0,0.0,1.0,53,1200,1100,100,0.9166666666666666,13,11,2,371.688750731288,0.8214199322689888,0.4071810672684999,0.23678214274033502,134469.73876953125,-603.8221571180536,133865.9166124132,4272,9,634.0566037735849,39,14,21,31.065351846272293,0.6594551282051282,40.703125,1037.1875,26.59455128205128,0
4627,4,0,0,53,0.0,0.0,1.0,53,1650,1200,450,0.7272727272727273,21,12,9,371.4456218448092,0.8197266569908079,0.4044858680003032,0.23715374317783958,134550.78124999985,-604.2914496527916,133946.48980034707,4273,10,635.0566037735849,37,16,21,30.99062918340028,0.6638513513513514,40.62499999999999,1037.4999999999989,28.04054054054051,0
4628,4,0,0,53,0.0,0.0,1.0,53,1250,700,550,0.56,18,7,11,371.44248460073004,0.8197568940493468,0.408906696966979,0.23770812148383405,134636.1154994804,-598.0853483764457,134038.03015110394,4274,11,636.0566037735849,37,16,21,30.90541908786758,0.664695945945946,40.542763157894726,1037.8289473684194,28.04943100995728,0
4629,4,0,0,53,0.0,0.0,1.0,53,1550,1000,550,0.6451612903225806,21,10,11,368.954343972022,0.8196359458151911,0.3984920007093662,0.2368561819031236,134749.9365790434,-656.6851098415021,134093.2514692019,4275,12,637.0566037735849,37,16,22,30.85628102228323,0.6658220720720722,40.43311403508771,1038.267543859648,28.061284969179674,0
4630,4,0,0,53,0.0,0.0,1.0,53,1750,1100,650,0.6285714285714286,24,11,13,367.1477780873933,0.8171565070149975,0.3904804596764333,0.23656579498632987,134883.51875821795,-695.5631574622329,134187.95560075573,4276,13,638.0566037735849,38,15,20,30.76982412835543,0.6652960526315791,40.30448717948716,1038.7820512820488,27.33636977058023,0
4631,4,0,0,53,0.0,0.0,1.0,53,1400,1000,400,0.7142857142857143,18,10,8,371.13636396286427,0.8169750846637639,0.39252166776037756,0.23997585892789966,135010.48312716998,-578.54003906252,134431.94308810745,4277,14,639.0566037735849,39,14,20,30.539511710266947,0.6647970085470087,40.18229166666666,1039.270833333332,26.64797008547005,0
4632,4,0,0,53,0.0,0.0,1.0,53,1450,1200,250,0.8275862068965517,17,12,5,368.33141411408485,0.8161586840832123,0.38891389526346476,0.23843631035182633,135052.07300548602,-651.2157941701523,134400.85721131586,4278,15,640.0566037735849,40,13,20,30.570900143397196,0.6635416666666668,40.14227642276422,1039.430894308942,25.98577235772355,0
4633,4,0,0,53,0.0,0.0,1.0,53,1900,1600,300,0.8421052631578947,22,16,6,331.8863233171461,0.8159772617319787,0.21790394883628217,0.20049733700214734,132502.61423631787,-1801.0898977129818,130701.52433860488,4279,16,641.0566037735849,40,13,15,34.0641759615701,0.6382812499999999,42.60670731707318,1029.5731707317088,25.73932926829272,8
4634,4,0,0,53,0.0,0.0,1.0,53,1200,800,400,0.6666666666666666,16,8,8,333.03272131114034,0.8164005805515239,0.21245264402267505,0.20175054575543375,132607.26631180188,-1767.4882469099023,130839.77806489199,4280,17,642.0566037735849,40,13,15,33.9296579509949,0.6393229166666666,42.50508130081301,1029.9796747967482,25.749491869918707,0
4635,4,0,0,53,0.0,0.0,1.0,53,1250,600,650,0.48,19,6,13,335.68632920928894,0.815191098209966,0.2153489393538972,0.2037837129056152,132685.78247901396,-1691.8393482715153,130993.94313074244,4281,18,643.0566037735849,40,13,13,33.782550798974164,0.6401041666666667,42.428861788617894,1030.2845528455296,25.75711382113824,0
4636,4,0,0,53,0.0,0.0,1.0,53,1150,700,450,0.6086956521739131,16,7,9,335.0149193344459,0.8147980164489598,0.21804175505191492,0.20366014880403374,132738.13950029752,-1706.1485805406726,131031.99091975685,4282,19,644.0566037735849,40,13,13,33.74732905982907,0.640625,42.37804878048781,1030.4878048780495,25.762195121951237,0
4637,4,0,0,53,0.0,0.0,1.0,53,1150,500,650,0.43478260869565216,18,5,13,334.09447338217615,0.8147677793904209,0.2133691684675032,0.2034725426987578,132806.7178839127,-1726.0019053917986,131080.7159785209,4283,20,645.0566037735849,41,12,14,33.702277831248,0.6397357723577236,42.31150793650793,1030.7539682539673,25.140340689121153,0
4638,4,0,2,51,0.0,0.03773584905660377,0.9622641509433962,53,1350,900,450,0.6666666666666666,18,9,9,333.03497764034825,0.8128930817610063,0.22152206581631595,0.20366068397347392,132960.14817964204,-1743.9240047871178,131216.22417485493,4284,21,646.0566037735849,41,12,14,33.57581441580094,0.6412601626016261,42.162698412698404,1031.349206349205,25.154858691444023,0
4639,4,0,0,51,0.0,0.0,1.0,51,950,500,450,0.5263157894736842,14,5,9,341.4753596571779,0.8072222222222223,0.23022380669439535,0.20867938645716425,132934.57031249988,-1121.2239583333476,131813.34635416654,4285,22,658.7058823529412,39,12,14,33.38383838383839,0.6442307692307694,42.18749999999999,1031.249999999999,26.44230769230767,0
4640,4,0,0,51,0.0,0.0,1.0,51,1400,1100,300,0.7857142857142857,17,11,6,341.0124371655898,0.805,0.22953863083539683,0.2094488663979848,133122.62505425338,-1120.7058376736204,132001.91921657976,4286,23,659.7058823529412,39,12,14,33.20726506510548,0.6461004273504274,42.00520833333333,1031.9791666666658,26.46100427350425,0
4641,4,0,0,51,0.0,0.0,1.0,51,1050,500,550,0.47619047619047616,16,5,11,340.40980326470003,0.8047712418300654,0.23062464138026528,0.20953174846914147,133203.26063368062,-1131.260850694438,132071.99978298618,4287,24,660.7058823529412,39,12,15,33.1420282542886,0.6469017094017094,41.927083333333336,1032.2916666666672,26.469017094017108,0
4642,4,0,1,50,0.0,0.0196078431372549,0.9803921568627451,51,1300,800,500,0.6153846153846154,18,8,10,336.8126806784783,0.803888888888889,0.22866722813343943,0.20852110904926013,133418.408203125,-1212.5976562499989,132205.810546875,4288,25,661.7058823529412,39,12,18,33.019509981851186,0.6490384615384617,41.71875,1033.125,26.490384615384617,0
4643,4,0,0,50,0.0,0.0,1.0,50,1750,1500,250,0.8571428571428571,20,15,5,343.1164621782131,0.8021428571428572,0.11151954714310985,0.19975667978305223,131096.1170513021,-1003.752822411271,130092.36422889083,4289,26,675.36,45,5,19,35.19185977946814,0.6171296296296297,43.97644927536231,1024.0942028985496,22.757648953301103,7
4644,4,0,0,50,0.0,0.0,1.0,50,1000,700,300,0.7,13,7,6,342.34803707315484,0.8020918367346939,0.11055609583591197,0.19991216558257363,131212.0953860139,-1015.9593408685207,130196.1360451454,4290,27,676.36,45,5,19,35.09443241092742,0.618287037037037,43.86322463768116,1024.5471014492748,22.76771336553944,0
4645,4,0,0,50,0.0,0.0,1.0,50,1300,900,400,0.6923076923076923,17,9,8,345.37001515140673,0.8028231292517006,0.10779918684815248,0.2020432446444165,131281.70700089264,-931.8469727998369,130349.86002809281,4291,28,677.36,45,5,19,34.94674739261091,0.6189814814814816,43.79528985507246,1024.8188405797098,22.77375201288244,0
4646,4,1,1,50,0.0196078431372549,0.0196078431372549,0.9803921568627451,51,1100,500,600,0.45454545454545453,17,5,12,341.27978361092147,0.8057516339869282,0.09808777399023039,0.20112197405442248,131562.60456945287,-1220.0193281462286,130342.58524130665,4292,0,665.0588235294117,40,11,13,34.76824335479611,0.62890625,43.52134146341464,1025.9146341463427,25.647865853658566,0
4647,4,1,2,49,0.0196078431372549,0.0392156862745098,0.9607843137254902,51,900,800,100,0.8888888888888888,10,8,2,338.2841392972687,0.8051960784313726,0.08998680678768034,0.19972666306455203,131633.36167800464,-1294.1043083900163,130339.25736961463,4293,0,666.0392156862745,41,10,13,34.7737819025522,0.6280487804878048,43.452380952380956,1026.190476190477,25.029036004645782,0
4648,4,0,0,49,0.0,0.0,1.0,49,1250,1000,250,0.8,15,10,5,349.1096621311144,0.7977253401360545,0.09579646568094935,0.2050498516717597,131434.9175347224,-622.9600694444254,130811.95746527797,4294,31,692.6326530612245,39,10,20,34.696261682243005,0.6292735042735043,43.64583333333334,1025.416666666668,26.292735042735078,0
4649,4,0,1,48,0.0,0.02040816326530612,0.9795918367346939,49,900,500,400,0.5555555555555556,13,5,8,345.68557700262636,0.7973356009070295,0.09077399454124535,0.20368857844923996,131557.01929209186,-704.527175453513,130852.49211663836,4295,32,693.6326530612245,41,8,14,34.66087660767817,0.6272865853658536,43.526785714285715,1025.8928571428573,25.021777003484324,0
4650,4,0,0,48,0.0,0.0,1.0,48,1550,1300,250,0.8387096774193549,18,13,5,346.91710678801894,0.7958961288416075,0.07671073479897039,0.2048636809558723,131640.81090124938,-466.31014938196705,131174.50075186742,4296,33,685.7916666666666,40,8,14,34.54479434871593,0.6296875,43.44512195121952,1026.219512195123,25.65548780487807,0
4651,4,0,0,48,0.0,0.0,1.0,48,1300,800,500,0.6153846153846154,18,8,10,346.3440453686198,0.7943262411347518,0.0827898550724635,0.20530703720304802,131786.11288265325,-471.332908163246,131314.77997449,4297,34,686.7916666666666,41,7,14,34.41304347826088,0.6295731707317072,43.30357142857144,1026.7857142857158,25.043554006968677,0
4652,4,2,3,47,0.04,0.06,0.94,50,1350,900,450,0.6666666666666666,18,9,9,333.441902359549,0.804234693877551,0.08278202935085965,0.19986719964962332,132207.48563957508,-1183.29689643344,131024.18874314164,4298,0,660.28,44,6,16,34.320511089102965,0.629498106060606,42.89351851851853,1028.4259259259286,23.37331649831656,0
4653,4,0,0,47,0.0,0.0,1.0,47,1450,1100,350,0.7586206896551724,18,11,7,353.5898952594789,0.7994141227258711,0.09503345471325275,0.21078250923141,131999.40212614968,-65.26904558014962,131934.13308056953,4299,1,698.8510638297872,42,5,18,34.012061920477784,0.6302083333333331,43.09593023255816,1027.6162790697706,24.467054263565966,0
4654,4,0,0,47,0.0,0.0,1.0,47,1050,700,350,0.6666666666666666,14,7,7,353.91258871242314,0.7991057662658032,0.09950248756218882,0.21129632771642753,132057.11680010377,-52.66478707525542,132004.45201302852,4300,2,699.8510638297872,43,4,19,33.94562680425036,0.6293604651162789,43.03977272727275,1027.8409090909129,23.903276955602625,0
4655,4,0,0,47,0.0,0.0,1.0,47,850,400,450,0.47058823529411764,13,4,9,358.4669642008019,0.7989515880357693,0.10100210453709968,0.21456638904588327,132154.46815455751,74.60220098720325,132229.0703555447,4301,3,700.8510638297872,43,4,19,33.73050592497086,0.6303294573643409,42.945075757575786,1028.2196969697018,23.912085976039577,0
4656,4,2,1,48,0.04081632653061224,0.02040816326530612,0.9795918367346939,49,1300,1000,300,0.7692307692307693,16,10,6,353.89239744032847,0.8086380385487528,0.10448451225150257,0.2144171584491402,132612.5,-412.54376147841936,132199.95623852158,4302,0,673.204081632653,39,10,21,33.38727076591153,0.641025641025641,42.5,1030.0,26.41025641025641,0
4657,4,0,0,48,0.0,0.0,1.0,48,1100,700,400,0.6363636363636364,15,7,8,367.6152700538909,0.8032468971631206,0.10484094052558834,0.22260120623866214,132590.4923661331,148.45793155085545,132738.95029768397,4303,1,688.2291666666666,38,10,22,33.056059820193646,0.6425438596491229,42.52136752136751,1029.9145299145277,27.10301394511915,0
4658,4,1,1,48,0.02040816326530612,0.02040816326530612,0.9795918367346939,49,1550,1200,350,0.7741935483870968,19,12,7,362.5590344715681,0.807327097505669,0.12202024532669342,0.22172310069814688,132961.4271375869,-158.72667100693894,132802.70046657996,4304,0,675.1632653061224,39,10,19,32.81328906171093,0.6444978632478633,42.161458333333336,1031.3541666666674,26.44497863247865,0
4659,4,0,0,48,0.0,0.0,1.0,48,1050,600,450,0.5714285714285714,15,6,9,373.93116481106074,0.8031360815602837,0.1262985318382328,0.22834945098486698,132907.7162000869,339.6674262152872,133247.38362630218,4305,1,690.1875,39,9,19,32.57410260295653,0.6439636752136751,42.21354166666667,1031.1458333333342,26.439636752136774,0
4660,4,0,0,48,0.0,0.0,1.0,48,1300,900,400,0.6923076923076923,17,9,8,369.76168582804456,0.8025820035460993,0.12918433807937002,0.22645330703494895,133015.14892578125,236.7811414930557,133251.9300672743,4306,2,691.1875,39,9,19,32.573567774075194,0.6450320512820513,42.109375,1031.5625,26.450320512820515,0
4661,4,0,0,48,0.0,0.0,1.0,48,800,300,500,0.375,13,3,10,372.31190008534867,0.8015107860520094,0.1335818949564278,0.22867290726258863,133122.62505425367,312.6274956597419,133435.25254991342,4307,3,692.1875,39,9,19,32.39975522357929,0.6461004273504274,42.00520833333334,1031.9791666666683,26.461004273504315,0
4662,4,0,0,48,0.0,0.0,1.0,48,1250,900,350,0.72,16,9,7,374.7737897161061,0.8013260933806147,0.13685436765767545,0.23072437308704305,133209.8174449734,384.70962224867907,133594.52706722208,4308,4,693.1875,40,8,20,32.24859716479622,0.6453125,41.92073170731708,1032.317073170733,25.807926829268325,0
4663,4,0,0,48,0.0,0.0,1.0,48,850,500,350,0.5882352941176471,12,5,7,374.27280489648535,0.8006981382978723,0.13272508777110548,0.23057837628522723,133236.0463038702,373.32575269350843,133609.3720565637,4309,5,694.1875,40,8,20,32.23516914394461,0.6455729166666666,41.895325203252035,1032.4186991869929,25.81046747967482,0
4664,4,0,0,48,0.0,0.0,1.0,48,1300,800,500,0.6153846153846154,18,8,10,378.5119667013525,0.7992760047281323,0.1352486559139785,0.23467741935483866,133472.2222222223,504.1666666666764,133976.388888889,4310,6,695.1875,40,8,21,31.88844086021505,0.6479166666666667,41.66666666666667,1033.3333333333342,25.833333333333353,0
4665,4,0,0,48,0.0,0.0,1.0,48,1250,900,350,0.72,16,9,7,378.8558913941099,0.7974290780141844,0.13632164704218397,0.2354300915077303,133557.21381819382,519.7874586410925,134077.00127683493,4311,7,696.1875,37,11,21,31.794203705668107,0.6539977477477479,41.58442982456139,1033.6622807017525,27.936818397344663,0
4666,4,0,0,48,0.0,0.0,1.0,48,850,600,250,0.7058823529411765,11,6,5,380.0946641491869,0.796875,0.14125574407918018,0.23674324193704288,133642.2324657585,559.3398930439926,134201.5723588025,4312,8,697.1875,37,11,21,31.676829268292675,0.6548423423423424,41.50219298245613,1033.991228070174,27.945708866761457,0
4667,4,0,0,48,0.0,0.0,1.0,48,950,400,550,0.42105263157894735,15,4,11,380.2792061616323,0.7971705082742316,0.14450819816954685,0.23740395444888646,133727.278164916,570.7406365419979,134298.018801458,4313,9,698.1875,37,11,16,31.586694759532136,0.655686936936937,41.41995614035087,1034.3201754385955,27.954599336178255,0
4668,4,0,0,48,0.0,0.0,1.0,48,1100,800,300,0.7272727272727273,14,8,6,381.87223040865666,0.7967087765957447,0.14846537714184826,0.23876504267101856,133783.99032635015,617.6781557786752,134401.66848212882,4314,10,699.1875,37,11,16,31.488584172407705,0.6562500000000002,41.365131578947356,1034.5394736842084,27.960526315789416,0
4669,4,1,0,49,0.02040816326530612,0.0,1.0,49,1300,1000,300,0.7692307692307693,16,10,6,371.5318624044727,0.8033234126984127,0.15521067102310293,0.23417619467808556,134080.10651800706,163.00633720504212,134243.1128552121,4315,0,685.8979591836735,38,11,18,31.459321917337178,0.6573464912280702,41.07905982905982,1035.6837606837598,27.254835807467362,0
4670,4,0,0,49,0.0,0.0,1.0,49,1650,1100,550,0.6666666666666666,22,11,11,366.03799727191733,0.7991780045351474,0.1491467684446266,0.23263908078087456,134384.5665885929,37.97152366862119,134422.5381122615,4316,1,686.8979591836735,38,11,21,31.297011849562068,0.6603618421052633,40.7852564102564,1036.8589743589732,27.285762483130874,0
4671,4,0,0,49,0.0,0.0,1.0,49,1000,600,400,0.6,14,6,8,369.89368266148404,0.7983985260770975,0.14320397022749765,0.23580418679976003,134495.3649485899,149.79716834682768,134645.16211693673,4317,2,687.8979591836735,38,11,21,31.086277337178565,0.6614583333333335,40.67841880341879,1037.2863247863233,27.29700854700851,0
4672,4,0,0,49,0.0,0.0,1.0,49,1650,1200,450,0.7272727272727273,21,12,9,369.5061809448075,0.7971584467120182,0.1400245828119635,0.23629420245707167,134609.2053835931,147.80950880981695,134757.01489240292,4318,3,688.8979591836735,36,13,22,30.982546572617107,0.6663773148148149,40.568693693693696,1037.7252252252256,28.82570070070071,0
4673,4,0,1,48,0.0,0.02040816326530612,0.9795918367346939,49,1300,700,600,0.5384615384615384,19,7,12,371.0778545086219,0.797264739229025,0.14038832414814695,0.2376806521894349,134667.6421987867,194.43594777210623,134862.0781465588,4319,4,689.8979591836735,36,13,22,30.883376731402127,0.6669560185185185,40.51238738738739,1037.950450450451,28.831956956956972,0
4674,4,0,0,48,0.0,0.0,1.0,48,1150,900,250,0.782608695652174,14,9,5,376.38383637925125,0.7975583628841607,0.145870514965607,0.24050471084390507,134580.80317911954,530.8078007115951,135111.61097983114,4320,5,701.3541666666666,35,13,22,30.832519985127337,0.6681547619047619,40.59606481481482,1037.615740740741,29.646164021164033,0
4675,4,0,0,48,0.0,0.0,1.0,48,1400,1000,400,0.7142857142857143,18,10,8,374.94540074934775,0.7969119385342789,0.14535866695598765,0.24015787065369973,134667.6421987867,498.6026144387731,135166.24481322546,4321,6,702.3541666666666,36,12,23,30.783018697334644,0.6669560185185185,40.51238738738739,1037.950450450451,28.831956956956972,0
4676,4,0,0,48,0.0,0.0,1.0,48,1150,700,450,0.6086956521739131,16,7,9,373.13865289741085,0.7965425531914894,0.14126799016417202,0.23919277485454327,134696.8653619836,452.1213781348962,135148.9867401185,4322,7,703.3541666666666,36,12,23,30.800697909886452,0.6672453703703705,40.484234234234236,1038.063063063063,28.835085085085083,0
4677,4,0,0,48,0.0,0.0,1.0,48,1300,900,400,0.6923076923076923,17,9,8,371.27377333414415,0.7946956264775413,0.14482606384802632,0.2388585275037204,134828.03397116298,411.6225847395727,135239.65655590256,4323,8,704.3541666666666,38,10,19,30.718075986695467,0.6647478070175439,40.35790598290598,1038.5683760683762,27.33074673864148,0
4678,4,0,1,47,0.0,0.020833333333333332,0.9791666666666666,48,1400,1200,200,0.8571428571428571,16,12,4,372.29625323719426,0.7942338947990544,0.1483017072919881,0.23988313255303112,134883.51875821818,443.3257314266849,135326.84448964486,4324,9,705.3541666666666,38,10,19,30.636120538928314,0.665296052631579,40.304487179487175,1038.7820512820506,27.33636977058028,0
4679,4,0,0,47,0.0,0.0,1.0,47,1200,800,400,0.6666666666666666,16,8,8,370.3789509959937,0.7949429540548874,0.15771410572457922,0.2393804688596696,134994.52257515147,599.8259323179077,135594.34850746937,4325,10,713.468085106383,38,9,19,30.575117370892013,0.6663925438596492,40.19764957264957,1039.2094017094007,27.347615834457912,0
4680,4,0,0,47,0.0,0.0,1.0,47,1250,1100,150,0.88,14,11,3,370.71060620393746,0.7950200431699044,0.15604500738337412,0.24032759831852196,135104.8947798928,616.963488994636,135721.85826888744,4326,11,714.468085106383,40,7,19,30.456378299120242,0.6640625,40.09146341463414,1039.6341463414624,25.990853658536558,0
4681,4,0,0,47,0.0,0.0,1.0,47,1200,700,500,0.5833333333333334,17,7,10,371.96824208012356,0.794750231267345,0.1607481843264702,0.24167308071148588,135184.1468062164,656.8418889219249,135840.9886951383,4327,12,715.468085106383,40,7,19,30.34463663311507,0.6648437500000001,40.01524390243902,1039.9390243902428,25.99847560975607,0
4682,4,0,1,46,0.0,0.02127659574468085,0.9787234042553191,47,1200,800,400,0.6666666666666666,16,8,8,375.5922286015568,0.7932855380820227,0.16209329078149448,0.24480023004005724,135298.0336376446,763.3779958742471,136061.41163351884,4328,13,716.468085106383,41,6,19,30.136816216903455,0.664380081300813,39.905753968253954,1040.376984126982,25.375048393341025,0
4683,4,0,0,46,0.0,0.0,1.0,46,1250,900,350,0.72,16,9,7,382.4182510375979,0.7944041867954912,0.15991423233695645,0.24974253128985965,135369.1585696343,1153.5273729261519,136522.68594256046,4329,14,723.804347826087,40,6,21,29.888305664062507,0.6666666666666667,39.83739837398373,1040.6504065040638,26.016260162601593,0
4684,4,0,0,46,0.0,0.0,1.0,46,1200,1000,200,0.8333333333333334,14,10,4,380.64891005426216,0.7926731078904993,0.1565030643600498,0.2493201684524208,135474.93638046132,1113.6773745786227,136588.61375503996,4330,15,724.804347826087,40,6,21,29.82884289990889,0.6677083333333333,39.735772357723576,1041.0569105691054,26.026422764227636,0
4685,4,0,1,45,0.0,0.021739130434782608,0.9782608695652174,46,900,600,300,0.6666666666666666,12,6,6,383.55611437444287,0.7920289855072464,0.15761718087092302,0.2519668628275185,135580.75550267697,1200.5655529116254,136781.3210555886,4331,16,725.804347826087,40,6,21,29.647654826958103,0.66875,39.63414634146341,1041.4634146341461,26.036585365853654,0
4686,4,0,0,45,0.0,0.0,1.0,45,1500,1300,200,0.8666666666666667,17,13,4,382.6721687260829,0.7907407407407407,0.17060476545243075,0.2519826573462766,135665.5962400279,1383.1515540208063,137048.74779404872,4332,17,741.1333333333333,33,12,21,29.58610261537858,0.6833964646464646,39.552696078431374,1041.7892156862747,31.569370172311356,0
4687,4,0,1,44,0.0,0.022222222222222223,0.9777777777777777,45,750,500,250,0.6666666666666666,10,5,5,381.8329419294534,0.7893939393939394,0.16620031090384213,0.2524807250379336,135814.58574459873,1371.6965663580236,137186.28231095677,4333,18,742.1333333333333,35,10,21,29.459526982011987,0.6803571428571429,39.40972222222222,1042.3611111111109,29.781746031746025,0
4688,4,0,0,44,0.0,0.0,1.0,44,1100,800,300,0.7272727272727273,14,8,6,375.30867157809655,0.7869538407329105,0.10835816493608208,0.2347714636274741,133801.3214404363,1278.2020265346296,135079.52346697092,4334,19,757.6363636363636,35,9,16,31.64096002535705,0.6604166666666667,41.348379629629626,1034.6064814814808,29.560185185185166,6
4689,4,0,0,44,0.0,0.0,1.0,44,1550,1300,250,0.8387096774193549,18,13,5,376.1401406426489,0.7867996828752643,0.11144137552588274,0.23663499987265368,134010.9592013888,1281.3802083333233,135292.3394097221,4335,20,758.6363636363636,35,9,18,31.40928906773977,0.6625,41.14583333333333,1035.4166666666658,29.58333333333331,0
4690,4,0,0,44,0.0,0.0,1.0,44,900,600,300,0.6666666666666666,12,6,6,376.17951999001264,0.7856545102184638,0.11552564753682026,0.23743347700356932,134130.82588520242,1291.453939471885,135422.2798246743,4336,21,759.6363636363636,35,9,18,31.288175046554922,0.663690476190476,41.030092592592595,1035.8796296296302,29.596560846560863,0
4691,4,0,0,44,0.0,0.0,1.0,44,1500,800,700,0.5333333333333333,22,8,14,378.83714880332974,0.7864032769556025,0.10355571847507328,0.23487903225806456,133472.22222222228,1312.8472222222315,134785.0694444445,4337,22,760.6363636363636,36,8,22,31.880040322580637,0.6550925925925926,41.66666666666667,1033.333333333334,28.70370370370372,1
4692,4,0,0,44,0.0,0.0,1.0,44,800,600,200,0.75,10,6,4,378.56810946978806,0.786843727977449,0.10005903187721366,0.2354714731047456,133591.84777949244,1314.7226508916283,134906.57043038408,4338,23,761.6363636363636,35,9,22,31.76686818928198,0.6583333333333334,41.550925925925924,1033.796296296296,29.53703703703703,0
4693,4,0,0,44,0.0,0.0,1.0,44,950,700,250,0.7368421052631579,12,7,5,379.6770676927422,0.7866675475687104,0.0961139263691313,0.23654357899351167,133651.68065200606,1348.8956404320882,135000.57629243814,4339,24,762.6363636363636,35,9,22,31.67813969106783,0.6589285714285715,41.49305555555555,1034.027777777777,29.54365079365077,0
4694,4,0,0,44,0.0,0.0,1.0,44,950,500,450,0.5263157894736842,14,5,9,380.0987265256008,0.7867556377730797,0.10132660535525395,0.23719009917826575,133711.5269204388,1364.7162208504622,135076.24314128928,4340,25,763.6363636363636,35,9,19,31.6071695016413,0.6595238095238096,41.435185185185176,1034.259259259258,29.550264550264515,0
4695,4,2,2,44,0.043478260869565216,0.043478260869565216,0.9565217391304348,46,1450,1100,350,0.7586206896551724,18,11,7,357.08608387525004,0.7943840579710145,0.09440987218228392,0.22639401414304075,134294.94081111494,390.97089969990463,134685.91171081483,4341,0,731.3913043478261,37,9,20,31.61859991537077,0.6613175675675675,40.87171052631579,1036.5131578947367,28.01386913229018,0
4696,4,0,0,44,0.0,0.0,1.0,44,950,600,350,0.631578947368421,13,6,7,372.30075978254797,0.7867336152219874,0.08972254687738168,0.23402883318727247,133981.00090288476,1176.2456865140334,135157.2465893988,4342,27,765.6363636363636,35,9,20,31.53868548537357,0.6622023809523812,41.174768518518505,1035.3009259259243,29.58002645502641,0
4697,4,0,0,44,0.0,0.0,1.0,44,850,700,150,0.8235294117647058,10,7,3,371.1538518869289,0.7866675475687104,0.09091897878062749,0.23340550713053515,133996.38447569186,1146.6548474149763,135143.03932310684,4343,28,766.6363636363636,36,8,20,31.552960263940253,0.6603009259259259,41.159909909909906,1035.36036036036,28.760010010009996,0
4698,4,0,0,44,0.0,0.0,1.0,44,1050,800,250,0.7619047619047619,13,8,5,370.4973159172555,0.7863372093023256,0.09376544308051193,0.23373349189347842,134113.00447406856,1137.7016374482475,135250.7061115168,4344,29,767.6363636363636,36,8,21,31.453169167210255,0.6614583333333335,41.04729729729729,1035.81081081081,28.772522522522497,0
4699,4,0,0,44,0.0,0.0,1.0,44,800,400,400,0.5,12,4,8,369.374829026377,0.7860729386892178,0.09898539843117171,0.23376803140995317,134229.67519884743,1116.212665368068,135345.8878642155,4345,30,768.6363636363636,36,8,21,31.36546402955881,0.6626157407407407,40.93468468468468,1036.2612612612606,28.78503503503502,0
4700,4,0,0,44,0.0,0.0,1.0,44,900,700,200,0.7777777777777778,11,7,4,367.3687960538431,0.7855223749119098,0.10006961106667878,0.23342750208887036,134375.58493882394,1073.0793716013332,135448.6643104253,4346,31,769.6363636363636,36,8,21,31.27149632525978,0.6640625,40.79391891891892,1036.8243243243242,28.80067567567567,0
4701,4,0,0,44,0.0,0.0,1.0,44,1150,700,450,0.6086956521739131,16,7,9,369.8010105098125,0.7844212473572939,0.10309067221997426,0.2357257514052516,134492.36979800757,1147.082851432524,135639.4526494401,4347,32,770.6363636363636,36,8,21,31.091674809105058,0.6652199074074073,40.68130630630631,1037.2747747747756,28.81318818818821,0
4702,4,0,0,44,0.0,0.0,1.0,44,1350,1000,350,0.7407407407407407,17,10,7,373.08189053198146,0.7846634954193094,0.11418376449598555,0.2389855995922008,134670.8890603567,1248.666659652646,135919.55572000935,4348,33,771.6363636363636,35,9,22,30.828129646149268,0.669047619047619,40.50925925925926,1037.9629629629633,29.656084656084666,0
4703,4,0,0,44,0.0,0.0,1.0,44,850,500,350,0.5882352941176471,12,5,7,375.07856032300936,0.7847295630725863,0.11035232467387668,0.24046315993831827,134700.92438539537,1304.68575853054,136005.6101439259,4349,34,772.6363636363636,35,9,22,30.746297431895062,0.669345238095238,40.48032407407408,1038.0787037037048,29.659391534391567,0
4704,4,0,1,43,0.0,0.022727272727272728,0.9772727272727273,44,850,400,450,0.47058823529411764,13,4,9,373.25667204388975,0.7844432699083862,0.10821278190298655,0.23946090880811552,134726.09169558084,1257.4825247544977,135983.57422033534,4350,35,773.6363636363636,36,8,22,30.768431138590593,0.6675347222222221,40.45608108108109,1038.1756756756768,28.838213213213244,0
4705,4,0,0,43,0.0,0.0,1.0,43,1250,700,550,0.56,18,7,11,372.2689667307123,0.7799464747139165,0.10277244001956909,0.23940477065485588,134813.78971877295,1437.398039931837,136251.1877587048,4351,36,773.7674418604652,36,7,18,30.706462806332688,0.6684027777777777,40.37162162162163,1038.5135135135145,28.847597597597623,0
4706,4,0,0,43,0.0,0.0,1.0,43,900,600,300,0.6666666666666666,12,6,6,369.2716710364935,0.7799003322259136,0.10315749669124608,0.23805249233484654,134901.5162755662,1363.0616680870194,136264.57794365322,4352,37,774.7674418604652,36,7,18,30.69670280036134,0.6692708333333333,40.28716216216217,1038.8513513513522,28.856981981982003,0
4707,4,0,0,43,0.0,0.0,1.0,43,1350,1200,150,0.8888888888888888,15,12,3,367.4839809261083,0.7796696197858988,0.09888005161238311,0.23747494229594762,134989.2713659608,1321.278964775614,136310.5503307364,4353,38,775.7674418604652,36,7,18,30.655568198237255,0.6701388888888888,40.202702702702716,1039.189189189191,28.866366366366417,0
4708,4,0,0,43,0.0,0.0,1.0,43,1250,800,450,0.64,17,8,9,369.47005470103886,0.7757013658176448,0.11139013498094541,0.23972712684853803,135135.5932579542,1385.7110066147548,136521.30426456896,4354,39,776.7674418604652,36,7,19,30.45800389905773,0.671585648148148,40.06193693693695,1039.7522522522545,28.88200700700707,0
4709,4,0,0,43,0.0,0.0,1.0,43,900,500,400,0.5555555555555556,13,5,8,369.4546559270998,0.7762550756736802,0.10803854309906225,0.23991169429190176,135164.86714755307,1387.4578970862874,136552.32504463935,4355,40,777.7674418604652,36,7,20,30.42921088730055,0.671875,40.03378378378379,1039.864864864866,28.885135135135165,0
4710,4,0,0,43,0.0,0.0,1.0,43,1050,500,550,0.47619047619047616,16,5,11,370.5271285537249,0.7756552233296419,0.10600664020318251,0.24158787160958842,135311.28415155038,1427.3003155182369,136738.5844670686,4356,41,778.7674418604652,36,7,20,30.255348702962074,0.6733217592592592,39.893018018018026,1040.4279279279294,28.900775775775816,0
4711,4,1,0,44,0.022727272727272728,0.0,1.0,44,1000,600,400,0.6,14,6,8,373.4545248204653,0.7833421423537703,0.15651237215758518,0.2327858310364709,133670.5780264118,1198.5856436644872,134869.1636700763,4357,0,762.0454545454545,37,7,19,31.82003940904109,0.655123873873874,41.474780701754376,1034.100877192981,27.948672356567055,4
4712,4,0,0,44,0.0,0.0,1.0,44,1200,700,500,0.5833333333333334,17,7,10,370.9466935770908,0.7834522551092319,0.15672945109012115,0.23171005723957314,133748.36205164698,1122.7025348819889,134871.06458652898,4358,1,763.0454545454545,38,6,18,31.8068753012463,0.6540570175438598,41.39957264957263,1034.4017094017067,27.22109761583439,0
4713,4,0,0,44,0.0,0.0,1.0,44,1500,1100,400,0.7333333333333333,19,11,8,371.0624703870018,0.7824171952078929,0.15776284421752185,0.23247807814802635,133858.89788333653,1134.0026663744109,134992.90054971093,4359,2,764.0454545454545,38,6,18,31.693079358524322,0.65515350877193,41.29273504273502,1034.829059829056,27.232343679712,0
4714,4,0,0,44,0.0,0.0,1.0,44,900,600,300,0.6666666666666666,12,6,6,370.7449893318957,0.7821088794926004,0.15480256737482234,0.2326280736170594,133914.18292059287,1129.6024636569211,135043.7853842498,4360,3,765.0454545454545,38,6,18,31.645893545279378,0.6557017543859651,41.239316239316224,1035.0427350427326,27.23796671165086,0
4715,4,0,1,43,0.0,0.022727272727272728,0.9772727272727273,44,800,500,300,0.625,11,5,6,368.4498078194948,0.7818886539816773,0.15349000844356953,0.23153557962197763,133969.47937212323,1072.2057856672857,135041.68515779052,4361,4,766.0454545454545,38,6,18,31.64989680082559,0.6562500000000002,41.18589743589742,1035.2564102564072,27.243589743589663,0
4716,4,0,0,43,0.0,0.0,1.0,43,1450,1000,450,0.6896551724137931,19,10,9,372.78137252786405,0.7825304540420819,0.15149149913206195,0.2348845939643546,134067.7314774738,1395.590590373956,135463.32206784777,4362,5,778.3953488372093,37,6,18,31.439363860949342,0.6590653153153154,41.09100877192982,1035.6359649122803,27.990161213845415,0
4717,4,0,0,43,0.0,0.0,1.0,43,1350,800,550,0.5925925925925926,19,8,11,370.3479745807787,0.7809616094499815,0.1531192321889996,0.23425624898181782,134209.7147680055,1340.8592066789688,135550.57397468446,4363,6,779.3953488372093,37,6,18,31.360229276895932,0.660472972972973,40.95394736842105,1036.1842105263154,28.004978662873388,0
4718,4,0,0,43,0.0,0.0,1.0,43,1200,1000,200,0.8333333333333334,14,10,4,370.5188911241002,0.778516057585825,0.16107701046667433,0.2351304643935343,134329.18453000564,1354.3000995324485,135683.48462953808,4364,7,780.3953488372093,38,5,18,31.236258545467035,0.6598135964912282,40.8386752136752,1036.6452991452975,27.28013945119204,0
4719,4,0,1,42,0.0,0.023255813953488372,0.9767441860465116,43,1250,1100,150,0.88,14,11,3,367.3120158333745,0.7776393503137689,0.15808875485943275,0.23415839538583277,134495.36494859005,1280.3527239023979,135775.71767249246,4365,8,781.3953488372093,38,5,18,31.153225529577366,0.6614583333333334,40.6784188034188,1037.2863247863245,27.297008547008538,0
4720,4,0,0,42,0.0,0.0,1.0,42,1250,1000,250,0.8,15,10,5,373.4395383870855,0.7766889276035618,0.16132406845955072,0.23883143478504937,134612.54428854864,1653.9635228680402,136266.50781141667,4366,9,792.6666666666666,34,8,19,30.87716530916599,0.6706495098039216,40.56547619047618,1037.7380952380945,30.521708683473367,0
4721,4,0,0,42,0.0,0.0,1.0,42,850,500,350,0.5882352941176471,12,5,7,368.73530522140584,0.7763501742160279,0.16301999564735037,0.23678771819192782,134761.0050824117,1538.2280682013004,136299.233150613,4367,10,793.6666666666666,35,7,20,30.85091312748485,0.6699404761904761,40.4224537037037,1038.3101851851852,29.66600529100529,0
4722,4,0,0,42,0.0,0.0,1.0,42,1000,800,200,0.8,12,8,4,369.7380009616284,0.7759872241579558,0.16653928624503744,0.23762817654926424,134791.05045438948,1567.474708504787,136358.52516289428,4368,11,794.6666666666666,35,7,17,30.79488036855401,0.6702380952380953,40.39351851851851,1038.4259259259252,29.66931216931215,0
4723,4,0,0,42,0.0,0.0,1.0,42,600,400,200,0.6666666666666666,8,4,4,368.8177454825916,0.775454897406117,0.16860878516773337,0.23742973084367114,134851.15124528456,1547.0995156035608,136398.25076088813,4369,12,795.6666666666666,35,7,18,30.75876606492832,0.6708333333333334,40.335648148148145,1038.657407407407,29.675925925925913,0
4724,4,0,0,42,0.0,0.0,1.0,42,1100,700,400,0.6363636363636364,15,7,8,365.26156534914355,0.7749225706542779,0.16243409816588694,0.2359221822809071,134971.39301483182,1459.9724579903777,136431.3654728222,4370,13,796.6666666666666,35,7,18,30.731139080715813,0.6720238095238096,40.2199074074074,1039.1203703703693,29.689153439153408,0
4725,4,0,0,42,0.0,0.0,1.0,42,1400,1000,400,0.7142857142857143,18,10,8,366.2582600338172,0.7718737901664731,0.16231890785123748,0.2376431844618577,135135.5932579539,1498.90545105917,136634.49870901307,4371,14,797.6666666666666,36,6,19,30.541490667533118,0.6715856481481481,40.06193693693694,1039.7522522522524,28.88200700700701,0
4726,4,0,0,42,0.0,0.0,1.0,42,1200,1000,200,0.8333333333333334,14,10,4,366.21994020652454,0.770760743321719,0.16282001701601057,0.23800430315321996,135194.1442075522,1502.1582815924107,136696.3024891446,4372,15,798.6666666666666,36,6,19,30.48411839018228,0.6721643518518519,40.005630630630634,1039.977477477478,28.88826326326328,0
4727,4,0,1,41,0.0,0.023809523809523808,0.9761904761904762,42,800,500,300,0.625,11,5,6,364.86238412434153,0.7698412698412699,0.16255793212597358,0.23750767034225126,135252.70783875103,1469.7250882639512,136722.43292701498,4373,16,799.6666666666666,36,6,19,30.461053372307028,0.6727430555555556,39.94932432432433,1040.2027027027036,28.894519519519545,0
4728,4,0,0,41,0.0,0.0,1.0,41,750,500,250,0.6666666666666666,10,5,5,365.42444226185575,0.7676829268292683,0.17043595288550484,0.23820161794719516,135302.3341719178,1688.5560003000617,136990.89017221789,4374,17,812.0975609756098,35,6,19,30.396989839433378,0.675297619047619,39.90162037037037,1040.3935185185182,29.725529100529094,0
4729,4,0,0,41,0.0,0.0,1.0,41,800,600,200,0.75,10,6,4,365.2967516743983,0.7673780487804878,0.1732331316639093,0.2383176921301042,135332.43982553136,1687.3001328874993,137019.73995841885,4375,18,813.0975609756098,35,6,20,30.37031887282166,0.6755952380952381,39.872685185185176,1040.5092592592578,29.728835978835935,0
4730,4,0,0,41,0.0,0.0,1.0,41,800,600,200,0.75,10,6,4,372.98727303533536,0.7644308943089431,0.18219479660336813,0.24456220905436435,135513.14407578882,1908.9356138546002,137422.07968964343,4376,19,814.0975609756098,35,6,20,29.99018082110567,0.6773809523809524,39.699074074074076,1041.2037037037042,29.74867724867726,0
4731,4,0,0,41,0.0,0.0,1.0,41,1000,800,200,0.8,12,8,4,373.7128894324838,0.765040650406504,0.18211656055699232,0.2452765245985001,135548.03070415885,1931.209242266836,137479.2399464257,4377,20,815.0975609756098,37,4,20,29.936536976589093,0.673704954954955,39.66557017543859,1041.3377192982446,28.14426268373634,0
4732,4,0,0,41,0.0,0.0,1.0,41,900,600,300,0.6666666666666666,12,6,6,372.2593080841474,0.7652947154471544,0.18142089411208895,0.24471219152189022,135605.1275993574,1896.0541945598538,137501.18179391726,4378,21,816.0975609756098,37,4,20,29.91751324700845,0.6742680180180181,39.61074561403508,1041.5570175438588,28.150189663347536,0
4733,4,0,0,41,0.0,0.0,1.0,41,1100,700,400,0.6363636363636364,15,7,8,373.3632718894879,0.7642784552845528,0.1847839338106807,0.24625564372315453,135724.11807966826,1934.8861715730925,137659.00425124136,4379,22,817.0975609756098,35,6,20,29.770284905031666,0.6794642857142856,39.49652777777778,1042.0138888888891,29.771825396825403,0
4734,4,0,0,41,0.0,0.0,1.0,41,1050,500,550,0.47619047619047616,16,5,11,371.5077222206982,0.7637195121951219,0.18289974103650408,0.24523867528410317,135754.27061899868,1886.7519718792928,137641.02259087798,4380,23,818.0975609756098,35,6,20,29.78861246853251,0.6797619047619048,39.467592592592595,1042.12962962963,29.775132275132286,0
4735,4,0,0,41,0.0,0.0,1.0,41,850,600,250,0.7058823529411765,11,6,5,370.64786034271617,0.7638211382113821,0.17562275556133322,0.24508477461428063,135814.58574459876,1867.8771219135792,137682.46286651233,4381,24,819.0975609756098,35,6,21,29.750999333777475,0.6803571428571429,39.40972222222222,1042.361111111111,29.78174603174603,0
4736,4,0,0,41,0.0,0.0,1.0,41,1150,900,250,0.782608695652174,14,9,5,369.45951039725264,0.7625508130081301,0.17238298909071226,0.24512740711923753,135935.25618355622,1844.5146390603563,137779.77082261659,4382,25,820.0975609756098,35,6,17,29.661949685534594,0.6815476190476191,39.29398148148148,1042.824074074074,29.79497354497354,0
4737,4,0,0,41,0.0,0.0,1.0,41,1200,900,300,0.75,15,9,6,367.97914554497635,0.7631605691056911,0.17298060261967318,0.24449231320212161,135985.8232387795,1807.9894083272654,137793.81264710677,4383,26,821.0975609756098,36,5,18,29.650273519038368,0.6799768518518519,39.245495495495504,1043.0180180180193,28.97272272272276,0
4738,4,0,0,41,0.0,0.0,1.0,41,950,800,150,0.8421052631578947,11,8,3,366.17972518128875,0.7627540650406504,0.17349321469469414,0.24390044240148395,136073.93024358823,1765.5028761870014,137839.43311977523,4384,27,822.0975609756098,36,5,18,29.60964202194639,0.6808449074074074,39.16103603603604,1043.3558558558561,28.982107107107115,0
4739,4,0,0,41,0.0,0.0,1.0,41,800,400,400,0.5,12,4,8,366.8500760428056,0.7619410569105691,0.17247142364592927,0.24475159500998428,136132.68409879482,1788.0571027108274,137920.74120150565,4385,28,823.0975609756098,36,5,18,29.533784755944037,0.6814236111111112,39.10472972972973,1043.5810810810817,28.98836336336338,0
4740,4,0,0,41,0.0,0.0,1.0,41,800,300,500,0.375,13,3,10,364.8192636682724,0.7610264227642276,0.17331191275984636,0.24369926813040574,136176.75781249988,1735.9809027777637,137912.73871527764,4386,29,824.0975609756098,37,4,18,29.542997338656015,0.6798986486486487,39.06249999999999,1043.749999999999,28.209459459459435,0
4741,4,0,0,41,0.0,0.0,1.0,41,1250,900,350,0.72,16,9,7,364.970130303923,0.7578760162601627,0.17793843940328724,0.2453825286806972,136405.7465398009,1756.8046177670228,138162.5511575679,4387,30,825.0975609756098,37,4,18,29.311758685840243,0.6821509009009008,38.84320175438597,1044.6271929824577,28.233167377904262,0
4742,4,0,0,41,0.0,0.0,1.0,41,1050,800,250,0.7619047619047619,13,8,5,364.521182478271,0.7555386178861788,0.1847219983059134,0.24587766384999285,136520.3130410318,1752.9091884041202,138273.22222943592,4388,31,826.0975609756098,37,4,19,29.209837197915583,0.683277027027027,38.733552631578945,1045.0657894736837,28.245021337126587,0
4743,4,0,0,41,0.0,0.0,1.0,41,1400,1000,400,0.7142857142857143,18,10,8,363.379905967575,0.7554878048780488,0.1823205267924295,0.2457066683329689,136606.26947714682,1727.9946714373677,138334.2641485842,4389,32,827.0975609756098,37,4,19,29.15442976015664,0.6841216216216216,38.651315789473685,1045.3947368421054,28.25391180654339,0
4744,4,0,0,41,0.0,0.0,1.0,41,1300,1100,200,0.8461538461538461,15,11,4,361.47588681993693,0.7558434959349594,0.1751569846651848,0.2424434046530336,136319.8532240688,1655.3160587873003,137975.1692828561,4390,33,828.0975609756098,37,4,18,29.488222735545275,0.6813063063063063,38.92543859649122,1044.298245614034,28.224276908487404,1
4745,4,0,0,41,0.0,0.0,1.0,41,650,500,150,0.7692307692307693,8,5,3,356.30215759069836,0.7558434959349594,0.14874454217076405,0.2261085569066412,134329.18453000576,1372.9447786645028,135702.12930867026,4391,34,829.0975609756098,38,3,18,31.604701295132077,0.6598135964912281,40.83867521367521,1036.6452991452986,27.28013945119207,5
4746,4,0,0,41,0.0,0.0,1.0,41,1600,1200,400,0.75,20,12,8,354.34912340123554,0.7548272357723578,0.15123910275247354,0.22623828647925037,134550.78125,1335.772906165534,135886.55415616554,4392,35,830.0975609756098,37,4,18,31.434069611780448,0.6638513513513513,40.625,1037.5,28.04054054054054,0
4747,4,0,0,41,0.0,0.0,1.0,41,1000,700,300,0.7,13,7,6,355.9686771040976,0.7544715447154472,0.14587762359398582,0.22780551242665847,134636.11549948037,1385.2479849568867,136021.36348443726,4393,36,831.0975609756098,37,4,18,31.306898221517873,0.664695945945946,40.542763157894726,1037.8289473684192,28.049431009957278,0
4748,4,0,0,41,0.0,0.0,1.0,41,850,500,350,0.5882352941176471,12,5,7,356.0369801917879,0.7547764227642276,0.143610539305985,0.22820596421636105,134693.0200277968,1391.1392207217414,136084.15924851852,4394,37,832.0975609756098,37,4,18,31.248349529946132,0.6652590090090091,40.48793859649122,1038.0482456140335,28.05535798956847,0
4749,4,0,0,41,0.0,0.0,1.0,41,1350,1000,350,0.7407407407407407,17,10,7,356.0327451567223,0.7536585365853659,0.14542486605062388,0.22927927905299994,134863.80575032695,1403.1861967143668,136266.99194704133,4395,38,833.0975609756098,37,4,16,31.07812994827405,0.6669481981981983,40.3234649122807,1038.7061403508767,28.073138928402074,0
4750,4,0,0,41,0.0,0.0,1.0,41,800,500,300,0.625,11,5,6,360.35784764676157,0.7527439024390243,0.14285162794647843,0.23279559114849072,134977.72301333092,1528.056349068932,136505.77936239986,4396,39,834.0975609756098,37,4,16,30.852216770426622,0.6680743243243243,40.21381578947368,1039.1447368421045,28.084992887624445,0
4751,4,0,0,41,0.0,0.0,1.0,41,800,600,200,0.75,10,6,4,355.8620246505034,0.7536077235772358,0.14223569089398302,0.23061707831246897,135091.68836805553,1414.8003472222179,136506.48871527775,4397,40,835.0975609756098,37,4,16,30.855460921843672,0.6692004504504505,40.104166666666664,1039.5833333333333,28.096846846846844,0
4752,4,0,0,41,0.0,0.0,1.0,41,1100,600,500,0.5454545454545454,16,6,10,356.7337723408384,0.7503048780487804,0.1499098895279034,0.2322809401645527,135262.72657211832,1450.5565414358205,136713.28311355415,4398,41,836.0975609756098,37,4,17,30.662463546607633,0.6708896396396395,39.93969298245614,1040.241228070175,28.11462778568041,0
4753,4,0,0,41,0.0,0.0,1.0,41,950,600,350,0.631578947368421,13,6,7,357.3821565371227,0.7515752032520325,0.1443262930890452,0.23307211569627193,135319.7633526662,1472.1737698137867,136791.93712247998,4399,42,837.0975609756098,37,4,17,30.588817753890467,0.6714527027027027,39.88486842105263,1040.4605263157894,28.120554765291605,0
4754,4,0,0,41,0.0,0.0,1.0,41,1250,900,350,0.72,16,9,7,358.83217007706855,0.7483231707317073,0.1506609340667593,0.23534174492403132,135522.41421031466,1525.960397034094,137048.37460734876,4400,43,838.0975609756098,38,3,17,30.34941685477802,0.6716008771929826,39.69017094017093,1041.2393162393146,27.4010346378767,0
4755,4,0,0,41,0.0,0.0,1.0,41,1400,1100,300,0.7857142857142857,17,11,6,357.12000000000023,0.7454776422764228,0.14712195121951233,0.2349473684210526,135633.68055555545,1487.4999999999905,137121.18055555545,4401,44,839.0975609756098,38,3,17,30.28333333333334,0.6726973684210527,39.58333333333333,1041.6666666666658,27.412280701754366,0
4756,4,0,0,41,0.0,0.0,1.0,41,1500,1300,200,0.8666666666666667,17,13,4,357.9801019412411,0.745020325203252,0.1465964659646597,0.2366161161611616,135800.6656804733,1522.7872287968385,137323.45290927013,4402,45,840.0975609756098,38,3,17,30.094941574415742,0.6743421052631579,39.42307692307692,1042.3076923076917,27.429149797570833,0
4757,4,0,0,41,0.0,0.0,1.0,41,950,500,450,0.5263157894736842,14,5,9,357.08058391059103,0.7448678861788618,0.1547022621132883,0.23694517875943402,135939.89842437344,1508.2996612243278,137448.19808559777,4403,46,841.0975609756098,38,3,12,29.980065225557496,0.6757127192982457,39.28952991452991,1042.8418803418792,27.443207377417874,0
4758,4,0,0,41,0.0,0.0,1.0,41,1350,1100,250,0.8148148148148148,16,11,5,359.33751926021887,0.7443089430894309,0.1599340601700947,0.23919092539713943,136051.33598372768,1577.6699128862433,137629.00589661393,4404,47,842.0975609756098,38,3,14,29.810547875063993,0.6768092105263158,39.1826923076923,1043.2692307692298,27.45445344129552,0
4759,4,0,0,41,0.0,0.0,1.0,41,1000,600,400,0.6,14,6,8,358.20568704783926,0.7446138211382114,0.15715049225036637,0.23862460707429706,136079.20250748756,1548.868845423313,137628.07135291086,4405,48,843.0975609756098,38,3,14,29.812401870434837,0.6770833333333335,39.155982905982896,1043.3760683760668,27.457264957264915,0
4760,4,0,0,41,0.0,0.0,1.0,41,900,400,500,0.4444444444444444,14,4,10,360.61031147298803,0.7430386178861789,0.16432583568414993,0.24098240376820074,136190.69713821323,1622.3539429468979,137813.05108116014,4406,49,844.0975609756098,38,3,15,29.63898839986352,0.6781798245614035,39.0491452991453,1043.8034188034194,27.468511021142614,0
4761,4,0,0,41,0.0,0.0,1.0,41,700,300,400,0.42857142857142855,11,3,8,359.5309109924872,0.7421747967479675,0.15817717121092634,0.24063945631634145,136246.4615749873,1596.9628899116196,137843.4244648989,4407,50,845.0975609756098,38,3,15,29.61181607313413,0.6787280701754386,38.9957264957265,1044.0170940170947,27.47413405308144,0
4762,4,0,0,41,0.0,0.0,1.0,41,950,800,150,0.8421052631578947,11,8,3,360.64787964913114,0.741869918699187,0.15748102232403527,0.2417676526536769,136302.2374260355,1631.422583826433,137933.66000986195,4408,51,846.0975609756098,38,3,15,29.527317372621248,0.6792763157894737,38.94230769230769,1044.2307692307693,27.479757085020243,0
4763,4,0,0,41,0.0,0.0,1.0,41,600,300,300,0.5,9,3,6,360.64787964913114,0.741869918699187,0.15748102232403527,0.2417676526536769,136302.2374260355,1631.422583826433,137933.66000986195,4409,52,847.0975609756098,38,3,15,29.527317372621248,0.6792763157894737,38.94230769230769,1044.2307692307693,27.479757085020243,0
4764,4,0,0,41,0.0,0.0,1.0,41,800,400,400,0.5,12,4,8,366.8589850692396,0.7414126016260163,0.14729372734533386,0.24685257130930194,136434.38365650972,1811.0779562805888,138245.4616127903,4410,53,848.0975609756098,37,4,16,29.234012034704744,0.6824324324324325,38.81578947368421,1044.7368421052633,28.23613086770982,1
4765,4,0,0,41,0.0,0.0,1.0,41,900,600,300,0.6666666666666666,12,6,6,370.1754004867916,0.7402947154471544,0.1402532516585513,0.24992587598083374,136553.37000739638,1909.7396860617928,138463.1096934582,4411,54,849.0975609756098,38,3,16,29.02931104978023,0.6817434210526316,38.70192307692307,1045.1923076923072,27.505060728744926,0
4766,4,0,0,41,0.0,0.0,1.0,41,600,400,200,0.6666666666666666,8,4,4,369.53050987177505,0.7401422764227642,0.1370879285244202,0.2496882947918126,136581.28789539044,1894.1905909854647,138475.4784863759,4412,55,850.0975609756098,38,3,16,29.018465521940595,0.6820175438596491,38.675213675213676,1045.2991452991453,27.50787224471435,0
4767,4,0,0,41,0.0,0.0,1.0,41,1150,800,350,0.6956521739130435,15,8,7,366.27692064327715,0.7398373983739838,0.13887012886681482,0.2480797385699482,136665.05868078387,1811.4513706260543,138476.51005140992,4413,56,851.0975609756098,38,3,16,29.020426756581863,0.6828399122807017,38.59508547008547,1045.6196581196582,27.516306792622583,0
4768,4,0,0,41,0.0,0.0,1.0,41,1150,600,550,0.5217391304347826,17,6,11,365.86492409932754,0.7379573170731707,0.14152221160610212,0.2492387738072545,136868.17729892052,1815.0758883650417,138683.25318728556,4414,57,852.0975609756098,36,5,16,28.82990744726647,0.6886574074074074,38.4009009009009,1046.3963963963963,29.066566566566564,0
4769,4,0,0,41,0.0,0.0,1.0,41,800,500,300,0.625,11,5,6,365.86492409932754,0.7379573170731707,0.14152221160610212,0.2492387738072545,136868.17729892052,1815.0530598165722,138683.23035873708,4415,58,853.0975609756098,36,5,16,28.82990744726647,0.6886574074074074,38.4009009009009,1046.3963963963963,29.066566566566564,0
4770,4,0,0,41,0.0,0.0,1.0,41,650,400,250,0.6153846153846154,9,4,5,346.5525280490166,0.7388211382113821,0.07962221819446502,0.220932783246614,134496.750217014,1122.0377604166717,135618.78797743068,4416,59,854.0975609756098,39,2,13,31.69018209814553,0.6597222222222222,40.677083333333336,1037.2916666666674,26.597222222222243,7
4771,4,0,0,41,0.0,0.0,1.0,41,1350,1100,250,0.8148148148148148,16,11,5,344.85481815119323,0.7365345528455285,0.07836815860437785,0.220679822366317,134633.92710387902,1085.84254037229,135719.7696442513,4417,60,855.0975609756098,38,3,13,31.59743668931438,0.662828947368421,40.544871794871796,1037.820512820513,27.311066126855604,0
4772,4,0,0,41,0.0,0.0,1.0,41,1000,800,200,0.8,12,8,4,345.28340679704297,0.7368902439024391,0.07347946897190472,0.2214599910129944,134717.09863987498,1103.1157544378582,135820.21439431285,4418,61,856.0975609756098,38,3,14,31.503421838015832,0.6636513157894738,40.464743589743584,1038.141025641025,27.319500674763816,0
4773,4,0,0,41,0.0,0.0,1.0,41,1000,700,300,0.7,13,7,6,347.35137516492495,0.7352134146341464,0.07368016884202211,0.2231267690170459,134772.56059838185,1162.6868516692177,135935.24745005107,4419,62,857.0975609756098,38,3,14,31.39447645505367,0.6641995614035088,40.41132478632478,1038.3547008547002,27.325123706702637,0
4774,4,0,0,41,0.0,0.0,1.0,41,1100,800,300,0.7272727272727273,14,8,6,348.2946039795218,0.733130081300813,0.07094796313114315,0.2242463668800603,134855.77493790633,1193.9077452699207,136049.68268317624,4420,63,858.0975609756098,38,3,12,31.287072275937728,0.6650219298245614,40.33119658119658,1038.6752136752136,27.333558254610885,0
4775,4,0,1,40,0.0,0.024390243902439025,0.975609756097561,41,650,400,250,0.6153846153846154,9,4,5,348.1627759725006,0.7329268292682927,0.07095070025060024,0.22433311270912015,134883.5187582182,1192.284064760018,136075.80282297824,4421,64,859.0975609756098,38,3,12,31.262856114367978,0.665296052631579,40.304487179487175,1038.7820512820508,27.336369770580284,0
4776,4,0,0,40,0.0,0.0,1.0,40,750,500,250,0.6666666666666666,10,5,5,348.1387531270481,0.7311431623931623,0.08448084836973724,0.22490190616121591,134977.72301333107,1398.1952379578352,136375.9182512889,4422,65,878.5,37,3,13,31.16965196440504,0.6680743243243243,40.213815789473685,1039.1447368421057,28.084992887624477,0
4777,4,0,0,40,0.0,0.0,1.0,40,1250,1000,250,0.8,15,10,5,348.79377994465864,0.7315705128205128,0.0841182364729458,0.2260364885615388,135091.68836805565,1423.828125000011,136515.51649305565,4423,66,879.5,37,3,14,31.03916165664663,0.6692004504504505,40.10416666666667,1039.5833333333342,28.09684684684687,0
4778,4,0,0,40,0.0,0.0,1.0,40,900,700,200,0.7777777777777778,11,7,4,351.7985513829956,0.7314636752136752,0.08513919645681778,0.2283439878689219,135148.6890798131,1509.0226079178356,136657.71168773095,4424,67,880.5,37,3,14,30.90431561742065,0.6697635135135134,40.049342105263165,1039.8026315789482,28.10277382645806,0
4779,4,0,0,40,0.0,0.0,1.0,40,900,600,300,0.6666666666666666,12,6,6,353.12642696323,0.7307158119658119,0.08805356389709007,0.22938705707666282,135177.1939442907,1546.927900892599,136724.12184518328,4425,68,881.5,37,3,14,30.841417123576555,0.670045045045045,40.02192982456141,1039.9122807017554,28.10573731626366,0
4780,4,0,0,40,0.0,0.0,1.0,40,650,500,150,0.7692307692307693,8,5,3,352.2240727694004,0.7298611111111111,0.08426628716002504,0.22916306956725194,135234.21269044327,1526.5490343182578,136760.7617247615,4426,69,882.5,37,3,14,30.80812073933516,0.6706081081081081,39.9671052631579,1040.131578947369,28.11166429587484,0
4781,4,0,0,40,0.0,0.0,1.0,40,900,600,300,0.6666666666666666,12,6,6,358.288719722102,0.7294337606837606,0.0849241466498103,0.23422014652907647,135405.3410664819,1702.8412588488652,137108.18232533077,4427,70,883.5,37,3,15,30.48005337828346,0.6722972972972973,39.80263157894736,1040.7894736842097,28.12944523470837,0
4782,4,0,0,40,0.0,0.0,1.0,40,900,700,200,0.7777777777777778,11,7,4,358.8278492450474,0.7288995726495726,0.08603356255773353,0.2347924603891537,135438.99441385426,1719.8566138870692,137158.85102774133,4428,71,884.5,38,2,15,30.432532758561702,0.6707785087719298,39.77029914529915,1040.918803418804,27.392600089968525,0
4783,4,0,0,40,0.0,0.0,1.0,40,750,600,150,0.8,9,6,3,356.9171913554488,0.7287393162393162,0.08499486916367371,0.23390437321848362,135494.6047579262,1672.0707548031392,137166.67551272933,4429,72,885.5,38,2,15,30.4269283393193,0.6713267543859649,39.71688034188035,1041.1324786324797,27.39822312190736,0
4784,4,0,0,40,0.0,0.0,1.0,40,1000,800,200,0.8,12,8,4,354.56,0.727323717948718,0.07840000000000003,0.23326315789473698,135633.6805555556,1618.1982339834958,137251.8787895391,4430,73,886.5,36,4,17,30.350000000000005,0.6765046296296295,39.583333333333336,1041.666666666667,28.935185185185194,0
4785,4,0,0,40,0.0,0.0,1.0,40,700,500,200,0.7142857142857143,9,5,4,352.94237239105126,0.7275106837606837,0.08185572976954636,0.23275581990507682,135719.35745854478,1580.2224001615698,137299.57985870636,4431,74,887.5,37,3,17,30.306986390262722,0.6753941441441442,39.50109649122806,1041.9956140350864,28.162043622569904,0
4786,4,0,0,40,0.0,0.0,1.0,40,1050,700,350,0.6666666666666666,14,7,7,352.5274147781536,0.7273771367521368,0.07551546391752573,0.2330407235661423,135805.06141312703,1575.001442751604,137380.06285587864,4432,75,888.5,37,3,18,30.232660074339012,0.6762387387387387,39.4188596491228,1042.3245614035081,28.170934091986705,0
4787,4,0,0,40,0.0,0.0,1.0,40,1000,900,100,0.9,11,9,2,352.052407526106,0.7264155982905983,0.07486851793415394,0.23291316898752182,135833.63540945284,1564.1116737842312,137397.74708323707,4433,76,889.5,37,3,18,30.216660530836926,0.6765202702702702,39.39144736842105,1042.4342105263152,28.1738975817923,0
4788,4,0,0,40,0.0,0.0,1.0,40,1100,800,300,0.7272727272727273,14,8,6,351.8541001170941,0.7262286324786325,0.07932176656151424,0.23334257267179667,135919.37543282547,1564.7579062788514,137484.13333910433,4434,77,890.5,37,3,15,30.136698212407996,0.6773648648648649,39.30921052631579,1042.7631578947367,28.182788051209098,0
4789,4,0,0,40,0.0,0.0,1.0,40,800,700,100,0.875,9,7,2,354.5535651984316,0.7248397435897436,0.08651986546142543,0.23588969365719412,136033.7375442443,1646.2493267159025,137679.98687096022,4435,78,891.5,37,3,15,29.95278887253871,0.678490990990991,39.19956140350877,1043.2017543859643,28.194642010431465,0
4790,4,0,0,40,0.0,0.0,1.0,40,750,600,150,0.8,9,6,3,354.87907341906833,0.7234508547008547,0.08413006934229927,0.23686809402543402,136148.14774738363,1663.225704062772,137811.3734514464,4436,79,892.5,37,3,16,29.83075926315053,0.6796171171171171,39.089912280701746,1043.6403508771916,28.206495969653826,0
4791,4,0,0,40,0.0,0.0,1.0,40,700,600,100,0.8571428571428571,8,6,2,353.2804136909409,0.7224893162393162,0.08242579324462662,0.23608410682356298,136190.6971382131,1622.7011651691041,137813.3983033822,4437,80,893.5,38,2,16,29.830262708973045,0.6781798245614036,39.049145299145295,1043.803418803418,27.46851102114258,0
4792,4,0,0,40,0.0,0.0,1.0,40,500,400,100,0.8,6,4,2,357.75677988381216,0.7224893162393162,0.07146017699115026,0.22963542846174936,134744.82819234423,1642.205306267805,136387.03349861203,4438,81,894.5,38,2,19,31.15202888111407,0.6639254385964912,40.43803418803419,1038.2478632478633,27.322312190733243,3
4793,4,0,0,40,0.0,0.0,1.0,40,450,0,450,0.0,9,0,9,357.75677988381216,0.7224893162393162,0.07146017699115026,0.22963542846174936,134744.82819234423,1641.1751680181155,136386.00336036235,4439,82,895.5,38,2,19,31.15202888111407,0.6639254385964912,40.43803418803419,1038.2478632478633,27.322312190733243,0
4794,4,0,1,39,0.0,0.025,0.975,40,800,600,200,0.75,10,6,4,356.01890549457596,0.7207799145299145,0.07350853733799623,0.2292195893522031,134855.7749379063,1602.241078603253,136458.01601650956,4440,83,896.5,38,2,16,31.08649626277171,0.6650219298245614,40.33119658119658,1038.6752136752134,27.333558254610878,0
4795,4,0,0,39,0.0,0.0,1.0,39,850,600,250,0.7058823529411765,11,6,5,361.2203727317644,0.7198605488079173,0.0654738215713826,0.23225513578700205,134806.86515322013,1938.9972154893708,136745.8623687095,4441,84,873.3333333333334,37,2,17,31.00022436912679,0.6663851351351351,40.378289473684205,1038.4868421052624,28.067211948790877,0
4796,4,0,1,38,0.0,0.02564102564102564,0.9743589743589743,39,1050,800,250,0.7619047619047619,13,8,5,359.07162717100215,0.7214349977507872,0.05709910363281656,0.23196467693930395,134977.72301333104,1893.3341268467234,136871.05714017776,4442,85,874.3333333333334,37,2,18,30.885631001371728,0.6680743243243243,40.213815789473685,1039.1447368421054,28.08499288762447,0
4797,4,0,0,38,0.0,0.0,1.0,38,1000,700,300,0.7,13,7,6,357.8927351927212,0.7226469890943575,0.07281176940183598,0.23165146885195095,135047.79061155766,2066.5246327408668,137114.31524429852,4443,86,889.921052631579,36,2,19,30.84642470205851,0.6707175925925926,40.146396396396405,1039.4144144144157,28.872622622622657,0
4798,4,0,0,38,0.0,0.0,1.0,38,950,700,250,0.7368421052631579,12,7,5,354.0413804413994,0.7216986723565672,0.07032933210218473,0.22990282046384575,135164.86714755322,1970.7912304196361,137135.65837797284,4444,87,890.921052631579,36,2,19,30.829903978052126,0.6718749999999998,40.0337837837838,1039.8648648648668,28.88513513513519,0
4799,4,0,0,38,0.0,0.0,1.0,38,1100,700,400,0.6363636363636364,15,7,8,353.0276109021111,0.7221728307254623,0.07583597365001915,0.22961711368252838,135223.42443795173,1947.5204934664712,137170.9449314182,4445,88,891.921052631579,36,2,19,30.797964486790825,0.6724537037037035,39.97747747747749,1040.0900900900922,28.89139139139145,0
4800,4,0,0,38,0.0,0.0,1.0,38,900,500,400,0.5555555555555556,13,5,8,349.6130132493765,0.7207207207207207,0.07714741398951896,0.22813730525594944,135340.57706355027,1863.3653924194734,137203.94245596975,4446,89,892.921052631579,36,2,20,30.770202020202014,0.6736111111111109,39.86486486486488,1040.5405405405425,28.903903903903956,0
4801,4,0,0,38,0.0,0.0,1.0,38,950,700,250,0.7368421052631579,12,7,5,348.5962040753599,0.7190315315315315,0.07783863492732235,0.22824636975803234,135462.40790435526,1844.336238073262,137306.74414242854,4447,90,893.921052631579,37,1,20,30.67551435994664,0.6728603603603602,39.74780701754386,1041.0087719298253,28.135372214319602,0
4802,4,0,0,38,0.0,0.0,1.0,38,750,600,150,0.8,9,6,3,348.09671334947905,0.718764817449028,0.07576076655786013,0.22846402810504537,135548.03070415911,1836.7647978224218,137384.79550198154,4448,91,894.921052631579,37,1,21,30.603414236074556,0.673704954954955,39.6655701754386,1041.3377192982466,28.144262683736393,0
4803,4,0,0,38,0.0,0.0,1.0,38,650,500,150,0.7692307692307693,8,5,3,349.85459154997073,0.7182906590801328,0.07942941362248646,0.22998399758707083,135605.12759935754,1888.4153056709804,137493.54290502853,4449,92,895.921052631579,37,1,21,30.500907990314765,0.6742680180180181,39.61074561403509,1041.55701754386,28.150189663347568,0
4804,4,0,0,38,0.0,0.0,1.0,38,800,600,200,0.75,10,6,4,355.1561678142488,0.7182906590801328,0.06178586542530673,0.22499571703621168,134266.5291243459,1937.1171899045794,136203.64631425048,4450,93,896.921052631579,37,1,18,31.69699534490056,0.661036036036036,40.89912280701754,1036.4035087719294,28.01090564248458,3
4805,4,0,0,38,0.0,0.0,1.0,38,1500,1300,200,0.8666666666666667,17,13,4,358.61974312945716,0.7192389758179232,0.05964467005076135,0.22789706256936482,134380.1939058172,2038.2781240381678,136418.47202985536,4451,94,897.921052631579,37,1,19,31.493672447828533,0.6621621621621622,40.78947368421053,1036.8421052631581,28.022759601706976,0
4806,4,0,0,38,0.0,0.0,1.0,38,950,600,350,0.631578947368421,13,6,7,358.22002870921455,0.7182906590801328,0.0561192136968931,0.22870971063742151,134550.78124999997,2039.8651508156354,136590.6464008156,4452,95,898.921052631579,36,2,20,31.333668005354767,0.6657986111111112,40.625,1037.4999999999998,28.81944444444444,0
4807,4,0,0,38,0.0,0.0,1.0,38,1100,800,300,0.7272727272727273,14,8,6,356.1125861273873,0.7167792792792793,0.05006167763157876,0.22791205512152768,134638.42220598966,1989.2873447771944,136627.70955076686,4453,96,899.921052631579,36,2,20,31.30086263020833,0.6666666666666667,40.54054054054053,1037.8378378378368,28.8288288288288,0
4808,4,0,0,38,0.0,0.0,1.0,38,350,0,350,0.0,7,0,7,357.6718242690339,0.7162458511142722,0.04856059654451772,0.2292780859604974,134696.86536198354,2035.454711468215,136732.32007345176,4454,97,900.921052631579,36,2,20,31.202086497432536,0.6672453703703705,40.48423423423423,1038.0630630630626,28.835085085085073,0
4809,4,0,0,38,0.0,0.0,1.0,38,550,200,350,0.36363636363636365,9,2,7,358.75966574452247,0.7158605974395448,0.045486723642820026,0.23016042856637103,134726.0916955807,2066.8575247544836,136792.94922033517,4455,98,901.921052631579,36,2,20,31.14469212134361,0.6675347222222223,40.45608108108108,1038.1756756756756,28.838213213213212,0
4810,4,0,0,38,0.0,0.0,1.0,38,950,700,250,0.7368421052631579,12,7,5,357.58348586727914,0.7155346135609294,0.044314419454275944,0.22959051112091308,134755.32119957788,2037.255498741979,136792.57669831987,4456,99,902.921052631579,36,2,20,31.146059291395524,0.6678240740740742,40.427927927927925,1038.2882882882877,28.841341341341327,0
4811,4,1,1,38,0.02564102564102564,0.02564102564102564,0.9743589743589743,39,1050,600,450,0.5714285714285714,15,6,9,352.1801058260157,0.7232905982905983,0.04093258782572007,0.22787134628838243,135034.69967922816,1711.3069646429578,136746.0066438711,4457,0,880.7435897435897,37,2,16,31.007907831346472,0.6686373873873874,40.15899122807017,1039.3640350877188,28.09091986723564,0
4812,4,0,0,38,0.0,0.0,1.0,38,550,400,150,0.7272727272727273,7,4,3,360.51781280253084,0.7142899478425794,0.04131670242388252,0.2322218090286694,134872.27091956825,2124.771223926633,136997.04214349488,4458,101,904.921052631579,36,2,16,30.953219861231567,0.6689814814814815,40.31531531531532,1038.7387387387391,28.853853853853863,0
4813,4,0,0,38,0.0,0.0,1.0,38,1050,800,250,0.7619047619047619,13,8,5,359.7673182896928,0.7135194404931247,0.040642894622772374,0.23248829223930587,134989.27136596065,2112.945631442267,137102.21699740292,4459,102,905.921052631579,36,2,16,30.856045007946832,0.6701388888888888,40.20270270270271,1039.18918918919,28.866366366366393,0
4814,4,0,0,38,0.0,0.0,1.0,38,1100,800,300,0.7272727272727273,14,8,6,360.15584823249094,0.7131638217164533,0.040507101357553976,0.2333051673708158,135077.0549899563,2129.7582633309107,137206.8132532872,4460,103,906.921052631579,36,2,16,30.758449788755282,0.6710069444444444,40.11824324324325,1039.5270270270278,28.875750750750772,0
4815,4,0,0,38,0.0,0.0,1.0,38,1150,900,250,0.782608695652174,14,9,5,355.75447048501695,0.7147048364153628,0.031098460889732005,0.23146000734025188,135234.21269044327,2022.035145429369,137256.24783587264,4461,104,907.921052631579,37,1,16,30.71631878557875,0.6706081081081081,39.9671052631579,1040.131578947369,28.11166429587484,0
4816,4,0,0,38,0.0,0.0,1.0,38,950,700,250,0.7368421052631579,12,7,5,350.6382959823493,0.7146455666192508,0.025816649104320133,0.22885539400773716,135348.28625153904,1891.6584910741906,137239.94474261324,4462,105,908.921052631579,37,1,16,30.735862311204762,0.6717342342342342,39.857456140350884,1040.5701754385975,28.12351825509723,0
4817,4,0,0,38,0.0,0.0,1.0,38,1100,800,300,0.7272727272727273,14,8,6,351.8779271439174,0.7142899478425794,0.0257058575642648,0.23002928956267663,135405.34106648198,1929.2301477377698,137334.57121421976,4463,106,909.921052631579,37,1,17,30.646860514117154,0.6722972972972973,39.80263157894737,1040.7894736842106,28.129445234708395,0
4818,4,0,0,38,0.0,0.0,1.0,38,1050,700,350,0.6666666666666666,14,7,7,361.3711094094862,0.7144381223328592,0.03641822677499129,0.22623653488240947,133831.25964506177,2085.270414401023,135916.5300594628,4464,107,910.921052631579,35,3,18,31.97147651006712,0.6607142857142856,41.31944444444445,1034.7222222222226,29.563492063492074,3
4819,4,0,0,38,0.0,0.0,1.0,38,950,700,250,0.7368421052631579,12,7,5,361.348137893565,0.7148233760075865,0.03692685252211336,0.22677448401278272,133921.0943528164,2078.4276138117357,135999.52196662815,4465,108,911.921052631579,35,3,19,31.882128480375705,0.6616071428571428,41.23263888888889,1035.069444444445,29.573412698412714,0
4820,4,0,0,38,0.0,0.0,1.0,38,850,600,250,0.7058823529411765,11,6,5,361.348137893565,0.7148233760075865,0.03692685252211336,0.22677448401278272,133921.0943528164,2078.4276138117357,135999.52196662815,4466,109,912.921052631579,35,3,19,31.882128480375705,0.6616071428571428,41.23263888888889,1035.069444444445,29.573412698412714,0
4821,4,0,0,38,0.0,0.0,1.0,38,1050,800,250,0.7619047619047619,13,8,5,356.70765032853046,0.7142010431484116,0.04145928200783655,0.22440974963706292,134010.95920138893,1960.546875000004,135971.50607638893,4467,110,913.921052631579,35,3,19,31.912307176391682,0.6624999999999999,41.145833333333336,1035.416666666667,29.583333333333343,0
4822,4,0,0,38,0.0,0.0,1.0,38,1200,1000,200,0.8333333333333334,14,10,4,356.8450069445936,0.715178994784258,0.04302450729572849,0.2250462274240428,134100.85419077933,1970.644048996915,136071.49823977624,4468,111,914.921052631579,35,3,19,31.818848474689897,0.6633928571428571,41.05902777777778,1035.763888888889,29.59325396825397,0
4823,4,0,0,38,0.0,0.0,1.0,38,750,700,50,0.9333333333333333,8,7,1,346.0145224475076,0.7155938833570412,0.05422970381419123,0.20845265132813298,132398.00347222248,1638.3415316358348,134036.34500385833,4469,112,915.921052631579,35,3,15,33.805668016194346,0.6464285714285712,42.70833333333335,1029.1666666666688,29.404761904761965,8
4824,4,0,0,38,0.0,0.0,1.0,38,550,400,150,0.7272727272727273,7,4,3,351.70604523575366,0.7157124229492651,0.055282090117380056,0.2125527838598689,132517.14677640627,1721.416323731171,134238.56310013743,4470,113,916.921052631579,35,3,15,33.53941846522783,0.6476190476190474,42.59259259259261,1029.6296296296316,29.417989417989475,0
4825,4,0,1,37,0.0,0.02631578947368421,0.9736842105263158,38,1250,1000,250,0.8,15,10,5,350.16346571720146,0.7158605974395448,0.04621446348658376,0.21279899899523835,132725.7764944487,1695.1435774605648,134420.9200719093,4471,114,917.921052631579,35,3,15,33.36948687708265,0.649702380952381,42.3900462962963,1030.4398148148148,29.441137566137566,0
4826,4,0,0,37,0.0,0.0,1.0,37,550,400,150,0.7272727272727273,7,4,3,355.04247225420795,0.7146521521521522,0.0481514562864227,0.21546546668218175,132673.81660997716,2020.9679705215253,134694.7845804987,4472,115,933.7027027027027,34,3,15,33.296019181881206,0.6513480392156863,42.44047619047618,1030.238095238094,30.301120448179237,0
4827,4,0,0,37,0.0,0.0,1.0,37,1150,900,250,0.782608695652174,14,9,5,354.97585254936246,0.714527027027027,0.04815282010291222,0.21577745643730903,132735.14739229015,2023.5544217686902,134758.70181405885,4473,116,934.7027027027027,34,3,15,33.23609827479973,0.6519607843137256,42.38095238095237,1030.4761904761897,30.308123249299697,0
4828,4,0,0,37,0.0,0.0,1.0,37,700,500,200,0.7142857142857143,9,5,4,354.5439997276452,0.7143393393393394,0.04465796357688245,0.21586792894809764,132796.4923469386,2016.4399092970332,134812.93225623565,4474,117,935.7027027027027,34,3,16,33.18558943558942,0.6525735294117647,42.32142857142856,1030.7142857142844,30.31512605042013,0
4829,4,1,2,36,0.02631578947368421,0.05263157894736842,0.9473684210526316,38,750,600,150,0.8,9,6,3,347.94475407288564,0.7294333807491702,0.04659140559498365,0.21331358581882387,133053.95474322687,1659.0851123113712,134713.03985553826,4475,0,912.0526315789474,35,3,16,33.097281429960375,0.6529761904761905,42.07175925925925,1031.7129629629617,29.477513227513192,0
4830,4,0,0,36,0.0,0.0,1.0,36,950,700,250,0.7368421052631579,12,7,5,363.8706539550759,0.7112433862433863,0.05309155766944129,0.22142924745023063,132776.6438989811,2462.704849096492,135239.34874807758,4476,119,958.9722222222222,33,3,16,32.96521997621879,0.6546717171717171,42.3406862745098,1030.6372549019602,31.231431966726067,0
4831,4,0,0,36,0.0,0.0,1.0,36,750,500,250,0.6666666666666666,10,5,5,362.7879224288925,0.712202380952381,0.0500911288085899,0.22132957152967866,132871.38848339568,2440.82699562667,135312.21547902236,4477,120,959.9722222222222,33,3,16,32.897871349895,0.6556186868686871,42.248774509803916,1031.0049019607834,31.242572786690406,0
4832,4,0,0,36,0.0,0.0,1.0,36,800,500,300,0.625,11,5,6,362.1263136414653,0.7114087301587302,0.05594837261503938,0.2212994138920064,132934.57031249988,2427.821180555541,135362.39149305542,4478,121,960.9722222222222,33,3,16,32.851430976430976,0.65625,42.18749999999999,1031.249999999999,31.24999999999997,0
4833,4,0,0,36,0.0,0.0,1.0,36,850,400,450,0.47058823529411764,13,4,9,367.6727761826166,0.7114087301587302,0.04985950402269168,0.21875094980403675,131925.46323829793,2502.1653330450035,134427.62857134294,4479,122,961.9722222222222,33,3,16,33.7248747465108,0.6461489898989898,43.167892156862756,1027.3284313725503,31.131164587046978,3
4834,4,0,0,36,0.0,0.0,1.0,36,950,700,250,0.7368421052631579,12,7,5,367.387436467113,0.7125330687830689,0.04467101253411743,0.2191259631730593,132019.90370290293,2500.4907968089374,134520.39449971187,4480,123,962.9722222222222,33,3,16,33.63691469910168,0.6470959595959596,43.07598039215687,1027.696078431374,31.14230540701133,0
4835,4,0,0,36,0.0,0.0,1.0,36,800,600,200,0.75,10,6,4,367.8202918098348,0.7123677248677249,0.04511943086522807,0.2195664617373015,132051.39136690227,2514.2362612937504,134565.62762819603,4481,124,963.9722222222222,33,3,16,33.59402945033981,0.6474116161616161,43.04534313725491,1027.8186274509815,31.146019013666105,0
4836,4,0,0,36,0.0,0.0,1.0,36,700,400,300,0.5714285714285714,10,4,6,367.5857760785952,0.7106481481481483,0.04534255285328226,0.2196089380161865,132082.88278546729,2510.357795078832,134593.24058054612,4482,125,964.9722222222222,33,3,17,33.5682920044508,0.6477272727272727,43.01470588235295,1027.9411764705894,31.14973262032089,0
4837,4,0,0,36,0.0,0.0,1.0,36,550,400,150,0.7272727272727273,7,4,3,355.26494704537845,0.7106481481481483,0.08158115263017596,0.19226490733420537,128232.43694540868,1911.2979841820675,130143.73492959075,4483,126,965.9722222222222,35,1,18,37.79246657524853,0.6044642857142859,46.78819444444443,1012.84722222222,28.938492063492,8
4838,4,1,1,36,0.02702702702702703,0.02702702702702703,0.972972972972973,37,1050,700,350,0.6666666666666666,14,7,7,345.12654395663515,0.7254129129129129,0.07812410878055664,0.18797182548345956,128486.82032962015,1468.8424488677852,129955.66277848794,4484,0,940.8378378378378,36,1,16,37.789486837720766,0.6050347222222223,46.53716216216216,1013.8513513513512,28.162537537537535,0
4839,4,1,1,36,0.02702702702702703,0.02702702702702703,0.972972972972973,37,1050,700,350,0.6666666666666666,14,7,7,343.2756338159252,0.7225975975975976,0.07649656761557311,0.18763512799841336,128629.57552146733,1431.079812921017,130060.65533438834,4485,0,941.8108108108108,36,1,16,37.690802619893425,0.6064814814814816,46.39639639639639,1014.4144144144137,28.178178178178158,0
4840,4,1,1,36,0.02702702702702703,0.02702702702702703,0.972972972972973,37,1350,1200,150,0.8888888888888888,15,12,3,344.1074078103141,0.7282907907907907,0.06700413959001117,0.18895292891505835,128811.51532202195,1464.9993267158889,130276.51464873784,4486,0,942.7837837837837,37,0,16,37.484247857708645,0.606418918918919,46.21710526315788,1015.1315789473667,27.4359886201991,0
4841,4,0,0,36,0.0,0.0,1.0,36,800,600,200,0.75,10,6,4,352.956673244669,0.7171957671957673,0.07116437342802184,0.19348208876404857,128743.83674214766,1888.1992634526532,130632.03600560031,4487,130,969.9722222222222,36,0,16,37.32870062139369,0.6076388888888888,46.28378378378379,1014.8648648648658,28.190690690690715,0
4842,4,2,0,38,0.05263157894736842,0.0,1.0,38,1200,900,300,0.75,15,9,6,353.2662717965598,0.7435988620199147,0.1167134063325459,0.1984873723398558,129717.10519641261,1566.558873062253,131283.66406947485,4488,0,919.8684210526316,36,2,17,36.329823494730654,0.6174768518518519,45.32657657657658,1018.6936936936935,28.29704704704704,0
4843,4,1,0,39,0.02564102564102564,0.0,1.0,39,700,500,200,0.7142857142857143,9,5,4,350.50457328776855,0.7559041835357625,0.11673237498622657,0.1977625153009226,129881.14458917746,1305.9315469182045,131187.07613609568,4489,0,897.2564102564103,38,1,16,36.233535967578504,0.6154057017543859,45.16559829059829,1019.337606837607,26.824673864147552,1
4844,4,0,0,39,0.0,0.0,1.0,39,750,500,250,0.6666666666666666,10,5,5,351.8122619572679,0.7551169590643275,0.11404187210638828,0.19947170291971453,130071.79578493678,1352.1705383884832,131423.96632332526,4490,1,898.2564102564103,38,1,17,36.006668063119676,0.6173245614035088,44.97863247863248,1020.0854700854699,26.844354475933418,0
4845,4,3,0,42,0.07142857142857142,0.0,1.0,42,1000,700,300,0.7,13,7,6,332.58607550784666,0.7821089818041037,0.12237394957983194,0.1919235243068217,130755.83316808783,297.6537054859939,131053.48687357383,4491,0,835.0238095238095,40,2,17,35.805014573396925,0.6208333333333333,44.3089430894309,1022.7642276422769,25.569105691056922,0
4846,4,0,0,42,0.0,0.0,1.0,42,1450,1100,350,0.7586206896551724,18,11,7,337.87198058295945,0.7816008517228029,0.12344111345998332,0.19563156828578612,130885.78976014617,444.52820328509165,131330.31796343127,4492,1,836.0238095238095,40,2,17,35.5385341146092,0.6221354166666666,44.181910569105696,1023.272357723578,25.58180894308945,0
4847,4,0,0,42,0.0,0.0,1.0,42,1600,1100,500,0.6875,21,11,10,341.94646729547776,0.7805603948896632,0.11985592331036043,0.19866024864674997,131015.81090124938,560.0787395069214,131575.8896407563,4493,2,837.0238095238095,40,2,18,35.30292502150751,0.6234374999999999,44.054878048780495,1023.780487804879,25.594512195121975,0
4848,4,0,0,42,0.0,0.0,1.0,42,1050,700,350,0.6666666666666666,14,7,7,341.5068466210985,0.780536198219125,0.12406139393337967,0.19880788523401605,131093.8545694531,553.8897770837865,131647.7443465369,4494,3,838.0238095238095,40,2,18,35.23535443749793,0.6242187499999998,43.978658536585385,1024.0853658536616,25.60213414634154,0
4849,4,1,0,43,0.023255813953488372,0.0,1.0,43,750,500,250,0.6666666666666666,10,5,5,337.0898676220163,0.789313399778516,0.13266599609777363,0.19757955283037543,131355.5035635364,256.34927824739316,131611.85284178378,4495,0,819.5116279069767,38,5,19,35.08446239360777,0.6302083333333334,43.723290598290596,1025.1068376068374,26.97649572649572,0
4850,4,0,0,43,0.0,0.0,1.0,43,1500,1100,400,0.7333333333333333,19,11,8,340.19338160851976,0.7870062753783683,0.14419691040359317,0.2002321714703585,131515.040418837,348.1092664930764,131863.14968533005,4496,1,820.5116279069767,39,4,19,34.844051487762776,0.6300747863247862,43.56770833333334,1025.7291666666683,26.300747863247906,0
4851,4,2,1,44,0.044444444444444446,0.022222222222222223,0.9777777777777777,45,1500,1000,500,0.6666666666666666,20,10,10,325.8555689833332,0.7953282828282828,0.14908872593164402,0.19498655409603158,132142.87682665663,-388.10153691105484,131754.77528974556,4497,0,785.0,41,4,18,34.58043869805738,0.6331300813008129,42.95634920634921,1028.1746031746036,25.077429345722038,0
4852,4,0,0,44,0.0,0.0,1.0,44,1100,800,300,0.7272727272727273,14,8,6,343.2043767098941,0.7868877730796335,0.13190690066261856,0.20060020521064967,131248.05908203154,215.63478653906512,131463.6938685706,4498,1,803.8409090909091,39,5,23,35.036194131002006,0.627403846153846,43.828125000000014,1024.6875000000023,26.27403846153852,3
4853,4,1,0,45,0.022222222222222223,0.0,1.0,45,1050,700,350,0.6666666666666666,14,7,7,338.08905283346695,0.7918350168350169,0.14231723974107746,0.19904487660522865,131524.8817544821,-106.5022185311841,131418.37953595092,4499,0,786.9555555555555,37,8,24,34.8880946018172,0.6337274774774775,43.55811403508772,1025.7675438596489,27.72344713134186,0
4854,4,0,1,44,0.0,0.022222222222222223,0.9777777777777777,45,1500,1100,400,0.7333333333333333,19,11,8,340.94429927380077,0.7922979797979799,0.15615846566498148,0.20176488810374998,131721.78578985843,-18.04160895660391,131703.74418090182,4500,1,787.9555555555555,37,8,15,34.61644591611477,0.6356981981981982,43.36622807017544,1026.5350877192984,27.74419155998104,0
4855,4,0,0,44,0.0,0.0,1.0,44,900,500,400,0.5555555555555556,13,5,8,348.8859668346847,0.7886715997181114,0.1471736596736597,0.20615988949322275,131665.51246537393,387.2499230532411,132052.76238842716,4501,2,806.6590909090909,37,7,15,34.469373219373225,0.6351351351351351,43.421052631578945,1026.315789473684,27.738264580369837,0
4856,4,0,1,43,0.0,0.022727272727272728,0.9772727272727273,44,1000,700,300,0.7,13,7,6,348.5782129282311,0.7878567653276956,0.1480098561307588,0.20667397930001422,131793.94866544305,388.0998201110357,132182.04848555409,4502,3,807.6590909090909,38,6,15,34.34779592827662,0.6345942982456141,43.29594017094017,1026.8162393162393,27.021479982006298,0
4857,4,0,0,43,0.0,0.0,1.0,43,1500,1200,300,0.8,18,12,6,360.0938709913069,0.7796696197858988,0.15120254422579982,0.21278274194940858,131665.51246537393,882.3888119421304,132547.90127731606,4503,4,827.1860465116279,37,6,15,34.18180199430199,0.6351351351351351,43.421052631578945,1026.315789473684,27.738264580369837,0
4858,4,0,0,43,0.0,0.0,1.0,43,1050,700,350,0.6666666666666666,14,7,7,359.54282642762814,0.7806386120339608,0.1530622886342985,0.21340165477320408,131834.3685076175,880.0202947060409,132714.38880232355,4504,5,828.1860465116279,37,6,16,34.02555342017225,0.6368243243243243,43.25657894736841,1026.9736842105247,27.75604551920337,0
4859,4,0,0,43,0.0,0.0,1.0,43,900,400,500,0.4444444444444444,14,4,10,358.23087147723913,0.7799926172019195,0.15725596287011978,0.2132543370865138,131946.99931709742,853.4977108340881,132800.4970279315,4505,6,829.1860465116279,37,6,17,33.94565990750622,0.6379504504504505,43.1469298245614,1027.4122807017534,27.767899478425768,0
4860,4,0,1,42,0.0,0.023255813953488372,0.9767441860465116,43,750,600,150,0.8,9,6,3,357.57268231070714,0.7790697674418604,0.1579673949571705,0.21323568698987513,132013.44515897782,840.8803373146097,132854.32549629244,4506,7,830.1860465116279,38,5,17,33.89558859202272,0.6367872807017545,43.08226495726495,1027.6709401709386,27.04397210976154,0
4861,4,0,0,42,0.0,0.0,1.0,42,1500,1200,300,0.8,18,12,6,361.9570595721081,0.7704219899341851,0.1601603311596036,0.21553814500959498,131958.55391418267,1152.666032032991,133111.21994621566,4507,8,850.6904761904761,38,4,17,33.83829849918547,0.6362390350877194,43.13568376068375,1027.4572649572629,27.038349077822705,0
4862,4,0,0,42,0.0,0.0,1.0,42,1300,1100,200,0.8461538461538461,15,11,4,363.0165109862092,0.7713414634146342,0.1555154646829109,0.21679589399120516,132068.3478180472,1188.5981673241126,133256.9459853713,4508,9,851.6904761904761,38,4,18,33.700368984513034,0.6373355263157896,43.028846153846146,1027.884615384614,27.049595141700372,0
4863,4,0,0,42,0.0,0.0,1.0,42,1000,700,300,0.7,13,7,6,361.5843495998162,0.7712930700735579,0.15816114475715515,0.21641093162615843,132150.72320841535,1156.7266600920295,133307.4498685074,4509,10,852.6904761904761,38,4,18,33.65414588528678,0.6381578947368423,42.94871794871794,1028.205128205127,27.058029689608606,0
4864,4,1,0,43,0.023255813953488372,0.0,1.0,43,1000,500,500,0.5,15,5,10,365.4239266961102,0.7794389073458841,0.18089709510924656,0.20196659517963475,129069.04432508674,878.5177919286191,129947.56211701536,4510,0,833.8372093023256,39,4,17,36.68044165385272,0.6055021367521367,45.963541666666664,1016.1458333333328,26.055021367521356,8
4865,4,0,0,43,0.0,0.0,1.0,43,1150,900,250,0.782608695652174,14,9,5,361.3973490289038,0.7793466223698782,0.17453179772041105,0.20027692953850493,129174.91455078122,736.6943359374995,129911.60888671872,4511,1,834.8372093023256,39,4,17,36.67480018444513,0.6065705128205128,45.859375,1016.5624999999998,26.06570512820512,0
4866,4,0,0,43,0.0,0.0,1.0,43,1050,700,350,0.6666666666666666,14,7,7,359.7823165815644,0.7791620524178663,0.17632481890964558,0.19951564828613993,129201.38888888867,696.8777126735856,129898.26660156225,4512,2,835.8372093023256,38,5,17,36.68886612021858,0.6085526315789475,45.83333333333332,1016.6666666666649,26.754385964912235,0
4867,4,0,0,43,0.0,0.0,1.0,43,1000,600,400,0.6,14,6,8,361.7503619094695,0.7798541897379107,0.1774232948993546,0.20116024797769566,129310.02995105552,755.5900266637307,130065.61997771925,4513,3,836.8372093023256,38,5,17,36.52814250700279,0.6096491228070176,45.72649572649572,1017.0940170940165,26.76563202878991,0
4868,4,0,0,43,0.0,0.0,1.0,43,900,600,300,0.6666666666666666,12,6,6,362.00372809709427,0.7794389073458841,0.1820848332476237,0.20182947580207847,129413.28124999988,769.6180555555414,130182.89930555543,4514,4,837.8372093023256,39,4,18,36.41653016653015,0.6089743589743591,45.62499999999999,1017.4999999999991,26.089743589743566,0
4869,4,1,1,43,0.022727272727272728,0.022727272727272728,0.9772727272727273,44,800,400,400,0.5,12,4,8,357.7649028453511,0.7906976744186047,0.1830427604724152,0.2007569908351681,129666.74619108967,478.0421706655775,130144.78836175524,4515,0,819.7727272727273,40,4,17,36.266463779684685,0.6098958333333335,45.37601626016259,1018.4959349593473,25.46239837398368,0
4870,4,0,0,43,0.0,0.0,1.0,43,1050,700,350,0.6666666666666666,14,7,7,363.668264040866,0.7811923218899963,0.17108818939595816,0.2038544122284118,129625.34722222202,828.1249999999791,130453.472222222,4516,6,839.8372093023256,39,4,17,36.15827877795963,0.6111111111111112,45.41666666666666,1018.3333333333317,26.111111111111068,0
4871,4,0,0,43,0.0,0.0,1.0,43,550,400,150,0.7272727272727273,7,4,3,362.8262711391086,0.7805463270579549,0.17657103987594414,0.20365759352458088,129678.39084201364,810.14539930553,130488.53624131918,4517,7,840.8372093023256,39,4,17,36.12574146042136,0.6116452991452993,45.36458333333332,1018.5416666666647,26.11645299145294,0
4872,4,0,0,43,0.0,0.0,1.0,43,1000,700,300,0.7,13,7,6,362.9147053046406,0.7811461794019933,0.16763773893488687,0.20439807495655143,129811.04736328124,822.0675998263878,130633.11496310763,4518,8,841.8372093023256,39,4,17,35.98855582813725,0.6129807692307693,45.234375,1019.0624999999999,26.12980769230769,0
4873,4,0,0,43,0.0,0.0,1.0,43,1250,1000,250,0.8,15,10,5,361.11873307916113,0.7810077519379844,0.16422577242185477,0.20407795377475935,129943.77170138898,785.0260416666752,130728.79774305565,4519,9,842.8372093023256,39,4,17,35.89940062661762,0.6143162393162394,45.10416666666667,1019.583333333334,26.143162393162413,0
4874,4,1,0,44,0.022727272727272728,0.0,1.0,44,500,200,300,0.4,8,2,6,356.1272211061687,0.788297216349542,0.16952784843355406,0.20263941538635985,130210.72035701304,474.3163997950963,130685.03675680813,4520,0,824.6590909090909,40,4,19,35.7556258090212,0.6153645833333332,44.84247967479675,1020.6300813008131,25.51575203252033,0
4875,4,1,1,44,0.022222222222222223,0.022222222222222223,0.9777777777777777,45,800,600,200,0.75,10,6,4,346.1651232079455,0.7962121212121213,0.16707105719237392,0.19845316736100208,130501.95448133718,35.065686076343525,130537.02016741352,4521,0,807.3111111111111,39,6,17,35.71475600638868,0.6199252136752136,44.557291666666686,1021.7708333333363,26.199252136752214,0
4876,4,0,0,44,0.0,0.0,1.0,44,950,600,350,0.631578947368421,13,6,7,353.84574162648295,0.7864252995066949,0.172865856484699,0.20257823631820954,130448.7426757817,431.7464192708768,130880.48909505257,4522,2,826.6590909090909,39,5,19,35.57248648924238,0.6193910256410255,44.60937500000002,1021.5625000000036,26.19391025641035,0
4877,4,0,0,44,0.0,0.0,1.0,44,650,400,250,0.6153846153846154,9,4,5,354.83235711301313,0.7863812544045102,0.17043600771170064,0.20328246253296964,130475.34722222255,459.3750000000343,130934.72222222258,4523,3,827.6590909090909,39,5,19,35.52032354540513,0.6196581196581195,44.58333333333335,1021.6666666666692,26.196581196581263,0
4878,4,0,0,44,0.0,0.0,1.0,44,1350,1100,250,0.8148148148148148,16,11,5,355.2487517052968,0.7855664200140945,0.16772421586972208,0.20436173793879173,130635.03146701408,481.58637152779784,131116.6178385419,4524,4,828.6590909090909,39,5,17,35.347887371781816,0.6212606837606837,44.42708333333334,1022.2916666666682,26.212606837606877,0
4879,4,1,1,44,0.022222222222222223,0.022222222222222223,0.9777777777777777,45,1200,900,300,0.75,15,9,6,348.7186463713058,0.790993265993266,0.1725292482709586,0.2018341256270284,130870.93431122445,127.42701247165158,130998.36132369611,4525,0,811.2222222222222,41,4,17,35.27608105487686,0.6204268292682926,44.19642857142857,1023.2142857142853,24.95644599303135,0
4880,4,0,0,44,0.0,0.0,1.0,44,1050,800,250,0.7619047619047619,13,8,5,354.7012921552636,0.786777660324172,0.17546466051333853,0.20496114849798458,130807.80805902602,479.5397085068707,131287.3477675329,4526,6,830.6590909090909,40,4,17,35.18693290946419,0.6213541666666664,44.25813008130083,1022.9674796747993,25.574186991869983,0
4881,4,0,0,44,0.0,0.0,1.0,44,1600,1100,500,0.6875,21,11,10,352.7381856916791,0.7871520436927414,0.17080757951725634,0.2050685066845744,131041.8228753556,444.69097015668433,131486.5138455123,4527,7,831.6590909090909,40,4,18,35.00041356492971,0.6236979166666665,44.02947154471546,1023.8821138211408,25.59705284552852,0
4882,4,1,0,45,0.022222222222222223,0.0,1.0,45,1350,900,450,0.6666666666666666,18,9,9,350.58029112486776,0.7916245791245792,0.17716452145802908,0.2054906044969521,131356.22409058546,211.43032605704508,131567.6544166425,4528,0,814.1555555555556,37,8,19,34.73800673868864,0.6320382882882883,43.72258771929824,1025.109649122806,27.70566619250827,0
4883,4,1,1,45,0.021739130434782608,0.021739130434782608,0.9782608695652174,46,1550,1000,550,0.6451612903225806,21,10,11,344.9130828944606,0.793840579710145,0.17998465006109132,0.20443825965668658,131782.29302300338,-109.31260850694906,131672.98041449644,4529,0,797.4347826086956,39,7,16,34.45362432788882,0.6327457264957266,43.307291666666664,1026.7708333333328,26.32745726495725,0
4884,4,0,0,45,0.0,0.0,1.0,45,850,600,250,0.7058823529411765,11,6,5,352.3040749417119,0.7898148148148149,0.17768988805624963,0.20843211527339683,131711.68456424854,280.512637884416,131992.19720213296,4530,2,816.1555555555556,38,7,18,34.33510269220093,0.6337719298245614,43.37606837606837,1026.4957264957254,27.013045434098036,0
4885,4,0,0,45,0.0,0.0,1.0,45,700,500,200,0.7142857142857143,9,5,4,354.0006128718245,0.7896885521885523,0.1710810498323505,0.2097377243956984,131766.5244448095,329.0860818905445,132095.61052670004,4531,3,817.1555555555556,38,7,18,34.23625563648976,0.6343201754385965,43.32264957264956,1026.7094017094,27.018668466036843,0
4886,4,1,0,46,0.021739130434782608,0.0,1.0,46,1550,1400,150,0.9032258064516129,17,14,3,353.22635968126235,0.7965177133655394,0.18959138098866735,0.21144314108027523,132156.90239800335,136.26030815971268,132293.16270616307,4532,0,800.3695652173913,39,7,20,33.86276719683923,0.6364850427350428,42.94270833333333,1028.2291666666656,26.3648504273504,0
4887,4,0,0,46,0.0,0.0,1.0,46,1500,1000,500,0.6666666666666666,20,10,10,353.66138764188116,0.7964371980676329,0.18617433584666365,0.21185347201460233,132183.6805555554,149.65277777775964,132333.33333333314,4533,1,801.3695652173913,39,7,20,33.824621826039966,0.6367521367521368,42.91666666666666,1028.333333333332,26.36752136752133,0
4888,4,1,1,46,0.02127659574468085,0.02127659574468085,0.9787234042553191,47,1400,1300,100,0.9285714285714286,15,13,2,320.07997119803673,0.806159420289855,0.16715721262962102,0.1916867186429775,132173.71627306036,-938.7681404362819,131234.94813262406,4534,0,785.2978723404256,42,5,15,34.6979441512753,0.6319444444444444,42.92635658914728,1028.2945736434096,24.483204134366897,2
4889,4,0,1,45,0.0,0.021739130434782608,0.9782608695652174,46,1000,800,200,0.8,12,8,4,324.7443958065684,0.7966988727858293,0.16161858284880726,0.19435210287103757,132148.8072099783,-617.0830892073858,131531.7241207709,4535,3,803.3695652173913,42,4,16,34.603045581629125,0.6316964285714286,42.950581395348834,1028.197674418604,24.480897009966764,0
4890,4,0,0,45,0.0,0.0,1.0,45,1100,600,500,0.5454545454545454,16,6,10,328.46948572530505,0.7910774410774412,0.16376032928017126,0.1963229731864654,132098.9961259089,-321.90213553872906,131777.09399037017,4536,4,821.8888888888889,42,3,16,34.55733339617307,0.6312003968253967,42.99903100775194,1028.0038759689921,24.47628276116648,0
4891,4,0,0,45,0.0,0.0,1.0,45,1500,1100,400,0.7333333333333333,19,11,8,326.6276635798493,0.7904882154882156,0.15648915682826803,0.1961243934707963,132273.37599903843,-359.171248723042,131914.20475031537,4537,5,822.8888888888889,42,3,16,34.42955601607637,0.6329365079365079,42.82945736434108,1028.6821705426348,24.492432631967496,0
4892,4,0,0,45,0.0,0.0,1.0,45,950,800,150,0.8421052631578947,11,8,3,326.6030471868595,0.7902777777777779,0.16159124610114017,0.19637753778003478,132324.919337193,-356.45562514347677,131968.4637120495,4538,6,823.8888888888889,43,2,17,34.37845144960882,0.6320251937984496,42.77935606060606,1028.882575757576,23.92750176180409,0
4893,4,0,0,45,0.0,0.0,1.0,45,1150,700,450,0.6086956521739131,16,7,9,324.4631212813102,0.7893518518518519,0.16528494496722734,0.19588692899347532,132478.4193250869,-403.0470050289783,132075.3723200579,4539,7,824.8888888888889,39,6,18,34.2795077405646,0.639690170940171,42.630208333333336,1029.4791666666674,26.396901709401728,0
4894,4,1,1,45,0.021739130434782608,0.021739130434782608,0.9782608695652174,46,950,600,350,0.631578947368421,13,6,7,318.2956231724462,0.7950684380032207,0.1698833091835077,0.19376675931662365,132790.50684942823,-746.6725741952517,132043.83427523298,4540,0,807.9347826086956,40,6,17,34.125624465917326,0.6411458333333333,42.327235772357724,1030.691056910569,25.767276422764223,0
4895,4,0,0,45,0.0,0.0,1.0,45,1100,700,400,0.6363636363636364,15,7,8,316.7431894704621,0.7949915824915825,0.1663748597081931,0.19356528245417137,132934.57031250003,-578.7760416666656,132355.79427083337,4541,1,819.5777777777778,41,4,17,34.02146464646464,0.6410060975609756,42.1875,1031.2500000000002,25.15243902439025,0
4896,4,0,0,45,0.0,0.0,1.0,45,1350,800,550,0.5925925925925926,19,8,11,317.6084619229118,0.7944023569023569,0.1642110662306855,0.1944930970008502,133011.31129535142,-550.8964002267646,132460.41489512465,4542,2,820.5777777777778,41,4,18,33.92238892094633,0.6417682926829269,42.113095238095234,1031.5476190476186,25.159698025551673,0
4897,4,1,1,45,0.021739130434782608,0.021739130434782608,0.9782608695652174,46,1100,600,500,0.5454545454545454,16,6,10,313.00478872152314,0.7982085346215781,0.1626548788100084,0.19314950975131864,133297.05363447213,-855.4767779880974,132441.57685648403,4543,0,803.7173913043479,42,4,18,33.75559100434769,0.6431051587301586,41.83624031007752,1032.6550387596903,24.587024732373578,0
4898,4,0,0,45,0.0,0.0,1.0,45,900,700,200,0.7777777777777778,11,7,4,319.9970627362136,0.7922979797979799,0.160961076405574,0.19689943452219394,133190.45970529408,-475.88882196398566,132714.5708833301,4544,4,822.5777777777778,41,4,18,33.68162341822842,0.6435467479674797,41.93948412698412,1032.2420634920627,25.176635694928358,0
4899,4,0,0,45,0.0,0.0,1.0,45,1100,1000,100,0.9090909090909091,12,10,2,319.5169773400048,0.7932239057239058,0.15244231751691628,0.1971680618131113,133297.05363447213,-481.8656668769865,132815.18796759515,4545,5,823.5777777777778,42,3,19,33.587469894591976,0.6431051587301586,41.83624031007752,1032.6550387596903,24.587024732373578,0
4900,4,0,0,45,0.0,0.0,1.0,45,1450,1200,250,0.8275862068965517,17,12,5,319.35463440000035,0.7931818181818182,0.148229637778593,0.19747847800653093,133374.3866219009,-481.2543044077059,132893.13231749317,4546,6,824.5777777777778,43,2,19,33.51439310597726,0.6424418604651163,41.76136363636364,1032.954545454546,24.022198731501067,0
4901,4,0,0,45,0.0,0.0,1.0,45,1300,800,500,0.6153846153846154,18,8,10,317.30195398110544,0.7918350168350169,0.14994560696230885,0.196999508735111,133523.48375692888,-526.475800183845,132997.00795674504,4547,7,825.5777777777778,41,4,20,33.418522429129084,0.6468495934959348,41.6170634920635,1033.5317460317474,25.208091366627986,0
4902,4,0,0,45,0.0,0.0,1.0,45,1650,1100,550,0.6666666666666666,22,11,11,319.3291459643126,0.7910774410774412,0.1516279664811615,0.19880814571326588,133626.03635204103,-465.86238662129466,133160.17396541973,4548,8,826.5777777777778,41,4,22,33.26376895029744,0.6478658536585364,41.51785714285715,1033.9285714285732,25.217770034843248,0
4903,4,0,0,45,0.0,0.0,1.0,45,1000,800,200,0.8,12,8,4,321.10576042417006,0.7907407407407407,0.15228958812995663,0.20019177312569084,133677.3274124466,-415.08802595110586,133262.2393864955,4549,9,827.5777777777778,41,4,22,33.16665067792275,0.6483739837398372,41.468253968253975,1034.1269841269852,25.22260936895086,0
4904,4,0,0,45,0.0,0.0,1.0,45,1100,800,300,0.7272727272727273,14,8,6,320.3422846253976,0.7896464646464647,0.15253803861398807,0.20027154340969125,133779.93905895707,-428.9257369614338,133351.01332199565,4550,10,828.5777777777778,41,4,16,33.08400460299194,0.6493902439024389,41.36904761904763,1034.5238095238108,25.232288037166118,0
4905,4,0,0,45,0.0,0.0,1.0,45,1300,1000,300,0.7692307692307693,16,10,6,322.0477598706934,0.7890993265993267,0.15651618262564226,0.20203994460198152,133908.25897778125,-375.0290336041502,133533.22994417712,4551,11,829.5777777777778,41,4,16,32.91189414997285,0.6506605691056908,41.2450396825397,1035.019841269844,25.24438637243522,0
4906,4,0,0,45,0.0,0.0,1.0,45,1300,800,500,0.6153846153846154,18,8,10,322.0059521293933,0.7872474747474748,0.15693027608797339,0.2025093348147484,133998.41811076595,-370.34235848203286,133628.0757522839,4552,12,830.5777777777778,42,3,16,32.823077523007335,0.650049603174603,41.15794573643412,1035.3682170542663,24.65162421557777,0
4907,4,0,0,45,0.0,0.0,1.0,45,1200,900,300,0.75,15,9,6,321.8301284182395,0.7855218855218855,0.15159487147517803,0.20364801143814554,134224.24752869448,-360.51863619972113,133863.72889249475,4553,13,831.5777777777778,42,3,19,32.60258867901004,0.6522817460317458,40.93992248062017,1036.2403100775216,24.672388335179086,0
4908,4,0,0,45,0.0,0.0,1.0,45,1150,900,250,0.782608695652174,14,9,5,324.2923769655881,0.7857744107744108,0.1509266184658855,0.20548763412464066,134274.45766480404,-291.1633916230779,133983.29427318097,4554,14,832.5777777777778,42,3,19,32.48878085265519,0.6527777777777777,40.891472868217065,1036.4341085271337,24.677002583979373,0
4909,4,0,0,45,0.0,0.0,1.0,45,800,300,500,0.375,13,3,10,323.74919128562544,0.7840909090909092,0.15364534169686261,0.20545405200021727,134329.8138074641,-302.16628285695344,134027.64752460713,4555,15,833.5777777777778,43,2,19,32.44772159800251,0.6518895348837208,40.838068181818194,1036.6477272727293,24.108086680761147,0
4910,4,0,1,44,0.0,0.022222222222222223,0.9777777777777777,45,1200,700,500,0.5833333333333334,17,7,10,323.7635400587243,0.7825757575757576,0.15888320753185559,0.20615455178623004,134452.55107897185,-293.8332185491016,134158.71786042277,4556,16,834.5777777777778,43,2,20,32.325146092038,0.6531007751937983,40.71969696969698,1037.1212121212147,24.119097956307318,0
4911,4,0,0,44,0.0,0.0,1.0,44,1300,800,500,0.6153846153846154,18,8,10,326.6403920399955,0.7803690979563073,0.15765107626441965,0.20783028986991908,134425.14440989154,-18.2636259839839,134406.88078390755,4557,17,843.9090909090909,42,2,20,32.27784526256776,0.6542658730158729,40.74612403100777,1037.0155038759713,24.690845330380267,0
4912,4,0,0,44,0.0,0.0,1.0,44,650,300,350,0.46153846153846156,10,3,7,327.0812384841819,0.7781668428470755,0.15818232766672824,0.20868484739044438,134525.64918724858,0.16318881078615277,134525.81237605936,4558,18,844.9090909090909,42,2,20,32.1663475309795,0.6552579365079364,40.64922480620156,1037.4031007751955,24.700073827980844,0
4913,4,0,0,44,0.0,0.0,1.0,44,550,200,350,0.36363636363636365,9,2,7,325.39661975333024,0.7781668428470755,0.15916471391405418,0.1924644832562619,131702.0887586808,-149.16537678960503,131552.9233818912,4559,19,845.9090909090909,39,5,14,35.03526486705905,0.6319444444444444,43.38541666666668,1026.4583333333353,26.319444444444496,8
4914,4,0,0,44,0.0,0.0,1.0,44,1750,1200,550,0.6857142857142857,23,12,11,324.1638992425815,0.7784751585623679,0.15211847602534379,0.19213972067553392,131782.29302300356,-256.1876085069349,131526.10541449662,4560,20,846.9090909090909,39,5,16,34.98624074261946,0.6327457264957265,43.30729166666667,1026.7708333333342,26.327457264957285,0
4915,4,1,0,45,0.022222222222222223,0.0,1.0,45,1000,800,200,0.8,12,8,4,326.81615085378616,0.7853535353535354,0.17717610891523972,0.19593480134125102,132215.03404058437,-357.9982979707768,131857.0357426136,4561,0,829.0666666666667,40,5,17,34.48328392621872,0.6354166666666666,42.88617886178862,1028.455284552846,25.711382113821152,0
4916,4,0,0,45,0.0,0.0,1.0,45,750,300,450,0.4,12,3,9,315.77994560767536,0.7857744107744108,0.12909623619562738,0.1875656785356437,131862.52170138917,-645.6914545326603,131216.8302468565,4562,1,830.0666666666667,43,2,19,35.12085868830291,0.6274224806201549,43.22916666666668,1027.0833333333355,23.885658914728733,6
4917,4,0,0,45,0.0,0.0,1.0,45,900,600,300,0.6666666666666666,12,6,6,315.96344021482037,0.7848063973063973,0.12809373111705114,0.18803551085521616,131935.47804931444,-662.6424938303219,131272.8355554841,4563,2,831.0666666666667,43,2,19,35.04288029618706,0.6281492248062015,43.15814393939395,1027.3674242424263,23.892265680056425,0
4918,4,0,0,45,0.0,0.0,1.0,45,1650,1100,550,0.6666666666666666,22,11,11,301.87649814722363,0.7832070707070707,-0.003434250294554131,0.17919269963911558,131838.20740250518,-1014.5614525941144,130823.64594991106,4564,3,832.0666666666667,43,2,15,35.50224757952976,0.6271802325581395,43.252840909090914,1026.9886363636367,23.88345665961946,5
4919,4,0,0,45,0.0,0.0,1.0,45,750,500,250,0.6666666666666666,10,5,5,300.309814070414,0.782912457912458,-0.006130268199233457,0.17837679317676397,131862.5217013888,-1080.0781250000055,130782.44357638879,4565,4,833.0666666666667,43,2,15,35.51808654496281,0.627422480620155,43.229166666666664,1027.0833333333326,23.885658914728666,0
4920,4,1,0,46,0.021739130434782608,0.0,1.0,46,1000,700,300,0.7,13,7,6,298.93726556359746,0.7889895330112722,0.012205626137854253,0.17895947892634748,132159.87761488327,-1298.497513717432,130861.38010116584,4566,0,815.9347826086956,44,2,16,35.255327930361695,0.6290246212121213,42.93981481481481,1028.2407407407395,23.369107744107716,0
4921,4,1,1,46,0.02127659574468085,0.02127659574468085,0.9787234042553191,47,1150,800,350,0.6956521739130435,15,8,7,293.1223789170238,0.7907030527289546,0.011391309920533832,0.17693932690991235,132472.80812451168,-1633.2080640297227,130839.60006048196,4567,0,799.5531914893617,42,5,17,35.091734123996005,0.6349206349206349,42.63565891472868,1029.4573643410845,24.510889627168677,0
4922,4,0,1,45,0.0,0.021739130434782608,0.9782608695652174,46,700,300,400,0.42857142857142855,11,3,8,298.85477931217457,0.7858695652173914,0.0065096118487453225,0.17992806160755737,132374.1812414266,-1287.8686556927314,131086.31258573386,4568,2,817.9347826086956,44,2,18,35.042888848899295,0.631155303030303,42.73148148148148,1029.074074074074,23.388047138047135,0
4923,4,1,0,46,0.021739130434782608,0.0,1.0,46,600,300,300,0.5,9,3,6,308.1696482852768,0.788828502415459,0.02439873858584818,0.17661876503561857,130490.55103812357,-1148.2817683400542,129342.26926978352,4569,0,817.6521739130435,41,5,16,36.69682736187978,0.6166158536585367,44.56845238095238,1021.7261904761904,24.920150987224154,5
4924,4,1,0,47,0.02127659574468085,0.0,1.0,47,1200,900,300,0.75,15,9,6,307.74576329755865,0.7964076472402096,0.041275547835059045,0.17793974637982604,130831.98594585656,-1347.4021242713848,129484.58382158518,4570,0,801.2340425531914,42,5,17,36.36342110248153,0.6185515873015873,44.234496124031004,1023.0620155038755,24.35861941675894,0
4925,4,1,0,48,0.020833333333333332,0.0,1.0,48,1550,1300,250,0.8387096774193549,18,13,5,305.85501967136076,0.8021941489361702,0.04530778003822178,0.17801486451701265,131085.57610910237,-1581.3637081037687,129504.2124009986,4571,0,785.5208333333334,43,5,18,36.156448431046165,0.6196705426356589,43.98674242424242,1024.0530303030303,23.815186751233263,0
4926,4,1,1,48,0.02040816326530612,0.02040816326530612,0.9795918367346939,49,1100,800,300,0.7272727272727273,14,8,6,302.4392341272818,0.8080357142857143,0.04939701058849799,0.1770333094952345,131304.39921982161,-1857.6796124828588,129446.71960733876,4572,0,770.469387755102,44,5,18,36.023842864456284,0.620501893939394,43.773148148148145,1024.907407407407,23.29335016835016,0
4927,4,0,1,47,0.0,0.020833333333333332,0.9791666666666666,48,1200,900,300,0.75,15,9,6,306.1247201826245,0.8043735224586288,0.045599640994377744,0.179551817403897,131381.515842014,-1556.1654717506756,129825.35037026332,4573,2,787.5208333333334,39,9,18,35.85187631240263,0.6287393162393162,43.69791666666667,1025.2083333333342,26.287393162393183,0
4928,4,0,0,47,0.0,0.0,1.0,47,1550,1200,350,0.7741935483870968,19,12,7,306.8103183059701,0.8016497070613628,0.03870164233778861,0.18060612299543957,131519.83486969463,-1329.6715200160731,130190.16334967857,4574,3,795.1063829787234,38,9,18,35.69528347741554,0.6318530701754386,43.56303418803419,1025.747863247863,26.993364822312184,0
4929,4,1,0,48,0.020833333333333332,0.0,1.0,48,1350,900,450,0.6666666666666666,18,9,9,303.5475938494207,0.8047983156028369,0.049656405314940866,0.1801731323155591,131835.77609592,-1596.31347656251,130239.4626193575,4575,0,779.5208333333334,39,9,16,35.46178195895459,0.6332799145299146,43.25520833333333,1026.9791666666656,26.332799145299116,0
4930,4,0,1,47,0.0,0.020833333333333332,0.9791666666666666,48,1250,700,550,0.56,18,7,11,304.3047781051454,0.8044843380614657,0.05438300713247446,0.18087699921005645,131889.27001953113,-1573.092990451404,130316.17702907973,4576,1,780.5208333333334,39,9,16,35.38867339350301,0.6338141025641026,43.20312499999999,1027.187499999999,26.338141025641,0
4931,4,1,1,47,0.020833333333333332,0.020833333333333332,0.9791666666666666,48,950,600,350,0.631578947368421,13,6,7,302.3906415506303,0.8098773640661938,0.06723705542608238,0.1807567075386533,132103.35422091992,-1610.6363932291874,130492.71782769074,4577,0,780.5,39,9,17,35.22319468368967,0.6359508547008548,42.99479166666666,1028.0208333333314,26.3595085470085,0
4932,4,0,0,47,0.0,0.0,1.0,47,1250,900,350,0.72,16,9,7,309.57146888941924,0.8039623805118716,0.06462387163703043,0.1846105368411233,132013.4451589777,-1226.4807737965155,130786.96438518119,4578,1,797.9787234042553,38,9,18,35.128824895172734,0.6367872807017545,43.08226495726494,1027.6709401709377,27.04397210976152,0
4933,4,0,1,46,0.0,0.02127659574468085,0.9787234042553191,47,1350,1000,350,0.7407407407407407,17,10,7,311.50963065700137,0.8046947271045328,0.058792571987068776,0.18617053827215302,132095.8034279347,-1170.1770125648547,130925.62641536984,4579,2,798.9787234042553,38,9,18,34.99640580613869,0.6376096491228072,43.00213675213674,1027.9914529914518,27.05240665766978,0
4934,4,0,1,45,0.0,0.021739130434782608,0.9782608695652174,46,850,700,150,0.8235294117647058,10,7,3,311.17005857920816,0.7990136876006442,0.07586678770306321,0.1866438725197531,132233.12428090078,-970.6021942800768,131262.5220866207,4580,3,816.3260869565217,38,8,19,34.86743014438558,0.6389802631578947,42.868589743589745,1028.5256410256413,27.06646423751688,0
4935,4,0,0,45,0.0,0.0,1.0,45,1100,800,300,0.7272727272727273,14,8,6,313.2948012973696,0.7973905723905724,0.09575563843011925,0.1885998531222457,132369.79316953284,-705.8463902354689,131663.94677929737,4581,4,833.6666666666666,37,8,20,34.67579026815842,0.6421734234234234,42.73574561403508,1029.0570175438588,27.812351825509698,0
4936,4,1,1,45,0.021739130434782608,0.021739130434782608,0.9782608695652174,46,1000,600,400,0.6,14,6,8,308.61920758357485,0.8054549114331724,0.10075402605719197,0.1870143168015869,132618.00219382363,-1014.3074503250646,131603.69474349858,4582,0,816.5217391304348,38,8,20,34.54754866369325,0.6428179824561402,42.494658119658126,1030.0213675213686,27.105825461088646,0
4937,4,0,0,45,0.0,0.0,1.0,45,1350,1000,350,0.7407407407407407,17,10,7,316.0162432736137,0.7970117845117846,0.09783076668322588,0.1915262315685373,132623.7941001078,-617.7453639581345,132006.04873614968,4583,6,835.6666666666666,37,8,21,34.351270314385054,0.6447072072072071,42.4890350877193,1030.0438596491233,27.839023233760088,0
4938,4,0,0,45,0.0,0.0,1.0,45,1000,700,300,0.7,13,7,6,315.72269460243274,0.7959175084175084,0.09741261056714401,0.1916363332354304,132680.27181440472,-621.9654124345695,132058.30640197016,4584,7,836.6666666666666,37,8,15,34.30227401731231,0.6452702702702702,42.4342105263158,1030.2631578947392,27.844950213371327,0
4939,4,0,0,45,0.0,0.0,1.0,45,1350,1000,350,0.7407407407407407,17,10,7,314.33221205890686,0.7941498316498317,0.09469901168014383,0.19117582077681072,132755.59413580265,-654.1280864197311,132101.46604938293,4585,8,837.6666666666666,38,7,15,34.262690925426796,0.644188596491228,42.36111111111112,1030.555555555557,27.11988304093571,0
4940,4,0,0,45,0.0,0.0,1.0,45,900,500,400,0.5555555555555556,13,5,8,315.0506020890569,0.7938552188552189,0.09513543394140411,0.1918944576360623,132810.65088757424,-631.5848948060209,132179.0659927682,4586,9,838.6666666666666,38,7,15,34.189080638474294,0.644736842105263,42.30769230769232,1030.769230769233,27.125506072874554,0
4941,4,0,0,45,0.0,0.0,1.0,45,1150,800,350,0.6956521739130435,15,8,7,316.38246794499133,0.7934764309764311,0.10157480314960687,0.1932736443420925,132920.79863393982,-589.2379373949634,132331.56069654485,4587,10,839.6666666666666,38,7,17,34.04454171846941,0.6458333333333333,42.20085470085471,1031.1965811965827,27.136752136752175,0
4942,4,0,0,45,0.0,0.0,1.0,45,900,800,100,0.8888888888888888,10,8,2,316.10402097017334,0.7932659932659933,0.10594529683596643,0.18902400284558038,132117.3776947122,-647.433134133272,131469.94456057894,4588,11,840.6666666666666,41,4,19,34.85668162372544,0.6328760162601625,42.9811507936508,1028.075396825397,25.075009678668224,2
4943,4,0,0,45,0.0,0.0,1.0,45,1050,700,350,0.6666666666666666,14,7,7,318.17506362932187,0.7916245791245792,0.11310403942998004,0.19116311760348006,132295.92328829665,-581.3472379692726,131714.57605032736,4589,12,841.6666666666666,41,4,20,34.62431693989071,0.6346544715447155,42.80753968253968,1028.76984126984,25.09194734804488,0
4944,4,1,1,45,0.021739130434782608,0.021739130434782608,0.9782608695652174,46,1200,900,300,0.75,15,9,6,312.3604813985004,0.7989734299516909,0.10950935761254388,0.1888491350840476,132532.04345703128,-920.3273182102704,131611.716138821,4590,0,824.3478260869565,39,7,20,34.537282920249524,0.640224358974359,42.578125,1029.6875000000002,26.402243589743595,0
4945,4,0,0,45,0.0,0.0,1.0,45,800,700,100,0.875,9,7,2,322.1143874879484,0.7909511784511785,0.03020496224379743,0.18969793624873676,131536.54095611058,-526.0375355278092,131010.50342058277,4591,14,843.6666666666666,40,5,18,35.28601974770491,0.6286458333333333,43.54674796747967,1025.8130081300799,25.645325203251996,6
4946,4,0,0,45,0.0,0.0,1.0,45,900,600,300,0.6666666666666666,12,6,6,324.8210099972232,0.7896885521885523,0.035473683052171356,0.19168426288380833,131614.73954202182,-449.7534742878101,131164.98606773402,4592,15,844.6666666666666,40,5,14,35.137912251163705,0.6294270833333334,43.470528455284544,1026.1178861788608,25.65294715447152,0
4947,4,0,0,45,0.0,0.0,1.0,45,1100,900,200,0.8181818181818182,13,9,4,324.4381080549179,0.7901936026936027,0.0358300886513121,0.19211452330426587,131745.1221577762,-451.37236433342787,131293.74979344278,4593,16,845.6666666666666,40,5,15,35.01658087507423,0.6307291666666668,43.343495934959336,1026.6260162601604,25.66565040650401,0
4948,4,0,0,45,0.0,0.0,1.0,45,950,800,150,0.8421052631578947,11,8,3,303.477180112264,0.7904882154882156,-0.026257187489613476,0.171083341166155,129847.94439693644,-1117.208672086712,128730.73572484973,4594,17,846.6666666666666,40,5,17,37.46551666832851,0.61171875,45.19817073170732,1019.2073170731713,25.480182926829283,7
4949,4,1,1,45,0.021739130434782608,0.021739130434782608,0.9782608695652174,46,850,500,350,0.5882352941176471,12,5,7,298.1195386988569,0.7973429951690821,-0.020910570480438206,0.16930753481599906,130136.02612630698,-1440.781584624595,128695.24454168239,4595,0,829.2391304347826,41,5,18,37.311112461513524,0.6130589430894309,44.9156746031746,1020.3373015873015,24.886275648470768,0
4950,4,0,2,43,0.0,0.044444444444444446,0.9555555555555556,45,1100,900,200,0.8181818181818182,13,9,4,302.672435827275,0.7906986531986533,-0.025415172047296708,0.171423282503529,130029.26911891079,-1128.7448773877932,128900.52424152299,4596,19,848.6666666666666,40,5,18,37.30279327753421,0.6135416666666667,45.020325203252035,1019.9186991869926,25.497967479674816,0
4951,4,0,0,43,0.0,0.0,1.0,43,500,400,100,0.8,6,4,2,313.8712144273104,0.7805924695459578,-0.007540713516253961,0.17721651645357359,129908.37191358018,-445.10030864198274,129463.2716049382,4597,20,887.6976744186046,38,5,18,37.139532243415076,0.6156798245614036,45.138888888888886,1019.4444444444439,26.827485380116944,0
4952,4,2,3,42,0.044444444444444446,0.06666666666666667,0.9333333333333333,45,950,600,350,0.631578947368421,13,6,7,302.26658234401697,0.7956649831649832,0.00254719332834763,0.1729303446012502,130422.14084201372,-1115.066792052488,129307.07404996123,4598,0,849.2,39,6,18,36.91659868107961,0.6191239316239316,44.63541666666666,1021.4583333333319,26.19123931623928,0
4953,4,1,0,43,0.023255813953488372,0.0,1.0,43,950,600,350,0.631578947368421,13,6,7,316.24936526493525,0.7787467700258398,0.010569008231439136,0.18044816723940432,130318.55955678683,-357.3676515850891,129961.19190520175,4599,0,889.1860465116279,37,6,20,36.66416093928982,0.6216216216216215,44.736842105263165,1021.0526315789484,27.596017069701308,0
4954,4,0,0,43,0.0,0.0,1.0,43,1050,700,350,0.6666666666666666,14,7,7,317.5799788302989,0.7779623477297896,0.013309885362774887,0.18171048339895185,130426.23325525963,-315.8479207758073,130110.38533448383,4600,1,890.1860465116279,38,5,20,36.521415123941026,0.6208881578947368,44.631410256410255,1021.4743589743584,26.880904183535748,0
4955,4,2,1,44,0.044444444444444446,0.022222222222222223,0.9777777777777777,45,1100,1000,100,0.9090909090909091,12,10,2,305.50491324472193,0.7894781144781146,0.03512216694306325,0.17464871320304065,130392.29811124325,-953.9042635699856,129438.39384767326,4601,0,851.5777777777778,40,5,19,36.864013266998356,0.6171875,44.66463414634146,1021.3414634146336,25.53353658536584,6
4956,4,1,2,43,0.022222222222222223,0.044444444444444446,0.9555555555555556,45,950,600,350,0.631578947368421,13,6,7,303.64985227657667,0.7919612794612795,0.033839413853010036,0.17380114112795506,130439.87509645066,-1078.3902391975269,129361.48485725313,4602,0,852.5555555555555,41,4,19,36.8633865850895,0.6161077235772358,44.61805555555556,1021.527777777778,24.91531165311654,0
4957,4,2,2,43,0.044444444444444446,0.044444444444444446,0.9555555555555556,45,750,500,250,0.6666666666666666,10,5,5,302.90887748983516,0.7950757575757577,0.04743328481319731,0.1742867661939,130642.6379145408,-1085.4370393990982,129557.2008751417,4603,0,853.4444444444445,41,4,15,36.67788694808344,0.618140243902439,44.419642857142854,1022.3214285714284,24.934668989547035,0
4958,4,0,0,43,0.0,0.0,1.0,43,650,300,350,0.46153846153846156,10,3,7,324.55831659918505,0.7830841638981173,0.009849521203830092,0.18180845528693573,129598.82948133661,-187.52441406252535,129411.30506727408,4604,1,894.0930232558139,39,4,18,37.1808397271952,0.6108440170940173,45.44270833333332,1018.229166666665,26.108440170940128,3
4959,4,0,0,43,0.0,0.0,1.0,43,1450,1100,350,0.7586206896551724,18,11,7,322.81870026063376,0.7835455887781468,0.012636547025463685,0.18095617051307056,129625.34722222202,-230.90277777779892,129394.44444444422,4605,2,895.0930232558139,39,4,18,37.19824058919804,0.6111111111111113,45.41666666666666,1018.3333333333317,26.111111111111068,0
4960,4,0,0,43,0.0,0.0,1.0,43,1050,800,250,0.7619047619047619,13,8,5,322.24865150769836,0.7846991509782207,0.013471341495954636,0.18094667977936457,129692.6239031825,-241.34536734088204,129451.27853584161,4606,3,896.0930232558139,40,3,18,37.14456749476206,0.6101562500000002,45.350609756097555,1018.5975609756086,25.464939024390215,0
4961,4,2,2,43,0.044444444444444446,0.044444444444444446,0.9555555555555556,45,1200,600,600,0.5,18,6,12,308.71522372529876,0.7963804713804714,0.012778622087133318,0.17511604932003966,130089.53788834774,-967.8758412956211,129121.66204705212,4607,0,857.2222222222222,42,3,18,37.08780553444783,0.6111111111111112,44.96124031007751,1020.1550387596874,24.289405684754463,0
4962,4,0,0,43,0.0,0.0,1.0,43,800,600,200,0.75,10,6,4,321.9467740028758,0.7847452934662237,0.004777321175128302,0.1813754072865638,129822.0511930727,-240.8418847908239,129581.20930828188,4608,5,898.0930232558139,40,3,18,37.021132495678756,0.6114583333333334,45.223577235772346,1019.1056910569089,25.47764227642272,0
4963,4,0,0,43,0.0,0.0,1.0,43,950,800,150,0.8421052631578947,11,8,3,321.26889671048264,0.7852067183462532,0.00814191092776606,0.18151074499690067,129933.65698420533,-251.2714750252342,129682.3855091801,4609,6,899.0930232558139,41,2,18,36.92539570562096,0.6110264227642277,45.11408730158728,1019.5436507936477,24.866918312040188,0
4964,4,0,1,42,0.0,0.023255813953488372,0.9767441860465116,43,1350,1000,350,0.7407407407407407,17,10,7,321.92841163920195,0.7848375784422296,0.013296789775039564,0.18271036342701685,130110.72137188168,-222.7324263039003,129887.98894557777,4610,7,900.0930232558139,41,2,18,36.72938545313106,0.6128048780487807,44.94047619047617,1020.238095238092,24.88385598141688,0
4965,4,0,0,42,0.0,0.0,1.0,42,550,300,250,0.5454545454545454,8,3,5,331.37857956077147,0.7738095238095238,0.012303327070166459,0.187681457362974,130029.26911891063,217.7829003899704,130247.0520193006,4611,36,922.3571428571429,40,2,19,36.57084495815065,0.6135416666666667,45.02032520325203,1019.9186991869913,25.49796747967478,0
4966,4,0,0,42,0.0,0.0,1.0,42,1000,700,300,0.7,13,7,6,331.713980730465,0.7740514905149052,0.012450199203187795,0.18837151394422308,130132.94004891255,233.38311355673648,130366.32316246929,4612,37,923.3571428571429,40,2,19,36.4572958167331,0.6145833333333334,44.918699186991866,1020.3252032520314,25.508130081300784,0
4967,4,1,0,43,0.023255813953488372,0.0,1.0,43,600,300,300,0.5,9,3,6,325.49993186480077,0.7829457364341085,0.017025463280885278,0.1858602615240275,130346.55044100106,-114.18314634894668,130232.36729465211,4613,0,902.8604651162791,37,6,20,36.399723504778265,0.6219031531531531,44.709429824561404,1021.1622807017542,27.59898055950687,0
4968,4,2,1,44,0.044444444444444446,0.022222222222222223,0.9777777777777777,45,700,500,200,0.7142857142857143,9,5,4,318.5371504208104,0.794949494949495,0.05138224619246268,0.18489454088513332,130981.3490125869,-655.5148654513802,130325.83414713552,4614,0,863.6888888888889,39,6,18,35.93681099691326,0.624732905982906,44.08854166666667,1023.6458333333342,26.24732905982908,0
4969,4,0,0,44,0.0,0.0,1.0,44,1100,700,400,0.6363636363636364,15,7,8,347.24551677913865,0.7877246300211417,0.09471054632344944,0.19771734526812187,130236.65229030346,245.27716746656517,130481.92945777003,4615,1,884.2954545454545,40,4,17,35.955960440727466,0.615625,44.81707317073171,1020.7317073170738,25.518292682926845,4
4970,4,0,0,44,0.0,0.0,1.0,44,950,500,450,0.5263157894736842,14,5,9,344.8546994869882,0.7850599013389712,0.10079433233147306,0.1973382297555763,130430.54112803946,195.92475881244889,130626.4658868519,4616,2,885.2954545454545,37,7,19,35.82054172033778,0.6227477477477477,44.627192982456144,1021.4912280701759,27.60787102892367,0
4971,4,2,0,46,0.043478260869565216,0.0,1.0,46,1200,900,300,0.75,15,9,6,336.72958883922877,0.7968196457326893,0.13583804801231447,0.19572531807810686,131034.66932508713,-375.34993489579824,130659.31939019133,4617,0,847.7608695652174,39,7,16,35.417408519008376,0.6252670940170939,44.03645833333335,1023.8541666666692,26.252670940171008,0
4972,4,1,0,47,0.02127659574468085,0.0,1.0,47,1450,1300,150,0.896551724137931,16,13,3,336.1094586555619,0.8024205982115324,0.14305483480366732,0.19686411149825803,131328.12500000026,-571.8749999999698,130756.25000000029,4618,0,830.7021276595744,40,7,17,35.137195121951244,0.6265624999999999,43.750000000000014,1025.000000000002,25.62500000000005,0
4973,4,0,0,47,0.0,0.0,1.0,47,600,400,200,0.6666666666666666,8,4,4,336.0986009464608,0.8025362318840579,0.1436120319758738,0.19699853855108698,131355.5035635365,-570.3198051354996,130785.183758401,4619,1,831.7021276595744,38,9,18,35.109866249782876,0.6302083333333333,43.7232905982906,1025.1068376068383,26.976495726495745,0
4974,4,0,1,46,0.0,0.02127659574468085,0.9787234042553191,47,1450,1200,250,0.8275862068965517,17,12,5,312.3223066442006,0.8025362318840579,0.14095446856162597,0.17110663793452213,128720.46100206609,-1342.62693352146,127377.83406854463,4620,2,832.7021276595744,43,4,14,38.38341420928207,0.5959302325581396,46.30681818181818,1014.7727272727271,23.599365750528538,7
4975,4,3,2,47,0.061224489795918366,0.04081632653061224,0.9591836734693877,49,850,500,350,0.5882352941176471,12,5,7,306.8609628306606,0.8163973922902494,0.16780994990858678,0.17057494006740745,129295.54183813429,-1863.9523567606625,127431.58948137362,4621,0,799.6122448979592,44,5,16,37.93851663025005,0.6003787878787878,45.74074074074073,1017.0370370370359,23.11447811447809,0
4976,4,0,0,47,0.0,0.0,1.0,47,1450,1200,250,0.8275862068965517,17,12,5,318.0974334877348,0.8028831329016343,0.16861850845710014,0.175756202951771,129057.01636392334,-1189.4588642102813,127867.55749971306,4622,1,834.6382978723404,43,4,16,37.89492078285182,0.5993217054263567,45.97537878787879,1016.0984848484849,23.63019732205779,0
4977,4,1,0,48,0.020833333333333332,0.0,1.0,48,1250,900,350,0.72,16,9,7,315.2692125796096,0.8135896867612293,0.17411268304790295,0.17568736618025543,129394.01113406788,-1441.1296918044131,127952.88144226348,4623,0,818.2291666666666,43,5,17,37.62487589972698,0.6027131782945736,45.64393939393939,1017.4242424242418,23.66102889358702,0
4978,4,1,2,47,0.02040816326530612,0.04081632653061224,0.9591836734693877,49,1450,1000,450,0.6896551724137931,19,10,9,311.1706960552048,0.820046768707483,0.16469958811822605,0.17479181083372516,129707.32829896979,-1684.731996814737,128022.59630215506,4624,0,802.5102040816327,43,6,15,37.41178225031762,0.6058624031007752,45.33617424242424,1018.6553030303029,23.689658210007043,2
4979,4,0,0,47,0.0,0.0,1.0,47,1650,1300,350,0.7878787878787878,20,13,7,320.34301784748516,0.8057739747147702,0.16652350321622955,0.17917208334341653,129538.57197687095,-1100.6445850551006,128437.92739181586,4625,4,837.6382978723404,43,4,16,37.34922480620153,0.6041666666666667,45.50189393939394,1017.992424242424,23.67424242424242,0
4980,4,0,0,47,0.0,0.0,1.0,47,1200,700,500,0.5833333333333334,17,7,10,318.36837734249696,0.8066219549799568,0.063239107831357,0.1794533007978768,129842.52467550019,-1069.5779666362932,128772.94670886389,4626,5,838.6382978723404,42,5,15,37.0915731761425,0.6086309523809523,45.20348837209302,1019.1860465116273,24.26633444075303,6
4981,4,1,0,48,0.020833333333333332,0.0,1.0,48,1300,900,400,0.6923076923076923,17,9,8,317.2989111054893,0.8104683806146572,0.09126763177431307,0.18033824188147426,130165.93491735535,-1339.6981175390338,128826.23679981631,4627,0,822.1458333333334,43,5,16,36.79163573372925,0.6104651162790697,44.88636363636363,1020.4545454545453,23.731501057082447,0
4982,4,0,0,48,0.0,0.0,1.0,48,1250,900,350,0.72,16,9,7,316.9539507104603,0.8109116430260047,0.09287024735876526,0.18093503426797544,130336.7858376899,-1337.8122911039354,128998.97354658596,4628,1,823.1458333333334,42,6,17,36.62775985322958,0.6135912698412699,44.71899224806201,1021.1240310077508,24.31247692875597,0
4983,4,0,1,47,0.0,0.020833333333333332,0.9791666666666666,48,1450,1100,350,0.7586206896551724,18,11,7,317.94733455898637,0.8114841903073285,0.10182792895294068,0.18254711690765518,130559.50969180022,-1297.7903784328023,129261.71931336742,4629,2,824.1458333333334,42,6,15,36.3774454031162,0.6158234126984128,44.500968992248055,1021.9961240310066,24.3332410483573,0
4984,4,0,0,47,0.0,0.0,1.0,47,950,900,50,0.9473684210526315,10,9,1,323.17461528193576,0.8079710144927535,0.10842082442937206,0.18594720326523434,130642.6379145408,-955.9231505102107,129686.71476403059,4630,3,842.4255319148937,41,6,16,36.15993449781659,0.618140243902439,44.419642857142854,1022.3214285714284,24.934668989547035,0
4985,4,0,0,47,0.0,0.0,1.0,47,1100,700,400,0.6363636363636364,15,7,8,320.27252175761885,0.8088960838729571,0.09745547598902116,0.1848829618880766,130769.44464128232,-1023.6280391786423,129745.81660210367,4631,4,843.4255319148937,41,6,16,36.10612673779503,0.619410569105691,44.29563492063492,1022.8174603174593,24.946767324816083,0
4986,4,0,0,47,0.0,0.0,1.0,47,1700,1400,300,0.8235294117647058,20,14,6,319.49490233598954,0.8084335491828554,0.0988026113592062,0.18504154506433096,130896.3128798974,-1035.8590600592022,129860.4538198382,4632,5,844.4255319148937,41,6,16,35.99804087897884,0.620680894308943,44.17162698412699,1023.3134920634927,24.958865660085188,0
4987,4,2,1,48,0.04081632653061224,0.02040816326530612,0.9795918367346939,49,1150,700,450,0.6086956521739131,16,7,9,311.882732064876,0.8206136621315193,0.10954174695111973,0.1830300159721826,131402.62684221205,-1602.846870734925,129799.77997147712,4633,0,810.9183673469388,42,7,18,35.683063982610335,0.6242559523809523,43.67732558139535,1025.2906976744189,24.411683277962354,0
4988,4,1,1,48,0.02040816326530612,0.02040816326530612,0.9795918367346939,49,1600,1200,400,0.75,20,12,8,311.7991201804062,0.8231292517006803,0.11342366359975564,0.18369600920144447,131551.69390548926,-1596.459516405279,129955.23438908398,4634,0,811.8979591836735,42,7,18,35.53532634362899,0.6257440476190477,43.53197674418604,1025.8720930232544,24.4255260243632,0
4989,4,0,0,48,0.0,0.0,1.0,48,1250,900,350,0.72,16,9,7,315.1589501190287,0.8155474290780141,0.11488151472209096,0.18543399038409775,131501.99549493715,-1311.1938322516748,130190.80166268547,4635,2,829.8125,42,6,18,35.499133994646506,0.6252480158730158,43.58042635658914,1025.678294573643,24.420911775562928,0
4990,4,1,1,48,0.02040816326530612,0.02040816326530612,0.9795918367346939,49,950,600,350,0.631578947368421,13,6,7,313.7807322572406,0.8212159863945578,0.1236160208410979,0.18590222399633882,131765.27795712804,-1530.9189193067098,130234.35903782133,4636,0,813.8571428571429,43,6,15,35.269861034249516,0.626453488372093,43.32386363636363,1026.704545454545,23.876849894291745,0
4991,4,2,0,50,0.04,0.0,1.0,50,1600,1200,400,0.75,20,12,8,313.03333845476675,0.8237414965986394,0.14300072046109524,0.18728029042035182,132136.0768175583,-1727.4005486968463,130408.67626886144,4637,0,798.54,44,6,17,34.916846781940436,0.6287878787878789,42.96296296296296,1028.148148148148,23.367003367003363,0
4992,4,1,2,49,0.0196078431372549,0.0392156862745098,0.9607843137254902,51,1450,1000,450,0.6896551724137931,19,10,9,304.709141274238,0.8290196078431373,0.14559021989362542,0.1835686777920412,132398.00347222242,-2131.164266117951,130266.83920610447,4638,0,783.8627450980392,44,7,17,34.86842105263159,0.6313920454545454,42.70833333333334,1029.1666666666683,23.390151515151555,0
4993,4,0,0,49,0.0,0.0,1.0,49,1400,1100,300,0.7857142857142857,17,11,6,308.9151388718217,0.8197987528344671,0.14960601009025387,0.18622021061275343,132421.827846365,-1618.5785322359284,130803.24931412906,4639,2,813.8571428571429,44,5,17,34.73634100995562,0.6316287878787878,42.68518518518519,1029.2592592592603,23.392255892255914,0
4994,4,0,1,48,0.0,0.02040816326530612,0.9795918367346939,49,950,600,350,0.631578947368421,13,6,7,299.1360089656125,0.8195861678004536,0.152416868371126,0.17000546737273955,130163.68762581871,-1987.3943025036378,128176.29332331507,4640,3,814.8571428571429,42,7,15,37.257264267401,0.6118551587301587,44.888565891472865,1020.4457364341081,24.296327057954954,6
4995,4,0,0,48,0.0,0.0,1.0,48,1350,1100,250,0.8148148148148148,16,11,5,300.8468842726439,0.814236111111111,0.15268664333624993,0.17107860135504066,130186.64301658151,-1766.7508149093078,128419.8922016722,4641,4,832.7708333333334,41,7,15,37.19044668027608,0.6135670731707317,44.86607142857142,1020.5357142857133,24.891114982578372,0
4996,4,0,0,48,0.0,0.0,1.0,48,800,500,300,0.625,11,5,6,298.6875727777276,0.8141622340425532,0.15299909314678084,0.17040424052263695,130313.22830057937,-1815.4116276140192,128497.81667296536,4642,5,833.7708333333334,41,7,17,37.11782614328282,0.6148373983739838,44.74206349206349,1021.0317460317451,24.90321331784744,0
4997,4,1,1,48,0.02040816326530612,0.02040816326530612,0.9795918367346939,49,750,400,350,0.5333333333333333,11,4,7,288.82635610435665,0.8202593537414966,0.1510587351700614,0.1654044688977857,130460.49783854651,-2259.977198857316,128200.52063968919,4643,0,817.734693877551,42,7,14,37.22118151063898,0.6148313492063492,44.59786821705427,1021.6085271317841,24.324012550756763,3
4998,4,1,1,48,0.02040816326530612,0.02040816326530612,0.9795918367346939,49,1250,1000,250,0.8,15,10,5,289.2376693935217,0.8185941043083901,0.13955915946808695,0.1660347302178132,130552.75769054191,-2247.844926538094,128304.91276400382,4644,0,818.7142857142857,43,6,11,37.117772424017815,0.6143410852713178,44.507575757575765,1021.9696969696979,23.766737138830184,0
4999,4,0,0,48,0.0,0.0,1.0,48,1200,1000,200,0.8333333333333334,14,10,4,294.9958574245716,0.8158983451536643,0.13673085436033627,0.1688298767084601,130435.75074364524,-1904.3987741121318,128531.3519695331,4645,8,836.7708333333334,42,6,15,37.088550559666096,0.6145833333333334,44.622093023255815,1021.511627906977,24.321705426356594,0
5000,4,0,1,47,0.0,0.020833333333333332,0.9791666666666666,48,750,200,550,0.26666666666666666,13,2,11,300.54110312061584,0.8163416075650118,0.14103039288361763,0.17252338217434518,130552.75769054194,-1752.7060376492045,128800.05165289274,4646,9,837.7708333333334,43,5,12,36.828978255497915,0.6143410852713178,44.507575757575765,1021.9696969696981,23.76673713883019,0
