period,mktsize,entries,exits,surviv,entryrate,exitrate,survivrate,firms,totresinv,totinninv,totimiinv,costshareinn,firmsres,firmsinn,firmsimi,hindex,div,gini,pcm,cs,totprofits,ts,maxage,minage,avgage,actfirms,inactfirms,profitablefirms,wmc,avgproxopt,price,totoutput,avgoutput,magtechshock
1,32,40,8,32,1.0,0.2,0.8,40,0,0,0,0,0,0,0,364.7032502817052,0.5003071581196581,0.3865009151921912,0.15855401252300125,951786.0685941038,61423.89455782312,1013209.9631519269,0,0,0.0,34,6,32,47.206121618873304,0.4966145833333333,56.101190476190474,7804.761904761901,229.5518207282912,0
2,32,26,13,45,0.4482758620689655,0.22413793103448276,0.7758620689655172,58,1300,1000,300,0.7692307692307693,16,10,6,288.12286830622793,0.5,0.45802394078551245,0.1386502303661436,987116.5949372941,43982.172937202005,1031098.7678744962,1,0,0.5517241379310345,48,10,34,44.459125014264494,0.5247844827586207,51.615646258503396,7948.299319727887,165.58956916099766,0
3,32,10,3,52,0.18181818181818182,0.05454545454545454,0.9454545454545454,55,2300,1800,500,0.782608695652174,28,18,10,312.5277887364209,0.4975448933782267,0.4490868817670659,0.15452616614103226,996262.0031005589,48971.912166226924,1045233.9152667858,2,0,1.3272727272727274,48,7,36,42.66910887715113,0.5384469696969697,50.467687074829925,7985.034013605434,166.35487528344655,8
4,32,16,9,59,0.23529411764705882,0.1323529411764706,0.8676470588235294,68,1850,1300,550,0.7027027027027027,24,13,11,286.19887704130286,0.49549129353233834,0.5037757045342697,0.14727830643701614,1009525.5003676327,42335.01290995507,1051860.5132775877,3,0,1.75,56,12,37,41.623165999757454,0.5456495098039216,48.81213450292397,8038.011695906419,143.53592314118606,0
5,32,8,11,56,0.11940298507462686,0.16417910447761194,0.835820895522388,67,1750,1000,750,0.5714285714285714,25,10,15,275.1979196986456,0.49462912709181367,0.47611099342457464,0.14381476079369054,1014564.1401192384,40691.188152332026,1055255.3282715704,4,0,2.5671641791044775,57,10,35,41.2561960630483,0.5517723880597014,48.186063218390814,8058.045977011511,141.36922766686862,0
6,32,9,6,59,0.13846153846153847,0.09230769230769231,0.9076923076923077,65,1800,1000,800,0.5555555555555556,26,10,16,287.6431839863883,0.4920172275641026,0.48921024257206036,0.1535593324354703,1021477.7376033051,43964.221763085385,1065441.9593663905,5,0,3.2153846153846155,54,11,39,40.06165205007122,0.5608974358974359,47.32954545454545,8085.45454545454,149.7306397306396,0
7,32,4,6,57,0.06349206349206349,0.09523809523809523,0.9047619047619048,63,2050,1300,750,0.6341463414634146,28,13,15,286.6892527639964,0.49093275302952727,0.475033180175781,0.15436846947497887,1024236.002066115,44077.49081726348,1068313.4928833784,6,0,4.111111111111111,54,9,37,39.73507248546545,0.5659722222222222,46.98863636363636,8096.3636363636315,149.93265993265985,0
8,32,5,3,59,0.08064516129032258,0.04838709677419355,0.9516129032258065,62,1750,900,850,0.5142857142857142,26,9,17,285.33837541965227,0.4879307685527939,0.46913454631043927,0.15675144072636188,1030632.2933337151,44665.788846974596,1075298.0821806896,7,0,4.725806451612903,53,9,34,38.95795330749158,0.5757728494623655,46.19984567901235,8121.604938271611,153.23782902399267,0
9,32,4,0,63,0.06349206349206349,0.0,1.0,63,1700,900,800,0.5294117647058824,25,9,16,275.67091601898505,0.48755120327700974,0.4533292657547723,0.15317079373505202,1034227.3645546373,42721.28099173553,1076948.645546373,8,0,5.365079365079365,54,9,38,38.74885155939612,0.5796957671957672,45.75757575757576,8135.757575757576,150.662177328844,0
10,32,2,0,65,0.03076923076923077,0.0,1.0,65,2200,1400,800,0.6363636363636364,30,14,16,268.3285903861793,0.48704927884615384,0.45599748137265217,0.1501411120252441,1036437.1141975325,40421.14197530881,1076858.2561728414,9,0,6.1692307692307695,56,9,37,38.656775807185106,0.5810897435897435,45.48611111111112,8144.444444444458,145.43650793650818,0
11,32,5,3,67,0.07142857142857142,0.04285714285714286,0.9571428571428572,70,2150,1600,550,0.7441860465116279,27,16,11,261.0947791039755,0.485485679779158,0.48101324197905093,0.1480447385886902,1040591.9443360483,38188.62476875927,1078780.5691048077,10,0,6.6571428571428575,61,9,35,38.317947493247274,0.5834821428571428,44.97647849462365,8160.752688172027,133.78283095363977,0
12,32,1,5,63,0.014705882352941176,0.07352941176470588,0.9264705882352942,68,2250,1000,1250,0.4444444444444444,35,10,25,267.7213759664462,0.4851020632133451,0.4819115825034208,0.15261341917887788,1042252.60970273,39956.66055484656,1082209.2702575766,11,0,7.838235294117647,55,13,39,37.94009486674928,0.5863970588235294,44.77306547619045,8167.261904761863,148.49567099567022,0
13,32,2,1,64,0.03076923076923077,0.015384615384615385,0.9846153846153847,65,2100,1200,900,0.5714285714285714,30,12,18,264.58236589942663,0.4830829326923077,0.4516699835597493,0.151750789215864,1044155.1063548634,40153.00568106716,1084308.1120359306,12,0,8.615384615384615,57,8,41,37.781214848143975,0.5916666666666667,44.54022988505745,8174.71264367812,143.4160112925986,0
14,32,4,1,67,0.058823529411764705,0.014705882352941176,0.9852941176470589,68,2350,1500,850,0.6382978723404256,32,15,17,256.49882607303937,0.4822532557799239,0.4608928026454553,0.1485624809666859,1047183.6023311949,37770.27293617762,1084953.8752673725,13,0,9.014705882352942,61,7,42,37.60801810380682,0.5935968137254901,44.17002688172043,8186.559139784951,134.2058875374582,0
15,32,2,5,64,0.028985507246376812,0.07246376811594203,0.927536231884058,69,2350,1700,650,0.723404255319149,30,17,13,252.68086445498136,0.4813245950554135,0.4629053072095064,0.14728146585676682,1049134.1271590935,36869.22363595639,1086003.35079505,14,0,9.710144927536232,62,7,38,37.46152687200017,0.5954106280193237,43.9318783068783,8194.179894179888,132.16419184161109,0
16,32,2,2,64,0.030303030303030304,0.030303030303030304,0.9696969696969697,66,2100,1500,600,0.7142857142857143,27,15,12,258.1589843247881,0.479288073038073,0.4579952897772046,0.15166840329081296,1051557.0247933879,38993.77869605137,1090550.8034894392,15,0,10.696969696969697,54,12,39,37.018106038219045,0.6005366161616161,43.63636363636363,8203.636363636359,151.91919191919183,0
17,32,3,4,63,0.04477611940298507,0.05970149253731343,0.9402985074626866,67,1850,1600,250,0.8648648648648649,21,16,5,252.59566372287037,0.47840343735866125,0.44820813027147177,0.14974491172090376,1054309.9784069897,38012.8257530718,1092322.8041600615,16,0,11.149253731343284,57,10,44,36.81690046409663,0.6029228855721394,43.30100574712644,8214.367816091959,144.11171607178875,0
18,32,1,0,64,0.015625,0.0,1.0,64,2250,1300,950,0.5777777777777777,32,13,19,251.8261504747986,0.4767485119047619,0.4222128378378365,0.15028334786399308,1056327.1604938298,38152.16049382731,1094479.3209876572,17,0,11.8125,56,8,37,36.58502252252251,0.6077473958333333,43.055555555555564,8222.222222222243,146.82539682539718,0
19,32,1,2,63,0.015384615384615385,0.03076923076923077,0.9692307692307692,65,1900,1100,800,0.5789473684210527,27,11,16,250.40915562676366,0.47606169871794873,0.4291961705008216,0.15026648324660552,1058001.4078808317,38086.64783987336,1096088.055720705,18,0,12.615384615384615,57,8,40,36.41279042696842,0.608974358974359,42.852011494252885,8228.735632183925,144.36378302077063,0
20,32,2,2,63,0.03076923076923077,0.03076923076923077,0.9692307692307692,65,2000,1100,900,0.55,29,11,18,250.1620722157915,0.4747495993589744,0.43077375965218145,0.15094148478100247,1059651.8824609732,38016.94214876028,1097668.8246097334,19,0,13.523076923076923,54,11,42,36.21363212638602,0.610897435897436,42.65151515151515,8235.151515151514,152.50280583613915,0
21,32,1,3,61,0.015625,0.046875,0.953125,64,2200,1700,500,0.7727272727272727,27,17,10,249.33944132920925,0.4732762896825397,0.42105226871598744,0.15122737391590502,1061212.1441689634,37920.40863177237,1099132.5528007357,20,0,14.25,54,10,41,36.04068613031328,0.6136067708333333,42.46212121212122,8241.212121212131,152.61503928170612,0
22,32,1,2,60,0.016129032258064516,0.03225806451612903,0.967741935483871,62,2000,1700,300,0.85,23,17,6,245.2638505999237,0.47211572360303194,0.3923602691908272,0.14946892053414512,1062647.5026503864,37725.80366608519,1100373.3063164717,21,0,14.774193548387096,56,6,45,35.967268236183976,0.617271505376344,42.28801169590643,8246.783625730981,147.26399331662466,0
23,32,0,0,60,0.0,0.0,1.0,60,2250,1700,550,0.7555555555555555,28,17,11,247.5023766431744,0.4708156779661017,0.3794715447154484,0.15121195470677173,1063398.4389347977,38388.72819100053,1101787.1671257983,22,1,15.916666666666666,54,6,45,35.816283426388466,0.6199652777777778,42.196969696969674,8249.696969696932,152.77216610549874,0
24,32,2,2,60,0.03225806451612903,0.03225806451612903,0.967741935483871,62,2200,1600,600,0.7272727272727273,28,16,12,241.3470898459014,0.4708432487220166,0.3798538841005161,0.14839241556995564,1065298.0515257423,36821.31691084936,1102119.3684365917,23,0,16.370967741935484,58,4,42,35.739251910138,0.621135752688172,41.96680790960452,8257.062146892651,142.3631404636664,0
25,32,0,3,57,0.0,0.05,0.95,60,1700,1000,700,0.5882352941176471,24,10,14,249.62507950007932,0.4690972222222222,0.377669936686845,0.15391940230178583,1066145.2604785925,39527.31908112008,1105672.5795597127,24,1,17.533333333333335,57,3,42,35.4205077807927,0.6237847222222221,41.86422413793102,8260.344827586174,144.91833030852936,0
26,32,0,1,56,0.0,0.017543859649122806,0.9824561403508771,57,1450,1100,350,0.7586206896551724,18,11,7,248.67661889843222,0.4675751879699248,0.3593050345613116,0.1417596012341726,1042258.236406413,38987.050849717736,1081245.2872561307,25,2,18.403508771929825,53,4,41,38.42546229813821,0.5959429824561404,44.77237654320986,8167.283950617255,154.09969718145763,8
27,32,1,0,57,0.017543859649122806,0.0,1.0,57,1950,1300,650,0.6666666666666666,26,13,13,245.03196053633502,0.4670530492898914,0.34860860165539687,0.14044819599462535,1043957.5814967807,37810.59458218511,1081768.176078966,26,0,19.280701754385966,54,3,39,38.30540520501223,0.5983187134502924,44.564393939393916,8173.939393939351,151.3692480359139,0
28,32,3,0,60,0.05,0.0,1.0,60,1450,1000,450,0.6896551724137931,19,10,9,237.0819224508785,0.4677201035781544,0.3561993725710557,0.13688452602820722,1046211.5413198512,36157.568701281096,1082369.1100211323,27,0,19.266666666666666,57,3,45,38.226342651121406,0.5987847222222222,44.28879310344825,8182.758620689607,143.5571687840282,0
29,32,5,5,60,0.07692307692307693,0.07692307692307693,0.9230769230769231,65,2100,1100,1000,0.5238095238095238,31,11,20,232.43315055780667,0.4694210737179487,0.3914744154294325,0.13620268897911,1050767.3659336409,33746.63387345673,1084513.9998070975,28,0,18.70769230769231,59,6,40,37.776135876069816,0.6011217948717948,43.732638888888886,8200.555555555547,138.99246704331438,0
30,32,1,1,60,0.01639344262295082,0.01639344262295082,0.9836065573770492,61,2900,2500,400,0.8620689655172413,33,25,8,245.20646620711034,0.46598360655737703,0.39179032179456574,0.1447001444356978,1052914.192044004,36536.27365008496,1089450.465694089,29,0,20.81967213114754,55,6,38,37.18072474802407,0.6060450819672132,43.47098214285714,8208.928571428563,149.2532467532466,0
31,32,2,1,61,0.03225806451612903,0.016129032258064516,0.9838709677419355,62,2050,1300,750,0.6341463414634146,28,13,15,241.1856253356355,0.46659064868676187,0.39249149109148407,0.14294064529385359,1054224.5690981823,36402.76238842711,1090627.3314866093,30,0,21.322580645161292,56,6,40,37.12044354264561,0.6070228494623655,43.311403508771924,8214.035087719285,146.67919799498722,0
32,32,4,5,60,0.06153846153846154,0.07692307692307693,0.9230769230769231,65,2800,2200,600,0.7857142857142857,34,22,12,234.92392041956305,0.4677283653846154,0.40100330006027995,0.1409356332142541,1057919.0368479197,33906.09752456025,1091825.13437248,31,0,20.876923076923077,60,5,39,36.82123566653385,0.6094551282051281,42.862021857923494,8228.415300546443,137.1402550091074,0
33,32,1,0,61,0.01639344262295082,0.0,1.0,61,1850,1400,450,0.7567567567567568,23,14,9,239.05553810721494,0.46517531876138435,0.37653616955006197,0.1433131944532198,1057705.8561236628,36520.08851895896,1094225.9446426218,32,0,22.704918032786885,57,4,40,36.74152463444164,0.6118510928961749,42.88793103448276,8227.586206896556,144.34361766485188,0
34,32,2,0,63,0.031746031746031744,0.0,1.0,63,2300,1800,500,0.782608695652174,28,18,10,232.64683090768204,0.46433905103259937,0.3771901463417806,0.14069777857589894,1060347.2471591856,34437.285342654046,1094784.5325018396,33,0,22.952380952380953,58,5,39,36.57799533639667,0.6137566137566137,42.56709039548024,8237.853107344665,142.03195012663215,0
35,32,1,1,63,0.015625,0.015625,0.984375,64,2000,1300,700,0.65,27,13,14,228.4780767754749,0.4637845155423281,0.37672487868985005,0.13882709677291183,1061758.506944448,33717.708333333605,1095476.2152777817,34,0,23.578125,59,5,45,36.51014287639846,0.61474609375,42.39583333333335,8243.333333333361,139.71751412429427,0
36,32,1,2,62,0.015625,0.03125,0.96875,64,1600,800,800,0.5,24,8,16,229.14356804607536,0.46367084160052907,0.3727155101026818,0.13986745489913135,1063124.3887918459,34321.623144913494,1097446.0119367593,35,0,24.03125,60,4,45,36.32356188583418,0.61669921875,42.230191256830615,8248.63387978145,137.47723132969082,0
37,32,1,1,62,0.015873015873015872,0.015873015873015872,0.9841269841269842,63,1400,1100,300,0.7857142857142857,17,11,6,253.48668120827574,0.46156554019457247,0.42289327655181363,0.1484707704219899,1050624.9999999984,39263.888888888774,1089888.8888888871,36,0,24.77777777777778,56,7,41,37.25440379403793,0.6020171957671958,43.74999999999999,8199.999999999987,146.4285714285712,8
38,32,0,0,62,0.0,0.0,1.0,62,1850,1200,650,0.6486486486486487,25,12,13,254.15581822680164,0.46122532169927727,0.41694295633780154,0.14944702974526491,1051824.172394923,39215.44663315189,1091039.619028075,37,1,25.64516129032258,56,6,41,37.0873425991922,0.6046706989247312,43.60380116959063,8204.678362573082,146.51211361737646,0
39,32,3,0,65,0.046153846153846156,0.0,1.0,65,2450,1600,850,0.6530612244897959,33,16,17,249.6375580300874,0.4626402243589744,0.4292284160608959,0.14831291821803333,1054970.3307429305,37222.04343217174,1092192.3741751022,38,0,25.415384615384614,60,5,42,36.81045088781005,0.6065705128205128,43.220628415300546,8216.939890710382,136.94899817850637,0
40,32,3,5,63,0.04411764705882353,0.07352941176470588,0.9264705882352942,68,2050,1200,850,0.5853658536585366,29,12,17,249.16997527176625,0.4629472124670764,0.4497616520492351,0.14924686232148404,1057442.665100094,37046.59254286002,1094489.257642954,39,0,25.25,63,5,35,36.51425820407298,0.6076899509803921,42.919921874999986,8226.56249999997,130.58035714285668,0
41,32,0,0,63,0.0,0.0,1.0,63,2150,1000,1150,0.46511627906976744,33,10,23,265.2239387239589,0.4600507765830346,0.4439450392600075,0.15855707909670108,1056859.5041734502,41310.888074946575,1098170.3922483968,40,2,28.142857142857142,58,5,36,36.174320487279886,0.6099537037037037,42.99081920903955,8224.29378531074,141.79816871225412,0
42,32,0,0,63,0.0,0.0,1.0,63,1650,1300,350,0.7878787878787878,20,13,7,264.3298522467969,0.45935739887352794,0.4405298633928916,0.15863058500101357,1058021.446782534,41683.33054039394,1099704.777322928,41,3,29.142857142857142,58,5,38,36.052322920242595,0.611276455026455,42.84957627118644,8228.813559322036,141.87609585037993,0
43,32,2,0,65,0.03076923076923077,0.0,1.0,65,1500,900,600,0.6,21,9,12,257.7511260016038,0.4601362179487179,0.4442635710632239,0.15559531323552364,1059796.7155612283,40132.75935374183,1099929.47491497,42,0,29.215384615384615,55,10,39,36.00028910089624,0.6121794871794872,42.63392857142859,8235.714285714317,149.7402597402603,0
44,32,0,1,64,0.0,0.015384615384615385,0.9846153846153847,65,2200,1700,500,0.7727272727272727,27,17,10,257.0417331368739,0.45945512820512824,0.44428173833821183,0.15603931954170544,1061482.5204170237,39369.06134849794,1100851.5817655216,43,1,30.215384615384615,55,10,40,35.808673960665395,0.6141025641025641,42.42931547619049,8242.261904761926,149.85930735930776,0
45,32,1,1,64,0.015384615384615385,0.015384615384615385,0.9846153846153847,65,2200,1500,700,0.6818181818181818,29,15,14,257.30558563344846,0.45865384615384613,0.44540015815449907,0.1570443654417916,1063099.6770373834,39508.29699736701,1102607.9740347504,44,0,30.53846153846154,56,9,39,35.60070306038048,0.6158653846153845,42.23318713450294,8248.53801169594,147.29532163742752,0
46,32,2,0,66,0.030303030303030304,0.0,1.0,66,2750,2100,650,0.7636363636363637,34,21,13,250.04366142008305,0.4583187645687646,0.438379226050458,0.15378143132758987,1065379.3083176594,37328.268610588755,1102707.5769282482,45,0,30.37878787878788,60,6,39,35.504764740917224,0.6182133838383839,41.956967213114766,8257.37704918035,137.6229508196725,0
47,32,1,0,67,0.014925373134328358,0.0,1.0,67,2150,1300,850,0.6046511627906976,30,13,17,246.4590267826843,0.45855947535052016,0.43646538723975126,0.15238309898226338,1066957.8294280705,37042.27765180165,1104000.1070798722,46,0,30.91044776119403,62,5,42,35.401459854014604,0.6195584577114428,41.76587301587303,8263.492063492085,133.28213005632395,0
48,32,2,0,69,0.028985507246376812,0.0,1.0,69,1850,1200,650,0.6486486486486487,25,12,13,241.56427199390592,0.45888391588519467,0.4398850675383619,0.15068636326364854,1069584.0966079868,36024.66072667345,1105608.7573346603,47,0,30.985507246376812,61,8,45,35.20256622695866,0.6215277777777778,41.44825268817203,8273.655913978475,135.63370350784385,0
49,32,0,0,69,0.0,0.0,1.0,69,2200,1700,500,0.7727272727272727,27,17,10,244.0249030760406,0.45843989769820975,0.4563196196584025,0.14487207471649863,1054747.3393654355,35476.92345167252,1090224.262817108,48,1,31.985507246376812,55,14,43,36.982374000821096,0.6017512077294687,43.24776785714287,8216.071428571444,149.38311688311717,8
50,32,2,2,69,0.028169014084507043,0.028169014084507043,0.971830985915493,71,2350,1800,550,0.7659574468085106,29,18,11,241.0941005603089,0.45968309859154927,0.46592545279362607,0.14418293661172502,1056967.1573606157,34415.709225128805,1091382.8665857445,49,0,32.056338028169016,57,14,41,36.781074581324404,0.6031396713615024,42.97772988505747,8224.71264367816,144.29320427505544,0
51,32,3,1,71,0.041666666666666664,0.013888888888888888,0.9861111111111112,72,2150,1300,850,0.6046511627906976,30,13,17,238.44360980267132,0.4592095396452791,0.4663752370675569,0.14416928578460417,1060275.8494031194,34013.20018365453,1094289.0495867739,50,0,32.333333333333336,54,18,44,36.43764101432217,0.6063368055555556,42.575757575757564,8237.575757575736,152.54769921436548,0
52,32,0,0,71,0.0,0.0,1.0,71,2300,1700,600,0.7391304347826086,29,17,12,239.16351921017525,0.45767102615694166,0.4596824384288234,0.14528195733709628,1061680.4465105573,34283.046372818884,1095963.4928833763,51,1,33.61971830985915,54,17,44,36.24457760458788,0.6087147887323944,42.40530303030302,8243.03030303028,152.64870931537556,0
53,32,0,1,70,0.0,0.014084507042253521,0.9859154929577465,71,2550,1900,650,0.7450980392156863,32,19,13,241.2274853458071,0.456882964453387,0.4598770451810168,0.14711479035878072,1062862.8117913813,34528.34467120165,1097391.156462583,52,2,34.61971830985915,55,16,43,36.04455350269436,0.6101819248826291,42.26190476190475,8247.619047619033,149.9567099567097,0
54,32,0,1,69,0.0,0.014285714285714285,0.9857142857142858,70,2100,1400,700,0.6666666666666666,28,14,14,241.1672743582151,0.4568797446514838,0.4534179984201252,0.1472686394847176,1063250.4232071391,35184.241305016796,1098434.664512156,53,3,35.65714285714286,56,14,44,35.997979583156095,0.6117559523809524,42.214912280701746,8249.122807017531,147.30576441102735,0
55,32,0,1,68,0.0,0.014492753623188406,0.9855072463768116,69,2450,1400,1050,0.5714285714285714,35,14,21,242.59186746028297,0.45581131003125885,0.4482792141614014,0.14863173850361544,1064244.0000088552,35385.387879109796,1099629.387887965,54,4,37.04347826086956,55,14,45,35.83791621589134,0.6135265700483092,42.09449404761904,8252.97619047617,150.0541125541122,0
56,32,3,1,70,0.04225352112676056,0.014084507042253521,0.9859154929577465,71,2250,1700,550,0.7555555555555555,28,17,11,234.16217307483285,0.45643863179074445,0.443927866611159,0.14483576864665426,1067072.0656409564,33523.582743587394,1100595.6483845438,55,0,36.38028169014085,60,11,46,35.704859044722134,0.6159037558685446,41.752049180327866,8263.934426229505,137.73224043715842,0
57,32,0,0,70,0.0,0.0,1.0,70,2000,1400,600,0.7,26,14,12,235.71649397971214,0.4561249137336094,0.44001906018620485,0.14622140492847838,1067934.3491735486,34345.94811753868,1102280.2972910872,56,1,37.357142857142854,54,16,46,35.55793807883099,0.6175595238095238,41.64772727272725,8267.272727272688,153.09764309764236,0
58,32,1,1,70,0.014084507042253521,0.014084507042253521,0.9859154929577465,71,2700,2100,600,0.7777777777777778,33,21,12,228.53833835843918,0.4562625754527163,0.43141426605960165,0.1427286603710246,1069931.6406249946,32004.079861110757,1101935.7204861054,57,0,37.816901408450704,55,16,44,35.496391406512274,0.619131455399061,41.40624999999998,8274.999999999958,150.4545454545447,0
59,32,0,0,70,0.0,0.0,1.0,70,2600,1900,700,0.7307692307692307,33,19,14,227.4421808424269,0.4556547619047619,0.42101137085952445,0.1426829348049585,1071255.263371632,32129.726668034295,1103384.9900396662,58,1,38.55714285714286,56,14,46,35.36119547048989,0.6212797619047619,41.24634502923975,8280.116959064298,147.85923141186248,0
60,32,1,0,71,0.014084507042253521,0.0,1.0,71,2350,1700,650,0.723404255319149,30,17,13,227.1843888259186,0.45638832997987927,0.43131201720973,0.1432145751509953,1072682.8232345732,32189.358320121388,1104872.1815546947,59,0,39.0,57,14,44,35.191599616193834,0.6223591549295775,41.073994252873554,8285.63218390803,145.36196813873738,0
61,32,1,1,71,0.013888888888888888,0.013888888888888888,0.9861111111111112,72,2400,1800,600,0.75,30,18,12,231.54592961048965,0.4563853025560772,0.44925126365809986,0.14731457670712453,1075380.7175460455,33000.005585879,1108380.7231319246,60,0,39.44444444444444,58,14,45,34.74572664124215,0.6247106481481481,40.748587570621474,8296.045197740128,143.0352620300022,0
62,32,0,1,70,0.0,0.014084507042253521,0.9859154929577465,71,2050,1400,650,0.6829268292682927,27,14,13,238.78344529641083,0.4545774647887324,0.460226517414952,0.15237872231025582,1076262.1576003109,35148.7172067903,1111410.8748071012,61,1,40.985915492957744,59,12,45,34.449330053327984,0.6263204225352113,40.64236111111112,8299.444444444463,140.66854990583838,0
63,32,1,1,70,0.014084507042253521,0.014084507042253521,0.9859154929577465,71,2000,1300,700,0.65,27,13,14,233.7996910956524,0.45412474849094564,0.44932014230712936,0.14988489513452452,1077599.1090302563,34188.46776324491,1111787.5767935012,62,0,41.11267605633803,57,14,46,34.413783160322936,0.6282276995305165,40.481321839080465,8304.597701149436,145.6946965113936,0
64,32,1,0,71,0.014084507042253521,0.0,1.0,71,2000,1100,900,0.55,29,11,18,233.9069654790638,0.4533953722334004,0.4502151596721504,0.15049368045976116,1078643.402571346,34260.44102589526,1112903.8435972412,63,0,42.0,57,14,46,34.28234015817021,0.6295481220657277,40.35560344827587,8308.62068965519,145.7652752571086,0
65,32,1,0,72,0.013888888888888888,0.0,1.0,72,2400,2000,400,0.8333333333333334,28,20,8,228.78143112505086,0.4527826682316119,0.4469965431092393,0.14829993164209085,1080806.9250933677,32653.711018545426,1113460.636111913,64,0,42.40277777777778,58,14,44,34.14920295269799,0.6313657407407407,40.095338983050866,8316.949152542402,143.3956750438345,0
66,32,0,1,71,0.0,0.013888888888888888,0.9861111111111112,72,2350,1700,650,0.723404255319149,30,17,13,226.11216312252446,0.452745989827856,0.4408842790641514,0.14701782897595705,1081688.1373886855,32166.568913786203,1113854.7063024717,65,1,43.40277777777778,58,14,42,34.110251012878855,0.6323784722222222,39.98940677966103,8320.338983050879,143.45412039742894,0
67,32,0,0,71,0.0,0.0,1.0,71,1800,1100,700,0.6111111111111112,25,11,14,228.07433878564993,0.45264922870556673,0.4373415839548853,0.14859633280192028,1082275.8117479049,33367.86802962137,1115643.6797775263,66,2,44.352112676056336,58,13,42,33.987000203652144,0.6335093896713615,39.91878531073448,8322.598870056527,143.49308396649184,0
68,32,0,0,71,0.0,0.0,1.0,71,2700,1800,900,0.6666666666666666,36,18,18,229.9521647818364,0.45145875251509054,0.43952679062034816,0.15090296327805858,1084346.1853780868,32969.55054012353,1117315.7359182104,67,3,45.352112676056336,59,12,43,33.68379737690343,0.6362969483568075,39.67013888888889,8330.555555555558,141.19585687382303,0
69,32,0,1,70,0.0,0.014084507042253521,0.9859154929577465,71,2550,1900,650,0.7450980392156863,32,19,13,226.95674481846723,0.45086351441985245,0.4330454287254033,0.14970475596143093,1085817.8972205701,32536.739083762703,1118354.6363043329,68,4,46.352112676056336,57,14,40,33.5811645409629,0.6380575117370892,39.49353448275862,8336.20689655172,146.24924379915296,0
70,32,0,0,70,0.0,0.0,1.0,70,1950,1400,550,0.717948717948718,25,14,11,229.79355656816966,0.45026311249137335,0.43367466498626506,0.15189406433929697,1086416.845232196,33980.31815629532,1120397.1633884911,69,5,47.94285714285714,57,13,43,33.43377386449791,0.6391369047619048,39.421695402298845,8338.505747126426,146.28957451098992,0
71,32,0,0,70,0.0,0.0,1.0,70,2650,1800,850,0.6792452830188679,35,18,17,229.39571282343715,0.44957729468599034,0.434272173324306,0.1524831088389814,1088014.0006064675,33267.14944620006,1121281.1500526676,70,6,48.94285714285714,58,12,43,33.248279169487716,0.6407738095238096,39.23022598870057,8344.632768361587,143.87297876485496,0
72,32,0,1,69,0.0,0.014285714285714285,0.9857142857142858,70,2450,1800,650,0.7346938775510204,31,18,13,231.50459971231845,0.44898205659075224,0.4404400959084236,0.1543642583641341,1088898.1454882037,33966.98585974642,1122865.13134795,71,7,49.94285714285714,58,12,44,33.084901191120736,0.6416666666666666,39.124293785310726,8348.02259887004,143.93142411844897,0
73,32,0,0,69,0.0,0.0,1.0,69,2750,2000,750,0.7272727272727273,35,20,15,253.56083723870836,0.4477568201193521,0.47690851794130196,0.15993749049388556,1072858.2113183802,37856.96526006222,1110715.1765784423,72,8,50.65217391304348,55,14,42,34.48694119196415,0.6216787439613527,41.05282738095237,8286.309523809512,150.66017316017295,7
74,32,0,0,69,0.0,0.0,1.0,69,2700,1900,800,0.7037037037037037,35,19,16,255.12787635345268,0.4468599033816425,0.48298360150960984,0.16185981663735438,1074554.3686224488,38329.7548185941,1112884.1234410428,73,9,51.65217391304348,55,14,36,34.23652981146522,0.6234903381642511,40.848214285714285,8292.857142857141,150.77922077922076,0
75,32,0,0,69,0.0,0.0,1.0,69,2500,1600,900,0.64,34,16,18,256.63609023846794,0.4463093208297812,0.4863918636005484,0.16367888243845938,1076097.4923823706,38933.090632086256,1115030.5830144568,74,10,52.65217391304348,55,14,40,34.00665853775164,0.625,40.66220238095239,8298.809523809532,150.88744588744603,0
76,32,0,1,68,0.0,0.014492753623188406,0.9855072463768116,69,2150,1500,650,0.6976744186046512,28,15,13,258.61647309744063,0.44601626882637113,0.488505691388077,0.16538910825903425,1076886.627657754,39750.12431412924,1116636.7519718835,75,11,53.65217391304348,53,16,41,33.85776823555654,0.6260567632850241,40.56712962962965,8301.851851851883,156.6387141858846,0
77,32,0,0,68,0.0,0.0,1.0,68,2200,1200,1000,0.5454545454545454,32,12,20,258.647595697558,0.4447889230318993,0.48325658246339054,0.16615843599092173,1078201.4160832262,39974.84078952584,1118176.256872752,76,12,55.1764705882353,52,16,40,33.69454118715929,0.6277573529411764,40.40880503144655,8306.918238993723,159.7484276729562,0
78,32,0,0,68,0.0,0.0,1.0,68,2500,2000,500,0.8,30,20,10,262.0052017101079,0.44491238659642957,0.49175638326753823,0.16917062779689776,1079671.3008286862,40475.89939084694,1120147.2002195332,77,13,56.1764705882353,52,16,38,33.42585937302968,0.6294424019607843,40.231918238993714,8312.578616352206,159.85728108369628,0
79,32,0,0,68,0.0,0.0,1.0,68,2500,1800,700,0.72,32,18,14,263.28311445492477,0.44401613257243194,0.4953337424786197,0.17095953632279282,1081305.680402278,40837.905442822615,1122143.5858451007,78,14,57.1764705882353,52,16,39,33.190947808774986,0.631280637254902,40.035377358490564,8318.867924528298,159.97822931785188,0
80,32,0,0,68,0.0,0.0,1.0,68,2000,1500,500,0.75,25,15,10,266.24148945712506,0.44372347819724905,0.5014605842336939,0.17317477411591756,1081796.2353150581,42003.80819587831,1123800.0435109364,79,15,58.1764705882353,52,16,36,33.05350844041322,0.6321997549019608,39.97641509433962,8320.754716981128,160.0145137880986,0
81,32,0,0,68,0.0,0.0,1.0,68,2650,2000,650,0.7547169811320755,33,20,13,268.0595483846458,0.4434948419666374,0.5051941595143401,0.17517379789787302,1083141.2894375846,41819.2729766803,1124960.5624142648,80,16,59.1764705882353,53,15,36,32.8403024911032,0.6340379901960784,39.81481481481481,8325.925925925916,157.09294199860219,0
82,32,0,2,66,0.0,0.029411764705882353,0.9705882352941176,68,2000,1400,600,0.7,26,14,12,251.67895635620553,0.44340338747439273,0.4724400871459704,0.1591945205867561,1073677.7181440413,38444.41751308075,1112122.135657122,81,17,60.1764705882353,56,12,38,34.43430335097001,0.624234068627451,40.95394736842104,8289.473684210503,148.02631578947327,8
83,32,0,0,66,0.0,0.0,1.0,66,2400,1900,500,0.7916666666666666,29,19,10,271.3761254420653,0.4421668609168609,0.4983044379394601,0.15708069836260224,1046990.0322454617,41225.61966544706,1088215.6519109088,82,18,61.166666666666664,53,13,39,37.251699846668195,0.592645202020202,44.193672839506156,8185.802469135771,154.44910319124097,8
84,32,2,0,68,0.029411764705882353,0.0,1.0,68,1900,1300,600,0.6842105263157895,25,13,12,263.97170234725604,0.44509072285630674,0.5006130120893675,0.15415141396614557,1049710.0207270402,39918.74822845799,1089628.7689554982,83,0,60.338235294117645,55,13,37,37.1002783829581,0.5946691176470589,43.86160714285714,8196.428571428565,149.0259740259739,0
85,32,0,1,67,0.0,0.014705882352941176,0.9852941176470589,68,1650,1000,650,0.6060606060606061,23,10,13,266.0453433802625,0.4449764047410009,0.5046628407460538,0.15582655826558264,1050625.0000000019,40652.77777777789,1091277.7777777798,84,1,61.338235294117645,55,13,37,36.93258807588076,0.5957414215686274,43.75000000000001,8200.000000000015,149.09090909090935,0
86,32,2,0,69,0.028985507246376812,0.0,1.0,69,2350,1400,950,0.5957446808510638,33,14,19,258.7455139974125,0.44698422847399827,0.49735470884032407,0.15275464469508065,1053043.8434496287,38344.07410703713,1091387.9175566658,85,0,60.608695652173914,52,17,38,36.8172067723895,0.5978260869565217,43.455188679245296,8209.433962264171,157.87373004354174,0
87,32,6,1,74,0.08,0.013333333333333334,0.9866666666666667,75,2250,1700,550,0.7555555555555555,28,17,11,242.49339767693948,0.45509759759759755,0.503115628505366,0.14524666242591253,1057440.395679728,34034.46287784521,1091474.858557573,86,0,56.68,58,17,40,36.68618226770139,0.5998611111111112,42.92019774011302,8226.553672316433,141.83713228131782,0
88,32,1,1,74,0.013333333333333334,0.013333333333333334,0.9866666666666667,75,2800,2200,600,0.7857142857142857,34,22,12,246.9879280104505,0.4527627627627628,0.511813406582815,0.14894642528755775,1059490.3495252277,34536.26523526083,1094026.6147604885,87,0,57.666666666666664,55,20,41,36.31541853404655,0.6023611111111111,42.671130952380956,8234.523809523816,149.71861471861484,0
89,32,0,1,73,0.0,0.013513513513513514,0.9864864864864865,74,2500,1800,700,0.72,32,18,14,266.85638812107686,0.4510212267061582,0.5445297696220206,0.157899740569458,1053733.356290174,38939.09550045908,1092672.4517906331,88,1,59.41891891891892,54,20,35,36.52290897908978,0.5940315315315315,43.37121212121212,8212.121212121208,152.07631874298534,8
90,32,2,2,73,0.02666666666666667,0.02666666666666667,0.9733333333333334,75,2450,2000,450,0.8163265306122449,29,20,9,260.0856762427127,0.45246996996996997,0.5369868120602064,0.1551620385457988,1056228.7166402456,37491.99200687031,1093720.7086471159,89,0,58.48,57,18,35,36.385083181881726,0.5968055555555556,43.067528735632195,8221.839080459791,144.2427908852595,0
91,32,0,0,73,0.0,0.0,1.0,73,1900,1200,700,0.631578947368421,26,12,14,265.9292759262434,0.4501522070015221,0.5359869044542083,0.15895772508373193,1056819.448573127,39707.846148764685,1096527.2947218916,90,1,61.04109589041096,57,16,35,36.16119263918008,0.5990296803652968,42.99568965517241,8224.137931034482,144.28312159709617,0
92,32,0,1,72,0.0,0.0136986301369863,0.9863013698630136,73,2100,1600,500,0.7619047619047619,26,16,10,264.49358698684,0.4500015854895992,0.5336849324476249,0.1584241513827797,1057440.3956797207,39237.240655622496,1096677.6363353431,91,2,62.04109589041096,58,15,35,36.120601835954474,0.6000285388127854,42.92019774011299,8226.553672316377,141.83713228131685,0
93,32,0,0,72,0.0,0.0,1.0,72,1450,900,550,0.6206896551724138,20,9,11,262.46058883367823,0.44883770213875845,0.5235336003042226,0.15742137621834,1057853.6268413935,39678.97716012689,1097532.6040015204,92,3,63.833333333333336,57,15,37,36.12132138949036,0.6009837962962963,42.86997126436782,8228.160919540236,144.35370034281115,0
94,32,2,0,74,0.02702702702702703,0.0,1.0,74,2150,1700,450,0.7906976744186046,26,17,9,255.02141841911447,0.44990281377267677,0.5232322247923107,0.15395317880485748,1059807.8569788781,37104.740587695014,1096912.5975665732,93,0,63.08108108108108,54,20,38,36.06915519905805,0.602759009009009,42.63257575757575,8235.757575757563,152.51402918069562,0
95,32,2,0,76,0.02631578947368421,0.0,1.0,76,2050,1400,650,0.6829268292682927,27,14,13,248.74303720544498,0.4515716374269006,0.5232444822915785,0.1508129560460414,1061107.1940233195,35538.60524838163,1096645.7992717011,94,0,62.39473684210526,57,19,41,36.06909768231164,0.6033442982456141,42.474856321839084,8240.804597701155,144.575519257915,0
96,32,1,0,77,0.012987012987012988,0.0,1.0,77,2250,1700,550,0.7555555555555555,28,17,11,248.01826875670258,0.4520320688083846,0.5251212444471343,0.15116169808106822,1062675.6010804672,35062.59256599309,1097738.1936464603,95,0,62.57142857142857,58,19,39,35.892791897878574,0.6045725108225108,42.28460451977401,8246.89265536722,142.18780440288313,0
97,32,0,1,76,0.0,0.012987012987012988,0.987012987012987,77,2300,1400,900,0.6086956521739131,32,14,18,247.08752216180844,0.451334301663249,0.5242008060413967,0.15110829872910603,1063695.0588911232,34865.155287433314,1098560.2141785566,96,1,63.57142857142857,58,19,43,35.79013740527707,0.6059253246753247,42.16101694915254,8250.847457627118,142.25599064874342,0
98,32,1,2,75,0.012987012987012988,0.025974025974025976,0.974025974025974,77,1900,1300,600,0.6842105263157895,25,13,12,244.34376971706328,0.4515336637047163,0.5189787664042222,0.1498231690749653,1064479.4029706789,34719.78202160492,1099199.1849922838,97,0,63.311688311688314,59,18,36,35.76351495366942,0.6068722943722944,42.06597222222222,8253.888888888889,139.8964218455744,0
99,32,0,2,73,0.0,0.02666666666666667,0.9733333333333334,75,2550,1900,650,0.7450980392156863,32,19,13,248.6827254645148,0.4504354354354354,0.5164855617900646,0.1528279793918593,1065152.2750486752,35426.99415876653,1100579.2692074417,98,3,65.32,58,17,36,35.56806258838556,0.6091666666666666,41.98446327683615,8256.49717514123,142.35339957140053,0
100,32,1,1,73,0.013513513513513514,0.013513513513513514,0.9864864864864865,74,1800,1200,600,0.6666666666666666,24,12,12,247.99667934161337,0.44855686165617675,0.5084956590905259,0.1529153269917201,1066145.2604785925,36280.09685889786,1102425.3573374904,99,0,66.93243243243244,57,17,38,35.46254261462465,0.6107826576576576,41.86422413793102,8260.344827586174,144.91833030852936,0
101,32,1,1,73,0.013513513513513514,0.013513513513513514,0.9864864864864865,74,1550,900,650,0.5806451612903226,22,9,13,247.12973470833197,0.4482483339503887,0.5068723613027417,0.15276144994137517,1066887.1589707988,36381.90811203571,1103269.0670828344,100,0,67.86486486486487,57,17,39,35.39290350999211,0.6119087837837838,41.77442528735631,8263.218390804572,144.96874369832582,0
102,32,1,2,72,0.013513513513513514,0.02702702702702703,0.972972972972973,74,1700,1000,700,0.5882352941176471,24,10,14,241.8417790683245,0.44792052326298903,0.4950272760523262,0.15025339869486384,1068392.945719952,35176.41014739207,1103569.355867344,101,0,68.24324324324324,55,19,40,35.34288319416448,0.6134572072072072,41.59226190476189,8269.047619047597,150.34632034631994,0
103,32,0,0,72,0.0,0.0,1.0,72,1700,800,900,0.47058823529411764,26,8,18,247.31721822940253,0.4468896713615023,0.4920134222620425,0.15350170625415224,1068096.731633893,36731.74249352202,1104828.474127415,102,1,70.08333333333333,53,19,42,35.23810412622567,0.6142939814814814,41.62808641975307,8267.901234567868,155.99813650128053,0
104,32,1,0,73,0.0136986301369863,0.0,1.0,73,2200,1500,700,0.6818181818181818,29,15,14,242.9555233381707,0.4468781709791984,0.48963950181327576,0.1518333030289571,1070127.5539485738,35198.679981634305,1105326.233930208,103,0,70.10958904109589,54,19,42,35.09932259245696,0.6158675799086758,41.382575757575744,8275.757575757552,153.25476992143615,0
105,32,1,0,74,0.013513513513513514,0.0,1.0,74,1850,1100,750,0.5945945945945946,26,11,15,237.4333226945747,0.4470373627051709,0.4854960171299667,0.14918059964510022,1071709.2652440036,34241.89836188887,1105951.1636058926,104,0,70.14864864864865,56,18,44,35.04654474415101,0.6169763513513513,41.19152046783624,8281.871345029216,147.89055973266457,0
106,32,0,0,74,0.0,0.0,1.0,74,2450,1900,550,0.7755102040816326,30,19,11,239.5801733190018,0.44706050228310507,0.4874964950129046,0.15107305188059328,1072768.9769929189,34152.83548784226,1106921.8124807612,105,1,71.14864864864865,56,18,44,34.85999364810503,0.6181024774774775,41.06359649122806,8285.964912280686,147.96365914786938,0
107,32,0,0,74,0.0,0.0,1.0,74,2800,2100,700,0.75,35,21,14,242.190143240324,0.44625447365173393,0.4912705962646018,0.15335103442242357,1073980.717357474,34421.50875483033,1108402.2261123043,106,2,72.14864864864865,56,18,42,34.6426724036585,0.6199324324324325,40.9173976608187,8290.643274853774,148.04720133667453,0
108,32,1,2,73,0.013333333333333334,0.02666666666666667,0.9733333333333334,75,2550,1700,850,0.6666666666666666,34,17,17,239.65535837891898,0.4459009009009009,0.4927072078311865,0.15269832587267562,1075810.068205839,34014.72948870389,1109824.797694543,107,0,72.17333333333333,57,18,44,34.48249988456388,0.6219444444444444,40.69683908045977,8297.701149425282,145.57370437588213,0
109,32,0,0,73,0.0,0.0,1.0,73,2450,1700,750,0.6938775510204082,32,17,15,239.42817951788336,0.4430095763571791,0.47701859938301716,0.15330267964879618,1077237.7406414382,34534.21422994754,1111771.9548713858,108,1,74.56164383561644,51,22,44,34.312273218559405,0.6241438356164384,40.52483974358975,8303.20512820514,162.80794369029687,0
110,32,1,0,74,0.013513513513513514,0.0,1.0,74,2550,1700,850,0.6666666666666666,34,17,17,236.7989015036131,0.44275654078736265,0.4803490010861533,0.1525511402031812,1079017.8951089778,33752.05045290948,1112769.9455618872,109,0,74.54054054054055,52,22,46,34.161116577108395,0.6257038288288288,40.31053459119498,8310.062893081782,159.80890179003427,0
111,32,0,1,73,0.0,0.013513513513513514,0.9864864864864865,74,2300,1500,800,0.6521739130434783,31,15,16,235.96943587898787,0.44269097864988277,0.4804892368677174,0.15254612259132697,1080024.8163452724,33870.56932966032,1113895.3856749327,110,1,75.54054054054055,54,20,46,34.05865772464403,0.6272522522522522,40.189393939393945,8313.939393939405,153.9618406285075,0
112,32,0,0,73,0.0,0.0,1.0,73,1950,1400,550,0.717948717948718,25,14,11,238.6277845844018,0.44090880263825466,0.4794703603136343,0.15438598743284787,1080252.271947874,35005.641289437604,1115257.9132373116,111,2,77.42465753424658,53,20,46,33.961581291759465,0.6282819634703196,40.16203703703704,8314.814814814818,156.8832983927324,0
113,32,0,0,73,0.0,0.0,1.0,73,2400,1700,700,0.7083333333333334,31,17,14,239.85422546572764,0.44053621258244546,0.4823275778825611,0.1557838745350177,1081375.3203113114,34874.48797820466,1116249.808289516,112,3,78.42465753424658,53,20,43,33.791444065197474,0.629566210045662,40.02700617283951,8319.135802469153,156.96482646168212,0
114,32,0,0,73,0.0,0.0,1.0,73,2450,1700,750,0.6938775510204082,32,17,15,242.38663011928372,0.43995750887874174,0.4870637344797213,0.15832929804796045,1083018.6466942178,35451.84802571188,1118470.4947199298,113,4,79.42465753424658,54,19,41,33.52336148115794,0.6312785388127854,39.82954545454547,8325.45454545457,154.17508417508463,0
115,32,0,0,73,0.0,0.0,1.0,73,2550,1900,650,0.7450980392156863,32,19,13,244.04510002536188,0.4391964738711314,0.4914601605400113,0.15993856984494767,1083964.927685952,35757.26584022055,1119722.1935261725,114,5,80.42465753424658,54,19,42,33.363803390817175,0.6324200913242009,39.7159090909091,8329.090909090923,154.2424242424245,0
116,32,0,0,73,0.0,0.0,1.0,73,1200,600,600,0.5,18,6,12,245.52866430107434,0.4386415525114155,0.49504784755740294,0.16135411457032375,1084753.81083563,37467.63085399456,1122221.4416896245,115,6,81.42465753424658,54,19,42,33.22816652119096,0.6332762557077626,39.621212121212125,8332.12121212122,154.29854096520776,0
117,32,0,0,73,0.0,0.0,1.0,73,1900,1100,800,0.5789473684210527,27,11,16,263.61444690605686,0.43807077625570773,0.5234859786013903,0.16085008325747352,1063016.2328603293,39545.287255527066,1102561.5201158563,116,7,82.42465753424658,55,18,38,35.448464674893565,0.6060216894977168,42.24330357142856,8248.214285714268,149.96753246753215,8
118,32,0,0,73,0.0,0.0,1.0,73,2100,1400,700,0.6666666666666666,28,14,14,267.832127285186,0.43818176052765095,0.5334858696446805,0.16418038359577317,1064397.5207270407,40315.970450680245,1104713.491177721,117,8,83.42465753424658,55,18,38,35.16785662772248,0.6075913242009132,42.075892857142854,8253.571428571428,150.06493506493504,0
119,32,1,0,74,0.013513513513513514,0.0,1.0,74,3300,2500,800,0.7575757575757576,41,25,16,265.9329828766862,0.4393318832531161,0.5355673194234796,0.16430247077000912,1066738.7586289453,38636.20400647367,1105374.962635419,118,0,83.28378378378379,57,17,39,34.92579293315714,0.6102195945945945,41.79238505747126,8262.643678160906,144.95866102036678,0
120,32,0,0,74,0.0,0.0,1.0,74,2600,1700,900,0.6538461538461539,35,17,18,265.5062122136258,0.4385451376033567,0.5409818146486811,0.16113813388528783,1061408.702941625,38962.120865721714,1100370.8238073466,119,1,84.28378378378379,53,21,37,35.59984771320151,0.6037443693693694,42.43827160493827,8241.975308641977,155.50896808758446,8
121,32,0,0,74,0.0,0.0,1.0,74,2150,1200,950,0.5581395348837209,31,12,19,263.885047369329,0.43857599037393563,0.5381017530935164,0.16032397281938215,1061726.704199054,39084.76032616977,1100811.4645252237,120,2,85.28378378378379,53,21,37,35.60200439319057,0.6040259009009009,42.39969135802469,8243.209876543204,155.53226182156988,0
122,32,2,1,75,0.02631578947368421,0.013157894736842105,0.9868421052631579,76,2350,1900,450,0.8085106382978723,28,19,9,255.22371667642224,0.4395833333333334,0.5345585695687993,0.15653194511950216,1064551.05251736,36789.735243055526,1101340.7877604156,121,0,84.01315789473684,55,21,36,35.47398199562512,0.6060855263157895,42.057291666666664,8254.166666666659,150.07575757575742,0
123,32,0,2,73,0.0,0.02666666666666667,0.9733333333333334,75,1900,1200,700,0.631578947368421,26,12,14,257.6268997177198,0.4384834834834835,0.5336680859394118,0.15822333759940388,1064961.4554637282,37972.54361799816,1102933.9990817264,122,1,86.13333333333334,54,21,36,35.360996916752306,0.6070833333333333,42.00757575757576,8255.757575757576,152.88439955106622,0
124,32,0,0,73,0.0,0.0,1.0,73,2350,1900,450,0.8085106382978723,28,19,9,268.19523894638485,0.4375713470319635,0.5370725986811884,0.15999405277796933,1056217.3580292596,39704.49334319549,1095921.851372455,123,2,87.57534246575342,51,22,37,36.178140755756544,0.5953196347031964,43.06891025641027,8221.794871794893,161.21166415284105,7
125,32,1,0,74,0.013513513513513514,0.0,1.0,74,2400,1500,900,0.625,33,15,18,262.02780819154054,0.43795122176971496,0.5340797796464727,0.1533997020709357,1050477.7350459092,37850.87569361858,1088328.6107395277,124,0,87.37837837837837,57,17,38,37.05396778112661,0.5893862612612613,43.767959770114935,8199.425287356307,143.84956644484748,8
126,32,2,0,76,0.02631578947368421,0.0,1.0,76,1950,1400,550,0.717948717948718,25,14,11,250.4570488026149,0.4404385964912281,0.525445453682311,0.14822422496752669,1053790.9617436407,35635.87486663651,1089426.8366102772,125,0,86.05263157894737,53,23,40,36.93657296051314,0.5918311403508771,43.36419753086422,8212.345679012378,154.94991847193165,0
127,32,1,2,75,0.012987012987012988,0.025974025974025976,0.974025974025974,77,1750,1300,450,0.7428571428571429,22,13,9,245.36675037130428,0.44130211893369786,0.5217641187548248,0.14577924634242576,1054977.9843893524,34621.30394857702,1089599.2883379294,126,0,85.92207792207792,54,23,43,36.91916211830653,0.592667748917749,43.21969696969699,8216.969696969732,152.16610549943948,0
128,32,3,2,76,0.038461538461538464,0.02564102564102564,0.9743589743589743,78,2100,1400,700,0.6666666666666666,28,14,14,249.73227870796782,0.443268537018537,0.5333876816002721,0.15024814103461884,1058782.0476955848,35182.41068522139,1093964.4583808063,127,0,83.71794871794872,63,15,39,36.3329774333017,0.5973557692307692,42.757161458333336,8231.770833333341,130.66302910052923,8
129,32,1,0,77,0.012987012987012988,0.0,1.0,77,2950,2400,550,0.8135593220338984,35,24,11,246.8581824798165,0.4409603554340396,0.5226987328284944,0.14930232859348908,1060367.3082639715,34002.06929581187,1094369.3775597834,128,0,85.76623376623377,57,20,38,36.20965303939354,0.5997023809523809,42.564655172413794,8237.931034482759,144.52510586811857,0
130,32,3,0,80,0.0375,0.0,1.0,80,2300,1700,600,0.7391304347826086,29,17,12,238.3225097985395,0.44369066455696204,0.5247101497283677,0.1454017769967328,1062983.5356385724,32366.580817582195,1095350.1164561545,129,0,83.5125,60,20,42,36.10443995406566,0.6013020833333333,42.24726775956286,8248.087431694024,137.46812386156708,0
131,32,2,1,81,0.024390243902439025,0.012195121951219513,0.9878048780487805,82,2200,1400,800,0.6363636363636364,30,14,16,235.8196389583979,0.44588728294690355,0.5287307347719274,0.14454029658593562,1064363.4040550417,31599.558732958456,1095962.9627880002,130,0,82.45121951219512,62,20,37,35.997766950872915,0.6026422764227642,42.08002645502647,8253.439153439185,133.1199863457933,0
132,32,0,1,80,0.0,0.012345679012345678,0.9876543209876543,81,2450,1700,750,0.6938775510204082,32,17,15,245.5071179703303,0.4441036522633745,0.5409742691557367,0.15096075977324608,1065318.877551024,33658.67346938801,1098977.551020412,131,1,84.46913580246914,62,19,37,35.62932525951557,0.6041666666666667,41.96428571428573,8257.142857142886,133.17972350230463,0
133,32,1,3,78,0.012345679012345678,0.037037037037037035,0.962962962962963,81,1700,1200,500,0.7058823529411765,22,12,10,241.94731293597061,0.44407150205761314,0.5349784021498976,0.1494064070031216,1066585.802925713,33711.51380670649,1100297.3167324194,132,0,85.1604938271605,64,17,38,35.564081476423986,0.6057098765432098,41.81089743589746,8262.05128205133,129.09455128205204,0
134,32,0,1,77,0.0,0.01282051282051282,0.9871794871794872,78,2150,1500,650,0.6976744186046512,28,15,13,247.6158527824933,0.4413988788988789,0.5295186172002864,0.1531687922617731,1067094.4656154667,35095.90122057068,1102190.3668360375,133,1,88.98717948717949,62,16,39,35.35464284952088,0.607905982905983,41.749338624338634,8264.021164021184,133.29066393582553,0
135,32,1,0,78,0.01282051282051282,0.0,1.0,78,2600,1800,800,0.6923076923076923,34,18,16,244.8587730946655,0.4417006604506604,0.5257099287578044,0.15219990814644654,1068533.27198967,34127.94919804371,1102661.2211877136,134,0,89.85897435897436,56,22,40,35.247536713575194,0.609375,41.57529239766081,8269.590643274836,147.67126148705066,0
136,32,1,1,78,0.012658227848101266,0.012658227848101266,0.9873417721518988,79,1800,1200,600,0.6666666666666666,24,12,12,272.14416551776344,0.4423955966677486,0.5757996267733889,0.16362362792236326,1058582.2614223186,40017.39723333683,1098599.6586556556,135,0,89.70886075949367,56,23,39,35.78137951450564,0.5942774261603376,42.781432748538016,8230.99415204679,146.98203842940694,8
137,32,2,0,80,0.025,0.0,1.0,80,2100,1400,700,0.6666666666666666,28,14,14,267.06356553976326,0.4435950685654009,0.572295803671788,0.161484516634714,1060296.0736263513,38533.289990092875,1098829.3636164442,136,0,87.875,53,27,39,35.698373298363926,0.5959635416666667,42.5733024691358,8237.654320987644,155.4274400186348,0
138,32,4,1,83,0.047619047619047616,0.011904761904761904,0.9880952380952381,84,2450,1800,650,0.7346938775510204,31,18,13,249.8083380370672,0.4462821524192006,0.5621705382364808,0.15312926695259194,1064392.4870853128,33928.82364358454,1098321.3107288973,137,0,84.64285714285714,60,24,39,35.63335871292374,0.5988343253968254,42.07650273224044,8253.551912568315,137.55919854280526,0
139,32,2,1,84,0.023529411764705882,0.011764705882352941,0.9882352941176471,85,2400,1700,700,0.7083333333333334,31,17,14,247.2178912809337,0.44786414565826327,0.5626531627255047,0.15243150547701173,1066138.1960191482,33313.68732678249,1099451.8833459306,138,0,84.62352941176471,62,23,42,35.48352229054571,0.6003676470588235,41.86507936507936,8260.317460317458,133.23092677931382,0
140,32,0,0,84,0.0,0.0,1.0,84,2300,1600,700,0.6956521739130435,30,16,14,243.38577846917093,0.44685288774144194,0.550831709852774,0.15055217718455377,1067094.4656154648,32843.1234427928,1099937.5890582576,139,1,86.47619047619048,62,22,43,35.46388479842927,0.6019345238095238,41.74933862433863,8264.02116402117,133.2906639358253,0
141,32,1,1,84,0.011764705882352941,0.011764705882352941,0.9882352941176471,85,2600,1600,1000,0.6153846153846154,36,16,20,243.25884443261214,0.44746148459383756,0.556950575382082,0.15179061681787823,1069675.9841121633,32441.628762488366,1102117.6128746516,140,0,86.44705882352942,58,27,45,35.14737680664619,0.6045343137254902,41.43714689265536,8274.01129943502,142.65536723163828,0
142,32,0,2,82,0.0,0.023809523809523808,0.9761904761904762,84,2200,1400,800,0.6363636363636364,30,14,16,244.52220052402333,0.4467632434499904,0.5551680458264716,0.15267262112510313,1069857.3333663596,33320.773880300985,1103178.1072466606,141,1,88.42857142857143,57,27,45,35.09225818400704,0.6051587301587302,41.41522988505746,8274.712643678135,145.17039725751113,0
143,32,0,0,82,0.0,0.0,1.0,82,2850,2000,850,0.7017543859649122,37,20,17,249.52446561275772,0.4455798956137709,0.5521395218117118,0.15642512844287979,1071046.5591557634,34200.464063944775,1105247.0232197081,142,2,91.29268292682927,57,25,41,34.81564394465267,0.6069613821138211,41.271551724137915,8279.310344827558,145.2510586811852,0
144,32,2,0,84,0.023809523809523808,0.0,1.0,84,2350,1700,650,0.723404255319149,30,17,13,242.26707666378763,0.4469395438898451,0.5497095442199307,0.15289139482340108,1073007.2981053446,32840.86827017805,1105848.1663755227,143,0,90.0952380952381,60,24,37,34.760962743158586,0.6082589285714286,41.03483606557376,8286.885245901613,138.1147540983602,0
145,32,0,0,84,0.0,0.0,1.0,84,2900,1900,1000,0.6551724137931034,39,19,20,240.1287278564319,0.4464166188563779,0.5448833851272876,0.15190795669649998,1073714.969840842,31865.961957657637,1105580.9317984998,144,1,91.0952380952381,60,24,38,34.72890573500329,0.6096230158730158,40.94945355191256,8289.617486338788,138.16029143897978,0
146,32,0,1,83,0.0,0.011904761904761904,0.9880952380952381,84,1950,1000,950,0.5128205128205128,29,10,19,241.92495810379208,0.4457652036718302,0.5475217890555879,0.15363753197068425,1074847.729851592,33256.49840246045,1108104.2282540526,145,2,92.0952380952381,60,24,41,34.54245728466641,0.6108630952380952,40.81284153005464,8293.989071038244,138.23315118397073,0
147,32,1,0,84,0.011904761904761904,0.0,1.0,84,2150,1200,950,0.5581395348837209,31,12,19,239.0747262415712,0.445538104800153,0.5438806724295686,0.1529639578723596,1077023.898100909,32547.83871882103,1109571.7368197301,146,0,91.52380952380952,55,29,41,34.34781569639615,0.613343253968254,40.55059523809525,8302.380952380969,150.95238095238125,0
148,32,0,1,83,0.0,0.011904761904761904,0.9880952380952381,84,2250,1300,950,0.5777777777777777,32,13,19,240.59992422662415,0.44513470548862116,0.545795992127752,0.15441666171670806,1077923.5972179498,32819.667162545884,1110743.2643804958,147,1,92.52380952380952,56,28,44,34.19729399892041,0.6144593253968254,40.44225146198831,8305.847953216393,148.31871345029273,0
149,32,0,0,83,0.0,0.0,1.0,83,2050,1800,250,0.8780487804878049,23,18,5,241.13106408865744,0.4444546478597316,0.5412554783449144,0.15538124718012453,1079091.111771703,33390.47760602477,1112481.5893777278,148,2,94.32530120481928,57,26,45,34.039591977869996,0.6163403614457832,40.301724137931046,8310.344827586228,145.79552329098647,0
150,32,0,0,83,0.0,0.0,1.0,83,2850,2100,750,0.7368421052631579,36,21,15,240.09561213117144,0.44335267900871783,0.5398592399086046,0.15531811532898737,1080219.6497254982,32421.199607392817,1112640.849332891,149,3,95.32530120481928,58,25,44,33.92745917419763,0.6178463855421688,40.16596045197742,8314.689265536756,143.35671147477166,0
151,32,0,0,83,0.0,0.0,1.0,83,2500,1600,900,0.64,34,16,18,239.6741536621934,0.4426547654030757,0.5389250563787336,0.1555979822981545,1081247.4863544987,32729.415238277852,1113976.9015927764,150,4,96.32530120481928,58,25,44,33.811860454586615,0.6192269076305221,40.042372881355945,8318.644067796633,143.4248977206316,0
152,32,1,1,83,0.011904761904761904,0.011904761904761904,0.9880952380952381,84,2500,1900,600,0.76,31,19,12,236.8242444904389,0.4424543411742207,0.5408308544987666,0.15455463760647842,1082755.864197533,31984.567901234746,1114740.432098768,151,0,96.16666666666667,59,25,41,33.70039152874176,0.6207837301587302,39.86111111111112,8324.444444444463,141.09227871939768,0
153,32,0,0,83,0.0,0.0,1.0,83,2600,1900,700,0.7307692307692307,33,19,14,237.49565574635002,0.4413324027818591,0.5363199183871648,0.1553683297845301,1083451.6392559642,32263.011506910774,1115714.6507628749,152,6,98.32530120481928,58,25,43,33.59737205147344,0.6219879518072289,39.77754237288137,8327.118644067823,143.57101110461764,0
154,32,0,0,83,0.0,0.0,1.0,83,2700,1800,900,0.6666666666666666,36,18,18,238.9181411031633,0.4409283475364874,0.5363715616048705,0.15678676261890384,1084346.1853780928,32513.99498456833,1116860.1803626611,153,7,99.32530120481928,59,24,44,33.45038623985774,0.6232429718875502,39.670138888888914,8330.555555555606,141.19585687382383,0
155,32,0,0,83,0.0,0.0,1.0,83,3100,2100,1000,0.6774193548387096,41,21,20,240.31999999999965,0.44062224507787245,0.5404337349397588,0.15810526315789497,1085069.4444444482,32452.77777777806,1117522.2222222262,154,8,100.32530120481928,59,24,44,33.32500000000002,0.6241214859437751,39.58333333333335,8333.333333333363,141.24293785310786,0
156,32,1,0,84,0.011904761904761904,0.0,1.0,84,2850,1800,1050,0.631578947368421,39,18,21,251.27831802056755,0.44066145534519024,0.5607611109043775,0.15434519406095334,1065001.8065672328,33872.372528616,1098874.179095849,155,0,100.11904761904762,61,23,39,35.519775115047324,0.5979662698412698,42.00268817204301,8255.91397849462,135.3428521064692,8
157,32,0,0,84,0.0,0.0,1.0,84,3350,2700,650,0.8059701492537313,40,27,13,251.86268881718834,0.44044033275960986,0.559854080345884,0.15530879644792403,1066163.8047960063,33555.3765190972,1099719.1813151035,156,1,101.11904761904762,63,21,41,35.360445565363584,0.5994543650793651,41.861979166666664,8260.416666666662,131.1177248677248,0
158,32,0,0,84,0.0,0.0,1.0,84,2450,2000,450,0.8163265306122449,29,20,9,254.54199312210744,0.44036861732644866,0.5652676245693633,0.15753012273251207,1067239.651150176,35081.46158854183,1102321.1127387178,157,2,102.11904761904762,63,21,42,35.15775985211328,0.6006944444444444,41.73177083333334,8264.583333333354,131.18386243386277,0
159,32,0,0,84,0.0,0.0,1.0,84,2450,1700,750,0.6938775510204082,32,17,15,254.95228487642478,0.4403417240390132,0.5666597614500282,0.158150963198684,1067928.8552460559,35204.18034608917,1103133.035592145,158,3,103.11904761904762,56,28,42,35.061658531984605,0.6018105158730158,41.64839181286548,8267.251461988282,147.6294903926479,0
160,32,1,1,84,0.011764705882352941,0.011764705882352941,0.9882352941176471,85,2300,1500,800,0.6521739130434783,31,15,16,253.11063122276903,0.4414507469654529,0.5677042801556431,0.15755917839784117,1068965.847536001,34813.324085083834,1103779.1716210847,159,0,102.89411764705882,57,28,42,34.980660552158604,0.6028186274509804,41.52298850574712,8271.264367816082,145.10990118975582,0
161,32,1,0,85,0.011764705882352941,0.0,1.0,85,3050,2300,750,0.7540983606557377,38,23,15,256.3502747777936,0.44203431372549024,0.5724221547750965,0.16051471051471045,1070698.7934501558,34844.7859810398,1105543.5794311955,160,0,102.32941176470588,58,27,40,34.682125307125325,0.6060049019607843,41.31355932203389,8277.966101694898,142.72355347749823,0
162,32,1,0,86,0.011627906976744186,0.0,1.0,86,2700,2100,600,0.7777777777777778,33,21,12,254.43205067260226,0.44253590971272233,0.5733468588759154,0.16025330045983915,1072430.1006410774,34672.11794182683,1107102.2185829042,161,0,102.12790697674419,62,24,43,34.51736598969645,0.6076792635658914,41.10449735449735,8284.65608465607,133.62348523638823,0
163,32,0,1,85,0.0,0.011627906976744186,0.9883720930232558,86,2700,2100,600,0.7777777777777778,33,21,12,253.20228696915154,0.4424390104879161,0.5709893222794988,0.15992583157599916,1073252.1485960605,34449.97970381547,1107702.1282998759,162,1,103.12790697674419,62,24,36,34.44748574225399,0.608406007751938,41.00529100529099,8287.830687830661,133.67468851339777,0
164,32,1,0,86,0.011627906976744186,0.0,1.0,86,3100,2300,800,0.7419354838709677,39,23,16,249.16038910270439,0.4433567031463748,0.566371865884814,0.15850049604854233,1075342.410420771,33286.54667981562,1108628.9571005865,163,0,102.75581395348837,64,22,38,34.29380189981661,0.611312984496124,40.75320512820511,8295.897435897397,129.62339743589683,0
165,32,0,1,85,0.0,0.011627906976744186,0.9883720930232558,86,2400,1800,600,0.75,30,18,12,247.5766519894841,0.44279525763793887,0.5655645839170633,0.1580681701163628,1076406.2499999986,33698.611111111,1110104.8611111096,164,1,103.75581395348837,57,29,39,34.20348058902275,0.6124031007751938,40.62499999999999,8299.999999999989,145.61403508771912,0
166,32,0,2,83,0.0,0.023529411764705882,0.9764705882352941,85,2450,1300,1150,0.5306122448979592,36,13,23,252.50403478499769,0.44089635854341735,0.5700866393068857,0.16171003078783866,1077300.8323424472,34954.56136874074,1112255.3937111879,165,2,105.92941176470588,57,28,38,33.965197028423766,0.6139705882352942,40.517241379310335,8303.448275862052,145.6745311554746,0
167,32,1,0,84,0.011904761904761904,0.0,1.0,84,3100,2500,600,0.8064516129032258,37,25,12,285.2234270911354,0.440488143048384,0.6143811644925234,0.17543194351221894,1065403.620029066,40875.61434799844,1106279.2343770645,166,0,107.41666666666667,57,27,31,34.59394719747588,0.5982142857142857,41.95402298850575,8257.471264367818,144.86791691873364,8
168,32,0,1,83,0.0,0.011904761904761904,0.9880952380952381,84,2400,1800,600,0.75,30,18,12,283.16341028514427,0.44016542359915856,0.6117844704341187,0.17506120565543618,1066930.9512078632,41223.16133655852,1108154.1125444216,167,1,108.41666666666667,60,24,35,34.45697218181017,0.6001984126984127,41.769125683060125,8263.387978142107,137.72313296903513,0
169,32,0,1,82,0.0,0.012048192771084338,0.9879518072289156,83,2400,1700,700,0.7083333333333334,31,17,14,287.46097814776243,0.43958149671858165,0.6128060629615231,0.17822580645161284,1067777.777777779,42388.88888888897,1110166.666666668,168,2,110.24096385542168,61,22,35,34.24059139784948,0.6019076305220883,41.66666666666667,8266.666666666677,135.51912568306028,0
170,32,1,1,82,0.012048192771084338,0.012048192771084338,0.9879518072289156,83,2750,2300,450,0.8363636363636363,32,23,9,281.5546590183199,0.4381060828680576,0.6035626001071217,0.17572637275916234,1069742.6184552514,40888.20363530662,1110630.822090558,169,0,111.12048192771084,56,27,36,34.14890922797843,0.6037901606425703,41.42909356725146,8274.269005847955,147.75480367585632,0
171,32,2,0,84,0.023809523809523808,0.0,1.0,84,1600,1100,500,0.6875,21,11,10,275.38814148002183,0.43876996079556324,0.5967438551351771,0.17294941635879013,1071575.876185005,40619.85779948292,1112195.733984488,170,0,109.5,58,26,39,34.08079205894392,0.6052827380952381,41.20762711864407,8281.355932203394,142.781998831093,0
172,32,0,1,83,0.0,0.011904761904761904,0.9880952380952381,84,2300,1600,700,0.6956521739130435,30,16,14,274.91469266333945,0.4388954628035953,0.5939288268955667,0.17312195510961603,1072375.3086419725,39862.34567901216,1112237.6543209846,171,1,110.5,59,25,40,33.993875178826904,0.6062748015873016,41.1111111111111,8284.444444444422,140.41431261770205,0
173,32,1,0,84,0.011904761904761904,0.0,1.0,84,2450,1000,1450,0.40816326530612246,39,10,29,272.1299311423183,0.4387221505067891,0.5920856120006157,0.17273592492459047,1074706.1021902699,39241.93951745339,1113948.0417077232,172,0,109.53571428571429,60,24,37,33.777124376798206,0.6092509920634921,40.82991803278688,8293.442622950806,138.22404371584676,0
174,32,0,1,83,0.0,0.011904761904761904,0.9880952380952381,84,2550,1600,950,0.6274509803921569,35,16,19,275.84874897664895,0.43834265633964425,0.5968977844677559,0.1757768885107177,1075839.3847606648,40003.789677207256,1115843.1744378721,173,1,110.53571428571429,60,24,37,33.54036329711337,0.6103670634920635,40.69330601092895,8297.81420765025,138.2969034608375,0
175,32,0,0,83,0.0,0.0,1.0,83,2200,1500,700,0.6818181818181818,29,15,14,284.0276769729522,0.43788568909785486,0.6032805922485123,0.18134074760580787,1076406.2499999998,42345.83333333333,1118752.083333333,174,2,112.81927710843374,52,31,37,33.258032128514074,0.6114457831325302,40.625,8299.999999999998,159.61538461538458,0
176,32,0,2,81,0.0,0.024096385542168676,0.9759036144578314,83,1900,1200,700,0.631578947368421,26,12,14,274.65682142822436,0.4376775394259967,0.5932690678484414,0.16195617536723267,1052682.333342859,39325.27672991921,1092007.6100727783,175,3,113.81927710843374,53,30,40,36.4542597327718,0.5818273092369478,43.49922839506173,8208.024691358023,154.86839040298156,8
177,32,1,0,82,0.012195121951219513,0.0,1.0,82,3100,2300,800,0.7419354838709677,39,23,16,276.9629863369563,0.43788893907457593,0.5935690924987138,0.16455145349502423,1054977.9843893477,38937.97061524335,1093915.955004591,176,0,113.01219512195122,54,28,41,36.107833013718846,0.5866361788617886,43.21969696969697,8216.969696969696,152.16610549943883,0
178,32,0,1,81,0.0,0.012195121951219513,0.9878048780487805,82,2800,2200,600,0.7857142857142857,34,22,12,274.49272034053945,0.4377007427481682,0.5893661700880606,0.16375410044589989,1056223.34710744,38785.12396694229,1095008.4710743823,177,1,114.01219512195122,54,28,36,36.015590446705005,0.5879065040650406,43.06818181818183,8221.818181818197,152.25589225589252,0
179,32,0,0,81,0.0,0.0,1.0,81,2200,1300,900,0.5909090909090909,31,13,18,274.699679842402,0.43745498971193414,0.5841910891656625,0.16413033711059274,1056690.547520664,39654.51101928393,1096345.058539948,178,2,114.8395061728395,54,27,36,35.951894023140966,0.5889917695473251,43.01136363636365,8223.636363636386,152.2895622895627,0
180,32,1,1,81,0.012195121951219513,0.012195121951219513,0.9878048780487805,82,1450,800,650,0.5517241379310345,21,8,13,273.1281860371194,0.4381492773261066,0.5835160074513694,0.16421525922565022,1058582.2614223226,39975.730566670405,1098557.991988993,179,0,114.42682926829268,56,26,39,35.756068679692135,0.5905741869918699,42.78143274853803,8230.99415204682,146.9820384294075,0
181,32,1,0,82,0.012195121951219513,0.0,1.0,82,2650,1800,850,0.6792452830188679,35,18,17,290.8765777573331,0.4391090785907859,0.6106030714191415,0.1777097377942681,1063395.4909319242,42813.36824097139,1106208.8591728956,180,0,114.84146341463415,52,30,38,34.69845111941246,0.5959095528455285,42.19732704402515,8249.685534591186,158.6477987421382,8
182,32,0,1,81,0.0,0.012195121951219513,0.9878048780487805,82,2600,1700,900,0.6538461538461539,35,17,18,293.836233563098,0.43887069657733613,0.6145525792120874,0.18049547206283487,1065017.5094438493,43588.14673074624,1108605.6561745955,181,1,115.84146341463415,52,30,37,34.41983443792691,0.5974339430894309,42.000786163522,8255.97484276728,158.76874697629384,0
183,32,1,0,82,0.012195121951219513,0.0,1.0,82,2050,1200,850,0.5853658536585366,29,12,17,291.42282829843464,0.4385162601626016,0.6103654701373344,0.17411145094456376,1056671.7501073456,43137.65399986786,1099809.4041072135,182,0,116.8048780487805,57,25,33,35.52448051342977,0.5901930894308943,43.013649425287355,8223.563218390802,144.27303891913687,8
184,32,0,0,82,0.0,0.0,1.0,82,2500,1700,800,0.68,33,17,16,291.37637922630665,0.4382716049382716,0.6102587608242998,0.1745088490479228,1057410.345653323,42720.87957458056,1100131.2252279036,183,1,117.8048780487805,57,25,35,35.433258814214526,0.5909552845528455,42.923850574712645,8226.436781609198,144.3234523089333,0
185,32,1,0,83,0.012048192771084338,0.0,1.0,83,2150,1100,1050,0.5116279069767442,32,11,21,287.92419350743046,0.43942232344010185,0.6113573150686735,0.17337319618968106,1059038.6702416304,42234.57100450069,1101273.241246131,184,0,117.37349397590361,58,25,37,35.31844747918382,0.5921184738955823,42.725988700564976,8232.768361581931,141.9442820962402,0
186,32,2,0,85,0.023529411764705882,0.0,1.0,85,2300,1700,600,0.7391304347826086,29,17,12,283.8621931854797,0.440406162464986,0.6161284743241613,0.1727039926697347,1062148.8521579434,41000.78053259875,1103149.6326905421,185,0,115.58823529411765,54,31,38,35.034732431637785,0.5944852941176471,42.34848484848485,8244.848484848488,152.68237934904607,0
187,32,2,3,84,0.022988505747126436,0.034482758620689655,0.9655172413793104,87,2500,1700,800,0.68,33,17,16,274.13584895686887,0.44071883631827496,0.6194825226585721,0.16952463211885135,1067009.0669731442,38601.08728387192,1105610.154257016,186,0,113.9080459770115,55,32,37,34.680379480899894,0.6003352490421456,41.75967261904762,8263.69047619048,150.24891774891782,7
188,32,1,0,85,0.011764705882352941,0.0,1.0,85,2750,2100,650,0.7636363636363637,34,21,13,276.392495478876,0.4385912698412699,0.6142982583907277,0.17127610362095197,1067626.7109965468,39266.802178448095,1106893.5131749948,187,0,117.54117647058824,56,29,39,34.54530715717487,0.6019607843137256,41.68494152046784,8266.081871345035,147.60860484544705,0
189,32,0,1,84,0.0,0.011764705882352941,0.9882352941176471,85,2550,1800,750,0.7058823529411765,33,18,15,276.9764437861563,0.43812441643324,0.6158617255850343,0.1722252022640236,1068639.0625000002,39647.569444444445,1108286.6319444447,188,1,118.54117647058824,49,36,39,34.4043900309015,0.6029411764705883,41.5625,8270.000000000002,168.77551020408168,0
190,32,0,0,84,0.0,0.0,1.0,84,2100,1200,900,0.5714285714285714,30,12,18,271.6658484234612,0.4364810432205011,0.6032191833888596,0.16947274555831868,1069600.1358583986,39214.76567636424,1108814.901534763,189,2,120.73809523809524,51,33,39,34.42229345833011,0.6047867063492063,41.4463141025641,8273.717948717946,162.22976370035187,0
191,32,2,0,86,0.023255813953488372,0.0,1.0,86,2750,2000,750,0.7272727272727273,35,20,15,264.88721538400415,0.43769379844961237,0.6018088611731396,0.16633358966024925,1071538.6593204741,36817.37832874172,1108356.037649216,190,0,118.90697674418605,54,32,39,34.35716115339577,0.6065891472868217,41.2121212121212,8281.212121212095,153.3557800224462,0
192,32,0,0,86,0.0,0.0,1.0,86,2700,2000,700,0.7407407407407407,34,20,14,263.0732962812874,0.4377621979024168,0.5993370960275015,0.1656309473386982,1072314.7506925184,36519.47522314541,1108834.2259156639,191,1,119.90697674418605,56,30,40,34.30793802061272,0.6078003875968992,41.11842105263157,8284.21052631577,147.93233082706732,0
193,32,0,1,85,0.0,0.011627906976744186,0.9883720930232558,86,2350,1600,750,0.6808510638297872,31,16,15,264.70836840155624,0.4371580027359781,0.6023465843177089,0.16726311660076906,1073374.761678805,37276.25636948103,1110651.0180482862,192,2,120.90697674418605,56,30,36,34.134298784072996,0.6090116279069768,40.99049707602338,8288.304093567234,148.00543024227204,0
194,32,0,2,83,0.0,0.023529411764705882,0.9764705882352941,85,2250,1500,750,0.6666666666666666,30,15,15,258.94954247679163,0.43617530345471517,0.5833191746127508,0.15585354672709634,1058898.1674382756,35590.23919753112,1094488.4066358067,193,3,123.18823529411765,59,26,41,36.081398749268914,0.5900735294117647,42.74305555555557,8232.222222222254,139.52919020715683,8
195,32,1,0,84,0.011904761904761904,0.0,1.0,84,3000,2100,900,0.7,39,21,18,256.14380520548883,0.4353096911455345,0.5719876015714762,0.155098099372458,1060716.0794005138,34539.170564059226,1095255.249964573,194,0,125.57142857142857,55,29,39,35.92719019409528,0.5921378968253967,42.522321428571445,8239.285714285743,149.80519480519533,0
196,32,0,0,84,0.0,0.0,1.0,84,2450,1700,750,0.6938775510204082,32,17,15,256.0623126831165,0.4350497227003251,0.5713027247081865,0.15550186545749847,1061592.8031274616,35116.781659314234,1096709.5847867758,195,1,126.57142857142857,56,28,40,35.82017855031335,0.5935019841269842,42.415935672514635,8242.69005847956,147.1908939014207,0
197,32,0,0,84,0.0,0.0,1.0,84,2600,1900,700,0.7307692307692307,33,19,14,267.9846428882915,0.43483756454388983,0.5858264691748039,0.16115334709753082,1058639.5651367467,37339.829162117036,1095979.3942988638,196,2,127.57142857142857,62,22,37,35.881221743695214,0.5951140873015873,42.77447089947087,8231.216931216872,132.76156340672372,8
198,32,0,0,84,0.0,0.0,1.0,84,2000,1000,1000,0.5,30,10,20,268.58123868463156,0.4346702285331803,0.5889077499205695,0.16188907107159087,1059342.8557479822,38103.92327770171,1097446.7790256839,197,3,128.57142857142858,53,31,38,35.778153659694645,0.5958581349206349,42.68904320987655,8233.950617283965,155.3575588166786,0
199,32,0,0,84,0.0,0.0,1.0,84,2450,1900,550,0.7755102040816326,30,19,11,263.7381879991917,0.43461345381526106,0.5817335315023349,0.1596152278135906,1060562.824413621,36692.18351403076,1097255.0079276517,198,4,129.57142857142858,55,29,38,35.75074356380802,0.5974702380952381,42.54092261904763,8238.690476190488,149.79437229437252,0
200,32,0,0,84,0.0,0.0,1.0,84,2450,1400,1050,0.5714285714285714,35,14,21,263.10131151739637,0.4343206157965194,0.5806579567558228,0.16007003456440128,1062143.4675981016,36640.26786893935,1098783.735467041,199,5,130.57142857142858,57,27,40,35.57030995864119,0.5994543650793651,42.3491379310345,8244.827586206928,144.6460980036303,0
201,32,0,0,84,0.0,0.0,1.0,84,2600,2000,600,0.7692307692307693,32,20,12,258.58380659530576,0.43452082138076115,0.5727106967256488,0.15779670269299265,1063046.9184027798,35577.34375000017,1098624.26215278,200,6,131.57142857142858,59,25,40,35.57431636020745,0.6005704365079365,42.23958333333334,8248.33333333335,139.80225988700593,0
202,32,1,0,85,0.011764705882352941,0.0,1.0,85,1650,900,750,0.5454545454545454,24,9,15,256.81040992939404,0.43454715219421103,0.573699537136376,0.15745021618354882,1064447.045901262,36022.2164412072,1100469.262342469,201,0,131.01176470588234,61,24,35,35.44597880840716,0.6017156862745099,42.06989247311829,8253.763440860228,135.3075973911513,0
203,32,0,0,85,0.0,0.0,1.0,85,2600,1700,900,0.6538461538461539,35,17,18,255.76816134982596,0.4342495331465919,0.5690839460784309,0.1573957915998932,1065556.711758587,34907.096196092185,1100463.8079546792,202,1,132.01176470588234,61,24,36,35.335015190972214,0.603186274509804,41.93548387096775,8258.06451612905,135.37810682178772,0
204,32,1,0,86,0.011627906976744186,0.0,1.0,86,2850,1700,1150,0.5964912280701754,40,17,23,254.35603056395382,0.43500626994984043,0.5740480893892321,0.15785875132411709,1068074.7332870902,34284.24990091147,1102358.9831880017,203,0,131.46511627906978,57,29,39,35.05896936836738,0.6054990310077519,41.63074712643677,8267.816091954008,145.04940512200014,0
205,32,2,0,88,0.022727272727272728,0.0,1.0,88,2950,2100,850,0.711864406779661,38,21,17,250.79271413464454,0.43653126088470917,0.5806584923887408,0.15720978121034354,1071027.0583251223,33171.156573800385,1104198.2148989227,204,0,129.45454545454547,60,28,38,34.785245198336725,0.6079545454545454,41.27390710382514,8279.234972677601,137.98724954462668,0
206,32,1,0,89,0.011235955056179775,0.0,1.0,89,2350,1900,450,0.8085106382978723,28,19,9,266.98828445574645,0.436265747361253,0.617392093819755,0.1632403667651917,1063624.7357643035,36645.068701281685,1100269.8044655852,205,0,128.98876404494382,57,32,40,35.28576901643915,0.5960908239700374,42.169540229885065,8250.57471264369,144.74692478322265,8
207,32,1,1,89,0.011111111111111112,0.011111111111111112,0.9888888888888889,90,2200,1500,700,0.6818181818181818,29,15,14,263.96413996395415,0.43703183520599254,0.6162521864780592,0.16190243849174543,1064569.2688882523,36001.622298828705,1100570.891187081,206,0,128.54444444444445,58,32,34,35.246263974446734,0.5969907407407408,42.05508474576272,8254.237288135608,142.31443600233806,0
208,32,0,0,89,0.0,0.0,1.0,89,2900,2000,900,0.6896551724137931,38,20,18,268.99298868484493,0.43591994382022475,0.6208388676503831,0.16541343776677078,1065339.3566743832,36613.763503086455,1101953.1201774697,207,2,130.98876404494382,59,30,35,35.020759043710335,0.5984316479400749,41.96180555555556,8257.222222222224,139.95291902071565,0
209,32,0,0,89,0.0,0.0,1.0,89,3150,2600,550,0.8253968253968254,37,26,11,271.6644467792728,0.43583482294858694,0.6251095490507768,0.1677821284261356,1066629.9382716052,37003.08641975312,1103633.0246913582,208,3,131.98876404494382,59,30,36,34.791330464407395,0.5997191011235955,41.80555555555556,8262.222222222224,140.03766478342754,0
210,32,0,0,89,0.0,0.0,1.0,89,2200,1200,1000,0.5454545454545454,32,12,20,275.6800739226127,0.43529749744637386,0.630646396700608,0.17101358175292006,1067937.2487520934,38881.8039361376,1106819.052688231,209,4,132.98876404494382,53,36,37,34.52510950994299,0.6010065543071161,41.647376543209866,8267.283950617266,155.98648963428803,0
211,32,1,0,90,0.011111111111111112,0.0,1.0,90,2350,1700,650,0.723404255319149,30,17,13,274.0343443271242,0.4356143362463587,0.6327083180741722,0.1710741153680025,1069814.1012396656,38283.16115702446,1108097.2623966902,210,0,132.5,54,36,37,34.33448692595032,0.6028935185185185,41.420454545454525,8274.545454545423,153.23232323232264,0
212,32,0,1,89,0.0,0.011111111111111112,0.9888888888888889,90,3200,2100,1100,0.65625,43,21,22,270.4630048611781,0.43494850187265915,0.6272207823701488,0.17019435953968187,1072160.7975039084,36795.966197452755,1108956.7637013611,211,1,133.5,58,32,36,34.135719319783576,0.6049768518518519,41.13700564971751,8283.615819209026,142.82096240015562,0
213,32,1,1,89,0.011111111111111112,0.011111111111111112,0.9888888888888889,90,3000,2300,700,0.7666666666666667,37,23,14,264.1852478472768,0.4349224927174365,0.6199553322166389,0.16742950420894281,1074245.8767361103,35759.98263888886,1110005.859374999,212,0,134.3,59,31,36,34.03999162479063,0.6077546296296297,40.885416666666664,8291.66666666666,140.5367231638417,0
214,32,1,0,90,0.011111111111111112,0.0,1.0,90,2350,1700,650,0.723404255319149,30,17,13,266.7465255926677,0.4350863503953391,0.6227125689778827,0.16972949503553594,1075414.333811104,37022.60742333317,1112436.9412344373,213,0,134.5222222222222,60,30,37,33.82898608000703,0.6097222222222223,40.74453551912569,8296.174863387992,138.26958105646654,0
215,32,0,0,90,0.0,0.0,1.0,90,3500,2600,900,0.7428571428571429,44,26,18,270.37757446673623,0.4347378277153558,0.6277748514909427,0.17254178995801647,1076264.5196930342,36699.558063841934,1112964.0777568761,214,1,135.5222222222222,60,30,37,33.62961987534018,0.6111111111111112,40.642076502732245,8299.453551912575,138.32422586520957,0
216,32,1,0,91,0.01098901098901099,0.0,1.0,91,2850,2100,750,0.7368421052631579,36,21,15,268.9318660404495,0.43432539682539684,0.6278818310068313,0.17305180945211518,1078682.671591258,36968.42874730679,1115651.1003385647,215,0,135.02197802197801,56,35,36,33.368084881756765,0.6132097069597069,40.35087719298245,8308.771929824554,148.3709273182956,0
217,32,2,0,93,0.021505376344086023,0.0,1.0,93,3450,2500,950,0.7246376811594203,44,25,19,261.9668194103641,0.43559587813620076,0.6248626284827725,0.16976810764385908,1080733.5069444424,34573.26388888873,1115306.7708333312,216,0,133.09677419354838,59,34,38,33.29575818303272,0.6151433691756272,40.10416666666666,8316.66666666665,140.96045197740085,0
218,32,0,0,93,0.0,0.0,1.0,93,2950,2300,650,0.7796610169491526,36,23,13,263.1588907714627,0.43501636278634875,0.6272399040535992,0.171138979899444,1081744.4492669743,35384.133873456725,1117128.583140431,217,1,134.09677419354838,59,34,37,33.140050855756606,0.6163754480286738,39.982638888888886,8320.55555555555,141.02636534839914,0
219,32,0,1,92,0.0,0.010752688172043012,0.989247311827957,93,2300,1600,700,0.6956521739130435,30,16,14,269.0453091928424,0.4348069580800997,0.6345176219789548,0.17571348008650972,1082970.3262299055,37373.61725343936,1120343.9434833447,218,2,135.09677419354838,61,32,37,32.835741577871055,0.6177195340501792,39.83534946236557,8325.268817204258,136.47981667547964,0
220,32,0,1,91,0.0,0.010869565217391304,0.9891304347826086,92,3000,1900,1100,0.6333333333333333,41,19,22,270.91433680337093,0.4336702699474439,0.6345883990615082,0.17753827858535579,1083949.6618106104,37331.50075153174,1121281.1625621421,219,3,137.54347826086956,61,31,38,32.666322402960674,0.6194519927536232,39.71774193548386,8329.032258064488,136.54151242728668,0
221,32,0,1,90,0.0,0.01098901098901099,0.989010989010989,91,2700,1700,1000,0.6296296296296297,37,17,20,276.01593674336567,0.4326617826617827,0.6369078963494779,0.18169535157470834,1085236.384625655,39008.50745808658,1124244.8920837415,220,4,139.43956043956044,51,40,39,32.37483334615287,0.6212225274725275,39.56330128205127,8333.97435897434,163.4112619406733,0
222,32,1,0,91,0.01098901098901099,0.0,1.0,91,2600,2100,500,0.8076923076923077,31,21,10,267.21530218033746,0.4321835571835572,0.6240353053539869,0.1771407400546472,1087240.6684027757,37305.46874999983,1124546.1371527754,221,0,139.58241758241758,55,36,39,32.3572261072261,0.6231684981684982,39.32291666666666,8341.66666666665,151.66666666666634,0
223,32,1,0,92,0.010869565217391304,0.0,1.0,92,3350,2100,1250,0.6268656716417911,46,21,25,262.1111826239723,0.4324036470775601,0.6192006319481007,0.1747330359408967,1088834.2785493843,35329.12808641984,1124163.406635804,222,0,139.05434782608697,59,33,37,32.294300989396156,0.625,39.13194444444445,8347.77777777779,141.48775894538628,0
224,32,0,0,92,0.0,0.0,1.0,92,2200,1300,900,0.5909090909090909,31,13,18,246.8661242603544,0.43164466873706003,0.5986831103678913,0.15138017053701014,1064499.874023686,31957.791635172696,1096457.6656588586,223,1,140.05434782608697,62,30,34,35.69591346153846,0.5952219202898551,42.06349206349207,8253.968253968273,133.12852022529472,8
225,32,1,0,93,0.010752688172043012,0.0,1.0,93,3150,2000,1150,0.6349206349206349,43,20,23,246.78247135036378,0.4312129889356397,0.6047897414000518,0.1525206041283027,1066836.1451890757,30905.29208713124,1097741.437276207,224,0,139.53763440860214,63,30,35,35.40819676436601,0.5973342293906809,41.78059895833334,8263.020833333352,131.15906084656115,0
226,32,0,1,92,0.0,0.010752688172043012,0.989247311827957,93,2550,1800,750,0.7058823529411765,33,18,15,240.35080434186787,0.4313785647498831,0.5811781475628273,0.1484016532146411,1066547.9733560109,30119.132653061355,1096667.1060090722,225,1,140.53763440860214,62,31,44,35.60999039385207,0.5959901433691757,41.8154761904762,8261.904761904776,133.25652841781897,8
227,32,2,0,94,0.02127659574468085,0.0,1.0,94,2800,2200,600,0.7857142857142857,34,22,12,236.44843382126047,0.433150785480058,0.582682742897993,0.14739524974221868,1069383.8426457916,28970.826949471735,1098354.6695952634,226,0,139.18085106382978,58,36,44,35.35961437774589,0.5987367021276595,41.472457627118644,8272.881355932204,142.63588544710697,0
228,32,0,0,94,0.0,0.0,1.0,94,2150,1500,650,0.6976744186046512,28,15,13,235.46747041521215,0.43271228933119804,0.5812207686088062,0.14698459783588308,1069787.9822530863,29430.054012345623,1099218.036265432,227,1,140.18085106382978,59,35,46,35.33497829103438,0.5996232269503546,41.42361111111111,8274.444444444443,140.2448210922787,0
229,32,0,1,93,0.0,0.010638297872340425,0.9893617021276596,94,2800,1600,1200,0.5714285714285714,40,16,24,239.35779815025725,0.4327551856935865,0.585534828321951,0.1497041342083343,1070362.673611108,29639.930555555307,1100002.6041666633,228,2,141.18085106382978,59,35,46,35.16327694992613,0.6005097517730497,41.35416666666665,8276.66666666664,140.28248587570576,0
230,32,0,1,92,0.0,0.010752688172043012,0.989247311827957,93,3100,2300,800,0.7419354838709677,39,23,16,254.9326266448664,0.4319580800997351,0.6165214565601016,0.14917905249900607,1050340.2970678995,31853.202160493707,1082193.4992283932,229,3,143.55913978494624,59,34,37,37.25295884717891,0.5747087813620071,43.784722222222214,8198.888888888876,138.96421845574366,8
231,32,2,0,94,0.02127659574468085,0.0,1.0,94,2600,2000,600,0.7692307692307693,32,20,12,249.14882636393497,0.43265509418134673,0.6107241017980249,0.1467328009004514,1052303.4972452505,31036.036263463604,1083339.533508714,230,0,142.04255319148936,55,39,39,37.15585031793235,0.57635195035461,43.5453869047619,8206.547619047606,149.20995670995646,0
232,32,1,0,95,0.010526315789473684,0.0,1.0,95,2100,1300,800,0.6190476190476191,29,13,16,247.0432464022208,0.43340798805524444,0.6115519568151144,0.14598010014676682,1053324.0997229912,30943.321021852847,1084267.420744844,231,0,141.53684210526316,56,39,42,37.08244301994302,0.5776315789473685,43.421052631578945,8210.52631578947,146.61654135338338,0
233,32,1,2,94,0.010416666666666666,0.020833333333333332,0.9791666666666666,96,2800,2200,600,0.7857142857142857,34,22,12,243.75997956293457,0.4346491228070175,0.6113988240915553,0.14506914139531968,1055490.5339625461,29457.270197516293,1084947.8041600625,232,0,141.05208333333334,57,39,44,36.896531128359335,0.580078125,43.157327586206904,8218.965517241391,144.192377495463,0
234,32,2,0,96,0.020833333333333332,0.0,1.0,96,3100,2100,1000,0.6774193548387096,41,21,20,239.57296587292237,0.4358826754385965,0.6057070110285832,0.14364678642016154,1057755.1118827192,28381.90586419773,1086137.017746917,233,0,141.63541666666666,59,37,39,36.7220909295521,0.583984375,42.88194444444446,8227.777777777803,139.45386064030174,0
235,32,0,1,95,0.0,0.010416666666666666,0.9895833333333334,96,3150,2100,1050,0.6666666666666666,42,21,21,240.36032042420393,0.43525676169590644,0.6081881087342815,0.14473383130297815,1059041.0927854984,28560.29128086452,1087601.3840663629,234,1,142.63541666666666,59,37,39,36.54184099241965,0.5855034722222222,42.725694444444464,8232.777777777814,139.5386064030138,0
236,32,2,0,97,0.020618556701030927,0.0,1.0,97,2350,1400,950,0.5957446808510638,33,14,19,236.89815445742323,0.4359204968499428,0.6067704885294367,0.1437195734295509,1061291.5565900626,28533.60221948637,1089825.158809549,235,0,142.11340206185568,56,41,41,36.3512322902623,0.5874140893470791,42.45248538011696,8241.520467836262,147.17000835421896,0
237,32,1,0,98,0.01020408163265306,0.0,1.0,98,2850,2300,550,0.8070175438596491,34,23,11,233.43293945081768,0.4371449610772144,0.6052135551034397,0.1421340738958986,1062384.4171933366,27149.10346643695,1089533.5206597736,236,0,141.6530612244898,58,40,40,36.30481329222337,0.5890731292517006,42.319915254237294,8245.762711864418,142.16832261835202,0
238,32,0,1,97,0.0,0.01020408163265306,0.9897959183673469,98,4000,2900,1100,0.725,51,29,22,235.53664768742445,0.4364195420436216,0.6068897640499291,0.14442294571572692,1064479.4029706786,26544.78202160492,1091024.1849922836,237,1,142.6530612244898,59,39,38,35.99068059949295,0.5915178571428572,42.06597222222222,8253.888888888887,139.89642184557437,0
239,32,0,0,97,0.0,0.0,1.0,97,3100,2300,800,0.7419354838709677,39,23,16,234.52628299299525,0.43603235967926685,0.6013791955155336,0.1440107671601616,1064909.3364197535,27449.84567901241,1092359.1820987659,238,2,144.60824742268042,59,38,38,35.96343651861822,0.5924613402061856,42.01388888888889,8255.55555555556,139.92467043314508,0
240,32,1,0,98,0.01020408163265306,0.0,1.0,98,2550,1800,750,0.7058823529411765,33,18,15,273.0611158516954,0.4362464057788064,0.6329053124805619,0.16030804674156213,1051336.9261188286,35265.846836419834,1086602.7729552484,239,0,144.12244897959184,59,39,36,36.663633028558536,0.5773809523809523,43.66319444444445,8202.77777777779,139.0301318267422,8
241,32,1,1,98,0.010101010101010102,0.010101010101010102,0.98989898989899,99,2700,1700,1000,0.6296296296296297,37,17,20,271.1271788525198,0.43686868686868685,0.6347429017202655,0.15982457717287465,1052586.296993042,34576.95064050879,1087163.2476335508,240,0,143.65656565656565,60,39,37,36.55681313803819,0.578493265993266,43.51092896174863,8207.65027322404,136.79417122040067,0
242,32,2,2,98,0.02,0.02,0.98,100,3200,2500,700,0.78125,39,25,14,265.5434666110568,0.4369633838383838,0.6256104982883222,0.15758775930484611,1054632.7209472656,32810.16574435763,1087442.8866916234,241,0,143.12,63,37,37,36.44420142851105,0.5803125,43.26171875,8215.625,130.40674603174602,0
243,32,3,2,99,0.0297029702970297,0.019801980198019802,0.9801980198019802,101,2750,1500,1250,0.5454545454545454,40,15,25,257.5371736552923,0.436266501650165,0.619843677534921,0.15428551017547137,1057495.4126173377,31518.8759437814,1089014.288561119,242,0,142.47524752475246,65,36,36,36.29257730165551,0.5834364686468647,42.91351010101011,8226.767676767699,126.5656565656569,0
244,32,0,0,99,0.0,0.0,1.0,99,2900,1900,1000,0.6551724137931034,39,19,20,267.1674912175323,0.4346870061155776,0.6283758398891404,0.16067086555011675,1058656.3157462215,33867.7103879028,1092524.0261341243,243,1,146.25252525252526,64,35,39,35.90015160010798,0.5849116161616161,42.772435897435905,8231.282051282065,128.61378205128227,0
245,32,2,0,101,0.019801980198019802,0.0,1.0,101,3500,2700,800,0.7714285714285715,43,27,16,260.84649600377975,0.43619636963696373,0.6278452790574458,0.1581755531255733,1061153.2938054306,31659.62368240331,1092812.9174878339,244,0,144.33663366336634,60,41,41,35.751663240722316,0.5872524752475248,42.469262295081975,8240.983606557393,137.34972677595655,0
246,32,1,0,102,0.00980392156862745,0.0,1.0,102,3100,2300,800,0.7419354838709677,39,23,16,254.93981098178745,0.4368650100304148,0.6223364022040403,0.15572663579408175,1063342.2893948054,30717.656453450723,1094059.9458482561,245,0,143.91176470588235,63,39,42,35.631523980891075,0.5890522875816994,42.20377604166668,8249.47916666669,130.94411375661412,0
247,32,0,0,102,0.0,0.0,1.0,102,3550,2900,650,0.8169014084507042,42,29,13,245.681787370044,0.43690343299035783,0.6250102436333522,0.14646800793340178,1056019.7279750158,27938.962853385907,1083958.6908284016,246,1,144.91176470588235,64,38,36,36.781210363254516,0.5836397058823529,43.092948717948715,8221.025641025637,128.45352564102558,7
248,32,0,0,102,0.0,0.0,1.0,102,3000,2300,700,0.7666666666666667,37,23,14,243.49856806924845,0.43644033520999154,0.6217852562809525,0.14567226905119995,1057073.9686061786,28079.199539776353,1085153.168145955,247,2,145.91176470588235,64,38,36,36.70597190182262,0.5849673202614378,42.964743589743584,8225.128205128194,128.51762820512803,0
249,32,1,1,102,0.009708737864077669,0.009708737864077669,0.9902912621359223,103,2800,1800,1000,0.6428571428571429,38,18,20,241.56467611206887,0.4374325782092772,0.622397998977656,0.14515817061104108,1058416.132181136,27735.19003242504,1086151.322213561,248,0,145.48543689320388,66,37,39,36.588612504785495,0.5867718446601942,42.80161691542289,8230.348258706481,124.70224634403759,0
250,32,1,2,101,0.009708737864077669,0.019417475728155338,0.9805825242718447,103,3150,2100,1050,0.6666666666666666,42,21,21,274.2849238310778,0.4366869725236373,0.6658031486236689,0.16414482008579784,1057174.8903062595,34243.42685275599,1091418.3171590155,249,0,146.44660194174756,63,40,33,35.902047848202784,0.5832322006472492,42.95247395833333,8225.520833333323,130.5638227513226,8
251,32,0,0,101,0.0,0.0,1.0,101,2850,2100,750,0.7368421052631579,36,21,15,273.9405553928299,0.43514026402640266,0.6608559310952267,0.16481610926408216,1058788.2314266947,34959.00723208427,1093747.2386587788,250,1,150.17821782178217,64,37,37,35.70946507184982,0.5858085808580857,42.75641025641026,8231.794871794886,128.6217948717951,0
252,32,1,1,101,0.00980392156862745,0.00980392156862745,0.9901960784313726,102,2400,1500,900,0.625,33,15,18,267.2632689987309,0.43565772018378307,0.6544985382378707,0.16169918465859653,1060470.8767361168,33884.98263888928,1094355.859375006,251,0,149.69607843137254,59,43,38,35.671446152808684,0.5873161764705883,42.55208333333336,8238.33333333338,139.6327683615827,0
253,32,1,0,102,0.00980392156862745,0.0,1.0,102,3300,2500,800,0.7575757575757576,41,25,16,265.3906689426529,0.4361855303177376,0.6516616036085783,0.16150917852795796,1062229.4484911596,32681.156781131074,1094910.6052722908,252,0,149.55882352941177,61,41,36,35.50061945748568,0.5890522875816994,42.338709677419374,8245.161290322618,135.166578529879,0
254,32,0,0,102,0.0,0.0,1.0,102,3500,2400,1100,0.6857142857142857,46,24,22,266.3881179138135,0.4362745098039216,0.6525676112247807,0.16286585009157614,1063610.8440823066,32766.65818956192,1096377.5022718685,253,1,150.55882352941177,63,39,38,35.30297171895715,0.590890522875817,42.17122395833335,8250.520833333367,130.96064814814866,0
255,32,0,0,102,0.0,0.0,1.0,102,2100,1100,1000,0.5238095238095238,31,11,20,268.57620896752263,0.4358336568951013,0.6537943799427883,0.1647211981314751,1064551.052517366,34682.61718750031,1099233.6697048661,254,2,151.55882352941177,63,39,34,35.12956419316845,0.5917075163398693,42.057291666666686,8254.166666666704,131.0185185185191,0
256,32,2,2,102,0.019230769230769232,0.019230769230769232,0.9807692307692307,104,2000,1200,800,0.6,28,12,16,239.56368429763563,0.4376808719193428,0.6310682140178354,0.14083903223357766,1051764.1975308603,27592.9012345676,1079357.098765428,255,0,149.625,59,45,39,37.46896442759115,0.5754206730769231,43.61111111111109,8204.444444444413,139.05838041431207,8
257,32,2,2,102,0.019230769230769232,0.019230769230769232,0.9807692307692307,104,3400,2700,700,0.7941176470588235,41,27,14,249.8567889986472,0.4377567214339059,0.6459685586705344,0.14858031829777177,1055250.9825987613,28532.324419958637,1083783.30701872,256,0,150.45192307692307,60,44,43,36.769815147283715,0.578525641025641,43.186475409836056,8218.032786885227,136.96721311475378,0
258,32,4,1,105,0.03773584905660377,0.009433962264150943,0.9905660377358491,106,2500,1600,900,0.64,34,16,18,245.08636436468538,0.43843778077268647,0.6434248865536185,0.14712631295448422,1058112.2504340268,28165.776909722208,1086278.027343749,257,0,148.41509433962264,63,43,42,36.53586497890297,0.5806800314465409,42.838541666666664,8229.16666666666,130.62169312169303,0
259,32,3,0,108,0.027777777777777776,0.0,1.0,108,3500,2700,800,0.7714285714285715,43,27,16,239.9042695233182,0.44027272989500404,0.6409165936591368,0.14536783427493163,1060929.0962446956,25804.283970123703,1086733.3802148192,258,0,146.63888888888889,58,50,44,36.31884927436863,0.5829475308641976,42.49646892655368,8240.1129943503,142.07091369569483,0
260,32,2,0,110,0.01818181818181818,0.0,1.0,110,3450,3000,450,0.8695652173913043,39,30,9,237.65998325294632,0.44105157075340556,0.641914824018226,0.14530188323851534,1063610.8440823052,25105.5470784507,1088716.391160756,259,0,144.95454545454547,63,47,44,36.0436656987143,0.5850378787878787,42.17122395833334,8250.520833333356,130.9606481481485,0
261,32,1,0,111,0.009009009009009009,0.0,1.0,111,3450,2200,1250,0.6376811594202898,47,22,25,231.67721318214635,0.44131176631176633,0.6376780924754191,0.1428346368534411,1066107.6187779985,23748.56841414806,1089856.1871921467,260,0,144.63963963963963,66,45,40,35.88846895139434,0.5875563063063063,41.86878109452736,8260.19900497511,125.15453037841075,0
262,32,0,1,110,0.0,0.009009009009009009,0.990990990990991,111,2750,1900,850,0.6909090909090909,36,19,17,230.37455584991397,0.4409432159432159,0.6365263517581405,0.14246170412014408,1067006.7727283975,24212.242271230905,1091219.0149996285,261,1,145.63963963963963,66,45,40,35.81075657234598,0.5889639639639639,41.75995024875622,8263.681592039798,125.20729684908785,0
263,32,2,1,111,0.017857142857142856,0.008928571428571428,0.9910714285714286,112,2900,2100,800,0.7241379310344828,37,21,16,234.00658117210654,0.4425876769626769,0.6561821612793994,0.14236888946119816,1062143.467598102,24409.712313383792,1086553.1799114859,262,0,145.28571428571428,57,55,43,36.31993819415399,0.5842633928571428,42.3491379310345,8244.827586206931,144.64609800363039,8
264,32,1,0,112,0.008928571428571428,0.0,1.0,112,3050,2100,950,0.6885245901639344,40,21,19,229.84043221869257,0.44275357947232946,0.6493681984816546,0.14025651036378733,1063046.9184027836,23416.232638889272,1086463.1510416728,263,0,146.24107142857142,59,53,42,36.315206775779615,0.5854724702380952,42.23958333333336,8248.33333333338,139.80225988700644,0
265,32,2,2,112,0.017543859649122806,0.017543859649122806,0.9824561403508771,114,3450,2600,850,0.7536231884057971,43,26,17,223.48580455218132,0.44482449671376084,0.6450494025373601,0.13729419268630927,1065045.8413818262,21354.525349234762,1086400.366731061,264,0,144.6578947368421,62,52,37,36.23136161667949,0.5868969298245614,41.99735449735452,8256.084656084704,133.16265574330168,0
266,32,0,2,110,0.0,0.017857142857142856,0.9821428571428571,112,3400,2500,900,0.7352941176470589,43,25,18,225.17447245788532,0.4437741312741313,0.6416831495114068,0.1390573497523054,1066603.8581841213,22234.392217631263,1088838.2504017525,265,1,147.14285714285714,65,47,39,35.99490341707926,0.58984375,41.808712121212146,8262.12121212127,127.109557109558,0
267,32,0,0,110,0.0,0.0,1.0,110,3550,2500,1050,0.704225352112676,46,25,21,228.0307213994316,0.441529399499583,0.6407249303583042,0.1410733077529229,1067135.254232575,23117.924370684283,1090253.1786032591,266,2,150.73636363636365,66,44,41,35.85538197579917,0.5913825757575757,41.74440298507465,8264.179104477664,125.21483491632824,0
268,32,0,0,110,0.0,0.0,1.0,110,2600,1800,800,0.6923076923076923,34,18,16,229.32597288059773,0.44144599666388656,0.6429768239232752,0.1421214215613939,1067651.147545418,24368.027621588044,1092019.175167006,267,3,151.73636363636365,67,43,41,35.758082290616564,0.5921401515151515,41.68198529411766,8266.176470588258,123.37576821773519,0
269,32,1,1,110,0.009009009009009009,0.009009009009009009,0.990990990990991,111,3850,3000,850,0.7792207792207793,47,30,17,227.99999350710448,0.4424105924105924,0.6435946942708313,0.1420585491460007,1069237.7868747776,22707.2416929999,1091945.0285677775,268,0,151.36036036036037,58,53,40,35.59608773846923,0.5934684684684685,41.49011299435027,8272.31638418077,142.62614455484083,0
270,32,0,1,109,0.0,0.00909090909090909,0.990909090909091,110,2400,1800,600,0.75,30,18,12,228.3165793429567,0.44193077564637195,0.6411877894057325,0.14253728137497618,1069822.0698075255,24451.623096811174,1094273.6929043366,269,1,152.44545454545454,58,52,41,35.51566980745595,0.5948863636363637,41.41949152542372,8274.576271186432,142.665108123904,0
271,32,1,1,109,0.00909090909090909,0.00909090909090909,0.990909090909091,110,3550,2600,950,0.7323943661971831,45,26,19,227.67777070132377,0.44196031415068115,0.6401745598512347,0.14299447223284517,1071592.6544910248,23245.565334885956,1094838.2198259106,270,0,153.12727272727273,60,50,40,35.31342791158035,0.5970643939393939,41.20560109289617,8281.420765027306,138.02367941712177,0
272,32,0,0,109,0.0,0.0,1.0,109,2950,2200,750,0.7457627118644068,37,22,15,226.91480877215045,0.44193495865896476,0.635888726856553,0.1427552657718461,1072087.6736111066,23904.513888888578,1095992.187499995,271,1,155.26605504587155,61,48,43,35.27204896042921,0.5987194189602447,41.145833333333314,8283.333333333298,135.79234972677537,0
273,32,1,0,110,0.00909090909090909,0.0,1.0,110,3500,2500,1000,0.7142857142857143,45,25,20,225.35767178503954,0.4424555184876286,0.6362523055449381,0.14253547079028359,1073657.0606634545,22891.371097337065,1096548.4317607915,272,0,154.84545454545454,65,45,40,35.1186940230305,0.600189393939394,40.9564393939394,8289.393939393953,127.52913752913773,0
274,32,0,1,109,0.0,0.00909090909090909,0.990909090909091,110,3650,2700,950,0.7397260273972602,46,27,19,223.6574283654408,0.44173964414790107,0.6339436922415644,0.14205269098886122,1074881.0553633228,22431.026528258422,1097312.0818915812,273,1,155.84545454545454,67,43,43,35.01182033096925,0.6017045454545454,40.80882352941177,8294.117647058833,123.79280070237064,0
275,32,0,0,109,0.0,0.0,1.0,109,3200,2200,1000,0.6875,42,22,20,224.73371121088263,0.4409757616944161,0.632895408778986,0.1436306957845132,1076704.4028273253,23394.35526489655,1100098.7580922218,274,2,157.9908256880734,57,52,43,34.75924259207979,0.6038799694189603,40.58908045977013,8301.149425287382,145.63420044363826,0
276,32,3,0,112,0.026785714285714284,0.0,1.0,112,2600,1800,800,0.6923076923076923,34,18,16,214.89085881666705,0.44294964607464604,0.6251028131526895,0.13852305652994368,1079197.0350618605,21381.91553936895,1100578.9506012294,275,0,154.73214285714286,61,51,43,34.70802604907922,0.6056547619047619,40.28897849462367,8310.752688172071,136.24184734708314,0
277,32,0,1,111,0.0,0.008928571428571428,0.9910714285714286,112,3800,2500,1300,0.6578947368421053,51,25,26,214.87885858436232,0.442425126018876,0.6258874031923796,0.139087155745957,1080389.7567257353,20230.583550292562,1100620.3402760278,276,1,155.73214285714286,62,50,45,34.561778866547904,0.607421875,40.145502645502646,8315.343915343912,134.11845024748246,0
278,32,0,0,111,0.0,0.0,1.0,111,2800,1900,900,0.6785714285714286,37,19,18,215.96043013559662,0.44129811629811627,0.6245390943005142,0.1401798374241503,1081200.0369822502,21699.28500986199,1102899.321992112,277,2,157.96396396396398,64,47,47,34.4341440108501,0.6084834834834835,40.04807692307693,8318.46153846155,129.97596153846172,0
279,32,0,0,111,0.0,0.0,1.0,111,3100,2100,1000,0.6774193548387096,41,21,20,215.17890818081935,0.44104217854217853,0.6227174005761043,0.14001926110533916,1081915.1744719953,21261.06519742903,1103176.2396694242,278,3,158.96396396396398,65,46,40,34.36665452779802,0.6094219219219219,39.962121212121225,8321.212121212144,128.01864801864838,0
280,32,0,1,110,0.0,0.009009009009009009,0.990990990990991,111,3350,2700,650,0.8059701492537313,40,27,13,215.09701630461456,0.44067704067704067,0.6214730981570373,0.14050798941990655,1083027.9219530942,21041.214917339483,1104069.1368704336,279,4,159.96396396396398,67,44,43,34.23221855864345,0.6106418918918919,39.82843137254902,8325.490196078425,124.26104770266305,0
281,32,0,0,110,0.0,0.0,1.0,110,2650,1700,950,0.6415094339622641,36,17,19,215.90338736456454,0.43909681679177087,0.6200485818695458,0.14147375452029765,1083920.8515054318,22154.43669502122,1106075.288200453,280,5,162.2,67,43,43,34.10169354364077,0.6120265151515152,39.72120098039216,8328.92156862746,124.3122622183203,0
282,32,1,1,110,0.009009009009009009,0.009009009009009009,0.990990990990991,111,3100,2100,1000,0.6774193548387096,41,21,20,217.96799073253587,0.4391175266175266,0.6284044940582336,0.14383586934619302,1085937.6736111098,22039.93055555553,1107977.6041666653,281,0,161.72972972972974,59,52,41,33.80064640810345,0.614207957957958,39.479166666666664,8336.666666666657,141.2994350282484,0
283,32,0,0,110,0.0,0.0,1.0,110,3300,2400,900,0.7272727272727273,42,24,18,222.82715909158796,0.43824715040311374,0.6331740386752611,0.13766813907622324,1066734.261810023,22239.47301295812,1088973.7348229813,282,1,164.14545454545456,65,45,42,36.03937449062757,0.5892045454545455,41.79292929292931,8262.626262626292,127.11732711732758,8
284,32,0,0,110,0.0,0.0,1.0,110,3100,2100,1000,0.6774193548387096,41,21,20,217.1507526688523,0.43772935779816513,0.6185724511708757,0.1306136800558928,1058707.615312071,20879.83110425239,1079587.4464163235,283,2,165.14545454545456,71,39,37,37.18035245594298,0.5806818181818182,42.7662037037037,8231.48148148148,115.93635889410535,8
285,32,2,0,112,0.017857142857142856,0.0,1.0,112,3300,2100,1200,0.6363636363636364,45,21,24,211.65391329397124,0.44004048691548686,0.6156356517236912,0.12783402169214522,1059952.2018328775,19168.60628449804,1079120.8081173755,284,0,163.17857142857142,66,46,40,37.16739655693147,0.5822172619047619,42.61504975124379,8236.318407960214,124.79270315091233,0
286,32,1,0,113,0.008849557522123894,0.0,1.0,113,2550,1700,850,0.6666666666666666,34,17,17,213.67317930991115,0.44024573324905186,0.6225674504465293,0.12986417985019075,1061834.2742274615,20227.101054882805,1082061.3752823444,285,0,162.72566371681415,67,46,40,36.88213563655825,0.5838864306784661,42.38664215686275,8243.6274509804,123.03921568627463,0
287,32,1,0,114,0.008771929824561403,0.0,1.0,114,4200,3100,1100,0.7380952380952381,53,31,22,215.617386769941,0.440364138591316,0.6278447243845686,0.1316041005507015,1063108.2908163236,18844.92630385473,1081953.2171201783,286,0,162.28947368421052,69,45,39,36.67421968209985,0.5852521929824561,42.23214285714285,8248.571428571406,119.5445134575566,0
288,32,1,2,113,0.008695652173913044,0.017391304347826087,0.9826086956521739,115,3200,1700,1500,0.53125,47,17,30,213.94733895604583,0.44050661072972286,0.6259425400483696,0.13124989928559652,1064626.7412770826,19354.811655535672,1083981.5529326182,287,0,161.8695652173913,70,45,33,36.52931027945245,0.5869565217391304,42.048122065727696,8254.460093896707,117.92085848423866,0
289,32,0,1,112,0.0,0.008849557522123894,0.9911504424778761,113,4050,2800,1250,0.691358024691358,53,28,25,216.22543352326332,0.439886878423936,0.62262349605232,0.13312025891352336,1065687.5318877548,19435.749716553233,1085123.281604308,288,2,165.05309734513276,69,44,34,36.33928914643753,0.5886799410029498,41.919642857142854,8258.571428571426,119.68944099378878,0
290,32,1,1,112,0.008849557522123894,0.008849557522123894,0.9911504424778761,113,3550,2500,1050,0.704225352112676,46,25,21,227.51700830064752,0.4401370891276865,0.6444882761821389,0.1361531882769209,1057167.0150903496,21954.695309496343,1079121.7103998458,289,0,166.02654867256638,67,46,39,37.10518474374257,0.5788163716814159,42.95343137254902,8225.490196078428,122.76851038923027,8
291,32,0,0,112,0.0,0.0,1.0,112,3500,2800,700,0.8,42,28,14,232.76384466493562,0.4396919240669241,0.6488816622370515,0.13999516940507759,1058686.9041576262,23384.806821629576,1082071.7109792558,290,1,168.46428571428572,68,44,40,36.78130563217715,0.5805431547619048,42.76871980676329,8231.400966183597,121.05001420858231,0
292,32,2,0,114,0.017543859649122806,0.0,1.0,114,3200,2100,1100,0.65625,43,21,22,226.57649165802616,0.441347422760441,0.642778061659002,0.1372786978869218,1060900.0,22075.0,1082975.0,291,0,166.49122807017545,64,50,43,36.665655339805824,0.5826937134502924,42.5,8240.0,128.75,0
293,32,2,0,116,0.017241379310344827,0.0,1.0,116,2700,2000,700,0.7407407407407407,34,20,14,221.40981686137258,0.44231009495252377,0.6412049086594234,0.13507764969214828,1062971.1078671645,21170.447664359766,1084141.5555315244,292,0,164.60344827586206,67,49,43,36.541909346646065,0.5845905172413793,42.248774509803916,8248.03921568626,123.10506292069044,0
294,32,3,0,119,0.025210084033613446,0.0,1.0,119,3500,2500,1000,0.7142857142857143,45,25,20,213.43641176154415,0.44350875943597773,0.6369767152947039,0.13124799946329685,1065335.4822305455,18176.27652990854,1083511.7587604541,293,0,161.42857142857142,73,46,41,36.45481015765646,0.5867471988795518,41.96227477477479,8257.20720720724,113.11242749598959,0
295,32,1,2,118,0.008333333333333333,0.016666666666666666,0.9833333333333333,120,3700,2600,1100,0.7027027027027027,48,26,22,210.65398883294714,0.4439673786181139,0.6358813352695447,0.13025239821652823,1066974.2253086474,17252.475308642264,1084226.7006172896,294,0,161.075,74,46,42,36.324042202262525,0.5884548611111111,41.76388888888891,8263.555555555598,111.66966966967024,0
296,32,0,3,115,0.0,0.025423728813559324,0.9745762711864406,118,4150,3000,1150,0.7228915662650602,53,30,23,211.2281222030997,0.4424435028248588,0.6312267424215465,0.1308095034502521,1067433.3611111185,17344.38888888926,1084777.7500000077,295,1,164.6271186440678,74,44,44,36.25248696026243,0.5896892655367232,41.70833333333336,8265.333333333392,111.69369369369448,0
297,32,0,1,114,0.0,0.008695652173913044,0.991304347826087,115,3650,2700,950,0.7397260273972602,46,27,19,214.30828147165496,0.4409833460462751,0.6277257440818518,0.1331126086323938,1068316.0400390592,19139.794921874767,1087455.834960934,296,2,168.22608695652173,63,52,44,36.06386999244139,0.5914855072463768,41.601562499999986,8268.749999999975,131.2499999999996,0
298,32,0,0,114,0.0,0.0,1.0,114,3450,2700,750,0.782608695652174,42,27,15,215.11206228763305,0.4399986415152926,0.6273590907163156,0.1341477735170615,1069500.694444443,19762.49999999994,1089263.194444443,297,3,168.51754385964912,64,50,46,35.896790222938506,0.593110380116959,41.45833333333333,8273.333333333323,129.27083333333317,0
299,32,0,0,114,0.0,0.0,1.0,114,3400,2400,1000,0.7058823529411765,44,24,20,218.02739404542334,0.43973341354862083,0.631603032842954,0.13643569916038295,1070519.4344008227,20480.512511478184,1090999.946912301,298,4,169.51754385964912,65,49,42,35.6956266398194,0.594389619883041,41.33522727272726,8277.272727272697,127.34265734265688,0
300,32,0,0,114,0.0,0.0,1.0,114,3300,2400,900,0.7272727272727273,42,24,18,219.15152187863225,0.43939055788438647,0.6332009152606211,0.13772484204865312,1071775.0705967424,20876.227566570742,1092651.2981633132,299,5,170.51754385964912,68,46,44,35.511573533986635,0.596217105263158,41.18357487922704,8282.1256038647,121.79596476271618,0
301,32,0,0,114,0.0,0.0,1.0,114,4150,3000,1150,0.7228915662650602,53,30,23,224.48530754896396,0.43930484396832786,0.641649302247749,0.14170177030375794,1073074.0114795875,21227.869897958968,1094301.8813775466,300,6,171.51754385964912,69,45,37,35.213217548698516,0.5975877192982456,41.0267857142857,8287.142857142824,120.10351966873658,0
302,32,1,0,115,0.008695652173913044,0.0,1.0,115,4000,2900,1100,0.725,51,29,22,221.01610805076464,0.43977561657767605,0.640092351921866,0.14023090993565712,1074580.4403888087,20499.917344442067,1095080.3577332508,301,0,171.01739130434783,70,45,38,35.11732903079711,0.5996376811594203,40.8450704225352,8292.957746478849,118.47082494969784,0
303,32,0,0,115,0.0,0.0,1.0,115,4100,2900,1200,0.7073170731707317,53,29,24,220.72469981247562,0.4393497330282227,0.6403736278459944,0.14063847282581682,1075814.151081084,20391.751110276964,1096205.902191361,302,1,172.01739130434783,72,43,39,34.97287493579867,0.6010869565217392,40.69634703196346,8297.716894977148,115.24606798579372,0
304,32,0,1,114,0.0,0.008695652173913044,0.991304347826087,115,3350,2500,850,0.746268656716418,42,25,17,220.75191486088673,0.43897787948131195,0.6396522290564297,0.14088662680986647,1076292.4920408153,21168.72571368089,1097461.2177544963,303,2,173.01739130434783,75,40,39,34.91325591431945,0.6019021739130435,40.63870614035086,8299.561403508733,110.66081871344977,0
305,32,0,0,114,0.0,0.0,1.0,114,3850,2800,1050,0.7272727272727273,49,28,21,219.9964234841771,0.4384137426900585,0.635735694088096,0.1406547530651541,1076811.5615844699,20728.938462998896,1097540.5000474688,304,3,175.19298245614036,63,51,40,34.86894043959258,0.6029788011695907,40.576171874999986,8301.562499999978,131.77083333333297,0
306,32,2,0,116,0.017241379310344827,0.0,1.0,116,3800,2400,1400,0.631578947368421,52,24,28,215.5614285182535,0.43971451774112946,0.6332532078995619,0.13865467369851475,1078568.7934027724,19499.565972221902,1098068.3593749944,305,0,173.1551724137931,67,49,40,34.7678452022735,0.6047054597701149,40.364583333333314,8308.333333333292,124.0049751243775,0
307,32,0,2,114,0.0,0.017241379310344827,0.9827586206896551,116,4100,3300,800,0.8048780487804879,49,33,16,215.34736624413085,0.4395848950524737,0.6341963922313989,0.13911549850729013,1079818.5744946974,19207.217207784946,1099025.7917024824,306,1,174.1551724137931,70,46,41,34.61978313661261,0.6062320402298851,40.214201877934265,8313.14553990609,118.75922199865843,0
308,32,0,0,114,0.0,0.0,1.0,114,3800,2600,1200,0.6842105263157895,50,26,24,216.18505695154096,0.43844770480774203,0.6299007123833755,0.13997922319409548,1080486.001275509,20116.985544217663,1100602.9868197266,307,2,177.97368421052633,69,45,43,34.51601242627269,0.6074561403508771,40.13392857142857,8315.714285714275,120.51759834368515,0
309,32,0,0,114,0.0,0.0,1.0,114,3100,1900,1200,0.6129032258064516,43,19,24,217.86546883652576,0.4379754696475702,0.6332109688475467,0.14157660334624408,1081526.7618032151,21225.467003901453,1102752.2288071166,308,3,178.97368421052633,70,44,42,34.34449241013487,0.6089181286549707,40.008802816901415,8319.718309859167,118.85311871227381,0
310,32,0,0,114,0.0,0.0,1.0,114,2950,1900,1050,0.6440677966101694,40,19,21,223.4730641248468,0.4379609144542773,0.6405183557456209,0.14562901465154063,1082336.1982913222,22624.597329080003,1104960.7956204023,309,4,179.97368421052633,72,42,37,34.099252939778,0.6099232456140351,39.911529680365305,8322.83105022833,115.59487569761569,0
311,32,0,0,114,0.0,0.0,1.0,114,2850,1900,950,0.6666666666666666,38,19,19,220.30043887464086,0.4376002691093515,0.6358338264086323,0.1440365185686297,1083286.5016628108,22079.698348658392,1105366.2000114692,310,5,180.97368421052633,72,42,38,34.06509916826616,0.6111111111111112,39.79737442922375,8326.484018264851,115.6456113647896,0
312,32,0,1,113,0.0,0.008771929824561403,0.9912280701754386,114,3300,2100,1200,0.6363636363636364,45,21,24,219.0904015377389,0.4373997308906485,0.6350145357363697,0.1437204672870541,1084237.2220397836,21409.193667771815,1105646.4157075554,311,6,181.97368421052633,72,42,42,33.97992837435364,0.6120248538011697,39.6832191780822,8330.13698630138,115.69634703196363,0
313,32,0,0,113,0.0,0.0,1.0,113,2950,2000,950,0.6779661016949152,39,20,19,221.72133379639328,0.43646623472397805,0.6377651925058636,0.14574986611818358,1084834.8475164361,22556.20586803027,1107391.0533844663,312,7,184.53097345132744,73,40,42,33.83811763433884,0.6132005899705015,39.61148648648649,8332.432432432439,114.14291003332109,0
314,32,0,0,113,0.0,0.0,1.0,113,3050,2300,750,0.7540983606557377,38,23,15,219.7637400406932,0.4360283659924147,0.6336274339600525,0.14499333978117665,1085883.3991156723,22077.559407552388,1107960.9585232248,313,8,185.53097345132744,63,50,40,33.760516889499776,0.6143067846607669,39.48567708333335,8336.458333333365,132.32473544973595,0
315,32,0,0,113,0.0,0.0,1.0,113,4000,3100,900,0.775,49,31,18,218.07312379950653,0.4353468710493047,0.631786719073564,0.14459710099544176,1087306.4969454664,20822.46486327939,1108128.9618087457,314,9,186.53097345132744,65,48,43,33.63018657544753,0.6158738938053097,39.31502525252526,8341.919191919205,128.33721833721853,0
316,32,1,1,113,0.008771929824561403,0.008771929824561403,0.9912280701754386,114,3550,2800,750,0.7887323943661971,43,28,15,219.4015163286202,0.435649873208094,0.6378646216339254,0.14656021290751825,1089414.0625,21453.81944444443,1110867.8819444445,315,0,185.8859649122807,67,47,44,33.33749168330005,0.6176900584795322,39.0625,8350.0,124.6268656716418,0
317,32,0,0,113,0.0,0.0,1.0,113,2950,1900,1050,0.6440677966101694,40,19,21,219.12870021380238,0.4345830699536452,0.6351447920561728,0.14677488410547154,1090181.660899655,22228.01806997317,1112409.6789696282,316,1,188.00884955752213,67,46,46,33.25068466353681,0.6190081120943953,38.97058823529412,8352.941176470596,124.67076382791934,0
318,32,0,0,113,0.0,0.0,1.0,113,3500,2400,1100,0.6857142857142857,46,24,22,219.87352129187457,0.4343427359882006,0.6370551771020971,0.1477159476121674,1091029.9886621307,21877.721088435275,1112907.709750566,317,2,189.00884955752213,69,44,39,33.12746941721751,0.6201143067846608,38.86904761904761,8356.190476190468,121.10420979986185,0
319,32,0,1,112,0.0,0.008849557522123894,0.9911504424778761,113,3200,2200,1000,0.6875,42,22,20,219.52968256552663,0.434102402022756,0.636782888077972,0.14784067208954013,1091710.5550465072,22132.574320558735,1113843.1293670658,318,3,190.00884955752213,71,42,39,33.05322856087878,0.6212205014749262,38.787615740740726,8358.796296296268,117.72952529994744,0
320,32,1,0,113,0.008849557522123894,0.0,1.0,113,2600,1900,700,0.7307692307692307,33,19,14,216.65331639094944,0.4345600242309313,0.6319587058785401,0.14635924910777198,1092589.9379108807,22142.646700754598,1114732.5846116352,319,0,189.99115044247787,73,40,40,33.020900667959495,0.6224188790560472,38.68243243243242,8362.162162162136,114.55016660496076,0
321,32,0,1,112,0.0,0.008849557522123894,0.9911504424778761,113,2700,1700,1000,0.6296296296296297,37,17,20,221.4250567451307,0.4342966445427729,0.6397771744878884,0.15020997092710237,1093767.3611111129,23137.500000000087,1116904.8611111129,320,1,190.99115044247787,71,42,42,32.7523240371846,0.6236172566371682,38.54166666666667,8366.66666666668,117.84037558685466,0
322,32,1,1,112,0.008849557522123894,0.008849557522123894,0.9911504424778761,113,3350,2300,1050,0.6865671641791045,44,23,21,260.94828944668376,0.43420116940581543,0.6922795124184302,0.1617145764079786,1067643.2334052233,29769.93509928415,1097413.1685045075,321,0,191.42477876106196,63,50,38,34.942203284817175,0.5873893805309734,41.68294270833335,8266.145833333367,131.20866402116454,8
323,32,1,0,113,0.008849557522123894,0.0,1.0,113,2800,1700,1100,0.6071428571428571,39,17,22,259.83812320039954,0.43423409186683526,0.6913235500998296,0.16170789655188783,1068894.3246551568,30147.899043590758,1099042.2236987476,322,0,192.39823008849558,53,60,38,34.81564233649277,0.5887721238938053,41.531635802469125,8270.987654320968,156.0563708362447,0
324,32,0,0,113,0.0,0.0,1.0,113,3650,2700,950,0.7397260273972602,46,27,19,257.7458118207107,0.4344250421407501,0.6889465194413993,0.16096955417482128,1069931.640625,28904.079861111117,1098835.720486111,323,1,193.39823008849558,55,58,37,34.74110439744883,0.5898783185840708,41.40625,8275.0,150.45454545454547,0
325,32,1,0,114,0.008771929824561403,0.0,1.0,114,3450,2400,1050,0.6956521739130435,45,24,21,253.13615699911492,0.43459543031620346,0.6854176938586076,0.1592131895349622,1072016.949595391,28023.250171698324,1100040.1997670894,324,0,192.69298245614036,60,54,37,34.602052821392455,0.5922880116959064,41.15437158469946,8283.060109289629,138.0510018214938,0
326,32,0,0,114,0.0,0.0,1.0,114,3400,2300,1100,0.6764705882352942,45,23,22,261.7019375956926,0.4343754851731098,0.6953674402250336,0.16539562456047832,1073431.8731523824,29983.840216190678,1103415.7133685732,325,1,193.69298245614036,60,54,34,34.205097354078774,0.59375,40.983606557377065,8288.524590163966,138.14207650273278,0
327,32,0,1,113,0.0,0.008771929824561403,0.9912280701754386,114,3950,2800,1150,0.7088607594936709,51,28,23,237.5816429747754,0.4340649743828598,0.6615905926109718,0.15247574126811178,1077916.369222583,24468.628397861026,1102384.997620444,326,2,194.69298245614036,62,52,40,34.27652673376652,0.6038011695906433,40.44312169312168,8305.820105820081,133.96484041645292,7
328,32,0,0,113,0.0,0.0,1.0,113,2900,2200,700,0.7586206896551724,36,22,14,237.93629001612183,0.4329501158870628,0.6590681336905067,0.15308357310196294,1078638.588998729,25829.452826916455,1104468.0418256454,327,3,197.38053097345133,61,52,40,34.17831413657737,0.6048119469026549,40.35618279569893,8308.602150537641,136.2065926317646,0
329,32,0,2,111,0.0,0.017699115044247787,0.9823008849557522,113,2750,1800,950,0.6545454545454545,37,18,19,235.75850353227756,0.43242664875684783,0.6570851372151696,0.1523847538462638,1079977.328637215,25572.76776965923,1105550.0964068742,328,4,198.38053097345133,62,51,41,34.06998451388446,0.6061946902654867,40.195105820105816,8313.756613756605,134.0928486089775,0
330,32,1,0,112,0.008928571428571428,0.0,1.0,112,3050,2500,550,0.819672131147541,36,25,11,235.68179107310638,0.4324156746031746,0.6543449684517055,0.14928767684186087,1074093.8195684333,25178.871035288743,1099272.6906037221,329,0,200.00892857142858,70,42,35,34.79732918082298,0.6015625,40.90375586854462,8291.079812206617,118.44399731723739,8
331,32,2,0,114,0.017543859649122806,0.0,1.0,114,3650,2900,750,0.7945205479452054,44,29,15,233.33368679259323,0.43350864255032867,0.6578409639805263,0.1489164706636169,1076292.49204082,23777.059047014445,1100069.5510878344,330,0,197.48245614035088,75,39,39,34.58693344959396,0.6038011695906433,40.63870614035088,8299.561403508771,110.66081871345028,0
332,32,0,0,114,0.0,0.0,1.0,114,3050,2100,950,0.6885245901639344,40,21,19,236.10440252569933,0.4332029834911763,0.6599305087417469,0.15117039530133755,1077229.8201688032,25017.740614764087,1102247.5607835674,331,1,198.48245614035088,62,52,39,34.39949340470272,0.6048062865497076,40.52579365079363,8303.174603174562,133.92217101894457,0
333,32,1,0,115,0.008695652173913044,0.0,1.0,115,3550,2600,950,0.7323943661971831,45,26,19,233.82082983529045,0.43319031273836767,0.6585097108475764,0.1508862342239542,1079505.4925929985,23932.17401796945,1103437.666610968,332,0,197.7478260869565,66,49,39,34.178413239959305,0.6067934782608695,40.25186567164177,8311.940298507412,125.93848937132442,0
334,32,1,1,115,0.008620689655172414,0.008620689655172414,0.9913793103448276,116,3600,2700,900,0.75,45,27,18,230.16748457689133,0.43332240129935035,0.6552976015747769,0.14972132465799665,1081816.6775173557,22999.80468749968,1104816.4822048554,333,0,197.0344827586207,71,45,35,33.989004339843085,0.6091056034482758,39.973958333333314,8320.83333333329,117.19483568075057,0
335,32,0,0,115,0.0,0.0,1.0,115,3150,1900,1250,0.6031746031746031,44,19,25,233.81694885103656,0.4321224256292906,0.6630395888133731,0.1424518197461041,1062561.0321672808,23538.95570187241,1086099.9878691533,334,2,199.7478260869565,60,55,41,36.27299935944163,0.5821557971014493,42.29849726775957,8246.448087431709,137.44080145719514,6
336,32,0,0,115,0.0,0.0,1.0,115,3800,2700,1100,0.7105263157894737,49,27,22,235.28932138355825,0.4322654462242563,0.6647894392015279,0.14395201910461353,1063817.6116640097,23260.984784860637,1087078.5964488704,335,3,200.7478260869565,62,53,38,36.07913861280326,0.583786231884058,42.14616402116403,8251.322751322772,133.08585082778666,0
337,32,0,0,115,0.0,0.0,1.0,115,3000,2300,700,0.7666666666666667,37,23,14,231.65425071400819,0.43192537503178235,0.6596845425867506,0.14220448775433925,1064819.7597927554,23334.00472005234,1088153.7645128076,336,4,201.7478260869565,63,52,36,36.04863301787594,0.5851449275362319,42.02473958333335,8255.208333333363,131.0350529100534,0
338,32,2,0,117,0.017094017094017096,0.0,1.0,117,4000,3000,1000,0.75,50,30,20,227.7674296786206,0.43359797131348854,0.6595257429084977,0.14109531224250177,1067524.5248221832,21229.46342752784,1088753.988249711,337,0,199.28205128205127,67,50,40,35.81400980508441,0.5878739316239316,41.697303921568626,8265.686274509799,123.3684518583552,0
339,32,2,0,119,0.01680672268907563,0.0,1.0,119,3250,2700,550,0.8307692307692308,38,27,11,220.75861180577414,0.4349036224659355,0.6548582048465439,0.13793289748257723,1070066.3291083423,20195.27147081157,1090261.600579154,338,0,196.91596638655463,63,56,44,35.68093492353203,0.5900735294117647,41.38997395833333,8275.520833333318,131.3574735449733,0
340,32,2,0,121,0.01652892561983471,0.0,1.0,121,3050,2000,1050,0.6557377049180327,41,20,21,215.42419082927373,0.43565484389348025,0.6516487963277886,0.13525973807443462,1071508.2276738207,18915.75858270841,1090423.986256529,339,0,194.64462809917356,66,55,44,35.64095824571945,0.5916838842975207,41.2157960199005,8281.09452736319,125.47112920247257,0
341,32,0,0,121,0.0,0.0,1.0,121,3350,2300,1050,0.6865671641791045,44,23,21,217.74741571971424,0.435522842056933,0.6552210066587056,0.1372247136649746,1072595.290873705,19160.970540177004,1091756.261413882,340,1,195.64462809917356,67,54,44,35.44674200291878,0.5929752066115703,41.08455882352942,8285.294117647078,123.66110623353848,0
342,32,1,2,120,0.00819672131147541,0.01639344262295082,0.9836065573770492,122,3250,2300,950,0.7076923076923077,42,23,19,222.8056181028639,0.43551432732692047,0.6640270872848244,0.13688886628871116,1065073.143424029,19810.85600906986,1084883.9994330988,341,0,195.0327868852459,69,53,38,36.24553004960201,0.5876878415300546,41.99404761904759,8256.190476190419,119.65493443754231,8
343,32,1,0,121,0.008264462809917356,0.0,1.0,121,3750,2700,1050,0.72,48,27,21,219.3339057109696,0.4344036960514233,0.6558943689953463,0.13544058412864832,1066582.125021426,18837.524648490682,1085419.6496699166,342,0,197.59504132231405,71,50,40,36.14838992864881,0.5892734159779615,41.81134259259257,8262.037037036978,116.36671883150673,0
344,32,0,1,120,0.0,0.008264462809917356,0.9917355371900827,121,3850,2800,1050,0.7272727272727273,49,28,21,221.11258869648276,0.4347021349862259,0.660271367286279,0.13703530274469009,1067659.820609444,19164.605356434917,1086824.4259658789,343,1,198.59504132231405,72,49,40,35.969176379605585,0.5903064738292011,41.68093607305933,8266.210045662026,114.80847285641704,0
345,32,0,0,120,0.0,0.0,1.0,120,3950,2800,1150,0.7088607594936709,51,28,23,218.30138713944135,0.43376371381886086,0.6521783598949733,0.13588452364814263,1068952.3430325994,18720.75585399445,1087673.098886594,344,2,201.20833333333334,65,55,40,35.88206783904254,0.5919270833333333,41.52462121212121,8271.212121212126,127.24941724941732,0
346,32,2,0,122,0.01639344262295082,0.0,1.0,122,3850,2900,950,0.7532467532467533,48,29,19,215.29970859400578,0.4344361084767195,0.653112230537034,0.13498188857285648,1071072.7995242206,17870.332324106064,1088943.1318483267,345,0,198.89344262295083,67,55,41,35.69789816459444,0.5938353825136612,41.268382352941174,8279.411764705876,123.57330992098322,0
347,32,3,2,123,0.024,0.016,0.984,125,3650,2900,750,0.7945205479452054,44,29,15,213.15666263607855,0.43600806451612906,0.6565968948955654,0.13486866435200062,1073766.0884987984,17126.079175239956,1090892.1676740383,346,0,195.096,71,54,40,35.421320600171214,0.5958333333333333,40.94328703703703,8289.814814814805,116.75795513823668,0
348,32,0,0,123,0.0,0.0,1.0,123,3750,2700,1050,0.72,48,27,21,218.2252154384631,0.4342596294815407,0.659173733300187,0.13823017591977252,1074093.8195684282,18528.871035288405,1092622.6906037165,347,1,198.58536585365854,70,53,40,35.24962249905623,0.5971375338753387,40.9037558685446,8291.079812206575,118.44399731723679,0
349,32,0,0,123,0.0,0.0,1.0,123,4150,3100,1050,0.7469879518072289,52,31,21,216.74961347502335,0.43455673286241064,0.6577620149034342,0.13793778379081242,1075458.9699182652,17871.06320760609,1093330.0331258713,348,2,199.58536585365854,72,51,40,35.11968646228925,0.599170054200542,40.73915525114155,8296.347031963456,115.22704211060356,0
350,32,1,0,124,0.008064516129032258,0.0,1.0,124,2650,1900,750,0.7169811320754716,34,19,15,214.51846799877396,0.43526668633621823,0.6573610405487749,0.13702528354695215,1076541.345384384,18737.60002983935,1095278.9454142235,349,0,198.96774193548387,63,61,41,35.044302043462835,0.600554435483871,40.60872395833333,8300.52083333332,131.7542989417987,0
351,32,0,0,124,0.0,0.0,1.0,124,3550,2800,750,0.7887323943661971,43,28,15,215.16088022978062,0.43483914677856456,0.6578685298640039,0.1380644063471289,1077869.8882314288,18033.086785009997,1095902.9750164389,350,1,199.96774193548387,64,60,39,34.86418971762576,0.6018145161290323,40.448717948717956,8305.641025641042,129.77564102564128,0
352,32,0,0,124,0.0,0.0,1.0,124,2950,1600,1350,0.5423728813559322,43,16,27,214.47148492715343,0.4346274259113559,0.6571301107951766,0.13792243655401384,1078503.2299000097,18511.637843077227,1097014.867743087,351,2,200.96774193548387,65,59,43,34.80420466058764,0.6027385752688172,40.37247474747475,8308.080808080806,127.81662781662777,0
353,32,0,1,123,0.0,0.008064516129032258,0.9919354838709677,124,3600,2800,800,0.7777777777777778,44,28,16,216.60622903877646,0.4340988067138736,0.6573707778615694,0.1380104316765725,1075805.9286318996,18205.253075702894,1094011.1817076025,352,3,201.96774193548387,71,53,40,35.080680782607054,0.6001344086021505,40.697337962962955,8297.68518518517,116.86880542514324,8
354,32,0,0,123,0.0,0.0,1.0,123,3150,2300,850,0.7301587301587301,40,23,17,217.42128265925896,0.4333544360033765,0.6562078019600566,0.13887947822607638,1076541.345384384,19062.600029839356,1095603.9454142235,353,7,204.58536585365854,63,60,40,34.96900556357326,0.6013719512195121,40.60872395833333,8300.52083333332,131.7542989417987,0
355,32,0,0,123,0.0,0.0,1.0,123,3600,2500,1100,0.6944444444444444,47,25,22,218.03657841688099,0.43295737260651296,0.6580587052969198,0.13953115602342456,1077081.811692981,18768.646579318658,1095850.4582722997,354,8,205.58536585365854,63,60,40,34.88652165276124,0.6029810298102981,40.54361979166667,8302.604166666679,131.78736772486792,0
356,32,1,0,124,0.008064516129032258,0.0,1.0,124,3650,2500,1150,0.684931506849315,48,25,23,217.2380407213598,0.4337504917387884,0.6600533614162252,0.13963847330307316,1078372.1088728178,18402.688820018295,1096774.797692836,355,0,204.91935483870967,65,59,41,34.7485029485075,0.6040826612903225,40.38825757575757,8307.575757575747,127.80885780885765,0
357,32,1,3,122,0.008,0.024,0.976,125,3150,2500,650,0.7936507936507936,38,25,13,216.2272298321376,0.43392204301075266,0.6595508021390382,0.13942928268486063,1079290.1234567864,18524.382716049164,1097814.5061728356,356,0,204.272,68,57,41,34.66187611408197,0.6052500000000001,40.277777777777764,8311.111111111082,122.2222222222218,0
358,32,0,0,122,0.0,0.0,1.0,122,4150,3000,1150,0.7228915662650602,53,30,23,219.44534920407918,0.4329768436977826,0.6576947471272905,0.14211934692246145,1080545.184835121,18874.123083385974,1099419.307918507,357,1,207.25409836065575,68,54,39,34.42401533635414,0.6073258196721312,40.126811594202906,8315.942028985524,122.29326513214006,0
359,32,0,0,122,0.0,0.0,1.0,122,3250,2000,1250,0.6153846153846154,45,20,25,218.40072320841526,0.4330883349139683,0.6566178015973092,0.14196047008547008,1081600.000000002,19594.44444444457,1101194.4444444466,358,2,208.25409836065575,69,53,43,34.32158119658121,0.6082650273224044,40.00000000000001,8320.000000000016,120.57971014492777,0
360,32,0,1,121,0.0,0.00819672131147541,0.9918032786885246,122,3150,2000,1150,0.6349206349206349,43,20,23,219.8248631236937,0.4329740211353475,0.6583670896879532,0.1433166274725493,1082466.840277779,20040.625000000036,1102507.465277779,359,3,209.25409836065575,69,53,37,34.17809704979307,0.6092042349726776,39.895833333333336,8323.333333333341,120.62801932367161,0
361,32,0,1,120,0.0,0.008264462809917356,0.9917355371900827,121,3850,2900,950,0.7532467532467533,48,29,19,214.8135227792347,0.4325528007346189,0.647618790298049,0.1407834025720872,1083969.371294275,18520.255846503052,1102489.627140778,360,4,209.9917355371901,70,51,39,34.12410987730868,0.6116563360881543,39.71537558685446,8329.10798122065,118.98725687458071,0
362,32,0,0,120,0.0,0.0,1.0,120,3700,2400,1300,0.6486486486486487,50,24,26,215.70495121415587,0.4314557072829132,0.6464396843918427,0.14173209225999148,1084707.7847704487,19095.367959104995,1103803.1527295536,361,5,212.7,71,49,41,34.01035589264875,0.6127604166666667,39.626736111111114,8331.944444444453,117.351330203443,0
363,32,1,0,121,0.008264462809917356,0.0,1.0,121,2950,1800,1150,0.6101694915254238,41,18,23,216.01124267544984,0.4314020890725436,0.6493093087981214,0.14257087496375992,1085990.3047201764,19767.223051218913,1105757.5277713954,362,0,211.93388429752065,65,56,41,33.84517426950181,0.6140668044077136,39.472853535353515,8336.868686868645,128.25951825951762,0
364,32,1,0,122,0.00819672131147541,0.0,1.0,122,3450,2300,1150,0.6666666666666666,46,23,23,212.5958956215412,0.4310970171160186,0.6471636284361566,0.1410771893026361,1087532.4906871093,18390.988775030157,1105923.4794621395,363,0,211.18852459016392,66,56,42,33.74530383445642,0.6153517759562841,39.287935323383074,8342.786069651722,126.4058495401776,0
365,32,0,0,122,0.0,0.0,1.0,122,3200,2100,1100,0.65625,43,21,22,212.48336632968235,0.4306256491893601,0.6470988663392214,0.14159275305864166,1088720.8606093475,18667.014691124547,1107387.875300472,364,1,212.18852459016392,68,54,42,33.60280783995988,0.616547131147541,39.14553140096618,8347.34299516907,122.75504404660398,0
366,32,1,1,122,0.008130081300813009,0.008130081300813009,0.991869918699187,123,4000,3000,1000,0.75,50,30,20,212.3830745529898,0.4305083522146697,0.6502535871753701,0.1424956421809637,1090656.9763321972,17727.416383219803,1108384.392715417,365,0,211.45528455284554,69,54,39,33.368659162154444,0.618140243902439,38.91369047619047,8354.761904761886,121.0835058661143,0
367,32,0,0,122,0.0,0.0,1.0,122,3450,2600,850,0.7536231884057971,43,26,17,212.39843436437667,0.4298677911755408,0.647824917435031,0.1429454493851048,1091527.437641722,18517.743764172214,1110045.1814058942,366,1,213.31967213114754,69,53,39,33.26187898814948,0.6200478142076502,38.8095238095238,8358.095238095226,121.13181504485834,0
368,32,0,0,122,0.0,0.0,1.0,122,3550,2200,1350,0.6197183098591549,49,22,27,212.12671765361776,0.429090175224676,0.6490511515730766,0.14352055735239347,1093020.4648526055,18421.76870748285,1111442.2335600883,367,2,214.31967213114754,69,53,40,33.08661656418431,0.6214993169398907,38.63095238095237,8363.809523809507,121.21463077984792,0
369,32,0,1,121,0.0,0.00819672131147541,0.9918032786885246,122,3350,2500,850,0.746268656716418,42,25,17,208.58402339526174,0.4286653795781963,0.6424690236678072,0.14156642785844792,1093901.44641683,17884.07297830367,1111785.5193951337,368,3,215.31967213114754,64,58,41,33.071703644684156,0.6227800546448088,38.52564102564102,8367.179487179477,130.73717948717933,0
370,32,0,0,121,0.0,0.0,1.0,121,3400,2400,1000,0.7058823529411765,44,24,20,212.55441120701727,0.4279413452708907,0.646670795269088,0.1446061085998216,1094571.9962195896,18931.22123602875,1113503.2174556183,369,4,218.05785123966942,64,57,41,32.88605681841391,0.6242252066115703,38.44551282051281,8369.743589743568,130.77724358974325,0
371,32,0,0,121,0.0,0.0,1.0,121,2950,1900,1050,0.6440677966101694,40,19,21,212.2036487952247,0.4277720385674931,0.6463201799620586,0.14450563868520827,1094840.2736686352,19315.820184089203,1114156.0938527244,370,5,219.05785123966942,64,57,40,32.862499744736475,0.6245695592286502,38.413461538461526,8370.769230769201,130.79326923076877,0
372,32,0,0,121,0.0,0.0,1.0,121,3600,2400,1200,0.6666666666666666,48,24,24,214.5906900529897,0.42756255739210286,0.648914759528985,0.14173825945750249,1086201.986189873,18817.766750682444,1105019.7529405553,371,6,220.05785123966942,68,53,37,33.85624891361029,0.6131198347107438,39.44746376811593,8337.681159420266,122.61295822676863,8
373,32,0,0,121,0.0,0.0,1.0,121,4600,3400,1200,0.7391304347826086,58,34,24,217.1965774959225,0.42644628099173554,0.6523355608661674,0.14432823767391165,1087923.501275511,18458.652210884415,1106382.1534863955,372,7,221.05785123966942,69,52,40,33.57747674484961,0.6146694214876033,39.24107142857143,8344.285714285721,120.93167701863364,0
374,32,0,0,121,0.0,0.0,1.0,121,3450,2500,950,0.7246376811594203,44,25,19,216.64433784606516,0.4262999311294766,0.651916667059538,0.14440210047306196,1088792.8713151945,19526.16213151937,1108319.0334467138,373,8,222.05785123966942,69,52,39,33.48545350827152,0.615702479338843,39.136904761904766,8347.61904761906,120.97998619737768,0
375,32,0,1,120,0.0,0.008264462809917356,0.9917355371900827,121,3700,2500,1200,0.6756756756756757,49,25,24,216.19906068565845,0.4259469696969697,0.6517844074997663,0.14451456942562224,1089597.829051776,19214.005433225342,1108811.8344850014,374,9,223.05785123966942,70,51,43,33.398572927793694,0.6169938016528926,39.04049295774648,8350.704225352118,119.2957746478874,0
376,32,0,1,119,0.0,0.008333333333333333,0.9916666666666667,120,4400,3300,1100,0.75,55,33,22,214.98898794332834,0.4252801120448179,0.6483983464452212,0.14467494247480467,1091500.1772273316,18532.103688413546,1110032.280915745,375,10,225.65,72,48,41,33.197547894813525,0.6190972222222222,38.81278538812786,8357.990867579916,116.0832064941655,0
377,32,1,0,120,0.008333333333333333,0.0,1.0,120,3500,2600,900,0.7428571428571429,44,26,18,216.6648472261133,0.4248395191409897,0.6497876245411629,0.14662166914840286,1093079.4210718714,19866.377154509217,1112945.7982263807,376,0,225.96666666666667,75,45,44,32.96080230728892,0.6211805555555556,38.62390350877194,8364.035087719323,111.52046783625764,0
378,32,1,0,121,0.008264462809917356,0.0,1.0,121,3600,2700,900,0.75,45,27,18,211.7233869305737,0.4253644398530762,0.64519854357168,0.14417023068970133,1094824.0134935214,18559.96964595451,1113383.9831394758,377,0,225.0909090909091,65,56,45,32.87704637786091,0.6225895316804408,38.41540404040404,8370.707070707072,128.7801087801088,0
379,32,0,1,120,0.0,0.008264462809917356,0.9917355371900827,121,3400,2600,800,0.7647058823529411,42,26,16,211.8874165360288,0.4247761707988981,0.6436804185114928,0.1446765560940326,1095589.2219561406,18828.31396500093,1114417.5359211415,378,1,226.0909090909091,66,55,45,32.779419919592804,0.6239669421487604,38.32400497512438,8373.631840796026,126.8732097090307,0
380,32,0,0,120,0.0,0.0,1.0,120,3300,2300,1000,0.696969696969697,43,23,20,212.69352181493014,0.4242997198879552,0.6425653206650841,0.1458370890620286,1096761.218781713,19354.801242543504,1116116.0200242565,379,2,225.83333333333334,66,54,43,32.615424584323044,0.6255208333333333,38.18407960199005,8378.109452736315,126.94105231418659,0
381,32,0,0,120,0.0,0.0,1.0,120,3350,2500,850,0.746268656716418,42,25,17,211.168578342583,0.4238270308123249,0.6400666904139949,0.1450621343231023,1097282.3073686298,18992.308977500557,1116274.6163461304,380,3,226.83333333333334,66,54,46,32.59184774004591,0.6265625,38.12189054726368,8380.099502487565,126.97120458314492,0
382,32,1,0,121,0.008264462809917356,0.0,1.0,121,3200,2300,900,0.71875,41,23,18,212.57825775028226,0.42358815426997243,0.6452928504932738,0.14681373658999064,1098771.5399425668,19314.987925316957,1118086.5278678837,381,0,225.9504132231405,67,54,49,32.373504510824,0.6279269972451791,37.94424019607842,8385.784313725464,125.16095990635021,0
383,32,0,0,121,0.0,0.0,1.0,121,2800,1900,900,0.6785714285714286,37,19,18,215.63213662011475,0.422962580348944,0.6473787349200373,0.149406007535086,1099670.9348567794,20424.878652441006,1120095.8135092205,382,1,226.9504132231405,67,54,43,32.18393323205172,0.6287017906336088,37.837009803921546,8389.21568627446,125.21217442200685,0
384,32,0,0,121,0.0,0.0,1.0,121,3400,2500,900,0.7352941176470589,43,25,18,211.5685250262909,0.4226584022038567,0.6405931852254334,0.1472533177447856,1100920.7048664645,18984.033939900288,1119904.7388063648,383,2,227.9504132231405,71,50,45,32.13838407515673,0.6299931129476584,37.68807870370369,8393.981481481444,118.22509128847103,0
385,32,0,0,121,0.0,0.0,1.0,121,3150,2400,750,0.7619047619047619,39,24,15,213.49978311143394,0.4225321395775941,0.6433284348752262,0.14906078251401841,1101780.939200593,19695.998311127383,1121476.9375117202,384,3,228.9504132231405,72,49,45,31.983075040783028,0.6309400826446281,37.58561643835614,8397.260273972544,116.62861491628534,0
386,32,0,0,121,0.0,0.0,1.0,121,3200,2400,800,0.75,40,24,16,212.60079799404087,0.4222824839302112,0.6423115069855951,0.14896605101532798,1102769.2472057827,19489.92439184728,1122259.17159763,385,4,229.9504132231405,64,57,46,31.886496357791092,0.6319731404958677,37.46794871794871,8401.025641025619,131.2660256410253,0
387,32,0,0,121,0.0,0.0,1.0,121,4000,3000,1000,0.75,50,30,20,197.62223587014242,0.4222480486685032,0.6195397266778511,0.13103351901464952,1087299.3802501804,14774.906917052094,1102074.2871672325,386,5,230.9504132231405,73,48,43,34.1641804813075,0.6145833333333333,39.31587837837837,8341.891891891875,114.27249166975172,8
388,32,0,0,121,0.0,0.0,1.0,121,2950,2400,550,0.8135593220338984,35,24,11,197.63609090269466,0.42199552341597796,0.6199315616138741,0.13154309806881334,1088384.2895169659,15870.803276007959,1104255.0927929739,387,6,231.9504132231405,75,46,44,34.031226461365975,0.615702479338843,39.18585526315789,8346.052631578941,111.28070175438589,0
389,32,0,0,121,0.0,0.0,1.0,121,3550,2700,850,0.7605633802816901,44,27,17,198.2484329266929,0.42196969696969694,0.62158709460659,0.13248339468203948,1089528.5117776613,15449.464017774608,1104977.975795436,388,7,232.9504132231405,75,46,44,33.87547709088359,0.6168216253443526,39.048793859649116,8350.438596491218,111.33918128654958,0
390,32,0,0,121,0.0,0.0,1.0,121,3100,2100,1000,0.6774193548387096,41,21,20,199.50967747514093,0.42187786960514234,0.6242281901329845,0.13359572073968312,1090100.8483379516,16197.13373345651,1106297.982071408,389,8,233.9504132231405,75,46,47,33.772666806693266,0.6175103305785123,38.98026315789474,8352.63157894738,111.36842105263172,0
391,32,1,2,120,0.00819672131147541,0.01639344262295082,0.9836065573770492,122,3050,2000,1050,0.6557377049180327,41,20,21,196.01415183108162,0.4221565506028993,0.621517650608469,0.13202606094407532,1091757.0677186048,15349.967126890147,1107107.034845495,390,0,233.02459016393442,77,45,44,33.66180981595092,0.6193647540983607,38.78205128205128,8358.974358974348,108.55810855810842,0
392,32,0,0,120,0.0,0.0,1.0,120,3200,2100,1100,0.65625,43,21,22,198.89357106142845,0.42149276377217554,0.6207871942516854,0.1343076926020992,1092476.5898872125,16257.314052735852,1108733.9039399484,391,1,233.6,80,40,45,33.49881883950981,0.6213541666666667,38.69598765432099,8361.728395061731,104.52160493827164,0
393,32,0,0,120,0.0,0.0,1.0,120,3300,2500,800,0.7575757575757576,41,25,16,200.20245807564808,0.4209573412698413,0.6231788513890268,0.13555346978166619,1093229.4471540565,16473.44451218472,1109702.8916662412,392,2,234.6,80,40,46,33.372794286463964,0.6223090277777779,38.605967078189295,8364.609053497927,104.55761316872409,0
394,32,0,1,119,0.0,0.008333333333333333,0.9916666666666667,120,3050,2000,1050,0.6557377049180327,41,20,21,200.66759650062974,0.42086688842203546,0.6251227339490153,0.13619254695722788,1093899.414759974,16852.0332746659,1110751.44803464,393,3,235.6,65,55,46,33.278945594656044,0.6230034722222222,38.52588383838384,8367.171717171721,128.7257187257188,0
395,32,0,1,118,0.0,0.008403361344537815,0.9915966386554622,119,4350,3300,1050,0.7586206896551724,54,33,21,197.10887545066282,0.41998706262165886,0.6133579078636744,0.13436879175254393,1095137.3334750584,15022.257653061346,1110159.5911281197,394,4,237.7058823529412,69,50,45,33.22117389985401,0.6253501400560224,38.3779761904762,8371.904761904776,121.33195307108372,0
396,32,0,0,118,0.0,0.0,1.0,118,3000,1700,1300,0.5666666666666667,43,17,26,199.50673560259068,0.4193964580617123,0.6149054258486617,0.13654955172177313,1096258.8577097498,17142.205215419424,1113401.0629251692,395,5,240.5677966101695,69,49,48,33.02184006064049,0.6265007062146892,38.24404761904761,8376.19047619047,121.39406487232564,0
397,32,0,0,118,0.0,0.0,1.0,118,3550,2400,1150,0.676056338028169,47,24,23,198.7100840376627,0.4191399270848423,0.614199057821214,0.13646695998415664,1097207.072147278,16455.221902620582,1113662.2940498986,396,6,241.5677966101695,70,48,41,32.92726483276374,0.6275600282485876,38.13086854460093,8379.812206572748,119.71160295103925,0
398,32,0,1,117,0.0,0.00847457627118644,0.9915254237288136,118,3250,2000,1250,0.6153846153846154,45,20,25,197.67389726094368,0.4185574508667729,0.612216994318715,0.13632101703289876,1098365.3702266433,16573.632669831877,1114939.0028964751,397,7,242.5677966101695,73,45,47,32.81347937821237,0.6287959039548023,37.99268018018017,8384.234234234216,114.8525237566331,0
399,32,0,0,117,0.0,0.0,1.0,117,2850,2100,750,0.7368421052631579,36,21,15,195.19779267336963,0.4179253855977994,0.602609755419788,0.13513210534590503,1099433.9528166635,16671.416155994015,1116105.3689726575,398,8,245.36752136752136,76,41,39,32.74844747208889,0.6301638176638177,37.86525974025974,8388.311688311685,110.37252221462744,0
400,32,0,1,116,0.0,0.008547008547008548,0.9914529914529915,117,2600,1600,1000,0.6153846153846154,36,16,20,192.656490212051,0.4180328372138717,0.5975881044374203,0.13382368228843414,1100369.6198818358,16398.669780480464,1116768.2896623162,399,9,246.36752136752136,77,40,40,32.701394900782525,0.6311431623931624,37.753739316239304,8391.880341880315,108.98545898545864,0
401,32,1,0,117,0.008547008547008548,0.0,1.0,117,3050,2200,850,0.7213114754098361,39,22,17,192.23813756461163,0.4181832694763729,0.5970692941667897,0.1343001616157619,1101953.1928168354,15917.485894096944,1117870.6787109324,400,0,246.76923076923077,79,38,43,32.52010460597038,0.6332799145299146,37.56510416666665,8397.916666666628,106.30274261603327,0
402,32,0,0,117,0.0,0.0,1.0,117,3250,2100,1150,0.6461538461538462,44,21,23,210.72281832794323,0.41774118282738976,0.6291612206451762,0.1451334374843697,1098008.0569755265,19625.070462534502,1117633.127438061,401,1,247.76923076923077,71,46,46,32.51510695679391,0.6288283475783476,38.03530092592594,8382.870370370398,118.06859676578026,8
403,32,1,1,117,0.00847457627118644,0.00847457627118644,0.9915254237288136,118,3050,1700,1350,0.5573770491803278,44,17,27,208.12935857805283,0.4183688251484861,0.6281332677526839,0.14387323782473113,1099026.7124590846,19097.944944851213,1118124.6574039357,402,0,246.66101694915255,72,46,37,32.45902978167367,0.6299435028248588,37.91381278538814,8386.757990867605,116.48274987316118,0
404,32,0,0,117,0.0,0.0,1.0,117,3150,2200,950,0.6984126984126984,41,22,19,263.93580887224493,0.41739119756361137,0.70404350050115,0.17383015972855906,1085379.4864299863,30744.10253684789,1116123.5889668341,403,3,249.76923076923077,55,62,39,32.67182069228206,0.6107549857549858,39.54613095238094,8334.523809523791,151.5367965367962,8
405,32,0,0,117,0.0,0.0,1.0,117,2900,1800,1100,0.6206896551724138,40,18,22,263.37522041783126,0.4175170694567247,0.7023911358071826,0.17400035053833743,1086267.0927467288,30919.166996961172,1117186.25974369,404,4,250.76923076923077,57,60,38,32.57714134730263,0.6115562678062678,39.43965517241379,8337.931034482748,146.27949183303068,0
406,32,0,0,117,0.0,0.0,1.0,117,3700,2500,1200,0.6756756756756757,49,25,24,260.2708719481379,0.4172192749778956,0.6994596252977558,0.1725594712309948,1087277.4875115706,29497.331944843405,1116774.8194564139,405,5,251.76923076923077,58,59,37,32.533722767806736,0.6123575498575499,39.318502824858754,8341.807909604518,143.82427430352618,0
407,32,1,0,118,0.00847457627118644,0.0,1.0,118,3050,1800,1250,0.5901639344262295,43,18,25,255.5522884445955,0.4177969119706408,0.6967284219727754,0.1705803152094787,1089200.1898011263,29019.520215592987,1118219.7100167193,406,0,250.6271186440678,60,58,41,32.42045181839996,0.6141419491525424,39.08811475409835,8349.180327868833,139.15300546448054,0
408,32,1,0,119,0.008403361344537815,0.0,1.0,119,3200,2000,1200,0.625,44,20,24,252.02236211490708,0.4185330912025827,0.694357469379544,0.16896734927525525,1090449.7748173326,27963.545603426417,1118413.320420759,407,0,249.51260504201682,62,57,40,32.35915827474823,0.6154586834733893,38.938492063492056,8353.96825396824,134.74142345110064,0
409,32,0,0,119,0.0,0.0,1.0,119,3150,2100,1050,0.6666666666666666,42,21,21,251.40217097703652,0.4180227175616009,0.6942560356437024,0.16882566048491437,1090909.5297919395,27901.404825846428,1118810.934617786,408,1,250.51260504201682,63,56,40,32.3189371273037,0.6166841736694677,38.88346354166667,8355.729166666679,132.6306216931219,0
410,32,0,0,119,0.0,0.0,1.0,119,3800,2900,900,0.7631578947368421,47,29,18,251.89967600956086,0.41807612875658734,0.6954142799636962,0.1699387416836881,1092206.972754388,27425.31651444275,1119632.2892688308,409,2,251.51260504201682,66,53,41,32.14680650600022,0.6185224089635855,38.728233830845774,8360.696517412942,126.67721996080215,0
411,32,0,0,119,0.0,0.0,1.0,119,3100,2200,900,0.7096774193548387,40,22,18,249.34958367407376,0.4179515026349523,0.6897529051042226,0.15945801107224433,1076877.8925619873,26803.810835629294,1103681.7033976165,410,3,252.51260504201682,54,65,39,34.099260232637356,0.5989145658263305,40.568181818181834,8301.818181818211,153.73737373737427,8
412,32,0,0,119,0.0,0.0,1.0,119,3100,2500,600,0.8064516129032258,37,25,12,247.83277312774794,0.4180345867160424,0.6885586277309734,0.15930825226483236,1078379.0097807902,26551.53209534576,1104930.5418761359,411,4,253.51260504201682,56,63,39,33.953376507578945,0.6002275910364145,40.387426900584806,8307.602339181309,148.3500417710948,0
413,32,0,1,118,0.0,0.008403361344537815,0.9915966386554622,119,3800,3000,800,0.7894736842105263,46,30,16,246.4068122263028,0.41766961021696813,0.6878534076426086,0.15927260704493745,1079986.8088585038,25623.22136345634,1105610.0302219603,412,5,254.51260504201682,57,62,41,33.79216784183604,0.6016281512605042,40.19396551724139,8313.793103448292,145.85601935874195,0
414,32,0,0,118,0.0,0.0,1.0,118,3000,2000,1000,0.6666666666666666,40,20,20,244.7248738800925,0.41626225312665993,0.6835080716942585,0.15867645048354403,1080882.8775267554,26303.785176377416,1107186.662703133,413,7,257.6271186440678,57,61,39,33.72546987285792,0.6027542372881356,40.08620689655173,8317.241379310357,145.91651542649748,0
415,32,0,0,118,0.0,0.0,1.0,118,3300,2400,900,0.7272727272727273,42,24,18,246.5235981083348,0.4160962624945676,0.6872933135420614,0.16053459770715206,1082128.878195923,26454.060933959103,1108582.9391298823,414,8,258.6271186440678,58,60,38,33.525260239873276,0.6041666666666667,39.93644067796611,8322.033898305102,143.4833430742259,0
416,32,0,0,118,0.0,0.0,1.0,118,3150,2400,750,0.7619047619047619,39,24,15,248.20031518032363,0.41571750205224783,0.6902632764653198,0.1620802315376012,1082935.9313879204,27007.00789811593,1109942.9392860364,415,9,259.6271186440678,60,58,38,33.38228858986983,0.6054908192090396,39.83948087431695,8325.136612021874,138.7522768670312,0
417,32,0,0,118,0.0,0.0,1.0,118,4050,2900,1150,0.7160493827160493,52,29,23,248.05336832895853,0.4156239436959776,0.6901641532096621,0.16238545246277208,1083646.869121206,26110.451192929148,1109757.3203141352,416,10,260.6271186440678,60,58,38,33.298611111111114,0.6069032485875706,39.754098360655746,8327.868852459032,138.79781420765053,0
418,32,0,1,117,0.0,0.00847457627118644,0.9915254237288136,118,3250,2200,1050,0.676923076923077,43,22,21,246.55838078136765,0.41568430392582933,0.688418480199005,0.16173478204176606,1084229.5532720555,26615.176610012775,1110844.7298820682,417,11,261.6271186440678,61,57,39,33.26583408631298,0.6081391242937852,39.68413978494624,8330.107526881728,136.55913978494635,0
419,32,2,0,119,0.01680672268907563,0.0,1.0,119,2850,1900,950,0.6666666666666666,38,19,19,242.74679128809026,0.41628091914731996,0.686025247103246,0.16011304896986045,1085805.2094305616,26065.146110632442,1111870.355541194,418,0,260.1848739495798,58,61,39,33.17138258217553,0.6102941176470589,39.49505649717515,8336.158192090412,143.72686538086916,0
420,32,0,1,118,0.0,0.008403361344537815,0.9915966386554622,119,3550,2700,850,0.7605633802816901,44,27,17,240.82810296596543,0.4160554052129326,0.6835853222407853,0.15964829872114644,1087240.6684027766,25017.62152777774,1112258.2899305543,419,1,261.1848739495798,59,60,40,33.045079920079935,0.611782212885154,39.322916666666664,8341.666666666659,141.38418079096033,0
421,32,0,1,117,0.0,0.00847457627118644,0.9915254237288136,118,2600,2000,600,0.7692307692307693,32,20,12,242.08079481464353,0.41598157805784924,0.6821664260730489,0.1606419485519887,1087530.3288966063,26454.04128086428,1113984.3701774706,420,2,264.0762711864407,59,59,41,32.97686233379949,0.6126412429378532,39.28819444444445,8342.777777777788,141.40301318267439,0
422,32,0,1,116,0.0,0.008547008547008548,0.9914529914529915,117,2850,2000,850,0.7017543859649122,37,20,17,244.90359796187917,0.4155860104135966,0.6832885500635297,0.16296017788706657,1088308.6756679113,27056.14207283984,1115364.8177407512,421,3,265.55555555555554,58,59,41,32.80770489213827,0.6137820512820513,39.19491525423729,8345.762711864405,143.8924605493863,0
423,32,0,0,116,0.0,0.0,1.0,116,3850,2600,1250,0.6753246753246753,51,26,25,246.9782428668866,0.4152220764617691,0.6828839040687271,0.16481301215824,1089124.151234566,26747.993827160368,1115872.1450617264,422,4,268.19827586206895,59,57,40,32.6534912607577,0.6153915229885057,39.097222222222214,8348.888888888874,141.50659133709956,0
424,32,0,0,116,0.0,0.0,1.0,116,2950,2100,850,0.711864406779661,38,21,17,241.74802453284155,0.4148535107446277,0.6755884714628546,0.16209841223938956,1090483.7409298585,26574.45803099528,1117058.1989608537,423,5,269.19827586206895,60,56,38,32.623217556253266,0.6166487068965517,38.9344262295082,8354.098360655744,139.23497267759572,0
425,32,0,0,116,0.0,0.0,1.0,116,3400,2300,1100,0.6764705882352942,45,23,22,241.22240183470785,0.4148363318340829,0.6744780923913403,0.16248256630847757,1091768.0479037897,26071.78215234852,1117839.830056138,424,6,270.19827586206895,60,56,39,32.479543919286996,0.6176364942528736,38.78073770491803,8359.016393442625,139.31693989071042,0
426,32,0,0,116,0.0,0.0,1.0,116,2750,2000,750,0.7272727272727273,35,20,15,242.87700873283134,0.4146832833583209,0.6760368392113738,0.16403539512878917,1092522.6757369614,27119.72789115645,1119642.4036281179,425,7,271.19827586206895,62,54,40,32.3438686408504,0.6188936781609196,38.69047619047619,8361.904761904761,134.86943164362518,0
427,32,0,0,116,0.0,0.0,1.0,116,3900,2900,1000,0.7435897435897436,49,29,20,241.56684376951964,0.41437406296851576,0.6743172270018032,0.16340579241132708,1092963.021860618,25704.725509533167,1118667.747370151,426,8,272.19827586206895,64,52,41,32.32417683487645,0.6197916666666667,38.63782051282051,8363.589743589742,130.68108974358972,0
428,32,0,0,116,0.0,0.0,1.0,116,3850,2500,1350,0.6493506493506493,52,25,27,246.80240144199905,0.41433189655172414,0.6810802701940672,0.1676077628017824,1094073.1817054793,26953.977719640046,1121027.1594251194,427,9,273.19827586206895,56,60,41,32.0513604491346,0.6209590517241379,38.50511695906432,8367.83625730992,149.42564745196287,0
429,32,0,0,116,0.0,0.0,1.0,116,3850,2800,1050,0.7272727272727273,49,28,21,247.79772859091076,0.4139367816091954,0.6826800140166112,0.16864140743915987,1094669.1273616054,27201.304663759984,1121870.4320253653,428,10,274.19827586206895,57,59,38,31.952359699716204,0.6219468390804598,38.433908045977006,8370.114942528726,146.84412179874957,0
430,32,0,1,115,0.0,0.008620689655172414,0.9913793103448276,116,3050,2200,850,0.7213114754098361,39,22,17,272.869811128792,0.4138993003498251,0.706173859178195,0.16823321742306444,1066111.7614753167,31931.942999190767,1098043.7044745074,429,11,275.19827586206895,61,55,34,34.82464418988112,0.5856681034482758,41.86827956989248,8260.215053763453,135.4133615371058,8
431,32,1,0,116,0.008620689655172414,0.0,1.0,116,3150,2200,950,0.6984126984126984,41,22,19,269.5759625390214,0.41423975512243877,0.7033509454949936,0.16713709677419347,1067777.7777777794,31219.444444444525,1098997.2222222239,430,0,274.6896551724138,64,52,37,34.70262096774193,0.5880028735632183,41.66666666666667,8266.666666666679,129.16666666666686,0
432,32,0,0,116,0.0,0.0,1.0,116,3300,2400,900,0.7272727272727273,42,24,18,263.9130322328168,0.4144412168915543,0.6965279555344275,0.1643791211331215,1069137.8597260676,29931.88288704198,1099069.7426131095,431,1,275.6896551724138,56,60,36,34.68009897490276,0.5891702586206897,41.50219298245613,8271.929824561388,147.71303258145335,0
433,32,2,0,118,0.01694915254237288,0.0,1.0,118,3450,2200,1250,0.6376811594202898,47,22,25,255.28644104578396,0.4150233594089526,0.691406970930408,0.16018034953071494,1071309.83774523,27648.175147063237,1098958.0128922933,432,0,272.0,60,58,40,34.63395587232451,0.5915430790960452,41.239754098360656,8280.32786885246,138.00546448087434,0
434,32,1,0,119,0.008403361344537815,0.0,1.0,119,3650,2600,1050,0.7123287671232876,47,26,21,252.37090792405397,0.4159930921521151,0.6897801820273857,0.15899573553187518,1072505.2209793024,26683.823274366863,1099189.0442536692,433,0,270.70588235294116,61,58,43,34.56143197058184,0.5926120448179272,41.09543010752687,8284.946236559126,135.81879076326436,0
435,32,0,0,119,0.0,0.0,1.0,119,2950,2100,850,0.711864406779661,38,21,17,255.14342758187584,0.4158239567013246,0.6938792370880946,0.1611518810339714,1073252.1485960602,28016.64637048212,1101268.7949665424,434,1,271.70588235294116,62,57,36,34.397211227442966,0.59375,41.00529100529099,8287.83068783066,133.67468851339774,0
436,32,0,1,118,0.0,0.008403361344537815,0.9915966386554622,119,3250,2400,850,0.7384615384615385,41,24,17,253.06940912240728,0.4155212932630679,0.690525685284614,0.16043772696246345,1074342.5634575884,27326.647545852888,1101669.2110034414,435,2,272.70588235294116,66,53,37,34.31606367872644,0.5954131652661064,40.87375621890548,8292.039800995031,125.6369666817429,0
437,32,0,1,117,0.0,0.00847457627118644,0.9915254237288136,118,3500,2900,600,0.8285714285714286,41,29,12,242.76727200535063,0.4147366483171568,0.6709157995805486,0.14578511514154852,1058217.8945149793,24280.13428772963,1082498.028802709,436,4,276.0,70,48,37,36.58235400384123,0.5765360169491525,42.82570422535212,8229.57746478875,117.565392354125,8
438,32,0,0,117,0.0,0.0,1.0,117,3550,2400,1150,0.676056338028169,47,24,23,240.28490636745752,0.41452070439139405,0.6655814019906048,0.14482237462782255,1059320.1653089237,23957.729346882934,1083277.8946558067,437,5,279.3247863247863,62,55,39,36.50907124191411,0.5782585470085471,42.69179894179895,8233.862433862447,132.804232804233,0
439,32,0,0,117,0.0,0.0,1.0,117,3500,2800,700,0.8,42,28,14,237.6094470710089,0.41435799194419887,0.6621763615227656,0.1437738518717804,1060503.8831360978,23497.14825772538,1084001.0313938232,438,6,280.3247863247863,64,53,37,36.43077601410934,0.5793269230769231,42.548076923076934,8238.461538461563,128.72596153846192,0
440,32,0,0,117,0.0,0.0,1.0,117,3150,2300,850,0.7301587301587301,40,23,17,238.97326036530896,0.41419220945083013,0.6618259926244701,0.14519794466420305,1061745.6908554283,24195.765884508,1085941.4567399363,439,7,281.3247863247863,66,51,41,36.24137445430218,0.5808404558404558,42.397388059701505,8243.283582089583,124.89823609226642,0
441,32,6,0,123,0.04878048780487805,0.0,1.0,123,3250,2500,750,0.7692307692307693,40,25,15,199.7023096501202,0.4205345639521969,0.6254777006342698,0.11991976131206619,1058207.19614021,14415.284231515152,1072622.480371725,440,0,268.5528455284553,78,45,41,37.691200095706876,0.5776592140921409,42.827004219409254,8229.535864978827,105.50687006383112,7
442,32,2,0,125,0.016,0.0,1.0,125,3500,2500,1000,0.7142857142857143,45,25,20,204.71499183082787,0.4230860215053764,0.6424329123421286,0.1201104761314104,1051150.7067718557,14537.261669953685,1065687.9684418093,441,0,265.24,64,61,46,38.4387634946438,0.5641666666666667,43.68589743589742,8202.051282051243,128.15705128205067,7
443,32,1,0,126,0.007936507936507936,0.0,1.0,126,3600,2400,1200,0.6666666666666666,48,24,24,202.93225958071605,0.42430687830687835,0.6408208768457235,0.11964428712744668,1052635.7650903424,13922.750865051497,1066558.515955394,442,0,264.12698412698415,67,59,47,38.29978897913681,0.5658068783068784,43.50490196078429,8207.843137254844,122.50512145156483,0
444,32,1,0,127,0.007874015748031496,0.0,1.0,127,3150,2200,950,0.6984126984126984,41,22,19,201.6197820817659,0.4257332416781236,0.6422851341444822,0.11954392840002154,1054357.7697601812,13965.876755052583,1068323.6465152337,443,0,263.03937007874015,70,57,47,38.11951096378424,0.5674212598425197,43.2951877934272,8214.55399061027,117.35077129443242,0
445,32,1,1,127,0.0078125,0.0078125,0.9921875,128,2950,1900,1050,0.6440677966101694,40,19,21,195.19245867881884,0.42723968585958,0.6325761727312609,0.11624908570401624,1055709.9667234705,12663.32481129725,1068373.2915347677,444,0,261.9765625,73,55,49,38.116734253982166,0.5686848958333333,43.1306306306306,8219.819819819742,112.60027150438003,0
446,32,0,0,127,0.0,0.0,1.0,127,2950,2200,750,0.7457627118644068,37,22,15,198.17442484311096,0.42654043244594425,0.6360158048835969,0.11818915267638899,1056131.6258261832,13509.655501344318,1069641.2813275275,445,1,265.00787401574803,72,55,39,37.987827455336436,0.5694717847769029,43.07933789954335,8221.461187214541,114.1869609335353,0
447,32,2,0,129,0.015503875968992248,0.0,1.0,129,4300,3100,1200,0.7209302325581395,55,31,24,230.43122310046147,0.42809774709302323,0.6967326563460532,0.13158220349535962,1042786.8512617091,17958.129913863086,1060744.9811755721,446,0,261.8837209302326,61,68,39,38.824928704617754,0.5515180878552972,44.70766129032259,8169.354838709698,133.92384981491307,8
448,32,2,1,130,0.015267175572519083,0.007633587786259542,0.9923664122137404,131,4400,3400,1000,0.7727272727272727,54,34,20,226.77071275736034,0.42998874535134074,0.6960610385374562,0.1306108984288133,1045454.6092235555,16815.697377819008,1062270.3066013746,447,0,258.8702290076336,65,66,41,38.584629949781835,0.5544688295165394,44.381313131313156,8179.797979798035,125.8430458430467,0
449,32,4,3,131,0.029850746268656716,0.022388059701492536,0.9776119402985075,134,3650,2700,950,0.7397260273972602,46,27,19,227.87461832621443,0.4329609003852916,0.6980149539658047,0.13216727862920383,1047612.4567474007,17294.857747020156,1064907.3144944208,448,0,253.99253731343285,67,67,33,38.286737707535124,0.5541822139303483,44.117647058823515,8188.235294117614,122.2124670763823,8
450,32,3,0,134,0.022388059701492536,0.0,1.0,134,3650,2500,1150,0.684931506849315,48,25,23,236.18078230591732,0.4323717409194628,0.7102427161318015,0.13440833611227646,1041730.8601134204,18757.361898760668,1060488.222012181,449,0,254.96268656716418,68,66,40,38.81049579931368,0.5499844527363185,44.836956521739125,8165.217391304339,120.07672634271087,8
451,32,4,0,138,0.028985507246376812,0.0,1.0,138,3550,2300,1250,0.647887323943662,48,23,25,226.86688770094443,0.43646307168800025,0.7076945592425217,0.13039409935271487,1044809.2071280956,16256.522612488288,1061065.7297405838,450,0,248.54347826086956,65,73,43,38.66287598048297,0.5526117149758454,44.46022727272726,8177.272727272698,125.80419580419536,0
452,32,4,2,140,0.028169014084507043,0.014084507042253521,0.9859154929577465,142,4100,2800,1300,0.6829268292682927,54,28,26,222.8941946934215,0.43852387373888724,0.7110144189046093,0.12944840131735477,1048016.6672025035,14219.366212277166,1062236.0334147806,451,0,242.51408450704224,71,71,37,38.36371773129829,0.5557511737089202,44.06828703703704,8189.814814814816,115.3495044340115,0
453,32,3,3,140,0.02097902097902098,0.02097902097902098,0.9790209790209791,143,4250,2900,1350,0.6823529411764706,56,29,27,222.49623816762707,0.43930160215371483,0.7148987423186539,0.1303808194187766,1050769.7789986874,13908.464601487205,1064678.2436001746,452,0,241.7972027972028,58,85,44,38.030485704443706,0.5580565268065267,43.732344632768346,8200.56497175138,141.38905123709276,0
454,32,0,0,140,0.0,0.0,1.0,140,3450,2600,850,0.7536231884057971,43,26,17,228.5640399455271,0.43680948098663924,0.7177262763859831,0.1341955796850063,1051361.4795960477,16610.685443915783,1067972.1650399636,453,1,247.86428571428573,57,83,43,37.80119514701416,0.5587053571428571,43.660201149425276,8202.873563218374,143.91006251260305,0
455,32,2,0,142,0.014084507042253521,0.0,1.0,142,4350,3100,1250,0.7126436781609196,56,31,25,216.83794451905695,0.43776117104518364,0.7039203162682104,0.12686904439152571,1050296.5000410974,12798.826840894471,1063095.326881992,454,0,245.35915492957747,77,65,42,38.23446051602817,0.56081279342723,43.79006410256412,8198.717948717996,106.4768564768571,8
456,32,2,0,144,0.013888888888888888,0.0,1.0,144,4300,3200,1100,0.7441860465116279,54,32,22,211.47058426155982,0.4381748170810671,0.6999844679877063,0.12466638537834421,1052606.6098391959,11419.066956054585,1064025.6767952505,455,0,242.9375,68,76,40,38.08441239945062,0.5627170138888888,43.50845410628017,8207.729468598978,120.70190394998497,0
457,32,1,1,144,0.006896551724137931,0.006896551724137931,0.993103448275862,145,4300,3300,1000,0.7674418604651163,53,33,20,207.15354275085963,0.4390086206896551,0.693279873525767,0.12263069114520327,1053875.7500991772,10362.819050452421,1064238.5691496297,456,0,242.2551724137931,70,75,45,38.03735780026297,0.5644396551724138,43.35387323943659,8212.676056337954,117.32394366197077,0
458,32,0,1,143,0.0,0.006944444444444444,0.9930555555555556,144,3850,2800,1050,0.7272727272727273,49,28,21,208.31965512435187,0.4384237001424502,0.6915222112567103,0.12364276569518494,1054668.8612176299,11291.650687849695,1065960.5119054795,457,1,244.86805555555554,73,71,45,37.90886516073614,0.5658998842592593,43.2573198198198,8215.765765765715,112.54473651733855,0
459,32,3,0,146,0.02054794520547945,0.0,1.0,146,4450,2900,1550,0.651685393258427,60,29,31,205.65602416416297,0.4396758384506377,0.6915046718392566,0.12298579801998408,1056957.5655675381,9823.938128969994,1066781.5036965082,458,0,242.37671232876713,76,70,39,37.693102268540436,0.5681364155251142,42.97889610389607,8224.675324675238,108.21941216677945,0
460,32,2,3,145,0.013513513513513514,0.02027027027027027,0.9797297297297297,148,4550,3100,1450,0.6813186813186813,60,31,29,201.743074964168,0.4406188714224428,0.6913079712203134,0.12127587560326591,1058532.7566139551,8560.330653918767,1067093.0872678738,459,0,240.08783783783784,78,70,43,37.598362126416156,0.5701717342342343,42.787447257383924,8230.801687763607,105.52309856107189,0
461,32,1,0,146,0.00684931506849315,0.0,1.0,146,4800,3100,1700,0.6458333333333334,65,31,34,202.02635559337625,0.43938946622579117,0.6890445815469346,0.1218075223473031,1059429.0816326498,8806.519274376213,1068235.6009070259,460,0,243.33561643835617,69,77,45,37.48000038553471,0.5730593607305936,42.678571428571416,8234.285714285688,119.33747412008243,0
462,32,0,1,145,0.0,0.00684931506849315,0.9931506849315068,146,3050,2200,850,0.7213114754098361,39,22,17,202.99412932180002,0.4392556290347977,0.6943109179727087,0.116531256348408,1044432.6672973919,10152.739986656088,1054585.407284048,461,1,244.33561643835617,72,74,41,39.31990598529274,0.5539383561643836,44.5062785388128,8175.7990867580265,113.55276509386148,8
463,32,2,1,146,0.013605442176870748,0.006802721088435374,0.9931972789115646,147,4750,3300,1450,0.6947368421052632,62,33,29,196.9241443430316,0.4392356257571522,0.6866690945173934,0.11387671080214894,1046695.0197416613,7073.904230148246,1053768.9239718094,462,0,243.57142857142858,75,72,38,39.192980458353425,0.5562641723356009,44.229714912280734,8184.649122807097,109.1286549707613,0
464,32,2,1,147,0.013513513513513514,0.006756756756756757,0.9932432432432432,148,4950,3600,1350,0.7272727272727273,63,36,27,193.73794692135928,0.4402885027885028,0.684944220474256,0.11297550685529947,1049271.269684883,6106.7323104637135,1055378.0019953467,463,0,242.88513513513513,81,67,39,38.95380681912132,0.5588400900900901,43.915142276422785,8194.715447154522,101.16932650808052,0
465,32,1,2,146,0.006756756756756757,0.013513513513513514,0.9864864864864865,148,5200,3900,1300,0.75,65,39,26,193.71143896670026,0.4409224275295704,0.684793403726093,0.11358965573884686,1050976.0567179509,5917.216853276257,1056893.2735712272,464,0,241.68243243243242,72,76,40,38.74250691312658,0.5610923423423424,43.707191780821894,8201.36986301364,113.90791476407834,0
466,32,2,1,147,0.013513513513513514,0.006756756756756757,0.9932432432432432,148,3200,2500,700,0.78125,39,25,14,192.85437145656638,0.4405116213151927,0.6841379931016625,0.11376005705625404,1052790.0030864163,7807.0308641974,1060597.0339506136,465,0,242.4527027027027,74,74,42,38.53912862995651,0.5628519144144144,43.4861111111111,8208.444444444416,110.92492492492454,0
467,32,3,0,150,0.02,0.0,1.0,150,3700,2500,1200,0.6756756756756757,49,25,24,187.3985115559599,0.441412192393736,0.6789232955031765,0.11129036948853889,1054846.0032446668,5835.314185760541,1060681.3174304273,466,0,240.15333333333334,78,72,43,38.424035844502626,0.5647916666666667,43.23575949367087,8216.455696202487,105.33917559233957,0
468,32,2,4,148,0.013157894736842105,0.02631578947368421,0.9736842105263158,152,5050,3600,1450,0.7128712871287128,65,36,29,188.05212490129364,0.44148294992448006,0.6835451226267175,0.11270319679826056,1057615.7570931583,4327.37809009153,1061943.1351832498,467,0,237.98026315789474,81,71,43,38.06404096052172,0.567297149122807,42.89888211382112,8227.235772357668,101.57081200441566,0
469,32,0,2,146,0.0,0.013513513513513514,0.9864864864864865,148,4050,2800,1250,0.691358024691358,53,28,25,192.48360152117186,0.44007591775448923,0.6835964348269539,0.1155849804208405,1058207.1961402085,7087.506453737253,1065294.7025939457,468,1,245.0472972972973,78,70,46,37.87684577522558,0.5682713963963963,42.82700421940925,8229.535864978814,105.50687006383095,0
470,32,2,0,148,0.013513513513513514,0.0,1.0,148,3450,2100,1350,0.6086956521739131,48,21,27,190.79853165914946,0.4395932922718637,0.6812356637079884,0.11523353446933986,1059940.9031382182,7397.033592849026,1067337.9367310673,469,0,245.60135135135135,67,81,46,37.70558068483912,0.5698198198198199,42.61642156862746,8236.274509803938,122.92947029558115,0
471,32,2,0,150,0.013333333333333334,0.0,1.0,150,4300,2800,1500,0.6511627906976745,58,28,30,186.23928543514128,0.4407345264727815,0.678103696955894,0.11342256620606218,1062447.9821023203,5273.910599748944,1067721.8927020691,470,0,243.31333333333333,70,80,47,37.51304752144538,0.5722222222222222,42.312206572769966,8246.009389671392,117.80013413816273,0
472,32,0,0,150,0.0,0.0,1.0,150,4050,2800,1250,0.691358024691358,53,28,25,188.0216304458727,0.4407028337061894,0.6807407407407413,0.11490210749470023,1063476.562500002,5941.319444444599,1069417.8819444466,471,1,244.31333333333333,71,79,50,37.34006734006731,0.5733333333333333,42.18750000000001,8250.000000000016,116.19718309859178,0
473,32,2,1,151,0.013157894736842105,0.006578947368421052,0.993421052631579,152,4100,3000,1100,0.7317073170731707,52,30,22,184.83772920711976,0.4406896276286743,0.6805497309009572,0.11360007353326933,1065173.3736582436,4876.845519775415,1070050.219178019,472,0,242.08552631578948,75,77,42,37.212760070827755,0.575109649122807,41.98190789473685,8256.578947368442,110.08771929824589,0
474,32,0,1,150,0.0,0.006622516556291391,0.9933774834437086,151,4600,3200,1400,0.6956521739130435,60,32,28,184.31295501246612,0.44071927888153056,0.677604300766647,0.1134066770253177,1065512.898199449,4477.566174207621,1069990.4643736568,473,1,244.6887417218543,75,76,43,37.184423907655244,0.5760899558498896,41.94078947368422,8257.894736842129,110.10526315789505,0
475,32,1,1,150,0.006622516556291391,0.006622516556291391,0.9933774834437086,151,4350,2800,1550,0.6436781609195402,59,28,31,183.70629883791318,0.44071927888153056,0.6767497666142446,0.11369410168141189,1067246.293861879,4661.973318769142,1071908.2671806482,474,0,245.52317880794703,80,71,45,36.986402263937954,0.5780905077262692,41.7309670781893,8264.609053497954,103.30761316872443,0
476,32,0,0,150,0.0,0.0,1.0,150,4400,3600,800,0.8181818181818182,52,36,16,188.15238947040828,0.4397343400447427,0.6818034517844445,0.11679978328118361,1068146.8572845834,5794.876700680372,1073941.7339852639,475,1,248.13333333333333,69,81,47,36.76058044884715,0.5792361111111111,41.62202380952382,8268.09523809526,119.82746721877189,0
477,32,0,1,149,0.0,0.006666666666666667,0.9933333333333333,150,4250,2400,1850,0.5647058823529412,61,24,37,189.1293865107011,0.4397222222222222,0.6810903019744488,0.11800029114906888,1069640.451262082,6210.0884668457875,1075850.5397289277,476,2,249.13333333333333,73,77,45,36.551339285714306,0.5805555555555555,41.44144144144148,8273.873873873947,113.34073799827324,0
478,32,0,0,149,0.0,0.0,1.0,149,4850,3700,1150,0.7628865979381443,60,37,23,187.26732336300955,0.4391532891952355,0.6755934041512959,0.11731399696239093,1070839.1794831208,5456.6373788095,1076295.8168619303,477,3,251.59060402684563,75,74,43,36.45193156732898,0.5822846756152125,41.29660087719302,8278.508771929908,110.38011695906545,0
479,32,1,0,150,0.006666666666666667,0.0,1.0,150,5000,3900,1100,0.78,61,39,22,183.2890200227809,0.43918717375093214,0.6704327195832662,0.11557043282021894,1072751.5049720684,4324.714414859188,1077076.2193869276,478,0,250.90666666666667,77,73,46,36.31972381247098,0.5841666666666667,41.06570512820516,8285.897435897517,107.60905760905867,0
480,32,0,0,150,0.0,0.0,1.0,150,5050,3600,1450,0.7128712871287128,65,36,29,187.50285841746427,0.43927293064876954,0.677573721537887,0.11859887818639778,1073671.9654079694,5213.312503338427,1078885.2779113078,479,1,251.90666666666667,78,72,42,36.09746682954973,0.5858333333333333,40.954641350210984,8289.451476793281,106.2750189332472,0
481,32,0,1,149,0.0,0.006666666666666667,0.9933333333333333,150,4450,3100,1350,0.6966292134831461,58,31,27,186.33724697205736,0.4391694630872483,0.6757920439515719,0.11839100197080481,1074983.9880539074,5611.911374601603,1080595.899428509,480,2,252.90666666666667,78,72,43,35.96648523077966,0.5871527777777779,40.7964135021097,8294.51476793248,106.33993292221128,0
482,32,0,1,148,0.0,0.006711409395973154,0.9932885906040269,149,4300,2600,1700,0.6046511627906976,60,26,34,187.38287347450523,0.43865446822661586,0.6768754429431267,0.11954699118942654,1076187.379270587,6231.816704943676,1082419.1959755307,481,3,255.50335570469798,78,71,46,35.79162218041929,0.5882270693512304,40.651371308016856,8299.156118143403,106.39943741209491,0
483,32,1,1,148,0.006711409395973154,0.006711409395973154,0.9932885906040269,149,5050,3400,1650,0.6732673267326733,67,34,33,185.5905096051924,0.4383653788016204,0.6734794509222675,0.11883020516411236,1077235.4621463174,5134.935676903596,1082370.397823221,482,0,256.3959731543624,72,77,46,35.709506525883555,0.5896252796420582,40.52511415525111,8303.196347031886,115.32217148655397,0
484,32,0,0,148,0.0,0.0,1.0,148,3950,2900,1050,0.7341772151898734,50,29,21,238.83858005465774,0.43730369400012253,0.7405140434552198,0.1440136518178541,1059452.056884764,17057.604980468626,1076509.6618652325,483,1,258.8581081081081,63,85,38,36.529886148007584,0.5638372747747749,42.67578124999999,8234.374999999987,130.7043650793649,8
485,32,0,0,148,0.0,0.0,1.0,148,3600,2500,1100,0.6944444444444444,47,25,22,219.10531482469054,0.43725772966844395,0.7080118562679987,0.12588933215464232,1044701.6594864591,12579.937199931679,1057281.5966863907,484,2,259.8581081081081,71,77,38,38.87465556939571,0.5458192567567568,44.47337962962965,8176.851851851892,115.16692749087171,8
486,32,3,2,149,0.019867549668874173,0.013245033112582781,0.9867549668874173,151,4750,3500,1250,0.7368421052631579,60,35,25,216.41548033136965,0.4402207505518764,0.7092083265497595,0.12552894236332063,1047632.0047647239,10394.756704334995,1058026.761469059,485,0,255.67549668874173,76,75,32,38.577517842981784,0.548841059602649,44.115259740259766,8188.311688311753,107.74094326725991,0
487,32,1,2,148,0.006666666666666667,0.013333333333333334,0.9866666666666667,150,4400,3000,1400,0.6818181818181818,58,30,28,214.2405276903222,0.4400913497390007,0.706961925361347,0.12477872125646981,1048895.7543306882,10543.195979989327,1059438.9503106775,486,0,258.2266666666667,78,72,37,38.47557678442684,0.5504166666666667,43.960970464135045,8193.248945147738,105.04165314291971,0
488,32,2,0,150,0.013333333333333334,0.0,1.0,150,4500,2800,1700,0.6222222222222222,62,28,34,214.72964201612825,0.4413217747949292,0.7100408319023102,0.12596799348629117,1051106.2757609792,10640.734863012003,1061747.0106239913,487,0,257.88,70,80,40,38.187607326846006,0.5530555555555556,43.6913145539906,8201.877934272277,117.16968477531825,0
489,32,3,0,153,0.0196078431372549,0.0,1.0,153,3600,2600,1000,0.7222222222222222,46,26,20,215.91325758867922,0.442959164660016,0.7200954228295118,0.12800371148852885,1054321.940183425,11328.416930443935,1065650.357113869,488,0,253.80392156862746,73,80,40,37.757046501425755,0.5556917211328976,43.299549549549546,8214.414414414403,112.52622485499182,0
490,32,4,2,155,0.025477707006369428,0.012738853503184714,0.9872611464968153,157,4100,2600,1500,0.6341463414634146,56,26,30,208.82977773376857,0.4449752300070771,0.7185031102461894,0.12485023524344063,1056876.2584237282,8641.446827744554,1065517.7052514728,489,0,248.31210191082803,77,80,39,37.62162249935042,0.5577892781316348,42.98878205128203,8224.358974358925,106.80985680985617,0
491,32,1,1,155,0.00641025641025641,0.00641025641025641,0.9935897435897436,156,5400,4300,1100,0.7962962962962963,65,43,22,213.04894379524873,0.4445021712158809,0.7213288864870848,0.12779659959861975,1057881.6857385696,8476.115161387734,1066357.8008999573,490,0,250.7051282051282,78,78,40,37.38836042596107,0.5592280982905983,42.866561181434584,8228.270042194054,105.49064156659043,0
492,32,1,0,156,0.00641025641025641,0.0,1.0,156,4400,3300,1100,0.75,55,33,22,212.47981182108904,0.44512338020402537,0.7219009259050335,0.128111722408577,1059432.633346172,9421.609314103214,1068854.2426602752,491,0,249.72435897435898,68,88,41,37.21057005964607,0.5618322649572649,42.67814009661837,8234.299516908237,121.0926399545329,0
493,32,0,0,156,0.0,0.0,1.0,156,5500,3900,1600,0.7090909090909091,71,39,32,215.86672884100247,0.44514319685690656,0.7260071971644255,0.1308548209157719,1061049.280613317,9109.047469019155,1070158.328082336,492,1,250.72435897435898,68,88,40,36.922924727400634,0.5636351495726496,42.481884057971016,8240.57971014493,121.18499573742544,0
494,32,1,2,155,0.006369426751592357,0.012738853503184714,0.9872611464968153,157,5500,4200,1300,0.7636363636363637,68,42,26,215.27472390700734,0.44510792639773533,0.72804939389097,0.13139944350295146,1063118.5197241518,8872.509162808674,1071991.0288869606,493,0,250.12101910828025,71,86,38,36.681785654150495,0.5658837579617835,42.23090277777778,8248.611111111115,116.17762128325514,0
495,32,3,1,157,0.0189873417721519,0.006329113924050633,0.9936708860759493,158,4450,3200,1250,0.7191011235955056,57,32,25,211.6349177832568,0.44604128033540275,0.7260491943236278,0.13031672667948782,1065739.277950911,9059.528893505847,1074798.806844417,494,0,249.1012658227848,75,83,38,36.451363073110265,0.5684335443037974,41.913377192982466,8258.771929824587,110.11695906432782,0
496,32,1,0,158,0.006329113924050633,0.0,1.0,158,4900,3100,1800,0.6326530612244898,67,31,36,214.5834246793615,0.4457473326345776,0.7305983532522611,0.13284389991353615,1067336.2279932837,9306.532617430315,1076642.7606107139,495,0,250.09493670886076,77,81,41,36.177826611513304,0.5701476793248945,41.720085470085486,8264.9572649573,107.3371073371078,0
497,32,0,0,158,0.0,0.0,1.0,158,5350,3900,1450,0.7289719626168224,68,39,29,221.84863919177332,0.44557432341637776,0.7340929247322867,0.13257183386996274,1056735.0481859404,9937.04648526073,1066672.0946712012,496,1,251.09493670886076,69,89,36,37.304574406485266,0.5592035864978904,43.00595238095238,8223.80952380952,119.18564527260173,8
498,32,0,0,158,0.0,0.0,1.0,158,4800,3100,1700,0.6458333333333334,65,31,34,194.91485376140167,0.4455566865543283,0.7064368884850281,0.11468958487532314,1052029.5787202034,4611.2382977832685,1056640.8170179867,497,2,252.09493670886076,72,86,41,38.58073641253938,0.557423523206751,43.57876712328765,8205.479452054742,113.9649923896492,8
499,32,1,0,159,0.006289308176100629,0.0,1.0,159,4900,3700,1200,0.7551020408163265,61,37,24,189.5568482811542,0.4456518854655946,0.7001669877459453,0.11220227671581154,1053844.4539317049,3252.6866531733954,1057097.1405848782,498,0,251.50314465408806,76,83,39,38.49285312670219,0.5592243186582809,43.357683982683966,8212.55411255407,108.05992253360618,0
500,32,2,2,159,0.012422360248447204,0.012422360248447204,0.9875776397515528,161,4050,3100,950,0.7654320987654321,50,31,19,188.04932361285307,0.44662752329192545,0.7006866801149771,0.1118761369985076,1055387.7694991853,3442.9912407196543,1058830.7607399048,499,0,249.3664596273292,78,83,44,38.340157271451574,0.5609472049689441,43.16983122362868,8218.565400843843,105.36622308774157,0
501,32,3,3,159,0.018518518518518517,0.018518518518518517,0.9814814814814815,162,5300,4100,1200,0.7735849056603774,65,41,24,185.9365707474009,0.4473191920353756,0.6996540768065764,0.11175666798248082,1058486.0646332821,1662.2538083647023,1060148.3184416469,500,0,246.73456790123456,85,77,41,38.01070363393765,0.5642361111111112,42.79312015503875,8230.620155038736,96.83082535339689,0
502,32,1,3,157,0.00625,0.01875,0.98125,160,5150,3600,1550,0.6990291262135923,67,36,31,187.34356556539205,0.4464876506813417,0.6985922916900924,0.11295229346257876,1059422.2741983917,2545.1892575447514,1061967.4634559364,501,0,250.775,71,89,44,37.858662243712274,0.5662109375,42.67939814814816,8234.259259259286,115.97548252477868,0
503,32,2,1,158,0.012578616352201259,0.006289308176100629,0.9937106918238994,159,4400,3500,900,0.7954545454545454,53,35,18,184.1811793402799,0.44655414908579466,0.6910740563694477,0.11162567733694113,1060990.3528008608,2882.8908895044096,1063873.2436903652,502,0,252.34591194968553,75,84,47,37.74616776665958,0.5681996855345912,42.489035087719294,8240.350877192974,109.87134502923965,0
504,32,2,1,159,0.0125,0.00625,0.99375,160,3400,2400,1000,0.7058823529411765,44,24,20,202.6473690031155,0.4468684486373165,0.7203194618987772,0.12058276144692504,1055442.7169432857,7376.537944411286,1062819.254887697,503,0,251.70625,70,90,49,37.95841425796867,0.558203125,43.1631455399061,8218.779342722992,117.41113346747132,8
505,32,1,1,159,0.00625,0.00625,0.99375,160,4900,3100,1800,0.6326530612244898,67,31,36,206.64026804751848,0.4468840081236897,0.7263139658848636,0.12393131165509672,1057830.2939365902,6818.067097568234,1064648.3610341584,504,0,252.64375,75,85,41,37.55952380952382,0.5606119791666666,42.87280701754384,8228.070175438552,109.7076023391807,0
506,32,0,0,159,0.0,0.0,1.0,159,3800,2200,1600,0.5789473684210527,54,22,32,222.79775503742172,0.4464480004245946,0.7429466641896205,0.12558677740132748,1038748.5431957936,10686.16869448295,1049434.7118902765,505,1,255.13836477987422,70,89,34,39.52563290531853,0.536229035639413,45.20246478873239,8153.521126760556,116.47887323943652,8
507,32,2,1,160,0.012422360248447204,0.006211180124223602,0.9937888198757764,161,4100,2900,1200,0.7073170731707317,53,29,24,231.58684293322648,0.44737318840579715,0.7558579763979147,0.13166638651066223,1041429.2017736237,11936.260195444755,1053365.4619690685,506,0,252.95652173913044,75,86,36,38.965518785143786,0.5387551759834368,44.87390350877193,8164.035087719307,108.85380116959075,0
508,32,2,3,159,0.012345679012345678,0.018518518518518517,0.9814814814814815,162,4850,3300,1550,0.6804123711340206,64,33,31,229.54166147466512,0.44797817140812307,0.7565487252656768,0.13135498189982234,1043451.4405041859,10653.115464292776,1054104.5559684786,507,0,252.35802469135803,62,100,39,38.76443293406709,0.5408950617283951,44.62632275132275,8171.957671957677,131.80576890254318,0
509,32,6,5,160,0.03636363636363636,0.030303030303030304,0.9696969696969697,165,5350,3700,1650,0.6915887850467289,70,37,33,222.59989525308038,0.4506574895294408,0.7535278434906689,0.1289709546958618,1047285.267013234,8275.11814744811,1055560.385160682,508,0,248.64242424242425,68,97,37,38.462559745087624,0.5438131313131314,44.15760869565218,8186.956521739142,120.39641943734033,0
510,32,5,1,164,0.030303030303030304,0.006060606060606061,0.9939393939393939,165,4750,3000,1750,0.631578947368421,65,30,35,221.43468033517448,0.4507237004188223,0.7531501685267161,0.129989569752742,1051313.9569964767,8809.473999884596,1060123.4309963614,509,0,247.53939393939393,61,104,42,37.989870769701305,0.5464015151515151,43.665994623655926,8202.688172043036,134.47029790234484,0
511,32,2,1,165,0.012048192771084338,0.006024096385542169,0.9939759036144579,166,5400,4000,1400,0.7407407407407407,68,40,28,242.07881834690681,0.4515630704636729,0.7728772577400833,0.1425291786173008,1052218.117598707,12343.943710300156,1064562.0613090072,510,0,246.9879518072289,58,108,42,37.34781985083191,0.5441139558232932,43.555790960451965,8206.214689265511,141.48646015975018,6
512,32,0,0,165,0.0,0.0,1.0,165,4700,3300,1400,0.7021276595744681,61,33,28,245.88061816317312,0.4510840108401084,0.7755490925769566,0.1454568492064192,1053667.4536771039,14115.280969708541,1067782.7346468123,511,1,249.47878787878787,58,107,43,37.06943011122576,0.5452651515151515,43.37923728813559,8211.864406779658,141.5838690824079,0
513,32,1,3,163,0.006024096385542169,0.018072289156626505,0.9819277108433735,166,5150,3300,1850,0.6407766990291263,70,33,37,244.81936025522845,0.45144137154679326,0.7745727727496905,0.14619213226669373,1056514.3778554162,13381.034817402797,1069895.4126728189,512,0,248.96987951807228,60,106,34,36.74173201311358,0.547879016064257,43.032786885245905,8222.950819672138,137.04918032786898,0
514,32,3,5,161,0.018072289156626505,0.030120481927710843,0.9698795180722891,166,4250,2700,1550,0.6352941176470588,58,27,31,239.0017581492692,0.45136607034197396,0.7691088172668719,0.14419245143972512,1059620.1602349302,13200.216253311952,1072820.376488242,513,0,249.5722891566265,58,108,41,36.50478526344677,0.5504518072289157,42.65536723163844,8235.028248587603,141.9832456653035,0
515,32,3,1,163,0.018292682926829267,0.006097560975609756,0.9939024390243902,164,5800,4400,1400,0.7586206896551724,72,44,28,235.44016235915976,0.45058668761534243,0.76194370114069,0.1430372472488095,1061716.2771731066,11394.130535400007,1073110.4077085066,514,0,252.10365853658536,60,104,42,36.33604021655066,0.5536077235772358,42.400956284153025,8243.169398907143,137.38615664845238,0
516,32,1,1,163,0.006097560975609756,0.006097560975609756,0.9939024390243902,164,4900,3500,1400,0.7142857142857143,63,35,28,241.00049683774387,0.4502429984039104,0.7692938714344772,0.14773017468495497,1064392.4870853145,13603.823643584672,1077996.3107288992,515,0,253.0731707317073,60,104,36,35.86053363347459,0.555957825203252,42.07650273224045,8253.551912568328,137.55919854280546,0
517,32,0,0,163,0.0,0.0,1.0,163,5450,4300,1150,0.7889908256880734,66,43,23,240.91806441785178,0.44944330833901386,0.7685832406652924,0.1481690220357419,1065379.3083176627,13283.82416614451,1078663.1324838072,516,1,255.45398773006136,60,103,37,35.74024441356186,0.5572597137014315,41.95696721311478,8257.377049180377,137.62295081967295,0
518,32,0,2,161,0.0,0.012269938650306749,0.9877300613496932,163,4700,3500,1200,0.7446808510638298,59,35,24,242.34223455866373,0.44935178873488346,0.7706572177706519,0.1496911358801269,1066666.9557174281,14399.690715690002,1081066.646433118,517,2,256.4539877300613,61,102,39,35.5438248308173,0.5585378323108384,41.80107526881722,8262.365591397882,135.4486162524243,0
519,32,2,1,162,0.012269938650306749,0.006134969325153374,0.9938650306748467,163,4650,3300,1350,0.7096774193548387,60,33,27,242.9272627336601,0.4485628266303113,0.7715221831274686,0.15084534772908278,1068231.0422437654,14650.488611880452,1082881.530855646,518,0,257.4049079754601,56,107,41,35.33488931324705,0.5604550102249488,41.61184210526315,8268.421052631564,147.65037593984934,0
520,32,1,1,162,0.006134969325153374,0.006134969325153374,0.9938650306748467,163,4550,3200,1350,0.7032967032967034,59,32,27,245.99597352414463,0.4488894569416042,0.7739484689841329,0.15382492465137637,1070303.2156245841,15508.056298718244,1085811.2719233024,519,0,258.0552147239264,57,106,40,34.9989439390783,0.5621804703476483,41.36135057471263,8276.43678160917,145.20064529138895,0
521,32,0,0,162,0.0,0.0,1.0,162,4800,2900,1900,0.6041666666666666,67,29,38,247.96210296407668,0.44846062418526184,0.7742721481514598,0.1559201599785501,1071943.8705632729,15960.29128086428,1087904.1618441371,520,1,260.5679012345679,59,103,41,34.745022581438505,0.5635288065843622,41.16319444444445,8282.777777777788,140.38606403013202,0
522,32,1,0,163,0.006134969325153374,0.0,1.0,163,4750,3400,1350,0.7157894736842105,61,34,27,250.80039925450492,0.4487663788532909,0.7774506513096975,0.15865896816892572,1073714.969840843,16507.62862432443,1090222.5984651675,521,0,259.9631901840491,60,103,38,34.452455504284785,0.5651840490797546,40.94945355191257,8289.617486338797,138.16029143897995,0
523,32,0,0,163,0.0,0.0,1.0,163,4700,3400,1300,0.723404255319149,60,34,26,254.68164147035492,0.44847288495039006,0.7808899686643282,0.1618171886093979,1074989.3668443365,17456.011302218627,1092445.378146555,522,1,260.9631901840491,60,103,38,34.1943090234315,0.5668456032719836,40.7957650273224,8294.53551912568,138.24225865209468,0
524,32,0,1,162,0.0,0.006134969325153374,0.9938650306748467,163,4650,3600,1050,0.7741935483870968,57,36,21,251.6355929375641,0.4482930015905476,0.7783337479640073,0.1604330341314124,1075994.5830183898,16901.706979087707,1092896.2899974776,523,2,261.9631901840491,62,101,40,34.14905317521039,0.5681876278118609,40.67460317460316,8298.412698412676,133.84536610343025,0
525,32,0,1,161,0.0,0.006172839506172839,0.9938271604938271,162,4850,3600,1250,0.7422680412371134,61,36,25,255.4943618181686,0.44809558955090356,0.7810109825070082,0.1630465646655732,1076269.018924441,17746.1332269532,1094015.1521513942,524,3,264.54938271604937,62,100,40,34.01507182625695,0.5693801440329218,40.641534391534385,8299.470899470889,133.8624338624337,0
526,32,0,1,160,0.0,0.006211180124223602,0.9937888198757764,161,4500,3100,1400,0.6888888888888889,59,31,28,260.25379941162095,0.44709659679089025,0.7836024844720495,0.16669148309422016,1077332.7885841846,19375.990291950187,1096708.778876135,525,4,267.0869565217391,55,106,40,33.760155316606934,0.5705227743271222,40.51339285714286,8303.571428571437,150.97402597402612,0
527,32,0,0,160,0.0,0.0,1.0,160,4400,3200,1200,0.7272727272727273,56,32,24,261.55698791459616,0.44709938417190775,0.7835819959879631,0.16824020448442104,1078568.7934027787,20021.440972222248,1098590.234375001,526,5,269.3125,55,105,40,33.573637579404874,0.5721354166666667,40.364583333333336,8308.33333333334,151.06060606060618,0
528,32,0,0,160,0.0,0.0,1.0,160,4850,3400,1450,0.7010309278350515,63,34,29,263.870608447462,0.4467963836477988,0.7848405634289672,0.17047290536813456,1079837.5002064323,20137.475640771438,1099974.9758472038,527,6,270.3125,57,103,39,33.35688155317432,0.5736979166666667,40.211925287356316,8313.218390804584,145.8459366807822,0
529,32,0,0,160,0.0,0.0,1.0,160,4700,3200,1500,0.6808510638297872,62,32,30,264.2661293365348,0.4468029350104821,0.7855433655839674,0.17116969075647517,1080584.1466838408,20412.3579733121,1100996.5046571528,528,7,271.3125,57,103,38,33.2544344621055,0.575,40.122126436781606,8316.09195402298,145.89635007057862,0
530,32,1,1,160,0.006211180124223602,0.006211180124223602,0.9937888198757764,161,4550,3000,1550,0.6593406593406593,61,30,31,263.9901991349511,0.44676662784679094,0.7867385167818273,0.17164607782165206,1081688.1373886797,20361.0133582303,1102049.15074691,529,0,270.62111801242236,58,103,34,33.125381951517625,0.5764751552795031,39.98940677966101,8320.338983050833,143.45412039742817,0
531,32,0,2,158,0.0,0.0125,0.9875,160,5150,3600,1550,0.6990291262135923,67,36,31,262.5293889073362,0.4461879258385744,0.7843235014115939,0.17109906386168766,1082367.3491668915,19680.647750007527,1102047.996916899,530,9,273.3125,60,100,34,33.07960190838859,0.5776692708333333,39.907786885245905,8322.950819672138,138.71584699453564,0
532,32,0,0,158,0.0,0.0,1.0,158,4500,2800,1700,0.6222222222222222,62,28,34,265.36513367595154,0.44541895106022733,0.7846065780247315,0.1733749218133274,1083078.10027173,21382.232972020633,1104460.3332437505,531,10,275.4810126582278,60,98,35,32.91819812724251,0.5785205696202531,39.822404371584696,8325.683060109282,138.7613843351547,0
533,32,0,0,158,0.0,0.0,1.0,158,4750,3600,1150,0.7578947368421053,59,36,23,275.48761269800764,0.445200589911043,0.7878003744819901,0.17039669393995827,1067072.0656409592,22443.027188032065,1089515.0928289914,532,11,276.4810126582278,60,98,37,34.637638034781475,0.5591376582278481,41.75204918032788,8263.934426229529,137.73224043715882,8
534,32,0,0,158,0.0,0.0,1.0,158,4950,3700,1250,0.7474747474747475,62,37,25,275.3305401592203,0.44517875379612465,0.7882618644209343,0.1708853152343982,1068090.9320477466,22265.610651974013,1090356.5426997207,533,12,277.4810126582278,54,104,39,34.5150393392953,0.5608517932489452,41.62878787878786,8267.878787878759,153.10886644219923,0
535,32,1,0,159,0.006289308176100629,0.0,1.0,159,4250,3200,1050,0.7529411764705882,53,32,21,247.31245440619003,0.445283682297057,0.7629910237604556,0.14692850708534655,1054964.047919606,16131.149600257455,1071095.1975198635,534,0,276.7295597484277,66,93,39,36.87093828206994,0.5512316561844863,43.22139303482587,8216.915422885573,124.49871852856928,8
536,32,1,1,159,0.00625,0.00625,0.99375,160,5100,3300,1800,0.6470588235294118,69,33,36,242.74197798060112,0.44625999082809226,0.7592096503415533,0.145291924034543,1057224.6173469406,14226.558956916204,1071451.1763038568,535,0,275.99375,69,91,34,36.706659333873624,0.5534505208333333,42.94642857142858,8225.714285714299,119.21325051759854,0
537,32,1,0,160,0.00625,0.0,1.0,160,4400,3100,1300,0.7045454545454546,57,31,26,239.94560587042574,0.44601349580712785,0.757602563360722,0.144084084803777,1058204.0958049898,14382.284580498945,1072586.3803854887,536,0,276.9875,69,91,38,36.65663696331442,0.5546875,42.827380952380956,8229.523809523818,119.26846100759157,0
538,32,2,2,160,0.012345679012345678,0.012345679012345678,0.9876543209876543,162,4600,3300,1300,0.717391304347826,59,33,26,239.76027809950997,0.44704921018326815,0.760033596233225,0.14495598464915335,1060256.3476562502,13841.471354166668,1074097.819010417,537,0,274.55555555555554,63,99,38,36.40617096611027,0.5566486625514404,42.578125,8237.500000000002,130.75396825396828,0
539,32,2,1,161,0.012345679012345678,0.006172839506172839,0.9938271604938271,162,4950,4000,950,0.8080808080808081,59,40,19,237.93166827435573,0.4484829895457915,0.7556936072314338,0.14468864862291203,1062002.0273322451,13186.782814781862,1075188.810147027,538,0,270.0246913580247,66,96,42,36.236371773982654,0.558641975308642,42.36629353233831,8244.278606965181,124.91331222674516,0
540,32,1,1,161,0.006172839506172839,0.006172839506172839,0.9938271604938271,162,3950,2800,1150,0.7088607594936709,51,28,23,238.46546270788664,0.4485692559364057,0.7571642349420122,0.14572889387704208,1063476.5625000019,14370.486111111244,1077847.048611113,539,0,270.82716049382714,67,95,41,36.039562289562284,0.5599279835390947,42.18750000000001,8250.000000000015,123.13432835820917,0
541,32,1,1,161,0.006172839506172839,0.006172839506172839,0.9938271604938271,162,4800,3100,1700,0.6458333333333334,65,31,34,237.6674576422054,0.44897023490018656,0.7565246372352965,0.14589954127780738,1064827.4376417256,13414.965986394709,1078242.4036281204,540,0,270.14814814814815,69,93,34,35.8925549915398,0.5621141975308642,42.02380952380953,8255.238095238114,119.64113181504513,0
542,32,1,0,162,0.006172839506172839,0.0,1.0,162,5300,3600,1700,0.6792452830188679,70,36,34,242.19592726078153,0.4491052258262403,0.7608204491315225,0.14936688889426755,1066201.677494545,13945.940785558414,1080147.6182801034,541,0,271.141975308642,70,92,35,35.605285592497864,0.56372170781893,41.857394366197184,8260.563380281692,118.00804828973845,0
543,32,2,2,162,0.012195121951219513,0.012195121951219513,0.9878048780487805,164,5000,3800,1200,0.76,62,38,24,246.45386805566523,0.44990008853309393,0.7699827155751882,0.14605001297914694,1054197.6838444597,14162.219375758112,1068359.903220218,542,0,268.8231707317073,66,98,37,36.98856753482742,0.5485899390243902,43.31467661691543,8213.930348258711,124.45349012513199,8
544,32,2,0,164,0.012195121951219513,0.0,1.0,164,4800,3200,1600,0.6666666666666666,64,32,32,248.05130852355683,0.4495610753653549,0.77127911728053,0.14801012443492048,1056285.176524653,14802.584042195198,1071087.7605668483,543,0,269.75,67,97,38,36.68724785866171,0.5508130081300813,43.06066176470588,8222.058823529404,122.71729587357319,0
545,32,1,1,164,0.006060606060606061,0.006060606060606061,0.9939393939393939,165,4750,2900,1850,0.6105263157894737,66,29,37,243.31935832446436,0.4498660384331116,0.7675953832187783,0.14588339906384645,1057734.9931946911,13723.479964292685,1071458.4731589837,544,0,269.1090909090909,70,95,39,36.62826913932477,0.5527777777777778,42.8843896713615,8227.699530516422,117.53856472166316,0
546,32,1,1,164,0.006060606060606061,0.006060606060606061,0.9939393939393939,165,4550,3400,1150,0.7472527472527473,57,34,23,243.25344968451316,0.45022480906627244,0.7688211217559482,0.14668440322310236,1059469.926697532,13993.942901234623,1073463.8695987666,545,0,269.74545454545455,59,106,43,36.41405793190304,0.5545454545454546,42.673611111111114,8234.444444444453,139.56685499058395,0
547,32,0,1,163,0.0,0.006097560975609756,0.9939024390243902,164,5100,3500,1600,0.6862745098039216,67,35,32,244.6666573231381,0.4494644371290339,0.7686022159060164,0.14821190474839566,1060844.6243785396,14010.661637183352,1074855.286015723,546,1,272.3475609756098,61,103,39,36.20671843055374,0.5557672764227642,42.50672043010752,8239.784946236548,135.07844174158276,0
548,32,0,0,163,0.0,0.0,1.0,163,4700,3000,1700,0.6382978723404256,64,30,34,240.30694173031264,0.4495253603978893,0.7625440877028897,0.14600145745741477,1061731.6733466242,13728.29827202687,1075459.9716186512,547,2,274.5460122699387,63,100,43,36.208759819717386,0.5571958077709611,42.399088541666664,8243.229166666659,130.84490740740728,0
549,32,0,0,163,0.0,0.0,1.0,163,4750,3400,1350,0.7157894736842105,61,34,27,244.14727871268903,0.44957269812416367,0.7657882588564155,0.14907130853137757,1063216.1617755836,14566.266516171796,1077782.4282917555,548,3,275.5460122699387,65,98,43,35.92541429416926,0.5587934560327199,42.219065656565654,8248.989898989896,126.90753690753685,0
550,32,2,1,164,0.012121212121212121,0.006060606060606061,0.9939393939393939,165,4650,3300,1350,0.7096774193548387,60,33,27,241.74841415409682,0.4502078713968958,0.7674351472596062,0.14850756282866656,1065033.9710378272,13844.05470372685,1078878.025741554,549,0,273.1939393939394,68,97,37,35.76165398868734,0.5611111111111111,41.99879227053139,8256.03864734297,121.41233304916132,0
551,32,0,0,164,0.0,0.0,1.0,164,4200,2800,1400,0.6666666666666666,56,28,28,243.13548205334615,0.449603939099207,0.7675713356127238,0.14948459205956088,1065283.2621531426,14801.6318933931,1080084.8940465357,550,1,275.859756097561,68,96,39,35.69494012793507,0.5620553861788617,41.968599033816425,8257.004830917875,121.42654163114521,0
552,32,2,0,166,0.012048192771084338,0.0,1.0,166,5400,4300,1100,0.7962962962962963,65,43,22,241.2625732567561,0.45028142874528415,0.7691634952138688,0.14946389805249152,1067541.8699568403,12911.579721023363,1080453.4496778636,551,0,273.5240963855422,72,94,42,35.46327753839355,0.5643825301204819,41.695205479452056,8265.753424657538,114.80213089802136,0
553,32,2,0,168,0.011904761904761904,0.0,1.0,168,5200,3400,1800,0.6538461538461539,70,34,36,238.83780329709822,0.4508668674555651,0.7679650138434431,0.1494334791337591,1070470.4454210058,12333.761935763805,1082804.2073567696,552,0,271.2559523809524,63,105,43,35.163394580082226,0.5667782738095238,41.34114583333333,8277.083333333325,131.382275132275,0
554,32,1,0,169,0.005917159763313609,0.0,1.0,169,4350,3100,1250,0.7126436781609196,56,31,25,234.68498808922809,0.4511526134122288,0.7651387707116835,0.14744691320640446,1071695.5061983455,12152.169421487542,1083847.675619833,553,0,270.64497041420117,65,104,42,35.11937431394075,0.5682938856015779,41.19318181818181,8281.81818181817,127.41258741258721,0
555,32,0,0,169,0.0,0.0,1.0,169,5200,3100,2100,0.5961538461538461,73,31,42,233.40625237274313,0.45106602798910495,0.7631259853765227,0.14722012276525562,1072849.1445597846,11081.939638600608,1083931.0841983852,554,1,271.64497041420117,67,102,43,35.00995819529896,0.5697115384615384,41.05392156862745,8286.274509803921,123.67573895229734,0
556,32,1,1,169,0.0058823529411764705,0.0058823529411764705,0.9941176470588236,170,4950,3100,1850,0.6262626262626263,68,31,37,233.11675540931478,0.4510819120547627,0.7636948061243847,0.14821662293368773,1075188.8713934622,11178.908230289391,1086367.7796237515,555,0,271.04117647058825,70,100,38,34.728667911785244,0.571813725490196,40.77171361502347,8295.305164319247,118.50435949027495,0
557,32,0,0,169,0.0,0.0,1.0,169,5000,3300,1700,0.66,67,33,34,235.50736094562822,0.45032198037005733,0.7660589216533273,0.14998100354958407,1075665.3061224474,11865.419501133732,1087530.725623581,556,1,273.63313609467457,69,100,40,34.607916284052656,0.5724852071005917,40.71428571428571,8297.142857142844,120.24844720496876,0
558,32,1,0,170,0.0058823529411764705,0.0,1.0,170,5100,3100,2000,0.6078431372549019,71,31,40,231.2823143599175,0.45025234946049425,0.7617279850016423,0.14787038943372321,1076811.561584471,10709.494018554586,1087521.0556030257,557,0,273.0176470588235,63,107,43,34.57615753811403,0.5743872549019609,40.57617187499999,8301.562499999987,131.77083333333314,0
559,32,0,0,170,0.0,0.0,1.0,170,5250,3300,1950,0.6285714285714286,72,33,39,230.67392015065906,0.449771580229725,0.761491813220134,0.14822240509799792,1078269.23487837,10495.718277449083,1088764.953155819,558,1,274.0176470588235,64,106,42,34.412360845319675,0.5760416666666667,40.40064102564103,8307.179487179492,129.79967948717956,0
560,32,0,0,170,0.0,0.0,1.0,170,5500,4000,1500,0.7272727272727273,70,40,30,231.74623131773885,0.4494177108713308,0.7638545173811422,0.14957174411871932,1079552.4850780522,10536.44398530754,1090088.9290633597,559,2,275.0176470588235,65,105,41,34.226515980070495,0.5773897058823529,40.24621212121212,8312.121212121203,127.87878787878773,0
561,32,0,2,168,0.0,0.011764705882352941,0.9882352941176471,170,5550,4000,1550,0.7207207207207207,71,40,31,229.51715053353212,0.4489993038635573,0.7618177531533659,0.14873903651458759,1080733.5069444438,10059.374999999953,1090792.8819444438,560,3,276.0176470588235,67,103,41,34.1391115564462,0.5791666666666666,40.104166666666664,8316.666666666662,124.12935323383078,0
562,32,1,2,167,0.005917159763313609,0.011834319526627219,0.9881656804733728,169,4300,2500,1800,0.5813953488372093,61,25,36,227.3563702653183,0.44879132619517237,0.7586668309945956,0.1480357647822911,1082095.2947845783,11104.251700680117,1093199.5464852583,561,0,276.3491124260355,69,100,34,34.02785725185016,0.580991124260355,39.94047619047618,8321.904761904745,120.60731538992384,0
563,32,0,1,166,0.0,0.005988023952095809,0.9940119760479041,167,4400,2500,1900,0.5681818181818182,63,25,38,228.60064090840658,0.4480902652526273,0.7574077169168905,0.1492790771040001,1082931.8106898617,11711.781196760621,1094643.5918866224,562,5,278.22754491017963,68,99,37,33.8927010193621,0.5820858283433133,39.83997584541062,8325.120772946839,122.42824666098292,0
564,32,0,1,165,0.0,0.006024096385542169,0.9939759036144579,166,4350,2800,1550,0.6436781609195402,59,28,31,231.09910880466185,0.44742074358038214,0.7595001278749145,0.15150611536159597,1084063.2365982854,12555.209573152126,1096618.4461714374,563,6,280.4759036144578,68,98,38,33.68869137377718,0.5835215863453815,39.70410628019323,8329.468599033804,122.49218527990888,0
565,32,1,0,166,0.006024096385542169,0.0,1.0,166,5900,4700,1200,0.7966101694915254,71,47,24,214.89548241584947,0.44772575149081173,0.7450318214648342,0.13665453053074206,1075238.2111841585,7112.766820875046,1082350.9780050335,564,0,279.4156626506024,73,93,37,35.19493918331885,0.5746736947791165,40.76576576576577,8295.495495495506,113.63692459582886,8
566,32,1,1,166,0.005988023952095809,0.005988023952095809,0.9940119760479041,167,4250,2900,1350,0.6823529411764706,56,29,27,215.35333710894258,0.4479489815549624,0.7431534346492785,0.1319838769014221,1064336.1111111182,8191.666666667039,1072527.7777777852,565,0,278.7365269461078,74,93,43,36.529011847065185,0.5659306387225549,42.08333333333336,8253.33333333339,111.5315315315323,8
567,32,0,0,166,0.0,0.0,1.0,166,4800,3100,1700,0.6458333333333334,65,31,34,216.1961751298537,0.4475188633321163,0.7415857801892629,0.13312537533339344,1065739.2779509155,8081.7511157283325,1073821.029066644,566,1,281.36746987951807,75,91,39,36.333643122676605,0.5676455823293173,41.91337719298248,8258.77192982462,110.11695906432826,0
568,32,1,0,167,0.005988023952095809,0.0,1.0,167,4650,3300,1350,0.7096774193548387,60,33,27,218.36296377803902,0.4475942692927399,0.746924589793696,0.13507935769678514,1067106.8875208546,8553.32452540276,1075660.2120462575,567,0,280.67664670658684,76,91,40,36.10856469355683,0.5691117764471059,41.74783549783552,8264.069264069312,108.73775347459622,0
569,32,0,3,164,0.0,0.017964071856287425,0.9820359281437125,167,4750,3600,1150,0.7578947368421053,59,36,23,219.52509189821632,0.44720198157901064,0.749756519213814,0.13628268592665124,1068163.384724387,8747.73303878613,1076911.117763173,568,1,281.67664670658684,66,101,42,35.94793609723809,0.5705464071856288,41.62002487562189,8268.15920398009,125.2751394542438,0
570,32,1,0,165,0.006060606060606061,0.0,1.0,165,4150,2900,1250,0.6987951807228916,54,29,25,216.3651008828547,0.44640767430401573,0.7436471204336688,0.13505471748985168,1069775.4906765604,9142.416392447798,1078917.9070690083,569,0,282.46060606060604,68,97,43,35.83046278997352,0.5724747474747475,41.425120772946855,8274.39613526569,121.68229610684838,0
571,32,0,0,165,0.0,0.0,1.0,165,4850,3400,1450,0.7010309278350515,63,34,29,217.39986052414133,0.4462983493471298,0.7455082980581857,0.13627647438415277,1071025.0093351079,8718.137529463957,1079743.1468645718,570,1,283.46060606060604,68,97,43,35.649458318745864,0.5740530303030302,41.27415458937198,8279.227053140103,121.75333901676622,0
572,32,0,0,165,0.0,0.0,1.0,165,4050,2600,1450,0.6419753086419753,55,26,29,218.29279214113976,0.44610433604336047,0.7467366579177601,0.13724348812834047,1071900.1063327044,9747.613421550142,1081647.7197542547,571,2,284.46060606060604,68,97,43,35.51837270341208,0.5751262626262627,41.16847826086957,8282.608695652183,121.80306905370857,0
573,32,0,0,165,0.0,0.0,1.0,165,4900,3700,1200,0.7551020408163265,61,37,24,215.01079269064383,0.4460288864252279,0.7425490670773676,0.13557432941040284,1072756.1805693326,8230.831349600017,1080987.0119189327,572,3,285.46060606060604,70,95,44,35.49776191285623,0.5764520202020202,41.065140845070424,8285.915492957754,118.37022132796793,0
574,32,0,1,164,0.0,0.006060606060606061,0.9939393939393939,165,4600,3300,1300,0.717391304347826,59,33,26,230.23711855433547,0.44591956146834194,0.7591734146368114,0.14411908120793945,1070607.1786589434,11698.702383604348,1082305.8810425478,573,4,286.46060606060604,66,99,40,35.3689596105301,0.5720328282828283,41.32462686567164,8277.611940298502,125.41836273179548,6
575,32,3,1,166,0.017964071856287425,0.005988023952095809,0.9940119760479041,167,4550,3200,1350,0.7032967032967034,59,32,27,224.70933759817794,0.4475191183897265,0.7553587590285107,0.1418658521918106,1073120.9085498876,10278.057704599829,1083398.9662544874,574,0,280.58682634730536,70,97,38,35.201629654807775,0.5750374251497006,41.02112676056337,8287.323943661946,118.39034205231351,0
576,32,1,0,167,0.005988023952095809,0.0,1.0,167,4300,2700,1600,0.627906976744186,59,27,32,223.22787111702667,0.4475957723108001,0.7523640971814844,0.14148673338967097,1074275.4562300576,10261.644617501512,1084537.100847559,575,0,280.91616766467064,72,95,40,35.097610000550674,0.5770334331337326,40.88184931506848,8291.780821917775,115.16362252663576,0
577,32,0,0,167,0.0,0.0,1.0,167,5200,3100,2100,0.5961538461538461,73,31,42,227.02734111358026,0.44723805401245703,0.7576128926080199,0.14472228079073177,1075951.2542320665,10254.07048322534,1086205.3247152918,576,1,281.91616766467064,75,92,40,34.792547568710354,0.5788423153692615,40.67982456140349,8298.24561403505,110.64327485380066,0
578,32,0,0,167,0.0,0.0,1.0,167,4800,3000,1800,0.625,66,30,36,228.68565036767208,0.4466097924632662,0.7600858379084334,0.1462868190960065,1076964.117961615,11057.247947739666,1088021.3659093548,577,2,282.91616766467064,61,106,39,34.62472477658334,0.5802769461077844,40.557795698924735,8302.150537634418,136.10082848581013,0
579,32,0,0,167,0.0,0.0,1.0,167,4100,2800,1300,0.6829268292682927,54,28,26,228.24006070368756,0.4463617944833225,0.7591370959190042,0.14648047722512217,1077916.3692225867,11704.739508972383,1089621.108731559,578,3,283.91616766467064,62,105,42,34.51899392703956,0.5813997005988024,40.4431216931217,8305.820105820112,133.96484041645343,0
580,32,0,0,167,0.0,0.0,1.0,167,4800,3500,1300,0.7291666666666666,61,35,26,228.84060052260034,0.44618894740639203,0.7611038825131942,0.14749279082513247,1079152.7086657693,11190.790781333071,1090343.4994471024,579,4,284.91616766467064,62,105,40,34.35119161308122,0.5828967065868264,40.294312169312164,8310.582010581998,134.04164533196771,0
581,32,0,1,166,0.0,0.005988023952095809,0.9940119760479041,167,4650,3700,950,0.7956989247311828,56,37,19,227.23240149822226,0.44584475627059134,0.7589040119251234,0.14692457947618753,1080077.3039740843,11035.711917151362,1091113.0158912358,580,5,285.91616766467064,65,102,42,34.279198558295874,0.5838323353293413,40.18308080808081,8314.141414141415,127.90986790986793,0
582,32,0,0,166,0.0,0.0,1.0,166,6050,4800,1250,0.7933884297520661,73,48,25,226.4664472250127,0.44509553364975046,0.7569684890143826,0.1472812825746115,1081752.9465830433,9746.149317570074,1091499.0959006133,581,6,286.26506024096386,67,99,38,34.093073720592294,0.5860943775100402,39.98161764705882,8320.588235294106,124.18788410886725,0
583,32,1,0,167,0.005988023952095809,0.0,1.0,167,5250,3600,1650,0.6857142857142857,69,36,33,223.58278311295018,0.44512330760166413,0.7540735972049442,0.1464153871648659,1083743.6536833434,9811.284454303903,1093554.9381376472,582,0,285.54491017964074,71,96,40,33.923566716697216,0.5883857285429142,39.742476851851855,8328.240740740752,117.29916536254579,0
584,32,0,1,166,0.0,0.005988023952095809,0.9940119760479041,167,4500,3000,1500,0.6666666666666666,60,30,30,220.79999999999947,0.4448572734049972,0.7519520958083827,0.1452631578947369,1085069.4444444475,10016.666666666819,1095086.1111111143,583,1,286.54491017964074,72,95,41,33.83333333333333,0.5900698602794412,39.58333333333334,8333.333333333358,115.74074074074107,0
585,32,0,0,166,0.0,0.0,1.0,166,5000,3400,1600,0.68,66,34,32,218.89271307220486,0.4446292746744554,0.7479720809459898,0.14460583433809665,1086253.4793962378,9354.594237833038,1095608.0736340708,584,2,288.8975903614458,65,101,41,33.73784753770674,0.5915537148594378,39.44128787878789,8337.878787878808,128.2750582750586,0
586,32,1,0,167,0.005988023952095809,0.0,1.0,167,3600,2200,1400,0.6111111111111112,50,22,28,219.86487182806138,0.4448813216939615,0.7508827077822176,0.1460338124922145,1087791.9211467542,10833.44626370634,1098625.3674104605,585,0,288.1616766467066,66,101,44,33.524014668177216,0.593250998003992,39.2568407960199,8343.781094527367,126.42092567465707,0
587,32,0,4,163,0.0,0.023952095808383235,0.9760479041916168,167,4450,2900,1550,0.651685393258427,60,29,31,219.06324682117716,0.4446182935334151,0.7496738759708996,0.14607075541756653,1088902.4804161869,9857.702566320642,1098760.1829825074,586,1,289.1616766467066,67,100,41,33.40893521237032,0.594249001996008,39.12377450980392,8348.03921568628,124.59760023412358,0
588,32,0,0,163,0.0,0.0,1.0,163,5600,4100,1500,0.7321428571428571,71,41,30,217.05644421063863,0.4432720467570502,0.7397713730855806,0.14540166624230738,1090210.496153762,9127.442747250381,1099337.9389010125,587,2,294.7730061349693,70,93,42,33.30124962529976,0.5959228016359919,38.967136150234744,8353.051643192493,119.3293091884642,0
589,32,0,0,163,0.0,0.0,1.0,163,3500,2400,1100,0.6857142857142857,46,24,22,214.85154334747176,0.44298013077835846,0.7372617833888802,0.14427773914551917,1090903.9408321374,10776.479066324851,1101680.4198984622,588,3,295.7730061349693,72,91,39,33.27401770588559,0.5968174846625767,38.88413242009133,8355.7077625571,116.05149670218195,0
590,32,0,0,163,0.0,0.0,1.0,163,4100,2800,1300,0.6829268292682927,54,28,26,214.822172406883,0.44281602666060743,0.7378049638758684,0.14468486711112633,1091738.7173953878,10205.936594316394,1101944.6539897043,589,4,296.7730061349693,72,91,41,33.17275301358389,0.5980956032719836,38.78424657534248,8358.904109589073,116.09589041095936,0
591,32,0,0,163,0.0,0.0,1.0,163,4150,2900,1250,0.6987951807228916,54,29,25,217.92450592024602,0.4425540912418895,0.7410397854280919,0.14721799592079593,1092589.9379108914,10870.424478532968,1103460.3623894244,590,5,297.7730061349693,73,90,41,32.98768225238813,0.5990541922290389,38.682432432432456,8362.16216216222,114.55016660496192,0
592,32,0,1,162,0.0,0.006134969325153374,0.9938650306748467,163,4450,3200,1250,0.7191011235955056,57,32,25,218.79751592801355,0.44198919437501577,0.742816965374121,0.1483064612228483,1093538.023718842,10802.680632502586,1104340.7043513446,591,6,298.7730061349693,75,88,43,32.84903533605958,0.6006518404907976,38.56907894736844,8365.789473684254,111.54385964912338,0
593,32,0,1,161,0.0,0.006172839506172839,0.9938271604938271,162,5150,3900,1250,0.7572815533980582,64,39,25,217.2325667644146,0.4411950770646423,0.7383822882174156,0.14801098116169661,1094993.290371361,10023.640611436364,1105016.9309827974,592,7,300.98765432098764,63,99,43,32.712273688794866,0.6021090534979423,38.39518229166665,8371.354166666635,132.87863756613706,0
594,32,0,0,161,0.0,0.0,1.0,161,4650,3200,1450,0.6881720430107527,61,32,29,219.12771761354304,0.44024003623188407,0.7404425253338576,0.14952025417467363,1095402.0860460044,11156.591796874816,1106558.6778428792,593,8,303.7950310559006,63,98,45,32.612797544994606,0.6030667701863355,38.34635416666666,8372.916666666646,132.90343915343882,0
595,32,0,0,161,0.0,0.0,1.0,161,4350,3000,1350,0.6896551724137931,57,30,27,217.11315792994716,0.4398922748447205,0.7374950982327071,0.14865938349192834,1096370.4835585742,11057.291589316983,1107427.7751478911,594,9,304.7950310559006,66,95,45,32.54736592029457,0.6040372670807453,38.23072139303482,8376.616915422877,126.91843811246784,0
596,32,1,0,162,0.006172839506172839,0.0,1.0,162,4300,3400,900,0.7906976744186046,52,34,18,221.67497403052045,0.44001530429670527,0.7414664549288799,0.15263905354672988,1097939.508506616,11977.142407057334,1109916.6509136735,595,0,303.9074074074074,68,94,44,32.23655774550482,0.605516975308642,38.04347826086956,8382.608695652172,123.27365728900253,0
597,32,0,1,161,0.0,0.006172839506172839,0.9938271604938271,162,5150,3800,1350,0.7378640776699029,65,38,27,224.00273902436948,0.43993782429772765,0.7428116265394769,0.15501632354245212,1099331.9892237845,11700.675336647226,1111032.6645604318,596,1,304.9074074074074,68,94,38,32.0057977692027,0.6069958847736625,37.87741545893719,8387.922705314,123.35180448991177,0
598,32,0,0,161,0.0,0.0,1.0,161,4350,3200,1150,0.735632183908046,55,32,23,225.4427405280003,0.43969332298136643,0.7429136818329072,0.15646028085245678,1100126.2790532836,13053.096655328536,1113179.3757086121,597,2,307.12422360248445,69,92,39,31.871240281482326,0.6080486542443064,37.78273809523808,8390.952380952347,121.60800552104851,0
599,32,0,0,161,0.0,0.0,1.0,161,5350,3900,1450,0.7289719626168224,68,39,29,225.84035810150678,0.4393795289855072,0.7438619236690711,0.15737413096164218,1101250.3543083845,12191.354875283108,1113441.7091836676,598,3,308.12422360248445,69,92,42,31.723860843259576,0.6094073498964803,37.648809523809504,8395.238095238054,121.67011732229064,0
600,32,0,0,161,0.0,0.0,1.0,161,4600,3000,1600,0.6521739130434783,62,30,32,224.62505323352133,0.4389185429606625,0.7432911269351363,0.1570970368392368,1102253.534902681,12718.751790870083,1114972.2866935509,599,4,309.12422360248445,70,91,43,31.63359418669647,0.6107660455486543,37.529342723004675,8399.061032863803,119.98658618376862,0
601,32,0,0,161,0.0,0.0,1.0,161,4550,3100,1450,0.6813186813186813,60,31,29,221.38397079414722,0.4385529891304348,0.7400593209084076,0.15550850538805205,1103457.23893907,12107.549031575352,1115564.7879706454,600,5,310.12422360248445,63,98,43,31.572216196673914,0.6122541407867494,37.38606770833332,8403.645833333307,133.39120370370327,0
602,32,0,0,161,0.0,0.0,1.0,161,5000,3600,1400,0.72,64,36,28,224.41239940633432,0.43812597049689445,0.7431378463394671,0.15834413356712662,1104688.5850694429,12381.163194444362,1117069.7482638871,601,6,311.12422360248445,63,98,42,31.342913776015873,0.6136128364389234,37.23958333333333,8408.333333333321,133.46560846560828,0
603,32,0,2,159,0.0,0.012422360248447204,0.9875776397515528,161,5250,3900,1350,0.7428571428571429,66,39,27,221.75627067517394,0.4373431030020704,0.7406387630291411,0.15711587412319727,1105816.8849160783,11594.365689725415,1117411.2506058037,602,7,312.12422360248445,65,96,42,31.275577334854212,0.615424430641822,37.10542929292929,8412.626262626249,129.4250194250192,0
604,32,0,0,159,0.0,0.0,1.0,159,3800,2900,900,0.7631578947368421,47,29,18,221.3665012946121,0.43646339198046863,0.7379843958551009,0.15771547656446822,1107337.3841303396,13425.48049553204,1120762.8646258716,603,8,316.1446540880503,66,93,45,31.101146504343713,0.6173349056603774,36.92475124378108,8418.407960198976,127.55163576059054,0
605,32,0,2,157,0.0,0.012578616352201259,0.9874213836477987,159,4700,3000,1700,0.6382978723404256,64,30,34,222.94576502905392,0.4362461189395748,0.739894167069735,0.15965114188138008,1108722.5234252813,12936.998237998425,1121659.5216632797,604,9,317.1446540880503,68,91,39,30.891447305538033,0.6187762054507338,36.76026570048308,8423.671497584519,123.87752202330175,0
606,32,0,0,157,0.0,0.0,1.0,157,4350,3000,1350,0.6896551724137931,57,30,27,225.95486127049764,0.43547893189612935,0.7398070016870686,0.16281081416424734,1110401.430492183,14430.120236284518,1124831.5507284675,605,10,320.9808917197452,70,87,41,30.60850133660057,0.6207537154989384,36.56103286384975,8430.046948356781,120.4292421193826,0
607,32,0,0,157,0.0,0.0,1.0,157,4400,3100,1300,0.7045454545454546,57,31,26,225.98524802194157,0.4351233736185966,0.7410518963838386,0.16352386921097467,1111546.2586783688,14438.611391058497,1125984.8700694272,606,11,321.9808917197452,62,95,45,30.46886435397193,0.6220143312101911,36.42526455026455,8434.391534391536,136.03857313534735,0
608,32,0,0,157,0.0,0.0,1.0,157,5050,3900,1150,0.7722772277227723,62,39,23,235.00046180832035,0.4345381485110784,0.7518419698849477,0.1606443089908618,1095913.7121959268,15058.045693622851,1110971.7578895497,607,12,322.9808917197452,64,93,38,32.134947849692836,0.6056926751592357,38.28525641025642,8374.871794871819,130.85737179487217,7
609,32,0,0,157,0.0,0.0,1.0,157,4350,3100,1250,0.7126436781609196,56,31,25,239.5547547652287,0.4342285235995427,0.7556604968843939,0.16435952777316618,1096938.848714421,16805.38337924731,1113744.2320936683,608,13,323.9808917197452,65,92,39,31.89044605183846,0.6068869426751593,38.1628787878788,8378.78787878791,128.9044289044294,0
610,32,0,0,157,0.0,0.0,1.0,157,4950,3700,1250,0.7474747474747475,62,37,25,206.0202274989935,0.43387636779356525,0.7184270917243993,0.13456979946575254,1083008.7917751686,8274.343532985851,1091283.1353081544,609,14,324.9808917197452,79,78,41,34.47071593013359,0.5968683651804672,39.83072916666665,8325.416666666628,105.38502109704592,8
611,32,0,1,156,0.0,0.006369426751592357,0.9936305732484076,157,5050,3600,1450,0.7128712871287128,65,36,29,203.9633525018408,0.43362798737002556,0.7157879761765762,0.13353627837527418,1083676.7160536088,7756.067206895574,1091432.7832605045,610,15,325.9808917197452,80,77,41,34.44237864637378,0.5979962845010616,39.75051440329216,8327.983539094592,104.09979423868239,0
612,32,1,1,156,0.006369426751592357,0.006369426751592357,0.9936305732484076,157,5450,4300,1150,0.7889908256880734,66,43,23,201.8882055681466,0.4337896047689041,0.7119146781718941,0.1328779212843961,1085191.7092342766,6967.481374947483,1092159.1906092241,611,0,323.13375796178343,70,87,43,34.31086042100914,0.6003184713375795,39.56866197183098,8333.80281690139,119.05432595573416,0
613,32,1,0,157,0.006369426751592357,0.0,1.0,157,5600,4000,1600,0.7142857142857143,72,40,32,197.21079222173492,0.43360587130491585,0.7043722511098764,0.13054550654220295,1086829.7298565432,5866.910407028487,1092696.6402635716,612,0,323.69426751592357,73,84,45,34.232322891349355,0.602109872611465,39.372184684684676,8340.09009009007,114.24780945328864,0
614,32,0,0,157,0.0,0.0,1.0,157,5250,3700,1550,0.7047619047619048,68,37,31,199.45000097517624,0.4332469105558277,0.706031024451476,0.13255482365695295,1087964.8919753048,6748.919753086233,1094713.811728391,613,1,324.69426751592357,74,83,42,34.03517532179316,0.6033041401273885,39.2361111111111,8344.444444444414,112.76276276276235,0
615,32,0,0,157,0.0,0.0,1.0,157,4600,3600,1000,0.782608695652174,56,36,20,199.2525573631575,0.43291516957918236,0.7047991292563021,0.13307421490375934,1089357.5832536835,7411.456869248863,1096769.0401229323,614,2,325.69426751592357,76,81,43,33.870152426379086,0.6046974522292994,39.06926406926406,8349.783549783522,109.86557302346739,0
616,32,1,0,158,0.006329113924050633,0.0,1.0,158,3850,2500,1350,0.6493506493506493,52,25,27,197.1706552723078,0.43269689456851834,0.7030973482057574,0.13216564585605112,1090392.7978515602,7548.692491319331,1097941.4903428794,615,0,324.626582278481,79,79,35,33.798080120371765,0.6060785864978904,38.94531249999999,8353.749999999982,105.74367088607572,0
617,32,0,2,156,0.0,0.012658227848101266,0.9873417721518988,158,4450,3000,1450,0.6741573033707865,59,30,29,198.6848283223961,0.4324382205917923,0.7037926656412665,0.1335697416825314,1091218.0353129727,7311.693601691981,1098529.7289146648,616,1,325.626582278481,81,77,36,33.65782177254596,0.607001582278481,38.846544715447145,8356.910569105672,103.17173542105768,0
618,32,0,0,156,0.0,0.0,1.0,156,3850,2300,1550,0.5974025974025974,54,23,31,205.20218788629725,0.4322933898538737,0.7086187700941815,0.13825114568936442,1091831.4900548637,9759.242112482574,1101590.7321673464,617,2,327.18589743589746,80,76,36,33.41271599468319,0.6085069444444444,38.77314814814813,8359.259259259214,104.49074074074016,0
619,32,1,1,156,0.006369426751592357,0.006369426751592357,0.9936305732484076,157,4750,3400,1350,0.7157894736842105,61,34,27,205.85882959658056,0.43234865806521855,0.7131269251520393,0.13938654612072507,1093236.006283461,8860.456945270631,1102096.4632287316,618,0,326.09554140127386,81,76,39,33.22413981629973,0.6103370488322717,38.605182926829265,8364.634146341456,103.26708822643772,0
620,32,0,0,156,0.0,0.0,1.0,156,3850,2600,1250,0.6753246753246753,51,26,25,202.14120648974276,0.4316273779983457,0.7066058891218141,0.12739228041953948,1072601.334660022,8313.385574137135,1080914.7202341591,619,1,329.14102564102564,83,73,39,35.85006665389467,0.5882745726495726,41.08382936507937,8285.317460317467,99.82310193153575,8
621,32,1,1,156,0.006369426751592357,0.006369426751592357,0.9936305732484076,157,4750,3500,1250,0.7368421052631579,60,35,25,217.2742138343486,0.43252048287876316,0.7340543321972997,0.13158480187246438,1060767.952827088,9945.504602235418,1070713.4574293236,620,0,328.03821656050957,64,93,44,36.92156283064665,0.5694665605095541,42.51602564102564,8239.487179487183,128.74198717948724,8
622,32,1,1,156,0.006369426751592357,0.006369426751592357,0.9936305732484076,157,5050,3400,1650,0.6732673267326733,67,34,33,218.0286738211688,0.4326276607327563,0.7348774624037824,0.1329261245286327,1062771.2224016758,9892.920039108063,1072664.1424407838,621,0,327.12738853503186,66,91,41,36.653822565401846,0.571656050955414,42.27300995024876,8247.26368159206,124.95854063018272,0
623,32,0,1,155,0.0,0.00641025641025641,0.9935897435897436,156,4800,3800,1000,0.7916666666666666,58,38,20,221.7742885071981,0.43228391232423485,0.7374499947444229,0.13584903610625618,1064182.1365807825,11201.647236454824,1075383.7838172372,622,1,329.6666666666667,66,90,45,36.382475283337335,0.5734508547008548,42.10199004975126,8252.736318407997,125.04145936981813,0
624,32,0,0,155,0.0,0.0,1.0,155,4850,3400,1450,0.7010309278350515,63,34,29,222.58766925615816,0.43206256109481916,0.737151645270457,0.13677650905806213,1065120.1198156995,11566.520989523427,1076686.640805223,623,2,332.2903225806452,67,88,40,36.24533683627224,0.5747311827956989,41.988357843137265,8256.372549019636,123.22944103014382,0
625,32,0,0,155,0.0,0.0,1.0,155,4300,3100,1200,0.7209302325581395,55,31,24,223.51776424552347,0.4316872643485547,0.7396284939108189,0.1378372789323533,1066179.1702097515,12361.996882086249,1078541.1670918376,624,3,333.2903225806452,69,86,41,36.09023414231086,0.5764112903225806,41.86011904761905,8260.476190476196,119.71704623878546,0
626,32,0,0,155,0.0,0.0,1.0,155,4700,3400,1300,0.723404255319149,60,34,26,218.49723593883468,0.43176756039659264,0.733905855831678,0.1355932410158953,1068051.163881195,10973.245429859446,1079024.4093110545,625,4,334.2903225806452,62,93,41,35.98836341140832,0.5785618279569893,41.6335978835979,8267.724867724903,133.35040109233714,0
627,32,2,2,155,0.012738853503184714,0.012738853503184714,0.9872611464968153,157,4100,2400,1700,0.5853658536585366,58,24,34,214.75629833417753,0.4316766699330394,0.7333493482474147,0.13421040062943732,1070127.5539485812,10463.326446281224,1080590.8803948625,626,0,331.0191082802548,65,92,42,35.828603686073464,0.5802813163481954,41.38257575757577,8275.75757575761,127.31934731934786,0
628,32,0,1,154,0.0,0.0064516129032258064,0.9935483870967742,155,5650,4300,1350,0.7610619469026548,70,43,27,214.72954550847362,0.43128578410836477,0.7298258685406258,0.13500322910681273,1071900.1063327044,9383.72453266125,1081283.8308653657,627,1,333.0838709677419,68,87,41,35.61060075823857,0.5821908602150538,41.16847826086957,8282.608695652183,121.80306905370857,0
629,32,1,2,153,0.0064516129032258064,0.012903225806451613,0.9870967741935484,155,4550,3200,1350,0.7032967032967034,59,32,27,214.9006243523907,0.43169075548107805,0.728978222073702,0.13560558173668955,1072974.343737621,10566.57127666238,1083540.9150142835,628,0,332.06451612903226,72,83,36,35.47372070384248,0.5839381720430108,41.03881278538813,8286.757990867587,115.09386098427204,0
630,32,0,0,153,0.0,0.0,1.0,153,5200,4200,1000,0.8076923076923077,62,42,20,219.36384974774364,0.4312507166609334,0.7310931976940465,0.13921778137558505,1074654.4295562487,11348.066563184986,1086002.4961194338,629,3,334.1764705882353,73,80,39,35.151030633860195,0.5858523965141612,40.83614864864866,8293.243243243269,113.60607182525025,0
631,32,0,0,153,0.0,0.0,1.0,153,4250,2900,1350,0.6823529411764706,56,29,27,223.53469569697054,0.43131163284027063,0.7349603365885293,0.14249287481591502,1075945.1882716094,13252.216049383002,1089197.4043209923,630,4,335.1764705882353,74,79,40,34.88386624533591,0.5871459694989107,40.68055555555557,8298.222222222255,112.13813813813859,0
632,32,1,0,154,0.006493506493506494,0.0,1.0,154,3900,2400,1500,0.6153846153846154,54,24,30,222.5008784044795,0.43211615454262514,0.7275067857563129,0.1378517163365941,1067565.1683347747,12806.837541702731,1080372.0058764773,631,0,333.9935064935065,80,74,43,35.945019748415156,0.5808306277056277,41.692386831275726,8265.843621399192,103.3230452674899,8
633,32,0,0,154,0.0,0.0,1.0,154,4350,3100,1250,0.7126436781609196,56,31,25,223.53018449100955,0.4321099651982005,0.7301621150412203,0.1391914924100199,1069063.4049899778,12643.58802999942,1081706.9930199774,632,1,334.9935064935065,66,88,41,35.73318898111394,0.5822510822510822,41.511194029850756,8271.641791044794,125.32790592492113,0
634,32,0,1,153,0.0,0.006493506493506494,0.9935064935064936,154,4000,2600,1400,0.65,54,26,28,224.306685514461,0.43255471380471383,0.7328041473538012,0.14044742299898794,1070692.345642302,13232.690251345692,1083925.0358936477,633,2,335.9935064935065,67,87,39,35.51184589723851,0.5838068181818181,41.31433823529412,8277.941176470596,123.55136084284473,0
635,32,2,1,154,0.012903225806451613,0.0064516129032258064,0.9935483870967742,155,4500,3400,1100,0.7555555555555555,56,34,22,212.08614106229874,0.43316052227342555,0.7205973271154611,0.12985358750690426,1064042.015932792,9633.713017467177,1073675.7289502593,634,0,334.27096774193546,75,80,44,36.64967003277528,0.5738575268817204,42.11896929824563,8252.192982456181,110.02923976608241,8
636,32,2,1,155,0.01282051282051282,0.00641025641025641,0.9935897435897436,156,4850,3500,1350,0.7216494845360825,62,35,27,207.92340678380359,0.4342983181692859,0.7176670396827813,0.12817686182323496,1066077.4949618173,8282.492929601158,1074359.9878914184,635,0,332.4935897435897,80,76,42,36.50535156768966,0.576655982905983,41.87242798353911,8260.082304526795,103.25102880658494,0
637,32,0,1,154,0.0,0.0064516129032258064,0.9935483870967742,155,5100,3700,1400,0.7254901960784313,65,37,28,210.89791213284943,0.4334206116464181,0.7212518647337962,0.13023652132302366,1066594.0782335117,8888.492838541973,1075482.5710720536,636,1,335.63870967741934,79,76,43,36.36472044312208,0.5775537634408603,41.80989583333335,8262.08333333337,104.5833333333338,0
638,32,2,0,156,0.01282051282051282,0.0,1.0,156,4750,3300,1450,0.6947368421052632,62,33,29,209.17754574481467,0.4341957885304659,0.7193697144933291,0.12985637335582556,1068157.7135296494,8736.921796904868,1076894.6353265543,637,0,333.71794871794873,67,89,45,36.215996225371036,0.5792601495726496,41.620710784313715,8268.13725490194,123.40503365525284,0
639,32,0,0,156,0.0,0.0,1.0,156,5100,3800,1300,0.7450980392156863,64,38,26,187.8592561741264,0.43423456024262475,0.6833525204953805,0.11564200442879542,1065650.249337196,3738.4526364512185,1069388.701973647,638,1,334.71794871794873,88,68,38,37.075963718820894,0.5818643162393162,41.92415730337076,8258.426966292063,93.84576098059163,8
640,32,1,2,155,0.006369426751592357,0.012738853503184714,0.9872611464968153,157,4700,2900,1800,0.6170212765957447,65,29,36,185.13714468413025,0.43496515869127333,0.6817489764690403,0.11443145213341034,1066861.8986092163,3403.1531361597317,1070265.051745376,639,0,333.5796178343949,93,64,41,36.996824306926385,0.5833333333333333,41.77748226950352,8263.12056737582,88.8507587889873,0
641,32,1,1,155,0.00641025641025641,0.00641025641025641,0.9935897435897436,156,3100,2000,1100,0.6451612903225806,42,20,22,183.72788761706528,0.4341880341880342,0.6782464846980969,0.11391129032258068,1067777.7777777798,4936.111111111208,1072713.888888891,640,0,336.06410256410254,85,71,45,36.920362903225815,0.5845352564102564,41.66666666666667,8266.666666666682,97.2549019607845,0
642,32,0,1,154,0.0,0.0064516129032258064,0.9935483870967742,155,4250,3000,1250,0.7058823529411765,55,30,25,231.96210623031848,0.4334206116464181,0.7279679363015505,0.1390328290518699,1057645.2352253555,13816.723281466462,1071461.958506822,641,1,338.81290322580645,77,78,37,36.93144435210191,0.5697580645161291,42.89529914529912,8227.350427350366,106.84870684870604,8
643,32,1,0,155,0.0064516129032258064,0.0,1.0,155,4200,2800,1400,0.6666666666666666,56,28,28,230.44049637226112,0.43365626309174693,0.7281148164549058,0.13899818475447848,1059556.9470699427,13632.965763495038,1073189.9128334378,642,0,339.7806451612903,68,87,40,36.73295787868121,0.571505376344086,42.66304347826087,8234.782608695648,121.09974424552423,0
644,32,0,0,155,0.0,0.0,1.0,155,4400,2700,1700,0.6136363636363636,61,27,34,232.92614568867577,0.4336405529953917,0.7297252627763684,0.1412154425496739,1061090.749314128,14031.155692729717,1075121.9050068576,643,1,340.7806451612903,71,84,41,36.47846441947567,0.5730510752688172,42.47685185185185,8240.740740740734,116.06677099634837,0
645,32,0,0,155,0.0,0.0,1.0,155,4700,3700,1000,0.7872340425531915,57,37,20,230.1588612982299,0.4335480379835219,0.7268441236183167,0.1400541155984972,1062199.4967940897,13194.925330736034,1075394.4221248257,644,2,341.7806451612903,73,82,39,36.41212303321676,0.5743279569892473,42.342342342342334,8245.045045045032,112.94582253486345,0
646,32,2,0,157,0.012738853503184714,0.0,1.0,157,4300,3400,900,0.7906976744186046,52,34,18,226.34140379582286,0.4346010942348522,0.7252765320376158,0.1384488817826821,1063755.5986581934,12454.387099192172,1076209.9857573856,645,0,338.4140127388535,76,81,42,36.31754984260231,0.5760350318471338,42.153679653679646,8251.08225108223,108.5668717247662,0
647,32,1,4,154,0.006329113924050633,0.02531645569620253,0.9746835443037974,158,4850,3600,1250,0.7422680412371134,61,36,25,225.91933889691126,0.43534998253110807,0.7269301258318566,0.1387932089229463,1065054.4812307444,11673.2808577682,1076727.7620885125,646,0,337.26582278481015,78,80,35,36.16750566429874,0.5776635021097046,41.99630801687762,8256.118143459871,105.84766850589578,0
648,32,2,1,155,0.01282051282051282,0.00641025641025641,0.9935897435897436,156,3700,2500,1200,0.6756756756756757,49,25,24,229.23732906687417,0.4334444789081886,0.7298513948319896,0.14112811036053938,1065681.2295684458,13958.783740594383,1079640.01330904,647,0,342.46794871794873,77,79,37,36.004258300991765,0.5785924145299146,41.92040598290597,8258.547008546982,107.25385725385692,0
649,32,1,0,156,0.00641025641025641,0.0,1.0,156,3900,2700,1200,0.6923076923076923,51,27,24,230.17701281874767,0.433204094292804,0.7330030064533442,0.14255643855888148,1067458.8715515877,14040.8988721229,1081499.7704237106,648,0,343.37820512820514,80,76,39,35.75989544436145,0.5803952991452992,41.70524691358023,8265.432098765394,103.31790123456742,0
650,32,0,0,156,0.0,0.0,1.0,156,3550,2400,1150,0.676056338028169,47,24,23,229.16672097034115,0.4333901985111663,0.7326961646456231,0.1423300038313558,1068291.9358431753,14213.391995247817,1082505.3278384232,649,1,344.37820512820514,66,90,41,35.6829121540313,0.5814636752136753,41.60447761194031,8268.656716417934,125.28267752148385,0
651,32,0,0,156,0.0,0.0,1.0,156,4750,3400,1350,0.7157894736842105,61,34,27,224.65133538886653,0.4330007582023711,0.7259543649427267,0.14018745342422603,1069692.2153635146,12111.55692729792,1081803.7722908126,650,2,345.37820512820514,71,85,37,35.6264920919129,0.5829326923076923,41.4351851851852,8274.074074074098,116.53625456442393,0
652,32,0,2,154,0.0,0.01282051282051282,0.9871794871794872,156,4700,3500,1200,0.7446808510638298,59,35,24,223.86378991937224,0.43290512131237935,0.7252022027189808,0.14015001973943958,1070650.077160499,12035.956790123799,1082686.033950623,651,3,346.37820512820514,71,85,39,35.52852348993291,0.5842013888888888,41.319444444444464,8277.77777777782,116.5884194053214,0
653,32,1,0,155,0.0064516129032258064,0.0,1.0,155,4550,3000,1550,0.6593406593406593,61,30,31,234.0334076787051,0.43334206116464186,0.7375490366901865,0.14363640331590674,1064760.4318931417,14287.90244748029,1079048.334340622,652,0,347.6645161290323,76,79,38,35.99461167339661,0.5759408602150538,42.0319264069264,8254.978354978346,108.61813624971508,8
654,32,0,0,155,0.0,0.0,1.0,155,5750,4200,1550,0.7304347826086957,73,42,31,239.49279738890033,0.43354454685099847,0.742039962063259,0.14764982445808159,1066100.9474382084,14314.699640186933,1080415.6470783954,653,1,348.6645161290323,76,79,40,35.687551316318185,0.5773521505376344,41.86958874458876,8260.173160173195,108.68648894964731,0
655,32,2,1,156,0.012738853503184714,0.006369426751592357,0.9936305732484076,157,6000,4100,1900,0.6833333333333333,79,41,38,233.8893391398989,0.43473038815395504,0.7414875479366116,0.1452708668833491,1068307.7580539156,12573.159105851673,1080880.9171597674,654,0,345.21019108280257,64,93,39,35.55892355081453,0.5796841825902335,41.602564102564116,8268.717948717976,129.19871794871838,0
656,32,1,0,157,0.006369426751592357,0.0,1.0,157,4100,2700,1400,0.6585365853658537,55,27,28,231.67988366640594,0.43498727475638305,0.7386359283473958,0.14439179556240644,1069320.6232519017,14048.01551941799,1083368.6387713198,655,0,345.828025477707,66,91,42,35.49071345521608,0.5812101910828025,41.48009950248757,8272.636815920414,125.34298205940021,0
657,32,1,2,156,0.006329113924050633,0.012658227848101266,0.9873417721518988,158,4000,2500,1500,0.625,55,25,30,228.07164267032203,0.4352231650944664,0.7355265840010785,0.14303952667616723,1071176.409001748,13260.992638145435,1084437.4016398934,656,0,344.63291139240505,70,88,43,35.354648635367056,0.5830036919831223,41.255868544600965,8279.812206572824,118.28303152246892,0
658,32,1,0,157,0.006369426751592357,0.0,1.0,157,5250,4200,1050,0.8,63,42,21,227.4419988532974,0.4346487288366269,0.7330728174716714,0.1432308290591947,1072383.1895967622,12130.995235712728,1084514.184832475,657,0,346.69426751592357,72,85,43,35.221917543956394,0.5846602972399151,41.11015981735162,8284.4748858448,115.0621511922889,0
659,32,2,2,157,0.012578616352201259,0.012578616352201259,0.9874213836477987,159,5100,3600,1500,0.7058823529411765,66,36,30,225.2846598879405,0.43579332855664354,0.7301883271899661,0.14276262016955626,1074218.544148023,11500.991872741473,1085719.5360207644,658,0,343.3207547169811,78,81,41,35.051333265482654,0.5866745283018868,40.88871308016879,8291.561181434641,106.30206642864924,0
660,32,0,1,156,0.0,0.006369426751592357,0.9936305732484076,157,5650,4500,1150,0.7964601769911505,68,45,23,227.5453671664737,0.4346249115357395,0.7307830648182827,0.14433847917276363,1074509.220701967,11849.919029678316,1086359.1397316451,659,2,348.69426751592357,81,76,42,34.95690359477125,0.5880440552016986,40.85365853658538,8292.682926829299,102.37880156579381,0
661,32,0,0,156,0.0,0.0,1.0,156,4650,3500,1150,0.7526881720430108,58,35,23,234.6582731962175,0.43357974910394265,0.7373189293354869,0.1494418101156949,1075668.3175730451,14632.89398671456,1090301.2115597597,660,3,351.8205128205128,81,75,43,34.629560449430855,0.5892094017094017,40.71392276422766,8297.154471544767,102.43400582154034,0
662,32,0,0,156,0.0,0.0,1.0,156,5150,4000,1150,0.7766990291262136,63,40,23,236.60834593466086,0.4334375861593604,0.7405298687767212,0.15140539504943074,1077061.3370128002,14618.340284154354,1091679.6772969544,661,4,352.8205128205128,65,91,41,34.40718971145851,0.5912793803418803,40.54608585858584,8302.525252525216,127.73115773115717,0
663,32,0,0,156,0.0,0.0,1.0,156,4300,3400,900,0.7906976744186046,52,34,18,235.68015653150388,0.4332540667218086,0.7392340371452952,0.15152910822822122,1078441.5248942669,15333.453479430635,1093774.9783736975,662,5,353.8205128205128,67,89,43,34.26117142632362,0.592815170940171,40.379901960784295,8307.843137254866,123.997658764998,0
664,32,0,0,156,0.0,0.0,1.0,156,4650,3500,1150,0.7526881720430108,58,35,23,233.69963931182062,0.4332712985938792,0.7360075329566871,0.1505270602554297,1078964.9871057284,14580.745663338188,1093545.7327690665,663,6,354.8205128205128,70,86,44,34.2481167608286,0.5936164529914529,40.31690140845069,8309.859154929542,118.71227364185059,0
665,32,2,0,158,0.012658227848101266,0.0,1.0,158,5050,3700,1350,0.7326732673267327,64,37,27,228.27662686935028,0.43425565723346504,0.7324355806030602,0.14802156031187327,1080902.2770609562,12698.945156574788,1093601.222217531,664,0,351.3164556962025,76,82,43,34.150596818126594,0.5952663502109705,40.08387445887444,8317.316017315972,109.43836864889437,0
666,32,0,0,158,0.0,0.0,1.0,158,4650,3400,1250,0.7311827956989247,59,34,25,225.75350011040007,0.434259856486334,0.7297010005656237,0.14680763684533935,1081733.3374424644,12591.017422747822,1094324.3548652122,665,1,352.3164556962025,77,81,35,34.11402157164867,0.596123417721519,39.983974358974336,8320.512820512762,108.0586080586073,0
667,32,1,1,158,0.006289308176100629,0.006289308176100629,0.9937106918238994,159,5050,3600,1450,0.7128712871287128,65,36,29,230.72033812533107,0.4345394474962185,0.7433278918795783,0.1451493772763161,1072087.6736111126,12620.486111111139,1084708.1597222239,666,0,351.0943396226415,75,84,41,35.17354124748488,0.5850366876310272,41.145833333333336,8283.333333333345,110.4444444444446,7
668,32,0,0,158,0.0,0.0,1.0,158,4800,3000,1800,0.625,66,30,36,220.51268367429958,0.4339642290843613,0.7297821999227689,0.13579538344539288,1065765.7394913842,10602.972676673775,1076368.712168058,667,1,354.30379746835445,76,82,33,36.21896512562462,0.5772679324894514,41.910173160173144,8258.874458874423,108.66940077466346,8
669,32,0,0,158,0.0,0.0,1.0,158,5200,3700,1500,0.7115384615384616,67,37,30,221.75625801305546,0.43396590878550884,0.7315143407151741,0.1370907141182944,1066916.8402777691,10519.097222221806,1077435.937499991,668,2,355.30379746835445,79,79,35,36.04443996235039,0.5789820675105486,41.77083333333331,8263.333333333267,104.59915611814262,0
670,32,1,0,159,0.006289308176100629,0.0,1.0,159,5200,3900,1300,0.75,65,39,26,224.92358048156893,0.43452452034073724,0.7349805016015367,0.1398054412012887,1068526.7013232498,11067.37030035699,1079594.0716236068,669,0,354.062893081761,68,91,34,35.76352377614208,0.5806472746331237,41.576086956521735,8269.565217391293,121.61125319693078,0
671,32,0,0,159,0.0,0.0,1.0,159,5550,4300,1250,0.7747747747747747,68,43,25,233.0686970457506,0.4344664702916434,0.7434351591938162,0.14583153679082975,1070485.8418367386,12549.348072562583,1083035.1899093012,670,1,355.062893081761,69,90,36,35.31071414873626,0.582416142557652,41.33928571428573,8277.142857142888,119.95859213250561,0
672,32,0,1,158,0.0,0.006289308176100629,0.9937106918238994,159,5250,4000,1250,0.7619047619047619,65,40,25,230.66635449831773,0.43391582411166835,0.7388007562841941,0.14502797241750445,1071910.383566861,12400.732105252442,1084311.1156721134,671,2,356.062893081761,72,87,37,35.19683646654542,0.5841850104821803,41.16723744292239,8282.64840182652,115.03678335870167,0
673,32,0,0,158,0.0,0.0,1.0,158,3850,2700,1150,0.7012987012987013,50,27,23,230.0088012234317,0.4333712945792685,0.7381048016406191,0.14517480754229353,1073046.6070816235,13912.03275034324,1086958.6398319667,672,3,358.32278481012656,71,87,32,35.073556797020515,0.5853111814345991,41.03009259259261,8287.037037037075,116.71883150756443,0
674,32,1,0,159,0.006289308176100629,0.0,1.0,159,5250,4200,1050,0.8,63,42,21,225.15754384253484,0.4337483082557121,0.7337714472041901,0.14265439752616954,1074161.7502717443,11321.124276157334,1085482.8745479016,673,0,357.062893081761,76,83,34,35.06163090203453,0.5868055555555556,40.895562770562805,8291.341991342073,109.0966051492378,0
675,32,0,1,158,0.0,0.006289308176100629,0.9937106918238994,159,5950,4100,1850,0.6890756302521008,78,41,37,226.92403174339722,0.43321093065838706,0.7394156152230666,0.13772859856186834,1061422.528092843,10422.455891619717,1071844.9839844627,674,1,358.062893081761,68,91,38,36.591861555594654,0.5692479035639413,42.43659420289857,8242.028985507288,121.2063086104013,8
676,32,0,2,156,0.0,0.012658227848101266,0.9873417721518988,158,4900,3200,1700,0.6530612244897959,66,32,34,226.22258323616012,0.43262130801687765,0.7357962578021644,0.1381368741638767,1063237.860618147,11605.683084705397,1074843.5437028524,675,2,361.26582278481015,71,87,39,36.38478879036181,0.5708728902953586,42.216435185185205,8249.07407407412,116.18414188836789,0
677,32,2,1,157,0.012658227848101266,0.006329113924050633,0.9936708860759493,158,4050,2800,1250,0.691358024691358,53,28,25,221.76581476040545,0.43384916955575265,0.7307341688132463,0.13613936044323863,1064830.803282878,11578.614134400965,1076409.4174172787,676,0,361.8101265822785,72,86,38,36.30236277817727,0.5724551687763713,42.023401826484026,8255.25114155253,114.65626585489625,0
678,32,0,1,156,0.0,0.006369426751592357,0.9936305732484076,157,4400,2900,1500,0.6590909090909091,59,29,30,225.0455932168362,0.43262425826120093,0.7331279937045461,0.13831660151416872,1065184.225203815,12143.003169241842,1077327.2283730567,677,1,365.11464968152865,72,85,39,36.173980569995976,0.5733147558386411,41.98059360730595,8256.621004566237,114.67529173008663,0
679,32,0,1,155,0.0,0.00641025641025641,0.9935897435897436,156,4800,3500,1300,0.7291666666666666,61,35,26,224.2929654216337,0.4325613454645713,0.7319498614826454,0.13837399291570537,1066305.3325302058,11832.957015620406,1078138.2895458261,678,2,368.12820512820514,75,81,41,36.05460799929209,0.5751869658119658,41.84484649122808,8260.964912280733,110.14619883040977,0
680,32,0,0,155,0.0,0.0,1.0,155,4300,3000,1300,0.6976744186046512,56,30,26,214.74343124825077,0.43283933808127356,0.7214079903452106,0.12838575130079408,1056876.2584237275,10091.44682774457,1066967.705251472,679,3,370.09032258064514,77,78,41,37.46963497012211,0.5670698924731183,42.98878205128203,8224.35897435892,106.8098568098561,8
681,32,1,1,155,0.00641025641025641,0.00641025641025641,0.9935897435897436,156,4750,3700,1050,0.7789473684210526,58,37,21,212.383401745228,0.4333764130135098,0.7209329874891115,0.12753981659683725,1058219.4037543347,8999.647352430278,1067219.051106765,680,0,368.71153846153845,79,77,44,37.36356176058594,0.5686431623931624,42.825520833333314,8229.583333333288,104.17194092826948,0
682,32,1,0,156,0.00641025641025641,0.0,1.0,156,4850,3600,1250,0.7422680412371134,61,36,25,209.32095111485856,0.4335185759580921,0.7178402560329966,0.12664849238077103,1060483.8791960047,8346.298847056698,1068830.1780430614,681,0,369.6794871794872,65,91,43,37.161547735818246,0.5703125,42.550505050505066,8238.383838383872,126.74436674436726,0
683,32,3,0,159,0.018867924528301886,0.0,1.0,159,3900,2600,1300,0.6666666666666666,52,26,26,201.55721916716215,0.4352642438234748,0.7111884875691128,0.12302654929432458,1063118.5197241532,7155.84249614213,1070274.3622202952,682,0,363.685534591195,71,88,45,37.03538053544368,0.5727201257861636,42.230902777777786,8248.611111111126,116.17762128325529,0
684,32,1,0,160,0.00625,0.0,1.0,160,3550,2900,650,0.8169014084507042,42,29,13,199.7826128410974,0.4357999213836478,0.7106236353711792,0.12232678700698246,1064057.300543791,6966.029543056869,1071023.3300868478,683,0,362.40625,73,87,47,36.96506550218343,0.5739583333333333,42.11711711711713,8252.252252252283,113.0445514007162,0
685,32,1,2,159,0.006211180124223602,0.012422360248447204,0.9875776397515528,161,5350,3700,1650,0.6915887850467289,70,37,33,195.63719887938944,0.4357741330227743,0.7056384116532701,0.12026427997291375,1065240.1135263704,4130.118388852312,1069370.2319152227,684,0,361.14906832298135,77,84,43,36.92587297068819,0.5755693581780539,41.97382478632478,8256.837606837596,107.2316572316571,0
686,32,0,1,158,0.0,0.006289308176100629,0.9937106918238994,159,5050,3500,1550,0.693069306930693,66,35,31,202.61737040536792,0.434794867712231,0.7129205785266746,0.12468157928557423,1065542.2968085315,6329.4756470081975,1071871.7724555398,685,2,366.67295597484275,76,83,43,36.70842944013422,0.5763888888888888,41.93722943722944,8258.008658008666,108.65800865800877,0
687,32,0,0,158,0.0,0.0,1.0,158,5800,4300,1500,0.7413793103448276,73,43,30,209.11368940937174,0.43400538176247677,0.7204273205261438,0.12908798983838846,1066486.5017361154,7203.385416666885,1073689.8871527824,686,3,369.9746835443038,79,79,44,36.42408042498823,0.5777294303797469,41.82291666666668,8261.6666666667,104.5780590717304,0
688,32,0,0,158,0.0,0.0,1.0,158,5350,3600,1750,0.6728971962616822,71,36,35,216.8964620187296,0.4340079013141982,0.7303491220906477,0.1344758064516129,1067777.7777777822,9369.444444444649,1077147.222222227,687,4,370.9746835443038,80,78,46,36.06350806451615,0.5793776371308017,41.66666666666668,8266.6666666667,103.33333333333375,0
689,32,0,0,158,0.0,0.0,1.0,158,5600,4100,1500,0.7321428571428571,71,41,30,214.73343132828563,0.43374586793517694,0.7281626442009339,0.1337816231162416,1069213.4452160497,8719.174382716084,1077932.6195987659,688,5,371.9746835443038,65,93,45,35.94204723528096,0.5812236286919832,41.49305555555556,8272.222222222224,127.2649572649573,0
690,32,2,0,160,0.0125,0.0,1.0,160,5450,4700,750,0.8623853211009175,62,47,15,212.73623372460082,0.434847517033543,0.728174768585065,0.13372321334195747,1071841.160005663,8153.890306122141,1079995.0503117852,689,0,368.3125,69,91,45,35.66946233158936,0.5836588541666667,41.17559523809522,8282.380952380907,120.03450655624502,0
691,32,2,1,161,0.012345679012345678,0.006172839506172839,0.9938271604938271,162,5300,4200,1100,0.7924528301886793,64,42,22,211.7281122503696,0.4363433913554686,0.7298591173767937,0.13376529639597798,1073329.1144106633,7750.789443506001,1081079.9038541692,690,0,364.75308641975306,72,90,39,35.512161864360095,0.5852623456790124,40.99600456621003,8288.12785388125,115.1128868594618,0
692,32,0,0,161,0.0,0.0,1.0,161,3650,2300,1350,0.6301369863013698,50,23,27,210.74250413859656,0.435253299689441,0.7275462864844817,0.13345613252033145,1074018.5952648905,9418.27365150821,1083436.8689163986,691,1,368.01863354037266,75,86,40,35.45276102558677,0.5862448240165632,40.912828947368425,8290.78947368422,110.54385964912295,0
693,32,0,0,161,0.0,0.0,1.0,161,5000,3400,1600,0.68,66,34,32,214.45736594592933,0.43513845755693586,0.7327338269427763,0.13624015688076954,1074947.0587132943,8906.06294859551,1083853.1216618898,692,2,369.01863354037266,76,85,41,35.24214944328466,0.5874741200828157,40.80086580086581,8294.37229437231,109.13647755753038,0
694,32,0,0,161,0.0,0.0,1.0,161,4800,3500,1300,0.7291666666666666,61,35,26,214.55836246347187,0.4349508281573499,0.7338718680595246,0.13672726366764812,1075852.1012537447,9166.613019577766,1085018.7142733224,693,3,370.01863354037266,77,84,43,35.12809865925048,0.5885093167701863,40.691773504273506,8297.863247863253,107.76445776445783,0
695,32,0,0,161,0.0,0.0,1.0,161,4450,3400,1050,0.7640449438202247,55,34,21,233.827111714238,0.4349023033126294,0.7542781477537344,0.14041145279785983,1058207.1961402171,12837.506453737673,1071044.7025939547,694,4,371.01863354037266,78,83,40,36.81360233798193,0.5688405797101449,42.827004219409275,8229.535864978883,105.50687006383184,8
696,32,2,1,162,0.012269938650306749,0.006134969325153374,0.9938650306748467,163,4750,3700,1050,0.7789473684210526,58,37,21,230.65372182690754,0.43595521219924765,0.7530288515878458,0.13930946241679887,1059952.201832876,11546.384062275687,1071498.5858951518,695,0,367.4539877300613,66,97,42,36.678370079532876,0.5708716768916156,42.61504975124378,8236.318407960203,124.79270315091217,0
697,32,2,0,164,0.012195121951219513,0.0,1.0,164,5200,3800,1400,0.7307692307692307,66,38,28,230.3187493380165,0.43730984088981995,0.7534813015644017,0.1400027453841201,1061881.1791383214,10914.22902494327,1072795.4081632646,696,0,361.9939024390244,69,95,43,36.44750269562538,0.5734247967479675,42.38095238095238,8243.809523809521,119.47550034506553,0
698,32,2,0,166,0.012048192771084338,0.0,1.0,166,4350,2900,1450,0.6666666666666666,58,29,29,223.87876402050182,0.4381305525130826,0.7487179554645744,0.13686793864484378,1063592.697427159,10073.163704244846,1073665.8611314038,697,0,358.62048192771084,73,93,45,36.4012338938633,0.5749874497991968,42.17342342342343,8250.450450450466,113.01986918425295,0
699,32,2,2,166,0.011904761904761904,0.011904761904761904,0.9880952380952381,168,4050,2700,1350,0.6666666666666666,54,27,27,218.0235826529977,0.43946630548426957,0.7447623914154324,0.13408929957634075,1065381.0932186786,8805.640566860664,1074186.7337855392,698,0,355.3392857142857,78,90,35,36.33079969340828,0.5768849206349207,41.95675105485232,8257.383966244719,105.86389700313742,0
700,32,1,0,167,0.005988023952095809,0.0,1.0,167,3850,3000,850,0.7792207792207793,47,30,17,220.5915408899877,0.4384108289445206,0.7460570355397609,0.13592043611853677,1065933.3368764094,9777.175453514363,1075710.5123299237,699,0,358.45508982035926,83,84,37,36.19619006437971,0.5777195608782435,41.88988095238093,8259.523809523747,99.51233505450298,0
701,32,0,2,165,0.0,0.011976047904191617,0.9880239520958084,167,4700,3100,1600,0.6595744680851063,63,31,32,217.83203468937234,0.4383176418247842,0.7437924601121433,0.13460125552197155,1066776.720524603,8375.628718225833,1075152.3492428288,700,1,359.45508982035926,85,82,39,36.163101604278054,0.5787799401197604,41.7877906976744,8262.79069767438,97.20930232558094,0
702,32,0,1,164,0.0,0.006060606060606061,0.9939393939393939,165,5050,3900,1150,0.7722772277227723,62,39,23,215.73185260403991,0.4372043606799704,0.7398804876105487,0.1339227659527799,1068152.2067317793,8036.890884268025,1076189.0976160474,701,2,364.76363636363635,68,97,41,36.04732690622259,0.5799242424242423,41.6213768115942,8268.115942028986,121.58994032395567,0
703,32,0,1,163,0.0,0.006097560975609756,0.9939024390243902,164,4700,3400,1300,0.723404255319149,60,34,26,215.56498353568108,0.4363621627013816,0.7375114366034967,0.13436401043092464,1069355.0421267839,8603.100409971627,1077958.1425367554,702,3,367.9512195121951,70,94,42,35.90306547112343,0.5809197154471545,41.47593896713615,8272.769953051653,118.18242790073789,0
704,32,1,1,163,0.006097560975609756,0.006097560975609756,0.9939024390243902,164,4700,3400,1300,0.723404255319149,60,34,26,219.5038005362153,0.43650867873709415,0.7432195519942695,0.13787418424524459,1071621.3204336069,9544.99051416275,1081166.3109477696,703,0,367.4573170731707,73,91,43,35.52142824766566,0.5829522357723578,41.20213963963963,8281.531531531513,113.4456374182399,0
705,32,2,1,164,0.012121212121212121,0.006060606060606061,0.9939393939393939,165,5700,3800,1900,0.6666666666666666,76,38,38,215.7654695611683,0.4375338753387534,0.7411369999305868,0.13642461054165247,1073562.6663506534,7627.550561697633,1081190.216912351,704,0,363.969696969697,78,87,40,35.37880716043099,0.5851641414141414,40.9678270042194,8289.029535864958,106.26960943416613,0
706,32,0,0,164,0.0,0.0,1.0,164,4900,3900,1000,0.7959183673469388,59,39,20,217.76958273413604,0.4367362461968178,0.7414493628878427,0.1378891847209783,1073982.565044783,9076.14701070801,1083058.712055491,705,1,367.1890243902439,81,83,40,35.27513892293862,0.5861280487804879,40.91717479674797,8290.650406504077,102.35370872227256,0
707,32,0,0,164,0.0,0.0,1.0,164,4100,2700,1400,0.6585365853658537,55,27,28,221.72931743327703,0.43647906379370544,0.7460917034898698,0.1409184530954029,1075068.6201853452,10774.84626952638,1085843.4664548715,706,2,368.1890243902439,83,81,42,35.038680651900016,0.5872713414634146,40.78621031746032,8294.841269841289,99.93784662459383,0
708,32,1,1,164,0.006060606060606061,0.006060606060606061,0.9939393939393939,165,4250,3100,1150,0.7294117647058823,54,31,23,222.97882514838327,0.43654379157427936,0.7501043126264968,0.14216726165654858,1076004.1557748972,10735.228501893089,1086739.3842767903,707,0,366.95151515151514,85,80,43,34.89101665888214,0.5882575757575758,40.67344961240311,8298.44961240313,97.62881896944859,0
709,32,1,0,165,0.006060606060606061,0.0,1.0,165,4350,3100,1250,0.7126436781609196,56,31,25,217.7675496125644,0.4366669746242917,0.7447747844442061,0.13952277951727812,1077423.6471549377,9575.581507112503,1086999.2286620503,708,0,363.8242424242424,67,98,44,34.85143644234553,0.5895202020202019,40.50245098039215,8303.921568627431,123.93912788996165,0
710,32,1,0,166,0.006024096385542169,0.0,1.0,166,4000,2500,1500,0.625,55,25,30,213.77372672544493,0.4369386637458927,0.7415234765132734,0.13751921635260633,1078599.2672584804,8915.237001035865,1087514.5042595163,709,0,362.6265060240964,70,96,45,34.810514023092395,0.5907379518072289,40.360915492957744,8308.450704225352,118.69215291750503,0
711,32,1,0,167,0.005988023952095809,0.0,1.0,167,5450,4200,1250,0.7706422018348624,67,42,25,208.4241193535195,0.43737224346487746,0.7355594460649142,0.1347285497201052,1080002.3220376258,6169.7065740894905,1086172.0286117154,710,0,361.4491017964072,76,91,45,34.777076282218175,0.592377744510978,40.192099567099554,8313.852813852778,109.39280018227339,0
712,32,1,0,168,0.005952380952380952,0.0,1.0,168,4250,3200,1050,0.7529411764705882,53,32,21,208.87026380036838,0.4378638556220891,0.7379059333599038,0.13559029472585593,1081227.036376822,7317.235263223181,1088544.2716400453,711,0,360.2916666666667,78,90,46,34.61514075576971,0.5935019841269842,40.04483122362868,8318.565400843841,106.64827436979284,0
713,32,1,2,167,0.005917159763313609,0.011834319526627219,0.9881656804733728,169,4000,2200,1800,0.55,58,22,36,208.81992779825433,0.4378844979806518,0.7397977173610466,0.1361369299659899,1082456.3943525092,7407.693222689937,1089864.087575199,712,0,359.15384615384613,82,87,37,34.465621230398064,0.5949211045364892,39.89708835341365,8323.293172690754,101.5035752767165,0
714,32,0,2,165,0.0,0.011976047904191617,0.9880239520958084,167,5600,4700,900,0.8392857142857143,65,47,18,213.56766055220928,0.4371362696294159,0.7418547046366457,0.13958653021968453,1083187.7308430485,7266.773923001059,1090454.5047660496,713,2,364.1077844311377,82,85,39,34.252403691555706,0.5961826347305389,39.809236947791156,8326.104417670664,101.53785875208126,0
715,32,0,2,163,0.0,0.012121212121212121,0.9878787878787879,165,4200,3000,1200,0.7142857142857143,54,30,24,214.4335424118617,0.4360279625523528,0.7399974618215668,0.14057891477824594,1084060.3122558724,9291.778589027086,1093352.0908448994,714,3,368.2848484848485,85,80,41,34.1228478362029,0.5978535353535354,39.70445736434108,8329.457364341071,97.99361605107143,0
716,32,0,0,163,0.0,0.0,1.0,163,4950,2900,2050,0.5858585858585859,70,29,41,219.46565496508933,0.4347970158297357,0.742751850391187,0.14409400008128262,1084490.81790124,10051.697530864472,1094542.5154321045,715,4,373.7361963190184,89,74,41,33.93905041344359,0.5989263803680982,39.65277777777779,8331.111111111153,93.60799001248486,0
717,32,0,0,163,0.0,0.0,1.0,163,4750,3100,1650,0.6526315789473685,64,31,33,217.76983973356198,0.43475283395187964,0.7420899302442627,0.14358961320935285,1085707.8144523709,9936.883350153561,1095644.6978025243,716,5,374.7361963190184,67,96,42,33.8339826521611,0.6002684049079754,39.50674019607842,8335.784313725464,124.41469124963379,0
718,32,0,0,163,0.0,0.0,1.0,163,4500,2700,1800,0.6,63,27,36,217.53091404732083,0.434221073493398,0.7399803092360897,0.1437345775459845,1086309.878117914,10161.196145124733,1096471.0742630388,717,6,375.7361963190184,69,94,41,33.76641918903482,0.6014826175869121,39.43452380952381,8338.09523809524,120.84195997239479,0
719,32,0,1,162,0.0,0.006134969325153374,0.9938650306748467,163,4400,2900,1500,0.6590909090909091,59,29,30,216.2772292642421,0.43424316443232597,0.738721401298088,0.14337318310828248,1087240.6684027794,10029.079861111142,1097269.7482638906,718,7,376.7361963190184,71,92,41,33.685064935064915,0.6026329243353783,39.32291666666667,8341.666666666679,117.4882629107983,0
720,32,0,0,162,0.0,0.0,1.0,162,4100,2700,1400,0.6585365853658537,55,27,28,216.07083897206536,0.43394470643866784,0.7359554905081427,0.14356155742892937,1087886.5859102374,10512.113464816313,1098398.6993750536,719,8,379.679012345679,73,89,40,33.61135104009214,0.6033307613168724,39.245495495495504,8344.144144144166,114.30334444033103,0
721,32,0,1,161,0.0,0.006172839506172839,0.9938271604938271,162,4950,3400,1550,0.6868686868686869,65,34,31,213.33243574989942,0.43391355468650156,0.7326581871208453,0.14216186684846285,1088727.4930747962,9102.177593105742,1097829.6706679019,720,9,380.679012345679,75,87,39,33.579847975339774,0.6045524691358024,39.144736842105274,8347.36842105266,111.29824561403548,0
722,32,2,0,163,0.012269938650306749,0.0,1.0,163,5400,4100,1300,0.7592592592592593,67,41,26,209.22356766725716,0.4348696003433563,0.7293704856598868,0.1402654697372959,1090434.427340006,7628.916239055704,1098063.3435790618,721,0,378.3006134969325,80,83,38,33.478345648604275,0.6071702453987731,38.940329218106996,8353.909465020577,104.42386831275721,0
723,32,0,1,162,0.0,0.006134969325153374,0.9938650306748467,163,4050,2900,1150,0.7160493827160493,52,29,23,209.61058648422556,0.43475914564871615,0.7307142202593961,0.13946314849552896,1088282.435859341,8973.10392819148,1097255.5397875325,722,1,379.3006134969325,72,91,43,33.73137458736846,0.6001405930470347,39.19805936073058,8345.662100456595,115.9119736174527,8
724,32,0,0,162,0.0,0.0,1.0,162,3800,2400,1400,0.631578947368421,52,24,28,207.52102626759864,0.4342570227232063,0.7260881338465113,0.13842595729440912,1089008.1975308603,8998.419753086226,1098006.6172839466,723,2,381.54938271604937,74,88,40,33.69711811470754,0.6010802469135803,39.1111111111111,8348.444444444414,112.81681681681641,0
725,32,1,1,162,0.006134969325153374,0.006134969325153374,0.9938650306748467,163,5050,3500,1550,0.693069306930693,66,35,31,203.32305341783623,0.43419582670605167,0.7218868293956398,0.13651690729483282,1090864.1975308633,6709.56790123447,1097573.7654320977,724,0,380.20245398773005,77,86,34,33.57989804964541,0.602760736196319,38.888888888888886,8355.55555555555,108.51370851370844,0
726,32,1,0,163,0.006134969325153374,0.0,1.0,163,4750,3700,1050,0.7789473684210526,58,37,21,201.49125907907074,0.4341437552071499,0.7197162710938063,0.13576232803741817,1091855.0879106333,6649.851279000489,1098504.9391896338,725,0,381.04294478527606,81,82,36,33.50677559489076,0.6041666666666667,38.77032520325203,8359.34959349592,103.20184683328296,0
727,32,0,1,162,0.0,0.006134969325153374,0.9938650306748467,163,4650,3200,1450,0.6881720430107527,61,32,29,199.8608061666701,0.43364986492968766,0.7185218338209616,0.13548120628957322,1093559.8643392513,6461.951215671335,1100021.8155549227,726,1,382.04294478527606,83,80,39,33.34143661259209,0.6055725971370143,38.566468253968246,8365.873015872994,100.79365079365053,0
728,32,0,0,162,0.0,0.0,1.0,162,4650,3200,1450,0.6881720430107527,61,32,29,195.99518694281508,0.4329782033586382,0.7101516003141228,0.13340595471690084,1094709.7562089122,5861.568663257913,1100571.32487217,727,2,383.6358024691358,73,89,37,33.30238940910557,0.6075745884773662,38.429054054054056,8370.270270270275,114.66123657904487,0
729,32,0,1,161,0.0,0.006172839506172839,0.9938271604938271,162,4250,2900,1350,0.6823529411764706,56,29,27,198.41746584858066,0.4326099736727756,0.7126009532158919,0.13555409323854037,1095743.7160493785,6832.938271604755,1102576.6543209832,728,3,384.6358024691358,74,88,40,33.1130807062237,0.6090534979423868,38.30555555555554,8374.22222222219,113.16516516516472,0
730,32,1,0,162,0.006172839506172839,0.0,1.0,162,4700,3400,1300,0.723404255319149,60,34,26,214.17418755274704,0.4326459180021982,0.7351034360818058,0.13885721972516102,1080860.9106173115,9198.501477797083,1090059.4120951085,729,0,385.5,67,95,46,34.52222205850571,0.5898276748971194,40.08884803921569,8317.156862745105,124.13666959321053,8
731,32,1,1,162,0.006134969325153374,0.006134969325153374,0.9938650306748467,163,4200,3200,1000,0.7619047619047619,52,32,20,210.3714246593951,0.4326163245726981,0.7322094714623739,0.1370545477742413,1082259.2553560827,8735.284280015178,1090994.5396360978,730,0,384.12883435582825,70,93,39,34.449450931723746,0.5910659509202454,39.920774647887335,8322.535211267626,118.8933601609661,0
732,32,0,1,161,0.0,0.006172839506172839,0.9938271604938271,162,4250,3100,1150,0.7294117647058823,54,31,23,211.3296605666879,0.432226567492268,0.733006937308013,0.1379711907646727,1082869.856069123,9118.5038241972,1091988.3598933201,731,2,387.5,70,92,40,34.349622152041505,0.5919495884773662,39.84741784037559,8324.882629107988,118.92689470154268,0
733,32,0,0,161,0.0,0.0,1.0,161,5200,4200,1000,0.8076923076923077,62,42,20,215.53617466124828,0.43213638716356106,0.7368141908270107,0.14108677983284348,1083623.167438273,9311.998456790248,1092935.1658950634,732,3,390.2049689440994,71,90,40,34.14776517678453,0.593361801242236,39.75694444444445,8327.77777777779,117.29264475743366,0
734,32,0,0,161,0.0,0.0,1.0,161,4300,2800,1500,0.6511627906976745,58,28,30,238.03980368446483,0.4319794901656315,0.7514906237040748,0.15865378256925544,1088776.3086419746,15334.419753086386,1104110.7283950609,733,4,391.2049689440994,74,87,36,32.92935612110885,0.6004140786749482,39.138888888888886,8347.555555555551,112.80480480480475,8
735,32,0,1,160,0.0,0.006211180124223602,0.9937888198757764,161,4200,2600,1600,0.6190476190476191,58,26,32,240.1896052538671,0.43178377329192547,0.7552116498773436,0.16057619677084317,1089642.9670667858,15944.182825484579,1105587.1498922703,734,5,392.2049689440994,75,86,37,32.766981792717075,0.6013845755693582,39.03508771929823,8350.877192982425,111.34502923976567,0
736,32,0,0,160,0.0,0.0,1.0,160,4200,2800,1400,0.6666666666666666,56,28,28,240.21794791501725,0.43124262971698113,0.7543621830487932,0.1609964432234765,1090350.1152771066,16184.333440153663,1106534.4487172603,735,6,394.89375,78,82,33,32.679542546385164,0.6025390625,38.95042194092826,8353.586497890268,107.09726279346498,0
737,32,0,0,160,0.0,0.0,1.0,160,5100,3900,1200,0.7647058823529411,63,39,24,216.95466207850373,0.43072425314465407,0.7393873222686185,0.13824739817659829,1075837.5203187496,9581.593134425788,1085419.1134531754,736,7,395.89375,75,85,39,35.0677559596173,0.5837239583333333,40.693530701754376,8297.80701754384,110.63742690058454,8
738,32,0,1,159,0.0,0.00625,0.99375,160,4350,3300,1050,0.7586206896551724,54,33,21,216.33284479035498,0.4301403629454927,0.738618012894593,0.13855583565244348,1077323.427615804,10262.088371084565,1087585.5159868884,737,8,396.89375,65,95,39,34.9009969993715,0.5853515625,40.5145202020202,8303.53535353535,127.74669774669769,0
739,32,0,0,159,0.0,0.0,1.0,159,3900,2600,1300,0.6666666666666666,52,26,26,218.8720178348626,0.4294824589337367,0.7399318542181821,0.1409880182759625,1078988.6427625543,11532.084292467938,1090520.7270550223,738,9,400.22641509433964,66,93,41,34.6302560418288,0.5866090146750524,40.314054726368155,8309.950248756211,125.90833710236684,0
740,32,0,0,159,0.0,0.0,1.0,159,5250,3600,1650,0.6857142857142857,69,36,33,221.51862446344637,0.42907445001724914,0.7432176285774608,0.14333104028871732,1080280.9993873881,10810.47220365814,1091091.4715910463,739,10,401.22641509433964,66,93,40,34.402610742136844,0.5880503144654088,40.158582089552226,8314.925373134303,125.98371777476217,0
741,32,0,0,159,0.0,0.0,1.0,159,5150,3800,1350,0.7378640776699029,65,38,27,222.40961119296557,0.42880576121858666,0.7446955967430513,0.14438757084715395,1081243.1666906888,11145.774461745114,1092388.9411524339,740,11,402.22641509433964,67,92,43,34.26119622863879,0.5894261006289307,40.04289215686272,8318.627450980337,124.15861867134831,0
742,32,0,1,158,0.0,0.006289308176100629,0.9937106918238994,159,4850,3400,1450,0.7010309278350515,63,34,29,225.0352088778298,0.42852048669161164,0.7475892688656438,0.14682247952191857,1082680.4629337857,12078.244824849742,1094758.7077586355,741,12,403.22641509433964,68,91,38,34.016331998529786,0.5912604821802935,39.870169082125585,8324.154589371941,122.41403807899914,0
743,32,0,1,157,0.0,0.006329113924050633,0.9936708860759493,158,4150,3200,950,0.7710843373493976,51,32,19,226.17051117106428,0.4285001612513102,0.7465560471122339,0.14802656808980388,1083581.8594104277,13264.852607709567,1096846.7120181373,742,13,402.1898734177215,69,89,40,33.876086459286384,0.5924314345991561,39.76190476190475,8327.619047619024,120.69013112491339,0
744,32,0,0,157,0.0,0.0,1.0,157,4450,3200,1250,0.7191011235955056,57,32,25,224.7647617211364,0.4282690946703686,0.7434198910896113,0.14767964836029726,1084697.452522673,12910.352891156319,1097607.8054138292,743,14,405.6369426751592,69,88,40,33.775730601436436,0.5940153927813163,39.62797619047618,8331.904761904741,120.75224292615567,0
745,32,0,1,156,0.0,0.006369426751592357,0.9936305732484076,157,4350,3200,1150,0.735632183908046,55,32,23,232.3315660412839,0.4279883907670532,0.7478787785657393,0.14702509026581986,1073814.0624999981,14146.180555555455,1087960.2430555536,744,15,406.6369426751592,69,88,37,34.918660367243,0.5818073248407643,40.93749999999999,8289.999999999985,120.14492753623168,8
746,32,0,0,156,0.0,0.0,1.0,156,5400,4200,1200,0.7777777777777778,66,42,24,233.16278867966554,0.42801730079955885,0.7475210574150015,0.14807200847912816,1074845.7627368392,13522.807088048672,1088368.569824888,745,16,409.12179487179486,71,85,38,34.76980416782957,0.5831997863247863,40.8130787037037,8293.981481481476,116.81664058424614,0
747,32,1,0,157,0.006369426751592357,0.0,1.0,157,4750,3400,1350,0.7157894736842105,61,34,27,230.07698193240086,0.42852598127279656,0.7462030956074053,0.14703595202964678,1076685.165915134,13394.094693028052,1090079.260608162,746,0,407.50955414012736,61,96,43,34.62300302245249,0.5847929936305732,40.59139784946236,8301.075268817198,136.0832011281508,0
748,32,1,0,158,0.006329113924050633,0.0,1.0,158,4450,3500,950,0.7865168539325843,54,35,19,224.49477170516235,0.42901079040017204,0.7414595256557481,0.14419923938484244,1078163.1512112098,12358.398098415848,1090521.5493096258,747,0,405.9240506329114,63,95,40,34.58582826509497,0.5861023206751055,40.413411458333336,8306.770833333341,131.8535052910054,0
749,32,0,0,158,0.0,0.0,1.0,158,5700,4300,1400,0.7543859649122807,71,43,28,223.7349390612361,0.4289939933886963,0.7393464902943987,0.14450665236854235,1079763.9639179711,11016.184933541172,1090780.1488515122,748,1,406.9240506329114,66,92,42,34.40860215053759,0.5878164556962026,40.2207711442786,8312.935323383075,125.95356550580416,0
750,32,1,0,159,0.006289308176100629,0.0,1.0,159,4400,2700,1700,0.6136363636363636,61,27,34,222.88242504894737,0.4293812859910304,0.738521045238504,0.1445920148148005,1081038.5705272323,11988.899634111433,1093027.4701613437,749,0,405.35849056603774,70,89,43,34.27404940640819,0.5893605870020964,40.0674882629108,8317.840375586855,118.82629107981221,0
751,32,0,0,159,0.0,0.0,1.0,159,4150,3000,1150,0.7228915662650602,53,30,23,223.2101661278503,0.42902137568664916,0.7394888353757672,0.14525631882628431,1081937.0632930358,12349.870327503286,1094286.933620539,750,1,406.35849056603774,71,88,37,34.155122213567736,0.5904088050314465,39.95949074074073,8321.296296296277,117.20135628586306,0
752,32,1,1,159,0.00625,0.00625,0.99375,160,3850,2400,1450,0.6233766233766234,53,24,29,222.47375221396058,0.4294983294025157,0.7413816074230359,0.14535109092154974,1083076.179008403,12341.204295511852,1095417.383303915,751,0,404.8125,73,87,38,34.034371674872396,0.5919921875,39.822635135135144,8325.675675675699,114.05035172158492,0
753,32,0,0,159,0.0,0.0,1.0,159,4300,3200,1100,0.7441860465116279,54,32,22,221.81194122385014,0.42897493564737416,0.7386102572209241,0.14528255737832016,1083796.669753089,11979.808641975444,1095776.4783950646,752,1,408.34591194968556,74,85,38,33.96314726861983,0.5927672955974843,39.73611111111112,8328.444444444465,112.54654654654682,0
754,32,0,1,158,0.0,0.006289308176100629,0.9937106918238994,159,4150,2800,1350,0.6746987951807228,55,28,27,223.25197891800303,0.42878585834461164,0.741089643525354,0.14669838236157745,1084722.25,12483.277777777732,1097205.5277777778,753,2,409.34591194968556,74,85,43,33.81207659892251,0.5940775681341719,39.625,8332.0,112.5945945945946,0
755,32,0,1,157,0.0,0.006329113924050633,0.9936708860759493,158,5700,4300,1400,0.7543859649122807,71,43,28,225.7964187446323,0.4278761522749872,0.742656149710113,0.14843338346983176,1084843.9871816474,11690.777440452624,1096534.7646221002,754,3,412.89240506329116,76,82,43,33.73088545996119,0.5952663502109705,39.6103896103896,8332.467532467515,109.63773069036205,0
756,32,0,0,157,0.0,0.0,1.0,157,4000,2500,1500,0.625,55,25,30,227.98164730478052,0.4278744079699494,0.7431066866045413,0.15020132984019802,1085476.3836330862,14093.738810221512,1099570.1224433077,755,4,415.37579617834393,63,94,45,33.59636995146742,0.5963375796178344,39.53450520833334,8334.895833333354,132.2999338624342,0
757,32,0,0,157,0.0,0.0,1.0,157,4250,3000,1250,0.7058823529411765,55,30,25,205.2235800562606,0.42778764494528826,0.7187992684618787,0.1343719082106305,1083699.2632348437,8830.128501077419,1092529.3917359211,756,5,416.37579617834393,75,82,38,34.40681834140863,0.5954750530785562,39.74780701754387,8328.070175438615,111.04093567251488,8
758,32,0,0,157,0.0,0.0,1.0,157,4200,2700,1500,0.6428571428571429,57,27,30,205.802033491428,0.42763963743263106,0.7184275995805527,0.13524035791531605,1084739.8281302904,9048.332487671396,1093788.1606179618,757,6,417.37579617834393,78,79,38,34.264276430175066,0.5969347133757962,39.622890295358665,8332.067510548562,106.82137834036618,0
759,32,0,1,156,0.0,0.006369426751592357,0.9936305732484076,157,4650,3100,1550,0.6666666666666666,62,31,31,203.5627795877542,0.4276039114813,0.7165610712650068,0.1344621094372084,1086218.6456230797,8172.737348616024,1094391.3829716959,758,7,418.37579617834393,67,90,39,34.141545162365034,0.5981953290870488,39.44546568627452,8337.745098039231,124.4439566871527,0
760,32,0,1,155,0.0,0.00641025641025641,0.9935897435897436,156,5300,3800,1500,0.7169811320754716,68,38,30,203.67999157457456,0.42661721119382406,0.7153863467165291,0.1352690885748629,1087760.8609402871,7811.024598293836,1095571.885538581,759,12,422.0128205128205,70,86,42,33.949822754895315,0.5998263888888888,39.26056338028168,8343.661971830967,119.19517102615667,0
761,32,1,0,156,0.00641025641025641,0.0,1.0,156,4700,3400,1300,0.723404255319149,60,34,26,200.5563642512023,0.4262863592500689,0.7110603300929756,0.13399978929710396,1089473.638086153,7800.174360417825,1097273.8124465707,760,0,420.31410256410254,72,84,42,33.82195457611051,0.6014289529914529,39.05536529680365,8350.22831050228,115.97539320142056,0
762,32,0,0,156,0.0,0.0,1.0,156,4350,3100,1250,0.7126436781609196,56,31,25,202.74435943238453,0.425889164598842,0.7138655780162126,0.13597546921462236,1090546.2771835423,8670.421279789663,1099216.698463332,761,1,421.31410256410254,72,84,37,33.63383162075496,0.6028311965811965,38.9269406392694,8354.337899543358,116.03247082699107,0
763,32,0,1,155,0.0,0.00641025641025641,0.9935897435897436,156,4300,3100,1200,0.7209302325581395,55,31,24,201.57308746275095,0.42586331679073613,0.7124477961763733,0.13560504223291783,1091413.14879068,8499.90361983595,1099913.052410516,762,2,422.31410256410254,73,83,39,33.5585767669146,0.6043002136752137,38.82319819819819,8357.657657657639,114.48846106380327,0
764,32,0,0,155,0.0,0.0,1.0,155,3450,2200,1250,0.6376811594202898,47,22,25,201.8039880039378,0.4258151794442117,0.7112928949940838,0.13605494675104185,1092024.9999999998,9624.999999999998,1101649.9999999998,763,3,423.458064516129,74,81,41,33.47787081339713,0.6050403225806451,38.75,8359.999999999998,112.97297297297295,0
765,32,0,0,155,0.0,0.0,1.0,155,4500,3000,1500,0.6666666666666666,60,30,30,202.78611150485924,0.4255830191314062,0.7125460811366369,0.1370621335718945,1092735.5322070231,8818.317895890941,1101553.850102914,764,4,424.458064516129,75,80,41,33.365511529518706,0.6057123655913978,38.665021929824555,8362.719298245598,111.50292397660797,0
766,32,0,0,155,0.0,0.0,1.0,155,4500,3400,1100,0.7555555555555555,56,34,22,204.48134902239048,0.4253735511800028,0.7147365521846185,0.13860407119809537,1093541.001972415,9221.747858923201,1102762.7498313382,765,5,425.458064516129,76,79,42,33.222940922811546,0.607258064516129,38.568722943722946,8365.800865800871,110.07632718159041,0
767,32,0,0,155,0.0,0.0,1.0,155,5300,4200,1100,0.7924528301886793,64,42,22,206.97307909394553,0.4251850300237397,0.7186294904423698,0.14072685700401996,1094408.2842236187,9002.610474336938,1103410.8946979556,766,6,426.458064516129,67,88,40,33.05200462718913,0.6081989247311828,38.465073529411775,8369.117647058845,124.91220368744546,0
768,32,0,0,155,0.0,0.0,1.0,155,4200,3000,1200,0.7142857142857143,54,30,24,207.87040723716677,0.4249144672531769,0.7195684069996018,0.14198521258826574,1095690.6936334602,10352.334138312315,1106043.0277717726,767,7,427.458064516129,67,88,41,32.87216579835705,0.6096774193548387,38.31188725490197,8374.019607843153,124.98536728124108,0
769,32,0,1,154,0.0,0.0064516129032258064,0.9935483870967742,155,4600,3200,1400,0.6956521739130435,60,32,28,208.56437248710125,0.42475387515710095,0.7211491345627508,0.14291760728967778,1096588.8270136507,10141.872116493756,1106730.6991301444,768,8,428.458064516129,67,88,42,32.74453871659841,0.6111559139784946,38.204656862745104,8377.450980392172,125.03658179689809,0
770,32,0,1,153,0.0,0.006493506493506494,0.9935064935064936,154,4050,3600,450,0.8888888888888888,45,36,9,207.02494565399135,0.4245006083241378,0.717434398665665,0.1422927399843678,1097433.370673762,10589.216784522423,1108022.5874582843,769,9,430.2857142857143,68,86,44,32.681961417262336,0.6124188311688312,38.10386473429952,8380.67632850242,123.2452401250356,0
771,32,0,0,153,0.0,0.0,1.0,153,4000,2900,1100,0.725,51,29,22,208.4943036398444,0.4242758141268203,0.7170375591999016,0.14389008462333105,1098572.3448913617,11209.215209223035,1109781.5601005848,770,10,431.9542483660131,68,85,45,32.50477713122466,0.6134259259259259,37.96799516908212,8385.024154589364,123.30917874396124,0
772,32,0,0,153,0.0,0.0,1.0,153,4800,3700,1100,0.7708333333333334,59,37,22,206.3613068204771,0.42384402591445935,0.7139778575112194,0.1430440866129529,1099790.3992814468,9990.836804866693,1109781.2360863136,771,11,432.9542483660131,70,83,39,32.41244637194552,0.6149918300653594,37.82276995305164,8389.671361502342,119.85244802146202,0
773,32,0,1,152,0.0,0.006535947712418301,0.9934640522875817,153,4000,2700,1300,0.675,53,27,26,205.78759066571294,0.4238995671367962,0.7116136367175936,0.14314175505421756,1100750.6944444494,10704.166666666948,1111454.8611111164,772,12,433.9542483660131,74,79,39,32.310696319830555,0.6158769063180828,37.70833333333335,8393.333333333372,113.42342342342394,0
774,32,1,1,152,0.006535947712418301,0.006535947712418301,0.9934640522875817,153,4950,4100,850,0.8282828282828283,58,41,17,202.96618851344283,0.42377415147345493,0.7070291168200005,0.14190079363420957,1102159.117262611,9190.207033226707,1111349.3242958377,773,0,430.7843137254902,76,77,42,32.21354569352096,0.6175108932461874,37.540584415584426,8398.701298701324,110.50922761449111,0
775,32,0,0,152,0.0,0.0,1.0,152,3950,2600,1350,0.6582278481012658,53,26,27,202.73357534003895,0.4233091524340653,0.7050259587806029,0.1424375313657234,1103514.726131297,10393.897173796275,1113908.6233050933,774,1,434.2763157894737,68,84,42,32.05502222733197,0.6192434210526316,37.37922705314009,8403.864734299506,123.5862460926398,0
776,32,0,0,152,0.0,0.0,1.0,152,4450,3200,1250,0.7191011235955056,57,32,25,202.7329257562304,0.42311309108864875,0.7044939000023509,0.1431921201161515,1104966.1663250248,9952.604752143607,1114918.7710771684,775,2,435.2763157894737,70,82,44,31.878884732767624,0.6207510964912281,37.206572769953056,8409.38967136151,120.1341381623073,0
777,32,0,0,152,0.0,0.0,1.0,152,4850,3800,1050,0.7835051546391752,59,38,21,205.33963549466395,0.4231439525967236,0.7088182421675358,0.14542591260052937,1105706.5534836566,10159.076131279067,1115865.6296149357,776,3,436.2763157894737,70,82,44,31.72054637794395,0.6218475877192983,37.11854460093897,8412.206572769956,120.17437961099937,0
778,32,0,0,152,0.0,0.0,1.0,152,5450,4000,1450,0.7339449541284404,69,40,29,204.3917976553969,0.4225911685256187,0.7075085947982012,0.145344377491801,1106817.5991591178,9394.887753752559,1116212.4869128703,777,4,437.2763157894737,70,82,43,31.610722188133348,0.6231496710526316,36.98650234741784,8416.431924882632,120.23474178403761,0
779,32,0,0,152,0.0,0.0,1.0,152,4050,3200,850,0.7901234567901234,49,32,17,203.84096516956123,0.4219911845009876,0.7064790964212841,0.14530960217986938,1107488.2685238766,10700.295513974614,1118188.564037851,778,5,438.2763157894737,71,81,46,31.54391210704792,0.6245888157894737,36.9068287037037,8418.981481481478,118.57720396452785,0
780,32,0,0,152,0.0,0.0,1.0,152,4500,3300,1200,0.7333333333333333,57,33,24,206.9756440712669,0.4215137388172418,0.7100707500780967,0.14827278817010914,1108828.5000857338,11000.098593964321,1119828.598679698,779,6,439.2763157894737,71,81,35,31.29900344398035,0.6259594298245614,36.74768518518518,8424.074074074073,118.64893062076159,0
781,32,0,0,152,0.0,0.0,1.0,152,4300,3000,1300,0.6976744186046512,56,30,26,209.91393590265034,0.4208892471244336,0.7134639299108405,0.15074318613938126,1109487.3875142036,11879.372869491117,1121366.7603836947,780,7,440.2763157894737,73,79,35,31.141807433937394,0.6271929824561404,36.66948198198198,8426.576576576577,115.43255584351476,0
782,32,0,0,152,0.0,0.0,1.0,152,3300,2200,1100,0.6666666666666666,44,22,22,199.85679583938406,0.42073675496688745,0.6943537867322975,0.13957544585699788,1101859.8490481859,10342.835778967621,1112202.6848271536,781,8,441.2763157894737,81,71,42,32.33150192016007,0.6218475877192983,37.576219512195124,8397.560975609758,103.6735922914785,8
783,32,0,0,152,0.0,0.0,1.0,152,4300,3200,1100,0.7441860465116279,54,32,22,199.87037695365487,0.42066867811084,0.6952386926033574,0.13985511679625365,1102393.2952648893,9367.15269515504,1111760.4479600443,782,9,442.2763157894737,81,71,44,32.26635975737633,0.6228755482456141,37.51270325203252,8399.593495934963,103.69868513499955,0
784,32,0,0,152,0.0,0.0,1.0,152,3900,2700,1200,0.6923076923076923,51,27,24,200.16210707091798,0.4200078787614732,0.6960824511704189,0.14075144182476879,1103750.3543083877,9885.79931972774,1113636.1536281155,783,10,443.2763157894737,69,83,42,32.09395656279507,0.6239720394736843,37.35119047619047,8404.761904761888,121.80814354727374,0
785,32,0,1,151,0.0,0.006578947368421052,0.993421052631579,152,3950,2900,1050,0.7341772151898734,50,29,21,197.90347749088832,0.42001604798419895,0.692141419857889,0.1396243154987439,1104658.5897917056,9373.155271991807,1114031.7450636975,784,11,444.2763157894737,72,80,44,32.04310126353138,0.6251370614035088,37.24315068493151,8408.21917808219,116.7808219178082,0
786,32,0,0,151,0.0,0.0,1.0,151,4350,2900,1450,0.6666666666666666,58,29,29,196.97856355278938,0.41957689477557025,0.6888729690858084,0.1391721356256871,1105053.5602334088,8984.372588734484,1114037.9328221432,785,12,447.5430463576159,71,80,43,32.01950867052021,0.6260347682119205,37.19618055555555,8409.72222222221,118.44679186228464,0
787,32,0,0,151,0.0,0.0,1.0,151,3600,2300,1300,0.6388888888888888,49,23,26,197.5920524271109,0.4190746872700515,0.6887459770587747,0.13999351939031573,1105813.2964045128,9899.98376755135,1115713.2801720642,786,13,448.5430463576159,73,78,44,31.911276504604874,0.6271385209713024,37.10585585585586,8412.612612612615,115.24126866592623,0
788,32,0,0,151,0.0,0.0,1.0,151,4450,3400,1050,0.7640449438202247,55,34,21,197.0270514336981,0.4190066225165563,0.6866688416523046,0.14022906152208955,1107054.6944444426,8973.944444444372,1116028.638888887,787,14,449.5430463576159,74,77,45,31.775700934579458,0.6285871964679912,36.95833333333333,8417.33333333332,113.74774774774755,0
789,32,0,0,151,0.0,0.0,1.0,151,4950,3600,1350,0.7272727272727273,63,36,27,202.07733526552073,0.4190967623252391,0.6948017573137204,0.14452480704297133,1108379.5284366293,9645.67631386549,1118025.2047504948,788,15,450.5430463576159,75,76,40,31.482331319759055,0.6298289183222958,36.800986842105246,8422.368421052593,112.29824561403458,0
790,32,0,0,151,0.0,0.0,1.0,151,3200,2300,900,0.71875,41,23,18,201.78637971207087,0.41869941133186167,0.6950364047088091,0.14480829811911033,1109303.2261128386,11368.456400045929,1120671.6825128845,789,16,451.5430463576159,75,76,42,31.37812754845311,0.6308636865342163,36.69133771929823,8425.877192982427,112.3450292397657,0
791,32,0,1,150,0.0,0.006622516556291391,0.9933774834437086,151,4050,2600,1450,0.6419753086419753,55,26,29,199.45774877026324,0.41834805003679176,0.6912497818967318,0.14357271076916026,1110126.7809120864,10034.677714060635,1120161.458626147,790,17,452.5430463576159,76,75,43,31.339770256620934,0.6319674392935982,36.59361471861471,8429.004329004307,110.90795169742509,0
792,32,0,0,150,0.0,0.0,1.0,150,3650,2400,1250,0.6575342465753424,49,24,25,200.6520856557064,0.4176277032065623,0.6910611427691369,0.14492035507925463,1111039.1982206085,10936.466473641649,1121975.66469425,791,18,455.52,76,74,45,31.197913992846996,0.6334027777777778,36.4853896103896,8432.467532467515,110.95352016404625,0
793,32,0,1,149,0.0,0.006666666666666667,0.9933333333333333,150,3800,2700,1100,0.7105263157894737,49,27,22,200.30002855693556,0.4173928038777032,0.6907413099158453,0.14505033864496628,1111755.4548182394,10736.92986968426,1122492.3846879236,792,19,456.52,71,79,46,31.120563483351635,0.6342361111111111,36.40046296296295,8435.185185185148,118.8054251434528,0
794,32,0,0,149,0.0,0.0,1.0,149,5250,4300,950,0.819047619047619,62,43,19,199.64545520127356,0.417086129753915,0.6885053213309111,0.1449696440836018,1112487.7963177273,9370.626500342754,1121858.42281807,793,20,459.0738255033557,71,78,39,31.049279417681692,0.6352768456375839,36.3136574074074,8437.962962962943,118.84454877412597,0
795,32,0,0,149,0.0,0.0,1.0,149,4050,2600,1450,0.6419753086419753,55,26,29,195.97220268242086,0.41636246145474337,0.6810971962121593,0.14312810493330685,1114043.2152200683,9814.300554016645,1123857.515774085,794,21,460.0738255033557,75,74,47,30.95825541935036,0.6368847874720358,36.12938596491228,8443.85964912281,112.58479532163747,0
796,32,0,0,149,0.0,0.0,1.0,149,3300,2200,1100,0.6666666666666666,44,22,22,196.5565902417852,0.4160147983554024,0.681827735103137,0.1439030255987794,1114692.615510392,10720.035934484024,1125412.651444876,795,22,461.0738255033557,76,73,47,30.864426904481245,0.6379334451901566,36.05248917748918,8446.32034632035,111.13579403053092,0
797,32,0,0,149,0.0,0.0,1.0,149,4700,3200,1500,0.6808510638297872,62,32,30,197.17006725489384,0.4156123405284479,0.6819568002235668,0.14502825108513714,1115942.6268270803,9506.096556819823,1125448.7233839,796,23,462.0738255033557,78,71,46,30.697363822457447,0.6389821029082774,35.90453586497892,8451.054852320713,108.34685708103477,0
798,32,0,0,149,0.0,0.0,1.0,149,3750,2500,1250,0.6666666666666666,50,25,25,198.33663311805148,0.4155216458068807,0.6830924020388602,0.14627597053188474,1116654.516601563,10744.699435763849,1127399.2160373267,797,24,463.0738255033557,79,70,36,30.580661524307068,0.6400307606263982,35.8203125,8453.750000000004,107.00949367088612,0
799,32,0,0,149,0.0,0.0,1.0,149,4350,3300,1050,0.7586206896551724,54,33,21,196.29692542891055,0.4153364774170143,0.6804906271696349,0.1454316637301787,1117865.6684027812,9736.718750000171,1127602.3871527815,798,25,464.0738255033557,79,70,40,30.48850574712644,0.6413590604026846,35.67708333333334,8458.333333333361,107.06751054852356,0
800,32,0,0,149,0.0,0.0,1.0,149,4500,3500,1000,0.7777777777777778,55,35,20,198.1472703318791,0.4151286353467562,0.682905322983721,0.1475415192485676,1119198.5575538992,10053.227827736457,1129251.7853816357,799,26,465.0738255033557,80,69,42,30.27893934973582,0.6426873601789709,35.51954732510289,8463.374485596734,105.79218106995918,0
801,32,0,0,149,0.0,0.0,1.0,149,4050,2900,1150,0.7160493827160493,52,29,23,198.13483317630994,0.4145277828163734,0.6834765440425623,0.14790092830592758,1119859.4675138618,10526.63375535424,1130386.101269216,800,27,466.0738255033557,83,66,43,30.199642198681325,0.6438758389261745,35.44146825396827,8465.873015873049,101.99847007075962,0
802,32,0,0,149,0.0,0.0,1.0,149,3750,2600,1150,0.6933333333333334,49,26,23,196.95078262170267,0.4141763407703005,0.6826779496787216,0.1476056592666654,1120915.3042315654,10603.029284210246,1131518.3335157756,801,28,467.0738255033557,72,77,43,30.103824105522335,0.6448545861297539,35.31678082191782,8469.863013698647,117.63698630137009,0
803,32,0,0,149,0.0,0.0,1.0,149,5700,4000,1700,0.7017543859649122,74,40,34,195.50685372417573,0.4136775198016809,0.6792943028939493,0.14752291725522548,1122705.3729549723,8399.319025131008,1131104.6919801033,802,29,468.0738255033557,76,73,44,29.926650834993115,0.6466023489932886,35.1055194805195,8476.623376623416,111.534518113466,0
804,32,0,0,149,0.0,0.0,1.0,149,4100,2500,1600,0.6097560975609756,57,25,32,201.74789996623485,0.4127214462784932,0.6862865056537151,0.15287083141771413,1123803.8553994088,11445.013560157824,1135248.8689595666,803,30,469.0738255033557,77,72,42,29.629157218442916,0.6480005592841163,34.97596153846154,8480.769230769236,110.1398601398602,0
805,32,0,0,149,0.0,0.0,1.0,149,3300,2200,1100,0.6666666666666666,44,22,22,201.99846171056313,0.4123265463450027,0.6868814682702109,0.15322917272851855,1124092.0369776927,12312.972458117463,1136405.0094358101,804,31,470.0738255033557,78,71,43,29.587851955029347,0.6486297539149888,34.94198312236287,8481.856540084393,108.74175051390247,0
806,32,0,0,149,0.0,0.0,1.0,149,4750,3000,1750,0.631578947368421,65,30,35,199.3918845345521,0.4119977779793216,0.6876293519902399,0.14310924455097598,1109339.844008194,9688.672417211845,1119028.5164254059,805,32,471.0738255033557,81,68,41,31.436744178566837,0.6317813199105146,36.68699186991869,8426.016260162585,104.02489210077266,7
807,32,0,0,149,0.0,0.0,1.0,149,4100,3000,1100,0.7317073170731707,52,30,22,200.05463871489002,0.4115348570046557,0.6898279762267181,0.14405944586856115,1110234.104671277,10521.496539792206,1120755.6012110694,806,33,472.0738255033557,84,65,42,31.311060711793424,0.6331096196868009,36.58088235294117,8429.411764705857,100.35014005602211,0
808,32,0,0,149,0.0,0.0,1.0,149,4700,3600,1100,0.7659574468085106,58,36,22,200.86145436555913,0.4110284781425721,0.6923729992022432,0.14503145956946217,1110964.460298582,10129.987448804106,1121094.447747386,807,34,473.0738255033557,86,63,44,31.20143811341329,0.6341582774049217,36.494252873563205,8432.183908045943,98.04865009355748,0
809,32,0,0,149,0.0,0.0,1.0,149,4650,3200,1450,0.6881720430107527,61,32,29,199.86202591091012,0.41057878348146803,0.6887905119914897,0.1448032613535173,1111886.0896206654,9994.761290749102,1121880.8509114145,808,35,474.0738255033557,70,79,38,31.116313260611463,0.6352768456375839,36.38497652582159,8435.680751173702,120.50972501676718,0
810,32,0,0,149,0.0,0.0,1.0,149,3300,2000,1300,0.6060606060606061,46,20,26,199.18426288734184,0.4102330098554931,0.6881160777798878,0.1447659786248192,1112731.9637345679,11227.73919753089,1123959.7029320986,809,36,475.0738255033557,71,78,45,31.031928900592504,0.6361856823266219,36.28472222222222,8438.888888888889,118.85758998435054,0
811,32,0,0,149,0.0,0.0,1.0,149,4050,2900,1150,0.7160493827160493,52,29,23,194.43354110436215,0.4101952203881734,0.6795401364971383,0.14202633414717597,1114084.7606883317,9473.089022207889,1123557.8497105394,810,37,476.0738255033557,77,72,44,30.993840359667313,0.6373741610738255,36.12446581196583,8444.017094017134,109.66255966256018,0
812,32,0,1,148,0.0,0.006711409395973154,0.9932885906040269,149,4300,3500,800,0.813953488372093,51,35,16,194.2759132732294,0.4095886994376927,0.675648558709383,0.14248982578014116,1115175.1114540533,9230.332647462557,1124405.444101516,811,38,477.0738255033557,80,69,44,30.866396317404625,0.6389821029082774,35.99537037037039,8448.148148148199,105.60185185185249,0
813,32,0,0,148,0.0,0.0,1.0,148,4600,2900,1700,0.6304347826086957,63,29,34,197.04397779067958,0.4090672304958019,0.676324268359469,0.14496347484687627,1115994.1650390697,9779.98589409763,1125774.1509331674,812,39,480.9527027027027,79,69,43,30.694475258426632,0.6403434684684685,35.89843750000002,8451.250000000055,106.97784810126652,0
814,32,0,0,148,0.0,0.0,1.0,148,3800,2100,1700,0.5526315789473685,55,21,34,196.20371469350377,0.40859801127658274,0.6754263512855665,0.1446667877686275,1116587.9290927898,10415.739893986469,1127003.6689867761,813,40,481.9527027027027,80,68,38,30.645040242754717,0.6414695945945945,35.82818930041153,8453.49794238685,105.66872427983563,0
815,32,0,0,148,0.0,0.0,1.0,148,3550,2200,1350,0.6197183098591549,49,22,27,196.63516541161772,0.408488845988846,0.6767427009056064,0.14531952993126124,1117202.3057087848,10786.25203625773,1127988.5577450425,814,41,482.9527027027027,82,66,39,30.559546426027065,0.6427364864864865,35.75552208835343,8455.823293172736,103.1197962582041,0
816,32,0,1,147,0.0,0.006756756756756757,0.9932432432432432,148,3000,2100,900,0.7,39,21,18,196.5997609297048,0.4080608031500889,0.6776824298662492,0.14581610437406056,1118157.6103611288,11365.903775745825,1129523.5141368746,815,42,483.9527027027027,82,66,40,30.445309532852267,0.6436514639639639,35.64257028112451,8459.43775100406,103.16387501224463,0
817,32,0,0,147,0.0,0.0,1.0,147,3750,2500,1250,0.6666666666666666,50,25,25,193.31055329144817,0.40756725064455007,0.6707668937391948,0.14413154724683683,1119550.7136678244,10134.193579392755,1129684.9072472171,816,43,486.03401360544217,84,63,42,30.36445062157365,0.6454790249433107,35.4779411764706,8464.705882352975,100.7703081232497,0
818,32,0,0,147,0.0,0.0,1.0,147,4350,3300,1050,0.7586206896551724,54,33,21,192.56011207248537,0.40723915136830985,0.669540539721535,0.14398007450315248,1120301.5471106467,9395.07829332092,1129696.6254039677,817,44,487.03401360544217,75,72,42,30.293906902862673,0.6463293650793651,35.389254385964904,8467.543859649102,112.90058479532136,0
819,32,0,0,147,0.0,0.0,1.0,147,3750,2600,1150,0.6933333333333334,49,26,23,195.52009089872143,0.40660819122169417,0.6726396010905769,0.14676381506701475,1121329.7193877539,10698.497732426185,1132028.2171201801,818,45,488.03401360544217,76,71,42,30.09181187933295,0.6476048752834467,35.26785714285714,8471.428571428562,111.4661654135337,0
820,32,0,0,147,0.0,0.0,1.0,147,4650,3200,1450,0.6881720430107527,61,32,29,208.3502234723171,0.40621990805454605,0.6947489519174259,0.14289846610634,1096838.2733805005,11655.299874363482,1108493.573254864,819,46,489.03401360544217,70,77,41,32.71975045761891,0.6183390022675737,38.17488262910798,8378.403755868532,119.69148222669332,8
821,32,0,1,146,0.0,0.006802721088435374,0.9931972789115646,147,3650,2500,1150,0.684931506849315,48,25,23,206.05820272878822,0.40617525549032396,0.6912305864868438,0.14170844177920186,1097591.092893181,12183.5295865389,1109774.6224797198,820,47,490.03401360544217,72,75,47,32.68807318623449,0.6193310657596371,38.08504566210045,8381.278538812761,116.40664637239946,0
822,32,0,1,145,0.0,0.00684931506849315,0.9931506849315068,146,4300,3200,1100,0.7441860465116279,54,32,22,207.4435274657509,0.4059587072901905,0.6931891679500468,0.14330152693246329,1098837.5062139852,12089.34568013965,1110926.8518941249,821,48,489.0821917808219,73,73,49,32.50003357146695,0.6206478310502284,37.936373873873876,8386.036036036043,114.87720597309648,0
823,32,0,0,145,0.0,0.0,1.0,145,4550,2900,1650,0.6373626373626373,62,29,33,205.7098871211461,0.40599656768837805,0.6889566764451234,0.142666835013703,1099934.8271604942,11703.493827160544,1111638.3209876546,822,49,490.6758620689655,74,71,41,32.411956598509725,0.622198275862069,37.80555555555556,8390.222222222224,113.38138138138142,0
824,32,0,0,145,0.0,0.0,1.0,145,3850,2800,1050,0.7272727272727273,49,28,21,204.51395545827071,0.40542784163473816,0.6877335149931618,0.14216249747111825,1100569.0280588802,12166.34503663714,1112735.3730955173,823,50,491.6758620689655,76,69,41,32.36619040250339,0.6232758620689656,37.72997835497835,8392.64069264068,110.42948279790369,0
825,32,0,0,145,0.0,0.0,1.0,145,4150,2900,1250,0.6987951807228916,54,29,25,207.3309934612076,0.40480922733077906,0.6919385087130916,0.14467223615755712,1101625.17361111,12530.208333333296,1114155.3819444433,824,51,492.6758620689655,79,66,44,32.163887786158554,0.6245689655172414,37.604166666666664,8396.666666666659,106.28691983122353,0
826,32,0,0,145,0.0,0.0,1.0,145,4250,3000,1250,0.7058823529411765,55,30,25,206.37820004248042,0.4045278575989783,0.6910609482656505,0.1446017546023787,1102761.2094997664,12267.174698646133,1115028.3841984125,825,52,493.6758620689655,66,79,46,32.05083599826284,0.6255747126436781,37.46890547263682,8400.995024875634,127.28780340720658,0
827,32,0,0,145,0.0,0.0,1.0,145,3650,2800,850,0.7671232876712328,45,28,17,208.75298506191174,0.4040688856960409,0.696006400208987,0.1469621014835859,1104067.7210960127,13445.486497858987,1117513.2075938717,826,53,494.6758620689655,66,79,42,31.829772332702028,0.626580459770115,37.3134328358209,8405.970149253733,127.36318407960202,0
828,32,0,0,145,0.0,0.0,1.0,145,4600,3400,1200,0.7391304347826086,58,34,24,209.35872879714475,0.403448275862069,0.6981069353415617,0.14800031767501448,1105203.861645758,12676.815107170118,1117880.676752928,827,54,495.6758620689655,67,78,45,31.675907307027252,0.6283764367816091,37.1783088235294,8410.294117647032,125.52677787532883,0
829,32,0,0,145,0.0,0.0,1.0,145,3400,2500,900,0.7352941176470589,43,25,18,208.87560376377732,0.40342233397190297,0.6983353823936926,0.148226181466102,1106253.188775509,13813.860544217609,1120067.0493197264,828,55,496.6758620689655,69,76,46,31.561262026032825,0.6293103448275862,37.05357142857142,8414.285714285705,121.9461697722566,0
830,32,0,0,145,0.0,0.0,1.0,145,3350,2700,650,0.8059701492537313,40,27,13,209.31809509232838,0.40334450830140484,0.6998653918635152,0.1491848998885383,1107435.0878353042,14011.24060481816,1121446.3284401223,829,56,497.6758620689655,70,75,46,31.406261617964162,0.6304597701149426,36.9131455399061,8418.779342722992,120.26827632461416,0
831,32,1,2,144,0.00684931506849315,0.0136986301369863,0.9863013698630136,146,4350,3200,1150,0.735632183908046,55,32,23,207.3476346322097,0.4040131475358211,0.7002595640859062,0.14860594357630244,1108950.3795063861,12437.64762302806,1121388.0271294143,830,0,495.26027397260276,71,75,39,31.274443131651726,0.6317066210045662,36.73321759259259,8424.53703703703,118.65545122587365,0
832,32,0,0,144,0.0,0.0,1.0,144,4200,3000,1200,0.7142857142857143,54,30,24,208.99293539117753,0.40278789497539497,0.6988783544607973,0.15003018031356818,1109394.0771604942,13371.104938271645,1122765.1820987659,831,58,501.8541666666667,74,70,40,31.17736519155371,0.6323784722222222,36.68055555555556,8426.222222222224,113.8678678678679,0
833,32,0,0,144,0.0,0.0,1.0,144,4050,2800,1250,0.691358024691358,53,28,25,209.9859712197877,0.4026118557368557,0.7001748125408311,0.15120720797576231,1110227.3085228137,13776.431930978722,1124003.7404537925,832,59,502.8541666666667,75,69,42,31.050273600777036,0.6335358796296297,36.581688596491226,8429.385964912273,112.39181286549697,0
834,32,0,0,144,0.0,0.0,1.0,144,4400,2800,1600,0.6363636363636364,60,28,32,209.03726331150673,0.4021950271950272,0.6989426097350797,0.15097975089557147,1111044.974207303,13249.960164859698,1124294.9343721627,833,60,503.8541666666667,78,66,43,30.97625302310068,0.6351273148148149,36.48470464135021,8432.489451476795,108.10883912149737,0
835,32,0,0,144,0.0,0.0,1.0,144,3150,2100,1050,0.6666666666666666,42,21,21,208.07642205818436,0.4019997652810153,0.6980243161094213,0.15078665827564533,1111943.2117028323,14323.83300460253,1126267.0447074347,834,61,504.8541666666667,64,80,42,30.892857142857164,0.6360677083333333,36.378205128205146,8435.897435897476,131.81089743589806,0
836,32,0,0,144,0.0,0.0,1.0,144,4050,3100,950,0.7654320987654321,50,31,19,204.72273856046283,0.4014979522792023,0.6927697391925689,0.14916235045052748,1113401.8176020437,12737.733843537579,1126139.5514455813,835,62,505.8541666666667,69,75,42,30.804880972527787,0.6376591435185186,36.20535714285715,8441.428571428594,122.3395445134579,0
837,32,0,0,144,0.0,0.0,1.0,144,4600,3400,1200,0.7391304347826086,58,34,24,203.90973997112937,0.4012804325304325,0.6904124770245446,0.14932392596935634,1114759.9221242233,12062.081170117242,1126822.0032943406,836,63,506.8541666666667,72,72,43,30.6622112300429,0.6388888888888888,36.0445205479452,8446.575342465732,117.31354642313516,0
838,32,0,0,144,0.0,0.0,1.0,144,3950,2600,1350,0.6582278481012658,53,26,27,202.3561903350565,0.4009738814426314,0.6888426910902401,0.14901055192765988,1116243.2220731324,12425.745181209299,1128668.9672543418,837,64,507.8541666666667,75,69,44,30.524114386037713,0.6404079861111112,35.868969298245595,8452.192982456098,112.69590643274796,0
839,32,0,0,144,0.0,0.0,1.0,144,4600,3200,1400,0.6956521739130435,60,32,28,202.58562095883053,0.40010582588707594,0.688985262489964,0.14974081740427206,1117244.4829105437,11867.533466651821,1129112.0163771955,838,65,508.8541666666667,77,67,39,30.39721997607856,0.6419994212962963,35.75053418803417,8455.982905982868,109.81795981795932,0
840,32,0,0,144,0.0,0.0,1.0,144,4200,2900,1300,0.6904761904761905,55,29,26,200.3846374676231,0.39939256345506347,0.6847116924645742,0.14863157960001303,1118172.3932462677,11812.91392939133,1129985.307175659,839,66,509.8541666666667,78,66,39,30.34347099605964,0.6433738425925926,35.640822784810105,8459.493670886022,108.45504706264131,0
841,32,0,0,144,0.0,0.0,1.0,144,4300,3300,1000,0.7674418604651163,53,33,20,197.91361785694832,0.3986813244625744,0.6814811923937016,0.14731367930510508,1119101.665778467,11197.091884790592,1130298.7576632577,840,67,510.8541666666667,81,63,41,30.296794194405752,0.644603587962963,35.530995934959336,8463.008130081264,104.4815818528551,0
842,32,0,0,144,0.0,0.0,1.0,144,4200,3600,600,0.8571428571428571,48,36,12,196.6074842742391,0.39831912878787884,0.6802511596036276,0.14675941106589746,1119856.937791322,11034.451057240789,1130891.3888485627,841,68,511.8541666666667,82,62,44,30.240354206198596,0.6459056712962963,35.44176706827308,8465.86345381523,103.24223724164914,0
843,32,0,1,143,0.0,0.006944444444444444,0.9930555555555556,144,3850,2700,1150,0.7012987012987013,50,27,23,197.6138562989833,0.3980591168091168,0.6821783559004009,0.14777199971026367,1120325.0951014028,11628.35247030274,1131953.4475717056,842,69,512.8541666666666,68,76,44,30.157343488513632,0.646556712962963,35.38647342995169,8467.632850241549,124.52401250355219,0
844,32,0,0,143,0.0,0.0,1.0,143,4150,2900,1250,0.6987951807228916,54,29,25,197.34991904101793,0.3979878689385732,0.6783503752417115,0.14806654195785224,1121203.6600056714,11503.890306122557,1132707.550311794,843,70,512.2517482517483,69,74,43,30.0585450746716,0.6475815850815851,35.2827380952381,8470.9523809524,122.76742581090434,0
845,32,0,0,143,0.0,0.0,1.0,143,3700,2300,1400,0.6216216216216216,51,23,28,209.44517454939773,0.3977847270100791,0.6970782105538844,0.14702330803135827,1103272.1939878874,13915.007449057877,1117187.2014369452,844,71,513.2517482517483,67,76,40,31.90822735581223,0.6266025641025641,37.40808823529411,8402.941176470573,125.41703248463541,8
846,32,0,0,143,0.0,0.0,1.0,143,3300,1900,1400,0.5757575757575758,47,19,28,213.42910428186684,0.39763903936439143,0.699917615355941,0.1431799857200948,1090622.4413794521,14654.114154663643,1105276.5555341158,845,72,514.2517482517483,71,72,34,33.34557057889097,0.6102127039627039,38.917824074074055,8354.629629629584,117.6708398539378,8
847,32,0,0,143,0.0,0.0,1.0,143,4100,2900,1200,0.7073170731707317,53,29,24,213.2136057154557,0.39768828589251126,0.6994322785303464,0.14349730559473092,1091533.8159288473,13845.97213090799,1105379.7880597552,846,73,515.2517482517483,77,66,35,33.2398080921703,0.611451048951049,38.80876068376068,8358.119658119653,108.54700854700847,0
848,32,0,1,142,0.0,0.006993006993006993,0.993006993006993,143,4150,2800,1350,0.6746987951807228,55,28,27,225.3717403628114,0.39717940510194033,0.7150532800532798,0.15169251755189278,1091557.1396747641,16451.22645479095,1108008.366129555,847,74,516.2517482517483,66,77,39,32.91939484126984,0.609338578088578,38.805970149253746,8358.208955223909,126.63952962460468,8
849,32,0,1,141,0.0,0.007042253521126761,0.9929577464788732,142,4050,2900,1150,0.7160493827160493,52,29,23,225.2932789187952,0.3966980071920887,0.7130612898512803,0.1524862839425392,1093126.6257268873,16804.816356689968,1109931.4420835772,848,75,518.0633802816901,67,75,43,32.72950487409407,0.6112822769953052,38.61825980392158,8364.215686274536,124.83904009364979,0
850,32,0,0,141,0.0,0.0,1.0,141,4550,3500,1050,0.7692307692307693,56,35,21,221.17448149930638,0.3960106382978723,0.7054908038183805,0.15026183846189928,1094182.413706218,15651.045603426246,1109833.459309644,849,76,518.3262411347517,62,79,45,32.70817526555385,0.6132535460992907,38.49206349206347,8368.253968253928,134.971838197644,0
851,32,0,0,141,0.0,0.0,1.0,141,3050,1900,1150,0.6229508196721312,42,19,23,222.99122872913344,0.3957151300236406,0.7080146596614507,0.1516455398124428,1094459.1591780693,17560.958539794163,1112020.1177178635,850,77,519.3262411347517,62,79,42,32.62685969570529,0.613918439716312,38.45899470899469,8369.312169312128,134.98890595664724,0
852,32,0,0,141,0.0,0.0,1.0,141,3950,3100,850,0.7848101265822784,48,31,17,223.63086737976775,0.395379517055049,0.7063828101525189,0.15255305501151672,1095328.8633016525,16839.868753248815,1112168.7320549013,851,78,520.3262411347517,66,75,45,32.50391189811237,0.6150265957446808,38.35509950248757,8372.63681592041,126.85813357455167,0
853,32,0,0,141,0.0,0.0,1.0,141,3100,2000,1100,0.6451612903225806,42,20,22,221.42812347998384,0.39580800405268496,0.7039112405197245,0.15154324743532538,1096240.2539541095,17247.68446325584,1113487.9384173653,852,79,521.3262411347517,66,75,44,32.450304902193736,0.6159869976359338,38.24626865671642,8376.11940298507,126.91090004522835,0
854,32,0,0,141,0.0,0.0,1.0,141,3950,3100,850,0.7848101265822784,48,31,17,219.16502435982954,0.39605074299223236,0.7004191259510406,0.15045810949425398,1097102.211288927,15939.286572472087,1113041.497861399,853,80,522.3262411347517,67,74,45,32.40440115440114,0.6170951536643026,38.143382352941174,8379.41176470588,125.06584723441611,0
855,32,0,0,141,0.0,0.0,1.0,141,3100,2200,900,0.7096774193548387,40,22,18,229.4591187168564,0.3965151131374536,0.7138403150908263,0.14995539348560266,1083153.8043936552,18407.90347819555,1101561.7078718508,854,81,523.3262411347517,76,65,35,33.843090868125955,0.6025413711583925,39.81331168831168,8325.974025974001,109.55228981544738,8
856,32,0,0,141,0.0,0.0,1.0,141,4000,3000,1000,0.75,50,30,20,227.2408036939099,0.3965066700439041,0.7107872511427096,0.14909474878510184,1084290.5600527772,17079.011660822416,1101369.5717135996,855,82,524.3262411347517,77,64,36,33.76121128952274,0.603797281323877,39.67681623931623,8330.34188034186,108.18625818625793,0
857,32,0,0,141,0.0,0.0,1.0,141,3650,2400,1250,0.6575342465753424,49,24,25,216.2744447857259,0.3964623438027693,0.6983513273494111,0.13426466185633085,1068163.384724387,14353.288594341662,1082516.6733187286,856,83,525.3262411347517,66,75,41,36.031926309244426,0.583702718676123,41.62002487562189,8268.15920398009,125.2751394542438,8
858,32,0,0,141,0.0,0.0,1.0,141,4400,3000,1400,0.6818181818181818,58,30,28,218.26396136485909,0.3963441404930767,0.7005727215114337,0.1360200373705083,1069297.9262783548,14077.840253748556,1083375.7665321033,857,84,526.3262411347517,67,74,39,35.840345263490576,0.5850325059101655,41.4828431372549,8272.549019607846,123.47088088966935,0
859,32,0,0,141,0.0,0.0,1.0,141,3900,2600,1300,0.6666666666666666,52,26,26,217.22044239180823,0.3962196048632219,0.6994350524594146,0.13566031402205378,1069931.6406249998,14382.204861111093,1084313.8454861108,858,85,527.3262411347517,67,74,42,35.78906512252434,0.5859190307328606,41.40625,8274.999999999998,123.50746268656714,0
860,32,0,0,141,0.0,0.0,1.0,141,3600,2900,700,0.8055555555555556,43,29,14,215.08452849659736,0.39617105707531236,0.6963908244910351,0.13463501472295117,1070609.0171485273,14254.287131519348,1084863.3042800466,859,86,528.3262411347517,69,72,42,35.760692918368534,0.5869533096926713,41.324404761904766,8277.619047619057,119.96549344375444,0
861,32,0,1,140,0.0,0.0070921985815602835,0.9929078014184397,141,4200,2600,1600,0.6190476190476191,58,26,32,211.71340193931147,0.39652355623100305,0.6913424270822481,0.13324467699055276,1072204.2777574915,13000.00304358435,1085204.2808010757,860,87,529.3262411347517,73,68,43,35.65116911364873,0.5883569739952719,41.13175675675677,8283.783783783818,113.47649018881943,0
862,32,0,1,139,0.0,0.007142857142857143,0.9928571428571429,140,4200,2900,1300,0.6904761904761905,55,29,26,212.83985441614283,0.3959521668379582,0.6908461739357512,0.1344381066577722,1073264.6062901807,13486.696510560416,1086751.302800741,861,88,531.6714285714286,76,64,38,35.49131627056671,0.5898065476190476,41.0037878787879,8287.878787878835,109.05103668261626,0
863,32,0,2,137,0.0,0.014388489208633094,0.9856115107913669,139,4400,2900,1500,0.6590909090909091,59,29,30,210.98671484748553,0.3957594793730233,0.6856604613216633,0.13358819412667242,1073969.0627511207,13118.640879538736,1087087.7036306595,862,89,533.410071942446,77,62,39,35.45253436426119,0.5914268585131894,40.91880341880344,8290.598290598344,107.67010767010837,0
864,32,0,0,137,0.0,0.0,1.0,137,4400,3300,1100,0.75,55,33,22,206.8550310020094,0.3949231608701875,0.6746226917830638,0.13141896224936234,1074965.7600308699,12672.415123457075,1087638.175154327,863,116,540.5474452554745,77,60,41,35.436899977673605,0.5933698296836982,40.79861111111113,8294.444444444489,107.72005772005829,0
865,32,0,0,137,0.0,0.0,1.0,137,3500,2600,900,0.7428571428571429,44,26,18,203.90076965552907,0.3946279698010591,0.670409882088713,0.129990004112021,1075974.001736116,12978.385416666912,1088952.3871527829,864,117,541.5474452554745,79,58,42,35.38946910356833,0.5945103406326033,40.67708333333335,8298.333333333372,105.0421940928275,0
866,32,0,1,136,0.0,0.0072992700729927005,0.9927007299270073,137,4100,3100,1000,0.7560975609756098,51,31,20,201.56728950742587,0.3944781379705167,0.6672723573117048,0.12891137656905524,1076900.3543083847,11913.577097505295,1088813.93140589,865,118,542.5474452554745,69,68,44,35.33612481358261,0.5959549878345498,40.56547619047617,8301.90476190472,120.3174603174597,0
867,32,1,0,137,0.0072992700729927005,0.0,1.0,137,3950,2800,1150,0.7088607594936709,51,28,23,196.02792108356465,0.3954822348647488,0.6574036951886892,0.1260140449126579,1078393.3712005839,10929.042133349049,1089322.4133339329,866,0,541.2773722627737,73,64,42,35.296533011621385,0.5983880778588808,40.38569819819817,8307.65765765759,113.80352955695328,0
868,32,0,0,137,0.0,0.0,1.0,137,4100,3200,900,0.7804878048780488,50,32,18,193.45673528613125,0.3956432481751824,0.6526088718101304,0.12461207585749075,1078978.1673565407,10247.118740361666,1089225.2860969023,867,1,542.2773722627737,73,64,46,35.29154018502455,0.5991484184914841,40.315315315315296,8309.90990990987,113.83438232753245,0
869,32,0,0,137,0.0,0.0,1.0,137,3150,2500,650,0.7936507936507936,38,25,13,191.43649833269146,0.39556721411192214,0.6486191566909729,0.1235911918645601,1079636.4475308564,10786.36419753042,1090422.8117283867,868,2,543.2773722627737,74,63,46,35.263282182893995,0.6000608272506083,40.236111111111086,8312.444444444383,112.3303303303295,0
870,32,0,0,137,0.0,0.0,1.0,137,3500,2600,900,0.7428571428571429,44,26,18,190.8906106453445,0.3952496600830113,0.647738692894545,0.12368295180801661,1080677.2531671005,10358.228153520005,1091035.4813206205,869,3,544.2773722627737,76,61,49,35.1498924227439,0.6012773722627738,40.110930735930715,8316.450216450165,109.42697653223901,0
871,32,0,0,137,0.0,0.0,1.0,137,4400,3100,1300,0.7045454545454546,57,31,26,190.99741617684938,0.3951356089881208,0.6483191804117836,0.1239668124669005,1081177.8189832987,9500.433970705966,1090678.2529540048,870,4,545.2773722627737,77,60,50,35.08578431372548,0.6021137469586375,40.050747863247835,8318.376068375997,108.0308580308571,0
872,32,0,0,137,0.0,0.0,1.0,137,3350,2200,1150,0.6567164179104478,45,22,23,192.71161480669417,0.39521611564333764,0.6513556935914655,0.12545098992566103,1082033.3767361064,10954.079861110835,1092987.4565972171,871,5,546.2773722627737,79,58,38,34.93641097536546,0.6033302919708029,39.94791666666665,8321.66666666663,105.33755274261557,0
873,32,0,0,137,0.0,0.0,1.0,137,4050,2800,1250,0.691358024691358,53,28,25,192.69901919775728,0.39481581866323173,0.6515258895308826,0.1257392180752325,1082713.043404622,10277.54830733759,1092990.5917119596,872,6,547.2773722627737,80,57,40,34.8535033946345,0.6046228710462287,39.8662551440329,8324.279835390884,104.05349794238604,0
874,32,0,0,137,0.0,0.0,1.0,137,3900,3000,900,0.7692307692307693,48,30,18,193.13477482952266,0.3947800379275798,0.6515297891682326,0.12626810063303784,1083270.5632601187,10543.44326293823,1093814.006523057,873,7,548.2773722627737,81,56,41,34.7739080375596,0.6056113138686132,39.79928861788615,8326.422764227558,102.79534276824145,0
875,32,0,0,137,0.0,0.0,1.0,137,4150,2800,1350,0.6746987951807228,55,28,27,195.8881329137027,0.39505957492486043,0.6577146944889138,0.12836390951375776,1083933.002743909,10915.922422209007,1094848.925166118,874,8,549.2773722627737,83,54,42,34.62116068734414,0.6068278588807786,39.71974206349203,8328.968253968156,100.34901510805007,0
876,32,2,0,139,0.014388489208633094,0.0,1.0,139,4150,3000,1150,0.7228915662650602,53,30,23,194.2284713359582,0.39781652938518747,0.6589349459456164,0.12794125901462425,1085426.2089249578,10214.134661495678,1095640.3435864535,875,0,542.3597122302158,72,67,46,34.481660548950856,0.6084382494004796,39.540525114155244,8334.703196347014,115.75976661593076,0
877,32,0,0,139,0.0,0.0,1.0,139,3600,2400,1200,0.6666666666666666,48,24,24,190.7584322385897,0.3971431550411844,0.6530673829132951,0.12612709954891835,1086496.854214883,10051.6873084381,1096548.541523321,876,1,543.3597122302158,72,67,42,34.44116653889681,0.6093375299760192,39.412100456621005,8338.812785388129,115.81684424150178,0
878,32,0,0,139,0.0,0.0,1.0,139,4200,3600,600,0.8571428571428571,48,36,12,187.65586442069463,0.3971952872484621,0.6474680298957365,0.12447659774610599,1087416.8087005967,8812.028244460886,1096228.8369450576,877,2,544.3597122302158,73,66,43,34.40964722822173,0.6106864508393286,39.301801801801815,8342.342342342376,114.27866222386815,0
879,32,0,0,139,0.0,0.0,1.0,139,3950,2500,1450,0.6329113924050633,54,25,29,188.86707949905374,0.39714967156709413,0.6516748718557934,0.12585026430050233,1088708.9401479203,9374.255590049663,1098083.1957379698,878,3,545.3597122302158,73,66,45,34.22030426492546,0.6120353717026379,39.14695945945947,8347.297297297315,114.3465383191413,0
880,32,0,0,139,0.0,0.0,1.0,139,4150,3100,1050,0.7469879518072289,52,31,21,185.92246401745254,0.3968911827060091,0.6470991992656061,0.12447598383612417,1090052.0030864272,8583.030864197965,1098635.0339506252,879,4,546.3597122302158,74,65,47,34.13327657461113,0.6133842925659472,38.986111111111136,8352.444444444503,112.87087087087167,0
881,32,0,0,139,0.0,0.0,1.0,139,3500,2700,800,0.7714285714285715,43,27,16,185.02021768772258,0.39672609738296316,0.6469845929447253,0.12432988323676161,1091096.3086419853,9074.97530864253,1100171.2839506278,880,5,547.3597122302158,74,65,42,34.02951370421587,0.61443345323741,38.86111111111114,8356.444444444522,112.92492492492597,0
882,32,0,1,138,0.0,0.007194244604316547,0.9928057553956835,139,4050,2400,1650,0.5925925925925926,57,24,33,185.11086859816905,0.39652842943036876,0.6473340219512043,0.12455765226012445,1091475.0692520824,8558.7796245001,1100033.8488765825,881,6,548.3597122302158,75,64,42,33.98098586621889,0.615257793764988,38.81578947368423,8357.894736842143,111.43859649122858,0
883,32,0,0,138,0.0,0.0,1.0,138,3450,2400,1050,0.6956521739130435,45,24,21,187.26887995618858,0.3952030219683346,0.6494538733503887,0.12630745431537801,1092141.1141975408,9854.808641975884,1101995.9228395168,882,7,553.2898550724638,74,64,43,33.84345152658906,0.616243961352657,38.73611111111114,8360.444444444522,112.97897897898002,0
884,32,0,0,138,0.0,0.0,1.0,138,3950,2700,1250,0.6835443037974683,52,27,25,182.68096885385677,0.394766652561797,0.6338614143353567,0.1169541231441443,1077202.7240352745,7806.8874557553345,1085009.6114910298,883,8,554.2898550724638,75,63,47,35.78901669219798,0.5982789855072463,40.52905701754384,8303.070175438552,110.7076023391807,8
885,32,3,0,141,0.02127659574468085,0.0,1.0,141,3000,2200,800,0.7333333333333333,38,22,16,181.48713033432514,0.3976169368456603,0.639447802908959,0.11710170260255019,1079472.7769098566,7982.08331107884,1087454.8602209354,884,0,543.4751773049645,78,63,49,35.541778770496,0.6005466903073287,40.2558016877637,8311.814345991525,106.56172238450672,0
886,32,1,0,142,0.007042253521126761,0.0,1.0,142,3700,2800,900,0.7567567567567568,46,28,18,205.2271739869239,0.39905062764292615,0.6805871558221213,0.12493127435419514,1062315.5619724472,11503.204133187355,1073818.7661056346,885,0,540.6408450704225,73,69,43,37.040141582445585,0.577024647887324,42.32826576576577,8245.49549549551,112.95199308897959,8
887,32,0,0,142,0.0,0.0,1.0,142,4500,3300,1200,0.7333333333333333,57,33,24,202.5534612846322,0.3991848549928412,0.6759622693610756,0.12394883197793324,1063877.6419753123,10198.419753086588,1074076.0617283988,886,1,541.6408450704225,74,68,45,36.915822830263195,0.578418427230047,42.1388888888889,8251.555555555584,111.5075075075079,0
888,32,1,0,143,0.006993006993006993,0.0,1.0,143,3450,2300,1150,0.6666666666666666,46,23,23,198.73481697931655,0.4005753636035326,0.6736503897568105,0.12241986714221538,1065852.4768438411,10314.399382502623,1076166.8762263437,887,0,538.8461538461538,75,68,41,36.77031888906595,0.5804195804195804,41.8996710526316,8259.210526315826,110.12280701754435,0
889,32,1,1,143,0.006944444444444444,0.006944444444444444,0.9930555555555556,144,3300,2100,1200,0.6363636363636364,45,21,24,196.9046313615329,0.40233565624190626,0.6736973061186937,0.1217182849106977,1066894.7695229817,9915.30425889432,1076810.0737818761,888,0,536.0972222222222,77,67,44,36.688904978623626,0.5816695601851851,41.773504273504294,8263.247863247918,107.31490731490803,0
890,32,2,0,145,0.013793103448275862,0.0,1.0,145,4850,3400,1450,0.7010309278350515,63,34,29,193.9606762652039,0.40336047254150703,0.6724002888731002,0.12079862690408774,1069112.3103054997,7623.149342062056,1076735.4596475617,889,0,533.2965517241379,70,75,47,36.491500652704474,0.5836206896551723,41.50528169014086,8271.83098591553,118.16901408450758,0
891,32,1,1,145,0.00684931506849315,0.00684931506849315,0.9931506849315068,146,4200,3200,1000,0.7619047619047619,52,32,20,192.6884075897776,0.4044589434734687,0.6738588574486748,0.12069623567433382,1070805.4464937986,7866.359264670481,1078671.805758469,890,0,530.6369863013699,73,73,43,36.31583959081509,0.5849743150684932,41.3006756756757,8278.378378378437,113.40244353943064,0
892,32,0,0,145,0.0,0.0,1.0,145,3800,2500,1300,0.6578947368421053,51,25,26,194.95233759044422,0.40389727011494253,0.6758531878558207,0.12262324386341968,1072030.1512345732,8998.956790123684,1081029.1080246968,891,1,530.5586206896552,74,71,49,36.1064906726762,0.586566091954023,41.15277777777779,8283.111111111151,111.93393393393448,0
893,32,1,0,146,0.00684931506849315,0.0,1.0,146,4300,3100,1200,0.7209302325581395,55,31,24,190.08272377059745,0.4038428987561014,0.6698638611676271,0.12021632190995443,1073636.933053006,7315.966515085451,1080952.8995680914,892,0,527.917808219178,77,69,42,36.034943118351656,0.5882562785388128,40.958867521367544,8289.316239316297,107.6534576534584,0
894,32,0,0,146,0.0,0.0,1.0,146,4250,2800,1450,0.6588235294117647,57,28,29,191.03338281439653,0.4036323019996851,0.6714618027946391,0.12132934429669152,1074874.6222337978,7617.387037333905,1082492.0092711316,893,1,528.917808219178,78,68,43,35.8581972494955,0.5895405251141552,40.80959915611815,8294.092827004246,106.33452342313136,0
895,32,0,0,146,0.0,0.0,1.0,146,3400,2400,1000,0.7058823529411765,44,24,20,190.28696551643597,0.40359490631396633,0.6701295191339196,0.12126323602871777,1075859.1149032384,8344.393259627166,1084203.5081628656,894,2,529.917808219178,78,68,44,35.75661463100443,0.5903966894977168,40.69092827004219,8297.89029535865,106.38320891485448,0
896,32,0,0,146,0.0,0.0,1.0,146,4350,3000,1350,0.6896551724137931,57,30,27,193.4449632207603,0.40316977641316326,0.675124041940516,0.12376928197262145,1077023.8981009,8118.969671201392,1085142.8677721014,895,3,530.917808219178,69,77,43,35.531677181913764,0.5916809360730594,40.55059523809521,8302.380952380896,120.32436162870863,0
897,32,0,0,146,0.0,0.0,1.0,146,3650,2400,1250,0.6575342465753424,49,24,25,212.9225372397011,0.402919815777043,0.7067150839961092,0.1316402621126235,1066940.7505197667,12585.146337020125,1079525.896856787,896,4,531.917808219178,71,75,41,36.269597269688305,0.5769834474885844,41.76793981481483,8263.425925925965,116.38628064684458,8
898,32,1,0,147,0.006802721088435374,0.0,1.0,147,3900,2800,1100,0.717948717948718,50,28,22,211.7879260095461,0.40372713012145495,0.7077766358341897,0.13154347145523576,1068307.7580539118,11950.936883629176,1080258.694937541,897,0,529.2925170068028,64,83,42,36.13001839907385,0.5783730158730158,41.6025641025641,8268.717948717947,129.19871794871793,0
899,32,1,0,148,0.006756756756756757,0.0,1.0,148,2850,1900,950,0.6666666666666666,38,19,19,206.35027275598463,0.4045790050254336,0.7025186166977226,0.129037703896742,1070311.9593425575,11721.832948865687,1082033.792291423,898,0,526.7094594594595,67,81,44,36.023256732211976,0.5800253378378378,41.36029411764705,8276.47058823527,123.52941176470553,0
900,32,1,1,148,0.006711409395973154,0.006711409395973154,0.9932885906040269,149,4400,3300,1100,0.75,55,33,22,208.35645395693024,0.4054677580264829,0.7065802669135237,0.1313551557554554,1072704.0816326486,10500.963718820556,1083205.0453514692,899,0,524.1677852348994,69,80,42,35.67648467432951,0.5819351230425056,41.071428571428555,8285.71428571425,120.08281573498913,0
901,32,1,0,149,0.006711409395973154,0.0,1.0,149,2750,1700,1050,0.6181818181818182,38,17,21,210.49627368191295,0.40583242638611766,0.7075074922023767,0.13334905431090788,1074125.9196298397,12669.900709447651,1086795.8203392874,900,0,525.0939597315436,71,78,41,35.44592337186143,0.5834032438478747,40.899884259259245,8291.20370370367,116.77751695357281,0
902,32,0,0,149,0.0,0.0,1.0,149,5200,4200,1000,0.8076923076923077,62,42,20,210.49835201240495,0.40585321059314344,0.7068626914722336,0.13362393614281365,1074725.7721407686,10245.600780177945,1084971.3729209465,901,1,526.0939597315436,71,78,42,35.372008857132215,0.5847315436241611,40.827546296296276,8293.51851851847,116.81011997913336,0
903,32,0,0,149,0.0,0.0,1.0,149,4550,3300,1250,0.7252747252747253,58,33,25,212.69919461049088,0.4057474000846484,0.7099728150656757,0.13540967199341317,1075565.8469703714,11404.39788022933,1086970.2448506008,902,2,527.0939597315436,71,78,43,35.21154185964325,0.5857802013422819,40.726273148148124,8296.759259259201,116.85576421491832,0
904,32,1,0,150,0.006666666666666667,0.0,1.0,150,3700,2500,1200,0.6756756756756757,49,25,24,211.21091767941317,0.40676826994780013,0.7105848949460545,0.13497133137553746,1076668.260891742,11780.818283848412,1088449.0791755905,903,0,524.5733333333334,65,85,44,35.11448446499554,0.587013888888889,40.59343434343433,8301.010101010073,127.70784770784728,0
905,32,0,0,150,0.0,0.0,1.0,150,3900,2700,1200,0.6923076923076923,51,27,24,212.78753578979112,0.4065846383296048,0.7134849867201911,0.1362851529380582,1077323.4276158041,11948.199482195665,1089271.627098,904,1,525.5733333333334,65,85,42,34.992992620075825,0.5881944444444445,40.5145202020202,8303.535353535352,127.74669774669772,0
906,32,0,1,149,0.0,0.006666666666666667,0.9933333333333333,150,3350,2000,1350,0.5970149253731343,47,20,27,211.37130481424813,0.40609060402684566,0.7103191552120818,0.1360788069846683,1078823.3529471825,12256.459955305618,1091079.812902488,905,2,526.5733333333334,67,83,44,34.845350815094484,0.5894444444444444,40.33394607843137,8309.313725490187,124.01960784313711,0
907,32,0,0,149,0.0,0.0,1.0,149,4200,2900,1300,0.6904761904761905,55,29,26,213.4482193409276,0.4060931737106234,0.7111020448600018,0.1378162667992247,1079666.5652932376,12090.581168755318,1091757.146461993,906,3,527.2416107382551,68,81,42,34.68779663315318,0.5905341163310962,40.23248792270531,8312.560386473418,122.24353509519733,0
908,32,0,0,149,0.0,0.0,1.0,149,4550,3400,1150,0.7472527472527473,57,34,23,212.97148248771288,0.40613096317794306,0.7107030127360361,0.13789844266529216,1080486.0012755096,11672.541099773185,1092158.5423752829,907,4,528.2416107382551,69,80,44,34.599522323388506,0.5915128635346756,40.13392857142857,8315.71428571428,120.51759834368522,0
909,32,1,1,149,0.006666666666666667,0.006666666666666667,0.9933333333333333,150,3400,2300,1100,0.6764705882352942,45,23,22,213.59795729497353,0.4069062266964951,0.712508689130356,0.13890727972266215,1081742.4704447326,12811.596401242452,1094554.0668459751,908,0,525.7133333333334,72,78,42,34.428964072732576,0.5927083333333334,39.98287671232875,8320.54794520545,115.56316590563125,0
910,32,0,0,149,0.0,0.0,1.0,149,3950,2700,1250,0.6835443037974683,52,27,25,212.30166880514602,0.40624055263317005,0.7100266932310515,0.13857757694187675,1082811.297851379,12226.529106982805,1095037.8269583618,909,1,530.1208053691275,72,77,43,34.33151865869491,0.5941694630872483,39.85445205479452,8324.657534246575,115.62024353120243,0
911,32,0,1,148,0.0,0.006711409395973154,0.9932885906040269,149,3350,2200,1150,0.6567164179104478,45,22,23,211.82922333319368,0.40635581050849506,0.7101942915853097,0.13866982681804685,1083642.9729363434,12759.449865515748,1096402.4228018592,910,2,531.1208053691275,72,77,45,34.24180739847204,0.5947986577181208,39.75456621004566,8327.853881278534,115.66463723997964,0
912,32,0,1,147,0.0,0.006756756756756757,0.9932432432432432,148,4500,2900,1600,0.6444444444444445,61,29,32,211.82178873443775,0.40571949500520926,0.7092001320743406,0.13929936970488338,1084952.1428100409,11863.300716256832,1096815.4435262976,911,3,535.5337837837837,73,75,47,34.08151566751355,0.5961430180180181,39.59740990990991,8332.882882882892,114.14908058743687,0
913,32,0,0,147,0.0,0.0,1.0,147,3850,2700,1150,0.7012987012987013,50,27,23,213.88508146028107,0.40558700649209456,0.7103170285631382,0.14112116178761294,1085896.3214915625,13201.40463592864,1099097.726127491,912,4,538.6666666666666,62,85,47,33.912081111957356,0.5972222222222222,39.484126984126995,8336.50793650796,134.45980542754774,0
914,32,0,0,147,0.0,0.0,1.0,147,4350,3200,1150,0.735632183908046,55,32,23,213.53376510355696,0.40567825303637434,0.7092757542659853,0.1413524671601183,1086833.398607043,12665.12552897142,1099498.5241360145,913,5,539.6666666666666,63,84,48,33.80645152896604,0.5985685941043084,39.37174479166667,8340.104166666675,132.38260582010597,0
915,32,0,1,146,0.0,0.006802721088435374,0.9931972789115646,147,3950,3300,650,0.8354430379746836,46,33,13,212.97656666803445,0.4057306712639394,0.7086063481082505,0.1414137010191292,1087701.5100499967,12980.986634017001,1100682.4966840136,914,6,540.6666666666666,65,82,47,33.71468926553672,0.5999149659863945,39.267676767676775,8343.434343434357,128.36052836052858,0
916,32,0,0,146,0.0,0.0,1.0,146,4450,3300,1150,0.7415730337078652,56,33,23,243.6091095038069,0.4061535584947253,0.7394099301660761,0.1506515909029782,1067018.1090205712,18337.066272587574,1085355.1752931587,915,7,539.1232876712329,67,79,44,35.46758215683949,0.5738441780821918,41.758578431372555,8263.725490196095,123.33918642083724,7
917,32,0,0,146,0.0,0.0,1.0,146,3400,2300,1100,0.6764705882352942,45,23,22,245.95978152804122,0.4058681703668714,0.7417790606789625,0.15287755060073313,1068520.2439638614,19962.60115272793,1088482.8451165892,916,8,540.1232876712329,57,89,44,35.22069810271736,0.5749857305936072,41.576867816091934,8269.540229885022,145.0796531558776,0
918,32,0,0,146,0.0,0.0,1.0,146,4100,2500,1600,0.6097560975609756,57,25,32,246.9134729901996,0.4061899700834514,0.7427267069041323,0.15385595368921737,1069262.9681926242,19503.086603249838,1088766.054795874,917,9,541.1232876712329,57,89,43,35.10403640405725,0.5764840182648402,41.487068965517224,8272.413793103418,145.130066545674,0
919,32,1,0,147,0.006802721088435374,0.0,1.0,147,4350,3000,1350,0.6896551724137931,57,30,27,243.66041170632505,0.40695958748796324,0.7392700331403113,0.15273888695748952,1071027.0583251186,18443.378796022393,1089470.437121141,918,0,538.4353741496599,60,87,42,34.96977647240005,0.5784438775510203,41.273907103825124,8279.234972677572,137.9872495446262,0
920,32,0,0,147,0.0,0.0,1.0,147,4500,2700,1800,0.6,63,27,36,243.78790360536877,0.4066800236076165,0.7402611050911339,0.15329781399772663,1071948.5092207165,18365.615967163656,1090314.1251878801,919,1,539.4353741496599,61,86,44,34.85249253537582,0.5798611111111112,41.16263440860214,8282.79569892471,135.7835360479461,0
921,32,0,0,147,0.0,0.0,1.0,147,4100,2800,1300,0.6829268292682927,54,28,26,246.36803256688682,0.4061131301835803,0.744733110268698,0.15543473131205127,1072922.8496430176,19366.77831252135,1092289.627955539,920,2,540.4353741496599,61,86,44,34.66520415666428,0.5812074829931972,41.04502688172041,8286.55913978491,135.8452317997526,0
922,32,1,0,148,0.006756756756756757,0.0,1.0,148,3450,2300,1150,0.6666666666666666,46,23,23,243.69024733127532,0.40727845192130907,0.7434279591318196,0.15438808459451617,1074146.2195923715,19301.791584483803,1093448.0111768553,921,0,537.777027027027,64,84,36,34.583359104403755,0.582347972972973,40.89743589743589,8291.282051282036,129.55128205128182,0
923,32,0,0,148,0.0,0.0,1.0,148,4350,3300,1050,0.7586206896551724,54,33,21,244.564375221535,0.40725738493595637,0.7453794890781205,0.15551567413912878,1075227.5955578468,18642.47302571145,1093870.0685835583,922,1,538.777027027027,65,83,38,34.4271308980213,0.584177927927928,40.76704545454544,8295.454545454511,127.6223776223771,0
924,32,1,0,149,0.006711409395973154,0.0,1.0,149,3850,2400,1450,0.6233766233766234,53,24,29,240.8632963851896,0.40771434185863714,0.7433608613105602,0.15371587785652127,1076280.9517141578,18197.315573292148,1094478.26728745,923,0,536.1543624161073,68,81,39,34.3930684904928,0.5853607382550335,40.64009661835748,8299.51690821255,122.05171923841986,0
925,32,1,0,150,0.006666666666666667,0.0,1.0,150,3800,2800,1000,0.7368421052631579,48,28,20,235.9009504571937,0.4085505219985086,0.74032102728732,0.15151164137611484,1078136.111111109,17066.66666666652,1095202.7777777754,924,0,533.5733333333334,59,91,40,34.29307116104871,0.586875,40.41666666666666,8306.666666666648,140.79096045197707,0
926,32,1,0,151,0.006622516556291391,0.0,1.0,151,4550,3000,1550,0.6593406593406593,61,30,31,227.1470623893179,0.4099650478292862,0.7314403373954634,0.1468479169225925,1080034.9751416347,14315.354376228484,1094350.3295178632,925,0,531.0331125827814,61,90,42,34.286622693567885,0.5887831125827814,40.18817204301075,8313.978494623654,136.2947294200599,0
927,32,3,1,153,0.01948051948051948,0.006493506493506494,0.9935064935064936,154,3900,2600,1300,0.6666666666666666,52,26,26,221.2733863972602,0.41331469456469455,0.7293019234209976,0.14405063562495674,1082046.5107195692,13185.61913325162,1095232.129852821,926,0,521.6688311688312,65,89,40,34.19204294875682,0.5908414502164503,39.94633838383838,8321.71717171717,128.02641802641799,0
928,32,1,0,154,0.006493506493506494,0.0,1.0,154,3500,2000,1500,0.5714285714285714,50,20,30,223.0716608130402,0.4133933876580935,0.7307761703181723,0.14591137089838732,1083410.560992168,14035.638636582233,1097446.1996287503,927,0,522.6623376623377,67,87,43,33.97775995369006,0.5923971861471862,39.782475490196084,8326.960784313738,124.28299678080207,0
929,32,1,0,155,0.0064516129032258064,0.0,1.0,155,4200,3100,1100,0.7380952380952381,53,31,22,219.74193949768372,0.41408148303309594,0.7287614145215529,0.14431338494200543,1084566.2821769495,12464.939671871114,1097031.2218488206,928,0,520.2838709677419,68,87,44,33.92260040975687,0.5936155913978495,39.64371980676329,8331.400966183595,122.5206024438764,0
930,32,2,0,157,0.012738853503184714,0.0,1.0,157,4200,3500,700,0.8333333333333334,49,35,14,218.70193770281188,0.41541115466274703,0.7292206710117022,0.14467974340339915,1086648.3011937602,11930.417814509037,1098578.7190082693,929,0,514.6433121019109,65,92,43,33.69443435077521,0.5953423566878981,39.39393939393941,8339.393939393975,128.29836829836884,0
931,32,0,0,157,0.0,0.0,1.0,157,5200,3800,1400,0.7307692307692307,66,38,28,213.38874969289515,0.4157428956393925,0.7221227928871112,0.14186165273876103,1088051.3825462274,9835.584824633253,1097886.9673708607,930,1,515.6433121019109,66,91,40,33.661117073073775,0.5970010615711252,39.22574626865673,8344.776119403012,126.43600180913654,0
932,32,0,0,157,0.0,0.0,1.0,157,4600,3400,1200,0.7391304347826086,58,34,24,212.70098169673506,0.41595044640426804,0.7217329970503992,0.14205269581322957,1089351.0350299932,10341.206912646976,1099692.2419426402,931,2,516.6433121019109,68,89,45,33.5200426213068,0.5988588110403397,39.07004830917876,8349.758454106313,122.79056550156344,0
933,32,0,0,157,0.0,0.0,1.0,157,3900,2600,1300,0.6666666666666666,52,26,26,214.0362083394496,0.4163196145680222,0.7242066531577402,0.14366791551354233,1090781.3066893471,11393.339002267825,1102174.645691615,932,3,517.6433121019109,69,88,39,33.310298643565496,0.6001857749469215,38.89880952380954,8355.238095238132,121.09040717736423,0
934,32,0,0,157,0.0,0.0,1.0,157,5000,3700,1300,0.74,63,37,26,212.319569190557,0.41622944907180576,0.7225547972820672,0.1431076693122026,1091952.4317611943,9968.573977623837,1101921.005738818,933,4,518.6433121019109,71,86,43,33.21201611563387,0.602043524416136,38.75868055555558,8359.72222222227,117.74256651017282,0
935,32,0,0,157,0.0,0.0,1.0,157,4750,3200,1550,0.6736842105263158,63,32,31,211.30840475358724,0.4159674587620448,0.7210555626477684,0.14261954292086124,1092335.181840462,10013.920946185925,1102349.1027866479,934,5,519.6433121019109,72,85,43,33.19168350536109,0.6028397027600849,38.712899543379024,8361.187214611937,116.12760020294357,0
936,32,1,0,158,0.006329113924050633,0.0,1.0,158,4950,3500,1450,0.7070707070707071,64,35,29,209.8703003867505,0.41623582332231446,0.7221512005845836,0.14257550215283069,1094169.6416831017,9376.742274819084,1103546.3839579208,935,0,517.3481012658228,64,94,45,33.005346856232364,0.604628164556962,38.49358974358974,8368.205128205116,130.75320512820494,0
937,32,0,1,157,0.0,0.006329113924050633,0.9936708860759493,158,4100,3300,800,0.8048780487804879,49,33,16,207.27040816326587,0.41624842108092125,0.7191959703826809,0.14127114661654125,1095088.2563003742,9695.877971635315,1104784.1342720094,936,1,518.3481012658228,65,93,42,32.96130952380953,0.6057489451476794,38.38383838383837,8371.717171717146,128.7956487956484,0
938,32,0,1,156,0.0,0.006369426751592357,0.9936305732484076,157,4300,2700,1600,0.627906976744186,59,27,32,207.7043753928703,0.41521381131253743,0.7184457672905309,0.14205012844915943,1096042.0933102285,9830.547679058967,1105872.6409892875,937,2,522.5987261146497,68,89,44,32.833679413970124,0.6066878980891719,38.26992753623188,8375.362318840576,123.16709292412612,0
939,32,0,0,156,0.0,0.0,1.0,156,4050,2600,1450,0.6419753086419753,55,26,29,207.37837693018548,0.41393627653708304,0.7164527080477721,0.14208409460080398,1096547.9102487804,10230.065170715772,1106777.9754194962,938,3,526.8782051282051,68,88,44,32.78057301578149,0.6075721153846154,38.20954106280193,8377.294685990337,123.19551008809319,0
940,32,1,0,157,0.006369426751592357,0.0,1.0,157,4000,2500,1500,0.625,55,25,30,206.2486986158824,0.41415734389460507,0.7174368303671579,0.14205016003262885,1098004.5918367342,9892.403628117903,1107896.995464852,939,0,524.515923566879,69,88,47,32.632734984473245,0.608943736730361,38.035714285714285,8382.85714285714,121.49068322981361,0
941,32,1,0,158,0.006329113924050633,0.0,1.0,158,3300,2200,1100,0.6666666666666666,44,22,22,202.36942936720445,0.4145032115885942,0.7131225588791448,0.1400904530997223,1099421.1665729869,9597.846822720167,1109019.0133957071,940,0,522.1898734177215,70,88,38,32.562009104307755,0.6102320675105486,37.86678403755867,8388.262910798094,119.83232729711563,0
942,32,0,0,158,0.0,0.0,1.0,158,3900,2900,1000,0.7435897435897436,49,29,20,204.08319624431547,0.41438395280711654,0.7156168894396746,0.14177952323618848,1100405.9248881368,9414.87166347049,1109820.7965516073,941,1,523.1898734177215,70,88,39,32.397319347319346,0.6111550632911392,37.7494131455399,8392.018779342703,119.88598256203862,0
943,32,0,2,156,0.0,0.012658227848101266,0.9873417721518988,158,4500,3100,1400,0.6888888888888889,59,31,28,205.41174185932203,0.41420842403719527,0.7169338687562004,0.14323492168035556,1101436.0676132212,9149.58023902275,1110585.647852244,942,2,524.1898734177215,73,85,41,32.23723331008456,0.6128032700421941,37.626689189189186,8395.945945945945,115.01295816364308,0
944,32,0,0,156,0.0,0.0,1.0,156,4100,2700,1400,0.6585365853658537,55,27,28,206.79275700667569,0.41359163909567137,0.7142934757192894,0.1443831676448855,1101790.6546749428,10268.465424884227,1112059.1200998272,943,3,531.3717948717949,73,83,42,32.15789614848191,0.6135817307692308,37.58445945945945,8397.29729729728,115.03146982599014,0
945,32,0,0,156,0.0,0.0,1.0,156,4950,3800,1150,0.7676767676767676,61,38,23,209.40789341561157,0.4134055348773091,0.7172369733659485,0.14679415093854029,1102891.825852084,10040.850783396523,1112932.6766354805,944,4,532.3717948717949,66,90,43,31.955424290874674,0.6147836538461539,37.45335820895523,8401.492537313443,127.2953414744461,0
946,32,0,3,153,0.0,0.019230769230769232,0.9807692307692307,156,4450,3300,1150,0.7415730337078652,56,33,23,209.9372955738822,0.4132358009374138,0.7170125456664909,0.14770315429397432,1103895.368765902,10699.761663049505,1114595.1304289515,945,5,533.3717948717949,68,88,43,31.81959691169991,0.6163194444444444,37.333937198067645,8405.31400966186,123.6075589656156,0
947,32,0,0,153,0.0,0.0,1.0,153,4350,3100,1250,0.7126436781609196,56,31,25,208.95967846510678,0.41256378282307077,0.7119272034794302,0.14762865595456942,1105037.690494531,11231.664099512423,1116269.3545940435,946,6,537.9411764705883,68,85,45,31.706566904105404,0.6177832244008714,37.198067632850254,8409.661835748822,123.6714975845415,0
948,32,0,0,153,0.0,0.0,1.0,153,4800,3600,1200,0.75,60,36,24,208.08131472940312,0.4121588693957115,0.7108204410422831,0.14734932628642172,1105672.568933936,10613.960360802215,1116286.5292947383,947,7,538.9411764705883,68,85,43,31.6525967189265,0.6194852941176471,37.12258454106282,8412.07729468603,123.70701903950045,0
949,32,0,0,153,0.0,0.0,1.0,153,4050,2700,1350,0.6666666666666666,54,27,27,205.08688573379249,0.4120925782593739,0.7066429658799822,0.14570679456116728,1106570.6519043907,10738.625768697084,1117309.2776730878,948,8,539.9411764705883,70,83,44,31.622384937238504,0.6205065359477124,37.01584507042256,8415.492957746528,120.22132796780754,0
950,32,0,1,152,0.0,0.006535947712418301,0.9934640522875817,153,3900,2400,1500,0.6153846153846154,54,24,30,204.96061881943868,0.41140637541566333,0.7072400207868514,0.146135494578222,1107539.9934321668,10900.41648422699,1118440.4099163937,949,9,540.9411764705883,72,81,46,31.50818508876594,0.6217320261437909,36.90068493150686,8419.178082191806,116.93302891933064,0
951,32,0,0,152,0.0,0.0,1.0,152,4800,3600,1200,0.75,60,36,24,203.21142596721597,0.4109246107819217,0.7031890684966691,0.14533674881602587,1108381.10978191,9847.14116678164,1118228.2509486915,950,10,544.953947368421,72,80,38,31.452290593656848,0.6226699561403508,36.800799086758005,8422.374429223773,116.97742262810796,0
952,32,0,1,151,0.0,0.006578947368421052,0.993421052631579,152,4550,2800,1750,0.6153846153846154,63,28,35,202.25144922351527,0.4107966262925526,0.7008741268713958,0.1451632046877303,1109342.7765528304,9923.236848689901,1119266.0134015202,951,11,545.953947368421,72,80,38,31.361093047201006,0.6236979166666667,36.68664383561646,8426.02739726032,117.02815829528224,0
953,32,0,0,151,0.0,0.0,1.0,151,4150,2900,1250,0.6987951807228916,54,29,25,204.56610504885705,0.4105261221486387,0.7018763325018607,0.14722465221823927,1110080.5535265019,11066.971025079263,1121147.5245515811,952,12,546.5298013245033,73,78,39,31.210809462733348,0.6247240618101546,36.59909909909911,8428.828828828848,115.46340861409381,0
954,32,0,0,151,0.0,0.0,1.0,151,3650,2500,1150,0.684931506849315,48,25,23,204.4315060988788,0.4103789551140544,0.7017220949046916,0.1474506550925905,1110673.878058805,11561.346735248913,1122235.2247940537,953,13,547.5298013245033,73,78,39,31.142533080443783,0.6258278145695364,36.528716216216225,8431.081081081104,115.49426138467265,0
955,32,0,0,151,0.0,0.0,1.0,151,4650,3100,1550,0.6666666666666666,62,31,31,205.4131149995961,0.4100662251655629,0.7044118377720479,0.1487647615515539,1111776.6787147946,10824.702151742504,1122601.380866537,954,14,548.5298013245033,68,83,41,30.98321497432374,0.6272075055187638,36.3979468599034,8435.265700483134,124.04802500710491,0
956,32,0,0,151,0.0,0.0,1.0,151,3950,2800,1150,0.7088607594936709,51,28,23,205.97016681765768,0.40928991905813095,0.7032987805857558,0.15007123498465375,1113401.817602044,11715.511621315358,1125117.3292233592,955,15,549.5298013245033,69,82,41,30.77197448336812,0.6285871964679912,36.20535714285715,8441.428571428596,122.33954451345791,0
957,32,0,0,151,0.0,0.0,1.0,151,4800,3400,1400,0.7083333333333334,62,34,28,203.7707795911584,0.408555923473142,0.7001810371707935,0.1492893327388852,1114880.4529982735,10436.011811680568,1125316.4648099542,956,16,550.5298013245033,72,79,41,30.651318990215707,0.6303807947019868,36.030251141552526,8447.031963470352,117.31988838153266,0
958,32,0,0,151,0.0,0.0,1.0,151,4100,2500,1600,0.6097560975609756,57,25,32,207.76515061771403,0.4080224429727741,0.7036287945692672,0.15286626493684577,1116020.9322498227,12074.051416281405,1128094.983666104,957,17,551.5298013245033,73,78,45,30.408094375155457,0.6317604856512141,35.89527027027029,8451.351351351394,115.7719363198821,0
959,32,0,0,151,0.0,0.0,1.0,151,4000,2700,1300,0.675,53,27,26,209.48323823394927,0.4079175864606328,0.7073290876961198,0.1545432946216497,1116734.8429510624,12587.446230014026,1129322.2891810765,958,18,552.5298013245033,73,78,37,30.276490125035533,0.6325883002207506,35.81081081081082,8454.054054054079,115.80895964457642,0
960,32,0,0,151,0.0,0.0,1.0,151,3900,2700,1200,0.6923076923076923,51,27,24,208.2493316264419,0.4078587196467991,0.7064328079484303,0.15404542757899273,1117448.9819211157,12441.600722344268,1129890.58264346,959,19,553.5298013245033,73,78,38,30.222870281595135,0.6334850993377483,35.72635135135137,8456.756756756797,115.84598296927119,0
961,32,0,0,151,0.0,0.0,1.0,151,3850,2600,1250,0.6753246753246753,51,26,25,207.3101921566332,0.40738778513612955,0.7048666849243173,0.15357416375760619,1117836.299382721,12297.771604938505,1130134.0709876595,960,20,554.5298013245033,74,77,38,30.200944073704335,0.6344508830022075,35.68055555555557,8458.222222222259,114.30030030030079,0
962,32,0,1,150,0.0,0.006622516556291391,0.9933774834437086,151,4200,2800,1400,0.6666666666666666,56,28,28,208.89104989502317,0.40719278881530535,0.7060782072758962,0.15501914755367543,1118306.2500000023,12320.833333333465,1130627.0833333358,961,21,555.5298013245033,74,77,38,30.10244286840031,0.6351407284768211,35.62500000000001,8460.000000000018,114.32432432432456,0
963,32,0,0,150,0.0,0.0,1.0,150,2600,1300,1300,0.5,39,13,26,210.0210298376826,0.40649049217002237,0.7074945440996434,0.15626396386378416,1118997.0661117223,14402.583242025918,1133399.6493537482,962,22,559.9466666666667,73,77,38,29.98921018079878,0.635625,35.543355855855864,8462.612612612631,115.92620017277576,0
964,32,0,0,150,0.0,0.0,1.0,150,3800,2800,1000,0.7368421052631579,48,28,20,210.77237109493416,0.40634507829977634,0.7090180218532705,0.1571759681593654,1119592.7684441225,13395.844493141994,1132988.6129372646,963,23,560.9466666666667,73,77,41,29.897474102454957,0.6365972222222223,35.47297297297298,8464.864864864885,115.95705294335458,0
965,32,0,0,150,0.0,0.0,1.0,150,3350,2200,1150,0.6567164179104478,45,22,23,236.36597409337193,0.4060542505592841,0.744518950437318,0.17249687045537565,1113836.6863905324,19304.61867192638,1133141.3050624589,964,24,561.9466666666667,64,86,38,29.917420837382558,0.6331249999999999,36.15384615384615,8443.076923076922,131.9230769230769,8
966,32,0,0,150,0.0,0.0,1.0,150,3750,2700,1050,0.72,48,27,21,235.92534721916786,0.4058100298284862,0.744461448148823,0.17243598280772504,1114242.6405325471,18825.616370808806,1133068.256903356,965,25,562.9466666666667,64,86,44,29.879835428432624,0.6339583333333334,36.10576923076924,8444.615384615405,131.9471153846157,0
967,32,0,0,150,0.0,0.0,1.0,150,3150,2000,1150,0.6349206349206349,43,20,23,233.0839104177906,0.4055658090976883,0.7399755953402349,0.1705737130947777,1114580.0113479914,18808.133503699166,1133388.1448516906,966,26,563.9466666666667,68,82,42,29.913940208583572,0.6349305555555556,36.06582125603865,8445.893719806778,124.2043194089232,0
968,32,0,1,149,0.0,0.006666666666666667,0.9933333333333333,150,5000,3800,1200,0.76,62,38,24,233.29654562174295,0.4049711036539896,0.7396204263900905,0.17192618043589553,1116447.9472905046,17092.689893872026,1133540.6371843766,967,27,564.9466666666667,72,78,41,29.68209809853067,0.6367361111111112,35.84474885844748,8452.968036529663,117.40233384068976,0
969,32,0,0,149,0.0,0.0,1.0,149,4500,3200,1300,0.7111111111111111,58,32,26,234.42233350136448,0.4040128635346756,0.7395351100654208,0.17373543034260056,1117953.7777777815,18114.66666666688,1136068.4444444485,968,28,569.4429530201343,74,75,36,29.470102984447244,0.6382130872483222,35.66666666666668,8458.666666666695,114.3063063063067,0
970,32,0,0,149,0.0,0.0,1.0,149,3500,2100,1400,0.6,49,21,28,219.09919340979022,0.4037313320031441,0.7186236629049378,0.15635508289156547,1107782.0467188149,15242.830581987968,1123024.8773008029,969,29,570.4429530201343,67,82,36,31.106821621936323,0.6287052572706935,36.87193627450982,8420.098039215723,125.67310506292125,7
971,32,0,0,149,0.0,0.0,1.0,149,4350,3200,1150,0.735632183908046,55,32,23,221.081836436467,0.4031323689461273,0.7214037858166922,0.1586876292643981,1109358.459357283,14901.801092207836,1124260.260449491,970,30,571.4429530201343,68,81,38,30.863361426441926,0.6299636465324385,36.68478260869567,8426.08695652178,123.91304347826147,0
972,32,0,0,149,0.0,0.0,1.0,149,4500,3300,1200,0.7333333333333333,57,33,24,225.72272989844151,0.4030057742306064,0.726912660696253,0.16271153135675936,1110514.5124716556,15833.67346938784,1126348.1859410435,971,31,572.4429530201343,69,80,40,30.60089998493751,0.6313618568232662,36.54761904761905,8430.476190476193,122.18081435472743,0
973,32,0,0,149,0.0,0.0,1.0,149,4350,3300,1050,0.7586206896551724,54,33,21,228.68166225604386,0.40236902170627004,0.7301550276624571,0.16538955065160427,1111406.8055205685,16681.671145824952,1128088.4766663935,972,32,573.4429530201343,62,87,42,30.41470618987871,0.6322706935123042,36.441798941798965,8433.862433862483,136.0300392558465,0
974,32,0,0,149,0.0,0.0,1.0,149,4100,3000,1100,0.7317073170731707,52,30,22,230.94092616293193,0.40231422697865654,0.7334050754533774,0.1676292648848561,1112383.1613406723,17478.95950561322,1129862.1208462855,973,33,574.4429530201343,62,87,41,30.236747768650318,0.6335989932885906,36.32605820105822,8437.566137566171,136.0897764123576,0
975,32,0,0,149,0.0,0.0,1.0,149,3800,2800,1000,0.7368421052631579,48,28,20,229.4134093624467,0.4017114849749078,0.7309560343354709,0.16700200374597632,1113160.2605194002,17474.778106509253,1130635.0386259095,974,34,575.4429530201343,64,85,40,30.18282803734536,0.6346476510067114,36.23397435897438,8440.512820512859,131.88301282051341,0
976,32,0,0,149,0.0,0.0,1.0,149,5350,3900,1450,0.7289719626168224,68,39,29,227.0083102493071,0.4011465324384787,0.7290180148357459,0.1658906882591094,1114197.5308642003,15436.419753086542,1129633.9506172868,975,35,576.4429530201343,65,84,38,30.120614035087744,0.6359759507829978,36.11111111111112,8444.444444444467,129.91452991453025,0
977,32,0,1,148,0.0,0.006711409395973154,0.9932885906040269,149,4050,2800,1250,0.691358024691358,53,28,25,227.14587513559889,0.40113897454501485,0.7294488042052949,0.16628958698478075,1114678.9722098468,16788.946127571173,1131467.918337418,976,36,577.4429530201343,66,83,44,30.05868233492373,0.6366750559284116,36.05410447761194,8446.268656716422,127.9737675260064,0
978,32,0,0,148,0.0,0.0,1.0,148,4600,3800,800,0.8260869565217391,54,38,16,227.05552648126303,0.4000955675062818,0.7291194698381891,0.16691728021366745,1115793.5086565283,16469.416510476847,1132262.925167005,977,37,578.081081081081,67,81,44,29.92614855850108,0.6385838963963963,35.922181372549026,8450.490196078446,126.12671934445443,0
979,32,0,0,148,0.0,0.0,1.0,148,4250,3200,1050,0.7529411764705882,53,32,21,225.5314519763566,0.3994597275847276,0.726755336150867,0.16663051937282317,1117131.558641979,16539.660493827356,1133671.2191358064,978,38,579.081081081081,71,77,40,29.804533508541393,0.6399915540540541,35.7638888888889,8455.555555555584,119.0923317683885,0
980,32,0,0,148,0.0,0.0,1.0,148,2800,1500,1300,0.5357142857142857,41,15,26,225.33934873790813,0.3991609594288166,0.7258896000506734,0.16668719200967289,1117448.9819211136,17961.04516678858,1135410.0270879022,979,39,580.081081081081,73,75,40,29.771226163843615,0.6405546171171171,35.72635135135136,8456.756756756782,115.84598296927099,0
981,32,0,0,148,0.0,0.0,1.0,148,4000,2800,1200,0.7,52,28,24,225.22675778095424,0.39877122019979167,0.7270263264820025,0.16722956726692098,1118445.3990650966,16780.766197291443,1135226.165262388,980,40,581.081081081081,75,73,41,29.65374978399861,0.6417511261261262,35.608552631578945,8460.526315789471,112.80701754385962,0
982,32,0,0,148,0.0,0.0,1.0,148,4350,3100,1250,0.7126436781609196,56,31,25,225.43270835333564,0.39860268431697005,0.7281688301097082,0.16804749319225204,1119496.826450966,16524.24031596107,1136021.066766927,981,41,582.081081081081,76,72,42,29.52125845991237,0.6427364864864865,35.48430735930736,8464.502164502164,111.37502848029163,0
983,32,0,0,148,0.0,0.0,1.0,148,3650,2800,850,0.7671232876712328,45,28,17,215.24319013479945,0.3983450925415211,0.7124498580427232,0.151945748295158,1104817.392949824,14310.884034986353,1119128.2769848104,982,42,583.081081081081,67,81,39,31.56819595041001,0.6277449324324325,37.22426470588234,8408.82352941174,125.50482879719016,8
984,32,0,0,148,0.0,0.0,1.0,148,4050,3100,950,0.7654320987654321,50,31,19,216.9407903673643,0.3980951614880186,0.7150160650160657,0.15357689615115344,1105590.3979238716,14319.530949634547,1119909.9288735061,983,43,584.081081081081,67,81,40,31.429681429681413,0.6285191441441442,37.13235294117646,8411.764705882324,125.54872695346752,0
985,32,0,0,148,0.0,0.0,1.0,148,4300,3500,800,0.813953488372093,51,35,16,219.25205566784166,0.3977839446589447,0.7170789148887942,0.15579963955734671,1106621.4917339461,14625.80738177612,1121247.2991157223,984,44,585.081081081081,67,81,40,31.243689810500147,0.6299971846846847,37.00980392156862,8415.686274509786,125.60725782850427,0
986,32,0,0,148,0.0,0.0,1.0,148,4050,3200,850,0.7901234567901234,49,32,17,219.61029947026694,0.39779256297113436,0.7180362206855737,0.15649739763910217,1107395.127475009,14989.075115340225,1122384.2025903494,985,45,586.081081081081,67,81,41,31.14033810799268,0.631052927927928,36.91789215686274,8418.627450980388,125.65115598478191,0
987,32,0,2,146,0.0,0.013513513513513514,0.9864864864864865,148,3900,2800,1100,0.717948717948718,50,28,22,217.7177987315966,0.3974372969908684,0.7162334089815012,0.15556926345730407,1108132.174744895,14752.019557822972,1122884.194302718,986,46,587.081081081081,69,79,38,31.100685609273384,0.6319679054054055,36.83035714285713,8421.428571428547,122.04968944099343,0
988,32,0,0,146,0.0,0.0,1.0,146,4150,2900,1250,0.6987951807228916,54,29,25,216.05679994313223,0.39714021413950557,0.7095929558506011,0.15477832802225266,1108828.5000857296,14563.987482852965,1123392.4875685826,987,47,590.472602739726,71,75,38,31.059939913534087,0.6337043378995434,36.74768518518517,8424.07407407404,118.64893062076113,0
989,32,1,0,147,0.006802721088435374,0.0,1.0,147,3450,2500,950,0.7246376811594203,44,25,19,214.29364908477203,0.39796112508930515,0.7087799632289176,0.15424327146483688,1110111.7771814398,14727.980724838359,1124839.7579062781,988,0,587.4489795918367,75,72,41,30.950801332084517,0.6349914965986394,36.5953947368421,8428.947368421046,112.38596491228061,0
990,32,0,0,147,0.0,0.0,1.0,147,3550,2800,750,0.7887323943661971,43,28,15,215.64074330604262,0.3977553350107166,0.7102967707764369,0.15548832543646218,1110591.7159763298,14947.764628533767,1125539.4806048635,989,1,588.4489795918367,77,70,41,30.857157339821566,0.6357709750566893,36.53846153846153,8430.76923076922,109.49050949050934,0
991,32,0,0,147,0.0,0.0,1.0,147,4150,2900,1250,0.6987951807228916,54,29,25,216.33157378473737,0.3971030192899077,0.7123212149080458,0.1566048463683367,1111660.7416895644,14547.463552882447,1126208.2052424469,990,2,589.4489795918367,66,81,42,30.709444182297204,0.6369047619047619,36.411691542288565,8434.825870646784,127.80039197949672,0
992,32,0,1,146,0.0,0.006802721088435374,0.9931972789115646,147,4150,3300,850,0.7951807228915663,50,33,17,216.50914049569334,0.3965283602025285,0.7145477833021441,0.14833693157381497,1096542.161673552,13932.28018824597,1110474.4418617978,991,3,590.4489795918367,65,82,43,32.5422394043528,0.6175595238095238,38.210227272727266,8377.272727272713,128.88111888111868,8
993,32,0,1,145,0.0,0.00684931506849315,0.9931506849315068,146,4550,3400,1150,0.7472527472527473,57,34,23,215.99619600109656,0.39625354274917335,0.7121917401610982,0.1484478140203373,1097412.59885275,13657.389359174176,1111069.988211924,992,4,594.8698630136986,66,80,42,32.44953992282575,0.618935502283105,38.106343283582085,8380.597014925363,126.97874265038428,0
994,32,0,0,145,0.0,0.0,1.0,145,4750,3600,1150,0.7578947368421053,59,36,23,218.31023681595022,0.3953983077905492,0.7132037441648593,0.15084214585812916,1098900.002402922,14230.223952326083,1113130.226355248,993,5,599.5034482758621,67,78,42,32.20764164913101,0.6208333333333333,37.92892156862745,8386.274509803921,125.16827626573017,0
995,32,0,0,145,0.0,0.0,1.0,145,3300,2400,900,0.7272727272727273,42,24,18,218.8047847247863,0.3951987547892721,0.7139086071815917,0.15137578468744656,1099252.3951247176,15804.336734693941,1115056.7318594116,994,6,600.5034482758621,69,76,38,32.15174482419289,0.6216954022988506,37.886904761904766,8387.619047619055,121.55969634230514,0
996,32,0,1,144,0.0,0.006896551724137931,0.993103448275862,145,3550,2400,1150,0.676056338028169,47,24,23,217.2887979191326,0.39514487547892724,0.7125515832562066,0.1509373466980243,1100376.0239512473,15269.876700680248,1115645.9006519276,995,7,601.5034482758621,69,76,41,32.054642134332035,0.6229166666666667,37.75297619047619,8391.904761904763,121.6218081435473,0
997,32,0,0,144,0.0,0.0,1.0,144,3900,2700,1200,0.6923076923076923,51,27,24,220.20940131612014,0.3946688438875939,0.7155672253464185,0.1537397275239331,1101770.9538966033,15824.064429012233,1117595.0183256154,996,56,606.6319444444445,71,73,43,31.808220310949377,0.6244936342592593,37.58680555555555,8397.22222222221,118.27073552425648,0
998,32,0,0,144,0.0,0.0,1.0,144,3750,2700,1050,0.72,48,27,21,217.42991241661662,0.39401021432271427,0.7119548046260786,0.15236214715310853,1102791.6859567917,15405.979938271768,1118197.6658950634,997,57,607.6319444444445,59,85,45,31.756987611867913,0.6258680555555556,37.465277777777786,8401.111111111124,142.39171374764618,0
999,32,0,0,144,0.0,0.0,1.0,144,3300,2300,1000,0.696969696969697,43,23,20,213.364470689798,0.39397986272986274,0.7064947191482411,0.15004618849723836,1103770.5271201865,15001.0828563995,1118771.609976586,998,58,608.6319444444445,61,83,44,31.74474668969487,0.626880787037037,37.34879032258064,8404.838709677411,137.78424114225265,0
1000,32,0,1,143,0.0,0.006944444444444444,0.9930555555555556,144,3950,2800,1150,0.7088607594936709,51,28,23,214.3372242881076,0.3938119172494172,0.7076429090807388,0.1512543147596186,1104723.3420117036,14606.666946614127,1119330.0089583178,999,59,609.6319444444445,62,82,44,31.603427300948052,0.6281828703703703,37.23544973544974,8408.465608465622,135.6204130397681,0
1001,32,0,1,142,0.0,0.006993006993006993,0.993006993006993,143,3500,2400,1100,0.6857142857142857,46,24,22,213.83325082492698,0.3936172395679438,0.7049347004049731,0.15112848029623044,1105140.467967025,15163.155776714135,1120303.6237437392,1000,60,614.1818181818181,62,81,43,31.566006081577015,0.6288607226107226,37.18584656084657,8410.052910052933,135.6460146782731,0
1002,32,0,0,142,0.0,0.0,1.0,142,4450,3000,1450,0.6741573033707865,59,30,29,216.91250329663634,0.3934588619185562,0.7057386334815605,0.15390810497964097,1106215.2458932789,15140.383634323143,1121355.629527602,1001,61,617.3239436619718,65,77,44,31.354541816726687,0.6298415492957746,37.05808080808082,8414.141414141435,129.4483294483298,0
1003,32,0,0,142,0.0,0.0,1.0,142,4450,3400,1050,0.7640449438202247,55,34,21,215.7462060595289,0.3930041537641927,0.704637093466929,0.15359841834387367,1107137.2188581321,14922.130911188098,1122059.3497693203,1002,62,618.3239436619718,67,75,44,31.273293733985586,0.6310886150234742,36.94852941176471,8417.647058823533,125.63652326602289,0
1004,32,0,0,142,0.0,0.0,1.0,142,4150,2900,1250,0.6987951807228916,54,29,25,213.3823309402701,0.39267742982719006,0.6996056401737343,0.15254162914347638,1108257.4971655295,14746.513605441938,1123004.0107709714,1003,63,619.3239436619718,69,73,39,31.19958347468807,0.632555751173709,36.815476190476176,8421.904761904734,122.05659075224253,0
1005,32,0,0,142,0.0,0.0,1.0,142,3300,2000,1300,0.6060606060606061,46,20,26,215.19403576945405,0.39249325741684143,0.7019177345069629,0.15440564756304587,1109260.3316326502,16041.241496598472,1125301.5731292488,1004,64,620.3239436619718,69,73,40,31.030292754606084,0.633949530516432,36.69642857142856,8425.714285714264,122.11180124223571,0
1006,32,0,0,142,0.0,0.0,1.0,142,4450,3200,1250,0.7191011235955056,57,32,25,218.77872087499767,0.3921259531182366,0.70674145138209,0.15735238770624796,1109906.764530844,15714.796446912947,1125621.560977757,1005,65,621.3239436619718,70,72,40,30.8575181966726,0.6349031690140845,36.619718309859145,8428.169014084484,120.4024144869212,0
1007,32,0,0,142,0.0,0.0,1.0,142,4750,3500,1250,0.7368421052631579,60,35,25,219.07546731519358,0.3918387690207439,0.7067526567289688,0.15785389611202263,1110401.430492183,15502.342458506724,1125903.7729506898,1006,66,622.3239436619718,70,72,40,30.78973138041138,0.6359301643192488,36.56103286384975,8430.046948356781,120.4292421193826,0
1008,32,0,0,142,0.0,0.0,1.0,142,2850,1700,1150,0.5964912280701754,40,17,23,218.246398330207,0.3918002697033263,0.7062134034912979,0.1576916566244611,1111148.6518190433,17250.83825379403,1128399.4900728373,1007,67,623.3239436619718,73,69,42,30.721015170129803,0.6370305164319249,36.47240990990989,8432.882882882841,115.51894360113481,0
1009,32,0,0,142,0.0,0.0,1.0,142,3700,2700,1000,0.7297297297297297,47,27,20,216.24477517201444,0.39172639263476844,0.703692521348531,0.15677052811423045,1112054.1918826269,15995.181740550972,1128049.3736231779,1008,68,624.3239436619718,66,76,42,30.664081696841016,0.6379841549295775,36.36504975124378,8436.3184079602,127.82300618121515,0
1010,32,0,0,142,0.0,0.0,1.0,142,4450,3500,950,0.7865168539325843,54,35,19,211.75413318234843,0.3912154962874172,0.6974112171454872,0.15423009458504267,1113305.3316588486,14299.401094541285,1127604.7327533897,1009,69,625.3239436619718,68,74,40,30.63106888723554,0.639231220657277,36.216787439613526,8441.062801932369,124.13327649900542,0
1011,32,0,0,142,0.0,0.0,1.0,142,4450,3400,1050,0.7640449438202247,55,34,21,213.0277173582211,0.39098450038291216,0.6988491986123355,0.1558221989479675,1114452.51056034,14631.854885761648,1129084.3654461016,1010,70,626.3239436619718,68,74,44,30.458709911146705,0.6404049295774648,36.080917874396135,8445.410628019326,124.19721511793126,0
1012,32,0,0,142,0.0,0.0,1.0,142,4000,2900,1100,0.725,51,29,22,211.20486755443474,0.39002305796956677,0.696377475900769,0.15518966355086777,1115664.062500004,14726.73611111131,1130390.7986111152,1011,71,627.3239436619718,69,73,45,30.36037146614072,0.642018779342723,35.937500000000014,8450.00000000003,122.46376811594246,0
1013,32,0,0,142,0.0,0.0,1.0,142,4300,2700,1600,0.627906976744186,59,27,32,212.87768751820732,0.3895641877268338,0.6982007562424417,0.15696460448209879,1116594.0537591781,14839.592012167064,1131433.6457713451,1012,72,628.3239436619718,70,72,38,30.2038209485727,0.6432658450704225,35.82746478873241,8453.52112676059,120.76458752515128,0
1014,32,0,0,142,0.0,0.0,1.0,142,4350,3400,950,0.7816091954022989,53,34,19,212.83770722724478,0.3895423367628941,0.6969367565749858,0.15722752695499154,1117090.2075205583,14801.78370693672,1131891.991227495,1013,73,629.3239436619718,70,72,38,30.144942624467912,0.6442194835680751,35.76877934272302,8455.399061032898,120.79141515761283,0
1015,32,0,2,140,0.0,0.014084507042253521,0.9859154929577465,142,3400,2000,1400,0.5882352941176471,48,20,28,213.24380961211827,0.3891916808177671,0.697885148788137,0.15802258314508172,1117925.20138382,15878.125760896219,1133803.3271447162,1014,74,630.3239436619718,73,69,40,30.033372386125595,0.6450264084507042,35.67004504504506,8458.558558558589,115.8706651857341,0
1016,32,0,1,139,0.0,0.007142857142857143,0.9928571428571429,140,4200,3100,1100,0.7380952380952381,53,31,22,216.14683757398979,0.3880663326481672,0.6978453643824927,0.16090180144972333,1119128.9012345704,16179.234567901362,1135308.1358024718,1015,75,633.9,74,66,43,29.811294331827877,0.6472470238095238,35.527777777777786,8463.11111111113,114.36636636636662,0
1017,32,0,0,139,0.0,0.0,1.0,139,2950,2200,750,0.7457627118644068,37,22,15,217.84786968889597,0.3874270149098113,0.6995332013293067,0.16245616781890054,1119599.1234567922,18030.45679012358,1137629.5802469158,1016,76,638.884892086331,74,65,43,29.70954093597955,0.6480065947242206,35.47222222222223,8464.888888888905,114.3903903903906,0
1018,32,0,0,139,0.0,0.0,1.0,139,3250,2100,1150,0.6461538461538462,44,21,23,219.03206743810972,0.3871337712438745,0.7010236760732043,0.16341747725113454,1119725.856079347,18001.17384419334,1137727.0299235403,1017,77,639.884892086331,76,63,43,29.662916560129545,0.6488309352517986,35.457251082251084,8465.36796536797,111.38642059694698,0
1019,32,0,0,139,0.0,0.0,1.0,139,4000,2800,1200,0.7,52,28,24,217.7932790714753,0.38666458137837556,0.7006526997798783,0.16337463141247177,1121155.1775147931,17036.01249178175,1138191.1900065748,1018,78,640.884892086331,64,75,43,29.523222141502206,0.650179856115108,35.28846153846154,8470.769230769232,132.35576923076925,0
1020,32,0,0,139,0.0,0.0,1.0,139,4750,3300,1450,0.6947368421052632,62,33,29,235.04284222173428,0.38600206791088865,0.7105434225547171,0.16592283602763808,1104817.3929498196,19385.884034986084,1124203.2769848057,1019,79,641.884892086331,67,72,43,31.047909136838815,0.6295713429256595,37.22426470588233,8408.823529411708,125.50482879718966,8
1021,32,0,0,139,0.0,0.0,1.0,139,3800,2800,1000,0.7368421052631579,48,28,20,225.83918260441152,0.3858087443089007,0.7050917057182688,0.14900172946274576,1085883.3991156693,17447.003851996546,1103330.4029676658,1020,80,642.884892086331,63,76,41,33.60224290890915,0.604916067146283,39.485677083333336,8336.45833333334,132.32473544973556,7
1022,32,0,0,139,0.0,0.0,1.0,139,4150,2900,1250,0.6987951807228916,54,29,25,223.58052128229045,0.3856306259340354,0.7024983874663884,0.14791970858798242,1086672.6002629853,16641.765285996098,1103314.3655489814,1021,81,643.884892086331,64,75,42,33.56431660722338,0.6061151079136691,39.39102564102564,8339.487179487183,130.30448717948724,0
1023,32,0,0,139,0.0,0.0,1.0,139,4000,2800,1200,0.7,52,28,24,221.58588166049077,0.38572837382268094,0.6999712090834687,0.1469262949572994,1087306.4969454652,16386.353752168106,1103692.8506976333,1022,82,644.884892086331,65,74,43,33.538614256019045,0.6072392086330936,39.31502525252525,8341.919191919194,128.3372183372184,0
1024,32,0,0,139,0.0,0.0,1.0,139,4350,3300,1050,0.7586206896551724,54,33,21,218.66065696048656,0.3858804260939075,0.6950330928489106,0.14521354046525287,1087751.8600117713,15419.70726403291,1103171.5672758042,1023,83,645.884892086331,67,72,46,33.56032009478487,0.6084382494004796,39.261642156862735,8343.62745098037,124.53175299970701,0
1025,32,0,1,138,0.0,0.007194244604316547,0.9928057553956835,139,3750,2600,1150,0.6933333333333334,49,26,23,220.01986753368485,0.3854916067146283,0.6979845131528357,0.14670862741184992,1088902.4804161845,16366.03589965388,1105268.5163158383,1024,84,646.884892086331,67,72,45,33.38397925229986,0.6094874100719425,39.123774509803916,8348.039215686262,124.5976002341233,0
1026,32,0,0,138,0.0,0.0,1.0,138,4000,2600,1400,0.65,54,26,28,219.60437214526962,0.3848491660495786,0.6963877267751024,0.1471084709792407,1090210.4961537595,16282.998302805741,1106493.4944565652,1025,85,651.5942028985507,70,68,44,33.234740332733814,0.6115640096618358,38.96713615023474,8353.051643192475,119.32930918846394,0
1027,32,0,0,138,0.0,0.0,1.0,138,3700,2500,1200,0.6756756756756757,49,25,24,220.99883775257098,0.38445356853203566,0.6982142756794207,0.1487026469603859,1091468.7051236683,16942.6630551267,1108411.368178795,1026,86,652.5942028985507,71,67,37,33.04442705736812,0.6129981884057971,38.81655092592592,8357.870370370349,117.71648408972322,0
1028,32,0,0,138,0.0,0.0,1.0,138,3600,2400,1200,0.6666666666666666,48,24,24,220.48953391582467,0.3845152773370006,0.6986046392215772,0.14906148729997926,1092799.2112482823,16990.157750342725,1109789.368998625,1027,87,653.5942028985507,71,67,39,32.89507676409801,0.6142059178743962,38.6574074074074,8362.96296296294,117.7882107459569,0
1029,32,0,0,138,0.0,0.0,1.0,138,3900,2900,1000,0.7435897435897436,49,29,20,223.0784906546683,0.38437312669699214,0.7021480723977922,0.1515553869499242,1094182.4137062235,17317.712270093234,1111500.1259763166,1028,88,654.5942028985507,62,76,39,32.65838391502275,0.6154891304347826,38.492063492063494,8368.25396825397,134.97183819764467,0
1030,32,0,0,138,0.0,0.0,1.0,138,4150,3200,950,0.7710843373493976,51,32,19,222.62326443323326,0.38423648577171265,0.7015974219074743,0.1516839223923428,1094993.290371368,17004.1961669924,1111997.4865383604,1029,89,655.5942028985507,63,75,37,32.571250440697646,0.6168478260869565,38.39518229166668,8371.35416666669,132.87863756613794,0
1031,32,0,0,138,0.0,0.0,1.0,138,4050,3000,1050,0.7407407407407407,51,30,21,220.92513137940392,0.384518583165838,0.6998310524527118,0.15116758151737822,1096182.1540105238,16784.83727810683,1112966.9912886305,1030,90,656.5942028985507,64,74,39,32.47056062368623,0.6180555555555556,38.253205128205146,8375.89743589747,130.87339743589797,0
1032,32,0,0,138,0.0,0.0,1.0,138,3900,2800,1100,0.717948717948718,50,28,22,220.30502606539787,0.38444695687436087,0.7002787471051173,0.1515830104718635,1097732.438016531,16867.194674012993,1114599.632690544,1031,91,657.5942028985507,65,73,39,32.29769221499159,0.6194897342995169,38.06818181818183,8381.818181818198,128.95104895104922,0
1033,32,0,0,138,0.0,0.0,1.0,138,3450,2400,1050,0.6956521739130435,45,24,21,221.98289745948102,0.38417918473853097,0.7039843466569009,0.1534941626485615,1099107.0920274248,17746.595381302403,1116853.6874087271,1032,92,658.5942028985507,66,72,37,32.08615098667298,0.6207729468599034,37.90422885572139,8387.064676616914,127.0767375244987,0
1034,32,0,2,136,0.0,0.014492753623188406,0.9855072463768116,138,3300,2100,1200,0.6363636363636364,45,21,24,221.013482752468,0.38413510702069886,0.7028663784710047,0.1534188482464212,1100185.0400086502,17731.145472895012,1117916.1854815453,1033,93,659.5942028985507,67,71,39,31.980225493632425,0.6219806763285024,37.775735294117645,8391.176470588232,125.24143985952585,0
1035,32,0,0,136,0.0,0.0,1.0,136,3150,2400,750,0.7619047619047619,39,24,15,221.93859725740276,0.38317333877995646,0.699759483232546,0.15420409030222101,1100442.1376393668,18496.116878123616,1118938.2545174905,1034,94,666.6397058823529,67,69,40,31.92464953271027,0.6227787990196079,37.74509803921568,8392.156862745078,125.25607257828474,0
1036,32,0,0,136,0.0,0.0,1.0,136,3900,3000,900,0.7692307692307693,48,30,18,221.95133409389229,0.3831903594771242,0.7000680451738703,0.15451227488844027,1100978.7859693333,17772.74207099343,1118751.5280403267,1035,95,667.6397058823529,68,68,40,31.85895775782688,0.6240808823529411,37.68115942028985,8394.202898550719,123.44416027280468,0
1037,32,0,1,135,0.0,0.007352941176470588,0.9926470588235294,136,4000,3300,700,0.825,47,33,14,223.74602063361309,0.3832788671023965,0.7035131376834645,0.156478210568624,1102246.3913976976,18124.64876659892,1120371.0401642965,1036,96,668.6397058823529,68,68,40,31.657535756739136,0.6256127450980392,37.53019323671497,8399.033816425112,123.51520318272223,0
1038,32,0,0,135,0.0,0.0,1.0,135,3100,1700,1400,0.5483870967741935,45,17,28,223.81463784961068,0.38234291505435786,0.7015676626325547,0.1568308309882517,1102782.2761301873,19263.763151809413,1122046.0392819967,1037,97,673.7851851851852,61,74,41,31.590511540594715,0.626929012345679,37.46639784946236,8401.075268817194,137.72254539044582,0
1039,32,0,0,135,0.0,0.0,1.0,135,3150,2100,1050,0.6666666666666666,42,21,21,225.00386665712966,0.38202045328911,0.7029678434271285,0.1582314641228477,1103770.5271201865,19520.527300843944,1123291.0544210305,1038,98,674.7851851851852,61,74,39,31.439036546621452,0.6277006172839505,37.34879032258064,8404.838709677411,137.78424114225265,0
1040,32,0,0,135,0.0,0.0,1.0,135,3150,2200,950,0.6984126984126984,41,22,19,222.1442573187761,0.3819720840243228,0.6985869010411208,0.1566841719064657,1104584.3175233055,18925.412572436388,1123509.730095742,1039,99,675.7851851851852,62,73,41,31.415187842174824,0.6287808641975309,37.25198412698413,8407.936507936507,135.61187916026626,0
1041,32,0,0,135,0.0,0.0,1.0,135,3250,2500,750,0.7692307692307693,40,25,15,223.96906166589872,0.38177169707020453,0.7007434014803808,0.15826820300740782,1105099.1863674594,19251.605563693636,1124350.791931153,1040,100,676.7851851851852,63,72,41,31.304641213022034,0.6294753086419753,37.190755208333336,8409.895833333338,133.4904100529101,0
1042,32,0,0,135,0.0,0.0,1.0,135,3550,2500,1050,0.704225352112676,46,25,21,221.84090914361153,0.38167265524230704,0.6974559050638054,0.15712773202037164,1105733.136094676,18509.36883629201,1124242.5049309682,1041,101,677.7851851851852,64,71,40,31.283528407705433,0.630787037037037,37.11538461538462,8412.307692307704,131.44230769230788,0
1043,32,0,1,134,0.0,0.007407407407407408,0.9925925925925926,135,3950,2900,1050,0.7341772151898734,50,29,21,221.7439240723963,0.38161967938087343,0.6966890107657921,0.15752457982805343,1106542.1597633169,18123.800131492644,1124665.9598948094,1042,102,678.7851851851852,64,71,41,31.18779199674995,0.6318672839506173,37.01923076923078,8415.38461538464,131.490384615385,0
1044,32,0,0,134,0.0,0.0,1.0,134,3400,2300,1100,0.6764705882352942,45,23,22,221.88376117815525,0.381578947368421,0.6956524075088917,0.15804950988536312,1107277.892561985,18937.39669421498,1126215.2892562,1043,103,679.4925373134329,65,69,42,31.094762419006468,0.6332400497512438,36.93181818181819,8418.181818181829,129.51048951048966,0
1045,32,0,0,134,0.0,0.0,1.0,134,4150,3200,950,0.7710843373493976,51,32,19,220.1888251858091,0.38158596117158566,0.693759201629184,0.1575569235163037,1108515.6462711312,17866.551570505642,1126382.1978416368,1044,104,680.4925373134329,66,68,35,30.989121874384722,0.6343283582089552,36.78482587064676,8422.8855721393,127.61947836574696,0
1046,32,0,0,134,0.0,0.0,1.0,134,4000,3100,900,0.775,49,31,18,221.46933528099504,0.3815415404182097,0.6951869740971368,0.159128819588622,1109636.5114795882,18350.09212018117,1127986.6035997693,1045,105,681.4925373134329,69,65,37,30.819430317756296,0.6355721393034826,36.6517857142857,8427.14285714283,122.13250517598304,0
1047,32,0,0,134,0.0,0.0,1.0,134,3000,2000,1000,0.6666666666666666,40,20,20,223.6763458514596,0.38095121198518683,0.6978127181464622,0.16146411460981516,1110896.206660932,19896.240825232813,1130792.4474861647,1046,106,682.4925373134329,70,64,38,30.608528210838877,0.6370491293532339,36.50234741784036,8431.924882629079,120.45606975184398,0
1048,32,0,1,133,0.0,0.007462686567164179,0.9925373134328358,134,3650,2600,1050,0.7123287671232876,47,26,21,222.29988061371327,0.38055376313919126,0.6964652390065003,0.1610132424577264,1111808.025147928,18980.9582511505,1130788.9833990785,1047,107,683.4925373134329,64,70,38,30.534277666322172,0.6381374378109452,36.39423076923077,8435.384615384608,131.8028846153845,0
1049,32,0,0,133,0.0,0.0,1.0,133,3900,2700,1200,0.6923076923076923,51,27,24,219.4377918907633,0.38037090833143467,0.6912276437325686,0.15949948336371012,1112754.5036160413,18336.07823800123,1131090.5818540426,1048,108,683.3834586466165,64,69,41,30.49508284718846,0.6396459899749374,36.28205128205128,8438.974358974352,131.85897435897425,0
1050,32,0,0,133,0.0,0.0,1.0,133,3850,2700,1150,0.7012987012987013,50,27,23,220.14781590630267,0.3801478127136022,0.6910669748490303,0.1603377455671566,1113295.529257067,18567.915844838884,1131863.4451019058,1049,109,684.3834586466165,64,69,41,30.410844471445916,0.6405858395989975,36.217948717948715,8441.025641025635,131.89102564102555,0
1051,32,0,0,133,0.0,0.0,1.0,133,4200,2900,1300,0.6904761904761905,55,29,26,219.6396393385334,0.38023088023088025,0.6900918420965334,0.16060915562496875,1114370.0139369504,18151.96559015776,1132521.9795271081,1050,110,685.3834586466165,67,66,41,30.29419162603513,0.6418389724310777,36.090686274509814,8445.09803921571,126.04623939127926,0
1052,32,0,0,133,0.0,0.0,1.0,133,3950,2900,1050,0.7341772151898734,50,29,21,218.80841908881993,0.38015493278651175,0.6888342220691908,0.16007856698434333,1114499.3850021649,18222.369701557214,1132721.7547037222,1051,111,686.3834586466165,67,66,40,30.30047449068433,0.6424655388471178,36.07536764705883,8445.588235294135,126.05355575065873,0
1053,32,0,0,133,0.0,0.0,1.0,133,3700,2600,1100,0.7027027027027027,48,26,22,218.8267346104161,0.3799840510366826,0.689062278337351,0.16067504569001653,1115472.7210670079,18519.050619617992,1133991.771686626,1052,112,687.3834586466165,68,65,41,30.18224699828471,0.6434053884711779,35.96014492753625,8449.27536231888,124.25404944586589,0
1054,32,0,0,133,0.0,0.0,1.0,133,3550,2600,950,0.7323943661971831,45,26,19,218.45797815764024,0.38008135869977977,0.6889888874423316,0.16109549767301143,1116621.015805508,18636.9538962406,1135257.9697017486,1053,113,688.3834586466165,68,65,34,30.053145894051077,0.6448151629072681,35.82427536231886,8453.623188405836,124.3179880647917,0
1055,32,0,0,133,0.0,0.0,1.0,133,3550,2600,950,0.7323943661971831,45,26,19,221.33694619359238,0.3797206083390294,0.6927069505876606,0.1636585006091542,1117338.325729025,19311.650576384924,1136649.97630541,1054,114,689.3834586466165,70,63,34,29.890374009919316,0.6455983709273183,35.73943661971832,8456.338028169037,120.80482897384339,0
1056,32,0,0,133,0.0,0.0,1.0,133,3650,3000,650,0.821917808219178,43,30,13,222.73982974281347,0.37975858206121366,0.6952658622577748,0.16500332124368983,1117834.6448015189,19547.259692741856,1137381.9044942607,1055,115,690.3834586466165,70,63,35,29.793308725577262,0.6469298245614035,35.68075117370893,8458.215962441333,120.83165660630475,0
1057,32,0,0,133,0.0,0.0,1.0,133,3650,2600,1050,0.7123287671232876,47,26,21,220.83107807887825,0.3790299612668034,0.693290983407459,0.16402501886022677,1118541.2623456814,19151.734567901367,1137692.9969135828,1056,116,691.3834586466165,74,59,37,29.758387175850512,0.6482612781954887,35.59722222222223,8460.888888888907,114.33633633633659,0
1058,32,0,0,133,0.0,0.0,1.0,133,3450,2800,650,0.8115942028985508,41,28,13,208.03660808769095,0.37929103060682007,0.6742714305552806,0.14095030458943852,1093414.0675726405,15444.030770635543,1108858.098343276,1057,117,692.3834586466165,73,60,41,33.145484447077,0.6152098997493735,38.5838963963964,8365.315315315318,114.59336048377148,8
1059,32,0,0,133,0.0,0.0,1.0,133,3650,2600,1050,0.7123287671232876,47,26,21,208.83703634368388,0.3793384977595504,0.6759929395002287,0.14193723101783642,1094295.6235333155,15455.890980512355,1109751.5145138279,1058,118,693.3834586466165,65,68,43,33.016998591832646,0.6162280701754386,38.478535353535364,8368.686868686887,128.74902874902904,0
1060,32,0,1,132,0.0,0.007518796992481203,0.9924812030075187,133,3650,2500,1150,0.684931506849315,48,25,23,207.57764840149918,0.37939545834282673,0.6730142291780041,0.1413315759212124,1094792.9282006947,15200.908304498418,1109993.8365051933,1059,119,694.3834586466165,67,66,42,32.98928320449753,0.6174028822055138,38.41911764705883,8370.588235294139,124.93415276558416,0
1061,32,0,0,132,0.0,0.0,1.0,132,2700,1900,800,0.7037037037037037,35,19,16,205.73749500508228,0.3798264129848099,0.6674547062967993,0.14045088621201646,1095536.393060518,15978.58263903494,1111514.9756995528,1060,120,695.4772727272727,68,64,42,32.94678743821996,0.6185290404040404,38.33031400966185,8373.429951690845,123.13867576015949,0
1062,32,0,0,132,0.0,0.0,1.0,132,3050,1700,1350,0.5573770491803278,44,17,27,203.25347261008844,0.3793589521165857,0.66321758268631,0.13928014459502414,1096592.441975802,15127.244373911868,1111719.6863497137,1061,121,696.4772727272727,70,62,42,32.88313532092952,0.619949494949495,38.20422535211269,8377.464788732423,119.67806841046318,0
1063,32,0,0,132,0.0,0.0,1.0,132,3300,2400,900,0.7272727272727273,42,24,18,204.5647281762358,0.3792565444521552,0.6651632302405488,0.1404258180188258,1097084.132337063,15184.943463598749,1112269.075800662,1062,122,697.4772727272727,70,62,46,32.78892126101897,0.6208175505050505,38.1455399061033,8379.342723004731,119.70489604292473,0
1064,32,0,0,132,0.0,0.0,1.0,132,3600,2700,900,0.75,45,27,18,204.33754111666408,0.3795469003007171,0.6653355449924065,0.1408272242831068,1098189.1536873754,14880.254269093874,1113069.4079564693,1063,123,698.4772727272727,72,60,47,32.66033496732025,0.6218434343434344,38.013698630137,8383.56164383565,116.43835616438403,0
1065,32,0,0,132,0.0,0.0,1.0,132,3600,2500,1100,0.6944444444444444,47,25,22,204.7713829673474,0.37919389505744466,0.666381802554985,0.14139555138427903,1098719.4627059568,14997.260774288203,1113716.7234802449,1064,124,699.4772727272727,73,59,44,32.58442558372727,0.6230271464646464,37.950450450450475,8385.585585585644,114.87103541898144,0
1066,32,0,0,132,0.0,0.0,1.0,132,3250,2700,550,0.8307692307692308,38,27,11,205.1751906532554,0.3793336513994911,0.666444059965966,0.1420775053017441,1099508.610822564,15468.377770083282,1114976.9885926472,1065,125,700.4772727272727,75,57,39,32.47782251036984,0.6238162878787878,37.856359649122815,8388.596491228094,111.84795321637459,0
1067,32,1,0,133,0.007518796992481203,0.0,1.0,133,3150,1900,1250,0.6031746031746031,44,19,25,202.35705307728028,0.38018815979342296,0.6641735069774177,0.14051945082405617,1100285.9228400062,14780.123377664113,1115066.0462176702,1066,0,696.203007518797,78,55,41,32.457176857066216,0.625078320802005,37.76371308016879,8391.561181434641,107.58411771070053,0
1068,32,0,0,133,0.0,0.0,1.0,133,3800,2700,1100,0.7105263157894737,49,27,22,201.7584909471981,0.37994370395686183,0.6624105489855285,0.14077818968615874,1101614.1020847815,14051.999768555663,1115666.1018533371,1067,1,697.203007518797,78,55,41,32.31145309882748,0.6268796992481203,37.605485232067515,8396.624472573852,107.64903169966477,0
1069,32,0,0,133,0.0,0.0,1.0,133,3800,2700,1100,0.7105263157894737,49,27,22,199.77372247178786,0.3794144452039189,0.6592927689139556,0.13973206564938978,1102283.9612017144,13641.474030042918,1115925.4352317574,1068,2,698.203007518797,80,53,42,32.28217377102727,0.6278978696741855,37.525720164609055,8399.176954732515,104.98971193415643,0
1070,32,0,0,133,0.0,0.0,1.0,133,4000,3200,800,0.8,48,32,16,197.77800481816956,0.37953548644338114,0.6558274135200004,0.1386998007982908,1103007.3047212325,13030.116805526519,1116037.421526759,1069,3,699.203007518797,68,65,43,32.24674658846981,0.6286810776942355,37.43961352657006,8401.932367149775,123.55782892867316,0
1071,32,0,0,133,0.0,0.0,1.0,133,4200,3300,900,0.7857142857142857,51,33,18,196.60014874183494,0.3791367623604465,0.6539148765518927,0.13842413146765908,1104102.6947089476,12613.35080120817,1116716.0455101556,1070,4,700.203007518797,70,63,41,32.14476868658662,0.6296992481203008,37.3092723004695,8406.103286385018,120.08718980550026,0
1072,32,0,0,133,0.0,0.0,1.0,133,3450,2600,850,0.7536231884057971,43,26,17,195.5565329939228,0.3791035353535353,0.6521257369168132,0.13824781894448104,1105212.9344927208,13176.321937887424,1118389.2564306082,1071,5,701.203007518797,70,63,43,32.037559078560534,0.6305607769423559,37.177230046948374,8410.328638497695,120.14755197853849,0
1073,32,0,0,133,0.0,0.0,1.0,133,3300,2000,1300,0.6060606060606061,46,20,26,196.69867463780247,0.3789563871800714,0.6545688326414065,0.13924338812665044,1105583.138403982,13593.34760519328,1119176.4860091752,1072,6,702.203007518797,70,63,44,31.96266115979238,0.6312656641604011,37.133215962441334,8411.737089201923,120.1676727028846,0
1074,32,0,1,132,0.0,0.007518796992481203,0.9924812030075187,133,3900,2800,1100,0.717948717948718,50,28,22,196.70731253719475,0.3793313776866409,0.655055331991951,0.1396621919014086,1106392.3182441725,13027.091906721676,1119419.4101508942,1073,7,703.203007518797,71,62,44,31.864363262910796,0.6325187969924813,37.037037037037045,8414.814814814834,118.51851851851879,0
1075,32,0,0,132,0.0,0.0,1.0,132,4050,3100,950,0.7654320987654321,50,31,19,206.70315659350126,0.37907702984038866,0.665742270474392,0.1328985242013149,1078441.5248942722,14133.453479431037,1092574.9783737033,1074,8,702.030303030303,67,65,43,35.01347258280229,0.6005366161616161,40.379901960784316,8307.843137254908,123.99765876499862,8
1076,32,0,0,132,0.0,0.0,1.0,132,3750,2400,1350,0.64,51,24,27,204.64947031450936,0.3789613694193847,0.6619473422752111,0.13184944525656156,1079039.1986977535,14014.960092417648,1093054.1587901711,1075,9,703.030303030303,68,64,46,34.993387396814335,0.6014835858585859,40.30797101449276,8310.14492753624,122.20801364023882,0
1077,32,0,0,132,0.0,0.0,1.0,132,4000,2800,1200,0.7,52,28,24,204.31049919300972,0.3788179986891819,0.6620584533678842,0.1322936260455964,1080492.876050241,13751.207776063156,1094244.0838263042,1076,10,704.030303030303,71,61,44,34.82374828341312,0.6029829545454546,40.133101851851855,8315.740740740748,117.12310902451757,0
1078,32,0,1,131,0.0,0.007575757575757576,0.9924242424242424,132,3800,2700,1100,0.7105263157894737,49,27,22,206.77997195759593,0.3789734173799059,0.6642381341953334,0.13458422174840085,1081979.9420362366,14546.356414586793,1096526.2984508234,1077,11,705.030303030303,72,60,38,34.57711442786072,0.604324494949495,39.954337899543376,8321.461187214603,115.57584982242504,0
1079,32,0,0,131,0.0,0.0,1.0,131,2850,2100,750,0.7368421052631579,36,21,15,206.94546185745577,0.3785452143276571,0.6611450748463277,0.13510963562398037,1082871.484567899,15769.06790123443,1098640.5524691334,1078,12,705.2061068702291,74,57,40,34.46347854714998,0.6057569974554707,39.847222222222214,8324.888888888872,112.49849849849828,0
1080,32,1,0,132,0.007575757575757576,0.0,1.0,132,3050,2100,950,0.6885245901639344,40,21,19,206.23333232480917,0.38021194772148975,0.6619416619416634,0.13514745619650242,1083942.3923839454,15259.010325893156,1099201.4027098385,1079,0,700.8560606060606,76,56,41,34.35074497574497,0.6070075757575757,39.7186147186147,8329.004329004289,109.59216222374064,0
1081,32,2,0,134,0.014925373134328358,0.0,1.0,134,2700,1700,1000,0.6296296296296297,37,17,20,202.49150556003227,0.38294196311674705,0.6598754692793705,0.1335507559791886,1085783.0320468687,14472.368174141338,1100255.40022101,1080,0,691.3805970149253,72,62,44,34.222766944201005,0.6086753731343284,39.49771689497716,8336.07305936071,115.77879249112097,0
1082,32,0,0,134,0.0,0.0,1.0,134,3100,2200,900,0.7096774193548387,40,22,18,203.1213295578938,0.38261465230239783,0.6614296299820119,0.13423702004449006,1086360.1809157114,14232.584865270655,1100592.765780982,1081,1,692.3805970149253,73,61,44,34.135727855509344,0.6097636815920398,39.42849099099099,8338.288288288277,114.2231272368257,0
1083,32,1,0,135,0.007407407407407408,0.0,1.0,135,4050,3200,850,0.7901234567901234,49,32,17,202.03261535951972,0.38403814262023217,0.6623621163154165,0.13437646160560884,1088187.7785082846,12919.884578858568,1101107.663087143,1082,0,688.2444444444444,77,58,40,33.94058104601938,0.6114969135802469,39.20940170940169,8345.299145299092,108.38050838050769,0
1084,32,0,0,135,0.0,0.0,1.0,135,3850,2400,1450,0.6233766233766234,53,24,29,204.81990111593285,0.3838584853510227,0.6678494862127622,0.13681969394544238,1089414.0624999928,13776.736111110728,1103190.7986111036,1083,1,689.2444444444444,77,58,48,33.717980705256174,0.6128086419753087,39.06249999999998,8349.999999999945,108.44155844155773,0
1085,32,0,0,135,0.0,0.0,1.0,135,4150,3000,1150,0.7228915662650602,53,30,23,208.5561848617306,0.38384236226276025,0.6734955302087411,0.13997535084901133,1090752.6144395147,14346.640779092735,1105099.2552186074,1084,2,690.2444444444444,77,58,40,33.45688839445552,0.6141975308641976,38.90224358974359,8355.128205128214,108.50815850815863,0
1086,32,0,0,135,0.0,0.0,1.0,135,4300,3000,1300,0.6976744186046512,56,30,26,209.05378448567902,0.38347153123272526,0.6760418086798454,0.14080895401308108,1091757.067718605,14347.18934911237,1106104.2570677174,1085,3,691.2444444444444,77,58,40,33.32119120654396,0.6152006172839506,38.78205128205128,8358.97435897435,108.55810855810844,0
1087,32,0,1,134,0.0,0.007407407407407408,0.9925925925925926,135,3450,2100,1350,0.6086956521739131,48,21,27,212.76798216550074,0.38337248940482777,0.6811166066641992,0.1434916541397969,1092113.1874343501,16023.343837348022,1108136.5312716982,1086,4,692.2444444444444,78,57,40,33.180663503919774,0.6158950617283951,38.73945147679325,8360.337552742618,107.18381477875151,0
1088,32,0,0,134,0.0,0.0,1.0,134,3450,2200,1250,0.6376811594202898,47,22,25,212.3508507089554,0.38202666180376316,0.6781487657082432,0.1434345316751904,1092554.1780163462,16150.96182947903,1108705.1398458253,1087,7,698.3805970149253,78,56,40,33.13769889326204,0.6166822139303483,38.6867088607595,8362.025316455716,107.20545277507328,0
1089,32,0,0,134,0.0,0.0,1.0,134,3900,2700,1200,0.6923076923076923,51,27,24,216.93747652161204,0.382359817454083,0.6894139867050713,0.13328355662408603,1065073.1434240355,15510.856009070176,1080583.9994331056,1088,8,699.3805970149253,69,65,39,36.39693159533971,0.5824004975124378,41.99404761904761,8256.19047619047,119.65493443754303,8
1090,32,2,0,136,0.014705882352941176,0.0,1.0,136,3650,2800,850,0.7671232876712328,45,28,17,222.10953373015562,0.38571623093681917,0.7019724852866482,0.13054736475065015,1051692.9796006978,15868.207465277981,1067561.1870659757,1089,0,690.0808823529412,63,73,39,37.92534281361095,0.5651041666666667,43.61979166666668,8204.166666666693,130.22486772486815,7
1091,32,5,1,140,0.03546099290780142,0.0070921985815602835,0.9929078014184397,141,3650,2600,1050,0.7123287671232876,47,26,21,214.84556383812773,0.39316742654508613,0.7035613269441978,0.12814630497048046,1056166.3250236982,13532.529921312112,1069698.8549450103,1090,0,666.5744680851063,70,71,38,37.55520024364244,0.5684840425531915,43.07511737089203,8221.596244131484,117.45137491616406,0
1092,32,2,0,142,0.014084507042253521,0.0,1.0,142,3250,2200,1050,0.676923076923077,43,22,21,212.94743974819852,0.3942767122831552,0.7031360457303211,0.1275135607343716,1057355.18827161,13382.216049382947,1070737.404320993,1091,0,662.8661971830986,74,68,40,37.4563275523619,0.5699823943661972,42.93055555555557,8226.22222222226,111.16516516516569,0
1093,32,0,1,141,0.0,0.007042253521126761,0.9929577464788732,142,3100,1700,1400,0.5483870967741935,45,17,28,214.8462682020903,0.39456077481437085,0.7050872398570533,0.12885281302657345,1057830.2939365967,13954.178208679641,1071784.4721452764,1092,1,663.8661971830986,75,67,40,37.34852523098795,0.5709360328638498,42.87280701754386,8228.070175438605,109.70760233918139,0
1094,32,2,0,143,0.013986013986013986,0.0,1.0,143,4800,3400,1400,0.7083333333333334,62,34,28,213.8121720551733,0.39749745559604716,0.7060560798424871,0.1295450218922521,1060900.0,11966.666666666684,1072866.6666666667,1093,0,660.027972027972,64,79,41,36.994336569579296,0.574009324009324,42.5,8240.0,128.75,0
1095,32,1,0,144,0.006944444444444444,0.0,1.0,144,3350,2600,750,0.7761194029850746,41,26,15,213.8954475861586,0.3984759453509454,0.7081561085972858,0.1302946359331338,1062514.7931053657,13303.415447637275,1075818.208553003,1094,0,656.4375,66,78,42,36.79210658622425,0.5753761574074074,42.30410447761193,8246.268656716395,124.94346449570295,0
1096,32,0,0,144,0.0,0.0,1.0,144,4500,2900,1600,0.6444444444444445,61,29,32,217.2451602226761,0.3983818554131054,0.7129776559594796,0.13303387373353245,1064090.490362809,12933.701814058742,1077024.1921768677,1095,1,657.4375,69,75,40,36.51062704366222,0.5768952546296297,42.11309523809523,8252.38095238093,119.59972394754972,0
1097,32,1,0,145,0.006896551724137931,0.0,1.0,145,3700,2800,900,0.7567567567567568,46,28,18,214.64281008081528,0.3994472381864623,0.7107890989867534,0.13209287133976458,1065567.9613312634,13043.300310445586,1078611.261641709,1096,0,653.8965517241379,73,72,39,36.394923089510705,0.5785201149425288,41.93412162162162,8258.108108108107,113.12476860422063,0
1098,32,2,0,147,0.013605442176870748,0.0,1.0,147,4400,3100,1300,0.7045454545454546,57,31,26,209.74245577523328,0.4009528468921815,0.708086460390607,0.1300403225806452,1067777.7777777836,10991.666666666986,1078769.4444444505,1097,0,645.9863945578231,76,71,42,36.24831989247314,0.5804280045351473,41.666666666666686,8266.666666666712,108.771929824562,0
1099,32,1,0,148,0.006756756756756757,0.0,1.0,148,3750,2500,1250,0.6666666666666666,50,25,25,205.46662080952845,0.40272127995342283,0.7024868256662617,0.12797277411553673,1069131.3810941044,10584.162414966017,1079715.5435090703,1098,0,642.6148648648649,69,79,43,36.19172519332987,0.5819960585585586,41.50297619047619,8271.904761904763,119.88267770876469,0
1100,32,1,1,148,0.006711409395973154,0.006711409395973154,0.9932885906040269,149,4150,2800,1350,0.6746987951807228,55,28,27,205.78285985574772,0.4040279793216035,0.7046613405273106,0.12896816564274333,1070965.084261172,10127.251568983216,1081092.3358301553,1099,0,639.2953020134228,72,77,44,35.95740720313275,0.5835430648769575,41.28139269406393,8278.995433789965,114.98604769152729,0
1101,32,0,1,147,0.0,0.006756756756756757,0.9932432432432432,148,3400,2000,1400,0.5882352941176471,48,20,28,210.94612739238138,0.40249720383648957,0.7095123440094648,0.13243922010065012,1071488.5578757273,12205.272365826375,1083693.8302415537,1100,1,644.5540540540541,71,77,44,35.7592688358398,0.5845298423423424,41.21817129629629,8281.018518518507,116.63406364110574,0
1102,32,0,0,147,0.0,0.0,1.0,147,4200,3000,1200,0.7142857142857143,54,30,24,229.8856988056026,0.40210022365110426,0.7276818357145105,0.1351456600249162,1051755.8188256905,14756.724276720439,1066512.543102411,1101,2,645.6666666666666,67,80,37,37.71814194100899,0.5608701814058956,43.612132352941174,8204.41176470587,122.4539069359085,8
1103,32,1,0,148,0.006756756756756757,0.0,1.0,148,3550,2500,1050,0.704225352112676,46,25,21,234.19722378239578,0.40305260617760613,0.7333639464707429,0.13834486681202018,1053226.2457992025,16182.53255618577,1069408.7783553882,1102,0,642.2972972972973,68,80,39,37.42424242424242,0.5622888513513513,43.43297101449276,8210.144927536237,120.73742540494467,0
1104,32,0,0,148,0.0,0.0,1.0,148,4550,3200,1350,0.7032967032967034,59,32,27,233.3638842953803,0.40338967794324937,0.7335133411572616,0.1382787234699769,1054166.6702097543,15050.885770975266,1069217.5559807296,1103,1,643.2972972972973,69,79,37,37.32843208301929,0.5634149774774775,43.318452380952394,8213.809523809554,119.04071773637034,0
1105,32,1,1,148,0.006711409395973154,0.006711409395973154,0.9932885906040269,149,3900,2900,1000,0.7435897435897436,49,29,20,228.66529745100883,0.40436808452748046,0.7289042397182106,0.13587336664825098,1055015.8393190496,14549.102142683263,1069564.9414617328,1104,0,639.9731543624162,73,76,42,37.343310309542105,0.5645274049217002,43.215090090090094,8217.117117117123,112.56324817968661,0
1106,32,4,2,150,0.02631578947368421,0.013157894736842105,0.9868421052631579,152,3750,2800,950,0.7466666666666667,47,28,19,228.10082727783254,0.4086726283838736,0.735113748041764,0.13309572543104572,1049460.5501033033,13726.563934802438,1063187.1140381058,1105,0,627.1447368421053,65,87,39,38.05020182412031,0.5557154605263157,43.892045454545446,8195.454545454526,126.08391608391578,8
1107,32,3,1,152,0.0196078431372549,0.006535947712418301,0.9934640522875817,153,4250,3300,950,0.7764705882352941,52,33,19,220.95165468457498,0.4102328431372549,0.728131383255396,0.12987400900451157,1051709.9360320242,11625.410122896752,1063335.346154921,1106,0,624.0,62,91,40,37.95291607549768,0.5575980392156863,43.61772486772486,8204.23280423279,132.32633555214179,0
1108,32,1,2,151,0.006535947712418301,0.013071895424836602,0.9869281045751634,153,4550,3100,1450,0.6813186813186813,60,31,29,215.4356663192965,0.4110641698199748,0.7207642784801134,0.12732892039270077,1053386.4275147954,10237.401380670757,1063623.8288954662,1107,0,624.9411764705883,64,89,41,37.88567235025919,0.5593001089324618,43.41346153846155,8210.76923076925,128.29326923076954,0
1109,32,1,0,152,0.006578947368421052,0.0,1.0,152,4700,3800,900,0.8085106382978723,56,38,18,215.63629574083262,0.41062144184965726,0.7189648166738372,0.1280558584739251,1054836.3012363575,10392.198522313967,1065228.4997586715,1108,0,629.875,66,86,45,37.70019679079625,0.5607182017543859,43.23694029850747,8216.417910447777,124.49118046132996,0
1110,32,2,0,154,0.012987012987012988,0.0,1.0,154,4650,2800,1850,0.6021505376344086,65,28,37,214.95106495890963,0.41283546246781544,0.7230605828368633,0.12872086671941307,1057372.8895280957,10006.685732548867,1067379.5752606445,1109,0,622.6818181818181,70,84,37,37.402622417532264,0.562702922077922,42.92840375586856,8226.291079812236,117.51844399731765,0
1111,32,1,3,152,0.0064516129032258064,0.01935483870967742,0.9806451612903225,155,5100,3800,1300,0.7450980392156863,64,38,26,218.16399381284322,0.4144672531769306,0.7285987160626402,0.13137860826189626,1059064.9146144136,10109.966295867749,1069174.8809102813,1110,0,619.658064516129,71,84,39,37.10993879922772,0.5643145161290323,42.72280092592593,8232.870370370383,115.95592070944201,0
1112,32,2,0,154,0.012987012987012988,0.0,1.0,154,4100,2900,1200,0.7073170731707317,53,29,24,217.51095400070375,0.4142457488045723,0.7280823259124096,0.13171765789040424,1060743.945133153,11244.685491276603,1071988.6306244298,1111,0,620.7532467532468,65,89,42,36.91844428098565,0.5664231601731602,42.518939393939405,8239.393939393965,126.75990675990715,0
1113,32,2,1,155,0.01282051282051282,0.00641025641025641,0.9935897435897436,156,3300,2100,1200,0.6363636363636364,45,21,24,213.5394478187274,0.41566291011855533,0.7251484917626498,0.13011134120443554,1062592.0957384224,10881.065876105626,1073473.161614528,1112,0,613.7820512820513,67,89,44,36.79170629495334,0.5681757478632479,42.29473039215688,8246.568627451017,123.08311384255249,0
1114,32,1,1,155,0.00641025641025641,0.00641025641025641,0.9935897435897436,156,4100,2800,1300,0.6829268292682927,54,28,26,235.77879994544858,0.41616694237661983,0.7494188902431598,0.1334998875714884,1040147.3126420352,13748.937028244512,1053896.2496702797,1113,0,614.6794871794872,73,83,34,39.01933924069271,0.5434027777777778,45.03096846846847,8159.009009009019,111.76724669875368,8
1115,32,2,1,156,0.012738853503184714,0.006369426751592357,0.9936305732484076,157,3700,2400,1300,0.6486486486486487,50,24,26,236.83152763302962,0.41706475583864117,0.7531242388277193,0.13511758915991917,1042512.361436302,14279.959027055731,1056792.3204633577,1114,0,611.7006369426751,61,96,37,38.69593178876239,0.5453821656050956,44.74126344086025,8168.279569892543,133.9062224572548,0
1116,32,1,0,157,0.006369426751592357,0.0,1.0,157,4050,2700,1350,0.6666666666666666,54,27,27,236.52480747342062,0.41743052153084004,0.7508572999127499,0.13584839806758836,1044588.8231426793,13964.234056542382,1058553.0571992216,1115,0,612.6815286624204,64,93,37,38.44366741930088,0.5469745222929936,44.487179487179525,8176.410256410336,127.7564102564115,0
1117,32,5,0,162,0.030864197530864196,0.0,1.0,162,3350,2600,750,0.7761194029850746,41,26,15,231.34968111361968,0.4218530340209084,0.7564359753100758,0.13480643287917593,1049039.2892573737,12788.981009070525,1061828.2702664442,1116,0,594.7407407407408,69,93,38,38.01959231708027,0.5499614197530864,43.943452380952394,8193.809523809556,118.7508626639066,0
1118,32,2,0,164,0.012195121951219513,0.0,1.0,164,4750,3400,1350,0.7157894736842105,61,34,27,225.85584449739503,0.4237423001147189,0.7541776336858037,0.13251424713467855,1051150.7067718604,9931.706114398476,1061082.412886259,1117,0,588.4756097560976,64,100,37,37.89689362677673,0.5521468495934959,43.68589743589744,8202.051282051281,128.15705128205127,0
1119,32,3,1,166,0.017964071856287425,0.005988023952095809,0.9940119760479041,167,4100,3100,1000,0.7560975609756098,51,31,20,218.58062429415656,0.4255404852944713,0.7514423355222968,0.12961691797315897,1054396.7614619366,8594.14047481735,1062990.901936754,1118,0,578.8862275449102,67,100,40,37.67926761347816,0.5544535928143712,43.29044117647059,8214.705882352933,122.6075504828796,0
1120,32,2,2,166,0.011904761904761904,0.011904761904761904,0.9880952380952381,168,5050,3300,1750,0.6534653465346535,68,33,35,215.2089189871684,0.4266585875867313,0.7490798397412695,0.12828011998842373,1055970.3233506929,6800.846354166637,1062771.1697048596,1119,0,576.3928571428571,71,97,38,37.57021878695726,0.5561755952380952,43.09895833333333,8220.833333333321,115.78638497652565,0
1121,32,0,0,166,0.0,0.0,1.0,166,4850,3400,1450,0.7010309278350515,63,34,29,221.74144420554313,0.42588612023852984,0.7512418529280436,0.1290015964274474,1048548.3245069393,8451.32395909426,1056999.6484660336,1120,1,577.6084337349398,73,93,38,38.32687231936656,0.5500125502008032,44.00337837837838,8191.891891891892,112.217697149204,8
1122,32,3,2,167,0.01775147928994083,0.011834319526627219,0.9881656804733728,169,5150,3400,1750,0.6601941747572816,69,34,35,215.75479883966767,0.4277628087724242,0.7499397850464902,0.12653342493006262,1051019.26775148,6402.490138067157,1057421.7578895472,1121,0,568.3372781065088,64,105,42,38.17216907396987,0.5528846153846154,43.70192307692308,8201.538461538468,128.14903846153857,0
1123,32,1,0,168,0.005952380952380952,0.0,1.0,168,4450,3300,1150,0.7415730337078652,56,33,23,215.78356576419702,0.4272838252067294,0.7498210900932261,0.12709548777785992,1052334.0277777808,7365.277777777948,1059699.3055555588,1122,0,572.6785714285714,64,104,43,38.007717303005705,0.5544394841269842,43.54166666666668,8206.666666666692,128.22916666666706,0
1124,32,3,0,171,0.017543859649122806,0.0,1.0,171,4550,3200,1350,0.7032967032967034,59,32,27,209.45417122241238,0.42918673317280126,0.7455984423536623,0.12426077585725752,1054533.3900226725,5425.283446711826,1059958.6734693842,1123,0,563.6140350877193,69,102,43,37.896572378081764,0.5564083820662769,43.27380952380951,8215.23809523807,119.06142167011696,0
1125,32,4,3,172,0.022857142857142857,0.017142857142857144,0.9828571428571429,175,4650,3000,1650,0.6451612903225806,63,30,33,205.29061177748062,0.43154898741105635,0.7451124813817271,0.12302151228918519,1057583.7067901196,3772.401234567697,1061356.1080246873,1124,0,551.7085714285714,74,101,42,37.6248131741487,0.5591071428571428,42.902777777777764,8227.11111111108,111.17717717717676,0
1126,32,0,0,172,0.0,0.0,1.0,172,4600,3100,1500,0.6739130434782609,61,31,30,213.38019164243573,0.43019785008386596,0.7516969564265377,0.12805615443245805,1058025.3733463213,6152.331385439614,1064177.704731761,1125,1,562.3255813953489,73,99,42,37.362008247573186,0.5596535852713178,42.84909909909911,8228.828828828846,112.72368258669651,0
1127,32,1,1,172,0.005780346820809248,0.005780346820809248,0.9942196531791907,173,5500,4200,1300,0.7636363636363637,68,42,26,216.90394812263514,0.430848680378187,0.7506441016775354,0.12824982388347386,1053512.6796982742,5602.211924762309,1059114.8916230365,1126,0,560.0693641618498,73,100,37,37.832288752354295,0.5561175337186898,43.39808558558557,8211.261261261221,112.48303097618111,8
1128,32,4,2,174,0.022727272727272728,0.011363636363636364,0.9886363636363636,176,4750,3300,1450,0.6947368421052632,62,33,29,215.32894451669435,0.43326569264069265,0.7517819479052936,0.12828863905425753,1055821.282647007,5519.776478128337,1061341.0591251352,1127,0,551.4715909090909,78,98,36,37.58565599014476,0.5582386363636364,43.11708860759492,8220.253164556925,105.38786108406315,0
1129,32,0,3,171,0.0,0.017241379310344827,0.9827586206896551,174,4700,3200,1500,0.6808510638297872,62,32,30,217.104180259958,0.43139852280025687,0.7520148076333046,0.1295463303700079,1056290.08369876,6364.998547628042,1062655.082246388,1128,1,558.8103448275862,76,98,37,37.48179153723301,0.5593869731800767,43.06006493506491,8222.077922077853,108.18523581681386,0
1130,32,0,1,170,0.0,0.005847953216374269,0.9941520467836258,171,4400,3300,1100,0.75,55,33,22,220.98000215601303,0.4306429881894278,0.7523418696864259,0.1324023038128034,1057535.364275139,8138.833415515663,1065674.1976906548,1129,2,567.1169590643275,77,94,40,37.22744922341694,0.5618299220272904,42.90865384615382,8226.923076923007,106.84315684315594,0
1131,32,3,1,172,0.017341040462427744,0.005780346820809248,0.9942196531791907,173,4350,3300,1050,0.7586206896551724,54,33,21,217.84807256235794,0.43174345790204777,0.7509441233140659,0.13146004378763018,1059688.5813148825,7220.222991157507,1066908.80430604,1130,0,561.4682080924855,67,106,44,37.04067460317462,0.5640655105973025,42.64705882352943,8235.294117647089,122.91483757682222,0
1132,32,1,0,173,0.005780346820809248,0.0,1.0,173,5500,3500,2000,0.6363636363636364,75,35,40,209.94049870796974,0.43209352735582734,0.7403531637440615,0.1275041880470346,1061619.2660143292,4475.375629007545,1066094.6416433367,1131,0,562.3872832369942,73,100,42,37.004925132520896,0.5661127167630058,42.41272522522524,8242.792792792825,112.91496976428527,0
1133,32,1,1,173,0.005747126436781609,0.005747126436781609,0.9942528735632183,174,4450,3100,1350,0.6966292134831461,58,31,27,208.08283268370204,0.43246226718047526,0.7401194233495396,0.1268259806467313,1062685.180175634,4975.3085083873575,1067660.4886840214,1132,0,560.1494252873563,75,99,46,36.920803861086014,0.5675886015325671,42.28344298245615,8246.929824561428,109.9590643274857,0
1134,32,1,2,172,0.005747126436781609,0.011494252873563218,0.9885057471264368,174,4700,3100,1600,0.6595744680851063,63,31,32,192.4012923265488,0.43262490864394393,0.730510444179802,0.1152850749281498,1057551.059775755,1194.838120433008,1058745.897896188,1133,0,560.9367816091954,83,91,43,37.96023860055306,0.5638170498084292,42.90674603174601,8226.98412698407,99.12029068655507,8
1135,32,1,0,173,0.005780346820809248,0.0,1.0,173,4100,2500,1600,0.6097560975609756,57,25,32,192.9223557180085,0.43174905901330823,0.7305703119515101,0.11622395576182488,1059184.0277777808,2168.0555555556957,1061352.0833333365,1134,0,564.9421965317919,76,97,45,37.74460188933873,0.565631021194605,42.70833333333334,8233.333333333358,108.33333333333366,0
1136,32,2,1,174,0.011428571428571429,0.005714285714285714,0.9942857142857143,175,4650,3200,1450,0.6881720430107527,61,32,29,192.83636329360644,0.43248631636562673,0.7329801612889715,0.11694260652064173,1061173.6891467785,1276.5750075852661,1062450.264154364,1135,0,559.4742857142858,68,107,48,37.500610625867125,0.5673214285714285,42.466787439613555,8241.062801932425,121.19210002841801,0
1137,32,1,1,174,0.005714285714285714,0.005714285714285714,0.9942857142857143,175,4650,3300,1350,0.7096774193548387,60,33,27,191.863582833775,0.4325602079912425,0.7317057210219897,0.11696981056128976,1062760.537229944,1131.0088734571739,1063891.546103401,1136,0,560.4057142857143,71,104,47,37.329488043112214,0.569047619047619,42.27430555555558,8247.222222222268,116.15805946791927,0
1138,32,0,2,172,0.0,0.011494252873563218,0.9885057471264368,174,4750,3000,1750,0.631578947368421,65,30,35,190.70884544272144,0.4319944134387527,0.728031764719719,0.11683512210577078,1064221.484567907,1041.2901234570963,1065262.774691364,1137,1,564.5114942528736,74,100,49,37.17878812357516,0.5707016283524904,42.09722222222224,8252.888888888934,111.52552552552613,0
1139,32,2,3,171,0.011494252873563218,0.017241379310344827,0.9827586206896551,174,4000,2700,1300,0.675,53,27,26,192.8538341876413,0.4327183409740217,0.7291519863964271,0.11866408381759926,1065518.5574001756,2297.8678385417325,1067816.4252387173,1138,0,562.7011494252873,79,95,42,36.9633201305145,0.5724976053639848,41.94010416666667,8257.916666666682,104.53059071729977,0
1140,32,0,0,171,0.0,0.0,1.0,171,6550,5100,1450,0.7786259541984732,80,51,29,199.67199049611537,0.4304681229216833,0.7347917234414783,0.12325953385918398,1066486.5017361154,1839.496527777978,1068325.9982638934,1139,3,573.4444444444445,79,92,42,36.667843453701835,0.573525828460039,41.82291666666668,8261.6666666667,104.5780590717304,0
1141,32,2,1,172,0.011560693641618497,0.005780346820809248,0.9942196531791907,173,4400,3300,1100,0.75,55,33,22,196.40744826724412,0.4321887462472555,0.7331115569452145,0.1220292664969303,1068401.8624997123,2968.416707508013,1071370.2792072203,1140,0,567.8034682080925,68,105,44,36.515841950497624,0.5753251445086704,41.591183574879246,8269.082125603896,121.60414890593965,0
1142,32,1,0,173,0.005780346820809248,0.0,1.0,173,4200,3000,1200,0.7142857142857143,54,30,24,196.41174717433657,0.43244639736523727,0.7342298072130893,0.12248591871525225,1069500.694444446,3212.500000000054,1072713.194444446,1141,0,568.7687861271677,69,104,45,36.3802712865968,0.5766498073217726,41.458333333333336,8273.333333333343,119.90338164251222,0
1143,32,2,0,175,0.011428571428571429,0.0,1.0,175,5150,3800,1350,0.7378640776699029,65,38,27,200.14810011424132,0.4340749863163656,0.7330631258714677,0.12062401541644302,1059301.5158149255,2253.4371676983537,1061554.9529826238,1142,0,563.2571428571429,72,103,44,37.544134501626715,0.5644047619047619,42.694063926940615,8233.78995433784,114.35819381024778,8
1144,32,1,2,174,0.005681818181818182,0.011363636363636364,0.9886363636363636,176,4250,2400,1850,0.5647058823529412,61,24,37,201.1887612393174,0.43444061147186147,0.7349347471654597,0.12171820225953889,1060459.2800148074,3220.4977781833127,1063679.7777929907,1143,0,561.0511363636364,73,103,41,37.37395656770005,0.5656368371212122,42.55349099099097,8238.28828828825,112.8532642231267,0
1145,32,0,0,174,0.0,0.0,1.0,174,5050,3600,1450,0.7128712871287128,65,36,29,205.96430416336648,0.4333419152658738,0.7385787210993635,0.1251234834365524,1061701.2623456751,3884.5123456788083,1065585.774691354,1144,1,568.3620689655172,74,100,45,37.09719451483617,0.5669300766283525,42.402777777777764,8243.11111111108,111.39339339339298,0
1146,32,1,0,175,0.005714285714285714,0.0,1.0,175,4750,3300,1450,0.6947368421052632,62,33,29,205.52164261879108,0.434272030651341,0.740077716180509,0.1254117364585922,1063035.903028887,3945.3769906491375,1066981.2800195361,1145,0,566.1085714285714,77,98,44,36.94341182667562,0.5684523809523809,42.240918803418786,8248.29059829056,107.12065712065662,0
1147,32,1,0,176,0.005681818181818182,0.0,1.0,176,5350,3900,1450,0.7289719626168224,68,39,29,202.85983657647168,0.43523336038961036,0.739305695924297,0.12447737723730284,1064697.0127563498,2646.8524022419588,1067343.8651585917,1146,0,563.8863636363636,80,96,37,36.80662877843693,0.5701349431818181,42.03960905349793,8254.732510288026,103.18415637860032,0
1148,32,0,0,176,0.0,0.0,1.0,176,4500,3500,1000,0.7777777777777778,55,35,20,229.14596665477242,0.4347578463203463,0.7709003215434074,0.13162289430275514,1044618.3517379762,8174.016398862951,1052792.3681368392,1147,1,564.8863636363636,70,106,41,38.62851209615682,0.5474668560606061,44.48356807511739,8176.525821596286,116.8075117370898,8
1149,32,3,2,177,0.01675977653631285,0.0111731843575419,0.9888268156424581,179,4950,3500,1450,0.7070707070707071,64,35,29,224.83551126697665,0.4365872094239742,0.7716030749000309,0.1303659981638146,1047521.2350780627,6353.994490358573,1053875.2295684214,1148,0,556.4022346368715,76,103,33,38.37589439921049,0.5499883612662942,44.12878787878791,8187.878787878863,107.7352472089324,0
1150,32,1,0,178,0.0056179775280898875,0.0,1.0,178,4050,2400,1650,0.5925925925925926,57,24,33,228.22312595801392,0.4359844156668571,0.7744373195999195,0.13268929452599415,1048355.6571462955,8201.801037939324,1056557.4581842348,1149,0,560.5224719101124,78,100,35,38.18500060097188,0.5509129213483146,44.02689873417723,8191.139240506367,105.01460564751753,0
1151,32,3,0,181,0.016574585635359115,0.0,1.0,181,5950,4600,1350,0.773109243697479,73,46,27,233.23190672777318,0.4376010333537958,0.7839554280830137,0.1375047369294043,1052627.9067993164,6951.282755533817,1059579.1895548503,1150,0,552.2154696132596,63,118,37,37.523597626752995,0.5541551565377532,43.505859375,8207.8125,130.2827380952381,0
1152,32,1,0,182,0.005494505494505495,0.0,1.0,182,4800,3300,1500,0.6875,63,33,30,227.93446366886084,0.4385384413008722,0.779685551787193,0.134974357953128,1053970.0496219285,6847.219596723404,1060817.2692186518,1151,0,550.1758241758242,68,114,40,37.49227986589024,0.5555173992673993,43.34239130434783,8213.043478260872,120.78005115089518,0
1153,32,2,1,183,0.010869565217391304,0.005434782608695652,0.9945652173913043,184,4150,2800,1350,0.6746987951807228,55,28,27,226.59290633955243,0.43965745525461314,0.7809570800317347,0.13501287399211664,1055851.3910322315,6899.687071330383,1062751.078103562,1152,0,545.1847826086956,71,113,39,37.292558384020396,0.5571218297101449,43.11342592592591,8220.370370370336,115.77986437141318,0
1154,32,2,2,183,0.010810810810810811,0.010810810810810811,0.9891891891891892,185,5100,3600,1500,0.7058823529411765,66,36,30,226.50496080209234,0.4414145123384254,0.782172936183632,0.13583694004953414,1057812.2499999956,5819.944444444249,1063632.1944444398,1153,0,541.8594594594595,74,111,41,37.05099119537621,0.5588963963963964,42.874999999999986,8227.999999999965,111.18918918918872,0
1155,32,2,1,184,0.010810810810810811,0.005405405405405406,0.9945945945945946,185,5400,3600,1800,0.6666666666666666,72,36,36,220.17106884321856,0.4410277124951038,0.7766230501114217,0.13297818477561055,1059952.201832876,4274.16184005346,1064226.3636729296,1154,0,542.7243243243244,66,119,42,36.94817779120104,0.561036036036036,42.61504975124378,8236.318407960203,124.79270315091217,0
1156,32,3,1,186,0.016042780748663103,0.0053475935828877,0.9946524064171123,187,5850,4900,950,0.8376068376068376,68,49,19,212.54568042952297,0.4419467444846952,0.7709327298672481,0.12926958596615273,1062044.7530864219,1896.6049382717147,1063941.3580246936,1155,0,537.8823529411765,71,116,44,36.88510781671163,0.5630013368983957,42.36111111111112,8244.444444444462,116.11893583724594,0
1157,32,2,1,187,0.010638297872340425,0.005319148936170213,0.9946808510638298,188,5600,4500,1100,0.8035714285714286,67,45,22,208.23539541122068,0.4424274424469981,0.7671393207304986,0.12737693956538124,1063763.0401234592,1102.6234567902702,1064865.6635802495,1156,0,535.8297872340426,74,114,43,36.78348595026482,0.564882535460993,42.152777777777786,8251.11111111113,111.50150150150175,0
1158,32,0,0,187,0.0,0.0,1.0,187,5950,4500,1450,0.7563025210084033,74,45,29,205.33628986674023,0.44208211143695014,0.7628536166014608,0.1260237435297354,1064760.431893146,376.79133636937513,1065137.2232295154,1157,1,539.4919786096257,76,111,38,36.734905693359195,0.5663992869875223,42.03192640692642,8254.978354978377,108.61813624971549,0
1159,32,2,2,187,0.010582010582010581,0.010582010582010581,0.9894179894179894,189,6250,4400,1850,0.704,81,44,37,201.90651679491987,0.44291413373860183,0.7622244432195939,0.12470767090439117,1066650.4299925987,-977.2654084781789,1065673.1645841205,1158,0,534.7724867724868,83,106,41,36.58991122744666,0.568397266313933,41.8030753968254,8262.301587301587,99.54580225664562,0
1160,32,1,1,187,0.005319148936170213,0.005319148936170213,0.9946808510638298,188,4950,3500,1450,0.7070707070707071,64,35,29,203.64089726433113,0.44258922137520385,0.7640556775447356,0.12604205315259287,1067271.3019031165,918.0171088044472,1068189.319011921,1159,0,538.5904255319149,84,104,43,36.46846579675764,0.5692597517730497,41.727941176470594,8264.70588235296,98.38935574229716,0
1161,32,1,0,188,0.005319148936170213,0.0,1.0,188,4850,3200,1650,0.6597938144329897,65,32,33,204.3547644128946,0.44205884723328404,0.7650124679591537,0.12710338049793748,1068719.8257446254,1229.5976426864304,1069949.4233873119,1160,0,539.563829787234,63,125,47,36.27124136700463,0.5708665780141844,41.552734374999986,8270.312499999973,131.27480158730114,0
1162,32,0,2,186,0.0,0.010638297872340425,0.9893617021276596,188,5900,3800,2100,0.6440677966101694,80,38,42,199.35461317132444,0.44188403117533276,0.7584813238218615,0.12448943379553805,1069900.4097236781,-842.083537538987,1069058.3261861391,1161,1,540.563829787234,68,120,46,36.25491369412494,0.5722517730496454,41.41002415458936,8274.879227053118,121.68940039783996,0
1163,32,1,0,187,0.0053475935828877,0.0,1.0,187,5900,4000,1900,0.6779661016949152,78,40,38,197.15439349580626,0.4413405880436241,0.7539821316357473,0.11566032948132667,1051113.1519274323,-1853.6848072566222,1049259.4671201757,1162,0,544.24064171123,69,118,44,38.6372213190896,0.5472370766488414,43.69047619047617,8201.904761904718,118.86818495514083,8
1164,32,2,1,188,0.010582010582010581,0.005291005291005291,0.9947089947089947,189,6450,5000,1450,0.7751937984496124,79,50,29,212.91591992537423,0.44283322075875264,0.7731030236671146,0.12105121971566646,1041429.2017736235,97.37130655585906,1041526.5730801793,1163,0,539.4708994708994,75,114,38,39.44186275563196,0.5354938271604939,44.87390350877193,8164.035087719305,108.85380116959074,8
1165,32,3,1,190,0.015706806282722512,0.005235602094240838,0.9947643979057592,191,4900,3700,1200,0.7551020408163265,61,37,24,209.95634799356378,0.4441145402773951,0.7736006122940582,0.12056690618894686,1044532.6672335666,761.2528344674934,1045293.9200680341,1164,0,533.4450261780105,69,122,39,39.129537953795364,0.537739965095986,44.49404761904764,8176.190476190528,118.49551414768881,0
1166,32,2,1,191,0.010416666666666666,0.005208333333333333,0.9947916666666666,192,5500,3800,1700,0.6909090909090909,72,38,34,208.66300351829787,0.4446927037885398,0.7726633520048272,0.12044121241614704,1046121.7340749396,-242.6193844302652,1045879.1146905094,1165,0,531.578125,71,121,44,38.964250688393506,0.5396592881944444,44.29976851851855,8182.407407407472,115.24517475221792,0
1167,32,6,3,194,0.030456852791878174,0.015228426395939087,0.9847715736040609,197,5250,3200,2050,0.6095238095238096,73,32,41,203.98595790088362,0.44779148969232363,0.7722245437292328,0.1189383882015037,1049237.4376085186,-1844.0592447910599,1047393.3783637276,1166,0,519.0304568527919,79,118,39,38.695583549431404,0.5425126903553299,43.91927083333337,8194.583333333427,103.72890295358768,0
1168,32,3,3,194,0.015228426395939087,0.015228426395939087,0.9847715736040609,197,5850,4000,1850,0.6837606837606838,77,40,37,208.4265573054425,0.4474030094271211,0.7798004551023965,0.1222849454711125,1051142.7405366818,-1432.7874706661687,1049709.9530660156,1167,0,520.015228426396,65,132,42,38.34462233169128,0.5445219966159052,43.68686868686869,8202.020202020218,126.18492618492643,0
1169,32,1,1,194,0.005128205128205128,0.005128205128205128,0.9948717948717949,195,5900,4000,1900,0.6779661016949152,78,40,38,209.33970114421183,0.4466979469556789,0.778877050799645,0.12337115861518975,1052510.0359537206,-833.5727244328427,1051676.4632292876,1168,0,525.9384615384615,67,128,41,38.15108055107606,0.5462606837606838,43.5202205882353,8207.352941176478,122.49780509218623,0
1170,32,1,1,194,0.005128205128205128,0.005128205128205128,0.9948717948717949,195,4450,3000,1450,0.6741573033707865,59,30,29,208.9378913879626,0.44687527535465676,0.7784487560613789,0.12363807835447368,1053755.2624038444,583.8805131256959,1054339.1429169702,1169,0,526.8666666666667,70,125,44,38.006541085448575,0.5475961538461538,43.36854460093897,8212.206572769956,117.3172367538565,0
1171,32,1,1,194,0.005128205128205128,0.005128205128205128,0.9948717948717949,195,6150,4300,1850,0.6991869918699187,80,43,37,207.18894484867485,0.4470559080095162,0.7764226240802918,0.12343087108562799,1055801.316270389,-1399.9278624192957,1054401.3884079696,1170,0,527.8051282051282,75,120,38,37.797237932629045,0.5495726495726496,43.119517543859644,8220.175438596474,109.60233918128633,0
1172,32,1,0,195,0.005128205128205128,0.0,1.0,195,4450,3000,1450,0.6741573033707865,59,30,29,205.7923433723086,0.44775200458190145,0.7741225437851251,0.12301421179535511,1056826.8337673596,47.37413194439159,1056874.207899304,1171,0,524.1333333333333,79,116,40,37.70582125848619,0.5510149572649572,42.994791666666664,8224.166666666655,104.10337552742601,0
1173,32,0,1,194,0.0,0.005128205128205128,0.9948717948717949,195,5800,3900,1900,0.6724137931034483,77,39,38,208.58838733572628,0.4478136840250242,0.7774894573213904,0.12500296881342468,1057596.4029873512,-679.5343697606695,1056916.8686175905,1172,1,525.1333333333333,80,115,41,37.53845288115246,0.5520833333333333,42.90123456790124,8227.160493827174,102.83950617283968,0
1174,32,0,3,191,0.0,0.015463917525773196,0.9845360824742269,194,4850,3200,1650,0.6597938144329897,65,32,33,214.71065339788444,0.4475405293520645,0.7822487741592317,0.12907808171358784,1058548.8349717981,1806.342402072577,1060355.1773738707,1173,2,528.8247422680413,80,114,41,37.26282435878204,0.5527813573883161,42.78549382716048,8230.864197530826,102.88580246913531,0
1175,32,1,2,190,0.005208333333333333,0.010416666666666666,0.9895833333333334,192,5800,4100,1700,0.7068965517241379,75,41,34,215.19603070910605,0.447704765670448,0.7805255935333917,0.13004058108538943,1060107.8402366834,1426.1998685073086,1061534.0401051906,1174,0,532.359375,64,128,40,37.05692524799732,0.5549587673611112,42.59615384615383,8236.923076923053,128.7019230769227,0
1176,32,0,2,188,0.0,0.010526315789473684,0.9894736842105263,190,5000,3300,1700,0.66,67,33,34,210.34711413243298,0.44687238930659984,0.7703158129019421,0.12386495200485138,1052263.7663935223,1268.1293134001767,1053531.8957069225,1175,1,538.8157894736842,72,118,37,38.15588137102158,0.5485197368421053,43.55022831050226,8206.39269406388,113.97767630644277,7
1177,32,1,1,188,0.005291005291005291,0.005291005291005291,0.9947089947089947,189,5700,4100,1600,0.7192982456140351,73,41,32,212.56960931930135,0.4468026473788885,0.7724626502564913,0.12584848562267764,1053903.8098663476,1305.5842246824595,1055209.3940910301,1176,0,542.2380952380952,72,117,39,37.89486730419956,0.5500992063492063,43.35045662100456,8212.785388127837,114.06646372399774,0
1178,32,1,0,189,0.005291005291005291,0.0,1.0,189,5750,4500,1250,0.782608695652174,70,45,25,212.4581557822567,0.44648954932642876,0.7736830401085975,0.12658011377311146,1055825.6768170204,1313.755224819496,1057139.43204184,1177,0,543.2063492063492,73,116,36,37.65885573638738,0.5517526455026456,43.116554054054056,8220.270270270275,112.60644205849692,0
1179,32,1,2,188,0.005263157894736842,0.010526315789473684,0.9894736842105263,190,5550,4400,1150,0.7927927927927928,67,44,23,216.9526630151539,0.4470290309106098,0.7805663600705217,0.13017835856518517,1057974.8823188336,2356.093624442993,1060330.9759432767,1178,0,541.3421052631579,77,113,39,37.2764108889466,0.5541118421052631,42.855235042735046,8228.632478632486,106.86535686535696,0
1180,32,2,0,190,0.010526315789473684,0.0,1.0,190,5350,3700,1650,0.6915887850467289,70,37,33,210.8671545272778,0.4474380395433027,0.7738181346894428,0.12771840154890857,1060800.4854255691,1387.5959765691964,1062188.0814021383,1179,0,537.3368421052631,68,122,41,37.08250273608506,0.5565789473684211,42.51207729468601,8239.613526570089,121.17078715544248,0
1181,32,2,1,191,0.010416666666666666,0.005208333333333333,0.9947916666666666,192,5450,3800,1650,0.6972477064220184,71,38,33,211.21794646211077,0.4486046347803956,0.7760440390783656,0.1285830431096728,1062327.0053615933,1026.50570874399,1063353.5110703374,1180,0,532.7291666666666,70,122,41,36.88435916415196,0.5582139756944444,42.32687793427231,8245.53990610331,117.79342723004727,0
1182,32,0,0,191,0.0,0.0,1.0,191,5500,3600,1900,0.6545454545454545,74,36,38,209.01582692066177,0.44829383668595574,0.7723959211802225,0.12765652228359295,1063299.9859260668,749.3051646130734,1064049.2910906798,1181,1,530.6020942408377,72,119,41,36.82066220155729,0.5598821989528796,42.20890410958905,8249.315068493166,114.57382039573842,0
1183,32,1,1,191,0.005208333333333333,0.005208333333333333,0.9947916666666666,192,5000,3800,1200,0.76,62,38,24,208.17619747312438,0.4488017651977894,0.7729368605277327,0.12758521409491522,1064336.111111114,913.8888888890015,1065250.000000003,1182,0,528.8333333333334,74,118,46,36.71412224017234,0.5616319444444444,42.08333333333334,8253.333333333358,111.53153153153185,0
1184,32,1,1,191,0.005208333333333333,0.005208333333333333,0.9947916666666666,192,6200,4500,1700,0.7258064516129032,79,45,34,208.62784602345647,0.4486063390779523,0.7734232052523939,0.12845336762120216,1065712.1111111147,-132.5555555553542,1065579.5555555595,1183,0,529.7447916666666,74,118,42,36.53232967387795,0.5628255208333333,41.91666666666668,8258.666666666695,111.60360360360399,0
1185,32,0,1,190,0.0,0.005235602094240838,0.9947643979057592,191,5950,4600,1350,0.773109243697479,73,46,27,208.9271071895911,0.44836846697896576,0.7719746759253707,0.12918922305740396,1066984.7964037047,434.4093855803135,1067419.205789285,1184,1,533.3664921465969,75,116,45,36.367330555702964,0.5643542757417104,41.762609649122815,8263.596491228098,110.18128654970798,0
1186,32,1,0,191,0.005235602094240838,0.0,1.0,191,5750,4200,1550,0.7304347826086957,73,42,31,208.74178179284252,0.44842702305501975,0.7714708137010249,0.12959088774101699,1068169.227789254,644.309573002613,1068813.5373622566,1185,0,534.3403141361257,65,126,48,36.2258337914605,0.5661540139616056,41.61931818181817,8268.181818181802,127.20279720279694,0
1187,32,1,0,192,0.005208333333333333,0.0,1.0,192,6050,4000,2050,0.6611570247933884,81,40,41,209.76362512601338,0.4485750936227458,0.7739681030681984,0.1310175883109641,1069963.8042684572,437.8972673943258,1070401.7015358515,1186,0,532.5520833333334,66,126,45,35.97792540932684,0.5680881076388888,41.4023631840796,8275.124378109442,125.3806723955976,0
1188,32,0,1,191,0.0,0.005208333333333333,0.9947916666666666,192,5850,4200,1650,0.717948717948718,75,42,33,226.09677691592657,0.44875915775887143,0.7874554322102512,0.1363288001103653,1059447.9331032198,3657.5525969755636,1063105.4857001954,1187,1,533.5520833333334,64,128,39,36.85827572605923,0.5589735243055556,42.676282051282044,8234.35897435896,128.66185897435875,8
1189,32,2,1,192,0.010362694300518135,0.0051813471502590676,0.9948186528497409,193,5150,3200,1950,0.6213592233009708,71,32,39,220.68986772604686,0.44893989277489926,0.7826290573253962,0.1342579599616407,1062123.18341986,3129.96497153925,1065253.1483913993,1188,0,531.4611398963731,72,121,39,36.66555900162458,0.5610427461139896,42.351598173515974,8244.748858447472,114.51040081177045,0
1190,32,3,0,195,0.015384615384615385,0.0,1.0,195,5300,3400,1900,0.6415094339622641,72,34,38,215.69006374661868,0.44986232267160103,0.781622997833169,0.12628874633947457,1050518.2318793484,1017.2688802087391,1051535.5007595571,1189,0,526.9846153846154,79,116,44,38.23624379626334,0.5442307692307693,43.76302083333336,8199.583333333398,103.79219409282781,7
1191,32,6,1,200,0.029850746268656716,0.004975124378109453,0.9950248756218906,201,5800,3700,2100,0.6379310344827587,79,37,42,206.6145489959867,0.45211235489220564,0.7799867017287205,0.12277076882035108,1055015.839319046,-2403.675635094766,1052612.1636839511,1190,0,512.223880597015,73,128,45,37.909540255088956,0.5479892205638475,43.21509009009008,8217.117117117094,112.56324817968621,0
1192,32,2,2,200,0.009900990099009901,0.009900990099009901,0.9900990099009901,202,5600,4000,1600,0.7142857142857143,72,40,32,205.56414643703545,0.45265729931202076,0.7795742507390131,0.12307633762881727,1057315.6394961227,-2530.762610490461,1054784.8768856323,1191,0,510.66831683168317,77,125,40,37.65103598455329,0.5503300330033003,42.93536324786323,8226.068376068331,106.83205683205625,0
1193,32,4,2,202,0.0196078431372549,0.00980392156862745,0.9901960784313726,204,6500,4500,2000,0.6923076923076923,85,45,40,208.12694755280657,0.4534937538233684,0.784487754265357,0.12576296360276873,1060093.8400737194,-3173.1809891846765,1056920.6590845347,1192,0,506.6372549019608,65,139,41,37.24062123163081,0.5527982026143791,42.59785353535354,8236.868686868705,126.72105672105701,0
1194,32,0,0,202,0.0,0.0,1.0,202,6500,4500,2000,0.6923076923076923,85,45,40,212.74956919035392,0.4528348357223782,0.7865949013722593,0.12928140239482364,1061784.5277267646,-1721.1598306293608,1060063.3678961352,1193,1,512.2128712871287,65,137,43,36.91209206388108,0.5547648514851485,42.392676767676775,8243.43434343436,126.82206682206706,0
1195,32,0,1,201,0.0,0.0049504950495049506,0.995049504950495,202,5200,3600,1600,0.6923076923076923,68,36,32,215.08190246204057,0.45252594289279674,0.7899626765468437,0.13132458739859854,1063216.161775585,135.71096061629487,1063351.8727362014,1194,2,513.2128712871287,65,137,42,36.674664278862835,0.5562087458745875,42.21906565656566,8248.989898989907,126.90753690753702,0
1196,32,1,1,201,0.0049504950495049506,0.0049504950495049506,0.995049504950495,202,5300,3900,1400,0.7358490566037735,67,39,28,212.86737750824517,0.452533126446973,0.7869541319640172,0.13053440404508102,1064505.6405530253,-380.29519054840694,1064125.345362477,1195,0,514.1336633663366,70,132,37,36.572151754735245,0.557549504950495,42.06279342723006,8253.990610328674,117.91415157612391,0
1197,32,0,1,200,0.0,0.004975124378109453,0.9950248756218906,201,6350,4500,1850,0.7086614173228346,82,45,37,213.57143486581901,0.45191231343283583,0.7859440358627667,0.1311789620019366,1064990.0847770562,-1059.707895258548,1063930.3768817978,1196,4,517.6915422885572,70,131,38,36.49405269642689,0.55856135986733,42.00410798122068,8255.868544600984,117.94097920858549,0
1198,32,1,0,201,0.004975124378109453,0.0,1.0,201,5400,4100,1300,0.7592592592592593,67,41,26,212.58250733892956,0.45152777777777775,0.7845909770035255,0.13096704334967899,1065891.2449698763,-282.03331873791876,1065609.2116511383,1197,0,518.6666666666666,72,129,41,36.40811587793011,0.5596496683250415,41.89497716894979,8259.360730593646,114.7133434804673,0
1199,32,1,0,202,0.0049504950495049506,0.0,1.0,202,5650,4400,1250,0.7787610619469026,69,44,25,211.06913886981246,0.4522031960658752,0.78449710100511,0.12608394220034383,1056623.7982796356,-1445.864957553711,1055177.9333220818,1198,0,517.0940594059406,76,126,39,37.59541482417349,0.5462561881188119,43.019480519480496,8223.37662337657,108.20232399179696,8
1200,32,0,0,202,0.0,0.0,1.0,202,5650,3800,1850,0.672566371681416,75,38,37,213.5612279330294,0.4520087269921022,0.7870413721031575,0.1279660977946582,1057556.2254090256,-879.3987786862108,1056676.8266303393,1199,1,518.0940594059406,78,124,41,37.41558963312474,0.5475453795379538,42.90611814345989,8227.00421940922,105.47441306934898,0
1201,32,1,0,203,0.0049261083743842365,0.0,1.0,203,5850,3900,1950,0.6666666666666666,78,39,39,211.8015882587955,0.4525313368775301,0.7869544227728431,0.1278177904569919,1059703.8726915626,-1560.6073359861002,1058143.2653555765,1200,0,516.5369458128079,65,138,44,37.194386524387724,0.5497229064039408,42.64520202020202,8235.353535353539,126.69774669774675,0
1202,32,2,1,204,0.00975609756097561,0.004878048780487805,0.9951219512195122,205,5450,3800,1650,0.6972477064220184,71,38,33,205.02611867103553,0.4530936154949785,0.7821313523108269,0.1246962131589412,1062044.7530864193,-2900.617283950647,1059144.1358024688,1201,0,512.4878048780488,71,134,44,37.07884097035039,0.5515752032520325,42.36111111111111,8244.44444444444,116.11893583724563,0
1203,32,1,0,205,0.004878048780487805,0.0,1.0,205,6300,4800,1500,0.7619047619047619,78,48,30,212.96823124984837,0.45275187310696635,0.7904595215119954,0.1306542630617168,1064638.1971075833,-1953.1772481940006,1062685.0198593892,1202,0,513.4243902439024,73,132,38,36.553149158708514,0.5541158536585367,42.04673423423424,8254.504504504526,113.07540417129488,0
1204,32,0,0,205,0.0,0.0,1.0,205,5400,3400,2000,0.6296296296296297,74,34,40,215.40202667521365,0.4525366650725331,0.7934984182393356,0.1326118454353049,1065684.2103928293,-489.89225712173993,1065194.3181357076,1203,1,514.4243902439024,73,132,39,36.360950510890504,0.5553353658536586,41.92004504504506,8258.55855855859,113.13093915833686,0
1205,32,1,0,206,0.0048543689320388345,0.0,1.0,206,5750,4000,1750,0.6956521739130435,75,40,35,214.36841860288808,0.4525505170100245,0.7943884690447682,0.132705600530645,1067324.6094952323,-1189.862265312246,1066134.74722992,1204,0,512.9223300970874,75,131,40,36.18481567961508,0.5570388349514563,41.721491228070185,8264.91228070178,110.19883040935706,0
1206,32,1,0,207,0.004830917874396135,0.0,1.0,207,5950,4200,1750,0.7058823529411765,77,42,35,213.75425500495166,0.45279790660225444,0.7948031234703046,0.13288362051695637,1068572.7975016427,-1667.6035502959126,1066905.193951347,1205,0,511.43961352657004,64,143,40,36.046472570176526,0.5586755233494364,41.57051282051282,8269.743589743583,129.21474358974348,0
1207,32,0,2,205,0.0,0.00966183574879227,0.9903381642512077,207,7550,5600,1950,0.7417218543046358,95,56,39,214.5413284090657,0.45303534856088673,0.7943206193671981,0.13383914859091067,1069605.1582746664,-3055.09769411274,1066550.0605805537,1206,1,512.43961352657,65,142,40,35.89864892361535,0.5606884057971014,41.44570707070707,8273.737373737376,127.28826728826733,0
1208,32,0,1,204,0.0,0.004878048780487805,0.9951219512195122,205,5900,4100,1800,0.6949152542372882,77,41,36,211.38123764122182,0.4529640921409214,0.7887579858198224,0.1324828477876812,1070978.5856009047,-1623.0442176871998,1069355.5413832176,1207,2,512.3951219512195,69,136,42,35.810901491621635,0.5622967479674796,41.2797619047619,8279.047619047602,119.98619737750148,0
1209,32,0,2,202,0.0,0.00980392156862745,0.9901960784313726,204,6400,5100,1300,0.796875,77,51,26,213.93087766455992,0.45267172961138474,0.7914978778452375,0.1345590900048426,1072026.910583219,-1332.068427780975,1070694.8421554381,1208,3,515.6421568627451,70,134,41,35.615636040733825,0.5636233660130718,41.15316901408451,8283.098591549306,118.3299798792758,0
1210,32,0,1,201,0.0,0.0049504950495049506,0.995049504950495,202,6100,4100,2000,0.6721311475409836,81,41,40,214.90062435239105,0.4521164803047469,0.7906039887656389,0.13560558173668946,1072974.3437376192,-383.42872333777996,1072590.9150142814,1209,4,521.1782178217821,72,130,38,35.47372070384249,0.5647689768976898,41.038812785388124,8286.757990867573,115.09386098427184,0
1211,32,0,1,200,0.0,0.004975124378109453,0.9950248756218906,201,4450,2500,1950,0.5617977528089888,64,25,39,213.15112884316244,0.4519247512437811,0.7882049405958358,0.13488179658932092,1073802.2331946797,1126.4316319509667,1074928.6648266306,1210,5,524.3383084577115,72,129,39,35.41701092444688,0.5657649253731343,40.93892694063927,8289.954337899548,115.13825469304928,0
1212,32,0,1,199,0.0,0.005,0.995,200,4650,2600,2050,0.5591397849462365,67,26,41,215.87549951417452,0.4514646147403685,0.7906319785618574,0.13692499813377837,1074485.8110425263,1741.0322359397387,1076226.843278466,1211,6,527.86,71,129,41,35.262207830876875,0.5666666666666667,40.85648148148149,8292.59259259261,116.79707876891,0
1213,32,1,0,200,0.005,0.0,1.0,200,5950,4100,1850,0.6890756302521008,78,41,37,211.07542711285444,0.4519252512562814,0.7853777681285292,0.13465559796146917,1076172.5915104295,-519.2821199577538,1075653.3093904718,1212,0,525.67,73,127,42,35.17897850629615,0.5684374999999999,40.653153153153156,8299.0990990991,113.68628902875479,0
1214,32,1,0,201,0.004975124378109453,0.0,1.0,201,5150,3100,2050,0.6019417475728155,72,31,41,208.74396613368378,0.4520066334991708,0.784575352282272,0.1337414064411727,1077423.6471549417,-368.8629373317626,1077054.78421761,1213,0,524.0497512437811,67,134,42,35.08559622195986,0.5698072139303483,40.50245098039216,8303.92156862746,123.9391278899621,0
1215,32,0,0,201,0.0,0.0,1.0,201,6150,4500,1650,0.7317073170731707,78,45,33,206.99124402874028,0.451875,0.7829197329049351,0.1330702214415795,1078412.0144285762,-1705.6311115777662,1076706.3833169984,1214,1,525.0497512437811,68,133,42,35.009618925781616,0.5710509950248757,40.3834541062802,8307.729468599044,122.17249218528005,0
1216,32,0,0,201,0.0,0.0,1.0,201,4750,3200,1550,0.6736842105263158,63,32,31,205.12718623226402,0.4518024461028192,0.7808067334775672,0.13223457577143252,1079208.8347770504,-674.9856730366901,1078533.8491040138,1215,2,526.0497512437811,70,131,39,34.96015045380934,0.572294776119403,40.28755868544601,8310.798122065728,118.72568745808182,0
1217,32,0,1,200,0.0,0.004975124378109453,0.9950248756218906,201,6050,4300,1750,0.7107438016528925,78,43,35,202.92928003400095,0.45142723880597013,0.7789414459315176,0.1317280817792969,1081214.8491083703,-2367.9698216733764,1078846.879286697,1216,3,527.0497512437811,71,130,41,34.771074502819815,0.5735903814262023,40.046296296296305,8318.518518518538,117.16223265519068,0
1218,32,0,2,198,0.0,0.01,0.99,200,5550,4100,1450,0.7387387387387387,70,41,29,202.62053745145775,0.4512201633165829,0.7779939101333182,0.1320402050814345,1082336.1982913208,-1689.2915598089212,1080646.906731512,1217,4,530.13,72,128,40,34.641603116256086,0.5747395833333333,39.9115296803653,8322.831050228317,115.5948756976155,0
1219,32,0,1,197,0.0,0.005050505050505051,0.9949494949494949,198,4450,2900,1550,0.651685393258427,60,29,31,205.40599156545602,0.450653425114085,0.7790718573636721,0.1342304270462634,1083141.2894375883,446.74211248299434,1083588.0315500712,1218,5,532.9242424242424,71,127,40,34.470455219454315,0.575915404040404,39.814814814814824,8325.925925925947,117.26656233698517,0
1220,32,0,0,197,0.0,0.0,1.0,197,5700,4300,1400,0.7543859649122807,71,43,28,213.14409766744186,0.4503943074691806,0.7858924033870274,0.14004944599200259,1084707.7847704473,1139.8124035492965,1085847.5971739965,1219,6,535.9289340101523,71,126,40,34.077033672278695,0.5774640439932318,39.62673611111111,8331.944444444442,117.35133020344284,0
1221,32,0,1,196,0.0,0.005076142131979695,0.9949238578680203,197,5950,4900,1050,0.8235294117647058,70,49,21,216.21059549525995,0.450011222763217,0.7891019865812468,0.14257619593409554,1085737.2822156488,1599.580867850144,1087336.863083499,1220,7,536.9289340101523,64,133,39,33.87098841382136,0.5791032148900169,39.50320512820513,8335.897435897445,130.24839743589757,0
1222,32,0,0,196,0.0,0.0,1.0,196,5750,3600,2150,0.6260869565217392,79,36,43,215.74413423032183,0.4496691304727019,0.7876993221164006,0.14318510861192,1087569.8310440269,1977.3623227222752,1089547.1933667492,1221,9,540.6326530612245,65,131,43,33.65865316706013,0.5804102891156462,39.2834595959596,8342.929292929299,128.35275835275843,0
1223,32,0,0,196,0.0,0.0,1.0,196,4950,3100,1850,0.6262626262626263,68,31,37,217.6985452045041,0.449357339089482,0.7895847574934132,0.1450574341318973,1088700.1714066502,3251.6886958244554,1091951.8601024747,1222,10,541.6326530612245,66,130,42,33.46930007549572,0.5817920918367347,39.14800995024876,8347.263681592054,126.47369214533416,0
1224,32,1,0,197,0.005076142131979695,0.0,1.0,197,5400,3700,1700,0.6851851851851852,71,37,34,214.4653667674759,0.4496788563140992,0.7873886853460434,0.14351423379377187,1089911.1429988663,1949.6386054421528,1091860.7816043084,1223,0,539.8781725888325,69,128,45,33.40549394682326,0.5835448392554992,39.00297619047619,8351.904761904763,121.04209799861975,0
1225,32,0,1,196,0.0,0.005076142131979695,0.9949238578680203,197,5400,3900,1500,0.7222222222222222,69,39,30,214.18740061093482,0.4495871318070375,0.7819473709414817,0.13572962451758158,1074217.0864197535,1216.7530864198188,1075433.8395061733,1224,1,540.8781725888325,74,123,40,35.339055353058896,0.5692681895093062,40.88888888888889,8291.55555555556,112.04804804804812,8
1226,32,0,1,195,0.0,0.00510204081632653,0.9948979591836735,196,5700,4300,1400,0.7543859649122807,71,43,28,232.54617996112282,0.4493769623233909,0.7945163901254566,0.14049428134081512,1060041.8402777764,4401.736111111072,1064443.5763888874,1225,13,544.6326530612245,69,127,37,36.618524888709054,0.550435799319728,42.604166666666664,8236.666666666657,119.37198067632836,8
1227,32,3,0,198,0.015151515151515152,0.0,1.0,198,5100,3400,1700,0.6666666666666666,68,34,34,225.5889463105561,0.45056957049342833,0.7906245508121323,0.1373072877937475,1062273.7777777745,3227.444444444335,1065501.2222222188,1226,0,539.7828282828283,74,124,37,36.52065815006468,0.5528198653198653,42.33333333333332,8245.333333333307,111.42342342342306,0
1228,32,0,0,198,0.0,0.0,1.0,198,6250,4400,1850,0.704,81,44,37,229.79812513591963,0.45056850228170026,0.7948189163229586,0.14058752218391324,1063807.1170282618,3042.176199868069,1066849.2932281299,1227,1,540.7828282828283,77,121,40,36.22203231821008,0.5542929292929293,42.14743589743587,8251.28205128198,107.15950715950623,0
1229,32,0,1,197,0.0,0.005050505050505051,0.9949494949494949,198,5500,3800,1700,0.6909090909090909,72,38,34,227.77335092051632,0.4505289784477602,0.7937734225582427,0.13999865762533908,1065196.00694444,3424.6527777775595,1068620.6597222176,1228,2,541.7828282828283,79,119,35,36.10213968510291,0.5557659932659933,41.97916666666665,8256.666666666631,104.51476793248901,0
1230,32,2,1,198,0.010050251256281407,0.005025125628140704,0.9949748743718593,199,5600,4100,1500,0.7321428571428571,71,41,30,229.51830351647646,0.4512186352638614,0.797748518303484,0.14204982127225152,1067252.7745761403,3590.8092487933595,1070843.5838249337,1229,0,539.7989949748744,81,118,37,35.80241790041476,0.557893634840871,41.73018292682925,8264.634146341425,102.03252032520277,0
1231,32,1,1,198,0.005025125628140704,0.005025125628140704,0.9949748743718593,199,4950,3200,1750,0.6464646464646465,67,32,35,227.19919889943083,0.45119854322115627,0.7957711745069589,0.1413460502887611,1068791.0899653987,3815.6958861976145,1072606.7858515962,1230,0,540.7788944723618,67,132,38,35.672020704915425,0.5596210217755444,41.544117647058826,8270.588235294124,123.44161545215111,0
1232,32,0,0,198,0.0,0.0,1.0,198,6300,4400,1900,0.6984126984126984,82,44,38,225.29880976993397,0.45092955784580147,0.7929965386167199,0.14039362512737816,1069275.8874186098,2281.3169502205283,1071557.2043688304,1231,1,543.8030303030303,68,130,38,35.66120649380987,0.5615530303030303,41.48550724637681,8272.463768115944,121.65387894288153,0
1233,32,2,2,198,0.01,0.01,0.99,200,5350,3900,1450,0.7289719626168224,68,39,29,218.31263724816543,0.45183888190954774,0.7879969115376146,0.1368756825236417,1071083.2238693892,1416.200663038454,1072499.4245324277,1232,0,539.355,72,128,40,35.618657621883955,0.5633854166666667,41.26712328767122,8279.452054794483,114.99238964992338,0
1234,32,1,2,197,0.005025125628140704,0.010050251256281407,0.9899497487437185,199,4900,3100,1800,0.6326530612244898,67,31,36,213.39559445151127,0.4516109588345769,0.7818573481893749,0.13442939060609033,1072479.912764004,1072.497704315947,1073552.41046832,1233,0,542.251256281407,76,123,44,35.57364057546942,0.5651172529313233,41.09848484848485,8284.848484848488,109.01116427432221,0
1235,32,1,2,196,0.005050505050505051,0.010101010101010102,0.98989898989899,198,5350,3900,1450,0.7289719626168224,68,39,29,227.93312792232987,0.4509300919516655,0.7916251855733114,0.1407345113684147,1066547.9733560174,3670.3231292521255,1070218.2964852694,1234,0,545.2020202020202,76,122,37,35.930595581171985,0.5620265151515151,41.81547619047622,8261.904761904827,108.70927318295826,8
1236,32,0,1,195,0.0,0.00510204081632653,0.9948979591836735,196,5650,4500,1150,0.7964601769911505,68,45,23,230.68342574591293,0.4506295787545787,0.7928930837266002,0.14291866889191746,1067559.7860919714,4403.669728853954,1071963.4558208254,1235,1,547.9438775510204,78,118,37,35.734324485281626,0.5634034863945578,41.69303797468354,8265.822784810118,105.9720869847451,0
1237,32,3,0,198,0.015151515151515152,0.0,1.0,198,6350,4700,1650,0.7401574803149606,80,47,33,221.81728389635632,0.45120569057751797,0.7873324361186547,0.13875610222180007,1070410.5715234878,1537.1131258572004,1071947.684649345,1236,0,542.9646464646464,71,127,40,35.61103963903495,0.5658143939393939,41.34837962962962,8276.851851851827,116.57537819509615,0
1238,32,0,2,196,0.0,0.010101010101010102,0.98989898989899,198,5500,4100,1400,0.7454545454545455,69,41,28,220.53205820702487,0.45097549095011025,0.7860018007520784,0.1384724240441247,1071520.0861082238,2160.9059999229285,1073680.9921081467,1237,1,543.9646464646464,75,123,37,35.5073111417121,0.5674452861952861,41.21436403508771,8281.140350877178,110.41520467836237,0
1239,32,0,0,196,0.0,0.0,1.0,196,5150,4000,1150,0.7766990291262136,63,40,23,217.94868498737924,0.4504377071341357,0.7813043068813079,0.1370877368244948,1072030.1512345658,2379.5123456788606,1074409.6635802446,1238,2,549.8316326530612,74,122,41,35.51123660818085,0.5682929421768708,41.15277777777777,8283.111111111095,111.93393393393372,0
1240,32,0,0,196,0.0,0.0,1.0,196,4100,2800,1300,0.6829268292682927,54,28,26,219.24889853454476,0.45034613204256063,0.7838101878812027,0.1382840481826134,1072835.604938272,3743.604938271615,1076579.2098765436,1239,3,550.8316326530612,74,122,42,35.37822713294716,0.5693558673469388,41.05555555555556,8286.222222222224,111.97597597597601,0
1241,32,0,0,196,0.0,0.0,1.0,196,5400,4200,1200,0.7777777777777778,66,42,24,223.99749913949768,0.4503608494679923,0.7867013334456134,0.14185007458070112,1074018.5952648907,3515.4958737304505,1077534.091138621,1240,4,551.8316326530612,75,121,36,35.10934110987673,0.5706845238095238,40.912828947368425,8290.789473684223,110.54385964912296,0
1242,32,1,2,195,0.005076142131979695,0.01015228426395939,0.9898477157360406,197,5250,3900,1350,0.7428571428571429,66,39,27,222.2857760040746,0.44998100763147897,0.7874882246585508,0.1415936014845501,1075732.6541153693,3174.013558591667,1078906.667673961,1241,0,550.0253807106599,76,121,38,34.942435783725536,0.5723350253807107,40.706168831168846,8297.40259740263,109.17634996582407,0
1243,32,0,2,193,0.0,0.010256410256410256,0.9897435897435898,195,5100,3600,1500,0.7058823529411765,66,36,30,229.8383817589064,0.4494647105471848,0.7927944958907913,0.14707330314264905,1077061.3370128018,5410.006950821149,1082471.343963623,1242,1,552.8307692307692,65,130,41,34.58283908185818,0.5738782051282052,40.54608585858585,8302.525252525229,127.73115773115737,0
1244,32,0,0,193,0.0,0.0,1.0,193,5200,3300,1900,0.6346153846153846,71,33,38,233.26184159460678,0.44877235355497985,0.7921058502211307,0.1496005352254956,1077716.6233037421,6478.032853790281,1084194.6561575325,1243,2,559.1709844559585,65,128,40,34.4132611692208,0.5748056994818653,40.46717171717171,8305.050505050487,127.7700077700075,0
1245,32,0,1,192,0.0,0.0051813471502590676,0.9948186528497409,193,5350,4200,1150,0.7850467289719626,65,42,23,231.34131736527036,0.4484518926309729,0.790405510223078,0.14882126348228036,1078601.0866067624,5954.9992574438475,1084556.0858642063,1244,3,560.1709844559585,66,127,40,34.35416666666665,0.5758851468048359,40.36069651741292,8308.457711442748,125.8857229006477,0
1246,32,0,0,192,0.0,0.0,1.0,192,6250,4700,1550,0.752,78,47,31,239.03532997584477,0.4479910876599767,0.7836827118432912,0.15012868991007267,1071594.6747448968,6579.797335600897,1078174.4720804978,1245,4,563.8125,69,123,39,35.01925085772335,0.5718858506944444,41.20535714285714,8281.428571428562,120.02070393374727,8
1247,32,0,1,191,0.0,0.005208333333333333,0.9947916666666666,192,5950,4400,1550,0.7394957983193278,75,44,31,232.59748447301928,0.4478621291448517,0.7769401769087532,0.1468087084649873,1073046.6070816168,5567.588305898392,1078614.1953875152,1246,5,564.8125,71,121,39,35.00651769087526,0.5735677083333333,41.03009259259259,8287.037037037024,116.71883150756372,0
1248,32,0,0,191,0.0,0.0,1.0,191,5500,3500,2000,0.6363636363636364,75,35,40,231.14150441447842,0.4469263800863415,0.7742903081291632,0.14624326120552375,1073756.4938271574,5937.938271604739,1079694.4320987621,1247,6,568.6806282722513,74,117,40,34.95659536064048,0.5747709424083769,40.944444444444436,8289.777777777754,112.0240240240237,0
1249,32,0,0,191,0.0,0.0,1.0,191,6900,5300,1600,0.7681159420289855,85,53,32,232.13498373186604,0.4464097088270414,0.7762511406533075,0.14798122724164078,1075957.1626515612,4853.459689660933,1080810.6223412221,1248,7,569.6806282722513,76,115,43,34.65936755525412,0.5767888307155322,40.67911255411255,8298.26839826839,109.18774208247882,0
1250,32,0,0,191,0.0,0.0,1.0,191,5800,5000,800,0.8620689655172413,66,50,16,235.60846106981006,0.4460997060714614,0.7763304669758966,0.15088739969986828,1077296.4462286152,6764.031562379971,1084060.4777909953,1249,8,570.6806282722513,67,124,40,34.40414871007734,0.5783158813263525,40.51776960784314,8303.43137254903,123.93181153058254,0
1251,32,0,0,191,0.0,0.0,1.0,191,5700,4100,1600,0.7192982456140351,73,41,32,235.08838186878572,0.4456163314044273,0.7765192997194676,0.1513760982882036,1078877.9053287993,6826.332199546558,1085704.2375283458,1250,9,571.6806282722513,69,122,43,34.2227793696275,0.5798974694589878,40.327380952380956,8309.523809523818,120.42788129744665,0
1252,32,1,0,192,0.005208333333333333,0.0,1.0,192,4900,3300,1600,0.673469387755102,65,33,32,232.20961770912965,0.44603057737056423,0.7758584502207886,0.15060931378202957,1080974.1646304864,6902.5195044582,1087876.6841349446,1251,0,569.6979166666666,71,121,42,34.03952836839958,0.5815972222222222,40.07523148148148,8317.592592592588,117.14919144496602,0
1253,32,0,1,191,0.0,0.005208333333333333,0.9947916666666666,192,4950,3400,1550,0.6868686868686869,65,34,31,229.51139462945412,0.4459658140634089,0.772840095088593,0.14940075773025158,1082021.662710009,6317.260165571046,1088338.92287558,1252,1,570.6979166666666,73,119,36,33.9808649994587,0.5830078125,39.94932432432433,8321.621621621634,113.99481673454294,0
1254,32,0,1,190,0.0,0.005235602094240838,0.9947643979057592,191,4650,2800,1850,0.6021505376344086,65,28,37,230.51995150293368,0.4455727013869753,0.7729753874006196,0.15027746889973143,1082444.0242430381,7054.9887946291665,1089499.0130376674,1253,2,568.6753926701571,75,116,36,33.90271776360858,0.5840423211169284,39.898574561403514,8323.245614035102,110.9766081871347,0
1255,32,0,0,190,0.0,0.0,1.0,190,6150,4000,2150,0.6504065040650406,83,40,43,234.78678436525945,0.4450344611528822,0.7783268680320117,0.15365700239789967,1083565.3364197535,6731.364197531011,1090296.7006172845,1254,3,572.3368421052631,74,116,38,33.65388891853908,0.5853618421052631,39.76388888888889,8327.55555555556,112.5345345345346,0
1256,32,0,0,190,0.0,0.0,1.0,190,6350,5300,1050,0.8346456692913385,74,53,21,236.8537987826129,0.44475656734428665,0.7811700282824292,0.15533540545927169,1084167.755945352,7007.850302655384,1091175.6062480074,1255,4,573.3368421052631,76,114,40,33.52605411772856,0.5867324561403509,39.691558441558435,8329.870129870118,109.60355434039629,0
1257,32,1,0,191,0.005235602094240838,0.0,1.0,191,5300,4000,1300,0.7547169811320755,66,40,26,230.3379871021051,0.4447885092311932,0.7756128751419575,0.15201234562070226,1085963.2150194622,6527.716202902611,1092490.9312223648,1256,0,571.3298429319372,67,124,41,33.475247937123946,0.5882962478184992,39.476102941176464,8336.76470588234,124.42932396839313,0
1258,32,0,0,191,0.0,0.0,1.0,191,4500,3000,1500,0.6666666666666666,60,30,30,231.93099914976864,0.4446312115366951,0.777752199556089,0.15340630472534433,1086601.8478469795,7703.330449826832,1094305.1782968063,1257,1,572.3298429319372,67,124,41,33.355376596912016,0.5891688481675392,39.39950980392156,8339.21568627449,124.4659057652909,0
1259,32,0,0,191,0.0,0.0,1.0,191,5800,4600,1200,0.7931034482758621,70,46,24,232.10604051055228,0.4447931018646092,0.7785779306097373,0.1540043938966505,1087496.2491890131,6482.889693867728,1093979.1388828808,1258,2,573.3298429319372,67,124,41,33.241095736138014,0.5904777486910995,39.2922794117647,8342.647058823524,124.51712028094812,0
1260,32,0,1,190,0.0,0.005235602094240838,0.9947643979057592,191,5400,3800,1600,0.7037037037037037,70,38,32,234.6700778083199,0.4445588775603931,0.7777822235572827,0.15669098036142773,1089289.8100907062,7524.744897959363,1096814.5549886655,1259,3,574.3298429319372,69,122,40,32.954307820995396,0.5921684118673647,39.07738095238096,8349.523809523835,121.00759144237442,0
1261,32,0,0,190,0.0,0.0,1.0,190,6050,4500,1550,0.743801652892562,76,45,31,232.52404609702177,0.44392868745938924,0.7748028608105617,0.1558979983515607,1090455.6112103024,6661.430161564309,1097117.0413718668,1260,4,578.1789473684211,70,120,42,32.867469371698334,0.5934758771929824,38.93779342723006,8353.990610328676,119.34272300469537,0
1262,32,0,0,190,0.0,0.0,1.0,190,5650,3900,1750,0.6902654867256637,74,39,35,227.3954601997642,0.44353592314118634,0.7686579867500902,0.15302376851090085,1091500.1772273362,5990.437021747123,1097490.6142490834,1261,5,579.1789473684211,72,118,43,32.87350670163169,0.5948464912280702,38.81278538812787,8357.990867579952,116.083206494166,0
1263,32,0,2,188,0.0,0.010526315789473684,0.9894736842105263,190,4750,3500,1250,0.7368421052631579,60,35,25,227.03751072946466,0.4431031281908475,0.7694103639281458,0.15339921632602638,1092635.7996711147,6863.862418245921,1099499.6620893606,1262,6,580.1789473684211,76,114,43,32.743934530896816,0.5961622807017544,38.676948051948074,8362.337662337713,110.03075871496992,0
1264,32,0,1,187,0.0,0.005319148936170213,0.9946808510638298,188,6050,4700,1350,0.7768595041322314,74,47,27,228.58125447275364,0.4421969222892252,0.7700618893867406,0.15513859184598364,1093901.44641683,6359.0729783036795,1100260.5193951337,1263,7,586.5106382978723,64,124,44,32.54882732695922,0.5981826241134751,38.52564102564102,8367.179487179477,130.73717948717933,0
1265,32,0,1,186,0.0,0.0053475935828877,0.9946524064171123,187,5550,3900,1650,0.7027027027027027,72,39,33,233.39376045064733,0.4414328292411784,0.7753502960421261,0.15908781375185033,1095108.5839907948,8168.302103879019,1103276.8860946738,1264,8,590.0,64,123,39,32.27539561000512,0.5995989304812834,38.381410256410255,8371.794871794868,130.8092948717948,0
1266,32,0,0,186,0.0,0.0,1.0,186,4550,3000,1550,0.6593406593406593,61,30,31,233.61245610107397,0.4414353869999031,0.7747450930038462,0.1596014888591638,1095749.0028122128,9446.123163452756,1105195.1259756656,1265,9,590.2849462365591,65,121,44,32.19140130269586,0.6005824372759856,38.30492424242424,8374.242424242422,128.83449883449882,0
1267,32,0,0,186,0.0,0.0,1.0,186,5450,3800,1650,0.6972477064220184,71,38,33,233.38465474016638,0.44136152281313573,0.7747613502170234,0.15999908279840275,1096717.1618187707,8541.391231737747,1105258.5530505085,1266,10,591.2849462365591,67,119,43,32.07907914496909,0.6015905017921147,38.189338235294116,8377.941176470582,125.04389815627734,0
1268,32,0,1,185,0.0,0.005376344086021506,0.9946236559139785,186,4600,2600,2000,0.5652173913043478,66,26,40,231.95644801857446,0.4411792841228325,0.7728819916602829,0.15961287717056116,1097755.1162131538,9126.275510204154,1106881.391723358,1267,11,592.2849462365591,69,117,41,31.98973601484679,0.6028785842293907,38.0654761904762,8381.904761904776,121.4768806073156,0
1269,32,0,0,185,0.0,0.0,1.0,185,5450,4200,1250,0.7706422018348624,67,42,25,231.82645497583434,0.44055645319232273,0.7718575150175018,0.16015653720184067,1098857.1807484569,8498.832947530895,1107356.0136959876,1268,12,596.0,71,114,43,31.85864524677046,0.6043918918918919,37.93402777777778,8386.111111111111,118.11424100156495,0
1270,32,0,0,185,0.0,0.0,1.0,185,5100,3600,1500,0.7058823529411765,66,36,30,232.5735968459332,0.4404609772816295,0.7732580874380455,0.16104823021698575,1099505.4608171207,9043.18795479655,1108548.6487719172,1269,13,597.0,72,113,39,31.759974960535615,0.6055743243243243,37.85673515981735,8388.584474885833,116.50811770674767,0
1271,32,0,0,185,0.0,0.0,1.0,185,5700,4300,1400,0.7543859649122807,71,43,28,236.28852733730457,0.44004480023501763,0.7743970266300684,0.16447148799854866,1100942.33139947,9328.008433935927,1110270.339833406,1270,14,598.0,72,113,41,31.48731164663002,0.6069819819819819,37.68550228310502,8394.063926940638,116.58422120750886,0
1272,32,0,0,185,0.0,0.0,1.0,185,4800,3400,1400,0.7083333333333334,62,34,28,236.4441662900244,0.43986486486486487,0.7752959500220962,0.16530097707667787,1102150.0277777812,10319.388888889065,1112469.4166666702,1271,15,599.0,74,111,43,31.335992485579702,0.6080518018018017,37.54166666666668,8398.666666666693,113.49549549549586,0
1273,32,0,0,185,0.0,0.0,1.0,185,5450,4300,1150,0.7889908256880734,66,43,23,237.5503102985897,0.4398232471602037,0.7774739037631213,0.1667663317615158,1103295.598025708,9967.642332414804,1113263.2403581229,1272,16,600.0,65,120,41,31.167357855511472,0.6092342342342343,37.40530303030302,8403.030303030275,129.27738927738883,0
1274,32,0,1,184,0.0,0.005405405405405406,0.9945945945945946,185,4800,3500,1300,0.7291666666666666,61,35,26,237.1627949487293,0.43963474343909126,0.7777655162707542,0.16720125456147564,1104459.8254065472,10587.355820400388,1115047.1812269476,1273,17,601.0,66,119,43,31.035736828609174,0.6103603603603603,37.26679104477611,8407.462686567149,127.38579828132043,0
1275,32,0,0,184,0.0,0.0,1.0,184,5550,4100,1450,0.7387387387387387,70,41,29,243.41103960256774,0.4391853765740081,0.780370427993551,0.17226247160153177,1105505.7772394195,11468.462104898057,1116974.2393443175,1274,18,604.6902173913044,66,118,42,30.744169081839853,0.611526268115942,37.142412935323364,8411.44278606961,127.44610281923653,0
1276,32,0,0,184,0.0,0.0,1.0,184,5800,4100,1700,0.7068965517241379,75,41,34,250.42728457300558,0.43873866516195453,0.7836400558914853,0.17803909201702675,1106754.0958049847,12832.28458049863,1119586.3803854834,1275,19,605.6902173913044,69,115,43,30.407660970917735,0.6126585144927537,36.994047619047606,8416.190476190444,121.97377501725282,0
1277,32,0,0,184,0.0,0.0,1.0,184,4400,2900,1500,0.6590909090909091,59,29,30,251.49634832601038,0.43838723568543597,0.7847249285722826,0.17928110914576625,1107488.2685238766,14505.851069530156,1121994.1195934068,1276,20,606.6902173913044,71,113,44,30.29013151865088,0.6137907608695652,36.9068287037037,8418.981481481478,118.57720396452785,0
1278,32,0,0,184,0.0,0.0,1.0,184,5500,4000,1500,0.7272727272727273,70,40,30,249.17178241182683,0.4379955898075552,0.7823711964772333,0.17812885096138492,1108260.9307562388,12929.470298784421,1121190.401055023,1277,21,607.6902173913044,72,112,37,30.257242644401057,0.6149796195652174,36.81506849315068,8421.917808219174,116.97108066971074,0
1279,32,0,1,183,0.0,0.005434782608695652,0.9945652173913043,184,5350,3800,1550,0.7102803738317757,69,38,31,247.13114631475628,0.43759713807713635,0.7801586709942312,0.17710286874843867,1108926.0030864188,12660.030864197457,1121586.0339506164,1278,22,608.6902173913044,74,110,37,30.230040446671925,0.6164515398550725,36.73611111111111,8424.444444444436,113.84384384384373,0
1280,32,0,0,183,0.0,0.0,1.0,183,4650,3400,1250,0.7311827956989247,59,34,25,244.76556201926206,0.4366468003763086,0.7765865823841887,0.17572630708199002,1109418.7153739596,13059.499076638922,1122478.2144505985,1279,23,612.3879781420765,75,108,39,30.232406829065166,0.6178847905282332,36.67763157894736,8426.31578947367,112.35087719298227,0
1281,32,0,1,182,0.0,0.00546448087431694,0.994535519125683,183,5450,4000,1450,0.7339449541284404,69,40,29,244.41554803628736,0.4364478872675594,0.7772566027507037,0.17615649083858856,1110468.8934802576,12233.17263544536,1122702.066115703,1280,24,613.3879781420765,76,107,41,30.113976755331894,0.61908014571949,36.553030303030305,8430.303030303034,110.92503987240833,0
1282,32,0,0,182,0.0,0.0,1.0,182,5800,4500,1300,0.7758620689655172,71,45,26,226.02796935043773,0.4357051787991015,0.7703334318196577,0.15608252416486756,1098735.8572584437,7469.006933727664,1106204.8641921715,1281,25,610.7637362637363,71,111,44,32.02539842470416,0.6062271062271063,37.94849537037037,8385.64814814814,118.10772039645268,8
1283,32,0,0,182,0.0,0.0,1.0,182,5050,3200,1850,0.6336633663366337,69,32,37,226.43428314039912,0.43546359257685224,0.7693101261154949,0.15695342476702392,1099782.0825470737,8355.673494440352,1108137.756041514,1282,26,611.7637362637363,73,109,40,31.88719239373603,0.6073717948717949,37.82376126126126,8389.639639639638,114.92657040602244,0
1284,32,0,0,182,0.0,0.0,1.0,182,5250,3600,1650,0.6857142857142857,69,36,33,226.96625038407763,0.4351397911480785,0.7705332481309612,0.1576739050681437,1100400.9999999977,8300.777777777672,1108701.7777777754,1283,27,612.7637362637363,74,108,41,31.79781008367758,0.6085164835164836,37.74999999999999,8391.999999999982,113.40540540540516,0
1285,32,0,0,182,0.0,0.0,1.0,182,4450,2600,1850,0.5842696629213483,63,26,37,225.56408932198957,0.4349709337623702,0.7693900056214416,0.15711705532083384,1101136.7852926273,8825.38323869478,1109962.1685313222,1284,28,613.7637362637363,76,106,43,31.744942072332222,0.6094894688644689,37.662337662337656,8394.805194805178,110.45796308954182,0
1286,32,0,0,182,0.0,0.0,1.0,182,5200,3300,1900,0.6346153846153846,71,33,38,239.96550798386542,0.43460792200433085,0.7874290572280604,0.15537699910723896,1080486.0012755077,10255.87443310644,1090741.8757086142,1285,29,614.7637362637363,69,113,39,33.898039187615694,0.5867101648351649,40.13392857142856,8315.714285714266,120.51759834368502,8
1287,32,0,0,182,0.0,0.0,1.0,182,5100,3500,1600,0.6862745098039216,67,35,32,228.73113191423153,0.43470531540282925,0.771601371746824,0.13980691477523405,1063533.8549382656,7152.660493826866,1070686.5154320926,1286,30,615.7637362637363,74,108,43,36.28342221982797,0.5683951465201464,42.180555555555536,8250.222222222175,111.48948948948886,8
1288,32,2,0,184,0.010869565217391304,0.0,1.0,184,5300,3600,1700,0.6792452830188679,70,36,34,222.5304412597478,0.43532460204324064,0.7678102447651898,0.13676117068375393,1065163.3463298213,5306.253894496753,1070469.600224318,1287,0,610.0597826086956,78,106,37,36.2414613995639,0.5698596014492754,41.98312236286918,8256.540084388147,105.85307800497624,0
1289,32,0,0,184,0.0,0.0,1.0,184,5750,4100,1650,0.7130434782608696,74,41,33,221.86237296023293,0.43539204185475566,0.7670473876453199,0.1367310147461009,1065993.2936124261,4750.760336109068,1070744.0539485351,1288,1,611.0597826086956,81,103,37,36.155968551601944,0.5710484601449275,41.88262195121949,8259.756097560921,101.97229750075212,0
1290,32,0,0,184,0.0,0.0,1.0,184,6750,4900,1850,0.725925925925926,86,49,37,218.01284910438105,0.4352293201077057,0.7638138515847965,0.1349347283297748,1067265.2731520792,2985.508590009783,1070250.781742089,1289,2,612.0597826086956,83,101,40,36.09802379923496,0.5729166666666667,41.72867063492062,8264.682539682495,99.57448842990958,0
1291,32,1,0,185,0.005405405405405406,0.0,1.0,185,4800,3700,1100,0.7708333333333334,59,37,22,216.678906784836,0.43575940070505287,0.7598918550661484,0.1346712160941459,1068505.6012916293,4504.525116268738,1073010.126407898,1290,0,609.7459459459459,70,115,41,35.97919268763484,0.5744932432432432,41.57863849765258,8269.483568075106,118.13547954393009,0
1292,32,0,0,185,0.0,0.0,1.0,185,4900,3300,1600,0.673469387755102,65,33,32,215.28783825686716,0.4358377399138269,0.7582991977516755,0.1342252255174782,1069429.8622839386,4147.0486436896645,1073576.9109276282,1291,1,610.7459459459459,72,113,42,35.90099164734887,0.575563063063063,41.46689497716895,8273.059360730591,114.90360223236932,0
1293,32,0,1,184,0.0,0.005405405405405406,0.9945945945945946,185,5100,3500,1600,0.6862745098039216,67,35,32,210.92781832267573,0.43596136897767335,0.753229574468701,0.1321029436475511,1070765.0493827194,3070.82716049398,1073835.8765432134,1292,2,611.7459459459459,74,111,43,35.84897007766915,0.5769144144144145,41.305555555555564,8278.222222222248,111.86786786786821,0
1294,32,3,0,187,0.016042780748663103,0.0,1.0,187,5500,3700,1800,0.6727272727272727,73,37,36,207.4697631625425,0.4366506622199222,0.7521211744867122,0.1311469970954075,1073490.258789067,1643.353949653001,1075133.61273872,1293,0,605.9946524064171,79,108,39,35.60260937683273,0.5793226381461676,40.976562500000014,8288.750000000035,104.92088607594981,0
1295,32,1,0,188,0.005319148936170213,0.0,1.0,188,4250,2900,1350,0.6823529411764706,56,29,27,203.83583697136498,0.4370602931694922,0.7473636944501736,0.1292386438608552,1074372.8974432924,1949.1397539408872,1076322.0371972334,1294,0,603.7659574468086,84,104,40,35.588101994167275,0.5803413120567376,40.87009803921569,8292.156862745109,98.71615312791796,0
1296,32,1,0,189,0.005291005291005291,0.0,1.0,189,4900,3100,1800,0.6326530612244898,67,31,36,200.17597051629133,0.4371388232203835,0.7435329401576396,0.1273010047593384,1075253.7808641982,347.9938271605879,1075601.774691359,1295,0,601.5661375661375,89,100,42,35.57460487543533,0.5817901234567902,40.76388888888889,8295.555555555562,93.20848938826474,0
1297,32,2,0,191,0.010471204188481676,0.0,1.0,191,5700,4000,1700,0.7017543859649122,74,40,34,202.41020954767401,0.4378410030311381,0.7511399840620459,0.12982310271780492,1077736.7891189987,-271.0141354373018,1077465.7749835614,1296,0,596.2565445026178,77,114,40,35.211485026242656,0.5840423211169284,40.464743589743584,8305.12820512819,107.85880785880767,0
1298,32,0,0,191,0.0,0.0,1.0,191,4800,3200,1600,0.6666666666666666,64,32,32,201.12092264650394,0.437748002204464,0.7497057550653041,0.1294495552807002,1078755.7817448233,392.07162695397074,1079147.8533717773,1297,1,597.2565445026178,80,111,44,35.11981410859624,0.5851876090750436,40.342078189300416,8309.053497942397,103.86316872427997,0
1299,32,0,0,191,0.0,0.0,1.0,191,5450,3700,1750,0.6788990825688074,72,37,35,201.30404878760982,0.43740814733168,0.7505745440320757,0.1300748531360321,1079888.4824881044,-172.8152472072361,1079715.6672408972,1298,2,598.2565445026178,81,110,44,34.976030104477374,0.5866601221640488,40.205792682926834,8313.414634146357,102.63474856970811,0
1300,32,0,1,190,0.0,0.005235602094240838,0.9947643979057592,191,5200,4200,1000,0.8076923076923077,62,42,20,203.65540541366332,0.43695118030678787,0.7538543852276425,0.13186018838321814,1080472.5831034994,608.816390058274,1081081.3994935576,1299,3,599.2565445026178,82,109,46,34.84326201745067,0.587587260034904,40.135542168674704,8315.662650602419,101.4105201292978,0
1301,32,0,1,189,0.0,0.005263157894736842,0.9947368421052631,190,5300,4000,1300,0.7547169811320755,66,40,26,206.25430658952897,0.4365914786967418,0.7568794625372814,0.13395028758806912,1081352.3951247125,1306.7176870745325,1082659.112811787,1300,4,603.3473684210526,83,107,46,34.66776378553707,0.5890350877192982,40.02976190476189,8319.047619047587,100.22948938611552,0
1302,32,0,0,189,0.0,0.0,1.0,189,5400,3500,1900,0.6481481481481481,73,35,38,202.7303509088377,0.436485656122181,0.7514192082832172,0.13208484350455202,1082277.5006972863,682.0994994199655,1082959.6001967064,1301,5,606.4338624338625,86,103,38,34.64594266949021,0.5905533509700176,39.91858237547892,8322.605363984656,96.77448097656577,0
1303,32,1,0,190,0.005263157894736842,0.0,1.0,190,4850,3300,1550,0.6804123711340206,64,33,31,203.40999760066794,0.43673825768124014,0.7543277735073213,0.13302405251606403,1083353.0907432013,1222.969917750238,1084576.0606609515,1302,0,604.2368421052631,90,100,39,34.4964330752537,0.5920504385964912,39.78937728937729,8326.739926739932,92.51933251933258,0
1304,32,0,0,190,0.0,0.0,1.0,190,5400,3900,1500,0.7222222222222222,69,39,30,205.366637649637,0.4366709598069247,0.7577683995484115,0.1349355290328822,1084700.0905387045,1152.2420904380324,1085852.3326291426,1303,1,605.2368421052631,93,97,41,34.280480365452256,0.5935855263157894,39.62765957446808,8331.914893617017,89.5904827270647,0
1305,32,0,1,189,0.0,0.005263157894736842,0.9947368421052631,190,5850,4600,1250,0.7863247863247863,71,46,25,203.5201436915076,0.4365392648287385,0.7566875035197391,0.13429606806131927,1085925.4426205126,351.54042407817997,1086276.9830445908,1304,2,606.2368421052631,70,120,41,34.178539918529786,0.5951754385964912,39.480633802816904,8336.619718309865,119.09456740442664,0
1306,32,0,3,186,0.0,0.015873015873015872,0.9841269841269842,189,5050,3200,1850,0.6336633663366337,69,32,37,200.39208271552124,0.4357316409621374,0.7499830309504354,0.13289600464606754,1087355.0034626047,729.4667590028766,1088084.4702216075,1305,3,605.3280423280423,75,114,43,34.08517350157733,0.597497795414462,39.309210526315795,8342.1052631579,111.22807017543867,0
1307,32,0,1,185,0.0,0.005376344086021506,0.9946236559139785,186,4450,3200,1250,0.7191011235955056,57,32,25,199.4434765136134,0.435271965513901,0.7453450795685364,0.1325860092294902,1088041.1400623275,1750.541512773174,1089791.6815751006,1306,4,614.6774193548387,75,111,45,34.0260257892708,0.5982302867383513,39.22697368421053,8344.736842105267,111.26315789473689,0
1308,32,0,0,185,0.0,0.0,1.0,185,4450,3000,1450,0.6741573033707865,59,30,29,201.76349880270462,0.4344790442616529,0.7466326580664144,0.13459042111415306,1089018.7385215817,2494.846189164472,1091513.5847107463,1307,5,618.9297297297297,76,109,45,33.84603750756201,0.5990427927927928,39.10984848484849,8348.484848484866,109.84848484848509,0
1309,32,0,0,185,0.0,0.0,1.0,185,5650,4200,1450,0.7433628318584071,71,42,29,198.99553302335966,0.4338535546415981,0.7429879784899012,0.13342764108199207,1090475.0422408932,749.9324558794169,1091224.9746967726,1308,6,619.9297297297297,81,104,39,33.74039989943717,0.6006193693693693,38.93546747967479,8354.065040650394,103.13660544012832,0
1310,32,0,1,184,0.0,0.005405405405405406,0.9945945945945946,185,5750,3900,1850,0.6782608695652174,76,39,37,202.24808994331818,0.4333467978848414,0.744680052542692,0.13625538196054832,1091820.1076508982,1413.7062668201897,1093233.8139177184,1309,7,620.9297297297297,84,101,41,33.49127416025521,0.6020833333333333,38.77450980392155,8359.215686274469,99.51447245564843,0
1311,32,0,0,184,0.0,0.0,1.0,184,5200,3600,1600,0.6923076923076923,68,36,32,204.42521171856802,0.43274209036192285,0.7471544084756216,0.1382785961900704,1092956.7878282522,2685.584550207088,1095642.3723784592,1310,8,624.3152173913044,85,99,45,33.29567924120244,0.6032608695652174,38.63856589147286,8363.565891472843,98.39489284085697,0
1312,32,0,1,183,0.0,0.005434782608695652,0.9945652173913043,184,5300,3900,1400,0.7358490566037735,67,39,28,203.31054601345573,0.43218029817058684,0.746243533015259,0.13832710565639061,1094591.9346288883,2408.416778264923,1097000.3514071533,1311,9,625.3152173913044,73,111,41,33.125403638124986,0.605072463768116,38.44313063063064,8369.81981981984,114.65506602492933,0
1313,32,0,0,183,0.0,0.0,1.0,183,4850,3200,1650,0.6597938144329897,65,32,33,203.98603710938553,0.43143627774775317,0.7463293436125424,0.13902899644473907,1095081.016346617,3226.2473676530954,1098307.26371427,1312,10,629.6338797814208,72,111,44,33.04811643212976,0.6058743169398907,38.38470319634704,8371.68949771691,116.2734652460682,0
1314,32,0,0,183,0.0,0.0,1.0,183,5550,4200,1350,0.7567567567567568,69,42,27,202.48911046805637,0.43123611361316283,0.7445509616564128,0.1383932647279506,1095860.0277777815,2229.9444444446863,1098089.9722222262,1313,11,630.6338797814208,74,109,43,32.99235790479222,0.6067850637522769,38.29166666666668,8374.666666666695,113.17117117117155,0
1315,32,0,0,183,0.0,0.0,1.0,183,5400,3900,1500,0.7222222222222222,69,39,30,201.45445138874803,0.431112262054885,0.7425216688845913,0.13810655323154286,1096712.1616208507,2187.509370139462,1098899.6709909902,1314,12,631.6338797814208,76,107,38,32.91565476498046,0.6078665755919854,38.18993506493508,8377.922077922109,110.23581681476459,0
1316,32,1,0,184,0.005434782608695652,0.0,1.0,184,5100,3700,1400,0.7254901960784313,65,37,28,200.16265087604518,0.4312751197830047,0.7424876065616821,0.13772882090934058,1097742.4852899357,2045.4091669786544,1099787.8944569144,1315,0,629.195652173913,78,106,46,32.82406242134408,0.6090919384057971,38.06698312236289,8381.856540084444,107.45969923185184,0
1317,32,0,1,183,0.0,0.005434782608695652,0.9945652173913043,184,4000,2800,1200,0.7,52,28,24,207.17665783238178,0.43113405302130353,0.7576600900830157,0.13761319769433353,1087806.1374085208,4273.607983570016,1092079.7453920909,1316,1,630.195652173913,72,112,45,33.85311205968734,0.5972033514492754,39.25513698630137,8343.835616438366,115.88660578386619,8
1318,32,1,1,183,0.005434782608695652,0.005434782608695652,0.9945652173913043,184,4750,3600,1150,0.7578947368421053,59,36,23,205.69639164784192,0.4310709442068583,0.7557168272151351,0.13740518962075843,1089414.0625000002,3267.708333333303,1092681.7708333335,1317,0,631.1847826086956,75,109,46,33.6951097804391,0.5986752717391304,39.0625,8350.000000000002,111.33333333333336,0
1319,32,0,1,182,0.0,0.00546448087431694,0.994535519125683,183,4900,3600,1300,0.7346938775510204,62,36,26,205.27115737412026,0.4307882463620169,0.7533195007819748,0.13742198856267457,1090035.4308390035,3250.566893424051,1093285.9977324277,1318,1,634.5245901639345,76,107,48,33.63027366020523,0.5997836976320583,38.98809523809524,8352.380952380961,109.8997493734337,0
1320,32,0,0,182,0.0,0.0,1.0,182,4700,3100,1600,0.6595744680851063,63,31,32,208.48047485389554,0.43062491146054677,0.7554693013408618,0.14012347197284603,1091154.3402777766,4396.874999999936,1095551.2152777766,1319,2,636.9285714285714,79,103,38,33.40978593272174,0.6011332417582418,38.854166666666664,8356.666666666659,105.78059071729948,0
1321,32,0,1,181,0.0,0.005494505494505495,0.9945054945054945,182,4950,3200,1750,0.6464646464646465,67,32,35,208.09429259760788,0.4302865642644648,0.755689047923682,0.14062800531679373,1092691.6655023792,4126.579832003881,1096818.245334383,1320,3,637.9285714285714,80,102,40,33.23214490756688,0.6025641025641026,38.67026748971193,8362.551440329216,104.5318930041152,0
1322,32,0,0,181,0.0,0.0,1.0,181,4550,3700,850,0.8131868131868132,54,37,17,209.220292154982,0.42951197053407,0.7564828860288968,0.14171345813509928,1093337.0193610417,4999.658122914983,1098336.6774839568,1321,19,642.4364640883978,80,101,44,33.123944343320034,0.6033034069981584,38.59310699588478,8365.020576131708,104.56275720164635,0
1323,32,1,0,182,0.005494505494505495,0.0,1.0,182,4400,3400,1000,0.7727272727272727,54,34,20,206.1796457545129,0.4290558658652581,0.7535986682411384,0.14042743094609006,1094888.1838151931,4348.731575963771,1099236.915391157,1322,0,639.9010989010989,69,113,44,33.01423810607351,0.604739010989011,38.407738095238095,8370.952380952383,121.31815044858527,0
1324,32,0,0,182,0.0,0.0,1.0,182,4700,2800,1900,0.5957446808510638,66,28,38,204.70365922477498,0.4290286716046385,0.7514345865670697,0.13999532130875528,1096036.8971664454,3772.552699067892,1099809.4498655132,1323,1,640.9010989010989,72,110,48,32.91285028895433,0.6058264652014652,38.27054794520547,8375.342465753407,116.32420091324177,0
1325,32,0,0,182,0.0,0.0,1.0,182,4450,2700,1750,0.6067415730337079,62,27,35,205.3473563039375,0.42883009025964824,0.750758916941791,0.141014280890445,1097185.4741143186,4210.82729689157,1101396.30141121,1324,2,641.9010989010989,73,109,45,32.75608548800375,0.606856684981685,38.13344594594595,8379.729729729741,114.79081821547591,0
1326,32,0,2,180,0.0,0.01098901098901099,0.989010989010989,182,5050,3700,1350,0.7326732673267327,64,37,27,204.8035017414377,0.42832288567785803,0.7507325716102946,0.14138410784323818,1098653.3611111096,3551.611111111048,1102204.9722222206,1325,3,642.9010989010989,74,108,49,32.591628239783745,0.608573717948718,37.95833333333333,8385.333333333321,113.31531531531515,0
1327,32,0,2,178,0.0,0.011111111111111112,0.9888888888888889,180,5450,3900,1550,0.7155963302752294,70,39,31,225.7428303941809,0.4275340109662735,0.7746432831454115,0.14840111233769201,1084849.6946714334,7529.408125478267,1092379.1027969117,1326,4,649.9,78,102,38,33.73158041320639,0.5918402777777778,39.6097046413502,8332.489451476758,106.82678783944561,8
1328,32,0,0,178,0.0,0.0,1.0,178,4650,3100,1550,0.6666666666666666,62,31,31,231.88095071615587,0.42686908842760113,0.7771938798433673,0.1529097303809781,1085737.2822156465,10102.358645627832,1095839.6408612742,1327,25,656.7921348314607,64,114,35,33.462780682866814,0.5926381086142323,39.503205128205124,8335.897435897428,130.24839743589732,0
1329,32,0,0,178,0.0,0.0,1.0,178,5000,3900,1100,0.78,61,39,22,230.2704328297602,0.4264743223512982,0.7745613500037207,0.1523893906642425,1086754.3849471526,9449.480520284029,1096203.8654674366,1328,26,657.7921348314607,66,112,37,33.37993895285251,0.59375,39.38121890547263,8339.800995024858,126.36062113674028,0
1330,32,0,0,178,0.0,0.0,1.0,178,5750,4000,1750,0.6956521739130435,75,40,35,226.57677428574445,0.42611526375928394,0.7712513910327756,0.15089049010944175,1088544.444444438,7977.777777777432,1096522.2222222155,1329,27,658.7921348314607,69,109,38,33.256789137380174,0.5952130149812733,39.16666666666664,8346.666666666615,120.96618357487849,0
1331,32,0,0,178,0.0,0.0,1.0,178,4700,3200,1500,0.6808510638297872,62,32,30,228.93734653439938,0.4259830138174739,0.7737214377877388,0.15269932093303365,1088985.334148865,9561.882562983297,1098547.2167118483,1330,28,659.7921348314607,70,108,43,33.14119146702653,0.5960323033707865,39.1138497652582,8348.356807511711,119.26224010731016,0
1332,32,0,0,178,0.0,0.0,1.0,178,5750,4200,1550,0.7304347826086957,73,42,31,226.38647412525052,0.425588247741171,0.7713513241278849,0.15170381529843638,1090307.8673296995,8016.190759158096,1098324.0580888574,1331,29,660.7921348314607,72,106,35,33.04578459239823,0.5974953183520599,38.955479452054774,8353.4246575342,116.01978691019723,0
1333,32,0,1,177,0.0,0.0056179775280898875,0.9943820224719101,178,4350,3500,850,0.8045977011494253,52,35,17,228.31135322631937,0.425614697729533,0.7668714857989745,0.1510426282070435,1086659.42397342,9669.336716700926,1096328.7606901207,1332,30,661.7921348314607,70,108,37,33.44264294694966,0.5932818352059925,39.39260563380282,8339.436619718324,119.13480885311893,7
1334,32,0,0,177,0.0,0.0,1.0,177,4450,3300,1150,0.7415730337078652,56,33,23,222.67526504184735,0.42524423258003763,0.757895284959254,0.1482224923744812,1088410.6878698226,8622.427679158374,1097033.115548981,1333,31,662.5706214689266,77,100,36,33.374935995903726,0.594632768361582,39.18269230769231,8346.153846153848,108.39160839160841,0
1335,32,0,0,177,0.0,0.0,1.0,177,4700,3000,1700,0.6382978723404256,64,30,34,223.47819860030413,0.42505162857387435,0.7588637407971945,0.1491661621473917,1089191.0504100036,8582.090775440329,1097773.1411854438,1334,32,663.5706214689266,77,100,41,33.258422053880686,0.5956920903954802,39.08920940170941,8349.145299145322,108.43045843045873,0
1336,32,0,0,177,0.0,0.0,1.0,177,4900,3300,1600,0.673469387755102,65,33,32,225.88666950667084,0.4250382532956685,0.762407330504906,0.15121496864675577,1090019.6978092948,8944.183846962122,1098963.881656257,1335,33,664.5706214689266,78,99,42,33.09411046560581,0.596810263653484,38.9899789029536,8352.320675105524,107.08103429622467,0
1337,32,0,0,177,0.0,0.0,1.0,177,6000,4800,1200,0.8,72,48,24,226.30620586944534,0.42469852122924157,0.7620287900031821,0.15205986225905502,1091071.4384133294,7983.247511967813,1099054.6859252972,1336,34,665.5706214689266,83,94,35,32.95441953968405,0.5985758003766478,38.864087301587304,8356.349206349214,100.67890610059294,0
1338,32,0,0,177,0.0,0.0,1.0,177,5000,4000,1000,0.8,60,40,20,226.0593150185974,0.42471323403526795,0.7622125870450656,0.15256469466501793,1092315.2970679041,8985.609567901383,1101300.9066358055,1337,35,666.5706214689266,83,94,38,32.80869324473979,0.5999293785310734,38.715277777777786,8361.111111111133,100.73627844712209,0
1339,32,0,0,177,0.0,0.0,1.0,177,5600,4400,1200,0.7857142857142857,68,44,24,230.82712396262792,0.4246410075329567,0.7664142906416656,0.156414869825013,1093456.1233347494,9479.866425736904,1102935.9897604862,1338,36,667.5706214689266,83,94,39,32.54456026753949,0.6012241054613936,38.578869047619044,8365.476190476182,100.78886976477327,0
1340,32,0,1,176,0.0,0.005649717514124294,0.9943502824858758,177,4600,3100,1500,0.6739130434782609,61,31,30,228.22522718740444,0.4243868772470467,0.7635153564999173,0.1553507849822617,1094722.668548403,9968.665947332185,1104691.3344957354,1339,37,668.5706214689266,72,105,39,32.45776735220844,0.6024599811676083,38.42751141552511,8370.31963470319,116.25443937087763,0
1341,32,0,0,176,0.0,0.0,1.0,176,4300,2700,1600,0.627906976744186,59,27,32,232.12847896093697,0.4242336309523809,0.7658485745024215,0.15853300602071302,1095652.5571179262,11366.43231068896,1107018.9894286152,1340,38,671.9715909090909,73,103,39,32.242020799713124,0.6036339962121212,38.316441441441434,8373.873873873854,114.7106010119706,0
1342,32,0,0,176,0.0,0.0,1.0,176,4850,3300,1550,0.6804123711340206,64,33,31,232.82726918565896,0.42419575216450217,0.7649980828498271,0.1595260340559968,1096558.0277777738,11011.722222222037,1107569.7499999958,1341,39,672.9715909090909,74,102,40,32.113109448777124,0.6045809659090908,38.20833333333332,8377.333333333303,113.20720720720679,0
1343,32,0,0,176,0.0,0.0,1.0,176,5450,4200,1250,0.7706422018348624,67,42,25,232.3136809848969,0.42418492965367965,0.7639236846618425,0.15981649334117096,1097681.558299547,10351.288671561106,1108032.846971108,1342,40,673.9715909090909,77,99,41,31.98935867366883,0.6060014204545454,38.074252136752136,8381.623931623932,108.85225885225886,0
1344,32,0,0,176,0.0,0.0,1.0,176,4700,3400,1300,0.723404255319149,60,34,26,232.03900339625815,0.4240469426406926,0.7643752573546236,0.159979701508801,1098295.1561359453,11069.462692944422,1109364.6188288897,1343,41,674.9715909090909,78,98,39,31.921657440026845,0.6070667613636364,38.00105485232067,8383.966244725727,107.4867467272529,0
1345,32,0,1,175,0.0,0.005681818181818182,0.9943181818181818,176,4350,3400,950,0.7816091954022989,53,34,19,231.57501735390443,0.4236925054112554,0.76464296415101,0.16011580958598376,1099088.009782537,11354.264987771823,1110442.2747703088,1344,42,675.9715909090909,81,95,35,31.83707347809228,0.6081321022727273,37.90650406504065,8386.991869918698,103.54310950516911,0
1346,32,0,0,175,0.0,0.0,1.0,175,4950,3700,1250,0.7474747474747475,62,37,25,231.76792260080538,0.4234934318555008,0.7643001107419714,0.16074226890055854,1099940.5116002376,11036.18547161081,1110976.6970718484,1345,43,680.0228571428571,81,94,36,31.728036175710614,0.6091666666666666,37.80487804878049,8390.243902439022,103.58325805480274,0
1347,32,0,1,174,0.0,0.005714285714285714,0.9942857142857143,175,4700,3100,1600,0.6595744680851063,63,31,32,234.53245498236467,0.4232266009852217,0.7652400977211742,0.16307549062808857,1100647.8373702415,11927.527873894678,1112575.3652441362,1346,44,681.0228571428571,84,91,37,31.56928480204342,0.610297619047619,37.720588235294116,8392.941176470584,99.91596638655457,0
1348,32,0,0,174,0.0,0.0,1.0,174,4350,3100,1250,0.7126436781609196,56,31,25,225.7719022405335,0.4227335392997143,0.7489998978671462,0.14454663048860997,1077213.34567901,9490.901234567727,1086704.2469135777,1347,45,685.1206896551724,74,100,41,34.66962405880885,0.5854885057471264,40.52777777777777,8303.111111111093,112.20420420420396,7
1349,32,2,0,176,0.011363636363636364,0.0,1.0,176,4600,3400,1200,0.7391304347826086,58,34,24,222.09024931871676,0.42373782467532467,0.7492351626285796,0.14306189348731768,1078990.3206461591,8126.645864957261,1087116.9665111164,1348,0,678.3238636363636,76,100,41,34.54647669653399,0.5872395833333333,40.3138528138528,8309.956709956667,109.34153565732456,0
1350,32,0,0,176,0.0,0.0,1.0,176,5750,4100,1650,0.7130434782608696,74,41,33,227.59140895892116,0.4239914772727273,0.7534111933395018,0.14732114555963624,1080400.3328402308,8227.966798158855,1088628.2996383896,1349,1,679.3238636363636,77,99,43,34.2301367046973,0.5888375946969697,40.14423076923075,8315.38461538457,107.9920079920074,0
1351,32,0,0,176,0.0,0.0,1.0,176,3900,2400,1500,0.6153846153846154,54,24,30,226.86655876884092,0.423927895021645,0.7511955729641102,0.14702131535798868,1080733.5069444415,9936.458333333147,1090669.9652777747,1350,2,680.3238636363636,81,95,45,34.207999331997314,0.5896661931818181,40.10416666666666,8316.666666666642,102.67489711934127,0
1352,32,0,0,176,0.0,0.0,1.0,176,4900,3100,1800,0.6326530612244898,67,31,36,224.2055823749537,0.42357548701298703,0.748699958247645,0.14572294869698849,1081578.8618918932,8399.203722982254,1089978.0656148754,1351,3,681.3238636363636,81,95,44,34.1732524714581,0.5907907196969697,40.002540650406495,8319.918699186968,102.71504566897492,0
1353,32,1,1,176,0.005649717514124294,0.005649717514124294,0.9943502824858758,177,4600,3100,1500,0.6739130434782609,61,31,30,227.0904782312935,0.42315902670775557,0.7513575150287668,0.14875702113353165,1083829.7193877469,9225.48185941002,1093055.2012471568,1352,0,678.4689265536723,83,94,37,33.821707642462336,0.592867231638418,39.73214285714283,8328.571428571364,100.34423407917306,0
1354,32,2,2,176,0.011235955056179775,0.011235955056179775,0.9887640449438202,178,5300,3700,1600,0.6981132075471698,69,37,32,226.52158145922047,0.42333272498360097,0.7515613016325193,0.14927526887930004,1085545.143449887,8279.880527928972,1093825.0239778159,1353,0,669.3932584269663,72,106,40,33.62596325919435,0.594627808988764,39.52625570776256,8335.159817351603,115.76610857432782,0
1355,32,1,0,177,0.005649717514124294,0.0,1.0,177,5050,3400,1650,0.6732673267326733,67,34,33,221.1989139779052,0.42241134865605207,0.7423698897596778,0.1462737617561412,1086535.4876454726,7618.093973126483,1094153.5816185991,1354,0,673.7853107344632,76,101,41,33.6431890152105,0.596162900188324,39.407467532467535,8338.961038961048,109.72317156527694,0
1356,32,0,0,177,0.0,0.0,1.0,177,5000,3600,1400,0.72,64,36,28,221.97129456668668,0.42191111325115566,0.7438811657459279,0.14726008150477815,1087457.9101562505,7876.8880208333085,1095334.7981770837,1355,1,674.7853107344632,79,98,40,33.5100139846169,0.597693032015066,39.296875,8342.500000000004,105.60126582278485,0
1357,32,0,0,177,0.0,0.0,1.0,177,4750,3100,1650,0.6526315789473685,64,31,33,218.3379802459969,0.4217425847457627,0.739477214255718,0.14550031803183838,1088733.0068265009,7392.353147529828,1096125.3599740306,1356,2,675.7853107344632,82,95,40,33.448600753748714,0.5988700564971752,39.14407630522088,8347.389558232917,101.7974336369868,0
1358,32,0,0,177,0.0,0.0,1.0,177,4650,3100,1550,0.6666666666666666,62,31,31,222.53646286499094,0.421586093990755,0.7406834558990261,0.14921920895224733,1090488.775951556,8484.70299884657,1098973.4789504025,1357,3,676.7853107344632,84,93,35,33.12414918086654,0.6001647834274952,38.93382352941176,8354.117647058814,99.45378151260493,0
1359,32,0,0,177,0.0,0.0,1.0,177,5850,4600,1250,0.7863247863247863,71,46,25,219.51694393968074,0.4213172508988187,0.7358639812757319,0.14768935607398792,1091437.7727638006,6667.816875487922,1098105.5896392886,1358,4,677.7853107344632,85,92,35,33.086913926633564,0.6015772128060264,38.82025193798448,8357.751937984453,98.32649338805238,0
1360,32,0,0,177,0.0,0.0,1.0,177,3300,1600,1700,0.48484848484848486,50,16,34,217.98375503361106,0.42093338041431266,0.733726090063747,0.14704576531484861,1092183.3390725397,8915.645087235831,1101098.9841597755,1359,5,678.7853107344632,87,90,36,33.03582215778662,0.6024011299435028,38.731060606060595,8360.606060606031,96.09892023685093,0
1361,32,0,1,176,0.0,0.005649717514124294,0.9943502824858758,177,4350,3000,1350,0.6896551724137931,57,30,27,224.14655527604566,0.4203970317582606,0.7374759137428033,0.15184210204650847,1093371.2479912727,9265.079775022816,1102636.3277662955,1360,6,679.7853107344632,87,90,37,32.729577975004524,0.6035193032015066,38.58901515151514,8365.151515151487,96.15116684082169,0
1362,32,0,0,176,0.0,0.0,1.0,176,4950,4000,950,0.8080808080808081,59,40,19,224.69785237636887,0.4200574945887446,0.7397647461035204,0.1526169571195713,1094111.4122855156,9018.896920206476,1103130.309205722,1361,8,684.6136363636364,75,101,41,32.624711724933185,0.6045809659090908,38.50054824561405,8367.982456140386,111.57309941520515,0
1363,32,0,0,176,0.0,0.0,1.0,176,3850,2300,1550,0.5974025974025974,54,23,31,221.4322995221461,0.41988027597402594,0.7353580864757614,0.15082199280943115,1094899.5081848197,9439.223168606422,1104338.7313534261,1362,9,685.6136363636364,76,100,40,32.61385771663994,0.605764678030303,38.40638528138529,8370.995670995695,110.14467988152231,0
1364,32,1,0,177,0.005649717514124294,0.0,1.0,177,6050,4400,1650,0.7272727272727273,77,44,33,219.640728162754,0.41989412129772297,0.7352407426221135,0.15041488017299706,1096416.6427433363,6713.54995638209,1103130.1926997183,1363,0,682.7344632768362,78,99,44,32.47557044275426,0.607403483992467,38.22521097046416,8376.79324894521,107.39478524288731,0
1365,32,0,0,177,0.0,0.0,1.0,177,4800,3800,1000,0.7916666666666666,58,38,20,220.26978600231894,0.41958247731552817,0.7383744446852758,0.15138403078124885,1097410.9495451322,8145.295002581946,1105556.2445477142,1364,1,683.7344632768362,78,99,40,32.33781844728629,0.6087570621468927,38.106540084388214,8380.59071729965,107.4434707346109,0
1366,32,0,0,177,0.0,0.0,1.0,177,5050,3700,1350,0.7326732673267327,64,37,27,219.81177632034814,0.41941929892141755,0.7390632356768572,0.15163772282805627,1098456.8386501835,7840.749782986639,1106297.5884331702,1365,2,684.7344632768362,79,98,44,32.22230159518959,0.609816384180791,37.981770833333364,8384.58333333341,106.13396624472671,0
1367,32,0,0,177,0.0,0.0,1.0,177,5100,3700,1400,0.7254901960784313,65,37,28,219.39989802412654,0.4189578518233179,0.7403251727490245,0.1520836932467577,1099793.3299477263,7758.908887629494,1107552.2388353557,1366,3,685.7344632768362,83,94,38,32.07024721722956,0.6110522598870056,37.822420634920654,8389.68253968259,101.08051252629626,0
1368,32,1,1,177,0.0056179775280898875,0.0056179775280898875,0.9943820224719101,178,3950,2800,1150,0.7088607594936709,51,28,23,219.78926997620246,0.41953979665248947,0.7436111789239155,0.15295880961368072,1100891.3917881479,8842.82306484074,1109734.2148529885,1367,0,682.876404494382,86,92,40,31.92631306676406,0.6125351123595506,37.69157088122607,8393.869731800814,97.60313641628854,0
1369,32,0,2,175,0.0,0.011299435028248588,0.9887005649717514,177,5150,3800,1350,0.7378640776699029,65,38,27,220.89205520623184,0.41947413756206126,0.7446927649106319,0.1541238334201,1101605.2952285723,8117.171537821784,1109722.4667663942,1368,1,686.4802259887006,87,90,41,31.81047089517454,0.6138771186440678,37.606534090909115,8396.590909090974,96.51253918495372,0
1370,32,0,0,175,0.0,0.0,1.0,175,5500,4500,1000,0.8181818181818182,65,45,20,224.1645042455533,0.4188697318007663,0.748412429450507,0.15680328048068687,1102303.3795536582,8919.458121169177,1111222.8376748273,1369,2,693.8457142857143,88,87,42,31.639614732899336,0.6151190476190476,37.5234082397004,8399.250936329669,95.4460333673826,0
1371,32,0,1,174,0.0,0.005714285714285714,0.9942857142857143,175,4850,3600,1250,0.7422680412371134,61,36,25,222.51090789925445,0.4185372194854953,0.7466917797286523,0.15631653262938183,1103486.135907777,9257.54039101582,1112743.6762987927,1370,3,694.8457142857143,70,105,40,31.539106145251413,0.6163690476190475,37.38262910798122,8403.755868544587,120.05365526492268,0
1372,32,0,0,174,0.0,0.0,1.0,174,4050,3000,1050,0.7407407407407407,51,30,21,226.20363513629744,0.4179795639270923,0.7518723080688923,0.15949885710728726,1104500.90702948,11118.424036281267,1115619.3310657612,1371,4,699.7413793103449,69,105,42,31.31867353874038,0.6171575670498084,37.261904761904766,8407.619047619059,121.84955141476897,0
1373,32,0,1,173,0.0,0.005747126436781609,0.9942528735632183,174,5450,4100,1350,0.7522935779816514,68,41,27,221.84839341836351,0.4175739984054216,0.7458282087489942,0.15695255496981447,1105418.5956790147,8797.067901234668,1114215.6635802493,1372,5,700.7413793103449,74,100,40,31.32155438132981,0.6187140804597702,37.152777777777786,8411.11111111113,113.66366366366391,0
1374,32,0,0,173,0.0,0.0,1.0,173,3800,2400,1400,0.631578947368421,52,24,28,220.40100157873468,0.41734440112918403,0.742729228624577,0.1564623983085936,1106353.361111113,10368.277777777841,1116721.6388888909,1373,6,704.6473988439307,74,99,42,31.246038662652502,0.6202432562620424,37.04166666666667,8414.666666666682,113.71171171171193,0
1375,32,0,0,173,0.0,0.0,1.0,173,4900,3400,1500,0.6938775510204082,64,34,30,218.54748663522957,0.4169985325088497,0.7409697515059186,0.1557089999434524,1107340.8284279802,8901.310980301743,1116242.139408282,1374,7,705.6473988439307,75,98,43,31.174889722482718,0.6213872832369942,36.924342105263165,8418.421052631598,112.24561403508798,0
1376,32,1,0,174,0.005747126436781609,0.0,1.0,174,5150,4100,1050,0.7961165048543689,62,41,21,221.03456907338895,0.41769995902819307,0.7458635946239249,0.15834069506818133,1108822.3291539827,9067.613140700461,1117889.942294683,1375,0,702.5862068965517,78,96,37,30.9296477168378,0.6226652298850575,36.74841772151899,8424.0506329114,108.00064913988975,0
1377,32,0,1,173,0.0,0.005747126436781609,0.9942528735632183,174,5050,4100,950,0.8118811881188119,60,41,19,228.86714935302743,0.4172770912231745,0.7494398796695405,0.16457862425386244,1109857.9146132865,10952.003420887684,1120809.9180341742,1376,1,703.5862068965517,80,94,37,30.597737630208336,0.6235632183908046,36.62551440329218,8427.983539094645,105.34979423868306,0
1378,32,0,0,173,0.0,0.0,1.0,173,4100,3100,1000,0.7560975609756098,51,31,20,231.32959518523063,0.4164244186046511,0.750844140242398,0.16668912942846756,1110410.4802862012,12674.161378808723,1123084.64166501,1377,2,707.3005780346821,81,92,38,30.465811553669603,0.6244580924855492,36.559959349593484,8430.081300812977,104.07507778781454,0
1379,32,0,0,173,0.0,0.0,1.0,173,3750,2700,1050,0.72,48,27,21,233.8572706422354,0.41615136443070305,0.7550088456258943,0.16879001544628944,1110858.8069376785,13606.4817318668,1124465.2886695452,1378,3,708.3005780346821,85,88,38,30.34480248843123,0.6252408477842004,36.50678294573642,8431.782945736391,99.19744642042814,0
1380,32,0,0,173,0.0,0.0,1.0,173,4600,3400,1200,0.7391304347826086,58,34,24,230.27280767449014,0.41590071470179685,0.7503400158001357,0.16690035785744195,1111989.5103573713,12012.189330914563,1124001.6996882858,1379,4,709.3005780346821,72,101,39,30.302097428958028,0.6266257225433526,36.37271689497716,8436.073059360711,117.16768138000988,0
1381,32,0,1,172,0.0,0.005780346820809248,0.9942196531791907,173,4750,3200,1550,0.6736842105263158,63,32,31,230.08443940456223,0.41561505802751264,0.7507311436818047,0.16727326240762358,1112811.1589207412,11858.10633268379,1124669.2652534249,1380,5,710.3005780346821,73,100,40,30.207443732763984,0.6278901734104047,36.275337837837824,8439.18918918916,115.6053313587556,0
1382,32,0,0,172,0.0,0.0,1.0,172,4700,3100,1600,0.6595744680851063,63,31,32,230.52228108129827,0.4145544335645315,0.7490756441413602,0.16809100687674655,1113611.188271601,12242.438271604708,1125853.6265432057,1381,6,715.3546511627907,74,98,39,30.09892954286214,0.6286337209302326,36.18055555555554,8442.222222222192,114.08408408408367,0
1383,32,0,0,172,0.0,0.0,1.0,172,5550,4100,1450,0.7387387387387387,70,41,29,228.37839980083587,0.4140890622875017,0.7473803247149018,0.16703796585894806,1114432.1111111077,10952.444444444238,1125384.555555552,1382,7,716.3546511627907,74,98,39,30.056046731922933,0.629905523255814,36.08333333333332,8445.333333333307,114.12612612612577,0
1384,32,0,1,171,0.0,0.005813953488372093,0.9941860465116279,172,4400,3000,1400,0.6818181818181818,58,30,28,229.03524435428125,0.413588982954803,0.7491210553131489,0.16799988106443842,1115200.843047858,12284.059518313157,1127484.9025661713,1383,8,717.3546511627907,75,97,42,29.945618315855043,0.6311167635658914,35.9923245614035,8448.245614035066,112.64327485380088,0
1385,32,0,0,171,0.0,0.0,1.0,171,5950,4600,1350,0.773109243697479,73,46,27,228.0573957685136,0.4134130260291251,0.7458671136261341,0.1680979347618247,1116499.8597981075,10775.210080293326,1127275.0698784008,1384,9,717.1052631578947,78,93,40,29.81421167348841,0.6329800194931774,35.838607594936704,8453.164556962012,108.37390457643606,0
1386,32,0,1,170,0.0,0.005847953216374269,0.9941520467836258,171,4700,3500,1200,0.7446808510638298,59,35,24,224.73111886925437,0.41325966058938196,0.7418423599426445,0.16631073906669244,1117566.5575411948,11330.396577418755,1128896.9541186136,1385,10,718.1052631578947,80,91,34,29.77308484583068,0.6339546783625731,35.71244855967078,8457.201646090538,105.71502057613172,0
1387,32,0,0,170,0.0,0.0,1.0,170,4350,3400,950,0.7816091954022989,53,34,19,223.35998953383978,0.41289447731755424,0.7399937095986566,0.16587455022121195,1118495.097257652,11615.41064342403,1130110.5079010762,1386,11,719.1823529411764,83,87,36,29.697100276722495,0.6354166666666667,35.60267857142857,8460.714285714277,101.93631669535273,0
1388,32,0,0,170,0.0,0.0,1.0,170,5550,4300,1250,0.7747747747747747,68,43,25,222.56560282621922,0.4125841164868314,0.7396172927002123,0.165619507206545,1119032.1030372914,10261.610918877228,1129293.7139561686,1387,12,720.1823529411764,84,86,37,29.65322829780658,0.6363970588235295,35.5392156862745,8462.7450980392,100.74696545284762,0
1389,32,0,0,170,0.0,0.0,1.0,170,4150,3000,1150,0.7228915662650602,53,30,23,221.99858803652498,0.41223532312333216,0.73922803996054,0.16558609265226093,1119654.4502114584,11562.341407151172,1131216.7916186096,1388,13,721.1823529411764,84,86,38,29.593061861082802,0.6371936274509804,35.46568627450981,8465.098039215696,100.77497665732972,0
1390,32,0,0,170,0.0,0.0,1.0,170,4400,2700,1700,0.6136363636363636,61,27,34,222.19827587773446,0.4118343195266272,0.7389500896071548,0.16622295385851565,1120431.916687522,11391.608025270756,1131823.5247127928,1389,14,722.1823529411764,72,98,39,29.493911206974023,0.638235294117647,35.3738584474886,8468.036529680405,117.6116184677834,0
1391,32,0,0,170,0.0,0.0,1.0,170,3600,2300,1300,0.6388888888888888,49,23,26,198.76309549775212,0.4119481668407008,0.7014354813543455,0.13624306727755003,1096674.3827160485,5995.679012345674,1102670.0617283941,1390,15,723.1823529411764,89,81,39,32.99071618037135,0.6115808823529412,38.19444444444444,8377.777777777772,94.13233458177272,8
1392,32,0,0,170,0.0,0.0,1.0,170,4700,3200,1500,0.6808510638297872,62,32,30,198.51347264255332,0.4116044494720965,0.7001737816007456,0.13657201686731532,1097697.548940682,4881.5504702868075,1102579.0994109688,1391,16,724.1823529411764,90,80,39,32.872727471374915,0.6128063725490196,38.07234432234433,8381.684981684992,93.12983312983324,0
1393,32,0,0,170,0.0,0.0,1.0,170,4350,3100,1250,0.7126436781609196,56,31,25,196.22839490357265,0.4114717484626987,0.6970294689489533,0.13553286183357835,1098793.8807006194,4772.911907950245,1103566.7926085696,1392,17,725.1823529411764,91,79,43,32.79924569741489,0.6138480392156862,37.94157608695654,8385.869565217432,92.15241280458716,0
1394,32,0,0,170,0.0,0.0,1.0,170,5450,4100,1350,0.7522935779816514,68,41,27,196.2391619155374,0.4113209189001044,0.6983253588516722,0.1360653525509163,1099867.165118648,3717.4021402606504,1103584.5672589086,1393,18,726.1823529411764,92,78,35,32.66849652540442,0.6151960784313726,37.81362007168461,8389.964157706161,91.19526258376263,0
1395,32,0,0,170,0.0,0.0,1.0,170,4400,3700,700,0.8409090909090909,51,37,14,196.71691579193623,0.4113869068337394,0.7131632828404901,0.12689529058606633,1079397.007675829,4067.1300530068306,1083464.137728836,1394,19,727.1823529411764,80,90,44,35.15548926408209,0.5917279411764707,40.26491769547325,8311.52263374486,103.89403292181075,8
1396,32,1,0,171,0.005847953216374269,0.0,1.0,171,4300,3200,1100,0.7441860465116279,54,32,22,196.213179015219,0.41180340557275547,0.7157777263833354,0.12717930279268175,1080785.695492818,3912.879429364178,1084698.5749221821,1395,0,723.9239766081871,82,89,49,34.9982696734109,0.5933235867446394,40.09789156626507,8316.867469879544,101.42521304731152,0
1397,32,0,0,171,0.0,0.0,1.0,171,5750,4500,1250,0.782608695652174,70,45,25,181.92108165334213,0.4117833390666208,0.7033088309742208,0.108382299134842,1055813.9755081504,-1535.0359101680942,1054278.9395979822,1396,1,724.9239766081871,88,83,39,38.44475198955107,0.5598196881091617,43.11797752808991,8220.224719101183,93.41164453524071,8
1398,32,0,1,170,0.0,0.005847953216374269,0.9941520467836258,171,5200,4400,800,0.8461538461538461,60,44,16,185.66648825821014,0.41180913886022247,0.7057801546775977,0.11087055869577209,1056517.4982853287,-168.0212620024745,1056349.4770233263,1397,2,725.9239766081871,89,82,39,38.2613803561241,0.5613425925925926,43.032407407407426,8222.962962963014,92.39284228048331,0
1399,32,0,0,170,0.0,0.0,1.0,170,4750,3300,1450,0.6947368421052632,62,33,29,184.368682684087,0.41127088409328233,0.7036719850464084,0.11047033507470438,1057546.4745612948,245.69007841327357,1057792.1646397081,1398,3,730.635294117647,88,82,41,38.16731919026375,0.5628063725490196,42.90730337078652,8226.966292134846,93.48825331971416,0
1400,32,2,1,171,0.011627906976744186,0.005813953488372093,0.9941860465116279,172,4000,2500,1500,0.625,55,25,30,186.12311260187042,0.4132992769391178,0.7087948074845716,0.11209279418112676,1059089.783842534,1024.2174187229725,1060114.001261257,1399,0,723.1279069767442,90,82,45,37.93120068814141,0.5643168604651163,42.719780219780226,8232.967032967055,91.47741147741172,0
1401,32,2,0,173,0.011560693641618497,0.0,1.0,173,4300,3000,1300,0.6976744186046512,56,30,26,186.5337897823823,0.41532660079759826,0.7116891842749637,0.11320905278065221,1061408.7029416163,697.7175735401743,1062106.4205151566,1400,0,719.3294797687861,80,93,47,37.63387507489514,0.5665944123314066,42.438271604938244,8241.975308641908,103.02469135802384,0
1402,32,0,0,173,0.0,0.0,1.0,173,5400,3800,1600,0.7037037037037037,70,38,32,185.79280541952446,0.41521037773894337,0.7109456091081077,0.11302488540848166,1062114.575071051,-533.35068411679,1061581.2243869342,1401,1,720.3294797687861,81,92,45,37.56573973638363,0.5681599229287091,42.35264227642275,8244.715447154435,101.78661045869673,0
1403,32,1,0,174,0.005747126436781609,0.0,1.0,174,5400,3700,1700,0.6851851851851852,71,37,34,183.2158010767537,0.41647772573250946,0.709861312851942,0.11219540044735402,1064090.4903628037,-1208.3616780049274,1062882.1286847987,1402,0,717.183908045977,83,91,44,37.38819965377952,0.5698635057471264,42.11309523809521,8252.380952380889,99.4262765347095,0
1404,32,2,1,175,0.011363636363636364,0.005681818181818182,0.9943181818181818,176,4300,2800,1500,0.6511627906976745,58,28,30,180.02484674580944,0.4183157467532468,0.7074713971118718,0.1106174913751184,1065107.036101189,-1150.8538116004734,1063956.1822895885,1403,0,710.0227272727273,86,90,40,37.345120423221516,0.5712594696969697,41.9899425287356,8256.321839080356,96.00374231488786,0
1405,32,1,0,176,0.005681818181818182,0.0,1.0,176,4700,3100,1600,0.6595744680851063,63,31,32,181.3725546859151,0.4190036525974026,0.7103648213983444,0.11195064582337423,1066453.4023668538,-1214.9243918478533,1065238.477975006,1404,0,709.8011363636364,90,86,44,37.14437202565696,0.5727391098484849,41.82692307692305,8261.538461538383,91.79487179487091,0
1406,32,0,0,176,0.0,0.0,1.0,176,5050,3400,1650,0.6732673267326733,67,34,33,177.87460978147735,0.4193398268398268,0.7051411290322573,0.11028225806451616,1067777.7777777798,-2263.8888888888096,1065513.888888891,1405,1,710.8011363636364,83,93,47,37.07157258064517,0.5743371212121212,41.66666666666667,8266.666666666682,99.59839357429738,0
1407,32,2,2,176,0.011235955056179775,0.011235955056179775,0.9887640449438202,178,5000,3800,1200,0.76,62,38,24,174.559370244724,0.4210414947417423,0.7040467102194461,0.1089590917304929,1069773.9673185665,-3252.185992134017,1066521.7813264325,1406,0,703.8033707865169,81,97,48,36.91164128387786,0.5761938202247191,41.4253048780488,8274.390243902486,102.15296597410476,0
1408,32,1,0,177,0.005649717514124294,0.0,1.0,177,4800,3600,1200,0.75,60,36,24,171.84838427618055,0.42128381270330423,0.6981846956711228,0.10778112697908938,1071184.8840965133,-3383.721681389205,1067801.162415124,1407,0,707.7627118644068,85,92,44,36.80835127797022,0.57780131826742,41.25484496124032,8279.844961240347,97.40994072047468,0
1409,32,1,1,177,0.0056179775280898875,0.0056179775280898875,0.9943820224719101,178,4950,3500,1450,0.7070707070707071,64,35,29,225.6166132192498,0.4220294018070632,0.7749373974824803,0.13723943589579576,1062088.7943786993,7374.975345167657,1069463.7697238668,1408,0,704.7808988764045,64,114,39,36.54288735460595,0.5627340823970037,42.35576923076923,8244.615384615392,128.8221153846155,8
1410,32,2,1,178,0.0111731843575419,0.00558659217877095,0.994413407821229,179,5150,3600,1550,0.6990291262135923,67,36,31,217.81274025958393,0.42453261983972546,0.7682046609766253,0.13341323204928207,1064161.6818653895,5407.594401269684,1069569.2762666591,1409,0,694.072625698324,68,111,42,36.48717535951923,0.5647113594040969,42.10446859903382,8252.65700483093,121.36260301221955,0
1411,32,0,0,178,0.0,0.0,1.0,178,5550,4200,1350,0.7567567567567568,69,42,27,216.9846622994744,0.4233684324678897,0.7657298261211698,0.13365525837438214,1065838.127355684,5104.105226035452,1070942.2325817195,1410,1,698.938202247191,70,108,38,36.30106487797486,0.5663038389513109,41.90140845070423,8259.154929577471,117.98792756539244,0
1412,32,0,0,178,0.0,0.0,1.0,178,4200,2900,1300,0.6904761904761905,55,29,26,216.64508552433918,0.42331090374320235,0.7643166100307943,0.12397727559978786,1043457.3152232276,5411.979859506779,1048869.2950827344,1411,2,699.938202247191,68,110,40,39.0930430755892,0.5406132958801498,44.62560386473431,8171.980676328517,120.17618641659584,8
1413,32,1,0,179,0.00558659217877095,0.0,1.0,179,5000,3800,1200,0.76,62,38,24,214.58639064973838,0.4249877074048501,0.7638774111640123,0.12349882760188644,1045218.241668323,4057.9219841743916,1049276.1636524973,1412,0,697.022346368715,70,109,40,38.92560224250428,0.5424231843575419,44.410211267605646,8178.873239436645,116.84104627766636,0
1414,32,1,1,179,0.005555555555555556,0.005555555555555556,0.9944444444444445,180,4550,3200,1350,0.7032967032967034,59,32,27,213.81049477847566,0.425462316366646,0.763966401868873,0.12359920075183407,1046588.9062626875,4204.338375538064,1050793.2446382255,1413,0,694.1444444444444,73,107,42,38.77432027079092,0.5439236111111111,44.2426801801802,8184.234234234281,112.11279772923672,0
1415,32,1,2,178,0.005555555555555556,0.011111111111111112,0.9888888888888889,180,4950,3400,1550,0.6868686868686869,65,34,31,196.3916352302945,0.42658222118766814,0.7404352501831766,0.10951804000208928,1035372.3224827098,-282.3073030866776,1035090.0151796232,1414,0,695.0388888888889,76,104,39,40.62101148691765,0.5345486111111111,45.61688311688311,8140.259740259722,107.10868079289108,8
1416,32,4,1,181,0.02197802197802198,0.005494505494505495,0.9945054945054945,182,3700,2400,1300,0.6486486486486487,50,24,26,190.0819119508243,0.42790864752190716,0.7349580786332601,0.10680387249972241,1037748.0335778883,-648.5739308616653,1037099.4596470266,1415,0,684.467032967033,81,101,46,40.48429602287843,0.5373168498168498,45.325203252032495,8149.593495934892,100.61226538191225,0
1417,32,2,4,179,0.01092896174863388,0.02185792349726776,0.9781420765027322,183,5550,4400,1150,0.7927927927927928,67,44,23,194.60476288190287,0.4301176965111391,0.7430889281897495,0.1102132059033335,1040222.1006287099,-1663.5649525272497,1038558.5356761826,1416,0,677.5245901639345,85,98,38,40.05980515573286,0.5397313296903461,45.02180232558137,8159.30232558133,95.99179206566271,0
1418,32,0,0,179,0.0,0.0,1.0,179,5300,4000,1300,0.7547169811320755,66,40,26,200.59222933587355,0.4275626137718913,0.7466284374880854,0.11364628336040002,1040337.8058075504,636.7359458653809,1040974.5417534158,1417,1,693.6368715083798,81,98,38,39.89267299357344,0.5403282122905029,45.0076219512195,8159.756097560939,100.73772959951778,0
1419,32,2,0,181,0.011049723756906077,0.0,1.0,181,4400,3100,1300,0.7045454545454546,57,31,26,205.98845641881215,0.4287049826069163,0.7556953591094864,0.11745857783045054,1042347.2871303884,2342.3017456650787,1044689.5888760535,1418,0,686.9613259668508,68,113,41,39.50385441927407,0.5423572744014733,44.76147342995169,8167.632850241549,120.11224779766984,0
1420,32,1,1,181,0.005494505494505495,0.005494505494505495,0.9945054945054945,182,4600,2600,2000,0.5652173913043478,66,26,40,200.44802497854707,0.4291772914010483,0.7500968876040672,0.11487162985110304,1043898.711124338,849.4869845049457,1044748.198108843,1419,0,684.1813186813187,70,112,40,39.45158433850278,0.543841575091575,44.57159624413146,8173.708920187809,116.76727028839727,0
1421,32,1,0,182,0.005494505494505495,0.0,1.0,182,4800,3300,1500,0.6875,63,33,30,197.65933005638064,0.42872574018982856,0.7459770453406367,0.11381136545483629,1045366.1861981642,125.27600550470834,1045491.4622036689,1420,0,685.1208791208791,72,110,41,39.33979512086198,0.5456730769230769,44.39212328767125,8179.452054794546,113.60350076103536,0
1422,32,4,2,184,0.021505376344086023,0.010752688172043012,0.989247311827957,186,5300,4200,1100,0.7924528301886793,64,42,22,194.53162058514036,0.4313347621815364,0.7483108416801365,0.1132599843148932,1048787.7237666736,-1695.5248891734982,1047092.1988775001,1421,0,671.3655913978495,78,108,39,38.99364388594187,0.5484431003584229,43.974156118143476,8192.827004219449,105.03624364383909,0
1423,32,0,2,182,0.0,0.010869565217391304,0.9891304347826086,184,5400,4100,1300,0.7592592592592593,67,41,26,197.39833808204156,0.4301608161083393,0.7503206386824013,0.11524337757962717,1049626.8605582784,-761.0804239047602,1048865.7801343736,1422,1,679.6630434782609,76,108,42,38.81582422225744,0.5493659420289856,43.871753246753265,8196.10389610394,107.8434723171571,0
1424,32,2,1,183,0.010869565217391304,0.005434782608695652,0.9945652173913043,184,4650,2900,1750,0.6236559139784946,64,29,35,199.86820628826464,0.4312107735408252,0.7531634744795026,0.11757309462470511,1051948.7735292776,600.2228944871504,1052548.9964237649,1423,0,678.9239130434783,70,114,43,38.463766664759405,0.5514605978260869,43.58861502347416,8205.164319248792,117.2166331321256,0
1425,32,0,0,183,0.0,0.0,1.0,183,5100,3800,1300,0.7450980392156863,64,38,26,203.50008737421012,0.4309934145999719,0.7554365881137772,0.12008771608970838,1052912.041399412,1153.5384844275632,1054065.5798838397,1424,1,683.551912568306,70,113,42,38.250881708130784,0.5528802367941712,43.47124413145539,8208.920187793414,117.27028839704877,0
1426,32,2,0,185,0.010810810810810811,0.0,1.0,185,5350,4100,1250,0.7663551401869159,66,41,25,203.53553221618768,0.43216069330199763,0.7574183855895924,0.12068570285330252,1054372.6282813062,570.4588102829925,1054943.0870915893,1425,0,677.1513513513513,72,113,45,38.06848712247543,0.5546734234234234,43.29337899543377,8214.611872146075,114.09183155758438,0
1427,32,5,4,186,0.02631578947368421,0.021052631578947368,0.9789473684210527,190,5100,3600,1500,0.7058823529411765,66,36,30,194.70271656028441,0.43504710851202083,0.7524625671739775,0.11640428021754096,1056876.258423725,-1944.6642833666974,1054931.5941403583,1426,0,660.3052631578947,77,113,38,37.98470381917382,0.5564692982456141,42.98878205128202,8224.3589743589,106.80985680985584,0
1428,32,2,0,188,0.010638297872340425,0.0,1.0,188,5250,3800,1450,0.7238095238095238,67,38,29,201.34292513397216,0.4335047123298062,0.75832780618924,0.12090493878734472,1058207.19614021,-237.49354626267723,1057969.7025939473,1427,0,668.3191489361702,78,110,40,37.64900789581624,0.5580673758865249,42.827004219409254,8229.535864978827,105.50687006383112,0
1429,32,1,1,188,0.005291005291005291,0.005291005291005291,0.9947089947089947,189,5300,3800,1500,0.7169811320754716,68,38,30,199.0883394222782,0.43439716312056736,0.7566118391196914,0.12029585939690632,1060080.2579144065,-890.0763594961281,1059190.1815549103,1428,0,665.7777777777778,66,123,41,37.47495872594024,0.5597993827160495,42.599502487562184,8236.815920397998,124.80024121815148,0
1430,32,2,0,190,0.010526315789473684,0.0,1.0,190,4700,3500,1200,0.7446808510638298,59,35,24,194.91188627791027,0.43437354961477764,0.7530553953306169,0.118397348364542,1061671.3962111135,-1313.5251114378075,1060357.8710996758,1429,0,663.2368421052631,68,122,46,37.38559553810387,0.5612390350877192,42.406400966183575,8242.995169082127,121.22051719238422,0
1431,32,1,2,189,0.005235602094240838,0.010471204188481676,0.9895287958115183,191,4850,3400,1450,0.7010309278350515,63,34,29,212.57160039440788,0.43477542022595755,0.7768965253610982,0.12638099328915067,1055185.493827156,1810.4938271602073,1056995.9876543162,1430,0,660.7591623036649,74,117,39,37.73548765098249,0.5557918848167539,43.19444444444443,8217.777777777743,111.05105105105058,8
1432,32,2,2,189,0.010471204188481676,0.010471204188481676,0.9895287958115183,191,6550,5300,1250,0.8091603053435115,78,53,25,211.42512777678877,0.4349591255625976,0.775740770428637,0.12664072861026238,1057447.7497596508,-35.79487795778641,1057411.954881693,1431,0,660.0680628272252,78,113,36,37.48397189311176,0.5581915357766143,42.919303797468345,8226.582278480988,105.46900357026908,0
1433,32,0,0,189,0.0,0.0,1.0,189,4700,3300,1400,0.7021276595744681,61,33,28,216.88702985326466,0.4340008067844947,0.7782961588675887,0.12990277923694224,1057425.499032064,3368.375155233893,1060793.874187298,1432,2,668.0529100529101,77,112,36,37.346320346320326,0.5589726631393298,42.92200854700853,8226.495726495685,106.8376068376063,0
1434,32,1,0,190,0.005263157894736842,0.0,1.0,190,5900,4400,1500,0.7457627118644068,74,44,30,201.84249136923597,0.4347767567065813,0.7603192208377387,0.11902828083269311,1052703.7299123444,-1403.931296160974,1051299.7986161835,1433,0,665.5315789473684,73,117,39,38.31929352796987,0.5550438596491227,43.49662162162162,8208.108108108105,112.4398370973713,8
1435,32,0,0,190,0.0,0.0,1.0,190,5150,3500,1650,0.6796116504854369,68,35,33,205.11578040221156,0.4344872598162072,0.7641278492413568,0.12141788663289298,1053859.4675756784,82.64142520867154,1053942.109000887,1434,1,666.5315789473684,73,117,41,38.09167946467746,0.5566337719298246,43.355855855855836,8212.612612612571,112.50154263852836,0
1436,32,1,0,191,0.005235602094240838,0.0,1.0,191,5300,3800,1500,0.7169811320754716,68,38,30,203.10605213999577,0.43500849637181965,0.7626691929459803,0.12068480453037743,1055012.795403387,-644.1032336876374,1054368.6921696994,1435,0,664.0366492146596,75,116,44,38.00001112000707,0.5577552356020943,43.215460526315766,8217.105263157844,109.56140350877125,0
1437,32,2,1,192,0.010362694300518135,0.0051813471502590676,0.9948186528497409,193,4400,2700,1700,0.6136363636363636,61,27,34,200.46396557470203,0.43618217472654003,0.7622659226949269,0.11989215293507419,1056986.0951311185,-622.4751625396852,1056363.619968579,1436,0,658.1450777202073,77,116,38,37.82301084207973,0.5593696027633852,42.975427350427324,8224.786324786257,106.81540681540594,0
1438,32,0,0,192,0.0,0.0,1.0,192,5200,3300,1900,0.6346153846153846,71,33,38,200.16966687503188,0.4357286667393834,0.7609497464269248,0.12017303488191393,1058138.3848899442,-1238.558397779222,1056899.826492165,1437,1,662.5208333333334,81,111,40,37.68770993874728,0.5604383680555556,42.83536585365853,8229.26829268291,101.59590484793715,0
1439,32,0,2,190,0.0,0.010416666666666666,0.9895833333333334,192,6000,3900,2100,0.65,81,39,42,215.131832556052,0.43561504690226877,0.7702920198571546,0.12930440034893187,1058486.0646332842,1142.8093639204335,1059628.8739972047,1438,2,663.5208333333334,85,107,39,37.2597814143317,0.5603298611111112,42.79312015503876,8230.620155038752,96.83082535339709,8
1440,32,0,2,188,0.0,0.010526315789473684,0.9894736842105263,190,5500,4700,800,0.8545454545454545,63,47,16,215.22616994021922,0.43576998050682264,0.7685407229253254,0.12971117300675192,1059301.5158149286,2097.8816121428963,1061399.3974270714,1439,3,669.8842105263158,72,118,41,37.15616681455187,0.5615131578947368,42.69406392694062,8233.789954337864,114.35819381024811,0
1441,32,0,3,185,0.0,0.015957446808510637,0.9840425531914894,188,5350,3800,1550,0.7102803738317757,69,38,31,216.27897172805908,0.4349079815678689,0.7689975583450313,0.13081128561961508,1060375.5277992086,2917.3857596020152,1063292.9135588107,1440,4,676.313829787234,71,117,40,36.99585066127159,0.5626108156028369,42.5636574074074,8237.962962962942,116.02764736567524,0
1442,32,1,1,185,0.005376344086021506,0.005376344086021506,0.9946236559139785,186,5100,3200,1900,0.6274509803921569,70,32,38,217.12848260845695,0.4342148600213116,0.7672226471197907,0.13188436635423484,1061652.644857278,3803.0055670230918,1065455.6504243012,1441,0,677.494623655914,72,114,44,36.81563446340203,0.5641801075268817,42.40867579908675,8242.922374429209,114.48503297818345,0
1443,32,1,0,186,0.005376344086021506,0.0,1.0,186,5450,4300,1150,0.7889908256880734,66,43,23,216.74331382531125,0.43437409183376924,0.7677765293490348,0.13220428207865642,1062911.2593538389,3425.781730917147,1066337.041084756,1442,0,677.1344086021505,75,111,43,36.66960249933529,0.5659162186379929,42.25603070175438,8247.807017543855,109.97076023391807,0
1444,32,1,0,187,0.0053475935828877,0.0,1.0,187,4800,3200,1600,0.6666666666666666,64,32,32,209.71470218496117,0.4348190155827727,0.7611997141668039,0.128662803772936,1064648.760330581,2454.4995408633185,1067103.2598714444,1443,0,674.5080213903743,76,111,35,36.63576847772884,0.5675133689839572,42.045454545454554,8254.545454545476,108.61244019138785,0
1445,32,0,0,187,0.0,0.0,1.0,187,5000,3500,1500,0.7,65,35,30,222.35283260839796,0.4348465681482759,0.7771107809058477,0.1341300445539316,1059579.898093361,4720.118343195363,1064300.0164365564,1444,1,675.5080213903743,64,123,43,36.938234317266584,0.5617201426024956,42.660256410256416,8234.871794871806,128.66987179487197,8
1446,32,2,0,189,0.010582010582010581,0.0,1.0,189,5300,3200,2100,0.6037735849056604,74,32,42,218.1967558869731,0.4355416713572742,0.773211649124057,0.13281217437959666,1062283.3210090895,3257.354895404745,1065540.6759044942,1445,0,669.3492063492064,71,118,42,36.70994759498408,0.5640432098765432,42.33217592592593,8245.370370370383,116.13197704747019,0
1447,32,2,2,189,0.010471204188481676,0.010471204188481676,0.9895287958115183,191,5100,3500,1600,0.6862745098039216,67,35,32,214.19636527635964,0.4361497657756958,0.7716683421016184,0.13146401452463563,1064766.0156250002,2313.802083333361,1067079.8177083335,1446,0,663.3298429319372,79,112,35,36.505653139511416,0.5661540139616056,42.03125,8255.000000000002,104.49367088607598,0
1448,32,0,0,189,0.0,0.0,1.0,189,4750,2900,1850,0.6105263157894737,66,29,37,216.36439172563644,0.43522857330481446,0.7712649497066131,0.1329862526809926,1065196.0069444417,3544.097222222111,1068740.1041666637,1447,1,671.2116402116402,79,110,36,36.396514600995815,0.5670194003527337,41.97916666666666,8256.666666666644,104.51476793248916,0
1449,32,0,3,186,0.0,0.015873015873015872,0.9841269841269842,189,5150,4000,1150,0.7766990291262136,63,40,23,218.80483135966233,0.43491195729670906,0.7739261758946796,0.13489424069260758,1066098.2219578312,3703.4883336639377,1069801.710291495,1448,2,672.2116402116402,81,108,39,36.22190780839896,0.5679563492063492,41.869918699187,8260.16260162603,101.97731606945717,0
1450,32,0,0,186,0.0,0.0,1.0,186,5400,3600,1800,0.6666666666666666,72,36,36,220.65972960465206,0.43423302334592656,0.77100265124873,0.13633759316997224,1066752.8915501386,4477.880920886863,1071230.7724710254,1449,3,682.4462365591398,83,103,39,36.09303461082828,0.5700044802867383,41.7906746031746,8262.698412698412,99.55058328552303,0
1451,32,0,2,184,0.0,0.010752688172043012,0.989247311827957,186,4600,3500,1100,0.7608695652173914,57,35,22,217.20155611766705,0.434202751138235,0.7671903743086359,0.13457302762634282,1067575.1730103795,4575.797770088357,1072150.9707804678,1450,4,683.4462365591398,84,102,40,36.08066862763704,0.571236559139785,41.69117647058823,8265.882352941167,98.40336134453771,0
1452,32,0,0,184,0.0,0.0,1.0,184,4050,2900,1150,0.7160493827160493,52,29,23,205.3795341670904,0.43320921933159107,0.7581191691603597,0.12372864619334453,1059184.0277777764,2656.9444444443643,1061840.9722222206,1451,5,691.7336956521739,67,117,40,37.42408906882591,0.5624433876811594,42.70833333333333,8233.333333333321,122.8855721393033,8
1453,32,2,0,186,0.010752688172043012,0.0,1.0,186,5950,4600,1350,0.773109243697479,73,46,27,205.22451395959564,0.43404109754916204,0.7605941400618454,0.12489851865751334,1062240.834349785,449.57178749406285,1062690.406137279,1452,0,685.2849462365591,72,114,40,37.04945912019347,0.5646841397849462,42.33732876712329,8245.20547945206,114.51674277016751,0
1454,32,0,1,185,0.0,0.005376344086021506,0.9946236559139785,186,4900,3200,1700,0.6530612244897959,66,32,34,202.45237239444089,0.43383827375762857,0.7559967557552754,0.12362980526193913,1063256.2213501725,951.7488950982956,1064207.9702452708,1453,1,686.2849462365591,77,109,44,36.995274914089364,0.5660842293906809,42.214209401709404,8249.145299145306,107.13175713175723,0
1455,32,0,0,185,0.0,0.0,1.0,185,5400,3700,1700,0.6851851851851852,71,37,34,199.68940080758443,0.43302609674892284,0.7526070621488694,0.1224833527023975,1064578.61067737,117.01297574703676,1064695.623653117,1454,2,690.9567567567567,77,108,36,36.90304383467081,0.5676238738738739,42.053952991452995,8254.273504273515,107.19835719835734,0
1456,32,0,0,185,0.0,0.0,1.0,185,4800,3200,1600,0.6666666666666666,64,32,32,197.88872974952935,0.4329183803368586,0.7512049906246288,0.12188401498166464,1065816.6537591955,382.62075166044815,1066199.274510856,1455,3,691.9567567567567,78,107,39,36.79657964646984,0.5690878378378379,41.90400843881858,8259.07172995784,105.88553499945948,0
1457,32,1,0,186,0.005376344086021506,0.0,1.0,186,5500,3700,1800,0.6727272727272727,73,37,36,196.33971825093602,0.43316986341179886,0.7498903785418038,0.12142957506307518,1067042.8094429583,-799.4230864564615,1066243.3863565018,1456,0,689.2311827956989,81,105,41,36.685225949792574,0.5707885304659498,41.75558943089431,8263.82113821139,102.02248318779493,0
1458,32,1,1,186,0.0053475935828877,0.0053475935828877,0.9946524064171123,187,5650,4300,1350,0.7610619469026548,70,43,27,184.9653297514324,0.43381753972361187,0.7283306955287379,0.1142981031445027,1066791.315902888,-3586.1184956120223,1063205.1974072761,1457,0,686.5401069518716,95,92,40,37.009960989480476,0.5770387700534759,41.78602430555553,8262.847222222143,86.97733918128571,8
1459,32,1,0,187,0.0053475935828877,0.0,1.0,187,5650,3900,1750,0.6902654867256637,74,39,35,183.73455880980583,0.43406790868840206,0.7280162452643331,0.11388236250748185,1067691.6684027708,-3815.6284722225496,1063876.0399305483,1458,0,687.5294117647059,99,88,43,36.93079862091212,0.5783756684491979,41.677083333333314,8266.333333333278,83.49831649831593,0
1460,32,2,0,189,0.010582010582010581,0.0,1.0,189,6350,4900,1450,0.7716535433070866,78,49,29,178.04154549255114,0.4356237569890052,0.7216087705164058,0.11118244011359348,1069906.288446752,-6052.446174548186,1063853.8422722036,1459,0,681.2433862433862,84,105,43,36.805325182060905,0.5802469135802469,41.4093137254902,8274.90196078432,98.51073762838476,0
1461,32,0,2,187,0.0,0.010582010582010581,0.9894179894179894,189,5450,3900,1550,0.7155963302752294,70,39,31,192.5157543260918,0.4353458384930016,0.7470209500393716,0.12024323481373803,1069960.3734567985,-2053.1543209871497,1067907.2191358113,1460,1,682.2433862433862,74,115,46,36.424373847503475,0.5758377425044092,41.40277777777781,8275.111111111177,111.82582582582671,7
1462,32,1,0,188,0.005319148936170213,0.0,1.0,188,6100,4700,1400,0.7704918032786885,75,47,28,209.40417037207476,0.4351467980809345,0.7641849867058121,0.12684452011964034,1060829.4532276217,728.4223118783266,1061557.8755395,1461,0,686.781914893617,72,116,36,37.116583541147094,0.5643284574468085,42.50856164383561,8239.726027397255,114.44063926940632,7
1463,32,1,1,188,0.005291005291005291,0.005291005291005291,0.9947089947089947,189,5250,3400,1850,0.6476190476190476,71,34,37,206.1471348416108,0.43524499043116066,0.7629695788583366,0.1255697288198045,1062502.8271604942,756.3827160494357,1063259.2098765436,1462,0,684.1428571428571,74,115,39,36.99325841687327,0.5659722222222222,42.30555555555556,8246.222222222224,111.43543543543547,0
1464,32,1,3,186,0.005291005291005291,0.015873015873015872,0.9841269841269842,189,6300,4800,1500,0.7619047619047619,78,48,30,203.1822030999283,0.4351945664002401,0.7598259472126812,0.12453373178257386,1064358.1553847939,-848.2730203084957,1063509.8823644854,1463,0,684.021164021164,77,112,32,36.84020046945922,0.568342151675485,42.08066239316238,8253.41880341877,107.18725718725675,0
1465,32,0,0,186,0.0,0.0,1.0,186,5500,4000,1500,0.7272727272727273,70,40,30,200.61114127298356,0.43385462074978204,0.7528944790487133,0.12342535824751819,1065489.9750084544,49.83198027366416,1065539.806988728,1464,1,692.8655913978495,78,108,34,36.76666581506648,0.5711805555555556,41.94356540084387,8257.805907172979,105.86930650221767,0
1466,32,0,0,186,0.0,0.0,1.0,186,5300,3900,1400,0.7358490566037735,67,39,28,203.0793327813522,0.43376198779424585,0.7557660312756778,0.1252801022204322,1066289.9562227982,808.2905722366213,1067098.2467950347,1465,2,693.8655913978495,80,106,35,36.60414798578593,0.572244623655914,41.84670781893004,8260.90534979424,103.26131687242801,0
1467,32,0,0,186,0.0,0.0,1.0,186,5600,4400,1200,0.7857142857142857,68,44,24,203.07827546629068,0.43340961929671606,0.7579008848991089,0.12586502696335305,1067675.267010738,564.330396510356,1068239.5974072483,1466,3,694.8655913978495,83,103,39,36.43313051061717,0.5739247311827957,41.679067460317455,8266.26984126983,99.59361254541965,0
1468,32,1,1,186,0.0053475935828877,0.0053475935828877,0.9946524064171123,187,5050,3800,1250,0.7524752475247525,63,38,25,182.13430631622228,0.4340343664347459,0.7321686788141917,0.11507947874419683,1073356.9420415298,-3350.9755863125692,1070005.9664552172,1467,0,692.144385026738,84,103,37,36.27523460294931,0.5804367201426025,40.99264705882355,8288.235294117703,98.66946778711551,8
1469,32,0,0,186,0.0,0.0,1.0,186,5150,3500,1650,0.6796116504854369,68,35,33,183.37575924789172,0.433140802092415,0.7332237317959236,0.11589015078398593,1073423.4482276775,-2982.0320373516606,1070441.4161903257,1468,5,696.8655913978495,83,103,37,36.23490887473866,0.580981182795699,40.984623015873034,8288.492063492116,99.86135016255562,0
1470,32,0,2,184,0.0,0.010752688172043012,0.989247311827957,186,4350,3000,1350,0.6896551724137931,57,30,27,182.934774374384,0.43310023733410835,0.7329605014318894,0.11593636974682336,1074245.8767361152,-2246.6145833330897,1071999.2621527822,1469,6,697.8655913978495,87,99,40,36.145309882747085,0.5822692652329748,40.88541666666668,8291.666666666699,95.30651340996205,0
1471,32,0,0,184,0.0,0.0,1.0,184,4550,3100,1450,0.6813186813186813,60,31,29,183.97321893959054,0.43246305040785615,0.7318027244655809,0.11679018929203688,1074736.6801000114,-1805.4466899101826,1072931.2334101012,1470,8,706.1467391304348,87,97,40,36.05812780695744,0.5833899456521738,40.82623106060608,8293.56060606065,95.32828282828333,0
1472,32,1,0,185,0.005405405405405406,0.0,1.0,185,4550,3600,950,0.7912087912087912,55,36,19,184.68060270872363,0.4328645221308265,0.7348895159875479,0.1179593814490218,1076524.6893309087,-1787.3543087094681,1074737.3350221992,1471,0,703.3243243243244,72,113,44,35.82031393259251,0.5848536036036036,40.610730593607286,8300.45662100452,115.28411973617388,0
1473,32,0,1,184,0.0,0.005405405405405406,0.9945945945945946,185,5000,3400,1600,0.68,66,34,32,184.8355154058296,0.4327617019193106,0.734021185300493,0.11833780324920086,1077213.3456790035,-2178.5432098770243,1075034.8024691264,1472,1,704.3243243243244,74,111,42,35.73180958498378,0.5858671171171171,40.52777777777775,8303.111111111042,112.20420420420328,0
1474,32,0,0,184,0.0,0.0,1.0,184,5400,3600,1800,0.6666666666666666,72,36,36,186.5344443587148,0.4319785974499089,0.7344772141961966,0.11993670892881032,1078454.921225754,-1966.202100646738,1076488.7191251074,1473,2,708.8695652173913,75,109,44,35.53545032203566,0.5872961956521738,40.378289473684184,8307.894736842045,110.7719298245606,0
1475,32,0,2,182,0.0,0.010869565217391304,0.9891304347826086,184,5200,3500,1700,0.6730769230769231,69,35,34,186.0106596303346,0.4319854033024471,0.7335886009173314,0.11997504824486935,1079363.1829834897,-1845.3884705090327,1077517.7945129806,1474,3,709.8695652173913,78,106,42,35.437713642671,0.5887115036231885,40.26898734177213,8311.39240506324,106.55631288542615,0
1476,32,0,0,182,0.0,0.0,1.0,182,5050,3800,1250,0.7524752475247525,63,38,25,189.41889470880375,0.4308646004087993,0.73499060191261,0.1222830043471927,1079623.1263468764,-549.7961410626267,1079073.3302058137,1475,4,718.5164835164835,77,105,44,35.31732515894636,0.5897435897435898,40.23771367521365,8312.3931623931,107.95315795315715,0
1477,32,0,1,181,0.0,0.005494505494505495,0.9945054945054945,182,5650,4400,1250,0.7787610619469026,69,44,25,188.27337491485534,0.4307102887903993,0.7303572983033546,0.12203244911962914,1080784.4675124993,-1353.412149173204,1079431.055363326,1476,5,719.5164835164835,84,98,48,35.20477728530114,0.5911172161172161,40.098039215686285,8316.862745098071,99.01027077497704,0
1478,32,4,4,181,0.021621621621621623,0.021621621621621623,0.9783783783783784,185,4800,3500,1300,0.7291666666666666,61,35,26,183.53618307074612,0.4323540932236585,0.7271672171504275,0.12000363267426233,1083296.722244715,-2035.1708932305714,1081261.5513514846,1477,0,708.4162162162162,92,93,38,35.02046475255767,0.5939189189189189,39.79614695340505,8326.523297491127,90.5056880162079,0
1479,32,1,0,182,0.005494505494505495,0.0,1.0,182,5200,4000,1200,0.7692307692307693,64,40,24,183.46330549790034,0.43009430716613034,0.7242998785651595,0.12038882605465602,1084330.79950707,-1813.017453850286,1082517.7820532199,1478,0,720.5164835164835,93,89,40,34.895922016005485,0.5960393772893773,39.671985815602845,8330.496453900732,89.57523068710465,0
1480,32,1,0,183,0.00546448087431694,0.0,1.0,183,4850,3600,1250,0.7422680412371134,61,36,25,183.78663281584022,0.4303641486018535,0.7265855888750525,0.121437884551146,1086309.8781179169,-1520.153061224304,1084789.7250566925,1479,0,717.5737704918033,76,107,39,34.64567865981342,0.5975637522768671,39.43452380952382,8338.09523809526,109.71177944862184,0
1481,32,0,0,183,0.0,0.0,1.0,183,4600,3500,1100,0.7608695652173914,57,35,22,206.15998593893633,0.43005514521907967,0.7556094389682475,0.1308484808714483,1074677.7777777861,3111.111111111525,1077788.8888888976,1480,1,718.5737704918033,84,99,36,35.49035369774921,0.5824795081967213,40.83333333333336,8293.3333333334,98.73015873015952,7
1482,32,1,1,183,0.005434782608695652,0.005434782608695652,0.9945652173913043,184,6050,5000,1050,0.8264462809917356,71,50,21,206.41028450049458,0.4303093074364457,0.7582827664484566,0.13174062754705473,1076308.0041358315,1582.2082687678394,1077890.2124045994,1481,0,715.6630434782609,87,97,38,35.28331469733624,0.5842391304347826,40.63683712121216,8299.621212121316,95.39794496691168,0
1483,32,1,1,183,0.005434782608695652,0.005434782608695652,0.9945652173913043,184,5150,3700,1450,0.7184466019417476,66,37,29,203.0645043013778,0.43018927694622633,0.7546143237334411,0.1301848133723408,1077607.3950831557,1814.762302811785,1079422.1573859674,1482,0,716.6358695652174,71,113,36,35.21040063923886,0.5854846014492754,40.480324074074055,8304.629629629582,116.9666145018251,0
1484,32,0,2,181,0.0,0.01092896174863388,0.9890710382513661,183,5550,4400,1150,0.7927927927927928,67,44,23,190.2436293994039,0.4294859284613383,0.7349017811371805,0.11569157406893704,1062008.5172648593,-1741.9290444907733,1060266.5882203686,1483,1,721.4262295081967,78,105,38,37.464174215671264,0.5676229508196722,42.36550632911392,8244.30379746834,105.69620253164537,8
1485,32,1,0,182,0.005494505494505495,0.0,1.0,182,4900,3600,1300,0.7346938775510204,62,36,26,186.43962061124955,0.42863214133932365,0.7285309822589747,0.11407692501910785,1063847.9297913592,-1631.3191163271345,1062216.610675032,1484,0,726.3681318681319,80,102,42,37.3350040729473,0.5694826007326007,42.142489711934154,8251.440329218103,103.14300411522629,0
1486,32,0,0,182,0.0,0.0,1.0,182,5300,3500,1800,0.660377358490566,71,35,36,186.00725524951778,0.42846771092627445,0.7276266879341102,0.11428383602569017,1065082.024886697,-2077.403187045292,1063004.6216996517,1485,1,727.3681318681319,82,100,36,37.193853974121986,0.5707417582417582,41.992971887550205,8256.224899598406,100.68566950729763,0
1487,32,0,1,181,0.0,0.005494505494505495,0.9945054945054945,182,4750,3200,1550,0.6736842105263158,63,32,31,190.72369807870987,0.4282899995952482,0.7335340147840157,0.1176129471485374,1066176.3115197364,-480.98221260758646,1065695.329307129,1486,2,728.3681318681319,85,97,37,36.93713244494494,0.5721726190476191,41.86046511627906,8260.465116279038,97.18194254445928,0
1488,32,2,1,182,0.01092896174863388,0.00546448087431694,0.994535519125683,183,5100,3300,1800,0.6470588235294118,69,33,36,187.0677353694759,0.4288091234812546,0.7313469229817415,0.11594500368258578,1067683.1522796457,-1754.1861221808226,1065928.9661574648,1487,0,725.24043715847,90,93,40,36.845744523714515,0.5741689435336976,41.67811355311354,8266.300366300335,91.84778184778149,0
1489,32,2,0,184,0.010869565217391304,0.0,1.0,184,3950,2700,1250,0.6835443037974683,52,27,25,189.53738075636466,0.430170715530213,0.7344208769417879,0.11372784845326869,1057973.5894848155,-644.8913879276852,1057328.698096888,1488,0,720.6739130434783,84,100,39,37.98154061224163,0.5614809782608696,42.85539215686275,8228.627450980408,97.95985060690961,8
1490,32,1,0,185,0.005405405405405406,0.0,1.0,185,4850,3400,1450,0.7010309278350515,63,34,29,190.3592801303562,0.430439678809244,0.7379724474914371,0.11472278542173912,1059296.8780057319,-1520.601771699041,1057776.2762340328,1489,0,717.772972972973,75,110,41,37.79658063886078,0.5632882882882884,42.69462719298245,8233.771929824556,109.78362573099407,0
1491,32,2,1,186,0.0106951871657754,0.0053475935828877,0.9946524064171123,187,5600,3700,1900,0.6607142857142857,75,37,38,190.88965622465392,0.4313893201464359,0.7404316125314645,0.11591636413890596,1061573.7356237404,-2471.310909932593,1059102.4247138079,1490,0,711.0855614973262,78,109,46,37.5012797542872,0.5652852049910874,42.418248945147674,8242.616033755257,105.67456453532381,0
1492,32,1,1,186,0.0053475935828877,0.0053475935828877,0.9946524064171123,187,5450,4200,1250,0.7706422018348624,67,42,25,189.56947161615247,0.4313977057098499,0.737806016010244,0.11594834160029338,1063735.426142321,-2519.647465363454,1061215.7786769576,1491,0,712.0160427807486,82,105,46,37.26819177415429,0.567569073083779,42.15612449799197,8251.004016064262,100.62200019590563,0
1493,32,0,1,185,0.0,0.005376344086021506,0.9946236559139785,186,5550,4200,1350,0.7567567567567568,69,42,27,189.36389971976868,0.43101993122154414,0.7365792962299684,0.1163187461963327,1065011.7143211458,-2415.0457057823824,1062596.6686153633,1492,1,716.4032258064516,83,103,40,37.11592766161978,0.5691644265232976,42.001488095238095,8255.952380952385,99.46930579460705,0
1494,32,0,0,185,0.0,0.0,1.0,185,5400,3800,1600,0.7037037037037037,70,38,32,188.50834436195436,0.43023036623580097,0.7346867768542638,0.11636418650666275,1066476.4948958913,-2192.0563292469415,1064284.4385666444,1493,2,719.6540540540541,85,100,41,36.95729728673077,0.570777027027027,41.82412790697675,8261.627906976757,97.19562243502067,0
1495,32,0,2,183,0.0,0.010810810810810811,0.9891891891891892,185,4950,3300,1650,0.6666666666666666,66,33,33,206.58001567869022,0.4302903446925186,0.7592561520866301,0.12635821728485375,1063748.5340000675,1999.8377663833548,1065748.3717664508,1494,3,720.6540540540541,78,107,41,36.82796386260972,0.5685810810810811,42.15453586497889,8251.054852320645,105.78275451693135,8
1496,32,0,0,183,0.0,0.0,1.0,183,5400,3800,1600,0.7037037037037037,70,38,32,203.4644799003271,0.4307407073800516,0.7533880298916349,0.12502627443308548,1065121.6812520048,1342.8857812999204,1066464.5670333048,1495,4,725.1967213114754,80,103,36,36.738544418415316,0.5706967213114754,41.98816872427982,8256.378600822996,103.20473251028746,0
1497,32,1,1,183,0.005434782608695652,0.005434782608695652,0.9945652173913043,184,4150,2600,1550,0.6265060240963856,57,26,31,207.9559014371413,0.43163149897046016,0.7593434930565839,0.1283039259916611,1066325.7951484604,3399.7483911547297,1069725.543539615,1496,0,722.25,82,102,38,36.47382920110189,0.5717278079710144,41.84236947791163,8261.04417670679,100.7444411793511,0
1498,32,1,0,184,0.005434782608695652,0.0,1.0,184,5600,4200,1400,0.75,70,42,28,207.84896586051963,0.4312819256355429,0.7604848754179443,0.12873746025004207,1067480.8635552856,1974.9587131718636,1069455.8222684574,1497,0,723.2119565217391,86,98,40,36.333901172762246,0.5732563405797102,41.702586206896534,8265.517241379264,96.11066559743331,0
1499,32,0,0,184,0.0,0.0,1.0,184,4550,3300,1250,0.7252747252747253,58,33,25,208.1836073835921,0.4312652203611309,0.7611019945741084,0.12929138693677675,1068277.030969219,3129.5531984411255,1071406.5841676602,1498,1,724.2119565217391,68,116,42,36.226946521772994,0.5741055253623188,41.60628019323672,8268.599033816437,121.5970446149476,0
1500,32,1,0,185,0.005405405405405406,0.0,1.0,185,5200,4000,1200,0.7692307692307693,64,40,24,206.91978843119725,0.4314629847238543,0.7615790699955856,0.12956000389271588,1070690.559633233,2109.4128149179096,1072799.9724481509,1499,0,721.2918918918919,70,115,39,35.961840214761054,0.5760135135135135,41.31455399061034,8277.934272300496,118.25620389000709,0
1501,32,1,0,186,0.005376344086021506,0.0,1.0,186,5150,3500,1650,0.6796116504854369,68,35,33,204.9103194220643,0.4319450498885982,0.761318884223426,0.12919745157167406,1072737.8625341423,1613.0116136027323,1074350.874147745,1500,0,718.4086021505376,72,114,43,35.76155442889158,0.578125,41.067351598173516,8285.844748858448,115.08117706747845,0
1502,32,1,1,186,0.0053475935828877,0.0053475935828877,0.9946524064171123,187,5450,3700,1750,0.6788990825688074,72,37,35,204.94041093741887,0.43211527035056446,0.762080943704809,0.12989505728310174,1074273.91962295,1182.4277093759956,1075456.347332326,1501,0,715.5614973262032,76,111,39,35.57166040165675,0.579879679144385,40.882034632034646,8291.774891774927,109.10230120756482,0
1503,32,0,0,186,0.0,0.0,1.0,186,5750,3900,1850,0.6782608695652174,76,39,37,208.7264860236479,0.4315926813910685,0.7645567888288591,0.13270847756976867,1075187.3110937641,1934.013852363306,1077121.3249461274,1502,1,720.4032258064516,77,109,39,35.36112470592276,0.5812612007168458,40.77190170940172,8295.299145299166,107.731157731158,0
1504,32,0,0,186,0.0,0.0,1.0,186,5350,4100,1250,0.7663551401869159,66,41,25,207.38419480512238,0.43159570861183766,0.7631084277683817,0.1320246854638979,1075562.9193106,2060.949996695319,1077623.8693072954,1503,2,721.4032258064516,81,105,40,35.34970602645762,0.5825492831541219,40.72662601626018,8296.74796747971,102.42898725283594,0
1505,32,0,1,185,0.0,0.005376344086021506,0.9946236559139785,186,5050,4100,950,0.8118811881188119,60,41,19,209.02394815643652,0.43144313668507217,0.7646170307460618,0.133407202617094,1076304.5367166516,2744.684736639908,1079049.2214532916,1504,3,722.4032258064516,84,102,42,35.215952403452405,0.5837813620071685,40.637254901960794,8299.607843137286,98.80485527544388,0
1506,32,1,1,185,0.005376344086021506,0.005376344086021506,0.9946236559139785,186,5500,3700,1800,0.6727272727272727,73,37,36,204.07744715389913,0.43165262036229773,0.7587886303571783,0.13118857991841573,1078393.3712005883,1315.1532444604336,1079708.5244450488,1505,0,721.2741935483871,73,113,41,35.08755580256286,0.5856854838709677,40.385698198198185,8307.657657657624,113.80352955695376,0
1507,32,0,0,185,0.0,0.0,1.0,185,5400,4000,1400,0.7407407407407407,68,40,28,207.83862459828043,0.43124265569917747,0.7609439734339492,0.1341803864639843,1079636.4475308603,2478.0308641973756,1082114.4783950576,1506,1,726.0216216216216,74,111,43,34.83721417241443,0.5869932432432432,40.2361111111111,8312.444444444414,112.33033033032993,0
1508,32,0,0,185,0.0,0.0,1.0,185,5550,3900,1650,0.7027027027027027,72,39,33,205.8296626683871,0.4311839012925969,0.7589275839855891,0.1334936293722051,1080961.4977685397,1948.7880886424095,1082910.285857182,1507,2,727.0216216216216,75,110,45,34.726762989524,0.5881193693693694,40.0767543859649,8317.543859649088,110.90058479532117,0
1509,32,1,0,186,0.005376344086021506,0.0,1.0,186,4050,2500,1550,0.6172839506172839,56,25,31,206.92713163004277,0.4316883415673738,0.7613131101676265,0.1347896546985117,1082214.4332282846,3537.9056953119543,1085752.3389235965,1508,0,724.1075268817204,78,108,37,34.544526972216595,0.5892137096774194,39.926160337552716,8322.362869198245,106.69695986151596,0
1510,32,0,0,186,0.0,0.0,1.0,186,5850,4000,1850,0.6837606837606838,77,40,37,206.05333910365314,0.4314280005812264,0.7609134270057389,0.13479463116158713,1083442.4506293344,1599.3869357635676,1085041.837565098,1509,1,725.1075268817204,79,107,38,34.41669794012175,0.590893817204301,39.778645833333314,8327.083333333288,105.40611814345935,0
1511,32,0,1,185,0.0,0.005376344086021506,0.9946236559139785,186,5950,4300,1650,0.7226890756302521,76,43,33,208.39964905087285,0.4313371839581517,0.7645188911711955,0.13674664816002577,1084319.40263594,2044.356593676117,1086363.759229616,1510,2,726.1075268817204,80,106,39,34.248155741079216,0.5922379032258065,39.673353909465,8330.452674897067,104.13065843621334,0
1512,32,0,0,185,0.0,0.0,1.0,185,5600,3700,1900,0.6607142857142857,75,37,38,209.79410195927844,0.430988053270662,0.7651126027241955,0.137971424320283,1084963.5865927942,2923.792261550249,1087887.3788543444,1511,3,731.0054054054054,81,104,39,34.132915020244894,0.5931869369369369,39.59603658536583,8332.926829268232,102.87563986750904,0
1513,32,0,0,185,0.0,0.0,1.0,185,4750,3100,1650,0.6526315789473685,64,31,33,209.94730153574932,0.43095867606737176,0.7654610446774599,0.1383663384529339,1085572.723400776,3832.6127797613512,1089405.3361805375,1512,4,732.0054054054054,68,117,40,34.0543014180287,0.5939189189189189,39.52294685990337,8335.265700483065,122.57743677180979,0
1514,32,0,0,185,0.0,0.0,1.0,185,5550,3800,1750,0.6846846846846847,73,38,35,210.7282998541218,0.43081423815119463,0.7651651651651654,0.13948206514153746,1086806.2499999981,3254.1666666665483,1090060.4166666646,1513,5,733.0054054054054,69,116,40,33.88289368505198,0.5954391891891893,39.37499999999999,8339.999999999985,120.8695652173911,0
1515,32,1,1,185,0.005376344086021506,0.005376344086021506,0.9946236559139785,186,4550,3100,1450,0.6813186813186813,60,31,29,208.57033076245636,0.4310338564370822,0.7646673787810203,0.13891076813137512,1088568.5958129708,3658.6224172667444,1092227.2182302375,1514,0,730.0591397849462,71,115,39,33.723503337215966,0.5969982078853047,39.163773148148145,8346.759259259254,117.55998956703174,0
1516,32,0,0,185,0.0,0.0,1.0,185,4600,3300,1300,0.717391304347826,59,33,26,212.17205517327986,0.4306416470818644,0.7675197527624689,0.1419072836548565,1089766.7092768485,4643.608473338354,1094410.317750187,1515,1,727.0486486486486,73,112,43,33.48300970873785,0.5983671171171171,39.02027027027028,8351.351351351383,114.40207330618333,0
1517,32,0,0,185,0.0,0.0,1.0,185,5550,4100,1450,0.7387387387387387,70,41,29,210.29333014010734,0.43037970035252643,0.7653201568068013,0.1408500658108763,1090168.0123456833,3301.0123456792144,1093469.0246913624,1516,2,728.0486486486486,74,111,44,33.48298215742613,0.599436936936937,38.972222222222236,8352.888888888921,112.87687687687732,0
1518,32,0,0,185,0.0,0.0,1.0,185,5450,4300,1150,0.7889908256880734,66,43,23,211.43778496493758,0.43014345867606735,0.7667414225751497,0.1420996161177062,1091131.4328687715,3691.2826542784387,1094822.71552305,1517,3,729.0486486486486,75,110,41,33.33535619937369,0.6006756756756757,38.85690789473686,8356.578947368454,111.4210526315794,0
1519,32,0,0,185,0.0,0.0,1.0,185,5100,3200,1900,0.6274509803921569,70,32,38,211.12266601117915,0.4298460144927536,0.7667471856342005,0.14271017102496636,1092761.9832758086,4041.3646449705366,1096803.3479207791,1518,4,730.0486486486486,77,108,42,33.1444184679851,0.6020833333333333,38.661858974358985,8362.820512820539,108.60805860805895,0
1520,32,0,0,185,0.0,0.0,1.0,185,5750,4200,1550,0.7304347826086957,73,42,31,212.21885366898846,0.42971993732863295,0.7690750511467637,0.14396468181328756,1093767.361111117,3673.6111111114324,1097440.9722222285,1519,5,731.0486486486486,79,106,43,32.99302788844623,0.603322072072072,38.541666666666686,8366.666666666713,105.90717299578118,0
1521,32,0,0,185,0.0,0.0,1.0,185,5250,3900,1350,0.7428571428571429,66,39,27,209.65274469066858,0.4294237171954563,0.7666904943576562,0.14275222296319348,1094808.2388121614,3655.9104353855114,1098464.149247547,1520,6,732.0486486486486,66,119,41,32.9331352154532,0.6046171171171171,38.41728855721394,8370.64676616918,126.82798130559364,0
1522,32,0,0,185,0.0,0.0,1.0,185,4950,3300,1650,0.6666666666666666,66,33,33,211.98830605400383,0.4290809831570701,0.7690125197075408,0.14494765004521143,1095979.8179500534,4516.981015321559,1100496.798965375,1521,7,733.0486486486486,66,119,42,32.72914934062019,0.6059684684684685,38.27736318407961,8375.124378109473,126.89582391074958,0
1523,32,0,1,184,0.0,0.005405405405405406,0.9945945945945946,185,5950,4400,1550,0.7394957983193278,75,44,31,204.84983935463822,0.4289292009400705,0.7584708094775214,0.13095516133001067,1076776.8176020356,1165.5116213148503,1077942.3292233504,1522,8,734.0486486486486,69,116,41,35.26614992638485,0.5822072072072072,40.580357142857125,8301.42857142853,120.31055900621058,8
1524,32,0,0,184,0.0,0.0,1.0,184,6100,4500,1600,0.7377049180327869,77,45,32,204.58878780148126,0.42847358339272984,0.756866022027125,0.13101045511914858,1077271.006944441,1179.5138888887168,1078450.5208333298,1523,9,737.4836956521739,69,115,39,35.21218051652616,0.5837296195652174,40.52083333333332,8303.333333333307,120.33816425120735,0
1525,32,0,0,184,0.0,0.0,1.0,184,5350,3800,1550,0.7102803738317757,69,38,31,234.99680183801016,0.428171032311713,0.7850529764910215,0.1509173135427473,1078109.890731815,8520.475270380684,1086630.3660021957,1524,10,738.4836956521739,65,119,38,34.31977209622829,0.5840126811594203,40.41982323232324,8306.56565656567,127.793317793318,8
1526,32,1,2,183,0.005405405405405406,0.010810810810810811,0.9891891891891892,185,5750,4100,1650,0.7130434782608696,74,41,33,227.73354905473582,0.4287700744222483,0.7789946850616316,0.1471035627677888,1079792.0604914934,6430.975635370763,1086223.0361268641,1525,0,735.4864864864865,68,117,36,34.301269758252,0.5855855855855856,40.21739130434783,8313.04347826087,122.25063938618926,0
1527,32,0,0,183,0.0,0.0,1.0,183,5250,3400,1850,0.6476190476190476,71,34,37,229.18968866010633,0.4278170599891911,0.7785602623154007,0.14830123763976538,1080294.1142150366,7668.45433965803,1087962.5685546948,1526,1,743.3060109289618,68,115,41,34.20167131458674,0.586577868852459,40.157004830917884,8314.975845410649,122.2790565501566,0
1528,32,2,1,184,0.010810810810810811,0.005405405405405406,0.9945945945945946,185,6100,4200,1900,0.6885245901639344,80,42,38,222.8624008437568,0.4287015276145711,0.7735916533750864,0.14483703531260353,1081553.1536604178,5107.506492979483,1086660.6601533974,1527,0,736.2594594594594,73,112,43,34.211333694279034,0.5882319819819819,40.005630630630634,8319.819819819826,113.9701345180798,0
1529,32,0,2,182,0.0,0.010869565217391304,0.9891304347826086,184,5050,3500,1550,0.693069306930693,66,35,31,221.85939241807074,0.42857567118080303,0.7713238104716036,0.14442272605664014,1082027.7479104614,6161.603746181765,1088189.3516566432,1528,1,740.9565217391304,76,108,33,34.17910835977736,0.5896739130434783,39.94859307359308,8321.645021645041,109.4953292321716,0
1530,32,0,1,181,0.0,0.005494505494505495,0.9945054945054945,182,4000,2500,1500,0.625,55,25,30,223.17997216965736,0.4275203387772448,0.7705892642117802,0.14526221653430235,1081987.7540445146,7895.599367113047,1089883.3534116277,1529,4,750.0879120879121,75,107,33,34.14967980814842,0.5902014652014652,39.95339912280702,8321.491228070183,110.9532163742691,0
1531,32,0,0,181,0.0,0.0,1.0,181,5900,3900,2000,0.6610169491525424,79,39,40,220.98395326626087,0.4268863822385922,0.7674656043403836,0.14455148550578903,1083421.8635946861,5783.769294450661,1089205.632889137,1530,5,747.5414364640884,78,103,36,34.030698420741516,0.5920234806629834,39.78111814345991,8327.004219409273,106.75646435140094,0
1532,32,3,3,181,0.016304347826086956,0.016304347826086956,0.9836956521739131,184,5100,4100,1000,0.803921568627451,61,41,20,216.2587018440302,0.4283585026134474,0.7675906794501899,0.14258860910656282,1085698.561372497,5058.352295269584,1090756.9136677664,1531,0,736.3369565217391,68,116,39,33.874480826813496,0.5942595108695652,39.5078502415459,8335.748792270553,122.58454106280226,0
1533,32,0,0,181,0.0,0.0,1.0,181,4950,3500,1450,0.7070707070707071,64,35,29,215.73590156855937,0.426903007980356,0.7637017331761771,0.14267247387721363,1086558.0498866234,5731.916099773378,1092289.965986397,1532,1,748.6574585635359,69,112,39,33.78278704126695,0.5955340699815839,39.40476190476191,8339.047619047637,120.85576259489328,0
1534,32,0,1,180,0.0,0.0055248618784530384,0.994475138121547,181,5700,4500,1200,0.7894736842105263,69,45,24,212.0504392265682,0.4268876611418048,0.7567829949336211,0.13016634654061537,1064810.4934601572,3258.7065662566397,1068069.200026414,1533,2,749.6574585635359,86,95,38,36.55550914322838,0.5699815837937385,42.02586206896549,8255.17241379303,95.99037690457013,8
1535,32,0,0,180,0.0,0.0,1.0,180,4650,3100,1550,0.6666666666666666,62,31,31,209.4124111799969,0.42659256672873996,0.7543132965804027,0.12921691133631844,1066358.8355707098,4011.7549879909416,1070370.5905587007,1534,3,748.8611111111111,90,90,39,36.4321450213571,0.5717013888888889,41.83836996336994,8261.1721611721,91.79080179080111,0
1536,32,1,0,181,0.0055248618784530384,0.0,1.0,181,5450,4000,1450,0.7339449541284404,69,40,29,208.92681360234985,0.42663955391855946,0.7571102836208681,0.12979992832374618,1068384.280152753,2992.8246710312624,1071377.1048237842,1535,0,745.7182320441989,70,111,39,36.194501220689276,0.5734346224677717,41.59330985915495,8269.014084507085,118.12877263581551,0
1537,32,0,1,180,0.0,0.0055248618784530384,0.994475138121547,181,5200,3800,1400,0.7307692307692307,66,38,28,208.67962662456273,0.42658711888684264,0.7559236764114015,0.13020918851367408,1069665.9786076245,3243.4994057675412,1072909.478013392,1536,1,746.7182320441989,72,109,44,36.042701434878644,0.5746431860036832,41.438356164383585,8273.972602739772,114.9162861491635,0
1538,32,1,0,181,0.0055248618784530384,0.0,1.0,181,5650,4100,1550,0.7256637168141593,72,41,31,204.48108803377784,0.4265743298547166,0.7493724858798618,0.12820765694389757,1071092.3118014536,1953.624260355432,1073045.936061809,1537,0,747.1270718232045,77,104,42,35.97540518220297,0.5763697053406998,41.266025641025664,8279.487179487234,107.52580752580823,0
1539,32,0,0,181,0.0,0.0,1.0,181,5450,4000,1450,0.7339449541284404,69,40,29,203.59312186900098,0.42631727030898303,0.7489983057990481,0.1283931190514923,1072797.7287293791,2032.8477451979588,1074830.5764745772,1538,1,748.1270718232045,78,103,43,35.78828886173064,0.5779235727440147,41.06012658227851,8286.075949367158,106.23174294060459,0
1540,32,0,0,181,0.0,0.0,1.0,181,5450,4200,1250,0.7706422018348624,67,42,25,201.95244463004838,0.4262878555350931,0.7471648150493044,0.12780044015138292,1073814.0625000107,1721.875000000577,1075535.9375000112,1539,2,749.1270718232045,79,102,38,35.70566948130283,0.5790745856353592,40.937500000000036,8290.000000000084,104.93670886076055,0
1541,32,0,2,179,0.0,0.011049723756906077,0.988950276243094,181,4150,2800,1350,0.6746987951807228,55,28,27,203.83221223065175,0.42621623695518723,0.7490598039690919,0.12934310922916242,1074614.5673251825,3458.2129106358216,1078072.7802358184,1540,3,750.1270718232045,81,100,40,35.558459144159634,0.580110497237569,40.840955284552884,8293.089430894404,102.38382013449882,0
1542,32,0,0,179,0.0,0.0,1.0,179,6000,4200,1800,0.7,78,42,36,208.84833339851514,0.4263163538593518,0.7531078925643002,0.13305967859119408,1075788.7790532983,3135.338718821385,1078924.1177721196,1541,6,756.977653631285,83,96,41,35.28395504543284,0.5815293296089385,40.699404761904795,8297.61904761913,99.9713138267365,0
1543,32,0,0,179,0.0,0.0,1.0,179,5100,3600,1500,0.7058823529411765,66,36,30,205.22579835496282,0.42592665243864164,0.7490480558103343,0.1315229681631368,1077502.4796667306,3326.261323811307,1080828.7409905419,1542,7,757.977653631285,70,109,39,35.16720375395749,0.5832751396648045,40.492957746478865,8304.225352112659,118.63179074446656,0
1544,32,1,0,180,0.005555555555555556,0.0,1.0,180,5250,3500,1750,0.6666666666666666,70,35,35,201.0069380164503,0.4260798158493689,0.7447091400902461,0.12938532900903213,1078776.274603321,2118.3031525612782,1080894.5777558822,1543,0,754.7611111111111,72,108,42,35.120257917971806,0.584837962962963,40.33961187214611,8309.132420091304,115.40461694571256,0
1545,32,0,0,180,0.0,0.0,1.0,180,4900,3500,1400,0.7142857142857143,63,35,28,200.31816951282494,0.42609080798675775,0.743829195048707,0.12931177155359833,1079606.3989491481,2352.9555263653106,1081959.3544755133,1544,1,755.7611111111111,72,108,42,35.0362557679631,0.5858217592592593,40.23972602739727,8312.328767123305,115.44901065449034,0
1546,32,0,0,180,0.0,0.0,1.0,180,4300,2900,1400,0.6744186046511628,57,29,28,201.6673517792886,0.4257578108835092,0.7445097689886575,0.13056042047717947,1080444.7530864186,3278.086419753094,1083722.8395061716,1545,2,756.7611111111111,74,106,39,34.89833867806879,0.5868055555555556,40.138888888888886,8315.555555555547,112.37237237237227,0
1547,32,0,0,180,0.0,0.0,1.0,180,5000,3600,1400,0.72,64,36,28,200.49483771731454,0.4255534864473412,0.7422231594732647,0.1302392493774661,1081417.5515543208,2363.727300707663,1083781.2788550286,1546,3,757.7611111111111,75,105,42,34.80950372557288,0.587962962962963,40.02192982456139,8319.298245614007,110.92397660818676,0
1548,32,1,0,181,0.0055248618784530384,0.0,1.0,181,4750,3300,1450,0.6947368421052632,62,33,29,197.86677081175745,0.4257430427665234,0.7397567962914797,0.12903529877036402,1082543.6656563147,1889.8838772272206,1084433.549533542,1547,0,754.5690607734807,78,103,36,34.73982359203122,0.5892610497237569,39.8866033755274,8323.628691983058,106.71318835875715,0
1549,32,0,0,181,0.0,0.0,1.0,181,4800,3300,1500,0.6875,63,33,30,202.3652548940687,0.4258696541845713,0.7447195325321043,0.13233204364538728,1083334.027777768,2845.8333333327823,1086179.8611111008,1548,1,755.5690607734807,79,102,36,34.52595409661061,0.590066758747698,39.791666666666636,8326.66666666659,105.40084388185556,0
1550,32,1,0,182,0.005494505494505495,0.0,1.0,182,5650,4400,1250,0.7787610619469026,69,44,25,201.1002579984746,0.42563444842450365,0.7459460126094284,0.13200988748945233,1084434.3747934327,1566.0065106743668,1086000.381304107,1549,0,752.4120879120879,81,101,38,34.42409973650821,0.5918040293040293,39.659552845528424,8330.894308943009,102.85054702398776,0
1551,32,0,1,181,0.0,0.005494505494505495,0.9945054945054945,182,5350,4000,1350,0.7476635514018691,67,40,27,201.62381958683454,0.42551428773804467,0.7479516592777151,0.1329739987624364,1085773.387407679,2033.5555149744368,1087806.9429226536,1550,1,753.4120879120879,73,109,36,34.246550668251714,0.5932921245421245,39.498873873873876,8336.036036036045,114.19227446624718,0
1552,32,0,0,181,0.0,0.0,1.0,181,4750,3000,1750,0.631578947368421,65,30,35,204.00878684016035,0.4247634029056681,0.7484900113493484,0.13493442910939227,1086594.9427045293,3384.983209560908,1089979.9259140901,1551,2,758.2375690607735,73,108,41,34.083875744972005,0.5944981583793738,39.40033783783784,8339.189189189192,114.23546834505743,0
1553,32,2,0,183,0.01092896174863388,0.0,1.0,183,4950,3600,1350,0.7272727272727273,63,36,27,198.17839442305913,0.42563777297383854,0.7443466343366187,0.13204132001608263,1088679.946496506,1600.568767451965,1090280.515263958,1552,0,750.9398907103825,76,107,39,33.98095806105868,0.5961976320582878,39.150432900432904,8347.186147186156,109.83139667350206,0
1554,32,1,0,184,0.005434782608695652,0.0,1.0,184,4450,3100,1350,0.6966292134831461,58,31,27,194.46783753925422,0.42607297358834245,0.7417579189644461,0.13028357968746568,1090239.9705576012,1153.3218946393354,1091393.2924522406,1553,0,747.8532608695652,78,106,44,33.88728931993064,0.5975430253623188,38.963607594936704,8353.164556962012,107.09185329438478,0
1555,32,0,1,183,0.0,0.005434782608695652,0.9945652173913043,184,5450,3800,1650,0.6972477064220184,71,38,33,192.32088984290326,0.4257153569731527,0.7391447104057651,0.12929146021551358,1091218.0353129746,-277.1952871968442,1090940.8400257777,1554,1,748.8532608695652,81,103,39,33.82401822485974,0.5987884963768115,38.84654471544715,8356.910569105688,103.17173542105787,0
1556,32,0,1,182,0.0,0.00546448087431694,0.994535519125683,183,6000,4300,1700,0.7166666666666667,77,43,34,195.86919330088702,0.42486338797814205,0.7422432339400202,0.13231589121921594,1092584.1250486854,200.71423732819676,1092784.8392860135,1555,3,753.9398907103825,80,103,41,33.56473507217848,0.6004098360655737,38.68312757201645,8362.139917695451,104.52674897119314,0
1557,32,0,2,180,0.0,0.01098901098901099,0.989010989010989,182,5550,4300,1250,0.7747747747747747,68,43,25,195.43880432058324,0.42440248517596585,0.7405069367769184,0.13248245144165546,1093557.3644981545,794.7087546975563,1094352.073252852,1556,4,758.4615384615385,82,100,42,33.45734722288895,0.6014194139194139,38.566767068273094,8365.86345381527,102.02272504652767,0
1558,32,0,0,180,0.0,0.0,1.0,180,5800,4200,1600,0.7241379310344828,74,42,32,196.01457492280562,0.42409864473411957,0.7407372525100306,0.13336312034568487,1094591.9346288869,1111.1945560425825,1095703.1291849294,1557,5,759.2277777777778,73,107,40,33.31623477387293,0.6028935185185185,38.443130630630634,8369.81981981983,114.65506602492917,0
1559,32,0,0,180,0.0,0.0,1.0,180,4450,3300,1150,0.7415730337078652,56,33,23,193.37533347994582,0.4240579091661494,0.7368887957530033,0.13182672733804343,1095143.8904278274,1904.7630040013655,1097048.6534318288,1558,6,760.2277777777778,75,105,43,33.318053227158416,0.6041087962962963,38.37719298245615,8371.92982456143,111.6257309941524,0
1560,32,0,0,180,0.0,0.0,1.0,180,5750,4400,1350,0.7652173913043478,71,44,27,194.06531359362972,0.42384000620732465,0.7385592538993409,0.1327714175180182,1096145.5463728213,794.7658402205398,1096940.3122130418,1559,7,761.2277777777778,76,104,45,33.17806319343945,0.6056712962962962,38.257575757575765,8375.757575757592,110.20733652312622,0
1561,32,0,1,179,0.0,0.005555555555555556,0.9944444444444445,180,5350,3800,1550,0.7102803738317757,69,38,31,196.8455564912434,0.42364214773432646,0.7426919014488753,0.13511143941292614,1097052.2010457104,1839.9702029574105,1098892.1712486679,1560,8,762.2277777777778,76,104,44,32.99493697044845,0.6068287037037037,38.14935064935066,8379.220779220801,110.25290498974738,0
1562,32,0,0,179,0.0,0.0,1.0,179,4100,2900,1200,0.7073170731707317,53,29,24,199.3199915090894,0.42319089615634087,0.7448427779771056,0.13731239914364068,1098074.0711068418,3873.6229058734425,1101947.6940127152,1561,9,767.0335195530727,78,101,45,32.80578904100397,0.607832867783985,38.02742616033756,8383.122362869224,107.47592772909262,0
1563,32,0,0,179,0.0,0.0,1.0,179,5600,3400,2200,0.6071428571428571,78,34,44,196.95827805179252,0.4229908145544326,0.7421030686370369,0.13610758726407227,1098938.0667962236,1888.9898643501383,1100827.0566605737,1562,10,768.0335195530727,80,99,47,32.762586486088615,0.6091713221601489,37.924382716049394,8386.419753086448,104.8302469135806,0
1564,32,0,0,179,0.0,0.0,1.0,179,5500,3900,1600,0.7090909090909091,71,39,32,196.74993566802394,0.422942428807566,0.7433549410518572,0.12961932887542507,1085464.0510215792,1412.9964416896478,1086877.0474632687,1563,11,769.0335195530727,65,114,47,34.4113570259953,0.5898510242085662,39.53598484848485,8334.848484848484,128.22843822843822,8
1565,32,0,1,178,0.0,0.00558659217877095,0.994413407821229,179,5100,4100,1000,0.803921568627451,61,41,20,249.50037773366506,0.4228861967233695,0.791652921450672,0.16394614726158502,1084722.25,13227.72222222219,1097949.9722222222,1564,12,770.0335195530727,74,105,40,33.128633914759696,0.589036312849162,39.625,8332.0,112.5945945945946,8
1566,32,0,0,178,0.0,0.0,1.0,178,4650,3200,1450,0.6881720430107527,61,32,29,248.4773602796862,0.42310062633572443,0.7902157175429869,0.16380853322459762,1085658.0364837707,13702.288614383022,1099360.3250981537,1565,13,769.061797752809,58,120,40,33.04019249017217,0.5905898876404494,39.51271186440679,8335.593220338997,143.7171244886034,0
1567,32,1,1,178,0.00558659217877095,0.00558659217877095,0.994413407821229,179,4700,3200,1500,0.6808510638297872,62,32,30,246.90034284503295,0.4232065888310004,0.7902871515077992,0.1635074921540577,1086951.0464892,13173.717206790323,1100124.7636959904,1566,0,765.7597765363129,59,120,40,32.92237005706167,0.5920041899441341,39.3576388888889,8340.555555555577,141.36534839924707,0
1568,32,0,0,178,0.0,0.0,1.0,178,4550,2900,1650,0.6373626373626373,62,29,33,246.30788355034238,0.4223983791447132,0.7887952477532509,0.16350559852376684,1087632.4315446892,13428.488458897176,1101060.9200035864,1567,1,770.9831460674158,60,118,40,32.854117544319294,0.5928136704119851,39.27595628415302,8343.169398907126,139.0528233151188,0
1569,32,0,0,178,0.0,0.0,1.0,178,5250,3600,1650,0.6857142857142857,69,36,33,248.59614421413121,0.4223924278973317,0.7902766441484466,0.1658161910376732,1088993.2362122799,13293.903919528322,1102287.1401318081,1568,2,771.9831460674158,61,117,41,32.62735059247809,0.5941596441947565,39.112903225806456,8348.387096774202,136.85880486515086,0
1570,32,0,0,178,0.0,0.0,1.0,178,5750,4000,1750,0.6956521739130435,75,40,35,247.81800074681905,0.42186276688038254,0.789672029658937,0.16622966150349514,1090587.9069734903,12703.462948965702,1103291.3699224559,1569,3,772.9831460674158,62,116,36,32.451973823094804,0.59562265917603,38.92195767195768,8354.497354497364,134.74995733060263,0
1571,32,1,0,179,0.00558659217877095,0.0,1.0,179,4550,3400,1150,0.7472527472527473,57,34,23,246.0743116077107,0.4229045048438056,0.7893664342633497,0.16552998814977274,1091391.7584940344,13362.695133149833,1104754.4536271843,1570,0,769.659217877095,65,114,37,32.39893038433648,0.5968342644320298,38.825757575757585,8357.575757575782,128.57808857808894,0
1572,32,0,0,179,0.0,0.0,1.0,179,4450,2900,1550,0.651685393258427,60,29,31,245.6614038046109,0.42262726759148833,0.7897242332110981,0.1660540633058035,1092757.1275000607,13439.649991831919,1106196.7774918927,1571,1,770.659217877095,68,111,37,32.24238441838525,0.5985218808193669,38.66243961352658,8362.801932367169,122.98238135834072,0
1573,32,1,0,180,0.005555555555555556,0.0,1.0,180,4600,3200,1400,0.6956521739130435,60,32,28,238.7435026178553,0.42247245499689634,0.7845401923387634,0.1622778676797,1094320.7820679715,11652.395299683665,1105973.177367655,1572,0,767.3722222222223,62,118,38,32.23180228024698,0.6002893518518518,38.4755291005291,8368.783068783072,134.9803720771463,0
1574,32,0,0,180,0.0,0.0,1.0,180,4900,3100,1800,0.6326530612244898,67,31,36,237.94996665989038,0.4219377198427478,0.7841794201816603,0.1622055879597575,1095129.547119142,11217.207845052186,1106346.7549641943,1573,1,768.3722222222223,63,117,40,32.15363319646636,0.6015046296296296,38.37890625000001,8371.875000000011,132.88690476190493,0
1575,32,0,0,180,0.0,0.0,1.0,180,5450,4000,1450,0.7339449541284404,69,40,29,210.75171412919104,0.4217366283881647,0.7514173681559824,0.1404910347569129,1088826.444687935,4444.407921435168,1093270.8526093701,1574,2,769.3722222222223,73,107,42,33.63506367364562,0.5977430555555556,39.132882882882896,8347.747747747777,114.35270887325721,8
1576,32,0,2,178,0.0,0.011111111111111112,0.9888888888888889,180,5050,3600,1450,0.7128712871287128,65,36,29,211.87635481960967,0.42143143492654667,0.753542287498226,0.14179417591773918,1089936.0000000042,5136.3333333335395,1095072.3333333377,1575,3,770.3722222222223,74,106,43,33.47002713920817,0.5990162037037037,39.000000000000014,8352.000000000033,112.86486486486531,0
1577,32,0,0,178,0.0,0.0,1.0,178,5350,3500,1850,0.6542056074766355,72,35,37,208.92520832058233,0.4204113237690175,0.7479218050607483,0.1405555658453951,1091422.1985946766,4655.122041420275,1096077.3206360969,1576,10,779.9831460674158,77,101,42,33.3654509894156,0.6004798689138577,38.822115384615394,8357.692307692325,108.54145854145877,0
1578,32,0,0,178,0.0,0.0,1.0,178,4850,3500,1350,0.7216494845360825,62,35,27,209.78100055449335,0.4205548149558814,0.7495240097248461,0.1414665878609987,1092091.9882067775,5370.02999671295,1097462.0182034904,1577,11,780.9831460674158,77,101,44,33.2612904462506,0.6015917602996255,38.7419871794872,8360.256410256454,108.57475857475914,0
1579,32,0,0,178,0.0,0.0,1.0,178,5100,3800,1300,0.7450980392156863,64,38,26,209.21186772733685,0.4205058824774117,0.7498471001450362,0.14160340099860855,1093129.750809708,5039.143367043679,1098168.8941767516,1578,12,781.9831460674158,81,97,44,33.149462156557796,0.6027621722846441,38.6178861788618,8364.227642276459,103.26206965773406,0
1580,32,0,0,178,0.0,0.0,1.0,178,4900,3400,1500,0.6938775510204082,64,34,30,209.88526072742977,0.42014616263568844,0.7517411510139986,0.14250787486485275,1094016.3832199518,5423.582766439764,1099439.9659863915,1579,13,782.9831460674158,69,109,44,33.02365505728812,0.6039325842696629,38.51190476190475,8367.619047619026,121.26984126984095,0
1581,32,0,1,177,0.0,0.0056179775280898875,0.9943820224719101,178,5500,4000,1500,0.7272727272727273,70,40,30,210.56375703296044,0.41981950527941764,0.7512378436608123,0.14370777772445678,1095462.6548568192,5032.946459190339,1100495.6013160096,1580,14,783.9831460674158,71,107,43,32.82949058203398,0.605688202247191,38.33912037037035,8373.148148148106,117.93166405842403,0
1582,32,1,0,178,0.0056179775280898875,0.0,1.0,178,5200,3800,1400,0.7307692307692307,66,38,28,209.8370343199053,0.4201369051397617,0.7491510799712888,0.14367192526557243,1096359.9241132978,5211.383004626031,1101571.3071179239,1581,0,784.7022471910112,73,105,45,32.73911952391197,0.6069756554307116,38.23198198198197,8376.57657657654,114.74762433666494,0
1583,32,0,0,178,0.0,0.0,1.0,178,4800,3100,1700,0.6458333333333334,65,31,34,209.35391578640898,0.4198109090332,0.7491522474261723,0.14413443942758766,1097899.5460141543,5569.9138196366275,1103469.459833791,1582,1,785.7022471910112,75,103,44,32.56418306125296,0.6085557116104869,38.048245614035075,8382.456140350847,111.76608187134462,0
1584,32,0,1,177,0.0,0.0056179775280898875,0.9943820224719101,178,5450,3700,1750,0.6788990825688074,72,37,35,207.3108830705085,0.41940688546097044,0.7467787456475923,0.1431911812211399,1098801.184459236,4508.688773832913,1103309.873233069,1583,2,786.7022471910112,77,101,44,32.50793074453447,0.6097846441947565,37.940705128205124,8385.897435897426,108.90775890775879,0
1585,32,0,0,177,0.0,0.0,1.0,177,4750,3300,1450,0.6947368421052632,62,33,29,207.49538005941574,0.4191865690806369,0.7466044892949082,0.14400377125294334,1100124.7375061354,5504.160104319959,1105628.8976104553,1584,3,791.6214689265537,80,97,39,32.34203858100376,0.611346516007533,37.78292181069958,8390.946502057584,104.8868312757198,0
1586,32,0,0,177,0.0,0.0,1.0,177,4950,3500,1450,0.7070707070707071,64,35,29,207.62074012467048,0.41933770972436224,0.7468778272867871,0.14460626996001888,1101113.2412295893,5372.789221032296,1106486.0304506216,1585,4,792.6214689265537,81,96,41,32.218526544315864,0.6125235404896422,37.665142276422756,8394.71544715445,103.63846231054877,0
1587,32,0,0,177,0.0,0.0,1.0,177,4000,2500,1500,0.625,55,25,30,225.3341204368569,0.4194728000342407,0.7727007632695779,0.14514355638151133,1078974.511888287,9225.95452202662,1088200.4664103137,1586,5,793.6214689265537,63,114,43,34.464183119189386,0.5850400188323917,40.315755208333314,8309.895833333294,131.90310846560783,8
1588,32,1,0,178,0.0056179775280898875,0.0,1.0,178,5100,4000,1100,0.7843137254901961,62,40,22,218.42279037884936,0.4198664540087602,0.7663697612127731,0.14142458839644256,1080478.7221261046,6500.235486351398,1086978.957612456,1587,0,790.1573033707865,67,111,43,34.458755796588875,0.5869030898876404,40.134803921568626,8315.686274509799,124.11472051507162,0
1589,32,1,0,179,0.00558659217877095,0.0,1.0,179,4950,3800,1150,0.7676767676767676,61,38,23,216.76734600048664,0.4203165212478815,0.7659730631378256,0.1411410632900339,1082095.2947845822,6162.58503401374,1088257.879818596,1588,0,786.7374301675977,69,110,39,34.30323491264211,0.5882797951582868,39.9404761904762,8321.904761904776,120.6073153899243,0
1590,32,0,0,179,0.0,0.0,1.0,179,5400,4100,1300,0.7592592592592593,67,41,26,217.83568308528478,0.4202132111397066,0.766846249951959,0.1423396464198395,1083114.1445700817,5988.181908351533,1089102.3264784333,1589,1,787.7374301675977,70,109,40,34.1503843840457,0.5896764432029795,39.818075117370896,8325.821596244137,118.94030851777339,0
1591,32,0,1,178,0.0,0.00558659217877095,0.994413407821229,179,4650,3300,1350,0.7096774193548387,60,33,27,221.1329529538635,0.4205349109702257,0.7712738510602235,0.14511547612880452,1084346.185378087,7506.934799382749,1091853.1201774697,1590,2,788.7374301675977,71,108,40,33.91338779593199,0.5907239292364991,39.67013888888889,8330.55555555556,117.33176838810648,0
1592,32,1,0,179,0.00558659217877095,0.0,1.0,179,5800,4500,1300,0.7758620689655172,71,45,26,221.02817820639822,0.4216791684974787,0.7711879760454072,0.14590452467525034,1086034.1649519915,6408.830589849283,1092442.9955418408,1591,0,789.4692737430167,62,117,40,33.70909225529396,0.592469739292365,39.4675925925926,8337.037037037057,134.4683393070493,0
1593,32,0,0,179,0.0,0.0,1.0,179,5250,3700,1550,0.7047619047619048,68,37,31,222.25323043411046,0.4214934718473417,0.7722711900829793,0.14719450918824875,1086969.146728519,7266.480848524498,1094235.6275770434,1592,1,790.4692737430167,63,116,42,33.562559843470325,0.5935172253258845,39.355468750000014,8340.625000000025,132.3908730158734,0
1594,32,0,0,179,0.0,0.0,1.0,179,4900,3400,1500,0.6938775510204082,64,34,30,221.86055776103956,0.42126985123344424,0.7722537934920486,0.14749584466586677,1088055.4368760902,7579.317220052377,1095634.7540961427,1593,2,791.4692737430167,63,116,42,33.43969749927184,0.5947974860335196,39.225260416666686,8344.791666666706,132.4570105820112,0
1595,32,1,0,180,0.005555555555555556,0.0,1.0,180,4600,3000,1600,0.6521739130434783,62,30,32,224.7091681283709,0.42141397682598797,0.7754894334240883,0.1501411319094907,1089480.9705785753,8363.27251808078,1097844.2430966562,1594,0,788.0666666666667,64,116,44,33.190802268214306,0.5962962962962963,39.05448717948721,8350.256410256476,130.47275641025743,0
1596,32,0,1,179,0.0,0.005555555555555556,0.9944444444444445,180,5550,4000,1550,0.7207207207207207,71,40,31,225.73406643258414,0.42113788019863435,0.7760698588942863,0.15129432080435112,1090359.6933417397,7676.265490443505,1098035.9588321832,1595,1,789.0666666666667,68,112,38,33.05647120055519,0.5978587962962962,38.94927536231886,8353.623188405834,122.84739982949756,0
1597,32,1,2,178,0.005555555555555556,0.011111111111111112,0.9888888888888889,180,5150,3500,1650,0.6796116504854369,68,35,33,192.6156433123869,0.4210298986136975,0.7370345606371298,0.1239569518666113,1078713.0401234515,405.40123456763286,1079118.4413580191,1596,0,789.8055555555555,74,106,43,35.34590353927077,0.5859953703703704,40.34722222222221,8308.888888888849,112.28228228228174,8
1598,32,0,0,178,0.0,0.0,1.0,178,3950,2600,1350,0.6582278481012658,53,26,27,194.80709206941953,0.41945515668973105,0.7383846354272801,0.1254458408166766,1078894.8442484466,2485.273451345598,1081380.1176997921,1597,1,799.6404494382023,72,106,44,35.26669597391655,0.5866690074906367,40.32534246575341,8309.58904109585,115.41095890410901,0
1599,32,1,1,178,0.00558659217877095,0.00558659217877095,0.994413407821229,179,5300,3600,1700,0.6792452830188679,70,36,34,192.8853585137673,0.4197280459481514,0.7374887260606409,0.12504779638224242,1080844.5763934478,595.8187230619733,1081440.3951165099,1598,0,796.1675977653631,77,102,45,35.07754427431233,0.5885125698324023,40.090811965811945,8317.094017093965,108.01420801420734,0
1600,32,0,0,178,0.0,0.0,1.0,178,4600,3400,1200,0.7391304347826086,58,34,24,191.7151551868806,0.41931431050170337,0.7330576861003104,0.12465139124412501,1081684.5544979793,1275.0644457661915,1082959.6189437455,1599,1,793.629213483146,81,97,38,35.005048531040316,0.5901217228464419,39.98983739837397,8320.325203251998,102.72006423767898,0
1601,32,0,1,177,0.0,0.0056179775280898875,0.9943820224719101,178,5550,4400,1150,0.7927927927927928,67,44,23,196.67176155818936,0.4192462017816712,0.737860352373946,0.12847204608862636,1083027.921953095,1450.201845444059,1084478.123798539,1600,2,794.629213483146,84,94,39,34.711591301617204,0.5915847378277154,39.82843137254902,8325.49019607843,99.11297852474321,0
1602,32,0,0,177,0.0,0.0,1.0,177,5050,3600,1450,0.7128712871287128,65,36,29,197.86488461297319,0.4186475453689437,0.7391071793360371,0.1296319126496928,1083872.4567314037,2442.059717267717,1086314.5164486715,1601,3,797.8135593220339,86,91,40,34.57712301039654,0.5933968926553672,39.72701149425287,8328.735632183902,96.84576316492908,0
1603,32,0,0,177,0.0,0.0,1.0,177,4650,3100,1550,0.6666666666666666,62,31,31,195.09660723180195,0.41822622410546134,0.735668143542699,0.1281347513395758,1084581.8275785882,2269.646965169907,1086851.474543758,1602,4,798.8135593220339,88,89,42,34.56235483629279,0.5948093220338984,39.64185393258427,8331.460674157299,94.67568947906021,0
1604,32,1,0,178,0.0056179775280898875,0.0,1.0,178,4600,3000,1600,0.6521739130434783,62,30,32,193.63512829915692,0.41895128441143487,0.734567638870758,0.12765294083277157,1085656.0477284708,1844.2296181315974,1087500.2773466024,1603,0,795.3202247191011,73,105,43,34.46900612447088,0.5961493445692884,39.51295045045045,8335.585585585577,114.18610391213119,0
1605,32,1,0,179,0.00558659217877095,0.0,1.0,179,5150,4000,1150,0.7766990291262136,63,40,23,194.71244764260314,0.419305651455234,0.7371481648376639,0.12902583028804893,1087126.3393544091,1385.406086487782,1088511.7454408968,1604,0,791.8715083798883,75,104,42,34.26118238861427,0.5975325884543762,39.33662280701752,8341.22807017538,111.21637426900507,0
1606,32,0,1,178,0.0,0.00558659217877095,0.994413407821229,179,4600,2900,1700,0.6304347826086957,63,29,34,192.14104232270023,0.41898002845605004,0.7333517951018345,0.12779735267294506,1088187.7785082848,1417.1068010808167,1089604.8853093656,1605,1,792.8715083798883,77,102,40,34.19854397105011,0.5987546554934824,39.20940170940169,8345.299145299094,108.3805083805077,0
1607,32,0,0,178,0.0,0.0,1.0,178,5050,3300,1750,0.6534653465346535,68,33,35,190.31796686069032,0.41900550688757693,0.7280831595236503,0.12713240186294072,1089414.0624999953,817.0138888886695,1090231.076388884,1606,2,797.3370786516854,81,97,43,34.09639055222887,0.6004798689138577,39.062499999999986,8349.999999999964,103.08641975308598,0
1608,32,0,0,178,0.0,0.0,1.0,178,4750,3200,1550,0.6736842105263158,63,32,31,188.11888646886297,0.4190445206204109,0.7251348522749179,0.12616970107769832,1090553.3731142855,680.7372370241901,1091234.1103513096,1607,3,798.3370786516854,83,95,36,34.014797970202174,0.6015917602996255,38.92609126984125,8354.36507936503,100.65500095620519,0
1609,32,0,1,177,0.0,0.0056179775280898875,0.9943820224719101,178,5400,4000,1400,0.7407407407407407,68,40,28,187.64845669525658,0.418662979538289,0.722954362628133,0.12267389369225483,1083253.344525567,-345.8363379605844,1082907.5081876065,1608,4,799.3370786516854,85,93,40,34.91876920212273,0.5942766853932584,39.80135658914728,8326.35658914727,97.95713634290905,8
1610,32,0,0,177,0.0,0.0,1.0,177,4950,3700,1250,0.7474747474747475,62,37,25,190.66614004991266,0.41796540618044853,0.726422414955634,0.1252225067303021,1084576.2871075782,1008.3948504934624,1085584.6819580717,1609,5,804.8248587570622,87,90,42,34.67838334469957,0.5955155367231638,39.64251893939393,8331.439393939369,95.76367119470538,0
1611,32,1,0,178,0.0056179775280898875,0.0,1.0,178,4900,3700,1200,0.7551020408163265,61,37,24,186.74852371215437,0.4187839882350452,0.7228046865146076,0.12329194413199353,1086071.2781475978,64.44156804715112,1086135.7197156448,1610,0,801.2977528089888,77,101,43,34.59765364703466,0.5971441947565543,39.463141025641015,8337.179487179466,108.275058275058,0
1612,32,0,0,178,0.0,0.0,1.0,178,4150,2600,1550,0.6265060240963856,57,26,31,188.19772313555953,0.4185717270784401,0.7252924698722347,0.12468578276170571,1087073.5741288622,1166.9543063773717,1088240.5284352396,1611,1,802.2977528089888,77,101,43,34.43744236089761,0.5981390449438202,39.342948717948715,8341.025641025639,108.3250083250083,0
1613,32,0,0,178,0.0,0.0,1.0,178,4750,3500,1250,0.7368421052631579,60,35,25,187.03571430369604,0.4185829683234939,0.7235510865412504,0.1244016835464092,1088187.778508291,355.99568997002916,1088543.774198261,1612,2,803.2977528089888,77,101,44,34.331686125904696,0.5993679775280899,39.20940170940171,8345.299145299145,108.38050838050837,0
1614,32,0,1,177,0.0,0.0056179775280898875,0.9943820224719101,178,5450,3900,1550,0.7155963302752294,70,39,31,189.37275484008126,0.41845997587761063,0.7263376238382855,0.12628041639740442,1088918.6678817444,192.305586711248,1089110.9734684557,1613,3,804.2977528089888,78,100,44,34.1815137730604,0.6005383895131087,39.12183544303796,8348.101265822745,107.0269393054198,0
1615,32,0,1,176,0.0,0.005649717514124294,0.9943502824858758,177,4650,3400,1250,0.7311827956989247,59,34,25,188.96796979397308,0.4185432181989385,0.7242903025886052,0.12630412327566726,1089579.2190754644,1129.1145916784799,1090708.3336671428,1614,4,804.6214689265537,78,99,45,34.11146480723563,0.6016949152542372,39.04272151898733,8350.632911392371,107.05939629990219,0
1616,32,0,0,176,0.0,0.0,1.0,176,4900,3600,1300,0.7346938775510204,62,36,26,188.37121742670422,0.4183123647186147,0.7210383468142871,0.1261900650603043,1090219.5739978594,973.1976832796718,1091192.771681139,1615,5,806.0454545454545,80,96,47,34.048921075968096,0.6031605113636364,38.96604938271603,8353.086419753034,104.41358024691291,0
1617,32,0,0,176,0.0,0.0,1.0,176,5400,4000,1400,0.7407407407407407,68,40,28,188.48518912938056,0.41819602272727274,0.7280346165575236,0.12022298549874022,1076121.2413959687,-33.41685786728067,1076087.8245381014,1616,6,807.0454545454545,90,86,45,35.771153336864394,0.5859966856060606,40.659340659340664,8298.901098901115,92.2100122100124,8
1618,32,0,0,176,0.0,0.0,1.0,176,4450,3400,1050,0.7640449438202247,55,34,21,185.93367958608405,0.418339420995671,0.724011376760511,0.1190014817287493,1077116.9837211487,404.4648255874895,1077521.4485467363,1617,7,808.0454545454545,72,104,44,35.7151368494381,0.5870620265151515,40.53938356164384,8302.7397260274,115.31582952815832,0
1619,32,0,1,175,0.0,0.005681818181818182,0.9943181818181818,176,4450,3200,1250,0.7191011235955056,57,32,25,193.89342937484304,0.41827922077922075,0.7336514802502412,0.12046366372429904,1068392.9457199571,1780.8744331066782,1070173.8201530639,1618,8,809.0454545454545,69,107,45,36.581905653133695,0.5744554924242424,41.59226190476191,8269.047619047638,119.84126984127012,7
1620,32,0,0,175,0.0,0.0,1.0,175,4150,3000,1150,0.7228915662650602,53,30,23,194.8883108180279,0.4177640941434045,0.7341434574175032,0.12148527534415471,1069377.582908161,2531.838151927279,1071909.4210600883,1619,9,814.4914285714286,69,106,46,36.434829428807156,0.5753571428571429,41.47321428571428,8272.857142857125,119.89648033126268,0
1621,32,1,0,176,0.005681818181818182,0.0,1.0,176,5750,4200,1550,0.7304347826086957,73,42,31,196.38064442181417,0.41838474025974026,0.7356940774464631,0.12307561230597701,1070965.0842611718,1113.3626800943239,1072078.446941266,1620,0,810.8579545454545,72,104,43,36.20066001139855,0.5768229166666667,41.28139269406393,8278.995433789963,114.98604769152728,0
1622,32,1,1,176,0.005649717514124294,0.005649717514124294,0.9943502824858758,177,4950,3400,1550,0.6868686868686869,65,34,31,193.32572223668433,0.4189792522684472,0.7333922489585214,0.12183834056579707,1072605.4444444468,1122.4444444445826,1073727.8888888913,1621,0,807.271186440678,74,103,46,36.077808175088514,0.5782721280602636,41.08333333333334,8285.333333333352,111.96396396396422,0
1623,32,1,0,177,0.005649717514124294,0.0,1.0,177,5850,4300,1550,0.7350427350427351,74,43,31,195.3644572330985,0.41940859869885294,0.7369474310880315,0.12376574060102176,1074132.2329947662,719.4521391197077,1074851.6851338858,1622,0,808.1355932203389,75,102,42,35.83721258287491,0.5798022598870056,40.89912280701754,8291.228070175428,110.54970760233904,0
1624,32,0,2,175,0.0,0.011299435028248588,0.9887005649717514,177,5300,3400,1900,0.6415094339622641,72,34,38,195.64965321646744,0.4193912108371854,0.73753500271061,0.12447740297980064,1075382.6447801215,1379.648305247571,1076762.293085369,1623,1,809.1355932203389,75,102,44,35.676105824301686,0.5811558380414312,40.74835526315788,8296.052631578923,110.61403508771897,0
1625,32,1,0,176,0.005681818181818182,0.0,1.0,176,5000,3500,1500,0.7,65,35,30,194.291652381894,0.41987148268398267,0.734202548121184,0.1241010844321822,1076531.5555788926,1632.2189549346872,1078163.7745338273,1624,0,812.2897727272727,68,108,46,35.57017033329453,0.5828598484848485,40.60990338164251,8300.483091787435,122.06592782040346,0
1626,32,0,0,176,0.0,0.0,1.0,176,4650,3400,1250,0.7311827956989247,59,34,25,192.41160449349712,0.4200662878787879,0.7312691609835458,0.12316037944011049,1077147.4489795894,1601.1337868479245,1078748.5827664372,1625,1,813.2897727272727,69,107,45,35.54332033340982,0.5839251893939394,40.53571428571428,8302.857142857123,120.33126293995831,0
1627,32,1,0,177,0.005649717514124294,0.0,1.0,177,5000,3300,1700,0.66,67,33,34,189.21256042395743,0.42112598442047594,0.7283143697968311,0.12190830795441579,1079049.65331361,433.9495456101763,1079483.6028592202,1626,0,809.6892655367232,71,106,49,35.392989786443835,0.5856873822975518,40.30671296296295,8310.18518518515,117.04486176317113,0
1628,32,1,1,177,0.0056179775280898875,0.0056179775280898875,0.9943820224719101,178,4200,2700,1500,0.6428571428571429,57,27,30,186.6170789311237,0.42176027317547976,0.7254694514430367,0.12096111067559806,1080789.7621858597,538.7656715575035,1081328.5278574172,1627,0,806.1348314606741,76,102,49,35.24717624401416,0.587254213483146,40.09740259740258,8316.883116883067,109.43267259056668,0
1629,32,0,0,177,0.0,0.0,1.0,177,5100,3700,1400,0.7254901960784313,65,37,28,187.68085488015618,0.4216355825201164,0.7247678625532468,0.12213015160676341,1081925.024414053,111.32269965226033,1082036.3471137052,1628,1,806.276836158192,79,98,41,35.0805021447766,0.5895127118644068,39.96093749999997,8321.249999999927,105.33227848101174,0
1630,32,1,0,178,0.0056179775280898875,0.0,1.0,178,4750,3000,1750,0.631578947368421,65,30,35,184.95556257936536,0.422198020482871,0.7224290051030648,0.12074290615437631,1082847.5139838934,-294.26577268877145,1082553.2482112048,1629,0,802.7415730337078,81,97,43,35.03848454514377,0.5908824906367041,39.850101626016226,8324.79674796739,102.77526849342456,0
1631,32,0,1,177,0.0,0.0056179775280898875,0.9943820224719101,178,4600,3400,1200,0.7391304347826086,58,34,24,185.37345368027303,0.42205188429717094,0.7229846847662147,0.12121194074705882,1083313.3764211552,-36.49159895518551,1083276.8848222,1630,1,803.7415730337078,83,95,43,34.97062105831705,0.5919943820224719,39.79414682539678,8326.587301587182,100.32032893478532,0
1632,32,0,1,176,0.0,0.005649717514124294,0.9943502824858758,177,4900,3600,1300,0.7346938775510204,62,36,26,185.9197137903253,0.42153526793357304,0.722879870340734,0.12175729625762512,1083757.664146524,-1.6170527617578045,1083756.047093762,1631,2,807.0564971751412,85,92,45,34.90206287522685,0.5929260828625236,39.74079457364338,8328.29457364332,97.97993616050964,0
1633,32,0,2,174,0.0,0.011363636363636364,0.9886363636363636,176,4550,3100,1450,0.6813186813186813,60,31,29,188.26148166784145,0.4208116883116883,0.7249409928430048,0.12350780720406597,1084262.101135735,1074.9579352195492,1085337.0590709546,1632,3,812.6136363636364,85,91,45,34.77941404553629,0.5938683712121212,39.680232558139494,8330.232558139425,98.00273597811089,0
1634,32,0,0,174,0.0,0.0,1.0,174,5100,3800,1300,0.7450980392156863,64,38,26,188.7363441542206,0.4197907669479326,0.7236485374494357,0.12422322293034976,1085195.253243952,1063.1569581555282,1086258.4102021076,1633,4,817.4540229885057,68,106,47,34.652942824570545,0.5955459770114943,39.56823671497585,8333.81642512079,122.55612389883515,0
1635,32,0,1,173,0.0,0.005747126436781609,0.9942528735632183,174,4650,3300,1350,0.7096774193548387,60,33,27,187.4164368638787,0.4196551170464864,0.7219755775850567,0.12367506823128281,1085937.6736111145,1254.5138888890428,1087192.1875000035,1634,5,818.4540229885057,69,105,46,34.596578035452495,0.5969827586206897,39.47916666666668,8336.666666666693,120.82125603864773,0
1636,32,0,0,173,0.0,0.0,1.0,173,4400,3000,1400,0.6818181818181818,58,30,28,185.0215336349901,0.4192277747905184,0.7168741422821934,0.1225271357934723,1086947.1329437583,1221.7251034820883,1088168.8580472404,1635,6,822.8670520231213,73,100,48,34.53567185137179,0.5980250481695568,39.35810810810812,8340.540540540569,114.25398000740506,0
1637,32,0,0,173,0.0,0.0,1.0,173,4500,3300,1200,0.7333333333333333,57,33,24,187.96065964421976,0.4194574203521979,0.7208885262809497,0.12491898707328301,1087964.8919753144,1798.9197530867473,1089763.811728401,1636,7,823.8670520231213,74,99,46,34.334775854416336,0.5992894990366089,39.23611111111113,8344.444444444489,112.76276276276336,0
1638,32,0,0,173,0.0,0.0,1.0,173,5650,4300,1350,0.7610619469026548,70,43,27,188.79489255957574,0.419174564233544,0.7201696830571334,0.12616457594439565,1089525.577105711,889.3728541167429,1090414.9499598278,1637,8,824.8670520231213,77,96,45,34.122526441487516,0.6008550096339114,39.049145299145316,8350.427350427395,108.44710844710903,0
1639,32,0,0,173,0.0,0.0,1.0,173,4950,3300,1650,0.6666666666666666,66,33,33,213.1328820766354,0.4194560200743827,0.7506396065827896,0.13592208331842998,1076073.7436308374,6319.339661407125,1082393.0832922445,1638,9,825.8670520231213,77,96,43,35.137783871466084,0.5806237957610789,40.66506410256411,8298.717948717967,107.77555777555801,8
1640,32,0,0,173,0.0,0.0,1.0,173,5550,4000,1550,0.7207207207207207,71,40,31,209.59302426769392,0.41915776089976253,0.7463597736175835,0.1343441325811199,1077550.8555903973,5019.428525086462,1082570.2841154838,1639,10,826.8670520231213,67,106,46,35.04792367628828,0.5823699421965318,40.487132352941174,8304.411764705877,123.94644424934145,0
1641,32,1,0,174,0.005747126436781609,0.0,1.0,174,5050,3900,1150,0.7722772277227723,62,39,23,208.76181151525356,0.41940457998361125,0.7469058240445492,0.13465368285983872,1079372.5765306128,5216.35487528347,1084588.9314058963,1640,0,823.1091954022988,69,105,41,34.845641877697574,0.5838122605363985,40.267857142857146,8311.428571428576,120.45548654244313,0
1642,32,2,0,176,0.011363636363636364,0.0,1.0,176,5200,3500,1700,0.6730769230769231,69,35,34,204.09100438443778,0.42118641774891774,0.7426729187483698,0.13258377629181067,1081436.042250019,3742.273608067465,1085178.3158580866,1641,0,814.7443181818181,73,103,47,34.71374329958308,0.5858191287878788,40.019707207207205,8319.36936936936,113.96396396396383,0
1643,32,1,1,176,0.005649717514124294,0.005649717514124294,0.9943502824858758,177,4800,3000,1800,0.625,66,30,36,201.32932222829987,0.42188570022256466,0.7402210645119325,0.13124790614656243,1082444.0242430316,3385.5443501843793,1085829.568593216,1642,0,811.1355932203389,75,102,40,34.661970191986775,0.5872763653483992,39.89857456140349,8323.245614035051,110.97660818713402,0
1644,32,0,2,174,0.0,0.011363636363636364,0.9886363636363636,176,4800,3500,1300,0.7291666666666666,61,35,26,205.03021438221015,0.42102002164502167,0.744933182881585,0.13409575564916001,1083379.085966338,4425.089250576005,1087804.175216914,1643,1,816.7386363636364,76,100,42,34.451087427432604,0.5886600378787878,39.7862554112554,8326.839826839792,109.56368193210253,0
1645,32,0,0,174,0.0,0.0,1.0,174,5400,3900,1500,0.7222222222222222,69,39,30,206.651284365162,0.419817758509955,0.7451301827477042,0.13551638808858893,1084143.7160493846,4607.938271605053,1088751.6543209895,1644,2,827.028735632184,74,100,42,34.3151967061502,0.5894995210727969,39.69444444444445,8329.777777777792,112.56456456456476,0
1646,32,0,0,174,0.0,0.0,1.0,174,5300,3800,1500,0.7169811320754716,68,38,30,208.37554954521244,0.4193630545035767,0.7481603990100456,0.13727274191852967,1085452.4439218098,5136.349901480242,1090588.79382329,1645,3,828.028735632184,67,107,45,34.10997324001646,0.5909961685823755,39.537377450980394,8334.803921568633,124.40005853087511,0
1647,32,0,0,174,0.0,0.0,1.0,174,4400,2800,1600,0.6363636363636364,60,28,32,208.49529614973073,0.4191118253493677,0.7484664753774251,0.13747431217627648,1085707.814452374,6072.994461264918,1091780.8089136388,1646,4,829.028735632184,67,107,45,34.07557826129572,0.592492816091954,39.50674019607843,8335.78431372549,124.41469124963417,0
1648,32,0,1,173,0.0,0.005747126436781609,0.9942528735632183,174,4000,2800,1200,0.7,52,28,24,205.6164820341964,0.4188412176378092,0.745128035502632,0.13609852858453983,1086806.2500000023,5893.055555555666,1092699.305555558,1647,5,830.028735632184,69,105,46,34.01612043698376,0.59375,39.37500000000001,8340.000000000018,120.86956521739157,0
1649,32,2,0,175,0.011428571428571429,0.0,1.0,175,4450,3200,1250,0.7191011235955056,57,32,25,202.46963553670963,0.4190065681444992,0.7422694529634122,0.13473311627243534,1088327.0941840303,4620.638020833476,1092947.7322048638,1648,0,824.5657142857143,71,104,47,33.9121526044267,0.5957738095238095,39.19270833333334,8345.833333333354,117.5469483568078,0
1650,32,0,0,175,0.0,0.0,1.0,175,5000,3800,1200,0.76,62,38,24,214.4348199757357,0.4191735084838533,0.7580361774920503,0.13073505004552294,1062771.2224016732,5579.031150218994,1068350.2535518922,1649,1,825.5657142857143,66,109,41,36.74644587882813,0.5626785714285714,42.273009950248756,8247.26368159204,124.95854063018241,8
1651,32,0,0,175,0.0,0.0,1.0,175,5500,4000,1500,0.7272727272727273,70,40,30,211.45625692080608,0.4190831964969896,0.7546007791744811,0.1292778881305518,1063602.9449310366,4481.099517012715,1068084.0444480493,1650,2,826.5657142857143,67,108,40,36.720250826847284,0.5641071428571429,42.17218137254902,8250.490196078434,123.14164471758856,0
1652,32,0,0,175,0.0,0.0,1.0,175,5200,3500,1700,0.6730769230769231,69,35,34,209.1942924608661,0.41911330049261086,0.7520850572983278,0.12856309429876503,1065158.6129489585,4365.020478890874,1069523.6334278495,1651,3,827.5657142857143,68,107,40,36.586141829032826,0.5658928571428572,41.98369565217391,8256.52173913042,121.41943734015322,0
1653,32,1,0,176,0.005681818181818182,0.0,1.0,176,4450,3100,1350,0.6966292134831461,58,31,27,208.8997952445258,0.41961512445887444,0.7527952226746109,0.12892929732114103,1066425.0318877536,4905.194160997646,1071330.2260487513,1652,0,823.8579545454545,69,107,41,36.437198589736184,0.5672940340909092,41.83035714285714,8261.42857142856,119.73084886128348,0
1654,32,1,1,176,0.005649717514124294,0.005649717514124294,0.9943502824858758,177,4550,3300,1250,0.7252747252747253,58,33,25,207.67972622474892,0.4198325950179764,0.7527719649206004,0.12881809164732513,1067908.2531438104,4406.578729211176,1072314.8318730216,1653,0,820.1977401129943,65,112,42,36.28549646689882,0.5691501883239172,41.650883838383834,8267.171717171706,127.18725718725702,0
1655,32,1,1,176,0.005649717514124294,0.005649717514124294,0.9943502824858758,177,4600,3000,1600,0.6521739130434783,62,30,32,210.40536525061165,0.4201362138332478,0.7555145908364198,0.13140410546783443,1069931.6406249963,5023.871527777575,1074955.5121527738,1654,0,817.1016949152543,67,110,44,35.965298757972455,0.57079802259887,41.406249999999986,8274.99999999997,123.50746268656673,0
1656,32,2,0,178,0.011235955056179775,0.0,1.0,178,4500,2800,1700,0.6222222222222222,62,28,34,211.00558553937105,0.4216372807295965,0.7574882878229412,0.1324367170168565,1071400.0071471885,5114.277170995647,1076514.2843181842,1655,0,813.4662921348314,68,110,44,35.768649242556805,0.5720388576779026,41.228864734299506,8280.676328502394,121.77465188974108,0
1657,32,0,0,178,0.0,0.0,1.0,178,4750,3100,1650,0.6526315789473685,64,31,33,207.73042013421346,0.42164653822552317,0.7531452949477462,0.13063286279863642,1071967.8370681128,4186.065832904511,1076153.9029010173,1656,1,814.4662921348314,71,107,43,35.78341298231888,0.5732092696629214,41.16030092592592,8282.870370370349,116.6601460615542,0
1658,32,1,0,179,0.00558659217877095,0.0,1.0,179,5350,4000,1350,0.7476635514018691,67,40,27,206.76471316768664,0.42218787270102315,0.7544686362121187,0.13075203614129785,1073604.0220964195,3246.685536888135,1076850.7076333077,1657,0,810.9106145251396,73,106,37,35.60686338441471,0.574953445065177,40.96283783783783,8289.18918918918,113.55053683820793,0
1659,32,0,0,179,0.0,0.0,1.0,179,4500,3000,1500,0.6666666666666666,60,30,30,206.15694176010632,0.4220871780386249,0.7541013258748317,0.1306796482066127,1074304.2366691,3995.0551903253827,1078299.2918594254,1658,1,811.9106145251396,73,106,39,35.53640627263507,0.5758845437616387,40.87837837837837,8291.891891891879,113.58756016290245,0
1660,32,0,2,177,0.0,0.0111731843575419,0.9888268156424581,179,4150,2700,1450,0.6506024096385542,56,27,29,205.81100514999116,0.4220610235808591,0.7538359341693095,0.1306470257343782,1074722.6555911636,4287.950000937035,1079010.6055921006,1659,2,812.9106145251396,76,103,40,35.49387549152658,0.5768738361266295,40.82792207792208,8293.506493506506,109.12508544087507,0
1661,32,0,0,177,0.0,0.0,1.0,177,4800,3400,1400,0.7083333333333334,62,34,28,206.6128775006889,0.4204063944530046,0.7525605350042484,0.13135753014824803,1075171.4852607693,4228.854875283394,1079400.3401360526,1660,3,823.0508474576271,76,101,40,35.4178626100268,0.57780131826742,40.77380952380952,8295.238095238083,109.1478696741853,0
1662,32,0,4,173,0.0,0.022598870056497175,0.9774011299435028,177,5200,4000,1200,0.7692307692307693,64,40,24,206.20688090181466,0.4201536016949152,0.7527154047529094,0.1316051210645459,1076295.408836471,3787.9038370222893,1080083.3126734933,1661,4,824.0508474576271,77,100,41,35.290139110584775,0.579213747645951,40.63835470085469,8299.572649572621,107.78665778665741,0
1663,32,0,0,173,0.0,0.0,1.0,173,4300,3200,1100,0.7441860465116279,54,32,22,209.37765838982074,0.41812995698346556,0.7513215231317438,0.13374059900148547,1076539.266929653,6180.654174885026,1082719.921104538,1662,5,840.9537572254335,64,109,41,35.177905803369185,0.5803829479768786,40.608974358974365,8300.512820512831,129.695512820513,0
1664,32,0,0,173,0.0,0.0,1.0,173,4800,3100,1700,0.6458333333333334,65,31,34,209.03250910097705,0.41791711475556753,0.745666217704821,0.12795144852856977,1063966.1362361785,5080.702211184031,1069046.8384473624,1663,6,841.9537572254335,78,95,41,36.737804878048784,0.5690028901734103,42.12816455696202,8251.898734177203,105.79357351509235,8
1665,32,2,2,173,0.011428571428571429,0.011428571428571429,0.9885714285714285,175,4400,2900,1500,0.6590909090909091,59,29,30,211.16197121889954,0.41947044334975364,0.747671340044882,0.13024470384781667,1066240.6329719333,5629.894770407871,1071870.5277423412,1664,0,833.32,83,92,36,36.401588845654985,0.5728571428571428,41.852678571428555,8260.714285714243,99.52667814113545,8
1666,32,1,1,173,0.005747126436781609,0.005747126436781609,0.9942528735632183,174,5050,3800,1250,0.7524752475247525,63,38,25,214.84409980858018,0.418454338582154,0.7513890775490168,0.13302368131005055,1067377.2985397456,6013.942972176958,1073391.2415119226,1665,0,839.1034482758621,85,89,37,36.1660179453511,0.5746527777777778,41.715116279069754,8265.116279069724,97.23666210670262,0
1667,32,0,0,173,0.0,0.0,1.0,173,4350,3200,1150,0.735632183908046,55,32,23,213.19458905463102,0.4183876081014473,0.7469355497237167,0.13239714747638093,1068262.9659018277,6599.5768035442525,1074862.542705372,1666,1,843.7225433526012,70,103,37,36.099203194791414,0.5759272639691715,41.60798122065728,8268.54460093897,118.12206572769958,0
1668,32,0,0,173,0.0,0.0,1.0,173,4000,2800,1200,0.7,52,28,24,212.87715955569777,0.41838340726800194,0.7464045155440262,0.13230382129380225,1068495.490933643,6891.657021604962,1075387.147955248,1667,2,844.7225433526012,71,102,36,36.07868659724555,0.5765895953757225,41.579861111111114,8269.44444444445,116.47104851330212,0
1669,32,0,0,173,0.0,0.0,1.0,173,5150,3800,1350,0.7378640776699029,65,38,27,212.96573104355326,0.4180613433705247,0.7479468642782845,0.1328953751819269,1069692.2153635127,5811.556927297734,1075503.7722908105,1668,3,845.7225433526012,71,102,37,35.92864070426739,0.5780346820809248,41.43518518518519,8274.074074074084,116.53625456442371,0
1670,32,1,0,174,0.005747126436781609,0.0,1.0,174,5100,4200,900,0.8235294117647058,60,42,18,212.278805201755,0.41896579407791285,0.7491401198203933,0.13307245701256054,1071038.5216297435,5571.755539323428,1076610.277169067,1669,0,841.8563218390805,73,101,39,35.78028654334425,0.5796216475095786,41.27252252252254,8279.279279279324,113.41478464766197,0
1671,32,0,0,174,0.0,0.0,1.0,174,6350,4800,1550,0.7559055118110236,79,48,31,213.04656482326706,0.4190239297499612,0.7491204103921416,0.1341819592483394,1072419.5636094764,4545.060815253653,1076964.6244247302,1670,1,842.8563218390805,77,97,40,35.59011657897454,0.5816570881226053,41.10576923076926,8284.615384615456,107.59240759240852,0
1672,32,2,1,175,0.011363636363636364,0.005681818181818182,0.9943181818181818,176,4650,3200,1450,0.6881720430107527,61,32,29,213.24333503763876,0.4207900432900433,0.7515848915732453,0.13502321695413452,1073982.5650447898,5953.924788486108,1079936.489833276,1671,0,834.2670454545455,81,95,37,35.392406227016444,0.5830965909090908,40.91717479674799,8290.65040650413,102.35370872227321,0
1673,32,0,0,175,0.0,0.0,1.0,175,5200,3200,2000,0.6153846153846154,72,32,40,213.3346311731338,0.42003420908593325,0.7503589715543557,0.1352975352845226,1074451.5330727305,5643.544304296307,1080095.077377027,1672,1,840.0342857142857,83,92,38,35.33227456891741,0.5839880952380953,40.86061507936511,8292.460317460402,99.90916045133014,0
1674,32,0,1,174,0.0,0.005714285714285714,0.9942857142857143,175,6350,5400,950,0.8503937007874016,73,54,19,215.04021953015786,0.420212096332786,0.7523345202227687,0.13701777338649404,1075816.8420712878,4918.777978650509,1080735.6200499383,1673,2,841.0342857142857,87,88,39,35.1199443074957,0.5856547619047618,40.69602272727275,8297.727272727327,95.37617554858996,0
1675,32,1,0,175,0.005714285714285714,0.0,1.0,175,4500,3400,1100,0.7555555555555555,56,34,22,212.66102109593004,0.420116310892173,0.7505331251394158,0.13599990835564243,1076886.6276577492,6302.361968449857,1083188.989626199,1674,0,842.0057142857142,71,104,42,35.05000371774853,0.5869642857142857,40.567129629629626,8301.851851851843,116.92749087115271,0
1676,32,0,0,175,0.0,0.0,1.0,175,4650,3300,1350,0.7096774193548387,60,33,27,211.30429463441274,0.42003557744937053,0.748330957545708,0.13567030616499196,1078042.5695966226,5909.004950896865,1083951.5745475194,1675,1,843.0057142857142,73,102,41,34.943058568329725,0.5881547619047619,40.427927927927925,8306.306306306298,113.78501789460682,0
1677,32,0,1,174,0.0,0.005714285714285714,0.9942857142857143,175,5400,3800,1600,0.7037037037037037,70,38,32,208.3308638952048,0.4200287356321839,0.742887898867004,0.13442554312829455,1079479.9872316434,4577.799659510388,1084057.7868911538,1676,2,844.0057142857142,75,100,39,34.843642815682564,0.5895238095238096,40.2549342105263,8311.84210526312,110.82456140350827,0
1678,32,0,1,173,0.0,0.005747126436781609,0.9942528735632183,174,4800,3600,1200,0.75,60,36,24,204.4857925357412,0.41974716519389627,0.7381173399942711,0.13272143886989626,1081177.818983304,4617.100637372918,1085794.919620677,1677,3,848.3908045977012,77,97,41,34.735154979022155,0.5912954980842912,40.05074786324785,8318.37606837604,108.03085803085766,0
1679,32,1,1,173,0.005747126436781609,0.005747126436781609,0.9942528735632183,174,5350,3800,1550,0.7102803738317757,69,38,31,206.41061836053916,0.4199194959360397,0.7400527815159839,0.13476113501831294,1082872.9481564506,4553.294966974372,1087426.243123425,1678,0,847.1781609195402,78,96,39,34.47721321169116,0.5930316091954023,39.84704641350209,8324.894514767888,106.72941685599856,0
1680,32,0,1,172,0.0,0.005780346820809248,0.9942196531791907,173,4800,2800,2000,0.5833333333333334,68,28,40,204.64219191900332,0.4195568400770713,0.7340360131891797,0.12351547533471854,1059748.3390321925,3973.844596413827,1063722.1836286064,1679,5,853.0751445086705,75,98,40,37.37312714136091,0.5668352601156069,42.63980263157892,8235.526315789397,109.80701754385862,8
1681,32,1,1,172,0.005780346820809248,0.005780346820809248,0.9942196531791907,173,4600,2800,1800,0.6086956521739131,64,28,36,204.70740986841298,0.41928238562530806,0.7346973850580651,0.12410223739665888,1061078.3624744602,4242.120649912564,1065320.4831243728,1680,0,854.0404624277456,76,97,43,37.206696084611615,0.5684007707129095,42.47835497835496,8240.692640692592,108.43016632490253,0
1682,32,2,0,174,0.011494252873563218,0.0,1.0,174,4250,3000,1250,0.7058823529411765,55,30,25,199.08358619105516,0.42080468075210953,0.7329707969466877,0.11418991536647574,1044170.9784108504,2525.460595731267,1046696.4390065817,1681,0,843.1666666666666,73,101,41,39.452464918081006,0.5436422413793103,44.538288288288314,8174.774774774831,111.9832160928059,8
1683,32,1,0,175,0.005714285714285714,0.0,1.0,175,4700,2900,1800,0.6170212765957447,65,29,36,256.04907535219,0.4213314176245211,0.79161914875461,0.13832525702156526,1025292.3432260975,12805.031289744627,1038097.3745158422,1682,0,839.3428571428572,61,114,34,40.37652651490011,0.5231547619047618,46.85819892473119,8100.537634408619,132.79569892473145,8
1684,32,6,1,180,0.03314917127071823,0.0055248618784530384,0.994475138121547,181,5100,3700,1400,0.7254901960784313,65,37,28,243.11258027319445,0.4259310415387763,0.7882132194018909,0.13350827626394784,1030522.2061165856,8806.582511565433,1039328.7886281511,1683,0,812.4861878453039,73,108,34,40.04352940632679,0.526530847145488,46.213400900900886,8121.1711711711405,111.24892015302932,0
1685,32,3,0,183,0.01639344262295082,0.0,1.0,183,4400,3100,1300,0.7045454545454546,57,31,26,247.88734358009776,0.4284438239356272,0.7957563774019851,0.13709223123138092,1032753.3425911062,10201.296533675031,1042954.6391247812,1684,0,803.5846994535519,78,105,38,39.64096342813647,0.5293146630236794,45.93881856540084,8129.95780590715,104.2302282808609,0
1686,32,3,2,184,0.016129032258064516,0.010752688172043012,0.989247311827957,186,4700,3500,1200,0.7446808510638298,59,35,24,237.2419325736277,0.43036181342632956,0.7892217730927404,0.1322705021335158,1035306.2500000003,7223.611111111131,1042529.8611111115,1685,0,791.6075268817204,64,122,37,39.59015834015832,0.5314740143369175,45.625,8140.000000000003,127.18750000000004,0
1687,32,4,1,187,0.02127659574468085,0.005319148936170213,0.9946808510638298,188,4700,3000,1700,0.6382978723404256,64,30,34,230.6071740231403,0.4339550859028331,0.7865253535482215,0.13003848696213952,1038868.1698957429,5614.0905684496975,1044482.2604641926,1686,0,772.6276595744681,70,118,34,39.31164114079531,0.5343528368794326,45.18779342723004,8153.990610328631,116.48558014755187,0
1688,32,1,0,188,0.005319148936170213,0.0,1.0,188,3500,2500,1000,0.7142857142857143,45,25,20,227.68735520824836,0.4352333172147002,0.7843101181715564,0.12890740376619075,1040120.5667104519,6264.460186401422,1046385.0268968532,1687,0,770.8351063829788,72,116,37,39.228998768748596,0.5358488475177305,45.034246575342465,8158.904109589039,113.3181126331811,0
1689,32,2,3,187,0.010526315789473684,0.015789473684210527,0.9842105263157894,190,4900,3300,1600,0.673469387755102,65,33,32,222.81360100963676,0.4367092499767939,0.7833648773809043,0.12716916005222517,1042632.446289064,3562.537977430655,1046194.9842664946,1688,0,763.7105263157895,63,127,38,39.038723114851685,0.5381030701754386,44.72656250000001,8168.750000000012,129.6626984126986,0
1690,32,2,1,188,0.010582010582010581,0.005291005291005291,0.9947089947089947,189,4350,2900,1450,0.6666666666666666,58,29,29,225.87995274636992,0.43604122105895154,0.78583389488262,0.1298993006291508,1044981.956771858,5058.095003287184,1050040.051775145,1689,0,768.6772486772487,64,125,44,38.666494220438544,0.5400132275132274,44.439102564102555,8177.948717948697,127.78044871794839,0
1691,32,0,0,188,0.0,0.0,1.0,188,6800,4900,1900,0.7205882352941176,87,49,38,223.23681232420378,0.43567480183562785,0.7828199009845471,0.12884747134562932,1046107.8070934223,2305.9544405995894,1048413.7615340218,1690,1,773.7393617021277,67,121,40,38.5933381260484,0.5417774822695036,44.30147058823528,8182.352941176444,122.12467076382752,0
1692,32,6,3,191,0.030927835051546393,0.015463917525773196,0.9845360824742269,194,4750,3100,1650,0.6526315789473685,64,31,33,220.10707911957198,0.4391197274006018,0.787695918196295,0.1289198606271775,1050624.9999999967,2699.999999999756,1053324.9999999965,1691,0,750.7783505154639,62,132,39,38.10975609756094,0.5449420103092784,43.749999999999986,8199.999999999975,132.25806451612863,0
1693,32,1,2,190,0.005208333333333333,0.010416666666666666,0.9895833333333334,192,5350,3700,1650,0.6915887850467289,70,37,33,225.2760714602924,0.43829704315735896,0.7904949965041075,0.1321850671614698,1051176.1475315043,3610.96658573231,1054787.1141172366,1692,0,759.59375,61,131,40,37.90858241566159,0.5462782118055556,43.68279569892472,8202.15053763439,134.4614842235146,0
1694,32,1,0,191,0.005235602094240838,0.0,1.0,191,5200,3700,1500,0.7115384615384616,67,37,30,226.97195165335782,0.437460962615964,0.7851363296389471,0.1286893227070224,1040574.3662794924,3836.2389509823597,1044410.6052304747,1693,0,764.4973821989529,77,114,34,39.19036272866916,0.5355039267015707,44.97863247863247,8160.683760683744,105.98290598290578,8
1695,32,3,0,194,0.015463917525773196,0.0,1.0,194,5550,4200,1350,0.7567567567567568,69,42,27,223.79850034182047,0.43851657229848834,0.7880875093262922,0.12824504925412542,1043879.0229511667,2373.7119749512794,1046252.734926118,1694,0,753.659793814433,66,128,38,38.85760951163594,0.5380691580756014,44.57400497512439,8173.631840796037,123.84290667872783,0
1696,32,6,2,198,0.03,0.01,0.99,200,6500,4600,1900,0.7076923076923077,84,46,38,219.5869315391595,0.44160332914572864,0.790789620380177,0.12768784327004823,1048403.0025697977,-456.88032985119753,1047946.1222399465,1695,0,732.02,72,128,38,38.40015701358307,0.54140625,44.02111872146119,8191.324200913253,113.76839167935073,0
1697,32,3,1,200,0.014925373134328358,0.004975124378109453,0.9950248756218906,201,5650,3700,1950,0.6548672566371682,76,37,39,219.85362678838123,0.44220045605306796,0.7943069793603261,0.12888193546920101,1050887.8369493783,358.3004602236865,1051246.1374096018,1696,0,729.363184079602,64,137,41,38.08349487243622,0.5435841625207296,43.71794871794873,8201.025641025664,128.141025641026,0
1698,32,1,1,200,0.004975124378109453,0.004975124378109453,0.9950248756218906,201,5650,3800,1850,0.672566371681416,75,38,37,216.15990008662277,0.4421175373134328,0.790183799740102,0.1275480509813458,1052887.245891006,-331.59962514404515,1052555.6462658618,1697,0,730.3134328358209,67,134,41,37.92920697479997,0.5451388888888888,43.47426470588236,8208.823529411786,122.51975417032516,0
1699,32,0,1,199,0.0,0.005,0.995,200,5600,3700,1900,0.6607142857142857,75,37,38,220.43718130385298,0.4418734296482412,0.7922590559169298,0.13066380782131842,1054270.9271974743,880.10230440227,1055151.0295018766,1698,1,734.805,67,133,42,37.64726432734577,0.5471354166666667,43.305759803921575,8214.215686274525,122.60023412350037,0
1700,32,0,0,199,0.0,0.0,1.0,199,5650,4000,1650,0.7079646017699115,73,40,33,223.63981315011748,0.44145495998511075,0.7949480892294607,0.13310424741279428,1055511.6213151948,1760.8843537416037,1057272.5056689363,1699,2,739.4321608040201,69,130,41,37.410679799150266,0.5485238693467337,43.15476190476191,8219.047619047635,119.11663216011065,0
1701,32,1,0,200,0.005,0.0,1.0,200,5700,4000,1700,0.7017543859649122,74,40,34,219.96267013761332,0.4418865159128978,0.7924597436740048,0.1315022407129192,1056867.3529948883,794.2729892055168,1057661.6259840939,1700,0,736.73,73,127,38,37.33660130718954,0.55,42.98986486486487,8224.324324324338,112.66197704553888,0
1702,32,1,2,199,0.004975124378109453,0.009950248756218905,0.9900497512437811,201,5750,4600,1150,0.8,69,46,23,219.28639165228802,0.44264510779436156,0.7931008427089179,0.13176141976801733,1058394.244503116,468.2909645275313,1058862.5354676435,1701,0,734.0597014925373,75,126,40,37.16432409627851,0.5519278606965174,42.80427631578947,8230.263157894735,109.73684210526314,0
1703,32,0,1,198,0.0,0.005025125628140704,0.9949748743718593,199,5850,4200,1650,0.717948717948718,75,42,33,229.48454007152148,0.4418864101653046,0.8018146994926263,0.13349466023989046,1048521.5852470355,2473.898749095906,1050995.4839961315,1702,1,742.1909547738693,68,131,37,38.131990721629236,0.5375314070351759,44.00664251207731,8191.7874396135685,120.46746234725836,8
1704,32,1,1,198,0.005025125628140704,0.005025125628140704,0.9949748743718593,199,6150,4200,1950,0.6829268292682927,81,42,39,229.38157147124053,0.44200907737339895,0.801522214209289,0.13414135971302119,1050143.834446431,2226.728603231453,1052370.5630496624,1703,0,743.105527638191,70,129,39,37.93212881304166,0.5391541038525963,43.8086854460094,8198.12206572772,117.11602951039602,0
1705,32,1,1,198,0.005025125628140704,0.005025125628140704,0.9949748743718593,199,7000,4900,2100,0.7,91,49,42,228.6552198338244,0.4421243422499704,0.8012051346294473,0.13459177093419425,1052141.0034758344,1315.5064891893567,1053456.5099650237,1704,0,744.0552763819095,61,138,41,37.70167234488632,0.5409338358458962,43.56518817204301,8205.913978494616,134.52317997532157,0
1706,32,1,0,199,0.005025125628140704,0.0,1.0,199,6050,5100,950,0.8429752066115702,70,51,19,226.45554535333704,0.442398228516319,0.7984811140197294,0.13380229448838124,1053295.9662543419,1854.9424913195621,1055150.9087456614,1705,0,744.9447236180905,63,136,39,37.61418421720374,0.5422948073701843,43.42447916666667,8210.41666666668,130.3240740740743,0
1707,32,0,1,198,0.0,0.005025125628140704,0.9949748743718593,199,5850,4200,1650,0.717948717948718,75,42,33,221.12052477639213,0.44257694194880126,0.7865310594099395,0.1284287265676384,1048041.6119623354,698.7022449215974,1048740.314207257,1706,1,745.9447236180905,75,124,36,38.40599841125331,0.5409338358458962,44.06524122807018,8189.912280701762,109.19883040935683,8
1708,32,3,0,201,0.014925373134328358,0.0,1.0,201,5300,3500,1800,0.660377358490566,71,35,36,218.0168556638634,0.44291873963515754,0.7856134343975061,0.12765054402277462,1050516.880418923,306.07741814920155,1050822.9578370722,1707,0,739.497512437811,78,123,40,38.17679119710461,0.5432213930348259,43.76318565400847,8199.578059071799,105.12279562912562,0
1709,32,1,0,202,0.0049504950495049506,0.0,1.0,202,5800,4600,1200,0.7931034482758621,70,46,24,218.33988346889035,0.4434392599707732,0.7875664289334292,0.1288448485471997,1052912.041399408,-221.46151557263875,1052690.5798838353,1708,0,736.8316831683169,70,132,43,37.87019826517967,0.5453279702970297,43.47124413145538,8208.920187793381,117.2702883970483,0
1710,32,0,0,202,0.0,0.0,1.0,202,5550,4400,1150,0.7927927927927928,67,44,23,220.04161720073057,0.4434885186279822,0.7885007957299095,0.1301393185825053,1053592.949593829,416.8592999824432,1054009.8088938114,1709,1,737.8316831683169,71,131,38,37.741785063238794,0.5463593234323432,43.38831018518516,8211.57407407402,115.65597287428197,0
1711,32,0,0,202,0.0,0.0,1.0,202,5200,4000,1200,0.7692307692307693,64,40,24,218.61969063521747,0.443443364858874,0.7876900833294747,0.1296013755743618,1054305.8804065879,498.40508187558225,1054804.2854884635,1710,2,738.8316831683169,71,131,39,37.68957006519002,0.5475969471947195,43.30150462962961,8214.351851851812,115.6950965049551,0
1712,32,1,0,203,0.0049261083743842365,0.0,1.0,203,5750,3600,2150,0.6260869565217392,79,36,43,221.46423064982446,0.44394519501211205,0.7932757663367094,0.13233479741218743,1056718.2841266834,455.0603615436512,1057173.344488227,1711,0,736.1871921182266,72,131,34,37.316537109013524,0.5498255336617406,43.0079908675799,8223.744292237421,114.21867072551974,0
1713,32,0,0,203,0.0,0.0,1.0,203,5500,4100,1400,0.7454545454545455,69,41,28,221.5086456313106,0.44407119283356905,0.7943225012172157,0.13274949440102568,1057604.7557902373,753.7194136654034,1058358.4752039027,1712,1,737.1871921182266,75,128,36,37.205236876710366,0.5510570607553367,42.900219298245595,8227.192982456094,109.69590643274792,0
1714,32,0,1,202,0.0,0.0049261083743842365,0.9950738916256158,203,7400,5600,1800,0.7567567567567568,92,56,36,231.12817039560446,0.4439777105789397,0.7971004846677112,0.13678315710973704,1053786.6215518757,711.9547653295831,1054498.5763172053,1713,2,738.1871921182266,72,131,40,37.43316189417105,0.5468493431855501,43.364726027397225,8212.328767123208,114.06012176560012,8
1715,32,3,1,204,0.014634146341463415,0.004878048780487805,0.9951219512195122,205,5900,4200,1700,0.711864406779661,76,42,34,231.5941740942752,0.44469651681810934,0.8006701248914616,0.13857264670944688,1057122.3561929127,2064.6757998181283,1059187.031992731,1714,0,731.9414634146342,78,127,36,37.00593772442801,0.549390243902439,42.95886075949365,8225.316455696162,105.45277507302772,0
1716,32,2,2,204,0.009708737864077669,0.009708737864077669,0.9902912621359223,206,6350,4200,2150,0.6614173228346457,85,42,43,234.79135823878954,0.4453671363169942,0.8060141377995491,0.14150753746729658,1059312.037449567,2193.4624142966195,1061505.4998638637,1715,0,729.3786407766991,66,140,40,36.65143504531723,0.551830501618123,42.69278606965174,8233.830845771137,124.7550128147142,0
1717,32,0,1,203,0.0,0.004901960784313725,0.9950980392156863,204,6650,4600,2050,0.6917293233082706,87,46,41,235.7839749570061,0.4444831812035159,0.8037447729362397,0.14284585931896449,1060875.8217339995,2577.5036368443525,1063453.325370844,1716,1,737.2892156862745,70,134,38,36.43156610259625,0.5532577614379085,42.50293427230046,8239.906103286356,117.71294433266222,0
1718,32,0,1,202,0.0,0.0049261083743842365,0.9950738916256158,203,4450,2600,1850,0.5842696629213483,63,26,37,251.83690527257562,0.4439411305662586,0.8110633576408148,0.1461447237684164,1047779.706790127,7723.919753086649,1055503.6265432136,1717,2,741.8226600985222,71,132,33,37.652645861601115,0.5385365353037768,44.097222222222236,8188.888888888917,115.33646322378756,6
1719,32,0,0,202,0.0,0.0,1.0,202,5350,3500,1850,0.6542056074766355,72,35,37,248.17472170831476,0.4436978679211205,0.8064042446781701,0.14433916995285517,1048462.2253086494,6290.364197531252,1054752.5895061807,1718,3,746.3762376237623,74,128,33,37.66096070026949,0.5399649339933994,44.013888888888914,8191.555555555614,110.69669669669749,0
1720,32,2,2,202,0.00980392156862745,0.00980392156862745,0.9901960784313726,204,5900,3900,2000,0.6610169491525424,79,39,40,241.84922887772177,0.4449872621462378,0.8039933589551551,0.1417126357231309,1050750.616499658,4124.645268646406,1054875.2617683043,1719,0,740.0490196078431,67,137,38,37.53692440273379,0.5417177287581699,43.734681372549,8200.490196078386,122.39537606087144,0
1721,32,0,1,201,0.0,0.0049504950495049506,0.995049504950495,202,6400,4300,2100,0.671875,85,43,42,237.0326278688721,0.4448374874800913,0.7982442029743193,0.13961108368735875,1052334.027777771,3087.499999999686,1055421.5277777708,1720,1,744.039603960396,69,133,40,37.46276739777958,0.5439356435643564,43.54166666666664,8206.666666666613,118.93719806763208,0
1722,32,1,0,202,0.0049504950495049506,0.0,1.0,202,5800,4200,1600,0.7241379310344828,74,42,32,239.5959280134812,0.4459155337175509,0.8013855089111079,0.1422059918984017,1054668.8612176366,4338.872910072247,1059007.734127709,1721,0,743.4455445544554,73,129,39,37.10586974797593,0.5460499174917492,43.25731981981982,8215.765765765767,112.54473651733927,0
1723,32,3,2,203,0.014634146341463415,0.00975609756097561,0.9902439024390244,205,5600,4000,1600,0.7142857142857143,72,40,32,231.22063370297082,0.4468994101705723,0.7982857648920649,0.1384773306731023,1057402.6706068057,2298.663115383659,1059701.3337221893,1722,0,733.5512195121951,76,129,37,36.980674104088806,0.5484756097560975,42.924783549783534,8226.40692640689,108.24219640009065,0
1724,32,0,0,203,0.0,0.0,1.0,203,5750,3900,1850,0.6782608695652174,76,39,37,236.8007718129897,0.4460627713017607,0.8009752196874365,0.14223758208330875,1058293.1617895027,3770.9275032324103,1062064.089292735,1723,1,741.7783251231527,76,127,38,36.72643469570245,0.5496202791461412,42.81655844155842,8229.870129870078,108.28776486671156,0
1725,32,2,0,205,0.00975609756097561,0.0,1.0,205,6050,4500,1550,0.743801652892562,76,45,31,217.45096121088076,0.44746233859397416,0.7897121270457734,0.1282696560664988,1052791.6088077715,-1263.8905420003275,1051527.7182657712,1724,0,735.5317073170731,70,135,42,37.90799206893924,0.5466463414634146,43.48591549295773,8208.450704225314,117.26358148893306,7
1726,32,3,1,207,0.014423076923076924,0.004807692307692308,0.9951923076923077,208,6650,4800,1850,0.7218045112781954,85,48,37,229.80018268965634,0.44895020438498695,0.799794896091484,0.1372730902632927,1056623.798279642,312.46837577998485,1056936.2666554218,1725,0,725.9086538461538,76,132,38,37.114063487049904,0.5496794871794872,43.01948051948052,8223.376623376618,108.20232399179761,0
1727,32,1,2,206,0.004807692307692308,0.009615384615384616,0.9903846153846154,208,6000,4300,1700,0.7166666666666667,77,43,34,227.18287943488556,0.44932326505016723,0.7971298824002815,0.1361770355395273,1057664.7066219775,456.66270540671576,1058121.3693273843,1726,0,726.7548076923077,78,130,39,37.05190009744088,0.5511318108974359,42.89293248945147,8227.426160337533,105.47982256842991,0
1728,32,2,0,208,0.009615384615384616,0.0,1.0,208,5900,4600,1300,0.7796610169491526,72,46,26,228.2783981176201,0.44951342437755476,0.7974423120167446,0.13774138893202884,1059660.5474108325,879.5224622768746,1060540.0698731095,1727,0,727.25,71,137,41,36.775728955850376,0.5535857371794872,42.65046296296295,8235.185185185152,115.98852373500213,0
1729,32,1,0,209,0.004784688995215311,0.0,1.0,209,6200,4200,2000,0.6774193548387096,82,42,40,226.76665696583837,0.4497837688627162,0.7989297895189933,0.13790141866667285,1062007.0869161647,165.55935480150947,1062172.6462709662,1728,0,724.7655502392345,75,134,38,36.52339247397633,0.555622009569378,42.3656798245614,8244.298245614022,109.92397660818696,0
1730,32,0,0,209,0.0,0.0,1.0,209,5800,3800,2000,0.6551724137931034,78,38,40,225.0028883915778,0.44961795331861126,0.7975780540523996,0.1374761155523659,1063420.759660612,254.54849984064094,1063675.3081604526,1729,1,725.7655502392345,76,133,38,36.39356054643089,0.5569677033492824,42.194264069264065,8249.783549783539,108.5497835497834,0
1731,32,2,0,211,0.009478672985781991,0.0,1.0,211,6150,4800,1350,0.7804878048780488,75,48,27,224.37602033743593,0.45049650191830287,0.8004185114820486,0.13820949270132515,1065841.156684025,-520.1605902778992,1065320.996093747,1730,0,719.8767772511849,79,132,36,36.109919954259574,0.5593404423380727,41.90104166666666,8259.166666666644,104.54641350210942,0
1732,32,2,0,213,0.009389671361502348,0.0,1.0,213,5600,3800,1800,0.6785714285714286,74,38,36,190.89254025475938,0.45106316620899406,0.7677354102799978,0.11706228279841312,1064513.9921059506,-7558.443982032462,1056955.5481239182,1731,0,714.1079812206573,86,127,36,37.13793343545462,0.561864241001565,42.06178160919538,8254.022988505683,95.97701149425212,8
1733,32,1,3,211,0.004672897196261682,0.014018691588785047,0.985981308411215,214,6000,3900,2100,0.65,81,39,42,194.00622685449892,0.45131530355549704,0.7701195801033414,0.11950804098566804,1065854.885396226,-7443.50306196887,1058411.3823342572,1732,0,711.7663551401869,93,121,37,36.89206667811597,0.5634248442367602,41.899379432624094,8259.219858155977,88.80881567909653,0
1734,32,1,1,211,0.0047169811320754715,0.0047169811320754715,0.9952830188679245,212,6500,4600,1900,0.7076923076923077,84,46,38,200.71871763554347,0.4503785507764762,0.776012279512525,0.12449193948892612,1067888.1794917497,-6030.970806851954,1061857.2086848977,1733,0,719.4150943396227,77,135,41,36.46781037305074,0.5654481132075472,41.65331196581198,8267.094017094054,107.36485736485784,0
1735,32,1,2,210,0.0047169811320754715,0.009433962264150943,0.9905660377358491,212,5750,3800,1950,0.6608695652173913,77,38,39,185.42193269908913,0.4503515380488241,0.7598148059077279,0.11073025773787186,1056533.197012912,-8969.114529823451,1047564.0824830886,1734,0,720.2311320754717,96,116,36,38.26572011645562,0.5538522012578616,43.030498281786954,8223.024054982856,85.65650057273808,8
1736,32,0,1,209,0.0,0.004761904761904762,0.9952380952380953,210,5950,3900,2050,0.6554621848739496,80,39,41,179.51255181092193,0.45013195868459027,0.7541221335741854,0.10525171065136509,1050941.3818396702,-10218.566148452439,1040722.8156912178,1735,1,724.952380952381,80,130,42,39.11071804907421,0.5496031746031746,43.71141975308645,8201.234567901325,102.51543209876657,8
1737,32,1,1,209,0.004761904761904762,0.004761904761904762,0.9952380952380953,210,6500,4700,1800,0.7230769230769231,83,47,36,176.71696711212584,0.45030853649274705,0.7496460485087604,0.10408544809331538,1052334.0277777892,-11306.944444443865,1041027.0833333452,1736,0,725.9380952380952,84,126,43,39.00961278093692,0.5513888888888889,43.5416666666667,8206.666666666755,97.69841269841375,0
1738,32,1,1,209,0.004761904761904762,0.004761904761904762,0.9952380952380953,210,7000,5900,1100,0.8428571428571429,81,59,22,180.44648541913114,0.4499658236500342,0.7549579858372153,0.10683097456121823,1053905.1725595007,-10965.30312931884,1042939.8694301818,1737,0,726.9095238095238,85,125,42,38.71913689492979,0.5531746031746032,43.350290697674446,8212.790697674489,96.62106703146458,0
1739,32,0,1,208,0.0,0.004784688995215311,0.9952153110047847,209,6350,4500,1850,0.7086614173228346,82,45,37,184.00127539638217,0.4502697138387928,0.7596995657320715,0.10932729847093269,1054997.437532293,-9325.82519082821,1045671.6123414647,1738,1,725.5119617224881,87,122,46,38.492495659122056,0.5546750398724083,43.217329545454575,8217.045454545532,94.44879832810956,0
1740,32,0,1,207,0.0,0.004807692307692308,0.9951923076923077,208,6000,4000,2000,0.6666666666666666,80,40,40,206.50076965628634,0.4499193879288988,0.7853526355197529,0.12497033803116789,1060551.7194100227,-3799.050736306418,1056752.6686737163,1739,2,729.9711538461538,68,140,46,37.22574860247843,0.559745592948718,42.54227053140097,8238.64734299518,121.15657857345853,8
1741,32,0,1,206,0.0,0.004830917874396135,0.9951690821256038,207,6300,4400,1900,0.6984126984126984,82,44,38,204.85826593923076,0.4492206431843409,0.782852730054604,0.1245289943860898,1061887.901107148,-4192.697191468116,1057695.2039156798,1740,3,734.4299516908212,72,135,45,37.10258114545256,0.5611413043478262,42.380136986301366,8243.835616438344,114.497716894977,0
1742,32,2,3,205,0.009615384615384616,0.014423076923076924,0.9855769230769231,208,5800,3900,1900,0.6724137931034483,77,39,38,200.65447145920584,0.4498197115384615,0.7798059769864438,0.12269084284700055,1063643.9798026658,-4715.015882385948,1058928.9639202799,1741,0,723.6923076923077,76,132,47,36.99367752767725,0.5630508814102564,42.1672077922078,8250.649350649359,108.56117566643893,0
1743,32,0,3,202,0.0,0.014634146341463415,0.9853658536585366,205,6150,4700,1450,0.7642276422764228,76,47,29,201.96455704720103,0.44917403953451296,0.777827714262783,0.1238839475612467,1064590.8588629805,-4148.075750647691,1060442.783112333,1742,1,727.4195121951219,80,125,38,36.84284325456177,0.5648373983739837,42.052469135802475,8254.320987654339,103.17901234567924,0
1744,32,3,0,205,0.014634146341463415,0.0,1.0,205,6500,4700,1800,0.7230769230769231,83,47,36,199.95203564513562,0.4485622907699665,0.7767370600320447,0.1237637119340376,1067282.9436774245,-4818.920560473408,1062464.023116951,1743,0,728.1365853658536,86,119,44,36.562302010415245,0.5676321138211382,41.7265325670498,8264.750957854387,96.10175532388821,0
1745,32,2,0,207,0.00966183574879227,0.0,1.0,207,5350,3600,1750,0.6728971962616822,71,36,35,196.62762470827187,0.4493447383643669,0.7764270511658309,0.12240938134665534,1068990.9547267999,-4711.369547488143,1064279.5851793117,1744,0,722.0917874396135,70,137,44,36.437521285049385,0.5691928341384863,41.519953051643206,8271.361502347449,118.16230717639212,0
1746,32,1,0,208,0.004807692307692308,0.0,1.0,208,6150,4000,2150,0.6504065040650406,83,40,43,194.1240478781279,0.4492676204632726,0.7745835774671461,0.12169167803547092,1071038.5216297435,-6167.133349565385,1064871.3882801782,1745,0,719.6153846153846,73,135,43,36.250000000000036,0.571113782051282,41.27252252252254,8279.279279279324,113.41478464766197,0
1747,32,3,1,210,0.014218009478672985,0.004739336492890996,0.995260663507109,211,5650,3800,1850,0.672566371681416,75,38,37,191.38362163091307,0.4502990295644324,0.7749415845295855,0.12105352963814979,1073671.9654079697,-6753.354163328384,1066918.6112446412,1746,0,710.3696682464455,78,133,41,35.99693745970345,0.5736078199052133,40.954641350210984,8289.451476793283,106.27501893324722,0
1748,32,0,1,209,0.0,0.004761904761904762,0.9952380952380953,210,5600,3800,1800,0.6785714285714286,74,38,36,189.646660921146,0.4497906698564593,0.7717549339571086,0.12021170259383337,1074298.5429473263,-6852.57369951715,1067445.9692478091,1747,1,714.7095238095238,81,129,41,35.96492303166976,0.5747519841269841,40.879065040650424,8291.869918699238,102.36876442838566,0
1749,32,0,0,209,0.0,0.0,1.0,209,6600,4900,1700,0.7424242424242424,83,49,34,192.41805319573825,0.4497099665685192,0.7734030342320972,0.12237600858098359,1075274.3552571551,-7019.560382022872,1068254.7948751324,1748,2,713.200956937799,83,126,41,35.773190225623885,0.5761562998405103,40.76140873015875,8295.634920634968,99.947408682349,0
1750,32,1,1,209,0.004761904761904762,0.004761904761904762,0.9952380952380953,210,6000,3300,2700,0.55,87,33,54,194.85344203911976,0.4497901951849321,0.7784669469233223,0.12456472515834138,1076776.8176020384,-6037.2661564628315,1070739.5514455757,1749,0,710.8,69,141,42,35.52547610852976,0.5774801587301588,40.58035714285713,8301.428571428552,120.31055900621091,0
1751,32,0,0,209,0.0,0.0,1.0,209,6550,4800,1750,0.732824427480916,83,48,35,197.83022517048425,0.4492959069439333,0.7814240503686638,0.12679722485759262,1077534.2627599265,-5716.230833858257,1071818.0319260682,1750,1,715.1722488038278,68,141,40,35.35522105875508,0.5786981658692185,40.489130434782616,8304.347826086972,122.12276214833783,0
1752,32,1,1,209,0.004761904761904762,0.004761904761904762,0.9952380952380953,210,6300,4100,2200,0.6507936507936508,85,41,44,196.07591166782694,0.44925666438824335,0.7802591469480993,0.1262779525843497,1078929.4282889662,-5989.585744598702,1072939.8425443675,1751,0,712.7619047619048,71,139,44,35.22950442921611,0.5802579365079366,40.32118055555556,8309.722222222223,117.03834115805947,0
1753,32,0,0,209,0.0,0.0,1.0,209,6050,3700,2350,0.6115702479338843,84,37,47,197.6243867814899,0.4489470233713655,0.7804727128826847,0.12759244389290383,1079650.878906252,-5176.931423611022,1074473.947482641,1752,1,716.88995215311,71,138,42,35.10077276524645,0.5820873205741627,40.23437500000001,8312.500000000016,117.07746478873263,0
1754,32,0,2,207,0.0,0.009569377990430622,0.9904306220095693,209,6100,4500,1600,0.7377049180327869,77,45,32,196.85570842758224,0.4486211431112747,0.7794992945731716,0.1275224150152164,1080619.5205495916,-5354.775748307205,1075264.7448012845,1753,2,717.88995215311,75,134,46,35.00194478139338,0.5838815789473684,40.11787280701754,8316.228070175433,110.88304093567244,0
1755,32,0,0,207,0.0,0.0,1.0,207,5750,3900,1850,0.6782608695652174,76,39,37,197.13870004601026,0.4481350546409643,0.7772361243418384,0.1282067345201118,1081749.799425053,-4499.050153262562,1077250.7492717905,1754,3,724.6376811594203,80,127,37,34.85603475279028,0.5863023349436394,39.98199588477366,8320.576131687236,104.00720164609045,0
1756,32,0,0,207,0.0,0.0,1.0,207,6000,4700,1300,0.7833333333333333,73,47,26,196.77260643957106,0.4476797132717352,0.7774484446877734,0.12837600924372003,1082665.3224343152,-4792.22452057228,1077873.097913743,1755,4,725.6376811594203,82,125,39,34.753381257940525,0.5876107085346216,39.87198795180723,8324.096385542165,101.51337055539226,0
1757,32,0,1,206,0.0,0.004830917874396135,0.9951690821256038,207,6350,4100,2250,0.6456692913385826,86,41,45,200.19889262024338,0.44737875803198723,0.7813543505041272,0.13111549650154353,1083772.737573582,-4355.979617151839,1079416.75795643,1756,5,726.6376811594203,86,121,42,34.52858796828754,0.5893216586151369,39.7389846743295,8328.352490421454,96.84130802815643,0
1758,32,0,1,205,0.0,0.0048543689320388345,0.9951456310679612,206,5200,3700,1500,0.7115384615384616,67,37,30,195.4724841390449,0.4470000591996211,0.7757218311519498,0.12865603403224649,1085193.4559240404,-3974.9078798183587,1081218.548044222,1757,6,731.0291262135922,69,137,45,34.47773222482525,0.5906654530744336,39.568452380952394,8333.809523809556,120.77984817115298,0
1759,32,0,1,204,0.0,0.004878048780487805,0.9951219512195122,205,5500,4000,1500,0.7272727272727273,70,40,30,193.12649218711405,0.44679379882034115,0.7716662280813076,0.1275333316761128,1086139.9138101812,-4547.521684285057,1081592.3921258962,1758,9,735.5658536585366,72,133,43,34.42309272139771,0.5917174796747968,39.454908675799096,8337.442922374446,115.79781836631176,0
1760,32,0,0,204,0.0,0.0,1.0,204,6100,4200,1900,0.6885245901639344,80,42,38,195.084841314486,0.4463279564699443,0.772536796048342,0.12928503890502416,1087153.7777777808,-4482.555555555451,1082671.2222222253,1759,10,739.843137254902,74,130,44,34.24812180306907,0.5928308823529411,39.33333333333334,8341.333333333358,112.72072072072105,0
1761,32,1,0,205,0.004878048780487805,0.0,1.0,205,6900,4900,2000,0.7101449275362319,89,49,40,194.38726463799088,0.44595887135341944,0.7727839931690328,0.12979967110379653,1089302.553601438,-5550.691248447274,1083751.8623529908,1760,0,737.229268292683,77,128,44,34.00382161258402,0.5945630081300812,39.07585470085472,8349.572649572698,108.43600843600906,0
1762,32,0,0,205,0.0,0.0,1.0,205,6050,4400,1650,0.7272727272727273,77,44,33,193.9419411179876,0.44585724533715926,0.7724370533139622,0.1298517084719843,1090066.5039062595,-4768.077256943992,1085298.4266493155,1761,1,738.229268292683,79,126,47,33.922187302537516,0.5956300813008131,38.98437500000003,8352.500000000073,105.72784810126674,0
1763,32,0,0,205,0.0,0.0,1.0,205,6000,4500,1500,0.75,75,45,30,193.15547718928354,0.44551251394866886,0.7708247310143836,0.12975503232362556,1091005.725758486,-4853.253684975478,1086152.4720735105,1762,2,739.229268292683,81,124,41,33.82811993254197,0.5969512195121951,38.87195121951222,8356.097560975677,103.16169828365034,0
1764,32,1,0,206,0.0048543689320388345,0.0,1.0,206,6350,4800,1550,0.7559055118110236,79,48,31,206.29040536130154,0.44574798721288184,0.7844309850936009,0.13031089755744568,1073286.4074288378,-3268.2623885460653,1070018.1450402918,1763,0,736.6359223300971,71,135,36,35.65825978475404,0.5740796925566343,41.0011574074074,8287.96296296294,116.73187271778788,8
1765,32,0,2,204,0.0,0.009708737864077669,0.9902912621359223,206,7100,5400,1700,0.7605633802816901,88,54,34,212.15054431859403,0.44564389454574155,0.7870921729566842,0.1300968322244618,1064510.2391888748,-3132.7146646727742,1061377.524524202,1764,1,737.6359223300971,78,128,37,36.59007258971475,0.5652305825242718,42.06223628691983,8254.008438818553,105.82062101049428,8
1766,32,0,2,202,0.0,0.00980392156862745,0.9901960784313726,204,6050,4100,1950,0.6776859504132231,80,41,39,213.53360156550588,0.44520157200811356,0.7872308672335364,0.13149450290942405,1065758.842761942,-1334.9351809513573,1064423.9075809906,1765,2,745.1225490196078,80,124,38,36.39994103675656,0.5669424019607843,41.91100823045267,8258.847736625503,103.23559670781879,0
1767,32,1,0,203,0.0049261083743842365,0.0,1.0,203,5950,4600,1350,0.773109243697479,73,46,27,201.40085349852043,0.4453992505161846,0.7782725810426347,0.11943506784815984,1054411.1429988642,-4078.139172335755,1050333.0038265283,1766,0,746.8029556650247,69,134,38,38.11850279210866,0.5470545977011494,43.28869047619047,8214.761904761888,119.05452035886795,8
1768,32,4,1,206,0.01932367149758454,0.004830917874396135,0.9951690821256038,207,6300,5200,1100,0.8253968253968254,74,52,22,196.82233246874583,0.44660975876678705,0.7781174248461475,0.1185279001822494,1059068.1338010316,-6010.3479323918245,1053057.7858686398,1767,0,733.3526570048309,73,134,42,37.658612372563,0.5506743156199678,42.72240990990991,8232.88288288289,112.77921757373822,0
1769,32,0,0,206,0.0,0.0,1.0,206,5900,4400,1500,0.7457627118644068,74,44,30,197.2013707656318,0.44576130712763434,0.7779033863899418,0.11925713283920147,1060336.3932823462,-5280.041954406963,1055056.3513279392,1768,1,737.9126213592233,66,140,43,37.49182167733624,0.5519822006472492,42.56840796019901,8237.810945273644,124.81531735263097,0
1770,32,1,0,207,0.004830917874396135,0.0,1.0,207,5150,3800,1350,0.7378640776699029,65,38,27,193.23085337344466,0.4459150211841221,0.7738994824195937,0.11750634929590663,1062003.8584183722,-5507.617630385244,1056496.240787987,1769,0,735.3429951690821,69,138,41,37.387789040990405,0.553341384863124,42.366071428571445,8244.285714285752,119.48240165631525,0
1771,32,0,0,207,0.0,0.0,1.0,207,6350,4400,1950,0.6929133858267716,83,44,39,194.1434547495147,0.44558768350452604,0.7742546235299845,0.11864322234692629,1063476.5625000063,-6456.597222221952,1057019.9652777843,1770,1,736.3429951690821,69,138,43,37.18223905723905,0.5548007246376812,42.18750000000002,8250.00000000005,119.56521739130505,0
1772,32,1,1,207,0.004807692307692308,0.004807692307692308,0.9951923076923077,208,7200,5300,1900,0.7361111111111112,91,53,38,195.0559973435661,0.4462279744209092,0.7758927279997943,0.11988451882958465,1065184.2252038177,-7245.885719646911,1057938.3394841708,1771,0,733.7980769230769,72,136,41,36.94777034251373,0.5571915064102564,41.980593607305956,8256.62100456626,114.67529173008694,0
1773,32,0,0,207,0.0,0.0,1.0,207,6600,5100,1500,0.7727272727272727,81,51,30,197.04328533321876,0.44587007332364026,0.7773404480840518,0.12168263497676751,1066598.4993015248,-5966.785513228922,1060631.7137882959,1772,1,738.2125603864735,72,135,46,36.721887550200826,0.5588264895330113,41.80936073059364,8262.100456621076,114.75139523084827,0
1774,32,0,2,205,0.0,0.00966183574879227,0.9903381642512077,207,6700,4100,2600,0.6119402985074627,93,41,52,196.33618795107145,0.4457831089848819,0.7777296747548466,0.12214543374301182,1068791.0899653987,-6131.526336024649,1062659.563629374,1773,2,739.2125603864735,67,140,44,36.4696933775881,0.5608393719806763,41.544117647058826,8270.588235294124,123.44161545215111,0
1775,32,1,0,206,0.0048543689320388345,0.0,1.0,206,5700,4300,1400,0.7543859649122807,71,43,28,198.69534094870636,0.44476280685136943,0.7791116898863815,0.12398442365520211,1069678.1323589485,-4391.987757112631,1065286.1446018359,1774,0,743.5388349514564,67,139,46,36.29935867053737,0.5626011326860841,41.43688725490196,8274.019607843138,123.49282996780804,0
1776,32,0,0,206,0.0,0.0,1.0,206,5750,4300,1450,0.7478260869565218,72,43,29,197.42408240361104,0.4447850067092904,0.7783041207404195,0.12363185333228999,1070732.1995464838,-4672.335600907141,1066059.8639455766,1775,1,744.5388349514564,69,137,46,36.202350820678014,0.5641686893203883,41.3095238095238,8278.095238095226,119.97239475500328,0
1777,32,0,2,204,0.0,0.009708737864077669,0.9902912621359223,206,5550,3800,1750,0.6846846846846847,73,38,35,196.61887936364104,0.44475244691767307,0.7777634784181717,0.12338526500376608,1071348.2178287993,-4620.542800453469,1066727.6750283458,1776,2,745.5388349514564,69,137,46,36.147312956466735,0.565281148867314,41.23511904761905,8280.476190476198,120.00690131124925,0
1778,32,2,1,205,0.009708737864077669,0.0048543689320388345,0.9951456310679612,206,5300,3600,1700,0.6792452830188679,70,36,34,194.7518239173088,0.4447928999921067,0.7763023390883659,0.12307242864777872,1073406.3176493882,-4690.432366684092,1068715.8852827041,1777,0,745.9077669902913,71,135,40,35.94235835707233,0.5671015372168284,40.9866898148148,8288.425925925902,116.73839332290002,0
1779,32,0,0,205,0.0,0.0,1.0,205,5300,3400,1900,0.6415094339622641,72,34,38,196.67180121714145,0.4445590227961103,0.7766540017158967,0.12464231987965278,1074245.8767361068,-4045.2256944447245,1070200.651041662,1778,1,749.1317073170732,71,134,43,35.78936348408709,0.5688516260162602,40.88541666666665,8291.666666666631,116.78403755868496,0
1780,32,0,0,205,0.0,0.0,1.0,205,5800,4200,1600,0.7241379310344828,74,42,32,196.7902518699588,0.44438566076837244,0.7773047405661018,0.125127314868911,1075205.7747127886,-4481.996956447356,1070723.7777563413,1779,2,750.1317073170732,71,134,44,35.66827584923912,0.5698678861788617,40.76967592592592,8295.370370370349,116.83620239958238,0
1781,32,0,1,204,0.0,0.004878048780487805,0.9951219512195122,205,6000,3900,2100,0.65,81,39,42,198.0571666898017,0.44419934640522873,0.7790147160505552,0.12667952163606877,1076930.3036679963,-4341.247066625602,1072589.0566013707,1780,3,751.1317073170732,65,140,46,35.42351056495113,0.5716971544715448,40.5618686868687,8302.020202020227,127.7233877233881,0
1782,32,0,1,203,0.0,0.004901960784313725,0.9950980392156863,204,4950,3300,1650,0.6666666666666666,66,33,33,199.59182275396887,0.44427440516436456,0.7797516196772443,0.12794886321807078,1077585.550103308,-2734.5471763083724,1074851.0029269995,1781,4,755.7843137254902,65,139,46,35.30320653165482,0.5726102941176471,40.482954545454554,8304.545454545472,127.76223776223803,0
1783,32,1,1,203,0.004901960784313725,0.004901960784313725,0.9950980392156863,204,5750,4300,1450,0.7478260869565218,72,43,29,199.1791828703256,0.4437592565761937,0.7788206932219826,0.12832005775052235,1079027.7937200305,-3566.0251504947064,1075461.7685695358,1782,0,756.6078431372549,65,139,48,35.136846156962854,0.5742442810457516,40.30934343434344,8310.101010101023,127.84770784770805,0
1784,32,0,0,203,0.0,0.0,1.0,203,6050,4200,1850,0.6942148760330579,79,42,37,199.46257330877154,0.44336499536653173,0.7779232289066507,0.12914820967977103,1080478.722126106,-3546.986735870758,1076931.7353902352,1783,1,760.8472906403941,67,136,46,34.95146584924943,0.5758415435139573,40.13480392156863,8315.68627450981,124.11472051507178,0
1785,32,0,0,203,0.0,0.0,1.0,203,6850,4700,2150,0.6861313868613139,90,47,43,198.16539510924903,0.4432572875514152,0.7762818750406033,0.12879675643791402,1081575.9260598873,-4583.815854338041,1076992.1102055493,1784,2,761.8472906403941,71,132,50,34.85065058520208,0.5774835796387521,40.002893518518526,8319.907407407425,117.18179447052711,0
1786,32,0,0,203,0.0,0.0,1.0,203,5600,3900,1700,0.6964285714285714,73,39,34,194.46794894118665,0.44307032304215643,0.7719144633911972,0.12669216588989304,1082255.955279605,-4107.180829478033,1078148.774450127,1785,3,762.8472906403941,73,130,41,34.86347153063433,0.5786124794745484,39.921171171171174,8322.522522522531,114.0071578427744,0
1787,32,0,0,203,0.0,0.0,1.0,203,6200,4100,2100,0.6612903225806451,83,41,42,197.14722755466246,0.4428742135297274,0.7751780427174604,0.12880424909483287,1083076.1790084,-4094.90681559941,1078981.2721928007,1786,4,763.8472906403941,73,130,42,34.6933105195766,0.5797413793103448,39.82263513513514,8325.675675675675,114.05035172158459,0
1788,32,1,0,204,0.004901960784313725,0.0,1.0,204,5800,4200,1600,0.7241379310344828,74,42,32,196.15999999999954,0.4429945828906275,0.7754901960784308,0.1290526315789475,1085069.4444444475,-4030.5555555553956,1081038.888888892,1787,0,761.0980392156863,76,128,44,34.47500000000001,0.5815972222222222,39.58333333333334,8333.333333333358,109.64912280701786,0
1789,32,0,1,203,0.0,0.004901960784313725,0.9950980392156863,204,6050,4300,1750,0.7107438016528925,78,43,35,197.3531084866881,0.4426917318651598,0.7765813144660041,0.13048660557575495,1086495.0782468284,-3965.363790500066,1082529.7144563284,1788,1,762.0980392156863,66,138,44,34.269534435097334,0.5832312091503268,39.41231343283583,8338.805970149277,126.34554500226177,0
1790,32,0,0,203,0.0,0.0,1.0,203,6300,4400,1900,0.6984126984126984,82,44,38,199.09451324644047,0.44271671625290604,0.777242119725059,0.13193749443042785,1087143.4030098282,-3611.142669735825,1083532.2603400925,1789,2,763.7093596059113,66,137,44,34.144871565469785,0.5848727422003284,39.334577114427866,8341.293532338323,126.38323533845943,0
1791,32,0,1,202,0.0,0.0049261083743842365,0.9950738916256158,203,6950,5300,1650,0.762589928057554,86,53,33,197.82890320204058,0.44239054447316656,0.7758016517778106,0.13186086209626538,1088792.871315196,-4471.060090702755,1084321.8112244932,1790,3,764.7093596059113,69,134,43,33.976278760220566,0.5863608374384237,39.13690476190477,8347.619047619071,120.97998619737784,0
1792,32,1,0,203,0.0049261083743842365,0.0,1.0,203,5650,3700,1950,0.6548672566371682,76,37,39,194.41035036746428,0.44206437269342697,0.7715856848235383,0.13014312174320747,1090018.168215242,-3867.8372020743795,1086150.3310131675,1791,0,765.4827586206897,71,132,48,33.91586063226354,0.5875923645320197,38.99016203703706,8352.31481481487,117.63823682837845,0
1793,32,0,2,201,0.0,0.009852216748768473,0.9901477832512315,203,5350,3700,1650,0.6915887850467289,70,37,33,198.07354702870205,0.441756490920028,0.7744657984070986,0.13325078287057862,1091413.1487906892,-2713.9852690524244,1088699.1635216367,1792,1,766.4827586206897,73,130,44,33.649976644748676,0.5888238916256158,38.82319819819822,8357.657657657708,114.48846106380422,0
1794,32,0,0,201,0.0,0.0,1.0,201,6050,4500,1550,0.743801652892562,76,45,31,201.10619992792928,0.4411235489220564,0.7757750872491322,0.13575209685124312,1092373.3611111152,-2313.38888888861,1090059.9722222267,1793,6,770.6019900497513,74,127,45,33.45359591771652,0.5901223051409619,38.70833333333335,8361.333333333367,112.99099099099143,0
1795,32,0,1,200,0.0,0.004975124378109453,0.9950248756218906,201,5000,3700,1300,0.74,63,37,26,203.32333420134808,0.44076596185737976,0.7776335939599324,0.13759318606173596,1093079.4210718712,-750.2895121574211,1092329.1315597137,1794,7,771.6019900497513,75,126,46,33.30951756685892,0.5909514925373134,38.62390350877194,8364.035087719321,111.52046783625762,0
1796,32,0,0,200,0.0,0.0,1.0,200,6000,4100,1900,0.6833333333333333,79,41,38,202.36681036250118,0.4403742671691792,0.7756783590963146,0.13747212238680376,1094157.6322368227,-1715.7619860895934,1092441.870250733,1795,8,776.205,66,134,46,33.20303210463734,0.5925520833333333,38.49502487562188,8368.159203980076,126.79029096939509,0
1797,32,0,1,199,0.0,0.005,0.995,200,6500,5100,1400,0.7846153846153846,79,51,28,203.81720867837228,0.4400073283082077,0.7777382933206565,0.13897228475039092,1095198.6955768415,-1855.931783866792,1093342.7637929746,1796,9,777.205,66,134,44,33.03819031772443,0.5939583333333334,38.37064676616915,8372.139303482581,126.85059550731184,0
1798,32,0,2,197,0.0,0.010050251256281407,0.9899497487437185,199,5550,3900,1650,0.7027027027027027,72,39,33,200.55724025357244,0.4396096644840364,0.7730162750089971,0.13747287195563054,1096674.382716049,-1360.802469135764,1095313.5802469132,1797,10,778.8140703517588,68,131,43,32.94374447391689,0.5958438023450586,38.19444444444444,8377.777777777776,123.20261437908493,0
1799,32,0,0,197,0.0,0.0,1.0,197,5700,4300,1400,0.7543859649122807,71,43,28,202.76178800729582,0.43876795642114713,0.7723417445360548,0.139621189206224,1097949.9098225634,-575.5426283856214,1097374.3671941778,1798,11,787.2030456852792,72,125,44,32.730735011076,0.597345600676819,38.04223744292237,8382.648401826478,116.42567224758997,0
1800,32,0,1,196,0.0,0.005076142131979695,0.9949238578680203,197,5400,4000,1400,0.7407407407407407,68,40,28,200.31611581232107,0.43846364688007183,0.7695025773322368,0.13843672769835907,1098955.5560628197,-772.2983118253733,1098183.2577509943,1799,12,788.2030456852792,73,124,47,32.67245855265515,0.5983502538071066,37.9222972972973,8386.486486486487,114.88337652721215,0
1801,32,0,1,195,0.0,0.00510204081632653,0.9948979591836735,196,5750,4100,1650,0.7130434782608696,74,41,33,202.1115797290891,0.4381197671376243,0.7699940401326952,0.14027326777919055,1100136.4032951877,-479.93872250619506,1099656.4645726816,1800,13,792.7908163265306,73,123,41,32.4817926419011,0.5996492346938775,37.781531531531535,8390.990990990997,114.94508206836981,0
1802,32,0,0,195,0.0,0.0,1.0,195,5850,4200,1650,0.717948717948718,75,42,33,199.6243292092397,0.43746475460392986,0.7664776904996282,0.13932948533397327,1101694.22622826,-865.0058190983764,1100829.2204091616,1801,14,797.4564102564102,75,120,45,32.35771959606512,0.6014957264957265,37.59594298245613,8396.929824561383,111.95906432748511,0
1803,32,1,0,196,0.00510204081632653,0.0,1.0,196,4850,3300,1550,0.6804123711340206,64,33,31,196.81473734778194,0.43747056514913657,0.7642556223057702,0.13796639558289703,1102891.8258520812,-636.9269943814097,1102254.8988576997,1802,0,794.3826530612245,66,130,48,32.286053374390555,0.602891156462585,37.453358208955216,8401.49253731342,127.29534147444575,0
1804,32,0,0,196,0.0,0.0,1.0,196,4800,2900,1900,0.6041666666666666,67,29,38,198.29921592817806,0.4371064451421594,0.7650125916220858,0.13951508523794434,1103895.368765896,-219.6827813952782,1103675.6859845007,1803,1,795.3826530612245,68,128,48,32.12528976761116,0.6037414965986394,37.33393719806762,8405.314009661814,123.6075589656149,0
1805,32,1,0,197,0.005076142131979695,0.0,1.0,197,6700,4800,1900,0.7164179104477612,86,48,38,196.0796468954572,0.4368568493387202,0.7626143919353676,0.13921654929577454,1106392.318244169,-2711.7969821675183,1103680.5212620015,1804,0,792.3401015228426,71,126,49,31.880868544600908,0.6058058375634519,37.03703703703703,8414.814814814805,118.51851851851838,0
1806,32,0,0,197,0.0,0.0,1.0,197,6100,4600,1500,0.7540983606557377,76,46,30,194.7372604219911,0.43640038502710726,0.7615875972440895,0.13890755686348516,1107660.1333635652,-2359.460030024457,1105300.6733335408,1805,1,793.3401015228426,72,125,49,31.762613663069217,0.607445008460237,36.88641552511415,8419.63470319634,116.93937087772694,0
1807,32,0,0,197,0.0,0.0,1.0,197,5750,4300,1450,0.7478260869565218,72,43,29,195.5547756179226,0.43595579094582,0.7610754351589835,0.1398197950182905,1108301.5310496301,-1803.268555717913,1106498.2624939121,1806,2,794.3401015228426,73,124,43,31.663446453085154,0.6087669204737733,36.810247747747745,8422.072072072067,115.37085030235708,0
1808,32,0,0,197,0.0,0.0,1.0,197,5950,4200,1750,0.7058823529411765,77,42,35,226.1477906296278,0.43589859801788733,0.7928056652252928,0.14725057106913064,1082098.6876055538,3592.8454890431904,1085691.533094597,1807,3,795.3401015228426,72,125,31,34.058870598994076,0.5771996615905246,39.94006849315068,8321.917808219174,115.58219178082186,8
1809,32,0,0,197,0.0,0.0,1.0,197,4600,2800,1800,0.6086956521739131,64,28,36,226.813354509697,0.4356471649573535,0.7937001490100519,0.14811107017982802,1082930.0890306714,5124.601238506314,1088054.6902691778,1808,4,796.3401015228426,72,125,33,33.93941056018723,0.5785744500846024,39.84018264840183,8325.114155251147,115.62658548959926,0
1810,32,0,2,195,0.0,0.01015228426395939,0.9898477157360406,197,5750,3900,1850,0.6782608695652174,76,39,37,228.28908844017732,0.43549932663420693,0.7961501812267409,0.1500129766202828,1084731.267334755,4376.46244448187,1089107.729779237,1809,5,797.3401015228426,76,121,39,33.679815902045334,0.5802136209813875,39.62391774891774,8332.034632034613,109.63203463203438,0
1811,32,0,0,195,0.0,0.0,1.0,195,5550,4400,1150,0.7927927927927928,67,44,23,188.07777925972536,0.43509560313684026,0.7494808776558135,0.11958528317637163,1075200.1926717225,-4105.747100534386,1071094.4455711881,1810,6,805.3589743589744,85,110,39,35.8948151263122,0.5732905982905983,40.770348837209326,8295.348837209365,97.59233926128665,8
1812,32,0,0,195,0.0,0.0,1.0,195,5400,3800,1600,0.7037037037037037,70,38,32,191.7318083104872,0.43497444708784916,0.7552438843303768,0.12232900713778867,1076205.193497997,-3131.446427497793,1073073.7470704992,1811,7,806.3589743589744,85,110,40,35.6766454947382,0.5743589743589743,40.64922480620158,8299.22480620163,97.63793889648976,0
1813,32,1,0,196,0.00510204081632653,0.0,1.0,196,5050,3500,1550,0.693069306930693,66,35,31,193.03591401738217,0.43519699546485263,0.7558579084389385,0.12376334269547275,1077625.8794698268,-2645.900677551421,1074979.9787922753,1812,0,803.2397959183673,77,119,42,35.468393540197944,0.5755208333333333,40.47809829059828,8304.700854700832,107.85325785325756,0
1814,32,3,1,198,0.01507537688442211,0.005025125628140704,0.9949748743718593,199,5000,3500,1500,0.7,65,35,30,189.29880312165605,0.4366370996396122,0.7549388437607705,0.12202008710634663,1079183.244529965,-3942.3806923064985,1075240.8638376587,1813,0,792.1155778894472,80,119,45,35.37437071882478,0.5771566164154104,40.2906378600823,8310.699588477355,103.88374485596694,0
1815,32,0,2,196,0.0,0.010101010101010102,0.98989898989899,198,5400,3600,1800,0.6666666666666666,72,36,36,191.16373430687412,0.43615618964603736,0.7559717441677363,0.123677977959346,1080252.2719478693,-3698.9883401922534,1076553.283607677,1814,1,796.7676767676768,80,118,45,35.194877505567945,0.5785984848484849,40.162037037037024,8314.81481481478,103.93518518518474,0
1816,32,0,0,196,0.0,0.0,1.0,196,6300,4600,1700,0.7301587301587301,80,46,34,189.9887650553014,0.4353714242107099,0.7527336672128424,0.1233230113002335,1081203.249241945,-4416.705980548755,1076786.5432613962,1815,2,805.5,82,114,47,35.10888894253207,0.5803039965986394,40.0476907630522,8318.473895582309,101.4448036046623,0
1817,32,0,2,194,0.0,0.01020408163265306,0.9897959183673469,196,5250,3700,1550,0.7047619047619048,68,37,31,219.32963187624017,0.4354673600209315,0.7842075884422126,0.1388402110423539,1073904.9635464745,2657.836064943071,1076562.7996114176,1816,3,806.5,75,121,34,35.24428631890807,0.5725446428571428,40.926535087719294,8290.350877192972,110.53801169590629,8
1818,32,0,0,194,0.0,0.0,1.0,194,5400,3800,1600,0.7037037037037037,70,38,32,209.71193751107987,0.4345537765076652,0.7757677775449905,0.13068075756694825,1069275.8874186114,647.9836168873617,1069923.8710354988,1817,4,815.7835051546392,68,126,39,36.0641497313712,0.5688896048109966,41.48550724637682,8272.463768115957,121.65387894288172,8
1819,32,0,0,194,0.0,0.0,1.0,194,4950,3600,1350,0.7272727272727273,63,36,27,210.54020369240524,0.4347040088670477,0.7765862013914515,0.13166418059217505,1070326.2449304604,1319.3411249973315,1071645.5860554576,1818,5,816.7835051546392,70,124,40,35.91312609904135,0.5699634879725086,41.358568075117375,8276.525821596253,118.23608316566076,0
1820,32,2,1,195,0.01020408163265306,0.00510204081632653,0.9948979591836735,196,5000,3300,1700,0.66,67,33,34,204.98702507676515,0.43519699546485263,0.7706929815169583,0.1290320700010307,1072251.5116211842,-240.4704997415438,1072011.0411214426,1819,0,809.4387755102041,78,118,43,35.819474863749825,0.5719068877551021,41.12605485232069,8283.96624472578,106.2046954452023,0
1821,32,2,3,194,0.01015228426395939,0.015228426395939087,0.9847715736040609,197,6850,5800,1050,0.8467153284671532,79,58,21,199.64102416279718,0.4363928312441728,0.7667002519758497,0.12673798924026944,1074740.2284842292,-3337.5520152894733,1071402.6764689398,1820,0,806.1319796954315,82,115,37,35.651623004535715,0.57413282571912,40.82580321285144,8293.574297188843,101.1411499657176,0
1822,32,1,0,195,0.005128205128205128,0.0,1.0,195,5800,3900,1900,0.6724137931034483,77,39,38,203.0241930417021,0.43572781742884836,0.7695825152098708,0.12929568811776054,1075668.3175730517,-1122.6615688406246,1074545.656004211,1821,0,807.7794871794872,81,114,39,35.44978810445353,0.5753205128205128,40.71392276422768,8297.154471544818,102.43400582154096,0
1823,32,0,1,194,0.0,0.005128205128205128,0.9948717948717949,195,7150,5100,2050,0.7132867132867133,92,51,41,203.407229188921,0.43560555996123007,0.7700404701277357,0.13031557445129932,1077408.898836611,-2319.4482368317476,1075089.4505997794,1822,1,808.7794871794872,68,127,41,35.2258954370043,0.577190170940171,40.50422705314009,8303.864734299506,122.11565785734568,0
1824,32,0,0,194,0.0,0.0,1.0,194,5050,3500,1550,0.693069306930693,66,35,31,201.518592996904,0.4351814139201966,0.7654691595317145,0.12979909374254708,1078964.987105731,-363.69878110614536,1078601.2883246248,1823,2,813.5051546391752,70,124,41,35.08380414312616,0.5785545532646048,40.3169014084507,8309.859154929562,118.71227364185089,0
1825,32,0,1,193,0.0,0.005154639175257732,0.9948453608247423,194,5350,3800,1550,0.7102803738317757,69,38,31,203.5397087852623,0.434806945854032,0.7670134930507198,0.13158432241854887,1080031.1999076728,-184.1528183591754,1079847.0470893136,1824,3,814.5051546391752,73,121,41,34.90043298838741,0.5797895189003437,40.18862612612611,8313.963963963924,113.8899173145743,0
1826,32,1,0,194,0.005154639175257732,0.0,1.0,194,4950,3300,1650,0.6666666666666666,66,33,33,201.82882287969562,0.435107410572797,0.7647462814378274,0.13092299131703056,1081014.7977923877,-114.01116920637469,1080900.7866231813,1825,0,815.4432989690722,76,118,47,34.824216716977205,0.5811855670103092,40.070346320346296,8317.748917748859,109.44406470722183,0
1827,32,0,0,194,0.0,0.0,1.0,194,5800,4300,1500,0.7413793103448276,73,43,30,203.71284935938166,0.4348013816925734,0.7667873044953872,0.1325581716447533,1081915.1744719855,-519.9954086321413,1081395.1790633535,1826,1,816.4432989690722,76,118,39,34.664815489196414,0.5821520618556701,39.96212121212119,8321.212121212066,109.48963317384296,0
1828,32,0,0,194,0.0,0.0,1.0,194,6300,4200,2100,0.6666666666666666,84,42,42,201.99378557737052,0.4342360628883785,0.7646254501924625,0.13189005999463496,1082900.3906249905,-1352.1701388893703,1081548.220486101,1827,2,817.4432989690722,79,115,41,34.58875542208875,0.5837628865979381,39.84374999999997,8324.999999999927,105.37974683544212,0
1829,32,0,0,194,0.0,0.0,1.0,194,4900,3400,1500,0.6938775510204082,64,34,30,199.6404365284087,0.4338660461513808,0.7624128540471509,0.1307547946427799,1083783.8172534567,-426.5851242194299,1083357.2321292371,1828,3,818.4432989690722,80,114,43,34.541765490661135,0.584997852233677,39.73765432098762,8328.395061728312,104.1049382716039,0
1830,32,0,0,194,0.0,0.0,1.0,194,6150,4700,1450,0.7642276422764228,76,47,29,202.16822099147797,0.4338799565550273,0.7650576473600126,0.1328580322430999,1084751.886381277,-1089.528182629966,1083662.3581986472,1829,4,819.4432989690722,81,113,44,34.35741612593708,0.5864475945017182,39.62144308943086,8332.11382113813,102.86560273010036,0
1831,32,0,1,193,0.0,0.005154639175257732,0.9948453608247423,194,5850,3800,2050,0.6495726495726496,79,38,41,203.60351111277174,0.4337553193383545,0.7677664345381428,0.1343627453641724,1085950.2591950824,-429.3428668112656,1085520.9163282712,1830,5,820.4432989690722,68,126,42,34.17333062911668,0.5878436426116839,39.477657004830924,8336.714975845425,122.59874964478567,0
1832,32,2,0,195,0.010256410256410256,0.0,1.0,195,5050,3200,1850,0.6336633663366337,69,32,37,203.3205888134303,0.43466384703498107,0.7672477494773655,0.1354719222581729,1088689.356674386,220.5922067902793,1088909.9488811763,1831,0,816.4564102564102,71,124,45,33.845673876871885,0.5901709401709402,39.149305555555564,8347.222222222246,117.56651017214432,0
1833,32,0,0,195,0.0,0.0,1.0,195,4750,3200,1550,0.6736842105263158,63,32,31,202.1209695130226,0.43449092431051195,0.7666466162502392,0.13535316495774602,1090119.413120894,317.1985329925683,1090436.6116538865,1832,1,817.4564102564102,73,122,49,33.70223938952703,0.5913995726495727,38.97804054054055,8352.702702702723,114.42058496853046,0
1834,32,0,0,195,0.0,0.0,1.0,195,5350,3900,1450,0.7289719626168224,68,39,29,202.47910297918799,0.43422107674684995,0.7669867926178595,0.136189174277036,1091360.5177795105,-154.46026662046825,1091206.05751289,1833,2,818.4564102564102,75,120,41,33.541338668765825,0.5930021367521368,38.82949561403509,8357.456140350887,111.43274853801182,0
1835,32,0,2,193,0.0,0.010256410256410256,0.9897435897435898,195,5950,4300,1650,0.7226890756302521,76,43,33,203.29872527287532,0.43367587452639,0.7668315188969506,0.1374151425759767,1092748.9294615942,-519.1071194316573,1092229.8223421625,1834,3,819.4564102564102,76,119,44,33.35048055354248,0.594551282051282,38.66341991341992,8362.770562770582,110.03645477329712,0
1836,32,0,2,191,0.0,0.010362694300518135,0.9896373056994818,193,4800,3500,1300,0.7291666666666666,61,35,26,203.10518048766113,0.43309563003742085,0.7652131101979227,0.13761799612481757,1093432.1838017788,1016.3482084157254,1094448.5320101946,1835,4,825.2124352331606,77,116,44,33.272190293742014,0.5955310880829016,38.58173076923078,8365.384615384644,108.64135864135902,0
1837,32,0,1,190,0.0,0.005235602094240838,0.9947643979057592,191,4850,3400,1450,0.7010309278350515,63,34,29,202.20880418282988,0.43257325250298523,0.7626880623739256,0.1375448579688864,1094525.342627602,1214.5321361060287,1095739.8747637079,1836,5,833.7068062827225,68,123,43,33.16233766233767,0.5970767888307156,38.45108695652175,8369.565217391326,123.08184143222537,0
1838,32,0,1,189,0.0,0.005263157894736842,0.9947368421052631,190,6850,5300,1550,0.7737226277372263,84,53,31,199.36283573725402,0.43213821591014573,0.7577711688692477,0.1365119362963815,1096383.506944446,-1134.3749999999154,1095249.131944446,1837,6,838.2894736842105,69,121,46,33.010429102002895,0.5991228070175438,38.22916666666667,8376.666666666679,121.40096618357505,0
1839,32,0,1,188,0.0,0.005291005291005291,0.9947089947089947,189,4850,3300,1550,0.6804123711340206,64,33,31,199.66704878717653,0.43215270741866485,0.7562124224187099,0.1371602751459841,1097280.497819144,1168.151738254432,1098448.6495573984,1838,7,834.936507936508,71,118,44,32.893267867336974,0.6001984126984127,38.12210648148148,8380.09259259259,118.0294731351069,0
1840,32,0,0,188,0.0,0.0,1.0,188,5350,3900,1450,0.7289719626168224,68,39,29,214.01341339457903,0.43188158967648954,0.7693753800273058,0.140860182925215,1085195.2532439504,3499.2680692664767,1088694.521313217,1839,8,830.6329787234042,68,120,42,33.99464765327612,0.5872672872340425,39.568236714975846,8333.816425120778,122.55612389883497,8
1841,32,0,0,188,0.0,0.0,1.0,188,4850,3700,1150,0.7628865979381443,60,37,23,207.64036933864617,0.43181166325330905,0.7633991967186122,0.13398752853257193,1079496.2620464857,2379.4005102040683,1081875.6625566897,1840,9,831.6329787234042,69,119,40,34.8595793946338,0.5839428191489362,40.25297619047619,8311.904761904765,120.46238785369225,8
1842,32,0,1,187,0.0,0.005319148936170213,0.9946808510638298,188,5000,3700,1300,0.74,63,37,26,209.3299341057495,0.4317547739598741,0.7658973909325246,0.13562803411665095,1080672.4993938566,2643.4206176021817,1083315.9200114587,1841,10,832.6329787234042,70,118,45,34.671258138572135,0.5852726063829787,40.11150234741783,8316.431924882609,118.80617035546584,0
1843,32,0,0,187,0.0,0.0,1.0,187,4500,3000,1500,0.6666666666666666,60,30,30,204.5200694197227,0.43147317578057615,0.7605791544748268,0.13218980096640576,1079969.242598998,2275.076893502361,1082244.3194925003,1842,11,836.0053475935829,67,120,45,34.882566823899374,0.5877896613190731,40.19607843137254,8313.725490196059,124.08545507755312,8
1844,32,1,0,188,0.005319148936170213,0.0,1.0,188,5450,4000,1450,0.7339449541284404,69,40,29,202.00486798506114,0.43149166097773733,0.7591167396622311,0.13104797678840438,1081038.5705272306,625.0107452224529,1081663.581272453,1843,0,832.5531914893617,70,118,50,34.81672499106319,0.5890403368794326,40.06748826291079,8317.840375586842,118.82629107981204,0
1845,32,0,0,188,0.0,0.0,1.0,188,4200,2500,1700,0.5952380952380952,59,25,34,200.09159675920952,0.43138736393977317,0.7567697721032833,0.13004868301481898,1081575.9260598826,1482.850812328425,1083058.7768722111,1844,1,833.5531914893617,71,117,49,34.80056989965315,0.5901484929078014,40.00289351851851,8319.907407407389,117.1817944705266,0
1846,32,0,1,187,0.0,0.005319148936170213,0.9946808510638298,188,4800,3400,1400,0.7083333333333334,62,34,28,203.00231584824076,0.43122321462434104,0.7610648567964082,0.1325075266820365,1082811.2978513795,1562.6402180939203,1084373.9380694735,1845,2,834.5531914893617,72,116,44,34.57343718574588,0.5910904255319149,39.85445205479452,8324.657534246579,115.62024353120248,0
1847,32,0,0,187,0.0,0.0,1.0,187,6550,4800,1750,0.732824427480916,83,48,35,201.88547449240963,0.4302824257757844,0.7588007197708908,0.13229141340962214,1083927.566655121,-184.15377808566154,1083743.4128770353,1846,15,840.0053475935829,75,112,45,34.46572757591714,0.5926359180035651,39.720394736842096,8328.947368421024,111.05263157894699,0
1848,32,0,0,187,0.0,0.0,1.0,187,5950,4200,1750,0.7058823529411765,77,42,35,202.76083999823402,0.4299793475552489,0.7607634863808288,0.1334565863905408,1085200.9719990308,657.2521298847087,1085858.2241289155,1847,16,841.0053475935829,65,122,47,34.287000282811135,0.5943070409982174,39.567550505050505,8333.838383838385,128.21289821289824,0
1849,32,0,1,186,0.0,0.0053475935828877,0.9946524064171123,187,5250,3500,1750,0.6666666666666666,70,35,35,205.2242605343412,0.4298260115385353,0.7624459417105707,0.13568091317332617,1086474.1062632175,1944.1690095157055,1088418.2752727333,1848,17,842.0053475935829,67,120,46,34.06698851723398,0.5958110516934046,39.414828431372555,8338.72549019609,124.45858940591178,0
1850,32,0,0,186,0.0,0.0,1.0,186,5100,3200,1900,0.6274509803921569,70,32,38,194.38176062650032,0.4293168168168168,0.7436286752598789,0.12316037254577794,1074173.0929736753,-540.0685940325839,1073633.0243796427,1849,18,847.3817204301075,88,98,36,35.85765049537748,0.5813172043010753,40.89419475655432,8291.3857677903,94.22029281579886,8
1851,32,0,0,186,0.0,0.0,1.0,186,4400,3100,1300,0.7045454545454546,57,31,26,200.5954451765188,0.42946878329942845,0.7493148122564213,0.12765625843784764,1075456.3680748495,1546.3297843795417,1077002.697859229,1850,19,848.3817204301075,90,96,38,35.53882069848562,0.5823812724014337,40.73946886446888,8296.336996337044,92.18152218152271,0
1852,32,0,0,186,0.0,0.0,1.0,186,5300,3900,1400,0.7358490566037735,67,39,28,204.35154271705255,0.4291466870095902,0.753271149112579,0.13047060035011843,1076406.2500000023,1493.055555555684,1077899.305555558,1851,20,849.3817204301075,91,95,38,35.324631860776464,0.5838373655913979,40.62500000000001,8300.000000000018,91.20879120879141,0
1853,32,0,0,186,0.0,0.0,1.0,186,6200,4500,1700,0.7258064516129032,79,45,34,222.42571594582492,0.428831856049598,0.7660932178488589,0.13704036171784864,1065911.1244173362,4017.2089966284475,1069928.3334139646,1852,21,850.3817204301075,82,104,36,36.1515972965088,0.5687163978494624,41.89257028112446,8259.437751003923,100.72485062199907,8
1854,32,0,0,186,0.0,0.0,1.0,186,5600,4300,1300,0.7678571428571429,69,43,26,225.74960192345685,0.4285164196454519,0.7678492252889213,0.1394466607998343,1066676.6406202938,5360.365400215822,1072037.0060205096,1853,22,851.3817204301075,85,101,38,35.97104619161544,0.5697804659498208,41.79990310077516,8262.403100775104,97.20474236206005,0
1855,32,0,0,186,0.0,0.0,1.0,186,5500,3900,1600,0.7090909090909091,71,39,32,228.8038844586702,0.42865809357744844,0.7697119003368926,0.14197787087112723,1068027.3897873953,6173.763098322157,1074201.1528857173,1854,23,852.3817204301075,68,118,42,35.725015581784895,0.571236559139785,41.6364734299517,8267.632850241564,121.58283603296417,0
1856,32,0,1,185,0.0,0.005376344086021506,0.9946236559139785,186,6400,4300,2100,0.671875,85,43,42,228.69993297349748,0.4287701007459072,0.7689614484339604,0.1423249421646969,1068885.20762472,5290.795068027404,1074176.0026927474,1855,24,853.3817204301075,69,117,41,35.621593547891855,0.5727486559139785,41.53273809523811,8270.952380952409,119.8688750862668,0
1857,32,1,0,186,0.005376344086021506,0.0,1.0,186,6350,5300,1050,0.8346456692913385,74,53,21,226.96606001638665,0.428724086990216,0.7653332139825311,0.1422232941371017,1070921.9808913707,5062.588517571996,1075984.5694089427,1856,0,844.4086021505376,73,113,39,35.414682971507354,0.5749887992831542,41.28659909909912,8278.828828828879,113.40861409354628,0
1858,32,0,0,186,0.0,0.0,1.0,186,5950,4800,1150,0.8067226890756303,71,48,23,227.63477823769205,0.428544875520682,0.7674387698048095,0.14323549758560547,1072143.7033835636,5661.438831731393,1077805.142215295,1857,1,845.4086021505376,76,110,43,35.24649420782162,0.576108870967742,41.139069264069285,8283.549783549834,108.99407609933992,0
1859,32,1,1,186,0.0053475935828877,0.0053475935828877,0.9946524064171123,187,5300,3900,1400,0.7358490566037735,67,39,28,223.86402495453342,0.42866401203687726,0.7658360370410373,0.14157905980091634,1073632.833007338,5369.553464072431,1079002.3864714105,1858,0,841.8823529411765,80,107,33,35.16037415810289,0.5778186274509804,40.95936213991771,8289.300411522672,103.6162551440334,0
1860,32,2,0,188,0.010638297872340425,0.0,1.0,188,4850,3300,1550,0.6804123711340206,64,33,31,222.12623352038239,0.42914734801077103,0.7664299490603381,0.14127012204878617,1075274.355257151,5319.328506865808,1080593.6837640167,1859,0,838.3936170212766,83,105,38,35.003039543968754,0.579510195035461,40.761408730158735,8295.634920634935,99.94740868234861,0
1861,32,1,1,188,0.005291005291005291,0.005291005291005291,0.9947089947089947,189,5050,3300,1750,0.6534653465346535,68,33,35,223.01907204353066,0.42935241472475516,0.7716623041887798,0.14269567282725673,1077032.8508249894,5189.773390277462,1082222.624215267,1860,0,834.952380952381,68,121,41,34.76327631017496,0.5811838624338624,40.54951690821256,8302.415458937194,122.0943449843705,0
1862,32,0,0,188,0.0,0.0,1.0,188,5450,4200,1250,0.7706422018348624,67,42,25,226.6647409865661,0.4288990499487996,0.7741215234081567,0.14582766964356955,1078630.612244898,5847.505668934202,1084478.1179138322,1861,1,840.3723404255319,69,119,41,34.47195476081305,0.5825576241134751,40.357142857142854,8308.571428571428,120.41407867494823,0
1863,32,0,0,188,0.0,0.0,1.0,188,5600,4100,1500,0.7321428571428571,71,41,30,226.4678391466713,0.4287005300185838,0.775165101549004,0.14639702863196266,1080011.6946373456,5717.582947530813,1085729.2775848764,1862,2,841.3723404255319,71,117,43,34.30713331105914,0.58416445035461,40.19097222222222,8313.888888888889,117.09702660406886,0
1864,32,0,0,188,0.0,0.0,1.0,188,5050,3600,1450,0.7128712871287128,65,36,29,224.76685573006398,0.42842260211628175,0.7745258710520821,0.1459035716675503,1081214.8491083682,5954.252400548692,1087169.1015089168,1863,3,842.3723404255319,71,117,42,34.20339863460967,0.5856604609929078,40.0462962962963,8318.518518518524,117.16223265519048,0
1865,32,0,0,188,0.0,0.0,1.0,188,5450,3800,1650,0.6972477064220184,71,38,33,225.01877560098097,0.4282863048507604,0.7745693199643431,0.1464762811998777,1082021.662710009,5645.037943348827,1087666.7006533577,1864,4,843.3723404255319,73,115,35,34.097695860849484,0.5868794326241135,39.94932432432433,8321.621621621634,113.99481673454294,0
1866,32,1,0,189,0.005291005291005291,0.0,1.0,189,6450,5100,1350,0.7906976744186046,78,51,27,223.82904895734663,0.4286945570190251,0.7763387741839334,0.14674241484115857,1084068.0730193953,4279.185157790938,1088347.2581771864,1865,0,839.9047619047619,77,112,39,33.87733441075367,0.5890652557319225,39.70352564102564,8329.487179487181,108.1751581751582,0
1867,32,1,1,189,0.005263157894736842,0.005263157894736842,0.9947368421052631,190,4800,3200,1600,0.6666666666666666,64,32,32,222.7199999999994,0.4294573238652186,0.7774736842105259,0.14652631578947373,1085069.4444444475,5533.333333333479,1090602.777777781,1866,0,836.478947368421,76,114,41,33.783333333333346,0.590296052631579,39.58333333333334,8333.333333333358,109.64912280701786,0
1868,32,0,0,189,0.0,0.0,1.0,189,3800,2600,1200,0.6842105263157895,50,26,24,219.52825790831366,0.4286664133738602,0.7729451318231826,0.14489216126719484,1085990.3047201845,6081.111940108305,1092071.4166602928,1867,1,841.005291005291,65,124,41,33.753546475232724,0.5913249559082893,39.47285353535354,8336.86868686871,128.25951825951861,0
1869,32,0,0,189,0.0,0.0,1.0,189,5100,3700,1400,0.7254901960784313,65,37,28,215.37091508582085,0.4286347517730496,0.7682325223726496,0.14294603011268808,1087587.006114501,3946.921748465866,1091533.927862967,1868,2,842.005291005291,68,121,42,33.66628064080296,0.5927028218694885,39.2814009661836,8342.99516908217,122.69110542767898,0
1870,32,1,0,190,0.005263157894736842,0.0,1.0,190,5500,4200,1300,0.7636363636363637,68,42,26,211.3223561047656,0.4293140258052539,0.764006865489395,0.14054320888539742,1088163.3514730788,2490.648652030107,1090654.000125109,1869,0,838.5684210526316,72,118,44,33.70130225432261,0.5944078947368421,39.21232876712331,8345.20547945211,115.90563165905708,0
1871,32,0,0,190,0.0,0.0,1.0,190,5250,3700,1550,0.7047619047619048,68,37,31,211.07175760332797,0.42871182586094864,0.7647559834779722,0.14090715910101745,1089235.345515111,2731.3637643087204,1091966.7092794196,1870,1,839.5684210526316,72,118,42,33.576702214930265,0.5955043859649123,39.08390410958906,8349.31506849319,115.96270928462764,0
1872,32,0,0,190,0.0,0.0,1.0,190,4850,3700,1150,0.7628865979381443,60,37,23,209.78109404911055,0.4283080386150562,0.7636722597713732,0.14036633939966014,1089884.2708840668,2877.422946595645,1092761.6938306624,1871,2,840.5684210526316,73,117,44,33.531037070995815,0.5967105263157895,39.00619369369372,8351.801801801857,114.40824386029942,0
1873,32,0,0,190,0.0,0.0,1.0,190,5900,4300,1600,0.7288135593220338,75,43,32,207.92568103022515,0.42814501531606797,0.7608793557497793,0.13986805567838134,1091391.7584940365,1485.6749311297708,1092877.4334251662,1872,3,841.5684210526316,76,114,39,33.395274353396175,0.5979714912280703,38.82575757575759,8357.5757575758,109.96810207336578,0
1874,32,0,0,190,0.0,0.0,1.0,190,6300,4900,1400,0.7777777777777778,77,49,28,205.83306881600578,0.4279437018472106,0.7582170588520174,0.13874936223910125,1091980.3423369168,653.1329899922457,1092633.475326909,1873,4,842.5684210526316,77,113,40,33.37806291108616,0.5987938596491228,38.755341880341895,8359.829059829091,108.56920856920898,0
1875,32,0,1,189,0.0,0.005263157894736842,0.9947368421052631,190,5750,4100,1650,0.7130434782608696,74,41,33,207.5537268929176,0.42750452520189364,0.7605476717002584,0.14038020014761354,1092927.4956250733,1618.234988145493,1094545.7306132189,1874,5,843.5684210526316,82,108,41,33.21748699479792,0.6003837719298246,38.64206827309238,8363.453815261066,101.9933392105008,0
1876,32,0,1,188,0.0,0.005291005291005291,0.9947089947089947,189,4750,3700,1050,0.7789473684210526,58,37,21,207.64629239444366,0.4268206593117941,0.760204592565487,0.1407068945666111,1093456.1233347517,2860.4219812926244,1096316.5453160442,1875,9,849.005291005291,83,106,42,33.15055618803665,0.6011353615520283,38.57886904761905,8365.476190476198,100.78886976477347,0
1877,32,0,0,188,0.0,0.0,1.0,188,5400,3800,1600,0.7037037037037037,70,38,32,213.17121950445198,0.4262436236583608,0.7637746884801218,0.14461074620437173,1093767.3611111129,3631.944444444534,1097399.3055555574,1876,10,854.186170212766,83,105,43,32.96812749003986,0.6021165780141844,38.54166666666667,8366.66666666668,100.80321285140579,0
1878,32,0,0,188,0.0,0.0,1.0,188,4950,3400,1550,0.6868686868686869,65,34,31,209.89639438218114,0.4259656957560587,0.7594991344647883,0.14298807159818372,1094945.4183913637,3415.0190731272264,1098360.437464491,1877,11,855.186170212766,73,115,42,32.910030133448146,0.6033909574468085,38.4009009009009,8371.171171171167,114.67357768727626,0
1879,32,0,0,188,0.0,0.0,1.0,188,5350,3800,1550,0.7102803738317757,69,38,31,206.7309633501734,0.42579384268214054,0.7544945967130805,0.14136473899988514,1096003.1891482235,2365.5590254949648,1098368.7481737186,1878,12,856.186170212766,77,111,43,32.86389767663366,0.6046099290780143,38.274572649572654,8375.213675213692,108.76900876900899,0
1880,32,0,0,188,0.0,0.0,1.0,188,5550,3700,1850,0.6666666666666666,74,37,37,205.96978650946278,0.42526761671786706,0.7533096221338385,0.14131171739743414,1096928.9306640648,2036.843532986224,1098965.774197051,1879,13,857.186170212766,79,109,41,32.771033285262,0.605718085106383,38.16406250000001,8378.750000000018,106.06012658227871,0
1881,32,1,0,189,0.005291005291005291,0.0,1.0,189,5250,3700,1550,0.7047619047619048,68,37,31,202.97805999546634,0.4254181676610755,0.7511660897057604,0.13972816847709027,1097866.3247366983,1518.5553458815402,1099384.8800825798,1880,0,853.6455026455027,82,107,43,32.7352433882714,0.6070877425044092,38.05220883534137,8382.329317269081,102.22352825937904,0
1882,32,0,0,189,0.0,0.0,1.0,189,5400,3800,1600,0.7037037037037037,70,38,32,204.7189552576673,0.4251332132537806,0.7523302823728037,0.14142079552857248,1098840.2514872905,1790.6856559100997,1100630.9371432005,1881,1,854.6455026455027,85,104,47,32.571100634744575,0.6082451499118166,37.93604651162791,8386.046511627908,98.65937072503422,0
1883,32,0,0,189,0.0,0.0,1.0,189,4550,3000,1550,0.6593406593406593,61,30,31,204.89810471007596,0.42486233066906826,0.753272450532724,0.1421821449033805,1100087.5280750492,2731.1699035542815,1102818.6979786034,1882,2,855.6455026455027,86,103,39,32.41466894977173,0.609347442680776,37.7873563218391,8390.804597701197,97.56749532210694,0
1884,32,0,1,188,0.0,0.005291005291005291,0.9947089947089947,189,5500,3700,1800,0.6727272727272727,73,37,36,204.48591797103953,0.4246700157604413,0.7536187037992068,0.14231808863813644,1100909.6648301273,1724.1046831959247,1102633.7695133232,1883,3,856.6455026455027,87,102,40,32.32551143200962,0.6106701940035273,37.68939393939396,8393.939393939454,96.48206199930407,0
1885,32,0,0,188,0.0,0.0,1.0,188,5300,3700,1600,0.6981132075471698,69,37,32,205.98632827707664,0.42420390544999426,0.7548809283159319,0.14372883578100787,1101615.3460737288,2483.540062281756,1104098.8861360105,1884,18,862.186170212766,88,100,42,32.2003657611847,0.6119791666666667,37.60533707865169,8396.629213483151,95.41624106230853,0
1886,32,0,0,188,0.0,0.0,1.0,188,6200,4400,1800,0.7096774193548387,80,44,36,204.087378634608,0.4237624208290666,0.7532852140836952,0.14292247555977425,1102618.2464136383,1206.093509049383,1103824.3399226877,1885,19,863.186170212766,73,115,44,32.128342449103606,0.6131427304964538,37.48592342342341,8400.450450450411,115.07466370480016,0
1887,32,0,1,187,0.0,0.005319148936170213,0.9946808510638298,188,5600,3900,1700,0.6964285714285714,73,39,34,208.49826937753312,0.4232924915614215,0.7570125004219328,0.14656885776688247,1103666.975308638,2822.530864197305,1106489.5061728354,1886,20,864.186170212766,74,114,44,31.88513573065399,0.6147495567375887,37.3611111111111,8404.444444444414,113.57357357357317,0
1888,32,0,0,187,0.0,0.0,1.0,187,4800,3400,1400,0.7083333333333334,62,34,28,207.90424218438696,0.4222646292143446,0.7553230428610966,0.14651134243346742,1104342.874730682,3719.5136965217785,1108062.3884272038,1887,21,869.4598930481284,75,112,42,31.818656093489125,0.6161430481283423,37.28070175438595,8407.017543859616,112.09356725146155,0
1889,32,0,0,187,0.0,0.0,1.0,187,5650,3900,1750,0.6902654867256637,74,39,35,213.98618815008564,0.4219208211143695,0.7602086857733539,0.15147415744788043,1105570.316453028,4265.3555499334925,1109835.6720029614,1888,22,870.4598930481284,76,111,41,31.509786766850223,0.6175356506238859,37.13474025974026,8411.688311688316,110.68010936431995,0
1890,32,0,1,186,0.0,0.0053475935828877,0.9946524064171123,187,5000,3400,1600,0.68,66,34,32,213.6243310159685,0.42188488298545224,0.7602067337854388,0.15163168989561707,1106317.4012893564,4867.262948352735,1111184.6642377093,1889,23,871.4598930481284,77,110,40,31.428601659048567,0.6185383244206774,37.04594017094017,8414.529914529914,109.27960927960928,0
1891,32,1,0,187,0.0053475935828877,0.0,1.0,187,5050,3700,1350,0.7326732673267327,64,37,27,212.2373637254745,0.4213565924903686,0.7586911627227311,0.15143205355996384,1107734.857826855,4570.545186396948,1112305.403013252,1889,0,862.3529411764706,81,106,41,31.293098939474408,0.6204879679144385,36.8775406504065,8419.918699186986,103.9496135702097,0
1892,32,0,0,187,0.0,0.0,1.0,187,5000,3600,1400,0.72,64,36,28,210.5533489879842,0.42121643378759127,0.7573366530862455,0.15054600346495084,1108305.8161360277,4271.500258060265,1112577.3163940879,1890,1,863.3529411764706,82,105,41,31.268179867435975,0.6217691622103387,36.809738955823285,8422.088353413636,102.70839455382482,0
1893,32,0,0,187,0.0,0.0,1.0,187,4900,3300,1600,0.673469387755102,65,33,32,197.39562148849743,0.4209792421367374,0.7457547116482568,0.1393554163642674,1104834.5679012325,1317.9012345677706,1106152.4691358004,1891,2,864.3529411764706,74,113,47,32.03510394644114,0.6171457219251337,37.222222222222214,8408.888888888874,113.63363363363344,8
1894,32,0,0,187,0.0,0.0,1.0,187,4900,3300,1600,0.673469387755102,65,33,32,197.19399995101404,0.4203766795085581,0.7448510363661902,0.13979684108878665,1105980.3063819464,1318.536096500769,1107298.8424784471,1892,3,865.3529411764706,77,110,47,31.90149802746311,0.6184826203208555,37.086004273504265,8413.247863247843,109.262959262959,0
1895,32,1,0,188,0.005319148936170213,0.0,1.0,188,4550,2900,1650,0.6373626373626373,62,29,33,195.0086056693524,0.4210341051314143,0.7434614570376235,0.1387590293457758,1106988.9350043363,1024.4737413192124,1108013.4087456556,1893,0,861.7446808510638,79,109,51,31.836759318845584,0.619570035460993,36.96614583333332,8417.083333333303,106.54535864978864,0
1896,32,0,3,185,0.0,0.015957446808510637,0.9840425531914894,188,5750,4600,1150,0.8,69,46,23,196.62670599668098,0.42053632381385825,0.7450817370686968,0.14027135302273633,1107691.2818167917,210.33760097525374,1107901.619417767,1894,1,862.7446808510638,80,108,50,31.70912756598239,0.6205673758865249,36.8827160493827,8419.753086419718,105.24691358024647,0
1897,32,0,0,185,0.0,0.0,1.0,185,5450,4100,1350,0.7522935779816514,68,41,27,197.4998506140245,0.41950891108499805,0.7414234383892873,0.14128729264303466,1108449.3624997835,1333.7167013834005,1109783.079201167,1895,2,874.7027027027027,80,105,40,31.59435514079574,0.622072072072072,36.792695473251015,8422.63374485593,105.28292181069912,0
1898,32,0,1,184,0.0,0.005405405405405406,0.9945945945945946,185,5100,3500,1600,0.6862745098039216,67,35,32,199.93193390409579,0.4191894339992166,0.7457965114781149,0.14345321386141974,1109257.3103659577,2255.1918517441777,1111512.5022177019,1896,3,875.7027027027027,82,103,40,31.432515093740058,0.6231418918918918,36.69678714859437,8425.702811244948,102.75247330786522,0
1899,32,0,0,184,0.0,0.0,1.0,184,6000,4400,1600,0.7333333333333333,76,44,32,202.51370590566864,0.4181107448325018,0.7477786106946538,0.1459467562441443,1110450.3278799304,2176.2822246256746,1112626.610104556,1897,8,881.445652173913,85,99,41,31.220114942528717,0.6246603260869565,36.55523255813952,8430.2325581395,99.17920656634706,0
1900,32,0,0,184,0.0,0.0,1.0,184,5600,3900,1700,0.6964285714285714,73,39,34,202.2842098939242,0.4176095866001426,0.7484167308095189,0.14635298241091602,1111508.051463693,2568.1055962137534,1114076.1570599067,1898,9,882.445652173913,72,112,43,31.09818544384895,0.6261322463768115,36.42979452054796,8434.246575342493,117.14231354642351,0
1901,32,0,0,184,0.0,0.0,1.0,184,4850,3600,1250,0.7422680412371134,61,36,25,202.195934154459,0.4172773372535044,0.7484360832012886,0.14698684524214706,1112790.5679012397,3350.3456790126024,1116140.9135802523,1899,10,883.445652173913,74,110,42,30.94542166982657,0.6275475543478262,36.27777777777779,8439.11111111115,114.04204204204257,0
1902,32,0,0,184,0.0,0.0,1.0,184,4650,3000,1650,0.6451612903225806,63,30,33,202.80866659015294,0.4168077334283678,0.7493619577476716,0.1481642640639528,1114121.3737561193,3740.6940462138446,1117862.067802333,1900,11,884.445652173913,76,108,42,30.768417410027695,0.6289628623188406,36.12012987012989,8444.155844155885,111.10731373889321,0
1903,32,0,0,184,0.0,0.0,1.0,184,5650,4300,1350,0.7610619469026548,70,43,27,206.9160997732432,0.4164946642116101,0.7616459627329195,0.14484126984126952,1102499.9999999942,3174.999999999604,1105674.9999999937,1901,12,885.445652173913,65,119,43,32.06845238095238,0.6149230072463768,37.49999999999998,8399.999999999956,129.23076923076857,8
1904,32,0,2,182,0.0,0.010869565217391304,0.9891304347826086,184,5350,4100,1250,0.7663551401869159,66,41,25,207.81349546238272,0.4162508909479687,0.7620110439093679,0.14608291839698778,1103658.3923550968,3721.0216623410006,1107379.4140174377,1902,13,886.445652173913,67,117,41,31.904163021289,0.6158288043478262,37.36213235294115,8404.411764705828,125.43898156277356,0
1905,32,0,1,181,0.0,0.005494505494505495,0.9945054945054945,182,4550,2700,1850,0.5934065934065934,64,27,37,206.95909305015186,0.4152936727177059,0.7583942623593694,0.1457963219755536,1104250.694444442,4756.94444444429,1109007.6388888862,1903,14,893.9285714285714,69,113,43,31.85467882632832,0.6173878205128205,37.29166666666666,8406.666666666646,121.83574879227024,0
1906,32,0,0,181,0.0,0.0,1.0,181,4950,3500,1450,0.7070707070707071,64,35,29,205.09589930354994,0.4145948434622468,0.7545195121773207,0.1451005567969974,1105418.595679011,4193.364197530793,1109611.9598765417,1904,15,897.182320441989,71,110,41,31.7618890356671,0.6187845303867403,37.15277777777777,8411.1111111111,118.46635367762113,0
1907,32,0,1,180,0.0,0.0055248618784530384,0.994475138121547,181,5350,3900,1450,0.7289719626168224,68,39,29,205.80846434239302,0.414438817270309,0.7558993463543706,0.14612400968309855,1106392.3182441657,3990.980795610215,1110383.299039776,1905,16,898.182320441989,71,110,41,31.62503667840375,0.6196477900552486,37.037037037037024,8414.814814814781,118.51851851851805,0
1908,32,0,2,178,0.0,0.011111111111111112,0.9888888888888889,180,5000,3700,1300,0.74,63,37,26,206.2905816786691,0.4141992551210428,0.7556506849315074,0.14691914597602726,1107234.8023699333,4682.4222871517395,1111917.224657085,1906,17,899.7555555555556,73,107,44,31.510193707191757,0.6209490740740741,36.936936936936924,8418.018018017987,115.31531531531489,0
1909,32,0,1,177,0.0,0.0056179775280898875,0.9943820224719101,178,4900,3600,1300,0.7346938775510204,62,36,26,186.69033514737598,0.41328040690662093,0.7265400444212158,0.12350283709749571,1086648.3011937642,73.34710743845562,1086721.6483012026,1907,18,908.4101123595506,76,102,42,34.52867611434108,0.5959152621722846,39.39393939393942,8339.393939394005,109.72886762360534,8
1910,32,1,0,178,0.0056179775280898875,0.0,1.0,178,4250,2700,1550,0.6352941176470588,58,27,31,183.9917548402553,0.41365136799339813,0.7215992494399959,0.12215686004380968,1087675.1736111194,174.65277777821393,1087849.8263888976,1908,0,905.2247191011236,79,99,43,34.47363164202957,0.5974953183520599,39.27083333333336,8343.333333333398,105.61181434599237,0
1911,32,1,1,178,0.00558659217877095,0.00558659217877095,0.994413407821229,179,4550,3900,650,0.8571428571428571,52,39,13,181.9067821924749,0.4139099868181533,0.712374908340849,0.11675108020717115,1077932.5259515655,-1133.3525567085676,1076799.173394857,1909,0,901.1620111731844,84,95,42,35.71962543279827,0.5876396648044693,40.44117647058826,8305.882352941242,98.87955182072908,8
1912,32,1,1,178,0.00558659217877095,0.00558659217877095,0.994413407821229,179,5700,4400,1300,0.7719298245614035,70,44,26,180.5952685200535,0.4143585357688364,0.7094361721606761,0.11649280880182976,1079389.6361804777,-2513.4677632446214,1076876.168417233,1910,0,898.1452513966481,86,93,41,35.57512792144932,0.589909217877095,40.26580459770116,8311.4942528736,96.64528201015813,0
1913,32,0,0,178,0.0,0.0,1.0,178,4950,3600,1350,0.7272727272727273,63,36,27,200.54153611828787,0.41370757421866733,0.7394441130299152,0.1228294493500649,1064149.6734931641,2131.242036418476,1066280.9155295826,1911,1,904.1797752808989,82,96,41,36.93407627297353,0.5696980337078652,42.1059236947791,8252.610441767027,100.64159075325642,8
1914,32,2,0,180,0.011111111111111112,0.0,1.0,180,4700,3000,1700,0.6382978723404256,64,30,34,195.79679638242573,0.41464475998344713,0.7371557454890807,0.12056960619338775,1065752.595155703,1034.1887735482978,1066786.7839292511,1912,0,895.1222222222223,84,96,38,36.858479740424144,0.571238425925926,41.911764705882334,8258.823529411713,98.31932773109182,0
1915,32,0,0,180,0.0,0.0,1.0,180,4700,3100,1600,0.6595744680851063,63,31,32,214.25948773738986,0.4145962652596731,0.75747911991444,0.12621716726004908,1052380.8700037498,4396.517222326267,1056777.387226076,1913,1,896.1222222222223,72,108,37,38.040973497282934,0.5574074074074074,43.53595890410958,8206.849315068468,113.98401826483983,8
1916,32,2,0,182,0.01098901098901099,0.0,1.0,182,4650,3200,1450,0.6881720430107527,61,32,29,207.70018707612294,0.4160683929330338,0.7521068608273984,0.12301355609910604,1054022.507236645,2734.1343870988576,1056756.641623744,1914,0,887.2637362637363,77,105,41,38.00508828069446,0.5589514652014652,43.33600427350426,8213.247863247827,106.6655566655562,0
1917,32,1,0,183,0.00546448087431694,0.0,1.0,183,4700,3100,1600,0.6595744680851063,63,31,32,203.80994080098174,0.41664539922736643,0.7495171065623643,0.12122880797221179,1055328.1684027722,1717.27430555526,1057045.4427083274,1915,0,883.4098360655738,79,104,42,37.942776989116446,0.5603369763205829,43.177083333333314,8218.333333333288,104.02953586497833,0
1918,32,1,1,183,0.005434782608695652,0.005434782608695652,0.9945652173913043,184,5200,3500,1700,0.6730769230769231,69,35,34,203.48329519694008,0.41730951037459413,0.7494287361279299,0.12148740699571263,1056461.5148019972,994.4540561321528,1057455.9688581293,1916,0,879.6032608695652,84,100,39,37.81049297341979,0.5618772644927537,43.0392156862745,8222.745098039199,97.88982259570474,0
1919,32,0,0,183,0.0,0.0,1.0,183,4950,3400,1550,0.6868686868686869,65,34,31,204.37051205433738,0.41651779459156507,0.7489686164632918,0.12224078524019115,1057016.3959168254,1654.5964166703388,1058670.9923334958,1917,1,885.4043715846994,86,97,39,37.71884365149608,0.5631261384335156,42.97174329501916,8224.904214559394,95.63842109952783,0
1920,32,2,1,184,0.010810810810810811,0.005405405405405406,0.9945945945945946,185,4700,3200,1500,0.6808510638297872,62,32,30,204.80282709461116,0.41851375832354093,0.7542831853774712,0.12315274287812018,1058624.771909789,1661.8692239024926,1060286.6411336914,1918,0,876.8216216216216,91,94,42,37.508253367373875,0.5648085585585585,42.77626811594203,8231.159420289863,90.45230132186663,0
1921,32,0,0,184,0.0,0.0,1.0,184,5450,3900,1550,0.7155963302752294,70,39,31,205.39591912728892,0.4174443899976241,0.7532644400465185,0.12399396704256481,1059805.5963966514,1285.9489136270731,1061091.5453102784,1919,1,882.5652173913044,68,116,43,37.34663401376506,0.5662930253623188,42.6328502415459,8235.748792270551,121.11395282750811,0
1922,32,2,0,186,0.010752688172043012,0.0,1.0,186,6000,4600,1400,0.7666666666666667,74,46,28,203.26563147750755,0.4187088297975395,0.755275086756815,0.12395663238015532,1062846.44753087,8.030864197844494,1062854.4783950679,1920,0,874.0645161290323,74,112,42,37.02499955093316,0.5684923835125448,42.26388888888891,8247.555555555602,111.45345345345409,0
1923,32,1,1,186,0.0053475935828877,0.0053475935828877,0.9946524064171123,187,3650,2300,1350,0.6301369863013698,50,23,27,198.2630560675676,0.4191140532459318,0.7494566137266658,0.12135932981262679,1063966.1362361824,1139.0355445175546,1065105.1717806999,1921,0,870.3850267379679,78,109,46,37.015518740093114,0.5696301247771836,42.128164556962034,8251.898734177234,105.79357351509273,0
1924,32,0,1,185,0.0,0.005376344086021506,0.9946236559139785,186,5300,3800,1500,0.7169811320754716,68,38,30,198.90057776907167,0.41937421292259996,0.7482491978225585,0.12222181598103797,1065121.681252012,-129.3364409219248,1064992.34481109,1922,1,875.7258064516129,80,106,39,36.856298493080125,0.5710125448028673,41.98816872427984,8256.378600823053,103.20473251028815,0
1925,32,1,1,185,0.005376344086021506,0.005376344086021506,0.9946236559139785,186,4600,2900,1700,0.6304347826086957,63,29,34,201.31854105939436,0.419055143853531,0.7525718688434431,0.1242521364576299,1066429.475431849,1138.4052273351008,1067567.8806591842,1923,0,876.7150537634409,82,104,40,36.632374864291116,0.5723006272401434,41.829819277108435,8261.445783132538,100.7493388186895,0
1926,32,2,1,186,0.0106951871657754,0.0053475935828877,0.9946524064171123,187,5050,3300,1750,0.6534653465346535,68,33,35,198.0294948592437,0.4204928794587239,0.7502514779476528,0.12282781138247732,1067897.379892192,-154.96425968772382,1067742.4156325043,1924,0,871.75935828877,71,116,42,36.5361506225383,0.5736965240641712,41.65219907407408,8267.129629629648,116.43844548774152,0
1927,32,0,0,186,0.0,0.0,1.0,186,5450,3800,1650,0.6972477064220184,71,38,33,196.4124309961985,0.42050154993703376,0.7460505945480034,0.12235135287700835,1069174.6307117986,-650.162324486334,1068524.4683873123,1925,1,868.4354838709677,73,113,41,36.420442169461985,0.5753808243727598,41.497747747747766,8272.072072072116,113.31605578180981,0
1928,32,2,0,188,0.010638297872340425,0.0,1.0,188,4850,3400,1450,0.7010309278350515,63,34,29,193.90779776016475,0.4212432918041491,0.7459655688054585,0.1215159661402811,1070941.158045365,-917.2317025405164,1070023.9263428245,1926,0,860.186170212766,78,110,44,36.26758320167169,0.5771830673758865,41.28428270042195,8278.902953586514,106.13978145623736,0
1929,32,1,3,186,0.005291005291005291,0.015873015873015872,0.9841269841269842,189,5650,4000,1650,0.7079646017699115,73,40,33,186.8813026781041,0.42191311118616087,0.742093433837681,0.1191502032531294,1075999.4257016545,-3233.165128796518,1072766.260572858,1927,0,856.6296296296297,84,105,40,35.82770190444688,0.5828924162257496,40.67401960784314,8298.43137254903,98.79084967320274,8
1930,32,1,1,186,0.0053475935828877,0.0053475935828877,0.9946524064171123,187,4650,3300,1350,0.7096774193548387,60,33,27,188.68574199968535,0.42062105878519546,0.7430759866520491,0.12104258361648162,1077790.0277777743,-1377.2777777779274,1076412.7499999963,1928,0,865.7058823529412,74,113,40,35.56115213784983,0.5845588235294117,40.45833333333332,8305.333333333305,112.23423423423385,0
1931,32,0,0,186,0.0,0.0,1.0,186,5550,4000,1550,0.7207207207207207,71,40,31,190.95457047233177,0.4200002421776616,0.7450567311275846,0.12293686809747607,1078828.4444444422,-1548.5555555556048,1077279.8888888867,1929,1,871.3387096774194,74,112,41,35.374879653401806,0.5861335125448028,40.33333333333333,8309.333333333316,112.28828828828804,0
1932,32,1,1,186,0.0053475935828877,0.0053475935828877,0.9946524064171123,187,5500,3700,1800,0.6727272727272727,73,37,36,189.74050899600067,0.42038266919671097,0.7445210603251771,0.12249062862533046,1079623.126346883,-1930.3516966178772,1077692.774650265,1930,0,867.6737967914438,77,110,43,35.30897083269068,0.5873440285204992,40.23771367521367,8312.393162393151,107.95315795315781,0
1933,32,1,0,187,0.0053475935828877,0.0,1.0,187,5500,4200,1300,0.7636363636363637,68,42,26,185.62879623211919,0.42014547754585707,0.738842889676286,0.12042918289478793,1081050.4763203084,-2765.1802829005433,1078285.2960374078,1931,0,868.6042780748663,81,106,45,35.24093441501319,0.588903743315508,40.066056910569095,8317.886178861761,102.68995282545384,0
1934,32,0,0,187,0.0,0.0,1.0,187,4700,3000,1700,0.6382978723404256,64,30,34,185.39585903265328,0.41993823433576755,0.739152843581778,0.12067531415762914,1082001.6632997864,-1980.2744315553737,1080021.388868231,1932,1,869.6042780748663,81,106,40,35.130540357904685,0.5901849376114082,39.95172764227642,8321.544715447139,102.73511994379183,0
1935,32,0,0,187,0.0,0.0,1.0,187,5250,3900,1350,0.7428571428571429,66,39,27,187.17738390521234,0.4199250570218312,0.7413070003688902,0.12224912313657982,1082978.7523588305,-2108.1740617087294,1080870.578297122,1933,2,870.6042780748663,82,105,43,34.96462453770707,0.5912990196078431,39.834337349397586,8325.301204819258,101.52806347340558,0
1936,32,1,2,186,0.005319148936170213,0.010638297872340425,0.9893617021276596,188,5450,4100,1350,0.7522935779816514,68,41,27,186.2340416575263,0.4203318779155763,0.7416330020123669,0.12213020311353844,1084150.521434062,-2668.853325644078,1081481.668108418,1934,0,866.968085106383,84,104,45,34.845836668078995,0.5930296985815603,39.69362745098039,8329.803921568613,99.16433239962635,0
1937,32,0,0,186,0.0,0.0,1.0,186,5450,3700,1750,0.6788990825688074,72,37,35,190.0799999999996,0.4193736074784462,0.7435698924731178,0.12505263157894747,1085069.4444444475,-1399.9999999998658,1083669.4444444478,1935,1,877.1935483870968,79,107,45,34.63333333333334,0.594030017921147,39.58333333333334,8333.333333333358,105.48523206751085,0
1938,32,0,0,186,0.0,0.0,1.0,186,5300,4100,1200,0.7735849056603774,65,41,24,190.10116722492774,0.4192609948658336,0.7433894527557439,0.1254261070171745,1085890.7334276866,-1214.180819332706,1084676.552608354,1936,2,878.1935483870968,73,113,45,34.532372885935054,0.5953741039426523,39.484797297297305,8336.486486486503,114.19844502036305,0
1939,32,0,0,186,0.0,0.0,1.0,186,6700,4900,1800,0.7313432835820896,85,49,36,188.33105389962188,0.4195606897219801,0.7416006260609314,0.12485996293331063,1087269.6327160555,-2946.6728395058717,1084322.9598765497,1937,3,879.1935483870968,74,112,43,34.410020068552754,0.5972222222222222,39.319444444444464,8341.777777777825,112.72672672672736,0
1940,32,0,1,185,0.0,0.005376344086021506,0.9946236559139785,186,4450,2500,1950,0.5617977528089888,64,25,39,187.3776844562702,0.4196151796958249,0.7403701976742532,0.1245148601739629,1087926.7689337153,-879.3602358416006,1087047.4086978736,1938,4,880.1935483870968,75,111,42,34.3546320630749,0.5982302867383513,39.24067982456142,8344.298245614074,111.25730994152099,0
1941,32,0,2,183,0.0,0.010810810810810811,0.9891891891891892,185,5350,3400,1950,0.6355140186915887,73,34,39,189.6830310988978,0.4195860262436349,0.7408601122598086,0.12673285568694112,1089469.1133009335,-1019.2392600899734,1088449.8740408435,1939,5,885.3675675675676,78,107,46,34.10624052551795,0.6,39.05590717299579,8350.210970464153,107.05398680082249,0
1942,32,0,0,183,0.0,0.0,1.0,183,4950,3600,1350,0.7272727272727273,63,36,27,187.41575240707678,0.41896980524029703,0.7346310465861934,0.12554999809765202,1090219.5739978692,-685.1356500531742,1089534.438347816,1940,6,888.2841530054645,80,103,49,34.07386195684305,0.6009790528233151,38.96604938271606,8353.08641975311,104.41358024691388,0
1943,32,0,1,182,0.0,0.00546448087431694,0.994535519125683,183,5700,4700,1000,0.8245614035087719,67,47,20,184.89817414917036,0.4187108428911708,0.7314770737132141,0.12434810475409899,1091324.1978361136,-1943.2296830588148,1089380.9681530548,1941,7,889.2841530054645,81,102,44,34.004926877117946,0.6022313296903461,38.83384146341465,8357.317073170765,103.17675398976253,0
1944,32,0,1,181,0.0,0.005494505494505495,0.9945054945054945,182,6000,4200,1800,0.7,78,42,36,187.1537457968223,0.41771712403618483,0.728752117968442,0.12411411542226475,1087349.2865668384,-1699.7016059028879,1085649.5849609354,1942,8,894.7472527472528,79,103,42,34.430982884637835,0.5982715201465201,39.30989583333333,8342.083333333318,105.59599156118124,8
1945,32,0,2,179,0.0,0.011049723756906077,0.988950276243094,181,4650,3400,1250,0.7311827956989247,59,34,25,189.84239500580404,0.4174826069163086,0.7310275091464402,0.12643638977146163,1088565.6505097786,481.1820427653497,1089046.832552544,1943,9,899.2983425414365,81,100,43,34.2123553142096,0.5997928176795579,39.16412601626015,8346.747967479643,103.04627120345239,0
1946,32,0,0,179,0.0,0.0,1.0,179,4550,3100,1450,0.6813186813186813,60,31,29,188.04160696784982,0.4170066746176218,0.7231323325006198,0.1256797858999798,1089567.560553622,626.8069973081492,1090194.36755093,1944,10,908.8938547486033,84,95,43,34.137061300522824,0.6011405959031657,39.04411764705879,8350.58823529403,99.41176470588131,0
1947,32,0,1,178,0.0,0.00558659217877095,0.994413407821229,179,5700,4000,1700,0.7017543859649122,74,40,34,189.8892319483937,0.4167032829075388,0.725537603896675,0.12752747857767732,1090931.6691454758,-68.76464755758252,1090862.9044979182,1945,11,909.8938547486033,85,94,36,33.92244178495223,0.6025372439478585,38.88081395348835,8355.813953488308,98.30369357045069,0
1948,32,0,1,177,0.0,0.0056179775280898875,0.9943820224719101,178,3950,2300,1650,0.5822784810126582,56,23,33,192.65084253602495,0.4164484542626801,0.7270087831558376,0.12973993674468834,1091711.913829614,2513.844001177902,1094225.7578307919,1946,12,913.2584269662922,88,90,36,33.75517146100309,0.6036985018726592,38.787453183520576,8358.80149812727,94.98638066053716,0
1949,32,1,3,175,0.0056179775280898875,0.016853932584269662,0.9831460674157303,178,5700,4200,1500,0.7368421052631579,72,42,30,193.30680633955254,0.41689215281745273,0.7273843605981696,0.1306504947913081,1092725.5652206633,946.2578436774174,1093671.8230643407,1947,0,913.123595505618,91,87,37,33.614453807605095,0.6050444756554307,38.66621376811592,8362.681159420214,91.89759515846389,0
1950,32,0,0,175,0.0,0.0,1.0,175,4650,3300,1350,0.7096774193548387,60,33,27,195.17473443451155,0.4153503010399562,0.7245298770292554,0.13231682755951304,1093585.8003592712,3038.0636332944196,1096623.8639925655,1948,1,928.4114285714286,95,80,38,33.46078553443454,0.6073214285714286,38.563368055555536,8365.972222222166,88.06286549707544,0
1951,32,0,1,174,0.0,0.005714285714285714,0.9942857142857143,175,5100,3600,1500,0.7058823529411765,66,36,30,195.23113928021405,0.4146934865900383,0.7251355887534141,0.1332462228924413,1095468.5640987596,2673.91516293256,1098142.4792616921,1949,2,929.4114285714286,81,94,38,33.22996569246206,0.6091071428571428,38.33841463414637,8373.170731707385,103.37247816922698,0
1952,32,0,0,174,0.0,0.0,1.0,174,5200,4100,1100,0.7884615384615384,63,41,22,191.57015043754143,0.4139695867384227,0.7173937495105385,0.13145427109879546,1096975.329285394,2029.545771495012,1099004.875056889,1950,3,935.6666666666666,86,88,38,33.1424238267258,0.6106920498084292,38.15852490421457,8378.92720306517,97.42938608215314,0
1953,32,0,0,174,0.0,0.0,1.0,174,4350,3100,1250,0.7126436781609196,56,31,25,189.220516247021,0.41413568865856093,0.7140191653992214,0.1301950119251897,1097732.4380165352,2392.6997245182106,1100125.1377410535,1951,4,936.6666666666666,87,87,42,33.111894432393356,0.6116499042145593,38.068181818181834,8381.81818181823,96.34273772204861,0
1954,32,0,0,174,0.0,0.0,1.0,174,5700,4000,1700,0.7017543859649122,74,40,34,188.4293536485459,0.41427272274267496,0.7143589854170647,0.1300418116363643,1098570.9225827293,900.6017758702233,1099471.5243585994,1952,5,937.6666666666666,88,86,42,33.030715859686744,0.6129669540229885,37.9681647940075,8385.018726591781,95.28430371127024,0
1955,32,0,0,174,0.0,0.0,1.0,174,4650,3000,1650,0.6451612903225806,63,30,33,191.91821274572683,0.4140069596704538,0.7210513563795273,0.13526602012587868,1104383.7153278447,2940.2697662408355,1107323.9850940856,1953,6,938.6666666666666,78,96,42,32.233688833124205,0.6201508620689655,37.275843881856524,8407.172995780551,107.78426917667373,8
1956,32,0,1,173,0.0,0.005747126436781609,0.9942528735632183,174,4600,3200,1400,0.6956521739130435,60,32,28,195.02939534856074,0.4137813378955994,0.7252059300472187,0.1378484364570033,1105159.830155417,3707.730687745508,1108867.5608431627,1954,7,939.6666666666666,78,96,46,32.057850859589244,0.6211087164750958,37.18354430379745,8410.12658227843,107.82213567023628,0
1957,32,0,0,173,0.0,0.0,1.0,173,5100,3700,1400,0.7254901960784313,65,37,28,194.92778514429148,0.4133326051888695,0.7253501257224038,0.13828915666412742,1106175.8984063996,3424.8835712708865,1109600.7819776705,1955,24,946.0578034682081,80,93,41,31.937379764583106,0.6225915221579961,37.062757201646065,8413.991769547258,105.17489711934073,0
1958,32,0,1,172,0.0,0.005780346820809248,0.9942196531791907,173,5250,3500,1750,0.6666666666666666,70,35,35,192.39060995961987,0.4132961979656764,0.7215380393475652,0.13689356685184403,1106983.7160848058,2744.6544705841548,1109728.37055539,1956,25,947.0578034682081,83,90,42,31.906253437681716,0.6239763969171483,36.96676587301585,8417.063492063433,101.41040351883655,0
1959,32,0,0,172,0.0,0.0,1.0,172,5400,3700,1700,0.6851851851851852,71,37,34,207.37059518226852,0.41279423931275216,0.7466000431827307,0.13753050618908202,1087368.4550413298,5297.648740868914,1092666.1037821989,1957,26,942.6918604651163,67,105,44,33.901604183805354,0.5982921511627908,39.307598039215684,8342.156862745094,124.50980392156858,8
1960,32,1,0,173,0.005780346820809248,0.0,1.0,173,5000,3900,1100,0.78,61,39,22,212.19107339580128,0.41347683380382666,0.7451145314534708,0.13304602211081143,1071101.7892573706,5855.647675737044,1076957.4369331077,1958,0,938.2369942196532,69,104,40,35.774752688790464,0.5738198458574182,41.264880952380956,8279.523809523818,119.99309868875099,8
1961,32,0,0,173,0.0,0.0,1.0,173,4800,3200,1600,0.6666666666666666,64,32,32,210.3971920051493,0.4133956176905498,0.7421639664577047,0.13236380307159412,1072087.6736111124,5712.847222222266,1077800.5208333347,1959,1,939.2369942196532,69,104,44,35.699614352783335,0.57502408477842,41.145833333333336,8283.333333333343,120.0483091787441,0
1962,32,2,1,174,0.011428571428571429,0.005714285714285714,0.9942857142857143,175,4400,3200,1200,0.7272727272727273,56,32,24,215.36485519104042,0.4157129173508484,0.7510908957091318,0.12508174264686156,1048031.6655984669,5741.837579447956,1053773.5031779148,1960,0,929.4914285714286,78,97,39,38.55454662545077,0.5485119047619047,44.066455696202546,8189.873417721559,104.9983771502764,8
1963,32,4,0,178,0.02247191011235955,0.0,1.0,178,4600,3000,1600,0.6521739130434783,62,30,32,210.19467417328883,0.4183224359381282,0.7507036920025136,0.12294882746629027,1050213.3937355878,3949.8524217353265,1054163.2461573232,1961,0,910.4325842696629,82,96,44,38.41501747166977,0.5510299625468165,43.80020080321286,8198.393574297212,99.98040944264892,0
1964,32,1,0,179,0.00558659217877095,0.0,1.0,179,4100,2500,1600,0.6097560975609756,57,25,32,206.4724762230801,0.41937365304542507,0.7476833408949959,0.12126237342382246,1051455.603914813,3519.328435784713,1054974.9323505976,1962,0,906.340782122905,71,108,45,38.355778636868074,0.5524324953445066,43.64872685185181,8203.240740740657,115.53860198226278,0
1965,32,1,0,180,0.005555555555555556,0.0,1.0,180,5500,4400,1100,0.8,66,44,22,204.17096991521768,0.42045248810262775,0.7463173469019535,0.1206607325084357,1053360.1111111017,1513.1111111106488,1054873.2222222122,1963,0,902.3,74,106,42,38.17797986359205,0.5544560185185186,43.416666666666636,8210.666666666591,110.95495495495393,0
1966,32,1,0,181,0.0055248618784530384,0.0,1.0,181,4850,3500,1350,0.7216494845360825,62,35,27,201.6885497978757,0.4215175465520769,0.7449463104017204,0.11957660174626111,1054337.1548216683,1479.546350799842,1055816.701172468,1964,0,898.3093922651934,75,106,46,38.12030585366718,0.5557665745856354,43.29769736842103,8214.473684210467,109.52631578947289,0
1967,32,4,2,183,0.021621621621621623,0.010810810810810811,0.9891891891891892,185,5200,3600,1600,0.6923076923076923,68,36,32,208.11754016662618,0.42433778887583234,0.7561517455667877,0.12471262004825556,1057576.5652126698,1820.0466579859262,1059396.6118706558,1965,0,879.8648648648649,79,106,40,37.5530197518359,0.5587837837837838,42.90364583333332,8227.083333333303,104.14029535864941,0
1968,32,1,0,184,0.005434782608695652,0.0,1.0,184,5250,3900,1350,0.7428571428571429,66,39,27,211.5180399795191,0.4242712788073177,0.7604130209328654,0.12720608231497646,1058661.141784811,2735.185942560267,1061396.3277273711,1966,0,885.6358695652174,81,103,43,37.33101017334187,0.5601788949275363,42.771849593495915,8231.30081300808,101.62099769145777,0
1969,32,1,0,185,0.005405405405405406,0.0,1.0,185,5300,4100,1200,0.7735849056603774,65,41,24,210.42409837183268,0.42516524676850764,0.7602407824955746,0.12750280092107852,1060924.879372917,2348.8322364584196,1063273.7116093754,1967,0,881.8432432432433,68,117,44,37.07849660940766,0.5622747747747747,42.49698067632851,8240.096618357511,121.17789144643399,0
1970,32,0,0,185,0.0,0.0,1.0,185,4950,3500,1450,0.7070707070707071,64,35,29,209.43349048829964,0.4251003721112417,0.7594179370545315,0.12741150577352187,1062126.544784584,2538.9739229027405,1064665.5187074868,1968,1,882.8432432432433,69,116,45,36.95516152631782,0.5637950450450451,42.35119047619049,8244.761904761932,119.48930296756423,0
1971,32,4,2,187,0.021164021164021163,0.010582010582010581,0.9894179894179894,189,5350,3700,1650,0.6915887850467289,70,37,33,201.30897415352854,0.42745506397988664,0.7560788455491285,0.12366122698002562,1065024.0000000088,-270.22222222175515,1064753.777777787,1969,0,865.1375661375662,74,115,40,36.80622846683896,0.566192680776014,42.00000000000003,8256.00000000007,111.5675675675685,0
1972,32,1,0,188,0.005319148936170213,0.0,1.0,188,5500,4200,1300,0.7636363636363637,68,42,26,200.36366445007735,0.4273464463154701,0.7530540405872175,0.12342323079029834,1065852.476843841,-388.37839527512824,1065464.0984485657,1970,0,866.2340425531914,75,113,42,36.728278282265116,0.5677083333333333,41.8996710526316,8259.210526315825,110.12280701754433,0
1973,32,0,0,188,0.0,0.0,1.0,188,5200,3500,1700,0.6730769230769231,69,35,34,200.76143331070224,0.42731207570068647,0.7527880576386916,0.12401610053912279,1066688.0418914412,29.964037102674865,1066718.0059285439,1971,1,867.2340425531914,78,110,44,36.6148333503558,0.5688164893617021,41.79852320675108,8262.447257384018,105.92881099210278,0
1974,32,1,0,189,0.005291005291005291,0.0,1.0,189,5750,3700,2050,0.6434782608695652,78,37,41,200.79184355597218,0.4280425625727044,0.7537298048426047,0.1248585386790663,1068651.54743985,-634.6971341218778,1068016.8503057281,1972,0,863.6402116402116,68,121,44,36.37174581848633,0.5705467372134039,41.56099033816427,8270.048309178768,121.61835748792306,0
1975,32,2,0,191,0.010471204188481676,0.0,1.0,191,6300,4800,1500,0.7619047619047619,78,48,30,199.04860673979312,0.4286155506567466,0.7544887881296682,0.12481715578311607,1071129.1688100165,-1858.646262002584,1069270.5225480138,1973,0,855.5863874345549,71,120,46,36.111421755013815,0.5726985165794066,41.26157407407408,8279.629629629651,116.61450182576974,0
1976,32,0,0,191,0.0,0.0,1.0,191,5400,3700,1700,0.6851851851851852,71,37,34,200.55842008358798,0.4284881050794525,0.7548177588571234,0.12627421786228257,1072320.888244666,-587.4033662039174,1071733.484878462,1974,1,856.5863874345549,73,118,49,35.92557727511644,0.5741164921465969,41.11768018018019,8284.234234234253,113.48266074293497,0
1977,32,0,0,191,0.0,0.0,1.0,191,5700,3700,2000,0.6491228070175439,77,37,40,201.94497430476653,0.4284685863874345,0.7560763111396989,0.12752007910128685,1073180.8919753144,-555.3024691354658,1072625.5895061789,1975,2,857.5863874345549,74,117,40,35.78379453352642,0.575316317626527,41.01388888888891,8287.5555555556,111.9939939939946,0
1978,32,2,0,193,0.010362694300518135,0.0,1.0,193,5250,3900,1350,0.7428571428571429,66,39,27,206.37715522383527,0.4294446243523316,0.7647586020320851,0.12871066926981972,1069523.9866133048,295.0635601819213,1069819.0501734868,1976,0,849.6891191709844,73,120,41,36.119750548991846,0.572646804835924,41.455518018018026,8273.423423423443,113.33456744415675,8
1979,32,0,2,191,0.0,0.010362694300518135,0.9896373056994818,193,5550,4200,1350,0.7567567567567568,69,42,27,206.32213580801525,0.429080310880829,0.764324663624228,0.12901715288841056,1070305.1975308666,15.530864197686242,1070320.7283950644,1977,1,850.6891191709844,74,119,44,36.024818315254386,0.5738881692573403,41.36111111111112,8276.444444444463,111.8438438438441,0
1980,32,0,0,191,0.0,0.0,1.0,191,5250,3600,1650,0.6857142857142857,69,36,33,206.93880593364685,0.42794158170294844,0.7639977395103184,0.12985775996462778,1071340.0030864272,890.3641975312853,1072230.3672839585,1978,2,860.5340314136125,74,117,44,35.881282092569734,0.574989092495637,41.236111111111136,8280.444444444503,111.8978978978987,0
1981,32,0,2,189,0.0,0.010471204188481676,0.9895287958115183,191,5950,4200,1750,0.7058823529411765,77,42,35,232.36349554496076,0.42839510425277855,0.7839342962181337,0.13809212925658004,1055062.6930557818,4881.611075504462,1059944.3041312862,1979,3,861.5340314136125,78,113,41,37.24251176722296,0.5568280977312391,43.20938818565402,8217.2995780591,105.3499945905013,8
1982,32,2,0,191,0.010471204188481676,0.0,1.0,191,4600,3200,1400,0.6956521739130435,60,32,28,227.8885015619538,0.4284949940295766,0.7808027405577846,0.13610736634475318,1056570.8887938792,5356.0713282440365,1061926.9601221231,1980,0,862.130890052356,81,110,36,37.16977070871852,0.5581915357766143,43.02591463414636,8223.170731707369,101.52062631737492,0
1983,32,3,0,194,0.015463917525773196,0.0,1.0,194,5150,3600,1550,0.6990291262135923,67,36,31,232.169111271347,0.4295777469152289,0.7931803033606388,0.13992712278007222,1059312.0374495653,5237.906858740973,1064549.9443083063,1981,0,849.7835051546392,66,128,39,36.71890735146023,0.5605670103092784,42.69278606965173,8233.830845771123,124.75501281471398,0
1984,32,1,1,194,0.005128205128205128,0.005128205128205128,0.9948717948717949,195,5800,4400,1400,0.7586206896551724,72,44,28,232.4936442487342,0.43065137897612127,0.7940998229354188,0.14092127893955714,1061022.6225907062,4536.203231292684,1065558.825821999,1982,0,846.4205128205128,69,126,39,36.498061735529234,0.5620726495726496,42.48511904761906,8240.476190476216,119.42719116632198,0
1985,32,0,3,191,0.0,0.015463917525773196,0.9845360824742269,194,6100,4500,1600,0.7377049180327869,77,45,32,233.6306001918676,0.4304886001460036,0.7940841457513861,0.14231970761345974,1062521.9157235983,4747.526577503685,1067269.442301102,1983,1,851.7371134020618,71,123,36,36.28265588741674,0.5636275773195876,42.303240740740755,8246.29629629633,116.14501825769479,0
1986,32,1,4,188,0.005208333333333333,0.020833333333333332,0.9791666666666666,192,4900,3500,1400,0.7142857142857143,63,35,28,236.22400326202106,0.4305322634889471,0.7956159595850829,0.1449975094708784,1064794.679012346,7006.012345679019,1071800.6913580252,1984,0,856.8489583333334,74,118,35,35.933854671404475,0.5653754340277778,42.02777777777778,8255.111111111113,111.55555555555559,0
1987,32,0,0,188,0.0,0.0,1.0,188,5150,3700,1450,0.7184466019417476,66,37,29,234.82331911541766,0.42972275950999356,0.7898794913867544,0.1444854069380745,1065512.8981994442,7291.45506309628,1072804.3532625404,1985,1,864.6808510638298,75,113,37,35.880957439274844,0.5669326241134751,41.940789473684205,8257.894736842092,110.10526315789457,0
1988,32,0,1,187,0.0,0.005319148936170213,0.9946808510638298,188,5350,3600,1750,0.6728971962616822,71,36,35,231.5145212418666,0.4294430538172716,0.7879489656583838,0.14316585536469356,1067005.1255798438,6455.436162246979,1073460.5617420909,1986,2,865.6808510638298,77,111,39,35.78152203892365,0.568927304964539,41.76014957264957,8263.675213675202,107.32045732045717,0
1989,32,0,0,187,0.0,0.0,1.0,187,5500,4000,1500,0.7272727272727273,70,40,30,234.3477880653154,0.42855859352538667,0.7889963403257185,0.14524291682061216,1067670.1416015627,7141.227213541693,1074811.3688151045,1987,3,871.2887700534759,79,108,39,35.626008115328396,0.5700200534759359,41.6796875,8266.250000000002,104.63607594936711,0
1990,32,1,1,187,0.005319148936170213,0.005319148936170213,0.9946808510638298,188,4750,3400,1350,0.7157894736842105,61,34,27,232.2696866792553,0.42895001327416843,0.7889023048454609,0.14470693032025675,1069213.4452160576,7319.174382716557,1076532.6195987742,1988,0,867.6489361702128,65,123,39,35.48872285650325,0.5714760638297872,41.493055555555586,8272.222222222286,127.26495726495826,0
1991,32,0,0,187,0.0,0.0,1.0,187,4750,3600,1150,0.7578947368421053,59,36,23,235.96648658366558,0.4283345791884691,0.7897749911972085,0.1475308208945653,1070258.1727948766,8359.012154372553,1078617.1849492493,1989,1,873.2245989304813,65,122,41,35.26391601065886,0.5725824420677361,41.36679292929296,8276.262626262695,127.32711732711837,0
1992,32,0,1,186,0.0,0.0053475935828877,0.9946524064171123,187,5200,3400,1800,0.6538461538461539,70,34,36,236.70848390792654,0.42813931535468536,0.7893316230544507,0.14879185618397514,1071841.160005676,8142.779195011685,1079983.9392006877,1990,2,874.2245989304813,69,118,37,35.04900199313902,0.5739193404634582,41.17559523809526,8282.380952381009,120.0345065562465,0
1993,32,0,1,185,0.0,0.005376344086021506,0.9946236559139785,186,6250,4200,2050,0.672,83,42,41,238.91624141971351,0.42797030901869615,0.789920406178442,0.15112492845761344,1073683.9437251175,7854.106461500454,1081538.050186618,1991,3,876.8978494623656,72,114,33,34.76414747897621,0.5760528673835126,40.95319634703199,8289.497716895035,115.13191273465327,0
1994,32,0,2,183,0.0,0.010810810810810811,0.9891891891891892,185,5600,4300,1300,0.7678571428571429,69,43,26,241.15819610006324,0.42773575205640424,0.7908364445710307,0.15292735900813254,1074420.961290688,9221.084175391898,1083642.0454660798,1992,4,878.172972972973,73,112,35,34.61503204954103,0.5773085585585586,40.86430180180182,8292.342342342386,113.593730717019,0
1995,32,1,0,184,0.005434782608695652,0.0,1.0,184,5750,4200,1550,0.7304347826086957,73,42,31,236.89532986251317,0.4281728884533143,0.7861528725411913,0.1509577687102619,1075844.9054553015,8422.526751747904,1084267.4322070493,1993,0,878.2336956521739,76,108,38,34.549770450751275,0.5793138586956521,40.692640692640715,8297.83549783555,109.18204602415196,0
1996,32,0,0,184,0.0,0.0,1.0,184,5850,3800,2050,0.6495726495726496,79,38,41,242.05463887792916,0.4281704135978459,0.7900314299134752,0.15501563432715484,1077296.446228615,9502.920451268856,1086799.3666798838,1994,1,879.2336956521739,67,117,37,34.236881850561836,0.5811254528985508,40.51776960784314,8303.431372549028,123.93181153058251,0
1997,32,0,0,184,0.0,0.0,1.0,184,5950,4200,1750,0.7058823529411765,77,42,35,239.22417209402295,0.4281357656212877,0.7888814946268361,0.15392504810494234,1078662.866257091,8858.446229783836,1087521.3124868749,1995,2,880.2336956521739,68,116,35,34.14188324902611,0.5824841485507246,40.353260869565226,8308.69565217393,122.18670076726369,0
1998,32,0,0,184,0.0,0.0,1.0,184,5650,4300,1350,0.7610619469026548,70,43,27,236.57737639151085,0.4277014284865764,0.7862658183711031,0.15279064963620462,1079743.6543367363,8638.584183673584,1088382.23852041,1996,3,881.2336956521739,69,115,37,34.07748324454372,0.5840692934782609,40.22321428571429,8312.857142857156,120.47619047619067,0
1999,32,0,0,184,0.0,0.0,1.0,184,5250,3800,1450,0.7238095238095238,67,38,29,235.5810943739059,0.42766244951294846,0.7850870806498587,0.1527001442322535,1080792.8447071582,8872.872229519853,1089665.716936678,1997,4,882.2336956521739,72,112,38,33.97420939936314,0.5855978260869565,40.09703196347032,8316.894977168951,115.51243023845765,0
2000,32,0,0,184,0.0,0.0,1.0,184,4850,3200,1650,0.6597938144329897,65,32,33,256.2434870927517,0.4276049091233072,0.7833841375035118,0.15354134945711417,1057556.2254090388,12548.378999092372,1070104.6044081312,1998,5,883.2336956521739,78,106,31,36.31825486374673,0.5568953804347826,42.906118143459935,8227.004219409326,105.47441306935033,8
2001,32.03101322371509,1,0,185,0.005405405405405406,0.0,1.0,185,5550,4200,1350,0.7567567567567568,69,42,27,254.5316522132919,0.42790956717587153,0.7814235915888914,0.1534610158056137,1060449.027323339,11433.568602517473,1071882.5959258564,1999,0,879.454054054054,71,114,34,36.12977435436113,0.5591216216216216,42.679398148148145,8242.239600650983,116.08788169930962,0
2002,32.264475467847994,0,0,185,0.0,0.0,1.0,185,4850,3300,1550,0.6804123711340206,64,33,31,252.86536883872571,0.42776635330983154,0.7810108944437304,0.15310031318864997,1069457.6892498012,12235.762609912246,1081693.4518597135,2000,1,880.454054054054,73,112,34,36.014695296411716,0.5604166666666667,42.525337837837824,8307.284920923501,113.79842357429453,0
2003,31.889620410871782,2,0,187,0.0106951871657754,0.0,1.0,187,5300,3500,1800,0.660377358490566,71,35,36,249.17010194077346,0.4289263603779733,0.7836812511162166,0.15192589484093,1059132.24080612,10080.81768208383,1069213.058488204,2001,0,872.0267379679144,75,112,33,35.84786924767782,0.5626114081996435,42.269736842105246,8218.92026049931,109.58560347332413,0
2004,32.03637165006704,2,0,189,0.010582010582010581,0.0,1.0,189,5000,3800,1200,0.76,62,38,24,248.08335024615624,0.43001027243048523,0.7869971778017759,0.15211053417949963,1065678.2699097355,10075.407096746647,1075753.6770064821,2002,0,863.7883597883598,77,112,30,35.66842704773734,0.564263668430335,42.06730769230767,8263.227591471574,107.31464404508537,0
2005,32.136923354991346,1,0,190,0.005263157894736842,0.0,1.0,190,5600,4100,1500,0.7321428571428571,71,41,30,247.28428080194755,0.43080734243014945,0.7894075997167809,0.1523325818199836,1070425.7367222041,9339.891691448804,1079765.628413653,2003,0,860.2368421052631,80,110,33,35.51569506726453,0.5658991228070176,41.89814814814813,8294.599430744254,103.68249288430317,0
2006,32.11532631914823,2,1,191,0.010416666666666666,0.005208333333333333,0.9947916666666666,192,4350,2400,1950,0.5517241379310345,63,24,39,245.10798814006677,0.43146394615328676,0.792624332938038,0.15203185803538835,1071753.086939391,9789.04858452382,1081542.1355239148,2004,0,852.265625,67,125,35,35.319016207135085,0.5679796006944444,41.65134803921567,8296.951261832606,123.83509346018815,0
2007,32.20036303344169,0,0,191,0.0,0.0,1.0,191,5500,4100,1400,0.7454545454545455,69,41,28,243.52721224651378,0.43131601910535505,0.7907875246592082,0.1516338811604306,1075738.149276187,8694.302520090752,1084432.4517962777,2005,1,849.7696335078534,67,124,36,35.21863023981665,0.569044502617801,41.51348039215686,8323.359770623383,124.22925030781168,0
2008,32.516475498933666,0,1,190,0.0,0.005235602094240838,0.9947643979057592,191,6350,5000,1350,0.7874015748031497,77,50,27,243.5263817966764,0.431411316248737,0.7890426131128132,0.1522017674775218,1087422.344524447,8413.205809379615,1095835.5503338268,2006,2,850.7696335078534,68,123,36,35.08174751425294,0.5702988656195462,41.37983091787441,8409.416391489041,123.66788811013296,0
2009,32.5070080417453,2,1,191,0.010416666666666666,0.005208333333333333,0.9947916666666666,192,5700,4100,1600,0.7192982456140351,73,41,32,239.22253624927467,0.4320257962478185,0.7839717441513929,0.1507438911520082,1089560.8410845676,8029.501560428843,1097590.3426449965,2007,0,846.9375,71,121,43,34.89420354641636,0.5721571180555556,41.087962962962976,8416.45567006765,118.54162915588239,0
2010,32.81988844606166,1,4,188,0.005208333333333333,0.020833333333333332,0.9791666666666666,192,6250,4900,1350,0.784,76,49,27,236.3724618923303,0.4327501227094241,0.7809470762976849,0.1497293132971629,1101622.0465589077,7428.623043999527,1109050.6696029073,2008,0,844.5208333333334,74,118,32,34.77843294916468,0.5743815104166667,40.9027777777778,8503.541930017836,114.91272878402482,0
2011,32.6389759830127,1,1,188,0.005291005291005291,0.005291005291005291,0.9947089947089947,189,4850,3500,1350,0.7216494845360825,62,35,27,239.55531147844061,0.4318196742842133,0.7801263025289529,0.15215356848059822,1096351.2846645643,9877.354697521809,1106228.639362086,2009,0,856.9206349206349,73,116,34,34.59891335831573,0.5755621693121693,40.80799549549551,8459.761610011476,115.88714534262296,0
2012,32.828478676362344,0,0,188,0.0,0.0,1.0,188,4800,3600,1200,0.75,60,36,24,241.12956694075297,0.43181166325330905,0.7801182543143579,0.15415662658901874,1104671.548561053,10873.794423259265,1115545.3429843122,2010,1,860.1968085106383,66,122,38,34.32293539494185,0.5771830673758865,40.57835820895521,8516.417835724189,129.03663387460892,0
2013,32.50360389470625,0,1,187,0.0,0.005319148936170213,0.9946808510638298,188,5950,4100,1850,0.6890756302521008,78,41,37,240.871644253634,0.43183951530321996,0.7793942221309276,0.15465074874148482,1095001.5108578643,9200.962876109163,1104202.4737339735,2011,2,861.1968085106383,68,120,39,34.176408437051684,0.5786790780141844,40.42874396135264,8437.001288731526,124.07354836369892,0
2014,32.56037658231344,1,0,188,0.005319148936170213,0.0,1.0,188,6300,4300,2000,0.6825396825396826,83,43,40,238.02359610884548,0.4323835191716919,0.7776584616754214,0.15375037694598356,1098701.1287560966,8403.358743074592,1107104.4874991712,2012,0,861.3776595744681,68,120,37,34.033952231520225,0.5807845744680851,40.217391304347814,8458.619568666183,124.39146424509093,0
2015,33.00210627832675,0,2,186,0.0,0.010638297872340425,0.9893617021276596,188,5550,4400,1150,0.7927927927927928,67,44,23,255.68961309211835,0.43222470322751927,0.8018430087350863,0.160611671680431,1105196.1719529429,13367.436319507962,1118563.6082724507,2013,1,862.3776595744681,66,122,36,34.583007929833016,0.5723625886524824,41.200248756218926,8540.936895351831,129.40813477805804,8
2016,32.546456612943985,0,0,186,0.0,0.0,1.0,186,5700,4100,1600,0.7192982456140351,73,41,32,256.1958675045231,0.4316677564661435,0.8002609239909808,0.1617184142974695,1091398.6486593261,13022.364717308274,1104421.0133766343,2014,5,872.5806451612904,69,117,38,34.39199898484937,0.5739807347670252,41.02678571428573,8428.66048266468,122.15449974876347,0
2017,32.866485022890934,0,0,186,0.0,0.0,1.0,186,5600,4000,1600,0.7142857142857143,72,40,32,255.62602541930247,0.43178097452291,0.8014319671058434,0.16225776999755606,1103802.527964518,13632.130614269745,1117434.6585787877,2015,6,873.5806451612904,70,116,33,34.20534956127937,0.5759408602150538,40.83039906103287,8517.9938076492,121.68562582356,0
2018,32.93534218947449,0,0,186,0.0,0.0,1.0,186,4900,3300,1600,0.673469387755102,65,33,32,251.95624733976445,0.43157088540153055,0.7985360910554975,0.16054258153738524,1107267.8340355805,13696.60965272686,1120964.4436883074,2016,7,874.5806451612904,73,113,35,34.162041058212544,0.577116935483871,40.69538288288289,8540.286296062932,116.99022323373879,0
2019,32.400300684401174,0,0,186,0.0,0.0,1.0,186,4750,3100,1650,0.6526315789473685,64,31,33,252.65141346076433,0.4316386951467597,0.8001949969357627,0.161462658271283,1090153.8474401466,13135.782089088565,1103289.6295292352,2017,8,875.5806451612904,61,125,38,34.03740284974092,0.5784610215053764,40.59139784946236,8404.916709797606,137.78551983274764,0
2020,31.98932139982275,1,0,187,0.0053475935828877,0.0,1.0,187,5200,3400,1800,0.6538461538461539,70,34,36,230.54709718233394,0.4320553734690357,0.7834217024006151,0.14537069375387635,1072398.1951212038,6847.658181753343,1079245.853302957,2018,0,871.8930481283422,70,117,43,35.09547283132187,0.5749777183600713,41.06514084507041,8283.15043112485,118.33072044464072,8
2021,31.74456383634048,0,0,187,0.0,0.0,1.0,187,4700,3600,1100,0.7659574468085106,58,36,22,232.27515233033802,0.4319020374523221,0.7840265769695947,0.14678510597140934,1064837.9804047544,7367.080821128541,1072205.061225883,2019,1,872.8930481283422,71,116,40,34.970454206929965,0.5763146167557932,40.9866898148148,8222.264559635438,115.80654309345687,0
2022,31.496914128653536,1,0,188,0.005319148936170213,0.0,1.0,188,6050,4400,1650,0.7272727272727273,77,44,33,233.98429397471202,0.4320066276026852,0.7838913649463748,0.14880897566367535,1058364.1717967375,5878.118701198164,1064242.2904979356,2020,0,869.2446808510638,75,113,41,34.69630080011278,0.5783466312056738,40.762061403508774,8165.19509086285,108.86926787817133,0
2023,31.08381322087237,0,1,187,0.0,0.005319148936170213,0.9946808510638298,188,5400,4000,1400,0.7407407407407407,68,40,28,240.05480970742693,0.4317435146205484,0.7900873518767355,0.15355483159882752,1046121.1313932833,7225.281825506602,1053346.41321879,2021,1,870.2446808510638,62,126,39,34.33085314299066,0.57989804964539,40.55886243386244,8064.419861916484,130.07128809542715,0
2024,31.034494022083486,0,0,187,0.0,0.0,1.0,187,5750,4500,1250,0.782608695652174,70,45,25,245.57238673332046,0.43150671803423224,0.7939120768680252,0.15784461396852173,1045823.093085707,8215.054613976012,1054038.147699683,2022,2,875.807486631016,61,126,39,34.01447493312625,0.581216577540107,40.38978494623655,8056.871667157815,132.07986339602976,0
2025,31.534112683812598,1,0,188,0.005319148936170213,0.0,1.0,188,4800,3300,1500,0.6875,63,33,30,244.10644605148886,0.43188158967648954,0.7927904125380643,0.15797160158946189,1064598.9934786435,9575.095353612856,1074174.0888322564,2023,0,872.1436170212766,63,125,39,33.809961895813736,0.5826130319148937,40.15299479166667,8194.044742790837,130.06420226652122,0
2026,31.949775970302348,1,1,188,0.005291005291005291,0.005291005291005291,0.9947089947089947,189,4800,3200,1600,0.6666666666666666,64,32,32,240.54767267912118,0.4323227419415363,0.7910035764864023,0.15636980652557358,1079927.8781353587,9354.827549352487,1089282.7056847112,2024,0,868.5238095238095,67,122,34,33.74262308764903,0.5841049382716049,39.99693627450981,8307.039637621661,123.98566623315912,0
2027,31.872380071215606,0,0,188,0.0,0.0,1.0,188,6300,4800,1500,0.7619047619047619,78,48,30,244.24775748943546,0.43175832954071375,0.7930765860071074,0.15930786570579594,1078273.1983099438,8773.162129633016,1087046.360439577,2025,2,874.1436170212766,69,119,35,33.527602974828376,0.5856050531914894,39.88095238095238,8290.613149476914,120.15381376053499,0
2028,32.30375392939022,0,0,188,0.0,0.0,1.0,188,5550,4000,1550,0.7207207207207207,71,40,31,241.77572620922888,0.4318709229339705,0.7903765263200886,0.1580774602877476,1093569.3932732905,9729.706843767019,1103299.1001170576,2026,3,875.1436170212766,72,116,36,33.5063065533315,0.5866023936170213,39.79737442922374,8405.521588219599,116.74335539193888,0
2029,32.400781422941726,0,0,188,0.0,0.0,1.0,188,5000,3800,1200,0.76,62,38,24,243.11575952408919,0.43190351575833424,0.7919369538874752,0.15922661274675445,1097353.1839671838,10756.770557271822,1108109.9545244556,2027,4,876.1436170212766,73,115,36,33.41080056610235,0.5876551418439716,39.73817567567567,8432.686482668478,115.51625318723943,0
2030,32.60586678948098,0,2,186,0.0,0.010638297872340425,0.9893617021276596,188,4750,3000,1750,0.631578947368421,65,30,35,249.6659121087817,0.43176544070239314,0.7964672404987172,0.16399556806981566,1105154.002116892,12833.85639183669,1117987.8585087287,2028,5,877.1436170212766,76,112,37,33.137080432297616,0.5890403368794326,39.63744588744588,8489.34675636295,111.70193100477564,0
2031,32.977049422619395,1,0,187,0.0053475935828877,0.0,1.0,187,5300,3700,1600,0.6981132075471698,69,37,32,250.21853013351515,0.4317666705000671,0.7955155233751929,0.16530042873045991,1119419.8336106825,13319.917073673696,1132739.7506843563,2029,0,874.6417112299465,65,122,38,32.92162608274273,0.5905748663101604,39.44128787878787,8592.457527115252,132.19165426331156,0
2032,32.52605022843478,0,0,187,0.0,0.0,1.0,187,5700,4000,1700,0.7017543859649122,74,40,34,246.61495910665775,0.43174271174745554,0.7897723345293686,0.1637046257408462,1105503.57835828,11426.74395381795,1116930.322312098,2030,1,875.6417112299465,67,120,41,32.84714061887976,0.5920231729055259,39.27696078431371,8480.290669239543,126.57150252596333,0
2033,32.55550162187413,1,1,187,0.005319148936170213,0.005319148936170213,0.9946808510638298,188,6850,5200,1650,0.7591240875912408,85,52,33,248.90740924196905,0.43207359104183257,0.7906968279235909,0.16634300032268107,1108452.0815255377,10730.3871762776,1119182.4687018152,2031,0,871.9787234042553,69,119,37,32.55232093978101,0.5935837765957447,39.04761904761903,8495.435661327114,123.12225596126252,0
2034,32.155531148085785,1,1,187,0.005319148936170213,0.005319148936170213,0.9946808510638298,188,6500,5100,1400,0.7846153846153846,79,51,28,247.8236418133904,0.4320469241855349,0.7907273407917497,0.16655969404432022,1096445.7481137374,10245.035669670564,1106690.783783408,2032,0,872.3829787234042,72,116,33,32.3838178241626,0.5954122340425532,38.85559360730592,8397.237093908609,116.6282929709529,0
2035,32.45126814641539,0,1,186,0.0,0.0053475935828877,0.9946524064171123,187,5800,4200,1600,0.7241379310344828,74,42,32,246.47276474790252,0.43114733674505973,0.7883539246750697,0.16643411902565652,1107878.4154168933,11412.371210465153,1119290.7866273585,2033,2,878.048128342246,73,114,34,32.25608962272618,0.5970365418894831,38.69650900900899,8479.629653743048,116.15931032524723,0
2036,32.05344295906646,0,1,185,0.0,0.005376344086021506,0.9946236559139785,186,5200,3300,1900,0.6346153846153846,71,33,38,247.04597643902895,0.4304792695921728,0.7878007454903746,0.16724012892804624,1095004.2795504348,11703.280289290207,1106707.559839725,2034,5,883.758064516129,73,113,34,32.15456540470673,0.59834229390681,38.61204954954953,8378.383759950764,114.77238027329814,0
2037,32.303202735416825,0,0,185,0.0,0.0,1.0,185,5900,4500,1400,0.7627118644067796,73,45,28,250.0509437890654,0.4297933803368586,0.791239380375063,0.16978869002857583,1104397.5181384184,12331.128345762789,1116728.6464841813,2035,12,889.5081081081081,65,120,35,31.97152140672783,0.5993243243243243,38.510101010101025,8446.961220334404,129.9532495436062,0
2038,32.19517263915329,0,0,185,0.0,0.0,1.0,185,5550,4400,1150,0.7927927927927928,67,44,23,252.2946838523571,0.4292535742264003,0.7947863403944486,0.17195874504673855,1101767.3583343779,13044.009469963827,1114811.3678043417,2036,13,890.5081081081081,65,120,36,31.783401705276717,0.6006756756756757,38.383838383838395,8422.777488424974,129.58119212961498,0
2039,31.792431058919238,0,0,185,0.0,0.0,1.0,185,5500,3700,1800,0.6727272727272727,73,37,36,253.73551826768593,0.429054054054054,0.7968330411666125,0.17365411323393357,1089129.4593077565,12770.165563611674,1101899.6248713683,2037,14,891.5081081081081,66,119,38,31.604646788627548,0.6021396396396397,38.246268656716424,8321.787458146222,126.08768875979125,0
2040,31.86388182684117,0,0,185,0.0,0.0,1.0,185,5950,3900,2050,0.6554621848739496,80,39,41,257.5825067516308,0.4287872111241677,0.8001508007681215,0.17719446677193693,1093004.0402948214,13357.74411776027,1106361.7844125817,2038,15,892.5081081081081,66,119,36,31.32852535565186,0.6036036036036037,38.07524875621892,8345.939321156635,126.45362607813082,0
2041,31.397245488835303,0,0,185,0.0,0.0,1.0,185,5550,4200,1350,0.7567567567567568,69,42,27,253.53714995308894,0.42865011750881316,0.7961859861316829,0.17520054582638483,1078229.4407357422,12124.243879930953,1090353.6846156733,2039,16,893.5081081081081,70,115,34,31.28090652932505,0.6047297297297297,37.925469483568094,8228.418370995712,117.54883387136732,0
2042,31.727833384592106,0,1,184,0.0,0.005405405405405406,0.9945945945945946,185,5000,3100,1900,0.62,69,31,38,253.15350456684314,0.4279205836271054,0.7965161253753337,0.17527276840835496,1090112.7309159264,13193.171640860026,1103305.9025567863,2040,17,894.5081081081081,71,114,35,31.225566624353842,0.6060247747747748,37.86168981481483,8317.080629274114,117.14198069400162,0
2043,31.307567886214958,0,0,184,0.0,0.0,1.0,184,5150,3700,1450,0.7184466019417476,66,37,29,251.22060176579208,0.4272299685198384,0.7941528863175162,0.1744683765366572,1076504.4456464448,12138.018927770147,1088642.464574215,2041,18,899.3858695652174,75,109,36,31.172418073485602,0.6072803442028986,37.76041666666667,8210.08355766107,109.46778076881427,0
2044,31.657441587225563,0,1,183,0.0,0.005434782608695652,0.9945652173913043,184,4900,3600,1300,0.7346938775510204,62,36,26,249.47695610836263,0.42691318701987807,0.7932516847964417,0.17385508346040413,1089477.3690457863,12659.899555698063,1102137.2686014844,2042,19,900.3858695652174,77,107,37,31.101796470688065,0.6084125905797102,37.64690170940172,8305.42788436228,107.86269979691272,0
2045,32.084187670280556,0,0,183,0.0,0.0,1.0,183,5350,3900,1450,0.7289719626168224,68,39,29,251.45915183533455,0.426537260553654,0.7936297783033146,0.1758818037021753,1105181.2137052282,13631.58612453269,1118812.7998297608,2043,20,906.0109289617486,79,104,37,30.925893772530323,0.6096880692167577,37.52604166666668,8421.2637377281,106.5982751611152,0
2046,32.1192663569401,0,1,182,0.0,0.00546448087431694,0.994535519125683,183,5050,3300,1750,0.6534653465346535,68,33,35,221.5388399661726,0.4263258371864929,0.7701774100011285,0.14841977715094162,1094303.3752288192,6836.140063852077,1101139.5152926713,2044,21,907.0109289617486,78,105,41,33.18063763869945,0.598417577413479,38.96360759493671,8384.297416512973,107.49099251939708,8
2047,31.949096242452182,0,0,182,0.0,0.0,1.0,182,5150,3900,1250,0.7572815533980582,64,39,25,221.9604578923128,0.42627319733673324,0.7704887013612511,0.1491080362313219,1089275.582787245,6805.221425274667,1096080.8042125197,2045,22,909.9835164835165,78,104,36,33.075283612738154,0.5997023809523809,38.87130801687764,8342.825711834445,106.9593039978775,0
2048,32.25732960004837,0,1,181,0.0,0.005494505494505495,0.9945054945054945,182,5450,4100,1350,0.7522935779816514,68,41,27,222.41630223951788,0.4259936656345496,0.7728576242382419,0.15007744977084975,1101045.0111928813,7128.071997757867,1108173.083190639,2046,23,910.9835164835165,80,102,40,32.910452658693075,0.6011904761904762,38.72170781893004,8428.139988222518,105.35174985278147,0
2049,32.69577258546741,0,0,181,0.0,0.0,1.0,181,4250,3100,1150,0.7294117647058823,54,31,23,224.8037936100252,0.4258057090239411,0.7744914328925572,0.1520418556782601,1116680.4386183214,9756.799770301253,1126437.2383886226,2047,24,916.5469613259669,81,100,40,32.76789475389654,0.6020372928176796,38.64329268292684,8545.25946612562,105.49703044599532,0
2050,32.56072713821795,0,0,181,0.0,0.0,1.0,181,5450,3900,1550,0.7155963302752294,70,39,31,223.2060286525391,0.4255090034786167,0.7734696557162695,0.15125060398663429,1112616.4521723916,8018.53994057564,1120634.9921129672,2048,25,917.5469613259669,83,98,42,32.74379180304543,0.6036487108655617,38.57886904761906,8512.062113104848,102.5549652181307,0
2051,32.92881043656192,0,0,181,0.0,0.0,1.0,181,5100,3200,1900,0.6274509803921569,70,32,38,222.55750492598992,0.42535169838346637,0.7736397735889933,0.1513391033496733,1126204.2859368527,8829.043183012487,1135033.329119865,2049,26,918.5469613259669,64,117,42,32.64080371732027,0.6047421731123388,38.46153846153847,8612.15042187005,134.56485034171953,0
2052,32.837164488069504,0,0,181,0.0,0.0,1.0,181,4550,3600,950,0.7912087912087912,55,36,19,215.553090720788,0.42515474728872515,0.7625012449980366,0.14018383762048517,1110053.1075750438,7105.075640403316,1117158.1832154472,2050,27,919.5469613259669,67,114,46,34.37684105101918,0.5898365561694291,39.98161764705883,8538.2663912453,127.43681180963135,8
2053,33.14515677166495,2,0,183,0.01092896174863388,0.0,1.0,183,5900,4700,1200,0.7966101694915254,71,47,24,209.529491712015,0.4261019035609199,0.7580313965693337,0.1371076189577334,1122299.2992013162,4530.960342080665,1126830.2595433968,2051,0,910.4863387978143,72,111,44,34.316225256346954,0.5915869763205829,39.768835616438366,8625.402740366095,119.79726028286242,0
2054,32.596915103255554,0,1,182,0.0,0.00546448087431694,0.994535519125683,183,4800,3600,1200,0.75,60,36,24,212.09592947115135,0.42580666146239915,0.761294728009269,0.13908684080295075,1104366.8959934327,5446.344656579668,1109813.2406500124,2052,1,911.4863387978143,74,109,44,34.1734695692384,0.5925546448087431,39.69444444444446,8485.158095350247,114.66429858581415,0
2055,32.41290785814424,0,0,182,0.0,0.0,1.0,182,4300,2800,1500,0.6511627906976745,58,28,30,212.79999999999933,0.42543396980551673,0.7614505494505481,0.14000000000000007,1099070.4975770514,6076.440376879327,1105146.9379539308,2053,2,917.2197802197802,74,108,45,34.04166666666666,0.5938072344322345,39.58333333333334,8440.861421391755,114.06569488367236,0
2056,32.30574755183105,0,0,182,0.0,0.0,1.0,182,4800,3300,1500,0.6875,63,33,30,210.9061714458855,0.4249299273470544,0.7594617831424335,0.13927345797592225,1096515.7103720699,5052.386080967735,1101568.0964530376,2054,3,918.2197802197802,64,118,44,33.96007606511668,0.5950091575091575,39.455128205128204,8417.09685412931,131.51713834577046,0
2057,32.57354337795735,0,1,181,0.0,0.005494505494505495,0.9945054945054945,182,5350,3800,1550,0.7102803738317757,69,38,31,217.31968050102233,0.4245460455750511,0.7649840630290647,0.1440473481267169,1106693.5147037199,6351.256205593238,1113044.770909313,2055,4,919.2197802197802,64,118,45,33.66198409770893,0.5965544871794872,39.32692307692308,8491.045778619467,132.67259029092918,0
2058,32.219322883673854,0,0,181,0.0,0.0,1.0,181,5300,4000,1300,0.7547169811320755,66,40,26,217.59372717389198,0.42374028033558425,0.7640544806449896,0.14470383008993645,1095601.1588859458,6179.187931605682,1101780.3468175514,2056,5,925.0055248618785,64,117,43,33.54021999631293,0.597720994475138,39.21474358974359,8402.32437958373,131.28631843099578,0
2059,32.07176282535124,0,0,181,0.0,0.0,1.0,181,5000,3500,1500,0.7,65,35,30,213.65720850808486,0.42335149375895237,0.759291958455494,0.1426913134410256,1091794.0009072735,5453.931699944349,1097247.932607218,2057,6,926.0055248618785,68,113,48,33.495091799737736,0.5991022099447514,39.07004830917875,8368.483524658388,123.06593418615276,0
2060,32.0555057408538,0,0,181,0.0,0.0,1.0,181,4450,2900,1550,0.651685393258427,60,29,31,213.00371187990635,0.4232325557601801,0.7585431415095889,0.1426508155062093,1092029.9148694526,5871.285070218433,1097901.199939671,2058,7,927.0055248618785,71,110,48,33.4157798470236,0.600023020257827,38.97569444444445,8367.266125238506,117.84881866533107,0
2061,32.13560517731279,0,0,181,0.0,0.0,1.0,181,5350,3300,2050,0.616822429906542,74,33,41,209.52658844922212,0.4228309801514221,0.754456604791627,0.1409556316927804,1096038.1885895398,4379.828493046505,1100418.0170825864,2059,8,928.0055248618785,73,108,42,33.35084977183715,0.6015193370165746,38.82319819819821,8393.074584176018,114.97362444076737,0
2062,32.03599892380877,1,3,179,0.005494505494505495,0.016483516483516484,0.9835164835164835,182,5250,3500,1750,0.6666666666666666,70,35,35,208.15539613125023,0.42311423613219196,0.7543702209483065,0.14064864611520453,1093879.4980072912,3889.3840455123777,1097768.8820528036,2060,0,923.9010989010989,77,105,44,33.23559723357862,0.6031936813186813,38.67521367521369,8371.80057346545,108.72468277227858,0
2063,31.565208833615888,0,0,179,0.0,0.0,1.0,179,5500,4100,1400,0.7454545454545455,69,41,28,207.99556478737938,0.42270573096478564,0.7500818693534823,0.14104501672967937,1078798.6409360226,3577.0665226692445,1082375.707458692,2061,1,920.195530726257,79,100,47,33.11674095655495,0.6046322160148976,38.554687500000014,8252.575887632505,104.4629859193988,0
2064,32.014651546029455,0,0,179,0.0,0.0,1.0,179,5600,3700,1900,0.6607142857142857,75,37,38,207.91760023306503,0.42234087627895295,0.7507740804234666,0.1415787307421044,1095325.290506892,4147.481175355558,1099472.7716822475,2062,2,921.195530726257,65,114,44,32.97659989541851,0.6060870577281192,38.41540404040404,8374.539689455372,128.83907214546727,0
2065,31.550556395609917,1,0,180,0.005555555555555556,0.0,1.0,180,4450,3100,1350,0.6966292134831461,58,31,27,211.02215119049086,0.42215045003103663,0.7569092958756882,0.14497430719609716,1081895.0560798957,5210.764419267384,1087105.8204991631,2063,0,917.0722222222222,68,112,48,32.59269133952077,0.6080439814814815,38.11896135265702,8262.492478783917,121.50724233505761,0
2066,31.578602524382127,0,0,180,0.0,0.0,1.0,180,4750,3600,1150,0.7578947368421053,59,36,23,208.59810941235506,0.42208966997723985,0.753495919995091,0.14385802595040972,1083907.828310002,4470.224752543686,1088378.0530625458,2064,1,918.0722222222222,71,109,44,32.526458678446524,0.6095486111111111,37.99189814814815,8273.849706547471,116.53309445841509,0
2067,31.444323471029232,0,1,179,0.0,0.005555555555555556,0.9944444444444445,180,4500,2700,1800,0.6,63,27,36,208.79688864635122,0.4219241413200911,0.7538990332975302,0.1444204333802029,1080104.3305792385,4604.484727679046,1084708.8153069175,2065,2,919.0722222222222,73,107,41,32.42145542427498,0.6105902777777779,37.89414414414415,8241.741315182502,112.90056596140414,0
2068,31.455278342314767,0,0,179,0.0,0.0,1.0,179,5000,3400,1600,0.68,66,34,32,225.1182278150594,0.4219773293160087,0.7691814662650114,0.14609828130056757,1062744.9922408056,7048.6538545157555,1069793.6460953215,2066,3,923.4357541899441,72,107,38,34.20237049642273,0.5902001862197392,40.05422374429223,8176.66674603235,113.56481591711596,8
2069,31.37451804760273,0,0,179,0.0,0.0,1.0,179,5600,4100,1500,0.7321428571428571,71,41,30,230.0757876647649,0.4215850124495219,0.7734924533601697,0.1498098145213199,1060950.7140012232,7419.814239465406,1068370.5282406886,2067,4,924.4357541899441,75,104,34,33.95633498471594,0.591596834264432,39.93969298245615,8159.266795987061,108.79022394649415,0
2070,31.092252108362967,0,3,176,0.0,0.01675977653631285,0.9832402234636871,179,5150,3500,1650,0.6796116504854369,68,35,33,228.23069891036016,0.4215091645220011,0.7720600090229066,0.1490358088538251,1052208.980476055,7079.27820276167,1059288.2586788167,2068,5,925.4357541899441,76,103,35,33.902726500615316,0.5927025139664804,39.840367965367975,8088.948867639748,106.43353773210194,0
2071,30.797183047955997,0,0,176,0.0,0.0,1.0,176,5400,3800,1600,0.7037037037037037,70,38,32,232.3595192769931,0.42100919913419915,0.7720298893396771,0.15234172268505844,1043332.2863953247,7885.637702596578,1051217.9240979212,2069,6,931.1875,78,98,37,33.653732502575,0.5945785984848485,39.702004219409275,8016.445023070911,102.7749361932168,0
2072,30.8966984584336,0,0,176,0.0,0.0,1.0,176,5500,4600,900,0.8363636363636363,64,46,18,230.258390994686,0.42083130411255415,0.7700145026040353,0.1515564646437683,1047787.1787522485,7552.357976870795,1055339.5367291193,2070,7,932.1875,64,112,35,33.570626422989335,0.5959398674242424,39.567307692307686,8046.510362948779,125.72672442107468,0
2073,30.551731964762787,0,0,176,0.0,0.0,1.0,176,5050,4100,950,0.8118811881188119,60,41,19,229.1137370646029,0.42058915043290046,0.7677954355585936,0.15128006326747837,1036950.7743998647,7265.93341495715,1044216.7078148219,2071,8,933.1875,66,110,39,33.48960198114331,0.5971235795454546,39.45895522388058,7959.980165819226,120.6057600881701,0
2074,30.344984773690552,0,0,176,0.0,0.0,1.0,176,5150,3600,1550,0.6990291262135923,67,36,31,203.24765671135884,0.42053503787878793,0.7367614206255149,0.13073413789756363,1022786.0504120274,1225.7736126617792,1024011.8240246892,2072,9,934.1875,75,101,39,35.087554329655646,0.5871803977272727,40.364583333333314,7878.632765460752,105.04843687281003,8
2075,30.609120960044823,1,0,177,0.005649717514124294,0.0,1.0,177,4100,2700,1400,0.6585365853658537,55,27,28,200.9448163412641,0.42141355290190036,0.737838990403421,0.1301466595386265,1033598.0355641814,2039.2334854268847,1035637.2690496083,2073,0,929.9039548022599,76,101,43,34.902394586153,0.5887476459510358,40.12445887445885,7954.561872868744,104.66528780090452,0
2076,30.408288331489768,0,0,177,0.0,0.0,1.0,177,5350,3700,1650,0.6915887850467289,70,37,33,199.05758582914575,0.4207889274096901,0.735386326088642,0.1298749983571085,1028829.8506398277,209.27725946482315,1029039.1278992925,2074,1,930.9039548022599,79,98,38,34.69170253946008,0.5903954802259888,39.86979166666666,7910.114378730479,100.1280301105124,0
2077,30.366843455411946,1,0,178,0.0056179775280898875,0.0,1.0,178,5550,4200,1350,0.7567567567567568,69,42,27,198.39467356234638,0.4212279671596944,0.7380623118179046,0.13008976819091297,1028787.7651139096,-328.7974350580598,1028458.9676788516,2075,0,926.6685393258427,81,97,41,34.53340287605941,0.5922284644194756,39.69766260162601,7904.560330854225,97.58716457844722,0
2078,30.606702546643618,0,0,178,0.0,0.0,1.0,178,5850,4400,1450,0.7521367521367521,73,44,29,199.67999999999955,0.4211122484606107,0.7408988764044939,0.13136842105263166,1037824.929017595,-3.423634753314218,1037821.5053828417,2076,1,927.6685393258427,78,100,43,34.38333333333333,0.5938085205992509,39.58333333333334,7970.49545485513,102.18583916480937,0
2079,30.96526784914441,1,0,179,0.00558659217877095,0.0,1.0,179,5800,4000,1800,0.6896551724137931,76,40,36,197.81359627752295,0.4211534638963865,0.7395810785341526,0.13082751170092294,1051439.793539894,-2.1826341151754605,1051437.6109057788,2077,0,923.4804469273743,74,105,40,34.247810407006725,0.5954958100558659,39.4027777777778,8069.462786854168,109.04679441694822,0
2080,30.93407317810227,0,0,179,0.0,0.0,1.0,179,5200,4100,1100,0.7884615384615384,63,41,22,198.2257876346333,0.421001768041345,0.7402290449917772,0.13135393830088715,1050913.9292322507,663.6482716540513,1051577.5775039047,2078,1,924.4804469273743,75,104,44,34.16960248185927,0.5964269087523277,39.33662280701755,8063.379984939006,107.51173313252008,0
2081,30.920961094644774,0,1,178,0.0,0.00558659217877095,0.994413407821229,179,5000,3400,1600,0.68,66,34,32,197.66226974784593,0.4206055280061934,0.7394476344198708,0.1314005616404423,1051349.6321306839,762.4309171028972,1052112.0630477867,2079,2,925.4804469273743,78,101,43,34.072828706746904,0.5975325884543762,39.227320675105496,8063.341871951364,103.37617784553031,0
2082,31.30175075031394,1,0,179,0.00558659217877095,0.0,1.0,179,5450,4100,1350,0.7522935779816514,68,41,27,197.6839872094102,0.42091938149938274,0.7384293864004752,0.13195175668561515,1065430.0402318449,873.6916891426777,1066303.7319209876,2080,0,926.0558659217877,79,100,42,33.930739927471166,0.59887104283054,39.08854166666667,8166.985436650933,103.37956248925231,0
2083,31.711203097334646,1,1,179,0.005555555555555556,0.005555555555555556,0.9944444444444445,180,5450,4300,1150,0.7889908256880734,66,43,23,192.60286797866146,0.42119607386716323,0.7319238060294766,0.12913631406539708,1080622.7313158077,176.20745087156502,1080798.9387666793,2081,0,921.9055555555556,86,94,35,33.908629150614544,0.600636574074074,38.936781609195386,8278.628739634587,96.26312487947195,0
2084,32.2234907987054,0,1,178,0.0,0.00558659217877095,0.994413407821229,179,4850,3300,1550,0.6804123711340206,64,33,31,193.88095595548214,0.420825225451426,0.7322776869003609,0.13040781043037022,1098986.6526230746,1964.5165585751083,1100951.1691816498,2082,2,928.0558659217877,86,93,35,33.76541511942419,0.6016643389199254,38.82902298850573,8415.840574618729,97.85861133277592,0
2085,32.66162415079137,1,1,178,0.00558659217877095,0.00558659217877095,0.994413407821229,179,4250,2800,1450,0.6588235294117647,57,28,29,193.64688171796024,0.42068791454815563,0.7332225638127636,0.13094560514682876,1115461.7950975657,3151.1396592322867,1118612.934756798,2083,0,929.0391061452514,86,93,38,33.58845290452626,0.6027118249534451,38.649425287356316,8536.134242857677,99.25737491694973,0
2086,32.79883235954399,0,1,177,0.0,0.0056179775280898875,0.9943820224719101,178,4550,2900,1650,0.6373626373626373,62,29,33,209.4620572705359,0.42047744873992254,0.7554894995372234,0.13597520172645805,1108219.865703626,6276.002595671577,1114495.8682992978,2084,1,934.6797752808989,69,109,47,34.59956446657893,0.5832748127340823,40.044642857142854,8526.232179893945,123.56858231730355,8
2087,32.31245045101149,0,1,176,0.0,0.005649717514124294,0.9943502824858758,177,4950,3500,1450,0.7070707070707071,64,35,29,209.8024174366925,0.4199877482451635,0.7547624875073933,0.13674181089403276,1092949.8162426616,5510.7027169399,1098460.5189596014,2085,8,940.9548022598871,70,107,39,34.44927045728039,0.5848634651600753,39.90610328638498,8404.271150169203,120.06101643098862,0
2088,32.5734178160699,0,0,176,0.0,0.0,1.0,176,5450,4100,1350,0.7522935779816514,68,41,27,214.0721719945678,0.4198106060606061,0.7582009091905999,0.14013812896040684,1103061.1037782414,6576.937265706794,1109638.0410439481,2086,9,943.5056818181819,72,104,41,34.183435683737244,0.5865293560606061,39.75456621004567,8477.083249564554,117.73726735506324,0
2089,32.607583637247586,0,0,176,0.0,0.0,1.0,176,4200,3200,1000,0.7619047619047619,52,32,20,215.26249106582068,0.41969020562770565,0.7601140731274199,0.14122557833551458,1104857.0903399317,8166.857907661831,1113023.9482475936,2087,10,944.5056818181819,75,101,41,34.07554757015743,0.587594696969697,39.67927631578949,8488.429770041743,113.17906360055657,0
2090,32.93821878335336,0,1,175,0.0,0.005681818181818182,0.9943181818181818,176,4900,3700,1200,0.7551020408163265,61,37,24,217.53945704586064,0.4196009199134199,0.7631692201247771,0.14306173586183055,1116766.9243584406,8488.174074342314,1125255.0984327828,2088,11,945.5056818181819,76,100,41,33.932065735016565,0.5886600378787878,39.59686147186148,8577.215548711718,112.85809932515419,0
2091,32.63063854502261,0,0,175,0.0,0.0,1.0,175,5350,3900,1450,0.7289719626168224,68,39,29,232.47997313071028,0.4193158182813355,0.772821411055838,0.1440810532563896,1088702.3033652154,10270.296446737946,1098972.5998119533,2089,14,951.8457142857143,73,102,39,35.67533785624763,0.5692261904761905,41.68074324324327,8429.122296448686,115.46742871847515,7
2092,32.89504152824439,0,0,175,0.0,0.0,1.0,175,4850,3500,1350,0.7216494845360825,62,35,27,231.78118000875523,0.4193076081007116,0.7718690176322411,0.14422747408068365,1098750.3476090094,11083.930420769459,1109834.2780297787,2090,15,952.8457142857143,63,112,39,35.545759865659114,0.5707142857142857,41.53645833333335,8502.16893666216,134.95506248670094,0
2093,32.57117370960916,1,1,175,0.005681818181818182,0.005681818181818182,0.9943181818181818,176,4950,3600,1350,0.7272727272727273,63,36,27,229.0328934198807,0.42057562229437234,0.7692299690423083,0.14313245581915268,1089228.4515968256,9743.828772895795,1098972.2803697214,2091,0,948.4261363636364,65,111,39,35.45938606127183,0.5720288825757576,41.38257575757578,8423.473049331731,129.59189306664203,0
2094,32.323893188508706,1,0,176,0.005681818181818182,0.0,1.0,176,5500,4200,1300,0.7636363636363637,68,42,26,224.26668480638853,0.4220136634199134,0.7631852680438234,0.14091207305465012,1082565.480466358,7856.674278005172,1090422.1547443632,2092,0,947.0284090909091,69,107,42,35.38624080036798,0.573922821969697,41.1904761904762,8365.731403787862,121.24248411286757,0
2095,32.50974602935308,2,1,177,0.011235955056179775,0.0056179775280898875,0.9943820224719101,178,4250,2900,1350,0.6823529411764706,56,29,27,219.24024072884515,0.4237751010389555,0.7610735973938569,0.13839969144305475,1090186.4906434687,7952.5497296019785,1098139.0403730706,2093,0,937.376404494382,72,106,46,35.34675923375025,0.5753745318352059,41.024543378995446,8419.226322584636,116.93369892478661,0
2096,32.067012020119854,2,2,177,0.0111731843575419,0.0111731843575419,0.9888268156424581,179,4850,3500,1350,0.7216494845360825,62,35,27,216.1991776871199,0.4247130855983094,0.7615492308894265,0.1373825418173215,1077274.5950831175,5931.1763200392,1083205.7714031567,2094,0,930.9106145251396,74,105,39,35.18760381503511,0.5777467411545624,40.79166666666668,8312.036740715263,112.32482082047652,0
2097,32.17622136714235,0,1,176,0.0,0.005649717514124294,0.9943502824858758,177,4700,3400,1300,0.723404255319149,60,34,26,201.13841998633382,0.4245540682246191,0.7449312257239811,0.12411987093274349,1072251.3916969837,3034.190150815866,1075285.5818477995,2095,1,935.0621468926554,79,98,40,36.643266337149704,0.5713865348399247,41.83593750000001,8306.744024040789,105.14865853216187,8
2098,32.487942794294035,0,2,174,0.0,0.011363636363636364,0.9886363636363636,176,4600,3400,1200,0.7391304347826086,58,34,24,207.8094864264876,0.4233461850649351,0.7514273432677907,0.1286999693205328,1083727.5150143406,5241.771664276561,1088969.2866786171,2096,2,941.3522727272727,78,98,40,36.338633927204064,0.5728574810606061,41.70622362869197,8391.433430873203,107.58247988298979,0
2099,32.10686979338066,1,1,174,0.005714285714285714,0.005714285714285714,0.9942857142857143,175,4400,3200,1200,0.7272727272727273,56,32,24,205.57902253622416,0.4233128078817734,0.7472916751145531,0.127824725802174,1072195.802416517,4684.19300564603,1076879.995422163,2097,0,936.2171428571429,70,105,39,36.25106443372128,0.5741666666666667,41.56396713615023,8297.572057077467,118.53674367253524,0
2100,32.309082309278736,0,0,174,0.0,0.0,1.0,174,4300,3400,900,0.7906976744186046,52,34,18,206.37201648315758,0.4225162226208668,0.747087944278513,0.1284756956325184,1079316.1482544537,5448.129987621258,1084764.278242075,2098,1,942.580459770115,70,104,41,36.18564820070383,0.5748323754789272,41.51995305164319,8351.253112160695,119.30361588800993,0
2101,32.0512418348942,0,1,173,0.0,0.005747126436781609,0.9942528735632183,174,4300,3100,1200,0.7209302325581395,55,31,24,206.30820577882045,0.42224699909197616,0.747433181697168,0.12884531342035765,1071644.9300149055,5117.828548668969,1076762.7585635744,2099,2,943.580459770115,71,103,44,36.07124874118834,0.5760895593869733,41.40625,8288.25081824217,116.73592701749534,0
2102,31.593306426535605,1,0,174,0.005747126436781609,0.0,1.0,174,5650,4300,1350,0.7610619469026548,70,43,27,201.08927444269935,0.4223515048833964,0.7395511634575176,0.12626426972905264,1057901.9507064077,2096.547139813635,1059998.4978462213,2100,0,944.5402298850574,75,99,46,36.01046245785006,0.577705938697318,41.214364035087726,8175.893895825381,109.01191861100509,0
2103,31.517689522986952,1,1,174,0.005714285714285714,0.005714285714285714,0.9942857142857143,175,5350,4100,1250,0.7663551401869159,66,41,25,202.18457715304956,0.4230801860974274,0.742099987074351,0.12785314615012014,1057416.698742069,2408.6696219479445,1059825.368364017,2101,0,940.1371428571429,79,96,38,35.7262239871318,0.5795833333333333,40.96354166666668,8164.230668884177,103.34469201119212,0
2104,31.781017013572114,0,2,172,0.0,0.011494252873563218,0.9885057471264368,174,5750,4500,1250,0.782608695652174,70,45,25,205.35949234355502,0.4224428609394724,0.7457605485268612,0.13024425164504289,1067109.0396137743,3278.1941300608346,1070387.233743835,2102,2,946.5402298850574,79,95,39,35.53767628044082,0.5809386973180077,40.859375000000014,8235.752612032747,104.25003306370566,0
2105,32.237348897838174,0,0,172,0.0,0.0,1.0,172,5250,3900,1350,0.7428571428571429,66,39,27,205.71562058058632,0.4206580930685888,0.7430593694762244,0.13071891703727326,1082992.6754736893,4907.702063860057,1087900.3775375495,2103,6,957.9476744186046,80,92,40,35.45987133690547,0.5821826550387597,40.79218106995886,8356.172895895425,104.4521611986928,0
2106,32.33974964407185,0,0,172,0.0,0.0,1.0,172,4350,3000,1350,0.6896551724137931,57,30,27,215.8100945971,0.42061559340858606,0.7502671653753676,0.1399960457672346,1092499.703802995,8404.492885005457,1100904.1966880003,2104,7,958.9476744186046,74,98,41,34.45988066613235,0.5933260658914729,40.069444444444436,8406.089091511156,113.59579853393454,8
2107,32.625518233824344,0,0,172,0.0,0.0,1.0,172,5050,4000,1050,0.7920792079207921,61,40,21,213.66004539192744,0.4203343873249014,0.747887394706723,0.1393415924896217,1103719.3516647995,7714.145355329837,1111433.4970201293,2105,8,959.9476744186046,75,97,36,34.327247339024126,0.5948401162790697,39.88486842105262,8486.390968222548,113.15187957630063,0
2108,32.84436359298768,0,0,172,0.0,0.0,1.0,172,5500,4300,1200,0.7818181818181819,67,43,24,213.57420262714174,0.42052846910558045,0.748790614942141,0.1399329325662253,1112490.8623324183,7619.869770525283,1120110.7321029436,2106,9,960.9476744186046,80,92,39,34.16598728527429,0.5965358527131783,39.72479423868311,8548.573492264326,106.85716865330407,0
2109,32.79103444937827,0,1,171,0.0,0.005813953488372093,0.9941860465116279,172,4250,2800,1450,0.6588235294117647,57,28,29,212.27366920969004,0.4201480971485561,0.7465540638672563,0.13944747192698004,1111458.3060902455,8536.666561472277,1119994.9726517177,2107,10,961.9476744186046,81,91,39,34.107264832162365,0.5978076550387597,39.63414634146339,8537.665676758794,105.40327995998511,0
2110,32.83974202771989,0,0,171,0.0,0.0,1.0,171,4900,3400,1500,0.6938775510204082,64,34,30,207.1495790572863,0.41910188051828917,0.7376764581532742,0.13661383631499524,1114256.5519682898,7063.555140410877,1121320.1071087006,2108,14,968.514619883041,74,97,41,34.103753465557695,0.5991715399610136,39.5,8554.752798221034,115.60476754352749,0
2111,33.205176418985275,0,0,171,0.0,0.0,1.0,171,4300,3100,1200,0.7209302325581395,55,31,24,206.17489218590967,0.41894564843481247,0.7351957179359696,0.13650053171318655,1127807.5349205567,8005.119383740395,1135812.6543042972,2109,15,969.514619883041,76,95,38,33.99328263953768,0.60057261208577,39.36688311688311,8654.368626733889,113.87327140439328,0
2112,33.39303561719469,0,0,171,0.0,0.0,1.0,171,4750,3200,1550,0.6736842105263158,63,32,31,206.26882793984115,0.41846835225318196,0.7355782439419565,0.13750125451066958,1136222.6050339192,7923.461003819914,1144146.0660377392,2110,16,970.514619883041,80,91,42,33.752362172376955,0.602400097465887,39.133230452674894,8711.133326836338,108.88916658545422,0
2113,33.26798970276415,0,0,171,0.0,0.0,1.0,171,5200,3800,1400,0.7307692307692307,66,38,28,205.8959286388238,0.4181343882582273,0.7342640182060314,0.13758992082299037,1132692.0220792468,7243.335149558859,1139935.3572288058,2111,17,971.514619883041,81,90,39,33.67693830526078,0.6038620857699806,39.049796747967484,8681.288674722842,107.17640339164002,0
2114,32.96676895296698,0,1,170,0.0,0.005847953216374269,0.9941520467836258,171,4000,2400,1600,0.6,56,24,32,204.82583600859886,0.41807992202729044,0.7331405314553221,0.13722418357673455,1123180.4895519332,7811.276552204282,1130991.7661041375,2112,18,972.514619883041,83,88,44,33.61658749010294,0.60453216374269,38.963293650793645,8605.536786457757,103.68116610190069,0
2115,32.99982672927808,0,1,169,0.0,0.0058823529411764705,0.9941176470588236,170,4750,3500,1250,0.7368421052631579,60,35,25,205.6960348385445,0.4178783791623158,0.7349282336741738,0.13836359596724945,1125482.125145359,7551.442084811699,1133033.5672301706,2113,19,978.1529411764706,83,87,36,33.45465750280932,0.6056985294117647,38.82688492063492,8618.66754396484,103.8393679995764,0
2116,33.356885186297696,0,1,168,0.0,0.005917159763313609,0.9940828402366864,169,4400,2800,1600,0.6363636363636364,60,28,32,208.49319582806712,0.4163584812623274,0.735880322157725,0.1406061027434607,1138416.2219270908,9270.407258418645,1147686.6291855094,2114,20,984.8165680473372,83,86,37,33.29298778558318,0.6070636094674556,38.74007936507936,8714.817176400284,104.99779730602751,0
2117,33.041643359278545,0,0,168,0.0,0.0,1.0,168,4950,3600,1350,0.7272727272727273,63,36,27,207.37208106441108,0.4160406864841745,0.7330839847544033,0.1402671859454708,1128524.1674792247,8254.881028329724,1136779.0485075545,2115,21,988.1011904761905,84,84,38,33.219823072474654,0.6084449404761905,38.63970588235294,8635.77362651144,102.80682888704095,0
2118,33.470112591847915,1,0,169,0.005917159763313609,0.0,1.0,169,4250,3200,1050,0.7529411764705882,53,32,21,204.29841585671545,0.41661383488306564,0.7316356538181217,0.1387078718185069,1144262.5303069015,8704.204453179409,1152966.734760081,2116,0,983.2485207100592,73,96,39,33.17138601780072,0.6097140039447732,38.513513513513516,8751.982143949428,119.89016635547162,0
2119,33.40932854010534,1,1,169,0.0058823529411764705,0.0058823529411764705,0.9941176470588236,170,5100,3500,1600,0.6862745098039216,67,35,32,201.40705911166478,0.4170379394361295,0.7286297212982156,0.13768271963160011,1144184.8738170662,6989.382103109494,1151174.2559201757,2117,0,978.4588235294118,76,94,41,33.01349977600883,0.6115196078431373,38.284632034632054,8743.734712349586,115.04914095196823,0
2120,33.61301537789212,0,0,169,0.0,0.0,1.0,169,3800,2500,1300,0.6578947368421053,51,25,26,198.29595648288938,0.4167062905043674,0.7228261484945462,0.13606638230260026,1152263.5995705877,8097.842519453696,1160361.4420900415,2118,1,982.9585798816568,78,91,44,32.96708715211336,0.6134122287968442,38.15928270042197,8801.256057149096,112.8366161172961,0
2121,33.07031244032666,0,1,168,0.0,0.005917159763313609,0.9940828402366864,169,4550,3000,1550,0.6593406593406593,61,30,31,197.97628236834072,0.4166828097116559,0.7215483452609099,0.1361763911852761,1134357.4439093887,6565.173924407269,1140922.617833796,2119,2,983.9585798816568,80,89,43,32.89328325231996,0.6146449704142012,38.07870370370373,8661.819103293965,108.27273879117456,0
2122,33.00572328361425,2,1,169,0.011764705882352941,0.0058823529411764705,0.9941176470588236,170,4500,3100,1400,0.6888888888888889,59,31,28,194.98919656280984,0.4165325153730131,0.7195657315861674,0.13501069853066702,1134036.6696407113,5724.979817201691,1139761.649457913,2120,0,978.8294117647059,83,87,36,32.74816886639231,0.616360294117647,37.85962301587304,8652.132744200479,104.2425631831383,0
2123,33.158615318837434,0,1,168,0.0,0.005917159763313609,0.9940828402366864,169,5000,3800,1200,0.76,62,38,24,196.2450890958687,0.41569514886822584,0.7221522978440589,0.13637956856788797,1140343.3265479095,5957.355543655061,1146300.6820915646,2121,1,985.6213017751479,82,87,39,32.59169976551659,0.6176651873767258,37.73845381526106,8696.229722863323,106.05158198613809,0
2124,33.36394310979159,0,0,168,0.0,0.0,1.0,168,4750,3300,1450,0.6947368421052632,62,33,29,191.8393881410113,0.41498402005512786,0.7141085098626909,0.13398366771749481,1148840.5552932182,5728.573839806319,1154569.1291330245,2122,2,991.5714285714286,83,85,42,32.54004819960308,0.6194196428571428,37.57440476190477,8755.552630077036,105.4885859045426,0
2125,33.205377697167826,0,0,168,0.0,0.0,1.0,168,5250,3900,1350,0.7428571428571429,66,39,27,192.03031395444287,0.4147508554319932,0.7159707288164971,0.13471406050612653,1144651.0030873227,5111.538298225191,1149762.541385548,2123,3,992.5714285714286,72,96,44,32.38648714743762,0.6209077380952381,37.42865296803652,8718.780750650463,121.09417709236754,0
2126,33.099751988052745,0,0,168,0.0,0.0,1.0,168,4600,3400,1200,0.7391304347826086,58,34,24,187.67661905094002,0.4141842802490257,0.7094070036339606,0.13242357246321565,1142653.6934322338,4689.8763858861075,1147343.56981812,2124,4,993.5714285714286,75,93,43,32.30818467129171,0.6224578373015873,37.23958333333333,8697.304623944057,115.96406165258743,0
2127,33.09866272722101,0,0,168,0.0,0.0,1.0,168,3850,2400,1450,0.6233766233766234,53,24,29,187.52660795741858,0.41389245318886037,0.7099552710181525,0.13276385433795976,1143569.909905589,5439.957233353165,1149009.867138942,2125,5,994.5714285714286,75,93,48,32.200421033421975,0.6236359126984127,37.129934210526315,8700.647648648184,116.00863531530912,0
2128,33.02818842109987,0,0,168,0.0,0.0,1.0,168,4300,2600,1700,0.6046511627906976,60,26,34,187.62459106122657,0.4134068173177455,0.7107082840338164,0.133256646899495,1142033.0724882872,4954.697640802151,1146987.7701290895,2126,6,995.5714285714286,76,92,46,32.09248589605092,0.6247519841269842,37.02651515151515,8685.537807328998,114.28339220169734,0
2129,32.699418678842726,0,1,167,0.0,0.005952380952380952,0.9940476190476191,168,5150,4200,950,0.8155339805825242,61,42,19,192.20220164039293,0.41314692044482465,0.7161199311400146,0.13433597729625335,1126166.2968886478,4540.328335041342,1130706.6252236892,2127,7,996.5714285714286,82,86,43,32.50585788064268,0.621155753968254,37.55020080321285,8581.95586611395,104.65799836724331,8
2130,32.71206794747288,0,1,166,0.0,0.005988023952095809,0.9940119760479041,167,4550,2900,1650,0.6373626373626373,62,29,33,194.14429710132504,0.41279338912536373,0.7162685075499673,0.1358514339403885,1126930.1556339792,5807.4125895693305,1132737.5682235486,2128,8,1000.8622754491018,86,81,43,32.415917833629806,0.6223802395209581,37.511973180076644,8586.526168731465,99.84332754338912,0
2131,32.72739422031195,0,1,165,0.0,0.006024096385542169,0.9939759036144579,166,4350,3300,1050,0.7586206896551724,54,33,21,193.98791708161585,0.4120147255689424,0.7150334373840224,0.13644385134586548,1128909.8710677559,6248.974892261851,1135158.8459600178,2129,9,1002.5421686746988,72,94,43,32.247808804621414,0.6236194779116466,37.34303652968036,8596.07798820322,119.38997205837806,0
2132,33.05951039985291,0,0,165,0.0,0.0,1.0,165,4800,3500,1300,0.7291666666666666,61,35,26,190.9002124991815,0.4115453313624045,0.7079890912739328,0.1350392063860417,1141980.4813821441,5800.863313153456,1147781.3446952975,2130,10,1003.5757575757576,78,87,43,32.13949784288149,0.625,37.15717299578056,8689.45517287266,111.40327144708539,0
2133,33.238123208514864,0,0,165,0.0,0.0,1.0,165,4750,3400,1350,0.7157894736842105,61,34,27,189.73890407193412,0.41154995072677997,0.7076253636895407,0.13481804209884968,1149417.8316141437,5867.8559382410895,1155285.6875523848,2131,11,1004.5757575757576,78,87,46,32.022227793097684,0.6259469696969697,37.012130801687746,8741.22319875825,112.06696408664425,0
2134,33.38024472313419,0,0,165,0.0,0.0,1.0,165,4550,3100,1450,0.6813186813186813,60,31,29,191.77616545816883,0.41112650899236264,0.7095270231764361,0.13673356384078153,1155307.9927094632,6762.107352998866,1162070.100062462,2132,12,1005.5757575757576,79,86,47,31.85543073014618,0.6269570707070706,36.90104166666666,8782.307615568323,111.16845082997877,0
2135,32.96858476748987,0,0,165,0.0,0.0,1.0,165,4600,3500,1100,0.7608695652173914,57,35,22,191.1207011357338,0.4109324956885933,0.7093277903127417,0.13677826961000678,1142111.8085219623,6056.241924023631,1148168.050445986,2133,13,1006.5757575757576,80,85,36,31.749153149631915,0.6277777777777778,36.779835390946495,8677.996309426206,108.47495386782757,0
2136,32.793183934818984,0,1,164,0.0,0.006060606060606061,0.9939393939393939,165,4150,2700,1450,0.6506024096385542,56,27,29,193.07578404821726,0.41061529933481156,0.7118495580137967,0.13846673703056564,1136617.6771376154,6740.669835281592,1143358.346972897,2134,14,1007.5757575757576,81,84,37,31.628952362571965,0.6287878787878788,36.71239837398374,8634.038747879289,106.5930709614727,0
2137,32.689246524956886,0,0,164,0.0,0.0,1.0,164,4750,3700,1050,0.7789473684210526,58,37,21,190.56609270055586,0.4100368160506758,0.705868150667023,0.1371069793454422,1133905.8317691225,5666.800770122909,1139572.6325392455,2135,15,1013.6646341463414,82,82,39,31.589595146201617,0.6303988821138211,36.60893574297187,8610.055431968713,105.00067599961845,0
2138,32.18768364468647,0,0,164,0.0,0.0,1.0,164,4950,3500,1450,0.7070707070707071,64,35,29,193.2263184149221,0.4098162626564916,0.7116232224791368,0.1397381438096322,1117907.7997556515,5451.84169482208,1123359.6414504736,2136,16,1014.6646341463414,71,93,40,31.35126758888217,0.6317327235772358,36.44386574074074,8483.261472153554,119.4825559458247,0
2139,31.824389809849134,0,0,164,0.0,0.0,1.0,164,4250,2700,1550,0.6352941176470588,58,27,31,192.93515128750528,0.4094717941044441,0.7113087499455546,0.1400883560173599,1106366.0342288313,5641.379638659331,1112007.4138674906,2137,17,1015.6646341463414,72,92,40,31.22824106643579,0.6326219512195121,36.31563926940639,8391.59388265128,116.54991503682332,0
2140,31.681165250614505,0,0,164,0.0,0.0,1.0,164,4350,2800,1550,0.6436781609195402,59,28,31,198.32460665996416,0.40921227367948526,0.7186774608758923,0.13512900501925182,1084085.1305724357,5850.151421338793,1089935.2819937745,2138,18,1016.6646341463414,70,94,42,33.20668124801376,0.6108358739837398,38.39495305164319,8287.952722765658,118.39932461093797,8
2141,31.401990393066484,0,1,163,0.0,0.006097560975609756,0.9939024390243902,164,4450,3200,1250,0.7191011235955056,57,32,25,176.17575710933633,0.4092075976357923,0.6879487674327542,0.11529503933883817,1063306.645616022,215.77066615789863,1063522.4162821798,2139,19,1017.6646341463414,85,79,44,35.18030990613605,0.5971163617886179,39.76501937984493,8171.896361373866,96.13995719263372,8
2142,31.177463850846774,0,0,163,0.0,0.0,1.0,163,5100,3600,1500,0.7058823529411765,66,36,30,181.6471881634282,0.40887014314928427,0.695031202988944,0.11975677857497394,1057765.9461048008,728.0419689932796,1058493.9880737942,2140,20,1023.9386503067485,71,92,43,34.7792858465241,0.5991820040899796,39.51099537037039,8121.386525383376,114.385725709625,0
2143,31.32492628589256,0,1,162,0.0,0.006134969325153374,0.9938650306748467,163,4700,3700,1000,0.7872340425531915,57,37,20,182.8159197972601,0.4087186624252064,0.6974621230064537,0.12082524471291291,1063459.5818773785,1583.4683256247126,1065043.0502030032,2141,21,1024.9386503067485,72,91,46,34.66266907617329,0.600204498977505,39.42636986301372,8162.449756088572,113.36735772345239,0
2144,31.627394709764484,0,1,161,0.0,0.006172839506172839,0.9938271604938271,162,4700,3500,1200,0.7446808510638298,59,35,24,185.4871747415238,0.4086574713084375,0.6997468065830292,0.12298736086782304,1074638.958339219,2766.348849903354,1077405.3071891223,2142,22,1023.1543209876543,73,89,45,34.48052225642139,0.6020447530864197,39.3158783783784,8244.759609095321,112.94191245336056,0
2145,31.259911056307704,0,0,161,0.0,0.0,1.0,161,5250,3800,1450,0.7238095238095238,67,38,29,187.164641727224,0.40869565217391307,0.7003162650751869,0.12449133821155176,1063029.1212531747,2342.292924991466,1065371.4141781663,2143,23,1027.0621118012423,74,87,46,34.32723544762213,0.6031961697722568,39.20833333333336,8152.324304226297,110.16654465170672,0
2146,31.527325298540347,0,0,161,0.0,0.0,1.0,161,4450,3000,1450,0.6741573033707865,59,30,29,195.28718179445414,0.40878461438923397,0.7045628068306091,0.12222984100594347,1054764.6213505303,4546.402072008164,1059311.0234225385,2144,24,1028.0621118012423,79,82,42,36.276594852176245,0.5817805383022774,41.32812500000002,8155.232348708419,103.23078922415719,7
2147,31.821712518730564,0,0,161,0.0,0.0,1.0,161,4100,2700,1400,0.6585365853658537,55,27,28,196.47893634901314,0.40861962991718426,0.7084345663393652,0.12333614595705325,1065471.1217164642,5568.52654108836,1071039.6482575526,2145,25,1029.0621118012423,79,82,43,36.139554191405864,0.5829451345755694,41.22395833333335,8234.696804651752,104.23666841331332,0
2148,32.30356943660789,2,0,163,0.012269938650306749,0.0,1.0,163,4000,2900,1100,0.725,51,29,22,196.06974388682318,0.4101245928955541,0.7125638106607397,0.12401532932196462,1083852.0203385665,5902.117607800194,1089754.1379463668,2146,0,1017.4233128834355,81,82,37,35.87620145154962,0.5849948875255624,40.95528455284556,8368.06895263358,103.30949324238986,0
2149,32.75428910366665,1,0,164,0.006097560975609756,0.0,1.0,164,4450,3200,1250,0.7191011235955056,57,32,25,196.29303323808335,0.41119569554591257,0.7163232626107647,0.12484045816374034,1100620.221807861,5958.816356367575,1106579.0381642287,2147,0,1012.2134146341464,83,81,42,35.672735788886236,0.5867632113821138,40.76140873015874,8491.175765279686,102.30332247324922,0
2150,32.88895151009771,1,0,165,0.006060606060606061,0.0,1.0,165,4500,3200,1300,0.7111111111111111,58,32,26,195.31943033176802,0.41229366839122933,0.7157843495192875,0.12470394398105247,1106308.530044259,5716.710371884263,1112025.2404161433,2148,0,1007.0727272727273,86,79,45,35.55890227576972,0.588510101010101,40.625000000000014,8530.571797931636,99.19269532478647,0
2151,33.06515925055352,0,0,165,0.0,0.0,1.0,165,3650,1900,1750,0.5205479452054794,54,19,35,197.7283920833916,0.41195491500369547,0.718452323626565,0.1266068801148019,1113104.468329241,7368.47134871548,1120472.9396779565,2149,1,1008.0727272727273,71,94,45,35.39314422451445,0.5893939393939394,40.52372685185182,8579.624293383567,120.83977878005024,0
2152,33.42163366682995,0,0,165,0.0,0.0,1.0,165,5250,4000,1250,0.7619047619047619,65,40,25,195.96494085775635,0.41196261394432127,0.7159997146729458,0.12596205895849907,1126274.4466768035,5892.061066523995,1132166.5077433274,2150,2,1009.0727272727273,74,91,43,35.30142128539836,0.5904671717171717,40.38888888888886,8676.627451394163,117.25172231613733,0
2153,33.58929657875483,0,1,164,0.0,0.006060606060606061,0.9939393939393939,165,4250,2700,1550,0.6352941176470588,58,27,31,194.8420655637519,0.41191026114806606,0.7146280821789783,0.12583226624654972,1133359.694119505,6915.228765788954,1140274.9228852938,2151,3,1010.0727272727273,77,88,43,35.16283672630063,0.5919823232323232,40.22435897435895,8725.681050346342,113.32053312138106,0
2154,33.574493523944874,0,0,164,0.0,0.0,1.0,164,4100,2600,1500,0.6341463414634146,56,26,30,192.58674565258843,0.4119742568207891,0.7098538516310466,0.12482931782035893,1133964.862466531,6777.320509362611,1140742.1829758936,2152,4,1015.8414634146342,80,84,44,35.092363516411034,0.5933053861788617,40.097736625514386,8726.08685852523,109.07608573156537,0
2155,33.87242866169296,0,0,164,0.0,0.0,1.0,164,5100,3600,1500,0.7058823529411765,66,36,30,189.24037556981492,0.4122852137263704,0.7048767112772465,0.12320893871700023,1145390.517693238,5450.826348474473,1150841.3440417126,2153,5,1016.8414634146342,83,81,48,35.021627088201164,0.5948932926829269,39.94295634920634,8808.763659032255,106.12968263894282,0
2156,33.59977377355373,0,0,164,0.0,0.0,1.0,164,4600,3400,1200,0.7391304347826086,58,34,24,193.05991127191598,0.41205374956356927,0.7127621138441165,0.1261574323242236,1137278.7927732458,6512.588564846677,1143791.3813380925,2154,6,1017.8414634146342,84,80,41,34.79306988209067,0.5962271341463414,39.81617647058822,8742.117610126406,104.07282869198103,0
2157,33.237624199155704,0,0,164,0.0,0.0,1.0,164,4600,3000,1600,0.6521739130434783,62,30,32,199.47212808950266,0.41166174123397675,0.7202742108616664,0.13099800189370847,1126505.0185948226,7541.270672522716,1134046.2892673453,2155,7,1018.8414634146342,84,80,41,34.45124342982661,0.5978150406504066,39.644607843137244,8653.594682733587,103.01898431825698,0
2158,32.7358865390605,0,0,164,0.0,0.0,1.0,164,4150,3200,950,0.7710843373493976,51,32,19,197.60046662219986,0.41144352586163896,0.7184861143846362,0.13032945062268633,1110762.3325175194,6947.431042365067,1117709.7635598844,2156,8,1019.8414634146342,71,93,43,34.34896701099634,0.5988313008130082,39.496527777777786,8527.812109697983,120.1100297140561,0
2159,32.265991881442325,0,1,163,0.0,0.006097560975609756,0.9939024390243902,164,4300,2900,1400,0.6744186046511628,57,29,28,198.68276030251494,0.4112167377425308,0.7207926490702983,0.13126472901864664,1095304.8008277863,6423.636240212354,1101728.4370679986,2157,9,1020.8414634146342,71,93,40,34.261752729964826,0.5996570121951219,39.43865740740742,8407.270164710337,118.41225584099065,0
2160,31.82815342046698,2,0,165,0.012121212121212121,0.0,1.0,165,4650,3100,1550,0.6666666666666666,62,31,31,196.68495566165603,0.41262780241438773,0.7191168379390516,0.13103725265276914,1082814.043411425,4944.646423638918,1087758.689835064,2158,0,1004.339393939394,74,91,42,34.022305344053386,0.6017676767676767,39.15277777777778,8302.285408191534,112.19304605664234,0
2161,31.635363752745768,0,0,165,0.0,0.0,1.0,165,4400,3100,1300,0.7045454545454546,57,31,26,200.21049399598405,0.412829514658783,0.7224464854862445,0.1338738523284759,1077279.5170876416,5736.532857574413,1083016.0499452162,2159,1,1005.339393939394,76,89,43,33.80375995714751,0.6029671717171717,39.02867965367965,8255.92264819019,108.63056116039724,0
2162,31.612138145222076,0,0,165,0.0,0.0,1.0,165,4300,2900,1400,0.6744186046511628,57,29,28,199.1414498858589,0.4123537201281104,0.7216021080368902,0.1336038210455917,1077421.7228200126,5611.86480417944,1083033.587624192,2160,2,1006.339393939394,77,88,39,33.71632566069907,0.6037247474747475,38.91559829059829,8253.43617440026,107.18748278441896,0
2163,31.18721327590221,1,0,166,0.006024096385542169,0.0,1.0,166,5500,3900,1600,0.7090909090909091,71,39,32,196.19306108957753,0.41260344407934774,0.7202367892675146,0.13243357525641314,1064623.3390867705,3074.3423605681023,1067697.6814473385,2161,0,1001.2710843373494,80,86,42,33.582496636808095,0.6057981927710843,38.708847736625515,8148.942892744097,101.8617861593012,0
2164,31.22209664860205,0,0,166,0.0,0.0,1.0,166,6200,4900,1300,0.7903225806451613,75,49,26,195.0716655546696,0.4125251004016064,0.7183903577871933,0.13194256813960886,1066368.7503141777,2203.665643847596,1068572.4159580253,2162,1,1002.2710843373494,83,83,43,33.5424969950022,0.6068649598393574,38.64087301587301,8160.179922692663,98.31542075533329,0
2165,31.480211844732636,0,0,166,0.0,0.0,1.0,166,4500,3100,1400,0.6888888888888889,59,31,28,196.9053772067873,0.4125304247292199,0.7205475664651539,0.13369312525548868,1076242.4089669192,4683.58350071462,1080925.9924676337,2163,2,1003.2710843373494,70,96,44,33.36349099478203,0.6081827309236948,38.51232394366198,8231.687437040364,117.59553481486235,0
2166,31.408418635370353,0,0,166,0.0,0.0,1.0,166,4650,3400,1250,0.7311827956989247,59,34,25,199.9543129652879,0.41251064865522696,0.7217944787165009,0.13638718587470883,1075050.257565629,5142.1871309383605,1080192.4446965673,2164,3,1004.2710843373494,73,93,44,33.12703995624186,0.6095632530120482,38.35867117117118,8217.740388170472,112.57178613932153,0
2167,31.346416899652887,0,0,166,0.0,0.0,1.0,166,4950,3200,1750,0.6464646464646465,67,32,35,203.7658612640551,0.41225051722039674,0.7273473269270592,0.13978871967066853,1074503.3626588373,5639.42062466036,1080142.7832834977,2165,4,1005.2710843373494,74,92,41,32.83139719923618,0.6111947791164658,38.16666666666667,8207.536824892457,110.91265979584401,0
2168,31.378972620152965,0,0,166,0.0,0.0,1.0,166,4400,3500,900,0.7954545454545454,53,35,18,202.74475114432695,0.4122969149324571,0.726448006706504,0.13932051849771984,1076075.8152077547,6033.744673345001,1082109.5598810997,2166,5,1006.2710843373494,74,92,43,32.80145135058691,0.6118850401606426,38.111111111111114,8217.80427396673,111.05140910765853,0
2169,31.69088284809137,0,0,166,0.0,0.0,1.0,166,5400,4200,1200,0.7777777777777778,66,42,24,201.38257292385114,0.411821528538396,0.7244315862174815,0.13920862957487046,1088408.6927720096,5237.308588622454,1093646.001360632,2167,6,1007.2710843373494,77,89,39,32.63604033970276,0.6137048192771084,37.91399572649572,8305.736857555983,107.86671243579198,0
2170,31.435074734797112,0,0,166,0.0,0.0,1.0,166,4950,3400,1550,0.6868686868686869,65,34,31,201.98510804117797,0.41187781428745285,0.7244975638575222,0.1399787998574163,1080312.8624195927,5491.422046819455,1085804.2844664122,2168,7,1008.2710843373494,81,85,40,32.53484672287365,0.615210843373494,37.83028455284555,8241.324598281844,101.74474812693634,0
2171,31.535217357540873,0,0,166,0.0,0.0,1.0,166,3950,2700,1250,0.6835443037974683,52,27,25,206.05332175298088,0.4115439028842643,0.7305136064506039,0.14312802066852479,1084384.654282147,7538.2120145591,1091922.8662967063,2169,8,1009.2710843373494,81,85,41,32.35040043919139,0.6162776104417671,37.754065040650424,8269.982560074657,102.09855012437848,0
2172,31.564346830162986,0,0,166,0.0,0.0,1.0,166,5000,3600,1400,0.72,64,36,28,205.2047279948336,0.4114990264086649,0.7306392733844767,0.1431561767109366,1086565.846744613,6393.689805941149,1092959.5365505542,2170,9,1010.2710843373494,83,83,41,32.22727326433197,0.6177208835341366,37.61160714285716,8282.118236351964,99.78455706448149,0
2173,31.37812734291097,0,0,166,0.0,0.0,1.0,166,5500,4600,900,0.8363636363636363,64,46,18,202.30254036865932,0.411662559328222,0.7257239195327967,0.141561842425821,1080979.212860762,5036.968169489564,1086016.1810302516,2171,10,1011.2710843373494,89,77,42,32.201366535855506,0.619164156626506,37.5115740740741,8236.395254744022,92.5437669072362,0
2174,31.344104036370993,0,0,166,0.0,0.0,1.0,166,4700,3100,1600,0.6595744680851063,63,31,32,202.88954311951954,0.41142981014968966,0.7271767968112046,0.14234081353234151,1080505.9858570558,5944.673161688694,1086450.6590187445,2172,11,1012.2710843373494,70,96,40,32.09930435268481,0.6202936746987953,37.42664319248825,8230.126612953782,117.57323732791117,0
2175,31.185090177422822,0,0,166,0.0,0.0,1.0,166,4100,3300,800,0.8048780487804879,49,33,16,200.67513949951936,0.41108448947304366,0.72435489775403,0.14125985583555345,1075922.3490671904,5882.173497941612,1081804.522565132,2173,12,1013.2710843373494,73,93,43,32.04560982798348,0.6212976907630522,37.317004504504496,8191.792902602561,112.21634113154194,0
2176,30.734809424533267,1,1,166,0.005988023952095809,0.005988023952095809,0.9940119760479041,167,4100,3000,1100,0.7317073170731707,52,30,22,194.97895038485262,0.4117247432845153,0.7172430201839113,0.13788647942954574,1061605.5495147316,3898.1471534230946,1065503.6966681548,2174,0,1008.1976047904192,77,90,41,32.04142531714176,0.622193113772455,37.166132478632456,8078.148828582195,104.91102374782072,0
2177,30.616924726002228,1,1,166,0.005988023952095809,0.005988023952095809,0.9940119760479041,167,4050,3000,1050,0.7407407407407407,51,30,21,195.89594901938185,0.41244919798956303,0.7190054751594004,0.13902338132898553,1058454.8712273522,4019.4042986537033,1062474.2755260058,2175,0,1008.0299401197605,78,89,44,31.90063684685587,0.623627744510978,37.05168776371306,8050.668682567684,103.21370105856006,0
2178,30.776081341589407,0,0,166,0.0,0.0,1.0,166,4950,3700,1250,0.7474747474747475,62,37,25,195.94197829094242,0.41189530850675427,0.7181077688631301,0.13964753690894066,1065071.0863287265,3588.4271351464877,1068659.513463873,2176,1,1014.066265060241,79,87,37,31.75910459457228,0.6253137550200802,36.91406249999998,8096.754212328255,102.49055964972474,0
2179,31.05955877063844,0,0,166,0.0,0.0,1.0,166,4750,3600,1150,0.7578947368421053,59,36,23,193.63041678164296,0.41161844347085313,0.71617913460443,0.13875507459829667,1076322.1617600292,3731.7417545823087,1080053.9035146115,2177,2,1015.066265060241,81,85,42,31.64024802161741,0.6268197791164658,36.737804878048756,8176.807621477464,100.94824224046252,0
2180,31.09840228091977,0,1,165,0.0,0.006024096385542169,0.9939759036144579,166,5200,3600,1600,0.6923076923076923,68,36,32,196.79084797343097,0.4112594316660582,0.7201532362473504,0.14147502380001434,1078517.9505664664,4048.4924093080044,1082566.4429757744,2178,3,1016.066265060241,82,84,43,31.451235009133512,0.6280747991967872,36.63403614457829,8190.260691078013,99.88122793997577,0
2181,30.769648158698146,0,0,165,0.0,0.0,1.0,165,4150,2900,1250,0.6987951807228916,54,29,25,198.56098811544223,0.410090231584134,0.7214015331976278,0.14302660056771144,1067625.0640365786,5247.737530382857,1072872.8015669615,2179,4,1023.2,82,83,44,31.340618548515152,0.6291035353535354,36.57128514056223,8105.608871122875,98.84888867223019,0
2182,30.421997429544827,0,0,165,0.0,0.0,1.0,165,4550,3200,1350,0.7032967032967034,59,32,27,199.46786582073935,0.40948509485094853,0.7241663031671512,0.14452242302717364,1057064.5218039835,4620.080839812179,1061684.6026437958,2180,5,1024.2,69,96,43,31.12563505503811,0.630429292929293,36.38392857142857,8019.727447386699,116.2279340200971,0
2183,30.83654032015226,0,0,165,0.0,0.0,1.0,165,4400,3400,1000,0.7727272727272727,54,34,20,198.9965090149052,0.4091170854890367,0.7223353796053753,0.14484045502307583,1072652.970541872,5290.839304460165,1077943.8098463323,2181,6,1025.2,70,95,45,30.98949642155225,0.6315656565656566,36.23826291079813,8133.49944066459,116.19284915235129,0
2184,30.745522427763802,0,0,165,0.0,0.0,1.0,165,5050,3100,1950,0.6138613861386139,70,31,39,200.18046028659649,0.408859940872136,0.7247895903666399,0.14637585852176072,1070677.0054414428,4815.723153508774,1075492.7285949516,2182,7,1026.2,70,95,41,30.808617782225173,0.6328282828282829,36.09154929577466,8114.003190003195,115.91433128575993,0
2185,30.543195801385885,0,1,164,0.0,0.006060606060606061,0.9939393939393939,165,4450,3100,1350,0.6966292134831461,58,31,27,197.1955163721253,0.40890613451589064,0.720778528433929,0.1448313819932783,1064759.7807071556,4543.17095376369,1069302.9516609192,2183,8,1027.2,73,92,43,30.744660056153823,0.634090909090909,35.95157657657658,8064.8826976688715,110.47784517354619,0
2186,30.154812507746225,0,1,163,0.0,0.006097560975609756,0.9939024390243902,164,4750,3300,1450,0.6947368421052632,62,33,29,214.6764171493427,0.4081437976956457,0.7420470712393057,0.14528066745157464,1030058.5740124519,6675.856824590894,1036734.4308370429,2184,9,1030.5792682926829,76,88,41,33.01168417783758,0.609375,38.6228354978355,7881.779389369127,103.70762354433062,8
2187,30.712373513445904,0,0,163,0.0,0.0,1.0,163,5500,3900,1600,0.7090909090909091,71,39,32,214.93235072144938,0.40741056325582564,0.7415409165905871,0.1458750513465545,1049884.6815391397,7030.836517929553,1056915.5180570693,2185,10,1033.8895705521472,64,99,42,32.905711162866716,0.6108767893660532,38.52564102564103,8030.4981770093555,125.47653401577118,0
2188,30.740393119943768,0,0,163,0.0,0.0,1.0,163,4250,3000,1250,0.7058823529411765,55,30,25,213.78936970161138,0.40720701103284607,0.7397488357163984,0.14558547691445164,1051744.388003775,8120.353959706879,1059864.7419634818,2186,11,1034.8895705521472,64,99,41,32.82101942044965,0.6119631901840491,38.41346153846154,8041.273027192987,125.64489104989042,0
2189,30.58857527950662,0,0,163,0.0,0.0,1.0,163,3300,2100,1200,0.6363636363636364,45,21,24,213.0063700159115,0.4070555303087682,0.7385540719355219,0.14537296055830487,1047141.602274051,8709.566318608311,1055851.1685926593,2187,12,1035.8895705521472,66,97,41,32.76601802337097,0.6127300613496933,38.33955223880598,8003.820304012712,121.27000460625321,0
2190,30.282515170063096,0,0,163,0.0,0.0,1.0,163,4550,3000,1550,0.6593406593406593,61,30,31,213.15170841320352,0.40649536721452195,0.7390961992188976,0.14632993187210044,1038219.1986395847,7109.639179482921,1045328.8378190676,2188,13,1036.8895705521472,67,96,43,32.56186381186379,0.6141359918200409,38.143382352941174,7929.67699627847,118.35338800415627,0
2191,29.871344848281364,1,1,163,0.006097560975609756,0.006097560975609756,0.9939024390243902,164,3250,2200,1050,0.676923076923077,43,22,21,207.28362495177467,0.4066926654695995,0.733244866524086,0.14301920329744672,1025430.6466436984,6460.996314589532,1031891.642958288,2189,0,1031.560975609756,69,95,37,32.54486597001366,0.6153455284552846,37.97619047619047,7827.003572746085,113.43483438762442,0
2192,30.36898806828316,0,0,163,0.0,0.0,1.0,163,5200,3800,1400,0.7307692307692307,66,38,28,209.50811467972252,0.40515255371254005,0.7353770226379392,0.14481385069620353,1042987.5701669785,5902.8718920136,1048890.442058992,2190,15,1038.8895705521472,69,94,38,32.42580816110225,0.6166283231083844,37.91666666666666,7959.20562289586,115.35080612892551,0
2193,30.934202568466265,0,1,162,0.0,0.006134969325153374,0.9938650306748467,163,5100,3600,1500,0.7058823529411765,66,36,30,206.1000642823621,0.404911131308541,0.73093574277204,0.1429449469953784,1063314.2923642246,6129.828801724143,1069444.1211659487,2191,16,1039.8895705521472,71,92,42,32.39995447773548,0.61765081799591,37.803819444444436,8110.82976198369,114.23703890117874,0
2194,30.695555560913498,0,0,162,0.0,0.0,1.0,162,4150,2900,1250,0.6987951807228916,54,29,25,206.8160014832214,0.40483539094650206,0.7290126914259163,0.14377555586297253,1055729.2912928867,7118.342134781821,1062847.6334276686,2192,17,1036.567901234568,77,85,42,32.302805217509345,0.6189557613168724,37.7270299145299,8050.614525384322,104.55343539460159,0
2195,30.67128766044552,0,1,161,0.0,0.006172839506172839,0.9938271604938271,162,3900,2800,1100,0.717948717948718,50,28,22,205.72766857661787,0.4044999105385579,0.7275670938448335,0.1432229687244316,1055272.6551107722,7119.756609719212,1062392.4117204915,2193,18,1037.567901234568,80,82,43,32.283393796777474,0.6199845679012346,37.68004115226337,8045.690916895151,100.57113646118938,0
2196,30.66617713966772,0,0,161,0.0,0.0,1.0,161,4950,3700,1250,0.7474747474747475,62,37,25,204.44347981675494,0.40405344202898547,0.7241407241407236,0.14289437935408872,1056146.3728102895,6034.4479306359135,1062180.8207409254,2194,19,1043.5962732919254,83,78,45,32.183975933975915,0.6215709109730849,37.54960317460318,8048.350359423715,96.96807661956284,0
2197,31.149384965376424,0,0,161,0.0,0.0,1.0,161,4900,3300,1600,0.673469387755102,65,33,32,204.40964878718842,0.40381243530020705,0.7234057355041679,0.14348854215847548,1073945.3216288774,6804.957202160416,1080750.278831038,2195,20,1044.5962732919254,67,94,41,32.04045618947614,0.6226708074534162,37.4080882352941,8179.576548352947,122.08323206496935,0
2198,31.358069383318963,0,0,161,0.0,0.0,1.0,161,3850,2700,1150,0.7012987012987013,50,27,23,201.94946492271114,0.40361186594202897,0.719856500321268,0.14214889521258764,1081875.211326861,7646.824008120801,1089522.0353349817,2196,21,1045.5962732919254,68,93,43,32.01400862068964,0.6236413043478262,37.318840579710134,8237.1740227921,121.13491209988382,0
2199,31.252093202849345,0,0,161,0.0,0.0,1.0,161,4550,3100,1450,0.6813186813186813,60,31,29,203.77929508037047,0.40328998447204967,0.7232708195139599,0.1439020766516838,1079086.6663666754,7229.10404056558,1086315.770407241,2197,22,1046.5962732919254,68,93,44,31.85811263667871,0.624805900621118,37.21316425120772,8212.638683303105,120.7740982838692,0
2200,31.21863851722702,0,0,161,0.0,0.0,1.0,161,3950,2800,1150,0.7088607594936709,51,28,23,192.14719978513483,0.4034614389233955,0.7089749442954503,0.13029670004134383,1066951.2426212614,4852.338715389145,1071803.5813366505,2198,23,1047.5962732919254,77,84,45,33.531429313309836,0.6123188405797102,38.55502136752138,8161.9562800715175,105.999432208721,8
2201,31.288380466794678,0,0,161,0.0,0.0,1.0,161,4100,2800,1300,0.6829268292682927,54,28,26,195.82204231098237,0.40341129658385094,0.7057192958633494,0.12764517893145863,1058344.957097809,5149.454193684458,1063494.4112914936,2199,24,1048.5962732919254,84,77,38,34.808667860283954,0.6006728778467909,39.90196078431373,8138.0464096476835,96.88150487675814,8
2202,31.701347236408584,0,0,161,0.0,0.0,1.0,161,4600,2900,1700,0.6304347826086957,63,29,34,213.61534498613867,0.40351158126293996,0.7209833478676122,0.13503177813184883,1063471.4827742002,8634.765535146524,1072106.2483093466,2200,25,1049.5962732919254,79,82,33,35.44342440389419,0.5898680124223603,40.97656250000002,8211.39193455573,103.94167005766747,8
2203,31.897853325911168,2,0,163,0.012269938650306749,0.0,1.0,163,3850,2500,1350,0.6493506493506493,52,25,27,208.63634057385622,0.40537346310182026,0.7178318078584849,0.132589999329614,1071620.8517871967,8265.810599904176,1079886.662387101,2201,0,1037.7055214723925,82,81,35,35.3800514831671,0.5913215746421268,40.78815261044179,8268.301488370664,100.83294498013005,0
2204,32.03161299432421,1,0,164,0.006097560975609756,0.0,1.0,164,5150,3700,1450,0.7184466019417476,66,37,29,210.83635583303803,0.40663577360466857,0.7221476369829045,0.13466415121538314,1077585.0330218528,7488.820292510083,1085073.853314363,2202,0,1032.371951219512,74,90,37,35.142250303419736,0.5929242886178862,40.6111111111111,8308.64450391662,112.27897978265702,0
2205,32.33945077057946,0,0,164,0.0,0.0,1.0,164,4800,3300,1500,0.6875,63,33,30,207.225494757965,0.4063092298867774,0.7177604665780521,0.1329275734666935,1089204.6416828104,7542.194153078063,1096746.8358358885,2203,1,1033.371951219512,75,89,37,35.08220673144626,0.594385162601626,40.460526315789444,8393.364032232555,111.9115204297674,0
2206,31.843128603708788,1,0,165,0.006060606060606061,0.0,1.0,165,4700,3400,1300,0.723404255319149,60,34,26,209.21813302339055,0.40747259177137224,0.721577727683167,0.1347701772321132,1073700.8607028911,7227.537900372923,1080928.398603264,2204,0,1028.1030303030302,76,89,40,34.88074772522053,0.5958333333333333,40.31385281385278,8269.219381450064,108.80551817697453,0
2207,31.818488635851775,0,1,164,0.0,0.006060606060606061,0.9939393939393939,165,3900,2800,1100,0.717948717948718,50,28,22,209.78458896369298,0.4073740453313624,0.7218053575794505,0.1357709325027081,1074221.73632803,8171.033082287696,1082392.7694103178,2205,1,1029.1030303030302,78,87,40,34.69907055022749,0.5971590909090909,40.15031645569617,8268.02420288403,106.000310293385,0
2208,31.860758157745412,0,0,164,0.0,0.0,1.0,164,4550,3200,1350,0.7032967032967034,59,32,27,212.7109551795579,0.4068664584268542,0.7244656214480769,0.1379537927577377,1076252.0810396792,8436.121634387091,1084688.2026740664,2206,2,1034.3048780487804,77,87,39,34.54862003117023,0.5978785569105691,40.07745726495724,8281.329273827381,107.54973082892703,0
2209,31.56676560025092,0,0,164,0.0,0.0,1.0,164,3750,2200,1550,0.5866666666666667,53,22,31,215.0354615705813,0.40687269315177815,0.7295155021038184,0.13989159613233432,1067197.8259277635,9347.075417099248,1076544.9013448628,2207,3,1035.3048780487804,77,87,35,34.37906587574683,0.5988948170731707,39.97061965811964,8208.286498430582,106.60112335624132,0
2210,31.97676340975167,0,0,164,0.0,0.0,1.0,164,5600,3900,1700,0.6964285714285714,73,39,34,214.74749462395215,0.40675968876253177,0.7299642737937786,0.14020410552384388,1082086.627063099,8075.078425576494,1090161.7054886755,2208,4,1036.3048780487804,78,86,36,34.260326913329976,0.6001016260162602,39.8470464135021,8318.84944718352,106.65191598953231,0
2211,32.188579075103895,0,0,164,0.0,0.0,1.0,164,4500,3300,1200,0.7333333333333333,57,33,24,213.21004358434521,0.4067261771160657,0.7277663392212432,0.1393821910126667,1089632.0508833618,9164.099411947966,1098796.1502953097,2209,5,1037.3048780487804,80,84,36,34.254271075305994,0.6011814024390244,39.80195473251027,8375.405355280009,104.69256694100011,0
2212,31.78258315084278,0,1,163,0.0,0.006097560975609756,0.9939024390243902,164,4250,3000,1250,0.7058823529411765,55,30,25,214.39888631725856,0.4063996333981745,0.7307596407101533,0.14068768419146854,1076961.3199146765,9129.861519294069,1086091.1814339706,2210,6,1038.3048780487804,81,83,40,34.09085826054424,0.6022611788617886,39.67225609756096,8273.888167050538,102.14676749445108,0
2213,31.584027304684284,0,0,163,0.0,0.0,1.0,163,4300,3300,1000,0.7674418604651163,53,33,20,216.49107122108978,0.4061292887980004,0.7331158334445969,0.14237694972037726,1070862.4733379043,9466.432796677549,1080328.906134582,2211,7,1045.355828220859,83,80,41,33.95821428004508,0.603144171779141,39.59573412698411,8224.61544358956,99.09175233240434,0
2214,31.768383936183916,0,0,163,0.0,0.0,1.0,163,3450,1900,1550,0.5507246376811594,50,19,31,217.10745979264212,0.4061671589790199,0.7348634299814165,0.14319549161268588,1077933.973138718,10755.501346467609,1088689.4744851855,2212,8,1046.355828220859,71,92,41,33.840803065644785,0.6041027607361964,39.496527777777786,8275.774322264599,116.5602017220366,0
2215,32.15427132282953,0,0,163,0.0,0.0,1.0,163,4400,3200,1200,0.7272727272727273,56,32,24,215.81437380631348,0.40579476886566185,0.7339238053976274,0.14270368946399906,1091754.7599073856,10123.27397189516,1101878.0338792808,2213,9,1047.355828220859,71,92,40,33.78580946035976,0.6051252556237219,39.409722222222236,8379.090495758215,118.01535909518613,0
2216,32.00875386562398,0,0,163,0.0,0.0,1.0,163,4850,3500,1350,0.7216494845360825,62,35,27,215.58306837512438,0.4058010805624985,0.7353892894010219,0.14331686338870153,1088341.917145139,9475.617987882963,1097817.5351330221,2214,10,1048.355828220859,72,91,39,33.60476516187871,0.6067229038854806,39.22659817351599,8347.0316337654,115.93099491340834,0
2217,31.533564969713844,0,0,163,0.0,0.0,1.0,163,4550,3200,1350,0.7032967032967034,59,32,27,213.10577904101157,0.40584368451614533,0.7325075904975014,0.14200155308914025,1072839.8155394606,8575.67293535051,1081415.4884748112,2215,11,1049.355828220859,73,90,41,33.58803041749861,0.6077453987730062,39.14695945945947,8225.62630143255,112.6798123483911,0
2218,31.780757449233107,1,0,164,0.006097560975609756,0.0,1.0,164,5250,4200,1050,0.8,63,42,21,209.90782099010318,0.4065251072372687,0.7304346524128207,0.14071598370077326,1082947.0868561575,7413.812649911353,1090360.8995060688,2216,0,1043.9512195121952,77,87,36,33.46250255780641,0.6095655487804879,38.9423076923077,8296.61119948732,107.74819739593923,0
2219,31.447865015296287,0,0,164,0.0,0.0,1.0,164,4050,2900,1150,0.7160493827160493,52,29,23,209.49108985875282,0.4063505349393985,0.7304578916264777,0.14091120993919778,1072541.2024241101,8087.565082848995,1080628.7675069591,2217,1,1044.9512195121952,79,85,37,33.356806926579594,0.6104547764227642,38.828125000000014,8213.29787079187,103.96579583280848,0
2220,31.460193065912197,0,0,164,0.0,0.0,1.0,164,4550,3100,1450,0.6813186813186813,60,31,29,215.75854665521183,0.4064206755947928,0.7373940463190536,0.14575924674037335,1074167.5423388276,9002.165559845334,1083169.707898673,2218,2,1045.9512195121952,81,83,37,33.04323035665093,0.6119791666666667,38.681402439024396,8221.133530981722,101.49547569113237,0
2221,31.582707507917704,0,0,164,0.0,0.0,1.0,164,3900,2600,1300,0.6666666666666666,52,26,26,214.31475079076992,0.4062273991221507,0.7362360164799868,0.14522562717519238,1079197.028625723,9557.568448812402,1088754.5970745354,2219,3,1046.9512195121952,83,81,39,32.97622859446895,0.6131224593495934,38.57886904761906,8256.387115258129,99.47454355732685,0
2222,31.978867834651112,0,0,164,0.0,0.0,1.0,164,5600,3900,1700,0.6964285714285714,73,39,34,210.2807153771196,0.4060364606713552,0.7307269725260717,0.1432047312517401,1094134.020224224,7615.056898238727,1101749.077122463,2220,4,1047.9512195121952,71,93,38,32.91075576572094,0.6144563008130082,38.411458333333336,8365.305401017462,117.82120283123186,0
2223,32.238732684634904,0,0,164,0.0,0.0,1.0,164,4750,3000,1750,0.631578947368421,65,30,35,210.07523100490005,0.4056717292633049,0.7297413188638746,0.14349851882238035,1103879.340080244,8829.541473778743,1112708.8815540227,2221,5,1048.9512195121952,71,93,40,32.81273035530003,0.6157266260162602,38.31018518518518,8436.54798610642,118.82461952262562,0
2224,32.35542328851179,1,0,165,0.006060606060606061,0.0,1.0,165,4700,3200,1500,0.6808510638297872,62,32,30,212.62602126618106,0.4057387903424489,0.733061555854712,0.14632682363766583,1109977.7276866825,9502.02958641914,1119479.7572731017,2222,0,1043.5878787878787,75,90,40,32.4924672527166,0.6178661616161616,38.06195175438596,8475.116426353447,113.00155235137929,0
2225,32.21134135437011,0,0,165,0.0,0.0,1.0,165,4800,3500,1300,0.7291666666666666,61,35,26,229.13076000328988,0.40582655826558267,0.7457096523519509,0.15133347706139544,1093359.427196391,12304.455302054066,1105663.882498445,2223,1,1044.5878787878787,69,96,39,33.47938917128335,0.6025252525252525,39.44940476190475,8392.684163298585,121.63310381592153,8
2226,32.53942272102649,0,0,165,0.0,0.0,1.0,165,3750,2500,1250,0.6666666666666666,50,25,25,238.4796459089474,0.4057711258930771,0.7640906885448375,0.15603382546613992,1101756.1124182271,15799.281513503462,1117555.3939317307,2224,2,1045.5878787878787,76,89,36,33.566836487142176,0.5977272727272727,39.77272727272727,8467.645230812575,111.41638461595494,8
2227,32.57403888168405,0,0,165,0.0,0.0,1.0,165,5500,3700,1800,0.6727272727272727,73,37,36,241.4001776215226,0.40527223454052724,0.7680246812560041,0.15869561972633822,1104313.3002267827,14816.285364911053,1119129.5855916936,2225,3,1046.5878787878787,79,86,38,33.32354068740207,0.5991161616161615,39.609375,8481.974343176009,107.366763837671,0
2228,32.7696225828313,0,0,165,0.0,0.0,1.0,165,4550,3500,1050,0.7692307692307693,56,35,21,239.83748031559514,0.40509053954175905,0.7665361823976908,0.15786258833936004,1111305.0304382506,15756.519672471246,1127061.550110722,2226,4,1047.5878787878787,63,102,38,33.320899214632405,0.6001262626262627,39.56705729166667,8534.289240688222,135.46490858235273,0
2229,33.13939871039829,0,0,165,0.0,0.0,1.0,165,5550,4100,1450,0.7387387387387387,70,41,29,238.39909482718195,0.4049442596698694,0.7653548649243076,0.1574286142851477,1124811.3438618195,15080.801245600991,1139892.1451074204,2227,5,1048.5878787878787,64,101,38,33.24376204535206,0.6017676767676767,39.45512820512822,8634.30038835989,134.9109435681233,0
2230,32.83030061495334,0,1,164,0.0,0.006060606060606061,0.9939393939393939,165,4600,3500,1100,0.7608695652173914,57,35,22,238.71286866794804,0.40464862034983984,0.764985285159661,0.15820954008506558,1115383.6524701307,15651.28626929577,1131034.9387394264,2228,6,1049.5878787878787,65,100,39,33.10829902316946,0.6029040404040404,39.33080808080808,8557.847931764045,131.65919895021608,0
2231,32.896954696163256,0,0,164,0.0,0.0,1.0,164,5550,4400,1150,0.7927927927927928,67,44,23,234.08987564407246,0.40290662875953914,0.7580656047046588,0.15582579758502257,1118928.4806113383,14035.965776183657,1132964.446387522,2229,7,1056.841463414634,69,95,40,33.07605171069399,0.6048018292682926,39.181547619047606,8580.132811899575,124.34975089709529,0
2232,33.08029980267853,0,0,164,0.0,0.0,1.0,164,4050,2800,1250,0.691358024691358,53,28,25,233.05248859695976,0.4028084318419871,0.756110567860588,0.15545051619913222,1125760.933055921,15622.277402783584,1141383.2104587045,2230,8,1057.841463414634,72,92,42,33.03239348028224,0.6055640243902439,39.11244292237443,8630.238602916255,119.86442504050355,0
2233,33.211472366039914,0,0,164,0.0,0.0,1.0,164,5700,3900,1800,0.6842105263157895,75,39,36,227.94311463343865,0.40259255449149584,0.7504158577033542,0.15272188680440402,1131537.1015857477,13085.218251749851,1144622.3198374975,2231,9,1058.841463414634,76,88,41,33.01083557904922,0.6074059959349594,38.961038961038966,8669.488241005232,114.07221369743726,0
2234,32.71783407301379,1,0,165,0.006060606060606061,0.0,1.0,165,4500,3300,1200,0.7333333333333333,57,33,24,225.59360824748308,0.4031226903178123,0.7501557742584886,0.15188787730139972,1116130.789432223,12858.394412825444,1128989.1838450483,2232,0,1053.418181818182,81,84,37,32.90313036993806,0.6087121212121211,38.795731707317074,8546.03790916298,105.50664085386396,0
2235,32.65052459409447,0,0,165,0.0,0.0,1.0,165,5950,4400,1550,0.7394957983193278,75,44,31,226.6934226887112,0.4028378295146588,0.7536286142729189,0.15338739229566495,1115261.5269170173,11614.49054597134,1126876.0174629886,2233,1,1054.418181818182,83,82,39,32.703351599690016,0.6103535353535354,38.62847222222222,8533.917495904378,102.81828308318528,0
2236,33.014498366511525,0,0,165,0.0,0.0,1.0,165,4500,3400,1100,0.7555555555555555,56,34,22,228.19246014330247,0.4028178122690318,0.7546182403394224,0.15509225039272093,1128988.1586131693,14025.317077319425,1143013.4756904887,2234,2,1055.418181818182,65,100,40,32.51081271373969,0.6114267676767677,38.47853535353537,8633.999967378446,132.83076872889916,0
2237,32.907721798895366,0,0,165,0.0,0.0,1.0,165,4350,2800,1550,0.6436781609195402,59,28,31,224.1016892902905,0.40231584134023163,0.7490892302526653,0.1526428487430096,1125962.8262323712,13116.034287349,1139078.8605197202,2235,3,1056.418181818182,68,97,38,32.54342682363805,0.6125631313131313,38.40579710144929,8608.469253189322,126.59513607631355,0
2238,32.423562423306734,1,0,166,0.006024096385542169,0.0,1.0,166,5250,4100,1150,0.780952380952381,64,41,23,222.3895495495275,0.40304627601314347,0.749440737787219,0.1523261701578592,1110982.7645431014,10964.19131280599,1121946.9558559074,2236,0,1051.0481927710844,70,96,42,32.39715854957126,0.6140185742971888,38.21889671361504,8487.875943648243,121.25537062354633,0
2239,32.009190150232456,0,1,165,0.0,0.006024096385542169,0.9939759036144579,166,5500,3800,1700,0.6909090909090909,72,38,34,222.28086015403522,0.4026728124619691,0.7500375965365944,0.1530272720132689,1098202.0848852887,10121.860810251523,1108323.9456955402,2237,1,1052.0481927710844,71,95,42,32.22711624139329,0.6154618473895582,38.04976851851853,8384.814769388177,118.0959826674391,0
2240,31.711621617088102,0,0,165,0.0,0.0,1.0,165,4250,3200,1050,0.7529411764705882,53,32,21,219.47754696019177,0.4024113082039911,0.7452093863697407,0.1514858930909893,1088701.0223336695,10539.085950969518,1099240.108284639,2238,2,1056.0787878787878,73,92,43,32.213436744560816,0.6163510101010101,37.96452702702704,8309.569769173664,113.82972286539265,0
2241,31.752374442628316,0,1,164,0.0,0.006060606060606061,0.9939393939393939,165,4500,3400,1100,0.7555555555555555,56,34,22,218.85702445835727,0.40209257206208426,0.7444344112263572,0.1517012311327472,1091271.6403227618,10266.492815366226,1101538.133138128,2239,3,1057.0787878787878,73,92,39,32.08585011185686,0.617739898989899,37.823761261261275,8324.718102392377,114.03723427934763,0
2242,31.58319750274836,0,0,164,0.0,0.0,1.0,164,4500,2900,1600,0.6444444444444445,61,29,32,220.51198559820173,0.4013565202753255,0.7433982415180571,0.15335890216532144,1086369.0790107572,10611.480541030325,1096980.5595517876,2240,4,1062.8231707317073,77,87,40,31.929947386286482,0.6193470528455285,37.71367521367521,8283.840797996487,107.5823480259284,0
2243,32.03026289762744,0,1,163,0.0,0.006097560975609756,0.9939024390243902,164,4350,2700,1650,0.6206896551724138,60,27,33,218.03191408417192,0.40112739413437076,0.7401555670764188,0.15197479316842397,1102368.0735573897,10920.284220599831,1113288.3577779895,2241,5,1063.8231707317073,81,83,41,31.91944471343954,0.6206173780487805,37.639735772357724,8403.46823710238,103.74652144570838,0
2244,32.204725512521094,0,1,162,0.0,0.006134969325153374,0.9938650306748467,163,4850,3700,1150,0.7628865979381443,60,37,23,222.66313932980637,0.39968662425206397,0.7436459246275209,0.15586419753086417,1109553.433673576,11961.33015918481,1121514.7638327607,2242,10,1071.3190184049079,64,99,44,31.6550925925926,0.6217407975460123,37.49999999999999,8453.74044703677,132.08969448494952,0
2245,32.45242971526258,0,0,162,0.0,0.0,1.0,162,4300,3200,1100,0.7441860465116279,54,32,22,222.64101903937498,0.3991905337014033,0.7391306507488451,0.15656865195016323,1119374.0324506206,13143.715054204013,1132517.7475048245,2243,11,1077.1913580246915,68,94,43,31.501345940146365,0.6232638888888888,37.34903381642511,8523.662019718255,125.34797087820962,0
2246,32.920783462435786,0,1,161,0.0,0.006172839506172839,0.9938271604938271,162,4500,3100,1400,0.6888888888888889,59,31,28,221.63223998023716,0.39876319556271245,0.7381976060691844,0.15607537870886662,1135920.4886445696,13451.320467548117,1149371.8091121179,2244,12,1078.1913580246915,68,94,45,31.48154799532593,0.6242283950617284,37.303743961352644,8648.16656144087,127.17892002118927,0
2247,32.420454724683296,1,1,161,0.006172839506172839,0.006172839506172839,0.9938271604938271,162,4500,3100,1400,0.6888888888888889,59,31,28,216.0709681463154,0.39910826112516934,0.7302010774627075,0.15328483152316874,1120702.7688208316,11530.266452674736,1132233.0352735063,2245,0,1065.5061728395062,73,89,42,31.382334439745144,0.6259002057613169,37.06362612612613,8524.516804650342,116.77420280342935,0
2248,32.0094577760673,0,0,161,0.0,0.0,1.0,161,4700,3500,1200,0.7446808510638298,59,35,24,213.82918623143667,0.3990505305383023,0.7253364310403865,0.1522779215613463,1107543.8161063965,10465.038582738172,1118008.8546891348,2246,1,1060.44099378882,77,84,49,31.3140928012996,0.6275232919254659,36.93910256410256,8420.436689008728,109.35632063647698,0
2249,31.83340251156089,0,0,161,0.0,0.0,1.0,161,4400,3300,1100,0.75,55,33,22,210.8535489403353,0.39878687888198755,0.7222618066437909,0.150900365024852,1102786.339489404,9905.282680852257,1112691.6221702565,2247,2,1061.44099378882,80,81,41,31.229744804898687,0.6290760869565217,36.77983539094649,8379.193449159278,104.73991811449098,0
2250,31.378744839591768,0,1,160,0.0,0.006211180124223602,0.9937888198757764,161,4200,2800,1400,0.6666666666666666,56,28,28,207.2041985020598,0.3986914466873706,0.7174808043062948,0.14885616912685087,1088052.7905724393,8689.82127969805,1096742.6118521374,2248,3,1062.44099378882,83,78,42,31.200163244804404,0.630175983436853,36.65674603174601,8263.3807714976,99.5588044758747,0
2251,31.414683146563203,0,0,160,0.0,0.0,1.0,160,4250,3000,1250,0.7058823529411765,55,30,25,208.0836474044144,0.3978290421907757,0.7167565040263031,0.1497103705202752,1089694.5084332796,9099.521574271228,1098794.0300075507,2249,17,1070.0625,82,78,42,31.12819840853861,0.6309244791666666,36.60893574297187,8274.346827270569,100.90666862525083,0
2252,31.26522366657099,0,0,160,0.0,0.0,1.0,160,5350,4200,1150,0.7850467289719626,65,42,23,207.56563830636566,0.39758172824947585,0.7163701230873474,0.15011004573475056,1085873.3240867532,7727.997926784366,1093601.3220135376,2250,18,1071.0625,69,91,44,30.97292407731541,0.6320963541666667,36.44345238095238,8240.154410098789,119.42252768259114,0
2253,30.88243001408578,0,0,160,0.0,0.0,1.0,160,4600,3600,1000,0.782608695652174,56,36,20,203.88868860630984,0.397341784591195,0.7190293829044914,0.13955724267888664,1057989.5238262052,6542.419314428077,1064531.9431406332,2251,19,1072.0625,72,88,38,32.905059783398755,0.6182291666666666,38.24200913242011,8083.722833595777,112.27392824438579,8
2254,30.674267492674865,0,0,160,0.0,0.0,1.0,160,5350,3900,1450,0.7289719626168224,68,39,29,205.83201089101556,0.3974965605345912,0.7197981000732756,0.14135968368381535,1051753.8271227446,5946.921039799179,1057700.7481625439,2252,20,1073.0625,75,85,40,32.74036951742907,0.6194661458333333,38.13048245614035,8032.655629318062,107.10207505757415,0
2255,30.377439536545744,0,0,160,0.0,0.0,1.0,160,3500,2200,1300,0.6285714285714286,48,22,26,205.87252090578244,0.39747854428721174,0.7201662174891423,0.14156236063291092,1041903.3626193607,7399.854360531844,1049303.2169798925,2253,21,1074.0625,75,85,42,32.69734374727444,0.6201171875,38.08936403508772,7956.174508002361,106.08232677336481,0
2256,30.63263647015008,0,0,160,0.0,0.0,1.0,160,5000,3600,1400,0.72,64,36,28,203.1006517480101,0.39734833595387836,0.7162051432358043,0.14000100442700136,1051313.3281448677,5704.484427518409,1057017.812572386,2254,22,1075.0625,77,83,43,32.68639344819384,0.6212239583333333,38.00747863247863,8025.5216649493,104.22755409025065,0
2257,30.59468027627786,0,0,160,0.0,0.0,1.0,160,4850,3400,1450,0.7010309278350515,63,34,29,201.76992476774396,0.3973548873165618,0.7156888174103484,0.13357476172101612,1039123.3171112591,5082.76670358935,1044206.0838148484,2255,23,1076.0625,72,88,43,34.11054840770145,0.6076822916666667,39.36929223744291,7973.913174175421,110.74879408576973,8
2258,30.227603969341892,0,0,160,0.0,0.0,1.0,160,4350,2900,1450,0.6666666666666666,58,29,29,206.40387507123575,0.3971739059224319,0.7204318740544613,0.13118553982893064,1015538.250971852,5572.206056731484,1021110.4570285835,2256,24,1077.0625,84,76,36,35.43400151285933,0.5923828125,40.78431372549022,7835.469107347119,93.27939413508474,8
2259,30.098512276643984,0,0,160,0.0,0.0,1.0,160,4600,3100,1500,0.6739130434782609,61,31,30,210.03711706868162,0.39729183045073374,0.7210811897106104,0.13330927226195952,1010818.8214962815,5861.894229168323,1016680.7157254498,2257,25,1078.0625,84,76,38,35.389871382636656,0.5916015625,40.83333333333334,7800.531098363588,92.86346545670938,8
2260,30.025081108932593,0,0,160,0.0,0.0,1.0,160,4250,2800,1450,0.6588235294117647,57,28,29,193.06644867496766,0.39720502489517817,0.6991323598404893,0.11917785558954284,1000657.6018755955,2388.6819067459173,1003046.2837823414,2258,26,1079.0625,85,75,38,36.83961803112047,0.5804036458333333,41.82412790697673,7751.751499962389,91.19707647014576,8
2261,30.195478032633066,0,0,160,0.0,0.0,1.0,160,4950,4100,850,0.8282828282828283,58,41,17,192.07119744422465,0.39734506027253674,0.6990144993203458,0.11900649431763093,1007381.8008537149,1747.8057546982845,1009129.6066084132,2259,27,1080.0625,88,72,37,36.72868524392083,0.5819010416666667,41.69007490636702,7799.791668775841,88.6339962360891,0
2262,30.044891396657015,1,0,161,0.006211180124223602,0.0,1.0,161,3950,2700,1250,0.6835443037974683,52,27,25,189.29470262797093,0.39841485507246377,0.6967594429929325,0.1178576690941209,1003710.1436649795,1849.4026339482853,1005559.5462989277,2260,0,1074.3478260869565,75,86,41,36.622932021846346,0.58300983436853,41.515899122807035,7766.126738617838,103.54835651490451,0
2263,30.1643329214115,2,1,162,0.012269938650306749,0.006134969325153374,0.9938650306748467,163,3150,2300,850,0.7301587301587301,40,23,17,190.28713675449447,0.40101997020879093,0.7024397625298213,0.11933539420049406,1009712.8627883483,2677.0739208358473,1012389.9367091842,2261,0,1062.153374233129,78,85,43,36.33438227250335,0.5846753578732107,41.25791139240508,7804.782501540879,100.06131412231896,0
2264,30.36557467884989,0,0,162,0.0,0.0,1.0,162,4400,3000,1400,0.6818181818181818,58,30,28,194.0602136256836,0.40056760089972654,0.7063687257704077,0.12199648723755074,1017125.2634956143,2676.7091836079207,1019801.9726792222,2262,1,1069.0740740740741,79,83,42,36.14905087701647,0.5857124485596708,41.171875000000014,7859.46475867423,99.48689567942064,0
2265,30.356965276484416,1,0,163,0.006134969325153374,0.0,1.0,163,4250,2900,1350,0.6823529411764706,56,29,27,191.00630452410144,0.40154384104622687,0.7037138553712492,0.1205435073247753,1017918.7097880488,2035.7782125113736,1019954.4880005601,2263,0,1063.5092024539877,83,80,37,36.08781664511804,0.587295501022495,41.0342261904762,7861.4150033336455,94.71584341365838,0
2266,30.77898156590887,1,1,163,0.006097560975609756,0.006097560975609756,0.9939024390243902,164,4450,3000,1450,0.6741573033707865,59,30,29,191.61403541739898,0.4027998590952167,0.7041803796041635,0.1213854720852616,1033136.7052390948,2342.698645740008,1035479.4038848348,2264,0,1058.0182926829268,86,78,38,35.93567082563155,0.5888592479674797,40.90038314176247,7974.822331013789,92.73049222109057,0
2267,30.496517396230526,1,0,164,0.006097560975609756,0.0,1.0,164,3850,2600,1250,0.6753246753246753,51,26,25,193.9599257730234,0.4025543668013367,0.7098730370865352,0.12333688659782889,1024709.2835261642,3100.507314332721,1027809.790840497,2265,0,1058.9939024390244,87,77,41,35.738964992389676,0.5908282520325203,40.76704545454547,7905.702307971723,90.87014147093934,0
2268,30.657475751037058,0,0,164,0.0,0.0,1.0,164,4250,3000,1250,0.7058823529411765,55,30,25,207.3144542143762,0.40261047932565214,0.7277381334470354,0.12809203458907156,1021998.4657827126,5325.010828334243,1027323.4766110468,2266,1,1059.9939024390244,83,81,41,36.437622066404096,0.5790142276422765,41.79067460317458,7916.046132044754,95.37404978367174,8
2269,30.702672675218068,2,0,166,0.012048192771084338,0.0,1.0,166,4700,3500,1200,0.7446808510638298,59,35,24,207.53354712364754,0.40367074358038213,0.7328174581945444,0.128887670267357,1024967.5002594292,4643.028203059588,1029610.5284624888,2267,0,1048.210843373494,68,98,42,36.24374367063956,0.581074297188755,41.60628019323672,7933.377800559078,116.66732059645703,0
2270,30.86841995302252,1,0,167,0.005988023952095809,0.0,1.0,167,4150,2700,1450,0.6506024096385542,56,27,29,201.67797018938197,0.40445765096313396,0.7242289337637773,0.125867877003545,1031902.8430458519,4072.414163628248,1035975.2572094802,2268,0,1042.9281437125749,74,93,43,36.2157794847004,0.5825224550898204,41.43055555555558,7981.630198130886,107.85986754230927,0
2271,30.671389356527133,1,0,168,0.005952380952380952,0.0,1.0,168,4700,3100,1600,0.6595744680851063,63,31,32,196.08800359103324,0.4052467980705256,0.7184994564478868,0.12301889330148494,1026790.5788702397,1968.2629433495108,1028758.8418135892,2269,0,1037.7142857142858,78,90,42,36.17084522353584,0.5838913690476191,41.24472573839664,7936.383764932632,101.74850980682862,0
2272,30.384215162713176,1,2,167,0.005917159763313609,0.011834319526627219,0.9881656804733728,169,4200,3000,1200,0.7142857142857143,54,30,24,192.29639583571114,0.4063351178735794,0.7136481141994668,0.12110027002334992,1018240.2697771165,1160.7867945844096,1019401.0565717008,2270,0,1032.5680473372781,85,84,47,36.13112504288699,0.5853673570019724,41.10949612403101,7866.184773350682,92.5433502747139,0
2273,30.29761830602768,0,2,165,0.0,0.011976047904191617,0.9880239520958084,167,4200,3000,1200,0.7142857142857143,54,30,24,195.96379970934046,0.4056765986100089,0.7158992360107359,0.1235423954689322,1015636.8381445046,2205.6107855155674,1017842.4489300201,2271,1,1035.5149700598802,83,84,38,35.99736590038315,0.5862025948103793,41.07142857142858,7844.919025667897,94.51709669479393,0
2274,30.030438195473053,0,0,165,0.0,0.0,1.0,165,4300,2800,1500,0.6511627906976745,58,28,30,199.4911197521717,0.40439147573293915,0.7192948249248505,0.1261189621484074,1007451.9762003251,2895.5445657484024,1010347.5207660735,2272,3,1048.6363636363637,83,82,40,35.80484807864166,0.5876262626262626,40.972222222222236,7778.717671466317,93.71949001766647,0
2275,29.72369889534786,0,0,165,0.0,0.0,1.0,165,3350,2000,1350,0.5970149253731343,47,20,27,195.1193984178098,0.4042605937423011,0.712126953187902,0.12364799124919004,997806.9768571014,2588.2994122903747,1000395.2762693918,2273,4,1049.6363636363637,86,79,40,35.83264020455005,0.588510101010101,40.88840996168584,7701.754882593699,89.55528933248488,0
2276,29.486249254335668,0,0,165,0.0,0.0,1.0,165,4400,2800,1600,0.6363636363636364,60,28,32,194.8085920680822,0.40438069721606307,0.7116339100459061,0.11352984015895766,966671.5676688772,263.1854179642296,966934.7530868414,2274,5,1050.6363636363637,82,83,38,38.94995017072653,0.5565656565656565,43.938253012048214,7550.300496187438,92.07683531935899,8
2277,29.25944203954617,1,0,166,0.006024096385542169,0.0,1.0,166,5200,4000,1200,0.7692307692307693,64,40,24,195.89619180714413,0.40590315808689303,0.7158118455128912,0.1146657140227817,960467.3803976947,-769.6195650214272,959697.7608326732,2275,0,1045.301204819277,86,80,38,38.75457554517134,0.5580446787148594,43.77394636015327,7497.031365496772,87.17478331972991,0
2278,29.285561169763763,1,0,167,0.005988023952095809,0.0,1.0,167,4250,2900,1350,0.6823529411764706,56,29,27,194.80493458759298,0.40696318206959575,0.7166051182462936,0.11440156929295822,962244.0579684838,-160.0218460301071,962084.0361224536,2276,0,1040.0359281437127,73,94,43,38.65766798455145,0.5595059880239521,43.65146396396394,7507.310732862674,102.83987305291333,0
2279,29.020540288381003,3,0,170,0.01764705882352941,0.0,1.0,170,5300,3800,1500,0.7169811320754716,68,38,30,191.58153207769766,0.4094507773523611,0.7176730441508867,0.11357214575178418,956140.0819445752,-2664.243644032837,953475.8383005423,2277,0,1022.6647058823529,78,92,43,38.383822169714406,0.5618259803921568,43.301687763713055,7449.523712212511,95.50671425913475,0
2280,28.98053833411107,0,1,169,0.0,0.0058823529411764705,0.9941176470588236,170,4650,3400,1250,0.7311827956989247,59,34,25,191.66831992380887,0.40911068569439607,0.7173915669563868,0.11402918556737664,955803.3034788414,-2010.5573289172721,953792.7461499241,2278,1,1023.6647058823529,78,92,36,38.247210528117165,0.5633578431372549,43.169831223628655,7443.076551579764,95.42405835358672,0
2281,28.98606883543429,1,0,170,0.0058823529411764705,0.0,1.0,170,5900,4500,1400,0.7627118644067796,73,45,28,202.32528997336016,0.40984235410140385,0.7380449666646347,0.11394696941913897,940665.1680818966,-1835.9294199980004,938829.2386618986,2279,0,1024.6529411764707,74,96,38,40.08159334169257,0.5397671568627451,45.23611111111112,7384.603620116291,99.79194081238231,8
2282,29.232052239657452,1,0,171,0.005847953216374269,0.0,1.0,171,3900,2800,1100,0.717948717948718,50,28,22,206.34985920205912,0.41087461300309597,0.7433694280126595,0.1168917932529336,950310.0413714403,1119.2686470598287,951429.3100185001,2280,0,1019.6549707602339,79,92,39,39.75136810839327,0.5416666666666667,45.01302083333332,7453.792695432427,94.35180627129654,0
2283,29.107659340858547,3,0,174,0.017241379310344827,0.0,1.0,174,4350,3100,1250,0.7126436781609196,56,31,25,207.5084427479326,0.41334670453790445,0.7492099994699359,0.11865442192827991,948919.3284762403,231.75442910351694,949151.0829053439,2281,0,1003.0574712643678,68,106,42,39.357189310630226,0.5440014367816092,44.65579710144926,7432.472072634048,109.30105989167718,0
2284,29.67207047411518,3,2,175,0.01694915254237288,0.011299435028248588,0.9887005649717514,177,5150,4100,1050,0.7961165048543689,62,41,21,204.71741289920877,0.41639113593562743,0.7504274416954793,0.11823265389900378,970185.5361512324,-827.2254013774846,969358.3107498549,2282,0,987.0395480225989,74,103,40,39.042698602360794,0.546433615819209,44.277777777777786,7587.807799575139,102.53794323750188,0
2285,29.53910182707279,3,0,178,0.016853932584269662,0.0,1.0,178,4750,3100,1650,0.6526315789473685,64,31,33,204.25825557949798,0.41896517065532496,0.7468283614417841,0.11750674551018359,964721.0011638711,-939.554236271812,963781.4469275994,2283,0,979.8202247191011,73,105,41,39.20535910993608,0.5475187265917603,44.425675675675706,7549.43599060161,103.41693137810424,8
2286,29.295028775362866,4,2,180,0.02197802197802198,0.01098901098901099,0.989010989010989,182,5550,4000,1550,0.7207207207207207,71,40,31,200.01043133470893,0.4227183382915427,0.748199601306502,0.11627539998157113,959711.1654976372,-3559.5511664159335,956151.6143312213,2284,0,959.2637362637363,77,105,41,38.91079068190116,0.5500801282051282,44.03044871794875,7498.635370424488,97.38487494057777,0
2287,29.021320873655377,3,0,183,0.01639344262295082,0.0,1.0,183,5600,3900,1700,0.6964285714285714,73,39,34,206.7653274055548,0.42265157429091854,0.7571490847692173,0.12098201010857737,952545.5235780893,-2809.322589735829,949736.2009883535,2285,0,954.9945355191256,81,102,42,38.49053621894986,0.5520833333333333,43.78810975609758,7435.60747841412,91.79762319029778,0
2288,28.982879618336142,1,1,183,0.005434782608695652,0.005434782608695652,0.9945652173913043,184,5550,3800,1750,0.6846846846846847,73,38,35,207.98105672563773,0.4241636225944405,0.7602245286725753,0.1226351708173461,953420.0680499234,-2691.3373487096055,950728.7307012138,2286,0,950.7989130434783,70,114,40,38.16588495490859,0.5539515398550725,43.50058685446008,7434.091613371021,106.20130876244315,0
2289,29.073640742371506,3,1,185,0.016129032258064516,0.005376344086021506,0.9946236559139785,186,5100,3600,1500,0.7058823529411765,66,36,30,206.86055277935205,0.42524278310568636,0.7617544360288393,0.12334344608579766,959491.595811126,-2603.807620673804,956887.7881904523,2287,0,941.5322580645161,76,110,36,37.772607199901714,0.5569556451612903,43.0871212121212,7469.3927399671875,98.28148342062089,0
2290,29.53230448804326,2,0,187,0.0106951871657754,0.0,1.0,187,5950,3800,2150,0.6386554621848739,81,38,43,208.42776383512614,0.42648975523738336,0.7671779245371986,0.12533935933710344,977003.6518077508,-2623.062718991758,974380.589088759,2288,0,937.4866310160428,78,109,44,37.4129630578908,0.5594362745098039,42.77426160337552,7596.468828490857,97.39062600629303,0
2291,29.458302808871,0,1,186,0.0,0.0053475935828877,0.9946524064171123,187,4700,3100,1600,0.6595744680851063,63,31,32,207.18163873450786,0.42609922756981583,0.7654878093160444,0.12529995214677683,976132.032466951,-1652.6731784501326,974479.3592885009,2289,1,938.4866310160428,65,122,43,37.232734044509826,0.5611073975044563,42.5662878787879,7583.560244878427,116.67015761351425,0
2292,29.223409198501365,1,1,186,0.0053475935828877,0.0053475935828877,0.9946524064171123,187,6200,4400,1800,0.7096774193548387,80,44,36,203.13994978964877,0.4259255266133824,0.7607511803755913,0.12347868554712,969736.6933896906,-4201.547359127491,965535.1460305632,2290,0,939.4598930481284,66,121,44,37.148586803460084,0.5625,42.381840796019915,7528.480883382607,114.06789217246374,0
2293,29.082413150971007,1,2,185,0.0053475935828877,0.0106951871657754,0.9893048128342246,187,5650,4000,1650,0.7079646017699115,73,40,33,201.3406218495212,0.4266778314453836,0.7585660758783386,0.12306711309757101,966571.1205825794,-4127.993904022853,962443.1266785566,2291,0,939.3048128342245,68,119,38,36.9889868056369,0.5644496434937611,42.17995169082127,7498.029163530866,110.26513475780685,0
2294,29.075063975310552,0,1,184,0.0,0.005405405405405406,0.9945945945945946,185,5150,3700,1450,0.7184466019417476,66,37,29,205.50711983899996,0.4258862122992558,0.7625331926812422,0.12619156201684048,967572.0963846825,-2381.409047080117,965190.6873376024,2292,2,948.8810810810811,68,117,40,36.712090623598066,0.565990990990991,42.01388888888889,7500.962685297135,110.3082747837814,0
2295,29.128232124285237,1,0,185,0.005405405405405406,0.0,1.0,185,4650,3100,1550,0.6666666666666666,62,31,31,204.96660284330912,0.4262828045436741,0.7617723186902225,0.12651778027460622,970755.314536988,-1855.516197452907,968899.7983395351,2293,0,949.8648648648649,71,114,42,36.53410152236855,0.5675675675675675,41.8258101851852,7520.157729425231,105.91771449894692,0
2296,29.54624666341574,1,0,186,0.005376344086021506,0.0,1.0,186,4950,3400,1550,0.6868686868686869,65,34,31,204.59867779364572,0.42658747457134555,0.7632107598913114,0.12696458365624153,986145.4556962599,-1797.1887304666338,984348.2669657932,2294,0,945.752688172043,64,122,41,36.34849377661993,0.5691084229390682,41.63461538461538,7633.727383134426,119.27699036147541,0
2297,30.10042191241073,2,1,187,0.010638297872340425,0.005319148936170213,0.9946808510638298,188,4900,3200,1700,0.6530612244897959,66,32,34,201.32563119139843,0.42784719061705917,0.7615778051949529,0.12584156354699616,1006657.0440665215,-1966.8270420082376,1004690.2170245132,2295,0,936.6808510638298,67,121,44,36.16884094453987,0.5709773936170213,41.375612745098024,7784.70317321122,116.18959960016747,0
2298,30.615014322664546,0,0,187,0.0,0.0,1.0,187,4800,3100,1700,0.6458333333333334,65,31,34,203.08371348627105,0.4270192436700975,0.7617891858648209,0.12710421000478758,1024230.6069721634,-599.088973959259,1023631.5179982042,2296,1,942.620320855615,67,120,47,36.07648347743692,0.5718582887700534,41.32965686274509,7919.196259995597,118.19695910441189,0
2299,31.07918260098818,0,0,187,0.0,0.0,1.0,187,4650,3400,1250,0.7311827956989247,59,34,25,203.85553023141298,0.4268227818986832,0.7618340720916619,0.1280872609026273,1040878.6481481538,387.77374495954973,1041266.4218931133,2297,2,943.620320855615,69,118,45,35.91450091996321,0.5731951871657754,41.190476190476176,8043.5884493509575,116.5737456427675,0
2300,31.585794746670366,1,1,187,0.005319148936170213,0.005319148936170213,0.9946808510638298,188,4550,2900,1650,0.6373626373626373,62,29,33,204.33260308895473,0.4278169681799218,0.7639815931601177,0.12923261244463913,1059748.9744675844,1158.253314762319,1060907.2277823468,2298,0,939.5957446808511,71,117,36,35.66467699897608,0.5748005319148937,40.957754629629626,8182.055192985135,115.24021398570613,0
2301,31.964034638609984,0,0,187,0.0,0.0,1.0,187,4750,3600,1150,0.7578947368421053,59,36,23,203.87662752534047,0.4269857014164415,0.7624709440346475,0.12906499474721325,1072713.5310569536,1590.2434025382604,1074303.774459492,2299,4,945.620320855615,72,115,37,35.64271682455756,0.5756461675579323,40.92465753424657,8281.093220585075,115.01518361923715,0
2302,32.34377672425127,0,0,187,0.0,0.0,1.0,187,4850,2900,1950,0.5979381443298969,68,29,39,204.73992322656505,0.4268012190213329,0.7624066892909167,0.1302034298815619,1086805.2565680828,2252.484958395362,1089057.7415264782,2300,5,946.620320855615,74,113,38,35.45629074024467,0.5769830659536541,40.76388888888889,8384.674896640983,113.30641752217545,0
2303,32.37367660777286,0,1,186,0.0,0.0053475935828877,0.9946524064171123,187,5800,4000,1800,0.6896551724137931,76,40,36,209.47258811381616,0.426716165449562,0.7677988781668073,0.1339206896470943,1089373.4877182215,2438.7767789820623,1091812.2644972035,2301,6,947.620320855615,65,122,40,35.143464439982964,0.5785427807486632,40.577651515151516,8398.455214677437,129.2070033027298,0
2304,32.046605508871366,0,1,185,0.0,0.005376344086021506,0.9946236559139785,186,5000,3400,1600,0.68,66,34,32,212.47637051039706,0.4263404533565824,0.7705505807890105,0.13633140511289416,1079417.505748836,3670.1427773796113,1083087.6485262157,2302,7,953.6827956989247,65,121,38,34.936594202898554,0.5799731182795699,40.451388888888886,8317.651950653239,127.96387616389597,0
2305,32.21266126068159,0,0,185,0.0,0.0,1.0,185,5900,4500,1400,0.7627118644067796,73,45,28,215.30693620563576,0.42517871132001567,0.7723274631276233,0.1334349555727826,1074750.0407101251,3380.2276904360037,1078130.268400561,2303,8,959.7891891891892,69,116,44,36.11977216429516,0.5680743243243243,41.68154761904763,8321.12480393115,120.5960116511761,8
2306,32.33331173864376,2,1,186,0.0106951871657754,0.0053475935828877,0.9946524064171123,187,5350,3600,1750,0.6728971962616822,71,36,35,210.33663740071356,0.42591953692522955,0.769873993634578,0.13150654242981658,1081405.973181491,2741.859212808226,1084147.8323942993,2304,0,950.5133689839572,65,122,46,35.9267890197514,0.5702985739750446,41.36679292929293,8362.468110182373,128.65335554126727,0
2307,32.802274508512305,1,0,187,0.0053475935828877,0.0,1.0,187,4800,3200,1600,0.6666666666666666,64,32,32,206.52210989097705,0.42677246851819906,0.7650249228985355,0.12995356397433308,1099030.1613869797,3194.8055526918997,1102224.9669396717,2305,0,950.8181818181819,68,119,46,35.792218269473814,0.5724153297682709,41.138285024154584,8491.253034381936,124.87136815267553,0
2308,32.43899332074408,0,0,187,0.0,0.0,1.0,187,4700,3500,1200,0.7446808510638298,59,35,24,209.09117794931007,0.4270432024227091,0.7676552590047407,0.13202614379084954,1087888.7828831556,3393.5894181758936,1091282.3723013315,2306,1,951.8181818181819,71,116,42,35.600490196078454,0.5734180035650625,41.015624999999986,8401.192410802047,118.32665367326827,0
2309,32.29922704510689,0,0,187,0.0,0.0,1.0,187,4700,3700,1000,0.7872340425531915,57,37,20,209.18367370810714,0.42705398386138427,0.7677513675115402,0.13230073040422616,1083685.6571657367,3237.8693821423894,1086923.526547879,2307,2,952.8181818181819,71,116,42,35.539013776412546,0.5741978609625669,40.95775462962961,8366.864297491842,117.84315911960341,0
2310,31.82980896962426,0,1,186,0.0,0.0053475935828877,0.9946524064171123,187,6300,4700,1600,0.746031746031746,79,47,32,206.7547107745829,0.426843146838403,0.7659374405601123,0.13142519844369782,1069403.4413637458,520.8398441007721,1069924.2812078467,2308,3,953.8181818181819,73,114,44,35.42034346999729,0.576147504456328,40.77984234234233,8250.928099319088,113.02641231943956,0
2311,31.82057346993031,3,0,189,0.015873015873015872,0.0,1.0,189,6150,4900,1250,0.7967479674796748,74,49,25,206.14103253909687,0.42780099628503887,0.7676335263393788,0.13227655162453267,1071826.1865466745,239.47135943466765,1072065.6579061092,2309,0,944.5555555555555,64,125,46,35.09830102082816,0.5784832451499118,40.448717948717935,8259.0706397274,129.04797874574064,0
2312,31.585431415614067,0,1,188,0.0,0.005291005291005291,0.9947089947089947,189,5100,3600,1500,0.7058823529411765,66,36,30,202.50505023645337,0.4278748733535968,0.7635099091799182,0.13052176269646837,1065178.160848561,240.7913946821409,1065418.952243243,2310,1,945.5555555555555,65,124,47,35.034374050440576,0.5796957671957672,40.2935606060606,8202.939929670596,126.1990758410861,0
2313,31.869710324062304,0,1,187,0.0,0.005319148936170213,0.9946808510638298,188,5850,4100,1750,0.7008547008547008,76,41,35,202.3633359496793,0.4275716331019836,0.7623937925707471,0.13125768671231475,1076587.0212324422,122.34821134498588,1076709.3694437873,2311,2,951.3670212765958,67,121,46,34.81357064277858,0.5811170212765957,40.0735294117647,8283.78132320295,123.63852721198433,0
2314,32.04869822248256,0,0,187,0.0,0.0,1.0,187,5200,3300,1900,0.6346153846153846,71,33,38,202.34642389825453,0.42721929925440366,0.7613879357305771,0.131536800184798,1083271.5290578767,1239.2240031311599,1084510.753061008,2312,3,954.5401069518716,67,120,42,34.73586725976551,0.5828319964349375,39.99693627450981,8332.75972625914,124.3695481531215,0
2315,31.86514105263102,0,0,187,0.0,0.0,1.0,187,5350,3500,1850,0.6542056074766355,72,35,37,200.32547124657125,0.42723008069307883,0.7593255355466941,0.13062697779442342,1077955.7411755295,438.39836678710026,1078394.1395423166,2313,4,955.5401069518716,67,120,44,34.67903415783274,0.5841688948306596,39.88970588235295,8288.451211300184,123.7082270343311,0
2316,32.34250464263944,0,0,187,0.0,0.0,1.0,187,5200,3600,1600,0.6923076923076923,68,36,32,199.7080624938848,0.4271977363770532,0.7588696250135387,0.1304554512844668,1094619.8623086286,1120.8823737958187,1095740.7446824245,2314,5,956.5401069518716,67,120,45,34.63259538389073,0.5851158645276293,39.82843137254902,8414.600166216118,125.59104725695698,0
2317,31.989700585469507,0,1,186,0.0,0.0053475935828877,0.9946524064171123,187,5900,4600,1300,0.7796610169491526,72,46,26,199.75557383040922,0.42704200448507845,0.7594374472276946,0.13087434147509575,1083531.7987759896,-11.696754401344606,1083520.1020215882,2315,6,957.5401069518716,72,115,45,34.52690972222222,0.5867312834224598,39.726027397260275,8326.086453752341,115.64008963544919,0
2318,32.25517509530547,0,1,185,0.0,0.005376344086021506,0.9946236559139785,186,4700,3700,1000,0.7872340425531915,57,37,20,200.5161555337128,0.426492419839194,0.7590022745504394,0.13153600235172694,1092883.1700544003,1928.1463413611832,1094811.3163957614,2316,7,963.6559139784946,72,114,46,34.463447166949905,0.5874215949820789,39.6832191780822,8396.563345657225,116.61893535635035,0
2319,32.55353386257107,1,0,186,0.005376344086021506,0.0,1.0,186,4250,2800,1450,0.6588235294117647,57,28,29,202.53809329472165,0.42629383415673733,0.7616523288532708,0.13350163282902525,1104390.8916591492,3286.245089740461,1107677.1367488897,2317,0,964.4731182795699,63,123,47,34.242481046405075,0.5885416666666667,39.51822916666668,8479.602147405416,134.59685948262566,0
2320,32.71222797022998,0,0,186,0.0,0.0,1.0,186,6700,5200,1500,0.7761194029850746,82,52,30,218.04564615279105,0.4258906083502858,0.774371472896348,0.13885330834155757,1099590.745172206,4052.1949069402326,1103642.9400791463,2318,1,965.4731182795699,79,107,41,35.062574281457636,0.5784610215053764,40.716145833333314,8481.752546499816,107.3639562848078,8
2321,33.040821433571246,0,3,183,0.0,0.016129032258064516,0.9838709677419355,186,5950,4500,1450,0.7563025210084033,74,45,29,221.3599240947046,0.42537113726629855,0.7782150139140716,0.14165285261238214,1112103.8860849286,6085.046361837185,1118188.9324467657,2319,2,966.4731182795699,64,122,42,34.80157504632489,0.5802531362007168,40.544871794871796,8572.610561049976,133.94704001640588,0
2322,33.48256094270264,0,0,183,0.0,0.0,1.0,183,5850,3900,1950,0.6666666666666666,78,39,39,216.85119457080913,0.4231995236093597,0.7696823120689917,0.13951579983904516,1128607.5205220708,6497.977805362078,1135105.498327433,2320,11,982.9890710382514,65,118,43,34.7262957672279,0.5817964480874317,40.356691919191924,8693.522886180586,133.74650594123977,0
2323,33.735733369801835,1,0,184,0.005434782608695652,0.0,1.0,184,5650,4200,1450,0.7433628318584071,71,42,29,211.9148273406902,0.4239062376257226,0.7652173913043467,0.13696933962264157,1138548.5754970873,5805.064959090916,1144353.6404561782,2321,0,978.6413043478261,67,117,43,34.69044811320753,0.5833899456521738,40.196078431372555,8764.675826468143,130.81605711146483,0
2324,34.03328972816015,0,1,183,0.0,0.005434782608695652,0.9945652173913043,184,5850,4000,1850,0.6837606837606838,77,40,37,211.4265411538755,0.4232504009265859,0.7645389802888642,0.13719682511816922,1149810.1633057995,5970.077162263832,1155780.2404680634,2322,1,979.6413043478261,67,117,46,34.56235144479148,0.5847486413043479,40.058210784313744,8846.674224833827,132.03991380348995,0
2325,33.84974739128942,1,1,183,0.005434782608695652,0.005434782608695652,0.9945652173913043,184,5950,4100,1850,0.6890756302521008,78,41,37,208.93710667477643,0.4227350122752831,0.76186006500397,0.136494097671129,1145654.1008775425,5123.93061748938,1150778.031495032,2323,0,980.3369565217391,72,112,44,34.38991115011244,0.5869565217391304,39.82591324200914,8806.827114517435,122.3170432571866,0
2326,33.888428471806805,0,0,183,0.0,0.0,1.0,183,4950,3500,1450,0.7070707070707071,64,35,29,212.35919502384726,0.42235007706319183,0.7644687270853989,0.13908286067289902,1147736.975777092,7196.500055026001,1154933.475832118,2324,1,976.7978142076503,73,110,45,34.211276524780516,0.5881716757741349,39.738175675675706,8819.864217556886,120.82005777475186,0
2327,33.436720328990454,0,1,182,0.0,0.00546448087431694,0.994535519125683,183,5350,3600,1750,0.6728971962616822,71,36,35,215.95322993569008,0.42212239036009525,0.767572178806075,0.14201784062125966,1133667.0181898875,7013.810849933961,1140680.8290398214,2325,2,977.7978142076503,75,108,47,33.973553432636834,0.5897654826958105,39.59703947368423,8707.020963959598,116.09361285279464,0
2328,33.65316028621949,0,0,182,0.0,0.0,1.0,182,5000,3800,1200,0.76,62,38,24,216.36926996494512,0.4215110396049622,0.7675237597268787,0.142780882370007,1142038.5809649674,8020.410807038222,1150058.9917720056,2326,3,984.1483516483516,59,123,48,33.84229641476742,0.5905448717948718,39.47916666666666,8767.349362066121,148.59914172993425,0
2329,34.02628469169862,0,0,182,0.0,0.0,1.0,182,5400,3900,1500,0.7222222222222222,69,39,30,217.4793364223421,0.42119482727217533,0.7685041686240248,0.14439012707297652,1156548.284668261,8505.070698010171,1165053.3553662712,2327,4,985.1483516483516,59,123,48,33.60051271807166,0.5916895604395604,39.27083333333333,8871.644852429328,150.36686190558183,0
2330,33.52754506269607,0,0,182,0.0,0.0,1.0,182,4500,2600,1900,0.5777777777777777,64,26,38,220.18192640665464,0.42110439054499826,0.7695174239389768,0.14661755546918423,1140478.047255496,9322.53069384295,1149800.577949339,2328,5,986.1483516483516,62,120,45,33.42696777601691,0.5925480769230769,39.169973544973544,8744.990465675108,141.04823331734045,0
2331,33.40444504032667,0,0,182,0.0,0.0,1.0,182,5700,3700,2000,0.6491228070175439,77,37,40,222.95926585179723,0.42068699026571954,0.7722836590677442,0.14911818017816783,1137587.587985582,8627.138691876313,1146214.7266774583,2329,6,987.1483516483516,62,120,48,33.20239905389425,0.5943795787545787,39.02116402116401,8717.853183143436,140.6105352119909,0
2332,33.02780823403793,0,0,182,0.0,0.0,1.0,182,5100,3900,1200,0.7647058823529411,63,39,24,227.54726913860642,0.4207312599923097,0.7751745216296191,0.1526131149253621,1125579.21983098,9724.495534340671,1135303.7153653207,2330,7,988.1483516483516,64,118,46,32.98562089497268,0.5952953296703296,38.92628205128206,8622.692691357579,134.72957330246217,0
2333,33.14092187093783,0,0,182,0.0,0.0,1.0,182,4100,2800,1300,0.6829268292682927,54,28,26,229.50717434662482,0.42056556472992934,0.776077877438341,0.15463397250624247,1130774.1762532466,11404.157203203009,1142178.3334564497,2331,8,989.1483516483516,67,115,44,32.77606335151192,0.5965544871794872,38.771446078431374,8657.355095972784,129.2142551637729,0
2334,33.02443761702196,0,1,181,0.0,0.005494505494505495,0.9945054945054945,182,5200,3600,1600,0.6923076923076923,68,36,32,234.56702778468895,0.4202980490963916,0.7809507922624794,0.15869082585497074,1127989.4005510185,11317.824211977058,1139307.2247629955,2332,9,990.1483516483516,67,115,44,32.50278396436524,0.5977564102564102,38.63357843137255,8631.479084277398,128.82804603399103,0
2335,33.28873533329703,0,1,180,0.0,0.0055248618784530384,0.994475138121547,181,4050,3000,1050,0.7407407407407407,51,30,21,235.80944696600224,0.41981276856967464,0.781819531242137,0.15982640294362346,1137557.609772227,13399.366170471156,1150956.975942698,2333,10,996.4640883977901,69,112,44,32.40669588646019,0.5988144567219154,38.57142857142856,8702.626522847639,126.12502207025564,0
2336,33.360695319977786,0,1,179,0.0,0.005555555555555556,0.9944444444444445,180,5300,4100,1200,0.7735849056603774,65,41,24,237.1419006417171,0.419569237533623,0.7823020266114653,0.1612956894447375,1141046.3588243895,12817.980450385028,1153864.3392747745,2334,11,1002.7833333333333,58,122,44,32.25102380630934,0.6000578703703704,38.453389830508456,8725.376773837372,150.43753058340297,0
2337,33.31670604413111,0,0,179,0.0,0.0,1.0,179,4900,3600,1300,0.7346938775510204,62,36,26,237.17310058782977,0.4186844830832967,0.7814872166690618,0.161572130179764,1140003.3663205532,13375.626614161694,1153378.992934715,2335,12,1009.1061452513967,58,121,42,32.195985467143586,0.6010824022346368,38.40042372881355,8715.636183896353,150.26958937752332,0
2338,33.04612497096922,0,0,179,0.0,0.0,1.0,179,4450,3000,1450,0.6741573033707865,59,30,29,237.72161873279094,0.4188401021070031,0.7826452700525426,0.16245954608004376,1131660.8016374323,13554.047524339516,1145214.8491617718,2336,13,1010.1061452513967,58,121,44,32.07318581483729,0.6025372439478585,38.294491525423716,8648.352938641863,149.1095334248597,0
2339,33.45094821117552,0,0,179,0.0,0.0,1.0,179,4950,3600,1350,0.7272727272727273,63,36,27,234.39881618277477,0.41883487121544993,0.7796746262611072,0.1608588969708733,1146743.28422352,13009.053657507904,1159752.337881028,2337,14,1011.1061452513967,61,118,44,32.01763180408512,0.604050279329609,38.15524193548386,8758.955441383881,143.58943346530953,0
2340,33.73202524454993,1,0,180,0.005555555555555556,0.0,1.0,180,4600,3100,1500,0.6739130434782609,61,31,30,230.15785573840355,0.4192375336230085,0.7770460897537301,0.15899757443961174,1158322.2393929905,12719.392574559224,1171041.6319675497,2338,0,1006.4833333333333,66,114,44,31.903698979591827,0.6056712962962962,37.93532338308457,8839.9722873466,133.93897405070607,0
2341,33.360276796048126,1,0,181,0.0055248618784530384,0.0,1.0,181,4750,3600,1150,0.7578947368421053,59,36,23,232.4979256452673,0.4195467567014528,0.7784940459405918,0.1617071238726494,1147517.4860939416,12409.087031702744,1159926.5731256444,2339,0,1001.9171270718232,73,108,41,31.612987262741747,0.6075046040515654,37.71114864864866,8750.028681598627,119.86340659724146,0
2342,33.654396578133024,0,0,181,0.0,0.0,1.0,181,4550,3300,1250,0.7252747252747253,58,33,25,230.82627180059345,0.4194495600572949,0.777190068811874,0.161107144499539,1158651.6999164158,12739.450441425177,1171391.150357841,2340,1,1002.9171270718232,75,106,43,31.538967963785172,0.6085980662983426,37.59594298245614,8831.05019857944,117.7473359810592,0
2343,33.8970053133461,1,0,182,0.005494505494505495,0.0,1.0,182,6300,5000,1300,0.7936507936507936,76,50,26,235.81006141358938,0.42010326229939493,0.7821866972170779,0.16600136470965654,1169502.78904195,12456.104901469318,1181958.8939434192,2341,0,998.4010989010989,61,121,42,31.120816011086244,0.6104624542124542,37.315188172043015,8904.228462267587,145.9709583978293,0
2344,33.303761950384086,0,1,181,0.0,0.005494505494505495,0.9945054945054945,182,4850,3500,1350,0.7216494845360825,62,35,27,236.04559002353864,0.41968017019812603,0.7835204174461345,0.1668531931648541,1150211.0711202004,13050.450186834933,1163261.5213070353,2342,1,999.4010989010989,61,121,43,30.977047774297336,0.6116643772893773,37.18077956989248,8752.86875318984,143.4896516916367,0
2345,33.15103139566188,0,0,181,0.0,0.0,1.0,181,5300,3900,1400,0.7358490566037735,67,39,28,236.50925358301427,0.4193395743810108,0.7813590870696814,0.16809672414685362,1146483.9008541335,12730.810327190818,1159214.7111813244,2343,2,1000.9668508287293,64,117,42,30.783087563219787,0.6133747697974217,37.00320512820513,8718.615003753328,136.22835943364575,0
2346,33.30063105975284,0,0,181,0.0,0.0,1.0,181,4850,3500,1350,0.7216494845360825,62,35,27,239.03010042976155,0.41929481276856967,0.7846650081311319,0.17030894655620532,1152359.4707908095,14039.720006862855,1166399.1907976724,2344,3,1001.9668508287293,64,117,44,30.63474658869394,0.6144106813996317,36.92307692307693,8760.627555719604,136.8848055581188,0
2347,33.544961248250026,0,0,181,0.0,0.0,1.0,181,4700,3200,1500,0.6808510638297872,62,32,30,239.77949696659147,0.41918099038264783,0.7859399447547446,0.17143659898486455,1161804.6363129115,14815.386253712815,1176620.0225666245,2345,4,1002.9668508287293,64,117,39,30.50016237390652,0.6160220994475138,36.810897435897445,8828.66824647454,137.9479413511647,0
2348,33.77021937699407,0,0,181,0.0,0.0,1.0,181,4700,3000,1700,0.6382978723404256,64,30,34,237.36498419660674,0.41909018825455285,0.7834771747814242,0.1700340664201198,1170153.0466035835,14650.671882933975,1184803.7184865174,2346,5,1003.9668508287293,67,114,39,30.50073950150324,0.6171155616942909,36.74938725490195,8890.030943530046,132.68702900791112,0
2349,33.465922122898775,0,1,180,0.0,0.0055248618784530384,0.994475138121547,181,5600,4000,1600,0.7142857142857143,72,40,32,240.43460999032257,0.4186540822590546,0.7852087618703778,0.17282166342320437,1160577.3764212301,14008.593772685934,1174585.970193916,2347,6,1004.9668508287293,68,113,40,30.30739466895958,0.6182665745856354,36.63949275362318,8813.602225754346,129.61179743756392,0
2350,33.083289397581545,0,0,180,0.0,0.0,1.0,180,4550,3000,1550,0.6593406593406593,61,30,31,241.9433112621657,0.4186174477550176,0.7860161912830652,0.17448498272491403,1148238.2352645257,15011.712151544922,1163249.9474160706,2348,7,1005.3333333333334,69,111,40,30.15832391979666,0.6192708333333333,36.53273809523809,8716.363672383635,126.32411119396573,0
2351,33.294056123979395,0,0,180,0.0,0.0,1.0,180,5450,4300,1150,0.7889908256880734,66,43,23,245.1975708026161,0.4184493327126009,0.7886909280345318,0.1775363594608657,1156670.9749799382,15272.582656594765,1171943.557636533,2349,8,1006.3333333333334,58,122,41,29.942090868497402,0.6203125,36.40536723163841,8776.134497369552,151.3126637477509,0
2352,32.82392696126523,0,0,180,0.0,0.0,1.0,180,4250,2600,1650,0.611764705882353,59,26,33,239.49141036648214,0.4184228222636044,0.7828140199972198,0.17415576902236593,1141532.5577275313,14427.448445884731,1155960.006173416,2350,9,1007.3333333333334,59,121,39,29.95119094639367,0.6216435185185185,36.2673611111111,8656.740876190612,146.72442163034935,0
2353,32.46167097501382,0,0,180,0.0,0.0,1.0,180,4650,2900,1750,0.6236559139784946,64,29,35,239.73072810269107,0.4180400372439479,0.7832163434822039,0.17480557314052245,1129677.4996177172,13513.681900916468,1143191.1815186336,2351,10,1008.3333333333334,59,121,42,29.855992805124163,0.6225694444444445,36.18055555555555,8564.020002366478,145.152881396042,0
2354,32.55235246923728,0,0,180,0.0,0.0,1.0,180,5800,4400,1400,0.7586206896551724,72,44,28,238.2506611519013,0.41767471032485,0.7793754862437223,0.17441369462704415,1133910.8440514817,12231.001656515138,1146141.8457079967,2352,11,1009.3333333333334,61,119,41,29.766603012942902,0.6240162037037037,36.05510752688171,8592.027172239872,140.85290446294871,0
2355,32.711304102963794,0,0,180,0.0,0.0,1.0,180,4450,2900,1550,0.651685393258427,60,29,31,237.3253023745727,0.4173753362300849,0.7798042407546546,0.1745193245638431,1140677.567711298,13692.329733795137,1154369.897445093,2353,12,1010.3333333333334,62,118,45,29.64523854244928,0.6253472222222223,35.91269841269841,8638.640031953331,139.33290374118278,0
2356,32.93410904612712,0,0,180,0.0,0.0,1.0,180,5200,3600,1600,0.6923076923076923,68,36,32,237.2783254622917,0.41721692013242295,0.7802250429615014,0.17479754625181737,1148939.1544807039,13323.671726648605,1162262.8262073526,2354,13,1011.3333333333334,63,117,43,29.5885580339721,0.6266782407407407,35.85611979166667,8699.343354648401,138.08481515314924,0
2357,33.25010986283952,0,0,180,0.0,0.0,1.0,180,5350,3900,1450,0.7289719626168224,68,39,29,236.70305365466717,0.41646751500103457,0.7805907952539302,0.1751861524724015,1161250.0589192424,13624.287000569439,1174874.3459198119,2355,14,1012.3333333333334,63,117,39,29.453801781828627,0.6278935185185186,35.70963541666667,8787.683658085756,139.4870421918374,0
2358,33.524555020061904,0,1,179,0.0,0.005555555555555556,0.9944444444444445,180,4700,3300,1400,0.7021276595744681,61,33,28,237.9007888996965,0.4163071591144217,0.7825260846781952,0.17656518010008032,1171612.9584610008,15045.529420595893,1186658.4878815967,2356,15,1013.3333333333334,65,115,39,29.332266232861716,0.6288194444444444,35.62184343434343,8863.160055887889,136.35630855212136,0
2359,32.953677771446294,1,0,180,0.005555555555555556,0.0,1.0,180,4850,3600,1250,0.7422680412371134,61,36,25,236.6544414144875,0.41560948168839235,0.7818646016924782,0.1766264760481424,1153190.7567866081,13731.542878336903,1166922.299664945,2357,0,1013.2444444444444,69,111,41,29.185650804364915,0.6308449074074074,35.44642857142856,8718.01314614243,126.34801661075986,0
2360,33.20003395121202,0,0,180,0.0,0.0,1.0,180,5100,3300,1800,0.6470588235294118,69,33,36,235.91047182094312,0.4152389819987585,0.7810586176727896,0.17623899953682257,1162073.2369772128,13729.049125157126,1175802.28610237,2358,1,1014.2444444444444,70,110,41,29.17486876640419,0.6319444444444444,35.41666666666667,8784.17564959153,125.48822356559329,0
2361,33.12979571950146,0,1,179,0.0,0.005555555555555556,0.9944444444444445,180,5000,3400,1600,0.68,66,34,32,233.80950751275907,0.41477860542106354,0.7790142350483409,0.1753188012071077,1160629.5044287746,13273.242567053718,1173902.7469958283,2359,2,1015.2444444444444,62,118,41,29.112009911091672,0.6331018518518519,35.30092592592591,8769.426251215227,141.4423588905682,0
2362,33.57322417548794,0,0,179,0.0,0.0,1.0,179,4900,3500,1400,0.7142857142857143,63,35,28,232.68303131430312,0.41435330487728333,0.777304769720464,0.1751042053415222,1177160.6781540334,14081.062987376179,1191241.7411414096,2360,3,1018.5810055865921,63,116,39,29.02709485761112,0.6346601489757915,35.18880208333333,8890.565711835747,141.12009066405946,0
2363,33.702301840310994,0,0,179,0.0,0.0,1.0,179,4800,3300,1500,0.6875,63,33,30,229.2857884461822,0.4143219195279644,0.773786265138648,0.17309162767857414,1182558.179897497,13628.756932255912,1196186.9368297528,2361,4,1019.5810055865921,63,116,42,29.01716228393543,0.6360567970204842,35.09114583333333,8928.038163295922,141.71489148088764,0
2364,34.00635344460368,0,0,179,0.0,0.0,1.0,179,5750,4400,1350,0.7652173913043478,71,44,27,228.65850982153813,0.41379621492687213,0.7735888040580412,0.1731802001990725,1194133.4247618802,13059.753886828094,1207193.1786487084,2362,5,1020.5810055865921,65,114,40,28.930863260079807,0.6373952513966481,34.9905303030303,9012.00569268212,138.64624142587877,0
2365,34.027025298325185,0,0,179,0.0,0.0,1.0,179,4900,3700,1200,0.7551020408163265,61,37,24,227.90131196821017,0.41349936183123054,0.7733724842706637,0.17304839221600596,1195571.0300546782,13794.441260128955,1209365.4713148072,2363,6,1021.5810055865921,65,114,42,28.87021711518615,0.6380353817504656,34.91161616161615,9020.169143160801,138.77183297170464,0
2366,33.6254925973925,0,0,179,0.0,0.0,1.0,179,4750,3800,950,0.8,57,38,19,231.06543836334626,0.41299065762768605,0.7764688801165391,0.17632869392954303,1182832.8023283498,14112.355996109005,1196945.1583244589,2364,7,1022.5810055865921,67,112,44,28.62913899316584,0.6394320297951583,34.7579656862745,8918.894061333487,133.11782181094756,0
2367,34.000271226205676,0,1,178,0.0,0.00558659217877095,0.994413407821229,179,4150,2700,1450,0.6506024096385542,56,27,29,230.33494569390697,0.4127408825560228,0.7753583182698525,0.17611614473500675,1196559.1907193253,15171.87924277611,1211731.0699621015,2365,8,1023.5810055865921,70,109,39,28.58693247801801,0.6401303538175047,34.69776995305163,9020.347778513435,128.8621111216205,0
2368,33.9893584044186,0,0,178,0.0,0.0,1.0,178,5550,3900,1650,0.7027027027027027,72,39,33,228.69660016913116,0.4123387873209336,0.7717596707435781,0.17530220379867775,1196867.9686742576,13593.927057427223,1210461.8957316848,2366,9,1017.056179775281,71,107,40,28.55182040378707,0.6412102059925093,34.62094907407406,9020.063674945723,127.0431503513482,0
2369,34.316362522498196,0,0,178,0.0,0.0,1.0,178,4150,3000,1150,0.7228915662650602,53,30,23,228.02722889643363,0.4121133011701475,0.7711861745145616,0.17521646175796568,1209063.2958521387,15389.870582710362,1224453.166434849,2367,10,1018.056179775281,72,106,40,28.49316418498809,0.6420880149812733,34.546232876712324,9109.407705565542,126.51955146618808,0
2370,34.386596394162275,0,0,178,0.0,0.0,1.0,178,4850,3800,1050,0.7835051546391752,59,38,21,230.27891437149555,0.4116623288685753,0.7721558422739987,0.17752653672135532,1212449.770085269,15390.323357040783,1227840.0934423096,2368,11,1019.056179775281,72,106,40,28.33120634067706,0.6429073033707865,34.446347031963455,9131.486285607269,126.82619841121206,0
2371,33.873553255031005,0,0,178,0.0,0.0,1.0,178,5300,3600,1700,0.6792452830188679,70,36,34,231.0166047809662,0.41094156668571064,0.7734804891520952,0.17899888326085425,1195746.03199073,14347.437698162024,1210093.469688892,2369,12,1020.056179775281,62,116,41,28.154039618336462,0.6440777153558053,34.29232804232803,9000.462976328481,145.16875768271743,0
2372,33.77451810136101,0,1,177,0.0,0.0056179775280898875,0.9943820224719101,178,4700,3400,1300,0.723404255319149,60,34,26,233.02892616185164,0.4107636905139762,0.7751226016928363,0.18124847827305668,1193288.9638169087,15314.169167808437,1208603.1329847171,2370,13,1021.056179775281,62,116,41,27.982132860608306,0.6449555243445693,34.17658730158729,8978.057663948079,144.8073816765819,0
2373,33.90194686324272,0,0,177,0.0,0.0,1.0,177,6150,4400,1750,0.7154471544715447,79,44,35,231.45129427666245,0.4100552666495463,0.7720131953865177,0.18046240012398396,1198458.339788902,13926.946776160194,1212385.2865650624,2371,14,1027.2994350282486,64,113,42,27.948333534233363,0.6461275894538606,34.102564102564095,9014.440742867344,140.85063660730225,0
2374,33.86129302574578,0,0,177,0.0,0.0,1.0,177,6300,4600,1700,0.7301587301587301,80,46,34,227.41362026839252,0.40973693502824854,0.7669663209219164,0.1781823200564434,1198348.161770808,12804.138762054441,1211152.3005328625,2372,15,1028.2994350282486,66,111,38,27.90500331151629,0.6473046139359699,33.955223880597,9008.620122148011,136.49424427496987,0
2375,33.42308009802026,0,0,177,0.0,0.0,1.0,177,4650,3200,1450,0.6881720430107527,61,32,29,226.3491056402238,0.40934503937681904,0.7661234817312592,0.17762333530639277,1183254.621896131,13515.72508216999,1196770.346978301,2373,16,1029.2994350282486,66,111,43,27.885626643295325,0.6480696798493408,33.90858208955223,8893.594774216668,134.75143597297983,0
2376,33.655188002608234,0,0,177,0.0,0.0,1.0,177,4900,3300,1600,0.673469387755102,65,33,32,224.00632846707492,0.40875385208012327,0.7640091879600439,0.17641373782313188,1192432.4682236542,13122.483830342415,1205554.9520539965,2374,17,1030.2994350282486,68,109,45,27.838309797916803,0.64924670433145,33.80132850241545,8958.966335295736,131.74950493081965,0
2377,33.840432572924975,0,0,177,0.0,0.0,1.0,177,4700,3400,1300,0.723404255319149,60,34,26,225.73219189731984,0.408256291730868,0.7659573662094692,0.17852094734362883,1200128.7515497026,14081.53872926144,1214210.290278964,2375,18,1031.2994350282486,69,108,37,27.663796073829875,0.6506002824858756,33.67559523809523,9012.533061869588,130.61642118651577,0
2378,33.30310203477636,0,0,177,0.0,0.0,1.0,177,5500,4100,1400,0.7454545454545455,69,41,28,225.3781795585134,0.40749925098442047,0.7657959267309733,0.17907745086750199,1182312.1990404557,12393.47421791207,1194705.673258368,2376,19,1032.2994350282486,71,106,37,27.530359792956155,0.6520127118644068,33.535879629629626,8874.081789301368,124.98706745494884,0
2379,33.01154363155092,0,0,177,0.0,0.0,1.0,177,5150,3800,1350,0.7378640776699029,65,38,27,230.1857556719458,0.4069522021058038,0.7712310492820738,0.18352966716635158,1172864.635334783,13445.346477087629,1186309.9818118706,2377,20,1033.2994350282486,72,105,38,27.29723159002908,0.653189736346516,33.43321917808219,8799.780915824806,122.21917938645564,0
2380,33.056025788228595,0,0,177,0.0,0.0,1.0,177,4700,2900,1800,0.6170212765957447,65,29,36,228.98673660309672,0.406513492980654,0.7711404431580977,0.18348706101518267,1175749.1947643466,13746.19423456145,1189495.388998908,2378,21,1034.2994350282486,64,113,39,27.177842536401684,0.6542490583804144,33.285256410256416,8816.529442203357,137.75827253442745,0
2381,32.971746458762375,0,1,176,0.0,0.005649717514124294,0.9943502824858758,177,5100,3600,1500,0.7058823529411765,66,36,30,228.85925103148546,0.40607745891114533,0.7715815900811989,0.18416579520177676,1173855.7296193838,13229.548619942143,1187085.2782393259,2379,22,1035.2994350282486,65,112,40,27.052835610496647,0.6555437853107344,33.15972222222223,8798.189983874627,135.35676898268656,0
2382,32.85316293960978,0,0,176,0.0,0.0,1.0,176,5050,3600,1450,0.7128712871287128,65,36,29,226.90447226497554,0.40592464826839825,0.7688614127413562,0.1833494914476187,1170701.8291790383,12877.496145902256,1183579.3253249405,2380,23,1039.5113636363637,66,110,42,26.980446683361507,0.656545928030303,33.03793532338309,8770.548209515548,132.8870940835689,0
2383,32.89253549470902,0,0,176,0.0,0.0,1.0,176,4500,3000,1500,0.6666666666666666,60,30,30,224.79744743611883,0.40549377705627704,0.7666643029357543,0.1823989415272814,1173169.9545661074,13045.122239041719,1186215.076805149,2381,24,1040.5113636363637,69,107,43,26.91270150806033,0.6576704545454546,32.91666666666667,8785.04802171188,127.31953654654899,0
2384,32.80834263267553,0,0,176,0.0,0.0,1.0,176,5750,3900,1850,0.6782608695652174,76,39,37,223.7160442666903,0.4050189393939394,0.7657055826539314,0.1819403952680738,1170758.5132824136,11433.492676618709,1182192.0059590323,2382,25,1041.5113636363637,70,106,44,26.87258590074506,0.6588541666666667,32.84917840375588,8764.775689530377,125.21108127900538,0
2385,32.97946740471151,0,0,176,0.0,0.0,1.0,176,5250,3900,1350,0.7428571428571429,66,39,27,223.42603393542805,0.404803841991342,0.7656649249411107,0.18234447285697877,1177770.0705448857,12178.899149938796,1189948.9696948244,2383,26,1042.5113636363637,70,106,43,26.775339445176414,0.6596827651515151,32.74647887323945,8813.878788794402,125.91255412563432,0
2386,33.19398867085683,0,0,176,0.0,0.0,1.0,176,4700,2700,2000,0.574468085106383,67,27,40,225.61122248882734,0.40433103354978356,0.7681349218227713,0.18468498185945276,1186212.146698373,13624.554509543332,1199836.7012079163,2384,27,1043.5113636363637,70,106,39,26.626925328357697,0.6608072916666667,32.65845070422536,8874.132358573273,126.77331940818962,0
2387,33.58578883746558,0,0,176,0.0,0.0,1.0,176,5300,4000,1300,0.7547169811320755,66,40,26,225.5650503589076,0.40376420454545453,0.7688047711781896,0.1853242453748783,1201168.6697981493,13688.334298512269,1214857.0040966615,2385,28,1044.5113636363637,71,105,39,26.5193930542032,0.6618726325757576,32.55208333333333,8982.449254186744,126.51336977727809,0
2388,33.2708910645459,0,0,176,0.0,0.0,1.0,176,4800,3200,1600,0.6666666666666666,64,32,32,225.96468786913331,0.4032420183982684,0.7693627826111911,0.1863301875196796,1190846.2148273722,13817.838646721131,1204664.0534740933,2386,29,1045.5113636363637,73,103,39,26.400744901001385,0.6630563446969697,32.446509009009006,8901.743052700218,121.94168565342764,0
2389,33.026413931462045,0,0,176,0.0,0.0,1.0,176,5000,3900,1100,0.78,61,39,22,220.21836457534624,0.4023187229437229,0.7634933683337941,0.1827745760476506,1183752.2421795023,11936.796567033642,1195689.038746536,2387,30,1046.5113636363637,63,113,42,26.36296859169199,0.6645359848484849,32.259114583333314,8842.521308146945,140.35748108169753,0
2390,32.983780170185085,0,0,176,0.0,0.0,1.0,176,4750,3200,1550,0.6736842105263158,63,32,31,221.83107503156364,0.40178571428571425,0.7649224559930168,0.18453025826943084,1182799.1494487883,12526.32137372864,1195325.4708225168,2388,31,1047.5113636363637,63,113,42,26.253241359750398,0.6656013257575757,32.19401041666666,8833.253888675525,140.2103791853258,0
2391,33.0504968880784,0,0,176,0.0,0.0,1.0,176,4150,2700,1450,0.6506024096385542,56,27,29,222.35039772634263,0.4015625,0.7650229108313169,0.18536593007460408,1185745.758908984,13380.208219147218,1199125.9671281313,2389,32,1048.5113636363637,64,112,42,26.175341509622083,0.6664299242424243,32.13141025641025,8853.189991734444,138.33109362085068,0
2392,33.35065038039137,0,0,176,0.0,0.0,1.0,176,4250,2700,1550,0.6352941176470588,58,27,31,222.81028082508354,0.401289908008658,0.7647489912176599,0.1863238811266523,1197305.0546856215,13904.375093558916,1211209.4297791803,2390,33,1049.5113636363637,66,110,42,26.07255101054056,0.6674360795454546,32.04291044776118,8936.543210603908,135.40216985763496,0
2393,33.065870608324,0,0,176,0.0,0.0,1.0,176,3700,2700,1000,0.7297297297297297,47,27,20,217.2635108309082,0.4006912878787879,0.7527070011207071,0.1700376739136341,1169899.3856609943,11935.289569526227,1181834.6752305205,2391,34,1050.5113636363637,80,96,40,28.20975344452504,0.6531723484848485,33.98919753086421,8795.878774860907,109.94848468576133,8
2394,33.41314785891807,0,0,176,0.0,0.0,1.0,176,4600,3500,1100,0.7608695652173914,57,35,22,218.32670104235046,0.40041396103896104,0.7539556824691438,0.17142082958902455,1183047.974916601,11858.192307675186,1194906.1672242763,2392,35,1051.5113636363637,81,95,43,28.082434281713468,0.6542376893939394,33.89227642276424,8891.496714286312,109.77156437390508,0
2395,33.666528999423925,0,0,176,0.0,0.0,1.0,176,4450,3100,1350,0.6966292134831461,58,31,27,216.07196255252387,0.400098079004329,0.7510014591707499,0.1699359667374434,1192471.9179709535,11881.949520951384,1204353.8674919049,2393,36,1052.5113636363637,83,93,43,28.0908326732827,0.6553622159090908,33.84176587301588,8960.623907671594,107.95932418881438,0
2396,33.2904709316317,1,0,177,0.005649717514124294,0.0,1.0,177,4250,2700,1550,0.6352941176470588,58,27,31,210.99813145427237,0.39987667993494264,0.7455715009363935,0.16654836351020708,1180115.4451389543,10150.430764929211,1190265.8759038835,2394,0,1047.5593220338983,85,92,42,28.11485958846986,0.6567208097928436,33.73304263565891,8864.15240419161,104.28414593166599,0
2397,32.89759633875917,0,0,177,0.0,0.0,1.0,177,4300,2900,1400,0.6744186046511628,57,29,28,211.6448114011701,0.399482109227872,0.7464893587905832,0.16750685548145341,1166890.2220243234,9693.25219324138,1176583.4742175648,2395,1,1048.5593220338983,87,90,35,28.015838184969546,0.6576035781544256,33.6529356060606,8762.1782104453,100.7146920740839,0
2398,32.97131130461949,0,2,175,0.0,0.011299435028248588,0.9887005649717514,177,4650,3600,1050,0.7741935483870968,57,36,21,208.74479960819522,0.3991570899674713,0.7430393524688164,0.1658159144410388,1170461.70166386,8815.558672577921,1179277.2603364377,2396,2,1049.5593220338983,88,89,35,27.9818772145597,0.658545197740113,33.5440074906367,8785.403478007573,99.83413043190423,0
2399,33.33693713319449,0,1,174,0.0,0.005714285714285714,0.9942857142857143,175,5000,3000,2000,0.6,70,30,40,212.0615710683477,0.3989367816091954,0.7450103879190069,0.16931848490673712,1184798.9172073412,10250.06395661295,1195048.9811639541,2397,3,1044.5485714285714,89,86,39,27.73745568338034,0.6602976190476191,33.39120370370369,8887.920681286241,99.86427731782294,0
2400,33.131981746775246,0,1,173,0.0,0.005747126436781609,0.9942528735632183,174,3750,2300,1450,0.6133333333333333,52,23,29,209.6583086786262,0.3985151872522313,0.7408094166551451,0.1678053015814206,1178148.7319022194,10851.734100497195,1189000.4660027165,2398,4,1051.0172413793102,74,100,40,27.728265020919043,0.6610991379310345,33.31944444444442,8835.655298886493,119.40074728224991,0
2401,32.74755890274415,0,0,173,0.0,0.0,1.0,173,5100,3900,1200,0.7647058823529411,63,39,24,208.13390616140842,0.39765649504861766,0.7375924476865996,0.16720290893238937,1165435.1213596265,8813.312837254549,1174248.434196881,2399,5,1057.393063583815,75,98,38,27.657173131261224,0.6625722543352601,33.20997807017542,8736.721957811285,116.48962610415047,0
2402,32.950291968071554,0,0,173,0.0,0.0,1.0,173,5600,3600,2000,0.6428571428571429,76,36,40,206.49765600430098,0.3971229892010575,0.7366214310804018,0.16664234153868485,1173825.5227484666,8278.443801116093,1182103.9665495828,2400,6,1058.393063583815,76,97,42,27.564386836281294,0.6636560693641618,33.07629870129868,8795.213890990486,115.72649856566429,0
2403,32.876336257503745,0,1,172,0.0,0.005780346820809248,0.9942196531791907,173,4750,3300,1450,0.6947368421052632,62,33,29,219.5968571899988,0.3968037258592105,0.7587791136563586,0.1589794860166311,1142123.082327047,10811.327880634883,1152934.4102076818,2401,7,1059.393063583815,63,110,44,30.621140784192644,0.6277095375722543,36.40950520833334,8665.889741052642,137.553805413534,8
2404,33.20764450192352,0,0,172,0.0,0.0,1.0,172,4700,3000,1700,0.6382978723404256,64,30,34,215.06047325309268,0.3963468708916995,0.7514265547217476,0.15627969806044678,1154680.5171806158,10565.227696197724,1165245.7448768136,2402,8,1065.8662790697674,67,105,44,30.618465001452194,0.6290576550387597,36.28982843137254,8757.193628992227,130.70438252227206,0
2405,33.118100840810634,0,0,172,0.0,0.0,1.0,172,4600,3500,1100,0.7608695652173914,57,35,22,200.39523438705328,0.3961471224896867,0.7344969370718577,0.1355564641549031,1131153.6868630243,6335.561641339094,1137489.2485043632,2403,9,1066.8662790697674,75,97,41,33.40003190169036,0.6032582364341086,38.63760964912281,8655.825999635665,115.41101332847553,8
2406,33.25014864106635,0,1,171,0.0,0.005813953488372093,0.9941860465116279,172,3850,2900,950,0.7532467532467533,48,29,19,202.7876278974175,0.39637874563670156,0.7370106032255179,0.13740283198656816,1136149.4575104646,7829.410685097075,1143978.8681955617,2404,10,1067.8662790697674,77,95,42,33.28049169859514,0.6042877906976745,38.581730769230774,8692.196309413393,112.88566635601809,0
2407,33.68252557435155,0,1,170,0.0,0.005847953216374269,0.9941520467836258,171,4600,3400,1200,0.7391304347826086,58,34,24,202.306806529744,0.39617159729388834,0.7350808787134442,0.13718601840778682,1151158.8660839822,7777.454801170447,1158936.3208851526,2405,11,1069.3567251461989,77,94,42,33.265811496483984,0.6051413255360624,38.55502136752138,8806.12717907428,114.3652880399257,0
2408,33.4410226695591,0,0,170,0.0,0.0,1.0,170,4700,3200,1500,0.6808510638297872,62,32,30,207.0841025996212,0.3957078837452141,0.7387922283820907,0.140988064665762,1144078.0616251738,8684.075739112703,1152762.1373642865,2406,49,1076.5823529411764,68,102,43,33.00400627152229,0.6064338235294118,38.42089371980677,8747.472822998963,128.639306220573,0
2409,33.83621754533826,1,0,171,0.005847953216374269,0.0,1.0,171,5100,3700,1400,0.7254901960784313,65,37,28,203.33034726303862,0.3963665290677674,0.7363058544105159,0.1391490880521623,1159127.0364344672,7837.140568039403,1166964.1770025066,2407,0,1071.280701754386,70,101,44,32.92603179941334,0.6078825536062378,38.24823943661972,8856.689513297828,126.52413590425469,0
2410,33.798255089959966,0,0,171,0.0,0.0,1.0,171,5150,3700,1450,0.7184466019417476,66,37,29,202.71932395291242,0.39644822841417265,0.7353426790979483,0.13935245212853004,1159144.428764827,7646.194992598069,1166790.6237574252,2408,1,1072.280701754386,72,99,44,32.79008208928117,0.6092227095516569,38.09931506849315,8851.786157550298,122.9414744104208,0
2411,33.73240065978138,0,0,171,0.0,0.0,1.0,171,5000,3600,1400,0.72,64,36,28,204.46703801300015,0.39677502579979357,0.7376238432602751,0.14094594487029477,1157703.7407489894,8142.4509535032375,1165846.1917024925,2409,2,1073.280701754386,73,98,44,32.64985851422022,0.6102582846003899,38.00675675675676,8837.661051236644,121.06385001694034,0
2412,34.05421459675664,0,0,171,0.0,0.0,1.0,171,4350,2900,1450,0.6666666666666666,58,29,29,203.2172605952296,0.39606983144134844,0.7355888430687554,0.1405114634822256,1169648.9820111569,8988.572396461035,1178637.5544076178,2410,3,1074.280701754386,76,95,46,32.579638518977326,0.6112938596491229,37.90584415584414,8925.410627672623,117.4396135220082,0
2413,33.84904737966413,0,0,171,0.0,0.0,1.0,171,4200,3000,1200,0.7142857142857143,54,30,24,210.5898832595653,0.3960511982570806,0.7324931926915852,0.13739379148790856,1145231.9512223313,9834.852582606585,1155066.8038049378,2411,4,1075.280701754386,75,96,38,34.39311212392643,0.5904605263157895,39.871162280701725,8805.113352777415,117.40151137036553,8
2414,34.16554009373155,0,1,170,0.0,0.005847953216374269,0.9941520467836258,171,4900,3100,1800,0.6326530612244898,67,31,36,208.63090401734343,0.3957459006994611,0.7303778294540582,0.13652319368986252,1156857.6402437103,9171.251060682695,1166028.8913043928,2412,5,1076.280701754386,78,93,39,34.3386873395487,0.5918006822612085,39.76793248945145,8890.969136206219,113.98678379751563,0
2415,33.72656079721081,0,0,170,0.0,0.0,1.0,170,3200,1900,1300,0.59375,45,19,26,208.57593597456,0.39595660749506906,0.7289371363193535,0.1368532636738351,1142803.8736460146,10472.27751621357,1153276.151162228,2413,6,1078.2176470588236,78,92,42,34.24589305914332,0.5930147058823529,39.67563291139237,8779.845593609252,112.56212299499042,0
2416,33.610204930177375,0,0,170,0.0,0.0,1.0,170,3100,2000,1100,0.6451612903225806,42,20,22,211.83999999999986,0.39595660749506906,0.7313882352941175,0.1393684210526316,1139668.94972661,11185.494062016973,1150854.443788627,2414,7,1079.2176470588236,69,101,45,34.06666666666666,0.5938725490196078,39.583333333333336,8752.657533900365,126.8501091869618,0
2417,33.5417287163141,0,1,169,0.0,0.0058823529411764705,0.9941176470588236,170,3750,2500,1250,0.6666666666666666,50,25,25,211.54884890494068,0.3962640677572804,0.7327757489425597,0.13972119183238824,1138517.1729730095,10420.399480189586,1148937.5724531992,2415,8,1080.2176470588236,69,101,48,33.93748691149313,0.5950980392156863,39.449404761904766,8739.317382350362,126.65677365725162,0
2418,33.506295119546515,0,0,169,0.0,0.0,1.0,169,4900,3300,1600,0.673469387755102,65,33,32,211.90116244247065,0.39644970414201186,0.7324005719831002,0.14013644851557994,1137704.2088756314,9516.16887528777,1147220.3777509192,2416,9,1085.2011834319526,69,100,46,33.882718516826564,0.5958456607495068,39.40476190476192,8731.58095436757,126.54465151257347,0
2419,33.63084230128325,0,0,169,0.0,0.0,1.0,169,4300,3000,1300,0.6976744186046512,56,30,26,209.38336560860898,0.3964130154034,0.7292117591852187,0.13875845791749988,1142554.144684416,9746.36644081796,1152300.511125234,2417,10,1086.2011834319526,70,99,49,33.87600607868522,0.5969551282051282,39.333920187793446,8766.419823458074,125.23456890654393,0
2420,33.96114038512171,1,1,169,0.0058823529411764705,0.0058823529411764705,0.9941176470588236,170,5450,3900,1550,0.7155963302752294,70,39,31,210.56863822801347,0.39661576168929114,0.7321387547358995,0.14071814763774074,1156304.2435722658,9246.281989257255,1165550.5255615232,2418,0,1080.8058823529411,73,97,47,33.553601611105115,0.5988357843137255,39.048423423423436,8862.213125835988,121.40017980597243,0
2421,33.453758557299814,1,0,170,0.0058823529411764705,0.0,1.0,170,4950,3900,1050,0.7878787878787878,60,39,21,208.11490913252047,0.3965519491820397,0.7285707228513916,0.1398097760505211,1140581.747983904,8524.413367976293,1149106.1613518803,2419,0,1081.1588235294118,75,95,34,33.43612219189587,0.6004289215686274,38.87061403508772,8735.759430286127,116.47679240381503,0
2422,33.22558077624678,0,1,169,0.0,0.0058823529411764705,0.9941176470588236,170,5000,3900,1100,0.78,61,39,22,228.05810981169896,0.39668827590207684,0.7555201390901185,0.14421449575950246,1114716.3535760709,11844.020914549787,1126560.3744906206,2420,1,1082.1588235294118,79,91,33,35.05600516068498,0.5836397058823529,40.96354166666667,8606.636770347064,108.94476924489955,8
2423,32.938615598747965,0,1,168,0.0,0.005917159763313609,0.9940828402366864,169,4450,3000,1450,0.6741573033707865,59,30,29,228.86114879862606,0.39609749225133845,0.7546218819828723,0.15022056256250213,1116217.8989898113,12841.782134479301,1129059.6811242907,2421,2,1088.6449704142012,78,91,38,33.70433211777418,0.5947361932938856,39.66244725738396,8575.158575707788,109.93793045779216,8
2424,33.34663452030492,0,0,168,0.0,0.0,1.0,168,4450,3000,1450,0.6741573033707865,59,30,29,225.51460995760092,0.3963152563919779,0.7499436307668179,0.14843104467244242,1130864.7247031082,12955.303461246454,1143820.0281643546,2422,3,1090.845238095238,67,101,41,33.69489294747369,0.5957961309523809,39.56801470588237,8684.5302310004,129.61985419403584,0
2425,33.64889154633674,0,0,168,0.0,0.0,1.0,168,4450,3000,1450,0.6741573033707865,59,30,29,224.33098704387143,0.395953628457371,0.7490163708070916,0.14828219802330533,1142395.3632817755,13204.935887868754,1155600.2991696442,2423,4,1091.845238095238,70,98,42,33.57637520409887,0.5973462301587302,39.421948356807526,8768.162599097554,125.25946570139362,0
2426,33.06993103025212,0,0,168,0.0,0.0,1.0,168,4000,3000,1000,0.75,50,30,20,226.93931103292704,0.39611402195608786,0.7517243274251821,0.15019932642283607,1123118.7016731182,13375.956873178713,1136494.6585462969,2424,5,1092.845238095238,70,98,40,33.46339506867822,0.5979662698412698,39.37793427230047,8618.753738576868,123.12505340824097,0
2427,32.79382348657532,2,1,169,0.011764705882352941,0.0058823529411764705,0.9941176470588236,170,4650,3100,1550,0.6666666666666666,62,31,31,224.61126846059943,0.3977455331244924,0.7526186122117227,0.14948267176860622,1115355.3059271805,11454.274009712954,1126809.5799368934,2425,0,1080.9764705882353,73,97,43,33.33108448474382,0.5995710784313726,39.1891891891892,8552.983693120348,117.1641601797308,0
2428,33.232958233331786,0,2,167,0.0,0.011834319526627219,0.9881656804733728,169,5100,3600,1500,0.7058823529411765,66,36,30,197.58273721562338,0.3972876749319057,0.7242598417214319,0.1270647142679548,1120065.2607502828,5361.112015834179,1125426.3727661169,2426,1,1088.3372781065088,73,96,39,35.241813055736316,0.5894354043392505,40.37162162162161,8628.21905483627,118.19478157309959,8
2429,32.78427479793618,1,0,168,0.005952380952380952,0.0,1.0,168,5050,3700,1350,0.7326732673267327,64,37,27,194.8874194968251,0.39641253207869975,0.7196786274390004,0.12586927811700968,1106215.095114624,4467.481059064587,1110682.5761736885,2427,0,1095.797619047619,74,94,41,35.15948014684916,0.5908978174603174,40.22222222222221,8516.626053063828,115.0895412576193,0
2430,32.57169835543033,2,0,170,0.011764705882352941,0.0,1.0,170,4300,2900,1400,0.6744186046511628,57,29,28,190.25297966757412,0.39830389256294235,0.7160593735079579,0.1235311708542019,1100606.7578956361,3578.74302638231,1104185.5009220184,2428,0,1083.894117647059,77,93,45,35.0915271070927,0.5925857843137254,40.03739316239314,8467.423613605797,109.96654043643892,0
2431,32.562645983012814,0,0,170,0.0,0.0,1.0,170,4150,2900,1250,0.6987951807228916,54,29,25,189.06426740762237,0.3982306532080288,0.7144805443459323,0.12298415049284,1100837.9215161463,3475.823033195605,1104313.744549342,2429,1,1084.894117647059,79,91,41,35.05779502587215,0.5936274509803922,39.97395833333331,8467.135941155737,107.17893596399666,0
2432,32.03672700169146,1,1,170,0.005847953216374269,0.005847953216374269,0.9941520467836258,171,4750,3500,1250,0.7368421052631579,60,35,25,189.7654679007517,0.3988734090127279,0.7165736811257,0.1240486580809334,1084475.2334171652,2209.1900192365497,1086684.4234364019,2430,0,1079.5438596491229,84,87,43,34.86629851168045,0.5952119883040936,39.803921568627416,8335.83073161649,99.23608013829156,0
2433,32.29208840648125,0,0,170,0.0,0.0,1.0,170,5650,4300,1350,0.7610619469026548,70,43,27,190.6191978137366,0.39711248404687316,0.7169378700249385,0.1250105944526996,1094057.1705530249,2059.6600426363275,1096116.8305956612,2431,1,1086.8823529411766,85,85,45,34.73038132241402,0.5963235294117647,39.69234496124027,8405.87780939535,98.89268011053352,0
2434,32.38114956157405,0,0,170,0.0,0.0,1.0,170,4100,2500,1600,0.6097560975609756,57,25,32,191.5061645723555,0.39711320918900106,0.7187866467113417,0.12594649838302313,1097891.4873476024,3950.5975717150914,1101842.0849193174,2432,2,1087.8823529411766,85,85,46,34.608537994015244,0.5973651960784314,39.59544573643407,8432.19881812345,99.20233903674647,0
2435,32.23757103173199,0,0,170,0.0,0.0,1.0,170,4550,3300,1250,0.7252747252747253,58,33,25,183.3599999999992,0.39702401670727466,0.7098352941176458,0.1206315789473685,1093125.1028012482,1537.0837699274061,1094662.1865711757,2433,3,1088.8823529411766,92,78,44,34.808333333333366,0.6012254901960784,39.58333333333335,8395.200789513587,91.2521824947129,8
2436,32.418571265817704,0,0,170,0.0,0.0,1.0,170,3900,2600,1300,0.6666666666666666,52,26,26,180.29360645604373,0.39718934911242604,0.7047476737886742,0.11916261708308806,1100598.7533008705,1786.1836987278912,1102384.9369995985,2434,4,1089.8823529411766,78,92,44,34.727106736835026,0.6026960784313726,39.425105485232066,8447.46578790993,108.3008434347427,0
2437,32.62207889139021,0,0,170,0.0,0.0,1.0,170,4500,3200,1300,0.7111111111111111,58,32,26,182.0686217531847,0.3970327184128089,0.7076751182034844,0.12066089786921622,1108292.4945212249,1857.0573953758412,1110149.5519166007,2435,5,1090.8823529411766,78,92,43,34.58687423069789,0.603921568627451,39.332805907173004,8503.50577009355,109.01930474478911,0
2438,32.261872251733095,0,0,170,0.0,0.0,1.0,170,4350,3100,1250,0.7126436781609196,56,31,25,181.4390518332358,0.3969855841744982,0.7066478284113011,0.12055402959563342,1096795.2352617662,1450.297508221247,1098245.5327699876,2436,6,1091.8823529411766,79,91,47,34.51367389060892,0.6050857843137255,39.24479166666668,8412.451220224075,106.48672430663386,0
2439,32.385185309388646,1,1,170,0.005847953216374269,0.005847953216374269,0.9941520467836258,171,4850,3000,1850,0.6185567010309279,67,30,37,182.31266150470842,0.39799908267400524,0.7081654416767564,0.12183040639654306,1102634.7357097687,1154.8546669578877,1103789.5903767266,2437,0,1086.4912280701753,81,90,48,34.29234414046018,0.6065423976608186,39.04979674796749,8450.920688839742,104.33235418320669,0
2440,32.53198079911046,0,1,169,0.0,0.0058823529411764705,0.9941176470588236,170,4300,2700,1600,0.627906976744186,59,27,32,183.70403995305315,0.39753089105464673,0.7075824028864555,0.1231531313563966,1108553.355587823,2429.1459849992793,1110982.5015728225,2438,1,1092.1705882352942,85,85,49,34.14562357908413,0.6075367647058824,38.94137596899225,8492.754144418937,99.9147546402228,0
2441,32.75730482134022,0,0,169,0.0,0.0,1.0,169,4600,3500,1100,0.7608695652173914,57,35,22,182.4628046850271,0.3963895346106885,0.7039161145670028,0.12269050659855253,1117104.6558596874,2366.0097269720145,1119470.6655866595,2439,2,1099.5739644970415,90,79,40,34.07407407407407,0.6086661735700197,38.83928571428571,8554.921125216068,95.05467916906741,0
2442,32.47910544993037,0,2,167,0.0,0.011834319526627219,0.9881656804733728,169,4650,3900,750,0.8387096774193549,54,39,15,183.0578651507346,0.3960754790081713,0.7050049042548421,0.12347442965078034,1108509.3540436705,2134.2711701707303,1110643.6252138412,2440,3,1100.5739644970415,91,78,41,33.95147165041532,0.6096523668639053,38.73414855072463,8485.681139686845,93.24924329326204,0
2443,32.30704346518181,0,0,167,0.0,0.0,1.0,167,4050,2600,1450,0.6419753086419753,55,26,29,184.18501353899828,0.3947180939326167,0.7042459990976073,0.1244016952726523,1103019.2042735955,3181.9214145813403,1106201.1256881768,2441,11,1113.802395209581,91,76,41,33.87589908574894,0.6108408183632734,38.688858695652165,8442.190400055804,92.77132307753631,0
2444,32.65580042687466,0,0,167,0.0,0.0,1.0,167,4550,3600,950,0.7912087912087912,55,36,19,180.81252244917752,0.3943934420315995,0.6981466214311896,0.12237958291151235,1115527.5277361008,2390.269230291544,1117917.7969663923,2442,12,1114.802395209581,94,73,42,33.892314791509385,0.6119635728542914,38.61842105263156,8535.62467736659,90.80451784432542,0
2445,32.588894799252806,0,0,167,0.0,0.0,1.0,167,4950,3800,1150,0.7676767676767676,61,38,23,210.9940011940473,0.3942957458576822,0.7297637396430623,0.129744943075571,1084938.1208584362,7433.087033573995,1092371.2078920102,2443,13,1115.802395209581,87,80,38,36.518160236708084,0.5780314371257484,41.96259469696967,8409.153855692526,96.65694087002903,8
2446,32.686312471799106,0,1,166,0.0,0.005988023952095809,0.9940119760479041,167,4450,2800,1650,0.6292134831460674,61,28,33,208.13525212112316,0.3941709953586802,0.7263280837671802,0.12837335348947038,1089097.996918592,7485.937234651975,1096583.934153244,2444,14,1116.802395209581,88,79,40,36.48100290170475,0.5794036926147705,41.85393258426964,8437.843022916619,95.88457980587067,0
2447,32.25979093153309,0,0,166,0.0,0.0,1.0,166,3850,2800,1050,0.7272727272727273,49,28,21,206.04679850167497,0.39340391870512353,0.722290057660731,0.1273749093679581,1075568.8190215894,7273.502345524895,1082842.3213671143,2445,15,1124.4277108433735,88,78,40,36.45129855414038,0.580070281124498,41.77200374531833,8330.38117184468,94.66342240732591,0
2448,32.728433494648435,0,1,165,0.0,0.006024096385542169,0.9939759036144579,166,4050,2700,1350,0.6666666666666666,54,27,27,205.04034964109388,0.3933073201898503,0.7210202148663813,0.12704394645801453,1091890.632364022,7526.327405950462,1099416.9597699726,2446,16,1125.4277108433735,90,76,40,36.39315415521874,0.5808860441767068,41.68956043956042,8454.09604212718,93.93440046807977,0
2449,32.56076001348511,0,0,165,0.0,0.0,1.0,165,5100,4100,1000,0.803921568627451,61,41,20,208.71957487113048,0.3935267307218527,0.7256417797706576,0.1297529701350206,1087296.4261664662,7288.009565673007,1094584.4357321393,2447,17,1130.0,75,90,39,36.17679881552198,0.582260101010101,41.570723684210535,8414.653646577075,112.195381954361,0
2450,32.98526324584995,3,0,168,0.017857142857142856,0.0,1.0,168,4150,3000,1150,0.7228915662650602,53,30,23,188.56875406594256,0.396527629265279,0.7114991815696032,0.11568208821942709,1097409.0859444148,3637.4128074367904,1101046.4987518517,2448,0,1110.8035714285713,81,87,46,37.18359105683051,0.5768229166666667,42.04776422764228,8508.62240180679,105.04472100996037,8
2451,33.221627250546355,1,0,169,0.005917159763313609,0.0,1.0,169,4600,3000,1600,0.6521739130434783,62,30,32,184.78785565394142,0.39756504179581104,0.7055835014339438,0.1140733046511862,1107205.666879847,2519.6321901237634,1109725.2990699706,2449,0,1105.224852071006,86,83,43,37.051507984355915,0.5787105522682445,41.82231800766283,8577.082715559505,99.73351994836634,0
2452,33.04863912703412,0,0,169,0.0,0.0,1.0,169,5450,4200,1250,0.7706422018348624,67,42,25,182.22827381097377,0.3978189278670048,0.7019504220765889,0.11279955423278401,1102274.8097111383,923.1271677958448,1103197.936878934,2450,1,1106.224852071006,89,80,45,37.01802785868996,0.5800049309664694,41.724537037037024,8535.652570830593,95.9062086610179,0
2453,33.42368316271861,0,0,169,0.0,0.0,1.0,169,4800,3600,1200,0.75,60,36,24,181.4129850292001,0.3980449304968536,0.6993689080256353,0.1129155707063062,1116490.1847087035,1909.1634327619831,1118399.3481414656,2451,2,1107.224852071006,81,88,43,36.83789379269669,0.58142258382643,41.526930894308954,8639.121967884126,106.65582676400156,0
2454,33.38248145091468,1,0,170,0.0058823529411764705,0.0,1.0,170,3650,2200,1450,0.6027397260273972,51,22,29,181.61306671325468,0.3991878408168001,0.7017513154851818,0.1133527420022171,1115965.824554164,2884.795148893551,1118850.6197030575,2452,0,1101.7058823529412,82,88,47,36.73221132844733,0.5823529411764705,41.428212851405625,8631.767888217812,105.26546205143673,0
2455,33.06338725334686,1,0,171,0.005847953216374269,0.0,1.0,171,4100,2500,1600,0.6097560975609756,57,25,32,180.6003748421296,0.3999068340786607,0.7018146120536484,0.11327026445618293,1106781.2700879527,1677.0224492266843,1108458.2925371793,2453,0,1096.2573099415204,85,86,47,36.58189776238177,0.5840034113060428,41.25484496124032,8554.991260973822,100.64695601145674,0
2456,32.68141656472129,1,0,172,0.005813953488372093,0.0,1.0,172,4000,3300,700,0.825,47,33,14,178.59953776392925,0.40047854617163064,0.7000539781641031,0.11224716565703731,1094616.5998578046,699.6037526656874,1095316.2036104703,2454,0,1090.8779069767443,87,85,48,36.5588554767894,0.5849079457364341,41.18134469696971,8458.56028867938,97.2248309043607,0
2457,32.79738806039801,0,2,170,0.0,0.011627906976744186,0.9883720930232558,172,4350,3100,1250,0.7126436781609196,56,31,25,187.04455794421753,0.40059542023663813,0.7156020811132708,0.11375988688082708,1088509.1845151496,1969.943847171251,1090479.1283623208,2455,1,1091.8779069767443,80,92,42,37.54211590296496,0.5723716085271318,42.3611111111111,8449.882618338626,105.62353272923283,8
2458,33.017453635034016,1,1,170,0.005847953216374269,0.005847953216374269,0.9941520467836258,171,4150,2500,1650,0.6024096385542169,58,25,33,182.98447217204117,0.4001089324618736,0.7114511716231477,0.10977552303212465,1091554.3758965111,1597.5002641007923,1093151.8761606119,2456,0,1099.2397660818713,87,84,45,38.15699373935461,0.566703216374269,42.8622159090909,8490.034864036943,97.58660763260853,8
2459,32.68723289546247,1,0,171,0.005847953216374269,0.0,1.0,171,4550,3100,1450,0.6813186813186813,60,31,29,184.94118944849575,0.39993550051599586,0.7135300805010489,0.11131255007839116,1081645.4415093653,1258.1589028570816,1082903.6004122223,2457,0,1100.1929824561403,91,80,47,37.98454623476083,0.5685916179337231,42.74230072463768,8409.04233036461,92.40705857543527,0
2460,32.84184203093149,1,0,172,0.005813953488372093,0.0,1.0,172,5100,3700,1400,0.7254901960784313,65,37,28,182.02658858996784,0.4010487499433338,0.7112003516342995,0.11013157985714983,1088375.3140757773,122.64910534982255,1088497.963181127,2458,0,1094.7906976744187,72,100,48,37.86512027491408,0.5703125,42.551369863013704,8455.08724203863,117.43176725053652,0
2461,33.26914716194727,1,1,172,0.005780346820809248,0.005780346820809248,0.9942196531791907,173,4500,3100,1400,0.6888888888888889,59,31,28,180.58232975825575,0.40194834655195594,0.7096248510027068,0.10957849224597842,1103452.179477723,752.7930693825529,1104204.9725471057,2459,0,1089.4566473988439,74,99,46,37.79344621800397,0.5713511560693642,42.44444444444445,8568.653680154883,115.7926172993903,0
2462,33.28418328844246,0,1,171,0.0,0.005813953488372093,0.9941860465116279,172,4350,3200,1150,0.735632183908046,55,32,23,180.5005115395708,0.4008043768983181,0.7078186976793015,0.10995696336160177,1105168.1398039865,1146.6829143710625,1106314.8227183577,2460,1,1096.7267441860465,76,96,44,37.651035924895446,0.5726744186046512,42.30248917748918,8577.25118319184,112.85856819989263,0
2463,33.57656949114699,1,0,172,0.005813953488372093,0.0,1.0,172,4200,3200,1000,0.7619047619047619,52,32,20,178.49019825877627,0.4009580840019946,0.7045304228870504,0.10897824409616107,1115586.3750171876,1224.2466503214418,1116810.621667509,2461,0,1097.6744186046512,78,94,48,37.61935208866154,0.5735828488372092,42.220464135021096,8655.352499366087,110.9660576841806,0
2464,33.58546428829492,2,1,173,0.011494252873563218,0.005747126436781609,0.9942528735632183,174,4550,3100,1450,0.6813186813186813,60,31,29,176.78816151754003,0.4031210550793967,0.7048884708310195,0.1085445676610569,1117636.0950671085,166.9660985111036,1117803.0611656196,2462,0,1086.0459770114942,85,89,42,37.45710870619903,0.5751915708812261,42.01792635658913,8664.447721371,101.93467907495294,0
2465,33.6720740517167,0,0,173,0.0,0.0,1.0,173,5100,3400,1700,0.6666666666666666,68,34,34,177.39422477284054,0.4019581484966617,0.7030711159364833,0.10929086320171812,1121593.6563932537,92.8474372032515,1121686.5038304569,2463,1,1093.3236994219653,86,87,45,37.3155084968533,0.5762885356454721,41.8941570881226,8690.959055709473,101.05766343848224,0
2466,33.89916830581294,1,2,172,0.005747126436781609,0.011494252873563218,0.9885057471264368,174,5150,3600,1550,0.6990291262135923,67,36,31,177.67368402503217,0.4032262529621509,0.7068064108210284,0.10998025683824114,1130642.6007444907,227.08723798348365,1130869.6879824742,2464,0,1088.0344827586207,89,85,46,37.13566173724698,0.5781848659003832,41.72453703703704,8755.323388243245,98.37442009262072,0
2467,34.2571671774123,1,0,173,0.005780346820809248,0.0,1.0,173,4600,3400,1200,0.7391304347826086,58,34,24,175.64014575792393,0.4024804521217009,0.7026128344665366,0.10931425309250666,1144308.3409749938,997.2967601715295,1145305.6377351652,2465,0,1095.208092485549,75,98,49,36.989827482589185,0.5796001926782274,41.529605263157926,8854.46352291182,118.05951363882426,0
2468,34.19257739974272,0,1,172,0.0,0.005780346820809248,0.9942196531791907,173,4900,3800,1100,0.7755102040816326,60,38,22,178.5426404811001,0.4021681901689295,0.7071190856843115,0.11146212625137161,1143120.0772777114,1319.1353968246435,1144439.212674536,2466,1,1096.208092485549,75,98,46,36.80319975970884,0.5808044315992293,41.4199561403509,8841.518163699971,117.88690884933295,0
2469,33.953744015462895,0,0,172,0.0,0.0,1.0,172,4400,3200,1200,0.7272727272727273,56,32,24,179.7882728864963,0.40139724715535613,0.7076920504635957,0.11269913860879245,1136414.1839554752,2062.78868341455,1138476.9726388897,2467,2,1103.4767441860465,76,96,48,36.6227668845316,0.5819404069767442,41.274350649350666,8784.704468286403,115.588216687979,0
2470,33.42190877510914,0,1,171,0.0,0.005813953488372093,0.9941860465116279,172,3450,2500,950,0.7246376811594203,44,25,19,178.7571716373646,0.40110683281200415,0.7060380659520824,0.11252130653274724,1119896.6314179997,2187.910871698878,1122084.5422896987,2468,3,1104.4767441860465,78,94,52,36.49849742780019,0.5831516472868217,41.126054852320685,8652.061378978364,110.92386383305595,0
2471,33.67381978956438,2,0,173,0.011560693641618497,0.0,1.0,173,5100,3900,1200,0.7647058823529411,63,39,24,177.3977703095879,0.4021709907245598,0.7060827867218984,0.11216489719016505,1129715.964884436,381.8186507289013,1130097.7835351648,2469,0,1099.0115606936415,81,92,43,36.37281766465597,0.5846579961464354,40.967987804878064,8722.59729838682,107.68638639983728,0
2472,33.32453602420964,0,0,173,0.0,0.0,1.0,173,5150,3700,1450,0.7184466019417476,66,37,29,200.4275142787636,0.40215278711296326,0.7383290896736514,0.12041515831470742,1102164.821059252,4430.831082080456,1106595.6521413324,2470,1,1100.0115606936415,82,91,40,37.653914344735625,0.5657514450867052,42.80873493975901,8570.779577611982,104.52170216599978,8
2473,33.52462623109072,3,1,175,0.017045454545454544,0.005681818181818182,0.9943181818181818,176,4550,3300,1250,0.7252747252747253,58,33,25,191.94235462698606,0.40520562770562774,0.7252355586453196,0.11272875643472037,1101551.7537446776,2536.8874714471503,1104088.6412161249,2471,0,1082.2443181818182,71,105,47,38.72826015388379,0.5540956439393939,43.6487268518518,8594.080616155776,121.0433889599405,8
2474,33.110189438501585,0,2,173,0.0,0.011428571428571429,0.9885714285714285,175,4350,2700,1650,0.6206896551724138,60,27,33,202.58966799080906,0.40411877394636014,0.7298722521237284,0.11473137238656775,1076299.6008996654,4259.435760980296,1080559.0366606456,2472,1,1089.4171428571428,80,95,35,39.85758057194731,0.5422619047619048,45.02314814814812,8442.331867247489,105.52914834059361,8
2475,33.23884435328557,3,2,174,0.017045454545454544,0.011363636363636364,0.9886363636363636,176,6500,4600,1900,0.7076923076923077,84,46,38,200.28806020056734,0.40721117424242426,0.7313547371666111,0.11444252377127823,1083362.71183174,1696.923209281294,1085059.6350410215,2473,0,1076.5625,76,100,40,39.56975573570711,0.5455137310606061,44.68344155844157,8486.427346855533,111.66351772178332,0
2476,33.57611087365318,2,0,176,0.011363636363636364,0.0,1.0,176,5350,3700,1650,0.6915887850467289,70,37,33,204.67470425240214,0.40811011904761907,0.7388744170363102,0.1179374831065472,1097092.7547789733,4359.427024368093,1101452.1818033415,2474,0,1077.4488636363637,77,99,39,39.13210044230831,0.5477035984848485,44.36431623931625,8583.2520612109,111.47080598975195,0
2477,33.01540681846926,4,2,178,0.022222222222222223,0.011111111111111112,0.9888888888888889,180,4700,3200,1500,0.6808510638297872,62,32,30,199.62985919563474,0.4109417028760604,0.7393438157192183,0.11599006690700342,1081416.1136372024,2476.5892994576243,1083892.70293666,2475,0,1054.4833333333333,82,98,38,38.941702624955084,0.5502314814814815,44.051204819277146,8450.253597588731,103.05187314132598,0
2478,33.112210672594685,1,0,179,0.00558659217877095,0.0,1.0,179,4450,2700,1750,0.6067415730337079,62,27,35,203.34047830530884,0.4105177536459314,0.7414042021735967,0.11846992652505783,1085458.254796658,3893.520142159952,1089351.7749388178,2476,0,1061.3687150837989,83,96,39,38.74184747513885,0.5513850093109869,43.948412698412724,8478.434101782497,102.14980845521082,0
2479,32.813869584452085,2,0,181,0.011049723756906077,0.0,1.0,181,4900,3500,1400,0.7142857142857143,63,35,28,203.24485700417532,0.41267904644976466,0.7452491333779321,0.11918181535349075,1077710.9771417656,2707.842688201591,1080418.8198299673,2477,0,1050.6298342541436,71,110,43,38.497565622353925,0.5534069981583793,43.706597222222214,8409.978294105429,118.45039850852717,0
2480,33.072328848226405,1,0,182,0.005494505494505495,0.0,1.0,182,4850,3100,1750,0.6391752577319587,66,31,35,200.49876009620968,0.41352541335276144,0.7423134346565325,0.11818099593669651,1087833.6468506858,2371.8594769000883,1090205.506327586,2478,0,1045.8516483516485,74,108,44,38.37137416292124,0.5548878205128205,43.513888888888886,8482.593011669398,114.6296352928297,0
2481,32.769467547639955,2,0,184,0.010869565217391304,0.0,1.0,184,4750,3300,1450,0.6947368421052632,62,33,29,200.2055051489603,0.4151737101053299,0.7429598933606165,0.11879181297087157,1079937.5000257,1691.8865443902696,1081629.3865700904,2479,0,1035.4728260869565,79,105,44,38.1283177799192,0.5567821557971014,43.26822916666668,8412.963432771088,106.49320800976061,0
2482,32.70786542805274,4,5,183,0.02127659574468085,0.026595744680851064,0.973404255319149,188,5100,3700,1400,0.7254901960784313,65,37,28,207.2937377841588,0.4176112659764099,0.7525859468156937,0.1242923180802992,1081153.4954779602,2123.269839206964,1083276.7653171672,2480,0,1014.4202127659574,83,105,35,37.55204816565384,0.5593971631205674,42.88194444444444,8409.782760233695,101.32268385823728,0
2483,32.54167007423262,0,0,183,0.0,0.0,1.0,183,5350,4000,1350,0.7476635514018691,67,40,27,219.37087178713801,0.4146212394163214,0.7700308455832325,0.12375828427236689,1056597.0677604557,4407.323976469126,1061004.3917369249,2481,1,1042.360655737705,76,107,35,39.58023659110615,0.5357468123861566,45.170454545454554,8292.578993348505,109.1128814914277,8
2484,32.33878143677025,2,0,185,0.010810810810810811,0.0,1.0,185,4650,3000,1650,0.6451612903225806,63,30,33,217.55969614644377,0.4162431453192323,0.7715827779367883,0.1233335841790727,1051541.8944073406,4104.627006503224,1055646.5214138438,2482,0,1032.081081081081,80,105,38,39.43645990922846,0.537668918918919,44.984567901234556,8246.888321645467,103.08610402056834,0
2485,32.802437164455235,2,0,187,0.0106951871657754,0.0,1.0,187,6000,4400,1600,0.7333333333333333,76,44,32,212.9919408936717,0.41783824966936917,0.7705477520254884,0.12178369589451891,1069354.0508800752,2152.758959891477,1071506.8098399667,2483,0,1022.0320855614973,69,118,39,39.21915369971058,0.5401069518716577,44.657738095238095,8375.84850156082,121.38910871827275,0
2486,33.03311457063391,5,2,190,0.026041666666666668,0.010416666666666666,0.9895833333333334,192,6550,4800,1750,0.732824427480916,83,48,35,217.4475268347349,0.4218522760325771,0.772032320470984,0.1274121419396948,1084668.4426191866,2221.6940566450066,1086890.1366758316,2484,0,996.390625,70,122,41,38.16291673823018,0.5512152777777778,43.73532863849764,8465.220249490327,120.93171784986181,8
2487,32.92499542014732,0,1,189,0.0,0.005263157894736842,0.9947368421052631,190,5800,4100,1700,0.7068965517241379,75,41,34,219.29454628916622,0.4207880813143971,0.772661684673692,0.129193566702161,1082826.2065497215,3691.576335067676,1086517.7828847892,2485,1,1007.8736842105263,71,119,41,37.908804366221,0.5526315789473684,43.532986111111086,8444.175257710469,118.93204588324605,0
2488,32.81841041550608,1,1,189,0.005263157894736842,0.005263157894736842,0.9947368421052631,190,5300,3700,1600,0.6981132075471698,69,37,32,217.09952256183908,0.4206685695720784,0.7775055343710517,0.1252667003752625,1072765.077321671,3279.3572215100394,1076044.434543181,2486,0,1008.8052631578947,73,117,38,38.76211186963229,0.5421052631578948,44.31306306306308,8391.23883428006,114.94847718191863,8
2489,32.56153183106503,2,1,190,0.010471204188481676,0.005235602094240838,0.9947643979057592,191,6500,4400,2100,0.676923076923077,86,44,42,213.62667310455362,0.4212742261412694,0.7755328323954118,0.12395589412410324,1066128.4341174536,850.6940965361832,1066979.1282139898,2487,0,1004.5026178010471,76,115,36,38.635062028617774,0.543957242582897,44.10173160173163,8332.439611964704,109.63736331532506,0
2490,32.45468245753606,1,0,191,0.005235602094240838,0.0,1.0,191,5550,4200,1350,0.7567567567567568,69,42,27,235.61400656629837,0.42136952328465144,0.7897760402972933,0.13296874343007586,1053884.5488534493,5911.992202735465,1059796.5410561848,2488,0,1005.4973821989529,76,115,34,39.152466645433,0.5339768760907504,45.15692640692641,8270.851029965705,108.82698723639085,8
2491,32.68302751768031,2,0,193,0.010362694300518135,0.0,1.0,193,4700,3400,1300,0.723404255319149,60,34,26,220.13153426635085,0.4233693598877375,0.7832522644535509,0.12199008601062729,1055454.0836869765,3167.745357939578,1058621.829044916,2489,0,996.0673575129533,78,115,42,40.26527532772991,0.5253130397236615,45.859704641350184,8306.074266558087,106.48813162253958,8
2492,32.24416303224098,8,1,200,0.03980099502487562,0.004975124378109453,0.9950248756218906,201,6000,4300,1700,0.7166666666666667,77,43,34,209.70656605129457,0.42786069651741293,0.780624328712177,0.11818113300449083,1046603.8510822197,-2304.0600746974706,1044299.7910075223,2490,0,957.3830845771145,76,125,48,39.86794715231316,0.5293325041459369,45.21103896103896,8215.456798555557,108.09811577046786,0
2493,32.141578412128624,0,5,195,0.0,0.025,0.975,200,5050,3600,1450,0.7128712871287128,65,36,29,211.62199792190864,0.42741938860971523,0.7825176122613611,0.11949927274090165,1043902.4561470032,-867.4553189167173,1043035.0008280865,2491,1,963.15,75,125,41,39.74080173881868,0.5301041666666666,45.134320175438596,8191.785232641609,109.22380310188811,0
2494,32.55406624879036,6,0,201,0.029850746268656716,0.0,1.0,201,5600,3700,1900,0.6607142857142857,75,37,38,211.41716618807666,0.42892205638474296,0.7826052994192001,0.1168960991593953,1050561.8776036017,-1378.6369863644795,1049183.2406172373,2492,0,959.2786069651742,81,120,40,40.57656007800389,0.5227508291873963,45.947662601626,8270.436622326668,102.10415583119344,8
2495,32.91123139873753,4,1,204,0.01951219512195122,0.004878048780487805,0.9951219512195122,205,4600,3300,1300,0.717391304347826,59,33,26,203.62699365166952,0.4314173840267814,0.7796850947325824,0.11356979341424943,1064903.8894198947,-2231.364493891756,1062672.5249260028,2493,0,941.5414634146341,74,131,44,40.431066644827816,0.5252032520325203,45.611111111111086,8372.251587489889,113.13853496607958,0
2496,33.23034477223184,4,0,208,0.019230769230769232,0.0,1.0,208,5500,3400,2100,0.6181818181818182,76,34,42,198.78477176851612,0.4329584339774557,0.77860621724517,0.11174990254600206,1077810.9620308217,-4249.51878061993,1073561.4432502019,2494,0,928.9278846153846,78,130,46,40.24297646165524,0.5275440705128205,45.30590717299575,8463.572516092101,108.50733994989874,0
2497,32.77562682861246,4,2,210,0.018867924528301886,0.009433962264150943,0.9905660377358491,212,5250,3500,1750,0.6666666666666666,70,35,35,195.38793351910417,0.43559979433068047,0.7794425057822023,0.11020387701679009,1064122.441472161,-6066.663029890329,1058055.7784422708,2495,0,912.3820754716982,77,135,46,40.200057212235556,0.5301690251572326,45.178952991452974,8351.919544828406,108.4664875951741,7
2498,32.46103966106949,1,2,209,0.004739336492890996,0.009478672985781991,0.990521327014218,211,5300,3900,1400,0.7358490566037735,67,39,28,198.94836161931468,0.4348764387271496,0.7826750866379697,0.11272166221837349,1055345.3346813102,-5508.154944513198,1049837.179736797,2496,0,917.6729857819905,77,134,35,39.93226493488354,0.5315462085308057,45.005341880341874,8277.391710583062,107.49859364393588,0
2499,32.74837909342583,0,1,208,0.0,0.004784688995215311,0.9952153110047847,209,5250,3400,1850,0.6476190476190476,71,34,37,203.08530764006812,0.4337015780272359,0.7851742402881821,0.1152202017736444,1065115.812252229,-3788.1255192909753,1061327.686732938,2497,1,927.444976076555,76,133,37,39.77439487968313,0.5323464912280702,44.95400432900433,8352.34295249401,109.89924937492117,0
2500,32.53434899822236,6,3,211,0.028037383177570093,0.014018691588785047,0.985981308411215,214,6150,4300,1850,0.6991869918699187,80,43,37,203.86381043320705,0.43616358065318184,0.7900295179773762,0.11742817685210565,1062940.8036048722,-5610.967502434922,1057329.8361024372,2498,0,906.7149532710281,72,142,42,39.16664340739088,0.5358255451713396,44.377853881278554,8316.50011350111,115.50694602084874,0
2501,32.46657211100857,1,1,211,0.0047169811320754715,0.0047169811320754715,0.9952830188679245,212,5550,4100,1450,0.7387387387387387,70,41,29,205.1594748149343,0.43525654639482547,0.7906968737088547,0.11837360099263308,1061254.4825220606,-4404.717544155617,1056849.764977905,2499,0,916.0990566037735,71,141,45,39.06860040740111,0.5369005503144655,44.31423611111113,8301.240291056962,116.91887733883044,0
2502,32.498008818329325,4,1,214,0.018604651162790697,0.004651162790697674,0.9953488372093023,215,6050,3800,2250,0.628099173553719,83,38,45,197.56569080128025,0.43655093095703834,0.7857406292471321,0.11495528401432419,1064916.4184084355,-6971.810430301862,1057944.6079781337,2500,0,904.2511627906977,79,136,41,38.93966269942187,0.5392441860465116,43.99739583333337,8319.574887723704,105.31107452814815,0
2503,32.66044863489988,4,2,216,0.01834862385321101,0.009174311926605505,0.9908256880733946,218,6250,4500,1750,0.72,80,45,35,191.01591295253735,0.4383922405896363,0.7819951241125453,0.11232147021394731,1073537.103176166,-8837.46602967685,1064699.6371464892,2501,0,892.7889908256881,70,148,45,38.705701152056164,0.5418577981651376,43.60328638497649,8374.03169518053,119.62902421686472,0
2504,32.42830763289858,0,1,215,0.0,0.004629629629629629,0.9953703703703703,216,5900,4600,1300,0.7796610169491526,72,46,26,192.0686079939684,0.43778666020671836,0.7813818967709136,0.11311857371073258,1066394.7092774943,-8135.8105233882,1058258.8987541061,2502,1,902.0324074074074,70,146,49,38.61889778794813,0.54296875,43.54460093896711,8316.414574868879,118.80592249812685,0
2505,32.37827489212364,1,1,215,0.004629629629629629,0.004629629629629629,0.9953703703703703,216,5400,3600,1800,0.6666666666666666,72,36,36,188.641941484155,0.43795085055986216,0.7768483984203607,0.11166622977724303,1066317.235588507,-8369.569288113762,1057947.6663003932,2503,0,902.6944444444445,73,143,49,38.51447089366678,0.5443190586419753,43.35585585585582,8309.694648552822,113.83143354181948,0
2506,32.50085858102198,1,2,214,0.004629629629629629,0.009259259259259259,0.9907407407407407,216,6700,4700,2000,0.7014925373134329,87,47,40,190.25025887348838,0.43799974877978753,0.7775660985469266,0.11314883817212622,1071806.4649304363,-9117.70851694166,1062688.7564134947,2504,0,903.6574074074074,76,140,47,38.29584562438547,0.5460069444444444,43.181818181818144,8346.811408307822,109.82646589878713,0
2507,32.69602112500392,0,0,214,0.0,0.0,1.0,214,5800,3700,2100,0.6379310344827587,79,37,42,192.29195359004407,0.437005469995466,0.7783645732319915,0.11468382660023346,1079111.0719049599,-7099.1247685503195,1072011.9471364096,2505,1,912.8364485981308,75,139,40,38.13800346759135,0.5473130841121495,43.07839912280698,8400.314089750424,112.00418786333898,0
2508,32.97491412925659,3,0,217,0.013824884792626729,0.0,1.0,217,6150,4600,1550,0.7479674796747967,77,46,31,188.96975000000128,0.43853295499800876,0.7747101382488502,0.11356355168269214,1090689.5825281322,-8328.53245241096,1082361.0500757212,2506,0,901.2027649769585,80,137,45,37.93802083333335,0.5497791858678955,42.79835390946499,8481.202193738756,106.01502742173446,0
2509,33.07363609439841,1,4,214,0.0045871559633027525,0.01834862385321101,0.981651376146789,218,6750,4800,1950,0.7111111111111111,87,48,39,187.51829624483526,0.4393677158640905,0.7734274423987029,0.11354295763227548,1096299.9605064548,-9234.739846509838,1087065.220659945,2507,0,898.0642201834862,72,146,45,37.694663045887836,0.5516532874617737,42.52283105022831,8515.706188460692,118.27369706195405,0
2510,33.30842750004342,1,2,213,0.004651162790697674,0.009302325581395349,0.9906976744186047,215,6700,4900,1800,0.7313432835820896,85,49,36,186.43448709060357,0.43849253785408965,0.7699368052621751,0.11343214726198067,1105589.211979397,-8476.008466343326,1097113.2035130537,2508,0,911.1860465116279,74,141,50,37.54368587497528,0.553343023255814,42.34722222222223,8582.008868795923,115.97309282156652,0
2511,33.248550942705535,0,0,213,0.0,0.0,1.0,213,6800,5000,1800,0.7352941176470589,86,50,36,191.65300795421726,0.4377223772403815,0.7732473852765231,0.1168942896616166,1104367.2261494389,-7068.93984448081,1097298.2863049582,2509,1,920.6666666666666,73,140,45,37.31817768068452,0.554430751173709,42.257882882882896,8569.551911049277,117.39112206916818,0
2512,33.37641192368379,2,0,215,0.009302325581395349,0.0,1.0,215,5650,4100,1550,0.7256637168141593,72,41,31,191.5838710369598,0.4386283778888647,0.7744440961554167,0.1174953254764148,1110325.8930695038,-6105.893458634728,1104219.9996108692,2510,0,913.0930232558139,76,139,49,37.11724882432125,0.5564437984496124,42.058982683982705,8609.145645953504,113.27823218359873,0
2513,33.54150664982502,1,1,215,0.004629629629629629,0.004629629629629629,0.9953703703703703,216,7250,4900,2350,0.6758620689655173,96,49,47,190.79606840685884,0.43954879055412,0.7751941256686898,0.11757653942259966,1117321.3286673322,-7813.896668628988,1109507.4319987032,2511,0,909.8611111111111,80,136,42,36.96056084234301,0.5583043981481481,41.885288065843625,8657.556326757187,108.21945408446484,0
2514,33.76399359277966,1,0,216,0.004629629629629629,0.0,1.0,216,6900,5300,1600,0.7681159420289855,85,53,32,192.42930803548097,0.43943439563594605,0.7776286258714569,0.11909528954853495,1126084.8700832939,-6761.653532129268,1119323.2165511646,2512,0,910.8518518518518,81,135,46,36.7603147082452,0.5599922839506173,41.73018292682928,8720.220448866941,107.65704257860422,0
2515,33.607292361025586,1,0,217,0.004608294930875576,0.0,1.0,217,6150,4500,1650,0.7317073170731707,78,45,33,196.54025880568994,0.4396681387608807,0.7831718833782191,0.12231127750612832,1122573.0522818603,-5423.840355245875,1117149.2119266144,2513,0,907.6497695852535,69,148,48,36.452815840482074,0.5616839477726574,41.53273809523811,8686.38483658714,125.8896353128571,0
2516,33.95742164886976,1,1,217,0.0045871559633027525,0.0045871559633027525,0.9954128440366973,218,6550,4900,1650,0.7480916030534351,82,49,33,198.24332237286552,0.43997590157696703,0.7847731051043654,0.12411031526704669,1136141.128391688,-5103.521604634862,1131037.6067870532,2514,0,904.4816513761468,71,147,50,36.191275167785264,0.5635512232415902,41.319444444444464,8784.124697363924,123.72006616005527,0
2517,34.2995998834528,1,1,217,0.0045871559633027525,0.0045871559633027525,0.9954128440366973,218,5650,3700,1950,0.6548672566371682,76,37,39,196.2159299285397,0.4400600170521005,0.782951207103117,0.12324124138208281,1148616.820042568,-4174.616504757039,1144442.203537811,2515,0,905.440366972477,71,147,45,36.12570810971974,0.5647457951070336,41.2037037037037,8876.609414282457,125.02266780679517,0
2518,34.1660345544916,0,0,217,0.0,0.0,1.0,217,6500,4700,1800,0.7230769230769231,83,47,36,195.94616707697054,0.43922811059907835,0.7814851542903793,0.12358661498589495,1145454.3234253146,-5010.523152612806,1140443.8002727018,2516,1,910.4377880184331,74,143,50,35.981638418079086,0.5664362519201229,41.05555555555557,8847.104836582563,119.55547076462922,0
2519,33.97263670660628,1,2,216,0.0045871559633027525,0.009174311926605505,0.9908256880733946,218,6150,4400,1750,0.7154471544715447,79,44,35,196.32245793144816,0.4394430234360687,0.7823668744702423,0.12461434565376832,1140950.3142604204,-4951.165985347157,1135999.1482750732,2517,0,907.256880733945,75,143,44,35.74251458740992,0.5684250764525993,40.830592105263165,8804.668139874164,117.39557519832219,0
2520,34.32482704760298,0,0,216,0.0,0.0,1.0,216,6100,4300,1800,0.7049180327868853,79,43,36,197.17179821033767,0.4385968453919035,0.7823643274235432,0.12539702055650034,1153388.1383399984,-3816.877345805844,1149571.2609941927,2518,3,916.3888888888889,75,141,45,35.65062035176766,0.5696855709876543,40.76206140350877,8898.29740650167,118.64396542002227,0
2521,34.61728414568906,0,1,215,0.0,0.004629629629629629,0.9953703703703703,216,5300,3200,2100,0.6037735849056604,74,32,42,219.29484240390113,0.4386497810795291,0.807150031228373,0.13150365177497159,1144307.671480142,1688.1540957623206,1145995.8255759045,2519,4,917.3888888888889,79,137,39,37.23904263938825,0.5502025462962963,42.87760416666665,8900.879036782791,112.6693548959847,8
2522,34.254109116580366,1,1,215,0.004629629629629629,0.004629629629629629,0.9953703703703703,216,6850,4700,2150,0.6861313868613139,90,47,43,218.58990363581498,0.4386524727246626,0.8063032301305422,0.13185248801357433,1134198.9734421044,-465.11113829030637,1133733.8623038142,2520,0,918.3101851851852,67,149,42,37.03723683949442,0.5519386574074074,42.66237745098038,8814.87100259546,131.56523884470838,0
2523,34.620686206245985,0,3,212,0.0,0.013953488372093023,0.986046511627907,215,5900,4100,1800,0.6949152542372882,77,41,36,221.99612763081134,0.4382824386003043,0.809293338369917,0.13442332247509534,1147589.9039566081,2052.102957316152,1149642.0069139244,2521,1,923.5441860465116,66,149,41,36.80584908318742,0.5531007751937984,42.52176616915422,8914.073138396116,135.06171421812297,0
2524,34.49437523812801,1,1,212,0.004694835680751174,0.004694835680751174,0.9953051643192489,213,6450,4500,1950,0.6976744186046512,84,45,39,187.4703134889351,0.4373514409306995,0.7672632556377537,0.11373729076773274,1144030.4383485208,-6155.65101638436,1137874.7873321364,2522,0,932.6572769953052,80,133,41,37.6228549791115,0.5604460093896714,42.45113168724276,8883.987305735354,111.04984132169193,8
2525,34.297133839450126,4,1,215,0.018518518518518517,0.004629629629629629,0.9953703703703703,216,6350,4400,1950,0.6929133858267716,83,44,39,182.48860994957096,0.43853987223657764,0.7654331987011984,0.11180415710010726,1140631.5372880877,-7919.5472591314465,1132711.9900289562,2523,0,920.5879629629629,84,132,45,37.38912647501384,0.5627893518518519,42.09558823529409,8845.382128078683,105.3021681914129,0
2526,33.68997453888145,1,1,215,0.004629629629629629,0.004629629629629629,0.9953703703703703,216,5900,3900,2000,0.6610169491525424,79,39,40,181.88927389899789,0.43857127476313523,0.7652903912994755,0.11195793194652479,1121903.6148111587,-8287.553223467927,1113616.0615876908,2524,0,921.375,87,129,40,37.233013790783716,0.5647183641975309,41.9270833333333,8694.469991674772,99.93643668591692,0
2527,33.582310662333185,1,2,214,0.004629629629629629,0.009259259259259259,0.9907407407407407,216,7300,5200,2100,0.7123287671232876,94,52,42,182.97524498299163,0.4392755885730692,0.7693276332045911,0.11333734085791349,1120281.7455038237,-9503.234633293196,1110778.5108705305,2525,0,916.074074074074,91,125,43,36.9743950817516,0.5668402777777778,41.70063405797099,8674.289550948819,95.32186319723976,0
2528,33.27605514113177,1,0,215,0.004651162790697674,0.0,1.0,215,5750,3900,1850,0.6782608695652174,76,39,37,183.43001894913002,0.4383585090197783,0.7692787556642069,0.1139843923866719,1111055.119016262,-7989.827693063673,1103065.2913231982,2526,0,921.3116279069767,76,139,45,36.84540013262139,0.5680717054263567,41.58549783549785,8599.015223294115,113.14493714860677,0
2529,32.85634316450586,1,0,216,0.004629629629629629,0.0,1.0,216,5400,3400,2000,0.6296296296296297,74,34,40,186.694208544597,0.4387798772609819,0.7721848315393169,0.11658531507499256,1098536.4697661467,-7581.920643926584,1090954.5491222201,2527,0,918.0416666666666,80,136,46,36.58172949406536,0.5697820216049383,41.409465020576135,8496.33935637712,106.204241954714,0
2530,32.71530397712393,0,1,215,0.0,0.004629629629629629,0.9953703703703703,216,5900,4400,1500,0.7457627118644068,74,44,30,187.74260536439996,0.43859280792420324,0.7738802296669967,0.11771598394745961,1095042.876957114,-7982.759458868759,1087060.1174982453,2528,1,919.0416666666666,82,134,42,36.40750307204758,0.5710841049382716,41.265060240963855,8464.592203719718,103.22673419170388,0
2531,32.19926371949894,0,0,215,0.0,0.0,1.0,215,6300,4900,1400,0.7777777777777778,77,49,28,228.56661519397977,0.43843005143809316,0.8090012968425582,0.13854099040041362,1067629.6011610106,-495.1031563460292,1067134.4980046644,2529,2,923.4325581395349,69,146,39,36.59918857748242,0.5575581395348836,42.48511904761904,8291.789563481065,120.17086323885601,7
2532,32.52142187507988,1,1,215,0.004629629629629629,0.004629629629629629,0.9953703703703703,216,6950,5000,1950,0.7194244604316546,89,50,39,230.03227912666506,0.4390113587424634,0.8114946818829765,0.14009316749586442,1079759.9701961447,-474.0706292083678,1079285.8995669363,2530,0,920.1527777777778,70,146,36,36.38455553025127,0.5591724537037037,42.31220657276994,8380.373442105352,119.71962060150503,0
2533,32.09864160106596,1,1,215,0.004629629629629629,0.004629629629629629,0.9953703703703703,216,5950,4100,1850,0.6890756302521008,78,41,37,196.16608695003907,0.439321795147861,0.7778478289151087,0.12714723078845822,1084113.7422601988,-6616.729874410625,1077497.0123857881,2531,0,914.8379629629629,88,128,41,34.99992494521004,0.5889756944444444,40.09831460674158,8342.491050951221,94.80103466990023,8
2534,31.841311869442098,0,3,212,0.0,0.013953488372093023,0.986046511627907,215,6800,4900,1900,0.7205882352941176,87,49,38,194.79903688985274,0.4384354850394842,0.7735368849231885,0.12688658083374033,1076840.9733285008,-7846.483102415166,1068994.4902260855,2532,1,920.0883720930233,96,119,39,34.86077848432296,0.590843023255814,39.92697594501719,8281.066267763646,86.26110695587131,0
2535,31.925641024445458,0,1,211,0.0,0.0047169811320754715,0.9952830188679245,212,6500,4100,2400,0.6307692307692307,89,41,48,194.1810836411036,0.437029140212823,0.7705833237381465,0.12689095094830297,1080615.0404883646,-6933.000087818828,1073682.0404005458,2533,2,933.8396226415094,102,110,41,34.76365621072546,0.5924233490566038,39.81593851132687,8306.54294736965,81.43669556244754,0
2536,31.94115780671588,0,1,210,0.0,0.004739336492890996,0.995260663507109,211,5450,4100,1350,0.7522935779816514,68,41,27,190.60296745690525,0.43680884676145343,0.7661119528637255,0.12497553172320189,1082111.6799522552,-6399.260536264353,1075712.4194159908,2534,3,938.9905213270142,107,104,42,34.737661182747914,0.5940955766192733,39.69907407407409,8314.312952234313,77.70385936667583,0
2537,32.14524191905618,0,2,208,0.0,0.009523809523809525,0.9904761904761905,210,6000,4000,2000,0.6666666666666666,80,40,40,193.490057507986,0.43671916533758637,0.7696869419836081,0.12749683666183245,1090447.4001935222,-5801.853965424611,1084645.5462280975,2535,4,934.6476190476191,76,134,45,34.48937017416291,0.5956845238095239,39.52922077922076,8372.896210896972,110.16968698548646,0
2538,31.94928576928405,0,0,208,0.0,0.0,1.0,208,6650,4800,1850,0.7218045112781954,85,48,37,194.53608764487953,0.43599808001981916,0.769214754266387,0.1286337742532877,1084794.7528977746,-6043.654574714838,1078751.0983230597,2536,5,944.25,77,131,43,34.34030091050413,0.5969551282051282,39.40972222222221,8325.673253419296,108.12562666778307,0
2539,32.02441629717184,1,1,208,0.004784688995215311,0.004784688995215311,0.9952153110047847,209,6400,4900,1500,0.765625,79,49,30,194.09434808536656,0.4359098960250276,0.7698966875748674,0.12953820284443357,1089989.2943040864,-5887.847700404163,1084101.4466036821,2537,0,940.7272727272727,84,125,45,34.02908251135116,0.5990330940988835,39.09313725490194,8355.38998733804,99.46892842069094,0
2540,31.959868208139703,0,0,208,0.0,0.0,1.0,208,6400,4400,2000,0.6875,84,44,40,189.71723508163296,0.4352703455964326,0.763959222677941,0.12726287521169283,1089232.7226616747,-6670.755899238004,1082561.9667624368,2538,1,946.1009615384615,87,121,38,33.96732559545397,0.6008613782051282,38.92045454545452,8344.067864568215,95.9088260295197,0
2541,32.12060495710707,0,1,207,0.0,0.004807692307692308,0.9951923076923077,208,5700,4100,1600,0.7192982456140351,73,41,32,189.53110757458603,0.4350376060634213,0.7628604570902695,0.1275836918773878,1095703.7242395685,-5766.011914255527,1089937.712325313,2539,2,947.1009615384615,91,117,42,33.85157028913258,0.6022135416666667,38.8020833333333,8389.835096869278,92.19599007548656,0
2542,32.368802775689474,0,0,207,0.0,0.0,1.0,207,5300,3200,2100,0.6037735849056604,74,32,42,202.06786275927604,0.43430870190578924,0.7809581681849231,0.12966991247280224,1090308.3761309318,-2636.7433373373383,1087671.6327935944,2540,3,952.463768115942,75,132,41,35.20208454348628,0.5839875201288245,40.44682017543858,8401.425687544255,112.01900916725674,8
2543,32.35848798807601,0,0,207,0.0,0.0,1.0,207,6450,4600,1850,0.7131782945736435,83,46,37,200.14155394778294,0.43385531479136374,0.7787594616239131,0.1290567951318458,1091381.1404851708,-4163.856518799026,1087217.2839663718,2541,4,953.463768115942,77,130,39,35.07965686274509,0.5856481481481481,40.277777777777764,8404.218408014149,109.14569361057336,0
2544,31.98158180514941,0,0,207,0.0,0.0,1.0,207,5550,3300,2250,0.5945945945945946,78,33,45,198.1556563043911,0.43397745571658614,0.7764031183785696,0.12829341900285546,1079837.4941310096,-4154.818529676284,1075682.6756013334,2542,5,954.463768115942,78,129,40,34.98780106217442,0.5868558776167472,40.137130801687746,8310.82560938662,106.54904627418743,0
2545,31.71409638290647,1,1,207,0.004807692307692308,0.004807692307692308,0.9951923076923077,208,5900,4000,1900,0.6779661016949152,78,40,38,196.46077575232903,0.43412842190016104,0.7753811669063482,0.1277726285972337,1072100.0684502397,-5374.877773628384,1066725.1906766114,2543,0,950.8701923076923,83,125,37,34.871788757471684,0.5885416666666667,39.98015873015871,8246.294307499746,99.35294346385236,0
2546,31.934179625516993,0,1,206,0.0,0.004830917874396135,0.9951690821256038,207,4850,3100,1750,0.6391752577319587,66,31,35,199.23658719331132,0.4332866266435283,0.7779120331497003,0.13014746911119968,1080800.2562218888,-3183.0091025389993,1077617.24711935,2544,1,956.3768115942029,84,123,37,34.64486183074267,0.5897745571658615,39.82843137254901,8308.365606001518,98.90911435716093,0
2547,32.07984124837419,0,0,206,0.0,0.0,1.0,206,4950,3400,1550,0.6868686868686869,65,34,31,197.90918772684307,0.43242955245086434,0.7756332352126256,0.1294640693836034,1086139.2879323286,-3158.611153420388,1082980.6767789084,2545,2,961.7815533980582,84,122,37,34.629407239961076,0.590918284789644,39.77941176470587,8347.835160146746,99.37899000174697,0
2548,32.498479613983434,0,1,205,0.0,0.0048543689320388345,0.9951456310679612,206,6200,4300,1900,0.6935483870967742,81,43,38,231.04394326983873,0.4323876193859026,0.8045004262453008,0.14869148029053111,1095524.932952364,3222.8800919479,1098747.813044312,2546,3,962.7815533980582,70,136,36,34.34710136738616,0.5826759708737864,40.3462441314554,8438.352291788127,120.54788988268753,8
2549,32.20703802473214,0,1,204,0.0,0.004878048780487805,0.9951219512195122,205,5950,3900,2050,0.6554621848739496,80,39,41,228.3067200599632,0.4325970428821935,0.8005847103014221,0.14741680237881596,1086665.5957985288,2668.6115957536413,1089334.2073942823,2547,4,956.4878048780488,73,132,35,34.300151728622524,0.5840447154471544,40.23085585585586,8366.394703102578,114.60814661784353,0
2550,32.10233626929003,0,1,203,0.0,0.004901960784313725,0.9950980392156863,204,6500,4800,1700,0.7384615384615385,82,48,34,233.1960735633134,0.43225645143114716,0.8030210909212792,0.15163819705379597,1085174.8941014863,3311.7048867901904,1088486.5989882764,2548,5,961.9950980392157,74,130,32,33.92268931502949,0.5857332516339869,39.98611111111111,8347.053295796914,112.7980175107691,0
2551,32.485161740571165,0,1,202,0.0,0.0049261083743842365,0.9950738916256158,203,6100,4300,1800,0.7049180327868853,79,43,36,232.7200464900781,0.4318331463688241,0.8013853781922249,0.15202322442818064,1099454.431468176,4473.017280999069,1103927.448749175,2549,6,967.4088669950739,80,123,34,33.77294333778195,0.5879002463054187,39.82767489711933,8451.74006138751,105.64675076734389,0
2552,32.83174697530717,0,2,200,0.0,0.009900990099009901,0.9900990099009901,202,6000,4300,1700,0.7166666666666667,77,43,34,235.91078969172412,0.43162693134985136,0.8045370785873183,0.15463937352106083,1112199.8949956808,6075.991104696783,1118275.8861003777,2550,7,972.549504950495,82,120,37,33.568285920925746,0.5893151815181519,39.708835341365464,8545.813657980312,104.21723973146722,0
2553,33.023233901165646,1,1,200,0.004975124378109453,0.004975124378109453,0.9950248756218906,201,5650,4200,1450,0.7433628318584071,71,42,29,235.71684520988558,0.4314956467661692,0.8042111724873606,0.1551481317434509,1119901.4227530072,6945.92606348014,1126847.3488164872,2551,0,972.0597014925373,65,136,40,33.4287189665273,0.5905368988391376,39.5675505050505,8600.321695125209,132.31264146346476,0
2554,32.89487544613684,0,1,199,0.0,0.005,0.995,200,6650,5100,1550,0.7669172932330827,82,51,31,236.13473596032418,0.43125785175879394,0.8036810057558319,0.15570930151918275,1116089.3675040572,6059.493620739003,1122148.8611247963,2552,1,977.635,65,135,41,33.35321367262447,0.59140625,39.50441919191918,8568.969684950871,131.83030284539802,0
2555,32.64688268726944,0,1,198,0.0,0.005025125628140704,0.9949748743718593,199,5300,3900,1400,0.7358490566037735,67,39,28,230.43573488523347,0.430614774207739,0.7962034934838662,0.15239390443014283,1108522.9121111415,5988.6583778896,1114511.570489031,2553,2,983.3165829145729,69,130,36,33.39971638495505,0.5926507537688442,39.40476190476188,8507.622166956224,123.2988719848728,0
2556,32.337407323093274,0,0,198,0.0,0.0,1.0,198,5950,4700,1250,0.7899159663865546,72,47,25,226.28432193528798,0.4298174212514314,0.7912672394425808,0.15034758893576966,1099357.2390596382,4203.461481051929,1103560.7005406902,2554,3,989.1262626262626,73,125,41,33.345029871158154,0.5940656565656566,39.24549549549548,8432.12462349349,115.50855648621219,0
2557,32.80181122309157,0,1,197,0.0,0.005050505050505051,0.9949494949494949,198,6200,4600,1600,0.7419354838709677,78,46,32,227.30362622784102,0.42972502093694986,0.7919886259431543,0.1514363038022377,1115938.5017559375,4931.3736192776705,1120869.8753752152,2555,4,990.1262626262626,74,124,39,33.22362582752074,0.5952756734006734,39.15277777777778,8556.26134140115,115.6251532621777,0
2558,32.53454766824441,0,0,197,0.0,0.0,1.0,197,5350,3200,2150,0.5981308411214953,75,32,43,229.08982328567748,0.4299386632825719,0.7925854434809514,0.15324552256682678,1108014.3052410919,6016.960277136803,1114031.2655182288,2556,5,990.7106598984772,76,121,42,33.03625423318818,0.5968697123519459,39.01515151515151,8491.023993719833,111.72399991736623,0
2559,32.054216780153055,0,1,196,0.0,0.005076142131979695,0.9949238578680203,197,5550,4200,1350,0.7567567567567568,69,42,27,230.18229936017156,0.42952536344487036,0.7936936073216214,0.1545108437942409,1092638.8486118815,5351.224508746563,1097990.073120628,2557,6,991.7106598984772,78,119,33,32.88756607076726,0.5982973773265652,38.897679324894504,8369.430388720846,107.3003895989852,0
2560,32.18768885654112,0,1,195,0.0,0.00510204081632653,0.9948979591836735,196,4900,3600,1300,0.7346938775510204,62,36,26,201.75685660937555,0.42899550845979423,0.7663674413481676,0.13044797757844429,1086402.1032143617,-262.1853283313749,1086139.9178860304,2558,7,997.515306122449,77,119,38,34.94233487535339,0.5863095238095238,40.18429487179486,8362.867076709474,108.60866333388927,8
2561,32.67169795209647,0,1,194,0.0,0.005128205128205128,0.9948717948717949,195,5300,3800,1500,0.7169811320754716,68,38,30,201.55913104754092,0.4282491849502159,0.765317291553034,0.1306710129396145,1103532.1104090144,185.39465141982237,1103717.505060434,2559,8,1003.2102564102564,77,118,39,34.85210495666769,0.5877136752136752,40.09081196581195,8491.674486427602,110.28148683672211,0
2562,32.701846397814705,0,1,193,0.0,0.005154639175257732,0.9948453608247423,194,4950,3500,1450,0.7070707070707071,64,35,29,199.29189568357066,0.42779610241618143,0.761680742296956,0.1294910927794935,1105211.7016424749,301.947030398519,1105513.6486728734,2560,23,1009.340206185567,79,115,42,34.83169104021634,0.5888101374570447,40.013020833333314,8502.054258140137,107.62093997645744,0
2563,32.60920758932268,0,0,193,0.0,0.0,1.0,193,5500,4000,1500,0.7272727272727273,70,40,30,199.16132273641594,0.42736781267990787,0.7602194006339107,0.1298257906089806,1103031.4613649123,-163.75902693692387,1102867.7023379754,2561,30,1015.4507772020726,81,112,37,34.72074684574683,0.5901878238341969,39.90091463414631,8481.625068488,104.71142059861728,0
2564,32.44773120396419,0,1,192,0.0,0.0051813471502590676,0.9948186528497409,193,5800,4400,1400,0.7586206896551724,72,44,28,199.94656113905023,0.4268595728986759,0.7608338367636553,0.1308898018603217,1098802.0368877742,-459.66227034156236,1098342.3746174327,2562,31,1016.4507772020726,84,109,38,34.551390720160704,0.5916450777202072,39.75490196078429,8444.362988325709,100.5281308134013,0
2565,31.933279702795353,0,0,192,0.0,0.0,1.0,192,6650,4400,2250,0.6616541353383458,89,44,45,201.38995671586207,0.42643342786503785,0.7618202055325571,0.13235340567168638,1082504.9069415713,-1448.8767292660204,1081056.0302123053,2563,32,1021.4270833333334,85,107,41,34.37587221472763,0.5935329861111112,39.61967054263564,8314.797889667963,97.8211516431525,0
2566,31.816864377684002,0,0,192,0.0,0.0,1.0,192,4550,3300,1250,0.7252747252747253,58,33,25,198.60793037880214,0.4262380017452007,0.7579680412728091,0.13086916808738705,1079308.0086414919,-78.17403248951496,1079229.8346090023,2564,33,1022.4270833333334,76,116,41,34.356064540701496,0.5945095486111112,39.52922077922077,8287.36345681719,109.04425601075249,0
2567,31.754851560972234,0,0,192,0.0,0.0,1.0,192,6350,4900,1450,0.7716535433070866,78,49,29,189.29470262797096,0.42627947298574753,0.7498340204500051,0.11785766909412092,1060834.8088710315,-4587.918063471343,1056246.8908075602,2565,34,1023.4270833333334,75,117,43,36.62293202184635,0.5754665798611112,41.515899122807035,8208.124254226677,109.44165672302236,8
2568,31.556583516580698,0,0,192,0.0,0.0,1.0,192,6100,4200,1900,0.6885245901639344,80,42,38,190.42516234360346,0.42608120636998253,0.7489551058610893,0.11899268372971582,1055269.323786617,-4310.033540341576,1050959.2902462755,2566,35,1024.4270833333333,77,115,45,36.461560805577115,0.5769314236111112,41.38621794871796,8160.967411840113,105.9865897641573,0
2569,31.62083177843811,1,0,193,0.0051813471502590676,0.0,1.0,193,6150,4800,1350,0.7804878048780488,75,48,27,209.23457835959238,0.42702936096718486,0.7753736476008553,0.12968165802601023,1055026.7310479518,-600.3853542167421,1054426.3456937352,2567,0,1020.1139896373057,85,108,42,36.27380589550021,0.5724309153713298,41.67877906976743,8168.331871835598,96.09802202159527,8
2570,31.957634207157938,1,0,194,0.005154639175257732,0.0,1.0,194,5250,3900,1350,0.7428571428571429,66,39,27,206.30119904416125,0.4278517440307676,0.7727702960809744,0.12869543471700035,1068181.7277848406,23.43424781536396,1068205.162032656,2568,0,1015.8505154639175,70,124,42,36.11260852295292,0.5740979381443299,41.446596244131456,8262.755100245671,118.03935857493816,0
2571,31.606788587416887,1,0,195,0.005128205128205128,0.0,1.0,195,5050,3700,1350,0.7326732673267327,64,37,27,200.68779725528753,0.42827341616001413,0.7666848400740156,0.1255917182823413,1057380.529134242,-1609.326149483718,1055771.2029847584,2569,0,1011.6358974358974,74,121,41,36.14220897766322,0.5753205128205128,41.333333333333336,8175.622647945171,110.4813871343942,0
2572,31.149601895993193,0,0,195,0.0,0.0,1.0,195,4700,3200,1500,0.6808510638297872,62,32,30,198.55304430233608,0.4282227509031633,0.7641297319618992,0.1244318480826992,1042492.1457013813,-2302.0021619432055,1040190.143539438,2570,1,1012.6358974358974,75,120,44,36.14598785053328,0.5759081196581197,41.28289473684211,8058.934832631147,107.45246443508196,0
2573,31.349502782592722,0,0,195,0.0,0.0,1.0,195,5450,3900,1550,0.7155963302752294,70,39,31,198.96080751165118,0.427778879196405,0.7647682532559061,0.1253068652440343,1050611.2487248871,-2643.9075145744287,1047967.3412103127,2571,2,1013.6358974358974,79,116,45,35.95581023990344,0.5773504273504273,41.106770833333336,8116.174008154838,102.73637985006124,0
2574,31.633749632633123,0,1,194,0.0,0.005128205128205128,0.9948717948717949,195,4750,2700,2050,0.5684210526315789,68,27,41,200.36131883652905,0.42755859547096664,0.7656806861750218,0.12668426829133841,1061274.0761954694,-1222.3452892913538,1060051.730906178,2572,3,1014.6358974358974,81,114,39,35.777988246448565,0.5788461538461538,40.96798780487805,8194.15382061766,101.1623928471316,0
2575,31.18894476748177,1,0,195,0.005128205128205128,0.0,1.0,195,5150,3000,2150,0.5825242718446602,73,30,43,201.2808643106641,0.4280586395277117,0.7659121382379492,0.12784829965520633,1047654.9626220898,-1975.4207248139,1045679.5418972758,2573,0,1015.3641025641026,85,110,41,35.58962062090128,0.5802350427350427,40.80668604651163,8083.965952995909,95.10548179995187,0
2576,30.83787154553586,1,0,196,0.00510204081632653,0.0,1.0,196,4450,3100,1350,0.6966292134831461,58,31,27,200.73483635280166,0.42826563317634747,0.765907225628188,0.1279458265924012,1036841.5807596867,-2023.9549924847674,1034817.6257672019,2574,0,1011.1785714285714,87,109,42,35.47881384945453,0.581685799319728,40.68418560606061,7996.74777400633,91.91664108053253,0
2577,30.64495754201435,0,0,196,0.0,0.0,1.0,196,5650,4300,1350,0.7610619469026548,70,43,27,199.51305911669334,0.42787098813884533,0.7650793650793661,0.12753682892902507,1031166.0354072301,-3703.7819637344146,1027462.2534434957,2575,1,1012.1785714285714,72,124,41,35.40646773010637,0.5829613095238095,40.58219178082191,7949.847718519108,110.41455164609872,0
2578,30.710762124451783,0,0,196,0.0,0.0,1.0,196,6150,4500,1650,0.7317073170731707,78,45,33,195.11166467163784,0.4277428920286063,0.7593915991053957,0.12521451886619364,1034477.9937893334,-4982.255313117514,1029495.7384762159,2576,2,1013.1785714285714,74,122,43,35.38021279252283,0.5841836734693877,40.444444444444436,7971.148924746576,107.71822871279157,0
2579,30.35868477380358,1,0,197,0.005076142131979695,0.0,1.0,197,5350,4300,1050,0.8037383177570093,64,43,21,191.45584223729557,0.4280976984702511,0.755581130939178,0.12339133669089304,1023788.0559659902,-5547.959094509846,1018240.0968714803,2577,0,1009.0304568527919,75,122,45,35.32386883400178,0.5858714043993232,40.296052631578924,7884.270272670322,105.1236036356043,0
2580,30.480255143540095,1,0,198,0.005050505050505051,0.0,1.0,198,5500,3700,1800,0.6727272727272727,73,37,36,187.7971364588024,0.4283651874070656,0.7517203707377795,0.12135673924722071,1028624.0362455838,-6465.470300077158,1022158.5659455067,2578,0,1004.929292929293,78,120,46,35.32414691502136,0.5872790404040404,40.20305907172993,7918.677045004828,101.52150057698498,0
2581,30.893069694026554,1,0,199,0.005025125628140704,0.0,1.0,199,5400,4000,1400,0.7407407407407407,68,40,28,190.39807788870414,0.42867747830059383,0.756081212233582,0.12382305361311319,1044330.373285539,-5432.300849128289,1038898.0724364107,2579,0,1000.8743718592965,80,119,35,35.03130306477407,0.5890389447236181,39.981995884773646,8032.754322833326,100.40942903541658,0
2582,30.914713996343234,0,1,198,0.0,0.005025125628140704,0.9949748743718593,199,4900,3300,1600,0.673469387755102,65,33,32,186.97406385329612,0.42832851124308413,0.7513080275519484,0.12195174015505979,1045874.4361478962,-5589.721278630808,1040284.7148692654,2580,1,1001.8743718592965,83,116,36,35.01740083905413,0.5899811557788945,39.880952380952365,8041.505962144007,96.88561400173502,0
2583,30.75046916442264,0,0,198,0.0,0.0,1.0,198,4250,2800,1450,0.6588235294117647,57,28,29,188.75821982135372,0.42816703413150115,0.7521706000635004,0.12309695629102838,1040276.3543903865,-4577.857444604571,1035698.4969457819,2581,2,1007.9242424242424,85,113,36,34.97628055878932,0.5902777777777778,39.88614341085271,7998.623126283614,94.1014485445131,0
2584,30.423627747998836,0,1,197,0.0,0.005050505050505051,0.9949494949494949,198,4950,3500,1450,0.7070707070707071,64,35,29,189.23473945740625,0.42822738809413935,0.7546440757998689,0.12380577445416184,1030099.9285360671,-5563.861681677048,1024536.0668543901,2582,3,1008.9242424242424,86,112,41,34.85054139443575,0.5916982323232323,39.77490421455938,7916.991444863562,92.05804005655304,0
2585,30.11755673400584,0,0,197,0.0,0.0,1.0,197,6400,4500,1900,0.703125,83,45,38,192.01359975359196,0.4274124624469077,0.758034817826009,0.1260274846588138,1020603.4286841147,-6606.052347500865,1013997.3763366139,2583,4,1015.005076142132,89,108,43,34.66555335734081,0.5929568527918782,39.664351851851855,7840.673652986041,88.09745677512406,0
2586,30.622976870416856,0,1,196,0.0,0.005076142131979695,0.9949238578680203,197,6650,4500,2150,0.6766917293233082,88,45,43,194.04269446521752,0.4273779308677786,0.7590897257779159,0.12807364049185604,1039263.0361629596,-5717.7200409673405,1033545.3161219923,2584,5,1016.005076142132,74,123,42,34.41687102391869,0.5949661590524535,39.47222222222222,7978.136112989988,107.81265017554037,0
2587,30.44221562252606,0,1,195,0.0,0.00510204081632653,0.9948979591836735,196,5750,4400,1350,0.7652173913043478,71,44,27,193.08095747368807,0.42707025117739406,0.7566425843630997,0.12778099092169698,1033856.7613573069,-5026.389325297019,1028830.3720320099,2585,6,1017.8826530612245,76,120,42,34.34834328229089,0.5963010204081632,39.38041125541125,7933.837716016831,104.39260152653725,0
2588,30.727203085757424,0,0,195,0.0,0.0,1.0,195,4500,2900,1600,0.6444444444444445,61,29,32,200.48127613328862,0.4266168825447176,0.762199185649832,0.12383917640258692,1024251.724716818,-2431.3414294105537,1021820.3832874075,2586,7,1023.6871794871795,93,102,39,36.623211731044336,0.5720619658119659,41.79964539007089,7933.774732913789,85.3094057302558,8
2589,30.363216738577062,1,0,196,0.00510204081632653,0.0,1.0,196,5600,3900,1700,0.6964285714285714,73,39,34,198.67978622386414,0.4269138103959533,0.7631595338477009,0.12323115465785159,1013274.9875070368,-4536.548419222585,1008738.4390878142,2587,0,1019.4591836734694,71,125,40,36.51935048813727,0.5736075680272108,41.65219907407408,7844.270273448662,110.48267990772763,0
2590,30.82416378829608,0,0,196,0.0,0.0,1.0,196,5400,3300,2100,0.6111111111111112,75,33,42,197.84024346771318,0.42682823129251696,0.7605247578483441,0.12337675484594625,1030202.0180391283,-3836.9163860416998,1026365.1016530866,2588,1,1020.4591836734694,74,122,40,36.343338705345154,0.574936224489796,41.45833333333335,7969.33067943242,107.69365783016784,0
2591,30.95250275959182,0,0,196,0.0,0.0,1.0,196,5800,4200,1600,0.7241379310344828,74,42,32,197.47423501561224,0.42673938165009595,0.7573614380261062,0.12375094108084714,1035884.6609299852,-4087.8938036888267,1031796.7671262964,2589,2,1021.4591836734694,78,118,41,36.17531386439701,0.5766900510204082,41.28428270042194,8007.89895366496,102.66537120083282,0
2592,31.12439817765965,1,0,197,0.005076142131979695,0.0,1.0,197,5300,3900,1400,0.7358490566037735,67,39,28,197.04161378994934,0.4274264909009289,0.7573082421489568,0.12415908651455924,1043207.6715163908,-3588.935377270788,1039618.73613912,2590,0,1017.269035532995,82,115,43,35.98774034577477,0.578415820642978,41.08935742971889,8058.437931791181,98.27363331452659,0
2593,30.962830235281334,0,0,197,0.0,0.0,1.0,197,5900,4400,1500,0.7457627118644068,74,44,30,196.10880794133644,0.42723980455126215,0.7567337094186142,0.12400800392450491,1038794.160602877,-4556.6630935495095,1034237.4975093275,2591,1,1018.269035532995,88,109,37,35.88450358455327,0.5797906091370558,40.96441947565544,8020.474704672856,91.14175800764609,0
2594,30.781245394727105,1,0,198,0.005050505050505051,0.0,1.0,198,6600,5200,1400,0.7878787878787878,80,52,28,195.69106332494252,0.4274646849202686,0.7582581638883747,0.12438556106918822,1034158.5789978871,-5724.881605858329,1028433.6973920288,2592,0,1014.1212121212121,92,106,38,35.70914171311699,0.5819128787878788,40.78181003584229,7979.0587160637215,86.72889908764914,0
2595,30.7393126968419,1,1,198,0.005025125628140704,0.005025125628140704,0.9949748743718593,199,5200,3500,1700,0.6730769230769231,69,35,34,194.74691420000386,0.42756607109622186,0.7603171952410595,0.12162495962302179,1027780.1020442853,-4968.599330141869,1022811.5027141434,2593,0,1010.0201005025126,75,124,43,36.370216515609286,0.5743823283082077,41.40625000000002,7948.9941426990035,105.98658856932005,8
2596,31.14344478870443,1,1,198,0.005025125628140704,0.005025125628140704,0.9949748743718593,199,4650,3000,1650,0.6451612903225806,63,30,33,199.67974335294832,0.4277606466676818,0.7668898602699781,0.12607804052219485,1044428.3246530214,-2739.7640365469106,1041688.5606164745,2594,0,1010.5879396984925,84,115,39,35.84579409769871,0.5767902010050252,41.017156862745104,8065.617876466809,96.01926043412868,8
2597,31.024757818596516,1,0,199,0.005025125628140704,0.0,1.0,199,5400,4000,1400,0.7407407407407407,68,40,28,201.0348032584144,0.42748464544946957,0.7689668309764199,0.12747298698608597,1041652.8795425029,-3318.3036595222206,1038334.5758829807,2595,0,1011.5477386934673,85,114,41,35.657777881649075,0.5782558626465661,40.86724806201552,8039.530871742455,94.58271613814652,0
2598,31.079411570890947,0,0,199,0.0,0.0,1.0,199,5200,3500,1700,0.6730769230769231,69,35,34,200.67856791154819,0.42720335685159805,0.7691187661393821,0.12769006849805398,1044474.8150145678,-3079.2579806391514,1041395.5570339287,2596,1,1012.5477386934673,86,113,43,35.5420342061916,0.5798785594639866,40.7447318007663,8057.501182285754,93.69187421262505,0
2599,31.25116761810766,0,0,199,0.0,0.0,1.0,199,5900,3800,2100,0.6440677966101694,80,38,42,200.7759234045176,0.4270584826489349,0.7692006412151269,0.12824126899537025,1051336.1805665663,-3483.401507634145,1047852.7790589322,2597,2,1013.5477386934673,70,129,45,35.40240855957768,0.5810301507537688,40.61032863849763,8106.230098124112,115.80328711605875,0
2600,30.899052523981595,0,0,199,0.0,0.0,1.0,199,4900,3700,1200,0.7551020408163265,61,37,24,196.72229872073873,0.4268787117405208,0.7645515677703598,0.12624815654166022,1040820.4698882962,-3749.480921595245,1037070.988966701,2598,3,1014.5477386934673,74,125,44,35.33840789098175,0.5820247068676717,40.44444444444442,8020.020744002281,108.37865870273353,0
2601,31.226462563801515,0,0,199,0.0,0.0,1.0,199,5350,4100,1250,0.7663551401869159,66,41,25,197.3349229384305,0.426780366478859,0.7666427554147719,0.1270951103747782,1052862.4967085437,-3596.692069451546,1049265.8046390922,2599,4,1015.5477386934673,74,125,44,35.19504020252803,0.5831239530988275,40.31944444444442,8108.905146602678,109.57979927841457,0
2602,31.661397887224318,0,0,199,0.0,0.0,1.0,199,5650,4300,1350,0.7610619469026548,70,43,27,195.52073081010883,0.4265551241053753,0.7668826970750673,0.12311911573847609,1061013.7559923248,-3959.963005760308,1057053.7929865646,2600,5,1016.5477386934673,78,121,44,36.05108909714445,0.57464405360134,41.11286919831225,8196.728456194143,105.08626225889927,8
2603,31.775848017143957,1,1,199,0.005,0.005,0.995,200,5850,3800,2050,0.6495726495726496,79,38,41,195.5615411641886,0.42671744137353435,0.7683531008141515,0.12384734392377589,1066506.6479890987,-4136.463251479581,1062370.184737619,2601,0,1012.46,79,121,38,35.84468288270179,0.5765104166666667,40.91145833333334,8232.758122983494,104.21212813903158,0
2604,31.463116806764866,1,0,200,0.005,0.0,1.0,200,5900,3800,2100,0.6440677966101694,80,38,42,196.35632544519245,0.4267546063651591,0.7701800832257135,0.12496869698881755,1057436.135146369,-4373.145221938443,1053062.9899244306,2602,0,1013.41,83,117,40,35.645806428468966,0.5783333333333334,40.73660714285716,8157.234413182495,98.27993268894572,0
2605,31.611507664873333,1,0,201,0.004975124378109453,0.0,1.0,201,5200,3700,1500,0.7115384615384616,67,37,30,220.68386606657901,0.42712271973466004,0.7908202807988616,0.14155745892119145,1064680.823357077,1591.5760450775574,1066272.3994021546,2603,0,1009.363184079602,69,132,37,34.733709362995214,0.5782027363184079,40.46130952380951,8204.409303319257,118.90448265680082,8
2606,31.943200652802634,0,0,201,0.0,0.0,1.0,201,5550,4000,1550,0.7207207207207207,71,40,31,219.9970767443752,0.42720978441127694,0.7895435172327627,0.14160901328324701,1076861.4687230263,1631.2750355440112,1078492.7437585704,2604,1,1010.363184079602,72,129,39,34.62715923870236,0.5792910447761195,40.339611872146115,8294.383879552639,115.19977610489777,0
2607,32.01475783429976,0,0,201,0.0,0.0,1.0,201,6050,4300,1750,0.7107438016528925,78,43,35,220.78113785331487,0.42731343283582085,0.7903984250380995,0.1427883056235626,1080646.3804995525,1467.267500751419,1082113.648000304,2605,2,1011.363184079602,73,128,34,34.43809369017951,0.5807939469320067,40.17454954954954,8318.248875358999,113.94861473094518,0
2608,31.9914879433485,1,1,201,0.0049504950495049506,0.0049504950495049506,0.995049504950495,202,5150,3800,1350,0.7378640776699029,65,38,27,220.4018364032857,0.4279130338406975,0.7907679844323534,0.14317061756498317,1081129.8925711093,2106.602742631689,1083236.495313741,2606,0,1007.3514851485148,75,127,42,34.29196541543651,0.5827145214521452,40.02192982456139,8317.085297552523,110.89447063403364,0
2609,31.699434463976864,0,0,201,0.0,0.0,1.0,201,5750,4100,1650,0.7130434782608696,74,41,33,217.8427489434074,0.4277466832504146,0.7861360752977435,0.14188192952922726,1072013.3122182067,756.0653675080034,1072769.3775857147,2607,1,1013.2985074626865,77,124,31,34.26513128615928,0.5842661691542288,39.930555555555536,8244.054310249494,107.06564039285057,0
2610,31.9971655918146,1,0,202,0.0049504950495049506,0.0,1.0,202,5900,4100,1800,0.6949152542372882,77,41,36,214.49193831533128,0.4280833866968787,0.7860687769627395,0.14058012612863807,1083888.6320500383,197.07472127296433,1084085.7067713114,2608,0,1009.2772277227723,79,123,37,34.130606970151746,0.5861179867986799,39.71354166666666,8328.428908598593,105.42315074175434,0
2611,32.074470025936485,0,0,202,0.0,0.0,1.0,202,6800,5500,1300,0.8088235294117647,81,55,26,212.14306369618535,0.42782067385843064,0.7840716769860427,0.139626591941317,1087715.4525734633,-1049.7422922767191,1086665.7102811865,2609,1,1010.2772277227723,71,131,40,34.04399987037756,0.5878712871287128,39.568865740740726,8353.190609619218,117.65057196646785,0
2612,32.0397424066379,0,1,201,0.0,0.0049504950495049506,0.995049504950495,202,5800,4300,1500,0.7413793103448276,73,43,30,211.50813748658373,0.42779809697387644,0.7829870732912934,0.13960743967908998,1087356.8537559093,-203.03541576323096,1087153.818340146,2610,2,1011.2772277227723,73,129,39,33.9603144586125,0.5886963696369637,39.47072072072071,8347.290997495114,114.34645202048102,0
2613,32.10203960327243,0,0,201,0.0,0.0,1.0,201,5400,4100,1300,0.7592592592592593,67,41,26,209.08520215545755,0.4274461028192371,0.7804713942120296,0.1385499085223864,1090592.8999911265,5.367392790256417,1090598.2673839168,2611,3,1016.8756218905472,75,126,41,33.88653731552563,0.5903296019900497,39.33662280701754,8367.826057771857,111.57101410362476,0
2614,32.36134843105289,1,0,202,0.0049504950495049506,0.0,1.0,202,6650,4900,1750,0.7368421052631579,84,49,35,205.1028107782459,0.42762312611858205,0.7775680489749426,0.1366638230254646,1100992.2631971901,-1886.6784346307995,1099105.5847625593,2612,0,1012.8366336633663,78,124,40,33.79806315186441,0.59184199669967,39.14820675105486,8441.515770194097,108.22456115633457,0
2615,32.04566342560209,0,0,202,0.0,0.0,1.0,202,6400,4800,1600,0.75,80,48,32,201.5219770493771,0.42743173571088455,0.7746832152005558,0.12825631580430227,1077014.8008249465,-3391.56960526307,1073623.2312196833,2613,1,1013.8366336633663,83,119,39,35.51187999234707,0.5790016501650165,40.736607142857146,8308.267426079658,100.0996075431284,8
2616,32.37355210106732,0,3,199,0.0,0.01485148514851485,0.9851485148514851,202,5200,3800,1400,0.7307692307692307,66,38,28,204.3073289542245,0.4275158859169499,0.7780558820037813,0.13049765668747124,1089096.6390648643,-1097.9149399268663,1087998.7241249373,2614,2,1014.8366336633663,69,133,40,35.310593674105526,0.5803424092409242,40.61011904761905,8397.371825501563,121.70104094929802,0
2617,32.343727596992466,0,0,199,0.0,0.0,1.0,199,5550,3900,1650,0.7027027027027027,72,39,33,204.0835850715839,0.42650859516437406,0.7747720035198562,0.13078411094780268,1089061.0661647043,-898.1026510451984,1088162.963513659,2615,7,1029.1356783919598,71,128,38,35.19871634052516,0.5817106365159128,40.49479166666666,8393.365768334097,118.21641927231123,0
2618,32.175394959362094,0,0,199,0.0,0.0,1.0,199,5700,3900,1800,0.6842105263157895,75,39,36,186.85824209719487,0.4265794460518078,0.7506086056358525,0.1153251008444289,1072268.8172148564,-5427.546751919201,1066841.2704629372,2616,8,1030.1356783919598,88,111,39,37.006414906156536,0.570037688442211,41.83052434456926,8306.70484566482,94.39437324619115,8
2619,32.2005179568714,1,0,200,0.005,0.0,1.0,200,6950,5400,1550,0.7769784172661871,85,54,31,182.7331872130053,0.4272911432160804,0.7456695867123477,0.1131179748709976,1074002.8586243463,-7698.806913539131,1066304.0517108073,2617,0,1025.98,92,108,40,37.00308628590423,0.57171875,41.72267025089604,8316.663794438757,90.3985195047691,0
2620,31.83297304792936,0,0,200,0.0,0.0,1.0,200,5850,4400,1450,0.7521367521367521,73,44,29,186.3174223822988,0.42740106783919596,0.7498496434845503,0.11594814767803939,1063302.9232628485,-6227.628025220371,1057075.295237628,2618,1,1026.98,77,123,40,36.717431366470315,0.57328125,41.53311965811967,8227.769235705498,106.85414591825322,0
2621,32.08112203281751,0,0,200,0.0,0.0,1.0,200,6800,5500,1300,0.8088235294117647,81,55,26,185.8492550268477,0.42725502512562813,0.7493466068423991,0.11612174064484215,1072780.7245232475,-6924.900308038148,1065855.8242152093,2619,2,1027.98,78,122,42,36.583516035282756,0.575,41.389767932489484,8296.506413893141,106.36546684478387,0
2622,31.584557478334784,2,0,202,0.009900990099009901,0.0,1.0,202,5450,4000,1450,0.7339449541284404,69,40,29,184.87968984750972,0.42822500533635455,0.7480140400072979,0.11608462864359578,1057604.9429182769,-6744.065234414706,1050860.877683862,2620,0,1018.7920792079208,82,120,41,36.430447785321746,0.5764232673267327,41.21485943775104,8173.614146627382,99.67822130033393,0
2623,31.505667368177576,2,1,203,0.00980392156862745,0.004901960784313725,0.9950980392156863,204,6050,4600,1450,0.7603305785123967,75,46,29,183.72617885499582,0.42867606812840076,0.7471901690299665,0.11613905807904619,1056909.56540765,-8013.608830471083,1048895.956577179,2621,0,1009.7941176470588,85,119,34,36.21731548593255,0.5785334967320261,40.97625968992252,8160.71580267062,96.00842120788965,0
2624,31.827051331741945,0,1,202,0.0,0.0049261083743842365,0.9950738916256158,203,6250,4400,1850,0.704,81,44,37,184.65175478960705,0.42813246841925573,0.747515592513198,0.11720538704340752,1068889.5069014574,-7375.535374889145,1061513.9715265683,2622,1,1013.2857142857143,85,118,38,36.04530814288611,0.5801005747126438,40.83091085271322,8248.587903891605,97.04221063401887,0
2625,31.843830147599917,1,2,201,0.0049261083743842365,0.009852216748768473,0.9901477832512315,203,6150,4000,2150,0.6504065040650406,83,40,43,183.19093363955062,0.4279891967029215,0.7464291156952625,0.11661438205341376,1070292.8649513463,-7536.410160362109,1062756.4547909843,2623,0,1014.2709359605911,89,114,41,35.97956006428284,0.5812807881773399,40.72916666666671,8256.176378893471,92.76602672914012,0
2626,31.86180773185615,0,2,199,0.0,0.009950248756218905,0.9900497512437811,201,6200,4700,1500,0.7580645161290323,77,47,30,186.9012591883255,0.4276689469320067,0.7493696717894343,0.1196885740178017,1072629.7043085694,-6304.831524385595,1066324.8727841838,2624,1,1022.8308457711443,78,123,41,35.66979182546539,0.5833333333333333,40.51951476793248,8267.517330632847,105.99381193119035,0
2627,32.283134776588255,1,1,199,0.005,0.005,0.995,200,5200,4000,1200,0.7692307692307693,64,40,24,186.28261824701022,0.42769262981574535,0.7479182763744423,0.11985487770577209,1088192.7737668394,-4657.720189047475,1083535.053577792,2625,0,1028.76,80,120,43,35.51820208023773,0.5844791666666667,40.35493827160493,8382.156521853336,104.7769565231667,0
2628,32.07741141265264,1,1,199,0.005,0.005,0.995,200,4950,3000,1950,0.6060606060606061,69,30,39,184.90371085021684,0.42777795226130655,0.747356737727362,0.11952119767094249,1082606.7133574933,-4914.400261768651,1077692.3130957247,2626,0,1029.67,81,119,43,35.3891632440185,0.5857812499999999,40.1930894308943,8333.933158175423,102.88806368117807,0
2629,31.650846556599326,0,0,199,0.0,0.0,1.0,199,6900,5600,1300,0.8115942028985508,82,56,26,185.38280850416953,0.42734928853019305,0.7470552533704584,0.12039545221441728,1069553.71036573,-7044.6258652693405,1062509.0845004607,2627,1,1035.0653266331658,83,116,48,35.210360618202564,0.5880967336683417,40.029761904761884,8228.278115234923,99.13588090644487,0
2630,31.531961125625593,0,0,199,0.0,0.0,1.0,199,6650,4900,1750,0.7368421052631579,84,49,35,200.74312383483579,0.4269971490448878,0.762572032946587,0.13140346839668948,1067773.8622028388,-3580.3478704429353,1064193.5143323957,2628,2,1036.0653266331658,83,116,40,34.53274405158994,0.5896670854271358,39.75694444444444,8205.973910991797,98.86715555411804,8
2631,31.89719713763293,0,0,199,0.0,0.0,1.0,199,5450,3900,1550,0.7155963302752294,70,39,31,203.51958365675182,0.426780366478859,0.7654402636160365,0.13395008731768412,1081702.094748614,-1220.488007225049,1080481.6067413888,2629,3,1037.0653266331658,72,127,43,34.268784358847924,0.5912374371859297,39.56906392694064,8307.016908660662,115.3752348425092,0
2632,32.03350137191015,0,1,198,0.0,0.005025125628140704,0.9949748743718593,199,5350,3700,1650,0.6915887850467289,70,37,33,204.9979247756026,0.4267972860937685,0.7760051212450925,0.13069867691790935,1077121.060977742,-988.4835534932295,1076132.577424249,2630,4,1038.0653266331658,83,116,40,35.35848635552156,0.5804543551088777,40.67460317460319,8307.100454977537,100.08554765033178,8
2633,32.43719321650202,0,1,197,0.0,0.005050505050505051,0.9949494949494949,198,5900,4000,1900,0.6779661016949152,78,40,38,203.17916137106118,0.42587839050402504,0.7728624386757967,0.1301133914175038,1092001.7002345372,-1125.6020661147177,1090876.0981684225,2631,5,1044.1868686868686,68,130,40,35.24721705065551,0.5820180976430976,40.51932367149759,8416.82483401626,123.77683579435677,0
2634,32.07009403053073,0,1,196,0.0,0.005076142131979695,0.9949238578680203,197,5000,3500,1500,0.7,65,35,30,204.3530070591839,0.4255984754307815,0.7739636271316035,0.13126073800458243,1080522.8375064323,-238.38179188762751,1080284.4557145447,2632,6,1050.4314720812183,68,129,43,35.108922167296704,0.5828574450084603,40.413647342995176,8324.95873875267,122.42586380518632,0
2635,31.861299759966144,0,0,196,0.0,0.0,1.0,196,5400,4000,1400,0.7407407407407407,68,40,28,201.2037538737601,0.4250861241932671,0.7691958550046585,0.1299450215084808,1075063.6323357509,-1338.6323041773358,1073725.0000315735,2633,7,1056.5102040816328,69,127,42,34.996407840216904,0.5841836734693877,40.22321428571429,8276.826040323362,119.95400058439654,0
2636,31.736925092136946,1,1,196,0.005076142131979695,0.005076142131979695,0.9949238578680203,197,6000,4300,1700,0.7166666666666667,77,43,34,200.07826784652568,0.425530491384371,0.7676855419838693,0.12981887891967447,1072197.0501272902,-2495.334284075513,1069701.7158432147,2634,0,1052.1421319796955,73,124,45,34.86114119643312,0.5855541455160744,40.06193693693693,8249.634836027586,113.00869638393954,0
2637,31.284547865985317,0,0,196,0.0,0.0,1.0,196,5350,3300,2050,0.616822429906542,74,33,41,202.54201594345835,0.4246685853828711,0.768723835688121,0.1316523103632478,1057417.7178703018,-1715.6967456436864,1055702.0211246582,2635,1,1058.454081632653,74,122,39,34.733907585470064,0.5866284013605443,39.99999999999999,8133.982445156168,109.91868169129957,0
2638,31.109870296710728,0,1,195,0.0,0.00510204081632653,0.9948979591836735,196,5150,3400,1750,0.6601941747572816,69,34,35,200.86169020813415,0.4245590223268794,0.7670871046563659,0.1308911893334321,1052223.259076639,-2079.7315411111626,1050143.527535528,2636,2,1059.454081632653,75,121,40,34.68811481169197,0.5877444727891157,39.912280701754376,8091.295213135705,107.88393617514274,0
2639,30.74380684581117,0,0,195,0.0,0.0,1.0,195,5900,4600,1300,0.7796610169491526,72,46,26,204.5102538514189,0.424242223984492,0.7710297465755998,0.13380813751992798,1040958.1448871251,-2322.6771080865988,1038635.4677790385,2637,11,1065.876923076923,76,119,41,34.45081271227561,0.5890491452991453,39.772727272727266,8000.377008739476,105.26811853604573,0
2640,30.938010092270982,0,1,194,0.0,0.005128205128205128,0.9948717948717949,195,4900,3500,1400,0.7142857142857143,63,35,28,204.76994353682792,0.42404947572473345,0.7717864077171868,0.1344113674023414,1048429.7034585357,-962.6217640926843,1047467.081694443,2638,12,1066.876923076923,79,116,42,34.330507485578984,0.5904380341880342,39.661458333333314,8054.356429490401,101.95387885430887,0
2641,30.91577676508142,0,1,193,0.0,0.005154639175257732,0.9948453608247423,194,5800,3900,1900,0.6724137931034483,77,39,38,206.7761141016494,0.42350056977013334,0.7723503614583482,0.1362190727652203,1048675.1701687064,-1231.804671525907,1047443.3654971805,2639,13,1072.5721649484535,67,127,41,34.15163255503932,0.5917096219931272,39.53737745098038,8052.404294373128,120.18513872198699,0
2642,31.068963284654224,0,0,193,0.0,0.0,1.0,193,5500,4200,1300,0.7636363636363637,68,42,26,208.27615940667607,0.4228420048934945,0.7731318192356624,0.13745256666780512,1054367.2267476483,-180.08868174642566,1054187.1380659018,2640,14,1079.0362694300518,67,126,44,34.05001126986923,0.5928864421416236,39.476102941176464,8094.207392495617,120.80906555963607,0
2643,30.78672124273926,0,2,191,0.0,0.010362694300518135,0.9896373056994818,193,4750,3300,1450,0.6947368421052632,62,33,29,206.9709471664372,0.4227734150115141,0.7718370492732192,0.13700714846170897,1045624.2597950933,-67.23131400096554,1045557.0284810923,2641,15,1080.0362694300518,68,125,45,33.97773787457521,0.5938039723661486,39.3719806763285,8023.882178965128,117.99826733772248,0
2644,30.726062167000038,0,1,190,0.0,0.005235602094240838,0.9947643979057592,191,4700,3200,1500,0.6808510638297872,62,32,30,206.0457339614646,0.4226474235326536,0.7680649186773654,0.13693835947350447,1044652.403323339,149.23423547310585,1044801.637558812,2642,16,1085.7486910994764,71,120,44,33.86318242343545,0.5952770506108203,39.236111111111114,8012.247460908698,112.84855578744644,0
2645,30.81229294834904,0,1,189,0.0,0.005263157894736842,0.9947368421052631,190,5950,4700,1250,0.7899159663865546,72,47,25,204.9775122733306,0.4220116262879421,0.765112838002572,0.1365619956724169,1048253.8233815556,-976.3078104481992,1047277.5155711074,2643,17,1092.2578947368422,74,116,44,33.805996308325795,0.596655701754386,39.152777777777786,8037.301025874235,108.6121760253275,0
2646,31.12237531864529,0,1,188,0.0,0.005291005291005291,0.9947089947089947,189,4900,3500,1400,0.7142857142857143,63,35,28,203.14660100955768,0.4220995628353785,0.762094857903242,0.13570192947438478,1059536.0415792235,348.229098788212,1059884.2706780117,2644,18,1098.2275132275133,75,114,47,33.761643379906864,0.5979938271604939,39.06250000000001,8120.994809709018,108.27993079612024,0
2647,31.46375034135428,0,2,186,0.0,0.010638297872340425,0.9893617021276596,188,5150,3500,1650,0.6796116504854369,68,35,33,204.6179442659344,0.4214696637842758,0.7624789242295438,0.1371157681373407,1072035.2015771703,1121.5278254875207,1073156.7294026578,2645,19,1104.3031914893618,77,111,42,33.61422682082502,0.5995678191489362,38.9556623931624,8213.433866485753,106.66797229202277,0
2648,31.1132152555655,1,1,186,0.0053475935828877,0.0053475935828877,0.9946524064171123,187,4900,3500,1400,0.7142857142857143,63,35,28,202.03719730717734,0.42181779847814,0.7565627921695166,0.1359498202208886,1061233.655745757,581.7346989848261,1061815.3904447418,2646,0,1100.4117647058824,79,108,45,33.53819773335331,0.6008244206773619,38.815104166666686,8126.301885564998,102.86458082993668,0
2649,31.32629449929405,0,0,186,0.0,0.0,1.0,186,5150,3100,2050,0.6019417475728155,72,31,41,201.12369663840585,0.42119781071393975,0.7545003259420031,0.1357700464770391,1069387.778044606,665.8446120526073,1070053.6226566588,2647,1,1102.2096774193549,81,105,45,33.45158369390833,0.6022625448028673,38.70680894308944,8185.347453709114,101.05367226801376,0
2650,31.07467145392181,0,0,186,0.0,0.0,1.0,186,5450,4200,1250,0.7706422018348624,67,42,25,203.96501642831004,0.4213885256223966,0.7575932827828449,0.1383654570905566,1062139.4185484662,677.8567906788335,1062817.275339145,2648,2,1103.2096774193549,83,103,46,33.20883134130147,0.603774641577061,38.54166666666667,8124.731807223327,97.88833502678708,0
2651,31.44090957042765,0,1,185,0.0,0.005376344086021506,0.9946236559139785,186,5450,3900,1550,0.7155963302752294,70,39,31,199.47001711960223,0.4209017485227163,0.7519634387199037,0.13613640489151413,1076323.1959104368,288.8412628958722,1076612.0371733326,2649,3,1104.2096774193549,71,115,45,33.119770356445116,0.6050067204301075,38.33912037037037,8226.856054553731,115.87121203596804,0
2652,31.06381867135458,0,0,185,0.0,0.0,1.0,185,5750,4400,1350,0.7652173913043478,71,44,27,200.16178528204958,0.4204636701919311,0.7526470442913074,0.1371631865392615,1064514.123863882,-134.99050188973433,1064379.1333619922,2650,4,1107.2702702702702,73,112,45,32.96366992866618,0.6066441441441441,38.203828828828826,8132.38879011616,111.4025861659748,0
2653,30.795059081780344,0,0,185,0.0,0.0,1.0,185,5550,4400,1150,0.7927927927927928,67,44,23,199.0176621863253,0.42010257540148843,0.7510915753436449,0.13653133069638293,1055603.7279341132,-533.2427742766331,1055070.4851598367,2651,5,1108.2702702702702,74,111,45,32.95572087842142,0.6077702702702703,38.166666666666664,8063.172969579478,108.96179688620917,0
2654,31.013347009434625,0,0,185,0.0,0.0,1.0,185,5400,3900,1500,0.7222222222222222,69,39,30,197.50285562964146,0.4196092831962397,0.7494062651120306,0.1360875840845339,1064270.8216023834,-360.6947140449065,1063910.1268883385,2652,6,1109.2702702702702,77,108,45,32.84666998011929,0.6091779279279279,38.020833333333336,8124.850805075848,105.51754292306296,0
2655,31.408000726324076,0,1,184,0.0,0.005405405405405406,0.9945945945945946,185,5200,3600,1600,0.6923076923076923,68,36,32,201.947035393595,0.41928735801018413,0.7534472138788681,0.13962091208759958,1078736.375050133,1369.5225825214811,1080105.8976326545,2653,7,1110.2702702702702,78,107,38,32.61590028676359,0.610472972972973,37.9087552742616,8231.76200470917,105.53541031678422,0
2656,31.558121522669996,0,0,184,0.0,0.0,1.0,184,4600,3300,1300,0.717391304347826,59,33,26,199.37202324774498,0.41913719113803755,0.7486934606640168,0.13829674240922643,1084796.43329155,1855.6119434548255,1086652.0452350047,2654,8,1116.4347826086957,79,105,39,32.57193433315125,0.6116961050724637,37.79947916666667,8274.55589976571,104.74121392108493,0
2657,32.06111243879132,0,0,184,0.0,0.0,1.0,184,5200,4000,1200,0.7692307692307693,64,40,24,196.10044029102556,0.41883030905995094,0.7444746815454264,0.13652980755258554,1103109.2660840184,1264.0425536373045,1104373.3086376558,2655,9,1117.4347826086957,81,103,40,32.533696529459256,0.6128283514492754,37.67784552845529,8410.340089698202,103.83135913207657,0
2658,32.0820488315847,0,0,184,0.0,0.0,1.0,184,5950,4500,1450,0.7563025210084033,74,45,29,192.4712055122184,0.41842814504632925,0.7389075378205825,0.13452643967835537,1104909.1431084047,-217.3610488905133,1104691.7820595142,2656,10,1118.4347826086957,83,101,43,32.49818874818877,0.6144134963768115,37.549603174603185,8419.946446821183,101.44513791350822,0
2659,31.949868039791767,1,0,185,0.005405405405405406,0.0,1.0,185,4900,3200,1700,0.6530612244897959,66,32,34,191.10535902897772,0.41908538973756365,0.7385957999165551,0.1342342461613174,1101717.4639007314,208.82229744861343,1101926.28619818,2657,0,1113.3837837837839,73,112,42,32.36871962550028,0.6162725225225225,37.38738738738737,8390.438318557886,114.93751121312172,0
2660,32.00362613998658,0,1,184,0.0,0.005405405405405406,0.9945945945945946,185,4700,3100,1600,0.6595744680851063,63,31,32,190.41947122263082,0.41883201135918524,0.7382643547592005,0.13414466659873533,1104375.8246818853,358.9321133960402,1104734.7567952813,2658,1,1114.3837837837839,74,111,45,32.28918847475546,0.6172297297297298,37.29166666666664,8407.61928385892,113.61647680890432,0
2661,31.64676297717009,0,0,184,0.0,0.0,1.0,184,5000,3300,1700,0.66,67,33,34,189.7037471231355,0.41841700819672134,0.7349395294476371,0.13404596192589416,1092883.0206272518,-335.199163952223,1092547.8214632997,2659,2,1120.9782608695652,77,107,47,32.207291613733766,0.6183763586956521,37.19284188034185,8316.995841716409,108.012933009304,0
2662,31.242144348758817,0,0,184,0.0,0.0,1.0,184,5650,3900,1750,0.6902654867256637,74,39,35,189.18194633984393,0.41798267106201,0.7327401983898865,0.13418163127644683,1079916.2828666419,-1589.867144640234,1078326.4157220016,2660,3,1121.9782608695652,79,105,42,32.096157496822315,0.6198482789855073,37.07031249999997,8214.487250448978,103.98085127150604,0
2663,31.025335851197827,0,1,183,0.0,0.005434782608695652,0.9945652173913043,184,4550,3300,1250,0.7252747252747253,58,33,25,190.79566185517888,0.4176974439692722,0.735975423112734,0.13578755976290163,1073323.1466184554,-392.91997129013635,1072930.2266471654,2661,4,1122.9782608695652,80,104,46,31.941185098269283,0.6210371376811594,36.959876543209845,8160.908172587374,102.01135215734217,0
2664,31.569543633582498,0,0,183,0.0,0.0,1.0,183,4950,3200,1750,0.6464646464646465,67,32,35,192.6310111959025,0.4169156208090634,0.7356418804736069,0.13756440764202002,1093071.3091387653,561.8863177256048,1093633.1954564909,2662,5,1129.1256830601094,79,104,39,31.779853207982818,0.6222108378870674,36.848958333333314,8307.558292118472,105.15896572301864,0
2665,31.166896040440182,0,0,183,0.0,0.0,1.0,183,5550,3600,1950,0.6486486486486487,75,36,39,191.66435468786483,0.41675674052723233,0.7338268823346077,0.13723803586184857,1079833.3209769835,-756.8886728988955,1079076.4323040845,2663,6,1130.1256830601094,81,102,40,31.71790046005855,0.6234061930783242,36.76321138211379,8204.273624872902,101.28732870213459,0
2666,31.322115517010076,0,1,182,0.0,0.00546448087431694,0.994535519125683,183,5450,4100,1350,0.7522935779816514,68,41,27,191.1974278028717,0.4164452350927761,0.7335333935517778,0.1371196501260304,1085630.1801234714,-536.0604030453187,1085094.1197204262,2664,7,1131.1256830601094,81,102,44,31.678407153655602,0.6245446265938069,36.7123983739837,8246.724672326514,101.81141570773474,0
2667,31.65354012512252,0,0,182,0.0,0.0,1.0,182,4950,3300,1650,0.6666666666666666,66,33,33,193.04809322426195,0.416125943577601,0.7351387579285147,0.13882990346231677,1097858.622990538,1037.902759627067,1098896.5257501649,2665,8,1134.521978021978,81,101,44,31.539042026399137,0.6255151098901099,36.62347560975607,8336.799382801826,102.92344917039291,0
2668,31.179277043271128,0,0,182,0.0,0.0,1.0,182,5300,3900,1400,0.7358490566037735,67,39,28,191.12358696835668,0.41556814502256495,0.7329765490533584,0.1379413714641171,1082358.47594403,-327.1531383950178,1082031.3228056352,2666,9,1135.521978021978,83,99,46,31.471981676706804,0.6267742673992673,36.50793650793648,8215.492046322157,98.98183188339948,0
2669,31.40008673094593,0,0,182,0.0,0.0,1.0,182,5100,3600,1500,0.7058823529411765,66,36,30,193.605041856376,0.4150691619614271,0.7366320053642219,0.14013106347636525,1090778.9385615704,736.0604112531382,1091514.9989728236,2667,10,1136.521978021978,74,108,46,31.313560438402373,0.6279761904761905,36.41666666666666,8276.539527498478,111.84512874997944,0
2670,31.527133486721663,0,0,182,0.0,0.0,1.0,182,4200,2500,1700,0.5952380952380952,59,25,34,194.81672769350547,0.4148345324104992,0.7388876925855443,0.1413761757849198,1095884.911505859,2099.342477651596,1097984.2539835107,2668,11,1137.521978021978,74,108,47,31.196665613147935,0.6288347069597069,36.33333333333333,8312.65419599893,112.33316481079635,0
2671,31.872111290923772,0,0,182,0.0,0.0,1.0,182,5150,3800,1350,0.7378640776699029,65,38,27,198.27319213552585,0.4143064578147451,0.7435565697991975,0.14438667427292598,1108810.2907027553,2419.4711620711296,1111229.7618648265,2669,12,1138.521978021978,74,108,45,30.992216020780674,0.63003663003663,36.22222222222222,8407.154689405896,113.61019850548507,0
2672,31.80838576111155,0,0,182,0.0,0.0,1.0,182,4600,3400,1200,0.7391304347826086,58,34,24,199.95475372265736,0.41395103515269266,0.7446817193609894,0.14609976749230824,1107487.4284704023,3289.4752021477348,1110776.90367255,2670,13,1139.521978021978,75,107,47,30.83918739936632,0.6312957875457875,36.115679824561404,8393.734252449027,111.91645669932036,0
2673,32.07627980084629,0,0,182,0.0,0.0,1.0,182,6250,4400,1850,0.704,81,44,37,197.01544799479717,0.4137303189444073,0.7409977719568983,0.14445850801042845,1117758.0101694285,1393.1190246606384,1119151.1291940892,2671,14,1140.521978021978,77,105,43,30.80314987184676,0.6324977106227105,36.004273504273506,8468.000789304615,109.97403622473526,0
2674,31.957590346844288,1,1,182,0.00546448087431694,0.00546448087431694,0.994535519125683,183,5300,3800,1500,0.7169811320754716,68,38,30,195.06092707565728,0.41379431133529493,0.7376044403353306,0.1436978415177231,1114873.9836211724,1593.6705635353119,1116467.6541847077,2672,0,1135.2841530054645,82,101,49,30.703504854215158,0.6341643897996356,35.85592369477911,8441.408183107807,102.94400223302205,0
2675,31.57815282870366,0,1,181,0.0,0.005494505494505495,0.9945054945054945,182,5400,4400,1000,0.8148148148148148,64,44,20,200.56532725111018,0.41321109829397124,0.7414958100096061,0.14837705942264784,1102745.6011450053,2434.506473674008,1105180.1076186793,2673,1,1140.4120879120878,84,98,38,30.422559703222845,0.6353021978021978,35.72303921568627,8345.37825675237,99.34974115181393,0
2676,31.65749232363243,0,0,181,0.0,0.0,1.0,181,6100,4300,1800,0.7049180327868853,79,43,36,201.40315724777284,0.41237210967873955,0.7419027896741972,0.14912854748230917,1105748.718222012,2240.2565945182487,1107988.9748165302,2674,17,1147.707182320442,85,96,38,30.372070864457765,0.6363950276243093,35.695251937984494,8367.225532872857,98.43794744556303,0
2677,31.819328860968337,0,0,181,0.0,0.0,1.0,181,5350,4000,1350,0.7476635514018691,67,40,27,201.1302822656152,0.41182985471659506,0.7426365059347928,0.1495191139943953,1112450.422743484,3199.493506580071,1115649.916250064,2675,18,1148.707182320442,87,94,39,30.252072235402938,0.6375460405156538,35.57054924242424,8413.967654180538,96.71227188713263,0
2678,32.01597255305848,0,0,181,0.0,0.0,1.0,181,4600,3400,1200,0.7391304347826086,58,34,24,198.94332551563383,0.411457693881727,0.7402952314072264,0.14834746181598074,1120138.3583744566,3768.8100105275353,1123907.1683849841,2676,19,1149.707182320442,89,92,42,30.211979508495606,0.6384668508287292,35.47453703703704,8469.039961807313,95.15775237985746,0
2679,31.606491655551974,0,0,181,0.0,0.0,1.0,181,5650,4400,1250,0.7787610619469026,69,44,25,201.2926845066204,0.4111494782074892,0.7449650063084032,0.1505926717955925,1106669.1580825772,2702.881138224737,1109372.039220802,2677,20,1150.707182320442,69,112,40,30.045256237230348,0.6395027624309393,35.37202380952382,8363.961921289903,121.21683943898411,0
2680,31.796715828496293,0,0,181,0.0,0.0,1.0,181,5050,3700,1350,0.7326732673267327,64,37,27,198.40263634342193,0.4108757929199918,0.7410658682916174,0.14902383324069862,1114375.6056984854,2969.011609475645,1117344.617307961,2678,21,1151.707182320442,73,108,42,29.994993265277206,0.6407113259668509,35.247747747747766,8418.25212981927,115.31852232629136,0
2681,32.13912015711037,0,0,181,0.0,0.0,1.0,181,3500,2100,1400,0.6,49,21,28,198.19412175900547,0.4107146511152036,0.740831282561103,0.1493062383917843,1127154.4883957782,4979.078782864481,1132133.5671786426,2679,22,1152.707182320442,75,106,45,29.90720255653885,0.6416896869244936,35.15625000000001,8511.845104109712,113.49126805479617,0
2682,31.649252034074316,0,1,180,0.0,0.0055248618784530384,0.994475138121547,181,4300,2600,1700,0.6046511627906976,60,26,34,196.63298989361476,0.4103731839574381,0.7390190443114637,0.14850226922817814,1110626.3845193596,3177.157328555455,1113803.541847915,2680,23,1153.707182320442,76,105,40,29.869231816711782,0.6424378453038674,35.07846320346321,8384.568487327893,110.32326957010386,0
2683,31.237066820156432,0,0,180,0.0,0.0,1.0,180,4600,3400,1200,0.7391304347826086,58,34,24,196.5508792598904,0.4096394578936478,0.737692255342316,0.14902572857816487,1097169.88529566,2529.941130467141,1099699.8264261272,2681,24,1158.911111111111,76,104,46,29.747260786715664,0.6436342592592592,34.956709956709965,8279.174961316374,108.93651264889965,0
2684,31.41677152752954,0,0,180,0.0,0.0,1.0,180,4100,2700,1400,0.6585365853658537,55,27,28,197.68699551222554,0.4092618456445272,0.7391390357872345,0.1504436679147276,1104433.7494276392,3566.4379333305205,1108000.1873609696,2682,25,1159.911111111111,77,103,46,29.60059388902879,0.6444444444444444,34.842414529914535,8330.395281505074,108.18695170785811,0
2685,31.643374798988027,0,0,180,0.0,0.0,1.0,180,4400,3000,1400,0.6818181818181818,58,30,28,196.65223921601137,0.4087684926546658,0.7368565437893457,0.1500146913624817,1113017.562816853,3375.479202936618,1116393.0420197896,2683,26,1160.911111111111,81,99,38,29.552969890001116,0.6455439814814814,34.76880081300815,8392.81024425908,103.61494128714915,0
2686,31.49182071081412,0,1,179,0.0,0.005555555555555556,0.9944444444444445,180,5800,4600,1200,0.7931034482758621,70,46,24,196.38733174072945,0.40842191702876063,0.7366976768632372,0.15020362492760703,1108355.5229116988,1733.3967529462961,1110088.919664645,2684,27,1161.911111111111,82,98,38,29.478378271838544,0.6463541666666667,34.68875502008035,8355.134159470594,101.89187999354382,0
2687,31.57062159354222,0,1,178,0.0,0.00558659217877095,0.994413407821229,179,5500,3600,1900,0.6545454545454545,74,36,38,194.82753623822413,0.4076459941832486,0.7334824120865866,0.14979078351781633,1112468.423809309,2047.896430718226,1114516.3202400273,2685,28,1168.4469273743016,87,92,40,29.356774200740226,0.6483356610800746,34.52888257575761,8381.088192215673,96.33434703696176,0
2688,31.58439525927533,0,0,178,0.0,0.0,1.0,178,4500,3200,1300,0.7111111111111111,58,32,26,199.1446598247467,0.40712549461478237,0.7374822349101948,0.1535891343107932,1113753.5022047097,4259.612465035782,1118013.1146697456,2686,29,1172.056179775281,88,90,42,29.144905979139132,0.6491690074906367,34.43352059925096,8387.75665300753,95.3154165114492,0
2689,31.140322099950218,0,0,178,0.0,0.0,1.0,178,4700,3500,1200,0.7446808510638298,59,35,24,196.94942866778214,0.4062341300069828,0.73408582265948,0.15274557838267835,1099497.521907098,3009.0817522489633,1102506.603659347,2687,30,1173.056179775281,74,104,43,29.03023136291574,0.650690543071161,34.263888888888886,8275.108093588153,111.82578504848856,0
2690,31.372482318137827,0,0,178,0.0,0.0,1.0,178,4550,2900,1650,0.6373626373626373,62,29,33,194.9390897936069,0.4058446539283523,0.7317719485928333,0.1517127941993734,1108572.9630976086,3070.8408792100468,1111643.8039768187,2688,31,1174.056179775281,76,102,44,28.976260750089075,0.6515683520599251,34.158549783549795,8340.106196343722,109.73823942557529,0
2691,30.929238796850374,0,1,177,0.0,0.0056179775280898875,0.9943820224719101,178,4450,3400,1050,0.7640449438202247,55,34,21,179.45652225777968,0.4060284813474682,0.7157100093150903,0.13165001419284966,1077917.543722151,-1362.1332645949233,1076555.4104575561,2689,32,1175.056179775281,81,97,44,31.250451089833035,0.6344803370786517,35.98831300813008,8165.680512130852,100.81087052013397,8
2692,31.103863075406608,0,0,177,0.0,0.0,1.0,177,5500,3600,1900,0.6545454545454545,74,36,38,179.57367135820735,0.40549429678137305,0.7145935031166555,0.13215480485788175,1084828.142128184,-1938.685545067814,1082889.4565831162,2690,33,1175.135593220339,83,94,46,31.14513882367672,0.6355932203389831,35.88789682539682,8214.906693700512,98.97477944217484,0
2693,31.257300750898736,0,1,176,0.0,0.005649717514124294,0.9943502824858758,177,5100,3600,1500,0.7058823529411765,66,36,30,179.08558245524088,0.4053190806368772,0.7135359616306034,0.13226261717066964,1091101.2400214602,-1419.899782624187,1089681.3402388361,2691,34,1176.135593220339,83,94,39,31.04442397647095,0.636593691148776,35.776289682539684,8258.919978911208,99.50505998688203,0
2694,31.4537167122197,0,0,176,0.0,0.0,1.0,176,5150,3600,1550,0.6990291262135923,67,36,31,177.9833904049446,0.4043858225108225,0.7111274513935133,0.13213398708177135,1099317.1584662874,-1217.9610011681048,1098099.1974651194,2692,35,1182.721590909091,84,92,39,30.907091097308506,0.6379024621212122,35.61274509803922,8315.9618180077,98.99954545247262,0
2695,31.513698353305745,0,0,176,0.0,0.0,1.0,176,5000,3900,1100,0.78,61,39,22,178.67947070226137,0.404197104978355,0.7131801843241228,0.13322570709002043,1102542.9232140721,-799.6428107169777,1101743.2804033551,2693,36,1183.721590909091,85,91,44,30.750749805394044,0.6393821022727273,35.477228682170555,8336.09082289059,98.07165673988929,0
2696,31.676071390869787,0,0,176,0.0,0.0,1.0,176,5250,3700,1550,0.7047619047619048,68,37,31,178.4943326978203,0.40412540584415585,0.7128409493090522,0.13324590146306287,1108535.0652995994,-876.5546494425407,1107658.510650157,2694,37,1184.721590909091,88,88,44,30.71783017754971,0.6399739583333333,35.44007490636705,8380.219074429107,95.22976220942168,0
2697,31.555798785775437,0,0,176,0.0,0.0,1.0,176,4800,3700,1100,0.7708333333333334,59,37,22,178.8639124130902,0.40371820887445886,0.712813748514969,0.13402283100623968,1105302.0775749383,-460.2692013258693,1104841.8083736124,2695,38,1185.721590909091,77,99,44,30.58907067292326,0.640920928030303,35.32318376068376,8352.088356507531,108.46867995464326,0
2698,31.427842666762196,0,0,176,0.0,0.0,1.0,176,5000,3800,1200,0.76,62,38,24,177.0119762236462,0.4031858766233766,0.7108202958778116,0.13313687290349271,1101797.674716342,-1193.7232399686145,1100603.9514763735,2696,39,1186.721590909091,78,98,47,30.518519901736223,0.6424005681818181,35.20569620253164,8321.91371880165,106.69120152309809,0
2699,31.908949766025344,0,0,176,0.0,0.0,1.0,176,4900,3600,1300,0.7346938775510204,62,36,26,175.12233226498137,0.4027083333333333,0.707809176343412,0.13233157107675553,1119887.4560465063,-876.5393645677013,1119010.9166819386,2697,40,1187.721590909091,81,95,47,30.42130162383329,0.6438210227272727,35.0609756097561,8453.926020328057,104.36945704108713,0
2700,32.03517502738566,0,1,175,0.0,0.005681818181818182,0.9943181818181818,176,4550,3300,1250,0.7252747252747253,58,33,25,187.96788203114968,0.40223349567099564,0.7207386112960519,0.1309305474529214,1102349.7029020726,1691.2677824342322,1104040.9706845067,2698,41,1188.721590909091,89,87,40,32.73092590958557,0.6171875,37.66203703703705,8404.042559846384,94.42744449265601,8
2701,32.05144444182006,0,0,175,0.0,0.0,1.0,175,5100,4000,1100,0.7843137254901961,62,40,22,194.02348313473823,0.4026409414340449,0.7220362231345088,0.125578500103306,1082105.0642675697,1890.7587373868341,1083995.8230049566,2699,42,1183.9485714285715,82,93,41,35.106355147709905,0.5896428571428571,40.148092369477915,8328.628980520643,101.56864610391028,8
2702,32.03607482097845,0,0,175,0.0,0.0,1.0,175,4350,3100,1250,0.7126436781609196,56,31,25,192.44722817898304,0.40242200328407224,0.7194206764612763,0.12469380898233136,1081900.8422478088,2291.7636510197553,1084192.6058988285,2700,43,1184.9485714285715,84,91,44,35.108788764716074,0.5904761904761905,40.11029411764707,8325.846062849172,99.11721503391871,0
2703,31.787319900447145,0,1,174,0.0,0.005714285714285714,0.9942857142857143,175,4550,3500,1050,0.7692307692307693,56,35,21,195.29576799505224,0.4025588396278052,0.7239894673751281,0.1268077479791568,1074107.584736278,2403.733134076455,1076511.3178703545,2701,44,1185.9485714285715,84,91,47,34.95979273715807,0.59125,40.03676470588236,8263.534522649346,98.37541098392079,0
2704,32.06471676603279,0,1,173,0.0,0.005747126436781609,0.9942528735632183,174,5200,4100,1100,0.7884615384615384,63,41,22,193.07053633823864,0.40286567337718426,0.7201972484272974,0.125834721298397,1084566.149445089,1879.55363353247,1086445.7030786215,2702,45,1184.7528735632184,86,88,36,34.884972149334814,0.5928520114942528,39.90660919540231,8339.820908866534,96.97466173100621,0
2705,32.25959276211715,1,0,174,0.005747126436781609,0.0,1.0,174,3900,2400,1500,0.6153846153846154,54,24,30,193.5242339376082,0.4032414789714969,0.7220871396383455,0.12675694816113695,1092593.966058678,3588.682057271821,1096182.6481159497,2703,0,1183.2528735632184,88,86,40,34.6987378393368,0.5941091954022988,39.73548689138577,8396.027203314607,95.40940003766599,0
2706,32.46157097282942,0,0,174,0.0,0.0,1.0,174,4750,3200,1550,0.6736842105263158,63,32,31,189.32424380176798,0.40335221358492235,0.715008639337545,0.12447156157370495,1100524.911952218,2121.209348072293,1102646.1213002903,2704,1,1184.2528735632184,89,85,42,34.676600883041445,0.595426245210728,39.60648148148149,8452.782682253679,94.97508631745707,0
2707,32.84982921702034,2,0,176,0.011363636363636364,0.0,1.0,176,4450,3000,1450,0.6741573033707865,59,30,29,190.2587602493546,0.4044352002164502,0.7191438449112892,0.12595166318451773,1115711.720530345,2804.7857487552824,1118516.5062791004,2705,0,1171.784090909091,82,94,41,34.411265469254076,0.5974786931818181,39.36997991967869,8561.651648467077,104.41038595691558,0
2708,32.55795273834856,0,0,176,0.0,0.0,1.0,176,5350,4000,1350,0.7476635514018691,67,40,27,195.50544759224624,0.4042857142857143,0.7280668205154808,0.13031218617080106,1107777.0889415864,2765.291121191971,1110542.3800627785,2706,1,1172.784090909091,83,93,42,34.03688914242251,0.5991950757575757,39.13690476190475,8493.168325941198,102.3273292282072,0
2709,32.5669436502055,0,0,176,0.0,0.0,1.0,176,5500,3800,1700,0.6909090909090909,72,38,34,195.5886854011062,0.4043195346320347,0.7283758623599672,0.13074645445134386,1108921.0699661649,2678.4828576538957,1111599.5528238188,2707,2,1173.784090909091,85,91,42,33.93415912431346,0.6006155303030303,39.038275193798434,8498.725786623956,99.98500925439949,0
2710,32.550176771883045,1,1,176,0.005649717514124294,0.005649717514124294,0.9943502824858758,177,4900,3900,1000,0.7959183673469388,59,39,20,196.0701015568915,0.40482152028762197,0.7312194983259861,0.13157037511531325,1109451.7813059606,3206.064686626651,1112657.8459925873,2708,0,1168.1468926553673,87,90,36,33.7893960345166,0.60204802259887,38.908617424242415,8498.570656456232,97.68472018915209,0
2711,32.348488038563055,0,0,176,0.0,0.0,1.0,176,4500,3000,1500,0.6666666666666666,60,30,30,198.28000498623678,0.40380208333333334,0.7336263281101891,0.13309982805801568,1102677.328458468,4027.7732369909277,1106705.1016954589,2709,4,1175.784090909091,87,89,37,33.71962553268653,0.6025686553030303,38.89678030303029,8446.294379197694,97.08384343905395,0
2712,31.916964497632662,0,1,175,0.0,0.005681818181818182,0.9943181818181818,176,5350,4300,1050,0.8037383177570093,64,43,21,197.41611532092602,0.4035254329004329,0.734141655792375,0.13309667129701086,1089191.3486102233,2454.784976757912,1091646.133586981,2710,5,1176.784090909091,89,87,40,33.59250398724083,0.6040482954545454,38.749999999999986,8338.306975006493,93.6888424158033,0
2713,31.565060690540072,0,0,175,0.0,0.0,1.0,175,4750,3800,950,0.8,57,38,19,195.72641059106576,0.4034537493158183,0.7298063723765598,0.13249948250167515,1078321.5523280783,2461.201380032075,1080782.7537081104,2711,6,1182.777142857143,88,87,41,33.495835758742665,0.6050595238095238,38.611891385767784,8250.731512193704,93.75831263856482,0
2714,31.735575119365873,0,0,175,0.0,0.0,1.0,175,4600,2900,1700,0.6304347826086957,63,29,34,193.624548958594,0.4030815544608648,0.7282994908655278,0.13156539865135253,1085184.214033136,2423.660795830538,1087607.8748289663,2712,7,1183.777142857143,75,100,42,33.42330538085253,0.6064880952380952,38.486842105263165,8299.270467071028,110.65693956094704,0
2715,31.64455316820494,0,0,175,0.0,0.0,1.0,175,5500,4300,1200,0.7818181818181819,67,43,24,189.22286419676877,0.4029857690202518,0.7213222474174845,0.1291753608525933,1083364.3239693113,499.46007001401995,1083863.7840393253,2713,8,1184.777142857143,78,97,41,33.379314688838505,0.6078571428571429,38.330696202531655,8280.408196506181,106.15907944238694,0
2716,31.517698998974378,0,0,175,0.0,0.0,1.0,175,5200,3300,1900,0.6346153846153846,71,33,38,193.32683279536477,0.4029871373836891,0.7252175395720242,0.1325858101585683,1080288.669306991,1569.7573883682776,1081858.4266953592,2714,9,1185.777142857143,79,96,40,33.115343810092185,0.6091071428571428,38.17708333333336,8252.05587853361,104.4564035257419,0
2717,31.890115691032253,0,0,175,0.0,0.0,1.0,175,5200,4000,1200,0.7692307692307693,64,40,24,195.0078192611926,0.40301450465243566,0.7283181148748143,0.1342903745216539,1094197.336497547,2475.407286358753,1096672.7437839059,2715,10,1186.777142857143,80,95,45,32.93170103092783,0.610297619047619,38.04012345679015,8353.930769371553,104.4241346171444,0
2718,31.893738466889094,0,0,175,0.0,0.0,1.0,175,3800,2500,1300,0.6578947368421053,51,25,26,198.10043045044904,0.40287629994526547,0.731459044664065,0.1367085171930895,1094907.4209370282,4580.326278203657,1099487.7472152319,2716,11,1187.777142857143,81,94,46,32.77919514875327,0.6113690476190476,37.97002032520328,8357.115642232304,103.17426718805314,0
2719,31.852454668942276,0,0,175,0.0,0.0,1.0,175,5050,3900,1150,0.7722772277227723,62,39,23,220.36464500400936,0.40283798576902025,0.7572045220966095,0.14275286257583247,1075639.918323482,7356.601750698963,1082996.5200741808,2717,12,1188.777142857143,77,98,41,34.390630352860576,0.5911904761904763,40.117521367521356,8277.894869893353,107.50512818043315,8
2720,31.911302117265986,0,0,175,0.0,0.0,1.0,175,5400,4300,1100,0.7962962962962963,65,43,22,218.5043797780568,0.4027791461412151,0.7549842397014614,0.14184438087995957,1078230.0817242786,6719.59905304122,1084949.68077732,2718,13,1189.777142857143,78,97,42,34.364696931270586,0.5924404761904762,40.04483122362868,8295.507927767616,106.35266574061046,0
2721,31.450126493996816,0,1,174,0.0,0.005714285714285714,0.9942857142857143,175,5850,4400,1450,0.7521367521367521,73,44,29,220.9506286971199,0.40307744937055284,0.758236388086178,0.14383396207101937,1063440.2052836618,6143.5563878438,1069583.7616715056,2719,14,1190.777142857143,79,96,31,34.2020495360171,0.59375,39.947916666666664,8178.670915860728,103.52747994760415,0
2722,31.706332257514767,0,0,174,0.0,0.0,1.0,174,4100,3300,800,0.8048780487804879,49,33,16,220.98155480633608,0.4023549099727593,0.7580790374419197,0.14420842190325542,1072805.316771624,8514.037380939539,1081319.3541525635,2720,15,1198.2011494252874,81,93,35,34.11425269394799,0.5951269157088123,39.862804878048784,8247.996341074542,101.82711532190793,0
2723,31.965588424829114,0,0,174,0.0,0.0,1.0,174,4200,2900,1300,0.6904761904761905,55,29,26,225.39954883403658,0.4022441753593338,0.7640484775292107,0.1375794368474143,1061975.2827598664,8873.749921394377,1070849.0326812607,2721,16,1199.2011494252874,71,103,38,36.420798956053225,0.5703424329501916,42.23090277777777,8239.740870445301,116.052688316131,8
2724,31.532007704331598,4,3,175,0.02247191011235955,0.016853932584269662,0.9831460674157303,178,5150,3600,1550,0.6990291262135923,67,36,31,220.21404400167677,0.4067432922829514,0.7634741931151807,0.13550977752825702,1049958.9972580501,5493.143364427902,1055452.140622478,2722,0,1173.2303370786517,76,102,33,36.25432480603898,0.5723899812734082,41.93722943722942,8137.237269586397,107.06891144192628,0
2725,31.631244692369386,0,0,175,0.0,0.0,1.0,175,5600,4400,1200,0.7857142857142857,68,44,24,223.64312768285566,0.40352353585112205,0.7648964613368292,0.13756828960175618,1053152.9847873917,6506.0854892772295,1059659.070276669,2723,1,1194.3428571428572,76,99,34,36.17966360856269,0.5733928571428571,41.950757575757564,8162.418729801729,107.40024644475959,0
2726,31.62912658153751,0,0,175,0.0,0.0,1.0,175,4250,3000,1250,0.7058823529411765,55,30,25,225.70233123378625,0.4037794198139026,0.766994768112087,0.1393128182443022,1054093.4267741498,8332.268752227046,1062425.6955263768,2724,2,1195.3428571428572,77,98,35,35.999896544589255,0.5744047619047619,41.826923076923066,8165.788929944996,106.04920688240254,0
2727,31.42807118670187,0,1,174,0.0,0.005714285714285714,0.9942857142857143,175,5150,4000,1150,0.7766990291262136,63,40,23,227.3306974976873,0.4043267651888342,0.7707144939406143,0.1408464905447737,1048489.8471499393,7520.78565436767,1056010.632804307,2725,3,1196.3428571428572,82,93,36,35.81962799209666,0.575952380952381,41.69176706827308,8118.129532689452,99.00157966694454,0
2728,31.61952191094968,1,0,175,0.005714285714285714,0.0,1.0,175,4850,3500,1350,0.7216494845360825,62,35,27,228.5376827077776,0.40451970443349755,0.7715302642418653,0.14213757072997843,1055998.4870046114,8417.089432590843,1064415.5764372023,2726,0,1196.6342857142856,64,111,36,35.64803331886485,0.5776190476190477,41.5544871794872,8171.923555414864,127.68630555335724,0
2729,31.927772355030434,2,0,177,0.011299435028248588,0.0,1.0,177,4250,3200,1050,0.7529411764705882,53,32,21,221.76601892123003,0.4058313537921589,0.7671495179017029,0.1386181302275875,1067769.6490789775,7709.00484023289,1075478.6539192104,2727,0,1184.1016949152543,67,110,39,35.64020266935183,0.57909604519774,41.37561274509805,8257.300561733775,123.24329196617575,0
2730,31.591352935084075,0,1,176,0.0,0.005649717514124294,0.9943502824858758,177,5000,3700,1300,0.74,63,37,26,219.33436285578503,0.4059343434343434,0.7631740135106759,0.1375936541450616,1057568.872758793,5992.238976531975,1063561.1117353248,2728,1,1185.1016949152543,71,106,38,35.571766377783995,0.5803907721280603,41.247106481481474,8174.3539821177255,115.13174622701023,0
2731,31.9821441615366,4,2,178,0.022222222222222223,0.011111111111111112,0.9888888888888889,180,4300,2700,1600,0.627906976744186,59,27,32,215.83632692103217,0.4085415373474033,0.763558991981671,0.13665877096175078,1073369.79343552,6034.438728622194,1079404.2321641422,2729,0,1160.75,77,103,36,35.326890034364254,0.5828703703703704,40.918803418803435,8285.972178603273,107.61002829354901,0
2732,31.80470824391365,0,0,178,0.0,0.0,1.0,178,5250,3700,1550,0.7047619047619048,68,37,31,218.7460941651608,0.4070699496392221,0.7642453376578238,0.1385011170627977,1067414.771993394,5848.562445550155,1073263.3344389442,2730,1,1174.7921348314608,77,101,36,35.251503436426106,0.583625936329588,40.91880341880342,8240.001868749005,107.0130112824546,0
2733,31.38052300017516,0,0,178,0.0,0.0,1.0,178,3850,2500,1350,0.6493506493506493,52,25,27,219.59603688722197,0.4068735584756343,0.7637412998670288,0.13958230850417674,1054297.0852471325,6853.892324403967,1061150.9775715363,2731,2,1175.7921348314608,79,99,38,35.08890898131402,0.5847378277153559,40.78125,8134.419946451654,102.96734109432474,0
2734,30.99900798707747,0,0,178,0.0,0.0,1.0,178,4050,3100,950,0.7654320987654321,50,31,19,217.7082725063826,0.40695092469159316,0.7621584920422955,0.1386555671591823,1042037.35386622,5722.030439467389,1047759.3843056874,2732,3,1176.7921348314608,83,95,39,35.066887066175646,0.5859667602996255,40.71180555555556,8037.676810538234,96.83947964503896,0
2735,30.703675504831835,0,0,178,0.0,0.0,1.0,178,4550,3200,1350,0.7032967032967034,59,32,27,215.911873883628,0.40691257220846827,0.7597541512126083,0.1380219540323469,1033146.5600839813,4463.721956831271,1037610.2820408125,2733,4,1177.7921348314608,71,107,37,34.980445875857484,0.5871371722846441,40.58159722222222,7965.098458870647,112.1844853362063,0
2736,30.37200178083811,0,0,178,0.0,0.0,1.0,178,4950,3300,1650,0.6666666666666666,66,33,33,197.46837290076678,0.4071182208679828,0.7390899944030513,0.12268473328879563,1014038.5140637987,-501.89291382174815,1013536.621149977,2734,5,1178.7921348314608,69,109,42,36.48952634609849,0.5760767790262172,41.59226190476193,7848.360281610973,113.74435190740542,8
2737,30.85794918274646,0,0,178,0.0,0.0,1.0,178,5150,4300,850,0.8349514563106796,60,43,17,192.981457820073,0.4072749370490277,0.7328885070424636,0.12070330933218301,1032173.7947629404,-911.9192725939483,1031261.8754903465,2735,6,1179.7921348314608,72,106,41,36.3613271911435,0.5777738764044944,41.35273972602742,7981.324013790894,110.85172241376242,0
2738,31.069740299334317,0,0,178,0.0,0.0,1.0,178,5900,4400,1500,0.7457627118644068,74,44,30,192.079416316151,0.4072346008167756,0.7324444314059111,0.12060068270342035,1040355.445299737,-1533.8266610990722,1038821.6186386379,2736,7,1180.7921348314608,73,105,46,36.24551240208879,0.5792368913857677,41.216216216216246,8040.344955841311,110.14171172385358,0
2739,31.04423009325332,0,0,178,0.0,0.0,1.0,178,4500,3200,1300,0.7111111111111111,58,32,26,190.68664922912498,0.4072643570536829,0.73097301924097,0.12008105208212534,1040345.8071189139,-423.9888001846739,1039921.8183187292,2737,8,1181.7921348314608,74,104,44,36.17444563662377,0.5804658239700374,41.111111111111136,8037.006235253412,108.60819236828935,0
2740,31.287381217447116,0,1,177,0.0,0.0056179775280898875,0.9943820224719101,178,4900,3700,1200,0.7551020408163265,61,37,24,187.81887136320685,0.40703887090289675,0.7270002369183686,0.11878456628080034,1049727.7504237546,-1068.2637353541359,1048659.4866884004,2738,9,1182.7921348314608,77,101,40,36.09358620748915,0.5819288389513109,40.958867521367544,8104.718662858251,105.25608653062665,0
2741,31.588460788549188,0,0,177,0.0,0.0,1.0,177,4900,3200,1700,0.6530612244897959,66,32,34,188.27406991491333,0.40650413028591,0.7261602438830224,0.11963594430028379,1061193.7033625222,-340.94849997160327,1060852.7548625506,2739,10,1190.412429378531,80,97,42,35.911969967586174,0.5834510357815443,40.79218106995886,8187.976024356988,102.34970030446235,0
2742,31.843300922408773,1,1,177,0.0056179775280898875,0.0056179775280898875,0.9943820224719101,178,5400,4000,1400,0.7407407407407407,68,40,28,191.57203892938912,0.40705936964387734,0.7323175816852774,0.12251896282813472,1071626.9389278283,58.75153241255475,1071685.690460241,2740,0,1184.7191011235955,69,109,41,35.59543612098961,0.5851474719101124,40.56547619047617,8261.251611328446,119.72828422215139,0
2743,32.12162700233641,1,0,178,0.0056179775280898875,0.0,1.0,178,5150,3700,1450,0.7184466019417476,66,37,29,189.69298856813163,0.4070606921432955,0.7295609869106927,0.12196491149606267,1082547.609851351,320.3382759978722,1082867.948127349,2741,0,1185.612359550562,71,107,43,35.45422355345036,0.5867860486891385,40.37905092592591,8339.447288149944,117.45700405844991,0
2744,31.953942122866053,0,0,178,0.0,0.0,1.0,178,5100,3400,1700,0.6666666666666666,68,34,34,188.13769498564514,0.4068821547218519,0.727444998525949,0.12126605970151917,1077616.626474606,-151.938363372205,1077464.688111234,2742,1,1186.612359550562,71,107,43,35.40616353777875,0.5879564606741573,40.29224537037036,8298.686560294665,116.88290929992486,0
2745,32.364535518248836,0,0,178,0.0,0.0,1.0,178,4850,3400,1450,0.7010309278350515,63,34,29,187.66021962481253,0.4071023508749656,0.7272236606192279,0.1211902908219121,1092024.9553798449,535.9285924714331,1092560.8839723163,2743,2,1187.612359550562,72,106,46,35.35052183466079,0.5887172284644195,40.225456621004554,8407.482435926342,116.77058938786587,0
2746,32.622149600215785,1,0,179,0.00558659217877095,0.0,1.0,179,5800,4500,1300,0.7758620689655172,71,45,26,181.04021329941943,0.4078173058816144,0.7179148611184949,0.11776459477489816,1102849.546686856,-1667.9765661291149,1101181.570120727,2744,0,1181.9720670391062,79,100,41,35.26644132865966,0.5905493482309125,39.9739583333333,8482.608431201857,107.37479026837794,0
2747,32.525329291216565,0,0,179,0.0,0.0,1.0,179,5050,3100,1950,0.6138613861386139,70,31,39,179.90456086371162,0.40751914506308456,0.7165790187875414,0.1174564296738219,1100651.3198361823,-1247.5615281618434,1099403.7583080204,2745,1,1182.9720670391062,82,97,43,35.16661440493991,0.5917132216014898,39.84688755020077,8461.565648564523,103.18982498249419,0
2748,32.55879600408138,0,0,179,0.0,0.0,1.0,179,4800,3500,1300,0.7291666666666666,61,35,26,179.8323545582059,0.4072353691963258,0.7162719929654764,0.11777073460506357,1102682.6470252008,-940.3966509970255,1101742.2503742038,2746,2,1183.9720670391062,85,94,43,35.06049200291646,0.5927025139664804,39.74079457364338,8473.726377660963,99.69089856071722,0
2749,32.65369201450471,0,2,177,0.0,0.0111731843575419,0.9888268156424581,179,5100,4000,1100,0.7843137254901961,62,40,22,182.9826479503791,0.4072314460276609,0.719912727753008,0.12017627177272491,1106731.876420179,-397.4541363091057,1106334.4222838697,2747,3,1184.9720670391062,87,92,44,34.87842880957792,0.5938081936685289,39.642518939393916,8501.633000225207,97.71991954281847,0
2750,32.47856547209697,0,1,176,0.0,0.005649717514124294,0.9943502824858758,177,4300,3300,1000,0.7674418604651163,53,33,20,181.97247569122845,0.40698029019003595,0.715345912174034,0.12000585957624833,1101992.5092620673,406.46102072135045,1102398.9702827886,2748,4,1196.5367231638418,75,102,47,34.76073345259395,0.5951624293785311,39.50109649122806,8460.630693019091,112.80840924025455,0
2751,32.463266910371765,0,1,175,0.0,0.005681818181818182,0.9943181818181818,176,6200,4700,1500,0.7580645161290323,77,47,30,179.8329254152599,0.40723417207792206,0.7081044587715386,0.11917925251539624,1102897.0650273247,-1732.5588728464759,1101164.5061544783,2749,5,1201.653409090909,78,98,44,34.64515149982296,0.5971235795454546,39.33280590717299,8462.108696613112,108.48857303350142,0
2752,32.56419257762542,0,2,173,0.0,0.011428571428571429,0.9885714285714285,175,5600,4100,1500,0.7321428571428571,71,41,30,181.69029856351074,0.4067022441160372,0.7088715348352908,0.12095175707961733,1107625.997249645,-351.0203726010991,1107274.976877044,2750,6,1208.0857142857142,79,96,45,34.44083545504467,0.5992857142857143,39.1796875,8493.402884406443,107.51142891653726,0
2753,32.45939543326809,0,0,173,0.0,0.0,1.0,173,4950,3400,1550,0.6868686868686869,65,34,31,181.3200353838469,0.4067947080700811,0.7048430736908717,0.12101002297254512,1104788.077108071,514.0426465773471,1105302.1197546483,2751,7,1217.2023121387283,82,91,48,34.363124729424186,0.600614161849711,39.09387550200802,8468.855066041762,103.27872031758247,0
2754,32.550955580601006,0,0,173,0.0,0.0,1.0,173,4850,3400,1450,0.7010309278350515,63,34,29,181.90976035152062,0.40660006945377963,0.7073240432737631,0.12180119414420086,1108847.5886082023,892.0398220158545,1109739.6284302182,2752,8,1218.2023121387283,84,89,49,34.23468629200118,0.6015173410404624,38.982843137254896,8496.357878813964,101.14711760492814,0
2755,32.841266029432596,0,0,173,0.0,0.0,1.0,173,4950,3400,1550,0.6868686868686869,65,34,31,183.0523365784967,0.40641663305999914,0.7105025049241926,0.12306802085964982,1119923.4173105576,1450.919665534505,1121374.336976092,2753,9,1219.2023121387283,85,88,41,34.06396386995036,0.6029022157996147,38.844476744186046,8576.67801429986,100.90209428588071,0
2756,33.25583810692744,0,0,173,0.0,0.0,1.0,173,5300,3900,1400,0.7358490566037735,67,39,28,184.47262099472582,0.40623879777747907,0.7138481758460411,0.1243345465504451,1134797.2711873201,1967.8053827175258,1136765.0765700378,2754,10,1220.2023121387283,85,88,42,33.94052145153314,0.6038656069364161,38.75968992248062,8687.765458941501,102.20900539931178,0
2757,33.442547209386476,0,0,173,0.0,0.0,1.0,173,4700,3200,1500,0.6808510638297872,62,32,30,184.63771960684107,0.40602735582739613,0.7141289303895393,0.1247647946792235,1141922.6403020541,2868.398454558937,1144791.0387566132,2755,11,1221.2023121387283,86,87,43,33.84829637435474,0.6047085741811176,38.67337164750958,8739.428105747967,101.62125704358101,0
2758,33.80005246345238,0,3,170,0.0,0.017341040462427744,0.9826589595375722,173,4100,2800,1300,0.6829268292682927,54,28,26,191.40472830134297,0.4059237352690774,0.7217243201289272,0.12979856047168112,1155187.760160471,5521.6798741104785,1160709.4400345816,2756,12,1222.2023121387283,86,87,44,33.54943289369238,0.6057321772639692,38.5536398467433,8836.90068955876,102.75465918091582,0
2759,34.13731986550674,0,0,170,0.0,0.0,1.0,170,5050,3800,1250,0.7524752475247525,63,38,25,187.2252005186875,0.4043312739296902,0.709984446151827,0.12748371028810476,1167937.3983142937,4683.462718533797,1172620.8610328275,2757,13,1240.264705882353,74,96,47,33.51916746309866,0.6081495098039216,38.416666666666686,8929.75392148552,120.67235029034487,0
2760,34.17820050364813,0,1,169,0.0,0.0058823529411764705,0.9941176470588236,170,4750,3700,1050,0.7789473684210526,58,37,21,183.64032340146164,0.40440958927949877,0.7050921407483743,0.12558817026681152,1170637.80273992,4245.260936227345,1174883.0636761475,2758,14,1241.264705882353,76,94,45,33.4647059837012,0.6096200980392157,38.27110389610392,8945.422688637504,117.70293011365136,0
2761,33.67300782394437,0,0,169,0.0,0.0,1.0,169,4800,3400,1400,0.7083333333333334,62,34,28,185.39650868544192,0.40412498825960363,0.704554296763853,0.1275119646415224,1155004.214899592,4226.74979187105,1159230.9646914632,2759,15,1248.0414201183432,76,93,44,33.22583630322127,0.6110700197238659,38.08170995670997,8819.576629861873,116.04706091923516,0
2762,33.91199120919036,0,1,168,0.0,0.005917159763313609,0.9940828402366864,169,4500,3300,1200,0.7333333333333333,57,33,24,186.19775394619577,0.40408096177326946,0.7057763033683431,0.1283743709545776,1163917.9899993367,5043.783103089652,1168961.7731024262,2760,16,1249.0414201183432,78,91,46,33.122693340043625,0.6119329388560157,38.00105485232069,8884.905924665294,113.90905031622172,0
2763,33.32308235357381,0,0,168,0.0,0.0,1.0,168,4250,3100,1150,0.7294117647058823,54,31,23,187.2078308333157,0.4030621792130025,0.7070970972409882,0.12937909755365043,1144396.4403072095,4997.995040656207,1149394.4353478658,2761,20,1257.3809523809523,78,90,50,33.015634433487634,0.6131572420634921,37.92194092827005,8733.248745512052,111.96472750656477,0
2764,33.65393356827913,0,0,168,0.0,0.0,1.0,168,4150,2500,1650,0.6024096385542169,58,25,33,188.99641657822409,0.4028334699648322,0.7094164336979085,0.13111425442713245,1156871.6682625676,5978.919948499629,1162850.5882110673,2762,21,1258.3809523809523,80,88,40,32.84021612961237,0.6143973214285714,37.795781893004126,8824.203337495439,110.30254171869299,0
2765,33.41283625090045,0,0,168,0.0,0.0,1.0,168,4200,2700,1500,0.6428571428571429,57,27,30,190.56658644760452,0.40253124702975,0.7107409213867157,0.13262586597764042,1149505.9520573658,6011.485076955256,1155517.437134321,2763,22,1259.3809523809523,81,87,41,32.69180710930313,0.6154513888888888,37.69054878048781,8764.50274066113,108.20373753902629,0
2766,33.83797094970213,0,0,168,0.0,0.0,1.0,168,4850,3600,1250,0.7422680412371134,61,36,25,193.27975029344515,0.4024822379051421,0.7149198048384557,0.13466981791701196,1164470.2013733094,6563.701949118255,1171033.9033224275,2764,23,1260.3809523809523,81,87,41,32.58179191684419,0.6158234126984127,37.65243902439025,8877.309147017906,109.59640922244328,0
2767,34.092815985239824,0,0,168,0.0,0.0,1.0,168,4550,3300,1250,0.7252747252747253,58,33,25,189.2431428767978,0.402255756344454,0.6951205072883246,0.12465121123354489,1156398.620185528,5618.101860460087,1162016.722045988,2765,24,1261.3809523809523,75,93,47,34.61322992860777,0.5988963293650793,39.542214912280684,8879.739338918707,118.3965245189161,8
2768,34.47762938411472,1,0,169,0.005917159763313609,0.0,1.0,169,4950,3100,1850,0.6262626262626263,68,31,37,190.0653023883885,0.40278511552550017,0.6943431282264785,0.12605773544182514,1171569.4132406437,5784.938959313691,1177354.3521999575,2766,0,1254.9112426035504,78,91,48,34.35155446529429,0.6008999013806706,39.3064345991561,8988.096130713713,115.23200167581683,0
2769,34.68833337244374,0,1,168,0.0,0.005917159763313609,0.9940828402366864,169,4250,3200,1050,0.7529411764705882,53,32,21,191.68227653093473,0.4030125857048934,0.697687405903155,0.12753663280995173,1179714.2792761652,7176.063741540893,1186890.3430177062,2767,1,1255.9112426035504,80,89,51,34.198409763313585,0.6020710059171598,39.1975308641975,9046.802993739113,113.08503742173892,0
2770,34.13447940718703,0,0,168,0.0,0.0,1.0,168,4300,3200,1100,0.7441860465116279,54,32,22,200.40792384148418,0.4029470820264234,0.7148548649645698,0.129664558927092,1152321.6515094659,8286.87795532015,1160608.529464786,2768,2,1260.3809523809523,73,95,50,34.953082958629075,0.5891617063492063,40.160472972972954,8869.486984477215,121.49982170516732,8
2771,34.23324055284268,1,0,169,0.005917159763313609,0.0,1.0,169,4900,3500,1400,0.7142857142857143,63,35,28,200.2669936022029,0.40298323471400394,0.717754260266543,0.1303824474342019,1157578.063656476,7664.935733668384,1165242.9993901444,2769,0,1253.9171597633135,74,95,50,34.736390016378266,0.5909146942800789,39.94444444444444,8902.544390436475,120.30465392481723,0
2772,34.34938296323818,0,0,169,0.0,0.0,1.0,169,4950,3500,1450,0.7070707070707071,64,35,29,199.76783348076665,0.4030947684793839,0.7175124684813972,0.1306861078245688,1162994.623306019,7715.783249524842,1170710.406555544,2770,1,1254.9171597633135,74,95,47,34.5793748220894,0.5923323471400395,39.777777777777786,8938.472766655996,120.79017252237831,0
2773,34.05764379463053,0,0,169,0.0,0.0,1.0,169,4150,2700,1450,0.6506024096385542,56,27,29,198.42450801832345,0.402443176481638,0.7154272123669547,0.12996423822982808,1153486.2788830504,7825.98947865145,1161312.2683617019,2771,2,1255.9171597633135,74,95,47,34.57183770033975,0.5933185404339251,39.73611111111113,8863.97482038312,119.78344351869082,0
2774,33.853286781566894,1,0,170,0.0058823529411764705,0.0,1.0,170,5400,3900,1500,0.7222222222222222,69,39,30,196.47999999999982,0.4034059925745446,0.714964705882353,0.12926315789473697,1147911.4712716667,5708.329175091432,1153619.800446758,2772,0,1249.5235294117647,79,91,48,34.466666666666676,0.5949142156862746,39.58333333333334,8815.9600993664,111.59443163754938,0
2775,33.88984509103233,0,0,170,0.0,0.0,1.0,170,4850,3400,1450,0.7010309278350515,63,34,29,193.23868452749986,0.4037359322427196,0.7092988880303692,0.12768337230477497,1150464.796571078,5612.860776918802,1156077.6573479967,2773,1,1250.5235294117647,69,101,52,34.399390824290904,0.5962009803921569,39.43452380952383,8830.523624166357,127.97860324878778,0
2776,33.71262212594301,0,0,170,0.0,0.0,1.0,170,4200,2700,1500,0.6428571428571429,57,27,30,191.01134611353984,0.4036742951618517,0.7056862297328153,0.1265414046340691,1145233.02695533,5550.500418484691,1150783.5273738147,2774,2,1251.5235294117647,69,101,51,34.366436401004776,0.5974877450980391,39.34523809523812,8787.355493422949,127.35297816554998,0
2777,33.346598851859675,1,1,170,0.005847953216374269,0.005847953216374269,0.9941520467836258,171,3850,2600,1250,0.6753246753246753,51,26,25,188.03878816320872,0.40396600160532053,0.7019906469602628,0.12488136559179985,1133535.1586415495,4579.7155142697975,1138114.8741558194,2775,0,1245.1988304093568,70,101,53,34.35765061144874,0.5985623781676414,39.26056338028172,8694.773397817693,124.21104854025276,0
2778,33.28732904250506,0,0,170,0.0,0.0,1.0,170,5500,4500,1000,0.8181818181818182,65,45,20,186.4582572207001,0.4041985729202924,0.6980757906794899,0.12426698506203564,1132558.5533479324,2734.9788115308465,1135293.5321594633,2776,1,1250.6470588235295,72,98,49,34.277049942563345,0.5997549019607843,39.14098173515984,8683.299974686626,120.60138853731425,0
2779,32.957888547060854,0,0,170,0.0,0.0,1.0,170,3250,2300,950,0.7076923076923077,42,23,19,186.08333172181344,0.40371997911590674,0.6977165028389245,0.12450452574303535,1122496.1396367839,4525.564301697571,1127021.7039384814,2777,2,1251.6470588235295,75,95,54,34.1510433077758,0.6009803921568627,39.00767543859651,8601.755944533112,114.6900792604415,0
2780,33.07733789881138,0,1,169,0.0,0.0058823529411764705,0.9941176470588236,170,5150,3600,1550,0.6990291262135923,67,36,31,185.77084107347494,0.4036394883397146,0.6974119719919893,0.12451614866949834,1127083.8618582014,2725.863395547738,1129809.7252537492,2778,3,1252.6470588235295,76,94,52,34.09791677462819,0.6018995098039216,38.947510822510836,8634.92139384964,113.61738676117947,0
2781,32.551425783161136,0,1,168,0.0,0.005917159763313609,0.9940828402366864,169,5200,3700,1500,0.7115384615384616,67,37,30,199.35694954557266,0.4032870174697098,0.7024283986000315,0.13666792309965423,1115609.3255691773,5480.894406013304,1121090.2199751905,2779,4,1257.319526627219,79,90,45,32.970741947248854,0.6119945759368837,38.19010416666669,8522.285393515971,107.87703029767052,7
2782,32.82888895412327,0,0,168,0.0,0.0,1.0,168,4200,2800,1400,0.6666666666666666,56,28,28,199.34990317139943,0.40222976665716187,0.701839879987745,0.1369093449672594,1125634.0138933123,7079.006335213518,1132713.0202285259,2780,5,1265.7619047619048,80,88,44,32.90977098986727,0.613343253968254,38.13014403292184,8596.896421975542,107.46120527469427,0
2783,32.960956982138484,0,0,168,0.0,0.0,1.0,168,5250,3700,1550,0.7047619047619048,68,37,31,197.01005807915112,0.4019394247219846,0.6979542739954452,0.1359510949448889,1131534.4289350468,5734.732712610927,1137269.1616476576,2781,6,1266.7619047619048,83,85,45,32.80899984224642,0.6150173611111112,37.97123015873019,8636.71901082084,104.05685555205831,0
2784,32.98871598021323,0,0,168,0.0,0.0,1.0,168,4700,3300,1400,0.7021276595744681,61,33,28,193.9989151841371,0.40182209984792316,0.693445449148282,0.1344727523199462,1133766.6594421102,5689.900400743099,1139456.5598428533,2782,7,1267.7619047619048,86,82,38,32.73707585514,0.6163814484126984,37.823275862069,8648.87348920903,100.56829638615152,0
2785,33.125061312021586,0,1,167,0.0,0.005952380952380952,0.9940476190476191,168,4650,3100,1550,0.6666666666666666,62,31,31,195.27038746263483,0.40189412840984695,0.6963302119131285,0.13584593134785575,1139492.681707994,6251.835493591799,1145744.517201586,2783,8,1268.7619047619048,86,82,39,32.58167100318015,0.6173115079365079,37.70354406130271,8688.586184895392,101.03007191738828,0
2786,32.72442725790694,0,1,166,0.0,0.005988023952095809,0.9940119760479041,167,4400,3000,1400,0.6818181818181818,58,30,28,190.50794837571073,0.4013899911021331,0.7096749421371693,0.12664584995794131,1112672.5981743701,4594.59477841423,1117267.1929527842,2784,9,1276.2694610778442,75,92,42,34.2590402606959,0.6034181636726548,39.226973684210535,8533.647930495326,113.78197240660435,8
2787,32.33407151279108,0,0,166,0.0,0.0,1.0,166,4600,3200,1400,0.6956521739130435,60,32,28,191.35909143519947,0.4007902823414871,0.7081895481311389,0.12768105611345623,1100457.704018424,4316.517280766269,1104774.2212991903,2785,10,1284.867469879518,79,87,44,34.109033704313696,0.604480421686747,39.1015625,8435.90873570045,106.78365488228418,0
2788,32.278975983331414,0,0,166,0.0,0.0,1.0,166,4300,3300,1000,0.7674418604651163,53,33,20,198.39709772137158,0.4007811549227212,0.7156086414624001,0.1330073013125442,1099940.8341095543,6145.013830511945,1106085.8479400661,2786,11,1285.867469879518,80,86,36,33.76098111658453,0.6057354417670683,38.94032921810699,8426.738843385117,105.33423554231396,0
2789,32.250090787068835,0,0,166,0.0,0.0,1.0,166,4900,3400,1500,0.6938775510204082,64,34,30,197.72034668774282,0.40060393087501517,0.7153468697024368,0.1330712945416261,1100067.2643740352,5401.136178374168,1105468.4005524092,2787,12,1286.867469879518,81,85,37,33.64414628017442,0.6070532128514057,38.80843495934959,8423.451685377564,103.99323068367363,0
2790,32.6107465461201,0,0,166,0.0,0.0,1.0,166,3750,2300,1450,0.6133333333333333,52,23,29,197.76823655368068,0.4004571315565291,0.7141296081335315,0.1334713883467664,1113163.040660348,7079.658309625977,1120242.698969974,2788,13,1287.867469879518,83,83,38,33.547895902547054,0.6079944779116466,38.71527777777777,8520.689852762265,102.65891388870199,0
2791,32.394933211026924,0,0,166,0.0,0.0,1.0,166,4400,2800,1600,0.6363636363636364,60,28,32,212.5919670172145,0.40050124741389803,0.7367643070610959,0.13685798507980496,1092123.50950527,8835.337022293745,1100958.8465275639,2789,14,1288.867469879518,71,95,42,34.81539261570464,0.5881651606425703,40.335648148148145,8411.809335525326,118.47618782430037,8
2792,32.60578291614837,0,0,166,0.0,0.0,1.0,166,4450,3100,1350,0.6966292134831461,58,31,27,214.29333433844715,0.4002616526712912,0.740014319139475,0.13856012186201866,1100527.6039610426,9517.145956862769,1110044.7499179053,2790,15,1289.867469879518,72,94,42,34.61493574253074,0.5894829317269077,40.182648401826484,8471.54816405864,117.66039116748112,0
2793,32.83499657831891,1,0,167,0.005988023952095809,0.0,1.0,167,4850,3700,1150,0.7628865979381443,60,37,23,214.3749681854185,0.40071513599307407,0.738008500664411,0.13602280726928748,1102632.4891361361,9025.360955753811,1111657.85009189,2791,0,1283.1377245508982,80,87,37,35.287957357416964,0.5823977045908184,40.84362139917697,8509.398804607577,106.36748505759472,8
2794,33.12528577615086,0,0,167,0.0,0.0,1.0,167,5600,4100,1500,0.7321428571428571,71,41,30,216.98715822587076,0.400255212466633,0.742294125267686,0.13824149479200554,1113611.3857545252,9327.873992569972,1122939.2597470952,2792,1,1284.1377245508982,82,85,39,35.07383072778022,0.5842065868263473,40.7003012048193,8589.376624260256,104.748495417808,0
2795,32.73034266007013,0,0,167,0.0,0.0,1.0,167,4100,2700,1400,0.6585365853658537,55,27,28,217.4810095363541,0.40022064305124694,0.7438917483985683,0.13897100286795178,1101225.9700542942,10399.147139011806,1111625.117193306,2793,2,1285.1377245508982,69,98,40,34.953677145479595,0.5855164670658682,40.595238095238095,8490.40674479676,123.04937311299653,0
2796,32.837448474526774,1,0,168,0.005952380952380952,0.0,1.0,168,5250,3700,1550,0.7047619047619048,68,37,31,212.84045161747497,0.4014062648512499,0.7386110092303928,0.13702703455372958,1107061.6705405707,8275.50118525021,1115337.171725821,2794,0,1278.482142857143,74,94,38,34.80657627299958,0.5876116071428572,40.33333333333333,8526.790787218773,115.22690252998342,0
2797,33.1464304674893,1,0,169,0.005917159763313609,0.0,1.0,169,3600,2700,900,0.75,45,27,18,208.41401773234753,0.4021966281581666,0.7338713698005612,0.13462862220861324,1118486.5121951357,9221.653557205587,1127708.1657523413,2795,0,1271.9112426035504,78,91,42,34.8019871079078,0.5886957593688362,40.21624472573839,8610.904180781556,110.39620744591738,0
2798,32.729230520518044,0,1,168,0.0,0.005917159763313609,0.9940828402366864,169,4250,3200,1050,0.7529411764705882,53,32,21,214.80222290804912,0.4024035526439373,0.7434227087586585,0.13251197979889895,1090589.0555915309,8802.190684050034,1099391.246275581,2796,1,1272.9112426035504,80,89,38,36.30151771777756,0.5721153846153846,41.846707818930035,8449.158609424872,105.6144826178109,8
2799,32.338501497608874,0,0,168,0.0,0.0,1.0,168,5150,3800,1350,0.7378640776699029,65,38,27,212.24967058520912,0.4013676516015588,0.7397120678793341,0.13145514931492697,1078754.5648345656,7043.060205685346,1085797.625040251,2797,2,1281.4761904761904,81,87,40,36.22246881096415,0.5734747023809523,41.704776422764226,8352.880474477648,103.12198116639071,0
2800,32.52455582765596,0,0,168,0.0,0.0,1.0,168,4800,3500,1300,0.7291666666666666,61,35,26,215.20914857796313,0.40135948341412414,0.7423058098692925,0.13381801945411706,1086156.5889967259,8350.166948066086,1094506.755944792,2798,3,1282.4761904761904,69,99,39,36.00068856643827,0.5749007936507937,41.56250000000001,8405.56489670985,121.81978111173694,0
2801,32.7083237918047,0,0,168,0.0,0.0,1.0,168,4350,3000,1350,0.6896551724137931,57,30,27,211.37017511983277,0.4011352295409181,0.7376769416601219,0.13203269252385075,1093674.2361062665,8284.022961966179,1101958.2590682327,2799,4,1283.4761904761904,73,95,40,35.93316232104949,0.5762648809523809,41.399211711711715,8458.398316149276,115.86847008423666,0
2802,32.36292370270676,1,1,168,0.005917159763313609,0.005917159763313609,0.9940828402366864,169,4800,3300,1500,0.6875,63,33,30,211.1347127209337,0.40247986522024987,0.7386098356915569,0.13257181612517316,1083672.5872699488,7160.180079358462,1090832.7673493072,2800,0,1276.8757396449705,75,94,40,35.75050094451209,0.5778476331360947,41.214364035087726,8375.059792088921,111.66746389451895,0
2803,32.05208695266657,0,0,168,0.0,0.0,1.0,168,4000,3200,800,0.8,48,32,16,213.4141939513636,0.40190972222222227,0.7411661262670011,0.1342355832828744,1073775.1132265853,8231.77005485726,1082006.8832814426,2801,1,1285.422619047619,74,94,42,35.62861064906729,0.5786830357142857,41.152777777777786,8296.593674122889,112.11613073139038,0
2804,31.7517175689566,2,1,169,0.011764705882352941,0.0058823529411764705,0.9941176470588236,170,3650,2300,1350,0.6301369863013698,50,23,27,211.78453350014604,0.40424643230073093,0.7395854243548015,0.13404268076245837,1065526.467112569,7482.405153899024,1073008.872266468,2802,0,1271.2882352941176,77,93,38,35.445501915906306,0.5802696078431373,40.93215811965813,8225.84894658376,106.82920709849039,0
2805,31.498920027291565,0,0,169,0.0,0.0,1.0,169,4900,3400,1500,0.6938775510204082,64,34,30,218.53598550506572,0.4031857565511412,0.7468938694592826,0.13877795645646535,1058004.284867165,7542.401812405613,1065546.6866795705,2803,1,1279.810650887574,76,93,41,35.150255754475694,0.58142258382643,40.814393939393945,8164.066677528141,107.42192996747553,0
2806,31.75626530997656,1,0,170,0.0058823529411764705,0.0,1.0,170,4250,3300,950,0.7764705882352941,52,33,19,216.25885922879579,0.40415723981900453,0.7441578502941018,0.13772416772914123,1067475.264949554,7920.1966105896545,1075395.4615601439,2804,0,1273.2764705882353,81,89,42,35.10663163653587,0.5826593137254902,40.71392276422766,8233.95745988231,101.65379580101616,0
2807,31.651431827098076,0,0,170,0.0,0.0,1.0,170,4900,3800,1100,0.7755102040816326,60,38,22,216.01229491916763,0.40416304095602734,0.7448421869464728,0.13820823346479574,1065292.1402155077,7123.239993460657,1072415.3802089684,2805,1,1274.2764705882353,69,101,41,34.9461691042921,0.5841299019607843,40.550595238095234,8211.945147402595,119.01369778844341,0
2808,31.46458869189218,0,0,170,0.0,0.0,1.0,170,4200,3200,1000,0.7619047619047619,52,32,20,216.03675638572906,0.4044443961016359,0.7449060619160051,0.13856744816764094,1059713.7407013373,7587.423847700763,1067301.164549038,2806,2,1275.2764705882353,70,100,41,34.85667514603355,0.585110294117647,40.46361502347417,8166.205603866948,116.66008005524212,0
2809,31.045908686612858,0,0,170,0.0,0.0,1.0,170,5050,4100,950,0.8118811881188119,60,41,19,216.7573931022967,0.4044741269288781,0.7471412243162066,0.13984959502489255,1047268.4458182362,6350.635638770835,1053619.081457007,2807,3,1276.2764705882353,70,100,42,34.628120763669195,0.586764705882353,40.258215962441305,8063.919709327945,115.19885299039922,0
2810,31.039895271473004,0,1,169,0.0,0.0058823529411764705,0.9941176470588236,170,4850,3600,1250,0.7422680412371134,61,36,25,213.9293946706478,0.40442336697992803,0.7432931742693734,0.13829172316398436,1047607.8091721634,5972.820893688829,1053580.6300658523,2808,4,1277.2764705882353,71,99,44,34.63289341797527,0.5878676470588236,40.190972222222214,8064.445012805428,113.58373257472434,0
2811,30.95828509348875,2,2,169,0.011695906432748537,0.011695906432748537,0.9883040935672515,171,4850,3200,1650,0.6597938144329897,65,32,33,206.17622664671464,0.40651158124068343,0.733769936688256,0.1339518162169212,1046259.372152776,4092.761888843681,1050352.1340416197,2809,0,1258.3040935672514,76,95,37,34.65598657508584,0.5901559454191033,40.01623376623374,8048.651554743803,105.90330993083951,0
2812,31.01234295976092,0,0,169,0.0,0.0,1.0,169,3750,2600,1150,0.6933333333333334,49,26,23,210.23927869164646,0.40449627829435525,0.737729684217979,0.13676510686813723,1048441.1820370405,6534.703572416782,1054975.8856094573,2810,6,1274.1952662721894,74,95,39,34.50541697824307,0.5907914201183432,39.97222222222221,8064.070623508911,108.97392734471501,0
2813,30.7633534752187,0,0,169,0.0,0.0,1.0,169,4700,3400,1300,0.723404255319149,60,34,26,211.6079660335545,0.4044067577721424,0.7384733561624253,0.13796494957365663,1040645.5133277377,5541.776087445112,1046187.2894151828,2811,7,1275.1952662721894,76,93,39,34.39044052634317,0.5919625246548323,39.8944805194805,8001.718036634563,105.28576363992846,0
2814,31.243473910533737,1,0,170,0.0058823529411764705,0.0,1.0,170,5800,4200,1600,0.7241379310344828,74,42,32,213.8434119895682,0.4052529295741965,0.7445684928123315,0.14031870952689804,1058684.5302169223,5478.5424324316555,1064163.0726493539,2812,0,1268.6882352941177,80,90,42,34.10644008628496,0.59375,39.673353909465,8133.508775346329,101.66885969182911,0
2815,31.417369681469893,0,0,170,0.0,0.0,1.0,170,4650,3300,1350,0.7096774193548387,60,33,27,213.35604041961804,0.40511587771203156,0.7441801001325181,0.14042841824134475,1065438.7054890809,6813.556702590876,1072252.2621916716,2813,1,1269.6882352941177,67,103,44,34.01154098778504,0.5946691176470589,39.56801470588236,8182.087958864444,122.12071580394692,0
2816,31.808690446022773,1,0,171,0.005847953216374269,0.0,1.0,171,5050,3400,1650,0.6732673267326733,67,34,33,209.45034539913985,0.4055025226464855,0.7417317607901976,0.13863618100228828,1080308.8619079054,6004.2128528726735,1086313.074760778,2814,0,1263.2573099415204,69,102,44,33.91620037303492,0.596369395711501,39.375000000000014,8290.139947494717,120.146955760793,0
2817,32.22068170737126,0,0,171,0.0,0.0,1.0,171,5500,3800,1700,0.6909090909090909,72,38,34,206.31021215545022,0.4052258915262011,0.737032765078697,0.13718962636008203,1095625.5285979586,5507.747049594599,1101133.2756475531,2815,1,1264.2573099415204,73,98,44,33.83712979956097,0.5977095516569201,39.217342342342356,8402.595007189786,115.10404119438063,0
2818,31.853358403350125,0,0,171,0.0,0.0,1.0,171,4150,2900,1250,0.6987951807228916,54,29,25,202.74819622232485,0.4053462905630088,0.7329668149081938,0.1354357950765138,1084421.7682019498,5622.911489434153,1090044.6796913838,2816,2,1265.2573099415204,73,98,42,33.772039254823696,0.5989887914230019,39.06250000000002,8311.735708374226,113.85939326540036,0
2819,31.3872325847305,0,0,171,0.0,0.0,1.0,171,4750,3400,1350,0.7157894736842105,61,34,27,208.67874072832805,0.4049779268432519,0.7434774743445893,0.13615231490106122,1061951.316039875,5371.332669197858,1067322.6487090727,2817,3,1266.2573099415204,79,92,40,34.44142723662693,0.5938718323586745,39.86979166666663,8164.767351272638,103.35148545914731,8
2820,31.683967854334384,1,0,172,0.005813953488372093,0.0,1.0,172,4000,2900,1100,0.725,51,29,22,207.28843631385294,0.40553175574595407,0.7446198078819397,0.1358833316123586,1073330.343676313,6097.793717774161,1079428.1373940872,2818,0,1259.889534883721,83,89,43,34.31177544862629,0.595203488372093,39.70734126984123,8247.104231925476,99.36270158946357,0
2821,31.26536345313102,0,0,172,0.0,0.0,1.0,172,5250,4000,1250,0.7619047619047619,65,40,25,206.60037458599936,0.40518750849993196,0.7452018411851011,0.13598375672291863,1060287.5877887718,4161.1625612091175,1064448.750349981,2819,1,1260.889534883721,65,107,44,34.18700634304989,0.5965358527131783,39.5675505050505,8142.5151884487705,125.26946443767339,0
2822,30.971808947704556,0,0,172,0.0,0.0,1.0,172,4900,3300,1600,0.673469387755102,65,33,32,205.0352509036945,0.40525975792193664,0.743549621973395,0.13549532314964402,1051441.0090767695,3816.4942212977317,1055257.5032980673,2820,2,1261.889534883721,67,105,42,34.087546541250255,0.5973837209302326,39.43014705882352,8070.3197028255745,120.45253287799365,0
2823,31.202179621252082,0,0,172,0.0,0.0,1.0,172,5050,3700,1350,0.7326732673267327,64,37,27,205.14361980069998,0.40529021601160525,0.7431775269254786,0.13629972167169446,1060760.2945058926,4071.6413111588836,1064831.9358170514,2821,3,1262.889534883721,70,102,43,33.89668785986231,0.5990188953488372,39.24589201877933,8136.096514209378,116.22995020299112,0
2824,31.245715973355424,0,1,171,0.0,0.005813953488372093,0.9941860465116279,172,5050,3400,1650,0.6732673267326733,67,34,33,204.67520607388914,0.405406381748946,0.7424761724260305,0.1365223200528605,1063327.919576977,4077.3722127073406,1067405.2917896842,2822,4,1263.889534883721,72,100,43,33.77272147167677,0.600109011627907,39.11244292237442,8151.618509430022,113.21692374208364,0
2825,31.635819188172796,0,0,171,0.0,0.0,1.0,171,4450,3000,1450,0.6741573033707865,59,30,29,220.80511952395682,0.4045393303520239,0.7595884203686611,0.13984324236517218,1061826.2039501355,8241.332375375687,1070067.5363255113,2823,5,1271.953216374269,76,95,35,35.18823099415205,0.5798001949317739,40.9090909090909,8196.55315329929,107.8493835960433,8
2826,31.500911005020956,0,0,171,0.0,0.0,1.0,171,4400,3000,1400,0.6818181818181818,58,30,28,224.26347078207584,0.40439743148721474,0.7641691777065454,0.14252445650598158,1058292.073742064,8867.25071171102,1067159.324453775,2824,6,1272.953216374269,76,95,39,34.97414452968707,0.5810794346978557,40.787337662337656,8165.435007673229,107.43993431148985,0
2827,31.14351464474205,0,0,171,0.0,0.0,1.0,171,4250,3100,1150,0.7294117647058823,54,31,23,224.06723172753556,0.4043357986469442,0.762766638020268,0.1428382030257776,1047158.9891298141,8476.803174584393,1055635.7923043985,2825,7,1273.953216374269,76,95,40,34.86858121619975,0.5820540935672515,40.67911255411256,8076.163855858507,106.2653138928751,0
2828,31.550413044833075,0,0,171,0.0,0.0,1.0,171,5500,4000,1500,0.7272727272727273,70,40,30,223.22691198022844,0.4042942323128082,0.7624803365004091,0.14258786758432476,1061416.378334928,7687.340092188775,1069103.7184271167,2826,8,1274.953216374269,63,108,40,34.81841260379412,0.5829069200779727,40.608723958333336,8183.901899340903,129.9032047514429,0
2829,31.241742011885663,0,0,171,0.0,0.0,1.0,171,5250,3500,1750,0.6666666666666666,70,35,35,221.82673919730118,0.404431831212017,0.7613881241732132,0.1421464340254015,1051939.343636528,7219.65488644799,1059158.998522976,2827,9,1275.953216374269,64,107,39,34.74031989131103,0.5839424951267056,40.49679487179487,8107.332185872826,126.6770654042629,0
2830,31.427662035441184,0,1,170,0.0,0.005847953216374269,0.9941520467836258,171,4050,2800,1250,0.691358024691358,53,28,25,222.892178250367,0.40446336429308566,0.762231379056846,0.14302542468078253,1058591.580172378,8940.356636423952,1067531.936808802,2828,10,1276.953216374269,64,107,39,34.66352288630939,0.5846125730994152,40.448717948717956,8157.089973173178,127.4545308308309,0
2831,31.325927876157216,0,0,170,0.0,0.0,1.0,170,5600,4600,1000,0.8214285714285714,66,46,20,220.94569475821456,0.40356842441118457,0.7591538219565912,0.14247187903374525,1056555.1426517568,7088.262008711374,1063643.4046604682,2829,11,1285.3235294117646,65,105,41,34.53932709447415,0.5862132352941176,40.27777777777778,8136.039601168608,125.16984001797859,0
2832,31.064347189167737,1,1,170,0.005847953216374269,0.005847953216374269,0.9941520467836258,171,5550,4200,1350,0.7567567567567568,69,42,27,216.52706541539837,0.40426269923173946,0.7558846933197285,0.1405615498231737,1049614.3976336678,5703.98506747392,1055318.3827011418,2830,0,1278.8011695906432,69,102,44,34.41590579502738,0.5880847953216375,40.04464285714287,8075.343467969831,117.0339633039106,0
2833,31.11427761514885,1,1,170,0.005847953216374269,0.005847953216374269,0.9941520467836258,171,4650,3400,1250,0.7311827956989247,59,34,25,214.26934696766642,0.40453789703015713,0.7526522418630666,0.13987678563438558,1052870.0095598954,6269.553878048018,1059139.5634379433,2831,0,1278.7836257309941,73,98,42,34.27658811752611,0.5899731968810916,39.8507882882883,8094.354794560357,110.88157252822407,0
2834,30.71763845770342,0,0,170,0.0,0.0,1.0,170,4350,3300,1050,0.7586206896551724,54,33,21,217.11168601176712,0.40433634992458517,0.7549359064119043,0.1419056720028822,1039785.7063042673,6799.925557331192,1046585.6318615985,2832,1,1287.3,73,97,43,34.15949830484025,0.5905637254901961,39.808558558558566,7992.466627986923,109.48584421899895,0
2835,30.72282162029716,0,0,170,0.0,0.0,1.0,170,4050,2600,1450,0.6419753086419753,55,26,29,216.2623238400062,0.40440741385311524,0.7531524287902371,0.1417752426918421,1040788.4556305333,6966.666008102064,1047755.1216386353,2833,2,1288.3,76,94,43,34.07588829409422,0.5917892156862745,39.705086580086586,7996.994193670705,105.22360781145665,0
2836,30.536405943406233,0,0,170,0.0,0.0,1.0,170,5350,3600,1750,0.6728971962616822,71,36,35,215.6799999999996,0.4044451212437638,0.7527529411764706,0.14189473684210535,1035441.282260685,5314.795151596995,1040756.077412282,2834,3,1289.3,79,91,41,33.966666666666676,0.5931372549019608,39.58333333333334,7952.189047762062,100.66062085774762,0
2837,30.306224985300325,0,0,170,0.0,0.0,1.0,170,4700,3400,1300,0.723404255319149,60,34,26,214.90028128173435,0.4043203967977724,0.7519215107124628,0.1414477307051225,1027762.691819622,5473.2983125819865,1033235.9901322039,2835,4,1290.3,64,106,43,33.97060180911946,0.59375,39.56730769230771,7892.7317666044455,123.32393385319446,0
2838,30.30117907278808,0,0,170,0.0,0.0,1.0,170,4350,3200,1150,0.735632183908046,55,32,23,213.72906182674308,0.4040390416521638,0.7487757167637339,0.14129365515861403,1028775.9187955199,5625.862390822409,1034401.7811863422,2836,5,1291.3,68,102,42,33.84786030164338,0.5949754901960784,39.417270531400966,7895.963948903915,116.11711689564581,0
2839,30.614251942813134,0,0,170,0.0,0.0,1.0,170,5550,4000,1550,0.7207207207207207,71,40,31,212.97236624541713,0.40424135630583596,0.74861278114813,0.14129157866661943,1040368.9634524623,4763.967982952528,1045132.9314354148,2837,6,1292.3,68,102,43,33.74423340475226,0.5962622549019607,39.29649758454106,7981.242705320644,117.37121625471535,0
2840,30.52757777297006,0,1,169,0.0,0.0058823529411764705,0.9941176470588236,170,5400,4400,1000,0.8148148148148148,64,44,20,209.364732908915,0.40422757860540665,0.7437107191473344,0.13941631886492034,1038434.3128783437,4082.304511845484,1042516.6173901892,2838,7,1293.3,72,98,43,33.70865018144687,0.5974264705882353,39.16952054794521,7962.522747033682,110.59059370880114,0
2841,30.878568604898078,0,1,168,0.0,0.005917159763313609,0.9940828402366864,169,4150,3100,1050,0.7469879518072289,52,31,21,209.96492760431147,0.40400024654832345,0.7436407535877023,0.14051499001211643,1051739.4859671334,6215.681005937166,1057955.1669730707,2839,8,1299.9408284023668,74,95,40,33.51991538952747,0.5992357001972386,39.00000000000001,8059.3064058784175,108.90954602538402,0
2842,30.71553912282545,0,0,168,0.0,0.0,1.0,168,4250,3000,1250,0.7058823529411765,55,30,25,208.41465434573504,0.40365251639577987,0.7401052731575029,0.13980515864505924,1046824.4139459865,5784.709678646113,1052609.1236246326,2840,9,1307.220238095238,76,92,41,33.47917422318948,0.6008184523809523,38.92045454545456,8019.198992578614,105.51577621813965,0
2843,30.503807471928464,0,0,168,0.0,0.0,1.0,168,4450,3200,1250,0.7191011235955056,57,32,25,211.78867228720674,0.40332430377340556,0.7444755938683325,0.14236945639657356,1040178.8634826475,6009.620087641062,1046188.4835702885,2841,10,1308.220238095238,77,91,41,33.317938719850005,0.6018105158730158,38.84882478632478,7966.105169785797,103.45591129591945,0
2844,30.305189039964322,0,0,168,0.0,0.0,1.0,168,4950,3800,1150,0.7676767676767676,61,38,23,209.99342155979974,0.40296193327630453,0.7417919251135083,0.14165085933815685,1034329.061116988,4890.459712538336,1039219.5208295262,2842,11,1309.220238095238,81,87,41,33.24576384499442,0.6028025793650793,38.73221544715447,7917.769600926659,97.75024198674888,0
2845,30.736533514627357,0,0,168,0.0,0.0,1.0,168,4350,3500,850,0.8045977011494253,52,35,17,209.93957285106674,0.4026767892785857,0.7435587943326398,0.14225704542977025,1050275.5460172843,6148.87990135806,1056424.4259186424,2843,12,1310.220238095238,81,87,42,33.091531415520684,0.6040426587301587,38.57977642276424,8035.15146338312,99.19940078250765,0
2846,30.36051105705473,0,0,168,0.0,0.0,1.0,168,4550,3100,1450,0.6813186813186813,60,31,29,212.48937720438718,0.4027993120901055,0.7468630344843943,0.14442805892216973,1038246.113680374,5973.254016163606,1044219.3676965376,2844,13,1311.220238095238,63,105,42,32.91946726412747,0.6048487103174602,38.4765625,7939.985215897707,126.03151136345568,0
2847,30.609596871256468,0,0,168,0.0,0.0,1.0,168,3750,2500,1250,0.6666666666666666,50,25,25,210.93663439451853,0.4028037674650699,0.7441233013911401,0.1440273628192353,1047985.7631428454,6861.71795414471,1054847.4810969902,2845,14,1312.220238095238,66,102,42,32.80429960588597,0.6062127976190477,38.32400497512439,8009.796718596378,121.36055634236936,0
2848,30.984528708183763,0,0,168,0.0,0.0,1.0,168,4700,3400,1300,0.723404255319149,60,34,26,208.472584764544,0.4026411462788708,0.740889857269166,0.14289848082951545,1061873.090462354,5974.285572120511,1067847.3760344745,2846,15,1313.220238095238,68,100,41,32.736516357206014,0.607390873015873,38.194444444444464,8111.921752073156,119.29296694225229,0
2849,31.105460230863383,0,0,168,0.0,0.0,1.0,168,5350,4000,1350,0.7476635514018691,67,40,27,207.01542909193367,0.40233075515635397,0.7385785995679246,0.1427341454583927,1067606.2576643885,5252.193506325399,1072858.4511707139,2847,16,1314.220238095238,72,96,44,32.57561316558647,0.6087549603174602,37.99942922374429,8149.648334744333,113.1895602047824,0
2850,31.202249680613185,0,0,168,0.0,0.0,1.0,168,5750,4200,1550,0.7304347826086957,73,42,31,206.01757582604807,0.40177383328580935,0.7380626415711766,0.14286237406314145,1072480.0042979566,4839.946121475048,1077319.9504194316,2848,17,1315.220238095238,73,95,41,32.408103368051805,0.6106150793650793,37.80968468468469,8180.927682307188,112.06750249735873,0
2851,31.62638150189762,0,0,168,0.0,0.0,1.0,168,4950,3600,1350,0.7272727272727273,63,36,27,206.09457728374045,0.40159413316224696,0.7380420390599132,0.14312913056877705,1087466.7879102167,6274.201592892668,1093740.9895031094,2849,18,1316.220238095238,75,93,41,32.35580105925186,0.6118551587301587,37.760416666666664,8293.689107398674,110.58252143198231,0
2852,31.524265921738927,0,1,167,0.0,0.005952380952380952,0.9940476190476191,168,3700,2600,1100,0.7027027027027027,48,26,22,208.9777532459732,0.40173819028609453,0.7416339984252232,0.14564029269124784,1084909.5643938347,8044.392648418145,1092953.9570422529,2850,19,1317.220238095238,78,90,43,32.16240723057077,0.6130952380952381,37.645042194092824,8270.547455760006,106.03265968923085,0
2853,31.44213558669653,0,1,166,0.0,0.005988023952095809,0.9940119760479041,167,4250,3200,1050,0.7529411764705882,53,32,21,212.36926985844374,0.400907522304788,0.7453353768796449,0.14830081434114892,1082626.9544679865,8333.339169887327,1090960.2936378738,2851,33,1325.994011976048,78,89,44,32.00610072689515,0.6137724550898204,37.57911392405063,8251.073080781036,105.78298821514149,0
2854,31.480597807893474,0,0,166,0.0,0.0,1.0,166,4400,3100,1300,0.7045454545454546,57,31,26,210.68775904177733,0.39991937446756726,0.7421380665684443,0.1477082822138111,1085021.5263040308,8120.150777816965,1093141.6770818478,2852,34,1334.3192771084337,61,105,45,31.917981165077563,0.615210843373494,37.449596774193544,8265.24364825186,135.4957975123256,0
2855,31.357433740095722,0,0,166,0.0,0.0,1.0,166,5000,3300,1700,0.66,67,33,34,210.32661029015824,0.3999087258123402,0.7420239871874212,0.14812363405540907,1081995.401234134,7314.485018223003,1089309.8862523572,2853,35,1335.3192771084337,62,104,44,31.776340634441087,0.6163403614457832,37.3015873015873,8237.548069818786,132.8636785454643,0
2856,31.87033942691816,0,0,166,0.0,0.0,1.0,166,4250,3400,850,0.8,51,34,17,208.0679238685332,0.3997877875136911,0.7389816948666825,0.1468115630652797,1100212.505225161,8333.78635527943,1108546.2915804405,2854,36,1336.3192771084337,63,103,44,31.772381896266936,0.6172816265060241,37.239583333333336,8374.263667125111,132.924820113097,0
2857,31.576704079287953,0,0,166,0.0,0.0,1.0,166,4700,3400,1300,0.723404255319149,60,34,26,205.2231318813989,0.3995656869903858,0.7354459207298849,0.1454186370498992,1091219.9700466362,6888.715964899284,1098108.6860115356,2855,37,1337.3192771084337,67,99,47,31.7064347589636,0.6185366465863453,37.1017156862745,8301.461326727002,123.90240786159704,0
2858,31.746517599227687,0,0,166,0.0,0.0,1.0,166,4150,3000,1150,0.7228915662650602,53,30,23,206.60719537300304,0.39953374102470485,0.7366933078850058,0.14695300515967077,1098111.3892609351,8025.542868470606,1106136.9321294057,2856,38,1338.3192771084337,69,97,47,31.544966996699646,0.6195406626506024,36.97916666666666,8349.995514380178,121.01442774464026,0
2859,32.18882375559733,0,0,166,0.0,0.0,1.0,166,4950,3700,1250,0.7474747474747475,62,37,25,204.48420589590222,0.39965239746866255,0.734347357094786,0.14613695957612285,1114715.3643970925,7438.337217740037,1122153.7016148325,2857,39,1339.3192771084337,70,96,43,31.443606682275984,0.6207956827309237,36.82511737089201,8471.289913848348,121.01842734069069,0
2860,31.89093377170293,0,0,166,0.0,0.0,1.0,166,3500,2400,1100,0.6857142857142857,46,24,22,209.57370295695796,0.3994576792016551,0.7366118057674866,0.1422360991255095,1090169.0916159635,8994.154675836191,1099163.2462917997,2858,40,1340.3192771084337,66,100,41,33.04631446466088,0.6068649598393574,38.52611940298508,8338.646209149576,126.34312438105418,8
2861,31.662965263678824,0,0,166,0.0,0.0,1.0,166,4350,2800,1550,0.6436781609195402,59,28,31,209.16362088276063,0.3993207679201655,0.7351034743092153,0.14266094897753362,1083747.6924802766,7786.11829650236,1091533.810776779,2859,41,1341.3192771084337,68,98,43,32.887960879349166,0.6086219879518072,38.36050724637682,8284.282170664534,121.82767898036079,0
2862,31.410384997152576,0,0,166,0.0,0.0,1.0,166,4350,3100,1250,0.7126436781609196,56,31,25,205.60588419138952,0.39929947060971155,0.7303120456944063,0.14083016474575705,1076266.571325778,6707.348004614425,1082973.9193303925,2860,42,1342.3192771084337,70,96,40,32.83652319303552,0.6096260040160643,38.21889671361503,8222.645239204734,117.46636056006763,0
2863,31.057523000221753,0,0,166,0.0,0.0,1.0,166,4050,2800,1250,0.691358024691358,53,28,25,204.09719324046108,0.3992979493732505,0.7283292609141603,0.1402035406013505,1064962.946834777,6221.189670813718,1071184.1365055908,2861,43,1343.3192771084337,71,95,46,32.777252177596075,0.6107555220883534,38.12210648148148,8133.278701201014,114.55322114367625,0
2864,31.320930413213546,0,2,164,0.0,0.012048192771084338,0.9879518072289156,166,4600,3700,900,0.8043478260869565,55,37,18,201.95949594492942,0.3994523548740416,0.7256651121326829,0.13927975900847947,1075063.459145242,5623.854863557055,1080687.3140087991,2862,44,1344.3192771084337,71,95,46,32.70039572979937,0.6120732931726908,37.991898148148145,8206.337525800014,115.58221867323964,0
2865,31.27452594643032,0,0,164,0.0,0.0,1.0,164,5250,3500,1750,0.6666666666666666,70,35,35,199.97911942304424,0.39897641403561274,0.7193441558690028,0.13830743944762663,1074244.5009783283,4915.293870138701,1079159.794848467,2863,45,1356.3841463414635,75,89,40,32.655974916766915,0.6145198170731707,37.89747807017544,8197.132122719117,109.29509496958822,0
2866,31.26315902698423,0,0,164,0.0,0.0,1.0,164,4300,3300,1000,0.7674418604651163,53,33,20,205.40813518757824,0.39877222679435387,0.7281371387677114,0.1426374034746844,1074948.9893148418,7060.653463386821,1082009.6427782287,2864,46,1357.3841463414635,74,90,38,32.37734583267129,0.6162982723577235,37.76388888888889,8198.329244284585,110.78823303087277,8
2867,31.606769756931595,0,0,164,0.0,0.0,1.0,164,3900,2600,1300,0.6666666666666666,52,26,26,204.41647397000276,0.39861869669310185,0.7269058621717994,0.14225899923046956,1087360.5360938986,7754.881344489349,1095115.4174383879,2865,47,1358.3841463414635,75,89,40,32.32987598843487,0.6171239837398375,37.69188596491228,8290.712165681976,110.54282887575968,0
2868,31.65918548764581,0,0,164,0.0,0.0,1.0,164,4450,2800,1650,0.6292134831460674,61,28,33,205.63091908685797,0.3985267345004739,0.7295224394165163,0.14371059738429853,1090319.599619217,7590.684273622932,1097910.28389284,2866,48,1359.3841463414635,78,86,44,32.15601554126472,0.6182672764227642,37.552742616033754,8308.866402242907,106.52392823388342,0
2869,31.644300746844717,0,0,164,0.0,0.0,1.0,164,4900,3100,1800,0.6326530612244898,67,31,36,202.9991212196833,0.3983794391241458,0.7256611180834383,0.14230785635182183,1090644.4429006716,6579.972694393538,1097224.415595065,2867,49,1360.3841463414635,64,100,42,32.12222018759284,0.6197281504065041,37.45192307692308,8308.150306659576,129.81484854155588,0
2870,31.199333088357065,0,0,164,0.0,0.0,1.0,164,3500,2100,1400,0.6,49,21,28,200.84580911238962,0.39792118684223654,0.7227725565424854,0.1413393996218817,1076336.837603403,6935.548605185232,1083272.3862085883,2868,50,1361.3841463414635,65,99,46,32.050699493280476,0.6208714430894309,37.32638888888889,8195.241486577133,126.08063825503282,0
2871,30.966080324869342,0,0,164,0.0,0.0,1.0,164,4550,3200,1350,0.7032967032967034,59,32,27,209.5783946341779,0.39796872661978155,0.7244917215595517,0.14047084180470848,1055139.1122603063,6876.872252649415,1062015.9845129556,2869,51,1362.3841463414635,81,83,33,33.477088402270894,0.6046747967479675,38.94817073170732,8083.751914076039,99.79940634661776,8
2872,30.89496103549012,0,0,164,0.0,0.0,1.0,164,4800,3100,1700,0.6458333333333334,65,31,34,205.90879733178366,0.397734924435134,0.7195894518776249,0.13842007795395292,1053523.5257389527,5785.95242912962,1059309.4781680822,2870,52,1363.3841463414635,84,80,35,33.470690599092734,0.6058180894308943,38.84803921568627,8068.279652773209,96.05094824730011,0
2873,30.606032471762195,0,0,164,0.0,0.0,1.0,164,4700,3600,1100,0.7659574468085106,58,36,22,205.270746592844,0.3978276659683775,0.7182303072171379,0.13836275625298888,1044397.3285729012,5376.843875146104,1049774.1724480472,2871,53,1364.3841463414635,86,78,36,33.394633117924705,0.6070248983739837,38.75718390804597,7995.60611232492,92.9721640968014,0
2874,31.154702879139737,0,0,164,0.0,0.0,1.0,164,4050,2900,1150,0.7160493827160493,52,29,23,202.7757471901116,0.39783779739637887,0.7150360850135087,0.13726836448350832,1064296.4628945566,6312.702099047261,1070609.164993604,2872,54,1365.3841463414635,87,77,39,33.31238867252361,0.608104674796748,38.61268939393939,8143.4439983092225,93.60280457826693,0
2875,31.463316494981427,0,0,164,0.0,0.0,1.0,164,3950,2400,1550,0.6075949367088608,55,24,31,201.87492583362956,0.39769829542620583,0.7132331134632095,0.13717142396387697,1075874.4485663038,6688.41490212413,1082562.863468428,2873,55,1366.3841463414635,75,89,39,33.207547169811335,0.6093114837398375,38.48684210526317,8228.071254444187,109.70761672592249,0
2876,31.20673510453824,0,0,164,0.0,0.0,1.0,164,4100,3100,1000,0.7560975609756098,51,31,20,202.57361677510735,0.3972174422664472,0.7138772870646328,0.13787143019030518,1067548.227909793,6351.421121908783,1073899.6490317017,2874,56,1367.3841463414635,75,89,41,33.1333403199888,0.6098831300813008,38.43201754385966,8162.682740337298,108.83576987116398,0
2877,31.10134420698631,0,1,163,0.0,0.006097560975609756,0.9939024390243902,164,5050,3300,1750,0.6534653465346535,68,33,35,202.2956558992076,0.3966563170232929,0.7143928325189968,0.1383318305761581,1065224.138676679,5248.043162653721,1070472.1818393327,2875,57,1368.3841463414635,77,87,39,32.97998095043712,0.6115345528455285,38.27457264957267,8140.012603746274,105.71444939930227,0
2878,31.12324750731976,0,0,163,0.0,0.0,1.0,163,4250,2700,1550,0.6352941176470588,58,27,31,203.03800704914823,0.3955903330051251,0.7143212732623685,0.1394638113993332,1067193.0577407375,6486.150316073209,1073679.2080568105,2876,58,1377.3190184049079,79,84,41,32.80794219040043,0.6133691206543967,38.12500000000001,8150.400440979379,103.169625835182,0
2879,31.40256254963288,0,0,163,0.0,0.0,1.0,163,4450,3900,550,0.8764044943820225,50,39,11,207.2663277726432,0.395785995607059,0.7317995093983023,0.1388795233685145,1069928.5118486679,7302.030726024483,1077230.5425746923,2877,59,1378.3190184049079,74,89,37,33.547818568768285,0.603144171779141,38.958333333333336,8197.377265560424,110.77536845351925,8
2880,31.01177015188849,0,0,163,0.0,0.0,1.0,163,4850,3300,1550,0.6804123711340206,64,33,31,197.14030438649533,0.3959990153752935,0.7022161263816031,0.12311969953194393,1036889.8161654893,3432.5547948245935,1040322.3709603138,2878,60,1379.3190184049079,79,84,39,36.30832494125548,0.5821191206543967,41.40625000000002,8019.449937714962,101.5120245280375,8
2881,31.21975528212709,0,0,163,0.0,0.0,1.0,163,4600,3500,1100,0.7608695652173914,57,35,22,195.2817815244076,0.39587909313539854,0.6998466643710048,0.12218181385771291,1044369.5419623022,3589.2689448458887,1047958.810907148,2879,61,1380.3190184049079,79,84,39,36.290009648460426,0.5830138036809815,41.34114583333336,8075.266128638794,102.21855859036448,0
2882,31.151913410093535,0,0,163,0.0,0.0,1.0,163,3650,2300,1350,0.6301369863013698,50,23,27,194.77924032723882,0.39603215178368556,0.6989394910147264,0.12210122461510883,1042650.3354487128,4367.328053128426,1047017.6635018412,2880,62,1381.3190184049079,81,82,41,36.23339838955175,0.5841641104294479,41.27286585365855,8059.845279768516,99.50426271319155,0
2883,31.624883489790413,1,0,164,0.006097560975609756,0.0,1.0,164,4350,3400,950,0.7816091954022989,53,34,19,192.060588021865,0.39716990248890216,0.6975216588552748,0.12084884720839664,1059570.404109013,3550.342972748703,1063120.7470817617,2881,0,1373.8902439024391,84,80,43,36.16801985197808,0.5855564024390244,41.139705882352956,8186.426641603509,97.4574600190894,0
2884,31.17405747185739,0,0,164,0.0,0.0,1.0,164,4650,3700,950,0.7956989247311828,56,37,19,192.96966987541728,0.3968488141553195,0.7000767605877662,0.12171489923783833,1045158.1528481228,2886.7647445408597,1048044.9175926637,2882,1,1374.8902439024391,84,80,31,36.05704764158385,0.586572662601626,41.053921568627466,8072.399931131738,96.09999918013975,0
2885,31.11346628837455,0,1,163,0.0,0.006097560975609756,0.9939024390243902,164,4850,3700,1150,0.7628865979381443,60,37,23,191.81245182170358,0.3969181754700983,0.6999478207314209,0.12125064387251443,1043752.5334373995,2390.9465067487886,1046143.4799441483,2883,2,1375.8902439024391,85,79,33,36.00786181903206,0.5876524390243902,40.97625968992251,8059.126412026348,94.81325190619232,0
2886,30.786223780524317,1,0,164,0.006097560975609756,0.0,1.0,164,4500,3000,1500,0.6666666666666666,60,30,30,189.52432219719626,0.3957787794902489,0.6987140925122586,0.12027378290392597,1033876.9270681954,1888.9647675842684,1035765.8918357797,2884,0,1376.871951219512,87,77,39,35.926319235102476,0.5889227642276422,40.83806818181821,7978.617228347598,91.70824400399538,0
2887,30.60627166074412,1,0,165,0.006060606060606061,0.0,1.0,165,5400,3800,1600,0.7037037037037037,70,38,32,186.1233893178483,0.39643693027839366,0.6957012718647206,0.11875605447673156,1029344.6818270449,-82.97580840933915,1029261.7060186355,2885,0,1369.521212121212,91,74,42,35.82049099217091,0.5905303030303031,40.647644927536255,7937.80863520166,87.22866632089736,0
2888,30.28746043252077,0,0,165,0.0,0.0,1.0,165,4300,2900,1400,0.6744186046511628,57,29,28,190.15436855890434,0.39650776053215075,0.6992194236234974,0.12172200778263087,1019516.5159795156,1473.1038662919714,1020989.6198458076,2886,1,1370.521212121212,79,86,40,35.59999205433161,0.5919823232323232,40.53385416666668,7858.570625505777,99.4755775380478,0
2889,30.43992399821301,1,0,166,0.006024096385542169,0.0,1.0,166,3450,2200,1250,0.6376811594202898,47,22,25,186.82004822976126,0.39749680540343196,0.6943569482821907,0.12021014658373544,1026084.0123773935,1688.6129360264472,1027772.62531342,2887,0,1363.2590361445782,83,83,42,35.50144076161363,0.5931852409638554,40.352182539682545,7903.6598297939645,95.2248172264333,0
2890,30.619058729971446,0,0,166,0.0,0.0,1.0,166,4550,3400,1150,0.7472527472527473,57,34,23,191.5221588950561,0.3977409638554217,0.6995102508543325,0.12361460657550588,1032973.8902362314,1817.4779080536364,1034791.368144285,2888,1,1364.2590361445782,84,82,45,35.2702160785054,0.5941265060240963,40.24509803921569,7953.450598535241,94.68393569684811,0
2891,30.934472062327583,0,0,166,0.0,0.0,1.0,166,4600,3600,1000,0.782608695652174,56,36,20,195.01762018170749,0.3976960873798223,0.7047880303218816,0.12635926279234574,1044698.2523841313,2946.9133975884515,1047645.1657817197,2889,2,1365.2590361445782,84,82,44,35.041986922557,0.5955697791164658,40.110294117647065,8039.550845904194,95.7089386417166,0
2892,30.82011889798835,0,1,165,0.0,0.006024096385542169,0.9939759036144579,166,5200,4100,1100,0.7884615384615384,63,41,22,197.41361804342566,0.397619264938542,0.7078073321842819,0.12838164612354488,1041855.9064593517,2735.308794810719,1044591.2152541623,2890,3,1366.2590361445782,85,81,32,34.84995380506511,0.5968875502008032,39.98304263565891,8013.753541462159,94.27945342896658,0
2893,31.368149367233354,0,0,165,0.0,0.0,1.0,165,3800,2700,1100,0.7105263157894737,49,27,22,201.37169032526373,0.3976241069228874,0.7115024299336576,0.13129047420846443,1061102.9417647198,5935.218598454394,1067038.1603631743,2891,4,1367.030303030303,86,79,34,34.65685033449948,0.5979166666666667,39.89463601532567,8159.023908689873,94.8723710312776,0
2894,31.79408659622787,0,0,165,0.0,0.0,1.0,165,4100,2800,1300,0.6829268292682927,54,28,26,202.45860977120162,0.3972514781966001,0.715850614399625,0.1325112395302137,1076617.6284418947,6494.101661902911,1083111.7301037975,2892,5,1368.030303030303,87,78,36,34.49212531271324,0.599179292929293,39.76089015151516,8274.064794248012,95.10419303733347,0
2895,32.03522718285894,0,0,165,0.0,0.0,1.0,165,4050,2400,1650,0.5925925925925926,57,24,33,201.28117978195394,0.3967556664203005,0.7146738578864174,0.1320301171003402,1085413.9892816676,6644.6816628904535,1092058.670944558,2893,6,1369.030303030303,91,74,36,34.44558921607007,0.6002525252525253,39.68523550724639,8339.242619577824,91.6400287865695,0
2896,31.82354584083155,0,0,165,0.0,0.0,1.0,165,5100,3800,1300,0.7450980392156863,64,38,26,196.67145830444505,0.39670639320029566,0.7090022562007183,0.12973749588383654,1079851.220072706,4375.182840706468,1084226.4029134125,2894,7,1370.030303030303,78,87,34,34.367565926000914,0.6017045454545454,39.491033755274245,8290.319029236627,106.28614140046957,0
2897,31.425928408007415,0,1,164,0.0,0.006060606060606061,0.9939393939393939,165,4600,3200,1400,0.6956521739130435,60,32,28,197.81968353117074,0.39651699926090167,0.7100666705541638,0.13097718151343382,1067393.496292098,4630.288727946196,1072023.785020044,2895,8,1371.030303030303,80,85,39,34.20883291393233,0.6029040404040404,39.364711934156354,8190.705903357529,102.3838237919691,0
2898,31.644882635092465,0,0,164,0.0,0.0,1.0,164,4450,3200,1250,0.7191011235955056,57,32,25,197.67400527257175,0.3957444885031673,0.708226052515065,0.13112720663892516,1075360.7597166044,5264.173697227084,1080624.9334138315,2896,9,1380.3231707317073,80,84,43,34.14705833991053,0.603785569105691,39.30041152263372,8249.807880383105,103.12259850478881,0
2899,31.223691655962796,0,0,164,0.0,0.0,1.0,164,3700,2200,1500,0.5945945945945946,52,22,30,198.8650279693853,0.3955613434585266,0.7077771335888714,0.13237709837475134,1062014.102957368,5739.492857699445,1067753.5958150674,2897,10,1381.3231707317073,82,82,42,33.99496359028643,0.6049923780487805,39.1817269076305,8143.709337276784,99.31352850337541,0
2900,31.633899785632707,0,1,163,0.0,0.006097560975609756,0.9939024390243902,164,5300,4100,1200,0.7735849056603774,65,41,24,195.89680400281733,0.3951934946880144,0.7049163070988445,0.131092681138282,1077450.442840025,4113.819644755944,1081564.262484781,2898,11,1382.3231707317073,85,79,40,33.88906936451952,0.6066438008130082,39.0019379844961,8256.38653804274,97.13395927109106,0
2901,31.651637301373626,0,0,163,0.0,0.0,1.0,163,4550,2700,1850,0.5934065934065934,64,27,37,198.33732439530706,0.39538678078214545,0.7083745513535504,0.1329927611455208,1078617.350551166,5636.015870934369,1084253.3664221005,2899,12,1386.7423312883436,84,79,34,33.75590683628279,0.6076175869120655,38.93382352941174,8263.171929303397,98.371094396469,0
2902,32.01431755167379,0,0,163,0.0,0.0,1.0,163,4450,3400,1050,0.7640449438202247,55,34,21,201.79052968468068,0.3954372743568381,0.7179278755443725,0.1256936190927478,1069634.3655086756,6118.417036986879,1075752.7825456625,2900,13,1387.7423312883436,74,89,40,36.28371480765098,0.5810966257668712,41.50000000000003,8275.701087107742,111.83379847442895,7
2903,32.472170158642605,0,0,163,0.0,0.0,1.0,163,4450,3400,1050,0.7640449438202247,55,34,21,203.9934250001386,0.3951674493170744,0.7212606352261157,0.12761066690552877,1086214.54037903,7266.124875374062,1093480.665254404,2901,14,1388.7423312883436,74,89,42,36.07087561975338,0.5825025562372188,41.347222222222236,8399.017012005601,113.50022989196758,0
2904,32.2354633032439,0,1,162,0.0,0.006134969325153374,0.9938650306748467,163,4300,2900,1400,0.6744186046511628,57,29,28,206.51312096578485,0.3954309626600015,0.7238057849861308,0.12959917906278037,1079242.7269243512,7675.5567633545215,1086918.2836877056,2902,15,1389.7423312883436,76,87,41,35.88990398020356,0.5837167689161554,41.23376623376625,8341.449432690091,109.75591358802751,0
2905,31.925304495651847,0,0,162,0.0,0.0,1.0,162,4550,3200,1350,0.7032967032967034,59,32,27,202.4899834672773,0.3948205020064923,0.7170554778697267,0.12762925225824415,1070137.0568492082,6388.406989823565,1076525.4638390318,2903,16,1398.6604938271605,77,85,40,35.836170139605265,0.5852623456790124,41.079059829059844,8266.129855257757,107.35233578256828,0
2906,31.95448321718221,2,0,164,0.012195121951219513,0.0,1.0,164,4850,3900,950,0.8041237113402062,58,39,19,202.34176198488507,0.3964918761534241,0.7194968404889852,0.12840680347227712,1073107.5831059364,5776.895832999564,1078884.478938936,2904,0,1382.591463414634,82,82,40,35.59443099273609,0.587207825203252,40.83835341365464,8281.376486380728,100.99239617537474,0
2907,31.926866042098215,0,1,163,0.0,0.006097560975609756,0.9939024390243902,164,4400,3700,700,0.8409090909090909,51,37,14,201.74332898600616,0.39666644845129434,0.7191697909605272,0.12840198158928953,1073033.03740488,6095.4514156056775,1079128.4888204855,2905,1,1383.591463414634,84,80,40,35.50480163231865,0.5883511178861789,40.735294117647086,8277.509534149953,98.54178016845182,0
2908,31.833918572005317,1,0,164,0.006097560975609756,0.0,1.0,164,4450,3200,1250,0.7191011235955056,57,32,25,203.63293775593417,0.3979024826674647,0.7223916366979883,0.13022631383164723,1071297.5380043122,6380.2929749032255,1077677.8309792154,2906,0,1381.2439024390244,71,93,40,35.28422187523238,0.5900025406504066,40.567129629629605,8258.764870271922,116.32063197566087,0
2909,32.0877732330447,2,0,166,0.012048192771084338,0.0,1.0,166,5150,3600,1550,0.6990291262135923,67,36,31,199.64455269172703,0.3999627297067056,0.7212521459393417,0.12853149301392947,1081787.5775841102,4844.599406849084,1086632.1769909593,2907,0,1365.5903614457832,74,92,41,35.14922978177147,0.591804718875502,40.333333333333314,8332.125116180565,112.59628535379142,0
2910,32.25922980722166,0,0,166,0.0,0.0,1.0,166,4850,3800,1050,0.7835051546391752,59,38,21,201.7568566093762,0.3999307837410247,0.7213913479670429,0.130447977578444,1088816.7605584008,5885.2494067728985,1094702.0099651737,2908,1,1366.5903614457832,77,89,45,34.94233487535336,0.5930597389558233,40.18429487179484,8381.454539256032,108.85005895137704,0
2911,32.37426285673885,1,1,166,0.005988023952095809,0.005988023952095809,0.9940119760479041,167,4250,2800,1450,0.6588235294117647,57,28,29,210.27351925885864,0.4008834740158238,0.738522518044195,0.1282514369630151,1075327.3106951276,7572.571595005869,1082899.8822901335,2909,0,1359.4011976047905,73,94,40,36.83824868013837,0.5729166666666667,42.257882882882896,8344.211048801952,114.30426094249249,8
2912,32.63065334430442,1,0,167,0.005988023952095809,0.0,1.0,167,4250,3000,1250,0.7058823529411765,55,30,25,207.3268257900232,0.4016605343529808,0.7360194864508265,0.12722850303860578,1085704.1867759365,7369.120558238827,1093073.3073341753,2910,0,1357.8982035928143,75,92,40,36.688461913111254,0.5744760479041916,42.03673245614036,8417.509958787774,112.23346611717032,0
2913,32.91970061041164,2,1,168,0.011834319526627219,0.005917159763313609,0.9940828402366864,169,4500,3600,900,0.8,54,36,18,203.74328932302234,0.4037082041889734,0.7350057285460054,0.12572730150661626,1097027.3479597499,6402.392070126416,1103429.7400298764,2911,0,1342.8165680473373,79,90,42,36.57601797212558,0.5759985207100592,41.835937500000014,8498.683645867633,107.57827399832448,0
2914,32.82576767885128,0,0,168,0.0,0.0,1.0,168,5350,3500,1850,0.6542056074766355,72,35,37,203.7287021137004,0.4027005512783956,0.733737892929722,0.12626815214907755,1095226.8834796897,5675.830298270076,1100902.7137779598,2912,1,1351.767857142857,83,85,43,36.4163286288064,0.5776289682539683,41.67906746031746,8479.58291813184,102.16364961604627,0
2915,32.852750922180114,0,0,168,0.0,0.0,1.0,168,4700,3200,1500,0.6808510638297872,62,32,30,202.86218793666202,0.40299089321357284,0.7333328534960939,0.12614062362678152,1097116.6545632677,6212.696993291097,1103329.3515565589,2913,2,1352.767857142857,69,99,40,36.319780330511875,0.5788070436507937,41.5625,8490.382816450923,123.04902632537569,0
2916,32.399660531014966,1,0,169,0.005917159763313609,0.0,1.0,169,4150,3000,1150,0.7228915662650602,53,30,23,202.87992751437878,0.4038388160984315,0.7347949914003238,0.12680704840024604,1083536.8785275985,6015.576674967155,1089552.4552025655,2914,0,1345.7573964497042,71,98,43,36.13037965242038,0.5802514792899408,41.37731481481482,8379.287205619557,118.01812965661348,0
2917,32.79670738941207,2,0,171,0.011695906432748537,0.0,1.0,171,4900,3600,1300,0.7346938775510204,62,36,26,198.11516116701785,0.4065789473684211,0.7316503242927725,0.1245889050495882,1098663.197895519,4432.367303868419,1103095.5651993875,2915,0,1331.0058479532163,75,96,46,36.031517518312576,0.5818713450292398,41.15953947368421,8489.114844422247,113.18819792562996,0
2918,33.144692027872885,0,1,170,0.0,0.005847953216374269,0.9941520467836258,171,5050,3700,1350,0.7326732673267327,64,37,27,201.4299699778359,0.40648864809081525,0.7343467590485702,0.12728224151204315,1111778.9663761212,5539.120763826371,1117318.0871399476,2916,1,1332.0058479532163,79,92,38,35.77233728802202,0.5833942495126705,40.98958333333334,8584.820492427722,108.66861382819901,0
2919,32.690325680590156,0,0,170,0.0,0.0,1.0,170,5000,3600,1400,0.72,64,36,28,203.45869793439522,0.4066589801601114,0.735593066945375,0.12895530999308394,1097447.4697401766,5657.04664894667,1103104.5163891232,2917,2,1323.6882352941177,80,90,39,35.61022465961921,0.5849877450980392,40.88220164609054,8470.645217826805,105.88306522283506,0
2920,32.780037022107706,1,1,170,0.005847953216374269,0.005847953216374269,0.9941520467836258,171,4950,3600,1350,0.7272727272727273,63,36,27,206.49052689575566,0.406911478041509,0.7423934723891927,0.13169506937573788,1102324.803367052,6373.925891504727,1108698.7292585566,2918,0,1316.9415204678362,82,89,42,35.30758001032391,0.5868664717348928,40.66265060240965,8501.087914468322,103.67180383497954,0
2921,32.45023890359191,0,0,170,0.0,0.0,1.0,170,5300,3700,1600,0.6981132075471698,69,37,32,208.0231733106769,0.4058555226824458,0.7437828976361298,0.1329324644461372,1091812.9805627046,6124.480175688417,1097937.460738393,2919,1,1325.6705882352942,66,104,43,35.19765757666567,0.5881740196078431,40.59390547263681,8417.789740460674,127.5422687948587,0
2922,32.7000997430689,0,0,170,0.0,0.0,1.0,170,4550,3000,1550,0.6593406593406593,61,30,31,205.86410699753017,0.40573224852071005,0.7403990596869456,0.13205133836498384,1101344.785177573,6795.4721393934,1108140.2573169665,2920,2,1326.6705882352942,69,101,40,35.118339449190586,0.5891544117647058,40.46130952380951,8486.941065756884,122.99914588053456,0
2923,32.699446018800195,0,0,170,0.0,0.0,1.0,170,4600,3300,1300,0.717391304347826,59,33,26,205.17745089250994,0.4056503074602622,0.7404415087318257,0.13237833784989037,1103047.0506406177,6664.076412988647,1109711.1270536063,2921,3,1327.6705882352942,70,100,42,34.92890024853139,0.5905637254901961,40.25821596244131,8493.412445963004,121.3344635137572,0
2924,32.79784419527338,0,0,170,0.0,0.0,1.0,170,4500,3500,1000,0.7777777777777778,55,35,20,204.3104991930102,0.40543566539041653,0.7387772880001577,0.1322936260455964,1107432.4063374544,6752.0135522643195,1114184.4198897188,2922,4,1328.6705882352942,71,99,45,34.82374828341315,0.5919117647058824,40.13310185185185,8523.074036971924,120.04329629537922,0
2925,32.31624661760269,0,0,170,0.0,0.0,1.0,170,5000,3400,1600,0.68,66,34,32,214.56012485428718,0.405550237846618,0.7492817223266257,0.12996544643876431,1071308.0812453858,6971.999133883341,1078280.080379269,2923,5,1329.6705882352942,67,103,41,36.984465167469835,0.5666666666666667,42.50919117647059,8321.136479707156,124.19606686130085,8
2926,31.846935900405406,4,0,174,0.022988505747126436,0.0,1.0,174,3850,2900,950,0.7532467532467533,48,29,19,207.1257612235297,0.4097485216929108,0.743155848902251,0.12372833208182846,1051569.6992079508,4911.434885608683,1056481.1340935596,2924,0,1300.0804597701149,76,98,36,37.69675194777847,0.5632183908045977,43.019480519480496,8184.042131548928,107.6847648888017,8
2927,32.12308814933243,1,0,175,0.005714285714285714,0.0,1.0,175,4700,3300,1400,0.7021276595744681,61,33,28,203.19606102200063,0.41049261083743843,0.740307109224128,0.12202266346140175,1062289.8496292,3470.6226216610253,1065760.472250861,2925,0,1293.6457142857143,79,96,38,37.59983671712824,0.5648214285714286,42.82552083333331,8261.238464029422,104.57263878518256,0
2928,31.777180627854282,3,0,178,0.016853932584269662,0.0,1.0,178,5950,4900,1050,0.8235294117647058,70,49,21,200.01350890600895,0.4123639148098775,0.7410307432598777,0.12116543333931784,1053465.4888867247,591.4657887237199,1054056.9546754484,2926,0,1272.8258426966293,71,107,40,37.355554931265665,0.5672401685393258,42.505787037037045,8182.440115951277,115.24563543593348,0
2929,31.413731280371543,0,0,178,0.0,0.0,1.0,178,4250,3000,1250,0.7058823529411765,55,30,25,205.18525169908327,0.4124862460060517,0.7451123533270356,0.12472776209344288,1042433.1617268057,2928.382133677227,1045361.543860483,2927,1,1273.8258426966293,72,106,42,37.09415734278647,0.5685861423220974,42.38013698630137,8092.801149198464,112.40001596108978,0
2930,31.591810094234578,1,0,179,0.00558659217877095,0.0,1.0,179,5500,4100,1400,0.7454545454545455,69,41,28,203.1744898876451,0.4130481974347708,0.7439097838051123,0.12409087551183272,1049741.2493499115,1356.1285701376974,1051097.3779200492,2928,0,1267.703910614525,74,105,41,36.97066429610473,0.5697742085661079,42.20833333333335,8144.105377209594,110.05547807039991,0
2931,32.06997593792602,0,0,179,0.0,0.0,1.0,179,5900,4400,1500,0.7457627118644068,74,44,30,207.86074920088984,0.4128036532546607,0.7502463611347392,0.1274897567423696,1066893.3190016546,2653.0489210218893,1069546.3679226765,2929,1,1268.703910614525,74,105,39,36.69390300811252,0.5712290502793296,42.05555555555558,8272.272126655087,111.78746117101468,0
2932,31.596934958762194,0,1,178,0.0,0.00558659217877095,0.994413407821229,179,5700,4100,1600,0.7192982456140351,73,41,32,216.53763337841139,0.41299588851923924,0.761202658496293,0.12616926104848813,1035810.7690669812,3358.4025123274114,1039169.1715793086,2930,2,1269.703910614525,79,100,38,38.40076489533013,0.5496391992551211,43.945312500000014,8090.543306823713,102.41194059270522,8
2933,31.67090791453792,3,0,181,0.016574585635359115,0.0,1.0,181,6150,4500,1650,0.7317073170731707,78,45,33,210.85332804547463,0.41565889093513403,0.7578493464492646,0.12349980642663574,1039820.2383659862,1499.9115657015964,1041320.1499316877,2931,0,1256.5303867403316,84,97,41,38.346883468834704,0.55173802946593,43.750000000000014,8115.67015310038,96.61512087024262,0
2934,32.08329653029313,1,0,182,0.005494505494505495,0.0,1.0,182,5100,3900,1200,0.7647058823529411,63,39,24,205.8442575540637,0.41688485317628965,0.7529607487074139,0.12134222636339687,1055328.0955247725,1946.6456598481786,1057274.7411846207,2932,0,1250.6208791208792,73,109,39,38.23101320820299,0.5531707875457875,43.5106981981982,8229.022326555058,112.72633324048024,0
2935,31.794597894970245,2,0,184,0.010869565217391304,0.0,1.0,184,4900,3800,1100,0.7755102040816326,60,38,22,201.68284508352355,0.41913842856577177,0.7506370410081367,0.1195357991165709,1047474.9051083204,551.5438031679037,1048026.4489114883,2933,0,1238.016304347826,77,107,42,38.132283700119636,0.5547441123188406,43.30929487179486,8161.377752927634,105.99191886919006,0
2936,31.51578797274415,1,2,183,0.005405405405405406,0.010810810810810811,0.9891891891891892,185,5650,4100,1550,0.7256637168141593,72,41,31,201.78845883786605,0.42001933999216606,0.7500868857914,0.12020390499107847,1039801.2618600362,-686.0211743188311,1039115.2406857173,2934,0,1232.3189189189188,82,103,35,37.93899827372811,0.5564189189189189,43.12248995983937,8095.697141392191,98.72801391941697,0
2937,31.620961671535852,2,2,183,0.010810810810810811,0.010810810810810811,0.9891891891891892,185,5200,4100,1100,0.7884615384615384,63,41,22,211.3925795047423,0.42056281825303565,0.7628236591170496,0.1229065864190064,1035944.3684483971,1598.190453943835,1037542.5589023409,2935,0,1232.2,82,103,36,38.6150062103681,0.5503941441441442,44.0261044176707,8094.140741122601,98.7090334283244,7
2938,31.472647728841412,1,3,181,0.005434782608695652,0.016304347826086956,0.9836956521739131,184,4500,3200,1300,0.7111111111111111,58,32,26,212.0849830617169,0.42085474083313534,0.7643140725150668,0.12405844028786407,1032915.6549990504,2513.179838931244,1035428.8348379816,2936,0,1223.9565217391305,84,100,39,38.365381549156545,0.5521399456521738,43.79901960784314,8063.323203666174,95.99194290078779,0
2939,31.256990157796004,1,0,182,0.005494505494505495,0.0,1.0,182,4500,3400,1100,0.7555555555555555,56,34,22,215.26677602550237,0.4194752646064801,0.766133300127634,0.12619140466072581,1026483.3216142897,3293.5510575713397,1029776.872671861,2937,0,1238.2032967032967,65,117,41,38.20154370406864,0.5531707875457875,43.71843434343434,8010.590375351816,123.23985192848947,0
2940,31.032593907875597,3,0,185,0.016216216216216217,0.0,1.0,185,4450,2400,2050,0.5393258426966292,65,24,41,211.11507952143586,0.42214429103016055,0.7654419695907868,0.12500605843492174,1022086.9768686496,1705.594679889617,1023792.5715485392,2938,0,1219.1081081081081,71,114,41,37.92653137918073,0.5551238738738739,43.34490740740739,7964.673262814099,112.17849665935351,0
2941,30.695327381906935,4,3,186,0.021164021164021163,0.015873015873015872,0.9841269841269842,189,5350,3700,1650,0.6915887850467289,70,37,33,210.48197551967363,0.42478728094862844,0.7703430871018353,0.12614979327503553,1014504.798431293,-443.00517039887563,1014061.7932608941,2939,0,1194.2857142857142,76,113,36,37.486187845303846,0.5582010582010581,42.89772727272725,7891.838431995914,103.8399793683673,0
2942,30.852485128930955,2,0,188,0.010638297872340425,0.0,1.0,188,5850,4300,1550,0.7350427350427351,74,43,31,213.5750463046432,0.4239964965676793,0.7734731673701434,0.12866594252987074,1021201.8583067238,170.6468348493172,1021372.505141573,2940,0,1201.6170212765958,68,120,38,37.2132253711201,0.5598958333333333,42.70833333333334,7938.087319631214,116.7365782298708,0
2943,31.24498327082118,1,0,189,0.005291005291005291,0.0,1.0,189,5550,3700,1850,0.6666666666666666,74,37,37,208.37090608030786,0.42476617321475474,0.7689775245330805,0.1261873499554659,1035727.1932513521,-186.91725804036287,1035540.2759933117,2941,0,1196.2539682539682,70,119,40,37.15242165242164,0.5615079365079365,42.517605633802816,8045.03310450281,114.92904435004014,0
2944,31.486609742739144,2,0,191,0.010471204188481676,0.0,1.0,191,5000,3400,1600,0.68,66,34,32,201.81430939981126,0.4264099384587123,0.764406370758506,0.12297748804313624,1045569.3173489019,-997.8300579198449,1044571.487290982,2942,0,1184.717277486911,74,117,43,37.09074373484238,0.5634816753926701,42.291666666666664,8114.3617191183985,109.65353674484322,0
2945,31.261516296381945,3,0,194,0.015463917525773196,0.0,1.0,194,5650,3700,1950,0.6548672566371682,76,37,39,207.38615246603848,0.42860902640528464,0.7735443735891054,0.1276519733502141,1041033.9757577569,-1270.7938362349646,1039763.1819215219,2943,0,1167.381443298969,79,115,37,36.575008409014465,0.5660975085910653,41.92708333333334,8067.750690029842,102.12342645607396,0
2946,31.487090380064917,0,1,193,0.0,0.005154639175257732,0.9948453608247423,194,5400,3700,1700,0.6851851851851852,71,37,34,212.58310507586893,0.4283558570589178,0.7784297262080633,0.13143796259203924,1049856.1752162294,436.3371221081511,1050292.5123383375,2944,1,1168.381443298969,83,111,37,36.27625176078882,0.5675472508591065,41.765873015873005,8131.041295566341,97.96435295863061,0
2947,31.873208526989078,3,2,194,0.015306122448979591,0.01020408163265306,0.9897959183673469,196,4950,3600,1350,0.7272727272727273,63,36,27,206.67387034929993,0.4295286063143206,0.7753398619406318,0.12877828105122074,1065017.842509698,-127.72809949194698,1064890.114410206,2945,0,1157.4336734693877,69,127,39,36.14532964924398,0.5691964285714286,41.488095238095234,8239.60384718532,119.41454850993219,0
2948,32.27682649667101,1,2,193,0.005128205128205128,0.010256410256410256,0.9897435897435898,195,6300,4800,1500,0.7619047619047619,78,48,30,209.1898706073103,0.428829632566746,0.7768619991623624,0.13098138489162267,1079952.9195282918,-116.95770037795819,1079835.9618279138,2946,0,1164.3179487179486,70,125,42,35.90311649274045,0.5707264957264957,41.31455399061033,8349.545258059024,119.27921797227178,0
2949,32.18586310879358,0,1,192,0.0,0.0051813471502590676,0.9948186528497409,193,5450,4400,1050,0.8073394495412844,65,44,21,208.20465884325787,0.42853946279504895,0.774273082021004,0.1307712407790799,1077832.5070836463,831.9498855047818,1078664.456969151,2947,1,1176.279792746114,71,122,39,35.81544424567682,0.5717292746113989,41.2037037037037,8329.582165655369,117.31805867120238,0
2950,31.76910261137077,0,1,191,0.0,0.005208333333333333,0.9947916666666666,192,5950,4700,1250,0.7899159663865546,72,47,25,210.5103742379547,0.42815192790139617,0.7759958521061288,0.13277251073384388,1065094.5130754998,492.68890926308904,1065587.201984763,2948,2,1183.296875,74,118,46,35.60450636487165,0.5729709201388888,41.05555555555556,8226.432626199956,111.16800846216157,0
2951,31.842742912983496,0,0,191,0.0,0.0,1.0,191,5450,4200,1250,0.7706422018348624,67,42,25,209.8431857781364,0.42831473316799856,0.7740061564366336,0.1329897897128958,1068966.7274450203,1213.0767155785302,1070179.804160599,2949,3,1189.7905759162304,79,112,40,35.44807370184257,0.574607329842932,40.88541666666668,8250.919062088198,104.44201344415441,0
2952,31.594158957013466,0,0,191,0.0,0.0,1.0,191,4250,2800,1450,0.6588235294117647,57,28,29,208.46606524182693,0.42830210342610453,0.7728918715385167,0.13247430897725,1061401.8262790253,1803.2524729757065,1063205.078752001,2950,4,1190.7905759162304,81,110,40,35.38649636526995,0.5756435427574171,40.79014227642278,8189.51744814358,101.10515368078494,0
2953,31.69862940556319,0,1,190,0.0,0.005235602094240838,0.9947643979057592,191,5400,3800,1600,0.7037037037037037,70,38,32,212.53968041723232,0.4281183980894645,0.778086282568581,0.12937818130095913,1052300.4011919335,1131.118194451662,1053431.519386385,2951,5,1191.7905759162304,65,126,42,36.85302584834005,0.5597731239092496,42.32954545454544,8167.800247399351,125.6584653446054,8
2954,31.669167715391335,0,0,190,0.0,0.0,1.0,190,5700,4300,1400,0.7543859649122807,71,43,28,214.38258994317164,0.4275660215353198,0.7779890575633823,0.13087532081800662,1052173.674479841,1413.5434810022548,1053587.2179608434,2952,7,1199.036842105263,68,122,41,36.69899951195704,0.5613486842105263,42.22524154589371,8163.51205827756,120.05164791584647,0
2955,31.86496734362163,2,1,191,0.010416666666666666,0.005208333333333333,0.9947916666666666,192,4800,3400,1400,0.7083333333333334,62,34,28,210.80000933706188,0.4290199834569517,0.776928266049902,0.12959731701228852,1060772.495457967,1522.1703894074776,1062294.6658473746,2953,0,1187.5364583333333,71,121,40,36.53122371740956,0.5633138020833333,41.9704861111111,8222.102033759986,115.80425399661952,0
2956,31.991498675891286,0,0,191,0.0,0.0,1.0,191,4550,2800,1750,0.6153846153846154,63,28,35,212.02935399422273,0.4284088821530265,0.7771725635430915,0.13050999366973548,1065342.9840466958,2426.796937939546,1067769.7809846352,2954,1,1194.7539267015707,71,120,40,36.455179952909475,0.5643542757417104,41.92708333333332,8256.139371825047,116.28365312429644,0
2957,31.937319742744076,0,3,188,0.0,0.015706806282722512,0.9842931937172775,191,6150,4600,1550,0.7479674796747967,77,46,31,208.77046494403643,0.42848236428768255,0.7738655773100267,0.12913765885460454,1064998.8308426568,118.06021597532026,1065116.8910586322,2955,2,1195.7539267015707,74,117,41,36.358502742820285,0.5658813263525305,41.75,8247.812823563654,111.45693004815749,0
2958,31.44337437062051,2,0,190,0.010526315789473684,0.0,1.0,190,5600,3900,1700,0.6964285714285714,73,39,34,204.30714640692548,0.4285975355054303,0.7679316083140277,0.1272383888626915,1050506.4088808126,-674.8066638748028,1049831.6022169378,2956,0,1200.4894736842105,64,126,44,36.22520148791072,0.5674890350877193,41.50641025641026,8127.910714713294,126.99860491739521,0
2959,31.821183712765745,1,0,191,0.005235602094240838,0.0,1.0,191,5450,3700,1750,0.6788990825688074,72,37,35,202.21545493715135,0.42931937172774864,0.7672314482333944,0.1267655048866052,1065057.0606588493,-575.8003889690481,1064481.2602698803,2957,0,1195.1989528795812,65,126,45,36.04021787754937,0.5690990401396161,41.272095959595966,8233.028166088538,126.6619717859775,0
2960,31.568536129818195,0,0,191,0.0,0.0,1.0,191,5750,4300,1450,0.7478260869565218,72,43,29,201.81397180049444,0.42908514742353265,0.7669684652632165,0.1271285105255368,1058008.0204239783,-1245.8398402917328,1056762.1805836866,2958,1,1196.1989528795812,67,124,44,35.87491124785517,0.5702988656195462,41.09987745098039,8173.097872703071,121.98653541347866,0
2961,31.711196894682345,0,1,190,0.0,0.005235602094240838,0.9947643979057592,191,5450,3900,1550,0.7155963302752294,70,39,31,200.07253384443294,0.4288348489023606,0.7615428494240186,0.12678572597797386,1064523.6175436557,-1053.612500159572,1063470.0050434961,2959,2,1197.1989528795812,78,113,39,35.70460790799449,0.5792430191972077,40.88871308016879,8216.72903714934,105.34267996345308,8
2962,31.756149447672637,0,0,190,0.0,0.0,1.0,190,4550,3100,1450,0.6813186813186813,60,31,29,202.644929655501,0.4285505430242272,0.7631658271526578,0.1286649864367709,1066595.5446384621,678.0358228265668,1067273.5804612888,2960,3,1204.2473684210527,79,111,39,35.568167545842726,0.5801535087719298,40.820312500000014,8230.548890051132,104.1841631652042,0
2963,31.399808287108755,0,1,189,0.0,0.005263157894736842,0.9947368421052631,190,4400,2900,1500,0.6590909090909091,59,29,30,204.10156249999963,0.42829179430056624,0.7650375939849621,0.12988281250000008,1055274.7641072238,676.6456442206836,1055951.4097514446,2961,4,1205.2473684210527,80,110,39,35.44921875000001,0.581140350877193,40.74074074074075,8140.691037398585,101.75863796748231,0
2964,31.907445026260554,0,0,189,0.0,0.0,1.0,189,5050,3500,1550,0.693069306930693,66,35,31,207.62619328950967,0.42783500318961315,0.7680635606880573,0.13237210835980096,1072877.4926752255,1701.493934030345,1074578.986609256,2962,5,1212.5978835978835,82,107,41,35.29093871493326,0.5819554673721341,40.67520080321286,8274.39177431757,100.90721675997037,0
2965,32.2113323528084,0,0,189,0.0,0.0,1.0,189,4900,3300,1600,0.673469387755102,65,33,32,207.72232987724288,0.4278561109234868,0.7685446486174998,0.13257699700928233,1083413.7887773293,2309.8472851917495,1085723.636062521,2963,6,1213.5978835978835,85,104,42,35.24956607356903,0.5830026455026456,40.63711240310079,8354.424172367842,98.28734320432756,0
2966,31.929845052376912,1,2,188,0.005263157894736842,0.010526315789473684,0.9894736842105263,190,5550,4300,1250,0.7747747747747747,68,43,25,206.18627567294428,0.4282007101086049,0.7686971715166022,0.13225799315968387,1075402.4793889783,796.6464149325338,1076199.125803911,2964,0,1208.2052631578947,69,121,41,35.10997792557763,0.584375,40.461309523809504,8287.03017200153,120.10188655074681,0
2967,31.664671639861712,1,0,189,0.005291005291005291,0.0,1.0,189,4900,3400,1500,0.6938775510204082,64,34,30,203.09548473012157,0.427954613681564,0.7633935381605019,0.13103209385455195,1068134.590392396,686.6624785504491,1068821.2528709464,2965,0,1215.2380952380952,73,116,44,34.98378676204928,0.5859237213403881,40.25900900900899,8224.613191141969,112.66593412523245,0
2968,31.392862695209367,1,0,190,0.005263157894736842,0.0,1.0,190,5700,4100,1600,0.7192982456140351,73,41,32,198.34662270169954,0.4284989093103128,0.7588883059565485,0.1285883401405878,1060337.6681744112,-1637.12091884245,1058700.5472555687,2966,0,1209.8368421052633,77,113,44,34.93560100023978,0.5874451754385965,40.09081196581194,8159.293453180547,105.96485004130581,0
2969,31.510532279593953,0,2,188,0.0,0.010526315789473684,0.9894736842105263,190,6050,4500,1550,0.743801652892562,76,45,31,200.30267325726803,0.4284490160586652,0.7606422598552458,0.1304580019736458,1065625.007196684,-1360.4924737421015,1064264.514722942,2967,1,1210.8368421052633,80,110,40,34.721295060080074,0.5887609649122807,39.93055555555553,8194.926624102669,102.43658280128336,0
2970,31.584921455429882,0,1,187,0.0,0.005319148936170213,0.9946808510638298,188,4600,3500,1100,0.7608695652173914,57,35,22,203.07700125039386,0.4274240764971366,0.7615940403094643,0.13228172961237591,1068176.8084827496,1184.4286143783347,1069361.237097128,2968,3,1224.659574468085,78,110,41,34.64465879132022,0.5892619680851063,39.92616033755272,8214.41179835041,105.31297177372319,0
2971,31.60650733429753,0,0,187,0.0,0.0,1.0,187,5300,3500,1800,0.660377358490566,71,35,36,212.60260814245265,0.426555641807065,0.7715753824919924,0.13563409652908398,1062948.2694945633,2497.1148830103434,1065445.3843775736,2969,4,1231.8930481283423,76,111,40,35.138251351868256,0.5794897504456328,40.65205627705629,8197.082685414234,107.8563511238715,8
2972,31.859846338828852,0,2,185,0.0,0.0106951871657754,0.9893048128342246,187,5000,3500,1500,0.7,65,35,30,209.15780610520704,0.42666824794433905,0.7674980476007482,0.13398674815584222,1072661.9349933641,2471.123403155756,1075133.0583965199,2970,5,1232.8930481283423,70,117,40,35.080143608299906,0.5808266488413547,40.50762910798123,8267.387062718122,118.10552946740175,0
2973,32.116205091902295,0,0,185,0.0,0.0,1.0,185,4650,3300,1350,0.7096774193548387,60,33,27,207.163555751494,0.4261983450842146,0.7629212806207897,0.13314265202022985,1082244.2552365337,3190.3136212856803,1085434.5688578193,2971,6,1241.7945945945946,71,114,40,35.01541833853471,0.5823198198198198,40.393518518518526,8337.575002446412,117.43063383727342,0
2974,31.8859064606679,0,1,184,0.0,0.005405405405405406,0.9945945945945946,185,5350,3500,1850,0.6542056074766355,72,35,37,209.33213291764963,0.42615672737955346,0.765007270833272,0.13509522337898908,1075681.6369762435,2684.9462817171484,1078366.5832579606,2972,7,1242.7945945945946,71,114,39,34.81141621180052,0.5837274774774774,40.24884259259259,8282.401108142803,116.65353673440568,0
2975,32.0593300412074,1,1,184,0.005405405405405406,0.005405405405405406,0.9945945945945946,185,4750,3700,1050,0.7789473684210526,58,37,21,223.06841758315215,0.4263941931061496,0.7762121388984347,0.14274121123586725,1079058.2774349228,6390.7644854819355,1085449.0419204046,2973,0,1243.4972972972973,65,120,38,34.75848845225784,0.5819256756756757,40.54608585858585,8317.91866394266,127.96797944527171,8
2976,32.12730147545411,0,0,184,0.0,0.0,1.0,184,4800,3500,1300,0.7291666666666666,61,35,26,223.11161335652906,0.42570236398194344,0.7755012717280669,0.14359102330124796,1083021.6378275997,6726.9409831491075,1089748.5788107489,2974,1,1251.1630434782608,66,118,40,34.55194798714648,0.583106884057971,40.345149253731336,8342.009669489396,126.39408590135449,0
2977,32.185325050661035,0,0,184,0.0,0.0,1.0,184,5750,4300,1450,0.7478260869565218,72,43,29,226.06334914317588,0.42538558248198305,0.7765639975603382,0.14650079379538297,1086992.4754421194,6595.831898375404,1093588.3073404948,2975,2,1252.1630434782608,69,115,39,34.228874415497664,0.5849184782608696,40.10416666666667,8364.83187514577,121.22944746588072,0
2978,32.014688954101786,0,0,184,0.0,0.0,1.0,184,5900,4300,1600,0.7288135593220338,75,43,32,223.74298786888076,0.4250774629761622,0.7747230168348849,0.14545756533427368,1082145.3359037326,5724.486152694837,1087869.8220564274,2976,3,1253.1630434782608,70,114,36,34.17668246623781,0.5859375,39.99413145539906,8324.007007696468,118.91438582423525,0
2979,32.25226322646758,0,0,184,0.0,0.0,1.0,184,5150,3800,1350,0.7378640776699029,65,38,27,192.39706551540334,0.4251770759087669,0.737024030782794,0.1208376705558672,1080043.8698026089,-390.5457644151538,1079653.3240381938,2977,4,1254.1630434782608,78,106,41,36.226032166573304,0.5786345108695652,41.20516877637134,8346.719018273794,107.00921818299736,8
2980,32.44350218593257,0,0,184,0.0,0.0,1.0,184,5500,4500,1000,0.8181818181818182,65,45,20,194.84724240476598,0.4252309040152055,0.738875402846362,0.12301057467899493,1087987.8968862856,98.288295610977,1088086.1851818967,2978,5,1255.1630434782608,83,101,37,35.97570708038049,0.5800498188405797,41.02182539682541,8402.158973846972,101.23083101020448,0
2981,32.281416037959346,0,1,183,0.0,0.005434782608695652,0.9945652173913043,184,5450,4200,1250,0.7706422018348624,67,42,25,198.42036102475265,0.4249215470816505,0.7447430867426672,0.12576139428978955,1083718.691757726,756.3708135682373,1084475.0625712941,2979,6,1256.1630434782608,84,100,40,35.740931233446844,0.5814085144927537,40.88235294117648,8364.684567483015,99.5795781843216,0
2982,32.02543342647729,0,0,183,0.0,0.0,1.0,183,5550,3900,1650,0.7027027027027027,72,39,33,197.93752387296786,0.424553133569527,0.745149568117385,0.12615791749319383,1076758.7663374823,476.19280347069116,1077234.959140953,2980,7,1263.7704918032787,85,98,44,35.55275623958769,0.5831625683060109,40.68556201550388,8304.657270196883,97.70185023761039,0
2983,32.01949681733396,0,1,182,0.0,0.00546448087431694,0.994535519125683,183,5750,4400,1350,0.7652173913043478,71,44,27,197.30184245279767,0.4243942532876959,0.7446949356390107,0.1263238923908438,1077880.5808398437,183.5649087582433,1078064.145748602,2981,8,1264.7704918032787,73,110,42,35.40700329119873,0.5848702185792349,40.526463963963934,8308.212061288177,113.8111241272353,0
2984,32.159358617830186,1,0,183,0.00546448087431694,0.0,1.0,183,5800,4400,1400,0.7586206896551724,72,44,28,192.1998408408097,0.4249447046578194,0.7362922814277952,0.12365153228414917,1083995.7740538951,-731.2369509466685,1083264.5371029484,2982,0,1261.9617486338798,77,106,45,35.36758906834007,0.5869193989071038,40.357905982905955,8349.923213780028,108.44056121792245,0
2985,32.58386195048301,0,0,183,0.0,0.0,1.0,183,5600,4300,1300,0.7678571428571429,69,43,26,191.81788025222335,0.42475329770411735,0.7350996004772885,0.1236738719256306,1098945.3167713461,-40.52776476278996,1098904.7890065834,2983,1,1262.9617486338798,78,105,43,35.30032069181433,0.5880009107468124,40.28217299578056,8462.609821184838,108.49499770749793,0
2986,32.67861000989636,0,0,183,0.0,0.0,1.0,183,5550,3900,1650,0.7027027027027027,72,39,33,192.36927119571777,0.4244180227786785,0.7367321788608563,0.12421720786059656,1102588.5372726265,270.8306687770996,1102859.3679414035,2984,2,1263.9617486338798,78,105,44,35.23224286415241,0.5891962659380692,40.2294303797468,8488.941136668798,108.83257867524101,0
2987,32.42099079818009,1,0,184,0.005434782608695652,0.0,1.0,184,5150,3500,1650,0.6796116504854369,68,35,33,194.91941955517348,0.42455774332778967,0.7401566206276171,0.12636526579216592,1095061.3137100032,739.743129135567,1095801.0568391387,2985,0,1258.0869565217392,79,105,44,35.02501753419165,0.590240036231884,40.09114583333331,8426.502569302964,106.66458948484764,0
2988,32.77876799877204,0,1,183,0.0,0.005434782608695652,0.9945652173913043,184,4900,3600,1300,0.7346938775510204,62,36,26,193.44876609915372,0.42443647540983603,0.738339621599347,0.12568642688842022,1107792.4463182155,1160.2163668438093,1108952.6626850592,2986,1,1259.0869565217392,81,103,46,34.98587087527279,0.5914855072463768,40.01524390243899,8521.98000333919,105.20962967085418,0
2989,32.51159947990704,0,0,183,0.0,0.0,1.0,183,4400,2900,1500,0.6590909090909091,59,29,30,194.46844532870688,0.4238550611501431,0.737193908385307,0.12673471889912202,1099656.021887323,1769.679394555154,1101425.701281878,2987,2,1266.6284153005465,82,101,42,34.85170173068259,0.5926684881602915,39.90963855421683,8455.953659909464,103.12138609645689,0
2990,32.304596176931504,0,1,182,0.0,0.00546448087431694,0.994535519125683,183,4900,3300,1600,0.673469387755102,65,33,32,195.07399772183106,0.42400643527692705,0.7382959719752931,0.1273140373040955,1093076.2796530726,1146.1519373657125,1094222.4315904384,2988,3,1267.6284153005465,82,101,42,34.78477180625237,0.5936930783242258,39.85943775100398,8403.735812693632,102.48458308162967,0
2991,32.380167468958106,1,0,183,0.00546448087431694,0.0,1.0,183,4550,2900,1650,0.6373626373626373,62,29,33,197.90918772684367,0.4240814968273985,0.7422717767308968,0.12946406938360336,1096307.5460869353,2243.8671889745415,1098551.4132759098,2989,0,1268.6065573770493,84,99,44,34.62940723996107,0.5947745901639344,39.779411764705856,8425.986225929539,100.30935983249451,0
2992,32.70578786917602,0,1,182,0.0,0.00546448087431694,0.994535519125683,183,5000,3200,1800,0.64,68,32,36,199.86517689668736,0.4238550611501431,0.7465069677597178,0.13121264850999875,1108382.7047753583,2705.4210718307195,1111088.125847189,2990,1,1269.6065573770493,85,98,46,34.452637945473136,0.5960268670309654,39.656007751937956,8514.755383479443,100.17359274681698,0
2993,32.20226144479396,0,1,181,0.0,0.005494505494505495,0.9945054945054945,182,5150,3600,1550,0.6990291262135923,67,36,31,202.8116312253482,0.4227657701414607,0.7480290101966525,0.1335427328454153,1092173.8925944052,2751.1137477620587,1094925.0063421673,2991,2,1277.5384615384614,70,112,47,34.27184260928348,0.5970695970695971,39.553990610328654,8386.950486619498,119.81357838027854,0
2994,31.97865327170064,1,0,182,0.005494505494505495,0.0,1.0,182,4950,3900,1050,0.7878787878787878,60,39,21,207.8310172800401,0.4235487118774412,0.761588702646524,0.12844072009744348,1066109.5412908155,2964.1260996856026,1069073.6673905011,2992,0,1276.2692307692307,80,102,43,36.41584491259528,0.570054945054945,41.78240740740742,8257.450862171801,103.21813577714752,8
2995,31.869577266299533,1,0,183,0.00546448087431694,0.0,1.0,183,4600,3700,900,0.8043478260869565,55,37,18,211.9886401281627,0.42420659941151745,0.7593948759294082,0.12863603869557172,1057032.0399963544,3615.7569461452586,1060647.7969424997,2993,0,1270.2896174863388,74,109,41,36.984559246476856,0.565004553734062,42.444444444444464,8208.186678142529,110.92144159652067,8
2996,31.559880641912518,2,1,184,0.010810810810810811,0.005405405405405406,0.9945945945945946,185,5550,4200,1350,0.7567567567567568,69,42,27,208.39805320062507,0.42583480219349784,0.7575263171159976,0.12721376416440403,1048523.8355488303,1152.0652125656302,1049675.900761396,2994,0,1257.545945945946,77,108,38,36.85563672158325,0.5667792792792793,42.227564102564095,8135.267309698105,105.6528222038715,0
2997,31.76400294715196,0,0,184,0.0,0.0,1.0,184,5100,3500,1600,0.6862745098039216,67,35,32,207.8856709576368,0.42557985863625564,0.7561473769635254,0.1271568437778097,1055903.48653146,2001.4409528198994,1057904.92748428,2995,1,1265.2228260869565,78,106,45,36.79429813346969,0.568161231884058,42.15453586497889,8190.204082694544,105.00261644480184,0
2998,32.26919011441747,1,0,185,0.005405405405405406,0.0,1.0,185,4650,2600,2050,0.5591397849462365,67,26,41,204.87593692211038,0.42607961222091656,0.7532898011771261,0.12568612613717067,1073585.5634586923,2340.3696359299893,1075925.9330946223,2996,0,1259.3783783783783,81,104,35,36.762943629140786,0.5697072072072071,42.047764227642254,8323.909736577194,102.76431773552092,0
2999,32.178054784205706,0,2,183,0.0,0.010810810810810811,0.9891891891891892,185,5250,3900,1350,0.7428571428571429,66,39,27,202.00413947902018,0.4259694477085782,0.7502020457441512,0.12442085472317828,1071752.061187001,1049.6705709888356,1072801.7317579899,2997,1,1260.3783783783783,87,98,37,36.68975111600315,0.5711711711711711,41.90340909090906,8305.046241889362,95.46030163091221,0
3000,32.588417584915526,1,0,184,0.005434782608695652,0.0,1.0,184,4750,3400,1350,0.7157894736842105,61,34,27,203.6769753455701,0.4254431228716243,0.7505099234541888,0.12598867510956238,1086714.670216075,2717.751418653361,1089432.4216347283,2998,0,1268.1902173913043,87,97,38,36.48955898305599,0.5727468297101449,41.74952651515149,8415.97427142632,96.73533645317609,0
3001,32.629649524008805,1,0,185,0.005405405405405406,0.0,1.0,185,4500,2900,1600,0.6444444444444445,61,29,32,197.81409845984956,0.42583847434390915,0.7427480106100788,0.12273850414641774,1089019.0373888554,1584.6638173380138,1090603.7012061933,2999,0,1262.3297297297297,75,110,39,36.52851458885944,0.5736486486486487,41.63925438596492,8430.220580147576,112.40294106863435,0
3002,32.585017689303825,0,0,185,0.0,0.0,1.0,185,5500,3800,1700,0.6909090909090909,72,38,34,200.29434164547263,0.42550186055620837,0.7461431732963344,0.12456299822120838,1088221.880392438,1092.9370194803482,1089314.8174119184,3000,1,1263.3297297297297,75,110,38,36.38055084146515,0.5747184684684685,41.55701754385966,8421.369155009788,112.28492206679718,0
3003,32.345590345234925,1,1,185,0.005376344086021506,0.005376344086021506,0.9946236559139785,186,4950,3700,1250,0.7474747474747475,62,37,25,203.634444820474,0.42580342439213403,0.7528451795941684,0.12761135234182508,1082506.9994370942,1937.1423689302187,1084444.1418060244,3001,0,1257.532258064516,78,108,38,36.0159395545589,0.5766689068100359,41.28428270042196,8368.31260764581,107.28605907238219,0
3004,32.625581234129555,0,0,185,0.0,0.0,1.0,185,4950,3700,1250,0.7474747474747475,62,37,25,202.64831569982994,0.4253757833920877,0.7513750056076878,0.12753564939627582,1093156.3261102752,2355.257656572632,1095511.5837668478,3002,1,1265.1297297297297,79,106,41,35.88691254631725,0.5783783783783784,41.13281250000003,8445.692454631973,106.90749942572118,0
3005,32.25407540591978,0,0,185,0.0,0.0,1.0,185,5150,3500,1650,0.6796116504854369,68,35,33,214.05199778375635,0.4254602428515472,0.7668905403326112,0.12821418742825996,1065843.733080242,3479.1960782240967,1069322.9291584662,3003,2,1266.1297297297297,78,107,33,37.416440136089285,0.5612049549549549,42.919303797468324,8291.900160722731,106.30641231695809,8
3006,32.11587687635077,0,0,185,0.0,0.0,1.0,185,4400,2800,1600,0.6363636363636364,60,28,32,215.94283623687951,0.4253451821386604,0.7695315190721705,0.1297323045237935,1062179.9096300923,4474.028455870617,1066653.938085963,3004,3,1267.1297297297297,81,104,35,37.256124666600776,0.5622747747747747,42.80995934959348,8259.883679352057,101.9738725845933,0
3007,32.25149448247135,0,0,185,0.0,0.0,1.0,185,5800,4300,1500,0.7413793103448276,73,43,30,216.41273453417043,0.42542964159811986,0.7701775110399343,0.1304830229973449,1067758.9290285665,3415.3259308698866,1071174.2549594364,3005,4,1268.1297297297297,68,117,36,37.10936736090741,0.5634572072072073,42.678140096618364,8299.014544893193,122.04433154254696,0
3008,32.23686041384316,0,1,184,0.0,0.005405405405405406,0.9945945945945946,185,5650,4200,1450,0.7433628318584071,71,42,29,219.82763126922697,0.4258127692910301,0.7734294294294297,0.1331254288742211,1068606.5236861885,4331.848172155543,1072938.371858344,3006,5,1269.1297297297297,70,115,36,36.85743114909783,0.5650337837837838,42.51760563380281,8300.424006205198,118.57748580293139,0
3009,32.47049455717919,0,1,183,0.0,0.005434782608695652,0.9945652173913043,184,6350,4600,1750,0.7244094488188977,81,46,35,219.1737282561092,0.4256349241704285,0.7715392912691956,0.13344029618505807,1077978.300800506,4102.904633126505,1082081.2054336325,3007,6,1274.445652173913,72,112,35,36.67545778417692,0.5669723731884058,42.323059360730596,8366.897698537985,116.20691247969424,0
3010,32.022237978252114,0,0,183,0.0,0.0,1.0,183,5650,4200,1450,0.7433628318584071,71,42,29,217.70126709940803,0.42486839208150684,0.7677529401202978,0.1331671836474633,1064502.2882281966,4098.699395499576,1068600.9876236962,3008,7,1282.0273224043715,74,109,40,36.53941107819375,0.5685906193078325,42.15277777777778,8256.845112031258,111.57898800042241,0
3011,31.607057358835675,1,0,184,0.005434782608695652,0.0,1.0,184,4800,3100,1700,0.6458333333333334,65,31,34,216.95243594323168,0.4252463718618833,0.7670178799489147,0.1336746595400932,1052836.570179244,4083.091710100895,1056919.661889345,3009,0,1276.054347826087,78,106,33,36.291081311196244,0.5704823369565217,41.890822784810126,8158.071569082387,104.59066114208188,0
3012,31.424600145076603,0,0,184,0.0,0.0,1.0,184,4700,3300,1400,0.7021276595744681,61,33,28,217.00794476143162,0.4252284291597371,0.7675359113570135,0.134028953694894,1047457.3920758956,3961.3151759117172,1051418.7072518072,3010,1,1277.054347826087,82,102,35,36.20167614510927,0.5715579710144927,41.804718875502,8113.683468682968,98.94735937418254,0
3013,30.98046316971988,1,1,184,0.005405405405405406,0.005405405405405406,0.9945945945945946,185,5300,3800,1500,0.7169811320754716,68,38,30,215.50811348023004,0.42584581864473164,0.7666971825977484,0.13388488399549173,1034336.8386703576,2281.596160990745,1036618.4348313484,3011,0,1271.1459459459459,71,114,37,36.025476830337986,0.5737612612612613,41.5943287037037,8005.527382441645,112.75390679495275,0
3014,31.121953566447413,2,1,185,0.010752688172043012,0.005376344086021506,0.9946236559139785,186,4600,3000,1600,0.6521739130434783,62,30,32,213.36830637647378,0.4267509444928799,0.7651428115121968,0.13354551182404498,1041199.9565485659,2631.8142656053315,1043831.7708141712,3012,0,1265.2043010752689,76,110,39,35.809232432055516,0.5754928315412187,41.32846320346322,8050.363557143454,105.92583627820335,0
3015,30.782293695879364,0,0,185,0.0,0.0,1.0,185,5450,4400,1050,0.8073394495412844,65,44,21,211.9873626758452,0.42688258911085003,0.7634499869599716,0.133163795828046,1030865.5723685425,1256.094791946749,1032121.6671604892,3013,1,1263.3081081081082,77,108,40,35.7130033369455,0.5766891891891892,41.19925213675215,7966.480629439751,103.46078739532145,0
3016,30.679354766025988,1,0,186,0.005376344086021506,0.0,1.0,186,5350,3800,1550,0.7102803738317757,69,38,31,205.278032932621,0.42716567373825437,0.7525313868149577,0.12115429002493912,1009500.1771698452,-1104.3578770883887,1008395.8192927568,3014,0,1257.510752688172,76,110,39,38.19982773471146,0.554603494623656,43.46590909090909,7870.300384579968,103.55658400763116,8
3017,30.684759551415162,1,1,186,0.0053475935828877,0.0053475935828877,0.9946524064171123,187,5000,3500,1500,0.7,65,35,30,205.62900841568714,0.4278038928181243,0.7552057078599399,0.12218167143614868,1011645.0361752441,-795.2868685263838,1010849.7493067178,3015,0,1251.7807486631016,79,108,42,37.9359249023883,0.5565953654188949,43.21614583333334,7879.350821789844,99.7386179973398,0
3018,30.612887644774883,2,0,188,0.010638297872340425,0.0,1.0,188,5400,4000,1400,0.7407407407407407,68,40,28,199.77347415897052,0.42761667045928625,0.7507966426406132,0.11971001754873026,1011727.489481697,-2576.7369048216233,1009150.7525768754,3016,0,1246.095744680851,84,104,35,37.76832387943499,0.5591755319148937,42.904411764705884,7870.438356614373,93.69569472159968,0
3019,31.020257199374626,2,0,190,0.010526315789473684,0.0,1.0,190,6500,4500,2000,0.6923076923076923,85,45,40,209.16465055875005,0.4286219019771651,0.7668455118378465,0.12672917063265426,1028418.4644630152,-1478.2422504854535,1026940.2222125297,3017,0,1233.9684210526316,74,116,35,37.11401024811218,0.5617872807017543,42.49999999999999,7987.716228838953,107.94211120052638,0
3020,30.937333363292023,2,0,192,0.010416666666666666,0.0,1.0,192,4950,3300,1650,0.6666666666666666,66,33,33,203.63692021899496,0.4300647178592205,0.7626689045183306,0.12433172361902955,1027897.3731534121,-1486.4289259691009,1026410.9442274431,3018,0,1222.1041666666667,78,114,40,36.971121057118474,0.5636935763888888,42.220464135021075,7975.011435289491,102.24373634986526,0
3021,30.604966668372033,0,0,192,0.0,0.0,1.0,192,4600,3100,1500,0.6739130434782609,61,31,30,210.51299440959212,0.4299630281050029,0.7639251243019609,0.12372544882424368,1005830.6477364887,-651.9156952105832,1005178.7320412782,3019,1,1223.1041666666667,72,120,40,38.22447635479858,0.5514865451388888,43.62157534246574,7846.4531411335365,108.9785158490769,8
3022,30.182980357984682,1,1,192,0.0051813471502590676,0.0051813471502590676,0.9948186528497409,193,4800,3200,1600,0.6666666666666666,64,32,32,216.35237511780622,0.43008779504893496,0.7701154678591886,0.12809918422947567,994086.2425228029,-385.4160716512224,993700.8264511516,3020,0,1217.761658031088,74,119,35,37.79447841694176,0.5534326424870466,43.347222222222214,7746.545750488859,104.68305068228187,0
3023,30.741421333195742,4,1,195,0.02040816326530612,0.00510204081632653,0.9948979591836735,196,5900,4500,1400,0.7627118644067796,73,45,28,214.83254457849785,0.43231892115820686,0.7726609859316045,0.12838557329116884,1015187.5565463967,-1480.9348005421562,1013706.6217458545,3021,0,1200.045918367347,80,116,36,37.48300723912464,0.5560693027210885,43.00411522633744,7900.41877472456,98.755234684057,0
3024,30.981958592215733,1,0,196,0.00510204081632653,0.0,1.0,196,5500,3600,1900,0.6545454545454545,74,36,38,216.9968397394875,0.43244810744810747,0.7750798470360309,0.1302477598710928,1024413.0708722734,-241.12020657862558,1024171.9506656948,3022,0,1200.938775510204,84,112,37,37.26291460160122,0.5580357142857143,42.84313725490196,7967.223273272733,94.84789611038968,0
3025,30.934372555217944,0,0,196,0.0,0.0,1.0,196,5150,3900,1250,0.7572815533980582,64,39,25,216.78121482976678,0.43237724577010295,0.7760655927370226,0.13042288565467572,1023522.1736914158,26.076043605801715,1023548.2497350216,3023,1,1201.938775510204,84,112,38,37.18081558763276,0.559311224489796,42.75735294117647,7957.6398812080915,94.73380810962014,0
3026,31.223841614322442,0,1,195,0.0,0.00510204081632653,0.9948979591836735,196,4850,3400,1450,0.7010309278350515,63,34,29,217.56007453563544,0.43264652014652016,0.776969484277936,0.13162276557003774,1034737.8936756544,973.5306545844151,1035711.4243302388,3024,2,1202.938775510204,73,123,38,36.95248282209709,0.5611181972789115,42.553490990990994,8038.469021457542,110.11601399256907,0
3027,31.369926694085855,0,0,195,0.0,0.0,1.0,195,5100,3400,1700,0.6666666666666666,68,34,34,219.3175942872413,0.4323145211031809,0.7768639095790257,0.13328645933288882,1040908.8230295838,1557.9237878425838,1042466.7468174264,3025,3,1210.0410256410257,74,121,37,36.73902397383364,0.5620192307692308,42.3888888888889,8081.241671137594,109.2059685288864,0
3028,31.343987245884467,1,2,194,0.00510204081632653,0.01020408163265306,0.9897959183673469,196,5650,3800,1850,0.672566371681416,75,38,37,216.85015219021733,0.4328907203907204,0.7752293057843396,0.13242440817587672,1041464.440363788,318.3444787174303,1041782.7848425055,3026,0,1204.8622448979593,79,117,40,36.6234383944506,0.5636692176870748,42.213541666666664,8080.055462161727,102.27918306533832,0
3029,31.785433102061166,4,2,196,0.020202020202020204,0.010101010101010102,0.98989898989899,198,5500,4300,1200,0.7818181818181819,67,43,24,214.8561159379467,0.4350217487907843,0.7766806160599371,0.1323707713996655,1058750.9423455398,395.82304360051967,1059146.7653891402,3027,0,1189.520202020202,86,112,40,36.348595197229045,0.5662878787878788,41.89415708812259,8204.006003126546,95.39541864100634,0
3030,31.856170889934234,2,1,197,0.010101010101010102,0.005050505050505051,0.9949494949494949,198,5700,3500,2200,0.6140350877192983,79,35,44,218.55085526469406,0.43490851834760463,0.781514563628126,0.13536753371362067,1062686.2589777743,1150.1981555258944,1063836.4571333001,3028,0,1190.5050505050506,87,111,42,36.05705703985458,0.5678661616161615,41.70217803030301,8228.379557164417,94.57907536970595,0
3031,31.809999099467472,0,0,197,0.0,0.0,1.0,197,5000,3300,1700,0.66,67,33,34,219.4392470351063,0.4346597776166304,0.7819026767728745,0.13610959893119867,1061561.8785139692,2189.6678604556046,1063751.5463744248,3029,1,1197.48730964467,68,129,42,35.982391554179074,0.5686865482233503,41.651570048309175,8218.063324112116,120.85387241341347,0
3032,32.27630477346492,0,0,197,0.0,0.0,1.0,197,5900,3900,2000,0.6610169491525424,79,39,40,179.34987393415145,0.4345723695569598,0.7415557058770699,0.10800943943186678,1068222.7849565432,-6982.875636891445,1061239.9093196518,3030,2,1198.48730964467,80,117,48,38.10690126295445,0.5567364636209814,42.72119341563784,8304.009173070159,103.80011466337699,8
3033,32.28891234422404,1,1,197,0.005050505050505051,0.005050505050505051,0.9949494949494949,198,4700,3100,1600,0.6595744680851063,63,31,32,178.26892262447083,0.43504097660189034,0.7415808807082249,0.10785181362484084,1070033.6480317842,-6149.250878688494,1063884.3971530958,3031,0,1193.4292929292928,73,125,49,37.96401981154428,0.5581860269360269,42.55349099099098,8312.66776271835,113.87216113312809,0
3034,32.20036718026527,3,1,199,0.015,0.005,0.995,200,5900,4300,1600,0.7288135593220338,75,43,32,175.64845574151113,0.435642797319933,0.7412725745485094,0.1069613741996259,1069068.852978061,-8343.941378611096,1060724.9115994498,3032,0,1182.465,76,124,50,37.78983795324094,0.5602083333333333,42.31601731601731,8297.518858897341,109.17787972233344,0
3035,31.78003626732663,2,0,201,0.009950248756218905,0.0,1.0,201,5300,4100,1200,0.7735849056603774,65,41,24,172.95260918203223,0.43580016583747927,0.7374174026589444,0.10573123230668134,1056273.0525935635,-8962.963909054783,1047310.0886845087,3033,0,1177.5024875621891,79,122,56,37.715319512482544,0.5616708126036485,42.17447916666666,8193.704402725687,103.71777724969225,0
3036,31.65739576708243,1,0,202,0.0049504950495049506,0.0,1.0,202,5650,4000,1650,0.7079646017699115,73,40,33,170.4417205080378,0.4363306200022987,0.7348752270974264,0.10446608404893126,1052961.4163348668,-10156.28891426122,1042805.1274206055,3034,0,1172.6683168316831,82,120,35,37.68480447017984,0.5631703795379538,42.08082329317267,8165.0494529280495,99.57377381619573,0
3037,31.848206383644253,1,2,201,0.0049261083743842365,0.009852216748768473,0.9901477832512315,203,4650,3200,1450,0.6881720430107527,61,32,29,172.70953963448403,0.4365225007722447,0.740177544632362,0.10647540649070097,1061038.7304307001,-8599.697866591545,1052439.0325641085,3035,0,1167.8866995073893,86,117,37,37.41206302085748,0.5649630541871922,41.87021072796932,8220.970802502163,95.59268375002515,0
3038,32.328727330359385,1,3,199,0.0049504950495049506,0.01485148514851485,0.9851485148514851,202,5400,3900,1500,0.7222222222222222,69,39,30,176.36645992788374,0.4361746342544702,0.7441392789785337,0.10931114044323151,1078647.9131065297,-7752.537211360693,1070895.375895169,3036,0,1174.6435643564357,87,115,43,37.122579006858196,0.5664707095709571,41.67850378787877,8351.205214612071,95.99086453577094,0
3039,31.994484178906134,0,0,199,0.0,0.0,1.0,199,6400,4500,1900,0.703125,83,45,38,178.79519260455464,0.43479180413853785,0.7456653160786411,0.11110759925399778,1068273.5411212558,-7999.565292174848,1060273.975829081,3037,1,1193.2361809045226,75,124,41,36.96408366040804,0.5674204355108878,41.584429824561425,8267.872871561136,110.23830495414848,0
3040,32.12206144689641,1,0,200,0.005,0.0,1.0,200,5800,4300,1500,0.7413793103448276,73,43,30,178.74481641589796,0.4353491415410385,0.7466783722371393,0.11165208467991836,1074068.2760611975,-7403.172635459989,1066665.1034257375,3038,0,1188.265,77,123,47,36.77722405839011,0.5691145833333333,41.39957264957267,8306.778817544153,107.8802443836903,0
3041,31.77155774086385,0,1,199,0.0,0.005,0.995,200,6500,4700,1800,0.7230769230769231,83,47,36,182.76222335112882,0.43527219430485764,0.7516408668730643,0.11484863451831712,1064104.7623462307,-7604.369551015419,1056500.3927952154,3039,1,1189.265,77,123,45,36.455753353973165,0.5708333333333333,41.18589743589746,8222.9272037653,106.79126238656235,0
3042,31.29444548638164,0,0,199,0.0,0.0,1.0,199,6650,4900,1750,0.7368421052631579,84,49,35,186.5683110655748,0.4350276212713398,0.7559999590621134,0.11774426829459879,1049357.7713438498,-7294.618579368105,1042063.1527644817,3040,2,1195.8090452261306,78,121,36,36.202265784114104,0.5721838358458962,41.03375527426163,8104.205028382647,103.90006446644419,0
3043,30.949231009098746,0,0,199,0.0,0.0,1.0,199,5550,4100,1450,0.7387387387387387,70,41,29,187.75914825999894,0.43482141346462955,0.7573893293721021,0.11883154387991514,1038584.6668287991,-6349.245512065734,1032235.4213167334,3041,3,1196.8090452261306,80,119,38,36.06943410275503,0.5733354271356783,40.93364197530866,8017.904561192099,100.22380701490124,0
3044,31.17537254966457,0,1,198,0.0,0.005025125628140704,0.9949748743718593,199,5050,3500,1550,0.693069306930693,66,35,31,192.48725858763257,0.434567619240986,0.7628999067186406,0.12232713350366119,1047348.827681664,-4529.739074916821,1042819.0886067472,3042,4,1197.8090452261306,82,117,41,35.79865482069658,0.5745917085427136,40.78815261044179,8081.0259116563375,98.54909648361387,0
3045,31.31784110477117,1,1,198,0.005025125628140704,0.005025125628140704,0.9949748743718593,199,5750,4300,1450,0.7478260869565218,72,43,29,190.62658270624596,0.4350445408862494,0.7612644766469765,0.12196239104838064,1054055.963309984,-5363.782746615657,1048692.1805633684,3043,0,1186.6281407035176,70,129,41,35.605867827791606,0.5767378559463987,40.55164319248825,8125.362413391597,116.07660590559425,0
3046,31.63677442243786,1,2,197,0.005025125628140704,0.010050251256281407,0.9899497487437185,199,5250,3400,1850,0.6476190476190476,71,34,37,189.66689262861533,0.43560288817826504,0.7605256727612713,0.12212164636370149,1066615.2585429847,-4589.679656377217,1062025.5788866074,3044,0,1187.5979899497488,73,126,45,35.40430015720714,0.5783605527638191,40.32939189189187,8215.140452853431,112.53617058703331,0
3047,31.465521788225562,0,1,196,0.0,0.005076142131979695,0.9949238578680203,197,5250,4000,1250,0.7619047619047619,65,40,25,189.5054139706735,0.43433172761490385,0.7579096063844548,0.12246190196928347,1061876.9648355765,-4403.713238582539,1057473.251596994,3045,1,1200.3908629441623,73,124,45,35.279403265424065,0.5794204737732657,40.20270270270269,8174.657518630185,111.9816098442491,0
3048,31.285799263659293,0,0,196,0.0,0.0,1.0,196,5050,3000,2050,0.594059405940594,71,30,41,208.0774110383037,0.4342180141287284,0.7758067510712938,0.1265016885749086,1038224.6054481615,-1043.7824044164595,1037180.823043745,3046,2,1205.1938775510205,71,125,37,37.014996443346234,0.558939200680272,42.3755787037037,8059.985930092314,113.5209285928495,8
3049,31.544499318488743,2,0,198,0.010101010101010102,0.0,1.0,198,5350,3500,1850,0.6542056074766355,72,35,37,212.9158987927221,0.43491385940624516,0.7828865599242187,0.13052908444958336,1049273.9813070346,-268.5774380388889,1049005.4038689958,3047,0,1194.010101010101,76,122,34,36.58082450435332,0.5613425925925926,42.07251082251083,8136.193506578832,107.05517771814253,0
3050,31.993033723484952,0,1,197,0.0,0.005050505050505051,0.9949494949494949,198,4900,3200,1700,0.6530612244897959,66,32,34,212.39330018109456,0.4348065041275701,0.7839000192743124,0.1306972449759536,1065310.3323623424,752.9554414913873,1066063.2878038338,3048,1,1195.010101010101,76,122,36,36.456149087859096,0.5623421717171717,41.93722943722944,8256.210921390686,108.63435422882482,0
3051,32.169821287576426,0,0,197,0.0,0.0,1.0,197,4800,3000,1800,0.625,66,30,36,216.27733558453662,0.43411806346904247,0.7862682878676528,0.13318718554815331,1071421.667933116,2144.8447256228233,1073566.5126587388,3049,2,1202.0558375634519,76,121,36,36.32827515113393,0.5633989001692048,41.91017316017316,8302.703605578774,109.24610007340492,0
3052,31.86768381869036,1,1,197,0.005050505050505051,0.005050505050505051,0.9949494949494949,198,5200,3200,2000,0.6153846153846154,72,32,40,214.3968349096769,0.434466278692167,0.7862257598115943,0.13264417692372857,1062735.260665397,769.4152467142567,1063504.6759121113,3050,0,1196.979797979798,81,117,37,36.20593539924576,0.5651304713804715,41.74288617886178,8230.056047179542,101.6056302120931,0
3053,31.941927204069184,1,0,198,0.005050505050505051,0.0,1.0,198,6050,4100,1950,0.6776859504132231,80,41,39,214.76082623195694,0.4350228170025124,0.7861369620662295,0.13373084258174212,1067123.295585128,185.25613024613085,1067308.5517153742,3051,0,1197.3383838383838,66,132,37,35.95986707566461,0.5668139730639731,41.51119402985074,8256.630623365263,125.10046399038278,0
3054,31.876498921726952,2,0,200,0.01,0.0,1.0,200,5450,4100,1350,0.7522935779816514,68,41,27,206.6443666432212,0.43621388190954774,0.7792633349881404,0.12940434275906554,1066596.44445513,-1368.770654331779,1065227.6738007981,3052,0,1186.355,72,128,39,35.96424697078342,0.5686979166666667,41.3099315068493,8246.133689383365,114.52963457476896,0
3055,31.652332904112058,2,1,201,0.009900990099009901,0.0049504950495049506,0.995049504950495,202,5150,3300,1850,0.6407766990291263,70,33,37,202.53049495701663,0.4371510845114362,0.7772903973515204,0.12758942063175902,1060838.1980346811,-2579.582936545302,1058258.6150981358,3053,0,1175.59900990099,74,128,47,35.853651449314235,0.5701320132013201,41.09722222222222,8194.87691202157,110.74157989218337,0
3056,32.11388576079111,1,3,199,0.0049504950495049506,0.01485148514851485,0.9851485148514851,202,5400,4000,1400,0.7407407407407407,68,40,28,199.5939765917577,0.43717263517396515,0.773462372961655,0.12619966752961315,1077383.4007573533,-2792.152545777662,1074591.2482115757,3054,0,1175.990099009901,78,124,39,35.79770085687625,0.5713696369636964,40.967827004219416,8318.529611955986,106.64781553789726,0
3057,32.24057822900272,0,1,198,0.0,0.005025125628140704,0.9949748743718593,199,6150,4600,1550,0.7479674796747967,77,46,31,201.28749070039288,0.4354960831091484,0.7719504740195822,0.12744704045651542,1082043.2369736286,-2389.64640004942,1079653.5905735793,3055,2,1194.5477386934674,77,122,39,35.70382302405498,0.5721838358458962,40.91880341880343,8352.927586039723,108.47957903947692,0
3058,32.15121296658105,1,1,198,0.005025125628140704,0.005025125628140704,0.9949748743718593,199,5800,3800,2000,0.6551724137931034,78,38,40,203.13233073351017,0.4356769114934944,0.7746389492024517,0.12945217172985207,1080949.8558095125,-1684.827276672197,1079265.0285328403,3056,0,1195.4020100502512,79,120,41,35.42268181437778,0.5740159128978224,40.690104166666686,8337.127685279494,105.53326183898095,0
3059,32.071916976178535,1,0,199,0.005025125628140704,0.0,1.0,199,6050,4500,1550,0.743801652892562,76,45,31,201.5047245416195,0.4353871630881681,0.7738347602653348,0.12892605036268381,1079444.4075391386,-2347.3704001668534,1077097.0371389717,3057,0,1196.3768844221106,69,130,42,35.32256715419173,0.5754815745393635,40.550595238095234,8321.039769042744,120.59477926148904,0
3060,32.35441411646042,0,0,199,0.0,0.0,1.0,199,5250,3500,1750,0.6666666666666666,70,35,35,200.1723920653337,0.43535226638241714,0.7726144145633496,0.12844576670394667,1089805.877278958,-1420.1901316423473,1088385.6871473156,3058,1,1197.3768844221106,70,129,42,35.25344808094514,0.5764237855946399,40.448943661971825,8397.622361125294,119.96603373036133,0
3061,32.62601582772848,1,0,200,0.005,0.0,1.0,200,5050,3600,1450,0.7128712871287128,65,36,29,255.69681712797927,0.43575638609715245,0.8217041979427306,0.15884999157328866,1089272.2804872892,10654.691021267132,1099926.9715085563,3059,0,1192.385,57,143,36,34.98748957464554,0.56640625,41.5948275862069,8430.731245139319,147.9075657041986,8
3062,32.2913364695127,1,0,201,0.004975124378109453,0.0,1.0,201,5150,3600,1550,0.6990291262135923,67,36,31,251.10035401647986,0.436601368159204,0.818925709539992,0.15687556770732553,1079779.530035411,8876.604450327985,1088656.134485739,3060,0,1187.44776119403,60,141,37,34.899822812114834,0.5681488391376451,41.39344262295082,8350.751357484636,139.1791892914106,0
3063,32.29134692917551,0,0,201,0.0,0.0,1.0,201,6000,4100,1900,0.6833333333333333,79,41,38,218.78062024524183,0.4362157960199005,0.7859464527850317,0.13360083241360005,1072936.7349444553,747.55287101042,1073684.2878154658,3061,1,1188.44776119403,77,124,41,36.57435588595901,0.5612562189054726,42.2142094017094,8324.25039762118,108.10714802105427,8
3064,32.31984279248934,1,0,202,0.0049504950495049506,0.0,1.0,202,6300,3700,2600,0.5873015873015873,89,37,52,217.7834861915608,0.4366461832750439,0.7869008281809384,0.13366562665511816,1075408.4448682917,141.2400406523834,1075549.6849089442,3062,0,1183.5594059405942,79,123,36,36.41311662965206,0.5629125412541254,42.03125000000001,8337.509445375006,105.53809424525325,0
3065,32.330867935736144,1,0,203,0.0049261083743842365,0.0,1.0,203,5600,4400,1200,0.7857142857142857,68,44,24,219.2885617628315,0.43749187110829313,0.790614123404056,0.1351175880559965,1076954.685714059,1032.7688227955214,1077987.4545368545,3063,0,1178.7241379310344,83,120,39,36.229821274142395,0.5641933497536946,41.88988095238094,8344.924171805682,100.54125508199617,0
3066,32.800239541487905,0,0,203,0.0,0.0,1.0,203,5900,4300,1600,0.7288135593220338,75,43,32,221.6375501433884,0.43758332113999576,0.7875323866605886,0.1261195799818384,1067750.7140731877,830.7304862067576,1068581.4445593944,3064,1,1179.7241379310344,84,119,41,39.185397755471215,0.5333025451559934,44.840686274509785,8369.286611437694,99.63436442187731,8
3067,33.15234956587846,3,2,204,0.014563106796116505,0.009708737864077669,0.9902912621359223,206,6100,4800,1300,0.7868852459016393,74,48,26,210.00322713765598,0.43959073328597364,0.7794431650683271,0.12082475089280746,1082761.009672574,-1823.3387499862583,1080937.6709225876,3065,0,1163.5291262135922,75,131,44,39.05437201694643,0.5361043689320388,44.421600877193,8473.024429206951,112.97365905609269,0
3068,33.5698192863342,4,1,207,0.019230769230769232,0.004807692307692308,0.9951923076923077,208,4850,3300,1550,0.6804123711340206,64,33,31,205.68761583409668,0.4415330228849251,0.7783255392250417,0.11957892265023298,1099762.5782193807,-1208.4914604989217,1098554.0867588818,3066,0,1152.5625,81,127,39,38.76447477253931,0.5390124198717949,44.02947154471547,8592.88438287143,106.08499238112877,0
3069,33.00264644333486,1,1,207,0.004807692307692308,0.004807692307692308,0.9951923076923077,208,5650,4100,1550,0.7256637168141593,72,41,31,205.7735558655702,0.44161915102811844,0.7796474756337115,0.12023830060936722,1082792.036412432,-2688.006480897864,1080104.0299315343,3067,0,1153.5576923076924,81,127,41,38.56780519051163,0.5407151442307692,43.838922764227675,8453.993464556079,104.37028968587752,0
3070,32.89063316630392,4,0,211,0.018957345971563982,0.0,1.0,211,6100,4300,1800,0.7049180327868853,79,43,36,200.86800835559055,0.4421941999548635,0.7781852539670375,0.11893110946500926,1083263.6655060241,-4781.39699716598,1078482.2685088583,3068,0,1135.4123222748815,74,137,42,38.19188899110699,0.543937598736177,43.3472222222222,8441.472365001755,114.07395087840209,0
3071,33.073971589366266,2,0,213,0.009389671361502348,0.0,1.0,213,6750,4800,1950,0.7111111111111111,87,48,39,198.50880036612716,0.4428711946732808,0.7778109706272582,0.11829353419587316,1091325.2879193756,-6022.465257181839,1085302.8226621938,3069,0,1125.7417840375588,77,136,48,38.00946142649198,0.5459702660406887,43.10897435897432,8496.406483614352,110.34294134564092,0
3072,33.44331664077848,0,2,211,0.0,0.009389671361502348,0.9906103286384976,213,4600,3300,1300,0.717391304347826,59,33,26,201.98897470825898,0.4427641583252133,0.7801654994609599,0.12077205812924324,1104575.7434313202,-2577.5756193396955,1101998.1678119805,3070,1,1126.7417840375588,78,135,39,37.79381712155416,0.5469972613458529,42.9852320675105,8595.426265322318,110.1977726323374,0
3073,33.74893488434931,0,0,211,0.0,0.0,1.0,211,5800,4500,1300,0.7758620689655172,71,45,26,209.0062540057365,0.44233901301436845,0.7851659998769025,0.12518265057904104,1115218.259746357,-1382.4818263240732,1113835.777920033,3071,3,1138.4123222748815,77,134,39,37.54891774891774,0.5478376777251185,42.9220085470085,8676.108393746203,112.67673238631431,0
3074,33.46399016194179,2,0,213,0.009389671361502348,0.0,1.0,213,6950,4600,2350,0.6618705035971223,93,46,47,207.95285800991851,0.44349311276463815,0.7836145010900177,0.11986876124311585,1093543.4797649018,-4068.901604955352,1089474.5781599465,3072,0,1128.7136150234742,77,136,39,39.0346667189051,0.5358470266040689,44.35096153846155,8555.03690798682,111.10437542840026,8
3075,32.96571832806201,6,3,216,0.0273972602739726,0.0136986301369863,0.9863013698630136,219,5900,4200,1700,0.711864406779661,76,42,34,197.02199795266898,0.4457492005641434,0.7770314565021279,0.11487086130633342,1080882.6594810197,-7108.467775330848,1073774.1917056888,3073,0,1098.7625570776256,84,135,40,38.87626020929044,0.5387652207001522,43.921568627450995,8441.80943851945,100.49773141094585,0
3076,32.68596293756119,2,2,216,0.009174311926605505,0.009174311926605505,0.9908256880733946,218,6550,4900,1650,0.7480916030534351,82,49,33,200.3855660502654,0.44603529855268537,0.781953894648586,0.11754575987897013,1073618.2175379186,-7122.481151357457,1066495.736386561,3074,0,1104.7293577981652,73,145,44,38.55768526654951,0.5404720948012233,43.693693693693696,8377.61842859114,114.76189628207041,0
3077,33.01453029979287,1,0,217,0.004608294930875576,0.0,1.0,217,5350,3800,1550,0.7102803738317757,69,38,31,198.6692578097662,0.44536717016555727,0.7783527751344526,0.11729650700823196,1086453.4018955193,-5581.021800104221,1080872.380095415,3075,0,1110.73732718894,76,141,46,38.35556844547566,0.5421466973886329,43.452380952380956,8469.799142387345,111.44472555772822,0
3078,32.53835418581159,0,2,215,0.0,0.009216589861751152,0.9907834101382489,217,5950,4200,1750,0.7058823529411765,77,42,35,201.52741020793994,0.4452782755874154,0.7832712215320903,0.1194621246077991,1072025.8044367747,-6141.483191154875,1065884.3212456198,3076,1,1111.73732718894,76,141,44,38.13043478260869,0.5438268049155146,43.303571428571416,8352.479311090001,109.9010435669737,0
3079,32.42141835145183,0,1,214,0.0,0.004651162790697674,0.9953488372093023,215,7100,5200,1900,0.7323943661971831,90,52,38,204.9731718690904,0.4447719698616243,0.7852112659026775,0.12205739900093052,1069570.8703760756,-6253.333232046749,1063317.5371440288,3077,2,1122.9813953488372,77,138,41,37.87065439672797,0.5452034883720931,43.13568376068373,8327.905456354427,108.15461631629125,0
3080,32.4721397798049,0,0,214,0.0,0.0,1.0,214,6100,4300,1800,0.7049180327868853,79,43,36,203.2906717824834,0.44452214324367806,0.782919843261169,0.12134719047052345,1071985.0280242083,-5315.088702439105,1066669.9393217692,3078,3,1129.1869158878505,79,135,37,37.82325766021417,0.5465342679127726,43.04687499999998,8343.817791857626,105.617946732375,0
3081,32.504531812454,2,0,216,0.009259259259259259,0.0,1.0,216,5650,3500,2150,0.6194690265486725,78,35,43,201.7398202097557,0.44597150445018663,0.7840832280580017,0.12120358063789154,1075044.2695634693,-5474.152468148059,1069570.1170953212,3079,0,1119.7222222222222,82,134,40,37.6201629824818,0.5486111111111112,42.808734939759,8359.88165703579,101.94977630531451,0
3082,31.9908963770109,0,1,215,0.0,0.004629629629629629,0.9953703703703703,216,5900,3900,2000,0.6610169491525424,79,39,40,203.403157008061,0.4457651449899512,0.786405558262637,0.12263486612018211,1059120.8810430577,-6014.293828536674,1053106.587214521,3080,1,1120.7222222222222,71,145,42,37.44541587016004,0.5500578703703703,42.679398148148145,8231.916709512667,115.94248886637558,0
3083,31.673586345293256,1,2,214,0.004629629629629629,0.009259259259259259,0.9907407407407407,216,5700,4200,1500,0.7368421052631579,72,42,30,207.34344410479198,0.44553500933103646,0.7955904300259633,0.12423368248872732,1046752.5213748676,-5492.545418552092,1041259.9759563155,3081,0,1121.4027777777778,72,144,39,37.57747312723169,0.5499131944444444,42.908105022831045,8143.022334234413,113.0975324199224,8
3084,32.13904539278259,1,2,213,0.004651162790697674,0.009302325581395349,0.9906976744186047,215,6950,5000,1950,0.7194244604316546,89,50,39,205.3523300771629,0.4456250452800116,0.7931081400925184,0.12348116560583491,1063219.7485346037,-6283.069450872843,1056936.6790837308,3082,0,1125.1627906976744,75,140,42,37.49472700307279,0.5520348837209302,42.77686403508771,8266.906042850183,110.22541390466911,0
3085,31.996365303315926,3,1,215,0.013888888888888888,0.004629629629629629,0.9953703703703703,216,6750,4900,1850,0.725925925925926,86,49,37,205.00105543148268,0.44672920255526843,0.7946637722456469,0.12466397164331815,1061883.2314839116,-6412.563360160826,1055470.6681237507,3083,0,1111.7916666666667,69,147,43,37.08454870136121,0.5550250771604939,42.36607142857144,8243.349293099851,119.46883033478045,0
3086,31.646088919966086,2,1,216,0.009216589861751152,0.004608294930875576,0.9953917050691244,217,5550,4100,1450,0.7387387387387387,70,41,29,198.8191341854836,0.44687748904818797,0.7877696563325545,0.12165943873866814,1052101.1484314553,-7114.432118660951,1044986.7163127942,3084,0,1107.6405529953918,76,141,46,37.01340433345573,0.5569796466973886,42.14015151515152,8160.255694040519,107.37178544790157,0
3087,31.515628592110534,3,2,217,0.0136986301369863,0.0091324200913242,0.9908675799086758,219,5450,3900,1550,0.7155963302752294,70,39,31,194.05205685411354,0.4473611634759052,0.7842573616654076,0.119634035050837,1049961.112685386,-8500.577293313421,1041460.5353920726,3085,0,1098.4885844748858,81,138,38,36.86085137795275,0.5593131659056316,41.86991869918699,8135.131770727716,100.4337255645397,0
3088,31.832821283209846,3,1,219,0.013636363636363636,0.004545454545454545,0.9954545454545455,220,5800,3800,2000,0.6551724137931034,78,38,40,192.18262226846997,0.4481341670125916,0.7832111436950133,0.11915322580645167,1062199.3490682193,-8972.7487448414,1053226.6003233779,3086,0,1094.2363636363636,81,139,43,36.701948924731184,0.5614109848484848,41.66666666666667,8223.478831495891,101.5244300184678,0
3089,31.763935580936575,1,1,219,0.004545454545454545,0.004545454545454545,0.9954545454545455,220,6050,4400,1650,0.7272727272727273,77,44,33,188.33561524826646,0.4480952504497025,0.7789206925848877,0.11758660243770082,1061953.180590372,-10049.278873731644,1051903.9017166405,3087,0,1095.0045454545455,74,146,42,36.54662154903856,0.5635890151515152,41.41666666666668,8213.624342303878,110.994923544647,0
3090,31.54835872926435,0,0,219,0.0,0.0,1.0,219,6800,4900,1900,0.7205882352941176,87,49,38,187.94566778066834,0.4479747043134626,0.7779466243790465,0.11803139965477624,1056446.1137456642,-10889.105935555566,1045557.0078101087,3088,1,1100.9771689497718,74,145,43,36.34445607255944,0.5651160578386606,41.20833333333335,8164.452336144243,110.33043697492221,0
3091,31.07169985359117,0,2,217,0.0,0.0091324200913242,0.9908675799086758,219,6500,4100,2400,0.6307692307692307,89,41,48,190.06530497748696,0.4476928071718822,0.7808458423805682,0.11998943994485868,1041979.4629399832,-10691.171119206652,1031288.2918207765,3089,2,1101.9771689497718,75,144,36,36.10021390138489,0.5668283866057839,41.022478070175445,8046.871830230345,107.29162440307127,0
3092,31.085678047906733,0,0,217,0.0,0.0,1.0,217,6350,4400,1950,0.6929133858267716,83,44,39,191.06306213877733,0.4470232761563407,0.7799808661438534,0.12100660602122608,1043361.2394385259,-9880.441335192976,1033480.7981033329,3090,3,1112.2027649769586,76,141,38,35.958820662768005,0.5682603686635945,40.90909090909092,8054.016585139499,105.97390243604603,0
3093,30.838196587289854,0,1,216,0.0,0.004608294930875576,0.9953917050691244,217,6200,4500,1700,0.7258064516129032,79,45,34,191.9988091300963,0.4467139230244069,0.7807451497918716,0.12213644661576643,1036297.4818896366,-9806.423514534199,1026491.0583751024,3091,4,1113.2027649769586,80,137,39,35.77610083172114,0.5695084485407066,40.75360082304529,7994.691422366006,99.93364277957508,0
3094,30.821338111872276,0,2,214,0.0,0.009259259259259259,0.9907407407407407,216,6150,4700,1450,0.7642276422764228,76,47,29,194.99685488943672,0.44656097473442435,0.7827420794288256,0.12449799196787165,1036758.780530708,-8917.05970350066,1027841.7208272073,3092,5,1119.0925925925926,81,135,41,35.56726907630523,0.5706983024691358,40.625000000000014,7994.2845727669055,98.69487126872723,0
3095,30.74803670110809,0,0,214,0.0,0.0,1.0,214,5850,3900,1950,0.6666666666666666,78,39,39,197.85369318654986,0.44580417343103274,0.7847457309092956,0.12647823787978682,1034639.2679302059,-7708.559944836212,1026930.7079853697,3093,6,1130.4859813084113,71,143,38,35.44890831520827,0.5713103582554517,40.581597222222214,7976.606569553938,112.34657140216814,0
3096,30.556659018790164,0,1,213,0.0,0.004672897196261682,0.9953271028037384,214,6650,4700,1950,0.706766917293233,86,47,39,195.30417772305242,0.4457671522384567,0.7827967203664965,0.1254069289431709,1029439.5127619597,-9239.232488881342,1020200.2802730784,3094,7,1131.4859813084113,72,142,44,35.35562457625567,0.5727219626168225,40.42522831050227,7931.737788396255,110.16302483883688,0
3097,30.66182271685132,1,0,214,0.004672897196261682,0.0,1.0,214,5850,4200,1650,0.717948717948718,75,42,33,195.93904279775504,0.4456903675427435,0.7828458226252895,0.12649802959773554,1034488.1672763242,-8110.675743654791,1026377.4915326694,3095,0,1131.7429906542056,74,140,48,35.14632233688003,0.5743769470404985,40.2361111111111,7964.834309350942,107.63289607231003,0
3098,30.697852291669964,0,1,213,0.0,0.004672897196261682,0.9953271028037384,214,5600,3800,1800,0.6785714285714286,74,38,36,195.60515666696918,0.44547509616369035,0.7818846559886405,0.12705524140259833,1037395.5547509575,-7816.0159974645285,1029579.538753493,3096,1,1132.7429906542056,77,137,37,34.9387745929008,0.5757885514018692,40.024038461538446,7980.703666692525,103.64550216483799,0
3099,30.412850473327644,1,1,213,0.004672897196261682,0.004672897196261682,0.9953271028037384,214,6150,4100,2050,0.6666666666666666,82,41,41,194.82088959294262,0.4454239063665482,0.781339476530716,0.12701508128291802,1028778.1923657303,-8864.503473897952,1019913.6888918324,3097,0,1133.4392523364486,79,135,40,34.82846081965024,0.5774435358255452,39.89583333333332,7910.509128322796,100.13302694079488,0
3100,30.678135979272188,0,0,213,0.0,0.0,1.0,213,5950,3800,2150,0.6386554621848739,81,38,43,195.98599610535084,0.4450294534502613,0.7824791158911937,0.12819965638512087,1038667.6016960706,-7837.139091848078,1030830.4626042226,3098,1,1139.75117370892,78,135,40,34.681192466852494,0.5784428794992176,39.78111814345991,7983.030241969091,102.3465415637063,0
3101,30.897077229132574,0,0,213,0.0,0.0,1.0,213,6450,4700,1750,0.7286821705426356,82,47,35,195.14926611882797,0.4447969262113562,0.7816363265230397,0.12790871587581137,1046636.5943747646,-8199.92734293134,1038436.6670318332,3099,2,1140.75117370892,80,133,41,34.63243165349144,0.57981220657277,39.71193415637858,8042.140472191866,100.52675590239832,0
3102,30.5991295344842,0,0,213,0.0,0.0,1.0,213,6200,4100,2100,0.6612903225806451,83,41,42,196.75233786586875,0.44468712168187324,0.783580710210255,0.12949840785974326,1037686.7227435687,-7966.542265566099,1029720.1804780026,3100,3,1141.75117370892,69,144,39,34.444400796145004,0.5810837245696401,39.56845238095239,7968.978660461439,115.49244435451361,0
3103,30.76741543250699,0,1,212,0.0,0.004694835680751174,0.9953051643192489,213,6650,5000,1650,0.7518796992481203,83,50,33,194.9730545063112,0.44446105353293763,0.7812881098653575,0.12897721743746532,1044781.9452322797,-8509.134569003541,1036272.8106632761,3101,4,1142.75117370892,71,142,39,34.314164307259546,0.582306338028169,39.395254629629626,8018.134464492885,112.9314713308857,0
3104,31.033428764420865,0,1,211,0.0,0.0047169811320754715,0.9952830188679245,212,5450,3800,1650,0.6972477064220184,71,38,33,193.82612025467984,0.44425551059644103,0.7796526622317947,0.12854445568160047,1054517.224055688,-6971.403543910155,1047545.8205117778,3102,5,1147.377358490566,71,141,42,34.255565884159346,0.5833824685534591,39.30844907407408,8090.15267514614,113.94581232600197,0
3105,30.890774849646913,0,0,211,0.0,0.0,1.0,211,5800,3900,1900,0.6724137931034483,77,39,38,193.019713599928,0.44374764913864445,0.7780415496440116,0.1284245105739311,1050558.9905923854,-7444.280903205668,1043114.7096891798,3103,6,1153.6398104265402,72,139,42,34.16406777188088,0.5847650078988942,39.198059360730596,8056.374028638657,111.89408373109246,0
3106,31.428021602412716,0,0,211,0.0,0.0,1.0,211,5350,3800,1550,0.7102803738317757,69,38,31,192.05287558566255,0.4437720980967426,0.7767469783405982,0.12823818810719936,1069826.0862064494,-6457.364753499129,1063368.7214529503,3104,7,1154.6398104265402,73,138,44,34.065467198964235,0.585949842022117,39.07657657657659,8200.306987926864,112.3329724373543,0
3107,31.270854425491176,1,1,211,0.0047169811320754715,0.0047169811320754715,0.9952830188679245,212,5750,4100,1650,0.7130434782608696,74,41,33,190.60681464293745,0.44408831112700825,0.7763032612446512,0.127961813197334,1065971.1654464756,-7513.726330605254,1058457.4391158703,3105,0,1150.188679245283,76,136,41,33.916528504568,0.5875589622641509,38.893398268398286,8165.026532283662,107.43455963531135,0
3108,31.577807633122486,0,0,211,0.0,0.0,1.0,211,5450,3900,1550,0.7155963302752294,70,39,31,191.0639284701997,0.4434335740615361,0.7759073990700032,0.1285254426148325,1076992.4688156233,-6495.117595053362,1070497.35122057,3106,9,1156.6398104265402,76,135,42,33.83565989847716,0.5884676145339652,38.82575757575759,8247.309985999264,108.51723665788505,0
3109,31.32571265764236,0,0,211,0.0,0.0,1.0,211,5750,3400,2350,0.591304347826087,81,34,47,194.4238029470896,0.44339125855713535,0.7789649702359525,0.13127415683143,1069424.5123737014,-6365.683867893686,1063058.8285058078,3107,10,1157.6398104265402,78,133,44,33.61959849287646,0.5897511848341233,38.69989451476793,8185.412021842007,104.94117976720521,0
3110,30.89138434807518,0,0,211,0.0,0.0,1.0,211,6650,4800,1850,0.7218045112781954,85,48,37,196.5957619237322,0.44332073271646727,0.7717786667334843,0.12880872857152414,1046340.3474004121,-7708.784434255065,1038631.562966157,3108,11,1158.6398104265402,80,131,46,34.60789400003292,0.5809142969984202,39.724794238683096,8040.261417447111,100.50326771808889,8
3111,31.17618097411673,0,0,211,0.0,0.0,1.0,211,5800,4100,1700,0.7068965517241379,75,41,34,200.01901271097785,0.44313642518618823,0.7837688816103874,0.12872135774980095,1050942.2799383868,-5958.3125501001505,1044983.9673882866,3109,12,1159.6398104265402,74,137,43,35.15367299634485,0.5799763033175356,40.34722222222221,8094.9819904320775,109.3916485193524,8
3112,31.578178085451,0,0,211,0.0,0.0,1.0,211,6800,4800,2000,0.7058823529411765,88,48,40,201.0156965651787,0.44272737531031375,0.7856388954581077,0.1300633302212507,1066037.4485465116,-6141.947943171543,1059895.50060334,3110,13,1160.6398104265402,75,136,40,34.935779090621395,0.5816548183254344,40.158991228070164,8205.305648903204,109.40407531870939,0
3113,31.897640689240156,0,0,211,0.0,0.0,1.0,211,5500,3900,1600,0.7090909090909091,71,39,32,201.13904888546966,0.44248570676295795,0.7847414445528025,0.13054421235206468,1077708.3513425926,-4346.153447004737,1073362.197895588,3111,14,1161.6398104265402,79,132,44,34.82351566152408,0.5826421800947867,40.05208333333333,8291.725243749861,104.95854738923875,0
3114,32.25441856449716,0,0,211,0.0,0.0,1.0,211,5700,4200,1500,0.7368421052631579,72,42,30,203.10669190978084,0.4423597005942978,0.7860724807407276,0.13217244523777183,1090536.1666167842,-3600.9613580983296,1086935.2052586859,3112,15,1162.6398104265402,82,129,36,34.678249678249664,0.5837282780410742,39.959839357429715,8387.444184944532,102.2859046944455,0
3115,32.3833729881234,0,0,211,0.0,0.0,1.0,211,6300,4700,1600,0.746031746031746,79,47,32,197.95417437575006,0.4420493868953585,0.7800349590247195,0.12930975759991303,1096003.0360362271,-5108.324777626583,1090894.7112586005,3113,16,1163.6398104265402,84,127,36,34.67822656617994,0.5851599526066351,39.82843137254902,8425.232947767889,100.30039223533201,0
3116,32.837094319868186,0,1,210,0.0,0.004739336492890996,0.995260663507109,211,5350,4000,1350,0.7476635514018691,67,40,27,195.1095043991374,0.44174753629729935,0.7757584526401591,0.12782051922343493,1112211.4118167462,-4149.39653067401,1108062.0152860722,3114,17,1164.6398104265402,85,126,37,34.650541387441024,0.5863447867298579,39.72868217054263,8546.55381232228,100.54769190967387,0
3117,32.89068559329197,1,0,211,0.004739336492890996,0.0,1.0,211,5300,3700,1600,0.6981132075471698,69,37,32,193.63262272818113,0.4416478597758218,0.7734799940346062,0.12779222236118312,1116198.3570202873,-4273.516929054866,1111924.8400912324,3115,0,1163.047393364929,76,135,38,34.43049641707343,0.5882701421800948,39.47510822510824,8568.842304594416,112.74792506045284,0
3118,32.56257085526146,1,1,211,0.0047169811320754715,0.0047169811320754715,0.9952830188679245,212,6750,4800,1950,0.7111111111111111,87,48,39,189.1540265134772,0.4415831135056187,0.7697572370220775,0.12536833424504504,1106298.049440095,-7297.853884879842,1099000.1955552152,3116,0,1158.5566037735848,77,135,42,34.39890832863707,0.5900648584905661,39.32959401709403,8488.098564688184,110.23504629465174,0
3119,32.39738320836387,0,2,209,0.0,0.009478672985781991,0.990521327014218,211,6150,4600,1550,0.7479674796747967,77,46,31,187.6738803060711,0.44119837508463106,0.7674686584435331,0.12482614218722625,1101701.1394684801,-6997.894443666053,1094703.245024814,3117,1,1164.5781990521327,77,134,40,34.315043356547875,0.5912815955766193,39.20940170940172,8448.932949959013,109.72640194751965,0
3120,31.90428261664672,1,1,209,0.004761904761904762,0.004761904761904762,0.9952380952380953,210,6200,4400,1800,0.7096774193548387,80,44,36,184.2281046754013,0.4409541847041847,0.7614495728445041,0.12325327537095307,1086589.0800268531,-8163.950645132819,1078425.1293817202,3118,0,1169.2428571428572,79,131,42,34.202255038914416,0.5933035714285715,39.01041666666668,8326.685426667564,105.40108135022233,0
3121,31.668709912293835,0,2,207,0.0,0.009569377990430622,0.9904306220095693,209,5650,4300,1350,0.7610619469026548,70,43,27,181.35446382132332,0.44031119647895967,0.7560782060684945,0.12179780366620312,1079642.4631997196,-8290.403993536327,1071352.0592061833,3119,1,1175.6650717703349,79,130,36,34.14468435224892,0.5945474481658692,38.88020833333334,8269.326934650291,104.6750244892442,0
3122,32.07757789556961,0,1,206,0.0,0.004830917874396135,0.9951690821256038,207,5700,3800,1900,0.6666666666666666,76,38,38,182.12168237720786,0.4396750855963604,0.7546982055775324,0.12265436380788625,1094370.66849632,-7238.274541835999,1087132.393954484,3120,2,1187.647342995169,80,127,38,34.028735066299085,0.5954609500805152,38.78600823045268,8379.11216840034,104.73890210500424,0
3123,31.956342314165795,1,2,205,0.004830917874396135,0.00966183574879227,0.9903381642512077,207,5450,3800,1650,0.6972477064220184,71,38,33,179.50454574090438,0.44002978284320626,0.7516409442523633,0.12141328003964386,1091446.3945743663,-7666.08214827608,1083780.3124260902,3121,0,1188.3381642512077,83,124,40,33.94935787942051,0.5970209339774557,38.64087301587302,8352.081728836296,100.62749070887104,0
3124,32.07967875611145,1,1,205,0.0048543689320388345,0.0048543689320388345,0.9951456310679612,206,5750,4300,1450,0.7478260869565218,72,43,29,180.7651289893783,0.43924392217223146,0.752442478067177,0.12253877337018676,1096287.62319066,-7315.885276896217,1088971.7379137638,3122,0,1194.9077669902913,85,121,42,33.840074437855215,0.5980481391585761,38.56589147286822,8386.72221744078,98.66732020518565,0
3125,32.141586897166995,1,0,206,0.0048543689320388345,0.0,1.0,206,5350,3500,1850,0.6542056074766355,72,35,37,178.44063092809614,0.43897752387718053,0.7500817817922996,0.12153320857508951,1099729.40753709,-7302.718133779686,1092426.6894033102,3123,0,1195.868932038835,77,129,44,33.74025764073242,0.5995651294498382,38.40811965811969,8407.978153601929,109.19452147534973,0
3126,31.808116643066057,0,0,206,0.0,0.0,1.0,206,6350,4700,1650,0.7401574803149606,80,47,33,179.18059356805924,0.43866623253611176,0.7507008783152365,0.12232977527430575,1088986.4992729537,-8524.950534533531,1080461.5487384202,3124,1,1196.868932038835,77,129,43,33.63933687183155,0.6005258899676376,38.327991452991476,8323.293770088678,108.09472428686594,0
3127,31.41929863703381,0,2,204,0.0,0.009708737864077669,0.9902912621359223,206,5750,4300,1450,0.7478260869565218,72,43,29,177.86732860513007,0.4384580472018313,0.7476369554840121,0.1219670240172405,1076878.9094475787,-8641.685029070335,1068237.2244185084,3125,2,1197.868932038835,80,126,43,33.52469014522655,0.6016383495145632,38.181584362139944,8226.150989601034,102.82688737001293,0
3128,31.604406971153843,0,0,204,0.0,0.0,1.0,204,5900,4200,1700,0.711864406779661,76,42,34,177.78872189465824,0.43815399723107634,0.7454343043379883,0.1221959946468019,1083861.9617155236,-8160.313423271778,1075701.6482922519,3126,3,1203.3725490196077,80,124,46,33.44821589328096,0.6031454248366013,38.104423868312786,8277.054372010716,103.46317965013395,0
3129,31.154000339572434,0,0,204,0.0,0.0,1.0,204,5500,3800,1700,0.6909090909090909,72,38,34,177.20111405956357,0.437848630831643,0.7436913603061477,0.12212249985187586,1069150.0382019272,-8409.084426758493,1060740.9537751686,3127,4,1204.3725490196077,80,124,46,33.37198933176258,0.6043198529411764,38.01440329218109,8161.899368798535,102.02374210998168,0
3130,30.904286944040265,0,3,201,0.0,0.014705882352941176,0.9852941176470589,204,5400,4500,900,0.8333333333333334,63,45,18,175.9733634670577,0.437581498116488,0.742590987538871,0.12167166337306838,1061454.1009710596,-8842.470337243913,1052611.6306338157,3128,5,1205.3725490196077,81,123,40,33.29435666278925,0.6054942810457516,37.90650406504068,8099.812604540696,99.99768647581107,0
3131,31.288029401255656,0,1,200,0.0,0.004975124378109453,0.9950248756218906,201,4500,3200,1300,0.7111111111111111,58,32,26,177.701527314028,0.43636194029850744,0.7428796871900607,0.12337459460198684,1075753.4828695655,-6467.392616138549,1069286.090253427,3129,6,1221.5074626865671,80,121,44,33.1101956745623,0.607483416252073,37.77006172839507,8204.658018531452,102.55822523164315,0
3132,30.904728255558492,0,0,200,0.0,0.0,1.0,200,5050,3600,1450,0.7128712871287128,65,36,29,181.6177004027932,0.4359505862646566,0.7471768180497722,0.12664186306952396,1063734.1648395562,-6411.409428390716,1057322.7554111655,3130,7,1228.455,81,119,44,32.861875020173656,0.6085416666666666,37.62703252032521,8108.565261563849,100.10574396992406,0
3133,31.14257608668847,0,1,199,0.0,0.005,0.995,200,5300,3900,1400,0.7358490566037735,67,39,28,181.4058956916096,0.4354559254606365,0.7477380952380948,0.12698412698412698,1072959.0667366914,-6371.779891639313,1066587.2868450521,3131,8,1229.455,84,116,47,32.73809523809523,0.6096354166666667,37.50000000000001,8174.926222755744,97.3205502709017,0
3134,31.568538761443403,1,1,199,0.005,0.005,0.995,200,5900,4200,1700,0.711864406779661,76,42,34,178.42761005589946,0.4351308626465662,0.744141969022994,0.12549117135442914,1088918.3289139853,-7041.381005163023,1081876.9479088222,3132,0,1230.41,73,127,47,32.65867007878233,0.6111458333333333,37.34515765765763,8291.629571364972,113.58396673102702,0
3135,31.157874723191277,0,0,199,0.0,0.0,1.0,199,5400,3700,1700,0.6851851851851852,71,37,34,178.4110384074298,0.43471989577517217,0.7439825700747698,0.12606025648787775,1075986.728289184,-6806.418098662991,1069180.310190521,3133,1,1237.2964824120604,74,125,47,32.50570323785363,0.6124895309882747,37.19444444444442,8188.462576558633,110.65489968322477,0
3136,30.885205214297606,1,0,200,0.005,0.0,1.0,200,5500,3800,1700,0.6909090909090909,72,38,34,175.15583616402958,0.4343079983249581,0.74054957334417,0.12422435527368103,1067559.3426388272,-8102.150137075245,1059457.192501752,3134,0,1232.105,77,123,49,32.46732358120001,0.6139583333333334,37.07264957264954,8120.565174400179,105.46188538182051,0
3137,31.34805504176075,0,0,200,0.0,0.0,1.0,200,5500,3800,1700,0.6909090909090909,72,38,34,177.622415291396,0.4341609087102178,0.7426034027574073,0.12641227844015948,1084487.6342085486,-6974.137411645526,1077513.496796903,3135,1,1233.105,80,120,51,32.287694338515664,0.6151562500000001,36.959876543209845,8245.796268314924,103.07245335393654,0
3138,31.293634094381723,0,0,200,0.0,0.0,1.0,200,5850,4000,1850,0.6837606837606838,77,40,37,177.97108641626292,0.43361494974874376,0.74227814601116,0.1272496301819096,1083841.1460886134,-7271.522745592852,1076569.6233430207,3136,2,1234.105,82,118,43,32.125713286602135,0.6163541666666666,36.809738955823256,8236.179726321177,100.4412161746485,0
3139,31.06998518398326,0,0,200,0.0,0.0,1.0,200,5900,4300,1600,0.7288135593220338,75,43,32,181.0323547992063,0.4331548366834171,0.7482186263762449,0.1299432034225838,1077121.6796642174,-6901.225185022312,1070220.4544791952,3137,3,1235.105,82,118,43,31.91736968368202,0.6175520833333333,36.68423694779114,8181.216856741322,99.77093727733319,0
3140,30.7126539936465,0,0,200,0.0,0.0,1.0,200,6450,4700,1750,0.7286821705426356,82,47,35,180.8872159589486,0.43250680485762144,0.7490668899432511,0.13040621625370405,1065867.3304115436,-7889.645204052059,1057977.6852074915,3138,4,1236.105,84,116,45,31.778537538375673,0.6193229166666667,36.544117647058805,8091.4293572966735,96.32653996781754,0
3141,30.286148410031945,0,0,200,0.0,0.0,1.0,200,5550,3900,1650,0.7027027027027027,72,39,33,180.0904460920888,0.43237070770519265,0.748837035454933,0.13052375674971547,1052424.491814526,-7643.680758176339,1044780.8110563497,3139,5,1237.105,73,127,45,31.62621920831551,0.62046875,36.37387387387388,7984.219980617678,109.3728764468175,0
3142,30.57870233778256,0,0,200,0.0,0.0,1.0,200,6000,4200,1800,0.7,78,42,36,177.9175648576499,0.432070770519263,0.7440630867442726,0.1193436965279399,1042151.9490525088,-8916.572602584882,1033235.376449924,3140,6,1238.105,84,116,36,34.27652475278506,0.5959375,38.921568627450974,7983.439639756358,95.04094809233759,8
3143,30.90260997922323,0,0,200,0.0,0.0,1.0,200,6100,4300,1800,0.7049180327868853,79,43,36,177.76931383397903,0.43193205611390284,0.7430102433939176,0.11954051725446699,1053868.6478925962,-8630.89871859825,1045237.7491739979,3141,7,1239.105,87,113,36,34.194928537974555,0.59703125,38.83759469696968,8070.599952315327,92.76551669327962,0
3144,31.28482262552659,0,1,199,0.0,0.005,0.995,200,5800,4500,1300,0.7758620689655172,71,45,26,179.15889367468282,0.43160228224455616,0.745725611394787,0.12098915487540682,1068078.22902096,-7528.857226118233,1060549.3717948417,3142,8,1240.105,88,112,38,34.012287616829404,0.59859375,38.69382022471908,8174.917485223579,92.8967896048134,0
3145,30.850178843419364,0,0,199,0.0,0.0,1.0,199,5600,4300,1300,0.7678571428571429,69,43,26,180.51879723582357,0.431260892002098,0.7474773702113942,0.12229331867322724,1054096.9178106827,-7343.138445365474,1046753.7793653172,3143,9,1246.8743718592964,90,109,42,33.868466377661974,0.5998743718592965,38.587454212454205,8064.623789459319,89.60693099399244,0
3146,30.594477775556047,0,0,199,0.0,0.0,1.0,199,5300,3800,1500,0.7169811320754716,68,38,30,178.3672952475514,0.430781855404971,0.7445581828983574,0.12128609191755872,1046359.230517746,-7772.746839047973,1038586.483678698,3144,10,1247.8743718592964,78,121,40,33.79758003529112,0.6010259631490787,38.46255274261604,8001.601617591717,102.58463612297072,0
3147,30.778553329147236,0,1,198,0.0,0.005025125628140704,0.9949748743718593,199,5150,3600,1550,0.6990291262135923,67,36,31,176.75666355633047,0.4303144510430943,0.7428063886310527,0.12065563555801741,1053695.2236252138,-7700.469573352979,1045994.7540518609,3145,11,1248.8743718592964,79,120,39,33.708200636942664,0.6020205192629815,38.33333333333335,8053.721454460235,101.94584119569917,0
3148,31.035166437611167,1,1,198,0.005025125628140704,0.005025125628140704,0.9949748743718593,199,5550,4100,1450,0.7387387387387387,70,41,29,175.3970134433759,0.43053334856098674,0.7411258290092149,0.12044084061031876,1064090.2299758687,-8022.350325591288,1056067.8796502773,3146,0,1242.5276381909548,81,118,44,33.54213156107501,0.6033814907872697,38.135162601626035,8127.018812816569,100.33356559032802,0
3149,30.628611556022513,0,0,198,0.0,0.0,1.0,198,4950,3500,1450,0.7070707070707071,64,35,29,180.18753759808175,0.4300032900921226,0.7458998067679143,0.12408625774611602,1050916.9814172885,-6677.571379681747,1044239.4100376068,3147,1,1249.4949494949494,82,116,50,33.31945974863864,0.6043771043771045,38.03965863453817,8023.481538765827,97.84733583860765,0
3150,31.00488269866913,0,0,198,0.0,0.0,1.0,198,5050,3000,2050,0.594059405940594,71,30,41,209.53748781638967,0.429793920593413,0.7744284684878746,0.13499642860790956,1045479.252254925,-836.5807836690606,1044642.671471256,3148,2,1250.4949494949494,78,120,36,34.86703478040113,0.5805976430976432,40.30854430379747,8051.703121707389,103.22696309881267,8
3151,31.160412797046682,0,1,197,0.0,0.005050505050505051,0.9949494949494949,198,4900,3400,1500,0.6938775510204082,64,34,30,208.67197430086622,0.4297159411372609,0.7726480407209684,0.13037161626187943,1041970.1825487026,-1014.0049689854795,1040956.1775797171,3149,3,1251.4949494949494,75,123,42,35.996131015475946,0.5708122895622896,41.39254385964914,8058.315085727512,107.4442011430335,8
3152,31.243591320515787,0,1,196,0.0,0.005076142131979695,0.9949238578680203,197,5650,3900,1750,0.6902654867256637,74,39,35,209.71405396307384,0.42963759107703997,0.7732859062326538,0.13149657055799796,1045791.3498671459,-1186.571283968893,1044604.778583177,3150,4,1256.1878172588833,74,123,39,35.837829012113744,0.5718591370558376,41.26388888888891,8083.84531541516,109.24115291101567,0
3153,30.79517531734289,1,0,197,0.005076142131979695,0.0,1.0,197,5250,3300,1950,0.6285714285714286,72,33,39,206.67849556534532,0.4300951345005007,0.7691487843322196,0.13004846874804096,1031775.3008853671,-2000.846610305961,1029774.4542750611,3151,0,1256.0406091370558,78,119,42,35.789145273023635,0.5736569373942471,41.13924050632913,7971.662471388167,102.20080091523292,0
3154,30.714121380378586,1,2,196,0.005050505050505051,0.010101010101010102,0.98989898989899,198,4850,3400,1450,0.7010309278350515,63,34,29,218.64985652412835,0.4303280264574681,0.7806179818934795,0.13858370428136743,1031104.2821516682,640.160670775399,1031744.4428224437,3152,0,1250.6919191919192,80,118,34,35.21659470279751,0.5756523569023568,40.88220164609054,7958.575510458457,99.4821938807307,0
3155,30.504240900756457,0,0,196,0.0,0.0,1.0,196,5100,3700,1400,0.7254901960784313,65,37,28,219.3486288417708,0.4294942656549799,0.779454026538221,0.139248955862632,1024504.2136067717,644.7188994525159,1025148.9325062241,3153,1,1263.765306122449,82,114,36,35.14085274320857,0.5769026360544218,40.82580321285141,7905.912134055257,96.41356261042996,0
3156,30.498198959527482,0,0,196,0.0,0.0,1.0,196,5550,4000,1550,0.7207207207207207,71,40,31,214.564209333544,0.42956567242281524,0.7768373841101255,0.13102844590948462,1013361.4929816624,-1263.7784978661448,1012097.7144837963,3154,2,1264.765306122449,79,117,38,36.68236690574807,0.5633503401360545,42.21354166666666,7862.022695321917,99.51927462432806,8
3157,30.564202272986172,0,0,196,0.0,0.0,1.0,196,5350,3700,1650,0.6915887850467289,70,37,33,215.48767456645345,0.4294806384092098,0.7782838169737079,0.13228910807422997,1017061.4844242232,-717.157166063891,1016344.3272581593,3155,3,1265.765306122449,81,115,33,36.463257501148995,0.5647321428571428,42.02235772357723,7884.880840444637,97.34420790672391,0
3158,30.97096164788062,1,1,196,0.005076142131979695,0.005076142131979695,0.9949238578680203,197,5400,3400,2000,0.6296296296296297,74,34,40,213.54855633430523,0.429747660485514,0.7781538605602114,0.1316714084317204,1031853.9118827982,-729.8173539047903,1031124.0945288934,3156,0,1260.3350253807107,83,114,34,36.35264540097364,0.5659369712351946,41.86507936507935,7994.686726962801,96.32152683087712,0
3159,30.963560584637023,0,0,196,0.0,0.0,1.0,196,6000,4300,1700,0.7166666666666667,77,43,34,227.36455463728123,0.42961255014826444,0.7870439084724785,0.13894500561167225,1029031.9054159488,1593.0761764901654,1030624.981592439,3157,1,1267.341836734694,75,121,43,36.32575757575755,0.5586734693877551,42.18750000000001,7982.792963226754,106.43723950969006,8
3160,30.58649108251727,1,1,196,0.005076142131979695,0.005076142131979695,0.9949238578680203,197,6400,4500,1900,0.703125,83,45,38,224.61528458479245,0.4302343399288649,0.7863591943236037,0.13799206510111903,1018008.7310174822,-67.93583454087639,1017940.7951829414,3158,0,1261.9035532994924,78,119,38,36.20115074700604,0.560649323181049,41.99630801687764,7891.4276240983145,101.17214902690147,0
3161,30.485919732999715,0,0,196,0.0,0.0,1.0,196,5450,3900,1550,0.7155963302752294,70,39,31,225.31617286142887,0.4298910910518053,0.7871891706959597,0.13881688469534093,1015468.6682386886,1110.3027976467647,1016578.9710363353,3159,3,1269.341836734694,77,119,39,36.07814413342303,0.5621279761904762,41.893696581196586,7868.608048606924,102.18971491697305,0
3162,30.87831356794666,2,0,198,0.010101010101010102,0.0,1.0,198,4550,2600,1950,0.5714285714285714,65,26,39,224.8662286185306,0.4307932326650601,0.7909044019476466,0.13966274260024997,1030852.9361555683,2210.8024027284146,1033063.7385582968,3160,0,1257.510101010101,65,133,40,35.79307150419418,0.5640256734006734,41.603535353535364,7978.847060202395,122.75149323388301,0
3163,31.10323228414002,0,1,197,0.0,0.005050505050505051,0.9949494949494949,198,5600,4200,1400,0.75,70,42,28,220.6194829406344,0.43091127006101626,0.7866197520225955,0.13772399674696437,1039824.6802027769,681.1166590495445,1040505.7968618264,3161,1,1258.510101010101,67,131,43,35.716824644549774,0.5654461279461279,41.42156862745099,8042.6250146489665,120.0391793231189,0
3164,30.659445539552014,0,0,197,0.0,0.0,1.0,197,5950,4100,1850,0.6890756302521008,78,41,37,221.75587266630822,0.4306681428916745,0.7870232731298548,0.13906600445034284,1026277.035310607,166.59191253921563,1026443.6272231463,3162,2,1265.7005076142132,68,129,43,35.52132563160043,0.5667829949238579,41.25905797101451,7932.853820990094,116.65961501456022,0
3165,31.14868523937416,1,1,197,0.005050505050505051,0.005050505050505051,0.9949494949494949,198,6450,4700,1750,0.7286821705426356,82,47,35,217.60460950277877,0.4315180143225828,0.7833289444168101,0.1371394567393788,1044070.2929699762,-611.0983209629821,1043459.1946490132,3163,0,1260.3030303030303,74,124,44,35.449187318957236,0.568287037037037,41.08333333333336,8064.913753228012,108.98532098956773,0
3166,31.033337770876443,0,1,196,0.0,0.005076142131979695,0.9949238578680203,197,5150,3800,1350,0.7378640776699029,65,38,27,213.6521371875741,0.43110949963741846,0.7783552203864181,0.1352987051677299,1041574.4324705553,-43.079292545977296,1041531.3531780093,3164,1,1267.238578680203,75,122,36,35.377376166040676,0.5696912013536379,40.912828947368446,8040.339691377212,107.20452921836282,0
3167,30.864298981211395,0,0,196,0.0,0.0,1.0,196,5600,3700,1900,0.6607142857142857,75,37,38,234.05524861250768,0.43032334728763305,0.7907578926165169,0.1405443859364855,1020642.3067243805,2977.337768963972,1023619.6444933445,3165,5,1274.6989795918366,86,110,36,36.808821018979785,0.5545280612244898,42.82806513409964,7937.4314872778305,92.29571496834687,8
3168,31.35589204893872,0,1,195,0.0,0.00510204081632653,0.9948979591836735,196,5800,4400,1400,0.7586206896551724,72,44,28,232.9164549492679,0.4300829626722484,0.7904858299595126,0.14031796188407217,1037864.3760925117,3347.138239520706,1041211.5143320324,3166,6,1275.6989795918366,89,107,38,36.71558704453442,0.5558567176870748,42.70833333333336,8067.60972509159,90.64730028192798,0
3169,31.57400326568496,0,0,195,0.0,0.0,1.0,195,5350,3500,1850,0.6542056074766355,72,35,37,230.5341688683098,0.4299464710547185,0.7873377500423504,0.1391737179718462,1045706.0629229839,3864.195619300618,1049570.2585422846,3167,7,1282.8307692307692,67,128,36,36.69852240938039,0.5573183760683761,42.63174019607844,8126.146275532694,121.28576530645812,0
3170,31.316524632783775,1,0,196,0.00510204081632653,0.0,1.0,196,5400,3800,1600,0.7037037037037037,70,38,32,228.84218698677233,0.4303184414791557,0.7844719527155135,0.13903758372702266,1039058.1143729107,2956.0662598896406,1042014.1806328003,3168,0,1277.280612244898,73,123,37,36.50364298724954,0.5590454931972789,42.39864864864864,8067.179065032959,110.50930226072548,0
3171,31.68551509029358,1,1,196,0.005076142131979695,0.005076142131979695,0.9949238578680203,197,5500,3800,1700,0.6909090909090909,72,38,34,229.44426247231067,0.4313576953624089,0.7927450982779596,0.13157539618253938,1033842.2043265867,2541.8324168922363,1036384.036743479,3169,0,1271.791878172589,67,130,37,38.68533621172145,0.5361146362098139,44.546568627450974,8094.173554622161,120.80856051674867,8
3172,32.12634414698606,2,0,198,0.010101010101010102,0.0,1.0,198,5650,4100,1550,0.7256637168141593,72,41,31,226.26524936106574,0.4328751773231469,0.7912662751400603,0.13029025103168007,1049511.9716145045,2243.617592955816,1051755.5892074602,3170,0,1264.5050505050506,69,129,37,38.60631221982881,0.5379313973063973,44.38988095238094,8211.818651975862,119.0118645213893,0
3173,32.12697885706947,4,2,200,0.019801980198019802,0.009900990099009901,0.9900990099009901,202,4600,2700,1900,0.5869565217391305,65,27,38,219.20088239130115,0.4347481856394595,0.7887641083066805,0.12767672249237433,1053079.5588509329,1167.1937056734378,1054246.7525566062,3171,0,1240.4455445544554,74,128,34,38.345877407106066,0.5408931518151815,43.95833333333334,8225.845211528851,111.16007042606556,0
3174,32.02329556251541,1,1,200,0.004975124378109453,0.004975124378109453,0.9950248756218906,201,5350,3800,1550,0.7102803738317757,69,38,31,220.66935598084507,0.4350176202321725,0.7902664768478289,0.12887580463113313,1050501.936239788,812.7171453331603,1051314.6533851211,3172,0,1237.2039800995026,76,125,35,38.205961057709246,0.5427031509121061,43.85822510822512,8202.503763266624,107.92768109561348,0
3175,32.165284349032085,2,1,201,0.009900990099009901,0.0049504950495049506,0.995049504950495,202,6050,4600,1450,0.7603305785123967,75,46,29,224.0749153003893,0.43520690688471836,0.7945419942451917,0.13196864957718338,1057745.2712153234,952.836411392087,1058698.1076267154,3173,0,1232.0594059405942,70,132,40,37.79807875667432,0.5449154290429044,43.544600938967136,8248.960833642614,117.84229762346591,0
3176,32.00381941323044,2,0,203,0.009852216748768473,0.0,1.0,203,5650,4200,1450,0.7433628318584071,71,42,29,220.85324141603547,0.43556125932790324,0.7934751484909937,0.130932370301132,1054447.7805324092,325.6420469052573,1054773.4225793146,3174,0,1226.9556650246304,73,130,39,37.63023689405571,0.5466440886699507,43.299549549549546,8215.394859511116,112.53965560974132,0
3177,32.19892156069665,2,3,202,0.00975609756097561,0.014634146341463415,0.9853658536585366,205,5500,3900,1600,0.7090909090909091,71,39,32,219.73392924713917,0.4367657022158457,0.7936680137611669,0.1311155048127839,1062856.298448697,209.1181366404353,1063065.4165853374,3175,0,1215.9756097560976,76,129,37,37.41422278383261,0.5482723577235773,43.06006493506493,8273.188814966323,108.85774756534636,0
3178,31.7723975335963,3,0,205,0.014634146341463415,0.0,1.0,205,4700,3000,1700,0.6382978723404256,64,30,34,222.81616055744882,0.43729276263350864,0.7992249829040359,0.13394005157105016,1050995.5718442083,1135.7596162411319,1052131.3314604494,3176,0,1216.760975609756,77,128,42,37.05737279335411,0.5499491869918699,42.788461538461526,8172.227250227862,106.13282143153067,0
3179,31.6493861980202,1,0,206,0.0048543689320388345,0.0,1.0,206,4950,3600,1350,0.7272727272727273,63,36,27,223.0289464128183,0.4378468111137422,0.8009839726296548,0.13460432535539027,1048117.5215122125,602.1093079365864,1048719.630820149,3177,0,1211.8495145631068,62,144,43,36.902371774279906,0.5515271035598706,42.642195767195766,8145.216537238497,131.3744602780403,0
3180,32.140034525038786,0,0,206,0.0,0.0,1.0,206,5350,3800,1550,0.7102803738317757,69,38,31,228.7893285114812,0.4382691017444155,0.8051213405190789,0.13851895115010834,1065323.6500029406,2196.936506314617,1067520.5865092552,3178,1,1212.8495145631068,62,144,42,36.63573508005823,0.5527406957928802,42.526455026455025,8275.208624733861,133.47110685054614,0
3181,32.22209659613961,1,0,207,0.004830917874396135,0.0,1.0,207,5200,4100,1100,0.7884615384615384,63,41,22,223.2560975963455,0.43890706345856195,0.801376915049343,0.1361131419586105,1070147.4058695023,1183.3867374554502,1071330.7926069577,3179,0,1207.9855072463768,66,141,41,36.519097745872834,0.5543981481481481,42.273009950248756,8304.503968815394,125.82581770932416,0
3182,32.109560100233274,2,2,207,0.009569377990430622,0.009569377990430622,0.9904306220095693,209,5250,3500,1750,0.6666666666666666,70,35,35,221.0219191328879,0.4396028861489388,0.8005820768342509,0.13553492711110204,1068150.245074203,166.92341771283827,1068317.1684919158,3180,0,1197.4162679425838,70,139,38,36.36181578598107,0.5560705741626795,42.06279342723004,8282.25023653463,118.31786052192328,0
3183,31.945172149663268,0,0,207,0.0,0.0,1.0,207,6350,4200,2150,0.6614173228346457,85,42,43,227.62967977187537,0.4386393305504745,0.8060128863487357,0.13979510301824277,1063125.6327725702,649.7894690584662,1063775.4222416286,3181,2,1209.9855072463768,69,138,38,36.13628607409969,0.5569142512077294,42.00892857142856,8241.569189861766,119.44303173712704,0
3184,31.560751431937952,0,2,205,0.0,0.00966183574879227,0.9903381642512077,207,6050,4600,1450,0.7603305785123967,75,46,29,232.879326602307,0.43853282366368057,0.8103240815016841,0.1434324943391477,1051180.565039886,1509.644424784151,1052690.2094646702,3182,3,1210.9855072463768,69,138,39,35.89425738007379,0.5583232689210951,41.90476190476189,8145.679655290627,118.05332833754532,0
3185,31.853774655643505,1,1,205,0.0048543689320388345,0.0048543689320388345,0.9951456310679612,206,6100,4000,2100,0.6557377049180327,82,40,42,238.14988502944138,0.4388166982397979,0.8137984292464289,0.14779836376254626,1063189.1104348495,3339.6728829226286,1066528.7833177722,3183,0,1209.495145631068,58,148,41,35.47830964420755,0.5607301779935275,41.631355932203384,8230.016566219745,141.8968373486163,0
3186,32.01154145189353,0,0,205,0.0,0.0,1.0,205,5100,3600,1500,0.7058823529411765,66,36,30,240.91496002605018,0.4378277937191137,0.8154985853725187,0.14980939612834826,1069039.095252591,5409.502179812436,1074448.5974324034,3184,1,1216.3658536585365,58,147,41,35.334545930682694,0.5613821138211382,41.56073446327683,8273.03926152572,142.63860795734,0
3187,32.309290845788354,0,1,204,0.0,0.004878048780487805,0.9951219512195122,205,6150,4200,1950,0.6829268292682927,81,42,39,240.77834316881493,0.43788458472820024,0.8138757954900944,0.15055876328560688,1080641.1322233952,4888.996275364439,1085530.1284987596,3185,2,1217.3658536585365,64,141,40,35.134740896792444,0.5629573170731708,41.362179487179496,8356.404566669542,130.5688213542116,0
3188,32.760304631684136,0,0,204,0.0,0.0,1.0,204,5300,3400,1900,0.6415094339622641,72,34,38,241.823852459114,0.4379356627708555,0.814274196433749,0.1513708738531981,1096042.2324313042,6909.831020885258,1102952.0634521893,3186,3,1223.563725490196,63,141,40,35.06948813943246,0.5639297385620915,41.32486979166667,8474.276066265567,134.51231851215186,0
3189,32.86767375088807,1,0,205,0.004878048780487805,0.0,1.0,205,5050,3000,2050,0.594059405940594,71,30,41,237.94944136080895,0.43858699984058663,0.8120827454445023,0.1495335730590183,1100826.458601028,6338.208171862509,1107164.6667728904,3187,0,1218.590243902439,66,139,42,35.026205922989135,0.5650914634146341,41.18470149253732,8506.656793082011,128.8887392891214,0
3190,32.858599423123536,0,1,204,0.0,0.004878048780487805,0.9951219512195122,205,5200,3200,2000,0.6153846153846154,72,32,40,235.5521015921144,0.4386965965247888,0.8100770294177908,0.1484452506006685,1101374.343935867,5686.208270746112,1107060.5522066131,3188,1,1219.590243902439,67,138,43,34.98575119315268,0.5662093495934959,41.08455882352942,8507.598766078972,126.97908606088019,0
3191,32.41197390224273,0,0,204,0.0,0.0,1.0,204,6000,3900,2100,0.65,81,39,42,238.87461964696723,0.43836126404584824,0.8106119494623467,0.15091153375518956,1087138.7950416056,5137.9732338052745,1092276.7682754109,3189,2,1225.7794117647059,69,135,38,34.81010006703053,0.5675040849673203,40.99702380952382,8394.797704888928,121.66373485346273,0
3192,32.1987849875264,0,2,202,0.0,0.00980392156862745,0.9901960784313726,204,5400,3800,1600,0.7037037037037037,70,38,32,239.7151544551656,0.4383406379793297,0.8113651223949927,0.15203191285966233,1081133.345919165,5632.809400728685,1086766.1553198937,3190,3,1226.7794117647059,70,134,38,34.64775708165849,0.568780637254902,40.85974178403757,8344.001455907863,119.20002079868375,0
3193,31.756135937425114,1,0,203,0.0049261083743842365,0.0,1.0,203,5150,4100,1050,0.7961165048543689,62,41,21,209.1003717208684,0.43872339820188916,0.7804785058534836,0.12755758238412918,1054846.4222696295,-1636.244198998269,1053210.1780706313,3191,0,1231.847290640394,72,131,43,36.86218605251986,0.5586514778325122,42.25171232876714,8185.089660926274,113.68180084619824,8
3194,32.059630604274346,1,1,203,0.004901960784313725,0.004901960784313725,0.9950980392156863,204,6400,4500,1900,0.703125,83,45,38,207.56630037155495,0.4390031874818893,0.7794251334561197,0.12729709389464328,1066520.8130688858,-2925.2441124054885,1063595.5689564804,3192,0,1226.8039215686274,76,128,37,36.704996416146585,0.5603553921568627,42.058982683982705,8269.493732842298,108.80912806371445,0
3195,31.84312481853199,0,1,202,0.0,0.0049261083743842365,0.9950738916256158,203,5950,4200,1750,0.7058823529411765,77,42,35,211.9107819207124,0.4383779203043457,0.784598002440456,0.13035144034626311,1060207.4712439273,-1616.1211541033526,1058591.3500898238,3193,2,1233.847290640394,76,127,40,36.4824159021407,0.5616789819376027,41.950757575757606,8217.094235842844,108.11966099793216,0
3196,31.52996114492988,0,0,202,0.0,0.0,1.0,202,5650,3200,2450,0.5663716814159292,81,32,49,212.8517419622311,0.43776733083756136,0.785440997554451,0.1315761279597735,1051223.457149639,-1299.0511908279796,1049924.405958811,3194,3,1240.7920792079208,77,125,43,36.277108329885536,0.5630672442244224,41.77350427350429,8141.871376847846,105.73858930971228,0
3197,31.75983548795628,1,1,202,0.0049261083743842365,0.0049261083743842365,0.9950738916256158,203,6500,4600,1900,0.7076923076923077,84,46,38,213.28392907040077,0.4374187110829309,0.7883689299608885,0.13290662304954676,1061250.8211141718,-1830.4510287160297,1059420.3700854557,3195,0,1235.6748768472905,68,135,41,35.9718085727634,0.5650656814449918,41.48550724637681,8210.377761107538,120.74084942805203,0
3198,31.65410953618969,0,0,202,0.0,0.0,1.0,202,6050,4400,1650,0.7272727272727273,77,44,33,236.28464155623337,0.43738762868824194,0.8100806313139386,0.13805561761367355,1038523.3172628725,2627.421953449691,1041150.7392163222,3196,1,1242.4108910891089,67,135,39,37.78928955866522,0.5373865511551155,43.841911764705884,8108.456183580948,121.02173408329773,8
3199,31.78492297485594,3,0,205,0.014634146341463415,0.0,1.0,205,6950,5600,1350,0.8057553956834532,83,56,27,228.66098144884626,0.43873943886497685,0.806486058216064,0.1349548145413779,1045878.755246171,-119.66746978261199,1045759.0877763884,3197,0,1225.2146341463415,65,140,41,37.599975390673066,0.5400406504065041,43.46590909090909,8153.91631997015,125.44486646107923,0
3200,32.157806409381784,0,0,205,0.0,0.0,1.0,205,4600,3100,1500,0.6739130434782609,61,31,30,200.40229857984139,0.43853120516499283,0.7694591728525981,0.11053864342480861,1037006.2102841024,-4036.3143634990547,1032969.8959206033,3198,1,1226.2146341463415,84,121,35,40.952283292316096,0.5214939024390244,46.04166666666667,8166.742919382595,97.22312999264993,8
3201,31.67792143753781,4,0,209,0.019138755980861243,0.0,1.0,209,6500,4600,1900,0.7076923076923077,84,46,38,200.65997035566033,0.44060640565574777,0.7747972489588142,0.11199693746058516,1025225.9703086098,-7155.637438004713,1018070.332870605,3199,0,1203.7272727272727,78,131,40,40.47767124470932,0.524671052631579,45.58280590717296,8059.407886831299,103.32574213886281,0
3202,31.300194217994168,1,1,209,0.004761904761904762,0.004761904761904762,0.9952380952380953,210,6000,4400,1600,0.7333333333333333,76,44,32,200.43837489222054,0.44149436090225563,0.7742013200849656,0.11240027726888235,1014446.1106994823,-7333.2140311327785,1007112.8966683495,3200,0,1198.990476190476,81,129,40,40.29829025712666,0.526140873015873,45.40142276422762,7968.984915104604,98.38252981610621,0
3203,30.866405980811795,3,2,210,0.014150943396226415,0.009433962264150943,0.9905660377358491,212,5550,3700,1850,0.6666666666666666,74,37,37,201.8271143767014,0.4437650898685505,0.7783050244242231,0.11415897006950827,1002991.1522852738,-7463.837997780483,995527.3142874932,3201,0,1182.877358490566,85,127,33,39.925078395970914,0.5289897798742138,45.07025193798447,7868.76510026818,92.57370706197858,0
3204,30.775843287051412,1,0,211,0.004739336492890996,0.0,1.0,211,6600,5000,1600,0.7575757575757576,82,50,32,202.7990229851423,0.4442422703678628,0.7791958588365102,0.11518616861366097,1001295.0563237247,-8187.668171539462,993107.3881521852,3202,0,1188.1611374407582,86,125,35,39.73822655088785,0.5307069510268563,44.911398467432925,7850.5668250793215,91.28566075673629,0
3205,30.379890590003043,6,3,214,0.027649769585253458,0.013824884792626729,0.9861751152073732,217,5500,3400,2100,0.6181818181818182,76,34,42,210.62621543258894,0.4472970714570177,0.7955957783083105,0.1182824546331448,985045.1152270873,-7404.735069872473,977640.3801572148,3203,0,1156.2811059907833,76,141,42,39.98264626717667,0.5251536098310292,45.34632034632031,7736.350926220387,101.79409113447878,8
3206,30.449203347949126,2,1,215,0.009259259259259259,0.004629629629629629,0.9953703703703703,216,6300,4200,2100,0.6666666666666666,84,42,42,210.13507961385002,0.4471508936261843,0.7948782417464537,0.118863418058928,989447.4161569081,-7916.477686430192,981530.9384704779,3204,0,1161.125,78,138,37,39.71156167028721,0.52734375,45.068565400843866,7762.459091894063,99.51870630633414,0
3207,30.75374277956671,3,0,218,0.013761467889908258,0.0,1.0,218,5350,3600,1750,0.6728971962616822,71,36,35,197.1565317935227,0.4480479044236813,0.7886762750020422,0.11353156480375548,1004679.2629675192,-9334.184189689844,995345.0787778294,3205,0,1151.4449541284403,74,144,42,39.34934887343332,0.5318711773700306,44.38888888888892,7860.998362710432,106.22970760419503,7
3208,30.592063989787153,2,1,219,0.00909090909090909,0.004545454545454545,0.9954545454545455,220,6150,4200,1950,0.6829268292682927,81,42,39,192.10028692260283,0.449268801023938,0.786199934519261,0.11136004227383269,1001365.8738694565,-11677.465663034744,989688.4082064218,3206,0,1141.9681818181818,77,143,38,39.22215625380587,0.5339488636363636,44.137286324786345,7827.368509352775,101.65413648510096,0
3209,30.210130767410327,3,0,222,0.013513513513513514,0.0,1.0,222,5500,4000,1500,0.7272727272727273,70,40,30,196.5170549621215,0.44992050874403816,0.7914244007505926,0.11498556662405199,991564.9585518328,-10928.114908350719,980636.8436434821,3207,0,1132.6531531531532,81,141,41,38.753109144396525,0.5362237237237237,43.7881097560976,7740.1947084337635,95.5579593633798,0
3210,29.867242367240298,2,3,221,0.008928571428571428,0.013392857142857142,0.9866071428571429,224,6100,4200,1900,0.6885245901639344,80,42,38,213.89722582908212,0.4510088017830451,0.8016281790053585,0.12474043391696052,979360.1801149878,-9003.514877186615,970356.6652378011,3208,0,1123.53125,76,148,38,38.43469360802962,0.537109375,43.91233766233768,7648.6322782989855,100.63989839867087,8
3211,30.038974647329187,4,2,223,0.017777777777777778,0.008888888888888889,0.9911111111111112,225,7450,5400,2050,0.7248322147651006,95,54,41,213.47047331047708,0.4516658399470899,0.8010080336176006,0.12609064093700245,988658.4831354653,-10240.121132531069,978418.3620029342,3209,0,1119.4355555555555,72,153,40,37.95919076751947,0.5399074074074074,43.43607305936071,7706.917296789032,107.04051801095878,0
3212,30.091985345641916,2,6,219,0.008888888888888889,0.02666666666666667,0.9733333333333334,225,6700,4600,2100,0.6865671641791045,88,46,42,218.63869908846547,0.45137483465608463,0.804373295387171,0.1301553119732471,992636.792462875,-8294.23660571427,984342.5558571607,3210,0,1120.368888888889,75,150,33,37.53112771255779,0.5420833333333333,43.14692982456138,7729.218823702386,103.05625098269847,0
3213,30.082408576618622,1,1,219,0.004545454545454545,0.004545454545454545,0.9954545454545455,220,6750,4600,2150,0.6814814814814815,89,46,43,223.72624038190474,0.449687802684378,0.8045349265673529,0.1336938467610893,993410.483648816,-6299.601467456303,987110.8821813597,3211,0,1145.5954545454545,76,144,37,37.256321173518614,0.5441287878787879,43.005952380952365,7730.999942235139,101.72368345046236,0
3214,30.082666244323676,1,1,219,0.004545454545454545,0.004545454545454545,0.9954545454545455,220,5750,4200,1550,0.7304347826086957,73,42,31,219.1503185861066,0.45017469212674693,0.8003435087132174,0.13182990534371414,995302.4492958324,-6125.830229457291,989176.6190663752,3212,0,1146.5545454545454,76,144,38,37.12507669383818,0.5461174242424243,42.76244588744588,7738.391485874093,101.82094060360649,0
3215,30.476061038001024,0,3,216,0.0,0.0136986301369863,0.9863013698630136,219,5150,3600,1550,0.6990291262135923,67,36,31,189.21695666491817,0.4502447181377683,0.7737572551140333,0.11391804255277932,1008556.7819879808,-10782.791017694057,997773.9909702868,3213,1,1138.3333333333333,87,132,42,37.86406091837673,0.5515125570776256,42.73200757575758,7840.515040245203,90.12086253155405,7
3216,30.994906024726273,1,1,216,0.004608294930875576,0.004608294930875576,0.9953917050691244,217,5750,3800,1950,0.6608695652173913,77,38,39,187.5665758722952,0.44918697018831427,0.7708089496192219,0.11341609063469643,1026995.0351513241,-10624.011563763881,1016371.0235875603,3214,0,1145.1658986175116,76,141,43,37.74458282971604,0.5528993855606759,42.57305194805194,7978.9240631022,104.98584293555527,0
3217,31.31685898580481,0,2,214,0.0,0.009259259259259259,0.9907407407407407,216,6850,4900,1950,0.7153284671532847,88,49,39,188.9410494448907,0.4490978502727534,0.7725068307978256,0.11478689457456666,1039048.8255779216,-10786.204894165188,1028262.6206837564,3215,1,1150.1944444444443,77,139,42,37.53407598458534,0.554735725308642,42.40117521367521,8067.186070742368,104.76865026938141,0
3218,30.856566845543938,1,3,212,0.004651162790697674,0.013953488372093023,0.986046511627907,215,5550,4000,1550,0.7207207207207207,71,40,31,188.4964026512343,0.44895946533362313,0.7717217869317676,0.11487877111999892,1024689.5549017532,-9919.941013345155,1014769.613888408,3216,0,1156.320930232558,78,137,44,37.42858361047156,0.5558624031007752,42.28639240506328,7952.157159759423,101.9507328174285,0
3219,30.84336396527646,2,0,214,0.009345794392523364,0.0,1.0,214,7150,5100,2050,0.7132867132867133,92,51,41,187.51958975983518,0.4488444817398681,0.7681470272439548,0.11507888513910437,1026249.8576543891,-11461.609540312116,1014788.248114077,3217,0,1162.518691588785,81,133,40,37.1977130217823,0.5580704828660437,42.035060975609746,7956.506504609592,98.22847536555052,0
3220,30.403868117282318,0,4,210,0.0,0.018691588785046728,0.9813084112149533,214,5500,3500,2000,0.6363636363636364,75,35,40,205.9788351617807,0.4484678710894652,0.7919629516471278,0.12811998298502955,1015427.2303579352,-6468.6963798638835,1008958.5339780713,3218,1,1163.518691588785,71,143,38,36.227422003284076,0.5694606697819314,41.550925925925924,7857.851563181872,110.67396567861792,7
3221,30.606046526726477,1,2,209,0.004739336492890996,0.009478672985781991,0.990521327014218,211,5400,3600,1800,0.6666666666666666,72,36,36,207.9449409947612,0.44678308132099603,0.7921431699545054,0.1300411977579512,1023701.7140974402,-5025.281493154318,1018676.4326042859,3219,0,1180.8862559241707,70,141,37,35.980250345075376,0.5708925750394944,41.358568075117375,7915.9916992321205,113.085595703316,0
3222,30.63714751902172,0,0,209,0.0,0.0,1.0,209,5200,3700,1500,0.7115384615384616,67,37,30,207.82108507146606,0.4458722472702736,0.7908293053994528,0.13039275977963224,1025672.2327732826,-4368.736731476378,1021303.4960418062,3220,1,1193.1291866028707,70,139,37,35.86364366577842,0.5718700159489634,41.241197183098606,7927.631613746889,113.25188019638414,0
3223,30.32544958382826,1,2,208,0.004761904761904762,0.009523809523809525,0.9904761904761905,210,5600,3900,1700,0.6964285714285714,73,39,34,210.55555587440088,0.44634028252449304,0.793704062326976,0.1328102771099321,1016713.8614860511,-4785.049545919244,1011928.8119401318,3221,0,1188.442857142857,72,138,35,35.60081096967362,0.5733134920634921,41.05308219178082,7852.681700880858,109.06502362334525,0
3224,30.869112474440527,1,0,209,0.004784688995215311,0.0,1.0,209,6400,4600,1800,0.71875,82,46,36,211.30337822603082,0.4461128235799288,0.7940550776194548,0.13413353611843223,1036741.7041960278,-4386.595111113563,1032355.1090849143,3222,0,1194.9425837320575,76,133,38,35.351528517242556,0.5752093301435406,40.82792207792207,8000.412023611062,105.26857925804029,0
3225,30.795888909581183,0,1,208,0.0,0.004784688995215311,0.9952153110047847,209,6350,4200,2150,0.6614173228346457,85,42,43,210.06408062436358,0.44616266409029565,0.7925600827216517,0.1337259845111394,1035081.1128395625,-4663.327531942968,1030417.7853076195,3223,1,1195.9425837320575,80,129,40,35.281504720334645,0.5765550239234449,40.727880658436206,7984.515384594452,99.80644230743066,0
3226,30.805844967548893,0,2,206,0.0,0.009615384615384616,0.9903846153846154,208,6150,4600,1550,0.7479674796747967,77,46,31,208.8058576729764,0.44564636752136755,0.7901538282460183,0.13337183072628522,1036358.2563699236,-4470.465084441629,1031887.791285482,3224,2,1202.4807692307693,68,140,39,35.193686222015266,0.5779246794871795,40.6099033816425,7990.73110254263,117.51075150797985,0
3227,30.91825240624646,1,0,207,0.004830917874396135,0.0,1.0,207,5850,4300,1550,0.7350427350427351,74,43,31,181.7721322710765,0.4454147319544111,0.7465502790578136,0.11349328536161955,1033691.2209904629,-9670.748530134366,1024020.4724603286,3225,0,1208.3091787439614,86,121,40,36.71487938139555,0.5719102254428341,41.41522988505746,7994.989190824971,92.96499059098804,8
3228,30.606606731911164,0,0,207,0.0,0.0,1.0,207,5350,3800,1550,0.7102803738317757,69,38,31,179.32929075612992,0.44513722777230585,0.743704475954948,0.1122567456572242,1023998.9438555466,-10023.399132671773,1013975.5447228749,3226,1,1209.3091787439614,87,120,39,36.68456085358225,0.5730676328502415,41.32339015151514,7917.2132683765685,91.00245136065021,0
3229,30.62554430288981,0,0,207,0.0,0.0,1.0,207,5200,3700,1500,0.7115384615384616,67,37,30,177.92660027026415,0.4449339852727358,0.7419339398477212,0.11173790496972534,1025540.6010290637,-10105.809483955258,1015434.7915451084,3227,2,1210.3091787439614,90,117,41,36.604207212785994,0.5744263285024155,41.20879120879119,7925.621630033527,88.06246255592808,0
3230,30.39509169616044,1,1,207,0.004807692307692308,0.004807692307692308,0.9951923076923077,208,5350,3600,1750,0.6728971962616822,71,36,35,176.28187553295712,0.4447434736157562,0.7405008724423467,0.11110941520980626,1018842.046881737,-11029.322620770348,1007812.7242609666,3228,0,1205.485576923077,93,115,32,36.51504208574081,0.5757211538461539,41.07934397163119,7869.917082012235,84.62276432271221,0
3231,30.186929046963318,1,2,206,0.004807692307692308,0.009615384615384616,0.9903846153846154,208,6450,4900,1550,0.7596899224806202,80,49,31,175.78527530909534,0.44499992258144433,0.7410382875480901,0.11120025603416343,1012871.5792915152,-12440.41811629668,1000431.1611752185,3229,0,1206.4807692307693,95,113,33,36.39681243193433,0.5769230769230769,40.95052083333332,7819.908247256935,82.31482365533616,0
3232,30.720210098851435,1,0,207,0.004830917874396135,0.0,1.0,207,5700,3900,1800,0.6842105263157895,75,39,36,175.8500245248993,0.44497013898660165,0.7395596971827323,0.11173756394559951,1032016.0792583014,-10803.98943046752,1021212.0898278339,3230,0,1209.647342995169,98,109,37,36.23520059535888,0.5783011272141707,40.793350168350166,7962.882741847694,81.2539055290581,0
3233,30.789499139598576,1,2,206,0.004807692307692308,0.009615384615384616,0.9903846153846154,208,6300,5000,1300,0.7936507936507936,76,50,26,175.49450018573359,0.44505508330236593,0.7437374287156375,0.11220878781443554,1036093.6246522664,-11534.253439204773,1024559.3712130616,3231,0,1204.826923076923,81,127,39,36.02140665295596,0.5803285256410257,40.57418699186994,7987.590846403528,98.6122326716485,0
3234,31.02182148960251,1,0,207,0.004830917874396135,0.0,1.0,207,5100,3100,2000,0.6078431372549019,71,31,40,175.88505034986443,0.44433793755765055,0.7434490455164116,0.113013432904361,1045299.3978787266,-9729.492554683284,1035569.9053240434,3232,0,1211.2898550724638,83,124,46,35.835841215247925,0.5815720611916264,40.40178571428573,8053.2094625910495,97.02662003121746,0
3235,31.413416967461245,0,1,206,0.0,0.004830917874396135,0.9951690821256038,207,6100,4700,1400,0.7704918032786885,75,47,28,174.9313364940715,0.4441933227021872,0.7419964267441501,0.11258946408373029,1058972.7733049504,-10450.4954909863,1048522.2778139642,3233,1,1212.2898550724638,84,123,43,35.80092505191616,0.5827294685990339,40.34313725490197,8156.709297874643,97.10368211755528,0
3236,31.835134880309592,0,0,206,0.0,0.0,1.0,206,5700,4300,1400,0.7543859649122807,71,43,28,172.19927252349154,0.44340121556555373,0.7364774310546898,0.11136635332618344,1074577.9812094152,-9891.690673195077,1064686.2905362202,3234,2,1219.0582524271845,87,119,43,35.70102505694758,0.5840412621359223,40.17518939393941,8271.55789089489,95.0753780562631,0
3237,31.69324832359673,1,1,206,0.004830917874396135,0.004830917874396135,0.9951690821256038,207,6500,4300,2200,0.6615384615384615,87,43,44,170.2025235466695,0.44324648624986324,0.7349865444557808,0.11044722555142043,1070754.9804027274,-11450.960047058106,1059304.0203556693,3235,0,1214.1642512077294,89,118,44,35.633589726464585,0.5852958937198067,40.05787037037038,8238.410464116449,92.56640970917358,0
3238,31.994763937712122,1,2,205,0.004830917874396135,0.00966183574879227,0.9903381642512077,207,5550,4000,1550,0.7207207207207207,71,40,31,168.6049663957832,0.44310284852180165,0.7316550386615468,0.10975458381164652,1081847.1067421536,-10469.040984472584,1071378.0657576811,3236,0,1215.0048309178744,93,114,34,35.56443622959902,0.5866545893719807,39.949024822695044,8320.269562569732,89.46526411365303,0
3239,32.020673474987916,0,0,205,0.0,0.0,1.0,205,5850,4800,1050,0.8205128205128205,69,48,21,173.32271647795358,0.44223358042403954,0.7375074423858021,0.11304262639308206,1083276.9207125017,-9298.700280847122,1073978.2204316547,3237,5,1227.8536585365853,93,112,36,35.374108905267065,0.5875508130081301,39.88253546099292,8329.13639714533,89.56060642091752,0
3240,31.99684284683204,1,1,205,0.0048543689320388345,0.0048543689320388345,0.9951456310679612,206,5350,3900,1450,0.7289719626168224,68,39,29,181.12643080124852,0.44215703686163077,0.7520748512370805,0.11229838709677425,1067672.4297154734,-7873.26070814777,1059799.1690073258,3238,0,1222.888349514563,85,121,43,36.987567204301094,0.5694781553398058,41.66666666666667,8265.851068764956,97.24530669135243,8
3241,31.523413008540796,0,1,204,0.0,0.004878048780487805,0.9951219512195122,205,5800,4200,1600,0.7241379310344828,74,42,32,179.4925550295052,0.441952614379085,0.7491957837391989,0.11160136123228169,1052702.7557323123,-9009.538537401215,1043693.2171949111,3239,1,1229.7756097560975,81,124,42,36.92632553414606,0.5709349593495935,41.56504065040651,8146.751959422692,100.57718468423077,0
3242,31.465511843188732,0,0,204,0.0,0.0,1.0,204,4800,3400,1400,0.7083333333333334,62,34,28,177.24824954030078,0.4414863646608069,0.744672671198283,0.11046619605879351,1051455.5062406114,-8326.270409868266,1043129.2358307432,3240,2,1236.7549019607843,83,121,41,36.89844462032906,0.5716911764705883,41.48065476190476,8134.4435192826695,98.0053436058153,0
3243,31.49340674498418,2,1,205,0.009708737864077669,0.0048543689320388345,0.9951456310679612,206,5950,4400,1550,0.7394957983193278,75,44,31,173.82492723878678,0.4420682374299471,0.7434161469443064,0.10910096854341494,1054440.029696479,-10492.407712068796,1043947.6219844102,3241,0,1225.7378640776699,87,119,43,36.73060282390252,0.5737257281553398,41.2286931818182,8149.5900195561535,93.67344850064545,0
3244,31.666456782781818,0,2,203,0.0,0.00975609756097561,0.9902439024390244,205,6400,4400,2000,0.6875,84,44,40,176.72059487188844,0.44162282799298586,0.7442661990997568,0.111286212446352,1061197.6989385511,-9892.9022733797,1051304.7966651714,3242,1,1232.5121951219512,89,116,48,36.53601126609444,0.5754065040650407,41.11111111111113,8198.093811542456,92.11341361283658,0
3245,32.08697362579,1,1,203,0.004901960784313725,0.004901960784313725,0.9950980392156863,204,5700,4300,1400,0.7543859649122807,71,43,28,178.85611496502477,0.4413289022505554,0.745777548307458,0.11314508279297333,1076630.1949426238,-7987.621215704907,1068642.573726919,3243,0,1223.4264705882354,92,112,39,36.31654992505478,0.5771548202614378,40.949820788530474,8312.13626811462,90.34930726211543,0
3246,32.294721851187134,0,0,203,0.0,0.0,1.0,203,4750,3300,1450,0.6947368421052632,62,33,29,182.0193341702051,0.44092836007738706,0.7478849963820442,0.11544676239680607,1084371.582965083,-5874.6812951209295,1078496.901669962,3244,3,1230.4532019704434,93,110,39,36.140822108189035,0.5781506568144499,40.857712765957444,8368.928086103835,89.98847404412726,0
3247,32.50902715602741,1,0,204,0.004901960784313725,0.0,1.0,204,6100,4300,1800,0.7049180327868853,79,43,36,180.51584334875474,0.44089625792845877,0.747941955848255,0.11521719472936376,1093438.2021160196,-7423.416159056138,1086014.7859569634,3245,0,1225.4166666666667,96,108,43,35.953802997681365,0.5800142973856209,40.63573883161512,8431.679809626014,87.82999801693764,0
3248,32.155857284186524,1,0,205,0.004878048780487805,0.0,1.0,205,5050,3200,1850,0.6336633663366337,69,32,37,184.11415869355142,0.4409353578829906,0.7545552487185259,0.11859534288531731,1084236.1725088237,-6125.353854684248,1078110.8186541395,3246,0,1220.4341463414635,83,122,43,35.533811263390795,0.5818597560975609,40.314980158730165,8350.394436857032,100.60716188984375,0
3249,32.03565765308775,0,0,205,0.0,0.0,1.0,205,6800,5100,1700,0.75,85,51,34,184.5292721120088,0.44063645783516664,0.7563542764500495,0.11941799320117454,1081534.419411464,-7885.048164383639,1073649.3712470802,3247,1,1221.4341463414635,85,120,45,35.357671421246444,0.5834857723577236,40.152616279069775,8324.381826934272,97.93390384628555,0
3250,31.968624008453798,0,1,204,0.0,0.004878048780487805,0.9951219512195122,205,6600,4600,2000,0.696969696969697,86,46,40,185.13409046419898,0.4403495137892555,0.7565045093073883,0.12014020764166099,1080067.2793242235,-7608.545320433566,1072458.73400379,3248,2,1222.4341463414635,87,118,46,35.24438372799029,0.5848069105691056,40.05681818181818,8310.025843106594,95.51753842651257,0
3251,32.21282446604272,1,0,205,0.004878048780487805,0.0,1.0,205,5650,3400,2250,0.6017699115044248,79,34,45,185.86486387160858,0.44015522875817,0.7577888465458456,0.12109508135862346,1089472.1298567809,-6151.082178451509,1083321.0476783293,3249,0,1223.341463414634,89,116,40,35.08498917122809,0.5863313008130081,39.91898148148149,8377.94419648666,94.1342044549063,0
3252,32.01226502463808,0,0,205,0.0,0.0,1.0,205,5600,4000,1600,0.7142857142857143,72,40,32,188.76256907739122,0.43956539933046385,0.7608302195599665,0.12362737583244889,1084192.3730789346,-5669.0124567012845,1078523.3606222332,3250,1,1224.341463414634,93,112,43,34.82571177155188,0.5878556910569106,39.73847517730497,8331.560908340549,89.58667643376934,0
3253,31.608763692019963,1,1,205,0.0048543689320388345,0.0048543689320388345,0.9951456310679612,206,6200,4000,2200,0.6451612903225806,84,40,44,187.52000000000007,0.4397056792169864,0.7621359223300983,0.12336842105263171,1071803.23933987,-7203.091311797485,1064600.1480280724,3251,0,1219.393203883495,73,133,44,34.70000000000002,0.5896541262135923,39.583333333333336,8231.4488781302,112.75957367301645,0
3254,32.099515212223906,0,1,204,0.0,0.004878048780487805,0.9951219512195122,205,4850,2900,1950,0.5979381443298969,68,29,39,205.620495694003,0.43904630958074287,0.7796573505772779,0.1287605651139688,1074052.6315170745,-1680.5531012021384,1072372.0784158723,3252,1,1225.9560975609756,78,127,37,35.9914708530846,0.5726117886178862,41.31065400843882,8303.802596896368,106.45900765251754,8
3255,32.04831162126697,1,0,205,0.004878048780487805,0.0,1.0,205,5650,3800,1850,0.672566371681416,75,38,37,205.37993651887618,0.43907022158456877,0.7802212580766708,0.12932447613579912,1073972.9747816334,-2535.499723271869,1071437.4750583614,3253,0,1226.9463414634147,80,125,40,35.79667759508553,0.5742378048780488,41.11368312757202,8296.869357609638,103.71086697012046,0
3256,32.51520040933802,1,1,205,0.0048543689320388345,0.0048543689320388345,0.9951456310679612,206,6950,5700,1250,0.8201438848920863,82,57,25,201.66339576700142,0.4394950272318257,0.7779547784974299,0.12765251175082587,1091184.1069314387,-4139.621517844516,1087044.4854135942,3254,0,1221.985436893204,85,121,37,35.70327232066327,0.5760517799352751,40.92781007751939,8423.784175815566,99.10334324488902,0
3257,32.508409185546455,0,0,205,0.0,0.0,1.0,205,5100,3500,1600,0.6862745098039216,67,35,32,215.3590309176534,0.439077195919018,0.7858118000844532,0.1305319317503829,1077871.619128434,325.8774698283478,1078197.4965982623,3255,1,1228.8829268292684,74,131,36,36.94031695521636,0.5602134146341464,42.486111111111114,8371.366870961354,113.12657933731559,8
3258,32.88257028363797,0,0,205,0.0,0.0,1.0,205,6250,4800,1450,0.768,77,48,29,218.08121651481645,0.4392575322812052,0.7882551929619248,0.13285030679215626,1091832.9801699168,371.65290929038747,1092204.633079207,3256,2,1229.8829268292684,76,129,38,36.68259051218784,0.5619410569105692,42.302489177489164,8473.75651153974,111.49679620447026,0
3259,32.88513924850282,3,1,207,0.014423076923076924,0.004807692307692308,0.9951923076923077,208,6200,4300,1900,0.6935483870967742,81,43,38,211.65079501826312,0.4403180354267311,0.7848821989528807,0.12968703617755103,1093710.844497094,-1503.046048419007,1092207.7984486748,3257,0,1213.1298076923076,80,128,43,36.63238593866865,0.5642027243589743,42.09104938271603,8481.37175448457,106.01714693105711,0
3260,33.01243200637171,0,0,207,0.0,0.0,1.0,207,5400,3900,1500,0.7222222222222222,69,39,30,209.74470322141661,0.4401792833356784,0.781585940036424,0.12870528956967198,1098390.2519327349,-723.6925174146108,1097666.5594153202,3258,1,1219.1690821256038,83,124,35,36.628088645322535,0.5653683574879227,42.03869047619045,8515.930190929308,102.60156856541334,0
3261,33.05848099020255,1,2,206,0.004807692307692308,0.009615384615384616,0.9903846153846154,208,6100,3800,2300,0.6229508196721312,84,38,46,212.78373868734968,0.4407089991329122,0.785961935474558,0.13126077634279176,1101546.1575059392,-821.7780538406869,1100724.3794520986,3259,0,1214.3028846153845,85,123,37,36.355305447379514,0.5673076923076923,41.84835271317827,8534.101324420808,100.4011920520095,0
3262,33.058856477101415,3,1,208,0.014354066985645933,0.004784688995215311,0.9952153110047847,209,6700,5500,1200,0.8208955223880597,79,55,24,209.41218689027716,0.441293629615998,0.7842868583413412,0.13009417812679436,1103719.1619223012,-2273.5513178289666,1101445.6106044722,3260,0,1209.4593301435407,72,137,44,36.184010712905206,0.5691786283891547,41.59531963470322,8542.563241207674,118.64671168343992,0
3263,33.403945088730126,1,2,207,0.004784688995215311,0.009569377990430622,0.9904306220095693,209,5750,4300,1450,0.7478260869565218,72,43,29,209.8563683015244,0.441523662740768,0.7834201929290943,0.1312822397049077,1117392.2293664995,-651.6249553602665,1116740.6044111392,3261,0,1208.9186602870814,77,132,43,35.91813816604711,0.5712220893141946,41.34615384615386,8640.058873911967,112.20855680405151,0
3264,33.74110213120626,0,0,207,0.0,0.0,1.0,207,6050,4300,1750,0.7107438016528925,78,43,35,211.78545889310305,0.44119549583352874,0.7844845188491052,0.1329370533518519,1129719.6318598688,401.63813079810006,1130121.2699906668,3262,1,1220.6376811594203,77,130,40,35.745503689941664,0.5727153784219001,41.22596153846155,8731.321260635494,113.39378260565576,0
3265,34.09553008914286,0,0,207,0.0,0.0,1.0,207,4600,3200,1400,0.6956521739130435,60,32,28,211.02178379490687,0.44103036130262807,0.7843609185388616,0.1326828192150558,1142119.1192754286,2202.4027711540475,1144321.5220465825,3263,2,1221.6376811594203,78,129,40,35.70364238410596,0.5737218196457328,41.16561181434601,8825.095670488896,113.14225218575507,0
3266,33.88082235586839,0,0,207,0.0,0.0,1.0,207,5300,3900,1400,0.7358490566037735,67,39,28,211.80654905874158,0.44096587089411066,0.784341298389077,0.13360454071320785,1135926.033232684,1419.31461700013,1137345.347849684,3264,3,1222.6376811594203,82,125,43,35.56701239115332,0.575030193236715,41.051706827309246,8773.381120339289,106.9924526870645,0
3267,33.93317554787158,0,2,205,0.0,0.00966183574879227,0.9903381642512077,207,6750,5100,1650,0.7555555555555555,84,51,33,226.900821813805,0.4410069102449854,0.7985408174578745,0.14378678005363218,1139113.9511048181,3543.178329051416,1142657.1294338696,3265,4,1223.6376811594203,78,129,34,35.00945668583452,0.5765398550724637,40.88871308016882,8792.468785485667,112.72395878827778,8
3268,34.31345159609522,1,0,206,0.0048543689320388345,0.0,1.0,206,5050,3400,1650,0.6732673267326733,67,34,33,225.62404501903185,0.44033516852158816,0.7978188282629901,0.1435846939442929,1153208.1177917132,5788.2960569908055,1158996.413848704,3266,0,1230.5194174757282,81,125,37,34.889785143809114,0.5778216019417476,40.73932926829272,8896.128475923728,109.82874661634231,0
3269,33.85047114686265,2,1,207,0.009615384615384616,0.004807692307692308,0.9951923076923077,208,5650,3700,1950,0.6548672566371682,76,37,39,220.25802233139657,0.44091706150130067,0.796979156414134,0.1414158489905166,1140375.607859971,2985.3752204403304,1143360.9830804113,3267,0,1219.6778846153845,68,140,40,34.71147881043775,0.5799278846153846,40.42874396135266,8786.609313091134,129.2148428395755,0
3270,33.77250995389483,0,1,206,0.0,0.004830917874396135,0.9951690821256038,207,6450,4300,2150,0.6666666666666666,86,43,43,202.57812178707468,0.4402467051264012,0.7759449869207313,0.12849566900784162,1134014.364470045,-1904.69999321863,1132109.6644768266,3268,1,1226.4444444444443,85,122,38,35.60542767001637,0.5771940418679549,40.855135658914755,8751.972510460102,102.9643824760012,7
3271,33.70678365138688,0,0,206,0.0,0.0,1.0,206,5650,3800,1850,0.672566371681416,75,38,37,203.57876854549883,0.43983443839292763,0.7756543032454077,0.12944125978641732,1132548.1336348536,-737.4491272222249,1131810.6845076315,3269,2,1233.388349514563,85,121,39,35.49298352178926,0.5781755663430421,40.77034883720933,8737.797767768763,102.79762079727956,0
3272,33.75866704396152,0,0,206,0.0,0.0,1.0,206,5800,3900,1900,0.6724137931034483,77,39,38,203.74659426241388,0.43956212013576446,0.7755537436165789,0.1298604000167927,1135033.527739909,-748.1568698676028,1134285.3708700414,3270,3,1234.388349514563,85,121,39,35.40211865726255,0.5791868932038835,40.68556201550391,8754.109771610716,102.98952672483195,0
3273,33.81867237817085,1,0,207,0.004830917874396135,0.0,1.0,207,5400,3800,1600,0.7037037037037037,70,38,32,207.004429186332,0.4400561652830543,0.7826722174254583,0.12380682356425736,1117066.0656820536,-552.4753420129618,1116513.5903400406,3271,0,1229.4202898550725,89,118,35,37.65399611233697,0.5601851851851851,42.97453703703704,8692.259924792132,97.66584185159698,8
3274,33.508036497233405,1,0,208,0.004807692307692308,0.0,1.0,208,5300,3600,1700,0.6792452830188679,70,36,34,205.817750561351,0.44013416635699243,0.7845114130088862,0.12368995043549626,1108326.896272089,-1277.330264526864,1107049.5660075622,3272,0,1224.5048076923076,92,116,36,37.5042641060256,0.5617988782051282,42.79793906810036,8618.336044869759,93.67756570510608,0
3275,33.284499500771894,0,1,207,0.0,0.004807692307692308,0.9951923076923077,208,5350,3700,1650,0.6915887850467289,70,37,33,207.8974942695031,0.4402904550662703,0.7868957014993436,0.125446506604106,1102202.9492857656,-1120.9537334065863,1101081.9955523591,3273,1,1225.5048076923076,70,138,37,37.29939855196398,0.5628505608974359,42.64964788732395,8565.777666417855,122.36825237739792,0
3276,33.552655875231736,0,0,207,0.0,0.0,1.0,207,6150,4500,1650,0.7317073170731707,78,45,33,208.69862183935243,0.4399154589371981,0.7874444321302345,0.12646659938592858,1112424.7088377613,-1117.6992731032615,1111307.0095646582,3274,2,1232.111111111111,72,135,38,37.12018360486164,0.5641606280193237,42.49429223744292,8640.000398465067,120.00000553423703,0
3277,33.20584961117052,2,1,208,0.009569377990430622,0.004784688995215311,0.9952153110047847,209,7200,5600,1600,0.7777777777777778,88,56,32,203.49261722117967,0.44038979112992266,0.7817672061240617,0.12426950590639177,1103333.846086288,-4095.941598238178,1099237.90448805,3275,0,1221.311004784689,81,128,39,36.96712946993216,0.5664374003189793,42.21290650406504,8560.039458326772,105.6794994855157,0
3278,33.23671324625065,1,0,209,0.004784688995215311,0.0,1.0,209,5100,3500,1600,0.6862745098039216,67,35,32,216.8798234521862,0.440745384001963,0.7917622193541303,0.12975595351069016,1097947.0469938105,724.5123423735176,1098671.559336184,3276,0,1220.5837320574162,81,128,38,37.38777140786133,0.5568181818181819,42.962398373983746,8543.085058747927,105.47018591046823,6
3279,33.16423824946411,1,0,210,0.004761904761904762,0.0,1.0,210,5800,4200,1600,0.7241379310344828,74,42,32,217.1529304332283,0.4412304435330751,0.7941769705548101,0.13073391077099988,1097510.6034199598,-134.47125716304163,1097376.1321627968,3277,0,1215.7666666666667,84,126,39,37.14621143555787,0.5584821428571429,42.7328431372549,8532.06928395834,101.57225338045643,0
3280,33.05168529323579,3,0,213,0.014084507042253521,0.0,1.0,213,6250,4400,1850,0.704,81,44,37,204.353104080801,0.4426257492544365,0.7835972855467637,0.1211912258960475,1089078.5686763283,-4338.682780623095,1084739.885895705,3278,0,1199.6291079812206,80,133,38,38.041027953110934,0.5503716744913928,43.287037037037045,8484.796062545967,106.0599507818246,8
3281,32.58692193541013,2,2,213,0.009302325581395349,0.009302325581395349,0.9906976744186047,215,6200,4300,1900,0.6935483870967742,81,43,38,202.21373702666494,0.44314913424617836,0.7839255707473878,0.12068930897347262,1075735.788734457,-5694.289221335535,1070041.4995131216,3279,0,1189.460465116279,84,131,34,37.855618352649444,0.552374031007752,43.051470588235304,8373.161669359632,99.68049606380514,0
3282,32.706296775035284,1,2,212,0.004672897196261682,0.009345794392523364,0.9906542056074766,214,5350,4100,1250,0.7663551401869159,66,41,25,202.18330712529513,0.44289229666681296,0.7823590754436629,0.12100209091407295,1080524.5267691223,-4457.195549564662,1076067.3312195577,3280,0,1196.0046728971963,85,129,35,37.75347124053656,0.5536409657320872,42.95058139534885,8407.134570734026,98.90746553804736,0
3283,32.405968357061546,2,1,213,0.009345794392523364,0.004672897196261682,0.9953271028037384,214,6800,4800,2000,0.7058823529411765,88,48,40,202.6390559878232,0.4426226361282963,0.7860295233734147,0.12199970116867578,1072426.2137590023,-6136.912885455987,1066289.3008735464,3281,0,1195.8644859813085,88,126,40,37.518481870706545,0.5554906542056075,42.731741573033716,8337.027041860621,94.73894365750706,0
3284,32.79439768926451,1,2,212,0.004672897196261682,0.009345794392523364,0.9906542056074766,214,6350,4700,1650,0.7401574803149606,80,47,33,202.35058946168766,0.4425636764512308,0.7862406243199094,0.12265744478502695,1087379.4151213674,-5143.626876337363,1082235.78824503,3282,0,1196.5046728971963,73,141,38,37.272238621041524,0.5575837227414331,42.483108108108105,8445.11136440603,115.68645704665794,0
3285,33.00187138254882,1,1,212,0.004694835680751174,0.004694835680751174,0.9953051643192489,213,5450,3300,2150,0.6055045871559633,76,33,43,201.47267752339386,0.4431803082646824,0.7828669507938515,0.12303154363283939,1096545.1582404075,-3865.222188798585,1092679.936051609,3283,0,1200.1361502347418,77,136,42,37.020530055777144,0.5595168231611893,42.21420940170938,8507.413505573402,110.48588968277146,0
3286,32.79839857821918,3,2,213,0.013953488372093023,0.009302325581395349,0.9906976744186047,215,6100,4300,1800,0.7049180327868853,79,43,36,196.33993749298966,0.44408280808519884,0.7799976815946217,0.12110983259999458,1092861.8180467798,-6185.515791244234,1086676.3022555355,3284,0,1188.9581395348837,84,131,40,36.78198433420365,0.5621608527131783,41.85049019607842,8466.890515320885,100.79631565858196,0
3287,32.81803063426536,0,0,213,0.0,0.0,1.0,213,6800,5000,1800,0.7352941176470589,86,50,36,198.05874940059877,0.44353832639442525,0.7813754807844375,0.12267499207125902,1094772.825090706,-6034.132676954892,1088738.6924137513,3285,1,1201.0798122065728,87,126,45,36.586363671081386,0.5636737089201878,41.702178030303024,8476.825834165515,97.43477970305189,0
3288,32.54336645535979,1,2,212,0.004672897196261682,0.009345794392523364,0.9906542056074766,214,5750,3900,1850,0.6782608695652174,76,39,37,196.809142734109,0.44337311511854094,0.7811057525053708,0.12282922595645084,1087894.7616585288,-5728.472914611092,1082166.2887439178,3286,0,1196.46261682243,74,140,44,36.34167248572091,0.5656152647975078,41.43055555555558,8414.72018471441,113.7124349285731,0
3289,32.40442960011773,0,1,211,0.0,0.0047169811320754715,0.9952830188679245,212,6300,4800,1500,0.7619047619047619,78,48,30,197.18629094378505,0.44268784091925245,0.7795359003710411,0.12337048045959412,1083992.4190820183,-5950.311094006758,1078042.1079880116,3287,1,1208.6037735849056,76,136,46,36.241610006973524,0.5667747641509434,41.34199134199137,8381.665232065146,110.28506884296246,0
3290,32.50769369983332,0,1,210,0.0,0.004739336492890996,0.995260663507109,211,6500,4800,1700,0.7384615384615385,82,48,34,194.03475233966662,0.4426164146543294,0.774266399185402,0.12173910981685238,1088285.3467188058,-6466.964454905335,1081818.3822639005,3288,2,1214.9241706161138,80,131,47,36.22148501565529,0.5683254344391785,41.242283950617306,8411.616575801834,105.14520719752292,0
3291,32.44807491775075,0,0,210,0.0,0.0,1.0,210,6450,4600,1850,0.7131782945736435,83,46,37,192.54184906927233,0.4418465671755145,0.7719758823108458,0.12128078792213894,1087468.3883027998,-6573.365142359042,1080895.0231604408,3289,3,1221.5619047619048,82,128,46,36.11703588798939,0.5697916666666667,41.10190763052211,8400.744697267643,102.44810606423954,0
3292,32.66856293335179,1,2,209,0.004739336492890996,0.009478672985781991,0.990521327014218,211,6650,4800,1850,0.7218045112781954,85,48,37,195.5225659153952,0.4416252915068081,0.7743796477793441,0.1237100125975926,1096196.9640070517,-5983.751369734743,1090213.212637317,3290,0,1216.7677725118483,84,127,40,35.87849078322847,0.5714849921011058,40.943627450980415,8462.999409903538,100.74999297504212,0
3293,32.49550112464059,0,0,209,0.0,0.0,1.0,209,6750,5400,1350,0.8,81,54,27,200.67856791154915,0.4408431480799902,0.779973470199937,0.12769006849805403,1092064.8368308705,-4719.198495644185,1087345.6383352263,3291,5,1229.2392344497607,86,123,43,35.542034206191616,0.5729166666666667,40.74473180076629,8424.62985933721,97.96081231787454,0
3294,32.96495021082378,1,0,210,0.004761904761904762,0.0,1.0,210,6750,4700,2050,0.6962962962962963,88,47,41,205.04559014757476,0.4412423103212577,0.785688792828741,0.13113913162210863,1109381.3327824213,-3255.2499841852296,1106126.082798236,3292,0,1224.3809523809523,68,142,46,35.24500533410922,0.5745039682539683,40.564613526570035,8552.274598022414,125.7687440885649,0
3295,33.07543104766972,0,0,210,0.0,0.0,1.0,210,6000,4300,1700,0.7166666666666667,77,43,34,206.31226994276207,0.4410519670388091,0.7873489979607049,0.13245141422935547,1114241.50717078,-2023.6610782304888,1112217.8460925496,3293,1,1225.3809523809523,69,141,44,35.07633195742323,0.5755456349206349,40.431547619047606,8585.338448876502,124.42519491125366,0
3296,33.11218475560807,0,0,210,0.0,0.0,1.0,210,5850,3800,2050,0.6495726495726496,79,38,41,203.22093783193023,0.4411013328776487,0.7848857132248019,0.1311512838905269,1117050.5422421703,-2448.3882399762115,1114602.154002194,3294,2,1226.3809523809523,71,139,45,34.97015521146635,0.5766369047619048,40.248842592592574,8600.928314557068,121.13983541629673,0
3297,32.726054407565805,0,1,209,0.0,0.004761904761904762,0.9952380952380953,210,6000,3800,2200,0.6333333333333333,82,38,44,202.26680806095828,0.4409413685729475,0.7840036935584542,0.13102630913759314,1105134.7627037638,-3293.5838141411623,1101841.1788896227,3295,3,1227.3809523809523,73,137,42,34.861697901996905,0.5777777777777777,40.118243243243235,8504.904511155386,116.50554124870392,0
3298,32.55894513169824,1,1,209,0.004761904761904762,0.004761904761904762,0.9952380952380953,210,6150,4600,1550,0.7479674796747967,77,46,31,198.2853353477393,0.44063662945241894,0.7794671343360495,0.12912727936060048,1101042.1105710615,-4485.899174687105,1096556.2113963743,3296,0,1226.7095238095237,76,134,37,34.7783586489111,0.5793650793650793,39.93506493506492,8467.43995145785,111.41368357181382,0
3299,32.81511661427942,0,1,208,0.0,0.004784688995215311,0.9952153110047847,209,6350,4600,1750,0.7244094488188977,81,46,35,201.61066460035514,0.4404271715126978,0.7825342847748367,0.13172786867199268,1110681.4566919333,-3364.954671410176,1107316.5020205232,3297,5,1233.578947368421,78,131,38,34.575182444759776,0.5805422647527911,39.82067510548521,8537.814887037928,109.45916521843498,0
3300,32.75603109055305,0,0,208,0.0,0.0,1.0,208,6600,5300,1300,0.803030303030303,79,53,26,202.3197691892478,0.43988884630868325,0.7818885404240594,0.132602366757149,1109594.836712989,-3301.4057485297053,1106293.4309644594,3298,6,1239.6634615384614,79,129,39,34.447432049358014,0.5822816506410257,39.71354166666665,8525.951321616563,107.92343445084258,0
3301,33.03547184728118,1,0,209,0.004784688995215311,0.0,1.0,209,4750,3600,1150,0.7578947368421053,59,36,23,201.71040086743668,0.4401549656483867,0.7825075564141546,0.13287932593225996,1120570.3208200114,-1343.8622774486125,1119226.4585425628,3299,0,1234.7272727272727,68,141,42,34.284254912189205,0.5838815789473684,39.538043478260875,8604.483631961695,126.5365239994367,0
3302,32.70047935410449,0,1,208,0.0,0.004784688995215311,0.9952153110047847,209,5500,3500,2000,0.6363636363636364,75,35,40,202.36729893772676,0.44022110017175803,0.7836564003009645,0.13401884987187807,1110750.8164890432,-2344.0714948474633,1108406.7449941956,3300,1,1235.7272727272727,68,141,43,34.082319721980866,0.5850279106858054,39.35688405797102,8523.154831651806,125.34051223017362,0
3303,32.693699722986594,0,0,208,0.0,0.0,1.0,208,5650,3600,2050,0.6371681415929203,77,36,41,207.04238487346683,0.4399812647095256,0.7876866967697114,0.13766166883388278,1111678.6289548052,-1217.081089666155,1110461.547865139,3301,2,1240.9615384615386,68,140,40,33.82178418432327,0.5865384615384616,39.22101449275363,8525.829846239007,125.3798506799854,0
3304,33.04262113523849,0,0,208,0.0,0.0,1.0,208,6000,4600,1400,0.7666666666666667,74,46,28,204.2078910652905,0.4393996578099839,0.7853544308176639,0.13655826940862398,1125225.5195415672,-1644.0139363139183,1123581.5056052532,3302,3,1241.9615384615386,70,138,44,33.69652293681134,0.5882411858974359,39.02582159624414,8623.27090307547,123.18958432964958,0
3305,33.06507458156087,0,1,207,0.0,0.004807692307692308,0.9951923076923077,208,5300,4000,1300,0.7547169811320755,66,40,26,208.04626981539712,0.4393125619348445,0.7891411461332503,0.13982573572866674,1127459.5424673778,12.750435622579062,1127472.2929030005,3303,4,1242.9615384615386,72,136,40,33.42258164399031,0.5895432692307692,38.85559360730595,8634.759273931899,119.92721213794304,0
3306,32.56221287338392,0,0,207,0.0,0.0,1.0,207,5350,3900,1450,0.7289719626168224,68,39,29,209.0444369105163,0.4386735300095368,0.7893203701541263,0.1378409893914084,1104792.4771451782,-559.8557424426026,1104232.6214027356,3304,5,1249.3188405797102,66,141,43,34.06010643588978,0.5850946054750403,39.50559701492536,8482.27420232502,128.51930609583363,7
3307,32.94349086594553,0,1,206,0.0,0.004830917874396135,0.9951690821256038,207,5750,4200,1550,0.7304347826086957,73,42,31,204.97750480670686,0.43848201303878803,0.7847171538131823,0.13567558651491496,1118849.74281023,-1282.1942930268824,1117567.5485172032,3305,6,1250.3188405797102,69,138,43,34.03277378097522,0.5863023349436394,39.374999999999986,8585.897306937017,124.43329430343502,0
3308,32.725993864222936,0,1,205,0.0,0.0048543689320388345,0.9951456310679612,206,5950,4500,1450,0.7563025210084033,74,45,29,206.78259419111367,0.4382765016970558,0.7858813228709491,0.1372284488722843,1112224.6256533402,-1152.2613168324597,1111072.3643365079,3306,7,1256.9029126213593,69,137,45,33.89459665144594,0.5876820388349515,39.28571428571428,8532.134114600965,123.65411760291254,0
3309,32.664651934184,0,1,204,0.0,0.004878048780487805,0.9951219512195122,205,6950,5000,1950,0.7194244604316546,89,50,39,207.07716768808712,0.43812868643392316,0.7853129826221255,0.1380251996035042,1111407.5053103587,-1920.576330609737,1109486.9289797489,3307,8,1263.8146341463414,69,136,44,33.73502567027952,0.5892276422764228,39.13690476190475,8521.002208426253,123.49278562936598,0
3310,32.868360769909295,0,0,204,0.0,0.0,1.0,204,5300,3700,1600,0.6981132075471698,69,37,32,206.11207670154124,0.4380775298625197,0.7821527597124491,0.13796859661371766,1119580.4274561622,51.80938747782329,1119632.23684364,3308,9,1266.9754901960785,73,131,48,33.61242943947077,0.5906862745098039,38.99211711711712,8578.90125838483,117.51919532034015,0
3311,32.44283031021313,0,1,203,0.0,0.004901960784313725,0.9950980392156863,204,5550,3700,1850,0.6666666666666666,74,37,37,207.45300499815937,0.437863220000644,0.7838752528023651,0.139154824003648,1105681.8426777779,-474.5958329184796,1105207.2468448593,3309,10,1267.9754901960785,73,131,38,33.505587156952586,0.5920138888888888,38.921734234234236,8470.117873923475,116.02901197155445,0
3312,32.602038009616564,1,2,202,0.004901960784313725,0.00980392156862745,0.9901960784313726,204,5000,3400,1600,0.68,66,34,32,202.04586520881847,0.4381499726327312,0.7805880783214922,0.13222294243822677,1103936.4668579684,-1190.8402836231094,1102745.6265743452,3310,0,1268.3088235294117,79,125,41,34.50769705460491,0.5826184640522876,39.765625,8484.170985158808,107.39456943238997,8
3313,32.640593102807095,0,1,201,0.0,0.0049504950495049506,0.995049504950495,202,6200,4200,2000,0.6774193548387096,82,42,40,205.02930109855217,0.4379638523553848,0.7805795980899608,0.13464174901201229,1106257.6155504757,-1236.9548497470378,1105020.6607007287,3311,1,1279.8613861386139,82,120,43,34.308066200690924,0.5843646864686469,39.6460843373494,8498.10622386714,103.63544175447731,0
3314,32.322910678743845,1,1,201,0.0049504950495049506,0.0049504950495049506,0.995049504950495,202,4900,3900,1000,0.7959183673469388,59,39,20,205.07874638505908,0.43750513111012596,0.7811460398867487,0.13527161018149342,1096770.520017604,-315.13533654021285,1096455.384681064,3312,0,1280.3217821782177,69,133,44,34.15162420503445,0.5859117161716172,39.494047619047606,8420.310630090597,122.03348739261735,0
3315,32.23417652159242,0,0,201,0.0,0.0,1.0,201,5300,3800,1500,0.7169811320754716,68,38,30,206.19147441360278,0.43732276119402985,0.780862578996907,0.13623365273755897,1094241.9078074784,-375.32953280448146,1093866.578274674,3313,1,1287.1094527363184,70,131,43,34.064024962462454,0.5871165008291874,39.436619718309856,8399.045995062808,119.98637135804012,0
3316,32.414344916017775,0,0,201,0.0,0.0,1.0,201,5400,3700,1700,0.6851851851851852,71,37,34,205.01979582756036,0.4368864013266998,0.7789836838287643,0.13614561821969542,1101817.3856304034,-421.12491175963305,1101396.2607186437,3314,2,1288.1094527363184,74,127,43,33.91828246240165,0.5884639303482587,39.263888888888886,8451.590237616689,114.210678886712,0
3317,32.21158011999576,0,0,201,0.0,0.0,1.0,201,5350,3300,2050,0.616822429906542,74,33,41,209.62494329394625,0.4366594112769486,0.7837112626200726,0.13198262006569572,1079410.9439386895,-295.70841719733835,1079115.2355214923,3315,3,1289.1094527363184,73,128,44,35.69086101897667,0.5727093698175787,41.11768018018019,8339.008586526508,114.23299433597957,8
3318,31.842685718814284,2,1,202,0.009852216748768473,0.0049261083743842365,0.9950738916256158,203,6050,4200,1850,0.6942148760330579,79,42,37,208.31553113839075,0.4370610398478272,0.7846072936235748,0.13208487252419351,1069104.3361984913,-2107.792472490789,1066996.5437260005,3316,0,1277.3990147783252,76,127,37,35.4703950230575,0.5748152709359606,40.8685064935065,8251.44270757426,108.57161457334553,0
3319,31.97699051856833,1,0,203,0.0049261083743842365,0.0,1.0,203,6150,4200,1950,0.6829268292682927,81,42,39,209.22907121989317,0.4374126144141508,0.7862349598344256,0.1330350433435677,1074429.6158411507,-1789.6178772817107,1072639.997963869,3317,0,1278.3940886699506,78,125,39,35.346197863682605,0.5763033661740558,40.77004219409284,8289.39390288839,106.27428080626142,0
3320,31.956431168531136,0,0,203,0.0,0.0,1.0,203,6800,5100,1700,0.75,85,51,34,213.24808540968252,0.4372073598985515,0.7896150599039851,0.1362128457159085,1075073.5307455743,-1548.5255787758197,1073525.0051667984,3318,1,1279.3940886699506,64,139,41,35.0775103999341,0.5777914614121511,40.60897435897436,8289.21145663213,129.51892900987704,0
3321,31.798739941000996,0,0,203,0.0,0.0,1.0,203,5900,4100,1800,0.6949152542372882,77,41,36,210.11487789884885,0.4371341998731893,0.7864071741723284,0.13473755720523445,1070900.14802689,-1497.5892310942368,1069402.5587957955,3319,2,1280.3940886699506,67,136,41,35.01874040845238,0.579382183908046,40.47181372549019,8252.669302702794,123.17416869705663,0
3322,31.875318269174212,1,0,204,0.004901960784313725,0.0,1.0,204,6450,5100,1350,0.7906976744186046,78,51,27,206.05236481357082,0.4375679150970733,0.7822515099972807,0.13270304614419723,1074725.5911465285,-2960.050083719074,1071765.5410628095,3320,0,1275.112745098039,71,133,44,34.97043707170317,0.5810355392156863,40.32118055555555,8277.345017555077,116.58232419091658,0
3323,32.09445114912416,0,1,203,0.0,0.004901960784313725,0.9950980392156863,204,5200,3600,1600,0.6923076923076923,68,36,32,208.04060756626578,0.4375578536012106,0.7841339223016501,0.13449406283189394,1083219.0182802181,-929.2914619298135,1082289.7268182882,3321,1,1276.112745098039,73,131,43,34.78349451879141,0.5821589052287581,40.18862612612613,8338.503446781891,114.22607461345056,0
3324,32.38097183177317,0,0,203,0.0,0.0,1.0,203,6200,4500,1700,0.7258064516129032,79,45,34,206.77599281942395,0.43712708709294573,0.7826323841310177,0.1343725182525406,1094407.6133783201,-1540.5558389121188,1092867.057539408,3322,2,1282.960591133005,75,128,44,34.63221791695222,0.583743842364532,40.008223684210535,8418.786385374267,112.25048513832357,0
3325,32.52786474022654,0,0,203,0.0,0.0,1.0,203,5350,3900,1450,0.7289719626168224,68,39,29,210.03438668647405,0.4368151408736933,0.7855568596419495,0.13706063042766592,1100594.1585451646,282.52381614987735,1100876.6823613145,3323,3,1283.960591133005,77,126,38,34.40002695210227,0.5852319376026273,39.86378205128205,8461.675711469985,109.89189235675305,0
3326,32.47473172170123,1,1,203,0.004901960784313725,0.004901960784313725,0.9950980392156863,204,5200,3500,1700,0.6730769230769231,69,35,34,200.48795802631486,0.43697428684117323,0.7729113560963994,0.12484837949971489,1084935.8668255222,-2496.6846941280482,1082439.182131394,3324,0,1278.6617647058824,72,132,43,36.32728401876897,0.571640114379085,41.50970319634705,8394.40304136159,116.58893113002208,7
3327,32.49683767390513,1,1,203,0.004901960784313725,0.004901960784313725,0.9950980392156863,204,6000,4400,1600,0.7333333333333333,76,44,32,199.64866447457277,0.43688524260278827,0.7716607448348469,0.12499013028030016,1087273.180094959,-3385.472335003852,1083887.7077599552,3325,0,1279.637254901961,74,130,45,36.15492170022371,0.5728145424836601,41.31944444444446,8406.300023284515,113.59864896330426,0
3328,32.48059490696744,0,0,203,0.0,0.0,1.0,203,6400,4200,2200,0.65625,86,42,44,200.48464990395402,0.4365418068900486,0.7723336564537648,0.1260303638077988,1087958.456676426,-3376.205940636004,1084582.25073579,3326,1,1286.128078817734,75,128,42,35.984166490150386,0.5744560755336617,41.173245614035096,8406.846960295705,112.09129280394274,0
3329,32.09048881491166,1,2,202,0.004901960784313725,0.00980392156862745,0.9901960784313726,204,5200,3100,2100,0.5961538461538461,73,31,42,199.59722388718473,0.43672174329501917,0.7712715628123166,0.12621701118918194,1076634.082550202,-3021.365196130604,1073612.7173540713,3327,0,1280.8186274509803,79,125,37,35.793245869776484,0.5761335784313726,40.96354166666668,8312.606568800193,105.22286795949611,0
3330,32.25672753710062,1,2,201,0.0049261083743842365,0.009852216748768473,0.9901477832512315,203,4700,3200,1500,0.6808510638297872,62,32,30,199.6317397764926,0.436531645775415,0.7704736776401606,0.12667767101649263,1083235.915800231,-2050.34590808335,1081185.5698921478,3328,0,1286.8374384236454,81,122,39,35.667318187016996,0.5774835796387521,40.840955284552855,8359.622694161482,103.20521844643805,0
3331,31.896672404355858,0,1,200,0.0,0.004975124378109453,0.9950248756218906,201,6100,4400,1700,0.7213114754098361,78,44,34,201.5219770493771,0.4354809286898839,0.7710436196117985,0.12825631580430227,1072007.3983274212,-3093.3899354996956,1068914.0083919214,3329,1,1300.1243781094527,83,118,41,35.51187999234707,0.5789282752902156,40.736607142857146,8269.639508406108,99.6342109446519,0
3332,31.835129661815373,0,0,200,0.0,0.0,1.0,200,5950,4200,1750,0.7058823529411765,77,42,35,203.45109383752458,0.4349078726968174,0.7728393351800547,0.1297629768115658,1070563.8161872833,-2388.52411476461,1068175.2920725187,3330,2,1307.605,86,114,42,35.384637580794084,0.5800000000000001,40.66091954022988,8256.093252812732,96.00108433503178,0
3333,31.49330403978191,0,0,200,0.0,0.0,1.0,200,5750,4200,1550,0.7304347826086957,73,42,31,206.3667613229659,0.4347482202680067,0.7674328775326889,0.1256892754829651,1045645.4956225555,-2592.705115285564,1043052.7905072699,3331,3,1308.605,80,120,39,36.991798915394064,0.5646354166666667,42.30967078189297,8115.519886177254,101.44399857721568,8
3334,31.22555637011663,3,1,202,0.014778325123152709,0.0049261083743842365,0.9950738916256158,203,5450,3800,1650,0.6972477064220184,71,38,33,201.36523855618756,0.4363517940463997,0.766232085309422,0.12345278694704473,1038676.4243883019,-4219.334804072711,1034457.0895842292,3332,0,1290.2512315270935,84,119,36,36.877286549151876,0.5666564039408867,42.07107843137252,8053.9740799244955,95.88064380862495,0
3335,31.620817914709935,0,0,202,0.0,0.0,1.0,202,6100,4500,1600,0.7377049180327869,77,45,32,203.43363528297422,0.43586112342577543,0.769562056402672,0.1251330333019033,1052796.6294856265,-3665.1508900155304,1049131.478595611,3333,1,1297.6386138613861,83,119,38,36.70231830778348,0.5682755775577557,41.9518849206349,8159.6924601586725,98.30954771275509,0
3336,31.804820602303092,1,0,203,0.0049261083743842365,0.0,1.0,203,5450,4300,1150,0.7889908256880734,66,43,23,204.47793397583513,0.43599513892275926,0.7739389667163648,0.1264773434957576,1060568.505784225,-2677.4286194808683,1057891.077164744,3334,0,1292.2413793103449,85,118,41,36.4708405640761,0.5695812807881773,41.75145348837208,8213.548692607814,96.62998461891546,0
3337,32.05235554359384,1,2,202,0.004901960784313725,0.00980392156862745,0.9901960784313726,204,5150,3700,1450,0.7184466019417476,66,37,29,205.26824968460178,0.4364400214108632,0.7772833003054378,0.12753070324769622,1070140.95489011,-2016.8078547797832,1068124.1470353303,3335,0,1286.9019607843138,69,135,41,36.28797149438527,0.5708231209150327,41.592261904761905,8282.576696644446,120.03734342962966,0
3338,31.571812338906728,0,0,202,0.0,0.0,1.0,202,6100,4400,1700,0.7213114754098361,78,44,34,212.74481852105723,0.43594014252171487,0.7823213291369424,0.13251471544329063,1054844.8402081085,-1617.445180410512,1053227.395027698,3336,1,1300.5148514851485,68,134,42,36.00116315287429,0.5719884488448845,41.500603864734295,8161.294424503311,120.01903565446047,0
3339,31.167686326528255,0,1,201,0.0,0.0049504950495049506,0.995049504950495,202,6700,4900,1800,0.7313432835820896,85,49,36,211.94293203660044,0.43561021214061707,0.7817126839814295,0.13282880403579714,1043109.4941536292,-2884.06307477289,1040225.4310788562,3337,2,1301.5148514851485,72,130,40,35.7980346735793,0.5735870462046204,41.28139269406393,8063.660399347673,111.99528332427323,0
3340,31.40854163302656,1,0,202,0.0049504950495049506,0.0,1.0,202,5750,3500,2250,0.6086956521739131,80,35,45,212.14930868484055,0.4352782293154689,0.7755638383924868,0.1283567346509681,1040875.8842549475,-1985.7801457183668,1038890.1041092292,3338,0,1301.7673267326732,72,130,41,37.08961497247162,0.5587871287128713,42.551369863013676,8086.0860180231375,112.30675025032136,8
3341,31.347287262144135,4,0,206,0.019417475728155338,0.0,1.0,206,5400,3800,1600,0.7037037037037037,70,38,32,203.12607808903826,0.4370032165127477,0.7687969896803386,0.12388472537929479,1041198.5277149159,-4301.085310638009,1036897.4424042779,3339,0,1277.4708737864078,78,128,43,37.024649988915584,0.5612358414239482,42.26002109704638,8079.449157609783,103.58268150781772,0
3342,31.850865649474446,2,2,206,0.009615384615384616,0.009615384615384616,0.9903846153846154,208,5550,3600,1950,0.6486486486486487,75,36,39,202.10602010308062,0.43765096618357485,0.7695729255782402,0.12366273448540807,1058889.9213517408,-4348.394453667694,1054541.526898073,3340,0,1266.1778846153845,80,128,46,36.93103419613319,0.562900641025641,42.14248971193412,8212.984916893058,102.66231146116323,0
3343,31.881453113300747,2,4,204,0.009615384615384616,0.019230769230769232,0.9807692307692307,208,5250,3600,1650,0.6857142857142857,69,36,33,203.59769370056966,0.4379645113340766,0.7692758756726259,0.12565881059449094,1062478.7912381892,-3586.3536996275407,1058892.4375385616,3341,0,1266.8413461538462,82,126,36,36.57353393936447,0.5650040064102564,41.829819277108406,8230.84051196917,100.37610380450208,0
3344,31.799127149471637,0,0,204,0.0,0.0,1.0,204,6900,4100,2800,0.5942028985507246,97,41,56,210.39908307858346,0.4358212394153063,0.7764107660209822,0.12997550833172306,1060005.6788081587,-3095.155424134414,1056910.5233840244,3342,1,1292.6617647058824,79,125,41,36.3643049251975,0.565921160130719,41.796875,8210.634002265919,103.93207597804961,0
3345,32.09539822129841,0,1,203,0.0,0.004901960784313725,0.9950980392156863,204,5950,3900,2050,0.6554621848739496,80,39,41,209.15862688311398,0.4359817202743166,0.7753899991027118,0.12988212973837854,1071427.9349121118,-1930.3208659140382,1069497.6140461979,3343,2,1293.6617647058824,73,131,42,36.20591813757539,0.5679125816993464,41.61036036036039,8293.118380492095,113.60436137660403,0
3346,31.807316187667382,2,1,204,0.00975609756097561,0.004878048780487805,0.9951219512195122,205,5550,4000,1550,0.7207207207207207,71,40,31,210.829498394623,0.4370257452574526,0.7777797926678156,0.13189101178640403,1063983.5459762423,-1686.1765403392073,1062297.3694359032,3344,0,1279.4975609756098,77,128,41,35.89296778190833,0.5703760162601625,41.34615384615386,8227.084667771689,106.84525542560635,0
3347,32.11494045703957,1,1,204,0.004878048780487805,0.004878048780487805,0.9951219512195122,205,5300,3700,1600,0.6981132075471698,69,37,32,213.1726744733567,0.4367726765502949,0.7779327065833272,0.13401158833590793,1075722.018107039,-437.09208204886545,1075284.9260249902,3345,0,1280.1707317073171,79,126,43,35.654366636482564,0.5720528455284553,41.17187500000002,8312.24982298225,105.21835218964874,0
3348,32.32684369113045,0,0,204,0.0,0.0,1.0,204,5950,4400,1550,0.7394957983193278,75,44,31,214.68110986930083,0.4364787581699346,0.7804545252850945,0.13530693723458223,1083582.6889021867,-225.0531422631284,1083357.6357599236,3346,1,1285.735294117647,79,125,44,35.522221523761615,0.5728145424836601,41.080729166666686,8370.042796850686,105.94990882089476,0
3349,32.391957721151,1,0,205,0.004878048780487805,0.0,1.0,205,6150,4300,1850,0.6991869918699187,80,43,37,213.3016631938492,0.4370347122588873,0.7804339298963603,0.13507360536729582,1087166.9747462778,-771.0952234383803,1086395.8795228393,3347,0,1280.458536585366,82,123,36,35.38729978040433,0.5742378048780488,40.91365461847391,8392.313945725966,102.34529202104837,0
3350,32.664875178723214,1,1,205,0.0048543689320388345,0.0048543689320388345,0.9951456310679612,206,4600,3100,1500,0.6739130434782609,61,31,30,212.00123431257546,0.4371265490567527,0.7805082088891109,0.1346962483311896,1097317.992480312,726.5537678448445,1098044.5462481568,3348,0,1275.2378640776699,84,122,39,35.30142388854746,0.5753944174757282,40.796568627450995,8466.847731681099,100.79580632953689,0
3351,33.081215650866746,1,0,206,0.0048543689320388345,0.0,1.0,206,5500,3800,1700,0.6909090909090909,72,38,34,212.9617066434214,0.4371265490567527,0.7820791657118842,0.13587729506224067,1112575.0086908292,687.1745239241072,1113262.1832147532,3349,0,1276.0485436893205,88,118,41,35.12521247950419,0.5771136731391586,40.6484082397004,8579.66593641811,97.49620382293307,0
3352,32.83125685653424,0,1,205,0.0,0.0048543689320388345,0.9951456310679612,206,5950,4300,1650,0.7226890756302521,76,43,33,214.78144428914945,0.4367693780093141,0.7813377432255568,0.13774488394679216,1105704.858572466,346.97729634446205,1106051.8358688105,3350,1,1277.0485436893205,72,134,43,34.89377153434497,0.5787317961165048,40.46803652968034,8520.760555174666,118.34389659964813,0
3353,32.327989118837806,0,0,205,0.0,0.0,1.0,205,5600,3900,1700,0.6964285714285714,73,39,34,220.46394751777922,0.4365923401881078,0.7921826289640654,0.13692142366457669,1079233.9253744893,986.4342966337235,1080220.359671123,3351,2,1278.2780487804878,67,138,39,35.90872263062207,0.5706300813008129,41.60539215686275,8353.378070719311,124.67728463760166,8
3354,31.949194948272535,2,0,207,0.00966183574879227,0.0,1.0,207,6300,4900,1400,0.7777777777777778,77,49,28,215.62886009095746,0.437398378750215,0.7888187561231026,0.13472093233575233,1068352.4878381984,-1626.4741744219837,1066726.0136637765,3352,0,1266.9178743961352,71,136,39,35.8154428904429,0.572463768115942,41.39178240740742,8262.324359091052,116.37076562100073,0
3355,31.82738062187412,2,1,208,0.009569377990430622,0.004784688995215311,0.9952153110047847,209,5250,3700,1550,0.7047619047619048,68,37,31,212.36716329042804,0.43802907618697096,0.7885284009359088,0.13355157771361115,1066191.5343963744,-1765.1856631945893,1064426.3487331797,3353,0,1255.7846889952152,75,134,41,35.66261803900804,0.5740131578947368,41.15953947368422,8238.213857512255,109.84285143349673,0
3356,31.672063960362014,1,2,207,0.004784688995215311,0.009569377990430622,0.9904306220095693,209,5100,3500,1600,0.6862745098039216,67,35,32,210.14064382924835,0.437969650963072,0.7852170012084696,0.13291767832161797,1062668.973776532,-2238.0115346461107,1060430.962241886,3354,0,1256.751196172249,78,131,35,35.51104550544643,0.5755083732057416,40.954641350211006,8204.501167791122,105.1859124075785,0
3357,32.06138395987743,0,1,206,0.0,0.004830917874396135,0.9951690821256038,207,6200,4500,1700,0.7258064516129032,79,45,34,216.08921344448663,0.4368111251817457,0.7896788351524848,0.13708900584370431,1076607.8057427409,-1071.333213771015,1075536.4725289699,3355,2,1269.8695652173913,78,129,36,35.249185916352936,0.5763385668276972,40.849156118143476,8308.734709222495,106.52223986182686,0
3358,32.1236170790925,2,1,207,0.009615384615384616,0.004807692307692308,0.9951923076923077,208,5300,4000,1300,0.7547169811320755,66,40,26,215.8588913948316,0.4367756526384244,0.791887673925552,0.1377665253987075,1080455.955959102,-254.79502914504792,1080201.160929957,3356,0,1264.7451923076924,79,129,42,35.03946190404475,0.5780749198717949,40.63802083333334,8331.644903625587,105.4638595395644,0
3359,32.14722183241532,0,0,207,0.0,0.0,1.0,207,5550,3800,1750,0.6846846846846847,73,38,35,219.9016036672292,0.43616426684176784,0.794926894391601,0.14058262205000066,1081741.6757680392,625.3458510133951,1082367.0216190526,3357,1,1271.8357487922706,67,140,43,34.87433569530562,0.5794082125603865,40.57904411764705,8339.663016727205,124.47258233921201,0
3360,32.400236642765925,0,1,206,0.0,0.004830917874396135,0.9951690821256038,207,5350,3600,1750,0.6728971962616822,71,36,35,219.58224086294345,0.43618478651720527,0.7954278375048165,0.14074698231022026,1091028.2098669924,1164.083833456024,1092192.2937004485,3358,2,1272.8357487922706,67,140,42,34.78869065187021,0.5802636876006442,40.487132352941174,8408.278323607492,125.49669139712675,0
3361,31.917024556068093,0,0,206,0.0,0.0,1.0,206,5750,4600,1150,0.8,69,46,23,218.94443438885435,0.4362380614097403,0.7935110813058119,0.14087636838959589,1075865.9121889446,160.97072449130337,1076026.882913436,3359,3,1269.4368932038835,68,138,43,34.6684400255829,0.5813106796116505,40.35326086956521,8287.151348729076,121.86987277542758,0
3362,32.288734217200705,0,1,205,0.0,0.0048543689320388345,0.9951456310679612,206,5850,4200,1650,0.717948717948718,75,42,33,214.14779813496864,0.4361142355355592,0.7880360232361181,0.13823923820031733,1089347.6273393107,-393.7208403470504,1088953.9064989637,3360,4,1270.4368932038835,72,134,42,34.67701695598033,0.5826759708737864,40.23972602739724,8387.330446488562,116.49070064567448,0
3363,32.45764240967212,0,0,205,0.0,0.0,1.0,205,5350,3700,1650,0.6915887850467289,70,37,33,211.63452033608237,0.4357554200542006,0.7853463049725353,0.13728735002044248,1096482.3509451733,60.7032798520986,1096543.0542250255,3361,5,1277.5268292682927,74,131,44,34.568416599875334,0.5842479674796748,40.06944444444443,8436.733023569595,114.00990572391345,0
3364,32.52694881254412,0,0,205,0.0,0.0,1.0,205,4900,3300,1600,0.673469387755102,65,33,32,210.3070084573656,0.43573250438386735,0.7843541083280581,0.136902527042869,1099845.661563617,361.0501696510428,1100206.7117332679,3362,6,1278.5268292682927,76,129,37,34.4795297300109,0.5854166666666667,39.94859307359306,8458.678801725284,111.298405285859,0
3365,32.524737279854676,0,0,205,0.0,0.0,1.0,205,6350,4900,1450,0.7716535433070866,78,49,29,211.61301441581804,0.4354316116690579,0.7850679948240926,0.13817085058915124,1100657.8345415615,-767.2955584548563,1099890.5389831066,3363,7,1279.5268292682927,79,126,38,34.3385051718385,0.5866869918699187,39.843749999999986,8461.513682962155,107.10776813876146,0
3366,32.42411255404963,0,0,205,0.0,0.0,1.0,205,6050,4200,1850,0.6942148760330579,79,42,37,211.01141912474046,0.43509983261597324,0.7852075020577285,0.13825380743494958,1098256.2908699291,-701.0763001728519,1097555.2145697563,3364,8,1280.5268292682927,80,125,41,34.232690185615176,0.5880081300813008,39.7247942386831,8439.1925666333,105.48990708291626,0
3367,32.78832948640621,0,1,204,0.0,0.004878048780487805,0.9951219512195122,205,6550,4900,1650,0.7480916030534351,82,49,33,213.19422710095253,0.434880639247569,0.7889042274254998,0.14038831347246303,1112069.9955946489,-132.6193614077547,1111937.376233241,3365,9,1281.5268292682927,65,140,43,33.99916171777157,0.589380081300813,39.55176767676768,8539.66245556623,131.3794223933266,0
3368,33.23834683190936,0,0,204,0.0,0.0,1.0,204,4950,3600,1350,0.7272727272727273,63,36,27,212.89433134900145,0.434733088637754,0.7883558043757155,0.14075186438312717,1128518.8489957973,2301.0531543409743,1130819.9021501383,3366,10,1288.421568627451,67,137,42,33.86711784531578,0.5901756535947713,39.41482843137255,8661.420311850643,129.27493002762154,0
3369,33.329832316868995,1,1,204,0.004878048780487805,0.004878048780487805,0.9951219512195122,205,7200,5300,1900,0.7361111111111112,91,53,38,210.30766971516712,0.4347620755619321,0.7857847142926733,0.14000837037020045,1133680.7514948891,-515.6485904340793,1133165.102904455,3367,0,1283.1317073170733,71,134,37,33.69295910065826,0.5921239837398373,39.17824074074074,8693.14550070188,122.43866902397014,0
3370,33.1448975839778,0,0,204,0.0,0.0,1.0,204,5300,3500,1800,0.660377358490566,71,35,36,215.03964139462204,0.43415404955085485,0.7871375087251717,0.14382521469900117,1128756.4365440533,2445.4758672612043,1131201.9124113144,3368,1,1288.7254901960785,73,131,43,33.408171521035584,0.5934946895424836,39.02027027027029,8650.146413386145,118.49515634775541,0
3371,32.80593677041149,0,0,204,0.0,0.0,1.0,204,6350,4100,2250,0.6456692913385826,86,41,45,213.9678407217629,0.43383862165555875,0.7842046593073311,0.143607458082774,1118223.790670746,702.7859867050638,1118926.576657451,3369,2,1289.7254901960785,77,127,34,33.31559127410365,0.5951797385620915,38.902243589743605,8565.556487691214,111.24099334663914,0
3372,33.085947607676104,1,1,204,0.004878048780487805,0.004878048780487805,0.9951219512195122,205,5500,3400,2100,0.6181818181818182,76,34,42,213.97887008766435,0.43374880439980873,0.7875875681220414,0.14448613610091768,1129534.0482911128,1839.2838757758382,1131373.3321668885,3370,0,1284.429268292683,79,126,39,33.106604212344656,0.5967987804878049,38.697916666666686,8645.427038943339,109.43578530308024,0
3373,32.79808298874671,0,0,204,0.0,0.0,1.0,204,4550,3100,1450,0.6813186813186813,60,31,29,220.45054845620885,0.4332736686628675,0.7965847154004333,0.1398036343597886,1101233.7790714984,3203.5181149627856,1104437.2971864613,3371,1,1287.3186274509803,78,126,37,35.14963788395325,0.5748059640522876,40.86234177215188,8499.218420066394,108.96433871879992,8
3374,32.332061679424896,0,0,204,0.0,0.0,1.0,204,5550,3900,1650,0.7027027027027027,72,39,33,220.53787498287772,0.4330110636208506,0.7978525915639982,0.14028463549230327,1086484.3698648764,1572.1908264220665,1088056.5606912985,3372,2,1288.3186274509803,79,125,39,35.03787878787878,0.5759293300653594,40.75520833333333,8381.918594236313,106.10023537007991,0
3375,32.50630847276834,0,0,204,0.0,0.0,1.0,204,6100,4600,1500,0.7540983606557377,76,46,30,218.64587327612873,0.4330699233716475,0.7964588892282698,0.13939527973325685,1093008.9211833694,896.3780141473662,1093905.2991975166,3373,3,1289.3186274509803,81,123,40,35.00579667548415,0.5771037581699346,40.67581300813008,8429.672016807568,104.07002489885886,0
3376,31.989888542897557,0,1,203,0.0,0.004901960784313725,0.9950980392156863,204,5000,3100,1900,0.62,69,31,38,218.37927973558538,0.43269563572555464,0.7945165428873806,0.13954848011480747,1076320.3477649458,1209.2124619326978,1077529.5602268786,3374,4,1290.3186274509803,67,137,40,34.929481122790406,0.5783292483660131,40.59436274509803,8298.357423183614,123.856080943039,0
3377,32.290395947273815,0,0,203,0.0,0.0,1.0,203,5450,4000,1450,0.7339449541284404,69,40,29,215.52916725995325,0.4327486627973142,0.7906668026164505,0.13825098220598891,1087545.8933542552,829.572150324866,1088375.4655045802,3375,5,1297.039408866995,69,134,38,34.86749374080233,0.5797926929392447,40.46130952380952,8380.607079113119,121.45807361033505,0
3378,32.461559396910346,1,0,204,0.004901960784313725,0.0,1.0,204,5050,2900,2150,0.5742574257425742,72,29,43,213.8307763129805,0.4327967537589748,0.7900899110262218,0.13786517745917629,1094817.4126683162,971.1314543667727,1095788.544122683,3376,0,1291.6764705882354,72,132,41,34.72897551416589,0.5811376633986929,40.28253424657533,8430.833940969791,117.09491584680265,0
3379,32.09867557815738,1,1,204,0.004878048780487805,0.004878048780487805,0.9951219512195122,205,5000,3300,1700,0.66,67,33,34,211.46483034965627,0.4329437669376694,0.7890598064927254,0.1371737086542302,1084348.2277976726,-139.69719376295507,1084208.5306039096,3377,0,1286.370731707317,76,129,42,34.57374830852504,0.5827743902439024,40.070346320346324,8343.397626606013,109.78154771850016,0
3380,31.83344011119211,0,0,204,0.0,0.0,1.0,204,5200,3700,1500,0.7115384615384616,67,37,30,208.65093272098164,0.43232285730384107,0.7846707236599535,0.13591188500148396,1076580.1795882867,-1074.1082759966148,1075506.0713122902,3378,1,1290.9068627450981,81,123,39,34.49985957114249,0.5842013888888888,39.92632113821137,8279.039880544124,102.21036889560646,0
3381,31.962170274680386,0,2,202,0.0,0.00980392156862745,0.9901960784313726,204,5850,4200,1650,0.717948717948718,75,42,33,208.2963102521294,0.43204666924240964,0.7846058249952204,0.13601729838026633,1081645.684127447,-1589.4389992224433,1080056.2451282246,3379,2,1291.9068627450981,84,120,40,34.421663761835234,0.5854779411764706,39.84068627450981,8315.256283838116,98.99114623616805,0
3382,31.598628764468373,0,0,202,0.0,0.0,1.0,202,5550,3600,1950,0.6486486486486487,75,36,39,208.9378511285898,0.431657718010607,0.7839369463262125,0.13679135940153703,1070080.6736233393,-1233.9287037811246,1068846.744919558,3380,3,1304.8663366336634,86,116,41,34.313370291988726,0.5866336633663367,39.75095785440613,8223.512869067104,95.62224266357099,0
3383,32.0603235284621,0,0,202,0.0,0.0,1.0,202,6250,5000,1250,0.8,75,50,25,246.2407078524143,0.4313334318506477,0.8091211396329221,0.15938301076281833,1082418.9647026379,6657.122412251054,1089076.087114889,3381,4,1305.8663366336634,73,129,35,33.74774286746116,0.5826113861386139,40.146396396396405,8330.9906015683,114.12315892559315,8
3384,31.946652661323643,2,1,203,0.00980392156862745,0.004901960784313725,0.9950980392156863,204,6600,4800,1800,0.7272727272727273,84,48,36,191.6089388935587,0.4321130751151035,0.7634009002428823,0.12078442002764345,1070885.378702418,-6361.757782040257,1064523.6209203778,3382,0,1294.0539215686274,80,124,47,36.11387040164236,0.5777165032679739,41.075102880658456,8271.78375364061,103.39729692050761,8
3385,31.573709274664505,0,1,202,0.0,0.0049261083743842365,0.9950738916256158,203,6150,4000,2150,0.6504065040650406,83,40,43,192.65050439267705,0.43199877253735225,0.7629656360824744,0.12194023546195847,1059571.5021685606,-5924.603133423557,1053646.8990351371,3383,1,1293.64039408867,81,122,42,35.93887908208301,0.5791256157635468,40.92987804878053,8179.804712239788,100.98524336098504,0
3386,32.0119825199313,0,1,201,0.0,0.0049504950495049506,0.995049504950495,202,5550,4000,1550,0.7207207207207207,71,40,31,193.4105655460955,0.4315930660230202,0.7636627013846036,0.12264165764920243,1074806.1938019814,-4374.225240861986,1070431.9685611194,3384,2,1300.5544554455446,81,121,42,35.85444343676981,0.5802392739273927,40.86636178861792,8295.381496749056,102.4121172438155,0
3387,32.23903280463579,0,0,201,0.0,0.0,1.0,201,5700,4200,1500,0.7368421052631579,72,42,30,193.46964736368173,0.430976368159204,0.7627779326012327,0.12309324481139063,1083422.2499433728,-3978.1358714972303,1079444.1140718756,3385,3,1307.9402985074628,84,117,44,35.7318009926732,0.5816231343283582,40.74754901960789,8358.04827183921,99.5005746647525,0
3388,31.834989531385332,1,2,200,0.0049504950495049506,0.009900990099009901,0.9900990099009901,202,6100,4500,1600,0.7377049180327869,77,45,32,197.5032868721443,0.43113537099978655,0.7667991443476612,0.12331222409581745,1064333.04565316,-4458.1450313722,1059874.9006217879,3386,0,1302.460396039604,78,124,42,36.30902299729745,0.5720915841584158,41.41613924050633,8232.014500263693,105.53864743927811,8
3389,31.502159541975526,0,0,200,0.0,0.0,1.0,200,6100,4300,1800,0.7049180327868853,79,43,36,199.74751411005968,0.43061871859296486,0.7674716952649325,0.12534203814048717,1054665.5396057356,-3966.636049241797,1050698.9035564938,3387,1,1300.16,79,121,43,36.068252151159875,0.5740624999999999,41.23697916666668,8151.593965855231,103.18473374500292,0
3390,31.318006472496844,1,2,199,0.004975124378109453,0.009950248756218905,0.9900497512437811,201,4150,3200,950,0.7710843373493976,51,32,19,198.74775687655685,0.4310053897180763,0.7675077851639656,0.1251013115988021,1049391.6403483786,-2637.1530791498017,1046754.4872692288,3388,0,1294.686567164179,82,119,47,35.981965385174774,0.5753524046434495,41.12700803212852,8107.386038004442,98.87056143907856,0
3391,31.138015293598848,0,0,199,0.0,0.0,1.0,199,5700,4300,1400,0.7543859649122807,71,43,28,201.4901804267377,0.43030176133191206,0.7697692753517182,0.12733813611416867,1044508.617106902,-3408.354056369564,1041100.2630505324,3389,1,1306.4020100502512,83,116,40,35.765717511689886,0.5767902010050252,40.98462301587302,8065.224769809027,97.17138276878346,0
3392,31.278975108110355,0,0,199,0.0,0.0,1.0,199,5850,4000,1850,0.6837606837606838,77,40,37,199.14218343767283,0.43037261221934586,0.7671687039728841,0.1263504276374582,1050363.7665176326,-3815.6532263719173,1046548.1132912607,3390,2,1307.4020100502512,84,115,41,35.6847306946612,0.5780988274706867,40.84558823529413,8106.084394745244,96.50100469934814,0
3393,31.033419214277085,1,1,199,0.005,0.005,0.995,200,6100,4300,1800,0.7049180327868853,79,43,36,200.54711059614257,0.4301748324958124,0.7704293628808845,0.1279107896205084,1043603.5931471663,-4241.662957316557,1039361.9301898497,3391,0,1301.86,86,114,45,35.459949215143126,0.5800000000000001,40.6609195402299,8048.178402553216,93.58346979713042,0
3394,31.265301951978287,1,0,200,0.005,0.0,1.0,200,5200,3600,1600,0.6923076923076923,68,36,32,197.08390209957423,0.43009997906197656,0.7662523414503628,0.1263297670919565,1052819.3132605255,-3701.2523073645016,1049118.060953161,3392,0,1300.42,74,126,44,35.37151012398538,0.5816145833333333,40.4861111111111,8113.780096843224,109.6456769843679,0
3395,30.92357735445377,0,0,200,0.0,0.0,1.0,200,6050,4300,1750,0.7107438016528925,78,43,35,200.52945452404475,0.42994922529313234,0.7694191498228808,0.12917326875985052,1042695.0201627624,-4231.787274364862,1038463.2328883975,3393,1,1301.42,76,124,44,35.10638066958391,0.58296875,40.3138528138528,8030.424660390851,105.66348237356384,0
3396,31.032783569221632,2,0,202,0.009900990099009901,0.0,1.0,202,5050,3700,1350,0.7326732673267327,64,37,27,196.05420464194313,0.430618155099092,0.7659658184021552,0.12700686885892537,1047965.3288594213,-4358.39819162689,1043606.9306677944,3394,0,1289.5247524752476,81,121,45,35.02175188190438,0.5845709570957096,40.11686991869918,8064.896929104863,99.56662875438103,0
3397,30.660159631290835,0,0,202,0.0,0.0,1.0,202,5300,3600,1700,0.6792452830188679,70,36,34,197.10157450704546,0.4301127407516871,0.7684939166641287,0.12820057605925278,1036495.681940965,-4841.013823936745,1031654.6681170283,3395,1,1290.5247524752476,81,121,38,34.85204251958246,0.5860664191419143,39.97713414634144,7972.342574858836,98.42398240566465,0
3398,30.969907756134855,0,2,200,0.0,0.009900990099009901,0.9900990099009901,202,6300,4800,1500,0.7619047619047619,78,48,30,199.88419224519347,0.42989158990525916,0.7720302761654019,0.13045338592123276,1047915.0200753408,-4807.670534127171,1043107.3495412136,3396,2,1291.5247524752476,82,120,40,34.65963913546892,0.5878712871287128,39.859437751004,8056.529216480428,98.2503562985418,0
3399,31.136296509699772,0,0,200,0.0,0.0,1.0,200,6350,4800,1550,0.7559055118110236,79,48,31,198.41481958256915,0.4287280150753769,0.7677965746730604,0.12994023859709375,1054506.2492351872,-4504.066561861873,1050002.1826733253,3397,3,1305.36,85,115,42,34.57686624470611,0.589375,39.7407945736434,8103.507789533862,95.33538575922191,0
3400,30.92503109690174,0,2,198,0.0,0.01,0.99,200,6150,5100,1050,0.8292682926829268,72,51,21,199.1549596193375,0.4287306323283082,0.7698694323340378,0.1309783829905596,1048524.6914772026,-4386.221481795852,1044138.4699954067,3398,4,1306.36,88,112,44,34.40894347311489,0.5909895833333334,39.595037453183515,8053.031564547817,91.511722324407,0
3401,30.98290295064151,0,0,198,0.0,0.0,1.0,198,6750,5000,1750,0.7407407407407407,85,50,35,187.52982772207883,0.4281536814848998,0.7529172588086868,0.11862467984300869,1039566.9915789994,-7360.036232725741,1032206.9553462737,3399,5,1320.489898989899,85,113,36,36.09411285671981,0.5791771885521886,40.95203488372095,8026.057962758891,94.42421132657519,8
3402,31.502255127134013,0,1,197,0.0,0.005050505050505051,0.9949494949494949,198,4750,3600,1150,0.7578947368421053,59,36,23,213.41924244730575,0.4280623493821463,0.7784781588294201,0.13408615853068717,1055025.7892144853,682.5609393054956,1055708.3501537908,3400,6,1321.489898989899,76,122,42,35.66974631052566,0.5733375420875421,41.193181818181834,8152.998415005463,107.27629493428242,8
3403,31.230513142227906,2,2,197,0.010050251256281407,0.010050251256281407,0.9899497487437185,199,6400,4600,1800,0.71875,82,46,36,213.30336445727468,0.42885090435341694,0.7786856845657921,0.13499831218950084,1048023.8451539371,-1490.5975594428664,1046533.2475944943,3401,0,1315.3969849246232,80,119,36,35.407669396872684,0.5758479899497487,40.93364197530865,8090.7752989992705,101.13469123749088,0
3404,30.844727948169844,1,0,198,0.005050505050505051,0.0,1.0,198,5750,4300,1450,0.7478260869565218,72,43,29,221.05940889133615,0.4286557409971115,0.7869796231074051,0.14062280289808987,1036516.9640118814,476.365474062015,1036993.3294859434,3402,0,1323.0353535353536,80,118,38,35.02271524711872,0.5770728114478114,40.75360082304528,7996.384654155851,99.95480817694815,0
3405,30.853281654943206,0,0,198,0.0,0.0,1.0,198,4950,3500,1450,0.7070707070707071,64,35,29,222.5673649864433,0.4284618605684596,0.7881805909328836,0.14189285219575246,1037421.6736885286,1629.2416585364927,1039050.9153470651,3403,1,1324.0353535353536,80,118,38,34.90474419373505,0.5780723905723906,40.676440329218124,8000.982826285146,100.01228532856433,0
3406,31.382720258933343,0,2,196,0.0,0.010101010101010102,0.98989898989899,198,5650,3700,1950,0.6548672566371682,76,37,39,223.82540635461555,0.4285019185082637,0.7907822921202012,0.1435204237464452,1056871.5883569492,2060.9425457284274,1058932.5309026777,3404,2,1325.0353535353536,68,130,39,34.66518333236381,0.5793876262626263,40.47403381642512,8144.630796668524,119.77398230394888,0
3407,31.22772287012617,0,0,196,0.0,0.0,1.0,196,6100,4000,2100,0.6557377049180327,82,40,42,220.78374081446015,0.4280525030525031,0.7853041375899761,0.1422316212064554,1052972.8770527605,1195.8581543746145,1054168.735207135,3405,3,1333.1326530612246,72,124,38,34.57756378555597,0.5808886054421769,40.31107305936074,8109.49384294274,112.63185892976028,0
3408,31.671135058228792,0,0,196,0.0,0.0,1.0,196,5150,3700,1450,0.7184466019417476,66,37,29,224.71220717216053,0.42806994592708875,0.7878807712950482,0.1453636228138583,1069112.3889924868,3698.5209291207348,1072810.9099216075,3406,4,1334.1326530612246,74,122,43,34.327894483643355,0.5820578231292517,40.16666666666667,8229.21659262979,111.2056296301323,0
3409,32.10783769661622,2,1,197,0.010101010101010102,0.005050505050505051,0.9949494949494949,198,5200,3600,1600,0.6923076923076923,68,36,32,223.11518115658302,0.428533964860107,0.7899850453386117,0.14525984361959707,1085713.2039519537,3647.819636766956,1089361.0235887207,3407,0,1321.6464646464647,77,121,37,34.141664099008906,0.583912037037037,39.94391025641026,8349.838721503857,108.4394639156345,0
3410,32.36038468432794,1,0,198,0.005050505050505051,0.0,1.0,198,4750,3400,1350,0.7157894736842105,61,34,27,225.12640040642162,0.4277995692970313,0.7928050516883023,0.14745491341198053,1096005.2640891422,4997.943986175444,1101003.2080753176,3408,0,1322.641414141414,81,117,38,33.87653748535731,0.5856481481481481,39.73577235772357,8422.250526073534,103.97840155646338,0
3411,32.138077034273856,0,1,197,0.0,0.005050505050505051,0.9949494949494949,198,5700,4300,1400,0.7543859649122807,71,43,28,228.02388216132607,0.4277926259207985,0.7965152026311602,0.1499609360052408,1089646.384783822,4393.079768292198,1094039.4645521143,3409,1,1323.641414141414,82,116,40,33.65804777740291,0.5870686026936027,39.59588353413654,8368.887555021924,102.05960432953566,0
3412,32.148495750526486,1,0,198,0.005050505050505051,0.0,1.0,198,4700,3500,1200,0.7446808510638298,59,35,24,222.7633310332107,0.42794484609205424,0.79146614697265,0.14735433917832116,1091667.2013071566,4336.6844285766565,1096003.8857357332,3410,0,1307.4444444444443,66,132,41,33.59148172453563,0.5884890572390573,39.396766169154205,8378.001955384358,126.93942356642967,0
3413,32.23715752448634,1,0,199,0.005025125628140704,0.0,1.0,199,5150,3700,1450,0.7184466019417476,66,37,29,227.38112246766084,0.42824074074074076,0.7956268008961447,0.1514000597464439,1096562.489998382,4917.521966352686,1101480.0119647346,3411,0,1301.8693467336684,70,129,38,33.24181103986197,0.5900335008375209,39.17253521126758,8408.336069106728,120.1190867015247,0
3414,32.34173074698885,0,0,199,0.0,0.0,1.0,199,5950,4100,1850,0.6890756302521008,78,41,37,226.47876339133842,0.4279880039930291,0.7938581556899738,0.15122515699646383,1100929.217368789,4117.4175462152925,1105046.6349150043,3412,1,1302.8693467336684,73,126,38,33.167215148899416,0.5914468174204355,39.076576576576564,8438.715105942896,115.5988370677109,0
3415,32.79740128581528,0,1,198,0.0,0.005025125628140704,0.9949748743718593,199,6050,3700,2350,0.6115702479338843,84,37,47,242.5228492376122,0.4281318207197604,0.80333476834808,0.1499494006093828,1093545.127712331,7191.936028540365,1100737.0637408714,3413,2,1303.8693467336684,83,116,35,35.50310539121525,0.5643844221105527,41.765873015873,8469.408288390547,102.04106371554876,8
3416,32.71232121755356,2,0,200,0.01,0.0,1.0,200,5800,4200,1600,0.7241379310344828,74,42,32,236.4007003217444,0.4292273869346734,0.7987809512841197,0.14693394995659992,1092301.207394992,5844.154078092472,1098145.3614730844,3414,0,1298.245,69,131,37,35.46825214019734,0.5660416666666667,41.57738095238094,8453.603724167162,122.51599600242264,0
3417,32.84716022463152,1,0,201,0.004975124378109453,0.0,1.0,201,5450,4100,1350,0.7522935779816514,68,41,27,230.4580874735363,0.4297077114427861,0.7934555410865132,0.14427838249393726,1098994.2071564074,5004.420625152457,1103998.62778156,3415,0,1292.7810945273632,74,127,40,35.35794183445193,0.5677860696517413,41.319444444444464,8496.921655330076,114.82326561256859,0
3418,33.12054758744756,1,1,201,0.0049504950495049506,0.0049504950495049506,0.995049504950495,202,5900,4200,1700,0.711864406779661,76,42,34,191.5793724806876,0.4305027051212584,0.76500241808793,0.11637177525539902,1098844.6730709309,-4196.805415864952,1094647.8676550658,3416,0,1287.3762376237623,75,127,40,37.47184385087442,0.5600763201320131,42.40679824561404,8531.627896909133,113.7550386254551,8
3419,33.116386726588594,0,2,199,0.0,0.009950248756218905,0.9900497512437811,201,5150,3000,2150,0.5825242718446602,73,30,43,193.1893552675994,0.4298123963515754,0.7664773246627752,0.11773055719282677,1099712.0744754227,-2859.4666704197684,1096852.607805003,3417,1,1294.7761194029852,76,125,39,37.31025809273842,0.5613598673300166,42.288961038961034,8534.458429944698,112.29550565716708,0
3420,33.28920094404698,1,0,200,0.005,0.0,1.0,200,5650,3800,1850,0.672566371681416,75,38,37,194.87376978702392,0.4295817629815745,0.7681883157240519,0.119221253075027,1106665.2776394172,-2517.9930908007073,1104147.2845486165,3418,0,1301.91,77,123,44,37.12256577584421,0.5631770833333334,42.14743589743589,8583.705820347997,111.47669896555841,0
3421,32.999185631758785,1,1,200,0.004975124378109453,0.004975124378109453,0.9950248756218906,201,6400,4200,2200,0.65625,86,42,44,193.03270360031686,0.4301077943615257,0.7672776029140049,0.11861608368554807,1098379.627501438,-4195.36218477789,1094184.26531666,3419,0,1296.4278606965174,80,121,38,37.0076965890777,0.5649357379767828,41.988168724279824,8514.18031545749,106.42725394321863,0
3422,32.98233717790002,3,0,203,0.014778325123152709,0.0,1.0,203,5700,3800,1900,0.6666666666666666,76,38,38,193.61247993491003,0.43140841177713835,0.7710983350761298,0.11983260385154113,1100028.2217926728,-3704.1615960664553,1096324.0601966062,3420,0,1284.64039408867,83,120,42,36.72821537747476,0.5670155993431856,41.728670634920626,8518.392068503492,102.63122974100592,0
3423,33.32836907900275,1,1,203,0.004901960784313725,0.004901960784313725,0.9950980392156863,204,4950,3600,1350,0.7272727272727273,63,36,27,191.7417887560378,0.4321508057245887,0.7702677775562714,0.1189800207676151,1112362.8447911893,-3092.7116787965942,1109270.1331123926,3421,0,1279.3382352941176,68,136,43,36.682564956565756,0.5683721405228759,41.63647342995168,8610.834970079279,126.62992603057762,0
3424,33.37463404893284,0,1,202,0.0,0.0049261083743842365,0.9950738916256158,203,5800,3700,2100,0.6379310344827587,79,37,42,185.83351440760524,0.4318829358305289,0.7614834667011836,0.11576891152022593,1115123.4646459091,-4954.537513293286,1110168.9271326158,3422,1,1285.4088669950738,72,131,44,36.69155258703176,0.5700431034482758,41.49543378995433,8627.495297238387,119.82632357275537,0
3425,33.40575445296764,0,0,202,0.0,0.0,1.0,202,5900,4200,1700,0.711864406779661,76,42,34,187.95107196380516,0.43179010065185625,0.7632158367786488,0.11779263345232427,1118012.3947665738,-4273.674386960443,1113738.7203796133,3423,2,1292.549504950495,72,130,46,36.4187487360506,0.5713696369636964,41.28139269406392,8642.690268075836,120.03736483438661,0
3426,33.010598137754904,1,0,203,0.0049261083743842365,0.0,1.0,203,5200,3300,1900,0.6346153846153846,71,33,38,189.65094040706444,0.4318392430376043,0.7662691684917469,0.11951693607016163,1106465.7277695434,-3831.5468400637483,1102634.1809294797,3424,0,1287.1773399014778,76,127,45,36.17460856540747,0.5729166666666667,41.084956709956714,8546.940445867041,112.45974270877686,0
3427,33.24639073000451,1,1,203,0.004901960784313725,0.004901960784313725,0.9950980392156863,204,5450,4000,1450,0.7339449541284404,69,40,29,188.18311705682322,0.432281605170804,0.7649757128244654,0.11918658470115769,1115893.5774896324,-4251.533656862048,1111642.0438327703,3425,0,1281.862745098039,80,124,42,36.0322463228603,0.574499591503268,40.9079218106996,8613.876466530382,107.67345583162978,0
3428,33.22003914835376,0,1,202,0.0,0.0049261083743842365,0.9950738916256158,203,5350,4200,1150,0.7850467289719626,65,42,23,186.62385636946308,0.4313962184395779,0.761817021359831,0.11833820472740739,1115366.8415495353,-4319.187752679409,1111047.6537968558,3426,2,1289.1773399014778,81,122,43,36.03030990081211,0.5754823481116584,40.8663617886179,8608.429606037495,106.27690871651228,0
3429,32.82834538938648,0,0,202,0.0,0.0,1.0,202,5550,3900,1650,0.7027027027027027,72,39,33,190.1576481710369,0.43118155099092,0.763999090652905,0.12093841299104202,1103108.6850853674,-3997.0893534239817,1099111.5957319434,3427,3,1296.1287128712872,83,119,43,35.83178864705415,0.5767326732673268,40.76140873015875,8510.37401246439,102.53462665619747,0
3430,32.47324720690403,0,1,201,0.0,0.0049504950495049506,0.995049504950495,202,6050,4700,1350,0.7768595041322314,74,47,27,188.80629523016225,0.43104249790650706,0.7625725570571924,0.12046342153109196,1092123.5104949502,-5210.041209937575,1086913.4692850127,3428,4,1297.1287128712872,86,116,44,35.75223519997541,0.578125,40.64894636015328,8421.970878217833,97.9298939327655,0
3431,32.2097604113873,0,3,198,0.0,0.014925373134328358,0.9850746268656716,201,5300,3200,2100,0.6037735849056604,74,32,42,190.7691184586015,0.43075456053067995,0.7636913053387857,0.1220962647283609,1084177.4993966925,-4134.4828374886165,1080043.0165592039,3429,5,1304.3830845771145,72,129,42,35.5896762543768,0.5790319237147595,40.53938356164382,8357.164291670264,116.07172627319811,0
3432,31.799897270691584,1,0,199,0.005025125628140704,0.0,1.0,199,5800,4300,1500,0.7413793103448276,73,43,30,186.89837375531266,0.4298629088201953,0.7572646068486941,0.12050143873050027,1072503.3620378731,-5510.1731576033835,1066993.1888802696,3430,0,1316.0,75,124,45,35.42826578359457,0.5808731155778895,40.282346491228054,8258.994700963978,110.11992934618638,0
3433,31.67230202484856,0,0,199,0.0,0.0,1.0,199,5650,4000,1650,0.7079646017699115,73,40,33,186.56202644008522,0.42949384971998034,0.7568872741735231,0.1205965573134237,1068942.4915972939,-5565.184523939253,1063377.3070733547,3431,1,1317.0,76,123,47,35.34507072810897,0.5821293969849246,40.19209956709955,8228.71429095256,108.27255645990209,0
3434,31.315550113138823,0,2,197,0.0,0.010050251256281407,0.9899497487437185,199,6300,5000,1300,0.7936507936507936,76,50,26,184.87100651418393,0.4294970221477759,0.7549612728347019,0.11996533977684683,1057993.2706133488,-6981.543835295553,1051011.7267780532,3432,2,1318.0,78,121,50,35.252443272124694,0.5836997487437185,40.058016877637115,8140.226198977007,104.36187434585906,0
3435,31.130763302346725,1,1,197,0.005050505050505051,0.005050505050505051,0.9949494949494949,198,6150,4400,1750,0.7154471544715447,79,44,35,185.03075520241515,0.4293233733271804,0.7542302653346178,0.1204348697723438,1052604.04347952,-6797.175781173897,1045806.867698346,3433,0,1324.4292929292928,78,120,44,35.14085369976002,0.5848590067340067,39.95253164556961,8095.476184716234,103.78815621431069,0
3436,30.876003765469104,0,0,197,0.0,0.0,1.0,197,5250,4200,1050,0.8,63,42,21,188.4059276609152,0.4288120705134846,0.7531223384321868,0.11795161017427144,1033043.6191846096,-5723.691722666541,1027319.9274619431,3434,4,1332.1522842639595,77,120,44,36.44574944071592,0.5753489847715736,41.31944444444448,7987.021807387049,103.72755594009155,8
3437,30.692012700413205,0,0,197,0.0,0.0,1.0,197,5850,4100,1750,0.7008547008547008,76,41,35,190.15095439284985,0.42852286853827826,0.7543631233744537,0.11980233134180812,1028680.3464218469,-6129.09007254323,1022551.2563493036,3435,5,1333.1522842639595,79,118,34,36.17062294642261,0.5771467851099831,41.093750000000036,7946.3539132164415,100.58675839514483,0
3438,30.74019418959518,0,0,197,0.0,0.0,1.0,197,5800,4400,1400,0.7586206896551724,72,44,28,187.59823243255397,0.4282250336682896,0.7510260662670927,0.11851406528204725,1031057.8654011486,-6515.0733830121335,1024542.7920181365,3436,6,1334.1522842639595,80,117,36,36.139109566368774,0.5780985617597293,40.997942386831305,7961.773546533597,99.52216933166997,0
3439,31.2095851002953,0,0,197,0.0,0.0,1.0,197,5700,4000,1700,0.7017543859649122,74,40,34,187.83281478955584,0.4279207241272143,0.7511754196332701,0.11917493352399519,1048033.6150431901,-5728.9792184725,1042304.6358247176,3437,7,1335.1522842639595,84,113,40,35.97781797260448,0.5793147208121827,40.84558823529414,8088.101668087607,96.28692462009056,0
3440,31.52881825422195,0,0,197,0.0,0.0,1.0,197,5800,4200,1600,0.7241379310344828,74,42,32,177.01881913395778,0.42777396491591557,0.7317285640192057,0.11571852494767355,1067287.5998997877,-7414.0018778847825,1059873.5980219028,3438,8,1336.1522842639595,89,108,40,35.19726843408508,0.5917406937394247,39.80324074074073,8203.6963330227,92.1763632923899,8
3441,31.35064858075656,0,1,196,0.0,0.005076142131979695,0.9949238578680203,197,5450,4000,1450,0.7339449541284404,69,40,29,176.16851350746427,0.4277588573500466,0.7305633891082284,0.11552759302876431,1062146.4319730427,-7426.648390410402,1054719.7835826322,3439,9,1337.1522842639595,93,104,40,35.108379452249174,0.5929568527918782,39.694148936170215,8160.75726021689,87.75007806684829,0
3442,31.727760557048537,1,0,197,0.005076142131979695,0.0,1.0,197,5350,3900,1450,0.7289719626168224,68,39,29,175.65797601132084,0.4279153285679754,0.7312892438713405,0.11582447793246423,1076475.8632528207,-6931.68572719415,1069544.1775256265,3440,0,1335.4416243654823,80,117,43,34.93039099526062,0.5950719120135364,39.506172839506156,8264.885774737297,103.31107218421621,0
3443,31.938293637444037,0,0,197,0.0,0.0,1.0,197,6000,4400,1600,0.7333333333333333,76,44,32,173.94682585143536,0.42744483580234127,0.7289127306873404,0.11507639897910946,1084562.5035049256,-7668.759015566527,1076893.7444893592,3441,1,1336.4416243654823,81,116,43,34.85960476074416,0.5967639593908629,39.39278455284552,8323.349770987837,102.75740458009676,0
3444,31.807771686514034,0,0,197,0.0,0.0,1.0,197,5900,4300,1600,0.7288135593220338,75,43,32,175.83302157265743,0.42726678234745674,0.7310455771323523,0.11685893734607523,1081429.3402154164,-7269.802298519799,1074159.5379168966,3442,2,1337.4416243654823,83,114,42,34.65102086107413,0.5981387478849407,39.23611111111109,8294.318241865243,99.93154508271377,0
3445,31.714974558540536,1,0,198,0.005050505050505051,0.0,1.0,198,4800,3100,1700,0.6458333333333334,65,31,34,172.44144051456217,0.42748177630791845,0.7269986791634395,0.11524912106157852,1079852.702276725,-7157.728895172142,1072694.9733815528,3443,0,1331.6818181818182,90,108,46,34.54538974426456,0.5994844276094276,39.04532967032964,8276.17073043775,91.95745256041945,0
3446,32.16003043357691,0,1,197,0.0,0.005050505050505051,0.9949494949494949,198,5950,4400,1550,0.7394957983193278,75,44,31,175.9440333933593,0.42714902835461216,0.7328651701212512,0.11832959407651926,1096789.8876271693,-6955.272677165651,1089834.6149500036,3444,1,1332.6818181818182,92,106,41,34.23780574973911,0.6011153198653199,38.83288530465947,8399.14235685154,91.29502561795152,0
3447,32.0279869164141,0,0,197,0.0,0.0,1.0,197,4850,3100,1750,0.6391752577319587,66,31,35,175.10894296322346,0.42671319796954316,0.729886661780845,0.1180269571887603,1092907.4436810454,-5974.426556075215,1086933.0171249702,3445,2,1333.8680203045685,95,102,42,34.184111424932155,0.6022631133671743,38.75868055555552,8367.033561193317,88.07403748624544,0
3448,32.31399492579517,0,0,197,0.0,0.0,1.0,197,5750,3800,1950,0.6608695652173913,77,38,39,195.3459483683696,0.4266549259297628,0.7590326054056222,0.12664062432245907,1091444.7210918781,-2508.1391733316264,1088936.5819185465,3446,3,1334.8680203045685,81,116,42,35.01425545780381,0.5879335871404399,40.09146341463412,8398.683132390288,103.68744607889245,8
3449,31.824293284487048,0,1,196,0.0,0.005076142131979695,0.9949238578680203,197,5250,3300,1950,0.6285714285714286,72,33,39,195.0835091158462,0.4265815463241134,0.7586691296082182,0.12695132879649199,1075993.4405375815,-2668.2847668595837,1073325.1557707218,3447,4,1335.8680203045685,82,115,37,34.88688465250966,0.5888853637901861,39.95983935742969,8275.594338034216,100.92188217114898,0
3450,31.75023558776986,1,0,197,0.005076142131979695,0.0,1.0,197,5600,3700,1900,0.6607142857142857,75,37,38,216.64927207386967,0.426894488759971,0.7834822252953575,0.1320173150519093,1054323.486091625,683.6831584268621,1055007.1692500517,3448,0,1336.8426395939086,69,128,40,36.708434384263015,0.5623413705583756,42.29166666666666,8182.3002962648325,118.58406226470771,8
3451,32.024914793648485,0,1,196,0.0,0.005076142131979695,0.9949238578680203,197,5900,3900,2000,0.6610169491525424,79,39,40,218.75472075584506,0.42700995372768397,0.785922509581856,0.13373833069215837,1064427.4388355003,1269.7054294637865,1065697.1442649642,3449,1,1337.8426395939086,69,128,40,36.532523375274145,0.5638747884940778,42.172619047619044,8256.899906469538,119.66521603579041,0
3452,32.218364918805825,0,0,196,0.0,0.0,1.0,196,5450,4100,1350,0.7522935779816514,68,41,27,218.00601033603874,0.4266897784754928,0.7845125937319741,0.13386650056171648,1072176.1751942188,2098.1700662891208,1074274.345260508,3450,2,1345.030612244898,71,125,34,36.389636608344546,0.5652636054421769,42.01388888888889,8311.890671761374,117.06888270086442,0
3453,32.49289051563226,0,0,196,0.0,0.0,1.0,196,5450,4000,1450,0.7339449541284404,69,40,29,216.13279995518226,0.42662654805511946,0.7830664953632775,0.13322812892759772,1082476.5317111118,2141.7367368995656,1084618.2684480113,3451,3,1346.030612244898,74,122,36,36.29607210115684,0.5666454081632653,41.87500000000001,8387.227364347596,113.34091032902157,0
3454,32.28749427623705,1,0,197,0.005076142131979695,0.0,1.0,197,5800,3900,1900,0.6724137931034483,77,39,38,210.61851361708767,0.4273077885976726,0.7780065737981521,0.13086275160982144,1078009.8559241116,209.76670386145634,1078219.622627973,3452,0,1340.1928934010152,67,130,43,36.14748206769814,0.5690566835871405,41.59007352941177,8343.409021841959,124.52849286331282,0
3455,32.14016033324552,0,0,197,0.0,0.0,1.0,197,5300,3800,1500,0.7169811320754716,68,38,30,208.19811642835043,0.42732181705169375,0.7752828074922835,0.12968266088041627,1073833.8973719927,14.038957952690907,1073847.9363299455,3453,1,1341.1928934010152,68,129,41,36.11869512741149,0.5701142131979695,41.5006038647343,8308.212037834586,122.17958879168509,0
3456,32.107133944129046,0,0,197,0.0,0.0,1.0,197,5200,3800,1400,0.7307692307692307,66,38,28,207.37417360273702,0.4274070668876688,0.7742903233143519,0.12979105625807105,1074153.3111266452,-49.668956493638234,1074103.6421701515,3454,2,1342.1928934010152,70,127,43,35.96506153933413,0.5714890016920473,41.32922535211268,8305.177209051346,118.64538870073352,0
3457,31.87997032678745,0,0,197,0.0,0.0,1.0,197,5200,3700,1500,0.7115384615384616,67,37,30,204.0693045983147,0.42708225422148555,0.7703454339019145,0.12812876010025365,1067485.6115928905,-1031.7907147063474,1066453.8208781842,3455,3,1343.1928934010152,73,124,42,35.935233536408475,0.5727051607445008,41.216216216216225,8250.019348080825,113.01396367234007,0
3458,31.712023064253664,0,0,197,0.0,0.0,1.0,197,5250,3500,1750,0.6666666666666666,70,35,35,207.64373944302764,0.4269063589902966,0.7768121112063864,0.12856747265398882,1057776.233534704,-721.8774749787558,1057054.3560597252,3456,4,1344.1928934010152,86,111,44,36.35142391371529,0.5711188663282571,41.714559386973164,8190.7538498811855,95.24132383582774,8
3459,31.776147385315074,1,1,197,0.005050505050505051,0.005050505050505051,0.9949494949494949,198,6150,4200,1950,0.6829268292682927,81,42,39,198.93376193253596,0.42708974260370197,0.7683177044838618,0.11972527323646232,1051474.0608386754,-3915.261900576341,1047558.7989380991,3457,0,1338.3989898989898,84,114,39,37.62742949695123,0.556344696969697,42.74509803921569,8174.569680300678,97.3163057178652,8
3460,31.850590557260873,3,0,200,0.015,0.0,1.0,200,6350,4500,1850,0.7086614173228346,82,45,37,200.18949177900404,0.42829407453936347,0.7709594311028205,0.11432925835421433,1037960.968428456,-4792.2242487728545,1033168.7441796832,3458,0,1325.975,69,131,39,39.59159089142766,0.5347395833333333,44.702380952380956,8131.379934529289,117.84608600767086,8
3461,31.826217149687416,1,0,201,0.004975124378109453,0.0,1.0,201,5600,4000,1600,0.7142857142857143,72,40,32,223.3929278049842,0.4291075870646766,0.7848098530628498,0.12541546253094665,1031850.4779753882,301.6198663788582,1032152.097841767,3459,0,1320.3731343283582,80,121,38,39.66897715603586,0.531301824212272,45.35751028806584,8104.307173109053,101.30383966386316,8
3462,31.779559557525957,1,1,201,0.0049504950495049506,0.0049504950495049506,0.995049504950495,202,6000,4000,2000,0.6666666666666666,80,40,40,219.96944653892243,0.4296263115117482,0.784371087687151,0.12392436010630906,1031421.9019426049,-1023.7390163127739,1030398.1629262922,3460,0,1314.8316831683169,81,121,39,39.619274365110996,0.5330548679867987,45.22357723577234,8096.682501089135,99.95904322332265,0
3463,31.448216495025243,1,0,202,0.0049504950495049506,0.0,1.0,202,5050,3600,1450,0.7128712871287128,65,36,29,218.02876478581635,0.4301856025154754,0.7845587034745716,0.12330171437969736,1021843.6688688027,-891.7374144659225,1020951.9314543369,3461,0,1313.9059405940593,83,119,34,39.51882773102433,0.5344987623762376,45.0768849206349,8016.877312602058,96.58888328436214,0
3464,31.627778523563205,2,1,203,0.00980392156862745,0.004901960784313725,0.9950980392156863,204,6000,4000,2000,0.6666666666666666,80,40,40,216.70512256226883,0.43149479619433984,0.7880253835320041,0.12335783504184232,1029695.6653726707,-2171.9349267158514,1027523.730445955,3462,0,1302.014705882353,88,116,37,39.29704461364403,0.5367136437908497,44.82677902621722,8070.5621181030165,91.71093316026155,0
3465,31.209131431715633,2,0,205,0.00975609756097561,0.0,1.0,205,5500,3800,1700,0.6909090909090909,72,38,34,214.60826505723503,0.43272556990275785,0.7859087898596055,0.12289521853339055,1017874.4617960823,-2811.145541575131,1015063.3162545072,3463,0,1295.4243902439025,75,130,38,39.118680905871,0.5383638211382114,44.5997807017544,7970.81901176797,106.27758682357293,0
3466,30.794242497632258,0,0,205,0.0,0.0,1.0,205,6000,4300,1700,0.7166666666666667,77,43,34,209.49019376181388,0.43325063765343536,0.7799973488865315,0.1204568614130436,1005565.0790893553,-4868.795348291212,1000696.2837410641,3464,1,1296.4243902439025,77,128,40,39.09080615942031,0.5397865853658537,44.444444444444464,7869.639749394955,102.20311362850592,0
3467,30.762980784453337,1,2,204,0.0048543689320388345,0.009708737864077669,0.9902912621359223,206,5100,3600,1500,0.7058823529411765,66,36,30,188.1988030109698,0.43367126450390714,0.75957335017134,0.11608807570793743,1025040.5070374995,-7717.720707557166,1017322.7863299423,3465,0,1291.126213592233,84,122,40,36.99214732178182,0.5664947411003236,41.85049019607842,7941.448409614047,94.54105249540532,8
3468,30.53048714742966,0,3,201,0.0,0.014705882352941176,0.9852941176470589,204,5450,3800,1650,0.6972477064220184,71,38,33,203.36112181034076,0.4321165966386555,0.7761219263430967,0.12178714586068504,1008831.986475673,-5218.559102430457,1003613.4273732426,3466,3,1304.7696078431372,85,119,36,37.69847813795703,0.5580575980392157,42.92635658914729,7848.583566097962,92.33627724821132,8
3469,30.31079039573963,0,0,201,0.0,0.0,1.0,201,5700,3800,1900,0.6666666666666666,76,38,38,217.07534816410543,0.4311017827529022,0.7855784721224681,0.12245178571568803,984134.7507289354,-3173.7212690246015,980961.0294599107,3467,5,1325.189054726368,78,123,34,39.642407464900465,0.5309390547263682,45.17405063291137,7723.975938661125,99.0253325469375,8
3470,30.604307173970362,3,1,203,0.014705882352941176,0.004901960784313725,0.9950980392156863,204,6600,4800,1800,0.7272727272727273,84,48,36,211.70054052133258,0.433672606973824,0.7849090789840456,0.12038210596526294,996061.00361618,-5226.669428447006,990834.334187733,3468,0,1306.686274509804,82,122,40,39.46578779084064,0.5334967320261438,44.866967871485926,7808.1696854874535,95.2215815303348,0
3471,31.05951471202411,1,3,201,0.004901960784313725,0.014705882352941176,0.9852941176470589,204,6350,4800,1550,0.7559055118110236,79,48,31,208.765753533297,0.43413946038185386,0.7811410401563652,0.11940742491774771,1012636.4641386222,-4869.237101761025,1007767.2270368611,3469,0,1307.6323529411766,70,134,42,39.31401417217277,0.535641339869281,44.64495305164322,7931.2038374821595,113.30291196403086,0
3472,31.178992442333865,1,1,201,0.0049504950495049506,0.0049504950495049506,0.995049504950495,202,4900,3600,1300,0.7346938775510204,62,36,26,211.36092363547868,0.4340693397697979,0.7809476546676661,0.12175579967170609,1018682.2333488442,-2238.0764536669813,1016444.1568951772,3470,0,1319.4752475247524,74,128,39,38.97208638956808,0.5374381188118812,44.37500000000002,7970.129943071643,107.70445869015734,0
3473,31.35390118736548,2,0,203,0.009852216748768473,0.0,1.0,203,6000,3800,2200,0.6333333333333333,82,38,44,205.65450070544242,0.4353580370352306,0.7766227535181485,0.11923291264383411,1026342.3158823359,-4385.616694869988,1021956.699187466,3471,0,1313.9014778325122,78,125,36,38.87035128403332,0.5394088669950738,44.13238396624474,8022.4479501691685,102.85189679704062,0
3474,31.202854832467796,1,1,203,0.004901960784313725,0.004901960784313725,0.9950980392156863,204,6300,4700,1600,0.746031746031746,79,47,32,200.19077665243594,0.4357316921021282,0.7709674895406129,0.11713365178403826,1024144.650873034,-6095.13738745763,1018049.5134855764,3472,0,1308.4558823529412,80,124,39,38.6594639361542,0.5454963235294117,43.7885802469136,7994.5277369760715,99.9315967122009,8
3475,31.473417048830445,4,1,206,0.01932367149758454,0.004830917874396135,0.9951690821256038,207,6250,4700,1550,0.752,78,47,31,202.59679025252478,0.4374804574519644,0.7820383484914049,0.11967211475976652,1035880.2163608882,-5676.798615838782,1030203.4177450495,3473,0,1290.4541062801932,75,132,42,38.23682933561265,0.5497685185185186,43.434758771929815,8074.984837404819,107.66646449873092,8
3476,31.78265344098889,4,5,205,0.01904761904761905,0.023809523809523808,0.9761904761904762,210,6100,4200,1900,0.6885245901639344,80,42,38,200.26586127378218,0.4391969507101086,0.7826624983717589,0.11945928648009545,1049015.8535139586,-6083.587321235,1042932.2661927236,3474,0,1272.9761904761904,82,128,36,37.92690422691156,0.5526289682539682,43.07228915662651,8165.844393121555,99.58346820879946,0
3477,31.853862918793826,1,2,204,0.0048543689320388345,0.009708737864077669,0.9902912621359223,206,6200,5000,1200,0.8064516129032258,74,50,24,200.98389684923234,0.43697312337201044,0.7799355210336318,0.12009746206821943,1051893.9403496655,-5117.251359286147,1046776.6889903793,3475,0,1298.6019417475727,79,127,36,37.84268336964416,0.5541059870550162,43.00781249999999,8186.1939118259415,103.62270774463217,0
3478,31.819207025273776,1,3,202,0.004878048780487805,0.014634146341463415,0.9853658536585366,205,6700,5200,1500,0.7761194029850746,82,52,30,198.1551500000012,0.4370795472660609,0.7765370731707324,0.1190836237980767,1052463.0175148998,-5989.806578976603,1046473.2109359233,3476,0,1304.4731707317073,80,125,41,37.70177083333329,0.5560467479674797,42.79835390946499,8183.952424195861,102.29940530244826,0
3479,32.14192537131786,2,3,201,0.00980392156862745,0.014705882352941176,0.9852941176470589,204,4850,3700,1150,0.7628865979381443,60,37,23,168.88042509437028,0.436001843266042,0.7361111490737293,0.10281402060695675,1067052.5706391092,-9609.1416544856,1057443.4289846236,3477,0,1311.7598039215686,86,118,46,37.97356845251926,0.5643382352941176,42.32519157088121,8282.164462597313,96.30423793717806,8
3480,32.310667610224584,0,1,200,0.0,0.004975124378109453,0.9950248756218906,201,5450,3600,1850,0.6605504587155964,73,36,37,170.7408343039425,0.4345708955223881,0.735784616166729,0.1042555349564339,1073551.8490050856,-8990.172326466563,1064561.676678619,3478,1,1323.636815920398,86,115,44,37.81603189348198,0.5661276948590381,42.21743295019155,8329.126839656734,96.85031208903179,0
3481,32.01771205456559,0,1,199,0.0,0.005,0.995,200,5250,3200,2050,0.6095238095238096,73,32,41,177.43469119722275,0.43398659966499165,0.7426678922138956,0.10682373801498275,1059573.0296304252,-7648.997337323886,1051924.0322931013,3479,2,1331.245,86,114,44,38.167457842726584,0.5605208333333334,42.732279693486596,8237.123789708485,95.7805091826568,8
3482,31.912816198660973,2,0,201,0.009950248756218905,0.0,1.0,201,5550,3500,2050,0.6306306306306306,76,35,41,175.20231215948894,0.43450041459369815,0.741054515675718,0.10618193397946633,1058094.1289223486,-8673.892426085298,1049420.2364962634,3480,0,1325.323383084577,80,121,44,37.978072146757206,0.5630182421227197,42.48971193415634,8217.87849230941,102.72348115386762,0
3483,31.80998729424164,1,2,200,0.0049504950495049506,0.009900990099009901,0.9900990099009901,202,5700,4100,1600,0.7192982456140351,73,41,32,175.3586640570718,0.43496933648588737,0.7432295884521174,0.10671466495858249,1055911.9634247478,-9067.3377463917,1046844.6256783562,3481,0,1319.7574257425742,81,121,45,37.8216466170356,0.5646658415841583,42.33993902439021,8196.163265867588,101.1872008131801,0
3484,32.0185955725779,0,0,200,0.0,0.0,1.0,200,6300,4600,1700,0.7301587301587301,80,46,34,174.9799174395891,0.4340295226130653,0.7393244913481676,0.10687797744654964,1063942.8239823878,-9066.274499823983,1054876.5494825637,3482,1,1333.205,84,116,45,37.69500301071183,0.5663541666666667,42.20588235294115,8254.205593930676,98.26435230869852,0
3485,32.342521400380384,1,0,201,0.004975124378109453,0.0,1.0,201,4700,3300,1400,0.7021276595744681,61,33,28,175.5621222748519,0.4349222636815921,0.74217548935451,0.10766111016701102,1075908.330334093,-7122.250030671209,1068786.0803034217,3483,0,1327.5671641791046,86,115,35,37.53336350554704,0.5676824212271974,42.06178160919537,8342.372348280502,97.00432963116863,0
3486,32.36305223849632,1,1,201,0.0049504950495049506,0.0049504950495049506,0.995049504950495,202,6350,4700,1650,0.7401574803149606,80,47,33,207.16573241640725,0.4351925397763657,0.7814048617175426,0.1232813816197089,1067442.095818396,-2522.515281535263,1064919.5805368607,3484,0,1321.990099009901,82,120,42,37.83929880283416,0.5569822607260726,43.16014056224901,8312.121787912025,101.36733887697591,8
3487,32.177003198036005,1,3,199,0.0049504950495049506,0.01485148514851485,0.9851485148514851,202,4800,3200,1600,0.6666666666666666,64,32,32,207.26380273529867,0.43529003086875856,0.7808728817704209,0.12360941298204679,1061972.1035190197,-1178.3246851686654,1060793.778833851,3485,0,1322.970297029703,86,116,35,37.754469972349064,0.5581167491749175,43.07950191570882,8266.931688499257,96.12711265696811,0
3488,32.64521682713669,0,0,199,0.0,0.0,1.0,199,4950,3500,1450,0.7070707070707071,64,35,29,208.23580243441353,0.4341869279055209,0.7786394575983497,0.12422941574756999,1077525.4835552871,125.87674233309826,1077651.3602976203,3486,2,1326.391959798995,86,113,35,37.71727480311292,0.5590452261306533,43.067528735632195,8387.616234357387,97.53042132973705,0
3489,32.354532708518754,0,1,198,0.0,0.005025125628140704,0.9949748743718593,199,5250,3400,1850,0.6476190476190476,71,34,37,208.83592019909196,0.43407800788454054,0.7798969051882789,0.12480144958553539,1068456.831997954,-423.5668593399896,1068033.265138614,3487,3,1327.391959798995,87,112,36,37.63726720709935,0.5598827470686767,43.004261363636374,8314.977031660188,95.57444863977227,0
3490,32.28488600012269,0,1,197,0.0,0.005050505050505051,0.9949494949494949,198,6150,3900,2250,0.6341463414634146,84,39,45,210.77475959958218,0.4339700943444598,0.7819730804596143,0.12650427396218622,1067472.895873148,-750.7313986532836,1066722.1644744948,3488,4,1333.8939393939395,90,108,36,37.42553230951848,0.561395202020202,42.84569597069598,8302.197390026995,92.2466376669666,0
3491,31.8498416229704,1,0,198,0.005050505050505051,0.0,1.0,198,5050,3000,2050,0.594059405940594,71,30,41,213.33181491276954,0.4336779384368217,0.7857015038043966,0.12873159110860077,1054708.7674809988,350.5871142262272,1055059.354595225,3489,0,1334.8484848484848,68,130,36,37.15780880311299,0.5630260942760943,42.64794685990337,8196.622133858315,120.53856079203403,0
3492,31.936473273577608,2,0,200,0.01,0.0,1.0,200,5350,3400,1950,0.6355140186915887,73,34,39,211.2414346834355,0.43439070351758796,0.7852154885885214,0.12830855918254983,1059545.04119711,-586.0370771604703,1058959.0041199494,3490,0,1322.49,72,128,39,36.967279710466045,0.5645833333333333,42.40867579908676,8226.558440847937,114.25775612288801,0
3493,31.56579353428382,1,0,201,0.004975124378109453,0.0,1.0,201,6250,4400,1850,0.704,81,44,37,205.7421774868064,0.4348580016583748,0.7799645459095348,0.12575419807438343,1049099.9534956058,-3281.178233301281,1045818.7752623046,3491,0,1316.9054726368158,78,123,39,36.87648101740567,0.566334991708126,42.18090717299578,8138.264253373574,104.3367211970971,0
3494,31.828589259699996,2,2,201,0.009852216748768473,0.009852216748768473,0.9901477832512315,203,5000,3400,1600,0.68,66,34,32,215.85307945086328,0.4356374676876555,0.7897366319828734,0.12690314200442723,1046138.7907829133,-437.5440953012385,1045701.2466876121,3492,0,1304.92118226601,66,137,38,38.07581913366887,0.5488505747126438,43.61007462686567,8160.529625026617,123.64438825797905,8
3495,31.855791584620682,2,1,202,0.009852216748768473,0.0049261083743842365,0.9950738916256158,203,4900,3600,1300,0.7346938775510204,62,36,26,211.0854932931199,0.4364849046481003,0.7851195189759734,0.12482710035482013,1048807.750202527,-1222.379735770503,1047585.3704667565,3493,0,1305.896551724138,69,134,41,37.97625260960337,0.5503899835796388,43.39285714285714,8174.423661982117,118.46990814466835,0
3496,32.287653193457345,3,3,202,0.014634146341463415,0.014634146341463415,0.9853658536585366,205,5200,3300,1900,0.6346153846153846,71,33,38,209.53616524480978,0.4386158935118763,0.7834358702101758,0.124921942790989,1065519.4571034415,-1547.027792962861,1063972.4293104785,3494,0,1292.1414634146342,75,130,32,37.70895575473037,0.5525914634146342,43.092105263157876,8294.953007924358,110.59937343899144,0
3497,31.824727974281927,0,1,201,0.0,0.0049504950495049506,0.995049504950495,202,5650,3700,1950,0.6548672566371682,76,37,39,209.33158805442898,0.43731579314647884,0.780540918585857,0.12487846271563204,1050432.190656113,-2072.2722772930147,1048359.91837882,3495,1,1311.0,77,125,34,37.69053095275225,0.5539913366336633,43.068910256410234,8176.762039225503,106.1917147951364,0
3498,32.0019214459661,1,2,200,0.0049504950495049506,0.009900990099009901,0.9900990099009901,202,5550,3600,1950,0.6486486486486487,75,36,39,202.88339353606557,0.4379730883536115,0.772428382136406,0.12174853050573498,1058068.630652693,-3017.0891238250024,1055051.541528868,3496,0,1309.9108910891089,79,123,36,37.63444773575031,0.5555899339933994,42.85156249999998,8229.244096827873,104.16764679528954,0
3499,32.112651998275695,0,0,200,0.0,0.0,1.0,200,6100,4000,2100,0.6557377049180327,82,40,42,206.18239556979813,0.4363075795644891,0.7750679681851067,0.12408627200741063,1062605.3970220943,-2281.894739317845,1060323.5022827764,3497,1,1323.885,83,117,39,37.441401542540355,0.5570833333333334,42.7455357142857,8261.123086609949,99.53160345313191,0
3500,32.592188924053204,0,1,199,0.0,0.005,0.995,200,4900,4000,900,0.8163265306122449,58,40,18,208.5860759378464,0.43617305276381907,0.7787229190421889,0.1258115464907094,1079154.30600018,119.31240400155866,1079273.6184041817,3498,2,1324.885,70,130,40,37.296655264158105,0.5583854166666666,42.664319248826295,8387.133123942107,119.81618748488724,0
3501,32.68299337496244,2,1,200,0.009950248756218905,0.004975124378109453,0.9950248756218906,201,6750,4900,1850,0.725925925925926,86,49,37,207.15971380103957,0.43633291873963514,0.7777431780125725,0.12594577290381798,1084595.6039194446,-2013.0970204364053,1082582.5068990083,3499,0,1319.0348258706467,74,127,40,37.0380478732007,0.5603752072968491,42.375,8419.956168224704,113.783191462496,0
3502,32.456796300672536,1,0,201,0.004975124378109453,0.0,1.0,201,5600,3500,2100,0.625,77,35,42,205.5708601163151,0.43656198175787725,0.775556560631188,0.12562663673774782,1078657.5674875583,-1451.8872161221811,1077205.6802714362,3500,0,1319.233830845771,77,124,44,36.8876262626263,0.562551824212272,42.18749999999999,8367.767796267119,108.67230904243011,0
3503,32.26777338360426,1,1,201,0.0049504950495049506,0.0049504950495049506,0.995049504950495,202,5500,4000,1500,0.7272727272727273,70,40,30,202.41361440751587,0.43726089026813125,0.7732126461169517,0.12409815189719817,1073350.7559400555,-2447.8387926268547,1070902.9171474287,3501,0,1313.6980198019803,79,123,37,36.8494644690124,0.5639438943894389,42.07031249999999,8322.816705153846,105.35211019182083,0
3504,32.575000881910775,0,1,200,0.0,0.004975124378109453,0.9950248756218906,201,5350,4000,1350,0.7476635514018691,67,40,27,201.77957897032536,0.43670812603648423,0.7711257015959658,0.12411134997001583,1084555.1690566351,-1781.7829235323966,1082773.3861331027,3502,2,1321.233830845771,79,122,39,36.74626602078919,0.5649875621890548,41.953125,8405.87718069932,106.4035086164471,0
3505,32.67634912104483,1,1,200,0.004975124378109453,0.004975124378109453,0.9950248756218906,201,5600,4000,1600,0.7142857142857143,72,40,32,199.88748584192294,0.4369890132669983,0.7695626475826207,0.12341192553241408,1089075.3096880382,-2261.4948907888925,1086813.8147972494,3503,0,1314.636815920398,82,119,44,36.65651937909134,0.5667495854063018,41.81726907630522,8436.46905268743,102.88376893521256,0
3506,32.34801070226226,1,1,200,0.004975124378109453,0.004975124378109453,0.9950248756218906,201,4950,3400,1550,0.6868686868686869,65,34,31,198.5167631848558,0.4367900082918739,0.7679204438702354,0.12295288909834538,1079079.35633045,-2306.931792336307,1076772.4245381136,3504,0,1315.6169154228855,83,118,47,36.5762578616352,0.5679415422885572,41.703869047619044,8355.366008400546,100.66706034217525,0
3507,32.120755789730296,0,0,200,0.0,0.0,1.0,200,5250,3300,1950,0.6285714285714286,72,33,39,200.83010936848666,0.43606731574539365,0.7703832862984508,0.12466976006310497,1072177.6359501886,-2184.8896219354483,1069992.746328253,3505,1,1323.17,69,131,47,36.43301608784968,0.5690104166666667,41.622023809523824,8299.295874659067,120.27965035737778,0
3508,31.778011464439704,1,0,201,0.004975124378109453,0.0,1.0,201,5450,3700,1750,0.6788990825688074,72,37,35,199.3109239498311,0.4365029021558872,0.7704440429314596,0.12457629638206956,1062747.1641263722,-3286.576158581891,1059460.5879677902,3506,0,1317.5820895522388,71,130,48,36.22268218095026,0.5708955223880596,41.377314814814824,8218.514654779017,115.75372753209884,0
3509,31.86134746782887,0,0,201,0.0,0.0,1.0,201,6700,5100,1600,0.7611940298507462,83,51,32,201.35891663582956,0.4361422056384743,0.7734263141729472,0.1264770646515117,1066978.1013834067,-3930.8890862563603,1063047.2122971504,3507,1,1318.5820895522388,73,128,44,35.991013960656325,0.5723984245439468,41.20213963963966,8245.648552872148,112.95408976537189,0
3510,31.62462503673428,0,1,200,0.0,0.004975124378109453,0.9950248756218906,201,5700,3900,1800,0.6842105263157895,75,39,36,202.474943310947,0.4358696102819237,0.7747164707606329,0.12745459197476444,1059682.1358764155,-2988.1839221594782,1056693.951954256,3508,2,1319.5820895522388,74,127,41,35.88342990503784,0.5733312603648424,41.125000000000036,8186.8248063846695,110.63276765384688,0
3511,32.000213137748695,1,1,200,0.004975124378109453,0.004975124378109453,0.9950248756218906,201,5300,3400,1900,0.6415094339622641,72,34,38,203.80366422528598,0.4350963930348259,0.776732957197922,0.1288453673831055,1073533.3848480603,-1741.9924999578539,1071791.3923481025,3509,0,1320.3283582089553,77,124,35,35.69314119749779,0.5746268656716418,40.97222222222225,8288.944097486365,107.64862464268006,0
3512,31.92976049139939,0,0,200,0.0,0.0,1.0,200,6150,4100,2050,0.6666666666666666,82,41,41,209.37897585810666,0.43486547319933,0.7824012988351701,0.13267050586541515,1071832.6794092353,-1266.1542588084703,1070566.5251504267,3510,1,1326.97,77,123,35,35.466919217950014,0.5756770833333333,40.89209401709404,8273.253379462276,107.44484908392566,0
3513,31.766983338814722,0,0,200,0.0,0.0,1.0,200,5600,3600,2000,0.6428571428571429,76,36,40,210.90581186237534,0.43492252931323283,0.7833034401646553,0.13407302170914864,1067312.4449569322,-579.520457107893,1066732.9244998244,3511,2,1327.97,81,119,36,35.3102845568297,0.5769791666666666,40.777439024390276,8234.718775557161,101.66319475996495,0
3514,31.53941752387905,0,0,200,0.0,0.0,1.0,200,5800,4300,1500,0.7413793103448276,73,43,30,211.57065256387037,0.43493247487437187,0.7853476176206184,0.13519940015427678,1061167.702162781,-897.6113547436503,1060270.0908080374,3512,3,1328.97,66,134,39,35.10563380281689,0.5784895833333333,40.593905472636806,8181.517123537318,123.96238065965633,0
3515,32.038218866107634,0,1,199,0.0,0.005,0.995,200,5650,4000,1650,0.7079646017699115,73,40,33,209.62912352774356,0.43459956030150754,0.7827183901360935,0.1345916038064236,1079323.3321827631,-398.47917429670724,1078924.8530084665,3513,4,1329.97,68,132,38,34.98737447171494,0.57984375,40.42874396135266,8316.20071231665,122.29706929877426,0
3516,31.91175682611552,0,3,196,0.0,0.01507537688442211,0.9849246231155779,199,5250,3900,1350,0.7428571428571429,66,39,27,206.5746734837936,0.4349715750469519,0.7783274762400609,0.1329292099323646,1075714.4064320729,-606.9295458962852,1075107.4768861765,3514,5,1337.0150753768844,71,128,39,34.98640673464459,0.5807160804020101,40.35011574074074,8285.883966410529,116.70259107620463,0
3517,32.239063933176915,0,1,195,0.0,0.00510204081632653,0.9948979591836735,196,6050,4000,2050,0.6611570247933884,81,40,41,209.16867802504714,0.4341373408337694,0.7770976026463186,0.1352007356992582,1088051.1066112597,267.24231871337724,1088318.348929973,3515,6,1339.954081632653,74,122,39,34.76012598453257,0.5830676020408163,40.19444444444444,8375.887915750101,113.18767453716353,0
3518,31.89266438396017,0,0,195,0.0,0.0,1.0,195,6200,4300,1900,0.6935483870967742,81,43,38,206.9911208493263,0.4339996916027844,0.774282450127429,0.13429991812889014,1077449.3176661003,-595.511615590538,1076853.80605051,3516,7,1346.553846153846,75,120,39,34.682584146234284,0.5846688034188035,40.06304824561402,8290.081963292241,110.53442617722989,0
3519,31.960000635127233,1,1,195,0.00510204081632653,0.00510204081632653,0.9948979591836735,196,5900,4600,1300,0.7796610169491526,72,46,26,206.73148128194254,0.4342098377812664,0.7753185186258256,0.1346109278746692,1080752.0908147963,-414.90387346046464,1080337.186941336,3517,0,1340.6785714285713,78,118,38,34.56307356892965,0.5858843537414966,39.93934599156116,8311.538667281258,106.55818804206741,0
3520,31.79677195723857,1,1,195,0.00510204081632653,0.00510204081632653,0.9948979591836735,196,5100,3300,1800,0.6470588235294118,69,33,36,206.8013720190401,0.43379175388103963,0.7767707873463006,0.13548132367354146,1076977.6283024868,244.09023335281063,1077221.7185358396,3518,0,1341.6734693877552,78,118,40,34.34592262357095,0.5874255952380952,39.72837552742614,8275.7974902944,106.09996782428719,0
3521,31.82260848463733,0,0,195,0.0,0.0,1.0,195,5650,4000,1650,0.7079646017699115,73,40,33,205.0190658276702,0.4332837694951097,0.7744137739958885,0.13494201853356774,1079183.2245723302,-399.37268825766387,1078783.8518840726,3519,1,1349.0051282051281,66,129,42,34.228429148508525,0.5888888888888889,39.56778606965173,8287.632380692768,125.57018758625406,0
3522,32.04056221898739,0,0,195,0.0,0.0,1.0,195,5400,3700,1700,0.6851851851851852,71,37,34,199.4013466915374,0.4332573354480571,0.7674863183915681,0.13169815840143745,1087562.618687702,-1027.7098444597823,1086534.9088432423,3520,2,1350.0051282051281,69,126,42,34.25399080472901,0.5902777777777778,39.44940476190474,8348.187557920335,120.98822547710631,0
3523,31.57667298754213,0,2,193,0.0,0.010256410256410256,0.9897435897435898,195,5000,3500,1500,0.7,65,35,30,203.7879724594347,0.4329621552559697,0.7720285043418182,0.13500567797274762,1072673.8683097775,-280.3934533864576,1072393.474856391,3521,3,1351.0051282051281,69,126,40,34.033407551191274,0.5911324786324786,39.34523809523808,8230.61017931229,119.28420549727957,0
3524,31.56807825602081,0,0,193,0.0,0.0,1.0,193,5550,3800,1750,0.6846846846846847,73,38,35,204.5803562735574,0.433033786701209,0.7709059166477912,0.1358854057098282,1073116.70310655,-242.2805110713971,1072874.4225954786,3522,4,1364.896373056995,69,124,42,33.92164136514096,0.592130829015544,39.25595238095237,8231.188500029695,119.2925869569521,0
3525,31.202773850672756,0,0,193,0.0,0.0,1.0,193,5050,3600,1450,0.7128712871287128,65,36,29,202.81867637640016,0.432779666810593,0.7686218689105759,0.13504533440522998,1061377.4295255728,-596.5669215675125,1060780.8626040053,3523,5,1365.896373056995,70,123,46,33.88246709416133,0.5931023316062176,39.1725352112676,8138.540397847119,116.26486282638741,0
3526,31.089247857555872,0,1,192,0.0,0.0051813471502590676,0.9948186528497409,193,5250,4100,1150,0.780952380952381,64,41,23,207.39423353047144,0.4326424870466321,0.7734701510362108,0.13868904609173038,1058705.813001245,63.896124329632585,1058769.7091255747,3524,6,1366.896373056995,70,123,48,33.61336762611498,0.5941817789291883,39.025821596244135,8113.490916816379,115.90701309737683,0
3527,30.801784847008538,0,0,192,0.0,0.0,1.0,192,4900,3600,1300,0.7346938775510204,62,36,26,211.75174123486795,0.4321524823662013,0.7752627158458301,0.14229293204782037,1050241.0545673622,1178.0744041968983,1051419.128971559,3525,7,1374.7447916666667,74,118,38,33.331449668475,0.5956488715277778,38.861111111111136,8043.543870742484,108.69653879381735,0
3528,31.350792015264343,0,0,192,0.0,0.0,1.0,192,5750,4300,1450,0.7478260869565218,72,43,29,211.5396379346269,0.43175594913467136,0.7748954979472233,0.14287870540099615,1070373.4787131592,1135.2836283618922,1071508.7623415212,3526,8,1375.7447916666667,77,115,39,33.16079581267781,0.5974934895833333,38.68856837606839,8192.320344052881,106.39377070198547,0
3529,31.756760859315705,0,0,192,0.0,0.0,1.0,192,5800,4100,1700,0.7068965517241379,75,41,34,210.1894921668214,0.43167755144706227,0.7733369989630929,0.14215774529389177,1084609.7474154783,1394.7144016888055,1086004.4618171672,3527,9,1376.7447916666667,81,111,39,33.14984932439001,0.5986870659722222,38.643292682926834,8299.84245324647,102.46719078082063,0
3530,31.302981271527408,0,0,192,0.0,0.0,1.0,192,4950,3600,1350,0.7272727272727273,63,36,27,206.82211393469882,0.4314230430119255,0.7696920650730403,0.14030365026380973,1069943.1006334124,907.578772569836,1070850.6794059821,3528,10,1377.7447916666667,82,110,41,33.13413014608236,0.5994466145833333,38.54166666666668,8184.425311618134,99.81006477583091,0
3531,31.551219529805266,0,0,192,0.0,0.0,1.0,192,5350,3700,1650,0.6915887850467289,70,37,33,205.3976751911858,0.4312213678010471,0.7670357402901433,0.14000023220815022,1079741.1682341709,605.265152702963,1080346.433386874,3529,11,1378.7447916666667,71,121,39,33.008960994672705,0.6010199652777778,38.38252314814816,8254.35044498655,116.25845697164155,0
3532,31.241411703530176,0,1,191,0.0,0.005208333333333333,0.9947916666666666,192,5500,3800,1700,0.6909090909090909,72,38,34,202.25508722377361,0.4306538367146597,0.76358333996569,0.13846355353819323,1070335.9748781482,-603.820808455439,1069732.1540696928,3530,12,1379.7447916666667,74,118,36,32.94180329318551,0.6025933159722222,38.236111111111114,8177.873421894908,110.51180299857984,0
3533,31.079620384371125,0,1,190,0.0,0.005235602094240838,0.9947643979057592,191,5600,4100,1500,0.7321428571428571,71,41,30,201.84625556852922,0.43034352897951683,0.7621972275998243,0.13882576746224823,1066049.4818019152,-764.3807695026162,1065285.1010324126,3531,13,1386.6701570680627,76,115,42,32.79498734569494,0.6042757417102966,38.08170995670995,8140.321026269054,107.1094871877507,0
3534,30.864668438551497,0,2,188,0.0,0.010526315789473684,0.9894736842105263,190,5200,3800,1400,0.7307692307692307,66,38,28,200.56380156674265,0.43008563074352546,0.7595389439783038,0.13838902308105197,1059541.8826498066,-698.8504193143553,1058843.0322304922,3532,14,1388.2842105263157,78,112,41,32.719404186795494,0.6053728070175439,37.97468354430379,8087.324514911567,103.68364762707138,0
3535,31.37902326080179,0,0,188,0.0,0.0,1.0,188,4800,3300,1500,0.6875,63,33,30,202.6021401201879,0.4292445338870558,0.7589313483805125,0.14038909682155465,1078353.0260303898,1295.3261757673781,1079648.3522061573,3533,15,1401.6170212765958,80,108,37,32.522830210274996,0.6066600177304964,37.83436213991769,8226.501648594438,102.83127060743047,0
3536,30.985533672771705,0,1,187,0.0,0.005319148936170213,0.9946808510638298,188,5150,4100,1050,0.7961165048543689,62,41,21,201.03873462005546,0.4290294212462548,0.7571325713025192,0.139483715001431,1065173.3244762018,78.21946074673042,1065251.5439369485,3534,16,1402.6170212765958,81,107,38,32.52078185811406,0.60760195035461,37.79217479674797,8124.649397099618,100.30431354443972,0
3537,31.2436766503392,0,1,186,0.0,0.0053475935828877,0.9946524064171123,187,4550,3200,1350,0.7032967032967034,59,32,27,201.68590524290443,0.42837650700553925,0.7570768808373756,0.14026734554647166,1074693.1976143152,1400.0940838471329,1076093.2916981624,3535,17,1410.7914438502673,82,105,39,32.42340143866535,0.6084558823529411,37.71335341365463,8194.799175645596,99.93657531275117,0
3538,31.069456030465076,0,1,185,0.0,0.005376344086021506,0.9946236559139785,186,5000,3300,1700,0.66,67,33,34,206.0257625574094,0.4281077448416158,0.7607719683578733,0.14410778589049017,1070235.1499331482,1899.2025761439909,1072134.352509292,3536,18,1416.5913978494623,82,104,40,32.11744126741257,0.6101590501792115,37.52510040160642,8154.952352173018,99.45063844113436,0
3539,31.373488301940725,0,0,185,0.0,0.0,1.0,185,4950,3400,1550,0.6868686868686869,65,34,31,207.66996977919845,0.4280025949862907,0.7621307494351761,0.1456293800614628,1081398.0745555488,2964.781092446819,1084362.8556479956,3537,19,1424.4162162162163,70,115,39,31.98875912680674,0.6110360360360361,37.44131455399061,8237.3818464133,117.67688352019,0
3540,31.05401940212559,0,0,185,0.0,0.0,1.0,185,4700,3200,1500,0.6808510638297872,62,32,30,206.39744918163564,0.4278140912651782,0.7611305053332038,0.1451819329675548,1071205.6925129904,2518.824496705706,1073724.5170096962,3538,20,1425.4162162162163,71,114,43,31.91963875883594,0.6118806306306306,37.340856481481474,8156.622138969749,114.88200195732041,0
3541,31.112286178586228,0,0,185,0.0,0.0,1.0,185,5150,3700,1450,0.7184466019417476,66,37,29,208.16495924062525,0.42733181551116334,0.7619950906684141,0.14739761255321027,1074980.2879999285,2604.645567196113,1077584.9335671247,3539,21,1426.4162162162163,74,111,41,31.65286363396205,0.6135698198198198,37.12499999999999,8178.642229195842,110.5221922864303,0
3542,31.052799883391906,0,0,185,0.0,0.0,1.0,185,5150,3400,1750,0.6601941747572816,69,34,35,207.46985589648114,0.42692543086564827,0.7617875301043617,0.14756658764467984,1074115.7077720813,2419.326221523899,1076535.033993605,3540,22,1427.4162162162163,75,110,45,31.52227722772274,0.6146396396396396,36.97916666666666,8167.533302662954,108.90044403550606,0
3543,31.248239059314923,0,1,184,0.0,0.005405405405405406,0.9945945945945946,185,5800,4700,1100,0.8103448275862069,69,47,22,211.7733908263892,0.42666593223658444,0.7669562221073627,0.15122672534342596,1081932.4787334672,3024.9019333173082,1084957.3806667845,3541,23,1428.4162162162163,76,109,39,31.277846322571772,0.615990990990991,36.85064935064935,8222.953817394397,108.19676075518943,0
3544,31.49366753307341,0,0,184,0.0,0.0,1.0,184,5400,3800,1600,0.7037037037037037,70,38,32,212.46344178318884,0.42625858774847547,0.7657145394467879,0.15229285600525308,1091439.4108680172,4178.194746166776,1095617.605614184,3542,24,1436.1521739130435,76,108,39,31.13534761831353,0.6171308876811594,36.72889610389609,8291.37261716909,109.09700812064592,0
3545,31.42497621828276,0,0,184,0.0,0.0,1.0,184,5700,4200,1500,0.7368421052631579,72,42,30,213.87974714573056,0.426115664845173,0.7677847083393843,0.15356581623724178,1089506.5906173605,4104.678822969329,1093611.2694403299,3543,25,1437.1521739130435,76,108,41,31.04279047863688,0.6180932971014492,36.674783549783534,8274.988664622171,108.88142979766015,0
3546,31.208714012897296,0,0,184,0.0,0.0,1.0,184,5450,3600,1850,0.6605504587155964,73,36,37,212.95950021154835,0.4256571978696444,0.7667434397383084,0.1533078175036427,1082704.067614023,3864.4234232183308,1086568.4910372414,3544,26,1438.1521739130435,78,106,42,30.980627721880154,0.6193953804347826,36.59018987341771,8220.681432432048,105.39335169784677,0
3547,31.520056097854425,0,0,184,0.0,0.0,1.0,184,4800,3100,1700,0.6458333333333334,65,31,34,221.2073223751929,0.4259634612338639,0.7765463879730266,0.14799011123476144,1073497.1426579682,5893.085700957943,1079390.2283589263,3545,27,1439.1521739130435,70,114,40,33.23788577210636,0.5969202898550725,39.011150234741784,8226.383185515442,117.51975979307774,8
3548,31.387167159870586,1,0,185,0.005405405405405406,0.0,1.0,185,4150,3200,950,0.7710843373493976,51,32,19,219.6191846120233,0.4265312867215041,0.7754552760018438,0.14729298393187543,1069661.196797948,5833.6239703770925,1075494.8207683251,3546,0,1432.3675675675677,72,113,35,33.19327539717241,0.597972972972973,38.92694063926939,8194.34375509403,113.81032993186153,0
3549,31.069442959216673,0,0,185,0.0,0.0,1.0,185,4700,3200,1500,0.6808510638297872,62,32,30,218.62627159789966,0.4265361829220525,0.7739484817512579,0.14685218050418394,1059254.6452189656,4616.178751395568,1063870.8239703611,3547,1,1433.3675675675677,74,111,35,33.1661214828998,0.5989864864864864,38.87499999999999,8113.008292725443,109.63524719899247,0
3550,31.425134462775826,0,0,185,0.0,0.0,1.0,185,5300,3700,1600,0.6981132075471698,69,37,32,219.94905203977726,0.4263452311006659,0.7764466169685453,0.14837149989675938,1072562.7590111934,4881.832419535998,1077444.5914307295,3548,2,1434.3675675675677,76,109,37,32.98447505134712,0.6002815315315315,38.73106060606061,8210.41155140138,108.03173093949184,0
3551,31.53192299241,0,0,185,0.0,0.0,1.0,185,6100,4300,1800,0.7049180327868853,79,43,36,189.59346640668113,0.4264468272620447,0.7325709897667916,0.1213248308744721,1061316.6554013048,-2856.259269464629,1058460.3961318403,3549,3,1435.3675675675677,77,108,42,35.625772081531814,0.5872747747747749,40.54487179487177,8181.119122549896,106.24830029285579,8
3552,31.568588221012114,0,1,184,0.0,0.005405405405405406,0.9945945945945946,185,4800,3700,1100,0.7708333333333334,59,37,22,193.77567903898833,0.42629626909518215,0.7365208578438693,0.12253570752707103,1059124.3471785714,-753.4920877491886,1058370.855090822,3550,4,1436.3675675675677,79,106,40,35.94404510572704,0.5814752252252252,40.963541666666686,8177.415287354408,103.51158591587858,8
3553,31.337895696692215,2,0,186,0.010752688172043012,0.0,1.0,186,5050,3800,1250,0.7524752475247525,63,38,25,190.46960010623133,0.42694105395718296,0.7344622817170743,0.12110019389982381,1052939.5927038784,-2139.403368334487,1050800.189335544,3551,0,1429.6129032258063,84,102,43,35.834554594305004,0.5832213261648745,40.772058823529434,8123.658182256558,96.71021645543522,0
3554,31.8692610787014,1,0,187,0.0053475935828877,0.0,1.0,187,4800,3600,1200,0.75,60,36,24,191.02261679774205,0.4270587756119066,0.7358389162622185,0.1218793597932967,1071815.0081246311,-1251.8184849876143,1070563.1896396435,3552,0,1422.9625668449198,88,99,45,35.69420626682911,0.5846702317290553,40.648408239700395,8265.34358898583,93.92435896574807,0
3555,31.773561285563694,1,0,188,0.005319148936170213,0.0,1.0,188,4400,2000,2400,0.45454545454545453,68,20,48,187.91202953779538,0.42736126123563545,0.7283775474912577,0.12051037878852457,1070077.4594180766,-1783.9145676202838,1068293.5448504563,3553,0,1416.3882978723404,79,109,46,35.59184560840191,0.5861591312056738,40.46875000000001,8246.232077393968,104.38268452397428,0
3556,32.149762624116306,0,0,188,0.0,0.0,1.0,188,5800,4300,1500,0.7413793103448276,73,43,30,187.4680862532592,0.42715622274054693,0.7254941254609164,0.12056238976853731,1083563.566050223,-2773.282387761538,1080790.2836624614,3554,1,1417.3882978723404,81,107,46,35.50371856346024,0.5873781028368794,40.3709349593496,8347.012811378174,103.04954088121202,0
3557,32.22307486316613,0,0,188,0.0,0.0,1.0,188,5300,3200,2100,0.6037735849056604,74,32,42,189.30081282289365,0.42682081294800317,0.7249068196821213,0.12232732969277045,1087436.7377395423,-1729.4683304858754,1085707.2694090563,3555,2,1418.3882978723404,83,105,44,35.28540175019889,0.5888187056737588,40.20337301587301,8371.44616050756,100.8607971145489,0
3558,32.19385479675315,1,0,189,0.005291005291005291,0.0,1.0,189,5800,4100,1700,0.7068965517241379,75,41,34,188.10665998347415,0.427433956246013,0.7256361159912357,0.12209218818837676,1087731.4074360991,-2678.095597614396,1085053.3118384848,3556,0,1411.8783068783068,86,103,47,35.16046013541522,0.5902777777777778,40.05028735632184,8368.783303308277,97.31143375939857,0
3559,32.575379260137524,0,0,189,0.0,0.0,1.0,189,6700,5100,1600,0.7611940298507462,83,51,32,192.65896478464936,0.4273706330443919,0.7314173812786027,0.12575188800333267,1102271.2777908104,-2027.5113417942484,1100243.7664490163,3557,1,1412.8783068783068,87,102,41,34.84367179323843,0.591765873015873,39.8555871212121,8474.302911932262,97.40578059692255,0
3560,32.55097869410519,0,1,188,0.0,0.005291005291005291,0.9947089947089947,189,5950,4000,1950,0.6722689075630253,79,40,39,212.56251376863386,0.42728737476077905,0.7758717621731324,0.13481782783708682,1092973.551965971,2715.041137703865,1095688.593103675,3558,2,1413.8783068783068,75,114,40,35.349616984890986,0.5808531746031746,40.85800438596491,8435.325577980351,112.47100770640468,8
3561,32.14533840901104,0,2,186,0.0,0.010638297872340425,0.9893617021276596,188,4500,3000,1500,0.6666666666666666,60,30,30,214.13532249217337,0.4268664429021125,0.7765036951318947,0.13640588653241584,1080627.1176070403,4180.087264514224,1084807.2048715546,3559,3,1422.3670212765958,77,111,40,35.15270910589204,0.5822251773049645,40.705128205128204,8335.121401567281,108.24832989048417,0
3562,32.11190504971185,0,1,185,0.0,0.005376344086021506,0.9946236559139785,186,6100,4600,1500,0.7540983606557377,76,46,30,214.2458522355158,0.4254262326842972,0.7742683135516035,0.13673704359754094,1080062.029837099,2979.7620099342007,1083041.7918470332,3560,4,1437.8172043010752,79,107,41,35.08129800692805,0.584005376344086,40.63802083333334,8328.607248505368,105.42540820892872,0
3563,31.80285626132422,0,0,185,0.0,0.0,1.0,185,5300,3900,1400,0.7358490566037735,67,39,28,211.34754167728227,0.42522155307481396,0.7696794958198676,0.13542386127271527,1070816.5659552093,2962.889760388568,1073779.4557155978,3561,5,1446.5513513513513,65,120,42,35.01424198191619,0.5853603603603603,40.49873737373737,8252.881354935173,126.96740546054112,0
3564,31.87239560044909,1,0,186,0.005376344086021506,0.0,1.0,186,5200,3800,1400,0.7307692307692307,66,38,28,209.47661305648322,0.4260449966095127,0.756005753255155,0.12732087331606404,1057617.0610986967,1909.2079739411965,1059526.269072638,3562,0,1439.768817204301,73,113,45,36.98813134072818,0.5631720430107527,42.38457207207206,8210.820831697874,112.47699769449143,7
3565,31.66754804908881,0,0,186,0.0,0.0,1.0,186,4500,3500,1000,0.7777777777777778,55,35,20,206.10769769017344,0.4261999903128935,0.752681219124697,0.1257378913127626,1051917.7669314842,1661.6698203272963,1053579.4367518115,3563,1,1440.768817204301,74,112,45,36.937574092035774,0.5646281362007168,42.25,8162.310509652642,110.30149337368435,0
3566,31.895791767488188,2,2,186,0.010638297872340425,0.010638297872340425,0.9893617021276596,188,5600,3900,1700,0.6964285714285714,73,39,34,198.66101264419936,0.42766763378465505,0.7446824617882488,0.12201702741885131,1061512.8820679625,-1023.7551827033876,1060489.126885259,3564,0,1426.4308510638298,79,109,35,36.87985767639042,0.5666001773049645,42.005208333333314,8228.94815209645,104.16390065944873,0
3567,32.02354210973509,0,0,186,0.0,0.0,1.0,186,5750,4100,1650,0.7130434782608696,74,41,33,203.9920931914827,0.42583672382059484,0.749559905237901,0.12560817891110215,1066517.6687199122,562.2343335750093,1067079.9030534872,3565,3,1442.768817204301,79,107,37,36.64931343860889,0.5678763440860215,41.9140625,8264.825887461708,104.61804920837605,0
3568,31.566018293662527,1,1,186,0.0053475935828877,0.0053475935828877,0.9946524064171123,187,4550,3300,1250,0.7252747252747253,58,33,25,202.54168360953653,0.42596745443045253,0.750875473942229,0.12531589729210343,1052690.0017636167,692.721055225697,1053382.7228188424,3566,0,1436.048128342246,83,104,41,36.51025160856622,0.5691844919786097,41.74107142857142,8152.2060637873865,98.21935016611309,0
3569,31.745418820179736,0,0,186,0.0,0.0,1.0,186,4400,3000,1400,0.6818181818181818,58,30,28,206.81581685743978,0.42541049113629764,0.7537287547693365,0.1282258064516129,1059282.8988261381,2215.291600769006,1061498.190426907,3567,1,1442.5430107526881,80,106,41,36.3239247311828,0.5703405017921147,41.66666666666667,8200.89986187978,102.51124827349724,0
3570,31.55442132085321,2,0,188,0.010638297872340425,0.0,1.0,188,4900,3600,1300,0.7346938775510204,62,36,26,204.49477520222194,0.42698377706982216,0.752506126343973,0.12778836768759352,1055205.8550043516,656.8168222370232,1055862.6718265887,3568,0,1428.186170212766,73,115,43,36.096596269685755,0.5723625886524824,41.385135135135165,8160.442405781531,111.78688227097989,0
3571,31.426506920834107,1,0,189,0.005291005291005291,0.0,1.0,189,5150,3800,1350,0.7378640776699029,65,38,27,203.02157684910102,0.4278608015310143,0.7519681240088854,0.12774803923076583,1052929.1098285147,-196.5343624584757,1052732.5754660564,3569,0,1421.6243386243386,76,113,41,35.883633829805795,0.574129188712522,41.139069264069306,8135.094831306384,107.04072146455768,0
3572,31.900038073911347,0,0,189,0.0,0.0,1.0,189,4550,2900,1650,0.6373626373626373,62,29,33,203.89566140678906,0.42816569102030094,0.754096231352547,0.1286121299504775,1069510.745748087,1263.7201771953055,1070774.4659252823,3570,1,1422.6243386243386,77,112,48,35.772520199415524,0.5752865961199294,41.05235042735046,8260.439880517459,107.27844000672025,0
3573,32.08032361555327,0,0,189,0.0,0.0,1.0,189,4650,3400,1250,0.7311827956989247,59,34,25,205.9470850162756,0.4282559852152051,0.755736081787417,0.1301531295673941,1076114.0460020965,1874.5101838409155,1077988.5561859375,3571,2,1423.6243386243386,80,109,36,35.650745577015364,0.5762786596119929,40.985082304526784,8309.28238092677,103.86602976158463,0
3574,31.599213736771915,0,1,188,0.0,0.005291005291005291,0.9947089947089947,189,5100,3400,1700,0.6666666666666666,68,34,34,209.14059517646328,0.4280343540095313,0.7580868530167331,0.13237781806420984,1060427.3978440438,1455.6834253068719,1061883.0812693506,3572,3,1424.6243386243386,81,108,36,35.5116700990488,0.5771604938271605,40.92987804878053,8186.412156348254,101.06681674504017,0
3575,31.629129414009256,0,1,187,0.0,0.005319148936170213,0.9946808510638298,188,5200,4000,1200,0.7692307692307693,64,40,24,211.72647670044313,0.4275040770660295,0.7606132751694483,0.13464325989485737,1062784.9619349577,2203.9430961409826,1064988.9050310988,3573,5,1433.186170212766,81,107,42,35.276038859214985,0.5782358156028369,40.764735772357746,8199.38572093104,101.22698420902519,0
3576,31.246495880283614,0,0,187,0.0,0.0,1.0,187,5050,3400,1650,0.6732673267326733,67,34,33,213.09445453549606,0.4262094378318287,0.7627280619922328,0.13595544621722908,1050856.6901398362,2336.3466360652856,1053193.0367759014,3574,6,1441.8235294117646,82,105,43,35.12349786273089,0.5792112299465241,40.650100401606444,8103.77556935322,98.82653133357586,0
3577,30.932693807864247,0,0,187,0.0,0.0,1.0,187,4650,3200,1450,0.6881720430107527,61,32,29,219.88098035318149,0.42596985030571366,0.7678665908055755,0.14068348229202549,1041101.5769908598,3733.6870791983993,1044835.2640700582,3575,7,1442.8235294117646,69,118,40,34.84579629098554,0.5801581996434937,40.55059523809521,8025.46899613258,116.31114487148668,0
3578,30.66968035150184,0,0,187,0.0,0.0,1.0,187,4700,3600,1100,0.7659574468085106,58,36,22,216.99011770113438,0.42596865236808307,0.7644139388470981,0.13921810408698068,1033019.9613123533,2731.0245985573783,1035750.9859109106,3576,8,1443.8235294117646,72,115,41,34.82187036120731,0.5813279857397504,40.45376712328764,7960.199998765156,110.55833331618273,0
3579,30.724755758422393,0,0,187,0.0,0.0,1.0,187,4200,3100,1100,0.7380952380952381,53,31,22,221.2782136555532,0.4258524524179173,0.7661896177946215,0.1424179319291805,1035754.780894287,4237.99354029707,1039992.7744345841,3577,9,1444.8235294117646,73,114,39,34.597835122339035,0.5823863636363636,40.343468468468444,7977.883512385358,109.28607551212819,0
3580,30.513925518203955,0,0,187,0.0,0.0,1.0,187,6000,4500,1500,0.75,75,45,30,221.4213331966808,0.42584646272976445,0.7645028726293626,0.1430189660738589,1029632.7159688651,2196.529734548676,1031829.2457034137,3578,10,1445.8235294117646,76,111,40,34.46705375896124,0.5841131907308378,40.219155844155814,7926.933329627505,104.30175433720402,0
3581,30.243748700987236,0,0,187,0.0,0.0,1.0,187,5350,4100,1250,0.7663551401869159,66,41,25,224.14453090764889,0.42599380905832523,0.7730875565273998,0.14206631498138492,1015313.3930710052,2765.3888428308574,1018078.7819138361,3579,11,1446.8235294117646,80,107,38,35.074217909904554,0.5808823529411764,40.88220164609054,7836.69357736874,97.95866971710925,8
3582,29.955624740076086,0,0,187,0.0,0.0,1.0,187,4950,3400,1550,0.6868686868686869,65,34,31,221.03937112268494,0.42597104824334425,0.7695931059464614,0.14042221260525475,1006273.4750994974,2135.211222686487,1008408.6863221838,3580,12,1447.8235294117646,82,105,39,35.071377846640516,0.5822192513368984,40.800702811244996,7764.476879477844,94.68874243265662,0
3583,29.81062982058214,0,0,187,0.0,0.0,1.0,187,6450,4800,1650,0.7441860465116279,81,48,33,222.09319204528927,0.42549067525348355,0.7716427206150807,0.1417979610750695,1002760.8829784705,691.2730717683448,1003452.1560502389,3581,13,1448.8235294117646,85,102,37,34.86445783132533,0.5839460784313726,40.62500000000001,7732.132109713508,90.96626011427657,0
3584,29.803531742660716,1,0,188,0.005319148936170213,0.0,1.0,188,5300,3600,1700,0.6792452830188679,70,36,34,218.55187236024707,0.4258317688777639,0.7692096811377129,0.14030917591386713,1004018.1208853525,986.0080406218676,1005004.1289259744,3582,0,1442.1117021276596,69,119,39,34.758630491696756,0.5855496453900709,40.4315476190476,7736.056609928989,112.11676246273898,0
3585,29.739165432113676,1,0,189,0.005291005291005291,0.0,1.0,189,5550,4000,1550,0.7207207207207207,71,40,31,214.74528721326934,0.42603380989905815,0.7678613043054288,0.13887686759319715,1003819.488751873,-236.89911554057198,1003582.5896363325,3583,0,1435.4761904761904,71,118,46,34.596917515823066,0.5874669312169312,40.17650462962961,7726.933911969426,108.83005509816093,0
3586,29.363018032433992,0,0,189,0.0,0.0,1.0,189,4800,3700,1100,0.7708333333333334,59,37,22,213.5438663443774,0.42568318698637847,0.7674041052355334,0.13888038013092777,992616.508029273,-206.56661563508078,992409.941413638,3584,1,1436.4761904761904,75,114,38,34.428261117846525,0.5890101410934745,39.98081140350875,7634.948123537584,101.79930831383446,0
3587,29.85367803524745,1,2,188,0.005263157894736842,0.010526315789473684,0.9894736842105263,190,4650,3400,1250,0.7311827956989247,59,34,25,215.52298140136028,0.42595261301401655,0.7728476857424231,0.1412350872671036,1011239.5997183197,939.0746884819473,1012178.6744068017,3585,0,1429.9105263157894,76,114,41,34.10895270270271,0.5908991228070175,39.71861471861471,7770.356674758648,102.24153519419274,0
3588,29.953174406447545,0,2,186,0.0,0.010638297872340425,0.9893617021276596,188,4850,3000,1850,0.6185567010309279,67,30,37,218.06663060152172,0.42523680168392314,0.7722885865968883,0.1430256286157882,1014842.1718425241,1810.6426012057764,1016652.8144437298,3586,1,1445.2287234042553,78,110,43,34.012300341066414,0.5920877659574468,39.68881856540083,7797.146217458922,99.96341304434516,0
3589,30.264623102097442,0,0,186,0.0,0.0,1.0,186,6950,5700,1250,0.8201438848920863,82,57,25,213.703770076872,0.4245386515547806,0.7650544475784453,0.14078855559196096,1026598.762345125,-272.3948261191754,1026326.3675190058,3587,2,1454.9301075268818,65,121,42,33.96977064776102,0.5943100358422939,39.53598484848485,7882.845250219611,121.27454231107095,0
3590,30.082501676548027,0,0,186,0.0,0.0,1.0,186,5300,3900,1400,0.7358490566037735,67,39,28,216.78472738642458,0.42442119538893736,0.7683444298574644,0.14341143504025067,1021534.3544524801,1790.6093091698885,1023324.96376165,3588,3,1455.9301075268818,65,121,42,33.7443980135659,0.5955421146953406,39.39393939393941,7839.68225510043,120.6104962323143,0
3591,30.546256270650726,0,0,186,0.0,0.0,1.0,186,5100,3800,1300,0.7450980392156863,64,38,26,203.15087803903188,0.4241136297587911,0.7488040461162071,0.13217098236427113,1032719.5451520568,-340.4235268579514,1032379.1216251989,3589,4,1456.9301075268818,83,103,30,34.68518010714229,0.5911738351254481,39.96775793650794,7943.011504703311,95.69893379160617,8
3592,30.365173536752557,0,0,186,0.0,0.0,1.0,186,4900,3300,1600,0.673469387755102,65,33,32,204.35671321724269,0.42386600309987404,0.749812627762332,0.13336278121442502,1027433.3000589099,-107.42155000314415,1027325.8785089068,3590,5,1457.9301075268818,85,101,32,34.54582227499185,0.5923499103942652,39.861918604651166,7899.137985087639,92.93103511867811,0
3593,30.642214453444186,0,0,186,0.0,0.0,1.0,186,5550,3800,1750,0.6846846846846847,73,38,35,201.83719469298896,0.42352816526203624,0.7465863407197599,0.13197777977689817,1037348.6359740447,-874.8922792799881,1036473.7436947647,3591,6,1458.9301075268818,88,98,34,34.542082733597205,0.593469982078853,39.79400749063671,7973.287824543216,90.60554346071837,0
3594,31.077804290679904,0,0,186,0.0,0.0,1.0,186,6250,5200,1050,0.832,73,52,21,202.92387448710778,0.42335137556911745,0.7519488221615951,0.13355582054483933,1053910.174037946,-677.2928245678813,1053232.881213378,3592,7,1459.9301075268818,75,111,39,34.284873164570264,0.5953741039426523,39.56962719298243,8093.604157445242,107.9147220992699,0
3595,31.050883449290364,1,1,186,0.0053475935828877,0.0053475935828877,0.9946524064171123,187,5600,4200,1400,0.75,70,42,28,199.2816674597717,0.42404596247100995,0.7493422742196434,0.1316689676196271,1054074.6085607738,-988.4508758007723,1053086.157684973,3593,0,1453.1176470588234,77,110,38,34.24387738540646,0.5965909090909092,39.436431623931604,8090.728992776458,105.07440250359036,0
3596,30.86072093755519,0,1,185,0.0,0.005376344086021506,0.9946236559139785,186,5000,3600,1400,0.72,64,36,28,198.41214996689152,0.4228978978978979,0.7479531545112148,0.13135045857373945,1048156.2279129252,-606.6138637221184,1047549.6140492031,3594,1,1461.8763440860216,77,109,42,34.198435471749676,0.5975582437275986,39.369658119658105,8043.240248628799,104.45766556660779,0
3597,30.85023863678227,1,1,185,0.005376344086021506,0.005376344086021506,0.9946236559139785,186,4900,3500,1400,0.7142857142857143,63,35,28,197.73513431587293,0.42331141625496466,0.7478351208530909,0.1316135956370266,1049288.1261982967,-603.7742860260187,1048684.3519122708,3595,0,1459.3709677419354,80,106,44,34.027435366434936,0.5995183691756272,39.18467078189299,8046.215146509496,100.5776893313687,0
3598,30.433345938458615,2,1,186,0.0106951871657754,0.0053475935828877,0.9946524064171123,187,5350,3500,1850,0.6542056074766355,72,35,37,192.19910295453468,0.42378121825465276,0.7426414373331516,0.1286236731282692,1036571.0393092125,-2904.395219224163,1033666.6440899883,3596,0,1451.8877005347595,83,104,34,33.98410897831836,0.6009915329768272,39.00049603174601,7943.088194031919,95.69985775942071,0
3599,30.383986004171184,0,0,186,0.0,0.0,1.0,186,5500,4300,1200,0.7818181818181819,67,43,24,196.46721053522222,0.4232605589460428,0.7455316873019309,0.131662354522857,1035262.6356183862,-2020.9675617430194,1033241.6680566432,3597,1,1460.6935483870968,85,101,34,33.8247803761445,0.6019825268817205,38.953488372093,7931.633555739973,93.31333594988205,0
3600,30.406016384078427,0,0,186,0.0,0.0,1.0,186,4250,2900,1350,0.6823529411764706,56,29,27,197.4306368588166,0.4230504698246634,0.7474878186812426,0.1327483677917537,1036906.355095611,-506.58359010407094,1036399.7715055068,3598,2,1461.6935483870968,86,100,37,33.684917323797244,0.6030465949820789,38.84099616858236,7940.804949347646,92.33494127148425,0
3601,30.14230448741536,1,0,187,0.0053475935828877,0.0,1.0,187,4400,3000,1400,0.6818181818181818,58,30,28,194.6746787240686,0.4235056925996205,0.7456958363897985,0.1312848392289616,1028703.4235608852,-1747.4983031872944,1026955.9252576979,3599,0,1454.8716577540106,88,99,38,33.654578442791866,0.6044451871657754,38.74063670411983,7874.959278652632,89.48817362105264,0
3602,30.50619800341051,0,1,186,0.0,0.0053475935828877,0.9946524064171123,187,4950,3800,1150,0.7676767676767676,61,38,23,193.4600950844717,0.42318105150173463,0.7447056856296961,0.13092672825011242,1042069.8526225277,-2030.2134453972049,1040039.6391771305,3600,1,1455.8716577540106,90,97,40,33.56516963008377,0.6054478609625669,38.62179487179485,7973.655279417011,88.59616977130013,0
3603,30.739909444238663,0,1,185,0.0,0.005376344086021506,0.9946236559139785,186,5850,4300,1550,0.7350427350427351,74,43,31,193.23634496707146,0.4221241402693015,0.7405119797546076,0.13154608383746222,1051639.2471431908,-2407.0151316252973,1049232.2320115655,3601,2,1461.1505376344087,79,107,39,33.36988940879751,0.6076388888888888,38.42447916666668,8040.807823246259,101.78237750944632,0
3604,31.04257445193861,1,0,186,0.005376344086021506,0.0,1.0,186,4700,3100,1600,0.6595744680851063,63,31,32,186.96671564379224,0.4223657124866802,0.7386995997266443,0.12237061139548568,1051167.4437109963,-2593.335091535157,1048574.1086194612,3602,0,1460.736559139785,81,105,43,34.895579094666275,0.5955981182795699,39.76117886178859,8078.482980467599,99.7343577835506,8
3605,31.196376046236615,0,0,186,0.0,0.0,1.0,186,5400,4000,1400,0.7407407407407407,68,40,28,191.0534415530092,0.4220841809551487,0.7450504758773744,0.12560238465028367,1057618.345890665,-2187.675033597821,1055430.6708570672,3603,1,1461.736559139785,83,103,46,34.633258723052954,0.5967741935483871,39.608134920634896,8123.282542396724,97.87087400477981,0
3606,31.154154336161035,0,1,185,0.0,0.005376344086021506,0.9946236559139785,186,5300,4000,1300,0.7547169811320755,66,40,26,190.61571394563165,0.4221096096096096,0.7455119255217943,0.12590266387247082,1057490.7599376296,-2185.128760715929,1055305.6311769136,3604,2,1462.736559139785,68,118,45,34.480922996697394,0.5980062724014337,39.44746376811595,8117.293926446327,119.37196950656363,0
3607,31.554111421790328,0,1,184,0.0,0.005405405405405406,0.9945945945945946,185,4750,3000,1750,0.631578947368421,65,30,35,209.4839888770822,0.42197537211124164,0.7634718471585344,0.12789213447328457,1048367.8753053234,2173.2568659101344,1050541.1321712334,3605,3,1471.6162162162161,72,113,42,36.82316173078699,0.5681306306306306,42.223173515981735,8133.918704832224,112.97109312266977,8
3608,31.66778223467643,0,0,184,0.0,0.0,1.0,184,5750,3700,2050,0.6434782608695652,78,37,41,208.481478143007,0.4212197820147303,0.76103633018762,0.1280671937164186,1053967.1283345008,1396.524965863427,1055363.6533003643,3606,4,1479.9891304347825,74,110,39,36.62117786391044,0.5695765398550725,42.0,8170.287816546517,110.40929481819617,0
3609,31.591232652640585,0,0,184,0.0,0.0,1.0,184,5150,3800,1350,0.7378640776699029,65,38,27,209.20041972537837,0.4209555911934743,0.7622229224667696,0.12901377554380442,1052572.5933285032,2089.7256631507194,1054662.3189916539,3607,5,1480.9891304347825,75,109,42,36.458222717779904,0.5711050724637681,41.85855263157896,8155.0065211051915,108.73342028140256,0
3610,31.723365025951132,1,0,185,0.005405405405405406,0.0,1.0,185,4750,3500,1250,0.7368421052631579,60,35,25,205.49367245760027,0.42171832158245204,0.7595748594286686,0.12726749861197037,1058226.9056953106,1741.7866289543745,1059968.692324265,3608,0,1473.9783783783785,79,106,43,36.39794533783671,0.5724662162162162,41.705729166666664,8193.963437757711,103.72105617414825,0
3611,31.730663233313965,0,0,185,0.0,0.0,1.0,185,5550,3900,1650,0.7027027027027027,72,39,33,206.71864127907975,0.42150166470818645,0.7616459425813871,0.12843965965881385,1059418.4673443737,1250.309223078867,1060668.7765674526,3609,1,1474.9783783783785,67,118,42,36.24825864010908,0.573536036036036,41.59007352941177,8199.518352983665,122.3808709400547,0
3612,32.1597499432565,0,0,185,0.0,0.0,1.0,185,5600,4000,1600,0.7142857142857143,72,40,32,206.06569778417446,0.42169384057971016,0.7609657287453229,0.1288437056364408,1075618.2232535377,1729.6039448229067,1077347.8271983606,3610,2,1475.9783783783785,68,117,45,36.035148649700375,0.5753941441441441,41.36473429951691,8317.645471435248,122.3183157564007,0
3613,32.33510154561772,1,0,186,0.005376344086021506,0.0,1.0,186,5550,4500,1050,0.8108108108108109,66,45,21,201.93432692509748,0.42198791533468955,0.7577364924536529,0.1273509719276039,1084041.1844032316,1031.0253863104258,1085072.209789542,3611,0,1469.0376344086021,71,115,47,35.830120683875315,0.5774529569892473,41.05902777777778,8372.882631126535,117.92792438206386,0
3614,32.74765114560604,1,0,187,0.0053475935828877,0.0,1.0,187,5050,3500,1550,0.693069306930693,66,35,31,202.82143752885892,0.4224574971728672,0.7597290329244817,0.12860127890980866,1099488.1571624784,2149.953716330328,1101638.1108788087,3612,0,1462.1764705882354,76,111,39,35.6127642913078,0.5789327094474153,40.86850649350652,8485.947750190593,111.65720723934992,0
3615,32.97926959595802,2,1,188,0.010582010582010581,0.005291005291005291,0.9947089947089947,189,5050,3200,1850,0.6336633663366337,69,32,37,202.31958044381904,0.4234903279672783,0.7608144672397852,0.1292304701425982,1109479.617546697,2043.8901466031548,1111523.5076933,3613,0,1447.6931216931216,66,123,43,35.36147406697036,0.5810185185185186,40.609452736318396,8554.51078885202,129.6137998310912,0
3616,32.83600362740631,0,0,188,0.0,0.0,1.0,188,4500,3300,1200,0.7333333333333333,57,33,24,203.44081206103215,0.4230916012439792,0.7617033570717722,0.1302988076001335,1105468.6242838223,2879.4869264585072,1108348.1112102808,3614,1,1456.3031914893618,65,123,42,35.23552652920542,0.5820035460992907,40.51452020202019,8520.46615590572,131.08409470624184,0
3617,32.37554592170507,0,0,188,0.0,0.0,1.0,188,5650,3900,1750,0.6902654867256637,74,39,35,199.49672740384648,0.42283322903629533,0.7577679267116448,0.12840348197970142,1091414.3102774725,296.7166284162522,1091711.0269058887,3615,2,1457.3031914893618,69,119,44,35.16217500525339,0.5836657801418439,40.34226190476189,8406.56102362842,121.8342177337452,0
3618,32.831462523738175,0,0,188,0.0,0.0,1.0,188,5500,3800,1700,0.6909090909090909,72,38,34,197.1695046095275,0.4229221185572875,0.7552097978567189,0.1273188639174429,1107750.589979292,582.9270114256465,1108333.5169907175,3616,3,1458.3031914893618,70,118,43,35.10697880191272,0.5851063829787234,40.22887323943661,8528.666012988651,121.83808589983788,0
3619,33.174006505834214,1,0,189,0.005291005291005291,0.0,1.0,189,5550,4300,1250,0.7747747747747747,68,43,25,193.072052575516,0.42277031971180906,0.7505054025004891,0.12554713081855584,1121401.2181203393,-47.753011364549366,1121353.4651089748,3617,0,1451.5820105820105,74,115,48,34.965969588519165,0.5871913580246914,39.9861111111111,8625.702441607224,116.56354650820572,0
3620,32.71154917085777,0,0,189,0.0,0.0,1.0,189,5000,3900,1100,0.78,61,39,22,194.0477525563493,0.4225029550827423,0.7507585261009937,0.12665152488031253,1106863.0302271298,156.85668065673963,1107019.8869077866,3618,1,1452.5820105820105,75,114,41,34.809448542325256,0.5883487654320987,39.857456140350855,8509.66561489688,113.46220819862506,0
3621,32.632977639364675,0,0,189,0.0,0.0,1.0,189,5500,3900,1600,0.7090909090909091,71,39,32,194.25712735613223,0.42280784457202897,0.7510833491441931,0.12745386009939647,1105738.4250242622,-340.4859894987544,1105397.9390347635,3619,2,1453.5820105820105,77,112,41,34.61985285316095,0.590002204585538,39.676816239316224,8495.120634670573,110.32624200870875,0
3622,33.000555526628574,1,0,190,0.005263157894736842,0.0,1.0,190,5600,4100,1500,0.7321428571428571,71,41,30,193.4000925168051,0.42311507936507936,0.7521555084557343,0.12750904725718065,1119627.2110822632,-292.7987584715697,1119334.4123237915,3620,0,1446.9263157894736,70,120,42,34.472097061860474,0.5916118421052632,39.50997652582159,8596.315483792401,122.80450691132002,0
3623,33.118993573516825,1,1,190,0.005235602094240838,0.005235602094240838,0.9947643979057592,191,4550,3200,1350,0.7032967032967034,59,32,27,193.76916761369358,0.4234476899053918,0.7427716243831339,0.12455901184763503,1116095.9317128477,502.99593300595734,1116598.9276458537,3621,0,1440.34554973822,82,109,40,35.356037900029015,0.5821880453752182,40.38654618473898,8598.136308506208,104.85532083544156,8
3624,32.81231724317547,0,0,190,0.0,0.0,1.0,190,4500,3100,1400,0.6888888888888889,59,31,28,192.66017603069292,0.4229920866982271,0.738818059980656,0.1242038332666912,1106618.9960191566,140.2821143922074,1106759.2781335488,3622,1,1448.8736842105263,85,105,43,35.28219537978424,0.5830592105263157,40.28585271317832,8521.82299331607,100.25674109783611,0
3625,32.35724970372654,1,1,190,0.005235602094240838,0.005235602094240838,0.9947643979057592,191,5600,4300,1300,0.7678571428571429,69,43,26,232.09163261141902,0.42311816845779365,0.783513144881185,0.14374411105354756,1079379.9714550092,6303.011956611823,1085682.983411621,3623,0,1442.282722513089,81,110,39,35.70996040918706,0.568989965095986,41.70477642276422,8357.723046568466,103.1817660070181,8
3626,32.14177232115253,1,0,191,0.005235602094240838,0.0,1.0,191,4950,3800,1150,0.7676767676767676,61,38,23,228.67650907207948,0.4232754661522917,0.7802130522199664,0.1422723909735869,1073541.4407410347,5948.741802574027,1079490.1825436088,3624,0,1442.544502617801,66,125,39,35.63196783766439,0.5705715532286213,41.54228855721392,8307.288915840152,125.86801387636594,0
3627,32.454821779358774,0,0,191,0.0,0.0,1.0,191,4550,3200,1350,0.7032967032967034,59,32,27,228.10804154404167,0.4228575365114357,0.7800562225829901,0.14216568646155636,1084519.0703947886,6727.504232983974,1091246.5746277727,3625,1,1443.544502617801,66,125,41,35.583052682222785,0.5716623036649215,41.48009950248756,8390.217297064326,127.12450450097464,0
3628,32.07309305829241,2,0,193,0.010362694300518135,0.0,1.0,193,5550,3900,1650,0.7027027027027027,72,39,33,222.06300474873677,0.4238753508203799,0.7764246501084886,0.13921368961052166,1073501.3951056495,3526.9890798243023,1077028.384185474,3626,0,1429.5751295336788,70,123,43,35.52511577355637,0.5732405008635579,41.27053990610329,8298.254050513306,118.54648643590437,0
3629,32.40439256060564,1,1,193,0.005154639175257732,0.005154639175257732,0.9948453608247423,194,5050,3200,1850,0.6336633663366337,69,32,37,219.48555273762912,0.4244481464665349,0.7723891850680824,0.13813618462850893,1085754.0100504546,3811.4638066046396,1089565.4738570594,3627,0,1423.201030927835,73,121,42,35.44997281131052,0.5745811855670103,41.131756756756786,8388.468175528473,114.91052295244484,0
3630,32.62240925743733,0,1,192,0.0,0.0051813471502590676,0.9948186528497409,193,5650,4000,1650,0.7079646017699115,73,40,33,218.99251899574574,0.4240204015544042,0.7713978735394307,0.13818691623320958,1093842.4596547894,3658.6631248612716,1097501.1227796506,3628,1,1431.5440414507773,77,116,47,35.367943461743444,0.5760470639032815,41.03899572649575,8447.931863127289,109.71340081983492,0
3631,32.9157044700784,0,1,191,0.0,0.005208333333333333,0.9947916666666666,192,4900,3700,1200,0.7551020408163265,61,37,24,188.93170920399587,0.4237576807009889,0.740639098511493,0.11325313905607078,1087942.8534778352,-2190.6194352318807,1085752.2340426033,3629,2,1429.453125,90,102,36,38.03388836947008,0.5583767361111112,42.89148351648353,8462.907945311756,94.03231050346395,8
3632,32.43692414908961,1,0,192,0.005208333333333333,0.0,1.0,192,6100,4000,2100,0.6557377049180327,82,40,42,189.78719148212207,0.4241286494691681,0.7426684651175033,0.11441972010083759,1073871.8158341418,-3738.576812206542,1070133.2390219353,3630,0,1430.4010416666667,76,116,41,37.79769728195151,0.5601671006944444,42.68127705627704,8346.627898266102,109.82405129297503,0
3633,32.039564901193515,2,0,194,0.010309278350515464,0.0,1.0,194,4950,3500,1450,0.7070707070707071,64,35,29,189.52688912399296,0.42579634278795647,0.7425471281668301,0.11503625019213515,1062748.8896276774,-3466.1018057779384,1059282.7878218994,3631,0,1416.6443298969073,79,115,42,37.553344539372816,0.561963058419244,42.434895833333314,8252.273871230536,104.45916292696882,0
3634,32.153325709319645,1,1,194,0.005128205128205128,0.005128205128205128,0.9948717948717949,195,5200,4100,1100,0.7884615384615384,63,41,22,187.5920847627271,0.4264560754251476,0.7413232232790998,0.11426366883515422,1067584.0279099182,-4145.937308998093,1063438.0906009201,3632,0,1410.374358974359,82,113,46,37.47260507475766,0.5637820512820513,42.3067269076305,8285.695742839553,101.0450700346287,0
3635,32.6205140769425,3,2,195,0.015228426395939087,0.01015228426395939,0.9898477157360406,197,5900,4100,1800,0.6949152542372882,77,41,36,181.75579662800567,0.4281613660692703,0.7365884746975571,0.11150963739069443,1085293.4335425845,-5848.3254822652,1079445.1080603194,3633,0,1397.010152284264,87,110,36,37.35698115516395,0.5657254653130288,42.04545454545452,8414.609881211227,96.7196538070256,0
3636,32.50779484207825,0,0,195,0.0,0.0,1.0,195,4550,3000,1550,0.6593406593406593,61,30,31,184.5028976065438,0.42726341527887923,0.7369766652463128,0.11339528923296498,1082078.8454689523,-3620.663514447241,1078458.1819545052,3634,1,1412.2564102564102,85,110,37,37.22107470347069,0.566292735042735,41.9815891472868,8387.609565478988,98.67775959387045,0
3637,32.56305260234266,0,1,194,0.0,0.005128205128205128,0.9948717948717949,195,5650,4200,1450,0.7433628318584071,71,42,29,183.9675469574658,0.42711582518283553,0.7357101318976931,0.1134913957067211,1085055.475700487,-4727.001164523271,1080328.4745359637,3635,2,1413.2564102564102,86,109,39,37.09707341960017,0.5673076923076923,41.846264367816076,8406.273672882024,97.74736828932586,0
3638,32.855794816207776,0,1,193,0.0,0.005154639175257732,0.9948453608247423,194,5100,3500,1600,0.6862745098039216,67,35,32,185.37311418421106,0.42630323789683594,0.7372325188956173,0.11440259253983104,1094927.8510489608,-3305.9628888057105,1091621.8881601552,3636,3,1421.5257731958764,87,107,39,37.04665291150847,0.5678157216494846,41.83238636363635,8482.302141826338,97.49772576811883,0
3639,32.96457732858487,1,2,192,0.005154639175257732,0.010309278350515464,0.9896907216494846,194,6250,4700,1550,0.752,78,47,31,184.57022506498225,0.42591597225931666,0.7370062350855437,0.11435975244309443,1099766.7303598654,-4453.161411700097,1095313.5689481653,3637,0,1422.4536082474226,89,105,43,36.922177913194076,0.5696413230240549,41.6898148148148,8515.086074298088,95.67512443031559,0
3640,32.767706215436064,0,3,189,0.0,0.015625,0.984375,192,5800,4300,1500,0.7413793103448276,73,43,30,187.33199133089926,0.4245058673283886,0.7383963886229639,0.11644152934370113,1094166.3261727924,-3205.5286541671467,1090960.7975186252,3638,1,1438.2083333333333,79,113,44,36.73440360423909,0.5706922743055556,41.57552083333335,8467.977412210457,107.18958749633491,0
3641,32.80830839410323,1,0,190,0.005263157894736842,0.0,1.0,190,6100,4900,1200,0.8032786885245902,73,49,24,185.70691763795935,0.42415123456790127,0.7343417368395198,0.11599986874366221,1097011.6138259838,-3355.470916666436,1093656.1429093175,3639,0,1452.5684210526315,81,109,43,36.59751559660066,0.5727521929824562,41.39989837398375,8484.23188489281,104.74360351719518,0
3642,33.20548728284214,0,3,187,0.0,0.015789473684210527,0.9842105263157894,190,5900,4100,1800,0.6949152542372882,77,41,36,181.39093242396459,0.4240723336118073,0.7277522263416547,0.11388237646893935,1111850.223916801,-3564.0902335875435,1108286.1336832135,3640,1,1453.5684210526315,85,105,44,36.524446134643895,0.5742872807017544,41.218507751937985,8592.96554987794,101.09371235150518,0
3643,32.77374602622678,2,0,189,0.010582010582010581,0.0,1.0,189,5050,3700,1350,0.7326732673267327,64,37,27,179.94620793811566,0.4245609591354272,0.7247497990122598,0.11345529716821261,1098670.628122413,-3309.6773392768027,1095360.9507831363,3641,0,1458.3015873015872,86,103,47,36.408624649341846,0.576113315696649,41.06800766283525,8486.171354923143,98.67641110375747,0
3644,32.68313518413437,2,3,188,0.010471204188481676,0.015706806282722512,0.9842931937172775,191,6100,4700,1400,0.7704918032786885,75,47,28,181.9045937469392,0.4254466335997061,0.729459588098331,0.11518908998656972,1096933.8212698367,-4392.539774926469,1092541.2814949104,3642,0,1444.0209424083769,89,102,41,36.20146489464668,0.5776614310645725,40.914351851851855,8467.73126269501,95.14304789544954,0
3645,32.511668630826,0,0,188,0.0,0.0,1.0,188,5000,3600,1400,0.72,64,36,28,187.96934500344108,0.4245707228732886,0.7334032289792751,0.1191856603025221,1091568.9458358749,-1563.7000450265878,1090005.2457908483,3643,2,1462.659574468085,89,99,42,35.997169368886475,0.5785682624113475,40.868055555555564,8424.81190943942,94.66080797122945,0
3646,32.44774760139903,0,1,187,0.0,0.005319148936170213,0.9946808510638298,188,5150,4000,1150,0.7766990291262136,63,40,23,185.74386895607756,0.4241316086395874,0.730481971398858,0.11820491396420979,1090504.2746128137,-2239.1033840547916,1088265.171228759,3644,3,1463.659574468085,90,98,43,35.92386345239673,0.5799534574468085,40.73946886446888,8412.420277290425,93.47133641433805,0
3647,32.08566141100762,0,1,186,0.0,0.0053475935828877,0.9946524064171123,187,5150,3900,1250,0.7572815533980582,64,39,25,187.483737074649,0.423036101048435,0.7325257999192254,0.11946489321446135,1078709.847975256,-2101.889296474179,1076607.9586787818,3645,4,1472.4598930481284,89,98,44,35.83288698446704,0.5808266488413547,40.694444444444464,8319.990257548841,93.48303660167238,0
3648,32.04771992995172,0,1,185,0.0,0.005376344086021506,0.9946236559139785,186,5450,3700,1750,0.6788990825688074,72,37,35,188.9348617963785,0.4225394749588298,0.7342562671240183,0.12072310686866028,1078242.3501991555,-1906.4861164243102,1076335.8640827313,3646,5,1481.3333333333333,74,112,46,35.696199425318106,0.581989247311828,40.5972222222222,8313.267571273671,112.34145366586041,0
3649,32.32002059222635,1,0,186,0.005376344086021506,0.0,1.0,186,5350,4000,1350,0.7476635514018691,67,40,27,190.022704308226,0.4223094061803739,0.7348557436388823,0.12212108826774357,1089099.7696568,-1159.2633016702302,1087940.5063551296,3647,0,1482.1236559139784,76,110,46,35.461937641132565,0.5834453405017921,40.395021645021615,8390.438246277296,110.40050324049074,0
3650,32.494471517151275,0,0,186,0.0,0.0,1.0,186,4950,3100,1850,0.6262626262626263,68,31,37,190.5309826261125,0.4222652087571443,0.7331619737954751,0.12284414942018015,1095930.474693283,-388.2579533578037,1095542.216739925,3648,1,1483.1236559139784,78,108,49,35.33374371731734,0.5843974014336917,40.282172995780556,8439.393532084945,108.19735297544801,0
3651,32.44795469153062,2,1,187,0.010638297872340425,0.005319148936170213,0.9946808510638298,188,4650,3400,1250,0.7311827956989247,59,34,25,204.94148468462586,0.42293989646148594,0.7512233009522125,0.1299802180579299,1089505.2208946056,2406.9635083586845,1091912.1844029643,3649,0,1468.3351063829787,88,100,36,35.54820995739429,0.5811170212765957,40.85908239700377,8408.592753103754,95.55219037617903,8
3652,32.855269005822606,1,2,186,0.005319148936170213,0.010638297872340425,0.9893617021276596,188,5450,4200,1250,0.7706422018348624,67,42,25,204.3273318851121,0.42317515739371186,0.7527941437742764,0.1301947666929736,1104577.1657440804,2089.0610275417635,1106666.2267716222,3650,0,1468.5053191489362,88,100,40,35.39691943127961,0.5826130319148937,40.69522471910115,8519.528146348384,96.812819844868,0
3653,32.99332378927565,0,0,186,0.0,0.0,1.0,186,4400,3100,1300,0.7045454545454546,57,31,26,200.86759715208163,0.4226339242468275,0.745612307933224,0.12834772877213207,1110057.0980147114,2994.900395965492,1113051.9984106768,3651,1,1484.5591397849462,74,112,42,35.38666095554246,0.584005376344086,40.597222222222214,8558.559839059722,115.6562140413476,0
3654,32.62983189670448,1,0,187,0.0053475935828877,0.0,1.0,187,5450,3700,1750,0.6788990825688074,72,37,35,195.38413092191502,0.42342543077837197,0.7389959949394331,0.12578292547385628,1100048.8056983186,136.4159746112282,1100185.2216729298,3652,0,1477.614973262032,78,109,40,35.261471927419244,0.585617201426025,40.33491561181434,8472.82805303006,108.62600067987256,0
3655,33.015675352454274,0,0,187,0.0,0.0,1.0,187,6000,4300,1700,0.7166666666666667,77,43,34,196.9184744268369,0.42283245165123723,0.7408840039624522,0.12723178114521475,1114142.1943173674,479.036239908658,1114621.230557276,3653,1,1478.614973262032,79,108,38,35.092555466452794,0.5871212121212122,40.208333333333314,8577.197325939636,108.57211804986882,0
3656,32.847927215941816,0,2,185,0.0,0.0106951871657754,0.9893048128342246,187,5700,4300,1400,0.7543859649122807,71,43,28,197.17106580870225,0.42274859601709697,0.7429423831722297,0.12770618262378935,1109205.8123153297,640.6584430838539,1109846.4707584134,3654,2,1479.614973262032,80,107,42,34.99944328978622,0.5881238859180036,40.123456790123434,8536.405776488522,106.70507220610652,0
3657,33.1180172433919,2,2,185,0.0106951871657754,0.0106951871657754,0.9893048128342246,187,5050,3500,1550,0.693069306930693,66,35,31,197.13577836890875,0.42267192800874015,0.7418001907724012,0.1284414004265634,1120093.837271217,1712.1140913352401,1121805.9513625524,3655,0,1480.3155080213903,83,104,37,34.79101106184138,0.5897393048128342,39.918154761904724,8613.395035288315,103.77584379865439,0
3658,33.43966994930105,0,0,185,0.0,0.0,1.0,185,6450,5100,1350,0.7906976744186046,78,51,27,198.30531932432268,0.4225837250293772,0.742015885817386,0.12959527120187866,1131883.1852202232,1441.6912965853053,1133324.8765168085,3656,1,1495.2216216216216,85,100,38,34.653831680710056,0.5911036036036036,39.81346899224804,8700.55172215275,102.35943202532647,0
3659,33.08148125645125,0,0,185,0.0,0.0,1.0,185,4700,3300,1400,0.7021276595744681,61,33,28,197.64570472528914,0.42248947316882096,0.7415023680883595,0.12934565842286927,1120176.0915949221,2579.5986079392305,1122755.6902028613,3657,2,1496.2216216216216,85,100,38,34.621586765960714,0.5920045045045045,39.76501937984493,8608.95863365853,101.28186627833566,0
3660,32.94881472455863,0,1,184,0.0,0.005405405405405406,0.9945945945945946,185,4550,3200,1350,0.7032967032967034,59,32,27,194.91231299183502,0.422450303564434,0.7375120288766797,0.1278352721444499,1116328.3324375127,1967.2274667423435,1118295.559904255,3658,3,1497.2216216216216,87,98,38,34.61610242068722,0.5928490990990991,39.689867424242394,8576.910329163846,98.58517619728558,0
3661,33.11758971206413,0,0,184,0.0,0.0,1.0,184,5250,3600,1650,0.6857142857142857,69,36,33,196.19702880345866,0.4218644818642591,0.7394749769668065,0.1289051882485112,1122570.2918169838,1998.9911755046282,1124569.2829924885,3659,4,1506.3260869565217,90,94,39,34.52072159207477,0.5939198369565217,39.62912087912087,8622.85594769469,95.80951052994101,0
3662,32.58002019564276,0,0,184,0.0,0.0,1.0,184,5150,3900,1250,0.7572815533980582,64,39,25,192.96376942867715,0.4214697424170428,0.7346636796105768,0.12730055868064558,1105540.6041085809,715.856445049907,1106256.4605536307,3660,5,1507.3260869565217,76,108,39,34.46171089300862,0.5952785326086957,39.488636363636374,8487.465488467185,111.67717747983139,0
3663,32.08430573653331,0,0,184,0.0,0.0,1.0,184,4550,3200,1350,0.7032967032967034,59,32,27,192.59602190117806,0.42127979725984005,0.733862773410342,0.1273012730127301,1089267.5192292656,607.7181979444167,1089875.23742721,3661,6,1508.3260869565217,77,107,38,34.40446904469043,0.5962409420289856,39.42307692307693,8360.429667885137,108.57700867383295,0
3664,32.410201944367394,0,1,183,0.0,0.005434782608695652,0.9945652173913043,184,5150,3700,1450,0.7184466019417476,66,37,29,191.34258469838258,0.4207439910509226,0.7339842830847987,0.1269048722600375,1101317.0555301635,195.77039551068628,1101512.825925674,3662,7,1509.3260869565217,78,106,40,34.31825653735264,0.5973731884057971,39.30643459915611,8449.13110023849,108.32219359280116,0
3665,32.204508276568106,0,1,182,0.0,0.00546448087431694,0.994535519125683,183,4600,3300,1300,0.717391304347826,59,33,26,191.9651193214024,0.4204948057407074,0.7326306207930773,0.12759659623795955,1094954.3979774013,838.6103318451696,1095793.0083092465,3663,8,1501.2513661202186,79,104,43,34.22593041061235,0.5981898907103825,39.23177083333333,8397.912594463915,106.30269106916347,0
3666,32.08408037495359,0,0,182,0.0,0.0,1.0,182,5000,3400,1600,0.68,66,34,32,193.31902515579787,0.42017472628660474,0.7338515946022439,0.12893941371576434,1091840.5157037962,814.7088242922528,1092655.2245280885,3664,9,1493.0494505494505,79,103,43,34.07117189059695,0.5999885531135531,39.11458333333333,8370.268676986578,105.95276806312124,0
3667,32.18343733134871,0,0,182,0.0,0.0,1.0,182,5750,4100,1650,0.7130434782608696,74,41,33,195.84509672737363,0.41974847206200794,0.7372307755702772,0.1312850098944925,1096660.5180614486,805.1170473672837,1097465.635108816,3665,10,1494.0494505494505,82,100,38,33.83060509911378,0.6014766483516483,38.94327309236948,8401.702810358755,102.45979037022872,0
3668,32.33734606083599,0,0,182,0.0,0.0,1.0,182,5600,4100,1500,0.7321428571428571,71,41,30,193.6899862825788,0.41939810879728007,0.7341817726433102,0.13023981836242365,1102783.029303809,719.6059637030503,1103502.635267512,3666,11,1495.0494505494505,83,99,38,33.78086419753086,0.6028502747252747,38.83928571428571,8445.244395352247,101.74993247412345,0
3669,32.04899010596283,0,1,181,0.0,0.005494505494505495,0.9945054945054945,182,4750,3100,1650,0.6526315789473685,64,31,33,192.74705017964644,0.41918434926031606,0.7330522800865822,0.12988502749357583,1093558.0762745508,1006.0186804095779,1094564.0949549603,3667,12,1496.0494505494505,87,95,39,33.731374703581196,0.6041094322344323,38.76657196969696,8372.267550289913,96.23296034815992,0
3670,31.630388637927688,0,0,181,0.0,0.0,1.0,181,5300,3800,1500,0.7169811320754716,68,38,30,193.42079935050944,0.4193088807039083,0.7370519468198355,0.12084316695845831,1057685.6615414203,-584.3187766168166,1057101.3427648034,3668,13,1505.0773480662983,75,106,44,36.390537771182295,0.5782113259668509,41.39254385964915,8179.854342385205,109.06472456513607,8
3671,31.214640764591223,4,0,185,0.021621621621621623,0.0,1.0,185,5100,3800,1300,0.7450980392156863,64,38,26,187.09520054328422,0.4219129455542499,0.7337963153281315,0.11787286807643614,1046186.598924139,-2952.7016937179637,1043233.8972304211,3669,0,1473.5135135135135,81,104,47,36.251032415812084,0.5802364864864865,41.09502032520328,8081.625932712647,99.7731596631191,0
3672,31.741637867426437,3,4,184,0.015957446808510637,0.02127659574468085,0.9787234042553191,188,5350,3800,1550,0.7102803738317757,69,38,31,182.29043064925912,0.42277752493647364,0.7316293691410782,0.11558747698015068,1065722.0494459923,-4095.8137308154783,1061626.235715177,3670,0,1450.9840425531916,85,103,38,36.14350596740522,0.5822251773049645,40.867248062015534,8225.297971605229,96.76821143064974,0
3673,31.84956957169223,0,0,184,0.0,0.0,1.0,184,5100,3500,1600,0.6862745098039216,67,35,32,186.41629920777467,0.42057384473746734,0.7332868341884158,0.11826738982526122,1069502.9413127108,-2025.4439377306107,1067477.4973749802,3671,1,1483.516304347826,83,101,40,36.01720260311989,0.5828238224637681,40.848214285714306,8253.872828735479,99.44425094862022,0
3674,31.67328173375883,0,0,184,0.0,0.0,1.0,184,5350,3600,1750,0.6728971962616822,71,36,35,184.85776832171376,0.4205187792032945,0.7319542527493907,0.11762342807728773,1064432.7999683481,-2796.2656138832026,1061636.5343544648,3672,2,1484.516304347826,86,98,41,35.95219677027048,0.5841259057971014,40.74473180076631,8211.465150635611,95.48215291436757,0
3675,31.348578991360394,2,0,186,0.010752688172043012,0.0,1.0,186,5250,4100,1150,0.780952380952381,64,41,23,216.71567432023755,0.4221949772352998,0.7665509553241339,0.13206761342931952,1041007.6171373706,2670.533544085833,1043678.1506814564,3673,0,1469.5430107526881,76,110,39,36.70395888014,0.567372311827957,42.28896103896104,8078.874861815689,106.30098502389065,8
3676,31.51617744262682,2,0,188,0.010638297872340425,0.0,1.0,188,4900,3700,1200,0.7551020408163265,61,37,24,212.35659227352622,0.4233179732241059,0.7638904173046728,0.1300467927524839,1048016.7717986958,2010.6540609344856,1050027.4258596303,3674,0,1454.8989361702127,81,107,42,36.634843521665616,0.5692597517730497,42.11128048780487,8127.666644598132,100.34156351355718,0
3677,31.904974298716255,2,1,189,0.010526315789473684,0.005263157894736842,0.9947368421052631,190,4550,3300,1250,0.7252747252747253,58,33,25,211.80681872740635,0.42448308270676693,0.7663217655643839,0.13065813972611237,1063110.0035870494,2484.7895634105794,1065594.79315046,3675,0,1440.5736842105264,85,105,37,36.380524797072184,0.5712171052631578,41.84835271317827,8236.321671857251,96.89790202185002,0
3678,31.62996596748197,1,0,190,0.005263157894736842,0.0,1.0,190,4950,3300,1650,0.6666666666666666,66,33,33,211.50467830705668,0.42474937343358393,0.765575763423225,0.13096004769182587,1055043.6090794113,1679.3318276510672,1056722.9409070623,3676,0,1441.5631578947368,87,103,39,36.25114573785516,0.5723684210526316,41.71401515151513,8169.5769106350745,93.90318288086293,0
3679,31.36366697859898,0,0,190,0.0,0.0,1.0,190,5450,3900,1550,0.7155963302752294,70,39,31,226.14421401012052,0.4247395108140722,0.7786712176758963,0.1343739882486388,1034033.4366622684,3318.1357588341925,1037351.5724211026,3677,1,1442.5631578947368,75,115,40,37.40842674139309,0.5569627192982456,43.215460526315766,8053.704781305481,107.38273041740642,8
3680,31.499403403516304,1,0,191,0.005235602094240838,0.0,1.0,191,5300,4000,1300,0.7547169811320755,66,40,26,223.72624038190543,0.425009185266832,0.7770215578265747,0.13369384676108934,1040203.861670093,3044.1798404375013,1043248.0415105305,3678,0,1436.0052356020942,76,115,38,37.256321173518614,0.5585187609075044,43.00595238095236,8095.159178254805,106.51525234545795,0
3681,31.76977444633392,0,0,191,0.0,0.0,1.0,191,5550,3800,1750,0.6846846846846847,73,38,35,222.84489027515863,0.42490470285661797,0.7758727029257422,0.13349991613696938,1049882.4361808936,3042.1872585091483,1052924.6234394028,3679,1,1437.0052356020942,80,111,39,37.1850666133093,0.5595549738219896,42.91409465020574,8167.561226294461,102.09451532868077,0
3682,31.942163580481573,0,1,190,0.0,0.005235602094240838,0.9947643979057592,191,5050,3700,1350,0.7326732673267327,64,37,27,223.26518005303157,0.42483696151373196,0.7760002207045398,0.13427356603189264,1056754.0179027396,3937.2752157635236,1060691.2931185032,3680,2,1438.0052356020942,82,109,40,37.028058320322636,0.5607547993019197,42.77108433734937,8216.448101726217,100.20058660641727,0
3683,32.18417135127146,3,0,193,0.015544041450777202,0.0,1.0,193,5450,4100,1350,0.7522935779816514,68,41,27,218.26598132158117,0.42677411665227405,0.7735458833277626,0.13273198482373788,1068119.314424198,2576.8220662661124,1070696.136490464,3681,0,1420.9948186528497,75,118,43,36.74239905304037,0.563201640759931,42.36567982456138,8291.747106494597,110.55662808659463,0
3684,32.00523871703088,0,2,191,0.0,0.010362694300518135,0.9896373056994818,193,5750,4300,1450,0.7478260869565218,72,43,29,219.77865752615062,0.4266762917386298,0.7767355147538035,0.13428412556831779,1063594.8521745026,2401.0897525270834,1065995.9419270298,3682,1,1421.9948186528497,76,117,40,36.52824421472426,0.5647668393782384,42.19426406926405,8251.134121082985,108.56755422477612,0
3685,31.861679144659107,1,1,191,0.005208333333333333,0.005208333333333333,0.9947916666666666,192,5000,3500,1500,0.7,65,35,30,224.53466395246767,0.4261442653795811,0.7810671160235128,0.1378418795177283,1060233.9823323565,4211.8561867961025,1064445.8385191527,3683,0,1430.3177083333333,78,114,34,36.230194224380284,0.56591796875,42.02267932489449,8219.590617948981,105.3793668967818,0
3686,31.98539610119338,0,2,189,0.0,0.010471204188481676,0.9895287958115183,191,6100,4800,1300,0.7868852459016393,74,48,26,227.6890099511775,0.4254190777992101,0.7855917557122054,0.14018738571168246,1065221.3962719743,4207.841019195266,1069429.2372911696,3684,3,1438.806282722513,78,113,38,36.040932236584425,0.5676810645724258,41.917194092826996,8254.880773848316,105.83180479292712,0
3687,31.683418859432805,1,2,188,0.005263157894736842,0.010526315789473684,0.9894736842105263,190,5300,3500,1800,0.660377358490566,71,35,36,223.70516010655672,0.4255012531328321,0.7805784510854283,0.13821351243340155,1056187.1109325732,3954.9013507303243,1060142.0122833035,3685,0,1439.7578947368422,82,108,40,36.01592624995948,0.569078947368421,41.79216867469878,8180.9068726652495,99.76715698372256,0
3688,31.851101982512308,3,0,191,0.015706806282722512,0.0,1.0,191,4550,2700,1850,0.5934065934065934,64,27,37,223.1636533560512,0.42529966933039404,0.7832842590343672,0.1386090426314705,1063336.8547026329,4709.627448714441,1068046.4821513472,3686,0,1433.1623036649214,64,127,42,35.836072521293296,0.5704624781849913,41.6025641025641,8230.243082788922,128.5975481685769,0
3689,32.01618222962403,1,0,192,0.005208333333333333,0.0,1.0,192,5050,3800,1250,0.7524752475247525,63,38,25,220.63163334995613,0.425318249163758,0.7796006841606444,0.13784986062968002,1070599.5288603883,3791.624543232109,1074391.1534036205,3687,0,1426.6927083333333,67,125,45,35.68519725151048,0.5721028645833333,41.39093137254901,8279.675067409802,123.5772398120866,0
3690,32.143007038918995,1,1,192,0.0051813471502590676,0.0051813471502590676,0.9948186528497409,193,6000,4600,1400,0.7666666666666667,74,46,28,215.76564780950568,0.42593866940126657,0.7763491312195654,0.1356593790508363,1076700.7188774957,1863.005621112794,1078563.7244986086,3688,0,1420.2953367875648,72,121,44,35.58251557417717,0.5743199481865284,41.16723744292238,8319.663308775005,115.55087928854174,0
3691,32.12129626644823,2,1,193,0.010309278350515464,0.005154639175257732,0.9948453608247423,194,4900,3300,1600,0.673469387755102,65,33,32,212.46189656189904,0.42640283638694515,0.7717015346385034,0.13448619019485225,1077961.1713993475,2105.1349791186285,1080066.306378466,3689,0,1413.7628865979382,78,116,38,35.42398293295334,0.5758161512027491,40.928270042194114,8321.719792236006,106.68871528507701,0
3692,32.40096762796888,0,1,192,0.0,0.0051813471502590676,0.9948186528497409,193,5300,3800,1500,0.7169811320754716,68,38,30,215.8445472871212,0.4256957937535982,0.7728812023662182,0.1368436551628235,1087815.7536201149,3059.819774386801,1090875.5733945016,3690,1,1422.0880829015543,79,114,39,35.27926779223826,0.5767487046632125,40.87239583333336,8395.985114117364,106.2782925837641,0
3693,32.2590526878695,0,1,191,0.0,0.005208333333333333,0.9947916666666666,192,5350,4100,1250,0.7663551401869159,66,41,25,217.60616732444305,0.4244979139397906,0.773419925234881,0.13807303160964085,1083291.7091237418,3396.191383352811,1086687.9005070946,3691,2,1430.484375,80,112,39,35.204218770676206,0.5778537326388888,40.84362139917697,8360.139271681439,104.50174089601799,0
3694,32.57124992235361,0,2,189,0.0,0.010471204188481676,0.9895287958115183,191,4800,3500,1300,0.7291666666666666,61,35,26,217.67982648614148,0.42443969872324794,0.7727884562249003,0.13833720419214757,1094243.8736845371,4638.9633114350545,1098882.836995972,3692,3,1422.2513089005236,82,109,39,35.14563361415064,0.5786976439790577,40.78815261044179,8442.853864160348,102.96163248976035,0
3695,32.91679436296306,0,0,189,0.0,0.0,1.0,189,6050,4700,1350,0.7768595041322314,74,47,27,223.33779343022778,0.4237389301662351,0.7776269532535067,0.14219082171252195,1106398.258100296,5570.109123833704,1111968.3672241296,3693,4,1438.2433862433863,83,106,40,34.93359798482242,0.5796406525573192,40.72420634920636,8534.527982897253,102.82563834815967,0
3696,33.32539571464168,0,0,189,0.0,0.0,1.0,189,5350,3800,1550,0.7102803738317757,69,38,31,220.79775213973343,0.42364042740815794,0.7734598041102996,0.13887902995196863,1116430.515290677,6151.069639277345,1122581.5849299545,3694,5,1439.2433862433863,72,117,42,35.43768375597209,0.5740189594356261,41.15296803652969,8626.179769743181,119.80805235754418,8
3697,33.73620204561092,1,1,189,0.005263157894736842,0.005263157894736842,0.9947368421052631,190,5350,4100,1250,0.7663551401869159,66,41,25,220.14687423209958,0.4241993873572821,0.7743721570707802,0.13928695719732506,1132014.563235627,6491.8935363079945,1138506.456771935,3695,0,1432.6631578947367,74,116,40,35.24141736364285,0.575657894736842,40.944444444444464,8739.550563260256,118.10203463865211,0
3698,33.887313108790586,1,0,190,0.005263157894736842,0.0,1.0,190,5800,4400,1400,0.7586206896551724,72,44,28,219.24937517072817,0.4246060753736192,0.772292848975926,0.13962431782034884,1139100.0127994288,6149.393212648935,1145249.4060120778,3696,0,1433.2947368421053,80,110,42,35.03021360314785,0.578015350877193,40.71502057613171,8786.471282143,109.8308910267875,0
3699,33.77018403651748,1,0,191,0.005235602094240838,0.0,1.0,191,4850,3700,1150,0.7628865979381443,60,37,23,216.91454542626573,0.4248243317718379,0.7727994723289517,0.13891551928073706,1136890.601594573,6271.621608855769,1143162.2232034286,3697,0,1426.7853403141362,67,124,44,34.889222602672305,0.5795157068062827,40.517769607843114,8762.762674549112,130.78750260521065,0
3700,33.351537127539764,0,0,191,0.0,0.0,1.0,191,5400,3700,1700,0.6851851851851852,71,37,34,219.5264996045007,0.42457058877560394,0.7749324536677242,0.14082461123882667,1123305.839356959,5719.079779865384,1129024.9191368246,3698,1,1427.7853403141362,68,123,44,34.761323096013655,0.5806064572425829,40.45893719806761,8656.09339215972,127.29549106117236,0
3701,32.997098959908165,0,1,190,0.0,0.005235602094240838,0.9947643979057592,191,5050,3300,1750,0.6534653465346535,68,33,35,218.09818611408042,0.42468196013594195,0.77360214645582,0.14025650767166759,1112112.5445932723,5259.945746101095,1117372.4903393735,3699,2,1428.7853403141362,69,122,43,34.70958474236258,0.581588132635253,40.37202380952379,8566.970023117772,124.15898584228655,0
3702,32.932879107152885,0,0,190,0.0,0.0,1.0,190,4400,3300,1100,0.75,55,33,22,217.28993185488844,0.4244563956186764,0.7730238658806856,0.1402142610176364,1110966.2467062566,5880.356007976503,1116846.602714233,3700,3,1434.536842105263,69,121,42,34.60893488016802,0.5827302631578948,40.252976190476176,8554.217333561779,123.97416425451854,0
3703,32.91485760898036,0,0,190,0.0,0.0,1.0,190,5050,3700,1350,0.7326732673267327,64,37,27,215.87789743106535,0.4244581360809431,0.7719024733325535,0.1396674004993484,1111135.9285294246,4923.9376022090655,1116059.8661316338,3701,4,1435.536842105263,71,119,43,34.55270972531554,0.5837719298245614,40.16203703703702,8552.529552333388,120.45816270892095,0
3704,33.211352621961815,0,0,190,0.0,0.0,1.0,190,4950,3500,1450,0.7070707070707071,64,35,29,211.09051343441206,0.42443725053374176,0.7663440984458965,0.13716366457827991,1122445.1482784774,4437.504530413467,1126882.652808891,3702,5,1436.536842105263,72,118,45,34.52330314672522,0.5849780701754386,40.01141552511414,8634.572556680097,119.92461884277913,0
3705,33.5441643325527,1,0,191,0.005235602094240838,0.0,1.0,191,5500,4200,1300,0.7636363636363637,68,42,26,209.94248007876186,0.425050518967576,0.7675624096514857,0.13712142736524968,1135246.8007858614,3967.305771692667,1139214.106557554,3703,0,1430.0104712041884,74,117,41,34.3713298099509,0.586769197207679,39.83333333333333,8727.073420519113,117.93342460160963,0
3706,33.549938771504635,0,0,191,0.0,0.0,1.0,191,5550,4100,1450,0.7387387387387387,70,41,29,212.77693617188916,0.424842702305502,0.7707247407701505,0.13942836500704472,1136428.2341882894,4611.143569962605,1141039.377758252,3704,1,1431.0104712041884,75,116,44,34.18224504124976,0.587859947643979,39.72039473684209,8732.3648200503,116.43153093400399,0
3707,33.42047931669913,1,0,192,0.005208333333333333,0.0,1.0,192,4550,3300,1250,0.7252747252747253,58,33,25,210.09261336928682,0.4249802301483421,0.7684156959898008,0.1385840266169885,1134024.1288621174,4700.018571294349,1138724.1474334118,3705,0,1424.5520833333333,68,124,46,34.019688803894304,0.5894097222222222,39.49275362318841,8706.277039386494,128.0334858733308,0
3708,32.92759276929923,2,0,194,0.010309278350515464,0.0,1.0,194,4900,3300,1600,0.673469387755102,65,33,32,210.19466277542043,0.4258764667129605,0.7705396241437528,0.1396957449064964,1119502.0284455512,3362.6702691023584,1122864.6987146535,3706,0,1410.8556701030927,71,123,46,33.7549933422104,0.5910652920962199,39.236111111111114,8586.327142272135,120.93418510242444,0
3709,32.768693087950886,0,0,194,0.0,0.0,1.0,194,5100,3600,1500,0.7058823529411765,66,36,30,209.73909896864018,0.4259120773462956,0.769925340771247,0.13978273672058772,1114912.632113033,2868.1541776286526,1117780.7862906617,3707,1,1411.8556701030927,72,122,46,33.66974819028866,0.592139175257732,39.140981735159826,8548.009108744745,118.7223487325659,0
3710,32.63563168364688,0,1,193,0.0,0.005154639175257732,0.9948453608247423,194,5050,3200,1850,0.6336633663366337,69,32,37,207.99078660680811,0.4258035761978527,0.7681313376255279,0.13888030333371076,1110933.7570364524,2362.797198813889,1113296.5542352663,3708,2,1412.8556701030927,73,121,45,33.649609768378674,0.5930519759450172,39.07657657657659,8515.400744483124,116.6493252668921,0
3711,32.38434993608672,0,2,191,0.0,0.010362694300518135,0.9896373056994818,193,6300,4700,1600,0.746031746031746,79,47,32,212.90722200405582,0.42516394106217614,0.7739910968401076,0.1339428978936914,1084964.4495121096,1299.3533837568316,1086263.8028958666,3709,3,1420.8290155440413,75,118,39,35.634641180415855,0.5725928324697755,41.14583333333335,8382.823915747487,111.77098554329983,7
3712,31.912327102573336,0,0,191,0.0,0.0,1.0,191,5400,3800,1600,0.7037037037037037,70,38,32,212.67997732617062,0.42445692109855787,0.7719006152864718,0.13416236432799186,1069943.088545626,1911.0943624355014,1071854.1829080614,3710,4,1417.8376963350786,75,116,43,35.5425400059987,0.5734075043630018,41.049890350877206,8263.70060237007,110.1826746982676,0
3713,32.02351297674865,0,0,191,0.0,0.0,1.0,191,5650,4300,1350,0.7610619469026548,70,43,27,214.72521425956697,0.42478414622944793,0.772999556593958,0.13591884696430373,1074679.654095888,2302.163797227579,1076981.8178931156,3711,5,1418.8376963350786,78,113,38,35.36534676981541,0.574716404886562,40.92827004219411,8296.386906212556,106.36393469503277,0
3714,31.651699090572574,0,1,190,0.0,0.005235602094240838,0.9947643979057592,191,5100,3500,1600,0.6862745098039216,67,35,32,213.12433982107888,0.42456714430054193,0.7711398438841446,0.13514216375536833,1062709.633985414,1997.8578329285133,1064707.4918183424,3712,6,1419.8376963350786,81,110,38,35.34359323169436,0.5760798429319371,40.866361788617894,8202.019940911985,101.25950544335784,0
3715,31.291872948557074,0,0,190,0.0,0.0,1.0,190,5150,3600,1550,0.6990291262135923,67,36,31,244.7162618457506,0.4242220133667502,0.7926440438897193,0.14678401575009545,1034455.5311471714,7479.618125599035,1041935.1492727704,3713,7,1428.1684210526316,77,113,35,36.576165991482306,0.5547697368421053,42.86858974358973,8046.123420826861,104.4951093613878,8
3716,31.608907991472073,1,2,189,0.005235602094240838,0.010471204188481676,0.9895287958115183,191,6200,4500,1700,0.7258064516129032,79,45,34,242.63930780963696,0.42485073941398,0.7926662391176522,0.146238396865823,1046367.4385824729,6377.974202438798,1052745.4127849117,3714,0,1421.6858638743456,65,126,39,36.44926036107876,0.5565008726003491,42.692550505050505,8133.2074966062055,125.12626917855701,0
3717,32.02124366043006,1,0,190,0.005263157894736842,0.0,1.0,190,5500,4000,1500,0.7272727272727273,70,40,30,239.95277732264015,0.4255784136266592,0.7891637183380822,0.14540757702932852,1061654.818045544,7449.404429597995,1069104.222475142,3715,0,1419.5736842105264,67,123,39,36.31494150307355,0.5584978070175439,42.4938725490196,8245.666451161584,123.06964852479976,0
3718,31.96903526598753,0,0,190,0.0,0.0,1.0,190,6050,4200,1850,0.6942148760330579,79,42,37,236.78873864290898,0.4258116355704075,0.7852235942932506,0.14397542418869372,1060936.5090797772,6193.563553042217,1067130.0726328194,3716,1,1420.5736842105264,70,120,39,36.270524867122234,0.5601425438596491,42.37089201877934,8236.154038596538,117.65934340852198,0
3719,32.19694478780522,0,0,190,0.0,0.0,1.0,190,4500,2600,1900,0.5777777777777777,64,26,38,235.83336234035642,0.4255604288499026,0.7840931134820572,0.14387230566444176,1069503.0196434401,7944.898631135095,1077447.9182745751,3717,2,1421.5736842105264,74,116,41,36.17139508567734,0.5614035087719298,42.249999999999986,8298.762519056761,112.145439446713,0
3720,32.0615321505598,0,0,190,0.0,0.0,1.0,190,5200,4100,1100,0.7884615384615384,63,41,22,231.39517941644178,0.42544381787802843,0.7799181011520742,0.14189819748415053,1066557.1643235625,6159.237279308043,1072716.4016028706,3718,3,1422.5736842105264,78,112,30,36.093680775653475,0.5631030701754386,42.062236286919806,8269.879904130352,106.02410133500452,0
3721,32.44292313486522,1,0,191,0.005235602094240838,0.0,1.0,191,6650,4900,1750,0.7368421052631579,84,49,35,238.06008268250986,0.4261114172866722,0.7888028954589517,0.14718522419697339,1081715.950322313,6652.677714543379,1088368.6280368564,3719,0,1416.1204188481674,82,109,32,35.61957296526693,0.5658813263525305,41.767068273092335,8377.831154906871,102.1686726208155,0
3722,31.92372800419675,0,1,190,0.0,0.005235602094240838,0.9947643979057592,191,4850,3300,1550,0.6804123711340206,64,33,31,238.9478929742138,0.42592886010838615,0.7893218559846891,0.148210050470015,1065357.2344763572,7862.973288592104,1073220.2077649494,3720,1,1417.1204188481674,68,123,34,35.47838874929391,0.5670811518324608,41.651570048309175,8247.445008089044,121.28595600130947,0
3723,31.71249546119462,0,0,190,0.0,0.0,1.0,190,5000,3100,1900,0.62,69,31,38,243.07589216855905,0.42537535969553514,0.7899355324399089,0.15132547944260352,1059386.5874947396,8502.267981337945,1067888.8554760774,3721,2,1425.5526315789473,70,120,36,35.23692624966892,0.5681469298245614,41.5199530516432,8197.04731565915,117.10067593798787,0
3724,31.267912652731294,0,1,189,0.0,0.005263157894736842,0.9947368421052631,190,5200,3500,1700,0.6730769230769231,69,35,34,239.05345419007665,0.42538696277731364,0.7860413919690517,0.14928072697562306,1045425.1895692766,6782.500532770418,1052207.690102047,3722,3,1426.5526315789473,72,118,35,35.22812971342383,0.5694627192982455,41.409817351598186,8085.575243904084,112.29965616533451,0
3725,31.05300819535088,1,0,190,0.005263157894736842,0.0,1.0,190,5100,3800,1300,0.7450980392156863,64,38,26,232.90462112904578,0.42626705653021446,0.7809257031438808,0.14641337859559064,1040146.1691356339,5350.969888272879,1045497.1390239068,3723,0,1425.2263157894736,77,113,36,35.144331647833795,0.5711622807017545,41.172542735042754,8037.371151630593,104.38144352767004,0
3726,30.884665491611337,0,1,189,0.0,0.005263157894736842,0.9947368421052631,190,4900,3700,1200,0.7551020408163265,61,37,24,224.74975253630504,0.42646024784182673,0.7850601981522507,0.13039628499687045,1011193.2476970748,2553.0864372601955,1013746.3341343349,3724,1,1426.2263157894736,81,109,34,38.35447279586973,0.5457785087719298,44.10569105691058,7903.21013291439,97.57049546807889,8
3727,30.785861043944184,0,0,189,0.0,0.0,1.0,189,5400,3700,1700,0.6851851851851852,71,37,34,223.6494464906464,0.4265708844609554,0.7835962688455063,0.1300872224262161,1008709.0007287514,1919.441936623647,1010628.4426653751,3725,2,1432.4391534391534,83,106,34,38.28522380467953,0.5471230158730158,44.010416666666664,7880.859741197162,94.95011736382124,0
3728,30.726287757222007,2,0,191,0.010471204188481676,0.0,1.0,191,5700,4100,1600,0.7192982456140351,73,41,32,191.18605180384458,0.4285581427390466,0.7532435649059888,0.1096804191927323,1002664.5579809583,-5560.904375194598,997103.6536057637,3726,0,1418.4293193717278,71,120,43,39.64704383282367,0.537685427574171,44.531250000000014,7849.606325477838,110.5578355701104,8
3729,30.352292028625484,3,0,194,0.015463917525773196,0.0,1.0,194,5050,3700,1350,0.7326732673267327,64,37,27,187.2851375578714,0.4304746897423571,0.7507691213394252,0.10796609856021822,991887.7533661668,-6696.833133769516,985190.9202323973,3727,0,1397.479381443299,74,120,45,39.55922565690584,0.5397336769759451,44.34722222222225,7759.647769040476,104.86010498703347,0
3730,30.626933020136146,1,1,194,0.005128205128205128,0.005128205128205128,0.9948717948717949,195,5300,3800,1500,0.7169811320754716,68,38,30,186.17893656565167,0.4307405938849238,0.7508747947104093,0.10768079393229754,1001831.8742379246,-6996.001407361552,994835.872830563,3728,0,1391.3076923076924,76,119,49,39.461464889547095,0.5408653846153846,44.22348484848488,7833.65019766937,103.07434470617592,0
3731,30.763140858102112,1,4,191,0.005128205128205128,0.020512820512820513,0.9794871794871794,195,5500,3800,1700,0.6909090909090909,72,38,34,185.44141555994028,0.43140915499162924,0.7501682447765858,0.10786326123989509,1007964.5662650168,-7116.324799510439,1000848.2414655064,3729,0,1391.8974358974358,79,116,38,39.26330959647339,0.5427350427350428,44.01041666666669,7875.043610290264,99.68409633278816,0
3732,30.840500733465976,1,0,192,0.005208333333333333,0.0,1.0,192,5250,3400,1850,0.6476190476190476,71,34,37,244.3229641037042,0.4300709669502618,0.8027985772871993,0.1326864218315173,989762.6124352326,4714.3470458405045,994476.9594810731,3730,0,1414.6041666666667,64,128,38,40.46073439180216,0.5157877604166667,46.650641025641036,7813.421091271873,122.08470455112301,8
3733,30.724189856846674,7,4,195,0.035175879396984924,0.020100502512562814,0.9798994974874372,199,5650,4200,1450,0.7433628318584071,71,42,29,235.9069031125715,0.43485948259817603,0.8035944690191539,0.1300660309337034,990643.9813555817,1289.9507457404843,991933.9321013221,3731,0,1365.8090452261306,73,126,33,40.06790465631927,0.5193676716917923,46.058558558558545,7802.145059368128,106.87869944339901,0
3734,31.09167233469472,4,0,199,0.020100502512562814,0.0,1.0,199,5550,3700,1850,0.6666666666666666,74,37,37,240.2603134048171,0.4351259665330017,0.8088516881045491,0.1334739009673799,1004820.6695114726,2933.7057944928106,1007754.3753059654,3732,0,1366.788944723618,59,140,35,39.65560411545116,0.521252093802345,45.76388888888888,7904.625862313687,133.97670953074046,0
3735,31.076507495305762,1,0,200,0.005,0.0,1.0,200,6200,4800,1400,0.7741935483870968,76,48,28,238.907950906665,0.43601915829145726,0.809321901792674,0.13385104847740167,1006918.7993362643,1912.181415765,1008830.9807520292,3733,0,1360.95,62,138,37,39.35478371005456,0.5234895833333333,45.436507936507915,7910.944269142278,127.59587530874643,0
3736,30.78550261005092,3,1,202,0.014778325123152709,0.0049261083743842365,0.9950738916256158,203,5500,4100,1400,0.7454545454545455,69,41,28,234.8545125864041,0.43796842738461034,0.8094374786724874,0.13302121789350663,1000771.4430239297,907.1378923555176,1001678.5809162853,3734,0,1341.8226600985222,68,135,38,39.02975133214918,0.5263752052545156,45.018115942028984,7849.745457182369,115.43743319385837,0
3737,30.49846094394164,1,2,201,0.0049261083743842365,0.009852216748768473,0.9901477832512315,203,5000,3300,1700,0.66,67,33,34,237.74558447284932,0.4386319481701865,0.8113469303592384,0.1353033771319303,992859.5516506908,1609.5948813288169,994469.1465320197,3735,0,1341.5665024630541,70,133,39,38.7692617295308,0.52811986863711,44.835680751173705,7782.119024897779,111.17312892711114,0
3738,30.242599782849176,8,1,208,0.03827751196172249,0.004784688995215311,0.9952153110047847,209,5450,4100,1350,0.7522935779816514,68,41,27,221.166945927341,0.4424083317997792,0.7999033370735673,0.12690809734985423,986945.6876962718,-3594.047291211473,983351.6404050604,3736,0,1303.7655502392345,61,148,44,38.872539348502755,0.5323464912280702,44.52284946236558,7726.293217372366,126.66054454708797,8
3739,29.856067018010265,1,0,209,0.004784688995215311,0.0,1.0,209,5350,3000,2350,0.5607476635514018,77,30,47,219.808110130105,0.4424016225003067,0.7994486560992418,0.12716046559574493,976682.9743037678,-4213.432244407849,972469.54205936,3737,0,1304.7368421052631,64,145,35,38.592376208675304,0.5341905901116427,44.214743589743584,7636.741757603548,119.32408996255543,0
3740,30.10185704289339,1,3,207,0.004761904761904762,0.014285714285714285,0.9857142857142858,210,5550,4000,1550,0.7207207207207207,71,40,31,220.46536896239968,0.4433650413913572,0.8017509767008761,0.1283281453058971,986507.0488821148,-4051.8718968393405,982455.1769852755,3738,0,1299.5190476190476,66,144,37,38.33892532539827,0.5359126984126984,43.98320895522387,7706.580844610144,116.76637643348703,0
3741,29.75920806963894,2,5,204,0.009569377990430622,0.023923444976076555,0.9760765550239234,209,5600,4400,1200,0.7857142857142857,68,44,24,226.04986472424628,0.44355753895227584,0.8038536811236321,0.1325178859011272,977307.4414181048,-3215.9570146877895,974091.484403417,3739,0,1306.3444976076555,62,147,39,37.92365591397851,0.537828947368421,43.7169312169312,7626.7811686408995,123.01259949420806,0
3742,29.584788811509725,0,0,204,0.0,0.0,1.0,204,5700,4200,1500,0.7368421052631579,72,42,30,232.43315055780707,0.4405974315013362,0.8062664466911356,0.13620268897910986,971460.3315991574,-1340.0828968953729,970120.2487022621,3740,1,1339.2892156862745,59,145,38,37.776135876069816,0.5380412581699346,43.73263888888887,7581.615757755092,128.50196199584903,0
3743,30.092214881339736,1,0,205,0.004878048780487805,0.0,1.0,205,6550,4800,1750,0.732824427480916,83,48,35,232.30282300193994,0.4412771002710027,0.805486830307834,0.13668727234314718,989305.7694567537,-1586.295388618163,987719.4740681356,3741,0,1333.7512195121951,60,145,42,37.622508213461174,0.5401930894308944,43.579234972677575,7716.268761239677,128.6044793539946,0
3744,30.10953572099517,2,0,207,0.00966183574879227,0.0,1.0,207,5000,3100,1900,0.62,69,31,38,225.18227404347834,0.44251559495333237,0.8000643537349306,0.13372474850154736,992519.7278711986,-1700.4301289899558,990819.2977422086,3742,0,1321.855072463768,66,141,43,37.45509133111314,0.5423711755233495,43.23694029850745,7731.016517914076,117.13661390778903,0
3745,30.298788256113347,3,2,208,0.014285714285714285,0.009523809523809525,0.9904761904761905,210,6600,4800,1800,0.7272727272727273,84,48,36,224.4181418380297,0.44395221007063107,0.8025819105495016,0.1345600275555141,1001521.8175548653,-3648.0669388186125,997873.7506160466,3743,0,1303.9571428571428,71,139,43,37.111748818365996,0.544890873015873,42.88194444444442,7790.365522101314,109.72345805776499,0
3746,30.081706739995127,2,2,208,0.009523809523809525,0.009523809523809525,0.9904761904761905,210,6600,5000,1600,0.7575757575757576,82,50,32,216.97050426977447,0.4451118326118326,0.7959639579665332,0.13110677858969078,996544.7504366518,-5355.836594072562,991188.9138425792,3744,0,1283.2904761904763,65,145,44,37.01298618349785,0.5476190476190477,42.597853535353536,7743.09588419477,119.12455206453492,0
3747,30.34144274154333,1,0,209,0.004784688995215311,0.0,1.0,209,5600,4100,1500,0.7321428571428571,71,41,30,216.8562772074679,0.44465403018034594,0.7954972187565439,0.13132120662073624,1005765.6773342586,-3778.6798940490053,1001986.9974402096,3745,0,1290.3827751196172,65,144,45,36.935300968493294,0.5483452950558214,42.5189393939394,7812.346857410644,120.18995165247144,0
3748,30.194610387099914,2,2,209,0.009478672985781991,0.009478672985781991,0.990521327014218,211,6500,4600,1900,0.7076923076923077,84,46,38,216.0321398806143,0.44590009779583234,0.796138042957625,0.1320471326013291,1003535.650425868,-5340.809198403073,998194.841227465,3746,0,1279.1421800947867,68,143,43,36.61021001678572,0.5505529225908372,42.17995169082126,7784.775908678944,114.48199865704329,0
3749,30.11956463084793,2,2,209,0.009478672985781991,0.009478672985781991,0.990521327014218,211,5550,4000,1550,0.7207207207207207,71,40,31,217.83697101540494,0.446634506883322,0.7977661739619655,0.13430018095566182,1003455.9337878554,-4032.0397672437866,999423.8940206117,3747,0,1277.4407582938388,71,140,39,36.2461700855659,0.5526757503949447,41.86921296296296,7774.786923373676,109.50404117427712,0
3750,30.031166808847455,0,1,208,0.0,0.004784688995215311,0.9952153110047847,209,6900,4800,2100,0.6956521739130435,90,48,42,223.7452402140707,0.4457524383511226,0.802759834929726,0.13821314434985654,1001057.5136816519,-3903.629226639933,997153.8844550119,3748,1,1290.6363636363637,70,139,39,36.021577930564234,0.553877591706539,41.79870892018778,7754.086042677583,110.77265775253689,0
3751,30.480347310272467,0,1,207,0.0,0.004807692307692308,0.9951923076923077,208,5750,4400,1350,0.7652173913043478,71,44,27,225.91817872613427,0.44552540102811844,0.804340199711598,0.14027285164710285,1017480.072583095,-1376.5510223784513,1016103.5215607166,3749,2,1297.826923076923,59,149,38,35.77718705906068,0.5553886217948718,41.614583333333336,7875.677239909463,133.48605491371973,0
3752,30.75964691904197,0,0,207,0.0,0.0,1.0,207,5900,4000,1900,0.6779661016949152,78,40,38,226.99566959394534,0.44500140706345853,0.8029703441326188,0.14165037035555142,1028229.8392696704,-619.2558277012959,1027610.5834419691,3750,3,1305.0676328502416,62,145,41,35.56587585795286,0.5570148953301127,41.43518518518519,7953.362409391185,128.28003886114814,0
3753,30.402797459926084,0,0,207,0.0,0.0,1.0,207,6550,5000,1550,0.7633587786259542,81,50,31,214.99567401624878,0.44490760283288777,0.793874109384342,0.1328837910371131,1013605.855286914,-4365.825191154876,1009240.0300957592,3751,4,1306.0676328502416,83,124,41,36.226618402727766,0.5649154589371981,41.7782738095238,7850.662841121523,94.58629929062076,8
3754,30.429599818151143,0,2,205,0.0,0.00966183574879227,0.9903381642512077,207,5650,4100,1550,0.7256637168141593,72,41,31,215.57533704195026,0.44487438050122724,0.7945491624621317,0.13356546014609713,1015183.9153281038,-3280.277058715624,1011903.6382693882,3752,5,1307.0676328502416,84,123,42,36.12267530126198,0.5661735104669887,41.69117647058823,7860.234129497417,93.5742158273502,0
3755,30.997166560797133,1,1,205,0.0048543689320388345,0.0048543689320388345,0.9951456310679612,206,6250,4600,1650,0.736,79,46,33,226.90106081665022,0.44473912700292056,0.8002516441382781,0.14207186555471923,1037138.405413907,-384.4391195789676,1036753.9662943281,3753,0,1313.7524271844661,67,139,40,35.444733128047204,0.5687702265372168,41.31433823529412,8018.522544610631,119.67944096433777,0
3756,31.32889952525339,1,2,204,0.0048543689320388345,0.009708737864077669,0.9902912621359223,206,6150,4300,1850,0.6991869918699187,80,43,37,228.71445959863883,0.44493547241297654,0.7993241850626454,0.1443578570809466,1050542.7918491927,704.865384606881,1051247.6572337996,3754,0,1314.6990291262136,71,135,38,35.10707635009311,0.5705906148867315,41.0300925925926,8113.242209230861,114.27101703142057,0
3757,31.003012184799143,0,1,203,0.0,0.004901960784313725,0.9950980392156863,204,6100,4100,2000,0.6721311475409836,81,41,40,230.7711170899056,0.44356003895811197,0.7999295476727417,0.14611642727467333,1040511.6447425141,1124.0069204569318,1041635.651662971,3755,2,1328.5,70,134,39,34.93957283349378,0.5715890522875817,40.918427230046944,8032.30915744377,114.74727367776815,0
3758,30.799071641241525,1,2,202,0.004901960784313725,0.00980392156862745,0.9901960784313726,204,6300,4700,1600,0.746031746031746,79,47,32,230.51044083423938,0.4437351089861232,0.7994849653324632,0.1464087184229344,1034548.4422650179,594.8434981772061,1035143.2857631951,3756,0,1320.7254901960785,73,131,41,34.83334917359112,0.5736315359477124,40.80799549549551,7982.873115571268,109.3544262407023,0
3759,30.698787863585373,0,1,201,0.0,0.0049504950495049506,0.995049504950495,202,5950,4600,1350,0.773109243697479,73,46,27,232.2629100646682,0.44306109715449155,0.797486402449308,0.14776480842764533,1031641.400189878,1572.4067502582375,1033213.8069401362,3757,1,1333.6633663366338,74,128,41,34.72858405657343,0.5748762376237624,40.750000000000014,7958.6607536345455,107.54946964371007,0
3760,30.28180429000302,2,0,203,0.009852216748768473,0.0,1.0,203,5900,3700,2200,0.6271186440677966,81,37,44,231.1356624237779,0.4430632102619129,0.7969797657279414,0.14818890781452057,1019760.9696319791,640.6254459602033,1020401.5950779393,3758,0,1327.9802955665025,63,140,41,34.48004860457823,0.5770730706075533,40.478515624999986,7858.7787988948,124.74252061737778,0
3761,30.327783618496575,0,2,201,0.0,0.009852216748768473,0.9901477832512315,203,6350,4600,1750,0.7244094488188977,81,46,35,231.2152103250576,0.44303983969825556,0.7985532953540417,0.14872359012521413,1022206.2807494471,319.9280398156061,1022526.2087892627,3759,1,1328.9802955665025,63,140,39,34.36141758609156,0.5784072249589491,40.36458333333332,7874.166736364848,124.98677359309282,0
3762,29.96010049374702,0,1,200,0.0,0.004975124378109453,0.9950248756218906,201,5150,3600,1550,0.6990291262135923,67,36,31,232.4739632084073,0.4427591210613599,0.7983921452340941,0.1501094139053421,1010857.2340533036,1649.5974876519185,1012506.8315409556,3760,2,1342.5323383084576,65,136,43,34.19146313060737,0.5795501658374793,40.23042929292929,7782.72244360135,119.73419144002078,0
3763,30.021876638381954,0,0,200,0.0,0.0,1.0,200,5700,3900,1800,0.6842105263157895,75,39,36,229.72822424442938,0.4424733040201005,0.7947612408504712,0.14877884319577145,1013749.8200411736,877.3891972336387,1014627.2092384072,3761,3,1347.835,68,132,41,34.15679098408273,0.58140625,40.1268115942029,7801.88080394183,114.73354123443868,0
3764,29.952395133884696,0,0,200,0.0,0.0,1.0,200,6950,5300,1650,0.762589928057554,86,53,33,230.3573215948397,0.4421880234505862,0.7965784353001786,0.14979655676317977,1012506.8460847526,-302.32696789552483,1012204.5191168571,3762,4,1348.835,69,131,36,33.99548589251993,0.5829166666666667,39.98511904761906,7788.068454975719,112.87055731848868,0
3765,30.209361594033155,0,1,199,0.0,0.005,0.995,200,5200,3700,1500,0.7115384615384616,67,37,30,227.89438239634438,0.44180852177554436,0.794562887760857,0.1486595805698013,1022044.6273105004,1383.6458244858795,1023428.2731349863,3763,5,1349.835,70,130,37,33.94869806354579,0.5843229166666667,39.876760563380294,7858.156999152138,112.2593857021734,0
3766,30.24055743530597,0,1,198,0.0,0.005025125628140704,0.9949748743718593,199,5150,3400,1750,0.6601941747572816,69,34,35,222.41288211843408,0.4417785476202562,0.7922593835238636,0.13890313958717318,1011104.0384428598,26.51266233291426,1011130.5511051927,3764,6,1357.286432160804,67,132,41,35.6547918764686,0.5715033500837521,41.40625000000001,7820.019149286166,116.71670372068904,8
3767,30.023822905000497,0,0,198,0.0,0.0,1.0,198,5350,3900,1450,0.7289719626168224,68,39,29,224.50599287333932,0.44135464202088565,0.7935173732792771,0.141035816035816,1005481.286504038,197.3149084303759,1005678.6014124684,3765,7,1365.1010101010102,70,128,43,35.38690476190475,0.5728640572390573,41.19718309859156,7770.249941963179,111.00357059947397,0
3768,30.587508446497147,0,0,198,0.0,0.0,1.0,198,5200,4000,1200,0.7692307692307693,64,40,24,226.550483524659,0.44135838076193407,0.7944999922077296,0.14295682110589403,1025612.8688109124,1670.618267645029,1027283.4870785574,3766,8,1366.1010101010102,72,126,38,35.17203456762913,0.5742845117845118,41.03881278538813,7920.977501241871,110.0135764061371,0
3769,31.10718903836318,0,0,198,0.0,0.0,1.0,198,5800,4100,1700,0.7068965517241379,75,41,34,228.9984870000522,0.44146680425233725,0.7970621230782062,0.14492737808627815,1043876.9702421615,2409.2493599308355,1046286.2196020924,3767,9,1367.1010101010102,73,125,38,35.00212816054481,0.5755997474747474,40.93468468468469,8058.793736796691,110.3944347506396,0
3770,30.933234011757765,0,0,198,0.0,0.0,1.0,198,5650,4100,1550,0.7256637168141593,72,41,31,233.27001310642663,0.44118265993266,0.8013531325828485,0.14831327299079072,1039344.3968917454,3239.5762170056296,1042583.973108751,3768,10,1368.1010101010102,77,121,39,34.72488752082152,0.5771780303030303,40.7719017094017,8018.763426846005,104.13978476423384,0
3771,30.961849573899663,0,0,198,0.0,0.0,1.0,198,6100,4500,1600,0.7377049180327869,77,45,32,231.02662251182636,0.44084510502657714,0.7998164785987838,0.14723849704933267,1040981.3868836148,2398.8827818798,1043380.2696654946,3769,11,1369.1010101010102,82,116,39,34.69694769786728,0.5786510942760943,40.68775100401607,8028.786846083287,97.91203470833277,0
3772,30.710381921906187,1,0,199,0.005025125628140704,0.0,1.0,199,6050,4600,1450,0.7603305785123967,75,46,29,233.40759076926315,0.4406756002233389,0.8019052694007907,0.14937324283651132,1033685.0988848852,2403.989708961436,1036089.0885938467,3770,0,1363.21608040201,62,137,37,34.48638903050387,0.5805067001675042,40.54232804232802,7968.044198388713,128.51684190949538,0
3773,30.92875283701316,0,1,198,0.0,0.005025125628140704,0.9949748743718593,199,6300,4600,1700,0.7301587301587301,80,46,34,231.98515543762792,0.44064493342131533,0.7989426172780072,0.14923544282774973,1042493.3255435782,2268.595233783229,1044761.9207773615,3771,1,1364.21608040201,66,133,41,34.3374500998004,0.5819723618090452,40.36069651741293,8030.319844187179,121.67151279071483,0
3774,31.190565674159014,0,0,198,0.0,0.0,1.0,198,5700,4300,1400,0.7543859649122807,71,43,28,189.89898989898995,0.4404439915226717,0.7577900214263857,0.11604938271604942,1036576.1114245348,-5931.048697411585,1030645.0627271233,3772,2,1371.8636363636363,77,121,49,37.29166666666669,0.5654461279461279,42.1875,8041.317712869119,104.43269756972882,8
3775,31.72076102027887,1,1,198,0.005025125628140704,0.005025125628140704,0.9949748743718593,199,6000,4500,1500,0.75,75,45,30,186.88579984541553,0.44047044989256046,0.7546962030452151,0.11491488543686124,1056022.6726621077,-6328.871632929973,1049693.8010291778,3773,0,1365.964824120603,83,116,42,37.14196462898881,0.5672634003350083,41.964285714285694,8185.089227554052,98.61553286209701,0
3776,32.1418301880244,0,0,198,0.0,0.0,1.0,198,5900,4200,1700,0.711864406779661,76,42,34,203.3501393670692,0.4397854389922918,0.7695490156057969,0.12224980956619026,1063243.885542541,-2257.841538747706,1060986.0440037933,3774,4,1373.8636363636363,94,104,36,37.55461889334134,0.5610795454545454,42.78508771929827,8267.358032353972,87.95061736546778,8
3777,32.36438186717751,0,0,198,0.0,0.0,1.0,198,5200,3400,1800,0.6538461538461539,70,34,36,201.87272497913992,0.4397047890068195,0.7692952607627432,0.12185008355211749,1071831.0501704477,-1525.3090369673191,1070305.7411334803,3775,5,1374.8636363636363,73,125,37,37.44251262557206,0.5622895622895623,42.637950450450475,8329.363649741139,114.10087191426217,0
3778,32.26432686065468,2,0,200,0.01,0.0,1.0,200,6050,4700,1350,0.7768595041322314,74,47,27,199.96455866055064,0.4402564907872697,0.7705431871882371,0.12163286552827256,1070854.9551940837,-3223.392299029909,1067631.5628950538,3776,0,1362.105,76,124,38,37.20464688894724,0.5645833333333333,42.35660173160176,8312.690815221495,109.37751072659862,0
3779,31.807363178857045,2,1,201,0.009900990099009901,0.0049504950495049506,0.995049504950495,202,6300,4800,1500,0.7619047619047619,78,48,30,204.98923059627785,0.4410148104362675,0.7768886510677615,0.12590270730109687,1058567.3458916876,-3301.018846263446,1055266.3270454241,3777,0,1349.6089108910892,82,120,40,36.716913135833735,0.5668316831683169,42.00552208835344,8206.124057075416,100.07468362287094,0
3780,31.7790671621429,2,0,203,0.009852216748768473,0.0,1.0,203,6700,4900,1800,0.7313432835820896,85,49,36,205.0095127950892,0.44142828691736163,0.7782613577502449,0.12684889239166866,1059809.135140787,-3845.809109800335,1055963.3260309868,3778,0,1343.9162561576354,85,118,43,36.444751899446594,0.569068144499179,41.73934108527133,8207.282824990469,96.55626852929963,0
3781,32.13594802849591,0,2,201,0.0,0.009852216748768473,0.9901477832512315,203,5950,3900,2050,0.6554621848739496,80,39,41,206.6518310883729,0.4411386951503032,0.7806532288762298,0.12838655029839585,1072923.1781703383,-2205.6921227884714,1070717.4860475499,3779,1,1344.9162561576354,70,133,42,36.25328829084579,0.5705562397372742,41.59330985915494,8304.143964581872,118.63062806545531,0
3782,32.32152699347915,0,1,200,0.0,0.004975124378109453,0.9950248756218906,201,6400,4800,1600,0.75,80,48,32,188.03943853045953,0.4408841210613599,0.7600577360113014,0.10950532008538547,1059397.136804328,-6758.311442907395,1052638.8253614206,3780,2,1356.5870646766168,86,115,43,39.15105920314255,0.5445169983416251,43.96551724137932,8275.425445744246,96.22587727609589,8
3783,32.48318944842978,0,0,200,0.0,0.0,1.0,200,6950,5200,1750,0.7482014388489209,87,52,35,187.30181675255398,0.44073073701842547,0.7574565420560742,0.10963508967463567,1066289.775257087,-7006.397581934753,1059283.3776751524,3781,3,1364.155,86,114,44,38.97478582554518,0.5463541666666667,43.773946360153275,8323.039442006722,96.77952839542701,0
3784,32.7059410086069,0,0,200,0.0,0.0,1.0,200,6200,4000,2200,0.6451612903225806,84,40,44,203.10058956464252,0.4405904522613065,0.7766594620557175,0.11553426980152531,1064578.7334843532,-2956.6863182698053,1061622.0471660835,3782,4,1365.155,84,116,40,39.6708893691963,0.5351041666666667,44.852941176470566,8344.824654401846,99.34315064764102,8
3785,32.17082896508204,1,0,201,0.004975124378109453,0.0,1.0,201,5600,3900,1700,0.6964285714285714,73,39,34,200.7230260405222,0.4412106135986733,0.7747356383671575,0.11462648923983967,1048376.6678712672,-3713.332558920025,1044663.3353123472,3783,0,1359.358208955224,71,130,40,39.58049982998979,0.5367951907131012,44.7048611111111,8213.056248811286,115.67684857480685,0
3786,32.22672291004835,5,1,205,0.024271844660194174,0.0048543689320388345,0.9951456310679612,206,6250,4700,1550,0.752,78,47,31,197.98325044279696,0.44395769200410445,0.7768473296027514,0.11436444231460394,1053772.052120955,-5724.156779063298,1048047.8953418917,3784,0,1327.3398058252428,77,129,46,39.20782416836383,0.5395428802588997,44.270833333333336,8241.31299418425,107.03003888550975,0
3787,31.928314712588914,2,3,204,0.00966183574879227,0.014492753623188406,0.9855072463768116,207,5950,4300,1650,0.7226890756302521,76,43,33,198.53587578142034,0.4442070024858121,0.7789815404894576,0.11554731326862204,1046321.3930867073,-5803.533174938853,1040517.8599117685,3785,0,1321.888888888889,82,125,37,38.90570616206678,0.5418679549114331,43.98845381526105,8174.017216642859,99.68313678832754,0
3788,32.252919780292096,0,2,202,0.0,0.00980392156862745,0.9901960784313726,204,5100,3300,1800,0.6470588235294118,69,33,36,209.6469811483904,0.4425045880421134,0.7759115862749995,0.11806992998963588,1046680.6670895034,-2013.3115836609213,1044667.3555058425,3786,1,1342.3186274509803,81,123,41,39.89523601761817,0.5310457516339869,45.23628048780485,8216.87380835559,101.44288652290852,8
3789,32.0550613401218,3,0,205,0.014634146341463415,0.0,1.0,205,6600,5100,1500,0.7727272727272727,81,51,30,205.6022007746399,0.44348995695839316,0.7752945576742498,0.11688526733916865,1043200.3006679603,-4703.144466780666,1038497.1562011796,3787,0,1336.6926829268293,85,120,39,39.631057225149924,0.5335365853658536,44.876453488372064,8178.000932739572,96.21177567928908,0
3790,32.42135521452199,6,0,211,0.02843601895734597,0.0,1.0,211,6000,4300,1700,0.7166666666666667,77,43,34,199.1286567050066,0.44686771232979766,0.7750269975526987,0.11462025144893712,1059029.31546687,-6023.382999971384,1053005.9324668988,3788,0,1299.654028436019,77,134,41,39.31473910165981,0.5367792259083728,44.404380341880376,8286.756376211844,107.6202126780759,0
3791,32.14566339637357,2,1,212,0.009389671361502348,0.004694835680751174,0.9953051643192489,213,5800,3600,2200,0.6206896551724138,80,36,44,197.33108938085078,0.4475106667257212,0.7758481804793551,0.11426359897039837,1051870.9166092707,-6886.6332274912975,1044984.2833817794,3789,0,1288.4413145539907,79,134,43,39.131557404862505,0.5385367762128326,44.179687500000036,8223.513655580191,104.09510956430621,0
3792,32.20618378252039,2,1,213,0.009345794392523364,0.004672897196261682,0.9953271028037384,214,5400,3400,2000,0.6296296296296297,74,34,40,196.30986304564635,0.4484792973834701,0.778020807687688,0.11439774239407724,1055822.4495080078,-6746.327907312443,1049076.1216006954,3790,0,1265.8317757009345,81,133,39,38.913849200443224,0.5404010903426791,43.94054878048784,8246.697745227008,101.8110832744075,0
3793,32.140473771017845,2,2,213,0.009302325581395349,0.009302325581395349,0.9906976744186047,215,6500,4800,1700,0.7384615384615385,82,48,34,193.20979711426105,0.44901380134753316,0.7758608305557817,0.11337636902205739,1055809.0609337918,-8701.469109116493,1047107.5918246753,3791,0,1243.3534883720931,74,141,43,38.72821276980042,0.5429748062015504,43.68055555555557,8238.228381168572,111.32741055633205,0
3794,32.33689380686998,0,0,213,0.0,0.0,1.0,213,5900,3600,2300,0.6101694915254238,82,36,46,196.60688203301862,0.4482267029852069,0.7763994867264461,0.11567100879839384,1063067.4119582833,-6698.726148794069,1056368.685809489,3792,1,1256.0,74,139,43,38.54200519986999,0.5439162754303599,43.58333333333334,8291.718520311602,112.05025027448112,0
3795,32.69046424183467,1,0,214,0.004672897196261682,0.0,1.0,214,5650,4200,1450,0.7433628318584071,71,42,29,190.3790551910658,0.44852500255948985,0.76921958190533,0.11255209742895819,1076204.970957213,-7472.622887447406,1068732.3480697656,3793,0,1251.1261682242991,77,137,48,38.51770410464598,0.5456580996884735,43.402777777777786,8388.282317609672,108.9387313975282,0
3796,32.97008893623117,1,0,215,0.004651162790697674,0.0,1.0,215,5450,3600,1850,0.6605504587155964,73,36,37,185.83007176695483,0.4484994204158516,0.7648528499633271,0.11045631933055745,1087100.2405696425,-8046.816855413651,1079053.423714229,3794,0,1246.3023255813953,79,136,45,38.43106682892202,0.5473352713178294,43.203125000000014,8466.615807296273,107.17235199109207,0
3797,32.67365437574828,5,3,217,0.022727272727272728,0.013636363636363636,0.9863636363636363,220,6000,3600,2400,0.6,84,36,48,181.5598203492167,0.450108101563581,0.7658927764670433,0.10923748659549254,1081083.645431987,-10743.729510578229,1070339.9159214087,3795,0,1218.9545454545455,87,133,40,38.085158598687,0.5505681818181818,42.75568181818183,8405.111942397778,96.61048209652618,0
3798,32.19823815952523,0,2,215,0.0,0.009216589861751152,0.9907834101382489,217,6550,4900,1650,0.7480916030534351,82,49,33,183.88766357343192,0.4490891861523582,0.7673900081815965,0.11086298728463526,1065969.767050187,-10746.262019445072,1055223.505030742,3796,1,1236.7511520737328,76,141,42,37.94950318069506,0.5516513056835637,42.681277056277054,8285.209524246868,109.01591479272194,0
3799,32.454090004624156,0,0,215,0.0,0.0,1.0,215,6250,4200,2050,0.672,83,42,41,181.241653698344,0.4488535101064986,0.761540880269572,0.109761628187527,1075817.057597646,-10253.427480823328,1065563.6301168227,3797,2,1248.9348837209302,75,140,43,37.849772880513825,0.5531007751937984,42.51644736842105,8356.394391815635,111.41859189087513,0
3800,32.435687322330786,3,0,218,0.013761467889908258,0.0,1.0,218,6450,5100,1350,0.7906976744186046,78,51,27,180.55897345880555,0.4503331148973351,0.7642080431270055,0.11030197826321762,1077847.1575473582,-11127.004737551473,1066720.1528098066,3798,0,1232.7339449541284,79,139,45,37.54571990167857,0.5555237003058104,42.20052083333333,8361.903298109713,105.8468771912622,0
3801,32.488183040964664,1,2,217,0.0045662100456621,0.0091324200913242,0.9908675799086758,219,6200,4100,2100,0.6612903225806451,83,41,42,180.1744221014342,0.4505702526077668,0.7656835905694581,0.11071202085772082,1081363.1796096654,-11033.202806411955,1070329.9768032534,3799,0,1228.1004566210045,83,136,40,37.34039059245729,0.5570776255707763,41.98908730158729,8382.305758312354,100.99163564231752,0
3802,32.35995144998469,0,3,214,0.0,0.013824884792626729,0.9861751152073732,217,5950,4400,1550,0.7394957983193278,75,44,31,185.8134087594464,0.44998968822893554,0.7712847442362714,0.11464252604024669,1078320.3425272119,-9276.724284072914,1069043.618243139,3800,2,1240.2304147465438,82,135,42,37.04545454545458,0.5582757296466974,41.84236947791166,8353.968390137896,101.87766329436458,0
3803,32.40223747572169,3,1,216,0.013824884792626729,0.004608294930875576,0.9953917050691244,217,5350,3100,2250,0.5794392523364486,76,31,45,187.78176453352674,0.4500421360300393,0.7726216692394623,0.11638494015296116,1081097.0820343886,-8147.936460707055,1072949.1455736815,3801,0,1241.142857142857,84,133,46,36.828122776222806,0.5599078341013826,41.67892156862745,8370.180928317863,99.64501105140313,0
3804,32.88101746214686,0,0,216,0.0,0.0,1.0,216,6650,5000,1650,0.7518796992481203,83,50,33,186.43740407789858,0.44985375394774624,0.7702594763943165,0.11594076066094389,1098095.1024780618,-8904.799932666912,1089190.302545395,3802,1,1241.8564814814815,76,140,43,36.740124232272485,0.5617283950617284,41.55844155844158,8497.821396061383,111.81343942186031,0
3805,33.09325873081294,1,0,217,0.004608294930875576,0.0,1.0,217,6950,5000,1950,0.7194244604316546,89,50,39,186.1439561710752,0.4499692424759629,0.7712980606435729,0.11621996575838794,1106400.5163510253,-9160.046155339907,1097240.4701956855,3803,0,1237.1290322580646,78,139,46,36.60275695613011,0.5636520737327189,41.41613924050634,8557.382607726457,109.71003343239047,0
3806,32.57477907537832,0,0,217,0.0,0.0,1.0,217,6600,4800,1800,0.7272727272727273,84,48,36,185.5517421890565,0.4499470188314274,0.7715054343275634,0.1162638778162847,1090136.9564124336,-9544.637702599073,1080592.3187098345,3804,1,1238.1290322580646,79,138,44,36.488635982351084,0.564900153609831,41.28906250000002,8427.451633446566,106.67660295501983,0
3807,32.09026402543365,1,0,218,0.0045871559633027525,0.0,1.0,218,6750,4900,1850,0.725925925925926,86,49,37,183.25320347893864,0.4500622718753083,0.7702054274852044,0.11547532850208118,1075592.5312251586,-10928.844602993608,1064663.686622165,3805,0,1233.4449541284403,80,138,50,36.34331694233348,0.5664659785932722,41.08796296296298,8308.555627881422,103.85694534851777,0
3808,31.901757383856438,0,1,217,0.0,0.0045871559633027525,0.9954128440366973,218,6800,4600,2200,0.6764705882352942,90,46,44,216.63991656731068,0.4498927197395679,0.806529336742025,0.13167117670492945,1058583.221944332,-4533.723823684908,1054049.498120647,3806,1,1234.4449541284403,70,148,39,36.804606374698636,0.551414373088685,42.385563380281695,8218.353255621125,117.40504650887321,8
3809,31.740823132849812,1,0,218,0.0045871559633027525,0.0,1.0,218,6850,5000,1850,0.7299270072992701,87,50,37,211.874958068232,0.45003584816584224,0.8011528930072183,0.12945434403102504,1054806.3442523908,-5752.590008283758,1049053.754244107,3807,0,1235.1100917431193,74,144,42,36.73219031713538,0.5535646024464832,42.194444444444464,8182.9605415550195,110.58054785885162,0
3810,32.109443092872425,2,0,220,0.00909090909090909,0.0,1.0,220,6200,4300,1900,0.6935483870967742,81,43,38,229.77629725196078,0.45038051750380514,0.8187628538465395,0.13896481959498452,1063980.3708647033,-1304.5060067880595,1062675.8648579153,3808,0,1224.8727272727272,65,155,37,36.65107136288393,0.553409090909091,42.566287878787875,8266.05312954296,127.17004814681475,8
3811,32.217055730055755,0,1,219,0.0,0.004545454545454545,0.9954545454545455,220,7500,5900,1600,0.7866666666666666,91,59,32,227.73256069545596,0.4504293794105438,0.8170833716334225,0.13817638191889928,1068528.197148229,-2832.2674976269527,1065695.929650602,3809,1,1225.8727272727272,67,153,36,36.58261712167172,0.554782196969697,42.447916666666664,8297.56982214196,123.84432570361135,0
3812,32.4311322156668,1,0,220,0.004545454545454545,0.0,1.0,220,6250,4200,2050,0.672,83,42,41,249.72861477663687,0.450297495502975,0.8330828659117355,0.14397106046518893,1059838.9788136198,2684.4240130822345,1062523.402826702,3810,0,1226.8045454545454,62,158,38,37.96080714008535,0.5305871212121211,44.3452380952381,8291.173384898168,133.72860298222852,8
3813,32.562641329369214,1,2,219,0.004524886877828055,0.00904977375565611,0.9909502262443439,221,6150,4600,1550,0.7479674796747967,77,46,31,236.0515507121581,0.4507695735636912,0.8161568354411091,0.13394982923124357,1059137.083834905,-347.8097888034572,1058789.2740461014,3811,0,1222.2488687782804,73,148,39,38.925931802711695,0.5270550527903469,44.94650900900902,8305.21534694317,113.77007324579685,8
3814,32.62926135527191,4,1,222,0.017937219730941704,0.004484304932735426,0.9955156950672646,223,6350,4500,1850,0.7086614173228346,82,45,37,240.38428960767234,0.45159677614834565,0.8201631890246743,0.13858396293489383,1066313.775425593,315.0158809116883,1066628.7913065045,3812,0,1206.0448430493273,69,154,39,38.19969926270854,0.530455904334828,44.345238095238116,8341.826042910343,120.89602960739627,0
3815,32.559523032008386,3,5,220,0.013333333333333334,0.022222222222222223,0.9777777777777777,225,6600,4200,2400,0.6363636363636364,90,42,48,220.23653538650473,0.4526645171957672,0.8052405318009879,0.12844125084063027,1067650.6621828026,-4572.863431550162,1063077.7987512525,3813,0,1196.2933333333333,83,142,39,38.27119953835971,0.5402777777777779,43.91121031746032,8338.12884590782,100.4593836856364,8
3816,32.803008904098874,3,3,220,0.013452914798206279,0.013452914798206279,0.9865470852017937,223,7000,5400,1600,0.7714285714285715,86,54,32,280.9962361384527,0.4527027027027027,0.8444394440956069,0.16435997942112254,1076562.3332696867,8901.992723442481,1085464.325993129,3814,0,1207.982062780269,81,142,33,36.601712283485384,0.5398916292974589,43.80081300813008,8404.104212117189,103.7543729891011,8
3817,32.38759277230909,2,2,220,0.009009009009009009,0.009009009009009009,0.990990990990991,222,6300,4600,1700,0.7301587301587301,80,46,34,247.1855500193987,0.4524627851833734,0.823148416790034,0.14267955246591657,1058799.123716159,1643.9687511674656,1060443.0924673264,3815,0,1214.3198198198197,73,149,34,37.978426919900905,0.5343937687687688,44.2989864864865,8281.54029714241,113.4457574951015,8
3818,32.78053039866624,2,2,220,0.009009009009009009,0.009009009009009009,0.990990990990991,222,6200,4200,2000,0.6774193548387096,82,42,40,216.79782424545854,0.4526131051866346,0.808831818337522,0.12178565156157559,1062982.6724166062,-4509.533881891094,1058473.1385347152,3816,0,1211.3018018018017,70,152,42,39.8134145638899,0.5215371621621622,45.33450704225354,8348.069933392773,119.25814190561104,8
3819,32.770911509699175,4,3,221,0.017857142857142856,0.013392857142857142,0.9866071428571429,224,6450,5000,1450,0.7751937984496124,79,50,29,220.25092539274377,0.4541593262865684,0.8115449776665777,0.12522146381370064,1066518.2567168835,-4269.673401969721,1062248.5833149138,3817,0,1201.125,75,149,39,39.254727624368776,0.5245535714285714,44.87390350877195,8360.714731929067,111.4761964257209,0
3820,32.62756190497359,3,1,223,0.013392857142857142,0.004464285714285714,0.9955357142857143,224,6450,4500,1950,0.6976744186046512,84,45,39,220.70045735970615,0.4544858897875294,0.8119259297675685,0.1264281593434389,1064246.8116755697,-4274.048383918183,1059972.7632916516,3818,0,1200.0535714285713,65,159,43,38.94950204947581,0.5265531994047619,44.58648989898993,8333.52011218737,128.20800172595955,0
3821,32.261479155374275,3,2,224,0.01327433628318584,0.008849557522123894,0.9911504424778761,226,6800,5100,1700,0.75,85,51,34,215.06935851806185,0.4551692068174369,0.8077864187261454,0.12399643179030052,1054311.817937402,-6649.966727637668,1047661.8512097644,3819,0,1190.4026548672566,71,155,47,38.84477628128954,0.5288071533923304,44.34317129629634,8247.867450153726,116.16714718526374,0
3822,32.03498708156612,4,2,226,0.017543859649122806,0.008771929824561403,0.9912280701754386,228,6100,4000,2100,0.6557377049180327,82,40,42,210.66918073691167,0.45636737769533964,0.804912108995508,0.12248340238531616,1049501.8729240173,-7480.460049848021,1042021.4128741692,3820,0,1180.7719298245613,78,150,40,38.63433438074147,0.5314327485380117,44.02689873417725,8200.09499227914,105.1294229779377,0
3823,32.05639381380002,3,1,228,0.013100436681222707,0.004366812227074236,0.9956331877729258,229,6400,4700,1700,0.734375,81,47,34,206.8562932333119,0.45726397507597233,0.8024578501570516,0.1212069488183348,1052598.7658592144,-8652.664206480978,1043946.1016527334,3821,0,1176.5764192139738,69,160,44,38.4341187116505,0.5336608442503639,43.735119047619044,8214.927944456094,119.05692673124774,0
3824,31.74329646635992,0,1,227,0.0,0.0043859649122807015,0.9956140350877193,228,7350,5600,1750,0.7619047619047619,91,56,35,205.597047164724,0.45752223574722417,0.8015461279055778,0.12108613155119122,1043868.3322595429,-10026.750651734954,1033841.5816078079,3822,1,1182.7280701754387,70,158,43,38.271953661327245,0.5354989035087719,43.544600938967115,8140.739762792956,116.29628232561366,0
3825,31.444963542003556,0,1,226,0.0,0.004405286343612335,0.9955947136563876,227,7150,5400,1750,0.7552447552447552,89,54,35,209.2759663151585,0.4568348537418944,0.8043611738687251,0.12372395128552079,1035201.7586879331,-9221.430323886729,1025980.3283640464,3823,2,1188.920704845815,71,156,41,38.03281461434367,0.5368024963289281,43.40277777777775,8068.690297757097,113.6435253205225,0
3826,31.58105404210089,0,1,225,0.0,0.004424778761061947,0.995575221238938,226,6350,4200,2150,0.6614173228346457,85,42,43,210.70851302643848,0.45655358898721726,0.8043686113921407,0.12508341388600036,1040915.7953017019,-7684.0361172496005,1033231.7591844522,3824,3,1195.154867256637,72,154,45,37.840641731043554,0.5380715339233038,43.25057077625567,8108.417599593538,112.61691110546582,0
3827,31.30954495812172,3,2,226,0.013157894736842105,0.008771929824561403,0.9912280701754386,228,6250,4100,2150,0.656,84,41,43,205.4826872042452,0.4575737595641085,0.8013917057330637,0.12274682786578013,1033825.3223767971,-9363.35893164451,1024461.9634451526,3825,0,1185.622807017544,76,152,43,37.73897574928052,0.5401589912280702,43.01948051948049,8045.943128036727,105.86767273732535,0
3828,30.989783546730898,0,1,225,0.0,0.004424778761061947,0.995575221238938,226,6900,5100,1800,0.7391304347826086,87,51,36,210.32033978350583,0.45678588987217306,0.8056575681670297,0.1259404454562565,1023975.2630171794,-9027.43495046461,1014947.8280667148,3826,1,1196.9601769911505,74,152,44,37.52386226520431,0.5409752949852507,42.930555555555536,7966.526439811651,107.65576270015744,0
3829,31.150399235055026,2,0,227,0.00881057268722467,0.0,1.0,227,6350,4900,1450,0.7716535433070866,78,49,29,204.9053769966609,0.45751627616857043,0.8013647498511263,0.12349786904080186,1031193.118858864,-9490.597044772063,1021702.5218140918,3827,0,1192.568281938326,63,164,49,37.419679191178034,0.5429515418502202,42.69205729166669,8015.245141715302,127.22611336056036,0
3830,31.646726135087583,1,0,228,0.0043859649122807015,0.0,1.0,228,8000,6200,1800,0.775,98,62,36,201.72825089790723,0.4579638109591158,0.7980472751037755,0.12225484887018145,1049263.8858636187,-11266.766314877957,1037997.1195487407,3828,0,1188.3333333333333,66,162,49,37.29598100183142,0.5447733918128654,42.490671641791074,8149.327191782644,123.47465442094915,0
3831,32.05899397107668,1,2,227,0.004366812227074236,0.008733624454148471,0.9912663755458515,229,7250,5800,1450,0.8,87,58,29,200.165085547862,0.4586772836384994,0.7978681953877917,0.12189146789926808,1064376.8089467892,-10439.784996400704,1053937.0239503887,3829,0,1184.1397379912664,68,161,47,37.15788368777705,0.5467157933042213,42.31582125603868,8261.09553279458,121.48669901168499,0
3832,31.89117265765047,1,0,228,0.0043859649122807015,0.0,1.0,228,7350,5100,2250,0.6938775510204082,96,51,45,197.92928930893981,0.4581586353917098,0.7950354949732088,0.1211283143765306,1060282.070387425,-10977.824668240715,1049304.2457191842,3830,0,1190.109649122807,70,158,51,37.0322693824913,0.548702485380117,42.13615023474182,8223.58055503037,117.47972221471957,0
3833,32.18620674563377,1,3,226,0.004366812227074236,0.013100436681222707,0.9868995633187773,229,6850,4600,2250,0.6715328467153284,91,46,45,195.49115949637888,0.4582758752777139,0.7940580636545638,0.12019947763254145,1071500.9963865138,-10756.205562974676,1060744.7908235393,3831,0,1185.9082969432313,72,157,42,36.92199395380561,0.5507641921397379,41.96632420091327,8305.125236605309,115.34896161951818,0
3834,32.426427218172286,1,1,226,0.004405286343612335,0.004405286343612335,0.9955947136563876,227,6350,4300,2050,0.6771653543307087,84,43,41,202.91237392066174,0.4568575948955856,0.7983969823924315,0.12514916999192527,1080431.8956346666,-7903.399839433382,1072528.4957952332,3832,0,1197.295154185022,71,156,46,36.61665872704512,0.5520374449339207,41.8547453703704,8370.728310964318,117.89758184456785,0
3835,32.599284273406774,0,0,226,0.0,0.0,1.0,226,6700,5500,1200,0.8208955223880597,79,55,24,204.38926316832192,0.4562827761389708,0.8004517606287511,0.12677885010827555,1087911.8014125086,-7428.501703435169,1080483.2997090735,3833,1,1203.212389380531,63,163,49,36.37000199500197,0.5541574483775811,41.65039062499999,8422.01235793921,133.6827358403049,0
3836,32.53880578788735,0,0,226,0.0,0.0,1.0,226,7400,5500,1900,0.7432432432432432,93,55,38,201.97980106879933,0.4560332677810554,0.7986907934054863,0.12593633715684507,1087456.2890637654,-8671.159012777323,1078785.1300509882,3834,2,1204.212389380531,66,160,48,36.242658408002065,0.5558628318584071,41.464552238805965,8412.434723985974,127.46113218160568,0
3837,32.62288930297025,0,1,225,0.0,0.004424778761061947,0.995575221238938,226,6950,4700,2250,0.6762589928057554,92,47,45,205.0019451033955,0.45571820714519834,0.8018424697904329,0.12821099093007815,1091184.4758355469,-7411.0119974169575,1083773.46383813,3835,3,1205.212389380531,66,160,46,36.05346337260557,0.5574760324483776,41.35572139303481,8437.723669841593,127.84429802790292,0
3838,32.65996481155268,2,2,225,0.00881057268722467,0.00881057268722467,0.9911894273127754,227,6900,4800,2100,0.6956521739130435,90,48,42,203.38129295997058,0.4557879484880381,0.799871067225808,0.12797644554157314,1094260.3209259738,-7789.584219056675,1086470.7367069172,3836,0,1200.7444933920706,70,157,45,35.87373894808428,0.5596090308370044,41.138497652582146,8454.407557732302,120.77725082474717,0
3839,32.924367852135084,1,1,225,0.004424778761061947,0.004424778761061947,0.995575221238938,226,7800,5400,2400,0.6923076923076923,102,54,48,203.34297549945776,0.45567723697148477,0.7976734935424659,0.12862328840477827,1104698.9100042628,-8073.447321745436,1096625.4626825175,3837,0,1206.486725663717,72,154,40,35.68566156219012,0.5616242625368731,40.95319634703194,8528.952254390078,118.4576701998622,0
3840,32.876148219206996,0,2,223,0.0,0.008888888888888889,0.9911111111111112,225,6350,4700,1650,0.7401574803149606,80,47,33,207.3074304198354,0.4559540343915344,0.7995341430594487,0.13158698226950866,1104125.4161789012,-5571.319422144183,1098554.096756757,3838,1,1205.9955555555555,75,150,41,35.45781770585435,0.5636111111111111,40.83059210526315,8520.491867831468,113.6065582377529,0
3841,32.62370873950985,1,0,224,0.004464285714285714,0.0,1.0,224,7200,5400,1800,0.75,90,54,36,212.9252508931716,0.4560419669549434,0.8057200887501212,0.13583993294086466,1097157.4423703144,-5277.495262798121,1091879.9471075162,3839,0,1212.357142857143,76,148,44,35.12988367847268,0.5651041666666667,40.65205627705627,8460.891778208088,111.32752339747485,0
3842,32.176684859500384,0,2,222,0.0,0.008928571428571428,0.9910714285714286,224,6900,5300,1600,0.7681159420289855,85,53,32,214.83874281225656,0.45604280108904544,0.8076674575732976,0.13785769724989314,1083821.2410364836,-5130.641428500546,1078690.599607983,3840,1,1213.357142857143,64,160,44,34.87255083559726,0.5667782738095238,40.44871794871794,8351.49980744339,130.49218449130296,0
3843,32.05914265169057,0,1,221,0.0,0.0045045045045045045,0.9954954954954955,222,7250,5200,2050,0.7172413793103448,93,52,41,216.3039240944332,0.45535241123476417,0.8067482837516442,0.13974469518923785,1081837.6637672174,-4848.8536187994105,1076988.810148418,3841,2,1223.2837837837837,67,155,43,34.592067633704794,0.5685998498498499,40.21139705882353,8328.59988097458,124.30746091006836,0
3844,32.30298893810801,0,3,218,0.0,0.013574660633484163,0.9864253393665159,221,6800,4500,2300,0.6617647058823529,91,45,46,218.42374174778564,0.45481711915535444,0.8085360572256326,0.14167484900521518,1091223.556290844,-3330.1735503256477,1087893.3827405183,3842,3,1229.7285067873304,67,154,41,34.396118183246905,0.5702771493212669,40.07352941176471,8396.401904133227,125.31943140497353,0
3845,31.845899884357287,2,0,220,0.00909090909090909,0.0,1.0,220,6850,5200,1650,0.7591240875912408,85,52,33,216.3644994891312,0.4546682579216826,0.8061203989380792,0.14161894804200056,1078384.5755574882,-4185.1722105408335,1074199.4033469474,3843,0,1235.4454545454546,70,150,42,34.12870673131132,0.5724431818181819,39.75938967136151,8287.596422369874,118.39423460528391,0
3846,31.50444759962073,0,0,220,0.0,0.0,1.0,220,5800,3900,1900,0.6724137931034483,77,39,38,219.48421447495835,0.4544261104192611,0.8095936344703183,0.1441579905439199,1067797.8157637918,-2927.04703780158,1064870.7687259903,3844,1,1236.4454545454546,72,148,43,33.9259289707333,0.5734848484848485,39.64041095890411,8202.485030004003,113.92340319450005,0
3847,31.902172909092048,0,1,219,0.0,0.004545454545454545,0.9954545454545455,220,6050,4300,1750,0.7107438016528925,78,43,35,219.0197658185213,0.45409013075965127,0.8091760407708608,0.14416131765179835,1081889.652074966,-2658.9563522117105,1079230.6957227543,3845,2,1237.4454545454546,62,158,44,33.86279707108544,0.5746685606060606,39.56679894179895,8308.385011427077,134.00620986172706,0
3848,31.83344509772712,0,0,219,0.0,0.0,1.0,219,6600,4800,1800,0.7272727272727273,84,48,36,222.85518470567604,0.45364057503525895,0.8113080518477089,0.1475780425103066,1081282.5588882356,-2206.1151239870833,1079076.4437642484,3846,3,1242.5022831050228,64,155,41,33.55045396786362,0.5766742770167428,39.35897435897438,8297.101779958915,129.64221531185805,0
3849,31.459949860641736,0,1,218,0.0,0.0045662100456621,0.995433789954338,219,7250,5200,2050,0.7172413793103448,93,52,41,219.6055372033531,0.4534188974068954,0.8084095932785047,0.14616903348023033,1070022.714690796,-4053.417384107551,1065969.2973066885,3847,4,1243.5022831050228,67,152,41,33.45740827753635,0.5784341704718416,39.185049019607845,8205.225280748875,122.46604896640112,0
3850,31.866053158264307,0,1,217,0.0,0.0045871559633027525,0.9954128440366973,218,6000,4400,1600,0.7333333333333333,76,44,32,220.56090806150692,0.45320845488239686,0.8082621579691918,0.14753420457965832,1085236.1098719006,-1727.8676291031643,1083508.2422427975,3848,5,1247.8532110091744,67,151,45,33.26026931580291,0.5797496177370031,39.016544117647065,8316.512678574594,124.12705490409842,0
3851,31.84609535000516,0,1,216,0.0,0.004608294930875576,0.9953917050691244,217,7150,5000,2150,0.6993006993006993,93,50,43,221.51139951335225,0.45299521391591285,0.8086041112534654,0.14888179050401504,1085906.4113143194,-2441.8702178484673,1083464.5410964708,3849,6,1252.336405529954,69,148,41,33.0694887647919,0.5814132104454686,38.85416666666668,8316.47510858992,120.52862476217277,0
3852,31.709669432880418,0,0,216,0.0,0.0,1.0,216,5850,4200,1650,0.717948717948718,75,42,33,223.90143150329604,0.45236146999712895,0.8090110305132518,0.1508198667923586,1081870.704502801,-603.5201120685206,1081267.1843907323,3850,7,1258.9907407407406,69,147,42,32.931003380046334,0.5823688271604939,38.77976190476191,8283.207399178333,120.04648404606279,0
3853,31.51905815695431,0,0,216,0.0,0.0,1.0,216,5600,3800,1800,0.6785714285714286,74,38,36,224.96360470319235,0.45217036319264997,0.8106664186187624,0.1522824071252372,1076732.6093529644,-354.87017969649605,1076377.739173268,3851,8,1259.9907407407406,71,145,43,32.73377105588456,0.5838155864197531,38.61400462962963,8238.640389492102,116.0371885843958,0
3854,32.031705278366175,0,1,215,0.0,0.004629629629629629,0.9953703703703703,216,6900,4300,2600,0.6231884057971014,95,43,52,222.55750492599003,0.4519115166523113,0.8086958741830064,0.15133910334967315,1095522.2278636477,-1336.6612751409166,1094185.5665885068,3852,9,1260.9907407407406,64,152,44,32.64080371732028,0.5853105709876543,38.46153846153846,8377.522918957306,130.8987956087079,0
3855,32.44401549526933,0,1,214,0.0,0.004651162790697674,0.9953488372093023,215,5450,3600,1850,0.6605504587155964,73,36,37,216.26745387055806,0.4517894660581033,0.8018208251430694,0.14778852727698427,1111023.9947902402,-394.33389152373456,1110629.6608987164,3853,10,1251.2976744186046,67,148,47,32.636775150238044,0.586531007751938,38.296568627450974,8490.710182616118,126.72701765098684,0
3856,32.87970069153424,0,1,213,0.0,0.004672897196261682,0.9953271028037384,214,6300,4200,2100,0.6666666666666666,84,42,42,217.6879354151965,0.4509802846152721,0.8033865178920432,0.14951286685105591,1127394.1541491551,-15.978836821778714,1127378.1753123333,3854,11,1257.8411214953271,67,147,42,32.42742761041239,0.588006230529595,38.12806372549019,8610.270884218407,128.5115057346031,0
3857,33.10369225923907,0,2,211,0.0,0.009389671361502348,0.9906103286384976,213,6450,4700,1750,0.7286821705426356,82,47,35,226.7412521621365,0.4507854253403018,0.8135105609898365,0.14648678264685405,1117083.960912295,1607.8032134986042,1118691.7641257935,3855,12,1264.4460093896714,62,151,40,34.32116641208422,0.568661971830986,40.211640211640216,8599.953914966343,138.70893411236037,8
3858,32.68023141861794,0,0,211,0.0,0.0,1.0,211,6350,4200,2150,0.6614173228346457,85,42,43,223.98906060048628,0.4499520424283458,0.8093954621459332,0.1453912185674467,1104183.356824944,914.9985651821844,1105098.3553901261,3856,13,1276.7867298578199,64,147,44,34.2254382179479,0.570695102685624,40.04807692307693,8495.289003868627,132.7388906854473,0
3859,32.48791423111789,0,0,211,0.0,0.0,1.0,211,6750,5200,1550,0.7703703703703704,83,52,31,223.74789034015078,0.4497009704355676,0.8090788374972941,0.146012078828838,1099247.469686567,240.8604608237465,1099488.3301473907,3857,14,1277.7867298578199,66,145,39,34.042677703402646,0.5722748815165877,39.86318407960199,8451.302563978004,128.0500388481516,0
3860,32.68691899502096,1,1,211,0.0047169811320754715,0.0047169811320754715,0.9952830188679245,212,5950,4300,1650,0.7226890756302521,76,43,33,221.5145861846374,0.4495947159378819,0.8087215909997012,0.14554681084852894,1107987.1564863124,737.0632933917686,1108724.2197797042,3858,0,1272.754716981132,70,142,43,33.85971337878701,0.5741450471698113,39.62734741784038,8510.779803471803,121.58256862102576,0
3861,33.118864661610814,1,0,212,0.0047169811320754715,0.0,1.0,212,5700,4000,1700,0.7017543859649122,74,40,34,217.32418986991132,0.45029052654326507,0.8047972307094977,0.14361844145625766,1124334.2866902687,769.0075995856296,1125103.2942898544,3859,0,1272.0235849056603,60,152,43,33.76682067413766,0.5760121855345912,39.429644808743184,8629.794328407123,143.82990547345204,0
3862,33.060992732420466,0,0,212,0.0,0.0,1.0,212,6200,4700,1500,0.7580645161290323,77,47,30,224.10183579304646,0.45031288190408064,0.8101565329427491,0.14201157236960907,1109832.1769674,1143.0856561174924,1110975.2626235173,3860,1,1273.0235849056603,70,142,37,35.08236132344341,0.5613698899371069,40.88908450704226,8566.464094003508,122.3780584857644,7
3863,33.438700463356454,0,0,212,0.0,0.0,1.0,212,5850,4000,1850,0.6837606837606838,77,40,37,219.82902381760238,0.45049964231422696,0.8063175561301257,0.1396519008912473,1123274.3707574965,1135.661680590567,1124410.032438087,3861,2,1274.0235849056603,70,142,38,35.103111262051655,0.5627948113207547,40.801056338028175,8667.275837531099,123.81822625044427,0
3864,33.2549930868001,0,0,212,0.0,0.0,1.0,212,6900,5100,1800,0.7391304347826086,87,51,36,220.46544960087564,0.4505024367343289,0.807484950508808,0.1404115773897264,1117872.7078445358,-9.53817370114939,1117863.1696708347,3862,3,1275.0235849056603,71,141,40,34.99539671911618,0.5641705974842768,40.711805555555564,8622.627113738903,121.44545230618174,0
3865,33.423045518876165,1,0,213,0.004694835680751174,0.0,1.0,213,7200,5000,2200,0.6944444444444444,94,50,44,218.46440318065984,0.4509441344081259,0.8042716608460931,0.1353417217543932,1115018.9705577863,-1081.6092123956823,1113937.3613453906,3863,0,1270.0328638497654,73,140,44,36.051771117166226,0.55320813771518,41.69481981981984,8633.345794923722,118.26501088936605,8
3866,32.980784332324546,2,1,214,0.009302325581395349,0.004651162790697674,0.9953488372093023,215,5100,4000,1100,0.7843137254901961,62,40,22,219.6949644490288,0.4514743171774252,0.8065387948195508,0.13720572308043075,1102724.5215557243,352.60491205132075,1103077.1264677756,3864,0,1259.2093023255813,63,152,44,35.725075528700884,0.555281007751938,41.406249999999986,8528.624698437023,135.37499521328607,0
3867,33.268102120607,1,0,215,0.004651162790697674,0.0,1.0,215,6350,4400,1950,0.6929133858267716,83,44,39,215.5815235968459,0.45167988843005147,0.8027387235807959,0.13510668155851968,1113399.824952319,-1344.313872863745,1112055.5110794553,3865,0,1260.1813953488372,64,151,44,35.704570325404696,0.5566860465116279,41.28205128205126,8607.055138382644,134.48523653722881,0
3868,33.45855382208065,0,1,214,0.0,0.004651162790697674,0.9953488372093023,215,5400,3100,2300,0.5740740740740741,77,31,46,220.08183664969582,0.4517396580453525,0.8056557054715578,0.1386628765077984,1121410.894823666,960.4338743540984,1122371.32869802,3866,1,1261.1813953488372,68,147,47,35.39492225461615,0.5579457364341085,41.092995169082116,8662.653956048936,127.39196994189612,0
3869,32.980164588429496,1,2,213,0.004651162790697674,0.009302325581395349,0.9906976744186047,215,5900,4200,1700,0.711864406779661,76,42,34,220.62998144353602,0.4515377091936536,0.8048208108553982,0.13942599921579976,1106284.9070730244,-84.07629624316542,1106200.8307767813,3867,0,1261.9674418604652,71,144,39,35.2720796328362,0.5595445736434108,40.986689814814795,8542.301600501305,120.31410704931416,0
3870,32.469732462645084,1,1,213,0.004672897196261682,0.004672897196261682,0.9953271028037384,214,5500,3700,1800,0.6727272727272727,73,37,36,222.3086021598012,0.4519295811212028,0.8071927273804682,0.1410509751634598,1090354.356531749,179.0305718844943,1090533.3871036335,3868,0,1268.1448598130842,70,144,41,35.08383340881642,0.5606989875389408,40.8450704225352,8414.691229755888,120.2098747107984,0
3871,32.45111098803566,0,1,212,0.0,0.004694835680751174,0.9953051643192489,213,5950,4500,1450,0.7563025210084033,74,45,29,221.87293320466546,0.45170169338884464,0.8063199393041058,0.1411410171730514,1090499.9003438014,-159.51769026521742,1090340.382653536,3869,1,1274.1690140845071,72,141,43,35.00144484808453,0.5621087636932707,40.75342465753423,8412.839389706473,116.84499152370101,0
3872,32.83525960989494,0,0,212,0.0,0.0,1.0,212,6800,5400,1400,0.7941176470588235,82,54,28,226.29620523107948,0.4514488136755194,0.8085061428371452,0.14442193204619264,1104379.2463440846,783.3665167251088,1105162.6128608098,3870,2,1281.127358490566,71,141,44,34.77023716554174,0.563187893081761,40.63946759259258,8516.170414157767,119.94606217123615,0
3873,32.8481220270576,1,0,213,0.004694835680751174,0.0,1.0,213,6250,4500,1750,0.72,80,45,35,224.22345734106867,0.45152822068680426,0.8093328548787411,0.1440388003377567,1106767.2244248146,782.6347064620431,1107549.8591312766,3871,0,1276.1079812206572,62,151,45,34.58943736730358,0.5648963223787167,40.410052910052904,8527.042259007998,137.53293966141933,0
3874,32.798254332463635,2,0,215,0.009302325581395349,0.0,1.0,215,5700,3800,1900,0.6666666666666666,76,38,38,219.96198038846094,0.45158389480547706,0.8074887909099517,0.14231698124575035,1107214.823671054,9.03306602907469,1107223.856737083,3872,0,1265.2279069767442,64,151,44,34.444769951893434,0.5668120155038759,40.16025641025641,8522.289995938543,133.16078118653974,0
3875,33.04944820357367,0,0,215,0.0,0.0,1.0,215,6250,4800,1450,0.768,77,48,29,219.3304445701298,0.4511809027023111,0.806876368518463,0.1425258545721402,1116989.9790151783,-252.0182644440897,1116737.9607507342,3873,1,1266.2279069767442,65,150,46,34.30708583743094,0.5682170542635658,40.0094696969697,8592.543564669664,132.19297791799482,0
3876,32.632530716505705,0,0,215,0.0,0.0,1.0,215,5700,4500,1200,0.7894736842105263,69,45,24,218.31214725346695,0.4510414402666087,0.8063120143454874,0.14233679748832861,1103876.7093024617,-502.0610578174942,1103374.6482446443,3874,2,1267.2279069767442,66,149,41,34.21585475194262,0.569234496124031,39.89427860696519,8487.907942897113,128.6046658014714,0
3877,32.58052772994166,0,1,214,0.0,0.004651162790697674,0.9953488372093023,215,7000,5600,1400,0.8,84,56,28,217.12614733982912,0.4508068898065638,0.8050037720016059,0.14213823153388377,1103303.6785965748,-2088.7845840928453,1101214.894012482,3875,3,1268.2279069767442,66,149,42,34.1037397694008,0.5708333333333333,39.754353233830855,8478.940511061795,128.4687956221484,0
3878,32.37061348842997,0,0,214,0.0,0.0,1.0,214,5650,3700,1950,0.6548672566371682,76,37,39,218.46502237403752,0.4509784564082313,0.8055162565796379,0.143534982036781,1097248.9954326635,-507.8947325824256,1096741.100700081,3876,4,1268.6028037383178,67,147,43,33.941099899982355,0.5721378504672897,39.629289215686285,8428.359642506828,125.79641257472878,0
3879,32.6276390537503,1,0,215,0.004651162790697674,0.0,1.0,215,6550,4800,1750,0.732824427480916,83,48,35,218.15073650074225,0.4512343331159893,0.8060417592181244,0.14400507561969866,1107335.335440461,-1236.7962040731854,1106098.539236388,3877,0,1263.6976744186047,62,153,42,33.78405893676886,0.5737887596899225,39.46759259259261,8500.557350693545,137.10576372086362,0
3880,32.87738662712218,0,1,214,0.0,0.004651162790697674,0.9953488372093023,215,6750,5000,1750,0.7407407407407407,85,50,35,215.1587556875997,0.45098257625153954,0.8035439090152758,0.14269970144299338,1117190.4903561778,-1675.3368457890274,1115515.1535103887,3878,1,1264.6976744186047,63,152,43,33.69759474308549,0.5754360465116279,39.30664062500001,8570.916367295195,136.04629154436816,0
3881,33.09524565408792,0,1,213,0.0,0.004672897196261682,0.9953271028037384,214,6200,4800,1400,0.7741935483870968,76,48,28,219.30758326761395,0.4506004746025478,0.8059554794400683,0.1457985933242208,1125295.6865212529,357.17549448947466,1125652.8620157423,3879,2,1271.1728971962616,63,151,43,33.506272625140426,0.5769567757009346,39.22526041666668,8630.404066891248,136.99054074430552,0
3882,33.38701152242286,0,0,213,0.0,0.0,1.0,213,6950,5500,1450,0.7913669064748201,84,55,29,215.0285121404566,0.44999003454690406,0.8011136040597215,0.14380353007130323,1136972.3871850173,-653.7038477644328,1136318.6833372528,3880,3,1277.7089201877934,66,147,45,33.411895825886646,0.5787852112676056,39.02363184079603,8713.221010811429,132.01850016380953,0
3883,33.4221050780323,0,0,213,0.0,0.0,1.0,213,6450,4400,2050,0.6821705426356589,85,44,41,215.70943396834406,0.4498774618360055,0.8022279119303688,0.14461527040474184,1138897.4880403215,84.1864986295277,1138981.6745389511,3881,4,1278.7089201877934,67,146,43,33.30863943981534,0.580154538341158,38.939950980392176,8725.176390009645,130.22651328372604,0
3884,32.95888287775112,1,0,214,0.004672897196261682,0.0,1.0,214,6100,4600,1500,0.7540983606557377,76,46,30,211.75056304599156,0.4498806180802364,0.7993851934355813,0.14255674092691673,1124331.699212465,-1284.425928260638,1123047.2732842043,3882,0,1273.728971962617,68,146,42,33.267348668747374,0.5817757009345794,38.79830917874398,8608.915935248375,126.60170493012316,0
3885,32.679855705596104,0,0,214,0.0,0.0,1.0,214,5100,3300,1800,0.6470588235294118,69,33,36,210.62089548855337,0.4496859140303921,0.7985468336081094,0.14209537938081834,1115420.5382633577,-913.825476929519,1114506.7127864282,3883,1,1274.728971962617,72,142,42,33.224217185508856,0.5827492211838006,38.72716894977169,8538.358418514048,118.58831136825067,0
3886,32.31712106759407,0,1,213,0.0,0.004672897196261682,0.9953271028037384,214,5200,3700,1500,0.7115384615384616,67,37,30,211.35227782912762,0.4496548345106987,0.7986043224424906,0.14289753787966464,1103655.3077184947,-1347.987355097851,1102307.3203633968,3884,2,1275.728971962617,73,141,43,33.13067794175733,0.5837227414330218,38.65427927927929,8445.94129702918,115.69782598670109,0
3887,32.15288385230928,0,0,213,0.0,0.0,1.0,213,6700,5200,1500,0.7761194029850746,82,52,30,212.0756034246649,0.44947699825789117,0.7987706413359623,0.14393617077690643,1099127.6922660458,-2680.3662843838392,1096447.325981662,3885,3,1279.5399061032863,64,149,43,32.980407779684555,0.5847515649452268,38.52564102564102,8407.15469445958,131.36179210093093,0
3888,32.12146082598285,0,0,213,0.0,0.0,1.0,213,6400,4500,1900,0.703125,83,45,38,209.4899147113194,0.4491863392092597,0.7964147497598202,0.14278391555324124,1099244.8289295752,-2943.8589081369237,1096300.9700214383,3886,4,1280.5399061032863,65,148,43,32.90324364543117,0.5862676056338028,38.38383838383838,8403.493286797524,129.2845121045773,0
3889,32.44608284189773,0,0,213,0.0,0.0,1.0,213,6200,5000,1200,0.8064516129032258,74,50,24,211.43077444480434,0.4489611937874627,0.7979165020883401,0.14444720523565288,1111023.8412241193,-1819.0737646687103,1109204.7674594505,3887,5,1281.5399061032863,65,148,45,32.77188498884264,0.5876369327073552,38.304924242424235,8490.980107346988,130.63046318995367,0
3890,32.846039419926356,0,0,213,0.0,0.0,1.0,213,6700,4500,2200,0.6716417910447762,89,45,44,214.71910496582814,0.44876926654265215,0.7947639970501787,0.1408978103767117,1112996.8196658501,-1503.6638103072992,1111493.1558555427,3888,6,1282.5399061032863,81,132,38,34.08252208071047,0.5764866979655712,39.67225609756097,8550.735338319984,105.56463380641956,8
3891,32.8321034364924,0,0,213,0.0,0.0,1.0,213,6800,4800,2000,0.7058823529411765,88,48,40,213.75999999999948,0.448500752945345,0.7943286384976522,0.1406315789473685,1113284.7573680452,-1804.8500530013107,1111479.907315044,3889,7,1283.5399061032863,79,134,39,34.01666666666669,0.5777093114241001,39.58333333333334,8550.026936586588,108.2281890707163,0
3892,33.1482900971595,0,0,213,0.0,0.0,1.0,213,6100,4900,1200,0.8032786885245902,73,49,24,211.34034117161897,0.4482405438922845,0.7917288317960178,0.13974530929453813,1125505.3219218815,-1127.0642549110926,1124378.2576669704,3890,8,1284.5399061032863,71,142,40,33.902398401065994,0.5793231611893583,39.40972222222224,8638.122124277199,121.66369189122815,0
3893,32.59601799315909,0,0,213,0.0,0.0,1.0,213,6500,4900,1600,0.7538461538461538,81,49,32,208.4164162868644,0.44801263028907196,0.7893064645857253,0.13826317812494676,1107703.330732426,-2927.28829994455,1104776.0424324814,3891,9,1285.5399061032863,72,141,40,33.864486407589844,0.5807413928012519,39.29794520547947,8497.848868935787,118.02567873521927,0
3894,32.462175734102665,0,0,213,0.0,0.0,1.0,213,4900,3300,1600,0.673469387755102,65,33,32,209.73021740724792,0.4479978666548558,0.7901670773652294,0.13930935160605784,1103517.3124122147,-1211.8148310247325,1102305.49758119,3892,10,1286.5399061032863,72,141,45,33.78652930553277,0.5817683881064163,39.25513698630138,8464.345564915233,117.56035506826713,0
3895,32.4464572144807,0,1,212,0.0,0.004694835680751174,0.9953051643192489,213,7900,5800,2100,0.7341772151898734,100,58,42,208.44441802895005,0.4481842575368353,0.7889908675347812,0.13866605862916948,1103421.8649617834,-4499.574303524312,1098922.290658259,3893,11,1287.5399061032863,73,140,41,33.767103416635194,0.5830888106416275,39.20326576576578,8461.930079007405,115.91685039736171,0
3896,32.244291960254,0,0,212,0.0,0.0,1.0,212,6800,5000,1800,0.7352941176470589,86,50,36,211.13323686778168,0.4479040917762079,0.7915238898017101,0.14086189388435857,1097375.5028536466,-2861.511604619839,1094513.9912490267,3894,12,1293.8490566037735,73,139,42,33.596363440164055,0.5841686320754718,39.10472972972975,8412.383265644012,115.2381269266303,0
3897,31.817352139070938,0,0,212,0.0,0.0,1.0,212,6100,3600,2500,0.5901639344262295,86,36,50,213.4428280870238,0.447728974783153,0.7931306294998341,0.1427256491016083,1083484.2590050348,-2247.6111140382227,1081236.6478909967,3895,13,1294.8490566037735,74,138,43,33.457512861451136,0.5850530660377358,39.02777777777779,8303.445092960352,112.20871747243719,0
3898,31.441281327580764,1,0,213,0.004694835680751174,0.0,1.0,213,6200,4300,1900,0.6935483870967742,81,43,38,213.50634197749167,0.447793021230106,0.7929145424695405,0.14380799067079053,1072695.0346098598,-2994.5614206057544,1069700.473189254,3896,0,1289.7652582159624,77,136,39,33.204882413087965,0.5869522691705791,38.7820512820513,8213.027013454632,106.66268848642379,0
3899,31.191551091312913,0,0,213,0.0,0.0,1.0,213,6350,4600,1750,0.7244094488188977,81,46,35,209.73385265738,0.44761678034665014,0.7882710508282862,0.14164348187412715,1064906.538699754,-4280.609783692729,1060625.9289160613,3897,1,1290.7652582159624,82,131,39,33.21176136272675,0.5882237871674492,38.692269076305244,8150.593439661535,99.39748097148214,0
3900,31.623653512253714,1,0,214,0.004672897196261682,0.0,1.0,214,5850,4100,1750,0.7008547008547008,76,41,35,205.53122978831115,0.4478778172670499,0.7845236693154485,0.1393274517509713,1080703.4636825665,-4226.337614566839,1076477.1260679998,3898,0,1285.728971962617,85,129,40,33.19260408944896,0.589661214953271,38.56589147286823,8267.501664346988,97.26472546290574,0
3901,31.873016612535483,0,1,213,0.0,0.004672897196261682,0.9953271028037384,214,5950,4000,1950,0.6722689075630253,79,40,39,202.9516207446648,0.4477667536893218,0.7817090143191323,0.13801138529217827,1090103.562391471,-4502.343046623254,1085601.2193448476,3899,1,1286.728971962617,76,138,38,33.152511250194,0.5906834112149533,38.46049783549786,8336.052897323492,109.68490654373016,0
3902,32.17532937286041,0,1,212,0.0,0.004694835680751174,0.9953051643192489,213,6600,4800,1800,0.7272727272727273,84,48,36,201.3566423597755,0.4470059349809549,0.7804020975712231,0.1376346745840441,1101895.779215571,-4825.1931333485845,1097070.5860822224,3900,2,1293.6103286384975,77,136,42,33.01818092905376,0.5922339593114241,38.287927350427374,8420.67213835403,109.35937842018221,0
3903,31.70094632597614,0,0,212,0.0,0.0,1.0,212,5900,4400,1500,0.7457627118644068,74,44,30,201.2960057412619,0.44673742138364775,0.7787523146989626,0.13797926211719327,1086425.491986087,-4561.37758554266,1081864.1144005444,3901,3,1298.8396226415093,80,132,41,32.92440318302387,0.5936517295597484,38.19444444444447,8299.4838645091,103.74354830636375,0
3904,32.08164885754961,1,1,212,0.004694835680751174,0.004694835680751174,0.9953051643192489,213,4900,3500,1400,0.7142857142857143,63,35,28,199.39226544894345,0.446935807718428,0.7795082431743157,0.1374674020314455,1101089.473856315,-3590.2550691605315,1097499.2187871544,3902,0,1293.737089201878,82,131,45,32.7779707159737,0.5952171361502347,38.002008032128536,8405.327579696415,102.50399487434653,0
3905,32.56429312809589,2,1,213,0.009345794392523364,0.004672897196261682,0.9953271028037384,214,5750,4300,1450,0.7478260869565218,72,43,29,196.52465872570218,0.4470871177219078,0.7768667580887392,0.1362235027577313,1119179.9601742525,-4560.708054821718,1114619.2521194308,3903,0,1284.5327102803737,86,128,37,32.670856738366,0.5973520249221184,37.82327586206899,8537.599696191586,99.2744150719952,0
3906,32.143535096104024,0,0,213,0.0,0.0,1.0,213,6250,4900,1350,0.784,76,49,27,197.7692482104714,0.44653995777600614,0.7787180017833246,0.13793492378371408,1106435.2046313067,-5086.228277293194,1101348.9763540134,3904,1,1290.5586854460093,86,127,39,32.430656962063836,0.5992762128325508,37.6197318007663,8433.82935938731,98.06778324868965,0
3907,31.789849516374172,0,0,213,0.0,0.0,1.0,213,6300,4400,1900,0.6984126984126984,82,44,38,197.47433128990525,0.44605921693684114,0.77874003993216,0.1382913557726407,1095377.1289843086,-5638.226788713813,1089738.9021955947,3905,2,1291.5586854460093,73,140,42,32.301944250808816,0.6009878716744914,37.4859234234234,8345.282990299242,114.31894507259236,0
3908,32.176008337401775,0,1,212,0.0,0.004694835680751174,0.9953051643192489,213,7200,5300,1900,0.7361111111111112,91,53,38,199.31072189866393,0.44579623970236515,0.780749537877673,0.1399375806179737,1109396.448736831,-5577.078586089821,1103819.3701507412,3906,3,1292.5586854460093,73,140,38,32.16759358527652,0.6021615805946792,37.40146396396395,8449.37268488496,115.74483129979397,0
3909,32.14448234708566,0,0,212,0.0,0.0,1.0,212,6700,4800,1900,0.7164179104477612,86,48,38,199.7540000309287,0.4454934387016007,0.781736645581008,0.14091489662045734,1109616.888374866,-4769.917609049749,1104846.9707658163,3907,4,1299.1037735849056,73,139,43,31.998017786349493,0.6033313679245282,37.24662162162161,8446.07133292087,115.69960730028589,0
3910,32.37011321268381,0,0,212,0.0,0.0,1.0,212,5900,4300,1600,0.7288135593220338,75,43,32,201.11718195128228,0.44510082267727796,0.7812554522569239,0.14228570723095338,1118203.9090479822,-3321.996193072613,1114881.9128549097,3908,5,1300.1037735849056,74,138,41,31.866468516072228,0.604559748427673,37.152777777777764,8508.394340972758,114.97830190503727,0
3911,32.108074794713175,0,0,212,0.0,0.0,1.0,212,6000,4100,1900,0.6833333333333333,79,41,38,202.69601045850138,0.4445447330769918,0.7828583159996267,0.14386692418225439,1110038.9724743748,-3399.9057651982457,1106639.0667091766,3909,6,1301.1037735849056,75,137,43,31.717759099991294,0.605935534591195,37.04769736842104,8442.89220033676,112.57189600449014,0
3912,31.885908764418982,0,0,212,0.0,0.0,1.0,212,6400,4900,1500,0.765625,79,49,30,203.057936528761,0.44439662881158903,0.7832475979706819,0.1447001719191941,1103443.537313574,-3987.406447421903,1099456.130866152,3910,7,1302.1037735849056,76,136,45,31.576207127063284,0.6075078616352201,36.918290043290035,8388.59940126697,110.37630791140751,0
3913,31.62122453143353,0,1,211,0.0,0.0047169811320754715,0.9952830188679245,212,4950,3400,1550,0.6868686868686869,65,34,31,202.03254251928286,0.44415165131598555,0.7816254796336586,0.1442783634033461,1094860.7207098426,-3110.500978099352,1091750.2197317432,3911,8,1303.1037735849056,79,133,37,31.532450931881893,0.6084905660377358,36.84895833333332,8321.158174222257,105.33111612939565,0
3914,31.880187341499504,0,0,211,0.0,0.0,1.0,211,6300,4500,1800,0.7142857142857143,81,45,36,202.27692590582538,0.44399966147596476,0.7810863961184844,0.14449547576086438,1103907.0400304496,-3841.015491368409,1100066.0245390811,3912,9,1309.7867298578199,81,130,37,31.516299800476254,0.6092515797788309,36.83943089430893,8389.608243985034,103.57541041956833,0
3915,32.00717503140074,0,0,211,0.0,0.0,1.0,211,7000,5200,1800,0.7428571428571429,88,52,36,202.9183009943501,0.4434617843978033,0.7809185837010348,0.145455250592646,1109243.4898379338,-4182.839130608809,1105060.650707325,3913,10,1310.7867298578199,84,127,40,31.385669288895095,0.6104857819905214,36.72794117647057,8426.594867641892,100.31660556716538,0
3916,31.782469287303503,0,1,210,0.0,0.004739336492890996,0.995260663507109,211,6150,4800,1350,0.7804878048780488,75,48,27,206.6175861911928,0.4430800045136538,0.7865194478057533,0.14880478197730637,1102721.894011008,-2781.6528038535102,1099940.2412071545,3914,11,1311.7867298578199,87,124,41,31.133916000119825,0.6121149289099526,36.57670454545452,8372.242797344294,96.2326758315436,0
3917,32.07621339348725,0,1,209,0.0,0.004761904761904762,0.9952380952380953,210,5650,4000,1650,0.7079646017699115,73,40,33,208.53498455785896,0.4427441710336448,0.7864226768821378,0.15080912321121492,1114036.3356070647,-1186.8899914575968,1112849.445615607,3915,12,1315.7238095238095,71,139,41,30.947798301952357,0.6134920634920635,36.443865740740726,8453.882803662545,119.06877188257106,0
3918,31.743289493648057,0,0,209,0.0,0.0,1.0,209,5300,3700,1600,0.6981132075471698,69,37,32,206.62999073571538,0.4427227104036315,0.7818679792765963,0.15007945692839667,1103631.0087655338,-1491.3469766259605,1102139.6617889078,3916,13,1316.047846889952,74,135,41,30.85683749429403,0.6145334928229664,36.30555555555555,8370.529087866684,113.11525794414437,0
3919,31.33147857477226,0,0,209,0.0,0.0,1.0,209,5850,4200,1650,0.717948717948718,75,42,33,205.53711711738364,0.4422616856827383,0.7801659234798597,0.14969650211292587,1090037.3444471078,-2841.3733344106713,1087195.9711126972,3917,14,1317.047846889952,77,132,41,30.79624848116648,0.615829346092504,36.21794871794871,8264.681688153041,107.33352841757197,0
3920,30.87225152978543,0,0,209,0.0,0.0,1.0,209,5700,4000,1700,0.7017543859649122,74,40,34,207.8844569161376,0.4417872423629003,0.7808868656116414,0.15227365323835154,1075539.6336661922,-2782.405472704533,1072757.2281934877,3918,15,1318.047846889952,78,131,37,30.548999284013533,0.6171251993620415,36.03639240506328,8149.15088838044,104.47629344077487,0
3921,31.21416281887123,0,0,209,0.0,0.0,1.0,209,6700,5100,1600,0.7611940298507462,83,51,32,209.10410077455984,0.44147478070175433,0.78353764993441,0.15364605665609007,1088266.240563701,-2987.8132727230895,1085278.427290978,3919,16,1319.047846889952,79,130,43,30.415844838921757,0.61872009569378,35.93750000000001,8242.489869358207,104.33531480200263,0
3922,31.376744132614864,0,1,208,0.0,0.004784688995215311,0.9952153110047847,209,7400,5200,2200,0.7027027027027027,96,52,44,205.51252118631987,0.44096391547049446,0.778010021188265,0.15175921110261667,1095234.7394879353,-4183.109479398358,1091051.6300085369,3920,17,1320.047846889952,82,127,37,30.350583448123,0.6206140350877193,35.780622489959846,8290.343803011323,101.10175369526003,0
3923,31.203799563604417,0,1,207,0.0,0.004807692307692308,0.9951923076923077,208,5850,4200,1650,0.717948717948718,75,42,33,201.87878217240052,0.440595290629258,0.7731971610330401,0.1497315023830792,1090336.4360696068,-3426.8416256144137,1086909.5944439925,3921,18,1326.5,82,126,39,30.30575468413719,0.6217447916666667,35.6425702811245,8248.956250097443,100.59702744021271,0
3924,31.67320005647693,0,0,207,0.0,0.0,1.0,207,5900,4800,1100,0.8135593220338984,70,48,22,205.6315334440028,0.4400913418695183,0.7759494212144422,0.15295838883792298,1107501.3410662282,-1752.5601890522576,1105748.780877176,3922,19,1333.415458937198,84,123,40,30.11357492624001,0.6228361513687601,35.5514705882353,8375.93117669996,99.71346638928523,0
3925,32.01148108043093,0,0,207,0.0,0.0,1.0,207,5550,4000,1550,0.7207207207207207,71,40,31,203.96825396825457,0.43975227866110095,0.7750729946382138,0.15214025500910752,1120060.990852521,-1258.6230715717466,1118802.3677809492,3923,20,1334.415458937198,85,122,40,30.069444444444464,0.6238425925925926,35.46511627906976,8468.153425346532,99.62533441584156,0
3926,32.371454191805654,0,0,207,0.0,0.0,1.0,207,7000,5400,1600,0.7714285714285715,86,54,32,204.92613428748686,0.4391787048762566,0.7758978902921487,0.15343290722389288,1133666.0133248155,-1936.4412632476087,1131729.572061568,3924,21,1335.415458937198,74,133,41,29.923795154377665,0.6254528985507246,35.347222222222236,8567.195272567486,115.7729090887498,0
3927,32.05442871131098,0,0,207,0.0,0.0,1.0,207,6250,4300,1950,0.688,82,43,39,200.75431138926908,0.4387858996607414,0.7799198164192089,0.1380502649006434,1099436.4802095727,-3506.677299857034,1095929.8029097156,3925,22,1336.415458937198,77,130,44,32.82960262424366,0.5978764090177133,38.08760683760684,8395.452135232796,109.03184591211424,8
3928,31.696555631005143,0,0,207,0.0,0.0,1.0,207,5300,3700,1600,0.6981132075471698,69,37,32,200.37220959702265,0.43840188859184215,0.7801267561937695,0.13823146105111034,1088048.890104855,-3097.0479480205463,1084951.8421568344,3926,23,1337.415458937198,77,130,45,32.73063200815494,0.5990841384863124,37.980769230769226,8305.107124470085,107.85853408402708,0
3929,32.15895397431717,0,0,207,0.0,0.0,1.0,207,6250,4600,1650,0.736,79,46,33,210.8159418387024,0.438009083376327,0.7852793363494508,0.13634340064676853,1085513.6681922614,-1881.2827322526537,1083632.3854600086,3927,24,1338.415458937198,73,134,40,34.697014844511855,0.5786030595813205,40.17454954954955,8355.71470239227,114.46184523825028,8
3930,32.53236542158578,0,0,207,0.0,0.0,1.0,207,7150,5100,2050,0.7132867132867133,92,51,41,218.29330968936284,0.4375556962619014,0.7950400181134474,0.13992080815162666,1095477.4435752877,-722.9206303816854,1094754.522944906,3928,25,1339.415458937198,67,140,41,34.82214007437578,0.5756843800322061,40.487132352941174,8442.567441897736,126.00846928205576,7
3931,32.143797680324994,0,0,207,0.0,0.0,1.0,207,6100,4000,2100,0.6557377049180327,82,40,42,225.27965418965974,0.4372283585823054,0.8015170138456211,0.13935388195146384,1071893.2559824972,795.1484071932828,1072688.4043896906,3929,26,1340.415458937198,75,132,41,35.93103173760749,0.5613929146537842,41.748903508771946,8301.170996336165,110.68227995114886,7
3932,31.79248083859575,0,0,207,0.0,0.0,1.0,207,6200,4900,1300,0.7903225806451613,75,49,26,225.5104189922838,0.4368824554820756,0.8025609919736236,0.14013420439688837,1061521.752482311,276.843034341915,1061798.595516653,3930,27,1341.415458937198,63,144,39,35.75776542587812,0.5628019323671498,41.58528645833334,8215.644828684664,130.40706077277244,0
3933,31.66376088559208,0,0,207,0.0,0.0,1.0,207,6000,3900,2100,0.65,81,39,42,227.0558791519745,0.43664794490564857,0.8031639105868797,0.1415836450852114,1058237.104739622,655.7912335791011,1058892.8959732011,3931,28,1342.415458937198,65,142,44,35.591221028427256,0.5642109500805152,41.46148989898991,8186.301563555638,125.94310097777904,0
3934,31.504919359628577,1,0,208,0.004807692307692308,0.0,1.0,208,5750,4000,1750,0.6956521739130435,75,40,35,222.82169529528932,0.43716419701474046,0.8003839776992312,0.13957762574728683,1054252.223796283,-367.94644497656554,1053884.2773513063,3932,0,1336.9567307692307,67,141,45,35.534600505289745,0.565604967948718,41.29901960784314,8150.353525511766,121.64706754495172,0
3935,31.628424909398323,2,1,209,0.009523809523809525,0.004761904761904762,0.9952380952380953,210,6500,4500,2000,0.6923076923076923,85,45,40,218.56438434004883,0.4379647034252297,0.799170211690464,0.13789509747277162,1060468.1906405245,-2143.8845600897253,1058324.3060804347,3933,0,1325.2142857142858,71,139,37,35.38471655772205,0.5674107142857143,41.04456018518518,8190.352683063081,115.35708004314198,0
3936,32.09328490373008,1,0,210,0.004761904761904762,0.0,1.0,210,6550,4800,1750,0.732824427480916,83,48,35,220.58835598260677,0.4377482532087795,0.8014942754849126,0.13958806562789217,1076932.5312555763,-1038.2446852290232,1075894.2865703474,3934,0,1326.2095238095237,72,138,40,35.22434132011382,0.5687003968253967,40.93892694063927,8314.120825160097,115.47390034944578,0
3937,32.13516572974337,0,0,210,0.0,0.0,1.0,210,6050,4300,1750,0.7107438016528925,78,43,35,222.50677946148414,0.4375023733576365,0.8035162049610718,0.14115609269076276,1079076.463231509,-29.634274733506118,1079046.8289567756,3935,1,1327.2095238095237,73,137,41,35.083967046894806,0.5700892857142856,40.85022522522524,8327.820961213081,114.07973919469974,0
3938,32.16187555628605,2,0,212,0.009433962264150943,0.0,1.0,212,5250,3300,1950,0.6285714285714286,72,33,39,217.2070645969078,0.43817112656114937,0.8002907786500806,0.13837048894378912,1081199.7510979967,-681.1551642191439,1080518.5959337775,3936,0,1315.6792452830189,79,133,43,35.071013692209846,0.5713934748427674,40.70312500000002,8339.473825883915,105.56295982131539,0
3939,32.359634452279565,0,0,212,0.0,0.0,1.0,212,6100,4600,1500,0.7540983606557377,76,46,30,220.05644274768645,0.43831876508986856,0.8033558492601289,0.1407467175212971,1089025.556865578,-570.5819789685775,1088454.9748866095,3937,1,1316.6792452830189,66,146,43,34.85372845128941,0.5728183962264151,40.56281094527363,8395.29260113789,127.20140304754378,0
3940,32.77415991124526,0,0,212,0.0,0.0,1.0,212,6000,4600,1400,0.7666666666666667,74,46,28,215.74879253590754,0.4382326038033921,0.799181811996726,0.13852071466999238,1104116.169276722,-757.6539318350733,1103358.515344887,3938,2,1317.6792452830189,68,144,43,34.82852545461598,0.5740467767295597,40.42874396135266,8507.229853773417,125.10632137902084,0
3941,32.55075996097153,0,1,211,0.0,0.0047169811320754715,0.9952830188679245,212,5450,3600,1850,0.6605504587155964,73,36,37,238.32751020408162,0.4382577535843095,0.8169018867924527,0.14147664276022492,1072872.3940734088,3289.001289241653,1076161.3953626505,3939,3,1318.6792452830189,70,142,41,37.13214285714287,0.5508549528301887,43.25117370892019,8357.36941486212,119.39099164088742,8
3942,32.530911513834006,0,0,211,0.0,0.0,1.0,211,6900,5100,1800,0.7391304347826086,87,51,36,234.86325905211217,0.4384516286767472,0.8140360593906997,0.14001583165477582,1073534.6311483462,1326.7684353615246,1074861.3995837078,3940,4,1324.7061611374409,72,139,37,37.05982003999111,0.5523301737756714,43.093607305936075,8357.399128068886,116.07498788984564,0
3943,32.45717574269175,0,2,209,0.0,0.009478672985781991,0.990521327014218,211,6600,4900,1700,0.7424242424242424,83,49,34,233.53547518442917,0.4383500714661852,0.8131131834004721,0.13990497949646546,1072600.1110011502,1298.0353211049041,1073898.146322255,3941,5,1325.7061611374409,75,136,41,36.91005357999679,0.5540580568720379,42.913925438596486,8344.287903038217,111.25717204050956,0
3944,32.92742777136987,3,0,212,0.014150943396226415,0.0,1.0,212,6650,5300,1350,0.7969924812030075,80,53,27,227.1251111645781,0.44036754076127455,0.8103237977766935,0.13737812173193623,1091122.7860808615,514.2768165639527,1091637.0628974254,3942,0,1304.5707547169811,63,149,39,36.71478209099916,0.5566529088050314,42.561848958333336,8476.776124019489,134.5520019685633,0
3945,33.09736076300704,1,0,213,0.004694835680751174,0.0,1.0,213,6400,4600,1800,0.71875,82,46,36,221.8324388255863,0.44056345409986125,0.8065800714082303,0.13481876953199642,1098237.204375119,-275.0725088946556,1097962.1318662243,3943,0,1299.4413145539907,64,149,45,36.67314670813891,0.5582453051643192,42.38782051282052,8526.283241431716,133.22317564737057,0
3946,32.62062443413573,1,1,213,0.004672897196261682,0.004672897196261682,0.9953271028037384,214,6300,4600,1700,0.7301587301587301,80,46,34,215.2756713655675,0.4408693855761778,0.8013565916190388,0.131761945330633,1084575.7611322927,-2403.4449750847307,1082172.316157208,3944,0,1294.3644859813085,73,141,46,36.57990565351098,0.5605529595015577,42.13119369369371,8411.841483796941,115.23070525749235,0
3947,32.28892199117521,0,0,213,0.0,0.0,1.0,213,6000,4400,1600,0.7333333333333333,76,44,32,213.8239024914147,0.4407203177134083,0.799957408087625,0.1315146230710838,1075019.0113325294,-2627.0479488830215,1072391.9633836464,3945,1,1300.4319248826291,75,138,40,36.43686593721782,0.5623532863849765,41.954495614035096,8332.011161291905,111.09348215055873,0
3948,32.17895798151184,1,1,213,0.004672897196261682,0.004672897196261682,0.9953271028037384,214,6100,4400,1700,0.7213114754098361,78,44,34,215.67851837490113,0.44080311307094905,0.8035251884092427,0.13342262278739137,1073083.2633955777,-2611.7983315873844,1070471.4650639903,3946,0,1295.3504672897195,77,137,43,36.17682800703279,0.5637169003115265,41.74679487179488,8310.3190364113,107.9262212520948,0
3949,32.4880736780315,1,1,213,0.004672897196261682,0.004672897196261682,0.9953271028037384,214,5650,4300,1350,0.7610619469026548,70,43,27,219.4910939141802,0.4408040271744695,0.8065324060698538,0.1367664591855206,1085566.9767281853,-795.5433521642526,1084771.433376021,3947,0,1296.1448598130842,63,151,44,35.81351392474136,0.5654692367601246,41.48763020833333,8398.56891647418,133.31061772181238,0
3950,32.051218435045385,0,0,213,0.0,0.0,1.0,213,5850,3800,2050,0.6495726495726496,79,38,41,218.34793309230173,0.4403023223196622,0.8041321553625382,0.13643874977676004,1071805.2280936236,-1644.7087536467607,1070160.5193399768,3948,1,1303.2112676056338,66,147,43,35.74005049897801,0.5666079812206573,41.386815920398014,8288.867653117937,125.58890383512026,0
3951,31.6742977037795,0,0,213,0.0,0.0,1.0,213,5550,3700,1850,0.6666666666666666,74,37,37,229.10071973044722,0.44024788141849,0.8119945796658754,0.14172173492074758,1056245.6636590366,247.32835129013665,1056492.9920103268,3949,2,1304.2112676056338,76,137,42,35.83125982189631,0.5612773865414711,41.747835497835524,8179.955941087062,107.63099922482975,8
3952,31.701955255236204,2,1,214,0.009302325581395349,0.004651162790697674,0.9953488372093023,215,5900,4200,1700,0.711864406779661,76,42,34,223.9142101508911,0.4410807433166703,0.8086987080103356,0.13948144320030642,1059213.0540869816,-1465.4291225199104,1057747.6249644617,3950,0,1293.0697674418604,67,148,42,35.709938271604955,0.5631782945736434,41.4981617647059,8195.013709131634,122.31363744972587,0
3953,32.14013057342936,0,0,214,0.0,0.0,1.0,214,5600,3300,2300,0.5892857142857143,79,33,46,225.45758600708305,0.44105860500489963,0.8095153454200723,0.14062354532991733,1074235.0410371665,38.887831292062856,1074273.9288684586,3951,1,1299.7102803738317,67,147,44,35.62304972943082,0.5642523364485981,41.452205882352956,8309.759862413346,124.02626660318427,0
3954,32.47650917596443,1,0,215,0.004651162790697674,0.0,1.0,215,5600,4200,1400,0.75,70,42,28,223.5869838131322,0.44142849380569443,0.808789329685361,0.14003605828296245,1086719.86399063,-4.716672103332257,1086715.1473185266,3952,0,1294.660465116279,68,147,43,35.520249766573286,0.5657461240310078,41.304347826086975,8401.531721608233,123.55193708247401,0
3955,32.84331593663613,0,0,215,0.0,0.0,1.0,215,5550,4200,1350,0.7567567567567568,69,42,27,221.82275948197145,0.4411024777222343,0.8074647392982952,0.1394381295549009,1100095.0855400476,255.22551340984273,1100350.3110534574,3953,1,1295.660465116279,71,144,43,35.43343581144028,0.5670058139534884,41.174768518518526,8500.678849919295,119.72787112562388,0
3956,32.551290244784646,0,0,215,0.0,0.0,1.0,215,6600,5100,1500,0.7727272727272727,81,51,30,226.31290989732005,0.44131529377671525,0.8071781557910145,0.13644902463695746,1077677.2241880768,-821.546292785998,1076855.6778952908,3954,2,1296.660465116279,70,145,36,36.85548396905942,0.5545542635658915,42.67899061032863,8376.130862724136,119.65901232463051,8
3957,32.7328461359853,0,0,215,0.0,0.0,1.0,215,5950,4000,1950,0.6722689075630253,79,40,39,236.3071192374021,0.44095214808374994,0.8129561751054548,0.14013523939375755,1078558.6783703163,2024.2188428375603,1080582.8972131538,3955,3,1297.660465116279,69,146,38,37.22241947326725,0.5494670542635659,43.28869047619046,8402.891796010115,121.78104052188573,8
3958,32.31365758414327,3,1,217,0.013761467889908258,0.0045871559633027525,0.9954128440366973,218,6700,4800,1900,0.7164179104477612,86,48,38,228.59366441297215,0.4420616130441522,0.8103740906486276,0.1368309036531456,1067603.8019764614,-1490.5069529962802,1066113.295023465,3956,0,1280.788990825688,74,144,34,37.068317304228785,0.5517010703363914,42.94444444444442,8306.405202323882,112.24871895032273,0
3959,32.02636892592588,1,0,218,0.0045871559633027525,0.0,1.0,218,6700,5100,1600,0.7611940298507462,83,51,32,226.69923636527136,0.4423963133640553,0.8101509929041344,0.1364251110884151,1059730.8970926157,-2251.962975284413,1057478.9341173314,3957,0,1281.7844036697247,78,140,38,36.916004613018956,0.5533256880733946,42.74789029535863,8238.850972373548,105.6262945176096,0
3960,32.03744953302358,1,0,219,0.0045662100456621,0.0,1.0,219,6600,5000,1600,0.7575757575757576,82,50,32,206.768810194838,0.4427102970131121,0.7940443499103149,0.12306309186079036,1056746.8843564233,-6699.540808903929,1050047.3435475193,3958,0,1276.9269406392693,83,136,44,37.84400347624565,0.5491343226788432,43.15476190476192,8228.666353273657,99.14055847317658,8
3961,31.61785354278058,0,0,219,0.0,0.0,1.0,219,6400,4900,1500,0.765625,79,49,30,202.97599888236917,0.4427294974376161,0.7897838949969578,0.12109151960013295,1043615.1522003273,-7834.234406672343,1035780.917793655,3959,1,1277.9269406392693,86,133,36,37.852416235612125,0.5501331811263318,43.0675287356322,8123.6532468215055,94.46108426536634,0
3962,31.98329400566795,0,1,218,0.0,0.0045662100456621,0.995433789954338,219,5650,4000,1650,0.7079646017699115,73,40,33,201.56089918803005,0.4429223744292237,0.7883341368848424,0.12065636491868986,1056705.6717167294,-6851.890926336706,1049853.7807903928,3960,2,1278.9269406392693,88,131,38,37.76113994748742,0.5512747336377473,42.942415730337096,8221.548294083446,93.42668516003916,0
3963,32.07919360879072,1,0,219,0.0045662100456621,0.0,1.0,219,6100,4200,1900,0.6885245901639344,80,42,38,205.58224396114002,0.44320514431737257,0.7944551131595019,0.12358033766203458,1061144.0447804409,-6269.525221606917,1054874.519558834,3961,0,1276.7990867579908,90,129,39,37.50064901349948,0.5528443683409436,42.78846153846156,8251.138740722681,91.67931934136313,0
3964,32.27162614395972,2,1,220,0.00904977375565611,0.004524886877828055,0.995475113122172,221,6750,4800,1950,0.7111111111111111,87,48,39,224.81633217993098,0.4448572261072261,0.8147335640138409,0.13307373422906765,1062791.443545342,-3163.425157984446,1059628.0183873575,3962,0,1266.235294117647,68,153,39,37.587745098039214,0.5468514328808447,43.35748792270531,8282.271202405112,121.79810591772224,7
3965,32.529073078355,1,0,221,0.004524886877828055,0.0,1.0,221,6200,4500,1700,0.7258064516129032,79,45,34,225.38968119365717,0.44500976964212263,0.8144306982681444,0.13408571114443016,1072824.8189137632,-2039.2712176768755,1070785.5476960863,3963,0,1267.10407239819,71,150,41,37.38264233138051,0.5482183257918551,43.17129629629629,8354.399671396948,117.66760100559083,0
3966,32.157527244458485,1,1,221,0.0045045045045045045,0.0045045045045045045,0.9954954954954955,222,5550,3600,1950,0.6486486486486487,75,36,39,222.68205072705283,0.4453718424306659,0.8130241220256349,0.13329234782846947,1062445.4461383072,-2632.493853660856,1059812.9522846465,3964,0,1262.3918918918919,74,148,39,37.22027861825516,0.5497372372372372,42.94444444444443,8266.271031117152,111.70636528536693,0
3967,31.702141382149208,0,0,221,0.0,0.0,1.0,221,6900,4700,2200,0.6811594202898551,91,47,44,222.78972441241262,0.4450200534759358,0.8123930723199444,0.13377803938290656,1048344.9129745446,-4387.905149849516,1043957.0078246951,3965,1,1269.0995475113123,77,144,40,37.0990094511087,0.5509992458521871,42.82852564102563,8152.886439583933,105.8816420725186,0
3968,32.12716232533267,2,0,223,0.008968609865470852,0.0,1.0,223,5850,4300,1550,0.7350427350427351,74,43,31,220.50412495040712,0.4455486877011541,0.81347457810706,0.13346302299629914,1064807.166343485,-3491.125508901455,1061316.0408345836,3966,0,1258.7085201793723,66,157,41,36.86015499194849,0.5529241405082213,42.53731343283582,8271.545524059537,125.3264473342354,0
3969,32.06359874348072,2,0,225,0.008888888888888889,0.0,1.0,225,6450,4700,1750,0.7286821705426356,82,47,35,215.7139436011117,0.4459383267195767,0.8090385838853338,0.13151020504141703,1064872.7320670863,-5508.420706503752,1059364.3113605825,3967,0,1248.5111111111112,71,154,44,36.714802963960956,0.5549537037037038,42.27430555555556,8263.613252551588,116.38891905002237,0
3970,32.413035394662174,0,0,225,0.0,0.0,1.0,225,5950,4700,1250,0.7899159663865546,72,47,25,216.2313640094603,0.44586722883597885,0.8085806729132776,0.13229974599178243,1077565.958399483,-4349.288601023504,1073216.6697984594,3968,1,1249.5111111111112,71,154,43,36.56844386466928,0.5558333333333334,42.144097222222236,8357.892503458706,117.71679582336206,0
3971,32.34094745668005,1,1,225,0.004424778761061947,0.004424778761061947,0.995575221238938,226,5450,3800,1650,0.6972477064220184,71,38,33,214.81961181500122,0.44632825303179285,0.8073643633547487,0.13199559721613066,1076451.2837638666,-4401.4306168170515,1072049.8531470497,3969,0,1244.9778761061948,73,153,39,36.4478763162202,0.557245575221239,41.990427927927946,8344.27401370343,114.30512347538946,0
3972,32.82313946174874,0,1,224,0.0,0.0044444444444444444,0.9955555555555555,225,6850,4800,2050,0.7007299270072993,89,48,41,217.87412201280927,0.44591021825396826,0.8091571919091398,0.13428023826540803,1093430.1719155768,-4203.972262315504,1089226.1996532613,3970,3,1251.5111111111112,72,153,41,36.25695634547699,0.5581944444444444,41.880707762557094,8472.28552687751,117.67063231774318,0
3973,32.583298210624484,1,3,222,0.0044444444444444444,0.013333333333333334,0.9866666666666667,225,6950,4800,2150,0.6906474820143885,91,48,43,217.99873413136726,0.4460747354497354,0.8099084566955932,0.1350599368005531,1087019.3396220393,-4556.231997216116,1082463.1076248232,3971,0,1242.4177777777777,78,147,43,36.06197890079975,0.5601851851851851,41.69303797468355,8416.492773551348,107.90375350706857,0
3974,32.57828671095883,0,0,222,0.0,0.0,1.0,222,6050,4100,1950,0.6776859504132231,80,41,39,218.1368370453458,0.44500878140584027,0.8039434371079945,0.13094840521719053,1077233.883344298,-3453.1215858402256,1073780.7617584579,3972,1,1259.9234234234234,79,143,35,37.228902953586505,0.5505349099099099,42.83854166666666,8377.879720591602,106.04911038723546,8
3975,32.40555085139651,0,2,220,0.0,0.009009009009009009,0.990990990990991,222,6350,4900,1450,0.7716535433070866,78,49,29,220.64694872100807,0.44498415270474095,0.8066065621242646,0.13288024538943066,1072501.64552291,-3421.1568834222935,1069080.4886394877,3973,2,1260.9234234234234,81,141,38,37.04425476061159,0.5517548798798799,42.72103658536584,8337.266531927464,102.92921644354894,0
3976,32.3651320031108,0,0,220,0.0,0.0,1.0,220,6300,4700,1600,0.746031746031746,79,47,32,217.6752303193418,0.4443315864120659,0.8022073250490513,0.1315515522364717,1072233.7370234963,-3620.254867448475,1068613.4821560478,3974,7,1272.2818181818182,71,149,37,36.989470923261386,0.5533617424242424,42.59259259259259,8331.024719319252,117.33837632844016,0
3977,32.1089344488749,0,0,220,0.0,0.0,1.0,220,5900,4100,1800,0.6949152542372882,77,41,36,218.9177799433707,0.44448768506987685,0.8028073533115088,0.13286704532541488,1065030.6934544183,-3269.1690034821604,1061761.5244509361,3975,8,1273.2818181818182,72,148,39,36.79870729455218,0.5550189393939393,42.43721461187214,8270.066592497024,114.86203600690311,0
3978,31.860203464584202,1,1,220,0.004524886877828055,0.004524886877828055,0.995475113122172,221,6050,4100,1950,0.6776859504132231,80,41,39,218.4052557879301,0.44503290826820235,0.8049491468240719,0.13344431724606878,1058773.5737966679,-4001.657358687452,1054771.9164379805,3976,0,1268.5158371040725,74,147,40,36.56383561397839,0.5567967571644042,42.19444444444446,8213.737454300193,110.99645208513775,0
3979,32.1236770760059,2,3,219,0.009009009009009009,0.013513513513513514,0.9864864864864865,222,5550,3700,1850,0.6666666666666666,74,37,37,212.5925738792677,0.44534041960512544,0.8005976673374271,0.1307750639932979,1069558.0673582142,-4473.979509396552,1065084.0878488177,3977,0,1263.4324324324325,80,142,37,36.46362835974619,0.5593093093093093,41.94958847736625,8289.528089083498,103.61910111354373,0
3980,32.324688298723224,0,1,218,0.0,0.0045662100456621,0.995433789954338,219,5600,3600,2000,0.6428571428571429,76,36,40,215.59888085367814,0.4448310711742281,0.8023972773349874,0.13295595500386714,1077001.766044002,-2959.9249126956274,1074041.8411313065,3978,1,1280.7671232876712,80,139,39,36.2940890748767,0.5602168949771689,41.85956790123456,8344.30900489031,104.30386256112888,0
3981,32.76244061747496,2,1,219,0.00909090909090909,0.004545454545454545,0.9954545454545455,220,6400,4500,1900,0.703125,83,45,38,214.62018730489038,0.44505846132558463,0.8023460410557177,0.13306451612903228,1093218.938659496,-3474.6293239290435,1089744.3093355668,3979,0,1275.4363636363637,82,138,42,36.122311827957,0.5627840909090909,41.66666666666667,8463.630492847711,103.21500601033794,0
3982,32.48385195738226,1,0,220,0.004545454545454545,0.0,1.0,220,5700,4200,1500,0.7368421052631579,72,42,30,217.06502424210143,0.44490106544901065,0.8046240212342404,0.13531993229508504,1085570.5166472557,-2572.1218974905387,1082998.3947497653,3980,0,1275.2818181818182,68,152,40,35.85863746958638,0.5644886363636363,41.47041062801932,8398.036907762244,123.50054276120946,0
3983,32.182418896929,1,0,221,0.004524886877828055,0.0,1.0,221,5900,4000,1900,0.6779661016949152,78,40,38,216.77986661961785,0.44543312080076786,0.8053980404219123,0.1356778781814159,1076671.9906658654,-3419.8378940748635,1073252.1527717905,3981,0,1270.5067873303167,70,151,45,35.72176374945644,0.565893665158371,41.32922535211268,8324.651226111439,118.92358894444912,0
3984,32.612500402758805,0,1,220,0.0,0.004524886877828055,0.995475113122172,221,5800,4300,1500,0.7413793103448276,73,43,30,219.2227813561445,0.44530285890580007,0.8081247666997451,0.13791610422025832,1092608.11523235,-2095.0820092937565,1090513.0332230562,3982,1,1271.5067873303167,71,150,43,35.471160295103964,0.5672134238310709,41.14583333333334,8441.881614672484,118.89974105172513,0
3985,32.66189108037133,2,0,222,0.009009009009009009,0.0,1.0,222,6500,4500,2000,0.6923076923076923,85,45,40,214.58318435529134,0.4454788498906146,0.8050687727369625,0.1361443773740321,1096796.2994461008,-3829.191495150868,1092967.10795095,3983,0,1265.0585585585586,79,143,38,35.28535271064665,0.5695382882882882,40.846354166666686,8464.44815328951,107.1449133327786,0
3986,32.320510128002205,0,4,218,0.0,0.018018018018018018,0.9819819819819819,222,6550,4700,1850,0.7175572519083969,84,47,37,222.98490206852276,0.44549371203782967,0.8057226211504787,0.13842041277154665,1078840.1029045896,-2836.9890612446407,1076003.113843345,3984,1,1266.0585585585586,70,152,40,35.861227831090446,0.5658314564564564,41.62265258215965,8350.887674064714,119.29839534378162,8
3987,32.74310694528925,2,0,220,0.00909090909090909,0.0,1.0,220,6650,5200,1450,0.7819548872180451,81,52,29,218.60852196138327,0.44548394907983946,0.8004313241651861,0.1367321624938598,1095230.8187397178,-2764.641901750587,1092466.1768379672,3985,0,1278.009090909091,72,148,40,35.698490198241956,0.5676136363636364,41.35273972602742,8468.914904256806,117.62381811467786,0
3988,32.77280630909955,1,0,221,0.004524886877828055,0.0,1.0,221,6550,4300,2250,0.6564885496183206,88,43,45,215.687195929892,0.44610928287398877,0.7987642240886887,0.13551105896009205,1097577.16396785,-3403.331837417768,1094173.8321304321,3986,0,1273.2217194570135,76,145,40,35.61105012806441,0.5692401960784313,41.193181818181856,8481.825723747163,111.60297004930477,0
3989,32.80057125091458,0,3,218,0.0,0.013574660633484163,0.9864253393665159,221,6150,4400,1750,0.7154471544715447,79,44,35,219.13410917741373,0.4459781639928699,0.7992644043900898,0.13816426427083342,1099572.4293760303,-2159.235042527316,1097413.194333503,3987,1,1274.2217194570135,79,142,42,35.39361862616917,0.5705128205128205,41.067708333333364,8493.127081975173,107.50793774652118,0
3990,32.31304245540622,0,0,218,0.0,0.0,1.0,218,6900,5000,1900,0.7246376811594203,88,50,38,221.62879070882548,0.4453011598246875,0.7983226326693333,0.13998041465215466,1083744.5701128712,-2462.2002977254033,1081282.3698151459,3988,2,1292.6376146788991,81,137,33,35.26604702112353,0.5718654434250765,41.006097560975626,8368.880965203572,103.319518088933,0
3991,32.277861091058966,1,1,218,0.0045662100456621,0.0045662100456621,0.995433789954338,219,5750,3900,1850,0.6782608695652174,76,39,37,218.56490563295944,0.4455833787161549,0.7981152239385982,0.13881825087498847,1084214.4185758862,-2155.7555836131287,1082058.662992273,3989,0,1287.730593607306,84,135,36,35.14381402679277,0.5734874429223744,40.80882352941178,8366.136790145845,99.5968665493553,0
3992,32.661346837898485,0,3,215,0.0,0.013761467889908258,0.9862385321100917,218,6050,3900,2150,0.6446280991735537,82,39,43,215.71235641224303,0.44524126608323117,0.7951701440951493,0.137583322729364,1098348.1607909792,-2264.546014944709,1096083.6147760344,3990,1,1289.0688073394494,86,132,37,35.066655124653764,0.5756880733944953,40.6609195402299,8470.363655518244,98.49260064556097,0
3993,32.51276042066674,2,0,217,0.009216589861751152,0.0,1.0,217,6650,4700,1950,0.706766917293233,86,47,39,216.4285198358127,0.44441066450475053,0.7955075729662708,0.13887617329665197,1095137.9074009766,-2646.184737023512,1092491.7226639532,3991,0,1294.9539170506912,76,141,38,34.83171322839571,0.5777169738863287,40.44913419913419,8438.715116760157,111.03572522052838,0
3994,32.375528904987966,0,0,217,0.0,0.0,1.0,217,6250,4700,1550,0.752,78,47,31,221.08320304530594,0.44435110513739545,0.7984627484508895,0.1425059678363292,1091843.6013590153,-1372.3438774054248,1090471.25748161,3992,1,1295.9539170506912,77,140,39,34.54940564954322,0.5792530721966206,40.29113247863247,8408.211947319696,109.19755775739866,0
3995,32.54784446859434,1,0,218,0.0045871559633027525,0.0,1.0,218,4950,3400,1550,0.6868686868686869,65,34,31,221.9348261651293,0.4445005214278668,0.800043310623608,0.1435025120317235,1098575.0516132277,212.41262182585706,1098787.4642350536,3993,0,1291.0045871559632,79,139,40,34.4160318733086,0.5804663608562691,40.182291666666664,8456.506361019936,107.04438431670805,0
3996,32.325410073252115,0,0,218,0.0,0.0,1.0,218,5750,4200,1550,0.7304347826086957,73,42,31,220.48544160134844,0.4443477043081216,0.7996419880354018,0.14296539172938205,1091885.6229556275,-1201.0232488932397,1090684.5997067343,3994,1,1292.0045871559632,80,138,42,34.354126465785924,0.5814698012232415,40.084876543209866,8401.862949980663,105.02328687475828,0
3997,32.45955925228988,0,2,216,0.0,0.009174311926605505,0.9908256880733946,218,6850,5500,1350,0.8029197080291971,82,55,27,190.65441028832745,0.44409579827787876,0.776530279882433,0.12191576614653504,1092326.391736582,-8798.63118821736,1083527.7605483646,3995,2,1293.0045871559632,75,143,44,35.624031417300614,0.5765959480122325,40.570175438596465,8420.977762161983,112.27970349549311,8
3998,32.528412895196205,0,1,215,0.0,0.004629629629629629,0.9953703703703703,216,5750,4300,1450,0.7478260869565218,72,43,29,191.63686584220676,0.4437185974734424,0.7765736253216056,0.12311080745383632,1096007.8067915451,-6942.899793575746,1089064.9069979694,3996,5,1305.263888888889,76,140,44,35.43382059165839,0.578221450617284,40.408549783549766,8444.097876703425,111.1065510092556,0
3999,32.32969463142029,0,0,215,0.0,0.0,1.0,215,5800,3700,2100,0.6379310344827587,79,37,42,189.90995858040077,0.4432306382670434,0.7736776557131577,0.12233260284930697,1090107.1117733917,-7395.560710983225,1082711.5510624086,3997,6,1312.3116279069768,76,139,44,35.382154268250325,0.5793604651162791,40.31385281385279,8395.573838538145,110.46807682287033,0
4000,31.971039994551134,0,1,214,0.0,0.004651162790697674,0.9953488372093023,215,5300,3000,2300,0.5660377358490566,76,30,46,187.71956684683093,0.4430685358255451,0.7711395026055656,0.1212789350339214,1078867.8967585047,-7795.077147108735,1071072.819611396,3998,7,1313.3116279069768,77,138,41,35.33425649856918,0.5805717054263566,40.211004273504244,8305.724372515995,107.86655029241552,0
4001,32.14824872179801,0,0,214,0.0,0.0,1.0,214,5450,4200,1250,0.7706422018348624,67,42,25,188.41278930021178,0.4429585691720416,0.7721523544493478,0.12202999603698739,1085570.760723684,-7342.916997859857,1078227.843725824,3999,8,1319.0327102803737,76,138,49,35.22807131702237,0.5818243769470405,40.12445887445885,8354.543532815691,109.92820437915383,0
4002,31.757286178538262,0,0,214,0.0,0.0,1.0,214,6000,4700,1300,0.7833333333333333,73,47,26,186.36228221564846,0.4426331483187808,0.7693805415768036,0.12113548344017061,1073396.2728345843,-8791.884174555471,1064604.3886600288,4000,9,1320.0327102803737,79,135,37,35.154580662393144,0.5831873052959502,39.99999999999997,8256.89440641988,104.5176507141757,0
4003,32.2592108898959,0,0,214,0.0,0.0,1.0,214,6050,4200,1850,0.6942148760330579,79,42,37,185.64369744337216,0.4424512417182221,0.7665450315007052,0.12113550683498417,1091483.3875134604,-8324.597648797237,1083158.789864663,4001,10,1321.0327102803737,80,134,39,35.037036121547686,0.5843555295950156,39.8662551440329,8391.709334886955,104.89636668608694,0
4004,31.786110703171683,0,1,213,0.0,0.004672897196261682,0.9953271028037384,214,6050,4600,1450,0.7603305785123967,75,46,29,189.87998340196071,0.4422867030845509,0.7703570234260879,0.12447687800795137,1076802.6191821585,-7957.347308500993,1068845.2718736576,4002,11,1322.0327102803737,84,130,43,34.76341807909604,0.5860105140186915,39.70588235294116,8273.737638913759,98.49687665373523,0
4005,32.079424080665184,0,1,212,0.0,0.004694835680751174,0.9953051643192489,213,6300,4200,2100,0.6666666666666666,84,42,42,189.51989278260012,0.44188203118079544,0.7698403936121399,0.12483549523540938,1088110.7014161614,-7656.275306401839,1080454.4261097596,4003,12,1329.0234741784038,74,139,44,34.60546312589985,0.5877347417840375,39.54166666666667,8355.353330343265,112.91018013977386,0
4006,32.32890393293886,0,0,212,0.0,0.0,1.0,212,5250,3700,1550,0.7047619047619048,68,37,31,184.77390856784643,0.4412654810873648,0.7627545798667048,0.12228338538507619,1097931.1208086864,-7076.195093980487,1090854.9257147058,4004,13,1336.0424528301887,76,136,45,34.564841249243045,0.5890821540880503,39.38041125541126,8425.545647565856,110.86244273112968,0
4007,32.00186064547103,1,0,213,0.004694835680751174,0.0,1.0,213,5100,3500,1600,0.6862745098039216,67,35,32,184.02874241495525,0.44146311305991087,0.7632459373834324,0.12206677134496584,1087471.003028774,-7674.815779976901,1079796.187248797,4005,0,1330.7652582159624,77,136,41,34.50530838584089,0.590033255086072,39.30288461538462,8342.792757214753,108.34795788590588,0
4008,32.49921649807708,1,1,213,0.004672897196261682,0.004672897196261682,0.9953271028037384,214,5850,4300,1550,0.7350427350427351,74,43,31,185.59914320925577,0.44143430155178215,0.7662422386068606,0.12371608656509181,1105794.5709297433,-7603.095013998458,1098191.475915745,4006,0,1325.5420560747664,78,136,44,34.29338943927755,0.5918029595015577,39.13502109704642,8477.907426133415,108.6911208478643,0
4009,32.280359233484,0,0,213,0.0,0.0,1.0,213,6300,4500,1800,0.7142857142857143,81,45,36,185.7068965014962,0.4405957495497092,0.764251059083648,0.12448136302101309,1099945.9756328799,-8046.489309181588,1091899.4863236982,4007,1,1332.530516431925,79,134,40,34.09734691672071,0.59375,38.9453125,8426.93909208491,106.6701150896824,0
4010,32.69200911992292,0,0,213,0.0,0.0,1.0,213,6300,4000,2300,0.6349206349206349,86,40,46,182.8487810213316,0.44024049960138184,0.7605704282616936,0.12318598660716502,1115431.0286449534,-8108.959219780133,1107322.0694251733,4008,2,1333.530516431925,84,129,45,33.998033558516234,0.5953638497652582,38.77450980392156,8539.986107846518,101.66650128388713,0
4011,33.01302425329877,0,0,213,0.0,0.0,1.0,213,5850,3900,1950,0.6666666666666666,78,39,39,181.0838073749996,0.44004580417515576,0.7581944931631928,0.12221867227104627,1126912.349195604,-7636.884245951145,1119275.4649496528,4009,3,1334.530516431925,84,129,45,33.98175507715403,0.5963419405320813,38.71323529411764,8625.866300301232,102.68888452739562,0
4012,33.00941113845939,0,1,212,0.0,0.004694835680751174,0.9953051643192489,213,5400,3700,1700,0.6851851851851852,71,37,34,180.42511282985674,0.4399000132872708,0.7572560354309938,0.12190700589302507,1127106.1291612927,-7328.349894970138,1119777.7792663225,4010,4,1335.530516431925,84,129,47,33.9615378603139,0.5969776995305165,38.6764705882353,8626.135822506236,102.69209312507424,0
4013,33.261343421461454,1,0,213,0.004694835680751174,0.0,1.0,213,6800,4800,2000,0.7058823529411765,88,48,40,179.9724761357242,0.4396398042342103,0.7572218465714271,0.12218658400615452,1137112.6583947812,-8470.203844682928,1128642.4545500982,4011,0,1336.5023474178404,77,136,49,33.80894620360915,0.5984937402190924,38.51495726495728,8697.343805985824,112.95251696085485,0
4014,33.465656275439436,0,0,213,0.0,0.0,1.0,213,5800,3700,2100,0.6379310344827587,79,37,42,177.24736364787634,0.43921534975049453,0.7535417839452365,0.12070266568334324,1144989.347577576,-7810.731347394432,1137178.6162301817,4012,1,1337.5023474178404,80,133,49,33.77650639922653,0.5997163536776213,38.41306584362141,8754.178424623404,109.42723030779254,0
4015,33.35002207530401,0,0,213,0.0,0.0,1.0,213,5300,3700,1600,0.6981132075471698,69,37,32,179.17654821378042,0.4391018543124576,0.7564410410684175,0.12238185985424042,1141906.1184390467,-6979.440662778927,1134926.6777762678,4013,2,1338.5023474178404,81,132,47,33.62419093851136,0.6004988262910798,38.313008130081315,8727.266955681724,107.74403648989782,0
4016,33.33750294897653,0,0,213,0.0,0.0,1.0,213,5900,4000,1900,0.6779661016949152,78,40,38,179.86869279835162,0.43872169073139045,0.7567561120405351,0.12335373665875235,1142658.1004625843,-7394.316230869116,1135263.7842317151,4014,3,1339.5023474178404,82,131,45,33.46834755376602,0.6017214397496088,38.177710843373525,8728.501336866908,106.44513825447449,0
4017,33.655985248553186,0,0,213,0.0,0.0,1.0,213,6700,5000,1700,0.746268656716418,84,50,34,177.0701024954401,0.4380757817344318,0.7526051978553565,0.1219860644874334,1154903.0012919533,-8400.241437788112,1146502.7598541651,4015,4,1340.5023474178404,84,129,48,33.38820149381739,0.6033352895148669,38.02696078431376,8816.960743361875,104.96381837335565,0
4018,33.314195018805684,0,0,213,0.0,0.0,1.0,213,6350,4400,1950,0.6929133858267716,83,44,39,179.03302749684852,0.4378940044881448,0.7555307634946757,0.12382976318905349,1144325.4549280102,-7975.589872505594,1136349.8650555047,4016,5,1341.5023474178404,86,127,48,33.20257183317348,0.604557902973396,37.895114942528764,8731.813256186326,101.53271228123634,0
4019,32.76914955407794,0,0,213,0.0,0.0,1.0,213,5300,4200,1100,0.7924528301886793,64,42,22,181.27755838239227,0.4376808545191484,0.7574496402283888,0.12574587427988715,1126426.2707892174,-7060.839186709158,1119365.4316025083,4017,6,1342.5023474178404,86,127,37,33.04621976650383,0.6056338028169015,37.799329501915736,8592.092984731307,99.90805796199194,0
4020,32.77116806892532,0,0,213,0.0,0.0,1.0,213,5650,3700,1950,0.6548672566371682,76,37,39,180.9024444298973,0.43705709097351403,0.7578217776051734,0.12585925482330063,1127338.736953254,-7462.333356928332,1119876.4035963258,4018,7,1343.5023474178404,87,126,39,32.95618221339713,0.6068075117370892,37.701231060606084,8595.837041185154,98.80272461132361,0
4021,33.112745003847564,0,0,213,0.0,0.0,1.0,213,6700,5200,1500,0.7761194029850746,82,52,30,182.57707480258165,0.4365569728644403,0.7605740289537373,0.12753692921767276,1140240.6362237437,-7663.640013446494,1132576.996210297,4019,8,1344.5023474178404,90,123,42,32.77728706853935,0.6083724569640063,37.56868131868134,8689.821336518036,96.55357040575596,0
4022,33.001043926897815,0,1,212,0.0,0.004694835680751174,0.9953051643192489,213,6200,4000,2200,0.6451612903225806,84,40,44,184.3372293996596,0.43617219564768067,0.7630102301258179,0.12914253695775332,1137223.4860372231,-6873.474675135453,1130350.0113620877,4020,9,1345.5023474178404,76,137,44,32.633592703287654,0.6098395931142411,37.4729437229437,8663.666916198239,113.99561731839788,0
4023,32.67774981676488,0,0,212,0.0,0.0,1.0,212,7300,5300,2000,0.726027397260274,93,53,40,187.25424102331863,0.435372514829056,0.7648215087432513,0.13172090173271117,1127225.6837288507,-7484.442026272913,1119741.2417025778,4021,10,1348.382075471698,77,135,44,32.4213188936343,0.6115369496855345,37.33974358974356,8583.146145781608,111.4694304646962,0
4024,32.80799551210507,0,1,211,0.0,0.0047169811320754715,0.9952830188679245,212,4650,3200,1450,0.6881720430107527,61,32,29,184.91815986720812,0.4348578757936153,0.7612654808009804,0.1305534831062474,1132746.088162484,-5156.9355560432505,1127589.152606441,4022,11,1349.382075471698,81,131,45,32.36125882239195,0.6127653301886793,37.22052845528454,8621.267723112322,106.435403989041,0
4025,32.88060044751586,0,0,211,0.0,0.0,1.0,211,6250,4900,1350,0.784,76,49,27,184.78971479899295,0.43432915820356577,0.7599238484154482,0.1308521083901183,1136091.4506553444,-6462.396969565076,1129629.0536857792,4023,12,1355.1232227488151,82,129,44,32.26580651834877,0.6140896524486572,37.12349397590361,8643.537361617287,105.40899221484497,0
4026,32.60707318256102,0,0,211,0.0,0.0,1.0,211,4700,3000,1700,0.6382978723404256,64,30,34,184.83725704433007,0.433872150756037,0.760428018158217,0.13144448123964986,1127826.6467022693,-5207.12324040973,1122619.5234618597,4024,13,1356.1232227488151,86,125,42,32.12365897330846,0.6154225908372828,36.98515325670497,8576.144355858654,99.72260878905412,0
4027,32.21866830979103,0,0,211,0.0,0.0,1.0,211,5700,3400,2300,0.5964912280701754,80,34,46,184.42334628185375,0.43327503197171446,0.7594875854317884,0.13154991939207353,1115227.8571046425,-6765.189345204148,1108462.6677594385,4025,14,1357.1232227488151,89,122,46,32.03414822797987,0.616804897314376,36.886574074074076,8477.164197760183,95.2490359298897,0
4028,32.562506383987255,0,0,211,0.0,0.0,1.0,211,6400,4900,1500,0.765625,79,49,30,183.19003304942126,0.43293650793650795,0.7579983206730796,0.13104512556077014,1127923.0231348295,-7275.148822945515,1120647.874311884,4026,15,1358.1232227488151,89,122,36,31.972309558360045,0.618088467614534,36.793981481481474,8570.647658313113,96.29941189115858,0
4029,32.4382136754413,0,1,210,0.0,0.004739336492890996,0.995260663507109,211,4850,3500,1350,0.7216494845360825,62,35,27,185.03308128544444,0.4327738283307004,0.7611226045744903,0.13266087498644688,1124235.6578943639,-5445.842425767525,1118789.8154685963,4027,16,1359.1232227488151,90,121,38,31.85009057971016,0.6189277251184835,36.721611721611715,8540.280615100142,94.89200683444602,0
4030,31.921439188438182,0,0,210,0.0,0.0,1.0,210,6300,4500,1800,0.7142857142857143,81,45,36,186.3761805550331,0.4322605756816283,0.7622210213234586,0.13410668383086083,1107301.2453795276,-7025.084632466425,1100276.1607470613,4028,17,1366.395238095238,91,119,38,31.69647974609178,0.6201388888888889,36.605525362318836,8407.930704717352,92.39484290898189,0
4031,31.791873592257982,0,0,210,0.0,0.0,1.0,210,6700,4800,1900,0.7164179104477612,86,48,38,188.33964223522895,0.4320422267790689,0.764401109487814,0.1361980242402028,1104148.831019313,-7109.000838275247,1097039.8301810378,4029,18,1367.395238095238,79,131,39,31.48153294468324,0.6215277777777778,36.44531250000001,8378.897309647076,106.0619912613554,0
4032,31.78708948167842,0,0,210,0.0,0.0,1.0,210,6000,4400,1600,0.7333333333333333,76,44,32,187.20427650603767,0.4316017316017316,0.7639831415353724,0.13570801956382902,1104637.2761444543,-6641.435583555549,1097995.8405608987,4030,19,1368.395238095238,79,131,39,31.43186850726857,0.623015873015873,36.3671875,8380.119801244045,106.07746583853222,0
4033,31.499548751264708,0,0,210,0.0,0.0,1.0,210,5450,4000,1450,0.7339449541284404,69,40,29,186.2879514409468,0.4311617110959216,0.7620238617605875,0.13563905473927104,1095810.6124200108,-6622.737169005253,1089187.8752510056,4031,20,1369.395238095238,80,130,40,31.313075910487036,0.6242559523809523,36.226851851851855,8308.735139367172,103.85918924208966,0
4034,31.785875994181886,0,0,210,0.0,0.0,1.0,210,5700,3800,1900,0.6666666666666666,76,38,38,186.1143619014226,0.4305835611756665,0.76199830134194,0.1359171399436404,1106566.573570306,-6510.41365170379,1100056.159918602,4032,21,1370.395238095238,82,128,42,31.22106619104238,0.6254464285714285,36.132028112449795,8387.274633253934,102.28383699090163,0
4035,31.769786162227756,0,0,210,0.0,0.0,1.0,210,6400,4500,1900,0.703125,83,45,38,183.99232040164412,0.43038230044808995,0.7575393046621455,0.13511763709015767,1107487.108559139,-7646.175416259584,1099840.9331428795,4033,22,1371.395238095238,86,124,40,31.097243005486742,0.6267361111111112,35.95545977011492,8388.638580407136,97.54230907450159,0
4036,31.511006208489288,0,1,209,0.0,0.004761904761904762,0.9952380952380953,210,5200,3700,1500,0.7115384615384616,67,37,30,187.643737965663,0.43005667578035994,0.7611526379192859,0.13836350243786236,1099540.923218485,-5935.606224213617,1093605.3169942712,4034,23,1372.395238095238,88,122,35,30.869257011209065,0.6279265873015873,35.82631086142321,8324.37875856518,94.59521316551341,0
4037,31.970174496877352,0,0,209,0.0,0.0,1.0,209,6750,4700,2050,0.6962962962962963,88,47,41,186.18884241288524,0.4292216829223408,0.7574856462372179,0.13766071322617274,1116279.5875984288,-6982.239155183355,1109297.3484432455,4035,24,1379.5215311004786,92,117,36,30.821288800350327,0.6291367623604466,35.74148745519711,8448.390758342535,91.83033432981017,0
4038,31.62571400892515,0,1,208,0.0,0.004784688995215311,0.9952153110047847,209,6750,5100,1650,0.7555555555555555,84,51,33,190.55161816379436,0.42897343884185984,0.7616952157120709,0.14154924064097427,1105485.496062124,-6419.589973751859,1099065.906088372,4036,25,1380.5215311004786,93,116,38,30.555671975412107,0.630133572567783,35.59397163120565,8362.029435427163,89.91429500459314,0
4039,32.12212400290482,0,0,208,0.0,0.0,1.0,208,6700,5100,1600,0.7611940298507462,83,51,32,194.87553058699532,0.4286863813018704,0.7646582108776967,0.14543031012905713,1124064.495285379,-4489.467013451959,1119575.028271927,4037,26,1384.0240384615386,94,114,40,30.294120694657437,0.6314603365384616,35.44956140350876,8497.921993619311,90.40342546403522,0
4040,32.41379736765713,0,0,208,0.0,0.0,1.0,208,5850,4100,1750,0.7008547008547008,76,41,35,215.67746409303354,0.4283215463582311,0.7834493266981883,0.14996830358429805,1114886.2872236965,641.1694361012178,1115527.4566597976,4038,27,1385.0240384615386,89,119,36,32.06311688216172,0.608223157051282,37.71990740740743,8501.493774866722,95.52240196479462,8
4041,32.84693701824887,0,1,207,0.0,0.004807692307692308,0.9951923076923077,208,5500,3900,1600,0.7090909090909091,71,39,32,216.7235085282525,0.4280360654341633,0.7833304054009662,0.15119014028537492,1130714.071242139,1910.4641323725582,1132624.5353745115,4039,28,1386.0240384615386,92,116,39,31.92544252824502,0.6096254006410257,37.61200716845881,8618.641874882454,93.6808899443745,0
4042,32.90511576815646,0,0,207,0.0,0.0,1.0,207,5450,3600,1850,0.6605504587155964,73,36,37,217.95855010709562,0.4276955036505479,0.7835780205577638,0.15231373095858294,1133205.527177994,2548.36673541287,1135753.8939134069,4040,29,1392.743961352657,93,114,40,31.835203521513346,0.6107085346215781,37.55540780141846,8635.769689021,92.85773859162367,0
4043,32.3624280774675,0,0,207,0.0,0.0,1.0,207,5300,3500,1800,0.660377358490566,71,35,36,215.7790619309808,0.4275108265716117,0.7819156072918423,0.1512373603144723,1115340.7720059764,1433.4371033649059,1116774.2091093413,4041,30,1393.743961352657,74,133,42,31.79323387822036,0.6117652979066023,37.45833333333332,8496.485804838418,114.81737574105969,0
4044,32.22103211985589,0,1,206,0.0,0.004830917874396135,0.9951690821256038,207,6100,4700,1400,0.7704918032786885,75,47,28,222.6755067212493,0.4273154010912559,0.7866616694297093,0.15646864201382746,1111172.7515976543,1986.1911033704118,1113158.9427010247,4042,31,1394.743961352657,74,133,40,31.52698450473317,0.6128220611916264,37.37499999999999,8462.048560477138,114.35200757401539,0
4045,32.514334067931365,0,0,206,0.0,0.0,1.0,206,5900,4100,1800,0.6949152542372882,77,41,36,223.39875010145377,0.42673010892730284,0.7858742237383021,0.15774339224720893,1122646.4475268607,3059.562636667334,1125706.0101635281,4043,32,1402.121359223301,76,130,41,31.345345345345308,0.614330501618123,37.21590909090907,8544.249719555783,112.42433841520767,0
4046,32.46397852101232,0,2,204,0.0,0.009708737864077669,0.9902912621359223,206,6700,4700,2000,0.7014925373134329,87,47,40,220.75108531705155,0.4263310048149025,0.7826921944006668,0.15659898229481695,1122196.642523263,1645.2253552320635,1123841.8678784952,4044,33,1403.121359223301,78,128,39,31.260551961620106,0.615796925566343,37.0648734177215,8535.920301786698,109.43487566393203,0
4047,32.8537240427014,0,0,204,0.0,0.0,1.0,204,5650,4100,1550,0.7256637168141593,72,41,31,221.77316521255503,0.425472487845713,0.7799467995447007,0.15780189549454088,1136519.4114827425,3959.9014420073454,1140479.31292475,4045,34,1417.1519607843138,81,123,41,31.133085418075265,0.6172385620915033,36.96646341463413,8641.631224951365,106.68680524631314,0
4048,32.621998115481404,0,0,204,0.0,0.0,1.0,204,4600,3000,1600,0.6521739130434783,62,30,32,222.14512750721528,0.4252974178177018,0.7818231169989833,0.15858756855443465,1129417.4726087349,4778.917692308378,1134196.3903010432,4046,35,1418.1519607843138,82,122,43,31.01441153558766,0.617953431372549,36.859939759036116,8584.154549288309,104.6848115766867,0
4049,32.6910069521128,0,0,204,0.0,0.0,1.0,204,5200,3600,1600,0.6923076923076923,68,36,32,219.4229243909428,0.42515202920248557,0.7803937996721704,0.1573458647401525,1133047.905232416,3723.3369682251778,1136771.2422006412,4047,36,1419.1519607843138,84,120,39,30.938624868118882,0.6190257352941176,36.71568627450977,8607.029330382158,102.46463488550188,0
4050,32.51093497621758,0,0,204,0.0,0.0,1.0,204,5900,4100,1800,0.6949152542372882,77,41,36,229.9603893128453,0.42491306867574613,0.798426353986988,0.148056345232741,1096068.6567318118,3710.4750031310205,1099779.1317349428,4048,37,1420.1519607843138,70,134,39,34.360227508145485,0.5827205882352942,40.331572769953056,8442.063353052747,120.60090504361067,8
4051,32.73183311988544,0,0,204,0.0,0.0,1.0,204,6650,4900,1750,0.7368421052631579,84,49,35,229.3422997989411,0.4248859026369169,0.7984041029352542,0.1481691238516507,1104539.4277595633,3213.522516196803,1107752.9502757601,4049,38,1421.1519607843138,72,132,41,34.253130835988166,0.583843954248366,40.21118721461187,8503.364066504471,118.10227870145098,0
4052,32.50095973565727,0,1,203,0.0,0.004901960784313725,0.9950980392156863,204,5700,4300,1400,0.7543859649122807,71,43,28,232.83540891364476,0.42481345986670527,0.8016484263187615,0.15119565161101256,1098246.9762095225,4642.156758783657,1102889.132968306,4050,39,1422.1519607843138,73,131,41,33.9808497581402,0.585171568627451,40.03378378378379,8449.15152587443,115.74180172430725,0
4053,32.83330056961854,0,0,203,0.0,0.0,1.0,203,5100,3600,1500,0.7058823529411765,66,36,30,231.80727860645737,0.4243494854411549,0.8001068096535628,0.1508984529851652,1110204.44599411,5770.694264536905,1115975.140258647,4051,40,1418.5320197044334,76,127,37,33.92041217985401,0.5863095238095238,39.948593073593074,8538.346007166896,112.3466579890381,0
4054,33.19439664269041,0,2,201,0.0,0.009852216748768473,0.9901477832512315,203,6950,5500,1450,0.7913669064748201,84,55,29,234.7884779916184,0.4245720138516315,0.8017170484973966,0.1531299191915953,1122982.2262234765,5182.657541329847,1128164.8837648062,4052,41,1419.5320197044334,79,124,37,33.77556064474142,0.5875923645320197,39.8828125,8634.433095456074,109.29662146146929,0
4055,33.47519536504869,2,1,202,0.009852216748768473,0.0049261083743842365,0.9950738916256158,203,5850,4200,1650,0.717948717948718,75,42,33,234.87999999999934,0.4250668601342893,0.8044532019704422,0.1545263157894737,1135090.9886694602,6872.034283736542,1141963.0229531967,4053,0,1419.5467980295566,79,124,42,33.46666666666667,0.590004105090312,39.58333333333334,8717.498792981456,110.34808598710704,0
4056,33.44177713270937,0,0,202,0.0,0.0,1.0,202,5850,4400,1450,0.7521367521367521,73,44,29,242.15269770508704,0.42475842733527086,0.8036482510039635,0.15676200956697675,1129107.77032504,8433.298516796576,1137541.0688418366,4054,1,1427.09900990099,70,132,40,33.84828553146643,0.5851897689768977,40.14084507042252,8690.151945049089,124.14502778641555,8
4057,33.65488439375485,0,1,201,0.0,0.0049504950495049506,0.995049504950495,202,5150,3600,1550,0.6990291262135923,67,36,31,248.4309297131387,0.4246517002446513,0.8071818530317667,0.16180414465664364,1138142.831294656,10999.976344974835,1149142.807639631,4055,2,1428.09900990099,71,131,35,33.469626168224316,0.5867367986798679,39.93055555555554,8752.607087125793,123.2761561567013,0
4058,33.8303539081274,1,0,202,0.0049504950495049506,0.0,1.0,202,7000,5700,1300,0.8142857142857143,83,57,26,205.47353763348798,0.42526076301660015,0.7725710886440957,0.13083803619415618,1137153.67975103,-669.0021177230583,1136484.677633307,4056,0,1427.9108910891089,88,114,41,35.391086985961294,0.5799814356435644,40.71863295880152,8771.580408786893,99.67705009985106,8
4059,33.348982035426445,0,1,201,0.0,0.0049504950495049506,0.995049504950495,202,6000,4600,1400,0.7666666666666667,74,46,28,200.6216343302502,0.4249759864046106,0.7672838024126809,0.12839372219675904,1122503.836836071,-1360.2891423943656,1121143.5476936765,4057,1,1428.9108910891089,74,128,45,35.33637117927307,0.5813737623762376,40.54166666666666,8652.671297274996,116.92799050371616,0
4060,33.4875006224571,0,0,201,0.0,0.0,1.0,201,4850,3000,1850,0.6185567010309279,67,30,37,204.31529486623722,0.42489946102819237,0.7698596467446284,0.13116349336192487,1128109.6462666888,1048.0110036847946,1129157.6572703735,4058,2,1435.8855721393036,75,126,44,35.12976555074455,0.5823486733001658,40.433114035087705,8692.246255319213,115.8966167375895,0
4061,33.55534363115211,0,0,201,0.0,0.0,1.0,201,5350,3500,1850,0.6542056074766355,72,35,37,203.45919461064176,0.4250652985074627,0.7684828442266385,0.13094528701803004,1131166.6069704515,479.24936493180576,1131645.8563353834,4059,3,1436.8855721393036,77,124,45,35.06162243480943,0.5834369817578773,40.34455128205126,8712.827807431713,113.15360788872354,0
4062,33.1816116067411,1,3,199,0.0049504950495049506,0.01485148514851485,0.9851485148514851,202,5550,4000,1550,0.7207207207207207,71,40,31,203.27636523152177,0.42517917836559777,0.7705633686884141,0.13166053809610814,1120473.6364102976,-396.83837055403274,1120076.7980397437,4060,0,1430.7673267326732,80,122,44,34.84078087885984,0.5850866336633663,40.12345679012344,8623.122522492551,107.7890315311569,0
4063,32.77956026974816,1,0,200,0.005,0.0,1.0,200,5350,3800,1550,0.7102803738317757,69,38,31,200.70319350340702,0.4249015912897822,0.7653459058041845,0.13049532924484467,1108035.7514694415,-872.7372328274105,1107163.014236614,4061,0,1443.0,81,119,49,34.77135040062535,0.5862499999999999,39.989837398373965,8523.018795746964,105.22245426848104,0
4064,32.779427075132446,0,1,199,0.0,0.005,0.995,200,5350,4100,1250,0.7663551401869159,66,41,25,203.02303036345444,0.4248037060301508,0.7673449555620682,0.13248902535955345,1109114.2097835923,-314.85442211380905,1108799.3553614784,4062,1,1444.0,81,119,35,34.581420711658026,0.58734375,39.862804878048756,8527.148217029433,105.27343477814115,0
4065,32.64657978887259,0,1,198,0.0,0.005025125628140704,0.9949748743718593,199,5400,3700,1700,0.6851851851851852,71,37,34,206.4033761258481,0.4241387916011032,0.7698035142022015,0.13489323388033136,1105050.8076732524,417.2434988705254,1105468.051172123,4063,3,1452.251256281407,81,118,37,34.441623539367896,0.5883061139028476,39.81199186991867,8494.248567526454,104.8672662657587,0
4066,32.685001608729465,0,1,197,0.0,0.005050505050505051,0.9949494949494949,198,5250,4000,1250,0.7619047619047619,65,40,25,209.81864483910675,0.42356891674785074,0.774485854641104,0.13758610536224705,1107335.5612257258,1617.929367706307,1108953.4905934322,4064,8,1460.5707070707072,82,116,40,34.23462787072303,0.5894886363636364,39.69628514056222,8508.027338938897,103.75643096266947,0
4067,32.44963467775891,0,2,195,0.0,0.01015228426395939,0.9898477157360406,197,5450,3900,1550,0.7155963302752294,70,39,31,208.65679441293463,0.42317586933250456,0.7718356546405454,0.1371751837533741,1100106.2720164198,1058.9296465016305,1101165.2016629213,4065,9,1465.2690355329948,83,114,40,34.17488173476837,0.5908417935702199,39.608134920634896,8449.620894885617,101.80266138416405,0
4068,32.812714005927866,0,0,195,0.0,0.0,1.0,195,5600,3400,2200,0.6071428571428571,78,34,44,209.077567021289,0.42282690104855053,0.7693385587833845,0.13802903632762925,1113644.7841653787,1967.62839984918,1115612.4125652278,4066,10,1454.0051282051281,69,126,41,34.01706838778464,0.5918803418803419,39.464285714285715,8548.88388118728,123.8968678432939,0
4069,32.65850786006587,0,1,194,0.0,0.005128205128205128,0.9948717948717949,195,5550,3900,1650,0.7027027027027027,72,39,33,208.87117388994088,0.4226143272535025,0.7700065112937269,0.1386807445245996,1110069.9069247597,1822.32091185418,1111892.227836614,4067,11,1455.0051282051281,72,123,41,33.82349587711616,0.593215811965812,39.269406392694044,8515.072140683797,118.26489084283051,0
4070,32.48791179579458,0,0,194,0.0,0.0,1.0,194,5450,3700,1750,0.6788990825688074,72,37,35,202.56614826676423,0.4229641846055232,0.7676519822117243,0.12545440784164277,1083730.6302166246,-344.5720956609093,1083386.0581209636,4068,12,1445.4484536082475,79,115,41,36.473561610458574,0.5678694158075601,41.70572916666668,8391.441488192446,106.22077833154995,8
4071,32.13219901480753,0,0,194,0.0,0.0,1.0,194,5300,3700,1600,0.6981132075471698,69,37,32,204.05185107239905,0.42317228424407527,0.7694799588635612,0.12677126112656692,1072798.009817501,-318.71605399047894,1072479.2937635107,4069,13,1446.4484536082475,70,124,40,36.320473513881765,0.5690506872852233,41.593309859154935,8303.175194363354,118.61678849090505,0
4072,31.88311235622079,0,0,194,0.0,0.0,1.0,194,4500,3100,1400,0.6888888888888889,59,31,28,204.09017554433524,0.423237384933141,0.7694391542572436,0.12720220951523278,1065427.1330274562,188.64212185422002,1065615.7751493105,4070,14,1447.4484536082475,71,123,43,36.202419926502124,0.5699634879725086,41.47858796296296,8242.467226465697,116.09108769669994,0
4073,32.27107311179883,0,0,194,0.0,0.0,1.0,194,5300,3700,1600,0.6981132075471698,69,37,32,202.2234537557953,0.42356288837846984,0.7671782025987541,0.12636902355107085,1079171.2815325584,-453.25125088353116,1078718.0302816748,4071,15,1448.4484536082475,73,121,44,36.155336018578986,0.5711984536082475,41.385135135135144,8345.779211852052,114.3257426281103,0
4074,32.634728646945774,2,1,195,0.01020408163265306,0.00510204081632653,0.9948979591836735,196,5500,4100,1400,0.7454545454545455,69,41,28,202.7032156711195,0.4244581807081807,0.7693489014633808,0.1274754615878538,1093240.0095788608,-379.3469116076776,1092860.662667253,4072,0,1434.658163265306,77,119,43,35.91240154094866,0.5730229591836735,41.15918803418805,8447.199661259427,109.70389170466788,0
4075,32.36938183805379,0,0,195,0.0,0.0,1.0,195,5000,3500,1500,0.7,65,35,30,203.74328861417422,0.42434575733544805,0.7691789424696505,0.12871001105483132,1085694.2084700062,240.58169260869045,1085934.790162615,4073,1,1442.676923076923,77,118,37,35.72195868137913,0.574198717948718,40.99893162393165,8383.704478728892,108.87927894453107,0
4076,31.98102242189458,0,2,193,0.0,0.010256410256410256,0.9897435897435898,195,5100,3800,1300,0.7450980392156863,64,38,26,204.744401064428,0.42418605163450523,0.7709991518235781,0.1296978556065775,1073472.2175364878,-142.51475223742545,1073329.7027842505,4074,2,1443.676923076923,78,117,38,35.59701017811706,0.5753739316239317,40.90189873417724,8286.222186052646,106.23361776990572,0
4077,31.970397197540457,0,0,193,0.0,0.0,1.0,193,5250,3900,1350,0.7428571428571429,66,39,27,201.74439037264887,0.4233772308578008,0.7655507143169811,0.1283178933785672,1074303.3502766404,-503.0651046288417,1073800.2851720115,4075,3,1459.1658031088082,77,116,40,35.528496119238966,0.5766407599309153,40.75854700854702,8288.05222220429,107.63704184680896,0
4078,32.102273881771964,0,1,192,0.0,0.0051813471502590676,0.9948186528497409,193,4650,3200,1450,0.6881720430107527,61,32,29,204.42328048864792,0.4233727331606218,0.7690482477992588,0.1302748681898068,1079304.484086752,876.9926566247141,1080181.4767433766,4076,4,1460.1658031088082,79,114,41,35.389206209724684,0.5777202072538861,40.6901041666667,8324.437296295511,105.37262400374065,0
4079,31.701902002070273,0,0,192,0.0,0.0,1.0,192,5350,3300,2050,0.616822429906542,74,33,41,204.1893126956499,0.4232424147396742,0.7679538945317104,0.13048082344106193,1066630.8556193556,-191.07573822200084,1066439.7798811335,4077,5,1468.2864583333333,67,125,43,35.29757686705248,0.5790473090277778,40.594362745098046,8223.65209103951,122.74107598566434,0
4080,31.900763859228526,1,2,191,0.0051813471502590676,0.010362694300518135,0.9896373056994818,193,5700,4400,1300,0.7719298245614035,70,44,26,203.3127606296656,0.423625728626943,0.7685301399668716,0.1307618869599473,1075192.752543328,-579.9186542813823,1074612.8338890467,4078,0,1461.6735751295337,68,125,42,35.08971488932821,0.5805267702936097,40.36835748792271,8282.44771816142,121.80070173766795,0
4081,31.566375411687794,1,1,191,0.005208333333333333,0.005208333333333333,0.9947916666666666,192,5400,3600,1800,0.6666666666666666,72,36,36,201.5204550312518,0.4229799529159395,0.7659620842039869,0.13018324324109384,1065186.2030941658,-868.6383318903695,1064317.5647622754,4079,0,1468.578125,70,122,43,34.9789866531127,0.5817599826388888,40.21420187793428,8200.496030146081,117.14994328780116,0
4082,31.59268524977307,0,0,191,0.0,0.0,1.0,191,5150,3800,1350,0.7378640776699029,65,38,27,205.01544015713958,0.4231595021585377,0.768427838517751,0.13277654447910128,1066796.6096861188,391.95529858888494,1067188.5649847076,4080,1,1473.4031413612565,70,121,47,34.798359020681616,0.5828424956369982,40.1261737089202,8210.111998668306,117.28731426669009,0
4083,31.42796027210364,0,1,190,0.0,0.005235602094240838,0.9947643979057592,191,4550,3100,1450,0.6813186813186813,60,31,29,201.89798802121499,0.42322035455129975,0.7644992963840258,0.1311679987252797,1062123.1996127535,138.107406494084,1062261.3070192474,4081,2,1474.4031413612565,71,120,36,34.76836393989982,0.5839332460732984,40.017361111111114,8170.724046436674,115.08062037234752,0
4084,31.020719223695078,0,0,190,0.0,0.0,1.0,190,5700,4300,1400,0.7543859649122807,71,43,28,201.0164969381202,0.4228754757263529,0.7625572819963449,0.13099491203758026,1049213.9785261438,-1518.1362996332673,1047695.8422265105,4082,3,1482.378947368421,72,118,39,34.683322360600584,0.5851973684210526,39.9115296803653,8068.13141110574,112.05738070980195,0
4085,31.171284585750524,0,1,189,0.0,0.005263157894736842,0.9947368421052631,190,6650,5400,1250,0.8120300751879699,79,54,25,201.4409132313091,0.422623688851759,0.7624783245190883,0.13180918855692722,1055451.8597205316,-2127.7627012425255,1053324.0970192892,4083,4,1483.378947368421,77,113,40,34.52820828629101,0.5866228070175439,39.77029914529915,8111.694063006611,105.346676142943,0
4086,30.99911600188333,1,1,189,0.005263157894736842,0.005263157894736842,0.9947368421052631,190,4950,3600,1350,0.7272727272727273,63,36,27,203.19999999999968,0.4226503759398496,0.7648421052631575,0.13368421052631588,1051131.049326016,-232.0341553906619,1050899.0151706254,4084,0,1480.042105263158,76,114,44,34.29166666666666,0.5888157894736843,39.58333333333334,8072.686458823805,106.21955866873428,0
4087,31.224593694284057,0,0,189,0.0,0.0,1.0,189,4850,3600,1250,0.7422680412371134,61,36,25,201.27586574932855,0.42266243573867684,0.7610264005295806,0.13272305889703007,1059418.421689674,-2.927996724804416,1059415.4936929492,4085,1,1479.3333333333333,65,124,43,34.2612718368171,0.589836860670194,39.50441919191918,8133.8686698888505,125.13644107521309,0
4088,30.963959308484633,0,0,189,0.0,0.0,1.0,189,5300,3700,1600,0.6981132075471698,69,37,32,203.70569971909185,0.4222965683515329,0.7625598082290999,0.13463495205613313,1051211.9803103576,-272.42559955728166,1050939.5547108003,4086,2,1480.3333333333333,65,124,44,34.11745406824148,0.5906635802469136,39.42550505050505,8068.418058445097,124.12950859146304,0
4089,30.556449804085915,0,0,189,0.0,0.0,1.0,189,5200,3200,2000,0.6153846153846154,72,32,40,203.38340910811814,0.4221851664227551,0.7626838213506497,0.13485683533676374,1038257.0748615806,-767.1473168058592,1037489.9275447747,4087,3,1481.3333333333333,65,124,43,34.01312536578476,0.5914902998236331,39.31502525252525,7965.607345550614,122.54780531616329,0
4090,30.51160118337898,0,0,189,0.0,0.0,1.0,189,4650,3500,1150,0.7526881720430108,58,35,23,204.3720232206456,0.42192131974933395,0.7630509806261676,0.13590739544172928,1037523.4781483858,-41.84552637864226,1037481.6326220072,4088,4,1482.3333333333333,67,122,47,33.88598449248122,0.5924823633156966,39.2156862745098,7956.946975273334,118.7604026160199,0
4091,30.987511729409274,1,0,190,0.005263157894736842,0.0,1.0,190,6550,4800,1750,0.732824427480916,83,48,35,208.55916326154988,0.42263703239580436,0.7601796973599984,0.12808067876258872,1031249.1814653919,-1534.706719884086,1029714.4747455078,4089,0,1475.5263157894738,81,109,37,36.629029412247434,0.5679276315789474,42.00965447154471,7994.478858137342,98.69726985354744,8
4092,31.184628609177473,0,0,190,0.0,0.0,1.0,190,5650,4000,1650,0.7079646017699115,73,40,33,212.74397606270142,0.4227896129211919,0.7631359097416026,0.13131782431036956,1039287.3796550054,570.4258839182876,1039857.8055389237,4090,1,1476.5263157894738,84,106,40,36.333483647410645,0.5694078947368422,41.82598039215685,8051.0609180090605,95.84596330963167,0
4093,31.020065435375976,0,0,190,0.0,0.0,1.0,190,5700,4400,1300,0.7719298245614035,70,44,26,214.0894811142554,0.42255291005291,0.7660735351235051,0.13242954946043886,1034415.3744761558,591.4901556413852,1035006.8646317972,4091,2,1477.5263157894738,87,103,40,36.22065552856335,0.5705043859649123,41.749526515151494,8010.946586216771,92.07984581858358,0
4094,30.914081700779388,1,0,191,0.005235602094240838,0.0,1.0,191,4500,3000,1500,0.6666666666666666,60,30,30,212.21948582638396,0.4225521263892716,0.76470588235294,0.1317915932430993,1032011.5189314439,1102.5907829076077,1033114.1097143515,4092,0,1470.7853403141362,70,121,40,36.124399083957904,0.5716623036649215,41.6079812206573,7987.951979373975,114.1135997053425,0
4095,30.825796471211376,1,2,190,0.005208333333333333,0.010416666666666666,0.9895833333333334,192,6000,4600,1400,0.7666666666666667,74,46,28,212.755871308274,0.42297484002326935,0.7652964827405837,0.13311165770334515,1031184.0109303133,-521.9094550717118,1030662.1014752416,4093,0,1464.1197916666667,76,116,41,35.83889034170153,0.5735677083333333,41.34199134199137,7973.339130540667,104.91235698079825,0
4096,30.9953869022168,0,0,190,0.0,0.0,1.0,190,4450,3100,1350,0.6966292134831461,58,31,27,212.86320083246486,0.4222413673071568,0.7621256366723241,0.13351325723952845,1037573.3707175844,1722.2377578952728,1039295.6084754796,4094,1,1473.8157894736842,77,113,40,35.74489247311828,0.5751644736842105,41.252670940170965,8019.973574124669,104.15550096265804,0
4097,31.16218490282004,1,1,190,0.005235602094240838,0.005235602094240838,0.9947643979057592,191,5350,3700,1650,0.6915887850467289,70,37,33,208.30567237763236,0.42310898319096174,0.757298610140793,0.13137694386589382,1044735.9876588412,-25.113526722732786,1044710.8741321184,4095,0,1467.0942408376964,81,110,34,35.662979133961315,0.5770069808027923,41.05691056910572,8069.23243215306,99.62015348337111,0
4098,30.907590629516797,0,1,189,0.0,0.005263157894736842,0.9947368421052631,190,5550,4200,1350,0.7567567567567568,69,42,27,208.6267420773306,0.4229978882391163,0.7575316549293973,0.13201941170938922,1037146.3715804638,-274.7062879685109,1036871.6652924953,4096,1,1473.7684210526315,82,108,34,35.53404466621452,0.578344298245614,40.938755020080336,8006.95890781236,97.64584033917512,0
4099,30.611542202589206,0,1,188,0.0,0.005291005291005291,0.9947089947089947,189,6100,4200,1900,0.6885245901639344,80,42,38,210.58810515066818,0.4225580697211903,0.7597642426712361,0.13370542887515707,1028145.4811020761,-596.9582630983823,1027548.5228389777,4097,2,1469.962962962963,84,105,36,35.363078632559485,0.580191798941799,40.82107843137255,7933.866495619595,94.45079161451899,0
4100,30.975312524204828,0,0,188,0.0,0.0,1.0,188,5850,4300,1550,0.7350427350427351,74,43,31,211.894253157566,0.4220344085409793,0.7600471327152392,0.1223792397339013,1012801.6215692876,-528.631360160528,1012272.9902091271,4098,3,1478.7553191489362,80,108,43,38.85864554521836,0.547761524822695,44.277263374485614,7921.091686520273,99.01364608150341,8
4101,30.898315092855345,4,3,189,0.020833333333333332,0.015625,0.984375,192,4950,3500,1450,0.7070707070707071,64,35,29,227.8974210682492,0.42506885362129143,0.7758642034585088,0.13302933344287227,1013446.6574683924,2842.3759254567967,1016289.0333938492,4099,0,1448.9270833333333,89,103,36,38.04034487173695,0.5504557291666667,43.87731481481482,7913.7594292800495,88.91864527280954,0
4102,31.230103967171157,0,1,188,0.0,0.005291005291005291,0.9947089947089947,189,5150,3300,1850,0.6407766990291263,70,33,37,231.59620027316083,0.42324055311643966,0.7775432988335031,0.13539470169815565,1024785.8380440768,4517.301236950967,1029303.1392810277,4100,1,1472.9259259259259,88,101,37,37.88719846491229,0.5515873015873016,43.82022471910113,8000.521016309021,90.91501154896615,0
4103,31.44589168830516,1,0,189,0.005291005291005291,0.0,1.0,189,5350,3700,1650,0.6915887850467289,70,37,33,228.6268502379678,0.4238913749108784,0.775389638867698,0.1343377686186799,1033392.0082998313,4102.231983735486,1037494.2402835668,4101,0,1471.989417989418,69,120,38,37.76966759538735,0.5532958553791887,43.630952380952365,8061.753303662486,116.8370044009056,0
4104,31.69174081783586,2,0,191,0.010471204188481676,0.0,1.0,191,5100,3200,1900,0.6274509803921569,70,32,38,226.99495422799345,0.424866813630936,0.7769479604007701,0.13447127990231378,1043936.5307480907,4093.665002818463,1048030.1957509092,4102,0,1457.565445026178,73,118,39,37.5013710650433,0.5551374345549738,43.32770270270269,8134.391921064425,111.43002631595103,0
4105,31.77186966936116,3,2,192,0.015463917525773196,0.010309278350515464,0.9896907216494846,194,5200,3900,1300,0.75,65,39,26,222.95834703355393,0.4266426517458113,0.774280228295771,0.1332145365936217,1049155.3661743766,2783.5892447240676,1051938.9554191006,4103,0,1436.0103092783504,78,116,40,37.28183256370787,0.5573990549828178,43.01160337552741,8165.001844090786,104.67951082167674,0
4106,31.63060248482203,1,0,193,0.0051813471502590676,0.0,1.0,193,5650,4200,1450,0.7433628318584071,71,42,29,220.91421759303955,0.42684495538284395,0.7710427261974055,0.1324515532873449,1045527.72213775,1944.3877415785391,1047472.1098793285,4104,0,1423.2020725388602,82,111,42,37.20397894599828,0.5589378238341969,42.884036144578296,8132.732845212664,99.17966884405688,0
4107,31.486182426539255,1,0,194,0.005154639175257732,0.0,1.0,194,5750,4300,1450,0.7478260869565218,72,43,29,220.387199001468,0.4272357913572993,0.7725419180769257,0.13282539582445907,1042301.02448173,1391.9606603780003,1043692.9851421079,4105,0,1416.860824742268,67,127,45,37.02229812863407,0.5607280927835052,42.69301470588237,8101.61467859348,120.9196220685594,0
4108,31.58613479645896,1,0,195,0.005128205128205128,0.0,1.0,195,5300,3600,1700,0.6792452830188679,70,36,34,219.0059655528575,0.4279154551061768,0.7720046513802197,0.1327345548129757,1047274.5401395253,1571.874372436605,1048846.4145119619,4106,0,1410.5897435897436,70,125,45,36.848602248556645,0.562232905982906,42.48826291079814,8133.800439369878,116.1971491338554,0
4109,31.8320762939296,0,0,195,0.0,0.0,1.0,195,5500,3800,1700,0.6909090909090909,72,38,34,214.21259336395582,0.42813794166886954,0.7655697914791715,0.13061133610946252,1057221.0600289027,794.0130055563386,1058015.073034459,4107,1,1411.5897435897436,75,120,45,36.7488300361625,0.5635683760683761,42.26973684210526,8204.089400096655,109.3878586679554,0
4110,32.30560024096967,0,0,195,0.0,0.0,1.0,195,5400,4100,1300,0.7592592592592593,67,41,26,212.4058176436397,0.4282624019737422,0.7627748983800555,0.12999505334012798,1074077.7316387948,1228.0717603127896,1075305.8033991077,4108,2,1412.5897435897436,77,118,47,36.656859063994304,0.565224358974359,42.13408119658119,8330.513288633585,108.18848426796863,0
4111,32.133658075025835,0,0,195,0.0,0.0,1.0,195,5500,4000,1500,0.7272727272727273,70,40,30,211.39140644803456,0.42844523746585605,0.7617157978758975,0.12967858527258996,1069065.7932325145,698.264323380984,1069764.0575558955,4109,3,1413.5897435897436,78,117,39,36.596189234779956,0.566292735042735,42.04905063291139,8288.907607090314,106.26804624474761,0
4112,32.224413311078536,1,1,195,0.00510204081632653,0.00510204081632653,0.9948979591836735,196,5600,4100,1500,0.7321428571428571,71,41,30,210.20331191925982,0.4288984824699111,0.7599676877526631,0.12958233651238824,1073553.8068527645,332.9131447958134,1073886.7199975604,4110,0,1407.3724489795918,80,116,40,36.44650092998539,0.5680272108843538,41.872427983539076,8318.00956764358,103.97511959554474,0
4113,32.33480327541647,0,1,194,0.0,0.005128205128205128,0.9948717948717949,195,5950,4600,1350,0.773109243697479,73,46,27,217.13915310048196,0.42874482333245223,0.7680644621097952,0.13425492055120025,1078120.9849288068,1870.4555214596194,1079991.4404502665,4111,1,1415.5641025641025,83,112,40,36.15859905237545,0.5696047008547008,41.765873015873005,8349.949695030635,100.60180355458596,0
4114,32.78721621200146,1,0,195,0.005128205128205128,0.0,1.0,195,5400,3300,2100,0.6111111111111112,75,33,42,213.06479531349572,0.4293814432989691,0.7639332813752673,0.1324117641288148,1094761.1432438537,2251.0117804844876,1097012.1550243383,4112,0,1414.3128205128205,73,122,43,36.076233794531014,0.5710470085470085,41.58220720720724,8472.800045325568,116.06575404555572,0
4115,32.8182342673314,0,2,193,0.0,0.010256410256410256,0.9897435897435898,195,5550,3800,1750,0.6846846846846847,73,38,35,214.85769604736933,0.4294629482773813,0.767716265004732,0.1339469261916503,1096752.0872241415,2579.125319224938,1099331.2125433665,4113,1,1415.3128205128205,73,122,43,35.9148698682348,0.5721688034188035,41.469594594594625,8484.511409822828,116.22618369620312,0
4116,32.86133033907915,1,1,193,0.005154639175257732,0.005154639175257732,0.9948453608247423,194,6100,4400,1700,0.7213114754098361,78,44,34,215.757864119505,0.4291637733027082,0.7691071116547259,0.13542248918139216,1100245.1803471758,2577.3100238975285,1102822.4903710734,4114,0,1422.2835051546392,75,119,42,35.6448622881356,0.5742053264604812,41.22807017543862,8503.58986844597,113.38119824594627,0
4117,32.85573012214623,2,0,195,0.010256410256410256,0.0,1.0,195,5000,3100,1900,0.62,69,31,38,208.35888842323158,0.43036060445854263,0.7622898874370032,0.13178828947663035,1102378.1611028712,1938.0576538883315,1104316.2187567595,4115,0,1412.7128205128206,81,114,36,35.55785765659738,0.5761752136752136,40.95528455284555,8511.103260299924,105.07534889259165,0
4118,33.11235228886079,0,0,195,0.0,0.0,1.0,195,6400,4700,1700,0.734375,81,47,34,236.09668681703604,0.43037382148206893,0.7777571568752939,0.14048921661092895,1092137.3693374945,6170.002889931047,1098307.3722274255,4116,1,1413.7128205128206,77,118,43,37.09854235995563,0.5542200854700854,43.16239316239315,8504.49731863473,110.44801712512637,8
4119,32.637542286728255,1,3,193,0.00510204081632653,0.015306122448979591,0.9846938775510204,196,6000,4400,1600,0.7333333333333333,76,44,32,235.12987108862157,0.4311344409558695,0.7778991536584619,0.14081024934276604,1078451.2949463509,5515.222791218281,1083966.517737569,4117,0,1407.4948979591836,80,116,38,36.88239953309983,0.5561224489795918,42.926954732510275,8390.232385695672,104.8779048211959,0
4120,32.747774454828665,3,0,196,0.015306122448979591,0.0,1.0,196,5600,4500,1100,0.8035714285714286,67,45,22,234.37904352776738,0.4317989054596198,0.7812499999999991,0.14164646543634654,1084910.4085077937,6056.052771875287,1090966.461279669,4118,0,1405.6734693877552,71,125,40,36.559502398081506,0.5586203231292517,42.592592592592595,8429.519720779981,118.72562987014058,0
4121,32.96616789974454,1,0,197,0.005076142131979695,0.0,1.0,197,5450,3800,1650,0.6972477064220184,71,38,33,233.56229055255454,0.4325404019475811,0.7834924566520074,0.14181072676636963,1093585.6848516779,6234.075493888486,1099819.7603455663,4119,0,1399.5329949238578,72,125,43,36.40691651432055,0.5605435702199661,42.42294520547946,8491.328435477877,117.93511715941496,0
4122,32.49050525854082,0,0,197,0.0,0.0,1.0,197,5050,3700,1350,0.7326732673267327,64,37,27,227.79371258288873,0.4327691736593114,0.7763341311380554,0.13895128485618644,1079218.585897856,4717.841674025411,1083936.4275718813,4120,1,1400.5329949238578,77,120,41,36.382987910189954,0.5622884940778341,42.25427350427349,8374.288882075798,108.75699846851685,0
4123,32.33031303862734,0,1,196,0.0,0.005076142131979695,0.9949238578680203,197,6500,4800,1700,0.7384615384615385,82,48,34,233.4329107453633,0.43249939569736523,0.7809317404263543,0.1434255232998256,1076082.645325457,4338.620820178385,1080421.2661456354,4121,2,1401.5329949238578,79,118,37,35.96943603330807,0.5641391708967851,41.9921875,8341.473344536473,105.58827018400598,0
4124,32.56224562020823,2,1,197,0.010101010101010102,0.005050505050505051,0.9949494949494949,198,5800,4400,1400,0.7586206896551724,72,44,28,230.16471289391063,0.4327886521731699,0.7791123366662931,0.14210529632813648,1085272.3357067662,4558.279111930054,1089830.6148186964,4122,0,1395.3686868686868,82,116,40,35.87481366258342,0.5659196127946128,41.8172690763052,8407.009499233436,102.52450608821263,0
4125,32.22513408113346,0,2,195,0.0,0.01015228426395939,0.9898477157360406,197,5350,3700,1650,0.6915887850467289,70,37,33,228.55166208666614,0.4329936289236507,0.7769339484948374,0.14150866128491624,1074882.0233009239,4383.214594500628,1079265.2378954245,4123,1,1399.7969543147208,84,113,40,35.81255535522236,0.567153130287648,41.715686274509785,8323.24664085741,99.08626953401678,0
4126,32.126029700364526,0,0,195,0.0,0.0,1.0,195,6300,4700,1600,0.746031746031746,79,47,32,227.27834587514616,0.43205128205128207,0.7741367081046773,0.14102629258646188,1072223.2968630227,3438.6274639648664,1075661.9243269877,4124,2,1415.0871794871796,71,124,40,35.76571657893756,0.5683226495726496,41.637731481481495,8300.15391187951,116.90357622365507,0
4127,32.29241420339842,1,1,195,0.00510204081632653,0.00510204081632653,0.9948979591836735,196,5800,4100,1700,0.7068965517241379,75,41,34,225.5997283100671,0.43193027210884355,0.7741721578207259,0.14031807277307506,1078487.588305491,3661.301381499791,1082148.8896869908,4125,0,1408.8622448979593,72,124,39,35.721943094817426,0.5702593537414966,41.552511415525125,8345.89335119797,115.91518543330514,0
4128,32.66102146825738,1,1,195,0.00510204081632653,0.00510204081632653,0.9948979591836735,196,7350,5500,1850,0.7482993197278912,92,55,37,214.266955124916,0.43194444444444446,0.7662763223958184,0.12830023049507536,1079188.5612425518,-303.11059538381414,1078885.4506471679,4126,0,1409.7448979591836,83,113,35,37.42342016401351,0.5550595238095238,42.93154761904762,8396.118242025988,101.15805110874685,7
4129,32.26727038217745,0,0,195,0.0,0.0,1.0,195,4850,3100,1750,0.6391752577319587,66,31,35,215.71156486892608,0.431654771345493,0.7682400769636586,0.12965629089295724,1067334.8396059352,2197.2936981042812,1069532.1333040395,4127,1,1417.9179487179488,86,109,37,37.2438747168172,0.5564102564102564,42.79214559386975,8299.395382542381,96.50459747142304,0
4130,31.792363646841885,2,1,196,0.01015228426395939,0.005076142131979695,0.9949238578680203,197,5950,4300,1650,0.7226890756302521,76,43,33,214.0010404041554,0.4322037190510722,0.768889647696025,0.1292702023055828,1053117.5383969748,-276.3502230367576,1052841.188173938,4128,0,1404.51269035533,73,124,38,37.10162018047581,0.5578997461928934,42.609797297297305,8183.042923458691,112.09647840354371,0
4131,31.539744343635967,0,1,195,0.0,0.00510204081632653,0.9948979591836735,196,4700,2900,1800,0.6170212765957447,65,29,36,221.73274195366474,0.4318861198325484,0.7735880687954249,0.1344175611030498,1045803.3372475198,2477.7683024371718,1048281.1055499569,4129,1,1412.6632653061224,72,124,39,36.7699617664986,0.558939200680272,42.480022831050235,8122.114243287659,112.80714226788415,0
4132,31.77993276017262,3,2,196,0.015151515151515152,0.010101010101010102,0.98989898989899,198,5800,3500,2300,0.603448275862069,81,35,46,228.4052959989399,0.4331518441607274,0.7903973800720894,0.13633731866712281,1049131.0133681374,2525.415930003633,1051656.429298141,4130,0,1399.3434343434344,82,116,32,37.17825046400315,0.5543455387205387,43.047188755020095,8165.943063902822,99.58467151101003,8
4133,32.20573472711359,0,0,196,0.0,0.0,1.0,196,5750,4300,1450,0.7478260869565218,72,43,29,227.89879401032215,0.4328498386534101,0.7878534945939377,0.13670707821546005,1064689.3779064263,3578.2850440949805,1068267.6629505213,4131,1,1411.2602040816328,85,111,33,37.00573704209652,0.5561755952380952,42.86579457364341,8281.196009228373,97.42583540268674,0
4134,31.951694198143695,0,0,196,0.0,0.0,1.0,196,4800,3500,1300,0.7291666666666666,61,35,26,234.4386303024603,0.4326138147566719,0.7940634335282963,0.14135148402919798,1057833.3601315878,5599.400807499619,1063432.7609390875,4132,2,1412.2602040816328,68,128,37,36.645521658355335,0.5575042517006803,42.67814009661835,8221.869378130405,120.90984379603536,0
4135,31.93467157162374,1,1,196,0.005076142131979695,0.005076142131979695,0.9949238578680203,197,5700,3900,1800,0.6842105263157895,75,39,36,230.63863007225598,0.43285010704789534,0.7927077100518571,0.14021789299066678,1059757.5440905471,3784.205635556071,1063541.7497261032,4133,0,1406.0862944162436,71,126,34,36.43376434361017,0.5593274111675126,42.375578703703674,8227.151282926783,115.87537018206737,0
4136,31.882059662630976,2,0,198,0.010101010101010102,0.0,1.0,198,6300,4500,1800,0.7142857142857143,81,45,36,225.71565765220066,0.4333868507409116,0.7890049702360347,0.1380939404036042,1059894.9791409122,1946.9784518109923,1061841.9575927232,4134,0,1399.919191919192,75,123,42,36.326221672956635,0.5611847643097643,42.14638157894735,8220.904446725237,109.61205928966983,0
4137,31.90422408223166,1,2,197,0.005025125628140704,0.010050251256281407,0.9899497487437185,199,6200,4800,1400,0.7741935483870968,76,48,28,223.6983577366124,0.433630695565369,0.7897666859524011,0.1377180873928011,1062491.6483868717,1535.5273706016646,1064027.1757574733,4135,0,1393.8793969849246,77,122,37,36.14720784821043,0.5631804857621441,41.920405982905976,8233.829198572725,106.93284673471071,0
4138,31.69420342174641,0,0,197,0.0,0.0,1.0,197,5850,4200,1650,0.717948717948718,75,42,33,225.22180356404994,0.4332741980040747,0.791084073396064,0.13908200382658206,1056401.552623841,2334.9325939607966,1058736.4852178018,4136,1,1406.6903553299492,79,118,38,35.994891741052655,0.5644564297800339,41.809895833333336,8183.129682940237,103.58392003721819,0
4139,32.03389506271143,0,0,197,0.0,0.0,1.0,197,6150,4300,1850,0.6991869918699187,80,43,37,226.65192507804278,0.433152258365275,0.7908547568364166,0.14052419354838705,1068908.790113396,2904.047002408784,1071812.837115805,4137,2,1407.6903553299492,79,118,40,35.81149193548388,0.5658840947546531,41.66666666666668,8275.422891200486,104.75218849620867,0
4140,32.311040611844525,1,1,197,0.005050505050505051,0.005050505050505051,0.9949494949494949,198,5300,3900,1400,0.7358490566037735,67,39,28,223.01961218836604,0.4338734211830659,0.7889326346168462,0.13881321799444327,1079324.8742281569,3242.1229751240007,1082566.997203281,4138,0,1401.5757575757575,66,132,37,35.76228070175439,0.5672348484848485,41.52674129353233,8351.539959140457,126.53848422940086,0
4141,32.3444549273203,0,3,194,0.0,0.015228426395939087,0.9847715736040609,197,5800,4400,1400,0.7586206896551724,72,44,28,223.87920537601076,0.4333605269518975,0.7888307093264109,0.13986326725350368,1081543.3204190023,3227.011831027721,1084770.33225003,4139,1,1409.5583756345177,68,129,42,35.605297723292466,0.5687394247038917,41.39492753623189,8364.44011028076,123.00647221001118,0
4142,32.8062601937553,1,0,195,0.005128205128205128,0.0,1.0,195,5000,3000,2000,0.6,70,30,40,223.3409311333773,0.43288725878932066,0.7874729066218431,0.14021295279456425,1098467.8419009473,5066.5661260457955,1103534.408026993,4140,0,1412.851282051282,69,126,43,35.440626797009784,0.5706196581196581,41.220238095238095,8489.596201925664,123.0376261148647,0
4143,32.40074620277299,1,2,194,0.00510204081632653,0.01020408163265306,0.9897959183673469,196,5700,4000,1700,0.7017543859649122,74,40,34,222.74011270603324,0.43319051979766265,0.7875527525825143,0.1403262710048011,1085932.6844710596,3476.1537060498495,1089408.8381771094,4141,0,1406.6377551020407,72,124,41,35.32905735596711,0.5719600340136055,41.09589041095891,8388.686345649456,116.50953257846466,0
4144,32.762575554800314,1,2,193,0.005128205128205128,0.010256410256410256,0.9897435897435898,195,5150,3900,1250,0.7572815533980582,64,39,25,218.1198915611864,0.4336494404793374,0.781477162699656,0.1380975784032903,1099546.9491080735,3816.6122611774176,1103363.561369251,4142,0,1414.0923076923077,73,122,34,35.26957122158834,0.5735576923076924,40.92060810810812,8488.108151549855,116.27545413081994,0
4145,33.01188218079757,0,0,193,0.0,0.0,1.0,193,5250,3700,1550,0.7047619047619048,68,37,31,218.7494433326874,0.4327245700201497,0.7802299472504832,0.1384802961348769,1107879.3119008918,4619.5965516240885,1112498.908452516,4143,3,1429.740932642487,72,121,35,35.257398839685656,0.5737802245250432,40.92465753424657,8552.564681429225,118.7856205754059,0
4146,33.36957363033077,0,0,193,0.0,0.0,1.0,193,5600,4200,1400,0.75,70,42,28,217.11094600042594,0.43238949158031087,0.7793624405086104,0.13822375223643085,1121611.1816765326,4502.812939689507,1126113.994616222,4144,4,1430.740932642487,72,121,38,35.09573931388736,0.5753454231433506,40.724885844748854,8651.90001231606,120.16527794883417,0
4147,33.47289771024705,0,1,192,0.0,0.0051813471502590676,0.9948186528497409,193,5600,4100,1500,0.7321428571428571,71,41,30,213.58385818587334,0.43189024719343694,0.7764912087126947,0.13671753335719172,1126737.6877394803,3930.5965021655147,1130668.2842416458,4145,5,1431.740932642487,68,125,40,34.99265433176235,0.5770185664939551,40.53442028985506,8685.064808967612,127.72154130834724,0
4148,33.14351917689415,1,0,193,0.0051813471502590676,0.0,1.0,193,5250,3600,1650,0.6857142857142857,69,36,33,214.25866142442322,0.43171371257915947,0.7775097929956178,0.1376114907911503,1116663.2773097884,4000.9558116410108,1120664.2331214293,4146,0,1432.699481865285,69,124,41,34.8548689138577,0.5783678756476685,40.41666666666667,8603.50518633545,124.68848096138332,0
4149,32.80051209243061,0,1,192,0.0,0.0051813471502590676,0.9948186528497409,193,6250,4600,1650,0.736,79,46,33,214.53895122150394,0.4314708369314911,0.778149423902339,0.13861661770632935,1106881.3261358174,2643.83176716924,1109525.1579029867,4147,1,1433.699481865285,69,124,37,34.634790163058,0.5797711571675302,40.208333333333336,8521.299704012708,123.49709715960446,0
4150,32.61387011195049,1,0,193,0.0051813471502590676,0.0,1.0,193,6050,3800,2250,0.628099173553719,83,38,45,215.0157486429429,0.43178680015831894,0.7780977604835528,0.13964033936030554,1102096.454995129,2743.618869502315,1104840.0738646314,4148,0,1434.461139896373,69,124,42,34.43999236786874,0.5815522452504318,40.02976190476191,8478.635578210953,122.87877649581091,0
4151,32.49696409323122,0,1,192,0.0,0.0051813471502590676,0.9948186528497409,193,5600,4100,1500,0.7321428571428571,71,41,30,214.03885488629336,0.4315765328151986,0.7770810332261562,0.13957941864347723,1099351.0632208677,2860.768537964696,1102211.8317588323,4149,1,1435.461139896373,71,122,37,34.31972718171199,0.5829555267702936,39.88715277777778,8452.877856368694,119.05461769533372,0
4152,32.58484112560252,0,0,192,0.0,0.0,1.0,192,5750,3900,1850,0.6782608695652174,76,39,37,212.99365136901957,0.4307776823371146,0.7752819514513423,0.13931679434596228,1103205.9434734439,2845.1724224823975,1106051.1158959263,4150,4,1443.9322916666667,72,120,41,34.240650361921446,0.5840386284722222,39.78310502283104,8479.126181028618,117.76564140317525,0
4153,32.13041989458505,0,0,192,0.0,0.0,1.0,192,5150,4000,1150,0.7766990291262136,63,40,23,232.0622518953727,0.43097367655613733,0.7931054802968223,0.14280955516527058,1069903.7393360275,6106.854212319728,1076010.5935483472,4151,5,1444.9322916666667,65,127,42,35.946259657921004,0.5616319444444444,41.93497474747475,8291.737621470333,127.56519417646666,8
4154,32.53863992090111,0,0,192,0.0,0.0,1.0,192,5950,4500,1450,0.7563025210084033,74,45,29,234.79791690876428,0.43075268597294936,0.795660473433907,0.14496440342865308,1084482.5215158553,6576.847395177426,1091059.3689110328,4152,6,1445.9322916666667,68,124,43,35.755564651307864,0.5630967881944444,41.81763285024155,8400.90307861189,123.54269233252778,0
4155,32.044460153053635,1,0,193,0.0051813471502590676,0.0,1.0,193,5400,3600,1800,0.6666666666666666,72,36,36,231.52965660769974,0.43117061564478987,0.7938325254888847,0.14354838709677428,1069261.3266348834,5513.141555933835,1074774.4681908172,4153,0,1439.4352331606217,72,121,46,35.68548387096775,0.5647668393782384,41.66666666666668,8278.15220620555,114.97433619729931,0
4156,32.338395377358076,2,0,195,0.010256410256410256,0.0,1.0,195,5100,3500,1600,0.6862745098039216,67,35,32,222.5435320172891,0.4321977707286986,0.7873775925039206,0.13907697618746373,1081443.9982435673,4033.6734096045247,1085477.6716531718,4154,0,1425.6615384615384,65,130,46,35.62721225436349,0.5666666666666667,41.38257575757576,8363.272516625464,128.66573102500715,0
4157,32.39221944852884,0,1,194,0.0,0.005128205128205128,0.9948717948717949,195,5850,4000,1850,0.6837606837606838,77,40,37,219.54436259701103,0.432085426028725,0.7852340721843261,0.13778643933124624,1084511.2291204345,2769.6653053093296,1087280.8944257437,4155,1,1426.6615384615384,66,129,45,35.550223303693066,0.5681089743589743,41.23134328358209,8382.091114759234,127.00138052665507,0
4158,32.85774700819133,0,0,194,0.0,0.0,1.0,194,5550,3800,1750,0.6846846846846847,73,38,35,219.35057155377712,0.4316581868846037,0.7850017033376624,0.13805786932559655,1100958.7912443276,3949.1880233196516,1104907.9792676473,4156,2,1434.8247422680413,65,129,45,35.451723367069086,0.5693191580756014,41.1300505050505,8505.8833085283,130.8597432081277,0
4159,33.175278792545754,2,0,196,0.01020408163265306,0.0,1.0,196,4700,3100,1600,0.6595744680851063,63,31,32,212.70854614480663,0.4329163396127682,0.7803057297814289,0.13472057100499185,1113508.3304724772,3470.547618986259,1116978.8780914636,4157,0,1421.1734693877552,69,127,41,35.396624260524916,0.571375425170068,40.90773809523809,8595.458021681749,124.57185538669201,0
4160,33.28982334591263,0,1,195,0.0,0.00510204081632653,0.9948979591836735,196,5650,4600,1050,0.8141592920353983,67,46,21,214.53818254720187,0.43272610326181754,0.7828793630750832,0.13656919088490638,1118893.683249528,3159.083453579494,1122052.7667031076,4158,1,1422.1734693877552,69,127,43,35.16681732958351,0.5728103741496599,40.72916666666666,8631.080240414196,125.08811942629269,0
4161,33.129764836414935,1,0,196,0.00510204081632653,0.0,1.0,196,5100,2900,2200,0.5686274509803921,73,29,44,211.70919269272727,0.43259964242107096,0.7801997107349736,0.131601727783789,1106274.3473926352,2541.689796633795,1108816.037189269,4159,0,1423.1479591836735,66,130,46,36.10225404082942,0.5647321428571428,41.573383084577124,8561.61304587827,129.7214097860344,8
4162,33.46160301078329,0,0,196,0.0,0.0,1.0,196,5750,3800,1950,0.6608695652173913,77,38,39,209.2699734475221,0.43251133786848067,0.7764169101102416,0.13085412085769024,1119176.4630556074,1892.0057413479044,1121068.4687969552,4160,1,1424.1479591836735,71,125,46,35.95034821278736,0.5664328231292517,41.362847222222236,8654.413730089342,121.8931511280189,0
4163,33.15445121264085,0,0,196,0.0,0.0,1.0,196,5250,3700,1550,0.7047619047619048,68,37,31,211.49803871110868,0.4326181754753183,0.7779726384766297,0.13256990628358797,1109647.7634833555,2487.6651273796815,1112135.428610735,4161,2,1425.1479591836735,71,125,43,35.804080691159236,0.5674957482993197,41.27604166666668,8577.850854103846,120.81480076202601,0
4164,33.19796230403656,0,0,196,0.0,0.0,1.0,196,6900,5200,1700,0.7536231884057971,86,52,34,211.47084065021338,0.4326165402058259,0.7778549473123999,0.13301323176503718,1112163.0171711259,938.0096362514664,1113101.0268073773,4162,3,1426.1479591836735,74,122,42,35.67891380944714,0.569249574829932,41.1527777777778,8593.200325837965,116.12432872754006,0
4165,33.412264344496506,0,1,195,0.0,0.00510204081632653,0.9948979591836735,196,5250,4100,1150,0.780952380952381,64,41,23,208.49197317977277,0.43237452032094886,0.7756994054281057,0.13174215572607098,1120748.343862052,2283.406729952621,1123031.7505920047,4163,4,1427.1479591836735,76,120,45,35.590114558306354,0.570843962585034,40.99025974025976,8654.10190935787,113.86976196523514,0
4166,33.82479263983368,0,2,193,0.0,0.010256410256410256,0.9897435897435898,195,4900,3800,1100,0.7755102040816326,60,38,22,212.37082486424265,0.43232223103357126,0.7790149306302958,0.1347803862675716,1135937.913220709,4348.014325049741,1140285.9275457587,4164,5,1432.1128205128205,78,117,40,35.33208259136778,0.5725961538461539,40.83597046413502,8766.169558754369,112.3867892147996,0
4167,34.22386979794527,0,0,193,0.0,0.0,1.0,193,5750,4600,1150,0.8,69,46,23,211.55509554228988,0.4324355929763961,0.7763467522541898,0.13496971149940262,1150980.949193441,4349.176934795035,1155330.126128236,4165,6,1432.740932642487,79,114,42,35.16438230076651,0.5741040587219344,40.651041666666686,8875.924982232782,112.35348078775674,0
4168,34.597208075900916,0,0,193,0.0,0.0,1.0,193,6150,4600,1550,0.7479674796747967,77,46,31,211.8486538214599,0.43217360211571676,0.7759713458442934,0.13578993735865866,1165007.848850814,4611.068894095905,1169618.9177449099,4166,7,1433.740932642487,67,126,44,34.98938718690354,0.5758311744386874,40.487132352941174,8978.420680359026,134.00627881132874,0
4169,34.356198224806874,0,0,193,0.0,0.0,1.0,193,4950,3300,1650,0.6666666666666666,66,33,33,210.87645051280418,0.4320116850172711,0.7743574113583254,0.1356554178380623,1158017.8197207432,5289.737490657311,1163307.5572114005,4167,8,1434.740932642487,70,123,44,34.885738637433825,0.5768566493955095,40.360915492957744,8920.211854231324,127.43159791759034,0
4170,34.44148524776032,0,0,193,0.0,0.0,1.0,193,5350,3500,1850,0.6542056074766355,72,35,37,208.8805974836844,0.43190598913356365,0.772828444167414,0.1348598032297572,1162024.3693306562,4594.868911277721,1166619.238241934,4168,9,1435.740932642487,71,122,45,34.80837510442773,0.5783139032815199,40.23437499999999,8946.713941312722,126.0100555114468,0
4171,34.496889913632074,1,2,192,0.005154639175257732,0.010309278350515464,0.9896907216494846,194,5200,3500,1700,0.6730769230769231,69,35,34,215.8221930544418,0.43253509873048096,0.7810490347828623,0.13460288718766455,1152980.524218979,5767.757057200149,1158748.2812761792,4169,0,1429.3350515463917,63,131,45,35.875104920784814,0.5657753436426116,41.45507812500001,8918.995707650498,141.5713604388968,8
4172,34.60848924802611,0,0,192,0.0,0.0,1.0,192,5300,4100,1200,0.7735849056603774,65,41,24,214.7665861360078,0.43170595640634085,0.7783903733528559,0.13457392507421384,1158207.0377656126,6048.834307923683,1164255.8720735363,4170,1,1443.1875,65,127,44,35.73160688140556,0.5672200520833333,41.28787878787878,8953.63566530371,137.74824100467245,0
4173,34.928989327881936,1,1,192,0.0051813471502590676,0.0051813471502590676,0.9948186528497409,193,4500,3200,1300,0.7111111111111111,58,32,26,213.60389567082356,0.43195771265112265,0.7779156840969144,0.13467163925863213,1170909.4613520862,6922.164484526189,1177831.6258366124,4171,0,1436.7046632124352,67,126,47,35.53837829576603,0.5688687392055267,41.069240196078425,9044.189745851529,134.98790665450042,0
4174,35.04518337816827,1,1,192,0.0051813471502590676,0.0051813471502590676,0.9948186528497409,193,5550,3700,1850,0.6666666666666666,74,37,37,215.44042022245185,0.43247382340241797,0.7790258829339847,0.13668105348539106,1176811.0905682936,6556.535174894749,1183367.6257431884,4172,0,1435.6943005181347,69,124,40,35.26503732414584,0.5707037996545768,40.84821428571427,9082.021853136874,131.6235051179257,0
4175,34.953678055133324,0,0,192,0.0,0.0,1.0,192,5550,3900,1650,0.7027027027027027,72,39,33,214.8710654973833,0.432516065844968,0.7772495694603916,0.13660780879432136,1174412.435933262,6519.450288471352,1180931.8862217334,4173,1,1442.375,69,123,40,35.20378874856487,0.5719943576388888,40.77380952380951,9060.9088053634,131.31751891831016,0
4176,34.872285662186464,0,0,192,0.0,0.0,1.0,192,5800,4000,1800,0.6896551724137931,76,40,36,215.65308730589442,0.43276943808173357,0.7786183751743365,0.13751624297254195,1172630.7747156539,6376.289367466662,1179007.0640831206,4174,2,1443.375,71,121,42,35.075836820083644,0.5734049479166667,40.66840277777777,9043.485539564406,127.37303576851276,0
4177,34.34328374342909,1,0,193,0.0051813471502590676,0.0,1.0,193,6050,4500,1550,0.743801652892562,76,45,31,214.58389717794316,0.4328988557858377,0.7773665893127424,0.1375512446887183,1156475.6765282108,4982.211532184308,1161457.8880603951,4175,0,1436.8911917098446,66,127,45,34.91630222062466,0.5750215889464594,40.48507462686567,8912.594717744369,135.0393139052177,0
4178,34.11669249319001,0,0,193,0.0,0.0,1.0,193,5650,4200,1450,0.7433628318584071,71,42,29,214.93667826495295,0.43274593408175016,0.7789154374989338,0.13857650368259533,1150635.6188861753,5212.7595633466635,1155848.378449522,4176,1,1437.8911917098446,66,127,44,34.70068841664175,0.5763708981001727,40.28296019900498,8860.686382132153,134.25282397169929,0
4179,34.415486624980296,0,0,193,0.0,0.0,1.0,193,6350,4400,1950,0.6929133858267716,83,44,39,214.7031747515667,0.4326391137737478,0.7772480835150337,0.12762561150188378,1134777.013033535,3778.0454666797623,1138555.058500215,4177,2,1438.8911917098446,73,120,39,37.68745774635016,0.5530548359240068,43.201013513513495,8837.862084734126,121.06660390046748,8
4180,34.53815460812222,0,2,191,0.0,0.010362694300518135,0.9896373056994818,193,4150,2600,1550,0.6265060240963856,57,26,31,213.208397993578,0.43294833045480713,0.7754703815574644,0.1270936428516658,1139742.4759174038,5850.533483116436,1145593.0094005202,4178,3,1439.8911917098446,74,119,45,37.61983925321221,0.5541342832469776,43.0972222222222,8872.947858144895,119.90470078574182,0
4181,34.903617568056916,1,0,192,0.005208333333333333,0.0,1.0,192,5650,3900,1750,0.6902654867256637,74,39,35,209.17596341019583,0.43297906668121006,0.7698421074279995,0.12514795672228823,1153014.7605262473,4186.594671850464,1157201.3551980979,4179,0,1434.9895833333333,77,115,38,37.58545704092411,0.5558810763888888,42.962072649572626,8971.553516725246,116.5136820353928,0
4182,35.064040063706145,2,0,194,0.010309278350515464,0.0,1.0,194,5100,3700,1400,0.7254901960784313,65,37,28,211.43048142328325,0.43443915478161776,0.7738569257104173,0.12710613342191304,1159906.2112137617,5147.905728555902,1165054.1169423177,4180,0,1421.1855670103093,80,114,40,37.347195140242945,0.5575064432989691,42.78549382716046,9018.979749410739,112.73724686763424,0
4183,35.07865802858799,1,0,195,0.005128205128205128,0.0,1.0,195,5650,4200,1450,0.7433628318584071,71,42,29,209.32745778007012,0.4349975768790202,0.7717906604579534,0.12636736898847847,1161767.4403994288,3987.9649660942086,1165755.405365523,4181,0,1414.8923076923077,68,127,41,37.24544912404195,0.559241452991453,42.63285024154589,9028.09423416919,132.76609167895867,0
4184,35.27021771895171,1,0,196,0.00510204081632653,0.0,1.0,196,5550,4000,1550,0.7207207207207207,71,40,31,201.8416910949312,0.4358903497296354,0.7627989564019777,0.12237507370063395,1169542.0120473157,2462.467503639471,1172004.4795509551,4182,0,1408.6683673469388,75,121,41,37.277407436975544,0.5609587585034014,42.4753289473684,9082.95121602769,121.10601621370253,0
4185,34.78509445325749,0,0,196,0.0,0.0,1.0,196,6000,4100,1900,0.6833333333333333,79,41,38,207.44362766792398,0.43558400924472357,0.7684306737501265,0.1262291160563343,1154640.628073667,2704.568108074116,1157345.196181741,4183,1,1409.6683673469388,76,120,39,36.998144842311575,0.5624468537414966,42.343073593073576,8962.62052160091,117.92921738948564,0
4186,35.01715629753222,0,0,196,0.0,0.0,1.0,196,4900,3800,1100,0.7755102040816326,60,38,22,206.24966276798585,0.4355758328972615,0.7669918896175665,0.1262183269378147,1164206.4344554648,3923.4368997514407,1168129.8713552163,4184,2,1410.6683673469388,81,115,41,36.818264857053705,0.5637755102040816,42.136686991869894,9029.639935005092,111.47703623463077,0
4187,35.15529918615467,0,1,195,0.0,0.00510204081632653,0.9948979591836735,196,5500,4200,1300,0.7636363636363637,68,42,26,212.23297148808507,0.4355551194836909,0.7732586763380469,0.13054554843912244,1170475.115209609,4982.6823507582285,1175457.7975603673,4185,3,1411.6683673469388,83,113,33,36.475253095615635,0.5651573129251701,41.95188492063488,9071.75869003824,109.29829747034023,0
4188,34.72582654566232,0,1,194,0.0,0.005128205128205128,0.9948717948717949,195,4900,3400,1500,0.6938775510204082,64,34,30,209.98053284698528,0.4352409903956296,0.7788215628413329,0.12409002560039485,1143076.7549658632,4104.7732185469185,1147181.5281844102,4186,4,1418.2564102564102,68,127,42,38.030149250804115,0.5501602564102563,43.41787439613526,8910.026388437136,131.02979982995788,8
4189,34.7735733273576,0,0,194,0.0,0.0,1.0,194,6100,4900,1200,0.8032786885245902,73,49,24,207.37326198473187,0.43467952655662984,0.77556170511736,0.12322427716282824,1146465.640362507,2649.2639190774894,1149114.9042815845,4187,5,1426.298969072165,69,125,44,37.889236594034934,0.5519222508591065,43.214285714285715,8929.356865132182,129.4109690598867,0
4190,34.73752069915278,1,0,195,0.005128205128205128,0.0,1.0,195,5950,4300,1650,0.7226890756302521,76,43,33,208.36960690800288,0.43524759890739273,0.7777761149356481,0.12453718366362013,1147189.2523291686,2857.8747113828413,1150047.1270405515,4188,0,1419.9794871794873,74,121,40,37.64490110246433,0.553792735042735,42.99999999999999,8927.542819682247,120.64247053624658,0
4191,34.68017140916881,1,0,196,0.00510204081632653,0.0,1.0,196,5550,4000,1550,0.7207207207207207,71,40,31,209.22416195130413,0.4357513518227804,0.7784568688586551,0.1255344971707817,1146568.932303124,3227.9847961042396,1149796.9170992284,4189,0,1413.7295918367347,76,120,43,37.47709297839501,0.5554846938775511,42.85714285714283,8917.758362357632,117.33892582049516,0
4192,34.466258552179504,0,0,196,0.0,0.0,1.0,196,6000,4400,1600,0.7333333333333333,76,44,32,210.30317089555362,0.43569248212105355,0.7797100388079385,0.12655813893190046,1140465.1953958953,2768.6893775542676,1143233.8847734495,4190,1,1414.7295918367347,78,118,44,37.337796856312984,0.5568664965986394,42.747890295358616,8866.517726173724,113.67330418171441,0
4193,33.85962023421378,0,0,196,0.0,0.0,1.0,196,5850,4200,1650,0.717948717948718,75,42,33,211.5896008843115,0.4356979330193616,0.7815225069111307,0.12797346945051102,1121993.3908616428,2430.426753449943,1124423.8176150927,4191,2,1415.7295918367347,64,132,45,37.11702668492693,0.558248299319728,42.564102564102555,8716.681721833478,136.1981519036481,0
4194,34.02197132055223,1,0,197,0.005076142131979695,0.0,1.0,197,5450,3800,1650,0.6972477064220184,71,38,33,210.14086549874577,0.4361413981836389,0.7811604089708426,0.12778878099742044,1129106.3286333075,2604.2762278227815,1131710.6048611302,4192,0,1409.53807106599,66,131,42,36.952356526461884,0.5598561759729273,42.3662935323383,8765.206572650333,132.80616019167172,0
4195,33.96579912414696,0,0,197,0.0,0.0,1.0,197,5400,3900,1500,0.7222222222222222,69,39,30,211.0345122504032,0.43592665492592975,0.7829916324332991,0.12877221857193336,1128330.7728713467,2823.346862004881,1131154.1197333515,4193,1,1410.53807106599,66,131,45,36.80233025715259,0.5610723350253808,42.24191542288556,8754.959323371133,132.65089883895655,0
4196,33.47500415923652,2,1,198,0.010050251256281407,0.005025125628140704,0.9949748743718593,199,4550,3000,1550,0.6593406593406593,61,30,31,205.39272488991898,0.43726312539126605,0.779394082508094,0.12617183820054859,1114120.0864374086,1416.4320815942451,1115536.5185190027,4194,0,1397.3517587939698,71,128,38,36.700277107983354,0.5628664154103853,41.9994212962963,8636.570445191912,121.64183725622411,0
4197,33.082487616728194,1,1,198,0.005025125628140704,0.005025125628140704,0.9949748743718593,199,5850,4200,1650,0.717948717948718,75,42,33,209.04173434079544,0.4372652403431298,0.7835209661754157,0.12929296458708214,1103156.542225795,471.15136725493903,1103627.6935930501,4195,0,1398.3467336683418,71,128,41,36.35504201680672,0.5644367671691792,41.753472222222214,8543.437557271369,120.33010644044181,0
4198,33.444153352767714,0,1,197,0.0,0.005050505050505051,0.9949494949494949,198,5400,3600,1800,0.6666666666666666,72,36,36,209.26638012255066,0.4371517629766361,0.7829441011259191,0.1298040348450668,1116106.9922754972,1712.7340205923902,1117819.7262960896,4196,1,1402.989898989899,63,135,42,36.244001869001906,0.5660774410774411,41.65039062500002,8640.283954565179,137.14736435817744,0
4199,33.010565090276295,0,0,197,0.0,0.0,1.0,197,6250,4300,1950,0.688,82,43,39,214.73677107911735,0.43674785904209396,0.7865169688362459,0.13386494787365402,1103164.5716110186,1727.9996153255784,1104892.5712263442,4197,2,1391.248730964467,63,134,42,35.91979350289599,0.5675232656514382,41.47135416666667,8534.176690982245,135.46312207908326,0
4200,32.478791718609116,1,0,198,0.005050505050505051,0.0,1.0,198,5550,3800,1750,0.6846846846846847,73,38,35,210.7047381262773,0.43731573347690095,0.7835918040379009,0.13181296408364798,1086445.0108867765,633.8223014997611,1087078.8331882763,4198,0,1385.2171717171718,64,134,42,35.89619475423377,0.5689709595959596,41.34615384615385,8400.764396447938,131.26194369449902,0
4201,32.451207090600775,3,1,200,0.014925373134328358,0.004975124378109453,0.9950248756218906,201,5700,3500,2200,0.6140350877192983,79,35,44,202.16780641706973,0.4382597429519071,0.7776419258177665,0.12768214804233802,1088362.7619528992,-1893.617565991883,1086469.1443869073,4199,0,1365.5273631840796,67,134,37,35.771980540604446,0.5714655887230514,41.007965686274495,8404.60414033066,125.44185284075613,0
4202,32.921622348440756,1,0,201,0.004975124378109453,0.0,1.0,201,5350,3300,2050,0.616822429906542,74,33,41,201.46980185627473,0.4385147180762852,0.7767193393396539,0.1278060095589356,1105474.6851155548,-1006.0468465285498,1104468.6382690263,4200,0,1366.5223880597016,68,133,40,35.63038855877896,0.5727611940298507,40.8514492753623,8531.59071910222,125.46456939856205,0
4203,33.076443424175395,0,2,199,0.0,0.009950248756218905,0.9900497512437811,201,6250,4400,1850,0.704,81,44,37,202.25920402792474,0.43818718905472637,0.7781592496653558,0.12880717730199367,1111849.4575408555,-1473.6427437814737,1110375.814797074,4201,1,1367.5223880597016,69,132,43,35.46999349556167,0.5740567993366501,40.7142857142857,8576.249259268307,124.29346752562763,0
4204,33.258174650808634,0,0,199,0.0,0.0,1.0,199,6400,4800,1600,0.75,80,48,32,205.97440711326078,0.4374354939681573,0.7791316282405001,0.13139847764812465,1118478.7547585433,-124.40032396634979,1118354.354434577,4202,2,1376.6381909547738,71,128,44,35.31206999144631,0.575429229480737,40.65393518518517,8625.376718611013,121.48417913536638,0
4205,33.548364043213084,2,2,199,0.009950248756218905,0.009950248756218905,0.9900497512437811,201,5050,3200,1850,0.6336633663366337,69,32,37,200.7262358227187,0.4380545190713101,0.7757981498151545,0.12897914692948154,1130442.7758842655,131.90464324686036,1130574.6805275124,4203,0,1363.9303482587065,64,137,44,35.18980081074962,0.5772180762852405,40.400641025641036,8709.13380025658,136.08021562900907,0
4206,33.87707179522997,0,0,199,0.0,0.0,1.0,199,5550,3800,1750,0.6846846846846847,73,38,35,202.20829169012742,0.4381027612811532,0.7726651172998258,0.12557163037502309,1130918.527444983,386.2206950727268,1131304.7481400557,4204,1,1367.9095477386934,71,128,39,36.38391190742813,0.5684149916247907,41.60879629629628,8753.537359126229,123.28925857924266,8
4207,33.9070426879338,1,0,200,0.005,0.0,1.0,200,5250,4000,1250,0.7619047619047619,65,40,25,199.91520839729307,0.43867724036850925,0.7716578366445934,0.12474048127269084,1133412.8124524662,67.29172031928647,1133480.1041727855,4205,0,1362.065,72,128,38,36.269315673289206,0.5697395833333334,41.438356164383556,8767.06069499656,121.76473187495223,0
4208,33.39331084351497,0,1,199,0.0,0.005,0.995,200,4950,3300,1650,0.6666666666666666,66,33,33,193.95907859070425,0.4385469011725293,0.7635462330512801,0.1214131845498545,1117229.2470261883,-1610.6489344427591,1115618.5980917455,4206,1,1363.065,78,122,42,36.30658069120195,0.5710416666666667,41.32383966244726,8638.053429958825,110.74427474306187,0
4209,33.13021549748542,0,0,199,0.0,0.0,1.0,199,5650,4000,1650,0.7079646017699115,73,40,33,193.63472705528295,0.4378426222019187,0.7615928087643182,0.12166403003395514,1109567.0194274224,-2479.8586087252515,1107087.1608186972,4207,2,1370.78391959799,80,119,41,36.17939958592133,0.572393216080402,41.19084362139919,8574.403123545479,107.18003904431848,0
4210,32.9080590138601,0,1,198,0.0,0.005025125628140704,0.9949748743718593,199,5950,4300,1650,0.7226890756302521,76,43,33,193.57504997887156,0.43783944977412315,0.7603314293531362,0.12211392722036858,1103335.7181827389,-3034.3466418604858,1100301.3715408784,4208,3,1371.78391959799,85,114,46,36.03628755632473,0.5740159128978224,41.04893410852713,8521.576958058555,100.25384656539477,0
4211,32.99867223463678,1,2,197,0.005025125628140704,0.010050251256281407,0.9899497487437185,199,5600,3600,2000,0.6428571428571429,76,36,40,192.51391803099096,0.4380297954418557,0.7594780556348442,0.12172152754325848,1107063.1124060003,-2774.9885446274784,1104288.1238613727,4209,0,1372.7336683417086,87,112,37,35.98155531691267,0.5752198492462312,40.968276515151516,8547.702941649582,98.24945909942049,0
4212,33.32942080763472,1,0,198,0.005050505050505051,0.0,1.0,198,6100,4200,1900,0.6885245901639344,80,42,38,197.71247438693229,0.4377269949922234,0.7650113943626065,0.12572878539179363,1119911.0708933664,-1415.9222160705363,1118495.1486772958,4210,0,1380.1262626262626,88,110,40,35.6400589943865,0.5768623737373737,40.76544943820225,8640.137423552234,98.18337981309357,0
4213,33.31311386902974,1,1,198,0.005025125628140704,0.005025125628140704,0.9949748743718593,199,5600,4100,1500,0.7321428571428571,71,41,30,199.98694181552835,0.437854254437169,0.768670399531691,0.12747389562950004,1120076.3959390896,-599.8693952764024,1119476.5265438133,4211,0,1374.1859296482412,89,110,42,35.496866398869315,0.5783082077051926,40.68287037037038,8638.661067541829,97.06360750046998,0
4214,33.1129120016213,1,0,199,0.005025125628140704,0.0,1.0,199,4200,3000,1200,0.7142857142857143,54,30,24,218.4432035369482,0.43760363264132107,0.7884153175549031,0.1383022759235476,1111304.6135999537,4551.387980032849,1115856.0015799867,4212,0,1375.0201005025126,73,126,39,35.26119487458118,0.5732307370184255,40.920608108108105,8578.873105149765,117.51880965958583,8
4215,32.90201788178679,2,0,201,0.009950248756218905,0.0,1.0,201,6250,4600,1650,0.736,79,46,33,218.67905497998046,0.4382037728026534,0.7894843743557876,0.13951340682456184,1106523.0124035752,1944.6813332030092,1108467.6937367783,4213,0,1362.3283582089553,78,123,43,34.97996000474522,0.5752487562189055,40.651371308016884,8533.093218840526,109.39863101077597,0
4216,32.45173365620732,0,0,201,0.0,0.0,1.0,201,5600,4000,1600,0.7142857142857143,72,40,32,215.97772904897408,0.4381135986733002,0.7867882211858124,0.13807679643337856,1091994.1561990716,1369.283598125231,1093363.4397971968,4214,1,1363.3283582089553,66,135,43,34.975428502936566,0.5765443615257049,40.57835820895522,8418.682024059006,127.55578824331828,0
4217,32.58406860890944,1,1,201,0.0049504950495049506,0.0049504950495049506,0.995049504950495,202,5500,3600,1900,0.6545454545454545,74,36,38,212.82052324707956,0.43844617670722297,0.7849905476740731,0.13683164749588397,1098125.3949328696,840.7242281037979,1098966.1191609735,4215,0,1357.5742574257426,67,135,43,34.85465344976789,0.5777640264026402,40.37990196078431,8459.479086761592,126.26088189196406,0
4218,32.94103465175173,0,0,201,0.0,0.0,1.0,201,6150,4400,1750,0.7154471544715447,79,44,35,213.8771937895521,0.4375010364842455,0.7861471175529018,0.13793411261703536,1111072.8540750367,1176.6288250635134,1112249.4829001003,4216,1,1365.278606965174,67,134,44,34.717696353091505,0.5791355721393034,40.27267156862745,8555.686925864748,127.69681978902608,0
4219,32.67435011693975,1,0,202,0.0049504950495049506,0.0,1.0,202,6050,4600,1450,0.7603305785123967,75,46,29,208.72004152550568,0.43798796857297667,0.7816907635347918,0.13543542664812513,1103887.4173704484,-369.3144813914605,1103518.1028890568,4217,0,1359.5148514851485,69,133,44,34.634045111060225,0.5808065181518152,40.0595238095238,8493.386128611646,123.09255258857458,0
4220,33.06661221937981,0,2,200,0.0,0.009900990099009901,0.9900990099009901,202,5700,4400,1300,0.7719298245614035,70,44,26,206.3387288242168,0.4379392230267803,0.778993995957292,0.1344257529533223,1118329.312354532,50.92974361886627,1118380.242098151,4218,1,1360.5148514851485,73,129,40,34.554737677708,0.5820957095709571,39.92117117117116,8599.92577935332,117.80720245689479,0
4221,32.72814327983972,0,0,200,0.0,0.0,1.0,200,5650,4000,1650,0.7079646017699115,73,40,33,205.66410186270636,0.4372675879396985,0.7763648980463322,0.1344351459977645,1107866.4510277188,-80.32827311221172,1107786.1227546067,4219,2,1374.48,74,126,42,34.4542898829223,0.5835416666666666,39.80555555555554,8515.681058396045,115.07677105940601,0
4222,32.40057480215364,0,1,199,0.0,0.005,0.995,200,5300,3900,1400,0.7358490566037735,67,39,28,207.38129642992334,0.4371168341708543,0.7784838378655738,0.13590657254267613,1097525.7691868513,221.26337584335943,1097747.0325626947,4220,3,1375.48,77,123,43,34.319095262527796,0.5846875,39.71688034188033,8433.322688220771,109.52367127559442,0
4223,32.19578894697953,0,0,199,0.0,0.0,1.0,199,5200,3900,1300,0.75,65,39,26,207.2504919067434,0.43634312133055847,0.7780450562474306,0.13614260302783288,1091271.6986501808,233.31926983132962,1091505.0179200121,4221,4,1383.3668341708542,79,120,44,34.23934786957389,0.5856888609715243,39.63541666666666,8382.643174268242,106.10940726921825,0
4224,32.50630497701003,0,1,198,0.0,0.005025125628140704,0.9949748743718593,199,5600,3600,2000,0.6428571428571429,76,36,40,208.57213531805473,0.43594656785611563,0.780305375433962,0.13760946405197014,1103064.279410198,613.6944299314682,1103677.9738401296,4222,5,1384.3668341708542,63,136,44,34.05207422216671,0.5870498324958124,39.48567708333335,8468.35803160847,134.4183814541027,0
4225,32.141979346315516,1,0,199,0.005025125628140704,0.0,1.0,199,4750,3700,1050,0.7789473684210526,58,37,21,208.3717405979746,0.4361580630424851,0.779796293163564,0.13810062872055184,1091998.478520903,958.3247399481265,1092956.8032608512,4223,0,1383.7537688442212,65,134,44,33.8991987567611,0.5886201842546064,39.33080808080808,8378.423782887432,128.89882742903742,0
4226,32.465410679159966,0,0,199,0.0,0.0,1.0,199,6200,4400,1800,0.7096774193548387,80,44,36,205.5178623670952,0.43583553288327154,0.7768896946878194,0.1366913807829364,1104007.7222347942,-621.3385779078153,1103386.3836568864,4224,1,1384.7537688442212,66,133,45,33.85050276221136,0.5900858458961473,39.21019900497513,8466.647990239891,128.282545306665,0
4227,32.26760527435315,0,1,198,0.0,0.005025125628140704,0.9949748743718593,199,6650,4500,2150,0.6766917293233082,88,45,43,202.91428667536474,0.4354315770773057,0.7739362127385543,0.1355768629757899,1098588.023544864,-1866.1589704589178,1096721.8645744051,4225,2,1385.7537688442212,68,131,44,33.760003856908675,0.5913421273031826,39.05495169082126,8420.07181713761,123.82458554614132,0
4228,31.974535861529425,0,0,198,0.0,0.0,1.0,198,5550,3600,1950,0.6486486486486487,75,36,39,204.82155823526944,0.43483855047941344,0.7753975633597971,0.13732459710770156,1089587.8764390561,-515.7826626986698,1089072.0937763574,4226,3,1393.641414141414,70,128,41,33.59067663257278,0.5924347643097643,38.93779342723006,8347.342886151071,119.24775551644387,0
4229,32.13642283206507,0,0,198,0.0,0.0,1.0,198,5800,3800,2000,0.6551724137931034,78,38,40,203.75094840132087,0.4343140585209113,0.7743231114602696,0.1370384545655986,1096000.4388438317,-737.7742274608263,1095262.6646163708,4227,4,1394.641414141414,71,127,43,33.50967575153258,0.5938026094276094,38.83101851851854,8393.036819508714,118.21178619026358,0
4230,31.700456937041196,0,1,197,0.0,0.005050505050505051,0.9949494949494949,198,5850,4300,1550,0.7350427350427351,74,43,31,204.16496881665844,0.43389478541762805,0.7744635963026754,0.1377792525410542,1082071.7634712684,-1265.770430700034,1080805.9930405684,4228,5,1395.641414141414,76,122,45,33.383059783921865,0.595223063973064,38.71753246753249,8282.773610416916,108.98386329495942,0
4231,31.515392138779955,0,0,197,0.0,0.0,1.0,197,5150,3400,1750,0.6601941747572816,69,34,35,207.44823901441904,0.43303679339756207,0.7762872021424769,0.14044551066000796,1076646.0683031415,119.66618225715592,1076765.7344853987,4229,12,1403.7005076142132,76,121,45,33.186803471000246,0.5963409475465313,38.60930735930738,8237.83017999878,108.392502368405,0
4232,31.760114635446477,0,0,197,0.0,0.0,1.0,197,5350,3700,1650,0.6915887850467289,70,37,33,205.30055553211088,0.43281881280430956,0.7736239144874717,0.1394024427891807,1085830.159519196,-165.69300743778422,1085664.4665117583,4230,13,1404.7005076142132,65,132,46,33.14169885723483,0.5975042301184433,38.510101010101,8304.9491679305,127.76844873739229,0
4233,31.85622639318937,0,0,197,0.0,0.0,1.0,197,4900,3500,1400,0.7142857142857143,63,35,28,204.56930353701998,0.4330227649435409,0.7729177662524009,0.13910208981994066,1089510.5272189872,276.08194988788637,1089786.609168875,4231,14,1405.7005076142132,65,132,46,33.11250326876269,0.5990376480541455,38.46275252525252,8331.589765807137,128.17830408934057,0
4234,31.82758647857328,0,0,197,0.0,0.0,1.0,197,5700,3600,2100,0.631578947368421,78,36,42,204.42613268769253,0.43282636658724405,0.7730748537955265,0.1396469425892549,1089815.761558592,-542.6357044969318,1089273.1258540952,4232,15,1406.7005076142132,66,131,46,32.95879871673006,0.6005710659898478,38.308457711442784,8329.010192900267,126.19712413485253,0
4235,31.666021486948196,0,0,197,0.0,0.0,1.0,197,5850,4000,1850,0.6837606837606838,77,40,37,202.07454745889297,0.43245083566421494,0.770596029479278,0.13872539414708077,1085651.9436266713,-1373.4749587547258,1084278.4686679167,4233,16,1407.7005076142132,67,130,42,32.85192660192658,0.6021044839255499,38.14338235294117,8291.957280911325,123.76055643151231,0
4236,31.72801518219514,0,0,197,0.0,0.0,1.0,197,4550,3200,1350,0.7032967032967034,59,32,27,203.67829745842272,0.432134655892814,0.7718567649437731,0.14024974936830437,1088612.845295676,395.36218423845185,1089008.2074799144,4234,17,1408.7005076142132,70,127,46,32.707341547652376,0.6033206429780034,38.04284037558685,8311.380737648084,118.73401053782976,0
4237,32.14417517414201,0,0,197,0.0,0.0,1.0,197,5800,4000,1800,0.6896551724137931,76,40,36,202.38767933157376,0.431723514278808,0.7703978869811954,0.1398089582974365,1103788.2902393662,-521.3698930177543,1103266.9203463485,4235,18,1409.7005076142132,73,124,48,32.63252896098547,0.6048540609137056,37.936373873873876,8423.819104969069,115.39478225985026,0
4238,32.59227316917654,0,0,197,0.0,0.0,1.0,197,4800,3200,1600,0.6666666666666666,64,32,32,200.3598706887585,0.43157999240305256,0.7676902053318628,0.13866937735821394,1119708.7787079248,668.9412221974453,1120377.7199301221,4236,19,1410.7005076142132,77,120,41,32.62197710753344,0.6058587140439933,37.87393162393162,8543.284425275056,110.95174578279294,0
4239,33.05709355988458,0,0,197,0.0,0.0,1.0,197,6150,4700,1450,0.7642276422764228,76,47,29,201.58164771148785,0.431437549639145,0.7676164466299256,0.1398294743357298,1136322.9323705917,262.3698079227588,1136585.3021785144,4237,20,1411.7005076142132,79,118,41,32.513997864627314,0.6070219966159052,37.79947916666667,8667.587148637975,109.71629302073386,0
4240,32.51813800334927,0,0,197,0.0,0.0,1.0,197,5100,3300,1800,0.6470588235294118,69,33,36,200.20615491999953,0.4308796488138402,0.7664429600351812,0.13932463124883057,1118705.4713072516,294.3441796781053,1118999.8154869296,4238,21,1412.7005076142132,80,117,42,32.44135166936315,0.608502538071066,37.6929012345679,8529.738436912476,106.62173046140595,0
4241,32.6950034110734,0,1,196,0.0,0.005076142131979695,0.9949238578680203,197,7100,5300,1800,0.7464788732394366,89,53,36,204.08339471994657,0.4306282157533064,0.7695958617211112,0.14264523437736226,1126024.3709144294,-539.4247692780964,1125484.9461451513,4239,22,1413.7005076142132,84,113,43,32.192830905242204,0.6100359560067682,37.54901960784314,8580.835699161136,102.15280594239448,0
4242,32.740563032859995,0,0,196,0.0,0.0,1.0,196,5700,3600,2100,0.631578947368421,78,36,42,206.58445856182033,0.4299063535670678,0.7718307782166425,0.1449376847444661,1128654.2654902423,1732.4860679582143,1130386.7515582005,4240,23,1418.1632653061224,69,127,45,32.001216114102206,0.6112351190476191,37.42559523809524,8596.833849922843,124.59179492641802,0
4243,32.61499003103762,0,0,196,0.0,0.0,1.0,196,5350,3600,1750,0.6728971962616822,71,36,35,226.36283043452246,0.42943812140240717,0.7832584188204592,0.14993208651133627,1107889.743564379,5607.011632521884,1113496.7551969008,4241,24,1419.1632653061224,71,125,44,33.45174659561871,0.5901360544217686,39.35185185185184,8501.036753460243,119.7329120205668,8
4244,32.163185698156006,1,0,197,0.005076142131979695,0.0,1.0,197,5500,4000,1500,0.7272727272727273,70,40,30,224.75207034732517,0.42937968334541937,0.7828648512631704,0.14973638287311536,1094212.054803584,4285.28494322138,1098497.3397468054,4242,0,1412.9543147208121,74,123,40,33.29018245389846,0.5915291878172588,39.152777777777786,8389.677647181517,113.3740222592097,0
4245,32.07268864564993,1,0,198,0.005050505050505051,0.0,1.0,198,5050,3600,1450,0.7128712871287128,65,36,29,222.94837900067245,0.4292929292929293,0.7844275608200217,0.14959294369791507,1093150.8216717734,4093.2407389950013,1097244.0624107684,4243,0,1406.8131313131314,75,123,35,33.09081185364059,0.5931186868686869,38.91173245614035,8373.802713966359,111.65070285288479,0
4246,31.695024250301845,0,0,198,0.0,0.0,1.0,198,5250,3900,1350,0.7428571428571429,66,39,27,220.17131785021718,0.4289489651164778,0.7879769895942887,0.14545051166023387,1075900.9491074537,2526.5059682576552,1078427.4550757112,4244,1,1407.8131313131314,65,133,43,33.70453237627962,0.5889099326599326,39.44128787878789,8258.414699309258,127.05253383552704,8
4247,31.662307293499122,0,0,198,0.0,0.0,1.0,198,5750,4100,1650,0.7130434782608696,74,41,33,210.12992232619368,0.4286108761045309,0.7628073611796182,0.1355769772816959,1068068.4541704082,-463.37173722242187,1067605.0824331858,4245,2,1408.8131313131314,84,114,39,34.799382716049436,0.5843329124579124,40.2573529411765,8224.051508403427,97.9053751000408,8
4248,31.266259824210522,0,0,198,0.0,0.0,1.0,198,6300,4300,2000,0.6825396825396826,83,43,40,210.7732302551663,0.42817771624878226,0.7651086984850328,0.13647440899338203,1055709.7368839388,-1396.9297090276586,1054312.807174911,4246,3,1409.8131313131314,86,112,44,34.65682209116601,0.5858585858585859,40.134099616858265,8125.034760831791,94.477148381765,0
4249,31.79686169739811,0,1,197,0.0,0.005050505050505051,0.9949494949494949,198,5550,3700,1850,0.6666666666666666,74,37,37,211.20751228055929,0.4282498205404297,0.7658752867407146,0.13743915945223512,1075055.7034114066,261.9681361105868,1075317.6715475172,4247,4,1410.8131313131314,90,108,36,34.46886325952666,0.5872790404040404,39.96108058608063,8268.421556545363,91.87135062828182,0
4250,31.746417273302278,0,0,197,0.0,0.0,1.0,197,5700,4100,1600,0.7192982456140351,73,41,32,209.80519175602498,0.4276843986325494,0.7613138188530413,0.13722393622961807,1074804.7064364082,-0.07849316558622377,1074804.6279432427,4248,5,1418.3807106598986,92,105,38,34.32549931129481,0.5888324873096447,39.78494623655918,8260.89567756909,89.79234432140315,0
4251,31.68305902274631,0,0,197,0.0,0.0,1.0,197,5600,4300,1300,0.7678571428571429,69,43,26,212.93807494157596,0.42749447494733933,0.767015927752388,0.1399582301937289,1074053.9127956377,741.3945148345738,1074795.3073104722,4249,6,1419.3807106598986,95,102,40,34.07131620619246,0.5903130287648054,39.61588541666669,8249.765270929365,86.83963443083542,0
4252,32.06315072360241,0,0,197,0.0,0.0,1.0,197,7250,5200,2050,0.7172413793103448,93,52,41,206.3902833567992,0.42713944714941815,0.757976878387185,0.1365787175214619,1088884.061010433,-1702.9820210712369,1087181.0789893616,4250,7,1420.3807106598986,77,120,39,34.004131437355866,0.5923223350253808,39.383012820512796,8356.201741066996,108.5221005333376,0
4253,32.046499170287525,0,0,197,0.0,0.0,1.0,197,5600,3800,1800,0.6785714285714286,74,38,36,205.65847738675046,0.427004558168445,0.7566342287154479,0.13633386481068574,1088820.5368085052,-214.96525050808486,1088605.571557997,4251,8,1421.3807106598986,79,118,41,33.96187146187141,0.5932212351945855,39.322916666666636,8353.787934754564,105.74415107284258,0
4254,31.69267692841019,1,0,198,0.005050505050505051,0.0,1.0,198,6900,5000,1900,0.7246376811594203,88,50,38,204.00198606003272,0.4272905664085867,0.7528390694147231,0.1361533622736335,1078703.9720779506,-2488.4494650507586,1076215.5226128998,4252,0,1415.1969696969697,86,112,42,33.7698667645664,0.5951704545454546,39.092432950191544,8268.85923068702,96.14952593822116,0
4255,31.532430901134017,1,0,199,0.005025125628140704,0.0,1.0,199,4550,3300,1250,0.7252747252747253,58,33,25,200.20794071240397,0.42756924352401743,0.750175061927195,0.13421347136646222,1074485.2208265967,-1325.9053224792424,1073159.3155041174,4253,0,1409.0804020100502,90,109,33,33.71572539390218,0.5963149078726968,38.942307692307665,8231.783643901736,91.46426271001928,0
4256,32.053510345178786,0,1,198,0.0,0.005025125628140704,0.9949748743718593,199,5050,3600,1450,0.7128712871287128,65,36,29,199.65293551569903,0.42736515066917075,0.7496920009683288,0.13415853955580573,1092911.8952839894,-1209.3863693054518,1091702.508914684,4254,1,1410.0804020100502,90,109,34,33.648486243223864,0.5969430485762144,38.86217948717946,8370.38383132506,93.00426479250066,0
4257,31.568054915558406,1,1,198,0.005025125628140704,0.005025125628140704,0.9949748743718593,199,4850,3500,1350,0.7216494845360825,62,35,27,202.8456778130257,0.4271536554828012,0.7554345932157347,0.1366838632740094,1077135.1367463917,-951.5586180908822,1076183.5781283008,4255,0,1411.0653266331658,91,108,36,33.46914008321775,0.5979899497487438,38.768115942028956,8246.582461636728,90.6217852927113,0
4258,31.896081223042614,0,0,198,0.0,0.0,1.0,198,6100,4500,1600,0.7377049180327869,77,45,32,202.58967407036994,0.427526107094635,0.7588159620623558,0.12764566177440761,1069051.0071074094,-2384.260981102014,1066666.7461263074,4256,1,1416.5454545454545,86,112,37,35.84674435812057,0.575547138047138,41.091954022988496,8258.152063781985,96.02502399746494,8
4259,31.77940146412233,1,2,197,0.005025125628140704,0.010050251256281407,0.9899497487437185,199,6100,4500,1600,0.7377049180327869,77,45,32,196.214993291912,0.42803664788589413,0.7509456800659662,0.12426217566225871,1066628.2701310345,-4042.3082262552152,1062585.9619047793,4257,0,1410.4221105527638,90,109,36,35.827460899531665,0.5770519262981575,40.91117216117215,8233.687874758962,91.48542083065513,0
4260,32.11312585598713,0,0,197,0.0,0.0,1.0,197,5450,3600,1850,0.6605504587155964,73,36,37,195.41116860302105,0.4270164283987707,0.7475439136417517,0.12412873600446046,1078719.345136829,-2691.238434425447,1076028.1067024034,4258,3,1425.2131979695432,92,105,36,35.73923627616209,0.5786802030456852,40.80421146953404,8323.586978420646,90.47377150457224,0
4261,31.79228795034626,0,0,197,0.0,0.0,1.0,197,5250,3500,1750,0.6666666666666666,70,35,35,199.17489668040716,0.4269484443523602,0.754130375799374,0.1268881453851897,1068786.4627719885,-2074.913340794513,1066711.5494311939,4259,4,1426.2131979695432,94,103,38,35.537184258006306,0.57957910321489,40.7017543859649,8243.684489580965,87.69877116575495,0
4262,31.79824868686872,1,0,198,0.005050505050505051,0.0,1.0,198,5250,3500,1750,0.6666666666666666,70,35,35,192.90611961834742,0.4279357662923653,0.7490861795209598,0.1237745273946059,1071052.1672961481,-3527.496499615465,1067524.6707965326,4260,0,1420.0050505050506,83,115,40,35.444537346711265,0.5813867845117845,40.451388888888914,8253.19128244256,99.43603954750073,0
4263,31.736863650347484,1,1,198,0.005025125628140704,0.005025125628140704,0.9949748743718593,199,6350,4400,1950,0.6929133858267716,83,44,39,191.31385032627742,0.428162487521784,0.747453257720953,0.12343427867419961,1070577.732909596,-5186.730368697384,1065391.0025408987,4261,0,1413.8643216080402,87,112,40,35.28882597335523,0.5832286432160805,40.25804924242426,8243.394875468503,94.75166523527014,0
4264,32.181726510424625,0,1,197,0.0,0.005050505050505051,0.9949494949494949,198,5800,4000,1800,0.6896551724137931,76,40,36,190.48048845680475,0.4278220017433216,0.7438321474804168,0.12319494339864129,1086290.193666933,-4016.5826608968573,1082273.6110060362,4262,1,1416.5,89,109,45,35.22442536415878,0.5849116161616161,40.173611111111136,8361.661787413517,93.95125603835413,0
4265,32.495116091965734,0,0,197,0.0,0.0,1.0,197,6050,4100,1950,0.6776859504132231,80,41,39,191.935486323227,0.4272095894195242,0.7453885971445913,0.12452774352651069,1097793.4054037214,-3308.8977702806233,1094484.5076334407,4263,2,1422.4365482233502,90,107,44,35.075010275380215,0.5862944162436547,40.06410256410259,8446.647163648857,93.85163515165397,0
4266,32.53994650808265,0,0,197,0.0,0.0,1.0,197,5400,3600,1800,0.6666666666666666,72,36,36,194.66344837716656,0.42699808349735835,0.7511850889964442,0.12682618606391222,1100532.586988258,-1953.306313084052,1098579.280675174,4264,3,1423.4365482233502,92,105,37,34.85653531438418,0.5878807106598984,39.919354838709694,8463.01028133606,91.98924218843544,0
4267,32.75431911767441,0,0,197,0.0,0.0,1.0,197,7100,5100,2000,0.7183098591549296,91,51,40,206.14326640279444,0.42698621326703273,0.7699547679563907,0.12772156876067212,1092740.559340256,-1447.7783533569864,1091292.780986899,4265,4,1424.4365482233502,84,113,37,36.366314008286665,0.5693739424703892,41.69117647058821,8460.729636793329,100.72297186658724,7
4268,32.94125492751983,1,0,198,0.005050505050505051,0.0,1.0,198,5250,3600,1650,0.6857142857142857,69,36,33,230.66111815167707,0.4273429087832641,0.7911331175216758,0.13479198637753687,1080804.3101458198,5009.9061362771945,1085814.216282097,4266,0,1418.2373737373737,84,114,32,37.92707187166116,0.5440340909090908,43.83578431372548,8438.370732229718,100.45679443130616,8
4269,32.60949201727937,2,0,200,0.01,0.0,1.0,200,6200,4400,1800,0.7096774193548387,80,44,36,228.64730498444976,0.42919022194304857,0.7940472008781556,0.13473330843520978,1072518.711086215,2845.702567051936,1075364.4136532668,4267,0,1405.045,73,127,34,37.660537870472005,0.5463020833333334,43.524774774774784,8363.526809611933,114.56886040564291,0
4270,32.2721503904987,3,1,202,0.014778325123152709,0.0049261083743842365,0.9950738916256158,203,5050,3800,1250,0.7524752475247525,63,38,25,229.29532727968316,0.43073472987692857,0.7980295566502451,0.13619589921552336,1063871.7828044114,3138.165724351852,1067009.9485287631,4268,0,1385.2660098522167,77,126,37,37.34153144016228,0.5485940065681445,43.229166666666686,8286.546949227059,107.61749284710466,0
4271,32.647425346800574,0,0,202,0.0,0.0,1.0,202,6100,4700,1400,0.7704918032786885,75,47,28,230.10532878237845,0.4311523036632021,0.7967367625373283,0.1370818354437231,1077159.4947573955,3072.027938442503,1080231.522695838,4269,1,1372.1435643564357,80,122,41,37.20890696704215,0.5502784653465347,43.11985596707821,8386.475325390245,104.83094156737806,0
4272,32.976775333104015,2,2,202,0.00980392156862745,0.00980392156862745,0.9901960784313726,204,5950,4300,1650,0.7226890756302521,76,43,33,229.41298540278046,0.4322519237580089,0.8000047668986534,0.1374250601878806,1089747.8840958478,3250.463085358854,1092998.3471812068,4270,0,1359.6813725490197,84,120,32,37.01884116693682,0.5523897058823529,42.9166666666667,8477.779325218915,100.92594434784422,0
4273,32.90786159852076,2,0,204,0.00980392156862745,0.0,1.0,204,6150,4500,1650,0.7317073170731707,78,45,33,232.80555251550476,0.43211911201262115,0.8054915440137802,0.14006584488170887,1088823.6132471366,3746.836574785974,1092570.4498219225,4271,0,1360.6617647058824,85,119,34,36.76801801801804,0.554125816993464,42.756782945736454,8465.32418398,99.59204922329411,0
4274,32.55978716922576,0,1,203,0.0,0.004901960784313725,0.9950980392156863,204,5700,3800,1900,0.6666666666666666,76,38,38,234.48413258515706,0.4322338130654561,0.8059017227457519,0.14173637999859548,1078739.5856558082,4089.4632055544985,1082829.0488613627,4272,1,1361.6617647058824,67,137,35,36.54982940569705,0.5555555555555556,42.58578431372546,8381.352077078214,125.09480712057037,0
4275,32.87607509389207,2,0,205,0.00975609756097561,0.0,1.0,205,5750,4500,1250,0.782608695652174,70,45,25,233.1317925736948,0.4333951060098837,0.8044744570394633,0.14148124354367078,1090448.589465714,4093.64687431955,1094542.2363400336,4273,0,1355.9853658536585,69,136,37,36.43594484246206,0.5571138211382114,42.44047619047617,8467.546245908941,122.7180615349122,0
4276,32.9594257123868,1,0,206,0.0048543689320388345,0.0,1.0,206,5800,4000,1800,0.6896551724137931,76,40,36,239.235677827538,0.43377239718999133,0.8092620187747763,0.14617081472134336,1095301.1484605502,5407.022535447987,1100708.1709959982,4274,0,1350.3980582524273,72,134,36,36.027010571760655,0.5589603559870551,42.19463470319634,8497.116785754732,118.01551091326016,0
4277,33.34717696173804,1,1,206,0.004830917874396135,0.004830917874396135,0.9951690821256038,207,7400,5900,1500,0.7972972972972973,89,59,30,238.9188135148957,0.4342676625549146,0.8086289887403462,0.14694951003087012,1110252.2784110329,4252.031412034665,1114504.3098230676,4275,0,1344.8695652173913,75,132,33,35.78930303996034,0.560889694041868,41.95449561403508,8605.089098939708,114.73452131919612,0
4278,33.614854691254024,1,0,207,0.004830917874396135,0.0,1.0,207,4400,3000,1400,0.6818181818181818,58,30,28,235.98714008108152,0.43400286102903246,0.8067618412351911,0.14568504994673376,1120322.6407242692,7076.347190520957,1127398.9879147902,4276,0,1345.8647342995168,80,127,34,35.7282949790795,0.5622483896940419,41.82098765432098,8678.649984331458,108.48312480414322,0
4279,33.986098315510795,0,3,204,0.0,0.014492753623188406,0.9855072463768116,207,5650,4000,1650,0.7079646017699115,73,40,33,239.3340270551503,0.4340175179400591,0.8098410472183262,0.14838709677419362,1134050.0167085405,7233.351476163303,1141283.3681847039,4277,1,1346.8647342995168,64,143,36,35.483870967741936,0.5634561191626408,41.66666666666668,8779.742064840315,137.18346976312992,0
4280,33.49617366517663,0,0,204,0.0,0.0,1.0,204,6600,5100,1500,0.7727272727272727,81,51,30,241.03979632913084,0.43277512154287007,0.8092673933875199,0.14971208305126799,1118256.9434884207,6508.885180417242,1124765.828668838,4278,2,1365.2303921568628,64,140,37,35.37415757049532,0.5647467320261438,41.602564102564116,8655.325387456889,135.2394591790139,0
4281,33.57714576809779,0,0,204,0.0,0.0,1.0,204,5800,3900,1900,0.6724137931034483,77,39,38,236.73464067734218,0.43274845857883387,0.8056906744845231,0.147565812341843,1122072.7816487635,6526.699355489355,1128599.4810042528,4279,3,1366.2303921568628,64,140,36,35.35416150095051,0.5660232843137255,41.47435897435899,8680.553133508907,135.63364271107667,0
4282,33.043519481006825,1,1,204,0.004878048780487805,0.004878048780487805,0.9951219512195122,205,6750,4900,1850,0.725925925925926,86,49,37,234.21908980322638,0.4333153993304639,0.8042054671072392,0.14706060919557554,1106450.093599969,4080.346767135925,1110530.440367105,4280,0,1360.560975609756,66,139,37,35.154575948733324,0.5683943089430894,41.2157960199005,8551.140885593273,129.56274069080717,0
4283,32.62215338524855,1,0,205,0.004878048780487805,0.0,1.0,205,4600,3200,1400,0.6956521739130435,60,32,28,228.5187518790989,0.4335794277060418,0.7988147583332055,0.14412666913549085,1093685.609153313,4385.534070369298,1098071.1432236824,4281,0,1341.5024390243902,69,136,39,35.13920416451163,0.5696138211382114,41.05654761904761,8447.293021677218,122.42453654604664,0
4284,32.185634751926784,0,0,205,0.0,0.0,1.0,205,6250,4400,1850,0.704,81,44,37,201.95863274878576,0.43349075402518733,0.7751591261883646,0.12294156210397529,1068478.1459041599,-4092.3229062474466,1064385.8229979125,4282,1,1342.5024390243902,73,132,46,37.12436265137029,0.5620426829268292,42.32826576576578,8293.328323958647,113.60723731450202,8
4285,32.17833586091308,2,0,207,0.00966183574879227,0.0,1.0,207,5200,3300,1900,0.6346153846153846,71,33,38,198.74608400501074,0.43416604130512954,0.7738742577914148,0.12156645832711828,1069676.7999565024,-4081.184971527052,1065595.6149849754,4283,0,1330.5217391304348,78,129,44,37.02995823744992,0.5635567632850241,42.15453586497889,8297.037945149694,106.372281348073,0
4286,32.55734886335161,0,1,206,0.0,0.004830917874396135,0.9951690821256038,207,5350,3600,1750,0.6728971962616822,71,36,35,199.9461006149729,0.43379473289245346,0.7760213242191858,0.12267365126302959,1083201.8508057015,-3433.6027504956865,1079768.2480552057,4284,1,1331.5217391304348,79,128,38,36.88654661551663,0.5649154589371981,42.04427083333333,8398.354665779401,106.30828690860001,0
4287,32.16082825948302,2,0,208,0.009615384615384616,0.0,1.0,208,6450,4400,2050,0.6821705426356589,85,44,41,202.16928101961082,0.4346161588009414,0.7813192617985172,0.12499920154252853,1072320.2347608353,-4691.9578231244395,1067628.2769377108,4285,0,1325.9711538461538,83,125,42,36.545172237162255,0.567207532051282,41.765873015873005,8305.023408674007,100.06052299607238,0
4288,32.11516963008352,1,0,209,0.004784688995215311,0.0,1.0,209,6100,4100,2000,0.6721311475409836,81,41,40,199.85490014555728,0.4349380060728745,0.7809655189898099,0.12406437723372633,1071991.1722354707,-5051.462263192031,1066939.7099722787,4286,0,1320.622009569378,69,140,44,36.45821334638792,0.5684310207336523,41.622023809523824,8297.85253403486,120.25873237731682,0
4289,31.913141134285468,1,1,209,0.004761904761904762,0.004761904761904762,0.9952380952380953,210,5700,3800,1900,0.6666666666666666,76,38,38,199.60570487582737,0.43533834586466164,0.7816783395695417,0.12435685964858077,1066311.236870485,-5131.63878949019,1061179.5980809948,4287,0,1315.3285714285714,71,139,42,36.3331094694426,0.5697420634920635,41.49305555555557,8249.76860224848,116.19392397533069,0
4290,31.80483307754034,0,0,209,0.0,0.0,1.0,209,5700,4200,1500,0.7368421052631579,72,42,30,201.02675729864492,0.4344673966384493,0.7820898718506357,0.12559780799417283,1063525.1560698876,-4740.597313947026,1058784.5587559405,4288,1,1322.5885167464114,71,138,41,36.19306526806524,0.5709728867623605,41.39178240740741,8224.991193012656,115.84494638045994,0
4291,31.860529067671788,0,0,209,0.0,0.0,1.0,209,4850,3200,1650,0.6597938144329897,65,32,33,199.0999577685895,0.43454119893264626,0.7799726295652067,0.12479253073059557,1066327.1163178482,-4188.863234722873,1062138.2530831252,4289,2,1323.5885167464114,74,135,42,36.12661942595378,0.571969696969697,41.27777777777779,8243.026881563783,111.39225515626734,0
4292,32.16657750089746,1,1,209,0.004761904761904762,0.004761904761904762,0.9952380952380953,210,6150,4700,1450,0.7642276422764228,76,47,29,198.17904423903485,0.4350824979114453,0.7799874595046472,0.12484366519574296,1078062.7572524776,-5420.110627600703,1072642.646624877,4290,0,1318.2809523809524,76,134,46,35.96759936600829,0.5736607142857143,41.098484848484865,8327.975652221043,109.57862700290846,0
4293,32.20892681813969,1,1,209,0.004761904761904762,0.004761904761904762,0.9952380952380953,210,6350,4800,1550,0.7559055118110236,79,48,31,197.18255321130763,0.4355120756436546,0.7800391555390782,0.1250477159813439,1081452.1754807306,-5701.299772557086,1075750.8757081735,4291,0,1319.1714285714286,78,132,38,35.75259926389527,0.5757936507936507,40.862341772151915,8346.545869684895,107.00699832929352,0
4294,32.41251723976812,0,0,209,0.0,0.0,1.0,209,5900,3800,2100,0.6440677966101694,80,38,42,195.69666840784754,0.4351642053122316,0.7774422631184774,0.12439110072360977,1088969.181655115,-5078.471830254481,1083890.7098248606,4292,1,1324.0765550239234,79,130,39,35.708425423615324,0.5767543859649122,40.78125000000003,8401.932203246215,106.35357219299006,0
4295,32.130054247469545,2,1,210,0.009478672985781991,0.004739336492890996,0.995260663507109,211,6450,4500,1950,0.6976744186046512,84,45,39,192.00096014393262,0.43578857293312273,0.775919603355973,0.12273900857791115,1081147.8078929037,-7133.716565410878,1074014.0913274928,4293,0,1312.516587677725,70,141,44,35.600115937111234,0.5782484202211691,40.58098591549297,8335.14699536029,119.073528505147,0
4296,32.1839604561758,0,1,209,0.0,0.004761904761904762,0.9952380952380953,210,5350,3300,2050,0.616822429906542,74,33,41,192.8339283997137,0.43518882433356115,0.7764974352760612,0.12342627664672236,1083329.2145147852,-5569.474362987596,1077759.7401517977,4294,1,1319.7333333333333,70,140,42,35.53364433135423,0.5791170634920635,40.53697183098592,8350.547838431186,119.29354054901695,0
4297,32.5294232343738,0,1,208,0.0,0.004784688995215311,0.9952153110047847,209,6500,4800,1700,0.7384615384615385,82,48,34,194.1726725488124,0.4348699546067967,0.776129623130847,0.1250228024610101,1096710.3886791354,-5709.762563625103,1091000.6261155102,4295,2,1326.933014354067,73,136,42,35.28729829601921,0.5807416267942584,40.32939189189189,8446.935112675857,115.71143989966929,0
4298,32.084236467948685,0,0,208,0.0,0.0,1.0,208,5750,4100,1650,0.7130434782608696,74,41,33,198.27908233644862,0.4346147072030224,0.7803750927261046,0.1282352943856402,1082991.6062346182,-4403.083627544603,1078588.5226070737,4296,3,1330.076923076923,73,135,42,35.02275436125256,0.5824819711538461,40.17454954954955,8336.301192643547,114.19590674854173,0
4299,31.924797802185545,0,0,208,0.0,0.0,1.0,208,6200,4100,2100,0.6612903225806451,83,41,42,197.54280841802114,0.4343882579276601,0.7794363878380277,0.12819267354786493,1078586.6009142087,-5186.5947466718535,1073400.0061675368,4297,4,1331.076923076923,76,132,44,34.921827565270206,0.583583733974359,40.05681818181819,8298.633519602217,109.19254631055549,0
4300,32.099153031364345,0,1,207,0.0,0.004807692307692308,0.9951923076923077,208,7100,5100,2000,0.7183098591549296,91,51,40,199.23805712595424,0.4339068112845286,0.7788831716887541,0.12857660953656247,1082865.9306116041,-5550.3791714112485,1077315.5514401929,4298,5,1332.076923076923,74,134,43,35.07479146615337,0.5802283653846154,40.249999999999986,8337.754999896855,112.67236486347102,8
4301,32.226139134646736,0,2,205,0.0,0.00966183574879227,0.9903381642512077,207,6750,4800,1950,0.7111111111111111,87,48,39,199.85312182876768,0.434088848240389,0.7789253755681946,0.1294130870858407,1088141.3085360175,-4656.3124996475035,1083484.99603637,4299,6,1339.487922705314,75,132,43,34.93802742616035,0.582024959742351,40.1315789473684,8374.55589354302,111.66074524724027,0
4302,32.1398886541526,0,2,203,0.0,0.00975609756097561,0.9902439024390244,205,5300,3700,1600,0.6981132075471698,69,37,32,199.37640357434685,0.43321476964769645,0.7761575165586376,0.12949737390258298,1086110.6335790544,-2991.0335986307146,1083119.5999804237,4300,7,1347.5024390243902,79,126,45,34.842774383117955,0.5836382113821138,40.02604166666666,8355.534073812618,105.7662540988939,0
4303,32.03109010305364,1,2,202,0.004901960784313725,0.00980392156862745,0.9901960784313726,204,5200,3300,1900,0.6346153846153846,71,33,38,198.58907036226068,0.43344018641939536,0.7750722922283073,0.1295343800779564,1083657.8180005169,-2959.4802664964955,1080698.3377340203,4301,0,1339.5,80,124,38,34.7133987574364,0.5848651960784313,39.87911522633743,8331.95549787118,104.14944372338975,0
4304,31.79382492548212,0,0,202,0.0,0.0,1.0,202,6250,4900,1350,0.784,76,49,27,201.41270574190924,0.43283633400653493,0.775539440909419,0.1318817580981987,1076727.9513610848,-3276.6619936844577,1073451.2893674003,4302,1,1344.569306930693,82,120,39,34.50464949928466,0.5867883663366337,39.746485943775085,8274.454662145077,100.90798368469606,0
4305,32.093809622662306,0,0,202,0.0,0.0,1.0,202,5200,3800,1400,0.7307692307692307,66,38,28,203.81095551881145,0.43264904848693825,0.7789277515721069,0.13389510083341508,1087840.7248412916,-1257.2284835642872,1086583.4963577273,4303,2,1345.569306930693,84,118,40,34.32577504785211,0.5880775577557755,39.63235294117645,8356.189696606363,99.47844876912337,0
4306,31.852906931646004,0,1,201,0.0,0.0049504950495049506,0.995049504950495,202,5500,3800,1700,0.6909090909090909,72,38,34,202.43563742090504,0.43256900316897356,0.7768752354269022,0.1334622355094618,1080681.8796399788,-2146.294969171794,1078535.584670807,4304,3,1346.569306930693,71,131,40,34.237769601036725,0.5892120462046204,39.510995370370374,8297.332021184708,116.86383128429166,0
4307,31.436684221299807,0,1,200,0.0,0.004975124378109453,0.9950248756218906,201,5950,4300,1650,0.7226890756302521,76,43,33,197.7223281385269,0.4320947346600332,0.7704687688065057,0.13092650705178538,1067788.3251229424,-3924.881279510595,1063863.4438434318,4305,4,1354.1641791044776,74,127,43,34.207698319656124,0.5906923714759535,39.361111111111114,8193.622445790455,110.72462764581697,0
4308,31.046861910906312,0,1,199,0.0,0.005,0.995,200,6350,4000,2350,0.6299212598425197,87,40,47,202.9081354696856,0.43193467336683417,0.7730174291938998,0.13497802055157368,1055814.8105390728,-3503.317078447375,1052311.4934606254,4306,5,1358.385,76,124,39,33.91279351246671,0.5923958333333333,39.20454545454546,8096.880464264786,106.53790084558928,0
4309,31.152998054293427,1,0,200,0.005,0.0,1.0,200,6050,4500,1550,0.743801652892562,76,45,31,200.92886463258483,0.43191007118927977,0.7717343805966324,0.13443179738153405,1061012.8529164772,-3412.3784205824572,1057600.4744958947,4307,0,1356.58,77,123,45,33.7650202971226,0.5941145833333333,39.0090811965812,8130.649585671167,105.5928517619632,0
4310,31.61975325131751,0,4,196,0.0,0.02,0.98,200,5350,4000,1350,0.7476635514018691,67,40,27,214.99238461200804,0.43178077889447236,0.7878246179436523,0.1407768378204839,1070839.5558226155,694.4699286336499,1071534.0257512492,4308,1,1357.58,76,124,36,34.15040111584709,0.583125,39.745670995671,8229.1776657041,108.27865349610657,8
4311,31.18848888989359,0,1,195,0.0,0.00510204081632653,0.9948979591836735,196,5650,4000,1650,0.7079646017699115,73,40,33,216.63819090485242,0.4309992586778301,0.7852610268563731,0.14230384669410384,1057118.5616297894,952.4505526834791,1058071.012182473,4309,8,1365.2448979591836,77,119,37,33.99628983723157,0.5849277210884354,39.636752136752136,8120.336263319516,105.45891251064306,0
4312,30.9195107967074,1,1,195,0.00510204081632653,0.00510204081632653,0.9948979591836735,196,5550,3700,1850,0.6666666666666666,74,37,37,222.05556411277442,0.4312887013779871,0.7909110864282238,0.14700596761925047,1050159.3024162424,1888.7432612631965,1052048.0456775057,4310,0,1365.7448979591836,67,129,37,33.58141334587203,0.5866815476190477,39.3688725490196,8058.586959178594,120.27741730117305,0
4313,30.495756152029937,0,0,195,0.0,0.0,1.0,195,6150,4300,1850,0.6991869918699187,80,43,37,219.2664792807014,0.430420081064411,0.7868678622530052,0.14589462095191927,1037137.8386732723,331.9124829366565,1037469.7511562089,4311,1,1373.6615384615384,69,126,37,33.477880482330995,0.5879273504273504,39.19642857142855,7953.40211786419,115.26669736035058,0
4314,30.217634741939666,0,0,195,0.0,0.0,1.0,195,6300,4800,1500,0.7619047619047619,78,48,30,219.0628960658511,0.4303242576438453,0.7869305686459318,0.14639634888253947,1028848.9608666938,-223.4734036402633,1028625.4874630535,4312,2,1374.6615384615384,71,124,42,33.33154303191588,0.5895299145299145,39.04803240740739,7885.351241903406,111.06128509723106,0
4315,30.47864831890454,0,0,195,0.0,0.0,1.0,195,4650,3300,1350,0.7096774193548387,60,33,27,246.96496750985486,0.4301601462683937,0.8083912280859009,0.15639899529166612,1022965.1883410795,6877.312900473734,1029842.5012415532,4313,3,1375.6615384615384,68,127,31,34.5132657421435,0.5722222222222222,40.91183574879229,7896.657041803182,116.1273094382821,8
4316,30.237976895421344,0,1,194,0.0,0.005128205128205128,0.9948717948717949,195,4600,2600,2000,0.5652173913043478,66,26,40,259.21651023122826,0.429903515728258,0.8200574859842327,0.1506800488505405,990574.1494092225,7754.634827025472,998328.784236248,4314,4,1376.6615384615384,65,130,31,37.39903193981996,0.5414529914529915,44.03409090909093,7739.891245106468,119.0752499247149,8
4317,30.255005982585747,0,0,194,0.0,0.0,1.0,194,5600,4200,1400,0.75,70,42,28,258.7848202441378,0.42976859765325925,0.8193455299987065,0.15115838663909065,992537.2478711637,6970.714655190324,999507.962526354,4315,5,1384.3865979381444,70,124,33,37.223996219714756,0.5431164089347079,43.852699530516446,7749.738108127444,110.71054440182063,0
4318,30.03715433804957,0,0,194,0.0,0.0,1.0,194,5900,4800,1100,0.8135593220338984,70,48,22,260.6746415150789,0.42990046827982836,0.8203928859020373,0.15296986441050572,986724.4397066371,6742.807918938842,993467.2476255759,4316,6,1385.3865979381444,58,136,33,36.997749919639986,0.5447809278350515,43.67937853107344,7699.142067086916,132.74382874287787,0
4319,30.574282878919462,1,0,195,0.005128205128205128,0.0,1.0,195,4950,2900,2050,0.5858585858585859,70,29,41,256.6150358831788,0.4299343554498194,0.8188550225100923,0.1512861348818068,1005720.9716661416,7666.624646514429,1013387.5963126561,4317,0,1379.2769230769231,59,136,33,36.92494697892694,0.5462072649572649,43.506944444444436,7842.0912370339465,132.91680062769402,0
4320,30.25727609577144,2,0,197,0.01015228426395939,0.0,1.0,197,5300,4100,1200,0.7735849056603774,65,41,24,253.3629962063858,0.4310523067094858,0.8189540310335293,0.1503549493215447,997189.1371752636,5830.165515836999,1003019.3026911006,4318,0,1366.263959390863,61,136,37,36.75799740418385,0.5478532148900169,43.2627688172043,7768.169287961741,127.34703750756952,0
4321,30.342165222512627,3,3,197,0.015,0.015,0.985,200,6350,4500,1850,0.7086614173228346,82,45,37,245.54115926709542,0.4326476130653267,0.8157429366567854,0.1466768999467221,1001884.5076772246,2850.7766933615035,1004735.284370586,4319,0,1346.755,66,134,33,36.709344182951156,0.5501041666666666,43.01927860696515,7797.351507507905,118.14168950769553,0
4322,30.49595970501606,3,0,200,0.015,0.0,1.0,200,5350,3100,2250,0.5794392523364486,76,31,45,239.14504417381005,0.4331757747068677,0.8121659919028337,0.1440703070998322,1009401.0447283685,2928.6514861312403,1012329.6962144998,4320,0,1347.58,61,139,36,36.55533063427799,0.55234375,42.70833333333334,7846.3562991031085,128.62879178857554,0
4323,30.846622231626476,0,0,200,0.0,0.0,1.0,200,5600,3800,1800,0.6785714285714286,74,38,36,237.74893757019137,0.4330810301507538,0.8104491502562725,0.14377411281773272,1022110.3994672433,3001.1323105563447,1025111.5317777997,4321,1,1348.58,59,141,38,36.449060336300725,0.5536458333333334,42.56944444444446,7940.863098099976,134.5908999677962,0
4324,30.93269362964181,3,0,203,0.014778325123152709,0.0,1.0,203,7600,6200,1400,0.8157894736842105,90,62,28,229.67667937302156,0.43424844331723816,0.8061670459370873,0.1400435201336851,1027357.1927557882,-1008.002287572247,1026349.190468216,4322,0,1329.6354679802955,63,140,40,36.34939743184926,0.5563423645320197,42.268880208333336,7972.317767340148,126.54472646571664,0
4325,30.54319243137543,1,0,204,0.004901960784313725,0.0,1.0,204,6100,4300,1800,0.7049180327868853,79,43,36,226.71771249036345,0.4345092203548086,0.8039040394102042,0.1392924060651282,1016585.4366590696,-804.4150499277639,1015781.0216091418,4323,0,1324.112745098039,69,135,39,36.144595685776906,0.5584660947712419,41.99404761904761,7880.325452011705,114.20761524654645,0
4326,30.93615623814655,0,1,203,0.0,0.004901960784313725,0.9950980392156863,204,6150,4000,2150,0.6504065040650406,83,40,43,224.71432453702172,0.43454292636594866,0.8028612019583994,0.13877068219020047,1031139.3068051368,-607.6454335420985,1030531.6613715948,4324,1,1325.112745098039,72,132,42,36.00744722007295,0.5603553921568627,41.80936073059361,7987.425955665302,110.93647160646253,0
4327,30.779875690108927,1,1,203,0.004901960784313725,0.004901960784313725,0.9950980392156863,204,4700,3200,1500,0.6808510638297872,62,32,30,225.61996896554277,0.4347094441224766,0.8045322434150768,0.13977469380545945,1026840.7553255098,835.1558698191329,1027675.9111953289,4325,0,1326.0980392156862,73,131,43,35.866939146230706,0.5615298202614378,41.69481981981982,7950.601336057136,108.91234706927584,0
4328,30.55090083977419,2,0,205,0.00975609756097561,0.0,1.0,205,6400,4500,1900,0.703125,83,45,38,223.44358083972708,0.4355123146819704,0.8033035654334248,0.13941119603879518,1021206.1864808184,-1763.6065834089745,1019442.5798974094,4326,0,1320.5951219512194,59,146,44,35.6636367197117,0.5634146341463415,41.4409722222222,7899.211218867271,133.8849359130046,0
4329,30.38314023924232,0,0,205,0.0,0.0,1.0,205,5550,3900,1650,0.7027027027027027,72,39,33,223.75224122891672,0.43488661724852545,0.8043051451892202,0.1405965575483189,1017582.7111388859,-1012.7175493755572,1016569.9935895103,4327,1,1321.5951219512194,60,145,44,35.39755982229262,0.5655487804878049,41.18852459016392,7863.505352902238,131.05842254837063,0
4330,30.897263785658456,1,1,205,0.0048543689320388345,0.0048543689320388345,0.9951456310679612,206,7250,5400,1850,0.7448275862068966,91,54,37,224.1526341750221,0.4349568829426158,0.8047929797710094,0.14168865960777802,1036489.224610156,-1983.6420019215166,1034505.5826082345,4328,0,1316.1747572815534,64,142,39,35.171507970879986,0.567506067961165,40.9775641025641,8003.084528326886,125.0481957551076,0
4331,31.202664991857738,0,1,204,0.0,0.004878048780487805,0.9951219512195122,205,5900,4000,1900,0.6779661016949152,78,40,38,225.9483565241799,0.4346255778734258,0.8053986470214141,0.14307242807538217,1047231.5045140559,424.04746905907723,1047655.551983115,4329,3,1323.5951219512194,67,138,40,35.06209473974656,0.5688008130081301,40.91605392156863,8084.109574253836,120.65835185453487,0
4332,30.96817194331594,0,1,203,0.0,0.004901960784313725,0.9950980392156863,204,6300,4800,1500,0.7619047619047619,78,48,30,226.7500180730995,0.4337973695225217,0.8049306716657367,0.14385615900703244,1039905.7640606695,59.730159015594836,1039965.4942196851,4330,4,1331.063725490196,69,135,40,34.971947076275235,0.5698529411764706,40.8482142857143,8025.457059417397,116.31097187561446,0
4333,30.69281604410106,0,0,203,0.0,0.0,1.0,203,5200,3500,1700,0.6730769230769231,69,35,34,226.1951846283652,0.4332750085353363,0.8009843808028925,0.13837035746061715,1020324.3346735578,358.49025246005203,1020682.8249260178,4331,5,1338.6009852216748,70,133,40,36.31839734471316,0.5574199507389163,42.15082159624414,7914.117399869098,113.05881999812998,8
4334,31.066158688844165,0,0,203,0.0,0.0,1.0,203,5450,3600,1850,0.6605504587155964,73,36,37,226.4735152097554,0.43340303857972007,0.8008351085256791,0.1392648778030869,1034246.2858696961,795.8783907086108,1035042.1642604047,4332,6,1339.6009852216748,73,130,34,36.11840370592622,0.5589593596059113,41.96227477477477,8016.240919555202,109.81151944596166,0
4335,31.28605794730787,0,1,202,0.0,0.0049261083743842365,0.9950738916256158,203,5250,3300,1950,0.6285714285714286,72,33,39,227.67475849963543,0.43314596237948916,0.8023862348308621,0.14049646941060945,1042590.1242215781,1624.29094925057,1044214.4151708287,4333,7,1340.6009852216748,73,130,36,35.9578335150854,0.5601395730706076,41.835585585585584,8076.946829302171,110.64310725071466,0
4336,30.95908796544326,4,0,206,0.019417475728155338,0.0,1.0,206,5900,4000,1900,0.6779661016949152,78,40,38,213.78691839500203,0.43501213592233007,0.7917501468235162,0.1267225729883396,1019978.6973700308,-3488.3794921425038,1016490.3178778883,4334,0,1322.004854368932,74,132,39,37.81776413086606,0.5448523462783171,43.30555555555556,7947.025885796149,107.39224169994796,8
4337,30.902063961626805,1,0,207,0.004830917874396135,0.0,1.0,207,6200,4800,1400,0.7741935483870968,76,48,28,213.08539197769392,0.4356200068789769,0.7916579327528601,0.126708377958935,1019032.3104014836,-4171.820140033024,1014860.4902614505,4335,0,1316.6135265700484,75,132,41,37.715760705200026,0.5465982286634461,43.18804824561403,7936.019359224234,105.81359145632312,0
4338,31.22257711478645,0,1,206,0.0,0.004830917874396135,0.9951690821256038,207,6700,5100,1600,0.7611940298507462,83,51,32,217.05297655593068,0.43565127495583383,0.7941900778324433,0.12942081876840447,1030411.0381863004,-3369.243417115338,1027041.7947691851,4336,1,1317.6135265700484,76,131,36,37.510750706474994,0.5479569243156199,43.08712121212121,8021.4821697363295,105.54581802284645,0
4339,31.036161300728455,2,1,207,0.009615384615384616,0.004807692307692308,0.9951923076923077,208,5100,3500,1600,0.6862745098039216,67,35,32,217.33413757799275,0.43622259383128953,0.7969740558687439,0.13027354284147744,1025807.8886502266,-2111.3854399004804,1023696.5032103262,4337,0,1312.264423076923,78,130,39,37.30511821119031,0.5493790064102564,42.89293248945146,7979.616418814625,102.3027746001875,0
4340,30.912689422319506,1,0,208,0.004807692307692308,0.0,1.0,208,6800,5300,1500,0.7794117647058824,83,53,30,215.26675585887386,0.43659081583673975,0.7957504726720048,0.13006570653350102,1024047.6333123557,-4311.317626378139,1019736.3156859776,4338,0,1312.9663461538462,67,141,39,37.06016038802596,0.5513321314102564,42.60110294117648,7956.892162427017,118.75958451383607,0
4341,31.351180632739357,1,0,209,0.004784688995215311,0.0,1.0,209,6100,4600,1500,0.7540983606557377,76,46,30,213.05465442609028,0.43718945528156056,0.7944314170159561,0.1293498075573906,1039990.3615570145,-3585.0425824009767,1036405.3189746136,4339,0,1307.6794258373207,69,140,43,36.93785265853987,0.5529306220095693,42.42559523809525,8075.261690060821,117.0327781168235,0
4342,30.91188055386163,0,1,208,0.0,0.004784688995215311,0.9952153110047847,209,6200,4500,1700,0.7258064516129032,79,45,34,209.91217848335768,0.4374031943933259,0.7908326005323854,0.12785173798418104,1026348.0005649743,-4911.411063873369,1021436.5895011009,4340,1,1308.6794258373207,72,137,42,36.89953762666816,0.5542264752791068,42.30878995433791,7965.7199047116,110.63499867655,0
4343,31.46524474370052,0,1,207,0.0,0.004807692307692308,0.9951923076923077,208,5850,4100,1750,0.7008547008547008,76,41,35,213.44096376209666,0.4370021019137867,0.7927971631235866,0.13041047995569194,1045646.8205820528,-2813.226972038741,1042833.5936100141,4341,2,1315.7836538461538,72,136,42,36.69201213999743,0.5555388621794872,42.19463470319636,8111.908915303068,112.6654016014315,0
4344,31.22909556380113,2,0,209,0.009569377990430622,0.0,1.0,209,6550,4300,2250,0.6564885496183206,88,43,45,205.6477006324686,0.437099358974359,0.7864362617702274,0.12698137963358425,1040869.4007433393,-5539.520215687204,1035329.8805276521,4342,0,1310.3684210526317,77,132,42,36.50402377627201,0.5582137161084529,41.81356837606838,8062.928746460585,104.71336034364396,0
4345,31.105810122784817,1,2,208,0.004761904761904762,0.009523809523809525,0.9904761904761905,210,6300,4000,2300,0.6349206349206349,86,40,46,206.37156337549789,0.4373931989063568,0.7866230376689651,0.12805811949268592,1038183.0372706312,-5449.70870570732,1032733.3285649238,4343,0,1305.1238095238095,68,142,43,36.30458494020492,0.559970238095238,41.6364734299517,8036.6068001410085,118.18539411972071,0
4346,31.361420596059087,0,1,207,0.0,0.004807692307692308,0.9951923076923077,208,6050,4500,1550,0.743801652892562,76,45,31,207.9098405821875,0.43694984438870305,0.7857253971487654,0.12938681551673356,1047554.9551632768,-4090.603254184318,1043464.3519090924,4344,1,1317.6298076923076,69,139,40,36.158949373404724,0.5612479967948718,41.532738095238116,8105.900510907042,117.47681899865279,0
4347,31.680129835002806,0,0,207,0.0,0.0,1.0,207,5700,4300,1400,0.7543859649122807,71,43,28,205.7901339891369,0.4368003767803261,0.7824716716598199,0.12864072631065676,1059507.1144563456,-3492.777790716712,1056014.336665629,4345,2,1323.9855072463768,70,137,43,36.05095586566825,0.5626509661835748,41.373239436619734,8193.329353454108,117.04756219220154,0
4348,31.77533512219917,1,1,207,0.004807692307692308,0.004807692307692308,0.9951923076923077,208,6500,4600,1900,0.7076923076923077,84,46,38,202.98365402498496,0.4372014546946612,0.7810358536171658,0.12767418460517455,1064502.101273612,-4884.6947532414115,1059617.4065203704,4346,0,1318.6153846153845,72,136,45,35.898796398382956,0.5647536057692308,41.152968036529685,8224.951186025879,114.23543313924831,0
4349,31.707883504316406,0,0,207,0.0,0.0,1.0,207,6950,5300,1650,0.762589928057554,86,53,33,185.38248455145964,0.43743160108187545,0.7640673590330354,0.11168164313222098,1049515.1175753272,-9437.655985913698,1040077.4615894135,4347,1,1311.768115942029,74,133,46,37.938596491228104,0.5558574879227054,42.70833333333334,8158.17419329809,110.24559720673095,8
4350,31.670704342413895,0,0,207,0.0,0.0,1.0,207,6750,4800,1950,0.7111111111111111,87,48,39,199.24825521992275,0.4371120804214937,0.7800916771749711,0.11739328444554928,1041600.3290811303,-6642.59035881771,1034957.7387223126,4348,2,1312.768115942029,70,137,45,38.41980817268272,0.5447866344605474,43.52992957746476,8122.587773030128,116.03696818614469,8
4351,31.206161444749267,1,1,207,0.004807692307692308,0.004807692307692308,0.9951923076923077,208,6500,4900,1600,0.7538461538461538,81,49,32,192.7086677431961,0.4379572533444816,0.7736576336227354,0.11422840273347426,1028118.7848899945,-8474.519736419392,1019644.2651535751,4349,0,1307.451923076923,74,134,45,38.35883111495865,0.5464242788461539,43.30555555555553,8010.448275303495,108.2493010176148,0
4352,31.230377172187453,1,1,207,0.004807692307692308,0.004807692307692308,0.9951923076923077,208,5400,3700,1700,0.6851851851851852,71,37,34,230.11376973985975,0.43851515081134645,0.8064442398803615,0.13053998003500314,1015709.4876779038,-254.2521659791064,1015455.2355119247,4350,0,1308.4182692307693,74,134,37,39.089473397593025,0.5256410256410257,44.95833333333334,7965.0474446233275,107.63577627869361,8
4353,31.223387348099195,1,0,208,0.004807692307692308,0.0,1.0,208,5400,3700,1700,0.6851851851851852,71,37,34,227.0990072076659,0.4386278915830546,0.8040973852104061,0.1292076747609386,1016372.980324809,-836.5410431077753,1015536.4392817012,4351,0,1309.4086538461538,75,133,39,39.05198037530439,0.5269931891025641,44.84649122807018,7966.756837612598,106.22342450150131,0
4354,31.725992781087506,4,0,212,0.018867924528301886,0.0,1.0,212,5400,3500,1900,0.6481481481481481,73,35,38,222.39317915646313,0.4408202368177889,0.8031507698121985,0.12790959339695665,1036071.1875514541,-1716.9669536036704,1034354.2205978504,4352,0,1285.683962264151,69,143,38,38.75092193626024,0.5296285377358491,44.43452380952384,8108.068452714304,117.50823844513484,0
4355,31.408972012978253,6,4,214,0.027522935779816515,0.01834862385321101,0.981651376146789,218,6400,4800,1600,0.75,80,48,32,213.66416711695274,0.44410196381008754,0.7991167624514488,0.1241432687225265,1028794.8586135445,-6036.6806800265695,1022758.177933518,4353,0,1251.2706422018348,75,143,34,38.582833529684805,0.5326357033639144,44.05153508771932,8039.078171194625,107.18770894926166,0
4356,31.14235378424143,3,2,215,0.013824884792626729,0.009216589861751152,0.9907834101382489,217,5650,4300,1350,0.7610619469026548,70,43,27,217.8472696053312,0.44289856773055697,0.8041449422539326,0.12709635196901334,1021294.7595128138,-4552.745035579732,1016742.014477234,4354,0,1258.0230414746543,77,140,39,38.31776563939443,0.5339381720430108,43.89690170940174,7975.653292206237,103.57991288579528,0
4357,30.852302737223564,1,0,216,0.004629629629629629,0.0,1.0,216,6050,4400,1650,0.7272727272727273,77,44,33,220.43757022935932,0.4423857845248349,0.8057437518819617,0.12911343399148284,1012943.7676029933,-4591.8274181243305,1008351.940184869,4355,0,1264.8240740740741,77,139,41,38.10128726287267,0.5353491512345678,43.75000000000003,7905.902576413606,102.67405943394293,0
4358,31.339915902963845,0,0,216,0.0,0.0,1.0,216,5050,3000,2050,0.594059405940594,71,30,41,219.9861648702451,0.44240462604076947,0.805073262709739,0.12921428798552806,1029801.94439987,-2941.563935110474,1026860.3804647595,4356,1,1265.8240740740741,68,148,40,38.00485346367506,0.5365065586419753,43.64432367149757,8034.165337382648,118.14949025562719,0
4359,31.574993728271668,1,0,217,0.004608294930875576,0.0,1.0,217,7500,5700,1800,0.76,93,57,36,223.61445181806596,0.4427705595380327,0.8084221543884207,0.1321138355876462,1039284.3869846673,-4420.198304269987,1034864.1886803973,4357,0,1260.9861751152073,70,147,40,37.689892116498925,0.5384024577572964,43.427230046948345,8101.283602112869,115.7326228873267,0
4360,31.544024058662224,2,0,219,0.0091324200913242,0.0,1.0,219,5550,3800,1750,0.6846846846846847,73,38,35,216.7534722222226,0.4434914051917948,0.8040124569414404,0.12869737413194438,1039754.6279380056,-4275.914827062474,1035478.7131109431,4358,0,1250.461187214612,73,146,41,37.677951388888864,0.5403348554033486,43.243243243243235,8099.141312359201,110.94714126519453,0
4361,31.179925815094485,2,1,220,0.00904977375565611,0.004524886877828055,0.995475113122172,221,6450,4600,1850,0.7131782945736435,83,46,37,215.78711839727686,0.4445358563005622,0.804078340992429,0.1290221629386414,1029819.8024817704,-6205.630470801356,1023614.172010969,4359,0,1240.1357466063348,78,143,35,37.43918445174086,0.5424679487179487,42.98523206751054,8013.701397518722,102.73976150665028,0
4362,30.832471990383056,0,0,220,0.0,0.0,1.0,220,7100,5500,1600,0.7746478873239436,87,55,32,216.75402474295942,0.4443389373183894,0.8050272794629425,0.13017458412700134,1019632.66790935,-6898.1030942494035,1012734.5648151006,4360,1,1246.7681818181818,81,139,37,37.24824030624847,0.543844696969697,42.82266260162602,7929.413051896669,97.8939882950206,0
4363,30.684680577782363,1,1,220,0.004524886877828055,0.004524886877828055,0.995475113122172,221,7050,4800,2250,0.6808510638297872,93,48,45,217.02957490905652,0.44486151103798166,0.807635779779992,0.1311252392700005,1016482.0881338454,-7128.66490192819,1009353.4232319172,4361,0,1242.1221719457014,68,153,38,37.01637341153473,0.5456259426847663,42.60265700483092,7898.155251376647,116.14934193200952,0
4364,30.359228104965077,1,1,220,0.004524886877828055,0.004524886877828055,0.995475113122172,221,5950,3900,2050,0.6554621848739496,80,39,41,215.02318372922707,0.44530542986425337,0.8057075866058332,0.13022562646366137,1006386.9557651868,-6870.694541561051,999516.2612236257,4362,0,1243.0904977375565,69,152,39,36.97835394632915,0.5468042986425339,42.51488095238094,7817.049462800735,113.29057192464833,0
4365,30.529027672273024,0,1,219,0.0,0.004545454545454545,0.9954545454545455,220,6200,4200,2000,0.6774193548387096,82,42,40,214.1682322322211,0.44514105092016054,0.8050570575170406,0.1301011728043224,1012883.4474910867,-6814.508518711336,1006068.9389723754,4363,1,1249.7045454545455,71,149,37,36.88763689974726,0.5479640151515152,42.40451388888888,7864.139723738714,110.76253132026358,0
4366,31.08994603558377,1,0,220,0.004545454545454545,0.0,1.0,220,6350,4700,1650,0.7401574803149606,80,47,33,210.56889852429262,0.445691504081915,0.8018586359228523,0.1286563493880161,1033176.4927311687,-6839.032788880997,1026337.4599422878,4364,0,1249.5681818181818,74,146,39,36.76586125776672,0.549905303030303,42.19444444444445,8015.160809895933,108.31298391751261,0
4367,31.16794027992539,1,3,218,0.004524886877828055,0.013574660633484163,0.9864253393665159,221,6900,4800,2100,0.6956521739130435,90,48,42,209.2847224777527,0.4458581859317154,0.8008572870466648,0.12854328316822025,1037292.2264515315,-7682.11685175201,1029610.1095997795,4365,0,1244.9095022624435,76,145,36,36.60542621432192,0.5516119909502262,42.00487012987014,8041.176800303834,105.80495789873466,0
4368,31.118104504814617,1,0,219,0.0045662100456621,0.0,1.0,219,6250,4200,2050,0.672,83,42,41,212.93750516972423,0.4452700626981135,0.8019098367840383,0.13119041002280127,1036526.3838640705,-5906.931555477637,1030619.4523085929,4366,0,1253.2602739726028,77,142,37,36.39764534933858,0.5532724505327244,41.89369658119659,8031.778923137746,104.30881718360709,0
4369,31.639717049377097,0,0,219,0.0,0.0,1.0,219,6650,4800,1850,0.7218045112781954,85,48,37,212.71312247594648,0.4452517350201779,0.8023840078266189,0.13145788815618753,1054810.0304127873,-5575.612962389539,1049234.4174503977,4367,1,1254.2602739726028,80,139,37,36.28978036754819,0.5547945205479452,41.78240740740741,8169.93156680097,102.12414458501213,0
4370,31.199537975298213,1,1,219,0.004545454545454545,0.004545454545454545,0.9954545454545455,220,5450,3700,1750,0.6788990825688074,72,37,35,215.92838171500892,0.44553410820534106,0.8074728047490933,0.13420945872809012,1041787.6730281406,-4459.694734477913,1037327.9782936627,4368,0,1249.5545454545454,69,151,37,35.99730315943034,0.556344696969697,41.57738095238095,8062.666316652199,116.85023647322028,0
4371,30.841518815306816,2,0,221,0.00904977375565611,0.0,1.0,221,6250,4600,1650,0.736,79,46,33,216.0486567054438,0.4459558823529412,0.8083281480211331,0.1352934748674606,1031965.7246794068,-5859.038283390975,1026106.6863960159,4369,0,1244.4389140271494,72,149,39,35.72096732675088,0.5590592006033183,41.30993150684931,7978.394614764502,110.81103631617364,0
4372,30.618745009970464,2,2,221,0.008968609865470852,0.008968609865470852,0.9910313901345291,223,6750,4700,2050,0.6962962962962963,88,47,41,221.08144934141777,0.44619507399776454,0.8129777796274531,0.13971569599142392,1027082.3988689226,-5936.22693299981,1021146.1719359228,4370,0,1234.2690582959642,77,146,36,35.25924851765919,0.5615190582959642,40.98557692307693,7930.6965740969235,102.99605940385615,0
4373,30.566999251206475,1,1,221,0.0045045045045045045,0.0045045045045045045,0.9954954954954955,222,6400,4500,1900,0.703125,83,45,38,240.377650902218,0.4465306652806653,0.827523958164539,0.1445458777436673,1011220.518871735,-2185.037425898255,1009035.4814458367,4371,0,1240.599099099099,76,146,37,36.592883314049274,0.54565503003003,42.775974025974016,7862.566609340342,103.45482380710978,8
4374,30.429964466641454,1,1,221,0.0045045045045045045,0.0045045045045045045,0.9954954954954955,222,6200,4300,1900,0.6935483870967742,81,43,38,240.3530256554519,0.4468300313888549,0.8270991309934288,0.1454439234819405,1008491.3508825112,-2121.2104936070255,1006370.1403889043,4372,0,1241.5135135135135,63,159,38,36.35757786487967,0.547484984984985,42.54557291666665,7834.329067925336,124.3544296496085,0
4375,30.88495137230083,1,1,221,0.0045045045045045045,0.0045045045045045045,0.9954954954954955,222,7050,5400,1650,0.7659574468085106,87,54,33,232.31735086718277,0.4469242998654763,0.820239726847096,0.1413331908965004,1025116.4589656772,-3819.5319845493023,1021296.9269811279,4373,0,1242.2657657657658,69,153,38,36.36556158792497,0.5493618618618619,42.351190476190474,7957.470953274056,115.32566598947908,0
4376,30.973916443270046,1,0,222,0.0045045045045045045,0.0,1.0,222,7150,5000,2150,0.6993006993006993,93,50,43,231.06092022312274,0.4469179303738127,0.8189108523242603,0.14125873881197348,1029488.4793681575,-3975.0889196178496,1025513.3904485396,4374,0,1243.0315315315315,73,149,39,36.216058819247266,0.5511918168168168,42.17342342342343,7985.898839737268,109.39587451694888,0
4377,31.45260293096195,0,0,222,0.0,0.0,1.0,222,6400,4000,2400,0.625,88,40,48,232.16297084238948,0.44691623184270246,0.8212230072600022,0.14254106420865903,1046654.7549496447,-2201.1045289153826,1044453.6504207293,4375,1,1244.0315315315315,73,149,37,36.02920781724594,0.552317942942943,42.01858108108108,8114.187132822913,111.15324839483442,0
4378,31.604881882417157,1,0,223,0.004484304932735426,0.0,1.0,223,7100,5000,2100,0.704225352112676,92,50,42,234.08453903579985,0.4475316123298186,0.8238224175766329,0.14436978583972676,1053047.6966005296,-2399.5630717107097,1050648.1335288188,4376,0,1239.4484304932735,76,147,40,35.81331010026901,0.5542787742899851,41.856060606060616,8158.608713207333,107.3501146474649,0
4379,31.13822278598287,2,1,224,0.008888888888888889,0.0044444444444444444,0.9955555555555555,225,6050,4300,1750,0.7107438016528925,78,43,35,225.97011724664029,0.44817542989417986,0.8193350029523754,0.14028656766950134,1039402.855876037,-4075.2029582396617,1035327.6529177973,4377,0,1229.4222222222222,65,160,41,35.780686885346064,0.5565740740740741,41.61931818181819,8045.515234048709,123.77715744690322,0
4380,31.469882740824605,1,0,225,0.0044444444444444444,0.0,1.0,225,7000,5200,1800,0.7428571428571429,88,52,36,222.4569707164883,0.4479472552910053,0.816825230062842,0.13915134279976588,1052667.7338918475,-5165.344949485929,1047502.3889423616,4378,0,1230.3022222222223,68,157,41,35.595780073542265,0.5585648148148148,41.349637681159415,8139.6965730457005,119.70142019184854,0
4381,31.167575428008803,1,1,225,0.004424778761061947,0.004424778761061947,0.995575221238938,226,5900,3900,2000,0.6610169491525424,79,39,40,221.91687598809114,0.4486225827597509,0.8171039634987101,0.13998687852715527,1044968.693375762,-4720.7624121387635,1040247.9309636232,4379,0,1225.853982300885,70,156,38,35.30394239848916,0.5607485250737463,41.05046948356807,8070.829024418349,115.2975574916907,0
4382,31.30911279181074,0,1,224,0.0,0.0044444444444444444,0.9955555555555555,225,7200,4500,2700,0.625,99,45,54,223.56115250125737,0.448098544973545,0.8172660567943588,0.1416697303350363,1051024.4975502014,-5206.350404124241,1045818.1471460771,4380,1,1214.831111111111,74,151,39,35.09617102630076,0.5626851851851852,40.8888888888889,8112.539003389205,109.62890545120548,0
4383,31.11427412785721,0,1,223,0.0,0.004464285714285714,0.9955357142857143,224,6550,4500,2050,0.6870229007633588,86,45,41,226.0855116169287,0.447464983050395,0.8184275216747718,0.14389749454057274,1045727.7625630011,-4065.2207577836834,1041662.5418052174,4381,2,1221.049107142857,75,149,43,34.873035173045736,0.5640345982142857,40.734649122807014,8066.8531990480615,107.55804265397416,0
4384,30.6979084256297,0,1,222,0.0,0.004484304932735426,0.9955156950672646,223,6950,5300,1650,0.762589928057554,86,53,33,232.6569169642142,0.44742556457803095,0.8226503868584321,0.14868471845726247,1032874.457078021,-3488.922641028311,1029385.5344369927,4382,3,1227.5112107623318,61,162,42,34.556077288428334,0.5656763826606876,40.59139784946236,7963.301513637799,130.54592645307866,0
4385,30.31809624480383,0,0,222,0.0,0.0,1.0,222,6650,4700,1950,0.706766917293233,86,47,39,232.84489569762792,0.4466606029106029,0.8216032477929542,0.14916173430318755,1020755.9305308628,-3514.4383645614357,1017241.4921663014,4383,4,1234.0135135135135,61,161,42,34.46523955972806,0.5668637387387387,40.507392473118266,7867.321849815079,128.9724893412308,0
4386,30.5349877314577,3,0,225,0.013333333333333334,0.0,1.0,225,6550,4600,1950,0.7022900763358778,85,46,39,228.12672955069277,0.44756200396825396,0.8195986473077779,0.14743596761421088,1030504.3914418544,-4532.880678548569,1025971.5107633058,4384,0,1218.5466666666666,65,160,46,34.27210527914464,0.5693981481481482,40.19886363636363,7933.0245114824,122.04653094588308,0
4387,30.43899121360298,0,0,225,0.0,0.0,1.0,225,6650,4600,2050,0.6917293233082706,87,46,41,228.88997584676585,0.4473255621693122,0.8210738580192349,0.14866022885937444,1028619.6938820852,-4561.852622364533,1024057.8412597206,4385,1,1219.5466666666666,67,158,36,34.07706528784396,0.5710185185185186,40.027573529411754,7913.298405117261,118.1089314196606,0
4388,30.201128977702965,1,2,224,0.004424778761061947,0.008849557522123894,0.9911504424778761,226,5750,3900,1850,0.6782608695652174,76,39,37,231.30159388131113,0.4472078826614225,0.8233375011448412,0.151450152579193,1022785.5691412571,-3635.613531764779,1019149.9556094923,4386,0,1215.146017699115,69,157,39,33.727330989002624,0.5727783923303835,39.7470238095238,7859.933700759617,113.91208261970459,0
4389,30.005227062717008,1,0,225,0.0044444444444444444,0.0,1.0,225,6300,4800,1500,0.7619047619047619,78,48,30,235.69906400111847,0.4466815476190476,0.8272047312576105,0.15486101930770557,1017075.9877363375,-3355.228334506643,1013720.7594018308,4387,0,1221.5244444444445,68,157,42,33.491694207688276,0.5738425925925925,39.628623188405776,7812.50228186409,114.88973943917779,0
4390,29.97705404973528,0,1,224,0.0,0.0044444444444444444,0.9955555555555555,225,5050,3400,1650,0.6732673267326733,67,34,33,233.63545425492316,0.44668402777777777,0.8264534186325474,0.15417474171281376,1017287.8855151294,-2515.0965519283527,1014772.7889632011,4388,1,1222.5244444444445,59,166,43,33.392476342796215,0.5749537037037037,39.47916666666668,7809.647101915429,132.36690003246488,0
4391,29.641501464402978,0,0,224,0.0,0.0,1.0,224,5900,4100,1800,0.6949152542372882,77,41,36,232.24542610464266,0.44630470251441384,0.82476319000046,0.15392087936836985,1007042.7745357817,-3923.784344467043,1003118.9901913147,4389,2,1228.830357142857,61,163,42,33.27740627349877,0.5762183779761905,39.33131720430109,7726.611142812726,126.66575643955288,0
4392,29.971561977071808,0,0,224,0.0,0.0,1.0,224,6750,5100,1650,0.7555555555555555,84,51,33,230.367808321332,0.4460469550768738,0.8232495337974242,0.15384825997117813,1020292.8798829829,-4541.473083099429,1015751.4067998835,4390,3,1229.830357142857,62,162,42,33.05979764695941,0.5778924851190477,39.070767195767196,7820.456672621863,126.13639794551392,0
4393,30.029151535363443,0,0,224,0.0,0.0,1.0,224,7150,4900,2250,0.6853146853146853,94,49,45,230.68814808126524,0.4458455116912236,0.8235551084389674,0.15466391380276445,1023290.047802898,-4737.822784471955,1018552.2250184261,4391,4,1230.830357142857,62,162,38,32.916112483374505,0.5793340773809523,38.93849206349207,7839.455581875896,126.44283196574027,0
4394,29.841452022810216,0,1,223,0.0,0.004464285714285714,0.9955357142857143,224,7850,5800,2050,0.7388535031847133,99,58,41,228.8138562698521,0.4456957846199017,0.8222798731443528,0.1541511793522883,1018168.9408237756,-6055.767663183932,1012113.1731605916,4392,5,1231.830357142857,66,158,39,32.79768281553786,0.5813337053571428,38.774875621890565,7795.337016282019,118.11116691336393,0
4395,30.294047244466075,0,0,223,0.0,0.0,1.0,223,6550,4500,2050,0.6870229007633588,86,45,41,230.62675272969116,0.44490566799983844,0.8227827077801526,0.156167258276963,1034972.2275809508,-3411.543197517765,1031560.6843834331,4393,6,1238.0941704035874,67,156,42,32.57442569151431,0.5828662182361735,38.60294117647061,7918.774849564519,118.19066939648536,0
4396,30.532128522923305,0,0,223,0.0,0.0,1.0,223,6900,4800,2100,0.6956521739130435,90,48,42,232.57041722014287,0.4447373382350961,0.8237791356625437,0.15793961169427567,1043881.9374187768,-2944.788457188882,1040937.1489615879,4394,7,1239.0941704035874,57,166,43,32.424164377289365,0.5840807174887892,38.505747126436766,7983.976136741413,140.06975678493708,0
4397,30.61591194323139,0,0,223,0.0,0.0,1.0,223,5700,3900,1800,0.6842105263157895,75,39,36,229.29597396254258,0.44446380236738986,0.821205941096625,0.15618430525265403,1047552.7485382096,-2260.0744493585003,1045292.6740888511,4395,8,1240.0941704035874,60,163,42,32.40678786691908,0.585061659192825,38.40505464480874,8008.967811788962,133.48279686314936,0
4398,30.30822201310855,0,1,222,0.0,0.004484304932735426,0.9955156950672646,223,6900,5200,1700,0.7536231884057971,86,52,34,229.8484041131901,0.44439562881266914,0.8212689111893443,0.15710173720364873,1037940.023611117,-3786.228401555627,1034153.7952095614,4396,9,1241.0941704035874,61,162,43,32.274279921251434,0.5864162929745889,38.2896505376344,7931.975374633586,130.03238319071454,0
4399,30.04960578177305,1,0,223,0.004484304932735426,0.0,1.0,223,7050,5400,1650,0.7659574468085106,87,54,33,228.2206313533238,0.44424076542910623,0.8201515316614334,0.15686878167904023,1030557.9997375141,-4611.080530737276,1025946.9192067768,4397,0,1241.762331838565,63,160,43,32.12516572411081,0.5881446188340806,38.102213541666664,7869.925238191892,124.91944822526813,0
4400,30.44092514062391,0,0,223,0.0,0.0,1.0,223,7000,4900,2100,0.7,91,49,42,228.6186438710405,0.44416670033261957,0.8202060279237926,0.1578704419163537,1045202.4738520524,-3809.4455714574997,1041393.0282805949,4398,1,1242.762331838565,64,159,36,31.95773707599478,0.5894992526158446,37.94871794871795,7977.083459927601,124.64192906136877,0
4401,30.49410212736142,0,1,222,0.0,0.004484304932735426,0.9955156950672646,223,6100,4400,1700,0.7213114754098361,78,44,34,225.2357352747685,0.4441035766708412,0.8173907878715883,0.1560119083783948,1047839.5402409573,-3497.818140770493,1044341.7221001867,4399,2,1243.762331838565,65,158,38,31.942604856512116,0.5906203288490284,37.84722222222222,7994.113578527039,122.98636274656982,0
4402,30.93534414067509,0,3,219,0.0,0.013513513513513514,0.9864864864864865,222,6150,4300,1850,0.6991869918699187,80,43,37,225.11396033133144,0.4436321219409454,0.8171503030657952,0.1562257032976085,1063513.5588205878,-2667.650181565812,1060845.908639022,4400,13,1250.355855855856,65,157,39,31.881244733357413,0.5918262012012012,37.784090909090914,8111.739386887258,124.79599056749628,0
4403,30.567827153382666,0,0,219,0.0,0.0,1.0,219,5700,3500,2200,0.6140350877192983,79,35,44,193.88291473467442,0.4433081284124391,0.7838457007147062,0.13028858499152277,1042270.3769390694,-9084.316275488933,1033186.0606635804,4401,14,1261.5068493150684,84,135,41,33.797241384704435,0.5908961187214612,38.860294117647065,7982.47339229697,95.0294451463925,8
4404,30.3998534251666,0,0,219,0.0,0.0,1.0,219,5800,4000,1800,0.6896551724137931,76,40,36,193.45806142089464,0.44307248683898176,0.7831011059726158,0.13034395534721774,1037245.6020095561,-9467.295323576458,1027778.3066859797,4402,15,1262.5068493150684,85,134,42,33.71813225452467,0.5919425418569254,38.7718023255814,7941.298919822781,93.42704611556212,0
4405,30.23725161058273,0,0,219,0.0,0.0,1.0,219,5550,4200,1350,0.7567567567567568,69,42,27,199.77958958506647,0.44258025777442644,0.7894644284470844,0.13508756516693793,1032654.5732287595,-8089.338635443175,1024565.2345933163,4403,16,1263.5068493150684,85,134,43,33.429452271709096,0.5928938356164384,38.65067829457365,7902.48519866213,92.97041410190741,0
4406,30.118722165665194,0,1,218,0.0,0.0045662100456621,0.995433789954338,219,5400,3300,2100,0.6111111111111112,75,33,42,201.56422767654192,0.4422163224554201,0.7921822368657689,0.13668808930263898,1029370.5678436842,-7703.143299924734,1021667.4245437596,4404,17,1264.5068493150684,86,133,42,33.283816480429884,0.5938451293759512,38.5536398467433,7874.4302826803905,91.563142821865,0
4407,29.78711863964136,0,0,218,0.0,0.0,1.0,218,6200,4600,1600,0.7419354838709677,78,46,32,197.07006422301083,0.4421924104060091,0.7854354875168548,0.1340759916708003,1018887.8834058241,-9641.539876233166,1009246.3435295909,4405,18,1270.4220183486239,74,144,41,33.289967431322545,0.594849006116208,38.44444444444446,7790.986364190669,105.28359951609012,0
4408,29.59476855866047,0,1,217,0.0,0.0045871559633027525,0.9954128440366973,218,6150,4400,1750,0.7154471544715447,79,44,35,195.84330797111974,0.44194490832734395,0.7844055918517201,0.13372819870474348,1013253.5945065634,-10062.212847641358,1003191.3816589221,4406,19,1271.4220183486239,75,143,40,33.19758712200576,0.5959957951070336,38.322368421052644,7744.2889435573925,103.25718591409857,0
4409,29.328615069336454,0,0,217,0.0,0.0,1.0,217,6150,4500,1650,0.7317073170731707,78,45,33,196.67434171842808,0.4416913793593901,0.7838727070759388,0.13491942420334194,1005328.2466271871,-10005.5457767312,995322.7008504559,4407,20,1278.1336405529953,77,140,43,33.01816620762351,0.5970142089093702,38.16773504273505,7679.1777116641615,99.72958067096313,0
4410,29.240900812804608,0,0,217,0.0,0.0,1.0,217,7000,5300,1700,0.7571428571428571,87,53,34,195.68473848756315,0.4414993670706036,0.782787148079265,0.13483482665649937,1003446.5974591611,-11128.162997993764,992318.4344611673,4408,21,1279.1336405529953,79,138,37,32.894300861497655,0.5980702764976958,38.02083333333334,7660.506827521231,96.96844085469912,0
4411,29.144711362557153,0,0,217,0.0,0.0,1.0,217,5550,4000,1550,0.7207207207207207,71,40,31,193.71027856509608,0.4413989161973033,0.7804180032893133,0.13370733861932266,1000587.6150187945,-10185.178873184735,990402.4361456098,4409,22,1280.1336405529953,80,137,37,32.88703621908129,0.599174347158218,37.96296296296297,7636.993810744157,95.46242263430196,0
4412,29.403467326496386,1,1,217,0.0045871559633027525,0.0045871559633027525,0.9954128440366973,218,4600,3400,1200,0.7391304347826086,58,34,24,192.21933669284982,0.4411861074705112,0.780119981906096,0.1332270054251376,1010524.3430652824,-9351.536212802477,1001172.8068524799,4410,0,1275.2568807339449,82,136,39,32.786819850008015,0.6002484709480123,37.82630522088355,7708.815668304616,94.00994717444654,0
4413,29.8398932148703,0,0,217,0.0,0.0,1.0,217,5550,4200,1350,0.7567567567567568,69,42,27,194.7459311489567,0.4409917790294134,0.7799724944394608,0.1354407725484879,1026407.058761138,-8972.280320739883,1017434.7784403982,4411,1,1281.447004608295,82,135,40,32.6054276919151,0.6014304915514592,37.71335341365463,7826.605525823004,95.44640885150005,0
4414,29.64658190491337,0,0,217,0.0,0.0,1.0,217,6800,4900,1900,0.7205882352941176,87,49,38,197.34795392124855,0.4406673138191955,0.783611360521713,0.13777895258751413,1020741.9632859481,-9911.732412791785,1010830.2308731563,4412,2,1282.447004608295,83,134,41,32.40813485500053,0.6029665898617511,37.586805555555564,7779.654262027206,93.73077424129164,0
4415,29.52515249789722,0,0,217,0.0,0.0,1.0,217,5600,3900,1700,0.6964285714285714,73,39,34,194.63340891912392,0.44006105279626784,0.7806305317826059,0.1362433862433859,1017233.7696541075,-9402.464748914426,1007831.304905193,4413,3,1283.447004608295,72,145,40,32.39087301587299,0.6044546850998465,37.49999999999997,7750.352530697962,107.64378514858281,0
4416,29.41821600472267,0,0,217,0.0,0.0,1.0,217,5900,3900,2000,0.6610169491525424,79,39,40,194.25939272211755,0.4397934801160608,0.7807889200561,0.13621847660392322,1013990.290711347,-9904.57238005829,1004085.7183312888,4414,4,1284.447004608295,72,145,43,32.34250452898546,0.6056067588325653,37.4429223744292,7723.960823157739,107.2772336549686,0
4417,29.708395798522766,0,0,217,0.0,0.0,1.0,217,6350,4500,1850,0.7086614173228346,82,45,37,195.06382877893893,0.43957302156226885,0.7811596091581159,0.13734729398887296,1025044.0347817317,-9760.19718169299,1015283.8376000386,4415,5,1285.447004608295,75,142,42,32.18394552854012,0.6067588325652842,37.3081140350877,7804.154521305972,104.05539361741296,0
4418,29.742415012533783,0,0,217,0.0,0.0,1.0,217,6500,4200,2300,0.6461538461538462,88,42,46,189.24298554586866,0.43922455481595263,0.774235691001921,0.13393993831353138,1027536.2381980589,-11009.194905365954,1016527.043292693,4416,6,1286.447004608295,77,140,41,32.16497104099983,0.6080549155145929,37.13942307692305,7818.108369280155,101.53387492571629,0
4419,29.847334084381707,0,0,217,0.0,0.0,1.0,217,5500,3800,1700,0.6909090909090909,72,38,34,187.42151859286827,0.4388983117141719,0.7722861736824826,0.13300924995654634,1031849.4243784561,-10221.842784762794,1021627.5815936932,4417,7,1287.447004608295,78,139,44,32.12347056463744,0.6090149769585254,37.051687763713055,7848.306122240709,100.61930925949626,0
4420,29.577735204739657,0,0,217,0.0,0.0,1.0,217,5600,3600,2000,0.6428571428571429,76,36,40,186.76003001020638,0.43829649542015137,0.7726746310239554,0.13315713360572384,1023701.1193808671,-10762.70964458966,1012938.4097362774,4418,8,1288.447004608295,79,138,40,31.987404731267915,0.6101670506912442,36.90104166666665,7781.871322226129,98.50470028134342,0
4421,29.996396913813246,0,0,217,0.0,0.0,1.0,217,6000,4700,1300,0.7833333333333333,73,47,26,186.64587408887553,0.43800492120384593,0.7718103668397323,0.133469408074874,1038944.9385361235,-10617.042763342759,1028327.8957727808,4419,9,1289.447004608295,80,137,42,31.893139841688672,0.6113191244239631,36.80555555555553,7894.885021066057,98.68606276332571,0
4422,30.55141259060454,0,3,214,0.0,0.013824884792626729,0.9861751152073732,217,5900,4500,1400,0.7627118644067796,73,45,28,185.8024217404473,0.4375,0.7707033053242234,0.13314555284056018,1058713.1223328102,-9957.707588435098,1048755.414744375,4420,10,1290.447004608295,81,136,44,31.84632953741231,0.6127112135176651,36.737804878048756,8043.031942678905,99.29669065035685,0
4423,30.374602672704054,0,0,214,0.0,0.0,1.0,214,6000,4400,1600,0.7333333333333333,76,44,32,186.66692346800727,0.43722165547803954,0.7684662708908874,0.13435409429857734,1053717.2025875016,-9461.170317535403,1044256.0322699662,4421,11,1300.9719626168223,82,132,46,31.679511308049022,0.6145346573208723,36.596385542168655,8000.780131710704,97.57048941110615,0
4424,30.897148986708274,0,1,213,0.0,0.004672897196261682,0.9953271028037384,214,5550,3900,1650,0.7027027027027027,72,39,33,190.81326701660976,0.4369771327863338,0.7733701610243389,0.1378227095819658,1072764.1631756953,-7410.47305722124,1065353.6901184742,4422,12,1301.9719626168223,82,132,47,31.455188042736257,0.6154595015576324,36.48343373493975,8141.910608357328,99.29159278484546,0
4425,31.389705055286132,0,0,213,0.0,0.0,1.0,213,6300,4700,1600,0.746031746031746,79,47,32,192.84621246761134,0.43649515014615997,0.7755404857126293,0.13996902517810533,1091150.998368437,-6815.132546878709,1084335.8658215583,4423,13,1308.8309859154929,71,142,45,31.24331275720164,0.6165395148669797,36.32812500000001,8276.582387624292,116.5715829242858,0
4426,31.78347935358063,0,0,213,0.0,0.0,1.0,213,6100,4600,1500,0.7540983606557377,76,46,30,193.09012138130123,0.436046704756843,0.7759185576063801,0.14046420242542437,1105445.4605317733,-6009.880369102171,1099435.5801626712,4424,14,1309.8309859154929,71,142,45,31.16314682757361,0.6177132237871674,36.25578703703705,8382.708747334742,118.06632038499636,0
4427,31.678590642801705,0,0,213,0.0,0.0,1.0,213,4950,3500,1450,0.7070707070707071,64,35,29,190.6737964657557,0.4360633138453362,0.7732621030709912,0.1392356959388629,1102810.3674183928,-5494.592092507741,1097315.775325885,4425,15,1310.8309859154929,73,140,47,31.103349782164177,0.6186913145539906,36.134572072072096,8358.88487611658,114.50527227556958,0
4428,32.18775184243703,0,0,213,0.0,0.0,1.0,213,6300,4700,1600,0.746031746031746,79,47,32,193.12702426159785,0.43564716390586705,0.7768616390172982,0.14171715442294808,1121851.030787286,-5568.049751848699,1116282.9810354374,4426,16,1311.8309859154929,73,140,47,30.880784815525722,0.620060641627543,35.979729729729755,8498.218940832674,116.41395809359827,0
4429,32.03516514053087,0,0,213,0.0,0.0,1.0,213,5900,4400,1500,0.7457627118644068,74,44,30,199.1335780900183,0.4351018321670062,0.7779431048422707,0.13623891332693333,1097350.1123784594,-4796.149140918768,1092553.9632375406,4427,17,1312.8309859154929,76,137,40,33.0454052098408,0.599031690140845,38.25757575757576,8384.961784888952,110.32844453801253,8
4430,31.90161844475178,0,1,212,0.0,0.004694835680751174,0.9953051643192489,213,6050,4200,1850,0.6942148760330579,79,42,37,197.54112090626802,0.4345408140667906,0.7770273976279582,0.1358475093001566,1094209.1811837514,-5419.73836860641,1088789.442815145,4428,18,1313.8309859154929,79,134,41,32.91205775126356,0.6004988262910798,38.0859375,8355.482487189869,105.76560110366923,0
4431,32.35802754159989,0,0,212,0.0,0.0,1.0,212,6850,5100,1750,0.7445255474452555,86,51,35,198.67455291476142,0.4344284665712838,0.7776442351667094,0.13715725159055214,1110954.1082125776,-5106.337848409745,1105847.7703641679,4429,19,1317.382075471698,81,131,42,32.75119578566353,0.6018573113207547,37.957317073170735,8479.184351221069,104.68128828667986,0
4432,31.85388764282816,0,0,212,0.0,0.0,1.0,212,6250,4700,1550,0.752,78,47,31,195.5681938011899,0.4341667225550687,0.7742569960909373,0.13547910627574689,1094598.6558977864,-5836.263585771835,1088762.3923120145,4430,20,1318.382075471698,84,128,38,32.716182840937385,0.6032330974842768,37.84313725490197,8350.7152506787,99.41327679379405,0
4433,32.03368821590091,0,1,211,0.0,0.0047169811320754715,0.9952830188679245,212,6600,4800,1800,0.7272727272727273,84,48,36,196.84753633125126,0.43381509135890783,0.7748666963519018,0.1369431241158694,1101949.757807309,-5616.781002962266,1096332.9768043468,4431,21,1319.382075471698,86,126,38,32.540302947307545,0.604559748427673,37.703544061302686,8402.322889676036,97.70142894972135,0
4434,31.664702619431306,0,0,211,0.0,0.0,1.0,211,6300,5100,1200,0.8095238095238095,75,51,24,197.25176899136522,0.4332157902655533,0.775458916130632,0.13777793694198381,1090357.6974932735,-5485.003067219993,1084872.6944260534,4432,22,1319.5355450236966,87,124,40,32.394564727108694,0.606042654028436,37.57102272727273,8309.735524062404,95.51420142600465,0
4435,32.12013618811289,0,3,208,0.0,0.014218009478672985,0.985781990521327,211,6500,4600,1900,0.7076923076923077,84,46,38,190.93109478983635,0.43282742796960805,0.7756014523878532,0.1312572969176786,1101609.2948039528,-6633.706262484693,1094975.5885414681,4433,23,1320.5355450236966,74,137,45,33.09668381326121,0.5988349131121643,38.0972222222222,8412.352890267231,113.6804444630707,8
4436,31.758095582464755,0,1,207,0.0,0.004807692307692308,0.9951923076923077,208,5000,3300,1700,0.66,67,33,34,190.46297928352698,0.4323240856868574,0.7720318789688141,0.131154518155041,1089654.691605695,-5092.22420930171,1084562.4673963934,4434,24,1336.2451923076924,74,134,47,33.052330205185285,0.600010016025641,38.041666666666636,8319.297788623087,112.42294308950117,0
4437,31.834639751692087,0,0,207,0.0,0.0,1.0,207,5200,3100,2100,0.5961538461538461,73,31,42,191.78432014057455,0.4320017041101887,0.7722615216097968,0.13217492257258412,1092512.6659111632,-4694.640224652443,1087818.0256865108,4435,25,1342.9130434782608,74,133,46,32.98940606831714,0.600744766505636,38.01388888888886,8340.233467168928,112.70585766444496,0
4438,32.31080863848181,0,1,206,0.0,0.004830917874396135,0.9951690821256038,207,6400,4400,2000,0.6875,84,44,40,187.25526995542478,0.43176523927895816,0.7666880254193162,0.12953431560833942,1109897.6739653468,-6233.162287744422,1103664.5116776023,4436,26,1343.9130434782608,79,128,44,32.982488822652755,0.602506038647343,37.89062499999998,8468.965857977013,107.20209946806345,0
4439,32.066394507117586,0,0,206,0.0,0.0,1.0,206,6200,4700,1500,0.7580645161290323,77,47,30,201.43731877088075,0.43193622227484413,0.7762305734317754,0.13007977862570635,1081948.0542489195,-3811.056980545538,1078136.9972683738,4437,27,1350.1990291262136,75,131,42,34.994734782532205,0.5812095469255664,40.22752192982454,8329.966763889744,111.06622351852992,8
4440,32.31092813118037,0,1,205,0.0,0.0048543689320388345,0.9951456310679612,206,5500,3600,1900,0.6545454545454545,74,36,38,201.2401775306614,0.43205856815849714,0.7757598740204048,0.1302676037294649,1090906.4567559648,-2793.158194617082,1088113.2985613476,4438,28,1351.1990291262136,79,127,43,34.913866897162194,0.5823220064724919,40.14322916666666,8396.21344679642,106.28118287084077,0
4441,32.001511726598295,1,0,206,0.0048543689320388345,0.0,1.0,206,5950,4500,1450,0.7563025210084033,74,45,29,200.77321856304727,0.43251539190149185,0.7756632929474343,0.13046480538745528,1081567.5598891517,-3720.039981534929,1077847.5199076168,4439,0,1351.7669902912621,82,124,44,34.79013805754006,0.5837378640776699,40.01004016064256,8320.071748596989,101.46428961703646,0
4442,31.721039936290406,0,0,206,0.0,0.0,1.0,206,5750,3900,1850,0.6782608695652174,76,39,37,202.49663050281174,0.43222235377693585,0.7775713468008403,0.13176252691319065,1072474.3871073027,-3515.510062040774,1068958.877045262,4440,1,1352.7669902912621,84,122,39,34.69757842813832,0.5848503236245954,39.96323529411764,8248.636598139015,98.19805473975018,0
4443,31.483436594948802,0,0,206,0.0,0.0,1.0,206,5500,4400,1100,0.8,66,44,22,204.4300686565665,0.43194608887836455,0.7806209104277373,0.13352655212489392,1065516.5113224594,-3135.2772871288216,1062381.2340353306,4441,2,1353.7669902912621,87,119,41,34.51329488754416,0.5861650485436893,39.83191287878788,8190.985474909812,94.1492583322967,0
4444,31.710868255629894,0,0,206,0.0,0.0,1.0,206,5300,3400,1900,0.6415094339622641,72,34,38,206.79173538189053,0.4314966650880101,0.782528819986744,0.13544027065360836,1073995.0509833698,-2081.339923117378,1071913.7110602525,4442,3,1354.7669902912621,87,119,41,34.355196631342764,0.5875303398058253,39.737215909090914,8253.158858150278,94.86389492126757,0
4445,31.275948604820265,0,0,206,0.0,0.0,1.0,206,5550,4100,1450,0.7387387387387387,70,41,29,207.13195751027462,0.43124112005683163,0.7832132886881948,0.1358635086743921,1059679.0803394099,-2851.3195513218734,1056827.760788088,4443,4,1355.7669902912621,90,116,42,34.294427832256005,0.5883394012944984,39.68635531135533,8141.556172415536,90.4617352490615,0
4446,31.013991990699047,0,1,205,0.0,0.0048543689320388345,0.9951456310679612,206,5000,3200,1800,0.64,68,32,36,203.89929651883872,0.4312282934722551,0.7807747743412865,0.13448870390001927,1052346.5555930303,-3285.455524111382,1049061.100068919,4444,5,1356.7669902912621,70,136,42,34.183632762634254,0.5896541262135923,39.49530516431927,8079.290519173344,115.41843598819064,0
4447,31.535161542993524,0,1,204,0.0,0.004878048780487805,0.9951219512195122,205,6500,4800,1700,0.7384615384615385,82,48,34,206.53994788885268,0.43066814124023595,0.7835320949544484,0.13688839452020568,1071386.0275520766,-3243.1971401096807,1068142.830411967,4445,6,1353.8634146341462,69,136,42,33.94648769766513,0.5909044715447154,39.330357142857146,8220.259296854434,119.13419270803527,0
4448,31.674914919153498,1,1,204,0.004878048780487805,0.004878048780487805,0.9951219512195122,205,5450,3900,1550,0.7155963302752294,70,39,31,202.65150741279606,0.43048282321058506,0.7794725819456996,0.13491142450656946,1077390.399318279,-2783.0423012151086,1074607.357017064,4446,0,1354.409756097561,71,134,48,33.892648472746096,0.5922764227642277,39.178240740740755,8261.507033601005,116.35925399438035,0
4449,31.75753775434369,0,0,204,0.0,0.0,1.0,204,6050,4500,1550,0.743801652892562,76,45,31,203.417737451065,0.4301088251392511,0.779603816738081,0.136047669083447,1081500.3960766785,-2850.727275530172,1078649.6688011484,4447,1,1361.7107843137255,75,129,46,33.71261357071585,0.5938521241830066,39.02138157894738,8288.038327583055,110.50717770110741,0
4450,31.558606058437288,0,1,203,0.0,0.004901960784313725,0.9950980392156863,204,4900,3700,1200,0.7551020408163265,61,37,24,201.71748825034297,0.4297652250555395,0.7771730207204539,0.13533603590411358,1075605.364532052,-2306.317503599862,1073299.0470284522,4448,2,1362.7107843137255,80,124,40,33.64806012543922,0.5953329248366013,38.914609053497955,8239.491000493781,102.99363750617226,0
4451,31.24421063835621,0,1,202,0.0,0.0049261083743842365,0.9950738916256158,203,5800,4000,1800,0.6896551724137931,76,40,36,203.64816637795684,0.4294523972101643,0.7777123058429765,0.1372982799128809,1066233.0975734699,-2972.7169495346507,1063260.3806239353,4449,3,1366.8325123152708,84,119,41,33.42969165337585,0.5970340722495895,38.75000000000001,8162.550029270583,97.1732146341736,0
4452,31.637124933814032,0,0,202,0.0,0.0,1.0,202,4550,3100,1450,0.6813186813186813,60,31,29,207.63074673347822,0.42851696550252044,0.7822908082132947,0.1403399579743722,1080350.7456927437,-87.19358754889072,1080263.552105195,4450,11,1374.5841584158416,84,118,42,33.238081281750716,0.5981332508250825,38.664215686274524,8267.91285800965,98.4275340239244,0
4453,31.489460524142608,1,0,203,0.0049261083743842365,0.0,1.0,203,5300,4300,1000,0.8113207547169812,63,43,20,201.62403903926207,0.4288437464436099,0.7705572379449013,0.13095724019056185,1064130.5665046233,-2989.1394232403854,1061141.4270813828,4451,0,1368.807881773399,79,124,46,34.78434171424754,0.5826149425287357,40.026041666666636,8186.439698242519,103.62581896509518,8
4454,31.156598444485727,0,0,203,0.0,0.0,1.0,203,4450,3100,1350,0.6966292134831461,58,31,27,198.58709082396012,0.4286720236063015,0.7670602324894298,0.12937307736848488,1053725.9909119047,-3198.7241878424047,1050527.2667240624,4452,1,1369.807881773399,79,124,44,34.757059176930014,0.5835385878489328,39.92187499999997,8103.149704819693,102.5715152508822,0
4455,31.64349347610112,1,2,202,0.004901960784313725,0.00980392156862745,0.9901960784313726,204,5900,4500,1400,0.7627118644067796,73,45,28,198.54456320385316,0.42915398918187964,0.7672345030042722,0.13029215427753799,1072265.6700889433,-4121.496178741346,1068144.173910202,4453,0,1364.0882352941176,83,121,47,34.50143103256639,0.5855800653594772,39.67013888888885,8237.74626170365,99.24995496028495,0
4456,31.78802612156913,0,0,202,0.0,0.0,1.0,202,5650,4100,1550,0.7256637168141593,72,41,31,199.9865781041649,0.42869142324680226,0.7661778641568755,0.13173421184176548,1078236.1463231992,-2923.4485417203678,1075312.6977814788,4454,1,1375.59900990099,72,130,47,34.33168520243247,0.5870977722772277,39.54052511415525,8279.49259128141,114.99295265668626,0
4457,31.37422176357085,0,0,202,0.0,0.0,1.0,202,6500,4900,1600,0.7538461538461538,81,49,32,200.10594678163102,0.4283666239758304,0.7663477997860002,0.1325284707727805,1065716.4921270723,-4248.758468422513,1061467.7336586497,4455,2,1376.59900990099,72,130,45,34.139361838023284,0.5886963696369637,39.35502283105024,8177.533315259523,113.57685160082671,0
4458,31.90087360535124,0,1,201,0.0,0.0049504950495049506,0.995049504950495,202,4950,3400,1550,0.6868686868686869,65,34,31,203.6231566106392,0.4282922228790043,0.7680696810773715,0.13529108152996783,1084516.6398149903,-1183.4596808213682,1083333.180134169,4456,3,1377.59900990099,73,129,49,33.93592996473046,0.5896761551155115,39.24549549549552,8318.29649022424,113.94926698937316,0
4459,32.249564280097445,0,1,200,0.0,0.004975124378109453,0.9950248756218906,201,5450,3900,1550,0.7155963302752294,70,39,31,233.74176162375005,0.42835820895522386,0.7938635144681847,0.1508219313766322,1087898.7261658062,5207.472944445848,1093106.199110252,4457,4,1384.9701492537313,75,126,36,34.183607285455466,0.5812603648424544,40.254934210526315,8376.66519561577,111.68886927487692,8
4460,31.84659699141312,0,0,200,0.0,0.0,1.0,200,6900,5600,1300,0.8115942028985508,82,56,26,233.17170281597362,0.4283898659966499,0.7952863364180718,0.1455936159323402,1064744.593385051,2753.661980738878,1067498.2553657899,4458,5,1392.035,73,127,37,35.383777898747944,0.5667708333333333,41.4132882882883,8235.10679521764,112.80968212626904,8
4461,32.278317570091694,2,0,202,0.009900990099009901,0.0,1.0,202,5750,4300,1450,0.7478260869565218,72,43,29,224.70232222134098,0.42932408912533043,0.798053583057919,0.1362108106770304,1070277.6761610617,1948.775851010193,1072226.4520120719,4459,0,1379.2425742574258,68,134,41,36.695392191347175,0.5576526402640264,42.481884057971016,8312.251526428507,122.23899303571334,8
4462,32.09145216620456,1,0,203,0.0049261083743842365,0.0,1.0,203,5300,3900,1400,0.7358490566037735,67,39,28,219.1010268152068,0.430338446406217,0.7940583813253794,0.13348975150916093,1065605.660532814,795.0588805673096,1066400.7194133813,4460,0,1373.4433497536945,70,133,39,36.651247746465515,0.5591133004926108,42.29753521126761,8270.046321880625,118.14351888400893,0
4463,31.821188759917572,0,0,203,0.0,0.0,1.0,203,6450,4800,1650,0.7441860465116279,81,48,33,215.54513599657523,0.4300346290786714,0.790037197144867,0.13202139579790242,1058208.7841075095,-1431.6487433551933,1056777.1353641544,4461,1,1374.4433497536945,75,128,44,36.5464675453515,0.5605500821018062,42.10526315789474,8206.51710124191,109.42022801655881,0
4464,31.898311583146132,0,2,201,0.0,0.009852216748768473,0.9901477832512315,203,4750,3600,1150,0.7578947368421053,59,36,23,214.3065912285768,0.4299106634801411,0.7891622594537928,0.1316108839917869,1061561.4768731887,149.92429765330508,1061711.4011708421,4462,2,1375.4433497536945,78,125,36,36.48058707281339,0.5616789819376027,42.00949367088607,8229.461556379703,105.50591738948337,0
4465,31.611236710892815,3,2,202,0.014705882352941176,0.00980392156862745,0.9901960784313726,204,5350,3500,1850,0.6542056074766355,72,35,37,209.0963664049252,0.431862543868122,0.785374832281279,0.1292778496138144,1053985.7588492066,-2073.0815164186497,1051912.677332788,4463,0,1364.9313725490197,82,122,39,36.367511502073604,0.5643382352941176,41.76706827309237,8163.062331367106,99.54954062642813,0
4466,31.18534083523121,1,0,203,0.0049261083743842365,0.0,1.0,203,5350,4200,1150,0.7850467289719626,65,42,23,210.38211087277614,0.4311879155895885,0.7868506261311947,0.13071181821449412,1041202.3822202898,-2139.9289965463986,1039062.4532237434,4464,0,1370.039408866995,68,135,40,36.154724348113945,0.5657840722495895,41.59118357487923,8058.567015046094,118.5083384565602,0
4467,30.971343220156903,1,0,204,0.004901960784313725,0.0,1.0,204,4600,2900,1700,0.6304347826086957,63,29,34,208.57989815921883,0.43176243198428793,0.7862735225006405,0.1302640496050973,1035538.1269969539,-2201.5125861973247,1033336.6144107565,4465,0,1364.3186274509803,71,133,41,36.01250419603892,0.5672487745098039,41.40625000000001,8008.995785837468,112.80275754700659,0
4468,31.27071785330326,4,1,207,0.019230769230769232,0.004807692307692308,0.9951923076923077,208,6000,4800,1200,0.8,72,48,24,204.21771730439932,0.43291149897807507,0.7855633870905359,0.1289489014979212,1048708.9672896364,-4767.009716691076,1043941.9575729453,4466,0,1339.0625,79,129,38,35.726705211999345,0.5700620993589743,41.015625000000014,8098.627319039122,102.5142698612547,0
4469,31.50405288482635,1,2,206,0.004807692307692308,0.009615384615384616,0.9903846153846154,208,5950,3900,2050,0.6554621848739496,80,39,41,207.6295938953886,0.4325776314567076,0.7894405386218419,0.1318389047059757,1058148.052046429,-3609.4299344806077,1054538.6221119482,4467,0,1340.0576923076924,80,128,41,35.43651384340577,0.5713641826923077,40.817901234567906,8165.286546306472,102.0660818288309,0
4470,31.135360435392577,0,1,205,0.0,0.0048543689320388345,0.9951456310679612,206,6100,4700,1400,0.7704918032786885,75,47,28,207.2055506095581,0.43276008366879787,0.7873433397354128,0.13176826647831918,1046193.6028028439,-3944.5756974078163,1042249.0271054361,4468,1,1339.9708737864078,81,125,41,35.39323720618743,0.5725121359223301,40.76473577235773,8071.3833892918965,99.6467085097765,0
4471,30.790907043188113,0,2,203,0.0,0.00975609756097561,0.9902439024390244,205,5900,4100,1800,0.6949152542372882,77,41,36,206.844025837494,0.43216264147935596,0.7864025244642914,0.1318800057528517,1035348.2480796545,-4068.880044681379,1031279.3680349732,4469,2,1346.9853658536585,85,120,43,35.30943484353106,0.5741361788617887,40.67344961240311,7984.899706815158,93.93999655076657,0
4472,30.549541860302817,1,0,204,0.004901960784313725,0.0,1.0,204,6550,4700,1850,0.7175572519083969,84,47,37,211.8206333350922,0.43196668035030106,0.7909801655593207,0.13566587583413495,1028491.7859073081,-3778.843705834885,1024712.9422014732,4470,0,1354.078431372549,65,139,44,35.018082334813364,0.5756229575163399,40.51452020202019,7927.162527229128,121.9563465727558,0
4473,30.64818164240689,2,0,206,0.009708737864077669,0.0,1.0,206,6050,4700,1350,0.7768595041322314,74,47,27,208.53248419479172,0.43270187070802746,0.7891764820728646,0.13448635947906692,1033735.1705891981,-4136.52737550173,1029598.6432136964,4471,0,1341.9223300970873,70,136,43,34.85673332203581,0.5776699029126213,40.27288732394365,7960.163726753629,113.71662466790899,0
4474,30.499560472914144,1,1,206,0.004830917874396135,0.004830917874396135,0.9951690821256038,207,5450,3800,1650,0.6972477064220184,71,38,33,205.1259683716308,0.4329055469568344,0.7869258811834148,0.13319494153045894,1030602.5742211433,-4569.3297913187025,1026033.2444298245,4472,0,1336.4347826086957,75,132,42,34.70309177343104,0.5795591787439613,40.03563596491227,7928.79884169079,105.71731788921053,0
4475,30.49050020388693,0,1,205,0.0,0.0048543689320388345,0.9951456310679612,206,5850,3800,2050,0.6495726495726496,79,38,41,206.47570926606153,0.4324966453548031,0.7882849310309483,0.13461880169747584,1031415.5854904886,-4457.547087556306,1026958.0384029322,4473,1,1343.8203883495146,76,130,42,34.52393335760474,0.580906148867314,39.89448051948052,7930.747394752891,104.3519394046433,0
4476,31.02203986367552,0,2,203,0.0,0.00975609756097561,0.9902439024390244,205,6200,4200,2000,0.6774193548387096,82,42,40,205.79364359746182,0.43181292842340185,0.7868957359319557,0.13460520797235778,1050290.6631380608,-3971.371519284957,1046319.2916187759,4474,2,1350.9560975609756,77,128,42,34.42856684629202,0.5826727642276424,39.78365384615384,8072.441863564586,104.8369073190206,0
4477,31.530064174745128,1,1,203,0.004901960784313725,0.004901960784313725,0.9950980392156863,204,6200,4600,1600,0.7419354838709677,78,46,32,211.7520499771754,0.43128451093080905,0.7925774846877323,0.13925711738259205,1069026.3989829987,-1726.2937071263805,1067300.1052758724,4475,0,1351.5686274509803,78,126,43,34.08242189477947,0.5848141339869282,39.596518987341774,8210.538467656146,105.26331368789931,0
4478,31.557984547201222,1,0,204,0.004901960784313725,0.0,1.0,204,4950,2900,2050,0.5858585858585859,70,29,41,211.5019766433823,0.4317111183553881,0.7922093191520152,0.1397976479764801,1071398.8272610088,-429.4060521787842,1070969.42120883,4476,0,1350.7745098039215,64,140,43,33.91182349323494,0.5862438725490196,39.42307692307694,8223.282511818814,128.48878924716897,0
4479,31.53737047520548,0,0,204,0.0,0.0,1.0,204,5800,3900,1900,0.6724137931034483,77,39,38,209.5318947341874,0.43146259940757914,0.7905903325185475,0.1390156959027643,1071752.8135972722,-1686.7204560532218,1070066.0931412189,4477,1,1351.7745098039215,64,140,44,33.83226784689777,0.587265114379085,39.29487179487182,8221.954212991122,128.4680345779863,0
4480,31.96567749839135,0,0,204,0.0,0.0,1.0,204,5650,3800,1850,0.672566371681416,75,38,37,207.08615586975498,0.43132375076467366,0.7881141548829096,0.13792316145402472,1087402.8213133342,-1412.7859704590228,1085990.0353428752,4478,2,1352.7745098039215,66,138,42,33.76199558919951,0.5882863562091503,39.16355721393035,8337.813609927121,126.33050924132002,0
4481,32.359377261394684,0,0,204,0.0,0.0,1.0,204,5850,4500,1350,0.7692307692307693,72,45,27,204.85691859226745,0.4313906597121607,0.785817234944749,0.13668802985673364,1101320.6005241282,-1527.3710788881199,1099793.22944524,4479,3,1353.7745098039215,66,138,44,33.75667918081956,0.5891544117647058,39.10136815920399,8442.517254718066,127.91692810178888,0
4482,32.42753114052342,1,0,205,0.004878048780487805,0.0,1.0,205,5600,4100,1500,0.7321428571428571,71,41,30,201.6251950593097,0.4313605930176949,0.7753358153096248,0.1288937303068915,1091162.9307557414,-2598.812248977373,1088564.118506764,4480,0,1348.1658536585367,69,136,45,35.34980353352835,0.5783536585365854,40.580357142857125,8412.338547213425,121.91794995961486,8
4483,32.04184017526909,0,1,204,0.0,0.004878048780487805,0.9951219512195122,205,5100,3400,1700,0.6666666666666666,68,34,34,203.27366066279419,0.431238043998087,0.7745329621988404,0.12913598627095418,1076353.9115448573,-2341.120046311482,1074012.7914985458,4481,1,1349.1658536585367,82,123,39,35.53186381316678,0.575609756097561,40.800702811245,8305.222454064227,101.28320065931985,8
4484,31.567255996059263,0,2,202,0.0,0.00980392156862745,0.9901960784313726,204,5700,4000,1700,0.7017543859649122,74,40,34,202.3887280553466,0.4308780264979555,0.7728229607515082,0.12932394490493032,1062086.6665276268,-3509.1260953862793,1058577.5404322406,4482,2,1356.171568627451,71,133,40,35.346021565346724,0.5771548202614378,40.596064814814795,8188.670428375856,115.33338631515291,0
4485,31.671484155897218,0,0,202,0.0,0.0,1.0,202,6200,4300,1900,0.6935483870967742,81,43,38,204.2655517765778,0.4298962079043725,0.7747690283963753,0.1312801239641444,1067258.1547057356,-2999.184828196164,1064258.9698775394,4483,8,1370.5594059405942,71,131,40,35.090652400059454,0.5785375412541254,40.39351851851852,8222.122565008967,115.80454316914039,0
4486,32.08774696063863,0,0,202,0.0,0.0,1.0,202,5700,4000,1700,0.7017543859649122,74,40,34,207.70159623700874,0.42965094084035266,0.7804109888462496,0.13081945486231666,1075368.9958652519,-1428.8286029993,1073940.1672622527,4484,9,1371.5594059405942,75,127,40,35.72741851518521,0.5757528877887789,41.10471491228072,8307.366397197182,110.76488529596243,8
4487,31.892357554541903,0,1,201,0.0,0.0049504950495049506,0.995049504950495,202,4900,3500,1400,0.7142857142857143,63,35,28,208.21489244772653,0.4294631422097434,0.7805048285678016,0.13171495342599554,1070094.3614815485,-738.0835230396551,1069356.2779585088,4485,10,1372.5594059405942,79,123,35,35.556724889000634,0.5770936468646864,40.95052083333337,8261.698613901275,104.57846346710475,0
4488,31.417429192646022,0,0,201,0.0,0.0,1.0,201,5900,4400,1500,0.7457627118644068,74,44,30,207.0676964407208,0.4296258291873964,0.778622846985219,0.13128774936249074,1054813.5759975857,-2416.4365287558608,1052397.1394688298,4486,11,1377.1044776119404,84,117,39,35.50435485142273,0.578099087893864,40.870098039215705,8141.195346550296,96.91899222083686,0
4489,31.17698929367966,0,0,201,0.0,0.0,1.0,201,5300,3200,2100,0.6037735849056604,74,32,42,209.58738754476258,0.4295771144278607,0.7816478355884116,0.1331701334162098,1047351.2522468405,-1597.677439969515,1045753.574806871,4487,12,1378.1044776119404,85,116,39,35.361954828660444,0.5789800995024876,40.79457364341087,8081.2448023831,95.0734682633306,0
4490,31.529922957818698,0,1,200,0.0,0.004975124378109453,0.9950248756218906,201,5950,4300,1650,0.7226890756302521,76,43,33,214.57487501442853,0.42910551409618575,0.7866493607148148,0.1369065550084866,1060402.5160090218,-642.8525324755192,1059759.6634765463,4488,13,1379.1044776119404,88,113,39,35.08337470102444,0.5805866500829188,40.64840823970039,8177.33570718993,92.92426939988557,0
4491,31.23013942325902,0,1,199,0.0,0.005,0.995,200,6000,4100,1900,0.6833333333333333,79,41,38,214.75822806941932,0.42897717755443887,0.7835605144553155,0.1380675336217313,1052475.8076137092,-794.4320941900532,1051681.3755195192,4489,14,1381.98,72,128,38,34.80691894763841,0.5828125,40.38242009132418,8107.8932172769855,112.60962801773591,0
4492,30.84014439484322,0,0,199,0.0,0.0,1.0,199,5200,3800,1400,0.7307692307692307,66,38,28,213.4435402624078,0.42807894692316806,0.7799815659905625,0.13781247007796688,1040531.9534343838,-581.0352205614568,1039950.9182138224,4490,15,1386.1557788944724,76,123,38,34.68811842516404,0.5845896147403685,40.232683982683966,8011.261535034856,105.41133598730073,0
4493,31.336218954975642,0,1,198,0.0,0.005025125628140704,0.9949748743718593,199,5500,3800,1700,0.6909090909090909,72,38,34,215.15827412976955,0.4279277278649138,0.779922859626524,0.13948601201378089,1058421.7277365348,245.63844824812077,1058667.366184783,4491,16,1387.1557788944724,79,120,41,34.49899178397875,0.5860029313232831,40.09114583333332,8144.560762503468,103.09570585447428,0
4494,31.50027363253403,1,2,197,0.005025125628140704,0.010050251256281407,0.9899497487437185,199,5750,3800,1950,0.6608695652173913,77,38,39,211.13404657977364,0.4285347190497944,0.7742746883589211,0.13746497277316275,1065179.9945454455,-570.8474831595004,1064609.147062286,4492,0,1388.0301507537688,86,113,34,34.45183011049725,0.58767797319933,39.9425287356322,8191.881505012488,95.25443610479637,0
4495,31.633209374932257,0,0,197,0.0,0.0,1.0,197,6050,4600,1450,0.7603305785123967,75,46,29,190.2882082911527,0.4269408905694257,0.7589802669666927,0.12286194269020531,1067289.5925156877,-4831.47514247923,1062458.1173732085,4493,18,1403.020304568528,76,121,45,35.28961826893035,0.5861357868020305,40.23268398268397,8217.273896339926,108.12202495184113,8
4496,31.841739496539276,0,0,197,0.0,0.0,1.0,197,5550,4000,1550,0.7207207207207207,71,40,31,189.2151181398038,0.42654377740944094,0.7576338537235474,0.12245853310939563,1075006.7069853377,-4268.495787337819,1070738.2111979998,4494,19,1404.020304568528,78,119,45,35.23356759865357,0.5871933164128595,40.150316455696185,8274.06593167585,106.07776835481859,0
4497,31.88538880793752,1,0,198,0.005050505050505051,0.0,1.0,198,4750,3500,1250,0.7368421052631579,60,35,25,185.41221485843144,0.4272403604573655,0.7533140400812035,0.12037151626129693,1077376.6328011595,-4398.242455123864,1072978.3903460356,4495,0,1397.9242424242425,83,115,46,35.222226860023206,0.5884364478114479,40.04216269841268,8288.856716031625,99.86574356664609,0
4498,32.15326523411272,0,1,197,0.0,0.005050505050505051,0.9949494949494949,198,4750,2900,1850,0.6105263157894737,66,29,37,185.28159995324285,0.42687930489326426,0.7535949040559282,0.12078740368536492,1087631.0973643626,-4046.394024286132,1083584.7033400764,4496,1,1398.9242424242425,85,113,41,35.07904908261153,0.5896990740740741,39.898255813953476,8363.120368669253,98.38965139610886,0
4499,31.725364246770923,1,1,197,0.005050505050505051,0.005050505050505051,0.9949494949494949,198,4900,3700,1200,0.7551020408163265,61,37,24,184.447358276908,0.42735145447708894,0.7527315831533128,0.12055716272033,1073899.6566186252,-4884.409056443295,1069015.247562182,4497,0,1388.7525252525252,87,111,43,35.00907033346982,0.591172138047138,39.808238636363626,8254.678403270229,94.88136095712908,0
4500,32.10412771491822,0,0,197,0.0,0.0,1.0,197,5350,3700,1650,0.6915887850467289,70,37,33,183.8468429943865,0.4273563486308229,0.7506496375586149,0.12062305256286496,1087817.577817073,-4751.634512906354,1083065.9433041667,4498,1,1389.5786802030457,88,109,44,34.89100950154361,0.592692470389171,39.676966292134814,8357.443921292215,94.9709536510479,0
4501,32.43621539892413,0,0,197,0.0,0.0,1.0,197,5050,3400,1650,0.6732673267326733,67,34,33,183.01033271232936,0.42692686211540454,0.7497808802935819,0.12045296314336565,1099984.7509328092,-4188.284950659379,1095796.4659821498,4499,2,1390.5786802030457,70,127,45,34.802499389705744,0.59375,39.568661971831006,8447.406976911756,120.6772425273108,0
4502,32.125794552509994,1,1,197,0.005050505050505051,0.005050505050505051,0.9949494949494949,198,5950,4600,1350,0.773109243697479,73,46,27,178.29790169790036,0.4278444341896119,0.7364021388198512,0.10972283932656116,1069748.372143757,-7403.221980405012,1062345.150163352,4500,0,1384.550505050505,96,102,36,37.33389510770808,0.5686026936026936,41.935137457044654,8290.538755276655,86.35977870079849,8
4503,32.3281314680541,0,0,197,0.0,0.0,1.0,197,4850,3200,1650,0.6597938144329897,65,32,33,178.54147115249023,0.42771245554059184,0.7374010737430357,0.11023823930589592,1077484.4718637299,-5774.867449897577,1071709.6044138323,4501,1,1392.3705583756346,97,100,38,37.20581171950046,0.5697969543147208,41.81547619047616,8346.62322873114,86.04766215186741,0
4504,31.81193049529998,0,1,196,0.0,0.005076142131979695,0.9949238578680203,197,6300,4200,2100,0.6666666666666666,84,42,42,182.4826443954745,0.4274383611312545,0.7455721438856979,0.11318247332051028,1061614.905270631,-6954.740951312704,1054660.1643193183,4502,2,1393.3705583756346,75,122,42,36.93857543282582,0.5712246192893401,41.6529605263158,8218.518063403388,109.5802408453785,0
4505,31.509028256273893,1,2,195,0.005076142131979695,0.01015228426395939,0.9898477157360406,197,5000,3900,1100,0.78,61,39,22,181.7752496807732,0.4275495096515764,0.7449459944666252,0.11328307518249384,1052898.1483945507,-6121.835237431127,1046776.3131571196,4503,0,1394.3401015228426,78,119,42,36.78285133802577,0.5723350253807107,41.48206751054854,8145.648839563676,104.4313953790215,0
4506,31.979553445391677,0,1,194,0.0,0.005128205128205128,0.9948717948717949,195,5750,4000,1750,0.6956521739130435,75,40,35,232.42599830242892,0.42711582518283553,0.7884257599740081,0.13191988533664462,1040236.25349092,3605.589937601101,1043841.8434285211,4504,1,1408.6717948717949,77,118,36,39.010277588704454,0.533707264957265,44.938568376068375,8156.750684475635,105.93182707111215,8
4507,31.52186407068137,1,0,195,0.005128205128205128,0.0,1.0,195,5350,3900,1450,0.7289719626168224,68,39,29,231.70778577258986,0.4280927835051547,0.7874941632661348,0.1322353192422719,1027030.2383561175,3244.1804901984233,1030274.4188463159,4505,0,1409.4717948717948,66,129,34,38.81466086038535,0.5356837606837607,44.72947761194031,8046.602707968265,121.91822284800402,0
4508,31.077483971928594,1,0,196,0.00510204081632653,0.0,1.0,196,5700,3800,1900,0.6666666666666666,76,38,38,227.25643599201965,0.4288494243851387,0.7837679197035592,0.13034785287921885,1014065.7709120025,1190.59459179256,1015256.3655037951,4506,0,1403.2755102040817,69,127,38,38.733167802566946,0.5374149659863945,44.538690476190496,7939.094752174122,115.05934423440756,0
4509,31.230782442250536,1,0,197,0.005076142131979695,0.0,1.0,197,5650,3900,1750,0.6902654867256637,74,39,35,224.22572295197105,0.42972715736040606,0.7837434767322415,0.12932496657987094,1020743.9537424452,725.4101953507898,1021469.363937796,4507,0,1397.1472081218274,71,126,39,38.59589557869323,0.539022842639594,44.32870370370372,7984.814631357834,112.46217790644836,0
4510,30.788630448900356,2,0,199,0.010050251256281407,0.0,1.0,199,5450,4000,1450,0.7339449541284404,69,40,29,222.55978624196575,0.4310726612862292,0.7832197197687596,0.12902938166351033,1007827.7424747304,-389.61461322000923,1007438.1278615104,4508,0,1384.0954773869346,75,124,34,38.43921862724091,0.5407244556113903,44.133771929824576,7877.7707404067205,105.03694320542294,0
4511,30.6109537108763,1,0,200,0.005,0.0,1.0,200,5650,3800,1850,0.672566371681416,75,38,37,224.36858279380348,0.43152219430485766,0.7867643989983282,0.13048231174125158,1002925.7800438491,-644.992816838042,1002280.787227011,4509,0,1378.17,77,123,35,38.27364183361157,0.5419791666666667,44.01709401709404,7835.880885818388,101.76468682881024,0
4512,31.107310907689424,1,0,201,0.004975124378109453,0.0,1.0,201,4800,3700,1100,0.7708333333333334,59,37,22,222.9060768820487,0.43223051409618574,0.786112163227717,0.1302374843785741,1020580.5934638436,498.7232461960439,1021079.3167100396,4510,0,1372.3084577114428,78,123,39,38.13238877164086,0.5433768656716418,43.8422995780591,7968.377228424142,102.15868241569413,0
4513,31.026070691549382,0,0,201,0.0,0.0,1.0,201,5000,3300,1700,0.66,67,33,34,224.73132677984722,0.432363184079602,0.7887664481331671,0.13199613250720776,1019477.2606925566,621.6954834641856,1020098.9561760208,4511,1,1373.3084577114428,69,132,36,37.88475213327915,0.5446206467661692,43.64583333333331,7953.6624970731755,115.270470972075,0
4514,31.454904245503815,2,0,203,0.009852216748768473,0.0,1.0,203,5900,4400,1500,0.7457627118644068,74,44,30,191.16491761616192,0.4326561966541482,0.7617640258919467,0.10942423634802698,1025761.5572742803,-7282.075281966894,1018479.4819923134,4512,0,1360.768472906404,76,127,43,39.733750927005005,0.5398193760262726,44.61580086580089,8033.085529580974,105.69849381027598,7
4515,31.047042600928258,4,0,207,0.01932367149758454,0.0,1.0,207,5700,3700,2000,0.6491228070175439,77,37,40,186.69811763994457,0.4348470991041696,0.7602165020889249,0.10779051600327214,1015044.8849046086,-9198.606133650761,1005846.2787709578,4513,0,1335.4541062801932,80,127,47,39.516068195534096,0.5419685990338164,44.290123456790155,7939.035430515226,99.23794288144032,0
4516,30.989368506344565,2,3,206,0.009569377990430622,0.014354066985645933,0.9856459330143541,209,5450,3600,1850,0.6605504587155964,73,36,37,182.77908060656637,0.43555813703840024,0.7571816165282568,0.10601186675180949,1014526.5148119561,-10163.155274336892,1004363.3595376192,4514,0,1323.6650717703349,84,125,37,39.44065293742018,0.5438098086124402,44.11764705882356,7929.632529564716,94.40038725672281,0
4517,31.392455764839518,2,2,206,0.009615384615384616,0.009615384615384616,0.9903846153846154,208,6200,3900,2300,0.6290322580645161,85,39,46,205.4275830184387,0.4347627701907593,0.7772787443267759,0.120166046349725,1030288.3814997283,-5470.069595305971,1024818.3119044224,4515,0,1331.0048076923076,85,123,42,38.535363086233026,0.5460236378205128,43.79844961240313,8042.79583742602,94.62112749912964,0
4518,31.658544398060595,1,0,207,0.004830917874396135,0.0,1.0,207,5450,4200,1250,0.7706422018348624,67,42,25,201.73215117817278,0.43495262886356173,0.7724068495381526,0.1186039187075287,1040556.5952202684,-4867.25592471598,1035689.3392955523,4516,0,1338.193236714976,73,134,44,38.437008162219506,0.5477053140096618,43.609234234234236,8116.958441248255,111.19121152394871,0
4519,32.15742970223665,1,0,208,0.004807692307692308,0.0,1.0,208,6650,4700,1950,0.706766917293233,86,47,39,200.96316420473735,0.43541840858416947,0.7704448936195776,0.11859604980672239,1058105.9946884988,-5721.934248679538,1052384.0604398192,4517,0,1332.7548076923076,77,131,45,38.31423421312926,0.5491786858974359,43.4695512820513,8249.359871130697,107.13454378091814,0
4520,32.132668460507425,2,1,209,0.009523809523809525,0.004761904761904762,0.9952380952380953,210,6850,5400,1450,0.7883211678832117,83,54,29,197.00088472592176,0.43657961190855926,0.7696341724780338,0.11725525134746574,1059902.6331579864,-7089.648708908518,1052812.9844490779,4518,0,1321.0523809523809,81,129,44,38.093037489490115,0.551438492063492,43.15294715447155,8253.181194143795,101.8911258536271,0
4521,32.06005609973281,1,2,208,0.004761904761904762,0.009523809523809525,0.9904761904761905,210,5700,3800,1900,0.6666666666666666,76,38,38,204.22105259670536,0.4371615592010329,0.7767858291300327,0.12236736596632612,1059535.8220232103,-4424.095832501021,1055111.7261907093,4519,0,1319.1190476190477,83,127,41,37.65636053765517,0.5535218253968254,42.906746031746025,8242.424145085055,99.30631500102476,0
4522,31.63743996896552,0,0,208,0.0,0.0,1.0,208,6500,4700,1800,0.7230769230769231,83,47,36,202.1225225122603,0.43691161897683634,0.7713033705015904,0.12144509459607629,1046394.8557432548,-5800.006442664077,1040594.8493005907,4520,1,1331.326923076923,85,123,44,37.60674704090925,0.555088141025641,42.80523255813954,8136.984015273912,95.72922370910484,0
4523,31.287914126295234,2,1,209,0.009523809523809525,0.004761904761904762,0.9952380952380953,210,6100,4200,1900,0.6885245901639344,80,42,38,198.84158367556304,0.43776913875598084,0.7698514123434264,0.12014945113986615,1036497.2174187187,-6880.250362629912,1029616.9670560888,4521,0,1319.6380952380953,75,135,46,37.480475683351045,0.5569940476190476,42.59868421052628,8053.55026441637,107.38067019221826,0
4524,31.72104378773674,2,0,211,0.009478672985781991,0.0,1.0,211,6050,4400,1650,0.7272727272727273,77,44,33,200.33270033063445,0.43827484390280597,0.7731214447194761,0.12216221412028785,1053567.0156265094,-6037.214956051081,1047529.8006704584,4522,0,1314.3175355450237,79,132,44,37.10236266882219,0.5590936018957346,42.26562499999997,8175.603394979886,103.48865056936565,0
4525,31.509211414290007,0,0,211,0.0,0.0,1.0,211,5650,4100,1550,0.7256637168141593,72,41,31,198.04683442937363,0.4382842473482284,0.7720617281068356,0.12124097523872891,1047681.9059630999,-6351.983007015454,1041329.9229560845,4523,1,1315.3175355450237,81,130,48,37.01683087027915,0.5603771721958926,42.12398373983737,8125.469915016279,100.3144433952627,0
4526,31.506114908205834,0,0,211,0.0,0.0,1.0,211,5600,3500,2100,0.625,77,35,42,201.2268371627107,0.43814319566689236,0.7773714448143356,0.12373309774472964,1048876.8428125954,-5587.566069522744,1043289.2767430727,4524,2,1316.3175355450237,83,128,38,36.77191464821215,0.5618582148499209,41.96428571428569,8129.70286470662,97.94822728562193,0
4527,31.95383209102546,2,0,213,0.009389671361502348,0.0,1.0,213,5850,4300,1550,0.7350427350427351,74,43,31,201.30155987313165,0.4387696725425931,0.7798488305086455,0.12456033560158661,1065651.0508727613,-5546.556235774731,1060104.4946369866,4525,0,1304.9483568075118,87,126,41,36.53882879579551,0.5637715179968701,41.73768939393936,8252.470508546234,94.85598285685326,0
4528,32.11605224686851,1,2,212,0.004672897196261682,0.009345794392523364,0.9906542056074766,214,6550,4500,2050,0.6870229007633588,86,45,41,198.78814027117704,0.43927884545068957,0.7786600437863413,0.12369732239444761,1072730.7804058332,-6700.7686302950715,1066030.011775538,4526,0,1299.8457943925234,71,143,40,36.398509655751475,0.5654205607476636,41.53645833333335,8300.82860807738,116.91307898700535,0
4529,32.21400761942363,0,0,212,0.0,0.0,1.0,212,5100,3600,1500,0.7058823529411765,66,36,30,202.94722820007811,0.43851484023368803,0.7809066741887147,0.12698738024103678,1077651.765079372,-3758.7122624436915,1073893.0528169284,4527,1,1312.9905660377358,72,140,47,36.08900627057243,0.566873034591195,41.33847031963472,8332.52448797511,115.72950677743208,0
4530,32.24606274214789,0,0,212,0.0,0.0,1.0,212,6550,5100,1450,0.7786259541984732,80,51,29,205.18933738221642,0.43830805314614446,0.7848196732077111,0.1290363042333863,1080213.9552560402,-4620.322857997689,1075593.6323980426,4528,2,1313.9905660377358,73,139,44,35.848787252556065,0.5682488207547169,41.159909909909935,8346.573785228311,114.33662719490837,0
4531,32.45942012770169,0,1,211,0.0,0.0047169811320754715,0.9952830188679245,212,5650,4100,1550,0.7256637168141593,72,41,31,203.94183538112472,0.4382833691019106,0.7817822613746319,0.12865018683992022,1088285.793518103,-3660.5995701426764,1084625.1939479604,4529,3,1314.9905660377358,75,137,47,35.768814287478605,0.5694772012578616,41.04989035087721,8405.370401215348,112.07160534953798,0
4532,32.577427167650235,0,1,210,0.0,0.004739336492890996,0.995260663507109,211,5500,3600,1900,0.6545454545454545,74,36,38,230.00730891036093,0.4385024072820281,0.8064969594757685,0.13746151095251438,1075835.3538314418,1789.998913078859,1077625.3527445206,4530,4,1319.7677725118483,77,134,37,37.0909980600014,0.5509478672985781,43.002136752136735,8372.329172198955,108.73154769089552,8
4533,32.78092806664617,1,0,211,0.004739336492890996,0.0,1.0,211,5600,3400,2200,0.6071428571428571,78,34,44,231.95748917826188,0.4386876551568495,0.8074788521506182,0.13929987593353932,1084056.3891072567,2490.9996289942037,1086547.3887362508,4531,0,1319.170616113744,80,131,39,36.85868586858682,0.5527251184834123,42.824074074074055,8430.465528250854,105.38081910313568,0
4534,32.61604168292465,0,0,211,0.0,0.0,1.0,211,5550,3900,1650,0.7027027027027027,72,39,33,229.64399092970544,0.43874877755209507,0.8064635522455432,0.1385782703886152,1080088.9668464167,1857.1881811505818,1081946.1550275672,4532,1,1320.170616113744,67,144,41,36.73710317460318,0.5544036334913112,42.647058823529406,8393.83425663501,125.2811083079852,0
4535,32.345462873868904,2,1,212,0.009389671361502348,0.004694835680751174,0.9953051643192489,213,7500,5100,2400,0.68,99,51,48,222.59318879419448,0.4392439542917885,0.8005085599455051,0.13529658775001102,1073322.4001526963,-2317.1488691544873,1071005.2512835418,4533,0,1308.7652582159624,76,137,43,36.649293703723146,0.556924882629108,42.38365800865801,8332.719825582872,109.64105033661673,0
4536,32.47845484108146,2,0,214,0.009345794392523364,0.0,1.0,214,5750,4100,1650,0.7130434782608696,74,41,33,216.96657325663702,0.43953113802231875,0.7973871231736247,0.132685981582085,1079595.4267234604,-1702.7759520549716,1077892.6507714055,4534,0,1303.6028037383178,79,135,44,36.5672238494428,0.5587032710280374,42.16145833333332,8374.197431811106,106.00249913684944,0
4537,32.56721947458884,2,1,215,0.009259259259259259,0.004629629629629629,0.9953703703703703,216,5450,4000,1450,0.7339449541284404,69,40,29,214.21032957691466,0.4404742678725237,0.7964247461864962,0.1316092942116476,1083955.120930881,-2211.123259762723,1081743.9976711182,4535,0,1292.523148148148,85,131,39,36.466940128006506,0.5602816358024691,41.99370155038757,8402.547747434724,98.85350291099675,0
4538,32.340097568385964,1,2,214,0.004629629629629629,0.009259259259259259,0.9907407407407407,216,6050,4600,1450,0.7603305785123967,75,46,29,211.79295623311293,0.4404863802756245,0.7946000467279288,0.13057032723562073,1077426.3282715792,-3611.7385623950404,1073814.5897091841,4536,0,1293.5185185185185,86,130,41,36.40320361179398,0.5616801697530864,41.87021072796933,8347.94257036433,97.06909965539919,0
4539,32.74669404638938,0,4,210,0.0,0.018691588785046728,0.9813084112149533,214,6100,3800,2300,0.6229508196721312,84,38,46,225.7308390239611,0.4398698133766253,0.8086128282834701,0.13963417334072536,1092000.5339598777,399.639349075062,1092400.1733089527,4537,1,1305.228971962617,88,126,37,35.919064884054634,0.5647877725856698,41.748595505617956,8456.879730027822,96.10090602304344,8
4540,33.12407430406622,0,2,208,0.0,0.009523809523809525,0.9904761904761905,210,5100,3600,1500,0.7058823529411765,66,36,30,225.02488246563948,0.4390170502012607,0.8050803864071356,0.13937901013567697,1104985.5137183175,2629.8470701394012,1107615.3607884569,4538,3,1330.6857142857143,88,122,38,35.88942634464632,0.5654761904761905,41.70177902621721,8555.889464143644,97.22601663799595,0
4541,32.67325345358027,0,0,208,0.0,0.0,1.0,208,6750,5200,1550,0.7703703703703704,83,52,31,224.82668633227001,0.43871595519014,0.8037593197669304,0.13969511601976348,1090899.1755697497,702.6493531906494,1091601.8249229402,4539,5,1340.451923076923,66,142,38,35.77915989812086,0.5671574519230769,41.58893034825872,8443.130373942158,127.9262177870024,0
4542,32.97404331245758,2,0,210,0.009523809523809525,0.0,1.0,210,6300,4200,2100,0.6666666666666666,84,42,42,221.35179106826902,0.4395942507784613,0.801371424310692,0.13869000448082647,1103486.26154561,551.7320824698863,1104037.9936280798,4540,0,1328.6761904761904,71,139,38,35.56392834507696,0.5692460317460317,41.29050925925926,8530.69795302903,120.15067539477506,0
4543,33.15738150572256,0,1,209,0.0,0.004761904761904762,0.9952380952380953,210,5800,4200,1600,0.7241379310344828,74,42,32,220.33692259017923,0.4392918850155692,0.8008335440822965,0.13880704880039016,1111280.3898100557,1171.2202451127096,1112451.6100551684,4541,1,1329.6761904761904,74,136,42,35.39263809166176,0.5704861111111111,41.097222222222236,8584.538175669119,116.00727264417728,0
4544,33.31544207558069,2,1,210,0.009478672985781991,0.004739336492890996,0.995260663507109,211,5400,3800,1600,0.7037037037037037,70,38,32,202.66533946237317,0.4393111035883548,0.7838467469948789,0.12684661066645012,1114584.171826797,-2422.4840914666474,1112161.6877353303,4542,0,1324.2274881516587,76,135,45,36.08608772205078,0.5671899684044234,41.328463203463215,8617.756600746494,113.3915342203486,7
4545,33.152591238971645,1,0,211,0.004739336492890996,0.0,1.0,211,5650,4000,1650,0.7079646017699115,73,40,33,198.717575560925,0.43933743323553753,0.7801063713560235,0.12499335502782197,1110647.4580753266,-3708.9659656733716,1106938.4921096533,4543,0,1325.2132701421801,80,131,44,36.008503908320066,0.5684735387045814,41.1522633744856,8581.473205478676,107.26841506848345,0
4546,32.91814732355452,0,1,210,0.0,0.004739336492890996,0.995260663507109,211,7350,5800,1550,0.7891156462585034,89,58,31,198.83068002970697,0.4392020236214549,0.7808231588156587,0.12565574918350592,1104218.3092588503,-5639.504533761798,1098578.8047250884,4544,1,1326.2132701421801,80,131,39,35.83507108220384,0.5703495260663507,40.985082304526756,8526.29121969795,106.57864024622438,0
4547,32.76237404859152,0,1,209,0.0,0.004761904761904762,0.9952380952380953,210,5300,3700,1600,0.6981132075471698,69,37,32,201.4845631057731,0.4391893559656717,0.7815037739634569,0.12781735003290692,1100131.921578266,-2968.0800844175105,1097163.8414938485,4545,2,1332.6142857142856,82,128,42,35.62944936800814,0.571577380952381,40.85090361445784,8490.339630137656,103.54072719680069,0
4548,32.570602292032824,1,1,209,0.004761904761904762,0.004761904761904762,0.9952380952380953,210,6400,4300,2100,0.671875,85,43,42,201.9176312822302,0.44002477785372524,0.7817340045384602,0.1287430578035826,1095200.0325551329,-4171.960729249257,1091028.0718258836,4546,0,1327.847619047619,87,123,46,35.4360659728562,0.5736607142857143,40.672348484848484,8446.457800826878,97.08572184858481,0
4549,32.657380933464914,0,1,208,0.0,0.004784688995215311,0.9952153110047847,209,6700,5000,1700,0.746268656716418,84,50,34,201.56728950742607,0.44012429456508406,0.7812430530893557,0.12891137656905555,1099023.2843135088,-4194.57109507542,1094828.7132184333,4547,1,1333.4066985645934,69,140,46,35.336124813582664,0.5751594896331739,40.565476190476176,8472.452071339656,122.78916045419791,0
4550,32.44206826635014,1,0,209,0.004784688995215311,0.0,1.0,209,5100,3200,1900,0.6274509803921569,70,32,38,199.99585433370856,0.4402230171144645,0.7785047613588048,0.12858923704831188,1093346.9670704165,-3167.027847516779,1090179.9392228997,4548,0,1334.377990430622,71,138,44,35.186739574626166,0.5764055023923444,40.37905092592591,8422.640553235686,118.62874018641811,0
4551,32.19129191318865,1,0,210,0.004761904761904762,0.0,1.0,210,5500,3700,1800,0.6727272727272727,73,37,36,199.94096497190773,0.44023410799726587,0.7794210867987952,0.12918465456993147,1086322.6702828838,-4059.919406556317,1082262.7508763275,4549,0,1329.0190476190476,74,136,46,35.01403368083399,0.5779761904761904,40.208333333333314,8363.02937828042,113.01391051730297,0
4552,31.90351347207924,0,0,210,0.0,0.0,1.0,210,5950,4600,1350,0.773109243697479,73,46,27,188.26400925058257,0.4397907647907648,0.7708560630370462,0.12130118693891684,1075805.6877756217,-7442.901608956528,1068362.7861666651,4550,1,1330.0190476190476,74,136,41,35.41644382643418,0.5777777777777777,40.30555555555553,8285.165206957403,111.96169198591085,8
4553,31.4913683120636,0,0,210,0.0,0.0,1.0,210,6300,4600,1700,0.7301587301587301,80,46,34,195.15170260779144,0.43970817194501405,0.7762667600021549,0.11687076004931599,1040582.7950822837,-7685.699167063636,1032897.09591522,4551,2,1331.0190476190476,85,125,39,37.90952066842571,0.5555555555555556,42.92635658914728,8095.60078797525,95.24236221147352,8
4554,31.38611658505724,1,1,210,0.004739336492890996,0.004739336492890996,0.995260663507109,211,6600,4500,2100,0.6818181818181818,87,45,42,195.54491960202537,0.4403830963665087,0.7782105646909825,0.11780389058951321,1038864.7931519984,-8171.053509143439,1030693.739642855,4552,0,1325.7061611374409,89,122,42,37.677125506072876,0.5575138230647709,42.70833333333334,8075.386246363713,90.73467692543498,0
4555,31.69427313886712,0,0,210,0.0,0.0,1.0,210,6450,4500,1950,0.6976744186046512,84,45,39,198.64813816773682,0.43995547581073896,0.7815181936219391,0.1202821142650553,1050577.8769303728,-6710.932149513521,1043866.9447808593,4553,1,1333.0,72,138,42,37.40809502697111,0.5589781746031746,42.52283105022831,8160.551719716308,113.34099610717095,0
4556,31.396158316464454,0,0,210,0.0,0.0,1.0,210,5400,3500,1900,0.6481481481481481,73,35,38,194.751218939839,0.44010974405711245,0.7690211902156237,0.11410934779348406,1030907.0958908043,-7245.917292306823,1023661.1785984975,4554,2,1334.0,77,133,41,38.745885229384896,0.5442460317460318,43.73664529914533,8045.684854896392,104.48941369995313,8
4557,31.177035828224398,3,0,213,0.014084507042253521,0.0,1.0,213,6350,4000,2350,0.6299212598425197,87,40,47,191.41610854177478,0.44179621755691384,0.7677321073902543,0.11327870649905789,1026678.9308305612,-9645.422867716583,1017033.5079628446,4555,0,1316.1971830985915,83,130,41,38.453179109285685,0.5469483568075117,43.36557539682542,8001.100650608984,96.39880301938535,0
4558,31.645183797533004,5,3,215,0.022935779816513763,0.013761467889908258,0.9862385321100917,218,6200,4800,1400,0.7741935483870968,76,48,28,189.93086679840647,0.4442891317521385,0.7697748533419513,0.11349360298690721,1045005.0887307255,-10104.255537725276,1034900.8331930002,4556,0,1286.98623853211,93,125,36,38.12645530593768,0.5500764525993884,43.007535460992926,8132.573774917914,87.44702983782703,0
4559,31.86222799083518,1,1,215,0.004629629629629629,0.004629629629629629,0.9953703703703703,216,6600,4800,1800,0.7272727272727273,84,48,36,191.59841689304204,0.4437894774619581,0.7709407388044149,0.11479400842981,1052971.6910599265,-9450.458191945374,1043521.2328679812,4557,0,1299.898148148148,92,124,37,37.98414150655689,0.5513117283950617,42.90994623655916,8191.461907186882,89.03762942594437,0
4560,31.963379346624457,1,0,216,0.004629629629629629,0.0,1.0,216,6400,4400,2000,0.6875,84,44,40,190.74057566669043,0.44357055699109965,0.7714500632384906,0.11474132972174572,1057530.3725208137,-9257.209592073927,1048273.1629287398,4558,0,1300.8842592592594,96,120,40,37.85545559544686,0.5528549382716049,42.76202749140894,8222.194897648675,85.64786351717369,0
4561,32.16461368895769,0,0,216,0.0,0.0,1.0,216,6100,4500,1600,0.7377049180327869,77,45,32,189.82520101238012,0.4436288759689922,0.7720426079606586,0.11494440563814896,1066180.4914463353,-8822.414779144652,1057358.0766671908,4559,1,1301.8842592592594,77,139,42,37.633774204702625,0.554591049382716,42.521367521367495,8281.700746836264,107.55455515371771,0
4562,32.496824785262014,2,1,217,0.009174311926605505,0.0045871559633027525,0.9954128440366973,218,5350,3900,1450,0.7289719626168224,68,39,29,186.99719166387732,0.4442900125424541,0.7696504326258133,0.11401942779125115,1079304.5145310594,-8584.61736651001,1070719.8971645494,4560,0,1290.9311926605506,82,136,42,37.44958041163483,0.5565749235474007,42.26907630522084,8375.436669052862,102.1394715738154,0
4563,32.8569208856133,3,2,218,0.013636363636363636,0.00909090909090909,0.990909090909091,220,7300,5200,2100,0.7123287671232876,94,52,42,182.37640575649533,0.4454575722983258,0.7672653856864406,0.11195105522590867,1093324.8169309702,-11420.669912750938,1081904.1470182193,4561,0,1279.35,86,134,37,37.321022463566294,0.5586647727272727,42.02586206896547,8476.23584053417,98.56088186667638,0
4564,32.383924308471485,1,1,218,0.0045662100456621,0.0045662100456621,0.995433789954338,219,5400,3700,1700,0.6851851851851852,71,37,34,182.33782306252675,0.4447228505997514,0.7678981622466221,0.11229926039816548,1078586.198045131,-9866.588132633236,1068719.609912498,4562,0,1286.1872146118722,86,133,40,37.20010283293128,0.5596936834094368,41.906130268199206,8358.092341875054,97.18712025436109,0
4565,31.914235069436213,0,1,217,0.0,0.0045871559633027525,0.9954128440366973,218,6250,4400,1850,0.704,81,44,37,183.683986803946,0.44437588959821867,0.769331938350996,0.1134446948400435,1063771.2056905546,-10770.45277830429,1053000.7529122503,4563,1,1292.8853211009175,89,129,42,37.06293706293707,0.5612098623853211,41.805555555555515,8240.07819362237,92.58514824294798,0
4566,32.2254414789928,0,0,217,0.0,0.0,1.0,217,6650,4300,2350,0.6466165413533834,90,43,47,185.1066777919916,0.443726176253058,0.7684785759227479,0.11472993354589049,1075206.0651956059,-10244.435465968967,1064961.629729637,4564,2,1299.8294930875577,91,126,43,36.89627620717362,0.5625960061443933,41.67798913043474,8324.54084401279,91.47847081332736,0
4567,32.537005314463705,0,0,217,0.0,0.0,1.0,217,6950,5300,1650,0.762589928057554,86,53,33,182.79436532363928,0.4435572765545884,0.7656025987274626,0.11407701152095681,1087667.5085936277,-10586.101616696671,1077081.406976931,4565,3,1300.8294930875577,79,138,44,36.70581965286874,0.5643721198156681,41.432291666666686,8413.018900190413,106.49391012899257,0
4568,32.03904812401049,0,0,217,0.0,0.0,1.0,217,6400,4700,1700,0.734375,81,47,34,181.73034732669782,0.4433945994765887,0.7649421072058256,0.11375883992049092,1071921.4480159078,-10839.868589026206,1061081.5794268816,4566,4,1301.8294930875577,81,136,42,36.62274509322465,0.5657642089093702,41.323678861788636,8287.743101489197,102.31781606776786,0
4569,32.13347903653167,0,1,216,0.0,0.004608294930875576,0.9953917050691244,217,5550,3600,1950,0.6486486486486487,75,36,39,179.69492765962167,0.4431163594470046,0.7630952008474605,0.11282915372537843,1075985.5123982064,-10280.172237360266,1065705.3401608462,4567,5,1302.8294930875577,82,135,50,36.564621726479196,0.5668202764976958,41.21485943775103,8315.666889222997,101.41057181979265,0
4570,31.91869412935758,1,2,215,0.004608294930875576,0.009216589861751152,0.9907834101382489,217,5450,4100,1350,0.7522935779816514,68,41,27,177.19390144836586,0.44268166495989075,0.7599895263051288,0.11203552183410534,1070832.3841068684,-10901.00641256944,1059931.377694299,4568,0,1303.6359447004609,84,133,36,36.37825061897777,0.5683083717357911,40.96813725490199,8267.958796718594,98.4280809133166,0
4571,32.37577643110628,0,0,215,0.0,0.0,1.0,215,6100,4600,1500,0.7540983606557377,76,46,30,178.77340309583244,0.44249257407809894,0.7604534344129954,0.11361813453670488,1087693.1654755923,-10209.878256769452,1077483.2872188229,4569,1,1312.8418604651163,83,132,38,36.15215718636877,0.5703488372093024,40.78621031746035,8392.247702621802,101.11141810387713,0
4572,32.12634027017028,1,1,215,0.004629629629629629,0.004629629629629629,0.9953703703703703,216,6250,4100,2150,0.656,84,41,43,179.6528596123604,0.4425266472868217,0.7633213379332227,0.11492861019037265,1081234.787527954,-10600.615701648228,1070634.1718263058,4570,0,1307.7592592592594,74,142,39,35.89456192005706,0.572289737654321,40.55555555555554,8335.000503427482,112.63514193820922,0
4573,32.018347371725476,1,1,215,0.004629629629629629,0.004629629629629629,0.9953703703703703,216,5550,4100,1450,0.7387387387387387,70,41,29,176.17652497813327,0.4430824720068906,0.7588636056588105,0.11322262271702524,1078934.174804491,-10733.425280558968,1068200.749523932,4571,0,1308.486111111111,76,140,42,35.821391349661255,0.5736882716049383,40.395021645021636,8312.122376398955,109.3700312684073,0
4574,31.717103505649657,0,0,215,0.0,0.0,1.0,215,7250,5400,1850,0.7448275862068966,91,54,37,174.13191251487535,0.4430902702311092,0.7548042152693313,0.11213150569209426,1069355.3886529102,-13008.220203156045,1056347.1684497541,4572,1,1296.4,79,136,44,35.80375946447376,0.575,40.325520833333336,8236.122333504838,104.25471308233972,0
4575,31.407150610838336,0,1,214,0.0,0.004651162790697674,0.9953488372093023,215,5600,4100,1500,0.7321428571428571,71,41,30,174.1399564327405,0.44276606534811275,0.7559984938336939,0.1123881588766333,1059542.4522474452,-11698.26470539819,1047844.187542047,4573,2,1297.4,79,136,46,35.724065116045914,0.5760174418604651,40.24739583333333,8158.089160619959,103.26695140025265,0
4576,31.76288472841632,1,0,215,0.004651162790697674,0.0,1.0,215,6250,4400,1850,0.704,81,44,37,173.07720690858918,0.4427253133376802,0.7543040538124555,0.1123980663200921,1073325.445563367,-12096.365955595142,1061229.079607772,4574,0,1287.460465116279,85,130,47,35.53202992747206,0.577906976744186,40.03149224806201,8257.349744743195,97.14529111462582,0
4577,31.630323182984693,0,1,214,0.0,0.004651162790697674,0.9953488372093023,215,5750,4100,1650,0.7130434782608696,74,41,33,171.1665244097202,0.44256955009780485,0.7516736735671312,0.11164144950305689,1070084.1815354722,-12117.48196415042,1057966.6995713217,4575,1,1288.460465116279,90,125,39,35.42858504958045,0.5791666666666666,39.880952380952394,8227.649542240702,91.41832824711892,0
4578,31.242751883287184,0,1,213,0.0,0.004672897196261682,0.9953271028037384,214,6800,4800,2000,0.7058823529411765,88,48,40,176.64341388233257,0.4420193278048352,0.7593903823219754,0.11590376568124652,1058647.4210020972,-12199.38109129252,1046448.0399108047,4576,2,1295.3271028037384,90,124,43,35.076437135402905,0.5808021806853583,39.67490842490842,8133.272245074595,90.36969161193994,0
4579,31.038284405742097,0,1,212,0.0,0.004694835680751174,0.9953051643192489,213,7250,5400,1850,0.7448275862068966,91,54,37,195.65355679640763,0.4421145584197006,0.7792025250019758,0.12404055591073332,1042060.6430436037,-9073.425758193069,1032987.2172854107,4577,3,1284.305164319249,83,130,38,35.8031042623788,0.5696889671361502,40.8730158730159,8042.857030535625,96.90189193416415,8
4580,31.54718442582559,0,1,211,0.0,0.0047169811320754715,0.9952830188679245,212,6850,5400,1450,0.7883211678832117,83,54,29,197.9387686794137,0.44150254105934605,0.7811073736327023,0.12606828620466798,1060472.7592415626,-7268.265563532573,1053204.49367803,4578,4,1291.2641509433963,84,128,41,35.57844550524625,0.5711477987421384,40.71078431372552,8179.844706882647,97.37910365336485,0
4581,31.67218174659716,0,1,210,0.0,0.004739336492890996,0.995260663507109,211,7250,5600,1650,0.7724137931034483,89,56,33,200.0990276428987,0.4413864439930791,0.7824915009042566,0.12786233855273157,1065620.2627609686,-6804.084316992087,1058816.1784439764,4579,5,1298.170616113744,70,141,42,35.40500160247347,0.5723736176935229,40.5956572769953,8215.901488579564,117.37002126542234,0
4582,31.242620674129874,1,0,211,0.004739336492890996,0.0,1.0,211,4950,3100,1850,0.6262626262626263,68,31,37,202.4119291552958,0.441922440382156,0.784698860441907,0.13017034941911695,1052984.0234563819,-4522.694488497738,1048461.3289678842,4580,0,1297.1658767772512,73,138,43,35.11643352851876,0.5742989731437599,40.37162162162162,8111.470941915134,111.11604030020732,0
4583,31.243813546768045,1,1,211,0.0047169811320754715,0.0047169811320754715,0.9952830188679245,212,6550,4700,1850,0.7175572519083969,84,47,37,199.80036525764044,0.4419193753912188,0.7819581531540274,0.12943126191456938,1055086.4415585592,-6788.668719643381,1048297.7728389158,4581,0,1292.0424528301887,77,135,42,34.92505995203836,0.5763069968553459,40.11752136752135,8119.719706465048,105.45090527876685,0
4584,31.597276445835842,0,1,210,0.0,0.004739336492890996,0.995260663507109,211,6650,5000,1650,0.7518796992481203,83,50,33,204.28731158821716,0.44191115624764915,0.7854591286181691,0.13256942560511886,1067521.2169245847,-5233.792106219141,1062287.4248183656,4582,1,1298.6398104265402,76,135,46,34.74650880388583,0.5775078988941549,40.05681818181816,8213.496576119207,108.07232336998956,0
4585,31.755512337518457,0,1,209,0.0,0.004761904761904762,0.9952380952380953,210,4950,3500,1450,0.7070707070707071,64,35,29,206.29196739399873,0.4417796384901648,0.7858795854790526,0.13435885528530775,1073909.7569962896,-2642.20868512522,1071267.5483111644,4583,2,1305.7285714285715,77,133,36,34.56553182020469,0.5783730158730158,39.93055555555553,8258.63845166706,107.25504482684494,0
4586,31.445299383448027,0,0,209,0.0,0.0,1.0,209,6250,4300,1950,0.688,82,43,39,206.85243150485275,0.4415227042694148,0.785853563233363,0.13526632824584262,1064555.0886171435,-4008.8382897362508,1060546.2503274071,4584,3,1309.933014354067,79,130,37,34.40919402188416,0.5798943381180224,39.79166666666664,8182.3289437346475,103.57378409790694,0
4587,31.52039613235944,0,2,207,0.0,0.009569377990430622,0.9904306220095693,209,4650,3200,1450,0.6881720430107527,61,32,29,206.19015298731802,0.4414680714022819,0.7862377962773472,0.13519581751267468,1067856.9956025796,-2413.680541625745,1065443.3150609538,4585,4,1310.933014354067,80,129,40,34.33192530013335,0.5809908293460926,39.69907407407404,8204.788298805055,102.55985373506319,0
4588,31.255901434455133,0,2,205,0.0,0.00966183574879227,0.9903381642512077,207,5650,4400,1250,0.7787610619469026,69,44,25,212.52087300305186,0.4405720885511937,0.7909745564207828,0.13971429255599752,1059633.9413389792,-2011.1339445955236,1057622.8073943837,4586,5,1324.256038647343,82,125,42,34.07456943641153,0.5821759259259259,39.60843373493973,8138.773129544039,99.25333084809803,0
4589,31.29753633620188,0,0,205,0.0,0.0,1.0,205,5200,3600,1600,0.6923076923076923,68,36,32,213.0756342717263,0.43962816834050694,0.7906065143925958,0.14043170872699343,1061749.48192447,-953.4111402533554,1060796.0707842167,4587,6,1337.7414634146342,67,138,42,33.97190857053242,0.5829776422764228,39.522058823529406,8152.317828749635,121.6763855037259,0
4590,31.07335055567187,0,1,204,0.0,0.004878048780487805,0.9951219512195122,205,6600,4700,1900,0.7121212121212122,85,47,38,214.02350673711092,0.439537501992667,0.7903026443465717,0.14207739029604774,1056142.840043374,-2392.1211517251086,1053750.718891649,4588,7,1338.7414634146342,70,135,42,33.6951118864067,0.5848069105691056,39.27523474178404,8101.592029413808,115.73702899162582,0
4591,31.093532746802435,0,0,204,0.0,0.0,1.0,204,5800,3900,1900,0.6724137931034483,77,39,38,212.1630284664247,0.4387410855146656,0.7876938979345101,0.14116140048346726,1057454.5486613268,-1729.4480980832682,1055725.1005632435,4589,8,1346.0833333333333,72,132,40,33.664806405135806,0.5857332516339869,39.198059360730596,8109.253681696753,112.62852335689935,0
4592,31.43087710213044,1,0,205,0.004878048780487805,0.0,1.0,205,5600,3500,2100,0.625,77,35,42,211.29910959489698,0.43890582655826554,0.7878234430398809,0.14111896096549356,1069981.7806778268,-1382.7604920024614,1068599.0201858245,4590,0,1340.5121951219512,74,131,45,33.556005038945386,0.5870934959349594,39.06944444444445,8201.2762238573,110.8280570791527,0
4593,31.9581660395564,0,0,205,0.0,0.0,1.0,205,5000,3100,1900,0.62,69,31,38,213.55325309538398,0.4386497688506297,0.7894095725449841,0.14296656714858952,1088610.4152422603,495.25910570037695,1089105.6743479606,4591,1,1341.5121951219512,76,129,45,33.414101102242505,0.588058943089431,38.98809523809525,8341.461790681858,109.75607619318235,0
4594,31.837611851313543,1,2,204,0.0048543689320388345,0.009708737864077669,0.9902912621359223,206,6250,4700,1550,0.752,78,47,31,214.3250251803891,0.438499980266793,0.7920770853073917,0.14438511266517728,1086266.7848117976,-887.1687985180833,1085379.6160132794,4592,0,1335.995145631068,79,127,38,33.17735852191541,0.5898563915857605,38.77604166666668,8316.746991680397,105.27527837570122,0
4595,31.754703651854665,0,0,204,0.0,0.0,1.0,204,5800,4200,1600,0.7241379310344828,74,42,32,211.62721325268174,0.43824153224508194,0.7873221963910746,0.142968256283117,1084223.224820868,-709.7720774648205,1083513.4527434034,4593,1,1349.7401960784314,81,123,40,33.151189781731574,0.5910947712418301,38.68140243902439,8298.094624267049,102.4456126452722,0
4596,32.11488339693345,0,0,204,0.0,0.0,1.0,204,5450,4200,1250,0.7706422018348624,67,42,25,212.13093725195344,0.43811576354679804,0.7885448221118669,0.14397069455083922,1097822.7317921952,326.4330063158477,1098149.1647985112,4594,2,1350.7401960784314,67,137,41,32.97968295350247,0.592422385620915,38.526348039215705,8397.195844090984,125.33128125508931,0
4597,31.90124621157544,0,0,204,0.0,0.0,1.0,204,5550,4100,1450,0.7387387387387387,70,41,29,208.07262529634517,0.4379341535464761,0.783454397909904,0.14183299137172903,1091738.4366850592,-917.8234684023737,1090820.613216657,4595,3,1351.7401960784314,70,134,39,32.936691528338564,0.5935968137254901,38.38028169014085,8345.995047605837,119.22850068008339,0
4598,31.451222763549183,0,0,204,0.0,0.0,1.0,204,5500,4200,1300,0.7636363636363637,68,42,26,206.11776723251575,0.4376715485044593,0.7815586627229543,0.1410658771324485,1077442.2430497701,-1884.0021081177074,1075558.2409416523,4596,4,1352.7401960784314,73,131,42,32.850844761136486,0.5947201797385622,38.24605855855855,8232.481521511769,112.77371947276396,0
4599,31.050887383091457,0,0,204,0.0,0.0,1.0,204,6500,4800,1700,0.7384615384615385,82,48,34,202.4090684039319,0.4375714366206253,0.777050069192532,0.139264232799334,1065163.6779889516,-4180.242448110279,1060983.4355408412,4597,5,1353.7401960784314,74,130,42,32.767732470792,0.5964052287581699,38.069444444444436,8133.176182746117,109.90778625332591,0
4600,31.06127817419492,0,0,204,0.0,0.0,1.0,204,6550,5400,1150,0.8244274809160306,77,54,23,200.3669611511903,0.43716847371132356,0.772530751431008,0.1383322501944323,1066445.4984046428,-4613.911250259044,1061831.5871543838,4598,6,1354.7401960784314,79,125,43,32.705227743271244,0.5981924019607843,37.955729166666664,8139.42999030823,103.03075937099025,0
4601,30.664200514053363,0,0,204,0.0,0.0,1.0,204,5900,4300,1600,0.7288135593220338,75,43,32,201.77766753608034,0.43683091052512957,0.7737055998137681,0.13979879592574418,1053751.7270320274,-4175.286871472156,1049576.4401605553,4599,7,1355.7401960784314,82,122,41,32.54902899452664,0.5998774509803921,37.83885542168675,8038.961904343142,98.03612078467246,0
4602,30.42402012659234,1,0,205,0.004878048780487805,0.0,1.0,205,6650,4600,2050,0.6917293233082706,87,46,41,204.56692192448,0.4372808066315957,0.7784709521937541,0.1423985354079189,1046735.0116302824,-4824.528120041483,1041910.4835102409,4600,0,1350.121951219512,84,121,42,32.317702250253056,0.6014735772357724,37.683823529411775,7980.71263247195,95.00848371990416,0
4603,30.442410716489988,0,0,205,0.0,0.0,1.0,205,4850,3400,1450,0.7010309278350515,63,34,29,202.50810247478097,0.4370297305914235,0.7769609227657444,0.14154417501957978,1048444.4960952225,-3386.298909125562,1045058.1971860969,4601,1,1351.121951219512,84,121,44,32.23417460465696,0.6027439024390244,37.54901960784315,7989.640538043534,95.11476831004208,0
4604,31.002972450321046,1,1,205,0.0048543689320388345,0.0048543689320388345,0.9951456310679612,206,6550,5000,1550,0.7633587786259542,81,50,31,203.11028720938936,0.4365942457968269,0.7789145750271242,0.14286018558132305,1069427.0798341455,-4307.671733077725,1065119.4081010679,4602,0,1345.5582524271845,72,134,43,32.0082034008801,0.6046723300970873,37.34303652968036,8143.146602355291,113.09925836604572,0
4605,31.478653421888144,1,0,206,0.0048543689320388345,0.0,1.0,206,5550,4600,950,0.8288288288288288,65,46,19,208.69286337675598,0.436401353698003,0.785473284724659,0.1477944339613541,1087680.8087426156,-1351.7555167117343,1086329.053225904,4603,0,1345.621359223301,73,133,46,31.633813029897354,0.6069478155339806,37.11993243243242,8275.110538481971,113.35767860934207,0
4606,31.985130243910394,0,2,204,0.0,0.009708737864077669,0.9902912621359223,206,5500,3800,1700,0.6909090909090909,72,38,34,180.7379623963271,0.43622424816481176,0.7545679395737406,0.12490896328593866,1098450.5124966276,-6993.658515631334,1091456.8539809964,4604,1,1346.621359223301,83,123,47,33.1848758714236,0.6057847896440129,37.92162698412701,8382.610895024894,100.99531198825174,8
4607,32.377793266552004,0,1,203,0.0,0.004901960784313725,0.9950980392156863,204,7050,5300,1750,0.75177304964539,88,53,35,182.72882103433844,0.43466215509192185,0.7558527044309007,0.12694753935452505,1113404.4389801756,-7159.7839061503655,1106244.6550740253,4605,2,1360.137254901961,87,117,39,32.95649025803055,0.6080984477124183,37.748579545454575,8491.122275336966,97.59910661306857,0
4608,32.756608669880755,0,2,201,0.0,0.009852216748768473,0.9901477832512315,203,6300,4500,1800,0.7142857142857143,81,45,36,187.18648788815761,0.43423320164528767,0.7617216678620187,0.13057976129801885,1127594.1685699492,-4685.921564444599,1122908.2470055046,4606,3,1367.152709359606,91,112,40,32.70169874284399,0.6094006568144499,37.61322463768117,8594.900920695429,94.44946066698273,0
4609,32.53387276699568,0,1,200,0.0,0.004975124378109453,0.9950248756218906,201,5600,4100,1500,0.7321428571428571,71,41,30,190.04853024828745,0.43352508291873965,0.7638586599217032,0.13294416678856907,1120704.316977811,-3202.3583430911162,1117501.95863472,4607,4,1379.1791044776119,93,108,41,32.533810408398786,0.6103855721393034,37.522163120567384,8539.420549191731,91.82172633539496,0
4610,32.72508410383575,0,0,200,0.0,0.0,1.0,200,6250,4600,1650,0.736,79,46,33,189.32355418845253,0.43328674623115576,0.7619014754878621,0.13303303924747134,1128555.460751845,-3517.5738143346907,1125037.8869375105,4608,5,1379.365,74,126,42,32.402890158125764,0.6116145833333333,37.37500000000001,8594.425212769882,116.14088125364705,0
4611,32.831741399211914,0,1,199,0.0,0.005,0.995,200,5000,3300,1700,0.66,67,33,34,190.0094483851571,0.43314175041876046,0.7626303020817027,0.13384458277097785,1132928.645306465,-1946.570609115026,1130982.07469735,4609,6,1380.365,75,125,42,32.30275343037511,0.6128125,37.29440789473684,8625.082064126851,115.00109418835801,0
4612,32.625873439858545,0,0,199,0.0,0.0,1.0,199,5100,3100,2000,0.6078431372549019,71,31,40,191.25970578441226,0.4329221866910309,0.7617876352284085,0.13522161685668507,1126852.8798350731,-1795.6899480853099,1125057.189886988,4610,7,1384.2261306532664,79,120,44,32.147685987944826,0.6141122278056952,37.174479166666664,8574.912179473235,108.54319214523082,0
4613,32.36972845651533,0,2,197,0.0,0.010050251256281407,0.9899497487437185,199,4700,3400,1300,0.723404255319149,60,34,26,192.73052559537342,0.43272232373991165,0.7638220447832433,0.13673033748518376,1118956.6705174146,-1368.5785545460176,1117588.0919628686,4611,8,1385.2261306532664,80,119,42,31.995153901333612,0.614897403685092,37.062757201646086,8511.207150487544,106.3900893810943,0
4614,32.03779235222312,0,0,197,0.0,0.0,1.0,197,6150,4500,1650,0.7317073170731707,78,45,33,189.85585173414773,0.43187351082565,0.757705388483294,0.13514168882499086,1108395.5800408192,-3462.922618597319,1104932.657422222,4612,12,1393.4467005076142,83,114,43,31.960289773084423,0.6160638747884941,36.95436507936507,8427.40143074596,101.53495699693929,0
4615,31.53741730718422,0,0,197,0.0,0.0,1.0,197,4750,3100,1650,0.6526315789473685,64,31,33,188.37996647337187,0.4315735177319659,0.7554055960639645,0.13475941435028055,1092418.5788521178,-2992.0449481900278,1089426.5339039278,4613,13,1394.4467005076142,86,111,38,31.835300762710574,0.617227157360406,36.79358237547892,8300.850630553508,96.52151895992452,0
4616,32.02882337080653,0,1,196,0.0,0.005076142131979695,0.9949238578680203,197,5000,3600,1400,0.72,64,36,28,189.1719561398822,0.43137388204012567,0.7572636429254518,0.135728564028455,1110247.9362714735,-2394.445219051616,1107853.491052422,4614,14,1395.4467005076142,86,111,40,31.71685765388872,0.6181260575296108,36.6977969348659,8433.25975511741,98.06115994322569,0
4617,32.4278005729254,0,0,196,0.0,0.0,1.0,196,5300,4200,1100,0.7924528301886793,64,42,22,192.2076145967926,0.430723988313274,0.7599159958582467,0.138163355904282,1124589.3038128933,-1269.0745026113837,1123320.229310282,4615,15,1403.2755102040817,86,110,40,31.57591152936901,0.6187818877551021,36.63793103448275,8540.252650886783,99.30526338240446,0
4618,32.265576958791286,0,0,196,0.0,0.0,1.0,196,4750,3200,1550,0.6736842105263158,63,32,31,190.59810724331928,0.43047106663178086,0.7584737848937919,0.13742355522252053,1119793.5208859043,-1263.8948831630769,1118529.6260027413,4616,16,1404.2755102040817,88,108,41,31.5187694358063,0.6199511054421769,36.54026217228463,8500.680446423072,96.59864143662581,0
4619,31.936016721296642,0,1,195,0.0,0.00510204081632653,0.9948979591836735,196,5700,4200,1500,0.7368421052631579,72,42,30,189.91937555946416,0.43016963195534624,0.757692730467221,0.13723552618110366,1108949.0667747543,-2777.8171421778534,1106171.2496325765,4617,17,1405.2755102040817,90,106,41,31.464830741609457,0.6211734693877551,36.469780219780205,8416.105505468033,93.51228339408925,0
4620,31.581766151318824,0,0,195,0.0,0.0,1.0,195,5500,3800,1700,0.6909090909090909,72,38,34,182.84124165346847,0.429880385937087,0.7407420629678958,0.12231233262673927,1075574.9340038577,-5168.108715077644,1070406.82528878,4618,18,1405.051282051282,85,110,44,34.24215087947282,0.6001068376068376,39.01405038759689,8242.39722943876,96.96937916986776,8
4621,31.74768923269498,0,0,195,0.0,0.0,1.0,195,6150,4100,2050,0.6666666666666666,82,41,41,178.28344273426947,0.42972508591065295,0.7335242771412998,0.11970459726443769,1082263.0480713416,-6560.083569151526,1075702.96450219,4619,19,1406.051282051282,89,106,36,34.23371010638298,0.6013888888888889,38.88888888888888,8289.674410759211,93.14240910965405,0
4622,31.820247635813153,0,0,195,0.0,0.0,1.0,195,5750,3900,1850,0.6782608695652174,76,39,37,178.6338603785487,0.4293010397391841,0.7344912577815412,0.12044996184613131,1085928.4601032264,-5953.2814153657155,1079975.1786878607,4620,20,1407.051282051282,91,104,37,34.078580509086656,0.6028311965811965,38.745471014492736,8313.18380829652,91.35366822303868,0
4623,31.643607591936664,0,0,195,0.0,0.0,1.0,195,5700,3600,2100,0.631578947368421,78,36,42,180.01549214146632,0.4289915411049432,0.7359821134345299,0.12173324864615943,1080706.5558425684,-5791.215497898352,1074915.34034467,4621,21,1408.051282051282,97,98,40,33.94321755870068,0.6042200854700854,38.64795918367346,8270.121422943617,85.25898374168678,0
4624,31.83075675155333,0,0,195,0.0,0.0,1.0,195,5050,3700,1350,0.7326732673267327,64,37,27,180.60301544876307,0.42901246805885984,0.7373651247436488,0.12232360118235742,1087540.327596278,-4767.387482795586,1082772.9401134823,4622,22,1409.051282051282,97,98,40,33.87375642120382,0.60491452991453,38.59481292517005,8320.72492337314,85.78066931312516,0
4625,31.90673979948491,0,0,195,0.0,0.0,1.0,195,4600,3300,1300,0.717391304347826,59,33,26,180.26352747035392,0.4289243545686845,0.7370854078703757,0.12233371296819921,1090686.9910889384,-4277.783124056157,1086409.2079648823,4623,23,1410.051282051282,80,115,40,33.81543461866348,0.6056089743589743,38.52880658436215,8342.693333373583,104.2836666671698,0
4626,31.571436552691253,0,0,195,0.0,0.0,1.0,195,5550,4000,1550,0.7207207207207207,71,40,31,176.26435235199844,0.4287910829147943,0.7336313652946918,0.11422845691382771,1066259.6670270027,-6961.28607048546,1059298.3809565173,4624,24,1411.051282051282,85,110,46,35.52312959251838,0.5871260683760684,40.10416666666667,8205.284812392165,96.53276249873136,8
4627,31.932961917672518,0,0,195,0.0,0.0,1.0,195,4950,3500,1450,0.7070707070707071,64,35,29,174.27994771325754,0.42841880341880345,0.7308501213358505,0.11336711908253269,1079550.3364082787,-6321.204763387115,1073229.1316448916,4625,25,1412.051282051282,87,108,35,35.44222583875818,0.5882478632478633,39.973958333333336,8303.401686144796,95.44139869131949,0
4628,32.003989102309376,0,0,195,0.0,0.0,1.0,195,6400,4900,1500,0.765625,79,49,30,175.74351533585155,0.4281665785531765,0.732474466109563,0.11471258546467482,1082941.11517926,-7336.024303333601,1075605.0908759264,4626,26,1413.051282051282,91,104,37,35.283194057567364,0.589690170940171,39.85507246376814,8325.67542589069,91.49093874605153,0
4629,32.114950320187695,0,0,195,0.0,0.0,1.0,195,4850,3700,1150,0.7628865979381443,60,37,23,175.27646753382385,0.42796061326989165,0.732150175978759,0.11474593011292974,1087547.299331013,-5725.710219461762,1081821.5891115514,4627,27,1414.051282051282,91,104,40,35.191655790008014,0.5905982905982906,39.75317028985509,8357.814007127701,91.84410996843627,0
4630,31.916658800596988,0,1,194,0.0,0.005128205128205128,0.9948717948717949,195,5600,4700,900,0.8392857142857143,65,47,18,175.63346516709032,0.4277667635915059,0.7338610226849054,0.11539783864539861,1081871.123221348,-6597.4451528843,1075273.6780684637,4628,28,1415.051282051282,92,103,42,35.05513493360867,0.5919871794871795,39.62813620071686,8310.199938157271,90.32826019736164,0
4631,31.583043102983677,0,0,194,0.0,0.0,1.0,194,4900,3700,1200,0.7551020408163265,61,37,24,175.00926828180707,0.42719795505938074,0.7316905041563351,0.1152686991584122,1071252.398224994,-6204.180328302653,1065048.2178966915,4629,29,1423.1030927835052,79,115,43,34.98605417520703,0.5932667525773196,39.54427083333332,8225.98452068985,104.1263863378462,0
4632,31.534118961980337,0,0,194,0.0,0.0,1.0,194,6150,4400,1750,0.7154471544715447,79,44,35,173.64252695281687,0.4270321430479141,0.7294510804558678,0.11478318328944011,1070612.3850646734,-7769.232014077883,1062843.1530505954,4630,30,1424.1030927835052,82,112,41,34.895406893673055,0.5948775773195876,39.420180722891544,8217.155020175616,100.20920756311727,0
4633,31.14486683579874,0,0,194,0.0,0.0,1.0,194,6150,4200,1950,0.6829268292682927,81,42,39,195.1547584954045,0.4263438562754838,0.7569045150344054,0.12694033310102668,1052894.9805954532,-3854.5068681741404,1049040.473727279,4631,31,1425.1030927835052,84,110,37,34.90098815471141,0.5890249140893471,39.97549019607843,8098.428731886981,96.40986585579739,8
4634,31.20033380977131,0,0,194,0.0,0.0,1.0,194,5050,3900,1150,0.7722772277227723,62,39,23,194.30271021410124,0.4261574568666204,0.7558104623975914,0.12678136459813202,1055647.0230157515,-2826.9844797183746,1052820.0385360331,4632,32,1426.1030927835052,87,107,38,34.81297779395705,0.5899377147766323,39.86742424242424,8116.223198431989,93.28992182105735,0
4635,31.2089020470737,1,1,194,0.005128205128205128,0.005128205128205128,0.9948717948717949,195,5950,4300,1650,0.7226890756302521,76,43,33,195.40416111819619,0.4263999030751608,0.7582395996486331,0.1280857659171706,1057221.4527113815,-3632.9057833544994,1053588.546928027,4633,0,1419.7846153846153,90,105,40,34.62305950129729,0.5916666666666667,39.70924908424907,8123.3885490889015,90.25987276765446,0
4636,31.22794413664797,0,0,194,0.0,0.0,1.0,194,5000,3700,1300,0.74,63,37,26,197.57717237579888,0.4260917997614087,0.7605959959074935,0.12972842665931217,1058337.8574416067,-1979.3197416852786,1056358.5376999215,4634,1,1426.6649484536083,91,103,40,34.50737148821428,0.5926224226804124,39.651268115942024,8130.155655322493,89.3423698387087,0
4637,31.663287943682842,0,0,194,0.0,0.0,1.0,194,4700,3300,1400,0.7021276595744681,61,33,28,197.7473143609732,0.42589705411035733,0.7617307365375889,0.13025917463121053,1074005.0810878458,-1023.6759209677907,1072981.4051668781,4635,2,1427.6649484536083,72,122,42,34.3900089483007,0.5939110824742269,39.54052511415525,8247.003350970934,114.54171320792963,0
4638,32.079623859048446,1,1,194,0.005128205128205128,0.005128205128205128,0.9948717948717949,195,5850,4400,1450,0.7521367521367521,73,44,29,191.79044756183183,0.42643404705260374,0.755379531629077,0.1270273823710492,1089691.4670365555,-3051.517166549896,1086639.9498700057,4636,0,1421.3384615384616,76,119,45,34.35440130793584,0.5954059829059829,39.353354978354986,8361.446332417314,110.0190306897015,0
4639,31.842431343948878,0,0,194,0.0,0.0,1.0,194,6250,4800,1450,0.768,77,48,29,188.46078346426842,0.42591986717233765,0.7494046399474485,0.1252194973342882,1082535.6539968594,-4246.8965039494415,1078288.75749291,4637,1,1428.6494845360826,79,115,43,34.3305785811778,0.5967568728522337,39.24479166666667,8303.07981893127,105.10227618900342,0
4640,32.230087019564806,0,0,194,0.0,0.0,1.0,194,6500,5000,1500,0.7692307692307693,80,50,30,186.54120342923537,0.4258030197817068,0.7455336584907011,0.12470054272442287,1097455.7807973276,-4355.855587939077,1093099.9252093886,4638,2,1429.6494845360826,83,111,43,34.16967623392254,0.5985824742268041,39.03769841269841,8410.837688984651,101.33539384318857,0
4641,32.47727850873882,0,0,194,0.0,0.0,1.0,194,5650,3900,1750,0.6902654867256637,74,39,35,184.56202457181587,0.4254925395723163,0.7433211601333758,0.12386111462235587,1106997.436652469,-3588.0623791218954,1103409.3742733472,4639,3,1430.6494845360826,85,109,42,34.08621729448878,0.5999785223367697,38.90503875968993,8479.653773429936,99.76063262858749,0
4642,32.29017642239181,0,0,194,0.0,0.0,1.0,194,4950,3500,1450,0.7070707070707071,64,35,29,187.28487699518033,0.4250001112832292,0.7475386291898063,0.12608255203322524,1101512.854526035,-2490.6601062965615,1099022.1944197384,4640,4,1431.6494845360826,88,106,42,33.90726053382324,0.6015356529209621,38.79915730337077,8434.221292351518,95.84342377672179,0
4643,31.889733629254206,0,2,192,0.0,0.010309278350515464,0.9896907216494846,194,5600,4100,1500,0.7321428571428571,71,41,30,187.704997120416,0.42459058899987534,0.7484936745397481,0.12655808417368503,1088281.1472801077,-3544.8380767169924,1084736.3092033907,4641,5,1432.6494845360826,90,104,44,33.84387460018403,0.602502147766323,38.74771062271061,8331.265918274565,92.56962131416184,0
4644,32.28662069855942,0,1,191,0.0,0.005208333333333333,0.9947916666666666,192,5450,3900,1550,0.7155963302752294,70,39,31,191.16248622862128,0.4244024732766143,0.7511708077663815,0.12914023691456655,1102378.8221388506,-1703.3047188317219,1100675.5174200188,4642,6,1447.1145833333333,88,104,47,33.68669846672939,0.6035698784722222,38.68211610486891,8437.07139907228,95.8758113530941,0
4645,31.85019164223296,0,0,191,0.0,0.0,1.0,191,5850,4500,1350,0.7692307692307693,72,45,27,193.21093555666366,0.42364517314227973,0.7524508195828183,0.130754646619003,1087972.2999610435,-2008.3708129583397,1085963.9291480852,4643,43,1455.6596858638743,89,102,47,33.5725896323193,0.6046029668411868,38.62268518518518,8324.9175677841,93.53839963802359,0
4646,31.442721926593343,0,0,191,0.0,0.0,1.0,191,5250,3900,1350,0.7428571428571429,66,39,27,192.19510053582445,0.4232260953430697,0.7521325522117472,0.1305473466426802,1075071.4219078817,-2125.307996644697,1072946.113911237,4644,44,1456.6596858638743,72,119,44,33.47293462839682,0.6060209424083769,38.49885844748857,8222.307677322313,114.19871774058768,0
4647,31.647227190077277,0,0,191,0.0,0.0,1.0,191,5050,3200,1850,0.6336633663366337,69,32,37,190.6347701119912,0.4230205749977037,0.749922464592164,0.13031873719387216,1083837.3661317592,-1926.5825737372465,1081910.783558022,4645,45,1457.6596858638743,76,115,46,33.29542713394674,0.6073843804537522,38.28463203463203,8282.565709134667,108.98112775177194,0
4648,31.899519161378567,0,0,191,0.0,0.0,1.0,191,6600,4900,1700,0.7424242424242424,83,49,34,195.0599118306117,0.4226428308992376,0.7556533931036999,0.134134466718862,1094123.229679901,-2116.0838573630667,1092007.1458225378,4646,46,1458.6596858638743,77,114,40,32.97874600584678,0.6090750436300174,38.08760683760683,8354.87940428625,108.50492732839285,0
4649,32.402712824275916,0,0,191,0.0,0.0,1.0,191,5750,4400,1350,0.7652173913043478,71,44,27,199.31831337217793,0.42261068246532557,0.7612833882705548,0.13755978285879353,1112402.561456515,394.440468080611,1112797.0019245956,4647,47,1459.6596858638743,77,114,44,32.74462523146968,0.6102748691099477,37.96741452991453,8490.56661758971,110.26709892973649,0
4650,32.32141324874678,0,0,191,0.0,0.0,1.0,191,6200,4500,1700,0.7258064516129032,79,45,34,200.67588702334277,0.4223936805364196,0.7630860805360866,0.13931098547959667,1111254.9539512733,200.41471865113863,1111455.3686699246,4648,48,1460.6596858638743,79,112,39,32.51118269692306,0.6118564572425829,37.7734375,8475.533091360821,107.28522900456736,0
4651,32.27792714320477,0,0,191,0.0,0.0,1.0,191,5500,4300,1200,0.7818181818181819,67,43,24,192.3908117436692,0.42215256728207956,0.7471406921835451,0.12814394067047988,1098043.101232674,-1449.3192848621238,1096593.7819478118,4649,49,1461.6596858638743,78,113,42,34.14309726013549,0.6008944153577662,39.16139240506328,8419.329572084318,107.94012271902972,8
4652,32.44870657632846,0,0,191,0.0,0.0,1.0,191,4800,3300,1500,0.6875,63,33,30,194.42319692525518,0.4218161568843575,0.7491706726876264,0.13007405070660308,1105130.9521824904,-27.381451125670537,1105103.5707313647,4650,50,1462.6596858638743,79,112,43,33.93617375108097,0.6019851657940662,39.01041666666668,8468.77440906159,107.19967606407077,0
4653,32.10692252724159,0,0,191,0.0,0.0,1.0,191,5800,4100,1700,0.7068965517241379,75,41,34,185.3010898916844,0.4216255625975935,0.7415453043411573,0.12315143230854445,1091600.140594064,-3545.060844400774,1088055.0797496634,4651,51,1463.6596858638743,80,111,39,34.4041278295606,0.5993128272251309,39.236111111111114,8372.3259784578,104.6540747307225,8
4654,32.583096746692576,0,2,189,0.0,0.010471204188481676,0.9895287958115183,191,5800,4400,1400,0.7586206896551724,72,44,28,187.5482555476559,0.4214636722696794,0.7441288915200868,0.12514518707475838,1108948.840871233,-2403.715880601004,1106545.124990632,4652,52,1464.6596858638743,83,108,43,34.20656281192074,0.600403577661431,39.09970238095238,8500.939638562311,102.42095950075074,0
4655,32.10531132194565,0,0,189,0.0,0.0,1.0,189,5500,4200,1300,0.7636363636363637,68,42,26,187.60358854024815,0.4205610435663627,0.7419124274662809,0.12558775176930093,1093608.2143437285,-2267.034906404785,1091341.1794373237,4653,53,1476.2962962962963,85,104,45,34.093181044750715,0.6015762786596119,38.98982558139534,8379.81290790461,98.58603421064247,0
4656,32.467387469805416,0,0,189,0.0,0.0,1.0,189,5400,3800,1600,0.7037037037037037,70,38,32,191.53315526885484,0.42027726181094976,0.7469572164152551,0.12902178481297563,1107734.0067640233,-766.4420971752452,1106967.5646668482,4654,54,1477.2962962962963,87,102,40,33.77514953779229,0.6033399470899471,38.778409090909086,8481.18260752444,97.48485755775219,0
4657,32.161294533310254,0,0,189,0.0,0.0,1.0,189,4900,3600,1300,0.7346938775510204,62,36,26,191.25471132006794,0.41980702840631917,0.7465743841692085,0.12931168296815798,1098338.7969177938,-687.5060927714517,1097651.2908250224,4655,55,1478.2962962962963,92,97,41,33.65530221860313,0.6052138447971782,38.65367383512544,8405.23617098707,91.36126272812032,0
4658,31.970998380087597,0,0,189,0.0,0.0,1.0,189,5100,4000,1100,0.7843137254901961,62,40,22,168.41395496413463,0.419781230064918,0.7155322984925372,0.11303928622540622,1089778.9285986656,-6193.2041196243335,1083585.7244790413,4656,56,1479.2962962962963,89,100,42,34.50318239579177,0.5993165784832452,38.900462962962955,8347.612875652707,93.79340309722143,8
4659,31.56639556457744,1,0,190,0.005263157894736842,0.0,1.0,190,5450,4100,1350,0.7522935779816514,68,41,27,186.03211505190296,0.42059198923234015,0.7416292569659437,0.1129480698529412,1047140.5323878438,-4489.646400662672,1042650.8859871811,4657,0,1472.5052631578947,76,114,45,37.63250612745098,0.5676535087719299,42.42424242424243,8130.738251482082,106.98339804581687,8
4660,31.231550417234946,1,1,190,0.005235602094240838,0.005235602094240838,0.9947643979057592,191,5000,3500,1500,0.7,65,35,30,180.81787618625967,0.4213190043170754,0.7354333555183825,0.11036277436898252,1037575.7977410305,-5677.549574040616,1031898.2481669899,4658,0,1465.7905759162304,80,111,46,37.57161328410827,0.5690990401396161,42.23251028806584,8050.478350862356,100.63097938577945,0
4661,31.355326092443505,2,1,191,0.010416666666666666,0.005208333333333333,0.9947916666666666,192,6150,4500,1650,0.7317073170731707,78,45,33,179.66143677451208,0.4228703097731239,0.7337624295395542,0.11033350545440505,1043488.6539848805,-7055.065833435265,1036433.5881514453,4659,0,1458.3645833333333,84,108,44,37.37471499144974,0.5709635416666667,42.009803921568604,8089.366726692594,96.3019848415785,0
4662,31.580008137178154,0,0,191,0.0,0.0,1.0,191,6300,4700,1600,0.746031746031746,79,47,32,180.7846428293035,0.42170019289060345,0.7353404860851485,0.11155888469206046,1052380.5096096238,-6449.15308994084,1045931.3565196829,4660,1,1467.0,85,106,49,37.169036001376256,0.5722076788830716,41.836240310077514,8152.813631732245,95.91545449096759,0
4663,31.722424967237174,2,0,193,0.010362694300518135,0.0,1.0,193,5950,4000,1950,0.6722689075630253,79,40,39,180.49381105800686,0.42371793141911346,0.7380249304403868,0.11208442834836764,1058983.4391833264,-6322.008642897104,1052661.4305404294,4661,0,1452.7875647668393,72,121,48,36.9458020396142,0.5738881692573403,41.60958904109591,8196.770423897451,113.84403366524238,0
4664,32.12021704970251,1,0,194,0.005154639175257732,0.0,1.0,194,5400,3800,1600,0.7037037037037037,70,38,32,176.95071584219417,0.424439800224347,0.7342672018047789,0.1103835417872739,1073609.6353682312,-6204.801297302718,1067404.8340709284,4662,0,1446.2938144329896,75,119,53,36.87226109697483,0.5753865979381443,41.447368421052644,8304.766645087591,110.73022193450122,0
4665,32.30364035251396,0,0,194,0.0,0.0,1.0,194,5200,3500,1700,0.6730769230769231,69,35,34,178.06745192698904,0.42403417285401424,0.7361584843955598,0.11139568504269848,1080586.0389923619,-5516.559489750256,1075069.4795026116,4663,1,1447.2938144329896,77,117,52,36.740370714580784,0.5764067869415808,41.34615384615387,8355.460821948374,108.51247820712175,0
4666,32.58972137395998,0,0,194,0.0,0.0,1.0,194,5750,4000,1750,0.6956521739130435,75,40,35,179.62727424902204,0.4238527811904635,0.7372814712067453,0.112757815806225,1091185.9934722763,-5348.64685877253,1085837.3466135038,4664,2,1448.2938144329896,79,115,50,36.575634832779805,0.5774806701030928,41.22395833333335,8433.439096172973,106.7523936224427,0
4667,32.1316509384441,1,0,195,0.005128205128205128,0.0,1.0,195,5200,3300,1900,0.6346153846153846,71,33,38,178.61995630319865,0.424322627544277,0.737557657815546,0.11251148331538036,1076863.7199004597,-5730.129881375788,1071133.590019084,4665,0,1441.8615384615384,82,113,51,36.4774710359203,0.5787927350427351,41.101907630522106,8318.823132645171,101.4490625932338,0
4668,32.322319357271475,0,0,195,0.0,0.0,1.0,195,4200,2500,1700,0.5952380952380952,59,25,34,180.87892415620442,0.42420037007665873,0.7398854197756417,0.11424671796524982,1084065.7161207504,-3983.0719106903402,1080082.6442100601,4666,1,1442.8615384615384,84,111,42,36.32022649127787,0.579594017094017,41.004901960784345,8371.32227079145,99.65859846180298,0
4669,31.829963915026845,1,0,196,0.00510204081632653,0.0,1.0,196,5100,3900,1200,0.7647058823529411,63,39,24,188.44699041330963,0.42461462148962154,0.7519975850091682,0.11999252552363826,1069904.9622817484,-3975.925965947594,1065929.0363158009,4667,0,1436.4948979591836,87,109,46,35.83363769174584,0.5812606292517006,40.71969696969699,8252.882689331822,94.86072056703243,0
4670,32.11895828079449,0,1,195,0.0,0.00510204081632653,0.9948979591836735,196,5850,4000,1850,0.6837606837606838,77,40,37,185.75314581188238,0.4246429661608233,0.7483901863994682,0.11855673131311466,1080310.2292811202,-4915.795291654935,1075394.4339894652,4668,1,1437.4948979591836,88,108,48,35.81894930806259,0.5825361394557823,40.63670411985021,8330.478879943947,94.66453272663576,0
4671,31.816842717257565,0,0,195,0.0,0.0,1.0,195,6100,4200,1900,0.6885245901639344,80,42,38,188.33939048622594,0.423622125297383,0.7504380246574733,0.12064483242003254,1071200.62395664,-4750.145479108749,1066450.4784775313,4669,2,1445.8358974358973,71,124,46,35.622026464466266,0.583707264957265,40.50925925925922,8256.176084732711,116.28417020750298,0
4672,31.77202599373692,0,1,194,0.0,0.005128205128205128,0.9948717948717949,195,6250,4800,1450,0.768,77,48,29,185.93444600708665,0.4232057890563045,0.7476447651020701,0.1196219343076628,1070942.927510798,-5424.964013614674,1065517.9634971833,4670,3,1446.8358974358973,73,122,48,35.52989744284807,0.5848824786324787,40.357545045045015,8249.366827906433,113.00502503981416,0
4673,32.10388001453664,0,0,194,0.0,0.0,1.0,194,5150,3400,1750,0.6601941747572816,69,34,35,187.88954749390953,0.42227089008778024,0.7493875395748024,0.12089244010605205,1082159.3045597705,-3284.7155899885033,1078874.588969782,4671,4,1455.2371134020618,72,122,48,35.475402103026255,0.5855884879725086,40.35388127853878,8335.647841673852,115.77288668991461,0
4674,32.18369612358539,0,1,193,0.0,0.005154639175257732,0.9948453608247423,194,5200,3300,1900,0.6346153846153846,71,33,38,188.9454263099621,0.42195206363620175,0.749737885688395,0.12193434654412992,1085717.994469648,-2971.710136507384,1082746.2843331406,4672,5,1456.2371134020618,74,120,47,35.34214255159876,0.5866086769759451,40.24999999999997,8359.715068101235,112.96912254190859,0
4675,32.02506832144667,0,0,193,0.0,0.0,1.0,193,5500,3500,2000,0.6363636363636364,75,35,40,190.49176238483602,0.42169846538572253,0.7504736600834399,0.12351886908321923,1081744.7635691203,-2887.306707430366,1078857.45686169,4673,6,1463.9689119170985,78,115,47,35.13320988906924,0.5881908462867012,40.084388185653985,8323.815226164985,106.71557982262802,0
4676,31.977153113409333,0,0,193,0.0,0.0,1.0,193,5550,4300,1250,0.7747747747747747,68,43,25,181.05799161616508,0.4216591105354059,0.7384503834405063,0.11531347994829048,1074917.882158116,-5225.505420830161,1069692.3767372859,4674,7,1464.9689119170985,95,98,43,36.01718558196627,0.5858160621761659,40.71180555555554,8291.29829424941,87.2768241499938,8
4677,31.6657626788342,0,0,193,0.0,0.0,1.0,193,3950,2900,1050,0.7341772151898734,50,29,21,184.35186529249455,0.4216793501727116,0.7442412135588963,0.11770157553290078,1065163.2768285621,-3277.0326151176364,1061886.2442134444,4675,8,1465.9689119170985,89,104,43,35.84337349397586,0.5867335924006909,40.62500000000001,8213.307194822648,92.28435050362526,0
4678,31.59440506276534,0,0,193,0.0,0.0,1.0,193,4900,3300,1600,0.673469387755102,65,33,32,208.14305899762834,0.4215151842256764,0.7666095165573705,0.13280181778212194,1062568.974281149,733.2713405704367,1063302.2456217194,4676,9,1466.9689119170985,87,106,37,35.250456412597,0.5841968911917099,40.64867424242426,8194.050839550111,94.18449240862196,8
4679,31.37112358519176,0,1,192,0.0,0.0051813471502590676,0.9948186528497409,193,5600,4300,1300,0.7678571428571429,69,43,26,204.74514919152173,0.4216062625935521,0.7621700851609923,0.1310207100952866,1055904.3914838764,-961.7395667299952,1054942.6519171463,4677,10,1467.9689119170985,77,116,35,35.23265390158535,0.5857620898100173,40.54487179487181,8139.398891734884,105.70647911344005,0
4680,31.026912380190797,1,2,191,0.0051813471502590676,0.010362694300518135,0.9896373056994818,193,5550,3800,1750,0.6846846846846847,73,38,35,202.32545654681522,0.42177829951065055,0.758249683691671,0.1301646209115643,1045821.775104982,-1830.7263770563022,1043991.0487279256,4678,0,1467.2020725388602,81,112,39,35.105017776473105,0.5873812607944733,40.35823170731711,8055.882395054962,99.45533821055508,0
4681,31.279197876623762,0,0,191,0.0,0.0,1.0,191,7000,5700,1300,0.8142857142857143,83,57,26,203.6557212537029,0.4204659226600533,0.7577701899486531,0.1315753255290792,1055522.8804710149,-2207.345295577411,1053315.5351754376,4679,1,1476.8952879581152,82,109,39,34.92008856682772,0.5888416230366492,40.210843373494015,8125.996436321785,99.09751751611932,0
4682,31.66857099422854,0,0,191,0.0,0.0,1.0,191,6100,4300,1800,0.7049180327868853,79,43,36,203.14448458714378,0.4199503995591072,0.7568042844011009,0.1317422152520596,1069744.320893094,-837.4682584293168,1068906.8526346646,4680,2,1477.8952879581152,83,108,40,34.79922073791347,0.5902595986038395,40.079365079365104,8231.315079849152,99.17247084155605,0
4683,31.542629510169863,0,0,191,0.0,0.0,1.0,191,5700,4000,1700,0.7017543859649122,74,40,34,204.80546645216893,0.42008358592817124,0.7596847246385778,0.12502071832573486,1047950.6957759715,-974.7937865457752,1046975.9019894258,4681,3,1478.8952879581152,77,114,45,36.94824370531547,0.568662739965096,42.227564102564074,8130.820443446766,105.59507069411384,8
4684,31.37015279653385,0,0,191,0.0,0.0,1.0,191,5650,4300,1350,0.7610619469026548,70,43,27,206.32802260018335,0.41977013869752916,0.7605321923849213,0.12649804393955458,1043492.4287407864,-789.6541159304788,1042702.774624856,4682,4,1479.8952879581152,79,112,34,36.748500260824194,0.5701352530541013,42.07031249999998,8091.2937076371745,102.42143933717942,0
4685,31.35965563684235,0,1,190,0.0,0.005235602094240838,0.9947643979057592,191,5050,3700,1350,0.7326732673267327,64,37,27,202.67557789160372,0.41979539818131717,0.7569633206002628,0.12488127525860859,1044603.1992585744,-906.8885845705399,1043696.3106740039,4683,5,1480.8952879581152,83,108,39,36.658619198616286,0.5716077661431065,41.88988095238092,8094.244449717635,97.52101746647753,0
4686,31.043315042053585,0,1,189,0.0,0.005263157894736842,0.9947368421052631,190,6850,4800,2050,0.7007299270072993,89,48,41,201.2557821096472,0.4194276199758656,0.7541020457745926,0.1244973736127675,1035205.432959073,-3181.7841891335393,1032023.6487699394,4684,6,1489.0157894736842,89,101,43,36.55020802521703,0.5737390350877193,41.74768518518516,8017.0079691358305,90.07874122624528,0
4687,30.800461728797874,0,0,189,0.0,0.0,1.0,189,4800,3700,1100,0.7708333333333334,59,37,22,228.14067893214485,0.4185933337085819,0.7771244042606038,0.13739541143174613,1019383.9248015491,3912.588139347954,1023296.512940897,4685,7,1497.7936507936508,85,104,43,36.8508525179292,0.5618937389770723,42.72044573643411,7924.329064697132,93.22740076114273,8
4688,30.94184111928867,1,0,190,0.005263157894736842,0.0,1.0,190,5350,4200,1150,0.7850467289719626,65,42,23,224.70017424327926,0.419487375847025,0.7744489974720052,0.13597543597701892,1025463.0641515716,2734.3458389809875,1028197.4099905526,4686,0,1490.9052631578948,69,121,42,36.759616496156305,0.5634868421052632,42.544642857142854,7966.142756023999,115.45134429020288,0
4689,31.123204651913433,1,0,191,0.005235602094240838,0.0,1.0,191,5400,4100,1300,0.7592592592592593,67,41,26,219.19340894064914,0.4200698080279232,0.7694641622331024,0.1333127126507887,1032944.8812437383,1682.9419535219522,1034627.8231972603,4687,0,1484.0942408376964,74,117,43,36.7138364779874,0.5651178010471204,42.36111111111112,8018.547865180503,108.35875493487167,0
4690,31.31930202384978,0,0,191,0.0,0.0,1.0,191,5250,3800,1450,0.7238095238095238,67,38,29,218.88775739682097,0.4201295122623312,0.770323675383878,0.13368990721005822,1040690.6461201162,2108.8883346161565,1042799.5344547324,4688,1,1485.0942408376964,76,115,44,36.565036383991036,0.5665357766143106,42.2077922077922,8073.872015239188,106.23515809525247,0
4691,30.891019380264844,2,1,192,0.010362694300518135,0.0051813471502590676,0.9948186528497409,193,5500,4100,1400,0.7454545454545455,69,41,28,213.57026319096065,0.4215320505900979,0.76675157192667,0.13123614671976222,1028209.2030592532,-181.01797745359272,1028028.1850817996,4689,0,1470.6943005181347,80,113,36,36.47780325308609,0.5680591537132988,41.98816872427983,7970.248480275884,99.62810600344855,0
4692,31.321616311228315,0,0,192,0.0,0.0,1.0,192,5500,3800,1700,0.6909090909090909,72,38,34,217.24263873172092,0.4209961505599185,0.7710201979934896,0.13373083662785798,1043061.3432550852,1419.4797135575182,1044480.8229686427,4690,1,1479.3541666666667,80,112,38,36.31735432861606,0.5691731770833333,41.9238683127572,8083.361575793842,101.04201969742303,0
4693,31.56388454796911,0,2,190,0.0,0.010416666666666666,0.9895833333333334,192,4550,3300,1250,0.7252747252747253,58,33,25,217.32926940677146,0.42094502163321695,0.7715808117194998,0.13418728911770428,1052012.4092462368,2776.617661668526,1054789.0269079052,4691,2,1480.3541666666667,83,109,40,36.20437079731028,0.5702582465277778,41.8154761904762,8149.30650159621,98.18441568188204,0
4694,31.70359511385131,1,1,190,0.005235602094240838,0.005235602094240838,0.9947643979057592,191,6250,4600,1650,0.736,79,46,33,220.12875045395603,0.42008014145310923,0.775522877132008,0.13638664909078502,1057686.594960033,2115.44570409057,1059802.0406641236,4692,0,1488.916230366492,84,107,42,36.00505661511216,0.5715532286212914,41.69117647058825,8189.318355511784,97.4918851846641,0
4695,31.606435891708454,1,0,191,0.005235602094240838,0.0,1.0,191,5250,3800,1450,0.7238095238095238,67,38,29,217.1806471351142,0.4204762560852393,0.7734694027304383,0.1353348399396542,1056124.993320186,2423.981900969233,1058548.9752211552,4693,0,1487.3350785340315,68,123,43,35.871072763373064,0.5733529668411868,41.48550724637681,8170.721742294922,120.15767268080766,0
4696,31.337753386894857,0,0,191,0.0,0.0,1.0,191,6000,4100,1900,0.6833333333333333,79,41,38,218.52827178959691,0.42052103426104526,0.7744396896057111,0.13671587763131987,1048294.5403979861,1616.398847928319,1049910.9392459143,4694,1,1488.3350785340315,70,121,42,35.69152958971449,0.574989092495637,41.343896713615024,8105.70117680394,115.79573109719915,0
4697,31.066802158591837,0,0,191,0.0,0.0,1.0,191,6150,4700,1450,0.7642276422764228,76,47,29,219.7989292247021,0.42061633140442733,0.7755116532413797,0.13813974283706332,1040536.1306631253,1391.7454678739668,1041927.8761309993,4695,2,1489.3350785340315,72,119,44,35.49270408350791,0.5764070680628273,41.18150684931507,8040.66292169719,111.67587391246097,0
4698,31.07523004902701,0,1,190,0.0,0.005235602094240838,0.9947643979057592,191,6250,4700,1550,0.752,78,47,31,244.3151973041446,0.4207770735739873,0.7940237908968737,0.1505341513134595,1035121.3101210272,6129.173423188413,1041250.4835442156,4696,3,1490.3350785340315,78,113,34,35.58482332907619,0.5679537521815008,41.89082278481011,8020.80205972707,102.83079563752653,8
4699,31.367185809235195,2,1,191,0.010416666666666666,0.005208333333333333,0.9947916666666666,192,3750,2700,1050,0.72,48,27,21,244.75466438241816,0.42136541503054104,0.7987337126367255,0.1516928393215494,1046556.4910808961,9079.916546349225,1055636.4076272454,4697,0,1483.3802083333333,79,113,38,35.35717736109011,0.5696072048611112,41.6796875,8102.781240487204,102.56685114540764,0
4700,31.365184237749908,1,0,192,0.005208333333333333,0.0,1.0,192,4900,3500,1400,0.7142857142857143,63,35,28,239.73797440154232,0.4212466823007563,0.7945561046755647,0.14945047038438433,1048178.3616400542,6957.631446222967,1055135.993086277,4698,0,1484.3489583333333,63,129,38,35.27344077898097,0.5710720486111112,41.471354166666686,8108.79860729853,128.71108900473857,0
4701,31.51567607807425,1,1,192,0.0051813471502590676,0.0051813471502590676,0.9948186528497409,193,4950,3700,1250,0.7474747474747475,62,37,25,238.25553578032498,0.4222707973517559,0.7933863092865672,0.14926852844068586,1054656.9158574415,6705.569710408077,1061362.4855678496,4699,0,1477.6528497409327,66,127,38,35.129707532051285,0.5725928324697755,41.29353233830847,8153.309234128682,123.53498839588912,0
4702,31.147209039108034,1,0,193,0.0051813471502590676,0.0,1.0,193,5800,4100,1700,0.7068965517241379,75,41,34,233.0716648458519,0.4226553504605642,0.7858832031240945,0.14686797584793512,1043983.4768707664,4264.593405165967,1048248.0702759323,4700,0,1478.538860103627,71,122,40,35.05345701087766,0.5744818652849741,41.087962962962955,8064.387340333858,113.58292028639237,0
4703,31.612177891970866,0,1,192,0.0,0.0051813471502590676,0.9948186528497409,193,5850,4300,1550,0.7350427350427351,74,43,31,233.5813700391897,0.4225833873056995,0.7860100294172538,0.14801949862266012,1061198.1759529933,5125.224764437728,1066323.400717431,4701,1,1479.538860103627,74,119,36,34.83653605631787,0.5763169257340242,40.88888888888888,8191.066538230651,110.69008835446826,0
4704,31.866330604651566,0,2,190,0.0,0.010416666666666666,0.9895833333333334,192,5250,3400,1850,0.6476190476190476,71,34,37,235.1302186618788,0.4222709651323444,0.7879844076200428,0.1493731760464717,1070456.8236079842,6689.34940060898,1077146.1730085933,4702,2,1488.2239583333333,76,116,37,34.706310890744604,0.5774197048611112,40.80086580086579,8259.725302829038,108.68059608985577,0
4705,31.555196216519064,1,1,190,0.005235602094240838,0.005235602094240838,0.9947643979057592,191,5600,3800,1800,0.6785714285714286,74,38,36,240.05494840087897,0.4214395609442454,0.7912357255894134,0.15297495678043516,1060897.6298442555,7134.745158175442,1068032.375002431,4703,0,1496.9476439790576,77,114,39,34.46695121113799,0.5787521815008726,40.6917735042735,8182.521967630205,106.26651906013254,0
4706,31.550888519437894,0,0,190,0.0,0.0,1.0,190,5200,3700,1500,0.7115384615384616,67,37,30,237.14474585387745,0.4211471966954423,0.7879405020611707,0.15167628877208297,1061808.160724266,7160.445284105671,1068968.6060083716,4704,1,1498.8105263157895,66,124,40,34.410394318930926,0.5803179824561404,40.562810945273625,8185.473829661985,124.02233075245432,0
4707,31.133515444089426,0,0,190,0.0,0.0,1.0,190,5350,4100,1250,0.7663551401869159,66,41,25,238.65943453155515,0.42134386893158826,0.7893180540325619,0.1531089284084868,1048620.8686641313,6702.652710673852,1055323.5213748051,4705,2,1499.8105263157895,67,123,41,34.262244486415256,0.5816885964912281,40.45649509803921,8080.501718278286,120.60450325788486,0
4708,30.712542673475856,1,0,191,0.005235602094240838,0.0,1.0,191,5250,3800,1450,0.7238095238095238,67,38,29,236.89162325024492,0.4215325617709194,0.7875774274497895,0.1530331985732243,1036374.1890243822,5651.672786528339,1042025.8618109105,4706,0,1492.9528795811518,70,121,43,34.060093936484634,0.5832787958115183,40.214201877934265,7978.682410786908,113.98117729695582,0
4709,30.955907839233642,1,0,192,0.005208333333333333,0.0,1.0,192,4250,2800,1450,0.6588235294117647,57,28,29,233.4944670000134,0.4218982920666085,0.7858773748562109,0.15144265682751737,1045704.2692779328,6183.232198937733,1051887.5014768706,4707,0,1486.171875,71,121,41,34.006131952948174,0.5846896701388888,40.075231481481474,8046.207179393377,113.32686168159687,0
4710,31.302582155285616,1,0,193,0.0051813471502590676,0.0,1.0,193,5250,4100,1150,0.780952380952381,64,41,23,232.72040822122125,0.4223337651122625,0.7838132403977915,0.15148966953766146,1058439.7497118337,5414.106126100939,1063853.8558379347,4708,0,1479.4663212435232,73,120,40,33.89741438417954,0.5859240069084628,39.949324324324316,8140.257639875355,111.51037862842952,0
4711,31.694804547928562,1,0,194,0.005154639175257732,0.0,1.0,194,5900,4400,1500,0.7457627118644068,74,44,30,230.28231165504553,0.4232067820451187,0.7836760412709753,0.15068103172969083,1073178.1140287681,4726.787383229095,1077904.9014119972,4709,0,1472.8350515463917,77,117,43,33.77766943788703,0.5877362542955327,39.77029914529913,8247.929506155615,107.11596761241059,0
4712,31.311842381947454,0,0,194,0.0,0.0,1.0,194,5700,3900,1800,0.6842105263157895,75,39,36,234.51431941834463,0.4232830110571017,0.7874692374329737,0.15387225683869565,1060982.6178316541,5263.123307096462,1066245.7411387507,4710,1,1473.8350515463917,78,116,43,33.57065373381279,0.5889712199312716,39.675632911392384,8151.2355504586585,104.50301987767511,0
4713,31.682788769978988,0,1,193,0.0,0.005154639175257732,0.9948453608247423,194,5650,4200,1450,0.7433628318584071,71,42,29,229.61059944151384,0.42322625661022384,0.7835417559913951,0.15167694268980436,1075468.1088925907,4937.775432611892,1080405.8843252026,4711,2,1474.8350515463917,66,128,43,33.46075243152932,0.5907968213058419,39.44340796019901,8255.159468222619,125.07817376094877,0
4714,31.249703943497835,0,1,192,0.0,0.0051813471502590676,0.9948186528497409,193,5750,4100,1650,0.7130434782608696,74,41,33,227.99344344319007,0.42256089881980424,0.7816520154136126,0.1512388161939138,1061930.246306535,4072.6267103806085,1066002.8730169157,4712,3,1483.3523316062176,69,124,45,33.356819738569556,0.5921848013816926,39.300595238095255,8146.779217055671,118.06926401529958,0
4715,30.846468392909774,0,0,192,0.0,0.0,1.0,192,5650,4000,1650,0.7079646017699115,73,40,33,226.5816664777497,0.4221107611620128,0.7797179993812229,0.15080278116716472,1049139.490538611,3493.1548267713265,1052632.6453653823,4713,4,1490.7604166666667,70,122,44,33.277666835424064,0.5935872395833333,39.187206572769966,8045.153588919587,114.9307655559941,0
4716,30.799589420882533,0,0,192,0.0,0.0,1.0,192,4800,3300,1500,0.6875,63,33,30,223.65898624457128,0.42202952297847585,0.7776886526592,0.14953153424312782,1048779.6155828426,3713.7971230461035,1052493.4127058887,4714,5,1491.7604166666667,71,121,45,33.196815981076966,0.5949435763888888,39.033564814814824,8037.65905633508,113.20646558218422,0
4717,31.21608452496119,0,0,192,0.0,0.0,1.0,192,5500,3800,1700,0.6909090909090909,72,38,34,231.1362413831803,0.42188636198371143,0.784512519551503,0.15008425506041614,1054814.448788542,4861.169409930682,1059675.6181984728,4715,6,1492.7604166666667,75,117,38,34.02691736524841,0.5862630208333333,40.03563596491226,8115.069561197029,108.20092748262705,8
4718,30.88504850640474,0,0,192,0.0,0.0,1.0,192,5900,4200,1700,0.711864406779661,76,42,34,231.01469419214357,0.42163696644124493,0.7844211964890684,0.15092650141687813,1045330.6841217073,3997.3496644076595,1049328.033786115,4716,7,1493.7604166666667,77,115,34,33.81326352530537,0.5879448784722222,39.82371794871792,8035.557091369821,104.35788430350416,0
4719,30.745099733213664,0,1,191,0.0,0.005208333333333333,0.9947916666666666,192,5450,4000,1450,0.7339449541284404,69,40,29,237.54813422035258,0.4215767479275742,0.7884666479119795,0.15598604084518677,1041996.5652437237,5654.867987532289,1047651.433231256,4717,8,1494.7604166666667,79,113,36,33.4638347086772,0.5892469618055556,39.64843749999999,8004.534754760488,101.32322474380365,0
4720,30.89337329086568,0,2,189,0.0,0.010471204188481676,0.9895287958115183,191,5450,4400,1050,0.8073394495412844,65,44,21,237.50744153568934,0.4213385230090934,0.7878345293504643,0.15660909810824347,1048170.9746847226,6139.681297867529,1054310.65598259,4718,9,1487.696335078534,66,125,35,33.31866109619019,0.5907504363001745,39.505597014925364,8047.550831599086,121.93258835756191,0
4721,31.36101527508957,1,0,190,0.005263157894736842,0.0,1.0,190,4400,3100,1300,0.7045454545454546,57,31,26,235.13654347976484,0.4210624941984591,0.7841533999598223,0.15596398580176823,1065689.2317235963,7716.496474218558,1073405.728197815,4719,0,1494.6473684210525,66,124,40,33.17355478689564,0.5920504385964912,39.30348258706468,8175.707464749727,123.87435552651101,0
4722,30.952218625585083,0,0,190,0.0,0.0,1.0,190,5650,4000,1650,0.7079646017699115,73,40,33,229.0101341160358,0.4208037454747981,0.7778475181388911,0.15256214473910842,1052994.2146572901,4579.269264415134,1057573.4839217053,4720,1,1495.6473684210525,72,118,40,33.181642049598814,0.5934758771929824,39.15525114155251,8073.723694002506,112.13505130559037,0
4723,30.86168206754808,0,1,189,0.0,0.005263157894736842,0.9947368421052631,190,5300,3600,1700,0.6792452830188679,70,36,34,230.17326482198973,0.42052875243664717,0.7808730386298013,0.1538832368025558,1050887.679882583,5077.249647956118,1055964.929530539,4721,2,1496.6473684210525,73,117,43,33.0276152075804,0.5947916666666666,39.03434684684685,8053.839018162651,110.32656189263905,0
4724,30.910002498380283,0,0,189,0.0,0.0,1.0,189,5400,3500,1900,0.6481481481481481,73,35,38,229.7554893997901,0.41996533641037187,0.7795421771487663,0.1543672193485612,1053888.703599972,5227.342973704619,1059116.0465736766,4722,3,1505.4973544973545,76,113,35,32.86665285188831,0.5964506172839505,38.866341991342004,8071.6420214588325,106.20581607182675,0
4725,31.334338652688086,0,0,189,0.0,0.0,1.0,189,6250,4600,1650,0.736,79,46,33,235.6593823313861,0.41974605050846187,0.7820989167511827,0.15892971414275295,1069395.1394417044,6352.599605803651,1075747.739047508,4723,4,1506.4973544973545,78,111,35,32.58260152753946,0.5980489417989419,38.73945147679325,8186.426504013209,104.95418594888729,0
4726,31.39924039044051,0,1,188,0.0,0.005291005291005291,0.9947089947089947,189,5950,4300,1650,0.7226890756302521,76,43,33,234.84844754181813,0.41984572591842095,0.7831067416559641,0.1588233840653433,1072378.263868789,6619.274089435201,1078997.537958224,4724,5,1507.4973544973545,79,110,37,32.50797130330809,0.599481922398589,38.64583333333334,8206.322306209944,103.87749754696132,0
4727,31.349843188359145,0,0,188,0.0,0.0,1.0,188,4550,2600,1950,0.5714285714285714,65,26,39,233.4883573276611,0.4184000123260136,0.7821691955581926,0.15839345321417037,1071544.8517305867,7888.64944669748,1079433.5011772842,4725,16,1516.4893617021276,78,110,40,32.43691899070386,0.600675975177305,38.54166666666667,8196.677750289748,105.08561218320189,0
4728,31.098163857132484,0,0,188,0.0,0.0,1.0,188,5850,4100,1750,0.7008547008547008,76,41,35,231.71169955585466,0.41842786437592444,0.7796196002578972,0.15761308185336462,1063679.0140880407,5843.3744272474105,1069522.388515288,4726,17,1517.4893617021276,68,120,38,32.39069264069265,0.6017287234042553,38.451086956521756,8133.690954481019,119.61310227177968,0
4729,30.71037253507671,0,0,188,0.0,0.0,1.0,188,5200,3700,1500,0.7115384615384616,67,37,30,232.83362724813966,0.41793660162324114,0.780476415398156,0.15912974110545355,1051691.2114667061,6173.815902157027,1057865.027368863,4727,18,1518.4893617021276,70,118,41,32.198817131965455,0.6032247340425532,38.29225352112678,8037.142389681657,114.8163198525951,0
4730,30.425381740447058,0,0,188,0.0,0.0,1.0,188,5100,3100,2000,0.6078431372549019,71,31,40,227.48820887055422,0.4177327483217659,0.7816623124247679,0.1438381558908802,1020738.9078875186,3741.2131759634763,1024480.1210634821,4728,19,1519.4893617021276,72,116,36,35.074781027929276,0.5769614361702128,40.967465753424655,7881.1637376474755,109.46060746732604,8
4731,30.162430876516613,0,0,188,0.0,0.0,1.0,188,5250,3700,1550,0.7047619047619048,68,37,31,224.86235218974977,0.4173635605112451,0.7773189710515598,0.14266258515840013,1012856.8754580793,2700.675889412947,1015557.5513474923,4729,20,1520.4893617021276,74,114,37,35.01985190346034,0.5784574468085106,40.84722222222223,7816.677746179507,105.63078035377713,0
4732,30.502105889703664,0,0,188,0.0,0.0,1.0,188,5400,4200,1200,0.7777777777777778,66,42,24,225.4393746136405,0.4177268223536997,0.7782337168523663,0.14350321861534554,1025186.1693122893,3223.4657744633673,1028409.6350867527,4730,21,1521.4893617021276,78,110,39,34.885529505501054,0.5799534574468085,40.73048523206752,7908.266193423589,101.38802812081525,0
4733,30.159212271247668,0,1,187,0.0,0.005319148936170213,0.9946808510638298,188,5350,3900,1450,0.7289719626168224,68,39,29,223.38349381461543,0.41764800697842,0.7758907972314792,0.14262176912779334,1014486.3932452439,2373.9029901022755,1016860.2962353462,4731,22,1522.4893617021276,78,110,36,34.83099062918344,0.5812278368794326,40.625000000000014,7822.545682854893,100.28904721608838,0
4734,29.856295823760956,0,0,187,0.0,0.0,1.0,187,5150,3700,1450,0.7184466019417476,66,37,29,225.29165884466101,0.41740699212236215,0.7760169199382181,0.14420651114594363,1004988.5275795034,2733.1064996478904,1007721.6340791512,4732,23,1527.433155080214,69,118,37,34.69020035176259,0.5824977718360071,40.53571428571428,7746.6424699865365,112.27018072444255,0
4735,30.07156955484357,1,0,188,0.005319148936170213,0.0,1.0,188,5750,3800,1950,0.6608695652173913,77,38,39,226.35681483594064,0.41870519968141995,0.7758319117794636,0.14574534601321404,1013845.2962127635,2548.158397424185,1016393.4546101877,4733,0,1520.3031914893618,73,115,37,34.45157071610559,0.5843306737588653,40.32939189189188,7808.702753071471,106.96853086399275,0
4736,30.369539727930924,0,0,188,0.0,0.0,1.0,188,4700,3500,1200,0.7446808510638298,59,35,24,231.0981456162794,0.41836978988887624,0.7787040945546642,0.14917479753813725,1024586.5702009504,5056.011279356502,1029642.5814803069,4734,1,1521.3031914893618,75,113,40,34.238251020121,0.5855496453900709,40.241228070175424,7888.754343801324,105.18339125068431,0
4737,30.036580302950025,0,1,187,0.0,0.005319148936170213,0.9946808510638298,188,5550,3600,1950,0.6486486486486487,75,36,39,233.13329312205013,0.4186714216634429,0.7774028047157568,0.1512259495661392,1014680.4334339633,4161.15818259377,1018841.5916165571,4735,2,1522.3031914893618,78,110,31,34.01139687854039,0.5872672872340425,40.07120253164557,7807.372198207455,100.09451536163404,0
4738,29.73066379280531,0,0,187,0.0,0.0,1.0,187,5400,3900,1500,0.7222222222222222,69,39,30,236.24570556385447,0.41820961033484755,0.7783118528059476,0.1536751381143377,1005097.7476474467,4690.005310722301,1009787.752958169,4736,3,1531.2459893048128,79,108,31,33.83095476548155,0.5882909982174689,39.97395833333333,7730.746822165638,97.85755471095744,0
4739,30.074328485705,0,0,187,0.0,0.0,1.0,187,4750,3500,1250,0.7368421052631579,60,35,25,235.27859842048994,0.41807184750733134,0.7779818262675995,0.15321876251230648,1017021.4372171098,5706.675662406714,1022728.1128795166,4737,4,1532.2459893048128,79,108,33,33.81612051269213,0.588903743315508,39.93489583333333,7821.283370377412,99.00358696680269,0
4740,30.078419527754697,0,0,187,0.0,0.0,1.0,187,5050,4100,950,0.8118811881188119,60,41,19,234.27552390060788,0.4179832001226688,0.7773520738254902,0.15273785461613995,1017465.3670861849,5223.446384967869,1022688.8134711528,4738,5,1533.2459893048128,79,108,33,33.80222934187692,0.590017825311943,39.89583333333332,7823.522245917,99.03192716350632,0
4741,30.67190787875173,0,1,186,0.0,0.0053475935828877,0.9946524064171123,187,5500,4100,1400,0.7454545454545455,69,41,28,238.67399728980237,0.41784903110804444,0.7826041448607928,0.15597068194984698,1038187.8077906829,6657.686804587661,1044845.4945952705,4739,6,1534.2459893048128,80,107,34,33.604870996441285,0.5912990196078431,39.8148148148148,7980.376031415924,99.75470039269905,0
4742,30.892613627770583,0,0,186,0.0,0.0,1.0,186,5500,4400,1100,0.8,66,44,22,239.52238558895814,0.416801680712971,0.7845682268929326,0.15693407452039107,1046381.9850599307,7426.381859772386,1053808.366919703,4740,31,1543.4623655913979,80,106,36,33.4906204193224,0.5921258960573477,39.724794238683096,8040.581368472771,100.50726710590963,0
4743,30.831345965279,0,0,186,0.0,0.0,1.0,186,5750,4100,1650,0.7130434782608696,74,41,33,238.2678675893569,0.4163161145015984,0.7846351322078291,0.15658561551717334,1045143.5559929671,6854.8252822399045,1051998.381275207,4741,32,1544.4623655913979,83,103,37,33.416529742344125,0.5936939964157706,39.62053571428569,8027.849345646792,96.7210764535758,0
4744,30.844672052913417,0,0,186,0.0,0.0,1.0,186,5650,4200,1450,0.7433628318584071,71,42,29,241.11610461699905,0.41615385546837164,0.7860215053763444,0.15898330201675268,1046509.4213146465,7616.0550224752715,1054125.4763371218,4742,33,1545.4623655913979,67,119,36,33.225828187787876,0.595038082437276,39.50674019607841,8034.829170646294,119.922823442482,0
4745,30.721863503740426,0,0,186,0.0,0.0,1.0,186,5150,3400,1750,0.6601941747572816,69,34,35,242.7902022088196,0.41576334398915044,0.7853892254540265,0.16063410696195868,1043278.1429268542,8309.542256250374,1051587.6851831046,4743,34,1546.4623655913979,69,117,35,33.06252260225737,0.5962141577060932,39.38988095238094,8006.428505074471,116.03519572571697,0
4746,30.692607537489604,0,0,186,0.0,0.0,1.0,186,4850,3700,1150,0.7628865979381443,60,37,23,244.0324576378247,0.4154357987019277,0.7864095968846185,0.16199853584915144,1043201.8792084858,8865.023679128808,1052066.9028876147,4744,35,1547.4623655913979,70,116,37,32.912704218483306,0.5975022401433692,39.27523474178404,8002.322895374532,114.31889850535046,0
4747,30.489327367781797,0,0,186,0.0,0.0,1.0,186,5650,4300,1350,0.7610619469026548,70,43,27,225.39695832295575,0.415538724208079,0.7793401924931336,0.1432361315794262,1024290.4309351098,3324.389514416429,1027614.8204495263,4745,36,1548.4623655913979,75,111,38,34.946947264523416,0.5799171146953406,40.78947368421051,7903.154594017091,105.37539458689454,8
4748,30.138218531470518,0,1,185,0.0,0.005376344086021506,0.9946236559139785,186,4000,2900,1100,0.725,51,29,22,227.04870813785152,0.41560471762084666,0.7812189745401918,0.1447945354292285,1013462.9845908155,4821.092279375109,1018284.0768701906,4746,37,1549.4623655913979,76,110,39,34.77743001217181,0.5810931899641577,40.66558441558441,7815.877289614302,102.84049065281977,0
4749,30.031820084046533,0,0,185,0.0,0.0,1.0,185,5300,3900,1400,0.7358490566037735,67,39,28,227.10053737828804,0.41518923815119463,0.7803397405794057,0.1454454324191719,1011049.1297537178,3621.960136583819,1014671.0898903016,4747,38,1557.7891891891893,66,119,38,34.623277411623725,0.5831644144144144,40.51616915422885,7792.771722679345,118.07229882847491,0
4750,30.120929173657267,1,1,185,0.005376344086021506,0.005376344086021506,0.9946236559139785,186,4800,3400,1400,0.7083333333333334,62,34,28,224.6639402442173,0.41570703768284417,0.7785863068338235,0.1449090375735379,1015987.5894861374,3651.1550186359364,1019638.7445047733,4748,0,1550.4086021505377,72,114,39,34.43302933743546,0.5849574372759856,40.268264840182646,7823.361198899957,108.65779442916607,0
4751,30.479600450096665,0,0,185,0.0,0.0,1.0,185,5500,3900,1600,0.7090909090909091,71,39,32,222.26823033703178,0.41587225812769296,0.7754455763024388,0.14359884320496755,1028537.5804093571,3222.2455665438956,1031759.825975901,4749,1,1534.1459459459459,72,113,40,34.43690724669525,0.5862612612612612,40.21118721461186,7918.259215103564,109.97582243199395,0
4752,30.185519212716674,2,1,186,0.0106951871657754,0.0053475935828877,0.9946524064171123,187,4400,3000,1400,0.6818181818181818,58,30,28,221.13820752172833,0.4173578766795085,0.7770719214471911,0.1442663544308415,1021264.2386899743,3368.1086299886065,1024632.3473199629,4750,0,1518.7272727272727,78,109,38,34.12102510813735,0.588458110516934,39.87341772151898,7852.055947105398,100.6673839372487,0
4753,30.737498918287507,1,0,187,0.0053475935828877,0.0,1.0,187,4900,3600,1300,0.7346938775510204,62,36,26,219.4236318339024,0.41734350142794163,0.7760978279125974,0.14380552763616253,1041204.8413510275,3392.9895544567553,1044597.8309054843,4751,0,1519.7219251336899,78,109,39,34.003926038500495,0.5898507130124777,39.71518987341771,8000.504069712454,102.57056499631351,0
4754,30.817482848035517,0,0,187,0.0,0.0,1.0,187,6000,4200,1800,0.7,78,42,36,216.6467641546945,0.41724167672934276,0.7737192664461168,0.14236889066057906,1044658.6878992524,1864.3848758923496,1046523.0727751447,4752,1,1520.7219251336899,79,108,40,33.98139929322731,0.5912433155080214,39.62239583333333,8024.1823504188205,101.57192848631418,0
4755,31.294986402188787,0,0,187,0.0,0.0,1.0,187,5450,3800,1650,0.6972477064220184,71,38,33,220.66022034337712,0.4172452705422345,0.7775341719175242,0.1457644711365648,1062304.208386877,4031.6561388689083,1066335.864525746,4753,2,1521.7219251336899,66,121,39,33.69396045905684,0.5926359180035651,39.443407960198996,8154.115004886203,123.54719704373035,0
4756,30.84242386479323,0,0,187,0.0,0.0,1.0,187,4900,3700,1200,0.7551020408163265,61,37,24,222.7057460170282,0.4171015180265654,0.7794538717419675,0.14794514020023505,1048487.1609817849,4400.823075144866,1052887.9840569298,4754,3,1522.7219251336899,68,119,39,33.44418229890381,0.5941399286987522,39.2512077294686,8042.124773440648,118.26654078589188,0
4757,30.872327341915437,0,0,187,0.0,0.0,1.0,187,4000,2700,1300,0.675,53,27,26,224.9343319965385,0.4169074521304123,0.7812072404473898,0.15008938708741962,1050719.3464950318,5868.5708639397435,1056587.9173589717,4755,4,1523.7219251336899,68,119,43,33.23171025730047,0.5953097147950089,39.10024154589371,8054.5827464218155,118.44974627090905,0
4758,31.204824194940514,0,1,186,0.0,0.0053475935828877,0.9946524064171123,187,4850,3400,1450,0.7010309278350515,63,34,29,234.11013000536897,0.41698531807639966,0.7896380627182851,0.15350959710848106,1057178.8376549608,7249.255024465621,1064428.0926794265,4756,5,1524.7219251336899,72,115,40,33.603543105653614,0.59024064171123,39.69748858447489,8122.694106222964,112.8151959197634,8
4759,31.343822648220016,0,0,186,0.0,0.0,1.0,186,5750,3400,2350,0.591304347826087,81,34,47,231.34452274866106,0.416712074978204,0.7867942898274543,0.15264800722301047,1063642.4943772093,6263.57304737834,1069906.0674245877,4757,6,1532.6182795698924,61,125,41,33.45559783309685,0.5920138888888888,39.48252688172044,8165.6134741818005,133.86251597019344,0
4760,31.679818314517682,0,0,186,0.0,0.0,1.0,186,4700,3600,1100,0.7659574468085106,58,36,22,231.79324361272856,0.4163040056185217,0.7872767928707423,0.15345472066641896,1075986.62449387,7981.285955068935,1083967.9104489388,4758,7,1533.6182795698924,62,124,40,33.32712152931972,0.5930219534050178,39.36838624338624,8256.762170829063,133.17358340046874,0
4761,32.08368706519358,0,0,186,0.0,0.0,1.0,186,5600,3600,2000,0.6428571428571429,76,36,40,228.05544134666428,0.41589714714714715,0.7837838730823321,0.1515897933657239,1090854.85243169,6955.0769632919255,1097809.929394982,4759,8,1534.6182795698924,64,122,40,33.28378502949855,0.5943660394265233,39.23076923076923,8366.438396231251,130.7255999411133,0
4762,32.2883135268397,0,1,185,0.0,0.005376344086021506,0.9946236559139785,186,5400,3600,1800,0.6666666666666666,72,36,36,229.58817967268283,0.41572096289838223,0.7859507774941827,0.1534000003035952,1099294.958455483,7877.025687030449,1107171.9841425135,4760,9,1535.6182795698924,66,120,43,33.063731331426766,0.5961021505376345,39.05472636815921,8425.482808371862,127.6588304298767,0
4763,32.481099827483085,0,0,185,0.0,0.0,1.0,185,5650,4600,1050,0.8141592920353983,67,46,21,230.59467918622832,0.4152271837054446,0.7858139829970816,0.15445492662473803,1106571.854930407,8383.91637683742,1114955.7713072444,4761,10,1544.8540540540541,67,118,43,32.9513888888889,0.5970720720720721,38.97058823529412,8478.522381438612,126.54511017072555,0
4764,32.13457005662463,0,0,185,0.0,0.0,1.0,185,5500,4100,1400,0.7454545454545455,69,41,28,226.8701770064601,0.41509988249118684,0.7781219560252333,0.14798986295150032,1087175.2314435604,6829.527438927615,1094004.7588824881,4762,11,1545.8540540540541,77,108,37,33.975724749289775,0.5882319819819819,39.87713675213673,8358.936372368189,108.5576152255609,7
4765,31.659135503087555,0,1,184,0.0,0.005405405405405406,0.9945945945945946,185,5550,4200,1350,0.7567567567567568,69,42,27,227.84601586040793,0.41496156482569524,0.7798740947602611,0.14905082248675053,1071901.604820979,6295.702010567222,1078197.3068315464,4763,12,1546.8540540540541,79,106,37,33.84960595446583,0.5893581081081081,39.778645833333314,8238.383112359388,104.28333053619478,0
4766,32.175890891414646,0,0,184,0.0,0.0,1.0,184,5500,4200,1300,0.7636363636363637,68,42,26,225.89189167947106,0.4144461025976083,0.7774009998260645,0.14844638529160012,1090710.3814122686,6976.526266330344,1097686.907678599,4764,13,1549.358695652174,80,104,40,33.740183730923064,0.5908627717391304,39.621913580246876,8377.896899157207,104.72371123946509,0
4767,32.05731056342812,0,0,184,0.0,0.0,1.0,184,5150,3600,1550,0.6990291262135923,67,36,31,225.48193507973423,0.41439413063277103,0.7775203373825292,0.14855119135998854,1087414.1507117755,7088.449387115353,1094502.600098891,4765,14,1550.358695652174,64,120,41,33.6622469697902,0.5921082427536232,39.53525641025641,8349.799176080083,130.4656121262513,0
4768,31.952424452463863,0,1,183,0.0,0.005434782608695652,0.9945652173913043,184,4750,3700,1050,0.7789473684210526,58,37,21,188.6513671730101,0.4146496594598876,0.7332252455099946,0.11619093638553338,1064222.8951501204,-1396.5791706220948,1062826.3159794982,4766,15,1551.358695652174,82,102,39,37.03612529378395,0.5703125,41.90512048192772,8246.757139368985,100.57020901669495,8
4769,32.01609785383929,0,0,183,0.0,0.0,1.0,183,4300,2500,1800,0.5813953488372093,61,25,36,186.19193020312605,0.41460122300286234,0.727858668403204,0.11492231825967646,1066982.0055195878,-1167.3121800610406,1065814.6933395267,4767,16,1556.0054644808743,83,100,40,37.02092039323054,0.5710951730418943,41.82787698412699,8265.66395360964,99.58631269409206,0
4770,31.81928988912741,1,1,183,0.005434782608695652,0.005434782608695652,0.9945652173913043,184,4800,3900,900,0.8125,57,39,18,184.95816181333836,0.4154013968084264,0.7283666732500069,0.114597569872515,1061551.0032030994,-2331.495555289725,1059219.5076478096,4768,0,1548.5434782608695,86,98,41,36.912970087450965,0.5726336050724637,41.69061302681993,8219.22126518243,95.57234029281895,0
4771,31.394051629471793,1,1,183,0.005434782608695652,0.005434782608695652,0.9945652173913043,184,4950,3000,1950,0.6060606060606061,69,30,39,184.2206610879291,0.41616488972044036,0.7264552668888027,0.11451506626124411,1048316.7545840492,-3125.6788881946513,1045191.0756958546,4769,0,1548.2173913043478,77,107,40,36.81242786763824,0.5744451992753623,41.573183760683776,8113.064811457145,105.36447807087201,0
4772,31.53072846876406,1,1,183,0.005434782608695652,0.005434782608695652,0.9945652173913043,184,5500,3700,1800,0.6727272727272727,73,37,36,182.86109513827338,0.41638762671259993,0.724686939007837,0.11420192922786576,1054241.3762714479,-3744.053478984325,1050497.3227924635,4770,0,1548.8369565217392,79,105,42,36.6775763679087,0.5760303442028986,41.40625000000002,8153.649314969507,103.21075082239882,0
4773,31.44253654828611,0,1,182,0.0,0.00546448087431694,0.994535519125683,183,5700,4200,1500,0.7368421052631579,72,42,30,181.50394503168133,0.41632763866370426,0.7223217967301099,0.11386060536958256,1052584.1456496764,-4090.3650173560645,1048493.7806323203,4771,1,1548.7377049180327,81,102,44,36.550998658091565,0.5776411657559198,41.24745934959353,8135.836216362369,100.44242242422678,0
4774,31.702470883757815,0,0,182,0.0,0.0,1.0,182,5400,4000,1400,0.7407407407407407,68,40,28,180.79708223492003,0.4162018345374699,0.7208076433576962,0.11390107069706289,1062526.7314074116,-3379.65343298656,1059147.0779744252,4772,2,1555.8626373626373,83,99,46,36.41532554203789,0.5790407509157509,41.096230158730165,8207.889225088005,98.89023162756632,0
4775,32.023195011871586,0,0,182,0.0,0.0,1.0,182,4900,3800,1100,0.7755102040816326,60,38,22,178.58330012796424,0.41622839637342396,0.7175674120118563,0.11284944710213962,1074170.4164083528,-2934.2204275931567,1071236.1959807596,4773,3,1556.8626373626373,85,97,42,36.36285696470881,0.5801854395604396,40.98837209302327,8294.379870807483,97.58093965655863,0
4776,31.926166251042844,0,0,182,0.0,0.0,1.0,182,4500,3000,1500,0.6666666666666666,60,30,30,178.5253583695664,0.4163605731285289,0.71854438127598,0.11320903402263512,1071940.6062027332,-2626.2838253532154,1069314.32237738,4774,4,1557.8626373626373,86,96,43,36.23823715134993,0.5813873626373627,40.86446360153258,8273.204216610662,96.20004903035654,0
4777,31.733421262499057,1,0,183,0.00546448087431694,0.0,1.0,183,5300,3800,1500,0.7169811320754716,68,38,30,178.52339135090875,0.41755239296222907,0.7179255204426542,0.11383351212419879,1067066.4139147897,-3800.736998255766,1063265.6769165338,4775,0,1550.344262295082,91,92,45,36.04064792176034,0.5831056466302368,40.67028985507247,8229.41893791078,90.43317514187669,0
4778,32.082181281649525,0,1,182,0.0,0.00546448087431694,0.994535519125683,183,4800,3600,1200,0.75,60,36,24,180.15781982006894,0.4174385496106808,0.7171836593739214,0.1152770064976177,1079812.8112511272,-2492.655622243441,1077320.1556288837,4776,1,1551.344262295082,80,103,44,35.87360594795537,0.5841302367941712,40.547839506172835,8323.791246878578,104.04739058598223,0
4779,32.13043272701688,1,0,183,0.00546448087431694,0.0,1.0,183,5550,4200,1350,0.7567567567567568,69,42,27,179.51581833709326,0.4175198662903581,0.717013677242738,0.11553222061744886,1083124.0297131322,-3262.420689095552,1079861.6090240367,4777,0,1551.3333333333333,81,102,44,35.684319960861075,0.5856671220400729,40.345528455284544,8342.810530236571,102.99766086711816,0
4780,31.653334695495346,1,0,184,0.005434782608695652,0.0,1.0,184,5300,3700,1600,0.6981132075471698,69,37,32,180.1947531028198,0.4181955086322959,0.7187142293062947,0.11645993081428177,1068251.4085727972,-3601.3402360973555,1064650.0683366999,4778,0,1543.8967391304348,82,102,49,35.51680273094696,0.5873528079710144,40.19829317269074,8223.590380665713,100.28768756909406,0
4781,31.241044985934668,0,0,184,0.0,0.0,1.0,184,6200,4800,1400,0.7741935483870968,76,48,28,178.66847212823046,0.4183118268393126,0.7172095659225712,0.11599340914289413,1055604.8745360358,-5279.337979107269,1050325.5365569287,4779,1,1544.8967391304348,83,101,50,35.39753573756935,0.5888247282608696,40.04216269841266,8121.354489585071,97.84764445283218,0
4782,31.068895414813813,0,0,184,0.0,0.0,1.0,184,5300,3600,1700,0.6792452830188679,70,36,34,180.6324587956241,0.4182276817533856,0.7207237046712718,0.11756246619938528,1050489.3170881039,-4149.506343168391,1046339.8107449354,4780,2,1545.8967391304348,83,101,38,35.25810681926557,0.5899569746376812,39.9553571428571,8079.29981211108,97.34096159169977,0
4783,31.216715524768926,0,1,183,0.0,0.005434782608695652,0.9945652173913043,184,5100,3600,1500,0.7058823529411765,66,36,30,182.46212511878232,0.4180915647026214,0.7202159907161028,0.11920931986864391,1056563.7162494152,-3343.427801947204,1053220.288447468,4781,3,1546.8967391304348,86,98,39,35.0755483969934,0.5912024456521738,39.82279693486586,8121.877734114234,94.44043876877016,0
4784,31.363279450081965,0,0,183,0.0,0.0,1.0,183,5050,3400,1650,0.6732673267326733,67,34,33,183.14578428969833,0.4175936768149883,0.7203148248997706,0.11982210944468001,1061915.1728975186,-2752.942562111045,1059162.2303354077,4782,5,1556.3333333333333,86,97,40,35.00899128861075,0.5921561930783242,39.774904214559356,8161.512399043042,94.90130696561677,0
4785,30.944820755300178,1,0,184,0.005434782608695652,0.0,1.0,184,5350,3900,1450,0.7289719626168224,68,39,29,184.43272531080925,0.41796905935693357,0.7242103123570844,0.12117219159079201,1048912.7444024957,-3459.2327873220174,1045453.5116151737,4783,0,1548.8695652173913,88,96,43,34.82807770685363,0.5938066123188406,39.63014981273405,8057.09834412921,91.55793572874103,0
4786,31.087391779263406,1,0,185,0.005405405405405406,0.0,1.0,185,6100,4500,1600,0.7377049180327869,77,45,32,183.64795633912905,0.41846724441833133,0.7265240855486712,0.12137261896494854,1055389.670168032,-4335.968786442845,1051053.701381589,4784,0,1541.4918918918918,79,106,42,34.641714971017365,0.5953828828828829,39.42708333333332,8100.532347481995,102.53838414534171,0
4787,31.244623571401142,0,0,185,0.0,0.0,1.0,185,4350,2800,1550,0.6436781609195402,59,28,31,181.723115933264,0.418370544457501,0.7225757768936756,0.12061073515647318,1061908.029838483,-2755.352796639688,1059152.6770418433,4785,1,1542.4918918918918,82,103,43,34.54428211546485,0.5965653153153153,39.28212851405621,8146.031752915214,99.34185064530749,0
4788,30.806190047837458,0,0,185,0.0,0.0,1.0,185,5050,2900,2150,0.5742574257425742,72,29,43,183.53272740814845,0.4181196141793968,0.7243448879475332,0.12202054140581522,1047476.2830654266,-3600.7641747307034,1043875.5188906959,4786,2,1543.4918918918918,83,102,42,34.43761194857896,0.5973536036036036,39.2237103174603,8033.523939930192,96.7894450593999,0
4789,31.36477497841794,0,0,185,0.0,0.0,1.0,185,5900,4400,1500,0.7457627118644068,74,44,30,181.77030792973164,0.4181098217783001,0.7211510516924207,0.12120646725048109,1067292.7446077073,-4099.573832297943,1063193.1707754093,4787,3,1544.4918918918918,85,100,42,34.38109388058313,0.5988175675675675,39.123062015503855,8182.346456942364,96.26289949343958,0
4790,31.454130698832937,0,1,184,0.0,0.005405405405405406,0.9945945945945946,185,4750,3300,1450,0.6947368421052632,62,33,29,182.12442184003234,0.4178919408538974,0.7215647082601249,0.1218093287157771,1071174.359385056,-2732.5978214259794,1068441.76156363,4788,4,1545.4918918918918,86,99,45,34.26752152436876,0.5997184684684684,39.02059386973179,8208.880350125235,95.45209709447948,0
4791,31.785961968729826,1,0,185,0.005405405405405406,0.0,1.0,185,4750,3800,950,0.8,57,38,19,209.3701774896367,0.4180143458676067,0.7619515185288375,0.13256466851497964,1066785.6182562357,2920.618847540289,1069706.237103776,4789,0,1543.281081081081,77,108,41,35.494415807560166,0.5773085585585586,40.91880341880344,8235.145061342984,106.9499358615972,8
4792,31.300028169179296,0,0,185,0.0,0.0,1.0,185,5450,3500,1950,0.6422018348623854,74,35,39,214.72425993830498,0.41797884841363103,0.7600518267184926,0.13906907676378077,1056923.9457342324,2939.4424117712424,1059863.3881460037,4790,1,1544.281081081081,74,111,39,34.544853294853276,0.5845157657657658,40.125,8134.094820465473,109.92020027656045,8
4793,30.92837694199131,0,0,185,0.0,0.0,1.0,185,5350,4100,1250,0.7663551401869159,66,41,25,217.22471099249827,0.4179837446141794,0.7615609283505971,0.14121839504892636,1045423.2276063327,3068.351696325876,1048491.5793026587,4791,2,1545.281081081081,75,110,36,34.34655596555963,0.585472972972973,39.99451754385963,8041.547568387773,107.2206342451703,0
4794,30.544683886508654,0,0,185,0.0,0.0,1.0,185,5350,3700,1650,0.6915887850467289,70,37,33,216.60703220467727,0.4180412749706228,0.7611514584715138,0.14129510292306346,1033386.2788632404,2417.7469971200017,1035804.0258603604,4792,3,1546.281081081081,77,108,39,34.24269261046649,0.586768018018018,39.87713675213673,7945.370629559445,103.18663155272006,0
4795,31.106924080790275,0,1,184,0.0,0.005405405405405406,0.9945945945945946,185,4650,3200,1450,0.6881720430107527,61,32,29,219.11782624434727,0.4178417547982765,0.7655978294040287,0.14326482303841787,1053056.4291458419,4498.687133414165,1057555.116279256,4793,4,1547.281081081081,77,108,39,34.095497160062955,0.5878378378378378,39.79700854700854,8094.114700722709,105.11837273665856,0
4796,30.7659462522024,0,0,184,0.0,0.0,1.0,184,5150,3800,1350,0.7378640776699029,65,38,27,225.77362865824458,0.4178632592856577,0.7712696601283562,0.14795247327604275,1042141.0432677572,5107.592982449893,1047248.6362502071,4794,5,1556.2173913043478,76,108,39,33.84214743589745,0.5888813405797102,39.71861471861471,8007.803110015864,105.36583039494558,0
4797,30.38904133507005,0,0,184,0.0,0.0,1.0,184,5900,4200,1700,0.711864406779661,76,42,34,226.180354778151,0.41755452106596974,0.7732922884757423,0.14874429959428184,1030337.3248318848,3908.4123343294177,1034245.7371662143,4795,6,1557.2173913043478,76,108,39,33.70705404609763,0.5904098731884058,39.59686147186147,7913.401740513577,104.12370711202075,0
4798,30.133663303648635,0,2,182,0.0,0.010869565217391304,0.9891304347826086,184,4600,3100,1500,0.6739130434782609,61,31,30,223.75565278420086,0.41770548724954465,0.7708526332178587,0.14754136018887382,1022395.0275169719,4353.333357076192,1026748.3608740481,4796,7,1558.2173913043478,66,118,42,33.676887496269785,0.5916553442028986,39.50559701492537,7849.650632037198,118.93410048541209,0
4799,29.875844180664785,0,0,182,0.0,0.0,1.0,182,4650,3400,1250,0.7311827956989247,59,34,25,224.21268258357566,0.41680200554509944,0.7694135963977231,0.14816852100802705,1014234.8419292648,4430.86293573775,1018665.7048650025,4797,13,1575.8241758241759,67,115,41,33.587840485988615,0.5926053113553114,39.43014705882352,7784.744324649313,116.19021380073602,0
4800,30.265582918261416,0,0,182,0.0,0.0,1.0,182,4050,2800,1250,0.691358024691358,53,28,25,222.3946187949893,0.4169948950680995,0.768055511367614,0.14760780425017156,1028639.2098244352,5302.764989296785,1033941.974813732,4798,14,1576.8241758241759,68,114,42,33.48315962169467,0.5935782967032968,39.281400966183575,7890.8003773909195,116.0411820204547,0
4801,30.37768027567263,0,0,182,0.0,0.0,1.0,182,4050,2800,1250,0.691358024691358,53,28,25,224.83844493814567,0.4166906988039585,0.7692216780765875,0.14966742971632646,1033240.0658143519,6012.417929097224,1039252.4837434491,4799,15,1577.8241758241759,69,113,42,33.317346094596864,0.594551282051282,39.18154761904761,7923.05955642431,114.82695009310595,0
4802,30.868074019197195,1,0,183,0.00546448087431694,0.0,1.0,183,5700,4000,1700,0.7017543859649122,74,40,34,222.6400066862998,0.41682429592265663,0.7691371936074065,0.14897721515655946,1051344.7365388966,4514.27983452514,1055859.0163734218,4800,0,1570.1967213114754,71,112,44,33.193828529194406,0.5960837887067395,39.004629629629626,8056.424411260368,113.47076635577983,0
4803,31.176604578467725,0,1,182,0.0,0.00546448087431694,0.994535519125683,183,5250,3900,1350,0.7428571428571429,66,39,27,224.6151301294901,0.4164927740747413,0.7716750076302048,0.150770640172759,1062717.6150175987,5890.491077615855,1068608.1060952146,4801,1,1571.1967213114754,72,111,41,33.03366488140783,0.5972791438979963,38.89840182648402,8140.26128106168,113.05918445919,0
4804,31.149926560517052,0,1,181,0.0,0.005494505494505495,0.9945054945054945,182,5100,3500,1600,0.6862745098039216,67,35,32,227.13694488128263,0.4158160554914698,0.7717564239736772,0.15312148783333554,1062992.6690751535,6788.981456986161,1069781.6505321397,4802,18,1580.8241758241759,73,109,42,32.81892657650378,0.5987293956043955,38.75281531531532,8137.830617069768,111.47713174068176,0
4805,31.41978273182673,0,1,180,0.0,0.0055248618784530384,0.994475138121547,181,5400,3700,1700,0.6851851851851852,71,37,34,228.39394122600584,0.41568063228974833,0.771840556778769,0.1544264747412771,1073022.8215833537,7414.38224937418,1080437.2038327279,4803,19,1588.0386740331492,74,107,42,32.6837655665976,0.6004258747697975,38.65277777777777,8211.472939788644,110.96585053768437,0
4806,31.870140525910696,0,0,180,0.0,0.0,1.0,180,4650,3400,1250,0.7311827956989247,59,34,25,233.00544618718976,0.4154019242706393,0.7744278452121596,0.15814247963655265,1089464.3622333142,10120.225965443105,1099584.5881987573,4804,20,1594.4444444444443,63,117,42,32.43288982259572,0.6015046296296296,38.525390625,8333.232544738852,132.27353245617226,0
4807,32.19118962617722,0,1,179,0.0,0.005555555555555556,0.9944444444444445,180,4700,2900,1800,0.6170212765957447,65,29,36,231.17429510165084,0.41515880405545214,0.7736038795303715,0.15757496315383956,1101651.502765693,10234.701919906809,1111886.2046855998,4805,21,1595.4444444444443,64,116,43,32.333460949464026,0.6027777777777779,38.38141025641026,8421.813632168974,131.59083800264023,0
4808,32.01933424794635,0,0,179,0.0,0.0,1.0,179,5800,3900,1900,0.6724137931034483,77,39,38,227.5626814431293,0.41444746092524015,0.7688066136882954,0.155936095664117,1097251.380772294,8338.693285143867,1105590.074057438,4806,22,1605.1620111731843,67,112,42,32.247171835381316,0.6042830540037244,38.2046568627451,8382.512596467566,125.11212830548607,0
4809,31.756647346834175,0,1,178,0.0,0.00558659217877095,0.994413407821229,179,3900,2400,1500,0.6153846153846154,54,24,30,230.95434969704007,0.4142669951666562,0.7705141956707175,0.15871009763054278,1089035.6257003546,10603.502946106797,1099639.1286464613,4807,23,1606.1620111731843,69,110,44,32.06165833285984,0.605330540037244,38.110119047619044,8316.744593109133,120.53253033491498,0
4810,31.87579090927952,0,0,178,0.0,0.0,1.0,178,5400,3700,1700,0.6851851851851852,71,37,34,225.95600721494597,0.4135330042954781,0.7643538036305806,0.15607216554034647,1094540.863867171,8463.616666604621,1103004.4805337756,4808,24,1615.9719101123596,70,108,43,32.01874090247451,0.6066830524344569,37.94014084507042,8353.365276137765,119.33378965911093,0
4811,31.597868323380194,0,1,177,0.0,0.0056179775280898875,0.9943820224719101,178,4950,3700,1250,0.7474747474747475,62,37,25,226.50663020921533,0.4129841670369665,0.7658322963439925,0.15693861865872288,1085848.2191666786,8640.364208424293,1094488.5833751028,4809,25,1616.9719101123596,70,108,39,31.899285541067414,0.6077364232209738,37.837441314553985,8283.77800866314,118.33968583804484,0
4812,31.250775627879225,0,0,177,0.0,0.0,1.0,177,5400,4200,1200,0.7777777777777778,66,42,24,223.47838724016887,0.4117405517034754,0.7614113916180747,0.15540620185182252,1074907.3786905273,7243.71348446313,1082151.0921749903,4810,26,1626.915254237288,71,106,41,31.85555601522422,0.6096398305084746,37.71701388888888,8196.546749968475,115.4443204220912,0
4813,31.08130490397507,0,0,177,0.0,0.0,1.0,177,4700,3400,1300,0.723404255319149,60,34,26,224.36888688316282,0.4116509373394967,0.7625627409616658,0.15652081031070916,1069929.4915260905,7911.77781143539,1077841.2693375258,4811,27,1627.915254237288,73,104,43,31.725456008583727,0.6109934086629002,37.61261261261261,8155.342390344794,111.71701904581909,0
4814,30.7318320877143,0,0,177,0.0,0.0,1.0,177,4100,2800,1300,0.6829268292682927,54,28,26,225.4306482063663,0.4117686397877076,0.7648048004452028,0.15796062807681743,1059074.4385761041,8249.567437400896,1067324.006013505,4812,28,1628.915254237288,62,115,42,31.54863122979382,0.611993879472693,37.466931216931215,8068.122187313614,130.13100302118733,0
4815,31.156103582401357,0,1,176,0.0,0.005649717514124294,0.9943502824858758,177,3600,2200,1400,0.6111111111111112,50,22,28,224.92165929226903,0.41152520972436224,0.7643336236460967,0.15783649975477057,1074090.8005843845,9317.257019600285,1083408.0576039848,4813,29,1629.915254237288,63,114,42,31.512595818095406,0.612994350282486,37.418619791666664,8181.012680580746,129.85734413620233,0
4816,31.05731078336382,0,0,176,0.0,0.0,1.0,176,5200,3700,1500,0.7115384615384616,67,37,30,221.1607714764264,0.4108894751082251,0.75872290666623,0.15593661002829584,1071952.3339666398,7014.761033203538,1078967.0949998433,4814,30,1639.971590909091,65,111,43,31.452551510782726,0.6146425189393939,37.26325757575757,8159.896663678296,125.53687174889686,0
4817,30.894435921580175,1,0,177,0.005649717514124294,0.0,1.0,177,4950,3800,1150,0.7676767676767676,61,38,23,227.52934919799293,0.41142757019346,0.7671379996433438,0.1618730668516252,1068701.0701330549,8282.171794914515,1076983.2419279693,4815,0,1631.7005649717514,66,111,44,30.986720258501784,0.6162900188323917,36.97139303482587,8126.120443428075,123.1230370216375,0
4818,31.38916859332108,0,0,177,0.0,0.0,1.0,177,4450,3000,1450,0.6741573033707865,59,30,29,227.0373765648823,0.41091395951035786,0.767149640390572,0.1618334661428366,1086328.383645124,9477.429262151645,1095805.8129072757,4816,1,1632.7005649717514,66,111,46,30.936059567427023,0.6174670433145009,36.909203980099505,8258.201351619711,125.12426290332895,0
4819,31.416513788771503,0,1,176,0.0,0.005649717514124294,0.9943502824858758,177,4950,3400,1550,0.6868686868686869,65,34,31,226.09167940760676,0.4108337078411231,0.7670932310236385,0.16195854566985096,1088596.1063267107,8874.504375197575,1097470.6107019084,4817,2,1633.7005649717514,67,110,41,30.79750994083987,0.6187029190207156,36.74938725490196,8270.416505208925,123.43905231655111,0
4820,31.37829588614095,0,0,176,0.0,0.0,1.0,176,4000,2700,1300,0.675,53,27,26,227.31409886288054,0.41064867424242424,0.7653842946780345,0.16331413264267258,1088055.0443045788,10266.050381861416,1098321.0946864402,4818,3,1638.2897727272727,68,108,41,30.66837690132232,0.6194957386363636,36.65458937198068,8263.330214943282,121.51956198446003,0
4821,31.401025709539233,0,0,176,0.0,0.0,1.0,176,6100,4700,1400,0.7704918032786885,75,47,28,225.21977261439164,0.41059929653679655,0.7624288602665876,0.16236152253792857,1089748.4787980095,7786.580920353421,1097535.059718363,4819,4,1639.2897727272727,71,105,42,30.61161449752884,0.6208570075757576,36.54513888888889,8272.752867053094,116.51764601483231,0
4822,31.610595601771422,0,0,176,0.0,0.0,1.0,176,5050,3600,1450,0.7128712871287128,65,36,29,226.6502539626623,0.4104518398268398,0.7651887062548417,0.1640024223713746,1098015.6723559403,9523.106198891648,1107538.778554832,4820,5,1640.2897727272727,63,113,43,30.45186488823021,0.6220407196969697,36.425781250000014,8331.738039959117,132.2498101580812,0
4823,32.024317189743336,0,0,176,0.0,0.0,1.0,176,3850,2800,1050,0.7272727272727273,49,28,21,229.75001398682764,0.40986877705627706,0.7667669581175038,0.1666690764251066,1113073.593699089,12095.734744146986,1125169.328443236,4821,6,1641.2897727272727,63,113,43,30.2869132868284,0.6228693181818181,36.34440104166668,8443.390529893455,134.02207190307072,0
4824,31.64300097318156,0,0,176,0.0,0.0,1.0,176,5100,3600,1500,0.7058823529411765,66,36,30,230.56535118258762,0.40957251082251084,0.7679071520896166,0.16775616930871076,1100607.848692985,10452.407029642185,1111060.2557226273,4822,7,1642.2897727272727,64,112,40,30.168838862559273,0.6239346590909092,36.250000000000014,8345.841506676663,130.40377354182286,0
4825,32.06537336843611,0,0,176,0.0,0.0,1.0,176,4650,3600,1050,0.7741935483870968,57,36,21,217.06331325402275,0.4093635010822511,0.7424837762394503,0.14893998276218895,1099202.2009350914,7869.294334216929,1107071.4952693083,4823,8,1643.2897727272727,70,106,44,32.47663005920698,0.6065932765151515,38.160211267605625,8395.990588416633,119.94272269166618,7
4826,31.611672963475534,0,1,175,0.0,0.005681818181818182,0.9943181818181818,176,5550,3900,1650,0.7027027027027027,72,39,33,213.78686133694836,0.4093743235930736,0.7383991505512377,0.1473079332225823,1084803.2992643213,5633.3385035371575,1090436.6377678586,4824,9,1644.2897727272727,73,103,44,32.420062955599754,0.6080137310606061,38.020833333333336,8281.599739910524,113.44657177959621,0
4827,31.141932150345852,0,0,175,0.0,0.0,1.0,175,4750,2900,1850,0.6105263157894737,66,29,37,212.61498861783264,0.40874794745484405,0.7351685703827109,0.1470465254010418,1069690.054444059,5736.42775004637,1075426.4821941054,4825,10,1652.097142857143,75,100,36,32.32478559849395,0.6095833333333334,37.89747807017543,8162.378954373115,108.83171939164154,0
4828,31.20009794700289,0,0,175,0.0,0.0,1.0,175,4850,2900,1950,0.5979381443298969,68,29,39,213.6412419588204,0.4087958401751505,0.7357937408788715,0.1482030977682842,1072504.7487352842,5976.249305307745,1078480.9980405918,4826,11,1653.097142857143,76,99,37,32.195894816496434,0.6108333333333333,37.79761904761905,8180.739967651657,107.64131536383759,0
4829,31.436078188139355,0,0,175,0.0,0.0,1.0,175,6250,4500,1750,0.72,80,45,35,217.56951462444798,0.40857553366174054,0.738919770815843,0.1519227301902453,1082401.4320798274,5849.510841282673,1088250.9429211102,4827,12,1654.097142857143,76,99,42,31.8717350585971,0.6125595238095238,37.5811688311688,8249.418894663453,108.54498545609806,0
4830,31.690509923225818,0,0,175,0.0,0.0,1.0,175,4550,3200,1350,0.7032967032967034,59,32,27,215.33131117541103,0.40834975369458126,0.7364473327052963,0.15086681606001529,1092081.2083781476,7481.8557020185335,1099563.0640801662,4828,13,1655.097142857143,70,105,46,31.817578517938948,0.6136309523809524,37.47065727699529,8319.6887407013,118.85269629573285,0
4831,31.460836421666208,0,0,175,0.0,0.0,1.0,175,4750,3400,1350,0.7157894736842105,61,34,27,215.27533358273587,0.4081403940886699,0.7369281858386199,0.151359736865258,1085119.2608259614,6969.882170271752,1092089.1429962332,4829,14,1656.097142857143,71,104,45,31.701232051705784,0.6146428571428572,37.35532407407405,8263.021186327029,116.38058008911308,0
4832,31.918628074945122,0,0,175,0.0,0.0,1.0,175,3850,2300,1550,0.5974025974025974,54,23,31,213.5421648983573,0.40795292829775587,0.7354954465135262,0.15062605054239722,1101792.1403191302,8205.815782347989,1109997.956101478,4830,15,1657.097142857143,74,101,46,31.63917961729566,0.6158928571428571,37.24999999999997,8386.619526691762,113.33269630664543,0
4833,31.467137468008026,0,0,175,0.0,0.0,1.0,175,4550,3400,1150,0.7472527472527473,57,34,23,211.16867842017132,0.4076724137931034,0.7324249858463878,0.1493969061346435,1087011.215935112,6358.5443793838485,1093369.7603144958,4831,16,1658.097142857143,74,101,45,31.60226772346985,0.6169047619047618,37.15277777777775,8271.049674750653,111.7709415506845,0
4834,31.962238989063575,0,0,175,0.0,0.0,1.0,175,5100,3600,1500,0.7058823529411765,66,36,30,210.5163864991309,0.4074616858237548,0.7321745088401355,0.14922857819018076,1104651.5887385858,6409.452160353743,1111061.0408989396,4832,17,1659.097142857143,75,100,45,31.554104542452993,0.6180357142857142,37.08881578947365,8403.23010263447,112.04306803512627,0
4835,31.545685869334665,0,0,175,0.0,0.0,1.0,175,5350,4000,1350,0.7476635514018691,67,40,27,211.78591702852432,0.40734400656814446,0.7357002888710229,0.15050919170160357,1090937.191292635,5859.026695686314,1096796.2179883213,4833,18,1660.097142857143,75,100,45,31.43674866235843,0.6193452380952381,37.006578947368396,8296.307846227917,110.61743794970556,0
4836,31.596345312841425,0,0,175,0.0,0.0,1.0,175,5500,4200,1300,0.7636363636363637,68,42,26,210.20644880078203,0.40699507389162565,0.7348650157163437,0.150107776874919,1093985.2366832981,5492.550328735583,1099477.7870120336,4834,19,1661.097142857143,76,99,42,31.319080300226183,0.6211904761904762,36.850649350649334,8314.557751966831,109.4020756837741,0
4837,31.405037225406364,0,0,175,0.0,0.0,1.0,175,5250,4000,1250,0.7619047619047619,65,40,25,209.0333990381,0.4067911877394636,0.7347952351969382,0.1499746177378157,1088617.3818248415,5261.478314960648,1093878.860139802,4835,20,1662.097142857143,77,98,43,31.19484175289102,0.6223809523809524,36.69871794871794,8268.986564317725,107.3894359002302,0
4838,31.105758246531703,0,0,175,0.0,0.0,1.0,175,4350,2800,1550,0.6436781609195402,59,28,31,208.77926960490373,0.4064053092501368,0.7353452714686195,0.15023684040445068,1079024.2539198059,5705.579123870559,1084729.8330436763,4836,21,1663.097142857143,78,97,45,31.104200040048024,0.6232738095238095,36.60337552742615,8193.151723796362,105.04040671533797,0
4839,31.42698667659704,0,0,175,0.0,0.0,1.0,175,5400,3900,1500,0.7222222222222222,69,39,30,211.03153275010908,0.406451833607006,0.7402665270900339,0.1523643259253571,1091052.652852388,5649.3027285024145,1096701.9555808904,4837,22,1664.097142857143,81,94,45,30.93568713943661,0.6245238095238095,36.49644308943089,8281.122772264378,102.2360836082022,0
4840,31.091269056946942,0,0,175,0.0,0.0,1.0,175,4950,3600,1350,0.7272727272727273,63,36,27,211.25006824771611,0.4062848932676519,0.740462535883625,0.15313036862015328,1080441.4834238654,5698.667422191071,1086140.1508460564,4838,23,1665.097142857143,69,106,46,30.799841950778976,0.6257738095238095,36.36904761904763,8196.620872215371,118.79160684370103,0
4841,31.221970194521745,0,0,175,0.0,0.0,1.0,175,6600,4900,1700,0.7424242424242424,83,49,34,213.2329632236423,0.40590585659551176,0.7444901591539321,0.15527401562567333,1086181.022047904,4721.919585711872,1090902.9416336159,4839,24,1666.097142857143,70,105,44,30.599009029052407,0.6272619047619048,36.22359154929578,8235.619162665906,117.65170232379865,0
4842,31.295311636034295,0,0,175,0.0,0.0,1.0,175,4250,3100,1150,0.7294117647058823,54,31,23,221.96711671770507,0.4057799671592775,0.7599967026625998,0.15132533960337646,1071040.1778364533,8297.140032635154,1079337.3178690884,4840,25,1667.097142857143,68,107,42,32.56840257741874,0.6076785714285714,38.3756038647343,8187.617008642433,120.40613248003578,8
4843,31.017119727455466,0,0,175,0.0,0.0,1.0,175,4900,3000,1900,0.6122448979591837,68,30,38,220.41756988403833,0.4053461959496442,0.7580840800536859,0.15102067122497823,1062872.5395327182,6955.156452055695,1069827.695984774,4841,26,1668.097142857143,71,104,41,32.43857649442757,0.6091666666666666,38.20891203703704,8120.0055189280465,114.36627491447953,0
4844,31.092030669244828,0,0,175,0.0,0.0,1.0,175,4650,3400,1250,0.7311827956989247,59,34,25,221.64842343029818,0.40499726327312535,0.7596299921073408,0.15219409954811833,1066028.4188929952,7606.703675905146,1073635.1225689005,4842,27,1669.097142857143,71,104,43,32.332412523020274,0.61,38.136574074074076,8141.865670042413,114.67416436679454,0
4845,30.808650186810468,0,0,175,0.0,0.0,1.0,175,4450,3600,850,0.8089887640449438,53,36,17,229.0004717251021,0.40489737274220033,0.7570328880808224,0.14984228314423467,1043173.1501374445,8327.428694486738,1051500.5788319313,4843,28,1670.097142857143,77,98,39,33.811026720038306,0.5964880952380953,39.77029914529912,8017.325821850748,104.12111456949023,7
4846,30.810503448234545,1,0,176,0.005681818181818182,0.0,1.0,176,5750,4400,1350,0.7652173913043478,71,44,27,226.28352591672012,0.4055167748917749,0.7543848695164506,0.14876205943346227,1044534.1105248503,6322.172293969153,1050856.2828188194,4844,0,1661.6022727272727,82,94,41,33.716201561596286,0.5983664772727273,39.60843373493973,8022.795250300759,97.83896646708243,0
4847,31.170010514220575,1,0,177,0.005649717514124294,0.0,1.0,177,5100,3700,1400,0.7254901960784313,65,37,28,222.95863670802513,0.4059637690463962,0.7514366088205335,0.14718585392792233,1057878.748806588,6672.640727261636,1064551.3895338494,4845,0,1653.2090395480227,70,107,41,33.65713105830236,0.6000470809792844,39.46596244131455,8120.84869001656,116.01212414309371,0
4848,31.032909906219334,1,0,178,0.0056179775280898875,0.0,1.0,178,4650,3000,1650,0.6451612903225806,63,30,33,225.06841899734673,0.40658591485219747,0.757266281226137,0.14964434719392064,1055201.9686076883,7248.527759484188,1062450.4963671726,4846,0,1644.9157303370787,71,107,40,33.35234627831718,0.6015332397003745,39.22164351851853,8092.711242181794,113.98184848143372,0
4849,31.47913769436187,0,0,178,0.0,0.0,1.0,178,4350,3100,1250,0.7126436781609196,56,31,25,232.11098182702412,0.4063663799487928,0.7641484854350438,0.1549525119644811,1071505.9194698706,9791.658200324,1081297.5776701947,4847,1,1645.9157303370787,72,106,42,33.02775499042931,0.6027036516853932,39.08390410958904,8213.413709209575,114.07519040568855,0
4850,31.198449124219422,0,0,178,0.0,0.0,1.0,178,5250,3700,1550,0.7047619047619048,68,37,31,234.57262900101114,0.40645101991155125,0.7672538684057786,0.15732885342293157,1063242.0013580425,9031.494304570462,1072273.4956626128,4848,2,1646.9157303370787,75,103,35,32.801343973120545,0.6039911048689138,38.925438596491226,8145.121421575261,108.60161895433681,0
4851,31.699271855279843,0,1,177,0.0,0.0056179775280898875,0.9943820224719101,178,4600,3400,1200,0.7391304347826086,58,34,24,233.7788834057694,0.4064305211705707,0.7667545727351901,0.15744808021213852,1081471.1524942543,10365.023693131541,1091836.1761873858,4849,3,1647.9157303370787,76,102,37,32.678522105408504,0.6052200374531835,38.785173160173166,8280.31980862554,108.95157642928342,0
4852,32.02647245917242,0,0,177,0.0,0.0,1.0,177,5050,3500,1550,0.693069306930693,66,35,31,234.8861826163207,0.4054448082520116,0.7688120149801163,0.15863851410548457,1093426.4807972254,10916.154409211715,1104342.6352064372,4850,4,1658.2033898305085,76,101,37,32.55267653758542,0.6064030131826742,38.6904761904762,8368.822267605188,110.11608246848932,0
4853,31.93679784244903,0,0,177,0.0,0.0,1.0,177,4450,3000,1450,0.6741573033707865,59,30,29,235.53605125868722,0.4056481124807396,0.76891006412213,0.1595897143942101,1091268.2374982801,11556.60230487448,1102824.8398031546,4851,5,1659.2033898305085,76,101,39,32.42492065134893,0.607521186440678,38.582251082251084,8348.84579961425,109.85323420545065,0
4854,32.28017623767768,0,0,177,0.0,0.0,1.0,177,4200,3300,900,0.7857142857142857,51,33,18,209.4448543163824,0.40553709767163154,0.7458865043514284,0.13436827501341167,1087245.4959367148,5943.594900521557,1093189.0908372363,4852,6,1660.2033898305085,73,104,40,35.02006725241348,0.589924670433145,40.456081081081074,8378.12344412021,114.76881430301658,8
4855,31.916005007358415,1,1,177,0.0056179775280898875,0.0056179775280898875,0.9943820224719101,178,5100,3500,1600,0.6862745098039216,67,35,32,206.9655126717073,0.4056515690133096,0.7436696783740058,0.13331912688745273,1076158.13989482,3845.5242278324345,1080003.6641226525,4853,0,1651.870786516854,76,102,41,34.93924515524067,0.5910580524344569,40.31385281385281,8288.144373934683,109.05453123598268,0
4856,31.944384067214667,0,0,177,0.0,0.0,1.0,177,4150,2400,1750,0.5783132530120482,59,24,35,205.82122335588696,0.40500342407122064,0.7412338755331027,0.13287184253220544,1077746.743620994,4814.630647979236,1082561.3742689732,4854,1,1661.6271186440679,77,100,46,34.891254519904734,0.5923964218455744,40.23771367521367,8297.946240536738,107.7655355913862,0
4857,32.42689699217556,0,1,176,0.0,0.005649717514124294,0.9943502824858758,177,5250,3900,1350,0.7428571428571429,66,39,27,202.95503368295093,0.4047238807567197,0.736164230980848,0.1314524141238808,1094988.5020938504,3796.6856649803663,1098785.1877588308,4855,2,1662.6271186440679,80,97,42,34.84913153206648,0.5936322975517891,40.12345679012346,8426.989897349347,105.33737371686684,0
4858,32.83472947851249,1,0,177,0.005649717514124294,0.0,1.0,177,5000,3700,1300,0.74,63,37,26,200.74849732871712,0.40546487116932034,0.7334718741397761,0.13076380019367886,1110441.6679048743,4183.899240619798,1114625.567145494,4856,0,1652.819209039548,84,93,37,34.70553356579649,0.5955743879472692,39.92647058823531,8539.443982757304,101.66004741377743,0
4859,32.65561787481643,0,0,177,0.0,0.0,1.0,177,6200,5000,1200,0.8064516129032258,74,50,24,203.875766355907,0.40509705101866117,0.7371665929611337,0.13324584296782635,1105366.6619681336,3471.4950626049636,1108838.1570307387,4857,1,1653.819209039548,86,91,37,34.50619698433883,0.596810263653484,39.81082375478928,8496.638314626894,98.79811993752203,0
4860,32.54942883880342,0,0,177,0.0,0.0,1.0,177,4500,3100,1400,0.6888888888888889,59,31,28,202.40231403927854,0.40503151215545286,0.736931447884934,0.1328389762060832,1102997.465725348,4749.847888454045,1107747.3136138022,4858,2,1654.819209039548,87,90,39,34.396976689552744,0.5978695856873824,39.66619318181818,8473.716719363198,97.39904275130112,0
4861,32.183795721342065,0,0,177,0.0,0.0,1.0,177,5000,3100,1900,0.62,69,31,38,208.56325677334573,0.4047412686183873,0.7526645728046031,0.13678718038445697,1090406.4236519714,5083.742984686425,1095490.166636658,4859,3,1655.819209039548,77,100,40,34.26106436828784,0.5946916195856874,39.690170940170944,8377.758362719025,108.80205665868864,8
4862,32.628374560024376,0,0,177,0.0,0.0,1.0,177,5400,4100,1300,0.7592592592592593,67,41,26,208.8765674319404,0.40466904211607596,0.7536193450900357,0.1374800821877821,1106506.7988154576,5424.6683953353495,1111931.467210793,4860,4,1656.819209039548,67,110,40,34.12820079211025,0.5962217514124294,39.56801470588234,8497.472363587209,126.82794572518222,0
4863,32.37611628600237,0,1,176,0.0,0.005649717514124294,0.9943502824858758,177,5050,3300,1750,0.6534653465346535,68,33,35,205.81963490099966,0.4043346601609314,0.7505199553206607,0.1361849121232635,1099478.266666569,4808.843085379242,1104287.1097519484,4861,5,1657.819209039548,68,109,42,34.02315163451698,0.597575329566855,39.38707729468597,8437.634291142158,124.0828572226788,0
4864,32.214947250498554,0,0,176,0.0,0.0,1.0,176,4700,3700,1000,0.7872340425531915,57,37,20,205.82683638068306,0.40391369047619047,0.7458107464654589,0.12835733866755233,1076684.6392468615,4422.118615171947,1081106.7578620333,4862,9,1668.2102272727273,69,107,42,36.1368520010744,0.5777698863636364,41.45833333333336,8328.9061537227,120.70878483656088,8
4865,31.952701360133187,0,1,175,0.0,0.005681818181818182,0.9943181818181818,176,5200,3700,1500,0.7115384615384616,67,37,30,205.1399322962251,0.40426406926406927,0.7445609348151003,0.12853231497270887,1069306.7464024299,3471.502712178379,1072778.2491146082,4863,10,1669.2102272727273,71,105,42,35.98334451776459,0.5794270833333333,41.290509259259274,8266.467096671062,116.4291140376206,0
4866,32.21319532891708,3,0,178,0.016853932584269662,0.0,1.0,178,4500,2900,1600,0.6444444444444445,61,29,32,203.23915397128366,0.40621098626716606,0.7458087362909829,0.1283373011887077,1080330.8030144435,3813.1036827547596,1084143.9066971983,4864,0,1651.3314606741574,74,104,40,35.75027707763538,0.5813436329588015,41.0138888888889,8342.770184698873,112.74013763106585,0
4867,32.274080227633455,0,0,178,0.0,0.0,1.0,178,4900,3100,1800,0.6326530612244898,67,31,36,204.68920144089287,0.4059934351128886,0.746933871704746,0.129649859521867,1083279.2850557968,3847.11435910679,1087126.3994149037,4865,1,1652.3314606741574,77,101,41,35.60206303798771,0.5825725655430711,40.90544871794874,8362.038334619667,108.59790044960606,0
4868,32.11656500228964,0,0,178,0.0,0.0,1.0,178,5650,4500,1150,0.7964601769911505,68,45,23,205.2299761934375,0.40616337628811444,0.7473609023532441,0.13040258972495336,1078917.6224838372,3035.247595407988,1081952.8700792452,4866,2,1653.3314606741574,79,99,41,35.47459227072554,0.583684456928839,40.79427083333336,8324.797649747195,105.37718543983792,0
4869,31.648851955407306,0,0,178,0.0,0.0,1.0,178,4200,2900,1300,0.6904761904761905,55,29,26,207.48142868292229,0.4060879938212827,0.7495261459854914,0.13208187823417775,1063750.0673638869,4341.676747642943,1068091.7441115298,4867,3,1654.3314606741574,80,98,42,35.34846568457253,0.5845037453183521,40.72788065843623,8205.664921205876,102.57081151507346,0
4870,31.638585724412852,0,1,177,0.0,0.0056179775280898875,0.9943820224719101,178,4600,3200,1400,0.6956521739130435,60,32,28,212.0312366265499,0.4059815326181257,0.7555084429877619,0.13543199656941926,1064372.9970693225,4936.064560103041,1069309.0616294255,4868,4,1655.3314606741574,68,110,43,35.110023086175445,0.5856156367041199,40.60990338164251,8206.735807923633,120.6872912929946,0
4871,31.973293119892883,0,0,177,0.0,0.0,1.0,177,5750,4200,1550,0.7304347826086957,73,42,31,209.31772550359116,0.40534716872110943,0.7518577352874984,0.13449531202247325,1077359.82097717,3952.101455179457,1081311.9224323495,4869,5,1665.5988700564972,69,108,42,34.967934938377766,0.5869232580037664,40.401785714285715,8300.209798757905,120.29289563417254,0
4872,31.55538702131654,0,1,176,0.0,0.005649717514124294,0.9943502824858758,177,4250,2500,1750,0.5882352941176471,60,25,35,207.838449978391,0.40541003252867663,0.7414577830361733,0.13476682651230332,1065879.8391960524,4656.162728344519,1070536.001924397,4870,6,1666.5988700564972,78,99,44,34.682342397186105,0.59375,40.084388185653985,8201.73772368391,105.15048363697319,8
4873,31.64343328987742,0,0,176,0.0,0.0,1.0,176,5200,3600,1600,0.6923076923076923,68,36,32,206.36089073602972,0.405257711038961,0.73696553817103,0.1342540930078022,1069801.9890552545,3753.058274523365,1073555.0473297779,4871,7,1672.7045454545455,80,96,33,34.603115727002944,0.5951112689393939,39.96913580246911,8228.269304543677,102.85336630679596,0
4874,31.48922429211303,0,0,176,0.0,0.0,1.0,176,5050,3800,1250,0.7524752475247525,63,38,25,209.715912653661,0.40538419913419915,0.7405656902677888,0.1369813153011763,1065717.006392599,4449.562925229969,1070166.569317829,4872,8,1673.7045454545455,83,93,36,34.37519860184302,0.5963541666666667,39.83134920634919,8192.508998617652,98.70492769418857,0
4875,32.013481287869254,0,0,176,0.0,0.0,1.0,176,5050,3500,1550,0.693069306930693,66,35,31,213.73850897903162,0.40509672619047615,0.7453099016075404,0.14021246189024386,1084699.6632886445,6118.417744274241,1090818.0810329188,4873,9,1674.7045454545455,83,93,37,34.11855309959351,0.5975970643939394,39.68253968253966,8333.668144778609,100.40564029853745,0
4876,31.547908333342967,0,0,176,0.0,0.0,1.0,176,5600,3900,1700,0.6964285714285714,73,39,34,215.4868413337436,0.40478354978354975,0.7490565170317667,0.1417188347533938,1069642.4834139647,5298.776021451301,1074941.259435416,4874,10,1675.7045454545455,87,89,38,33.983789035865264,0.5990767045454546,39.59517045454545,8215.227692059796,94.42790450643443,0
4877,31.894186547662812,0,0,176,0.0,0.0,1.0,176,5450,3700,1750,0.6788990825688074,72,37,35,216.8065543282284,0.4043756764069264,0.7456734998278958,0.14355130352038983,1083303.6868577336,6323.467927738328,1089627.154785472,4875,11,1676.7045454545455,75,101,37,33.71327653905485,0.6007930871212122,39.3640350877193,8312.77208594239,110.83696114589853,0
4878,31.96841182588894,0,1,175,0.0,0.005681818181818182,0.9943181818181818,176,4600,3600,1000,0.782608695652174,56,36,20,227.94369933879707,0.4042579816017316,0.7695956969900293,0.14305266689030516,1070311.1741111334,8994.13769410826,1079305.3118052417,4876,12,1677.7045454545455,71,105,38,35.33419993290843,0.5790127840909092,41.232638888888864,8272.38156709846,116.51241643800648,8
4879,32.13210084837208,0,0,175,0.0,0.0,1.0,175,4500,3000,1500,0.6666666666666666,60,30,30,228.0483707071409,0.4039627805145047,0.7676918654785867,0.14346840536892239,1076513.4139615225,9599.426019661205,1086112.8399811836,4877,13,1688.222857142857,73,102,40,35.24270623742458,0.5800595238095239,41.14583333333332,8317.52818835462,113.93874230622767,0
4880,32.357741285325474,0,0,175,0.0,0.0,1.0,175,4900,3200,1700,0.6530612244897959,66,32,34,228.09008343394643,0.4036206896551724,0.7684005878710563,0.1442912787471636,1085716.6162961551,9628.238719322402,1095344.8550154776,4878,14,1689.222857142857,76,99,37,35.04099430779675,0.5817261904761905,40.949675324675326,8382.283385723724,110.29320244373321,0
4881,32.21028450865883,0,1,174,0.0,0.005714285714285714,0.9942857142857143,175,5000,4000,1000,0.8,60,40,20,228.67926421548728,0.403860153256705,0.7702162916448638,0.1451847421647164,1081827.9646346997,9478.324592080267,1091306.28922678,4879,15,1690.222857142857,78,97,38,34.895939323022674,0.5827380952380952,40.822784810126585,8348.17183942772,107.02784409522717,0
4882,32.387083315510175,0,0,174,0.0,0.0,1.0,174,4800,3300,1500,0.6875,63,33,30,230.88775046899303,0.4029791763559453,0.7725953116838502,0.14714014561888014,1088880.0082404509,10681.811126659384,1099561.8193671103,4880,16,1700.8505747126437,79,95,38,34.7029563143359,0.5841115900383143,40.69010416666667,8398.291200890448,106.30748355557529,0
4883,32.38994798777377,1,1,174,0.005714285714285714,0.005714285714285714,0.9942857142857143,175,4600,3400,1200,0.7391304347826086,58,34,24,230.18999462559412,0.40434865900383143,0.773539093508008,0.14717862140843865,1089946.6874390775,10578.964424757029,1100525.6518638346,4881,0,1692.1257142857144,61,114,40,34.602883556764475,0.5854761904761905,40.574596774193544,8402.7753171911,137.75041503591967,0
4884,32.16637688619881,0,0,174,0.0,0.0,1.0,174,5100,3400,1700,0.6666666666666666,68,34,34,228.08884930163828,0.40424431931433125,0.7689722267651284,0.14641487961025507,1083583.5047139488,9530.662942488065,1093114.1676564368,4882,1,1699.4022988505747,65,109,39,34.51523166727467,0.5867456896551724,40.43560606060605,8349.246121692302,128.4499403337277,0
4885,32.028813391464894,2,0,176,0.011363636363636364,0.0,1.0,176,5050,3500,1550,0.693069306930693,66,35,31,221.17497617197176,0.4065246212121212,0.7628417378145991,0.14327320941136376,1081586.1922362414,7593.9600591567105,1089180.152295398,4883,0,1681.0795454545455,71,105,39,34.37070877173447,0.5888967803030303,40.118634259259245,8323.691767229193,117.23509531308723,0
4886,31.897541436289817,1,0,177,0.005649717514124294,0.0,1.0,177,4400,2800,1600,0.6363636363636364,60,28,32,217.37053628437044,0.40701506591337094,0.7595306406855318,0.14125733822467337,1078068.6996451484,7068.0742786518385,1085136.7739238,4884,0,1672.5762711864406,75,102,43,34.35676849948158,0.5899835216572504,40.00822368421052,8293.098458127473,110.57464610836631,0
4887,31.445665372194146,0,2,175,0.0,0.011299435028248588,0.9887005649717514,177,4750,3400,1350,0.7157894736842105,61,34,27,217.11156803728272,0.40672348484848486,0.7598040942480686,0.14158545132798225,1063790.8081567823,6042.258084513288,1069833.0662412955,4885,1,1673.5762711864406,78,99,38,34.23924063466315,0.5911016949152542,39.886603375527415,8179.438829077952,104.86460037279426,0
4888,31.253884562125563,1,0,176,0.005681818181818182,0.0,1.0,176,4350,3000,1350,0.6896551724137931,57,30,27,219.507779631002,0.40589218073593075,0.7629527712191735,0.14348786262238508,1057969.0056458043,6896.485469545923,1064865.4911153503,4886,0,1684.0625,79,97,40,34.09319796827302,0.5923887310606061,39.8046875,8132.114260481186,102.93815519596437,0
4889,31.15120326723126,1,1,176,0.005649717514124294,0.005649717514124294,0.9943502824858758,177,4650,3500,1150,0.7526881720430108,58,35,23,217.601072802956,0.40647202961821605,0.7631036200593238,0.14278894604389883,1055566.8439026214,5888.495529687942,1061455.3394323094,4887,0,1675.542372881356,81,96,43,34.00749646220659,0.5938088512241055,39.67225609756096,8109.5224664045645,100.1175613136366,0
4890,30.933078489384844,1,0,177,0.005649717514124294,0.0,1.0,177,4950,3800,1150,0.7676767676767676,61,38,23,222.1137863779605,0.4061750984420476,0.7685263595545293,0.1462639082744984,1049150.0262519168,6256.136961870045,1055406.163213787,4888,0,1676.502824858757,64,113,43,33.7663569611945,0.5950447269303202,39.55128205128206,8056.480634767365,125.88250991824007,0
4891,31.23988207461503,0,1,176,0.0,0.005649717514124294,0.9943502824858758,177,5300,3300,2000,0.6226415094339622,73,33,40,213.16991944183292,0.40587950479369966,0.7572976189900193,0.14115958937707726,1061111.7590983585,4539.421641155623,1065651.180739514,4889,1,1677.502824858757,69,108,44,33.80406080502427,0.5966337099811676,39.36011904761904,8142.359144894054,118.00520499846455,0
4892,31.071525084367757,0,0,176,0.0,0.0,1.0,176,5500,4000,1500,0.7272727272727273,70,40,30,212.55142540731032,0.4051934523809524,0.7548281066148261,0.14103953806900293,1055961.943585336,4189.243256987273,1060151.1868423233,4890,2,1687.7897727272727,70,106,41,33.74847589570436,0.5977746212121212,39.28990610328638,8100.660222259595,115.72371746085135,0
4893,31.391877213418898,0,0,176,0.0,0.0,1.0,176,6000,4400,1600,0.7333333333333333,76,44,32,212.4180473008305,0.4049688852813853,0.7555444285346962,0.14159370835050844,1068118.5540210365,4177.531506186785,1072296.0855272233,4891,3,1688.7897727272727,71,105,40,33.59359113009075,0.5991950757575757,39.13483796296294,8189.047135925244,115.33869205528514,0
4894,31.23931961259905,0,0,176,0.0,0.0,1.0,176,4500,3500,1000,0.7777777777777778,55,35,20,212.82477896111305,0.4044811958874459,0.7559363313812266,0.14228811574872274,1063753.1938057935,5578.607668179007,1069331.8014739726,4892,4,1689.7897727272727,71,105,45,33.479552426359156,0.6000828598484849,39.033564814814795,8152.413876910571,114.82273066071227,0
4895,30.92312140075042,0,0,176,0.0,0.0,1.0,176,4650,2600,2050,0.5591397849462365,67,26,41,212.25223174525405,0.4045136634199134,0.7538256541904442,0.14258919320206548,1054301.5009800792,4905.569303078577,1059207.0702831578,4893,5,1690.7897727272727,75,101,36,33.328084540555636,0.6013849431818181,38.87061403508771,8074.935703496386,107.66580937995181,0
4896,30.66857300871847,0,0,176,0.0,0.0,1.0,176,5400,4200,1200,0.7777777777777778,66,42,24,213.8955219797515,0.4044169372294372,0.7537128400545112,0.1441957120443963,1046567.8847255055,4171.236798121179,1050739.1215236266,4894,6,1691.7897727272727,78,98,36,33.16467302612762,0.6027462121212122,38.75263713080168,8012.083821489157,102.7190233524251,0
4897,31.10737761440827,0,0,176,0.0,0.0,1.0,176,4900,3300,1600,0.673469387755102,65,33,32,217.8308545159543,0.40432156385281387,0.7575079281183932,0.14022046024230614,1048696.0972149475,5587.673396775751,1054283.7706117232,4895,7,1692.7897727272727,68,108,39,34.681928294573645,0.5883641098484849,40.338164251207736,8077.398776688153,118.78527612776695,8
4898,31.593555155819704,0,0,176,0.0,0.0,1.0,176,4650,3000,1650,0.6451612903225806,63,30,33,219.50731101884827,0.4043330627705628,0.759764760555901,0.141887380343505,1066273.674840937,6960.973434903926,1073234.6482758408,4896,8,1693.7897727272727,69,107,41,34.49050871565766,0.5896070075757576,40.19345238095238,8208.212492045473,118.95960133399237,0
4899,31.281048931933263,0,0,176,0.0,0.0,1.0,176,4650,3400,1250,0.7311827956989247,59,34,25,218.96899373992053,0.40414231601731604,0.7589996869450975,0.14187332681451909,1056392.7916541854,6413.4533165244975,1062806.2449707098,4897,9,1694.7897727272727,70,106,41,34.42075006586127,0.5905539772727273,40.11150234741784,8129.584811917047,116.13692588452925,0
4900,31.018842882818845,1,0,177,0.005649717514124294,0.0,1.0,177,5500,4000,1500,0.7272727272727273,70,40,30,220.37230928628713,0.4045553522513268,0.7628218544573946,0.14364950603150378,1049230.4613393436,5344.267947773557,1054574.729287117,4898,0,1686.2090395480227,71,106,38,34.1697723143101,0.5923375706214689,39.901620370370374,8067.950771807256,113.63310946207403,0
4901,31.34161901739188,0,0,177,0.0,0.0,1.0,177,5200,3400,1800,0.6538461538461539,70,34,36,216.339604910509,0.4047064928950522,0.7578130300850836,0.1414702442582338,1061045.073974621,5309.214419182411,1066354.2883938034,4899,1,1687.2090395480227,74,103,38,34.1623298638911,0.5935145951035782,39.79166666666668,8155.350448483877,110.20743849302536,0
4902,31.61831998580455,0,0,177,0.0,0.0,1.0,177,5250,4000,1250,0.7619047619047619,65,40,25,215.60903674026233,0.4048522834274953,0.756914904100886,0.1414081878916954,1071247.764437619,5544.13972011077,1076791.9041577296,4900,2,1688.2090395480227,77,100,39,34.07765579040975,0.5945739171374764,39.69017094017094,8230.55947066375,106.89038273589284,0
4903,31.878885138912388,1,0,178,0.0056179775280898875,0.0,1.0,178,4300,2700,1600,0.627906976744186,59,27,32,216.63999999999982,0.40553717281364393,0.7597752808988769,0.14252631578947378,1080962.630849625,6935.948869452574,1087898.5797190776,4901,0,1679.7191011235955,76,102,41,33.94166666666669,0.5957982209737828,39.58333333333334,8301.79300492512,109.23411848585685,0
4904,31.49755170372062,0,0,178,0.0,0.0,1.0,178,4850,3600,1250,0.7422680412371134,61,36,25,216.1934106805094,0.4055543653060793,0.7597612640337119,0.14266483380262676,1068886.8131745055,5767.257154323537,1074654.070328829,4902,1,1680.7191011235955,69,109,42,33.846877915500485,0.5969686329588015,39.47916666666668,8205.768417813077,118.92417996830545,0
4905,31.31106161830642,0,0,178,0.0,0.0,1.0,178,5350,4300,1050,0.8037383177570093,64,43,21,211.71308263389176,0.40523498169660804,0.7549649338799238,0.14042291023970255,1063982.8025503894,4101.815799478144,1068084.6183498676,4903,2,1681.7191011235955,70,108,42,33.78531431144129,0.5985486891385767,39.30457746478874,8162.65043861045,116.60929198014928,0
4906,31.02100697750779,0,0,178,0.0,0.0,1.0,178,4250,2700,1550,0.6352941176470588,58,27,31,202.46455360717633,0.40524820669078904,0.7436510422660725,0.13358855638620257,1052680.4090089048,2776.093820201651,1055456.5028291065,4904,3,1682.7191011235955,72,106,42,34.20891073743403,0.5978464419475655,39.48344748858448,8081.48579321291,112.2428582390682,8
4907,30.92004157894224,0,0,178,0.0,0.0,1.0,178,4650,3800,850,0.8172043010752689,55,38,17,202.53591344795356,0.40524027169428045,0.7434992927847057,0.13418094845494707,1050377.526535278,2297.8343604050833,1052675.360895683,4905,4,1683.7191011235955,73,105,41,34.064812064589326,0.5991338951310862,39.34403153153155,8059.493382844536,110.40401894307584,0
4908,31.365399409031838,0,0,178,0.0,0.0,1.0,178,5100,3800,1300,0.7450980392156863,64,38,26,200.04598500973296,0.40518472671872025,0.7400707032496907,0.13324275001557379,1067000.3772452741,1989.828294357551,1068990.2055396317,4906,5,1684.7191011235955,78,100,43,33.943420786573654,0.6007724719101124,39.161392405063296,8181.307108510929,104.88855267321703,0
4909,31.211498278824198,0,1,177,0.0,0.0056179775280898875,0.9943820224719101,178,4100,3000,1100,0.7317073170731707,52,30,22,188.2947149125403,0.40545848409826696,0.7223035348227846,0.12317467579953342,1056739.4724118593,95.69153892356644,1056835.163950783,4907,6,1685.7191011235955,84,94,38,34.87959561709207,0.5931647940074907,39.77941176470586,8121.874441820449,96.68898145024343,8
4910,30.926246505148963,0,0,177,0.0,0.0,1.0,177,4950,3400,1550,0.6868686868686869,65,34,31,222.27388643914077,0.4048710088169834,0.7590869267326259,0.1385354752975591,1033451.8719861581,5591.872806833935,1039043.744792992,4908,10,1696.2090395480227,71,106,41,35.732332064842275,0.5762123352165724,41.478587962962976,7995.096915516621,112.60699881009326,8
4911,31.332524645906805,0,0,177,0.0,0.0,1.0,177,4800,3900,900,0.8125,57,39,18,222.34789957875125,0.4051880029104606,0.7598615618652145,0.13923670393660786,1048391.8715081901,6421.546113056531,1054813.4176212465,4909,11,1697.2090395480227,75,102,38,35.55839602981174,0.5772128060263653,41.31030701754387,8105.401181014894,108.07201574686525,0
4912,31.077727178637005,0,0,177,0.0,0.0,1.0,177,5200,3700,1500,0.7115384615384616,67,37,30,223.3957326381264,0.40506093776750557,0.7608454624206658,0.14077077574971505,1041654.6032248848,5940.238648659943,1047594.8418735447,4910,12,1698.2090395480227,80,97,39,35.3039785426911,0.5790371939736347,41.08796296296296,8046.397650302194,100.57997062877743,0
4913,30.720651122570168,0,2,175,0.0,0.011299435028248588,0.9887005649717514,177,4850,3600,1250,0.7422680412371134,61,36,25,220.6734786683844,0.40513182674199627,0.7588390940416163,0.13959305158425162,1030773.4826467547,5242.874026957039,1036016.3566737118,4911,13,1699.2090395480227,82,95,34,35.23478755874233,0.5804496233521657,40.95130522088354,7958.144576066414,97.05054361056602,0
4914,30.287092628722103,1,1,175,0.005681818181818182,0.005681818181818182,0.9943181818181818,176,4100,2500,1600,0.6097560975609756,57,25,32,217.64887178343693,0.40399959415584413,0.7548750228338297,0.13827649598837127,1017424.6108362359,4988.263734642036,1022412.874570878,4912,0,1709.4602272727273,83,93,36,35.15712212547442,0.581735321969697,40.79861111111112,7850.456474771226,94.58381294905091,0
4915,29.913562264990038,0,1,174,0.0,0.005714285714285714,0.9942857142857143,175,4600,3100,1500,0.6739130434782609,61,31,30,220.4342505390527,0.40326765188834157,0.7565260578443982,0.14079843976351164,1006338.7552762281,4766.305861543753,1011105.0611377718,4913,1,1708.9485714285715,69,106,34,34.89227764710381,0.5836309523809524,40.61011904761905,7759.275354777411,112.45326601126682,0
4916,30.16907481343465,0,0,174,0.0,0.0,1.0,174,5000,3600,1400,0.72,64,36,28,219.47088451746154,0.4025286248975705,0.7529417995813539,0.14059331888664753,1015736.7936485739,4784.930507796493,1020521.7241563704,4914,2,1719.6149425287356,70,104,38,34.812527091460794,0.5851293103448276,40.50762910798122,7828.644750956837,111.83778215652625,0
4917,30.467941441149453,0,0,174,0.0,0.0,1.0,174,4450,3000,1450,0.6741573033707865,59,30,29,222.57201080917827,0.40254177463291474,0.7549959289740185,0.14326646199839463,1027127.8863348565,6471.9838039460265,1033599.8701388026,4915,3,1720.6149425287356,72,102,37,34.56029840083528,0.5866259578544062,40.339611872146115,7911.317500065587,109.87940972313316,0
4918,31.027060761641287,1,1,174,0.005714285714285714,0.005714285714285714,0.9942857142857143,175,4900,3100,1800,0.6326530612244898,67,31,36,202.27957307616074,0.40325944170771755,0.736636548407221,0.12411259198510444,1032305.2445463649,1862.8528302238346,1034168.0973765887,4916,0,1711.777142857143,85,90,34,36.824190809347165,0.57125,42.04215116279068,8003.673849814329,94.16086882134505,8
4919,31.293998398202746,1,0,175,0.005714285714285714,0.0,1.0,175,4450,3100,1350,0.6966292134831461,58,31,27,199.80868573576376,0.4035741652983032,0.7352121188024343,0.12314109911639684,1042478.3015201723,2209.2438669590524,1044687.5453871313,4917,0,1712.7485714285715,86,89,35,36.72476574821408,0.5726785714285714,41.88218390804595,8077.538523329137,93.9248665503388,0
4920,31.344779029447345,2,0,177,0.011299435028248588,0.0,1.0,177,5200,3700,1500,0.7115384615384616,67,37,30,196.2980012740995,0.4050542501284027,0.7327041015521167,0.12146959513117636,1045352.0840805855,440.1049465462902,1045792.1890271318,4918,0,1694.3841807909605,89,88,38,36.666442592094626,0.5743290960451977,41.736111111111086,8095.224528507894,90.95757897199881,0
4921,31.807821266956662,1,0,178,0.0056179775280898875,0.0,1.0,178,5900,4100,1800,0.6949152542372882,77,41,36,194.7634223531034,0.4063095124738145,0.7318830819747502,0.12120422110038492,1062462.789286253,-114.22220715691628,1062348.567079096,4919,0,1685.8595505617977,77,101,37,36.49913024008819,0.57625234082397,41.533119658119666,8221.268333342425,106.76971861483669,0
4922,31.693958039885906,0,1,177,0.0,0.0056179775280898875,0.9943820224719101,178,4600,3300,1300,0.717391304347826,59,33,26,201.86320080511697,0.40651119363507476,0.7376896119939838,0.1236897797783865,1054093.9283034103,2356.554863312801,1056450.483166723,4920,1,1686.8595505617977,80,98,33,36.88481675392667,0.5697565543071161,42.09104938271602,8174.155458975138,102.17694323718922,8
4923,32.16000831351887,1,0,178,0.0056179775280898875,0.0,1.0,178,5250,4000,1250,0.7619047619047619,65,40,25,200.05378095545396,0.4067690810216043,0.7361140478122281,0.12321371684183569,1071136.783575921,2006.9926949652095,1073143.7762708862,4921,0,1687.8483146067415,82,96,38,36.74183483264444,0.5712780898876404,41.905120481927696,8300.333470977816,101.2235789143636,0
4924,32.291699885521446,0,1,177,0.0,0.0056179775280898875,0.9943820224719101,178,4150,3000,1150,0.7228915662650602,53,30,23,199.3289522420053,0.4069476184430479,0.7353203418390115,0.12298844480658089,1076063.4546225176,3148.1201911635717,1079211.5748136812,4922,1,1688.8483146067415,83,95,40,36.69440708361354,0.5724485018726592,41.84027777777776,8336.416272529525,100.43875027144006,0
4925,32.008867855994396,0,0,177,0.0,0.0,1.0,177,4450,2400,2050,0.5393258426966292,65,24,41,197.39722813453997,0.40719429464132856,0.7305148446858549,0.12214443344978335,1067486.477703814,2293.7743539669423,1069780.252057781,4923,2,1695.9830508474577,87,90,40,36.63966296941365,0.573858286252354,41.73768939393937,8266.684172373105,95.01935830313914,0
4926,32.15640106692004,1,0,178,0.0056179775280898875,0.0,1.0,178,4850,3800,1050,0.7835051546391752,59,38,21,196.31153500998764,0.4083818690619776,0.7319274433717515,0.12194600888116362,1073565.94213381,1700.6756069466242,1075266.6177407566,4924,0,1687.4494382022472,75,103,42,36.525409307095266,0.575316011235955,41.5981359649123,8309.27397635207,110.79031968469425,0
4927,32.15319192997799,0,0,178,0.0,0.0,1.0,178,4250,3000,1250,0.7058823529411765,55,30,25,194.96272589244143,0.40834814532681607,0.7320867121861525,0.1216914345173912,1074887.116198077,2062.58444012877,1076949.700638206,4925,1,1688.4494382022472,77,101,42,36.385058361739475,0.5764279026217228,41.42628205128207,8313.970381253179,107.97364131497635,0
4928,31.815132522980335,1,1,178,0.00558659217877095,0.00558659217877095,0.994413407821229,179,5050,4100,950,0.8118811881188119,60,41,19,194.88596851061928,0.4090949511434729,0.7318708435436536,0.12229140676386334,1065143.6091315304,666.3087736990874,1065809.9179052294,4926,0,1680.0111731843576,79,100,42,36.19405097368292,0.5780377094972067,41.236979166666686,8232.57979985926,104.20987088429443,0
4929,31.33236811413704,0,0,178,0.0,0.0,1.0,178,5150,3500,1650,0.6796116504854369,68,35,33,201.98330571828188,0.40849229776338897,0.7443288362387164,0.12458000317595429,1043987.4097917818,1423.6056316022828,1045411.015423384,4927,1,1690.2303370786517,77,101,40,36.63950681151926,0.5705758426966292,41.8536324786325,8088.337014506842,105.04333785073821,8
4930,30.907712523170858,2,0,180,0.011111111111111112,0.0,1.0,180,6000,3800,2200,0.6333333333333333,82,38,44,199.53712626026356,0.4100856093523691,0.7444314454345811,0.12366869037920167,1031227.5898946471,-846.362038424772,1030381.2278562223,4928,0,1672.4388888888889,80,100,42,36.52507426030105,0.5722222222222222,41.679526748971206,7984.094926092275,99.80118657615344,0
4931,31.026650077983597,1,1,180,0.0055248618784530384,0.0055248618784530384,0.994475138121547,181,4700,3300,1400,0.7021276595744681,61,33,28,197.8135766358511,0.4107466236955187,0.7437382579289407,0.1230908932984851,1036342.8946899745,100.53892395532557,1036443.4336139298,4929,0,1664.1933701657458,71,110,43,36.42369857262806,0.5737223756906078,41.536458333333364,8019.257865208066,112.94729387616994,0
4932,31.36758471365182,0,2,178,0.0,0.011111111111111112,0.9888888888888889,180,6150,4400,1750,0.7154471544715447,79,44,35,199.63537881933487,0.40985412787088765,0.7449603440988515,0.12477909202008562,1049021.3252402786,-265.64606921902987,1048755.6791710595,4930,1,1674.4222222222222,71,109,42,36.214291041992965,0.5748842592592592,41.37731481481483,8112.368986418445,114.25871811856965,0
4933,31.48836745310216,0,0,178,0.0,0.0,1.0,178,5550,4400,1150,0.7927927927927928,67,44,23,201.96608867474214,0.408690672676104,0.7465552034459277,0.12664661745649006,1054003.4017883027,1424.588901811359,1055427.990690114,4931,2,1694.1179775280898,71,107,44,36.03593528666221,0.5761938202247191,41.26157407407408,8147.250629792829,114.75000887032154,0
4934,31.33774612134835,0,0,178,0.0,0.0,1.0,178,4600,3400,1200,0.7391304347826086,58,34,24,203.8393223075643,0.40858950147061934,0.7489113578679008,0.1280815467776614,1049548.3044896096,2587.8430232430533,1052136.1475128527,4932,3,1695.1179775280898,71,107,45,35.91365503940968,0.5770716292134832,41.189236111111114,8110.5460122222385,114.23304242566533,0
4935,30.935222520652374,0,0,178,0.0,0.0,1.0,178,4000,2900,1100,0.725,51,29,22,203.61222812419027,0.408782586385662,0.7494864209188672,0.1283043814968487,1036878.1717916114,2624.214970365285,1039502.3867619766,4933,4,1696.1179775280898,71,107,48,35.816197288034566,0.578125,41.087962962962955,8009.501479016112,112.80987998614242,0
4936,30.678231726206857,0,0,178,0.0,0.0,1.0,178,5400,4100,1300,0.7592592592592593,67,41,26,207.75649251856188,0.4088414376097675,0.75402999225192,0.13152116032660377,1029561.9640535422,1779.6364964569652,1031341.6005499992,4934,5,1697.1179775280898,72,106,40,35.54219908937359,0.5794709737827715,40.92465753424656,7947.973390710755,110.38851931542715,0
4937,30.87782213442871,1,0,179,0.00558659217877095,0.0,1.0,179,4650,3300,1350,0.7096774193548387,60,33,27,207.8438892425732,0.40964027158788946,0.7545366329604819,0.13239025914784444,1038000.2477506842,2698.401705451076,1040698.6494561352,4935,0,1688.6312849162011,75,104,43,35.317995207386275,0.5810055865921788,40.707236842105246,8006.39582153398,106.75194428711973,0
4938,30.792878904259442,1,2,178,0.005555555555555556,0.011111111111111112,0.9888888888888889,180,4750,3000,1750,0.631578947368421,65,30,35,205.06839006259625,0.4103862766397683,0.7525214053734863,0.13109978051000615,1036168.556065651,1747.083525173569,1037915.6395908246,4936,0,1680.2444444444445,67,113,45,35.25914034051765,0.5823495370370371,40.57904411764705,7988.318079712512,119.22862805541064,0
4939,31.201308291349644,1,0,179,0.00558659217877095,0.0,1.0,179,5450,3700,1750,0.6788990825688074,72,37,35,208.3202013898816,0.40942972820287493,0.7548397012832215,0.13335327177406692,1050284.0605916183,2509.077403805649,1052793.137995424,4937,0,1690.5195530726257,67,112,45,35.12786830401072,0.583449720670391,40.533088235294116,8095.707105374998,120.83144933395519,0
4940,31.07196856163199,0,1,178,0.0,0.00558659217877095,0.994413407821229,179,4450,3100,1350,0.6966292134831461,58,31,27,207.92863931214765,0.40957488544347503,0.7547768092733798,0.13338467041247945,1046528.1882548145,3270.636437126244,1049798.8246919408,4938,1,1691.5195530726257,68,111,44,35.062335194664215,0.5840898510242085,40.458937198067645,8064.451743834215,118.59487858579729,0
4941,31.044645989526455,0,0,178,0.0,0.0,1.0,178,5150,3800,1350,0.7378640776699029,65,38,27,207.6720377584664,0.4098954696459933,0.7530472569535671,0.13360847031009287,1046428.2972065319,2712.779369800473,1049141.0765763323,4939,2,1699.6011235955057,69,109,42,34.96508673391407,0.5857911985018727,40.357142857142854,8060.520583709185,116.81913889433602,0
4942,31.236569211372412,0,1,177,0.0,0.0056179775280898875,0.9943820224719101,178,5600,3900,1700,0.6964285714285714,73,39,34,205.8520714554789,0.4100283808375124,0.750432392790366,0.13295970485807826,1054010.814865786,2194.0619153198377,1056204.8767811058,4940,3,1700.6011235955057,71,107,41,34.87228038909926,0.587254213483146,40.219907407407405,8114.638842005247,114.29068791556686,0
4943,31.729913168998564,0,0,177,0.0,0.0,1.0,177,4950,3600,1350,0.7272727272727273,63,36,27,203.1941545281191,0.40980514894709813,0.744723352067691,0.1316034965773825,1071444.55284779,3192.2540079330747,1074636.806855723,4941,4,1708.768361581921,76,101,44,34.8439397883047,0.5882179849340866,40.124458874458874,8245.82835465993,108.49774150868329,0
4944,31.655698116992763,2,1,178,0.0111731843575419,0.00558659217877095,0.994413407821229,179,4600,3500,1100,0.7608695652173914,57,35,22,198.37903685371126,0.41104084280124703,0.7422366563575931,0.12918893065142348,1070498.5020815216,2072.8923592544174,1072571.394440776,4942,0,1690.6648044692738,79,100,38,34.77574934494903,0.589909217877095,39.93489583333332,8232.542428264242,104.20939782612965,0
4945,31.942084965147703,1,0,179,0.00558659217877095,0.0,1.0,179,5650,4200,1450,0.7433628318584071,71,42,29,196.53081237604022,0.4110866131023372,0.740485829517848,0.12853566924363977,1081415.5954139363,1056.2970965638597,1082471.8925105003,4943,0,1691.659217877095,81,98,40,34.672589988934426,0.59118947858473,39.78658536585365,8311.758999315081,102.61430863351953,0
4946,31.505380310926924,0,3,176,0.0,0.01675977653631285,0.9832402234636871,179,5550,3800,1750,0.6846846846846847,73,38,35,198.0780692576934,0.4111768459816291,0.7434781845092233,0.13003286385228263,1067687.3036136616,947.0879341491477,1068634.3915478108,4944,1,1692.659217877095,83,96,41,34.50092883681052,0.592469739292365,39.65773809523809,8202.181972316439,98.82146954598119,0
4947,31.2786710388049,0,0,176,0.0,0.0,1.0,176,5950,4100,1850,0.6890756302521008,78,41,37,199.12714484281588,0.40865056818181816,0.7410619274391959,0.13140868598671032,1061471.278808371,1123.5490163527033,1062594.8278247237,4945,2,1722.2670454545455,68,108,40,34.289949971992044,0.5938091856060606,39.477657004830924,8148.7926648046,119.83518624712646,0
4948,31.125267789482997,0,0,176,0.0,0.0,1.0,176,5450,3300,2150,0.6055045871559633,76,33,43,201.8592477846086,0.40870535714285716,0.7444392956441157,0.13362339163165157,1057122.479418871,2027.9897023385665,1059150.4691212096,4946,3,1723.2670454545455,68,108,43,34.110963083101645,0.5952888257575757,39.37198067632849,8112.1168948917975,119.29583668958526,0
4949,30.9763445528265,0,0,176,0.0,0.0,1.0,176,4600,2900,1700,0.6304347826086957,63,29,34,199.80762939465797,0.40903138528138533,0.7417710257101944,0.1328311417872526,1053241.8654228153,2289.1520618679847,1055531.0174846833,4947,4,1724.2670454545455,69,107,42,34.01573080727385,0.5965909090909092,39.22619047619047,8077.8193741626565,117.06984600235734,0
4950,30.559888245688956,0,0,176,0.0,0.0,1.0,176,5000,3500,1500,0.7,65,35,30,199.2843607190248,0.40910579004329,0.740568859214118,0.13292102409248693,1039977.1910244897,1250.2379351365407,1041227.4289596262,4948,5,1725.2670454545455,70,106,46,33.91479679826039,0.5977746212121212,39.113849765258216,7972.651596021732,113.89502280031046,0
4951,31.100911250389583,0,0,176,0.0,0.0,1.0,176,4400,3100,1300,0.7045454545454546,57,31,26,201.14883135355595,0.40890354437229437,0.7412758261638848,0.1346217809838237,1059326.4872405825,3016.4569860622846,1062342.9442266447,4949,6,1726.2670454545455,72,104,47,33.748268729612,0.5987807765151515,38.99828767123289,8117.391091336725,112.7415429352323,0
4952,31.191812157929597,0,0,176,0.0,0.0,1.0,176,4500,3100,1400,0.6888888888888889,59,31,28,217.21592692211544,0.40861336580086577,0.7555153734414723,0.144362089485406,1060487.3920286256,6370.950369742948,1066858.3423983685,4950,7,1727.2670454545455,71,105,42,33.57190412782958,0.5974195075757576,39.236111111111114,8133.698239793452,114.55913013793594,8
4953,31.517917848754074,1,0,177,0.005649717514124294,0.0,1.0,177,5050,3800,1250,0.7524752475247525,63,38,25,214.62065888183724,0.4090855589796268,0.7544008029139457,0.14336660013306707,1073001.9664110122,5607.677802527638,1078609.6442135398,4951,0,1718.502824858757,75,102,45,33.46224218230204,0.5988112052730696,39.06249999999999,8224.206688659255,109.6560891821234,0
4954,31.04813294143276,0,1,176,0.0,0.005649717514124294,0.9943502824858758,177,4750,3600,1150,0.7578947368421053,59,36,23,211.87061290835248,0.4088621918335901,0.750592442593075,0.1418322212553546,1057596.140198849,4664.708486687567,1062260.8486855365,4952,1,1719.502824858757,78,99,37,33.459943588448226,0.5997528248587571,38.98997890295358,8103.873834067259,103.89581838547768,0
4955,30.936447644342394,0,1,175,0.0,0.005681818181818182,0.9943181818181818,176,4700,3200,1500,0.6808510638297872,62,32,30,212.04909912933016,0.40801136363636364,0.7507666778692652,0.14255413276326903,1054950.3005631878,4840.252172127982,1059790.5527353159,4953,2,1730.215909090909,81,95,39,33.30880922268703,0.6009706439393939,38.84654471544715,8079.160196549678,99.74271847592196,0
4956,31.232400041615048,0,0,175,0.0,0.0,1.0,175,4700,3300,1400,0.7021276595744681,61,33,28,213.31628986610235,0.40720306513409965,0.7527831684119519,0.14390209081116362,1065993.9026982896,5778.772868697143,1071772.6755669867,4954,11,1741.0914285714287,82,93,40,33.15660325999936,0.6022619047619048,38.72991967871485,8160.091667499251,99.51331301828355,0
4957,31.6451671619511,0,1,174,0.0,0.005714285714285714,0.9942857142857143,175,3950,2800,1150,0.7088607594936709,51,28,23,212.3261373624957,0.407296113847838,0.7519905634156092,0.14345459097915575,1080510.7563071481,6934.135053065054,1087444.8913602133,4955,12,1742.0914285714287,83,92,42,33.12952791091285,0.6030952380952381,38.67807539682539,8269.575987150234,99.63344562831607,0
4958,31.755654966332298,0,0,174,0.0,0.0,1.0,174,4200,2900,1300,0.6904761904761905,55,29,26,213.32811537642135,0.4071538712820853,0.7525631989930393,0.1445589376496132,1085110.36382612,7296.909778089809,1092407.2736042098,4956,13,1746.5804597701149,84,90,43,33.001574317144794,0.6045857279693487,38.57843137254902,8301.613134090698,98.82872778679402,0
4959,31.480690187179924,1,0,175,0.005714285714285714,0.0,1.0,175,4800,3200,1600,0.6666666666666666,64,32,32,209.98520939859912,0.40769978106185006,0.7502958887633777,0.14301937218202163,1077119.8657590703,5435.848111761952,1082555.7138708322,4957,0,1737.5942857142857,69,106,44,32.91468750592564,0.6060714285714286,38.4077380952381,8235.104952387454,119.34934713605006,0
4960,31.886201117495233,0,0,175,0.0,0.0,1.0,175,4600,3200,1400,0.6956521739130435,60,32,28,208.49076146671794,0.40757525998905314,0.7479572881784298,0.14241619688104226,1091808.3843916848,5926.392287513956,1097734.7766791987,4958,1,1738.5942857142857,71,104,46,32.85419430930271,0.6070833333333333,38.31018518518519,8344.294065585278,117.52526852937011,0
4961,32.01420841241883,0,1,174,0.0,0.005714285714285714,0.9942857142857143,175,4700,3700,1000,0.7872340425531915,57,37,20,208.28441055502398,0.4073535851122058,0.7469481725107421,0.14282900776183233,1097277.7330529604,6009.169168817941,1103286.9022217784,4959,2,1739.5942857142857,74,101,45,32.72726468976006,0.6085714285714285,38.18055555555557,8381.942260868193,113.26949001173233,0
4962,32.23125693113704,0,0,174,0.0,0.0,1.0,174,4500,3200,1300,0.7111111111111111,58,32,26,209.378405839299,0.4060382200518238,0.7471572014145862,0.14415434996622864,1105839.7579444367,7007.793126424499,1112847.5510708613,4960,3,1750.4540229885058,77,97,43,32.562823944260344,0.6099736590038314,38.04754273504274,8443.056953849546,109.65009030973435,0
4963,32.24770701520474,0,0,174,0.0,0.0,1.0,174,5950,4800,1150,0.8067226890756303,71,48,23,207.32339612558968,0.40620155360662635,0.7444451770290754,0.14316696228630932,1107242.547960198,5161.457075572032,1112404.0050357701,4961,4,1751.4540229885058,78,96,44,32.51536764952533,0.6109315134099618,37.94831223628693,8450.566049844161,108.34059038261745,0
4964,32.488003118008855,0,0,174,0.0,0.0,1.0,174,4600,3400,1200,0.7391304347826086,58,34,24,219.3299449938298,0.40625207627400167,0.7558006538666768,0.1428332847316828,1098645.8268337082,8793.185753427706,1107439.012587136,4962,5,1752.4540229885058,82,92,35,34.230729015860746,0.5892001915708812,39.9347389558233,8449.001011689015,103.03659770352458,8
4965,31.98969687492936,1,0,175,0.005714285714285714,0.0,1.0,175,4200,2700,1500,0.6428571428571429,57,27,30,217.28415062408158,0.4073371647509578,0.7568059138650478,0.14228213632285705,1083377.510669297,7880.152442201641,1091257.6631114988,4963,0,1743.4342857142858,83,92,38,34.08960507298168,0.5908333333333333,39.74454365079363,8325.493158657464,100.30714648984896,0
4966,32.114633093101475,0,1,174,0.0,0.005714285714285714,0.9942857142857143,175,6300,4700,1600,0.746031746031746,79,47,32,217.9985137736658,0.40717159277504106,0.7586843397152692,0.14306278739863962,1088239.159546163,6146.903882273123,1094386.063428436,4964,1,1744.4342857142858,84,91,38,33.99394310282603,0.5919642857142857,39.66911764705881,8360.430769568035,99.5289377329528,0
4967,32.47256962161584,0,0,174,0.0,0.0,1.0,174,5300,3900,1400,0.7358490566037735,67,39,28,218.03017547292612,0.4072915974575333,0.7583743646323935,0.1435708136604732,1101356.4971269793,7925.790065368234,1109282.2871923475,4965,2,1728.212643678161,66,108,40,33.873691698503656,0.5930316091954023,39.55223880597013,8457.408058167062,128.14254633586458,0
4968,32.66108495774854,0,0,174,0.0,0.0,1.0,174,4650,3200,1450,0.6881720430107527,61,32,29,215.75695775800324,0.4071455661860784,0.7546348420025539,0.14279830840585497,1109233.4997440742,8414.969069608578,1117648.4688136827,4966,3,1729.212643678161,70,104,38,33.75483186969903,0.5942887931034483,39.37793427230045,8512.19943059627,121.60284900851815,0
4969,33.002720762974405,1,0,175,0.005714285714285714,0.0,1.0,175,5500,3800,1700,0.6909090909090909,72,38,34,210.93240921360143,0.4078612479474548,0.7502417207965071,0.1405866752963042,1122893.140232908,6870.9110717506155,1129764.0513046586,4967,0,1720.3257142857142,74,101,39,33.636482625208515,0.5960714285714286,39.13888888888888,8609.126407919217,116.33954605296239,0
4970,32.87053785600561,0,1,174,0.0,0.005714285714285714,0.9942857142857143,175,5200,3600,1600,0.6923076923076923,68,36,32,210.97650645620223,0.4073987411056377,0.7489374981246444,0.14127414166497532,1119756.2875673824,7048.453926666298,1126804.7414940489,4968,1,1721.3257142857142,75,100,40,33.47335993838827,0.5972619047619048,38.98026315789472,8579.859141033,114.39812188043999,0
4971,32.896260865871334,1,1,174,0.005714285714285714,0.005714285714285714,0.9942857142857143,175,4550,3700,850,0.8131868131868132,54,37,17,208.60664748464657,0.40857553366174054,0.7463999707783899,0.1402304225356568,1121761.4480349792,7251.378990419832,1129012.827025399,4969,0,1717.0914285714287,77,98,36,33.40103767152473,0.5982738095238096,38.848824786324776,8590.897185257912,111.57009331503782,0
4972,33.02639484921694,0,1,173,0.0,0.005747126436781609,0.9942528735632183,174,5800,4600,1200,0.7931034482758621,70,46,24,210.69763473196068,0.40696285407392646,0.7480251595379748,0.1423664128603244,1127696.8857619308,6920.6133049272485,1134617.499066858,4970,3,1727.9597701149426,77,97,37,33.16916223766694,0.6000359195402298,38.67521367521366,8630.61557704961,112.08591658505986,0
4973,32.82093059851817,0,0,173,0.0,0.0,1.0,173,5050,3400,1650,0.6732673267326733,67,34,33,209.59584685710834,0.40649924945109106,0.746734051571841,0.14212949560474528,1121713.8105347664,7371.311210069764,1129085.1217448362,4971,4,1737.8670520231215,78,95,42,33.07507060722212,0.6018184007707129,38.55485232067511,8580.87304730247,110.01119291413423,0
4974,32.98227065079301,0,1,172,0.0,0.005780346820809248,0.9942196531791907,173,5900,4100,1800,0.6949152542372882,77,41,36,211.09139633814925,0.4063018102791594,0.7485864424592745,0.14358690386958958,1128122.8463967368,7127.40537737114,1135250.251774108,4972,5,1738.8670520231215,68,105,43,32.93001443001446,0.6032032755298651,38.451086956521756,8626.477038420762,126.85995644736415,0
4975,33.36541587590807,0,0,172,0.0,0.0,1.0,172,4650,3200,1450,0.6881720430107527,61,32,29,210.56375703295905,0.4060700847726551,0.7447357457522066,0.14370777772445717,1142205.2204945146,9051.404505997145,1151256.6250005118,4973,6,1730.343023255814,71,101,36,32.829490582034,0.6041666666666667,38.33912037037039,8730.424067298556,122.96371925772614,0
4976,33.38891257645739,0,0,172,0.0,0.0,1.0,172,5050,3500,1550,0.693069306930693,66,35,31,209.48863122475393,0.4062202502379981,0.7445656582556366,0.14363592696979824,1144357.066972257,8495.959118478691,1152853.0260907358,4974,7,1731.343023255814,72,100,41,32.70020347358477,0.6053779069767442,38.18493150684933,8741.720433117047,121.41278379329232,0
4977,33.652549646791826,0,0,172,0.0,0.0,1.0,172,5250,4400,850,0.8380952380952381,61,44,17,207.2929422366557,0.4061621673693277,0.7413399897529451,0.14277282216965903,1154715.0299245897,8222.855199591548,1162937.8851241812,4975,8,1732.343023255814,73,99,40,32.604558481103346,0.6065891472868217,38.034909909909935,8815.79319998311,120.76429041072754,0
4978,34.05646110085014,0,0,172,0.0,0.0,1.0,172,4400,3400,1000,0.7727272727272727,54,34,20,210.9439698301577,0.40592062763497894,0.7461027928214929,0.14559592133438645,1169202.3973186852,10527.23904506841,1179729.6363637536,4976,9,1733.343023255814,73,99,46,32.43704673650283,0.6076187015503876,37.964527027027046,8924.000892346967,122.24658756639681,0
4979,33.886880470786124,0,0,172,0.0,0.0,1.0,172,4700,3200,1500,0.6808510638297872,62,32,30,210.16150807458578,0.4056550047599619,0.7458635928390172,0.1453264132970145,1163928.845820213,9822.60830581784,1173751.454126031,4977,10,1734.343023255814,74,98,44,32.39450302933956,0.6085271317829457,37.90277777777779,8881.657241169554,120.02239515093993,0
4980,33.75362799437748,0,0,172,0.0,0.0,1.0,172,4700,3500,1200,0.7446808510638298,59,35,24,190.84284107726418,0.40506496781359086,0.72071379451331,0.13059018401326353,1156268.2327829525,5033.102918337208,1161301.3357012896,4978,11,1735.343023255814,78,94,39,33.256301109935684,0.6088299418604651,38.25158227848102,8834.958719889086,113.26870153703956,8
4981,33.79848934441223,1,0,173,0.005780346820809248,0.0,1.0,173,5200,3800,1400,0.7307692307692307,66,38,28,187.82514982542997,0.4053608235873998,0.7184248208701813,0.12919943562481004,1159347.2632005874,3750.9146820706965,1163098.177882658,4979,0,1726.3063583815028,82,91,39,33.15774237342278,0.6101276493256262,38.077309236947805,8852.591272814836,107.95843015627848,0
4982,33.83711207087151,0,0,173,0.0,0.0,1.0,173,5450,4100,1350,0.7522935779816514,68,41,27,191.48043064336926,0.40499395079983874,0.7241554167708255,0.13233314000055602,1162052.2665444256,4452.053685606467,1166504.320230032,4980,1,1727.3063583815028,83,90,41,32.903339011387665,0.6115125240847784,37.921626984127016,8867.975279089853,106.84307565168497,0
4983,33.63772731823948,0,0,173,0.0,0.0,1.0,173,4150,3100,1050,0.7469879518072289,52,31,21,191.74344980135598,0.40485812385177217,0.7249169428200197,0.13295750676852816,1156177.6812998354,5587.899439152914,1161765.5807389885,4981,2,1728.3063583815028,86,87,39,32.78400614972449,0.6126565510597303,37.81130268199236,8819.431906307631,102.55153379427477,0
4984,33.55716741739487,0,1,172,0.0,0.005780346820809248,0.9942196531791907,173,4500,3200,1300,0.7111111111111111,58,32,26,195.59629121715366,0.404785309405386,0.7292647750790922,0.13619631153415662,1154620.49140339,6067.897176366233,1160688.3885797563,4982,3,1729.3063583815028,89,84,39,32.54260423560558,0.6141016377649325,37.67361111111112,8802.930549945106,98.90933202185512,0
4985,32.98412860990863,0,1,171,0.0,0.005813953488372093,0.9941860465116279,172,4100,2900,1200,0.7073170731707317,53,29,24,195.6036475608295,0.4036015628541638,0.7277984090263379,0.13635144775225794,1135217.285633231,5910.528368793184,1141127.8140020242,4983,4,1739.7848837209303,90,82,40,32.50545375218151,0.6153706395348837,37.637362637362656,8653.802973204109,96.15336636893454,0
4986,32.52595866569428,0,1,170,0.0,0.005847953216374269,0.9941520467836258,171,5250,4000,1250,0.7619047619047619,65,40,25,196.36685306326885,0.40334393991514733,0.7299959523000266,0.13736300999058648,1120429.662937251,4553.049397945425,1124982.7123351963,4984,5,1746.3976608187133,92,79,44,32.36821143068477,0.6173245614035088,37.52240143369176,8537.335521638453,92.79712523520058,0
4987,32.63365720857472,0,1,169,0.0,0.0058823529411764705,0.9941176470588236,170,4650,3500,1150,0.7526881720430108,58,35,23,194.8536513991779,0.4028287794407704,0.7269086827527267,0.13692597266118559,1125416.9949393973,5208.322162126542,1130625.317101524,4985,6,1757.164705882353,73,97,41,32.25593387647173,0.618811274509804,37.37331081081083,8570.46934882294,117.40368970990329,0
4988,32.46839199411537,0,0,169,0.0,0.0,1.0,169,5700,4500,1200,0.7894736842105263,69,45,24,192.91551010469922,0.40200144406875177,0.7224350978197136,0.13621896705866177,1121060.1715830392,3753.978971800791,1124814.15055484,4986,7,1768.4556213017752,76,93,43,32.14639639639641,0.6202539447731755,37.21590909090909,8532.176873453618,112.26548517702129,0
4989,32.72671487865028,0,0,169,0.0,0.0,1.0,169,4000,2500,1500,0.625,55,25,30,189.75165693603884,0.4018488189161266,0.7165373378099473,0.134384695025133,1130813.8937864453,5114.762006454299,1135928.6557928997,4987,8,1769.4556213017752,81,88,42,32.13069005508842,0.6213634122287968,37.11890243902439,8603.234726864692,106.21277440573694,0
4990,32.75616304209869,0,0,169,0.0,0.0,1.0,169,4500,3800,700,0.8444444444444444,52,38,14,187.75769996810308,0.4019544824833286,0.7132709852677925,0.13329099524016155,1132500.868786765,4227.151667056239,1136728.0204538212,4988,9,1770.4556213017752,83,86,45,32.1039161361314,0.6223496055226825,37.04117063492063,8613.522288041944,103.77737696436077,0
4991,32.55092195331734,0,0,169,0.0,0.0,1.0,169,4650,3700,950,0.7956989247311828,56,37,19,184.45557775357463,0.40168885601577914,0.7071827159973891,0.13155334352475756,1126687.3870600169,3114.754585564252,1129802.141645581,4989,10,1771.4556213017752,88,81,46,32.03820062277579,0.6237056213017751,36.89138576779026,8564.427967118136,97.32304508088791,0
4992,32.060020588473925,0,0,169,0.0,0.0,1.0,169,4300,3200,1100,0.7441860465116279,54,32,22,186.9490747556812,0.40123391565699257,0.7100331518106253,0.13373415882412568,1110517.5663535208,3422.046305944346,1113939.6126594653,4990,11,1772.4556213017752,89,80,37,31.87336931826511,0.6248150887573964,36.79398148148149,8438.39037271397,94.81337497431427,0
4993,31.597708507805834,0,0,169,0.0,0.0,1.0,169,4600,3200,1400,0.6956521739130435,60,32,28,186.05698771811373,0.4009227951535644,0.7091706052480391,0.13345370735339326,1095223.6371581978,2354.802161466098,1097578.439319664,4991,12,1773.4556213017752,91,78,39,31.80868524411574,0.6258629191321499,36.70742753623188,8319.44195698048,91.42243908769758,0
4994,31.766163751263637,0,0,169,0.0,0.0,1.0,169,5000,3800,1200,0.76,62,38,24,185.57132857097372,0.4008494176763408,0.7085384911653392,0.13344852545072128,1101755.7702336244,2090.856408598063,1103846.6266422225,4992,13,1774.4556213017752,93,76,40,31.737063645671178,0.6271572978303748,36.624556737588655,8366.427458735412,89.96158557780014,0
4995,31.615555289633193,0,0,169,0.0,0.0,1.0,169,3900,2400,1500,0.6153846153846154,54,24,30,195.315028429593,0.40058819385742467,0.7197967669612804,0.13318540626398093,1082062.5244889099,4568.614546629884,1086631.1390355397,4993,14,1775.4556213017752,77,92,39,33.25799048882992,0.6113782051282051,38.36805555555557,8271.639205117612,107.42388578074821,8
4996,31.43996502319031,0,0,169,0.0,0.0,1.0,169,4800,3300,1500,0.6875,63,33,30,195.59888077457475,0.40042382830844364,0.7210164994857884,0.13379179129480773,1076902.6163604446,3528.189292662992,1080430.8056531076,4994,15,1776.4556213017752,78,91,40,33.1452560873216,0.6127342209072979,38.26476793248946,8228.946541539155,105.49931463511737,0
4997,31.648465889327895,0,0,169,0.0,0.0,1.0,169,4800,3400,1400,0.7083333333333334,62,34,28,196.74659310367605,0.400244787264018,0.7224823166111061,0.13494981344593146,1084809.0269365702,4086.4960435770436,1088895.5229801473,4995,16,1777.4556213017752,78,91,39,33.02110087122931,0.6135355029585798,38.1724683544304,8286.439704171777,106.23640646374072,0
4998,32.15026929625453,0,0,169,0.0,0.0,1.0,169,4000,2700,1300,0.675,53,27,26,196.6320036964371,0.400139123696816,0.7220142552721622,0.13541074936178682,1103127.5086947002,5582.034473459894,1108709.5431681601,4996,17,1778.4556213017752,82,87,40,32.888679953368815,0.6147682445759368,38.03965863453818,8422.095519838425,102.70848194924909,0
4999,32.12523344744589,1,1,169,0.0058823529411764705,0.0058823529411764705,0.9941176470588236,170,5150,3700,1450,0.7184466019417476,66,37,29,187.9815817944278,0.4011914085160691,0.7146094062688548,0.12106308933484114,1083147.284167381,1572.3479588243154,1084719.6321262054,4997,0,1768.9882352941177,78,92,43,35.440256761788675,0.5927083333333334,40.321729957805886,8342.225046334332,106.95160315813246,8
5000,32.14859357180026,1,1,169,0.0058823529411764705,0.0058823529411764705,0.9941176470588236,170,4150,2900,1250,0.6987951807228916,54,29,25,184.0529534497289,0.4020470762269405,0.7076722636303447,0.11895348702350389,1084965.634650733,1788.2258897852769,1086753.8605405183,4998,0,1740.5882352941176,82,88,41,35.416566027406056,0.5939338235294118,40.198293172690754,8352.259482051148,101.85682295184327,0
