period,mktsize,entries,exits,surviv,entryrate,exitrate,survivrate,firms,totresinv,totinninv,totimiinv,costshareinn,firmsres,firmsinn,firmsimi,hindex,div,gini,pcm,cs,totprofits,ts,maxage,minage,avgage,actfirms,inactfirms,profitablefirms,wmc,avgproxopt,price,totoutput,avgoutput,magtechshock
1,64,40,10,30,1.0,0.25,0.75,40,0,0,0,0,0,0,0,405.7704854849995,0.4982238247863248,0.4480163464980311,0.1711506008480009,1881889.8158864863,144723.06884430704,2026612.8847307933,0,0,0.0,35,5,30,47.654043869068914,0.48359375000000004,57.494212962962955,15520.370370370354,443.43915343915296,8
2,64,33,18,45,0.5238095238095238,0.2857142857142857,0.7142857142857143,63,1050,900,150,0.8571428571428571,12,9,3,294.85367261538704,0.4999466632531149,0.5173859167917598,0.1390286694456522,1960329.413900637,101952.06544491442,2062281.4793455515,1,0,0.47619047619047616,50,13,36,45.19396077460529,0.5099206349206349,52.49183006535948,15840.522875816998,316.81045751633997,0
3,64,20,4,61,0.3076923076923077,0.06153846153846154,0.9384615384615385,65,1400,1000,400,0.7142857142857143,18,10,8,239.67311965750588,0.4979066506410256,0.42168216708872164,0.11771342020197054,1988029.6608358119,80895.45415683447,2068925.1149926463,2,0,1.0923076923076922,56,9,51,44.7753989784197,0.5286858974358974,50.74926900584795,15952.046783625725,284.8579782790308,0
4,64,21,13,69,0.25609756097560976,0.15853658536585366,0.8414634146341463,82,2100,1500,600,0.7142857142857143,27,15,12,230.35427904942432,0.49838151159289373,0.5111478954124724,0.1171237954040029,2011126.5432098738,74154.32098765414,2085280.864197528,3,0,1.5975609756097562,65,17,46,43.530701754385966,0.5320121951219512,49.30555555555555,16044.444444444422,246.83760683760647,8
5,64,11,6,74,0.1375,0.075,0.925,80,2300,1600,700,0.6956521739130435,30,16,14,239.35315101070097,0.4969837816455696,0.5136724137931019,0.12484247085090547,2027874.2283950676,78775.61728395097,2106649.8456790186,4,0,2.4,65,15,45,42.238505747126446,0.543359375,48.2638888888889,16111.11111111116,247.86324786324863,0
6,64,8,6,76,0.0975609756097561,0.07317073170731707,0.926829268292683,82,2500,1200,1300,0.48,38,12,26,230.24684895934018,0.49519472046572316,0.5101084127644424,0.12240389767426023,2040250.249065621,75052.23818717383,2115302.4872527947,5,0,3.1707317073170733,66,16,43,41.68308601687088,0.5503048780487805,47.49689054726369,16160.199004975155,244.85150007538113,0
7,64,6,3,79,0.07317073170731707,0.036585365853658534,0.9634146341463414,82,2950,1900,1050,0.6440677966101694,40,19,21,228.5642242273891,0.4934413580246914,0.5082610707954567,0.12300190332699354,2048112.0037807135,74275.02625498822,2122387.0300357016,6,0,3.951219512195122,68,14,49,41.22844313163864,0.5550050813008129,47.010869565217384,16191.304347826048,238.1074168797948,0
8,64,7,2,84,0.08139534883720931,0.023255813953488372,0.9767441860465116,86,2050,1000,1050,0.4878048780487805,31,10,21,229.33750821574787,0.49378419972640214,0.54156854983974,0.1225387375159171,2043513.7100387341,74480.8684530004,2117994.5784917343,7,0,4.5813953488372094,61,25,47,41.49955399685303,0.546875,47.29502688172043,16173.118279569904,265.1330865503263,8
9,64,7,2,89,0.07692307692307693,0.02197802197802198,0.978021978021978,91,2700,1500,1200,0.5555555555555556,39,15,24,212.7484694470929,0.4926180301180301,0.5303950785007623,0.1153441701921262,2052870.1152943498,66448.99500050968,2119319.1102948594,8,0,5.0989010989010985,65,26,52,41.328618311731454,0.5518543956043955,46.7171717171717,16210.101010100947,249.3861693861684,0
10,64,10,11,88,0.10101010101010101,0.1111111111111111,0.8888888888888888,99,2700,1600,1100,0.5925925925925926,38,16,22,247.07330604642704,0.4917070363498935,0.6284339652572388,0.13484930421506736,2057122.5810064634,79152.01540640462,2136274.5964128682,9,0,5.424242424242424,61,38,40,40.19055231594989,0.5517676767676767,46.45497311827955,16226.881720430018,266.01445443327896,8
11,64,5,4,89,0.053763440860215055,0.043010752688172046,0.956989247311828,93,3000,1800,1200,0.6,42,18,24,241.28251204395696,0.49087385070905404,0.5958849002410851,0.13231112915351578,2060122.593652437,77814.310902994,2137936.904555431,10,0,6.440860215053763,61,32,44,40.148104003884676,0.5565636200716846,46.27016129032256,16238.709677419287,266.2083553675293,0
12,64,6,1,94,0.06315789473684211,0.010526315789473684,0.9894736842105263,95,3700,2800,900,0.7567567567567568,46,28,18,239.58881798974966,0.48991694662187385,0.5990770425106737,0.1331008592808006,2068352.0061728447,76410.80246913615,2144762.808641981,11,0,7.2,59,36,47,39.672675953746705,0.5601973684210526,45.7638888888889,16271.111111111153,275.78154425612126,0
13,64,2,6,90,0.020833333333333332,0.0625,0.9375,96,4050,3000,1050,0.7407407407407407,51,30,21,230.12404864581882,0.48910818713450294,0.5851667892078507,0.1289634627326856,2073846.4440239822,72198.38799370675,2146044.832017689,12,0,8.020833333333334,63,33,43,39.56808228374146,0.5629340277777778,45.42643229166667,16292.70833333335,258.61441798941826,0
14,64,3,4,89,0.03225806451612903,0.043010752688172046,0.956989247311828,93,3250,2400,850,0.7384615384615385,41,24,17,256.8610500209394,0.4884973507869721,0.6239828358418869,0.14185028623374304,2064593.7479356674,84212.74359228488,2148806.4915279523,13,0,8.741935483870968,57,36,43,39.470571425204426,0.5538754480286738,45.994971264367834,16256.32183908053,285.1986287557988,8
15,64,8,1,96,0.08247422680412371,0.010309278350515464,0.9896907216494846,97,2850,1800,1050,0.631578947368421,39,18,21,222.60082659658764,0.48864368556701027,0.5818275693823345,0.12270466759372452,2063430.430249247,69614.26387960678,2133044.6941288537,14,0,9.041237113402062,66,31,49,40.41396252984758,0.551331615120275,46.06654228855721,16251.741293532305,246.23850444745915,8
16,64,7,2,101,0.06796116504854369,0.019417475728155338,0.9805825242718447,103,4350,3100,1250,0.7126436781609196,56,31,25,209.3593178370311,0.4886533092201282,0.5813946522782796,0.11721022365899068,2073222.2961867203,61859.68113083503,2135081.9773175553,15,0,9.339805825242719,64,39,46,40.13581082499109,0.556027508090615,45.46474358974359,16290.256410256417,254.53525641025652,0
17,64,5,3,103,0.04716981132075472,0.02830188679245283,0.9716981132075472,106,3850,2700,1150,0.7012987012987013,50,27,23,204.0525655627053,0.4889394279724468,0.5839964993901139,0.11551873813692745,2080200.0432525931,59844.03114186837,2140044.0743944617,16,0,10.028301886792454,67,39,53,39.8341744772891,0.5588639937106918,45.03676470588235,16317.647058823513,243.5469710272166,0
18,64,3,3,103,0.02830188679245283,0.02830188679245283,0.9716981132075472,106,3250,1700,1550,0.5230769230769231,48,17,31,202.46796744524525,0.48887765798143157,0.5804551787531902,0.11545827874459415,2084733.1068250898,59968.33496093757,2144701.4417860275,17,0,10.933962264150944,63,43,53,39.59130425540957,0.5615172955974843,44.759114583333336,16335.41666666669,259.2923280423284,0
19,64,1,2,102,0.009615384615384616,0.019230769230769232,0.9807692307692307,104,3050,2200,850,0.7213114754098361,39,22,17,201.77020476725005,0.4883794653970625,0.5721153846153855,0.11569126129460297,2088129.520052596,60414.464168310325,2148543.984220906,18,0,11.85576923076923,64,40,58,39.397088038477634,0.5646033653846154,44.55128205128205,16348.71794871794,255.4487179487178,0
20,64,0,3,99,0.0,0.029411764705882353,0.9705882352941176,102,3750,2800,950,0.7466666666666667,47,28,19,223.3576082067366,0.4874741150585647,0.6037072968269186,0.12540760204126672,2075029.403222192,68544.72089247206,2143574.1241146643,19,1,12.833333333333334,62,40,47,39.66612016535723,0.5582107843137255,45.353835978835974,16297.35449735448,262.86055640894324,8
21,64,4,2,101,0.038834951456310676,0.019417475728155338,0.9805825242718447,103,3650,2700,950,0.7397260273972602,46,27,19,216.44004513540042,0.4869122406244051,0.5945244514740975,0.1226788366145391,2080950.0027032893,65830.18250192236,2146780.185205212,20,0,13.446601941747574,67,36,52,39.471388738711646,0.5619943365695793,44.99080882352941,16320.588235294135,243.59086918349456,0
22,64,4,3,102,0.0380952380952381,0.02857142857142857,0.9714285714285714,105,3400,2400,1000,0.7058823529411765,44,24,20,213.79063285769786,0.48641254578754584,0.5993704168713718,0.1229648541073839,2090054.0161132878,64966.7941623269,2155020.8102756147,21,0,13.933333333333334,63,42,46,38.969823377064515,0.5657738095238095,44.433593750000014,16356.250000000051,259.6230158730167,0
23,64,1,2,101,0.009708737864077669,0.019417475728155338,0.9805825242718447,103,3950,3200,750,0.810126582278481,47,32,15,212.81077066098806,0.48598023351735514,0.5902620629243005,0.12306014129526728,2093372.7810650936,64548.45496383991,2157921.2360289334,22,0,14.805825242718447,64,39,48,38.78772451963243,0.5686690938511327,44.23076923076924,16369.230769230806,255.76923076923134,0
24,64,3,1,103,0.028846153846153848,0.009615384615384616,0.9903846153846154,104,3400,1900,1500,0.5588235294117647,49,19,30,204.37522171097334,0.4851723923325865,0.5774860953186849,0.11914379157459323,2098363.6679230267,61570.70797240379,2159934.3758954303,23,0,15.365384615384615,70,34,54,38.692539436996285,0.5721153846153846,43.92605633802816,16388.73239436616,234.12474849094517,0
25,64,2,1,104,0.01904761904761905,0.009523809523809525,0.9904761904761905,105,3350,2200,1150,0.6567164179104478,45,22,23,200.82812376010946,0.4850351037851038,0.5732538624137022,0.11778176777841538,2102050.8575439523,60080.185953776505,2162131.0434977286,24,0,16.17142857142857,63,42,53,38.55397059757417,0.5740079365079365,43.701171875000014,16403.125000000055,260.36706349206435,0
26,64,0,2,102,0.0,0.019230769230769232,0.9807692307692307,104,3550,2500,1050,0.704225352112676,46,25,21,199.86205645747873,0.4844333457804331,0.5675206969511932,0.11780769965507792,2105134.3692607973,59797.29683195645,2164931.666092754,25,1,17.134615384615383,65,39,55,38.3870607962587,0.5763221153846154,43.51325757575759,16415.151515151578,252.54079254079352,0
27,64,5,4,103,0.04672897196261682,0.037383177570093455,0.9626168224299065,107,3800,2700,1100,0.7105263157894737,49,27,22,223.18762681587188,0.4848130841121496,0.6141592289258537,0.12784093077825487,2087495.7003699846,67980.64227078263,2155476.3426407673,26,0,17.242990654205606,61,46,52,38.88961978687012,0.560066199376947,44.59005376344086,16346.236559139783,267.9710911334391,8
28,64,4,4,103,0.037383177570093455,0.037383177570093455,0.9626168224299065,107,3150,2100,1050,0.6666666666666666,42,21,21,220.60465650920463,0.48454490683594903,0.6085463244507834,0.12764511488913485,2093750.3905851373,67828.21714620912,2161578.6077313465,27,0,17.61682242990654,65,42,49,38.564804816848685,0.5644470404984423,44.20770202020201,16370.707070707016,251.85703185703102,0
29,64,1,1,103,0.009615384615384616,0.009615384615384616,0.9903846153846154,104,3500,2200,1300,0.6285714285714286,48,22,26,234.76615299991425,0.4841377271595719,0.6305216514832732,0.1338262895019094,2084499.888854675,73574.00396703144,2158073.8928217064,28,0,18.653846153846153,56,48,44,38.78153491813449,0.5612980769230769,44.77339181286546,16334.502923976486,291.68755221386584,8
30,64,3,0,106,0.02830188679245283,0.0,1.0,106,4200,3200,1000,0.7619047619047619,52,32,20,227.20999426549477,0.48380690326445047,0.625005889252302,0.13107208842806242,2091892.1623887073,69659.76124407395,2161551.923632781,29,0,19.00943396226415,61,45,42,38.51195952161913,0.5651533018867925,44.32123655913977,16363.440860214989,268.25312885598345,0
31,64,3,4,105,0.027522935779816515,0.03669724770642202,0.963302752293578,109,3450,2700,750,0.782608695652174,42,27,15,222.77750726893677,0.4835379148261411,0.6293077554505051,0.12945944589369918,2096408.2649563078,68156.52149699234,2164564.7864533,30,0,19.458715596330276,66,43,46,38.34330518941464,0.5676605504587156,44.04539800995024,16381.094527363144,248.19840192974462,0
32,64,5,3,107,0.045454545454545456,0.02727272727272727,0.9727272727272728,110,3450,2600,850,0.7536231884057971,43,26,17,216.11465312189563,0.4829006811231582,0.6190174694597148,0.12721010222134524,2104282.006951663,65503.235200600684,2169785.242152264,31,0,19.4,61,49,49,38.02325613138527,0.5733901515151515,43.565188172042994,16411.82795698919,269.04635995064245,0
33,64,0,1,106,0.0,0.009345794392523364,0.9906542056074766,107,3850,2300,1550,0.5974025974025974,54,23,31,213.7187692167543,0.4820247751719273,0.6046640850276372,0.12631242428321415,2106764.365822627,64801.017458665025,2171565.3832812924,32,1,20.345794392523363,61,46,47,37.930253623188406,0.5761292834890965,43.413978494623635,16421.505376343997,269.2050061695737,0
34,64,0,4,102,0.0,0.03773584905660377,0.9622641509433962,106,3900,2700,1200,0.6923076923076923,51,27,24,211.2742697974484,0.4815831835879006,0.5974778981208619,0.12549182531342384,2109800.347222215,64049.305555555016,2173849.65277777,33,2,21.27358490566038,63,43,48,37.80425963488842,0.5783215408805031,43.22916666666665,16433.333333333274,260.8465608465599,0
35,64,3,4,101,0.02857142857142857,0.0380952380952381,0.9619047619047619,105,3050,2000,1050,0.6557377049180327,41,20,21,206.89335355340666,0.4802274114774115,0.5857986360011638,0.1242186192786532,2116320.4577238155,63520.52733843203,2179840.9850622476,34,0,22.076190476190476,66,39,54,37.512091167402204,0.5828373015873016,42.832711442786064,16458.706467661665,249.37434041911612,0
36,64,1,2,100,0.00980392156862745,0.0196078431372549,0.9803921568627451,102,3150,2200,950,0.6984126984126984,41,22,19,218.2072692373606,0.4793345143337863,0.5965873179258814,0.13061160580922046,2114471.490472907,68728.60996326881,2183200.100436176,35,0,23.274509803921568,65,37,48,37.33595045128017,0.5799632352941176,42.94507575757575,16451.515151515123,253.10023310023266,8
37,64,2,1,101,0.0196078431372549,0.00980392156862745,0.9901960784313726,102,3050,2000,1050,0.6557377049180327,41,20,21,212.26376436263527,0.4782627159774801,0.5843057870921651,0.12787597511602627,2118368.05555555,66480.55555555514,2184848.611111105,36,0,23.58823529411765,64,38,50,37.24696356275303,0.5840482026143791,42.70833333333332,16466.66666666662,257.29166666666595,0
38,64,0,1,100,0.0,0.009900990099009901,0.9900990099009901,101,3450,2500,950,0.7246376811594203,44,25,19,212.05741720479304,0.4776237623762376,0.5797734228018434,0.12813799248584495,2120187.6801474234,66270.30468829644,2186457.9848357197,37,1,24.495049504950494,65,36,50,37.13945009912728,0.5863242574257426,42.597853535353515,16473.73737373729,253.44211344211217,0
39,64,0,2,98,0.0,0.02,0.98,100,4050,3000,1050,0.7407407407407407,51,30,21,244.79079826007728,0.47713804713804714,0.6268016037247801,0.141247944190069,2092040.5363791694,78372.45457853985,2170412.9909577095,38,2,25.39,62,38,45,38.05316649422317,0.5689583333333333,44.31216931216933,16364.021164021233,263.9358252261489,8
40,64,3,0,101,0.0297029702970297,0.0,1.0,101,3350,2000,1350,0.5970149253731343,47,20,27,239.9998843496139,0.4767780528052805,0.6236523451944374,0.1396987661924748,2097427.1134996773,77126.45293433401,2174553.5664340113,39,0,25.663366336633665,66,35,49,37.83880893099329,0.5720915841584158,43.9832089552239,16385.074626865764,248.2587064676631,0
41,64,1,0,102,0.00980392156862745,0.0,1.0,102,2800,2300,500,0.8214285714285714,33,23,10,236.06107489285574,0.47623641040574644,0.6238816183073674,0.1365629146924572,2093635.1166995522,75645.15121630578,2169280.267915858,40,0,26.401960784313726,64,38,42,38.176649332748546,0.5687295751633987,44.21474358974361,16370.256410256508,255.78525641025794,8
42,64,1,0,103,0.009708737864077669,0.0,1.0,103,2900,1800,1100,0.6206896551724138,40,18,22,233.36604791860177,0.47569642743828927,0.6213077434652026,0.13571043138012961,2096852.0511299951,74366.81524844457,2171218.8663784396,41,0,27.135922330097088,65,38,44,38.044564502538186,0.5702872168284789,44.0183080808081,16382.828282828348,252.04351204351306,0
43,64,3,2,104,0.02830188679245283,0.018867924528301886,0.9811320754716981,106,4150,3000,1150,0.7228915662650602,53,30,23,229.36083019366737,0.47606506439053614,0.6254026691210304,0.1343399148277197,2101250.0000000037,71038.88888888912,2172288.8888888927,42,0,27.339622641509433,68,38,46,37.87262872628728,0.5722287735849056,43.75000000000001,16400.00000000003,241.17647058823573,0
44,64,1,1,104,0.009523809523809525,0.009523809523809525,0.9904761904761905,105,3200,2000,1200,0.625,44,20,24,259.6653041359174,0.47559142246642244,0.6510854688753582,0.14636999545985582,2077504.3362922254,83691.15906540213,2161195.4953576275,43,0,28.4,65,40,46,38.58580071027422,0.5589285714285714,45.20202020202022,16307.070707070789,250.87801087801213,8
45,64,1,0,105,0.009523809523809525,0.0,1.0,105,3050,2300,750,0.7540983606557377,38,23,15,282.0346180750209,0.4753548534798535,0.6931211523955527,0.1590610223552783,2077826.063368054,93153.7760416666,2170979.8394097206,44,0,29.276190476190475,55,50,39,37.995550161812304,0.5552579365079365,45.182291666666664,16308.333333333321,296.5151515151513,8
46,64,3,1,107,0.027777777777777776,0.009259259259259259,0.9907407407407407,108,3450,2400,1050,0.6956521739130435,45,24,21,276.1768966009173,0.4754690925349025,0.6947381924458418,0.1570749528783524,2083085.8733464791,90010.03837080879,2173095.9117172877,45,0,29.435185185185187,60,48,41,37.813594583138126,0.5583526234567902,44.85997267759564,16328.961748633936,272.1493624772323,0
47,64,0,0,107,0.0,0.0,1.0,107,3800,2600,1200,0.6842105263157895,50,26,24,274.84780374401805,0.4751329865397049,0.6912507165972195,0.15724779894522345,2086770.3141687415,89508.84755349856,2176279.16172224,46,1,30.654205607476637,52,55,40,37.61576746453218,0.560066199376947,44.63443396226415,16343.39622641508,314.2960812772131,0
48,64,2,2,107,0.01834862385321101,0.01834862385321101,0.981651376146789,109,4150,2800,1350,0.6746987951807228,55,28,27,270.0251278895382,0.47528386566995134,0.690530764342363,0.15563994701469921,2091371.2873191754,86994.55986457372,2178365.847183749,47,0,31.073394495412845,56,53,38,37.44996068339409,0.5621177370030581,44.353070175438596,16361.403508771933,292.1679197994988,0
49,64,0,2,105,0.0,0.018691588785046728,0.9813084112149533,107,4350,3000,1350,0.6896551724137931,57,30,27,277.5299860193526,0.47457091635807913,0.6937925093407866,0.1604309026989193,2093165.685595566,90433.24869190509,2183598.934287471,48,3,32.654205607476634,56,51,38,37.14540907466953,0.5638629283489096,44.243421052631575,16368.421052631562,292.2932330827065,0
50,64,2,1,106,0.018691588785046728,0.009345794392523364,0.9906542056074766,107,3200,2100,1100,0.65625,43,21,22,269.16607673480746,0.47508890260389114,0.6845381268016824,0.15645003774977462,2096539.99867882,88263.4892323952,2184803.487911215,49,0,33.11214953271028,57,50,41,37.14771026288707,0.5659073208722741,44.03735632183908,16381.609195402287,287.39665255091734,0
51,64,1,1,106,0.009345794392523364,0.009345794392523364,0.9906542056074766,107,2750,1600,1150,0.5818181818181818,39,16,23,264.073864760211,0.47494930347381414,0.6784362560388189,0.1541617527596127,2099223.6526062074,86720.02058795336,2185943.6731941607,50,0,33.654205607476634,58,49,42,37.10995841088211,0.5679517133956387,43.87358757062146,16392.090395480194,282.62224819793437,0
52,64,1,1,106,0.009345794392523364,0.009345794392523364,0.9906542056074766,107,3100,2000,1100,0.6451612903225806,42,20,22,261.47701760089365,0.4746847998589314,0.6761067933019502,0.15393038340504772,2104357.2084481157,85548.209366391,2189905.4178145067,51,0,34.51401869158879,54,53,41,36.8553052683407,0.57077492211838,43.560606060606055,16412.121212121197,303.928170594837,0
53,64,1,0,107,0.009345794392523364,0.0,1.0,107,3750,2600,1150,0.6933333333333334,49,26,23,250.72886297376073,0.47487950390877565,0.6593171848178518,0.1428571428571429,2084201.3888888913,79363.88888888905,2163565.2777777803,52,0,35.429906542056074,61,46,45,38.39285714285713,0.5588979750778816,44.79166666666667,16333.333333333354,267.7595628415304,7
54,64,10,2,115,0.08547008547008547,0.017094017094017096,0.9829059829059829,117,3850,2800,1050,0.7272727272727273,49,28,21,220.52296133335153,0.4753659495038805,0.6459217608426346,0.12559397840744976,2083939.6449704175,64661.3083497701,2148600.9533201875,53,0,33.31623931623932,64,53,50,39.18011596751232,0.555644586894587,44.807692307692314,16332.307692307719,255.1923076923081,8
55,64,1,1,115,0.008620689655172414,0.008620689655172414,0.9913793103448276,116,3950,2800,1150,0.7088607594936709,51,28,23,226.59559265640436,0.4756887181409295,0.6502746163863875,0.12432136570067606,2060450.0000000037,66227.777777778,2126677.7777777817,54,0,34.39655172413793,64,52,49,40.50013683634371,0.5401400862068966,46.25000000000001,16240.00000000003,253.75000000000045,8
56,64,5,1,119,0.041666666666666664,0.008333333333333333,0.9916666666666667,120,4100,2800,1300,0.6829268292682927,54,28,26,223.15592340162348,0.4770599906629318,0.6550027300027297,0.12441706962254907,2070612.5000000007,64313.8888888889,2134926.3888888895,55,0,34.2,64,56,50,39.948471198471175,0.5446180555555555,45.625,16280.000000000005,254.37500000000009,0
57,64,4,4,119,0.032520325203252036,0.032520325203252036,0.967479674796748,123,3600,2400,1200,0.6666666666666666,48,24,24,217.56631923959765,0.4778727397929717,0.6536546811822581,0.12226328466262568,2075580.0893836545,62115.26406683963,2137695.3534504944,56,0,33.886178861788615,68,55,46,39.779070341829645,0.5475948509485095,45.32004830917875,16299.516908212601,239.69877806195,0
58,64,3,0,122,0.02459016393442623,0.0,1.0,122,5550,4300,1250,0.7747747747747747,68,43,25,213.83662244827792,0.4770017612789595,0.6451116364982441,0.12119242145573474,2080894.4455161202,59044.28798010993,2139938.73349623,57,0,35.10655737704918,71,51,51,39.541255342486494,0.5507172131147541,44.99421296296297,16320.370370370387,229.8643714136674,0
59,64,4,3,123,0.031746031746031744,0.023809523809523808,0.9761904761904762,126,4150,3000,1150,0.7228915662650602,53,30,23,216.37685018341847,0.477702380952381,0.6580668088130743,0.12448100165770101,2090196.4998126694,61104.0269787753,2151300.5267914445,58,0,34.96031746031746,70,56,47,38.89482874091083,0.5543154761904762,44.42488262910802,16356.807511737265,233.66867873910377,0
60,64,1,3,121,0.008064516129032258,0.024193548387096774,0.9758064516129032,124,3900,2800,1100,0.717948717948718,50,28,22,239.07990297456772,0.4774414830841857,0.6848057735154518,0.1321809578514559,2065313.4298750162,70054.98688531769,2135368.416760334,59,0,36.064516129032256,70,54,49,39.876896126896106,0.5405745967741935,45.9507042253521,16259.154929577397,232.27364185110568,8
61,64,4,1,124,0.032,0.008,0.992,125,3600,2200,1400,0.6111111111111112,50,22,28,213.9881752217143,0.4778467741935484,0.654819672131147,0.11866616989567819,2067222.2222222271,59872.222222222525,2127094.4444444496,60,0,36.304,69,56,53,40.39446721311474,0.54325,45.83333333333334,16266.666666666706,235.74879227053196,8
62,64,5,1,128,0.03875968992248062,0.007751937984496124,0.9922480620155039,129,4000,2600,1400,0.65,54,26,28,205.03841867924334,0.4790505894702843,0.6498763102669174,0.11500441880283116,2074388.0458022044,55265.84892768214,2129653.8947298867,61,0,35.68217054263566,70,59,50,40.172774768545175,0.5473191214470284,45.39319248826292,16294.83568075121,232.78336686787443,0
63,64,2,3,127,0.015384615384615385,0.023076923076923078,0.9769230769230769,130,4200,2800,1400,0.6666666666666666,56,28,28,201.06453479689387,0.479078463526138,0.6449691549489946,0.11332728324915832,2077447.9264402322,53340.22017889538,2130788.1466191276,62,0,36.39230769230769,72,58,53,40.08246527777782,0.5491185897435897,45.205479452054796,16306.849315068488,226.4840182648401,0
64,64,6,1,132,0.045112781954887216,0.007518796992481203,0.9924812030075187,133,4050,3000,1050,0.7407407407407407,51,30,21,195.95707861704682,0.4795321637426901,0.6437439074496276,0.11161182167438244,2083988.720703125,51024.468315972204,2135013.189019097,63,0,36.067669172932334,79,54,57,39.80395470857354,0.5527882205513784,44.8046875,16332.5,206.7405063291139,0
65,64,3,1,134,0.022222222222222223,0.007407407407407408,0.9925925925925926,135,4550,2800,1750,0.6153846153846154,63,28,35,193.62604163415557,0.4796595725078312,0.6444163045727285,0.11094449888768898,2087698.8594900144,49296.57325743904,2136995.4327474535,64,0,36.45925925925926,72,63,61,39.63198324022348,0.5548611111111111,44.57762557077628,16347.031963470416,227.04211060375576,0
66,64,7,6,135,0.04964539007092199,0.0425531914893617,0.9574468085106383,141,3650,2200,1450,0.6027397260273972,51,22,29,188.9561378569949,0.48046268152651134,0.6485187933638852,0.10961659565826551,2095348.7993022876,47335.80331589088,2142684.6026181784,65,0,35.794326241134755,80,61,51,39.27488524809863,0.5580673758865249,44.11008230452677,16376.954732510392,204.7119341563799,0
67,64,5,3,137,0.03571428571428571,0.02142857142857143,0.9785714285714285,140,4650,3500,1150,0.7526881720430108,58,35,23,195.91434612106542,0.4804609883521754,0.6648951100605724,0.11104875304752002,2080972.155459403,48888.45982659408,2129860.6152859973,66,0,36.91428571428571,78,62,56,39.99342899000344,0.5502232142857143,44.98945147679323,16320.67510548512,209.2394244292964,8
68,64,5,2,140,0.035211267605633804,0.014084507042253521,0.9859154929577465,142,5050,3300,1750,0.6534653465346535,68,33,35,203.7294018802633,0.48067126161222656,0.6853093828193952,0.11215964264211539,2062625.5739795812,50593.49489795853,2113219.0688775396,67,0,37.2887323943662,69,73,54,40.94370933708454,0.5321302816901409,46.11607142857141,16248.571428571344,235.48654244306294,8
69,64,6,0,146,0.0410958904109589,0.0,1.0,146,4350,2700,1650,0.6206896551724138,60,27,33,195.83195728205249,0.4815590064556763,0.6803138621159284,0.10899621166444645,2069533.473943995,47506.15817263597,2117039.632116631,68,0,37.18493150684932,65,81,58,40.71111059393037,0.534888698630137,45.6912878787879,16275.757575757654,250.3962703962716,0
70,64,9,8,147,0.05806451612903226,0.05161290322580645,0.9483870967741935,155,4550,3100,1450,0.6813186813186813,60,31,29,185.9906002754484,0.48266827258762746,0.6819731244299871,0.10527997068320746,2080120.0555555627,41826.55555555598,2121946.611111119,69,0,35.96774193548387,74,81,57,40.2996813204772,0.5391801075268817,45.04166666666668,16317.33333333339,220.50450450450526,0
71,64,3,2,148,0.02,0.013333333333333334,0.9866666666666667,150,5050,3200,1850,0.6336633663366337,69,32,37,188.88256172976352,0.48110085756897836,0.6786487182316356,0.107460304893714,2083281.8206720457,43649.121418717266,2126930.942090763,70,0,38.013333333333335,73,77,57,40.02859612343228,0.5409027777777777,44.84797297297301,16329.729729729908,223.6949278045193,0
72,64,5,1,152,0.032679738562091505,0.006535947712418301,0.9934640522875817,153,4600,3300,1300,0.717391304347826,59,33,26,182.735905606734,0.4809493607384474,0.6744075616108902,0.10508616934717449,2089953.287324517,41181.901327004365,2131135.188651521,71,0,38.07843137254902,73,80,49,39.76974892132567,0.5445942265795207,44.439752252252305,16355.855855856096,224.0528199432342,0
73,64,5,1,156,0.03184713375796178,0.006369426751592357,0.9936305732484076,157,5100,3500,1600,0.6862745098039216,67,35,32,205.5653537247663,0.48129661386030814,0.7188335595948379,0.1182638745359997,2090210.6161091828,49434.97693194894,2139645.5930411317,72,0,38.07643312101911,67,90,46,39.17026292655641,0.5477043524416136,44.42401960784313,16356.862745097991,244.13227977758197,8
74,64,3,1,158,0.018867924528301886,0.006289308176100629,0.9937106918238994,159,5000,3200,1800,0.64,68,32,36,198.73336626317692,0.48139412997903563,0.7120062328310377,0.11512408800428113,2094468.9500323199,46448.17299472502,2140917.123027045,73,0,38.55974842767296,72,87,53,39.0794941156785,0.5498558700209644,44.16381278538813,16373.515981735176,227.40994419076634,0
75,64,3,0,161,0.018633540372670808,0.0,1.0,161,4350,2900,1450,0.6666666666666666,58,29,29,192.56961248948932,0.48146350931677023,0.706106375854272,0.11227542612303787,2098439.7588082505,44269.146237248904,2142708.9050454996,74,0,38.65217391304348,78,83,57,38.990118085234194,0.5524715320910973,43.92141350210972,16389.029535865066,210.11576328032135,0
76,64,1,0,162,0.006172839506172839,0.0,1.0,162,5250,3600,1650,0.6857142857142857,69,36,33,194.76421544687418,0.4809798583953173,0.7118816555824814,0.11440432241149269,2103008.9463787857,44268.17750384392,2147277.1238826294,75,0,39.407407407407405,67,95,54,38.64984812269692,0.554783950617284,43.642769607843114,16406.86274509795,244.87854843429778,0
77,64,2,3,161,0.012195121951219513,0.018292682926829267,0.9817073170731707,164,5350,3700,1650,0.6915887850467289,70,37,33,228.1235577671571,0.4812186705072572,0.7431043949502238,0.13088354238548702,2088517.0008706527,57137.98573916187,2145654.9866098147,76,0,39.91463414634146,70,94,48,38.69965447271197,0.5479547764227642,44.52758215962444,16350.23474178415,233.57478202548785,8
78,64,4,3,162,0.024242424242424242,0.01818181818181818,0.9818181818181818,165,4500,3000,1500,0.6666666666666666,60,30,30,221.23385321875355,0.4812192042374969,0.7374148599775314,0.12826066993440136,2094960.8533395072,55195.25238535025,2150156.1057248577,77,0,40.14545454545455,75,90,49,38.473144775373186,0.5518939393939394,44.13377192982459,16375.438596491373,218.33918128655162,0
79,64,5,2,165,0.029940119760479042,0.011976047904191617,0.9880239520958084,167,5650,4300,1350,0.7610619469026548,70,43,27,190.41827011568608,0.48111457807277014,0.7102023107831326,0.10885104097657952,2086243.555555571,40401.77777777861,2126645.33333335,78,0,40.191616766467064,74,93,55,39.80465350304614,0.5445359281437125,44.66666666666669,16341.333333333456,220.8288288288305,8
80,64,2,1,166,0.011976047904191617,0.005988023952095809,0.9940119760479041,167,5550,3700,1850,0.6666666666666666,74,37,37,189.10987712298743,0.4807358175215833,0.7064448354125374,0.10882890370041534,2090392.8489440074,40112.78696051545,2130505.635904523,79,0,41.10179640718563,76,91,51,39.57947387921459,0.5469061876247505,44.412878787878824,16357.575757575933,215.23125996810438,0
81,64,4,2,168,0.023529411764705882,0.011764705882352941,0.9882352941176471,170,4800,3300,1500,0.6875,63,33,30,185.15239918969894,0.4808214410024365,0.7067995913005387,0.10764053213134644,2096669.1660057039,38840.66527860497,2135509.831284309,80,0,41.33529411764706,81,89,56,39.290115798180324,0.5495098039215687,44.02947154471548,16382.113821138364,202.24831877948597,0
82,64,2,0,170,0.011764705882352941,0.0,1.0,170,5500,4200,1300,0.7636363636363637,68,42,26,182.56974577453224,0.4809309374637429,0.7030143353065512,0.10705305112098606,2101933.388888881,37249.888888888476,2139183.2777777696,81,0,42.205882352941174,74,96,55,39.029222890586915,0.5520220588235294,43.70833333333332,16402.666666666606,221.65765765765684,0
83,64,0,0,170,0.0,0.0,1.0,170,5650,3500,2150,0.6194690265486725,78,35,43,187.2185526352029,0.4806561085972851,0.7079864712797597,0.11038462489020696,2105298.000346249,39180.16889812185,2144478.169244371,82,1,43.205882352941174,75,95,57,38.701195183641445,0.5540441176470587,43.50328947368419,16415.78947368412,218.87719298245491,0
84,64,2,2,170,0.011627906976744186,0.011627906976744186,0.9883720930232558,172,6800,4900,1900,0.7205882352941176,87,49,38,188.2783512879594,0.4803042408994061,0.7146192018598936,0.11233288282906198,2112509.7696238053,38347.97130089512,2150857.7409247006,83,0,43.69186046511628,78,94,57,38.22680385918095,0.5570494186046512,43.06434599156117,16443.881856540014,210.8189981607694,0
85,64,3,1,172,0.017341040462427744,0.005780346820809248,0.9942196531791907,173,6100,4300,1800,0.7049180327868853,79,43,36,218.5479156299361,0.480411513644307,0.7532518413048208,0.12956566285525056,2108643.8803668497,51467.94497199891,2160111.8253388484,84,0,44.31791907514451,73,100,45,37.6894147108284,0.5570207129094412,43.299549549549546,16428.828828828802,225.0524497099836,8
86,64,1,2,171,0.005780346820809248,0.011560693641618497,0.9884393063583815,173,4800,3100,1700,0.6458333333333334,65,31,34,221.05418595466261,0.48050953309136535,0.7626957576276885,0.1292009844984115,2099952.731933993,53440.66834018812,2153393.400274181,85,0,45.28901734104046,78,95,49,38.16634925537027,0.5509995183044316,43.829113924050645,16394.936708860823,210.19149626744644,8
87,64,2,0,173,0.011560693641618497,0.0,1.0,173,5450,3500,1950,0.6422018348623854,74,35,39,231.98696405636682,0.48081339337724605,0.7600480005408514,0.1322325695121292,2084455.335263981,56663.29298779756,2141118.6282517784,86,0,45.82658959537572,66,107,50,38.85525808154651,0.5419677263969171,44.77611940298508,16334.328358208973,247.48982360922687,8
88,64,3,1,175,0.017045454545454544,0.005681818181818182,0.9943181818181818,176,5500,3500,2000,0.6363636363636364,75,35,40,218.9073096128641,0.4813095238095238,0.7522130241719238,0.12514212697975913,2086271.1592504757,50640.001318886934,2136911.160569363,87,0,46.02840909090909,73,103,50,39.07550719444291,0.5460464015151515,44.66497747747749,16341.441441441513,223.8553622115276,6
89,64,3,1,177,0.016853932584269662,0.0056179775280898875,0.9943820224719101,178,6250,4400,1850,0.704,81,44,37,200.1840011515357,0.481413593178019,0.7377772143653694,0.11402330096938477,2084010.225981551,41587.10109553989,2125597.3270770907,88,0,46.46067415730337,88,90,54,39.69474255488287,0.5420177902621723,44.80337078651683,16332.584269662788,185.5975485188953,8
90,64,4,5,176,0.022099447513812154,0.027624309392265192,0.9723756906077348,181,5800,4200,1600,0.7241379310344828,74,42,32,189.51876564428807,0.48150066502967054,0.7274341811639671,0.10905021457908648,2090313.4131419584,37230.723573673255,2127544.1367156315,89,0,46.613259668508285,77,104,52,39.57397150520779,0.5446593001841621,44.417735042735075,16357.264957265113,212.43201243201446,0
91,64,1,0,177,0.005649717514124294,0.0,1.0,177,5650,3900,1750,0.6902654867256637,74,39,35,189.5178353492529,0.48068877332648524,0.7219020365287221,0.10960512437514693,2093453.747099875,38299.36451083043,2131753.1116107055,90,0,48.54237288135593,80,97,53,39.37844620979769,0.5468455743879472,44.225823045267504,16369.54732510295,204.6193415637869,0
92,64,0,3,174,0.0,0.01694915254237288,0.9830508474576272,177,5750,4000,1750,0.6956521739130435,75,40,35,191.4910381089287,0.48045604348570453,0.7246433186383037,0.11118693761723542,2095902.001580638,39119.29001145232,2135021.2915920904,91,1,49.54237288135593,82,95,55,39.175595821890944,0.5483757062146892,44.07630522088356,16379.1164658636,199.74532275443414,0
93,64,4,1,177,0.02247191011235955,0.0056179775280898875,0.9943820224719101,178,5550,4200,1350,0.7567567567567568,69,42,27,189.8313183304498,0.4804514748513511,0.7237231743038537,0.11139666372797799,2102404.4377992824,38670.44121824509,2141074.8790175277,92,0,50.12921348314607,73,105,59,38.81385349735475,0.5512055243445693,43.67961711711711,16404.50450450448,224.7192397877326,0
94,64,3,1,179,0.016666666666666666,0.005555555555555556,0.9944444444444445,180,5400,3700,1700,0.6851851851851852,71,37,34,185.12716223855796,0.48076763914752746,0.719674672590126,0.10921137998397479,2105632.6247351877,36561.95850683033,2142194.5832420182,93,0,50.05,77,103,59,38.73407781479938,0.553125,43.48290598290598,16417.09401709401,213.2090132090131,0
95,64,2,0,181,0.011049723756906077,0.0,1.0,181,6000,4300,1700,0.7166666666666667,77,43,34,208.59125792276348,0.48049033149171266,0.7578348243568289,0.12335075932999157,2107104.5289401747,45704.71685327628,2152809.245793451,94,0,50.58011049723757,72,109,40,38.040672672338694,0.5485151933701657,43.39326484018264,16422.831050228262,228.09487569761475,8
96,64,1,1,181,0.005494505494505495,0.005494505494505495,0.9945054945054945,182,6300,4300,2000,0.6825396825396826,83,43,40,209.92186091726023,0.4803448738186307,0.7616589313708082,0.12522878120310807,2112425.932098756,45988.87654320942,2158414.8086419655,95,0,51.2967032967033,74,108,45,37.675910409571685,0.5508814102564102,43.06944444444443,16443.555555555482,222.21021021020923,0
97,64,0,1,180,0.0,0.0055248618784530384,0.994475138121547,181,4900,3200,1700,0.6530612244897959,66,32,34,210.8125148438001,0.48010410272150605,0.7618393895490159,0.12615117751693078,2114307.503270228,48044.496383502206,2162351.99965373,96,1,52.56353591160221,75,106,47,37.53621449646299,0.5520833333333333,42.95504385964911,16450.877192982385,219.34502923976513,0
98,64,0,1,179,0.0,0.005555555555555556,0.9944444444444445,180,5600,3700,1900,0.6607142857142857,75,37,38,221.41668411735094,0.47995616076970826,0.770534194713627,0.12996549953970699,2102564.3080210313,51508.56344510143,2154072.871466133,97,2,53.37222222222222,64,116,50,37.99429509221633,0.5480902777777779,43.66987179487178,16405.128205128145,256.33012820512727,8
99,64,2,1,180,0.011049723756906077,0.0055248618784530384,0.994475138121547,181,7400,5500,1900,0.7432432432432432,93,55,38,205.93792132447652,0.47975112543482706,0.7501942407386932,0.12034114966901631,2099826.63001544,42886.7862654324,2142713.416280872,98,0,53.67955801104972,83,98,53,38.561433977182865,0.5468462246777164,43.836805555555564,16394.444444444503,197.52342704150004,7
100,64,1,4,177,0.0055248618784530384,0.022099447513812154,0.9779005524861879,181,5750,4500,1250,0.782608695652174,70,45,25,205.16530305141663,0.47951069163085736,0.7499648298152186,0.12052645333300603,2103072.6172839515,44345.506172839574,2147418.123456791,99,0,54.149171270718234,74,107,50,38.37924838371801,0.5484576427255985,43.63888888888889,16407.11111111112,221.71771771771785,0
101,64,3,2,178,0.016666666666666666,0.011111111111111112,0.9888888888888889,180,6150,4200,1950,0.6829268292682927,81,42,39,201.39975430812996,0.47959923960273126,0.7428394443052406,0.11915007700025922,2107370.7058968022,42734.788480753436,2150105.494377556,100,0,54.81666666666667,80,100,43,38.208677858515,0.5516782407407408,43.37705761316873,16423.86831275724,205.2983539094655,0
102,64,2,0,180,0.011111111111111112,0.0,1.0,180,6150,4600,1550,0.7479674796747967,77,46,31,210.86988933148282,0.4797072211876681,0.7602893209641195,0.11953633954971767,2081026.6728395056,45615.172839506035,2126641.8456790117,101,0,55.49444444444445,74,106,50,39.608636058311966,0.5348379629629629,44.98611111111111,16320.888888888885,220.5525525525525,7
103,64,5,2,183,0.02702702702702703,0.010810810810810811,0.9891891891891892,185,6750,4500,2250,0.6666666666666666,90,45,45,200.8926922988464,0.4803380826478652,0.7559547604563681,0.11539403460015542,2089236.7034759445,40192.47724216992,2129429.1807181146,102,0,54.96756756756757,70,115,49,39.350429681518925,0.5385135135135135,44.483568075117375,16353.05164319251,233.6150234741787,0
104,64,3,0,186,0.016129032258064516,0.0,1.0,186,5350,3000,2350,0.5607476635514018,77,30,47,195.85691335248353,0.4801353773127967,0.7512855742905336,0.11349748173039605,2094684.6236029,39501.69296515484,2134186.3165680547,103,0,55.446236559139784,77,109,50,39.13965445244806,0.5416666666666667,44.150641025641036,16374.358974359031,212.6540126540134,0
105,64,3,1,188,0.015873015873015872,0.005291005291005291,0.9947089947089947,189,6000,4300,1700,0.7166666666666667,77,43,34,207.42650627287318,0.48015052159555704,0.7649446830368034,0.12136887743015976,2100625.046475326,43345.06287593435,2143970.1093512606,104,0,55.55026455026455,81,108,51,38.4735960302114,0.5444223985890653,43.78810975609758,16397.560975609867,202.43902439024527,0
106,64,5,2,191,0.025906735751295335,0.010362694300518135,0.9896373056994818,193,6000,4000,2000,0.6666666666666666,80,40,40,215.22103323865207,0.4808229436528497,0.7812683018115458,0.12413653943199912,2091795.5687951546,45439.680728025705,2137235.24952318,105,0,55.3419689119171,73,120,45,38.82452192185579,0.5372949050086355,44.327139639639654,16363.063063063128,224.15154880908395,8
107,64,2,1,192,0.010362694300518135,0.0051813471502590676,0.9948186528497409,193,6550,4600,1950,0.7022900763358778,85,46,39,210.02019406634076,0.4808072017127231,0.7773974066072844,0.12202604555055574,2096307.7341105025,42903.39142813206,2139211.1255386346,106,0,55.80829015544042,75,118,49,38.676100460533355,0.5397236614853196,44.05153508771931,16380.70175438602,218.40935672514695,0
108,64,2,3,191,0.010309278350515464,0.015463917525773196,0.9845360824742269,194,6750,4700,2050,0.6962962962962963,88,47,41,189.06341723508112,0.480956657407902,0.7528024274380309,0.10776426284476248,2084444.4515306295,33268.43820861774,2117712.8897392475,107,0,56.48969072164948,69,125,54,39.95144840922784,0.5332366838487972,44.776785714285744,16334.285714285852,236.7287784679109,7
109,64,3,3,191,0.015463917525773196,0.015463917525773196,0.9845360824742269,194,6850,4500,2350,0.656934306569343,92,45,47,194.00272619310073,0.48128494293396007,0.7552221555918459,0.1119672876885905,2092177.5356513571,35527.62911926607,2127705.164770623,108,0,56.88659793814433,78,116,51,39.343221431518174,0.5369952749140894,44.30379746835446,16364.556962025468,209.80201233365986,0
110,64,0,4,187,0.0,0.020942408376963352,0.9790575916230366,191,6550,4500,2050,0.6870229007633588,86,45,41,210.82213298702635,0.4803940479470929,0.777266245053249,0.12305842162549982,2099144.3633889942,43759.218427471846,2142903.581816466,109,1,58.654450261780106,72,119,52,38.47881497576468,0.5433027923211169,43.87842465753423,16391.780821917735,227.6636225266352,8
111,64,1,1,187,0.005319148936170213,0.005319148936170213,0.9946808510638298,188,6500,4800,1700,0.7384615384615385,82,48,34,225.8757585431036,0.48013378465506124,0.7820105103949093,0.1278967365128076,2080314.3140589688,49878.51473922973,2130192.8287981986,110,0,59.90425531914894,69,119,48,39.27060231119414,0.5343528368794326,45.029761904761926,16318.095238095333,236.49413388543962,8
112,64,1,1,187,0.005319148936170213,0.005319148936170213,0.9946808510638298,188,5800,4200,1600,0.7241379310344828,74,42,32,220.40703022179503,0.47988844957712296,0.7758634951125827,0.1252054807523054,2082337.270125739,48392.35472571537,2130729.6248514545,111,0,60.66489361702128,72,116,52,39.28336689601167,0.536679964539007,44.90582191780824,16326.027397260368,226.7503805175051,0
113,64,3,0,190,0.015789473684210527,0.0,1.0,190,5600,3900,1700,0.6964285714285714,73,39,34,215.96189500854544,0.4802509746588694,0.7748977996488657,0.1237036963458993,2087503.8984183606,46564.259548031245,2134068.1579663916,112,0,60.9,66,124,55,39.07365980845712,0.5395285087719298,44.58955223880598,16346.268656716456,247.6707372229766,0
114,64,1,2,189,0.005235602094240838,0.010471204188481676,0.9895287958115183,191,6150,4000,2150,0.6504065040650406,83,40,43,234.56743656977008,0.4802126389271608,0.7936915812803136,0.13184307641680176,2075703.1250000007,53028.47222222222,2128731.597222223,113,0,61.575916230366495,65,126,43,39.33836059986367,0.5285231239092496,45.3125,16300.000000000005,250.76923076923086,8
115,64,4,0,193,0.02072538860103627,0.0,1.0,193,5800,4100,1700,0.7068965517241379,75,41,34,225.6153726315888,0.48062279612838227,0.7873644178385741,0.12776049400340114,2080369.0364015077,49472.64707178903,2129841.683473297,114,0,61.87564766839378,70,123,47,39.273812263843325,0.5313579447322971,45.026408450704224,16318.30985915493,233.11871227364185,0
116,64,1,2,192,0.005154639175257732,0.010309278350515464,0.9896907216494846,194,5650,4100,1550,0.7256637168141593,72,41,31,242.1644738059257,0.4806673210120542,0.8031790888471402,0.1375073055611042,2082075.1953125033,56390.92881944465,2138466.1241319478,115,0,62.55154639175258,71,123,48,38.74478900799729,0.5305519759450172,44.92187500000001,16325.000000000025,229.9295774647891,8
117,64,4,2,194,0.02040816326530612,0.01020408163265306,0.9897959183673469,196,7400,5400,2000,0.7297297297297297,94,54,40,232.3229907536138,0.48074088609802895,0.7964894753392684,0.13338778529361606,2088957.980404183,50462.593113226336,2139420.573517409,116,0,62.88265306122449,67,129,50,38.564774566820546,0.5334821428571428,44.50061274509806,16351.960784313818,244.05911618378832,0
118,64,1,3,192,0.005128205128205128,0.015384615384615385,0.9846153846153847,195,6100,4000,2100,0.6557377049180327,82,40,42,232.4040100370348,0.48052031015948543,0.7959366647597068,0.13438186819274595,2093334.7627716009,52199.87864360936,2145534.6414152104,117,0,63.96923076923077,68,127,44,38.28896627710227,0.5364850427350427,44.233091787439626,16369.082125603925,240.7217959647636,0
119,64,7,3,196,0.035175879396984924,0.01507537688442211,0.9849246231155779,199,6600,4500,2100,0.6818181818181818,87,45,42,223.20115844710614,0.48136515912897826,0.7892507485401428,0.130307355315421,2099253.7211165694,47311.17248552446,2146564.8936020937,118,0,63.33165829145729,76,123,51,38.15494110811813,0.5396252093802345,43.871753246753286,16392.20779220798,215.68694463431552,0
120,64,4,2,198,0.02,0.01,0.99,200,7000,4700,2300,0.6714285714285714,93,47,46,214.48095310864872,0.48115473199329983,0.781065646731572,0.1264445763243015,2105230.1935426653,43306.355684826995,2148536.5492274924,119,0,63.86,72,128,50,38.00614279091331,0.5429166666666667,43.50742009132419,16415.525114155214,227.99340436326688,0
121,64,0,4,194,0.0,0.020202020202020204,0.9797979797979798,198,6150,4000,2150,0.6504065040650406,83,40,43,214.37564744603378,0.4808127809396845,0.7787084000894271,0.12692879170635224,2107860.7469135765,44624.80246913552,2152485.549382712,120,1,64.87878787878788,74,124,41,37.8452116817288,0.5441919191919191,43.347222222222214,16425.77777777775,221.96996996996958,0
122,64,2,2,194,0.01020408163265306,0.01020408163265306,0.9897959183673469,196,6000,4000,2000,0.6666666666666666,80,40,40,212.90066312721976,0.4801696319553463,0.7750549110936984,0.1265766321936425,2110370.987654315,44659.876543209626,2155030.8641975243,121,0,66.09693877551021,74,122,44,37.72703713719129,0.5461309523809523,43.194444444444436,16435.555555555507,222.10210210210144,0
123,64,0,5,189,0.0,0.02577319587628866,0.9742268041237113,194,5950,4100,1850,0.6890756302521008,78,41,37,235.34788358892064,0.479670223278671,0.7952136782999621,0.13726170963451373,2098640.856749404,54032.136809842494,2152672.993559247,122,1,67.18041237113403,71,123,50,37.88209941057943,0.5415055841924399,43.909143518518526,16389.81481481485,230.84246218049086,8
124,64,1,1,189,0.005263157894736842,0.005263157894736842,0.9947368421052631,190,6050,4500,1550,0.743801652892562,76,45,31,252.6407919254517,0.47914868188990994,0.8042601898574164,0.1443919561824408,2086122.7544369348,61357.940946930656,2147480.6953838654,123,0,69.14736842105263,61,129,47,38.22348434998137,0.5359100877192983,44.67405913978496,16340.860215053808,267.8829543451444,8
125,64,2,1,190,0.010471204188481676,0.005235602094240838,0.9947643979057592,191,4950,2800,2150,0.5656565656565656,71,28,43,236.042453358443,0.4793388904197667,0.7977762917524764,0.13429854337235583,2083317.6442064433,55200.28157268421,2138517.9257791275,124,0,69.73821989528795,76,115,48,38.823056395030335,0.5338132635253054,44.84577922077922,16329.870129870133,214.86671223513332,8
126,64,5,2,193,0.02564102564102564,0.010256410256410256,0.9897435897435898,195,6950,5200,1750,0.7482014388489209,87,52,35,237.75509728076182,0.48027359238699446,0.800213292826685,0.13745349095379036,2093233.6703525137,53585.394985205494,2146819.0653377194,125,0,69.25641025641026,65,130,47,38.1584258973568,0.5375,44.239267676767675,16368.686868686857,251.82595182595165,0
127,64,3,2,194,0.015306122448979591,0.01020408163265306,0.9897959183673469,196,5600,3700,1900,0.6607142857142857,75,37,38,230.57365256972707,0.4804988662131519,0.7949764886191626,0.13419448981087875,2097347.0521541894,51918.59410430804,2149265.6462584976,126,0,69.71938775510205,69,127,50,38.08513523986668,0.5395408163265306,43.98809523809523,16384.76190476186,237.46031746031682,0
128,64,4,1,197,0.020202020202020204,0.005050505050505051,0.9949494949494949,198,5550,3800,1750,0.6846846846846847,73,38,35,209.87826827993493,0.48076738194123986,0.7821056996175526,0.11972617543130977,2084952.0692161687,42367.22594675136,2127319.29516292,127,0,69.75757575757575,67,131,49,39.38847796515236,0.5360374579124579,44.74571078431373,16336.274509803936,243.82499268364083,8
129,64,4,2,199,0.01990049751243781,0.009950248756218905,0.9900497512437811,201,5600,3600,2000,0.6428571428571429,76,36,40,204.57798749571228,0.48099398839137647,0.7802380288709263,0.11790257792071879,2091296.537422841,39766.64737654336,2131063.1847993843,128,0,69.69154228855722,71,130,45,39.127758913412556,0.5386090381426203,44.35763888888889,16361.111111111122,230.43818466353693,0
130,64,2,1,200,0.009950248756218905,0.004975124378109453,0.9950248756218906,201,6950,5300,1650,0.762589928057554,86,53,33,218.99240356326462,0.48071932006633494,0.7857556670535975,0.12298069823015753,2075151.889957077,43738.500028109935,2118890.389985187,129,0,70.66666666666667,76,125,45,39.76959820796145,0.5305244610281924,45.34632034632033,16297.835497835436,214.44520391888733,8
131,64,7,3,204,0.033816425120772944,0.014492753623188406,0.9855072463768116,207,5950,3800,2150,0.6386554621848739,81,38,43,198.64215916087898,0.481457053296437,0.7773332177142713,0.10913176812579409,2061306.1130062547,34542.45939581679,2095848.5724020714,130,0,69.17874396135265,82,125,50,41.155697308345275,0.5223933172302737,46.197289156626525,16243.373493976007,198.08992065824398,8
132,64,4,2,206,0.019230769230769232,0.009615384615384616,0.9903846153846154,208,6400,4600,1800,0.71875,82,46,36,197.44133043007002,0.4818284133841199,0.7786773361220025,0.1093923616516034,2066657.445987654,33608.719135802494,2100266.1651234566,131,0,69.09134615384616,89,119,54,40.850440633966414,0.5251903044871795,45.86805555555556,16264.44444444444,182.74656679151056,0
133,64,5,3,208,0.023696682464454975,0.014218009478672985,0.985781990521327,211,7050,5000,2050,0.7092198581560284,91,50,41,186.53477359482594,0.48198205822613405,0.7696190548791417,0.10463187567596599,2074424.0698171407,28140.44484059947,2102564.51465774,132,0,69.04739336492891,72,139,53,40.641638177436505,0.5278436018957346,45.39098173515981,16294.977168949752,226.31912734652434,0
134,64,3,1,210,0.014218009478672985,0.004739336492890996,0.995260663507109,211,7000,5000,2000,0.7142857142857143,90,50,40,185.6416789386417,0.4817441510569473,0.7687091117793299,0.10498894951739987,2079563.820018366,28010.74380165303,2107574.563820019,133,0,69.71563981042654,76,135,59,40.34330113917782,0.5302132701421801,45.07575757575758,16315.151515151518,214.67304625199367,0
135,64,4,0,214,0.018691588785046728,0.0,1.0,214,6600,4600,2000,0.696969696969697,86,46,40,180.6767736821241,0.4817352975589779,0.7657943925233643,0.10314225269255166,2085399.722277337,25956.658731733856,2111356.3810090707,134,0,69.57943925233644,70,144,60,40.10596264367816,0.5333917445482865,44.71830985915495,16338.028169014173,233.40040241448818,0
136,64,5,2,217,0.0228310502283105,0.0091324200913242,0.9908675799086758,219,8300,6100,2200,0.7349397590361446,105,61,44,173.21922155565943,0.4818660718026057,0.7595528833240348,0.10021321456492417,2093664.266117987,20432.578875172316,2114096.844993159,135,0,68.96803652968036,80,139,53,39.78223981900455,0.5369577625570776,44.21296296296299,16370.370370370507,204.62962962963132,0
137,64,4,4,217,0.01809954751131222,0.01809954751131222,0.9819004524886877,221,8150,6200,1950,0.7607361963190185,101,62,39,168.24153136124804,0.48154908816673525,0.7558173638340191,0.09838011784914456,2100245.218185331,18319.694348328343,2118564.9125336595,136,0,69.27601809954751,84,137,55,39.50111616040816,0.539828431372549,43.811274509803944,16396.078431372687,195.1914098972939,0
138,64,4,4,217,0.01809954751131222,0.01809954751131222,0.9819004524886877,221,7200,5300,1900,0.7361111111111112,91,53,38,199.17625002251165,0.48124314411079117,0.7910347847532941,0.11405060431225393,2087295.9710743886,31747.9568411391,2119043.9279155275,137,0,70.18099547511312,76,145,51,39.51535656902733,0.5329468325791855,44.60227272727274,16345.454545454613,215.0717703349291,8
139,64,3,3,217,0.013636363636363636,0.013636363636363636,0.9863636363636363,220,7100,5300,1800,0.7464788732394366,89,53,36,194.35640229373536,0.48094169434066697,0.7847598307837838,0.112101603270894,2091792.7936646193,30210.664344123386,2122003.458008743,138,0,71.08636363636364,82,138,44,39.358146802801215,0.5355587121212122,44.32730923694779,16363.05220883535,199.5494171809189,0
140,64,1,0,218,0.0045871559633027525,0.0,1.0,218,6550,4100,2450,0.6259541984732825,90,41,49,196.8208110734789,0.4805666828732085,0.7856945696494793,0.11389633461427014,2093820.304690503,32271.48212226062,2126091.7868127637,139,0,72.68807339449542,84,134,46,39.168822561842305,0.5368405963302753,44.20343137254902,16370.980392156856,194.89262371615305,0
141,64,2,1,219,0.00909090909090909,0.004545454545454545,0.9954545454545455,220,7950,6000,1950,0.7547169811320755,99,60,39,199.95303397876714,0.48055728518057284,0.7921815581629654,0.11675754405816548,2099373.129922584,32005.205356304454,2131378.3352788887,140,0,73.01818181818182,90,130,49,38.74296120843762,0.5396780303030303,43.86446886446887,16392.67399267402,182.14082214082242,0
142,64,2,3,218,0.00904977375565611,0.013574660633484163,0.9864253393665159,221,7900,5600,2300,0.7088607594936709,102,56,46,199.44173933419924,0.4803304538598656,0.7934705437408947,0.11750484340118239,2104848.0301631363,31858.9104339802,2136706.9405971165,141,0,73.58371040723982,75,146,46,38.41563346159328,0.5429864253393666,43.53070175438598,16414.03508771937,218.8538011695916,0
143,64,4,3,219,0.018018018018018018,0.013513513513513514,0.9864864864864865,222,6650,4400,2250,0.6616541353383458,89,44,45,194.46481978778462,0.4805645577704401,0.7876611164508511,0.11562095090130833,2110397.530947683,31029.615107266338,2141427.146054949,142,0,73.25225225225225,85,137,43,38.19883344338585,0.5457019519519519,43.192829457364375,16435.65891472887,193.3606931144573,0
144,64,1,3,217,0.004545454545454545,0.013636363636363636,0.9863636363636363,220,6200,4300,1900,0.6935483870967742,81,43,38,191.4940089684848,0.48029481458419815,0.783601645878871,0.11415367988256317,2111990.4340184084,30686.703022655838,2142677.1370410644,143,0,74.65,85,135,47,38.17637120854945,0.5470170454545454,43.09593023255817,16441.860465116435,193.4336525307816,0
145,64,5,1,221,0.02252252252252252,0.0045045045045045045,0.9954954954954955,222,8100,5600,2500,0.691358024691358,106,56,50,184.81480263167398,0.4801225150489856,0.7777773881214993,0.11138025656254154,2118587.9686700953,25809.283457520425,2144397.2521276157,144,0,74.38738738738739,77,145,54,37.939600958460915,0.551097972972973,42.69497863247862,16467.52136752133,213.86391386391338,0
146,64,3,1,223,0.013392857142857142,0.004464285714285714,0.9955357142857143,224,8300,6300,2000,0.7590361445783133,103,63,40,185.33404392447625,0.48015636677877427,0.7779318318544135,0.10934215244488397,2105681.3462124667,24950.887821978253,2130632.234034445,145,0,74.54464285714286,80,144,53,38.725748232816976,0.5447823660714286,43.47993827160494,16417.28395061728,205.216049382716,8
147,64,1,0,224,0.004464285714285714,0.0,1.0,224,8850,6200,2650,0.7005649717514124,115,62,53,183.7827716446769,0.4802101684283579,0.7729518054510316,0.10496761134466796,2085709.221278648,23013.48430629031,2108722.705584938,146,0,75.53571428571429,78,146,57,40.007381296698064,0.5318080357142857,44.69936708860761,16339.240506329166,209.47744238883547,8
148,64,4,4,224,0.017543859649122806,0.017543859649122806,0.9824561403508771,228,6700,5000,1700,0.746268656716418,84,50,34,179.76209797114097,0.4804917948321612,0.7712676294466343,0.10348600820822793,2090611.5388312254,22862.543252595562,2113474.082083821,147,0,75.19298245614036,84,144,46,39.80478176791171,0.5344480994152047,44.39950980392158,16358.431372549072,194.7432306255842,0
149,64,3,1,226,0.013215859030837005,0.004405286343612335,0.9955947136563876,227,6650,4600,2050,0.6917293233082706,87,46,41,176.8046758799236,0.48038006965290503,0.7661969753887881,0.10244475387485506,2094611.7326817622,22017.429698216998,2116629.162379979,148,0,75.69603524229075,89,138,51,39.63163499962301,0.5365271659324522,44.1550925925926,16374.074074074126,183.97836038285536,0
150,64,3,2,227,0.013100436681222707,0.008733624454148471,0.9912663755458515,229,7500,5600,1900,0.7466666666666667,94,56,38,199.65042553274128,0.48060311805715167,0.7993935075598477,0.11244052058787452,2076948.450617283,29632.728395061647,2106581.1790123447,149,0,76.00436681222708,74,155,48,40.14973922840683,0.522561863173217,45.23611111111111,16304.888888888881,220.33633633633625,8
151,64,4,2,229,0.017316017316017316,0.008658008658008658,0.9913419913419913,231,6950,4800,2150,0.6906474820143885,91,48,43,193.1548839814035,0.4807916117698727,0.7930731565720226,0.10968299810395359,2082101.4380006213,27283.61233890376,2109385.050339525,150,0,75.91341991341992,80,151,55,39.99327787580868,0.5253427128427128,44.9202674897119,16325.10288065826,204.06378600822825,0
152,64,3,2,230,0.01293103448275862,0.008620689655172414,0.9913793103448276,232,8850,6200,2650,0.7005649717514124,115,62,53,190.32160141852987,0.48121065955117676,0.7907130273545202,0.10898748373794973,2087336.7045629416,24203.052862419183,2111539.757425361,151,0,75.98275862068965,75,157,53,39.7389628278058,0.5282866379310345,44.59978070175438,16345.614035087712,217.94152046783617,0
153,64,2,5,227,0.008620689655172414,0.021551724137931036,0.978448275862069,232,7700,5400,2300,0.7012987012987013,100,54,46,187.36596100106232,0.48129501604717123,0.7880581629730501,0.1080020051624016,2091405.7877219073,24271.65105194027,2115677.4387738477,152,0,76.9353448275862,77,155,52,39.56096876142718,0.5301275143678161,44.35096153846156,16361.53846153857,212.4875124875139,0
154,64,3,4,226,0.013043478260869565,0.017391304347826087,0.9826086956521739,230,7200,4600,2600,0.6388888888888888,98,46,52,201.58852135317412,0.4813057717865958,0.7967243743648229,0.11462349063825017,2082925.5425347253,30778.77604166672,2113704.318576392,153,0,77.5304347826087,79,151,53,39.72665952162227,0.526358695652174,44.86979166666667,16328.333333333358,206.68776371308047,8
155,64,3,1,228,0.013100436681222707,0.004366812227074236,0.9956331877729258,229,7700,5600,2100,0.7272727272727273,98,56,42,204.9677918403768,0.4811585459281391,0.7967474648697337,0.11797035130368502,2090474.3767313303,32195.983379502955,2122670.3601108333,154,0,78.41484716157206,75,154,49,39.169079794079856,0.5295669577874818,44.40789473684215,16357.894736842329,218.10526315789772,0
156,64,1,3,226,0.004366812227074236,0.013100436681222707,0.9868995633187773,229,6250,4300,1950,0.688,82,43,39,199.129972965591,0.48118807298449906,0.8023874189363496,0.11179861735781124,2074995.7200038699,30588.768325617937,2105584.488329488,155,0,79.41048034934498,71,158,44,40.28517555820693,0.5221069868995634,45.3559027777778,16297.222222222317,229.5383411580608,8
157,64,2,5,223,0.008771929824561403,0.021929824561403508,0.9780701754385965,228,7500,5500,2000,0.7333333333333333,95,55,40,195.71507872380857,0.48130691771646444,0.797913663363923,0.10631656792958263,2054117.0802199617,27304.33721263341,2081421.417432595,156,0,80.55701754385964,70,158,51,41.68162603509177,0.5092744883040936,46.64025821596242,16215.023474178306,231.64319248826152,8
158,64,8,5,226,0.03463203463203463,0.021645021645021644,0.9783549783549783,231,6650,4300,2350,0.6466165413533834,90,43,47,199.32227168328512,0.48292709705753184,0.8021659279830053,0.10948024023572571,2061160.1434825277,29317.024420396454,2090477.1679029241,157,0,78.75757575757575,80,151,50,41.147601553922826,0.5087932900432901,46.206275720164605,16242.798353909435,203.03497942386792,8
159,64,8,1,233,0.03418803418803419,0.004273504273504274,0.9957264957264957,234,7000,5000,2000,0.7142857142857143,90,50,40,211.51924672729302,0.483298408593473,0.8157117231191284,0.11422039323273897,2050312.500000014,32936.11111111174,2083248.6111111257,158,0,78.06410256410257,79,155,48,41.52091906721536,0.5030715811965811,46.87500000000002,16200.000000000113,205.06329113924193,8
160,64,9,4,238,0.0371900826446281,0.01652892561983471,0.9834710743801653,242,7850,5300,2550,0.6751592356687898,104,53,51,200.7849096213414,0.484265514442806,0.8133119196903509,0.10952280959203567,2056756.7003789495,26343.14163973474,2083099.8420186844,159,0,76.44214876033058,75,167,44,41.387173145194716,0.5091253443526171,46.47752192982454,16225.438596491123,216.33918128654832,8
161,64,6,1,243,0.02459016393442623,0.004098360655737705,0.9959016393442623,244,7700,5300,2400,0.6883116883116883,101,53,48,208.07183191067944,0.48452081787312506,0.8209343502042674,0.11498115664122632,2065003.9023132357,29433.828971403047,2094437.7312846386,160,0,76.14344262295081,83,161,53,40.68408795053289,0.5129781420765027,45.969742063492056,16257.936507936472,195.87875310766833,0
162,64,5,4,244,0.020161290322580645,0.016129032258064516,0.9838709677419355,248,7650,5700,1950,0.7450980392156863,96,57,39,202.64996948026408,0.4848402605459057,0.8203410254041907,0.11381519290173212,2075218.0342970646,26858.574263039143,2102076.608560104,161,0,75.27016129032258,69,179,48,40.18162361947058,0.5163810483870968,45.342261904761926,16298.095238095337,236.2042788129759,0
163,64,4,4,244,0.016129032258064516,0.016129032258064516,0.9838709677419355,248,8400,5900,2500,0.7023809523809523,109,59,50,198.6146084760194,0.48477428061468814,0.8166139844639599,0.11253256184691778,2080712.8214259704,24651.99247571098,2105364.8139016815,162,0,76.03225806451613,77,171,52,39.94077546175064,0.5194052419354839,45.005341880341895,16319.658119658183,211.94361194361275,0
164,64,1,1,244,0.004081632653061225,0.004081632653061225,0.9959183673469387,245,8300,5900,2400,0.7108433734939759,107,59,48,184.11507370211336,0.48482003457120554,0.7962803163609726,0.10327556371689933,2074429.8828124912,19086.762152777428,2093516.6449652687,163,0,77.16734693877551,79,166,46,40.7028826156626,0.5153486394557822,45.390624999999986,16294.99999999993,206.26582278480925,8
165,64,3,5,242,0.012145748987854251,0.020242914979757085,0.979757085020243,247,7750,5600,2150,0.7225806451612903,99,56,43,205.24278925367332,0.4849179311631173,0.8191737738017224,0.11530131563831976,2075380.748277512,28041.386707970167,2103422.134985482,164,0,77.47368421052632,78,169,45,40.10540713126917,0.5201163967611335,45.332278481012644,16298.734177215129,208.95813047711704,8
166,64,4,2,244,0.016260162601626018,0.008130081300813009,0.991869918699187,246,7900,5800,2100,0.7341772151898734,100,58,42,205.2830079447789,0.48489540124993086,0.8199330912152809,0.11663733467487218,2082461.6952550933,28398.80014634924,2110860.4954014425,165,0,78.14227642276423,87,159,50,39.661394289514774,0.5235010162601625,44.89820075757574,16326.515151515036,187.66109369557512,0
167,64,4,2,246,0.016129032258064516,0.008064516129032258,0.9919354838709677,248,6700,4100,2600,0.6119402985074627,93,41,52,196.17856525048532,0.485206551194985,0.8104234893879376,0.11053624904663023,2077237.670561756,25201.90117901283,2102439.571740769,166,0,78.45161290322581,82,166,50,40.22010409996221,0.5169270833333333,45.21837349397589,16306.02409638547,198.85395239494477,8
168,64,2,4,244,0.008064516129032258,0.016129032258064516,0.9838709677419355,248,8500,6100,2400,0.7176470588235294,109,61,48,200.88400485949742,0.48521335324974973,0.8141070038552791,0.11380543784451316,2080641.8634697264,25493.534042424726,2106135.397512151,167,0,79.20564516129032,85,163,52,39.88734245360694,0.5198672715053764,45.0096899224806,16319.379844961106,191.99270405836594,0
169,64,2,1,245,0.008130081300813009,0.0040650406504065045,0.9959349593495935,246,7700,5500,2200,0.7142857142857143,99,55,44,213.83208239575487,0.4849610779271058,0.8206027437280528,0.12057111213971196,2077694.9863672503,31955.569103625556,2109650.555470876,168,0,80.63414634146342,80,166,44,39.74168096632009,0.5178268970189701,45.19032921810699,16307.818930041121,203.84773662551402,8
170,64,5,2,248,0.02,0.008,0.992,250,8900,6000,2900,0.6741573033707865,118,60,58,208.18113298422247,0.48581258366800534,0.8207383141970936,0.11870135528548148,2084655.117283957,27897.17283950647,2112552.2901234636,169,0,80.196,74,176,48,39.45035460992909,0.5208333333333333,44.7638888888889,16335.111111111164,220.74474474474545,0
171,64,6,5,249,0.023622047244094488,0.01968503937007874,0.9803149606299213,254,8150,5900,2250,0.7239263803680982,104,59,45,198.3769316097785,0.4860823659394355,0.8160953912451074,0.11437741880517456,2091559.5522362918,24033.43325035208,2115592.985486644,170,0,79.85826771653544,80,174,47,39.26989017437963,0.5238681102362205,44.34156378600825,16362.139917695578,204.52674897119473,0
172,64,1,0,250,0.004,0.0,1.0,250,7400,5300,2100,0.7162162162162162,95,53,42,225.3196878923817,0.4857279116465863,0.8357702545976688,0.1272968358398554,2078916.6425716328,36284.16981170395,2115200.8123833365,171,0,81.976,73,177,47,39.372376705141676,0.5187916666666667,45.11542792792794,16312.61261261267,223.46044674811876,8
173,64,7,6,251,0.027237354085603113,0.023346303501945526,0.9766536964980544,257,9500,7000,2500,0.7368421052631579,120,70,50,215.29133496839984,0.4862628941715305,0.8325901174625119,0.12374317239423102,2089629.6369226817,29075.830824523255,2118705.467747205,172,0,80.715953307393,68,189,43,38.95797640849925,0.5229815175097277,44.45954106280193,16354.589371980674,240.5086672350099,0
174,64,2,4,249,0.007905138339920948,0.015810276679841896,0.9841897233201581,253,8800,6200,2600,0.7045454545454546,114,62,52,201.27756549776782,0.48544189305058866,0.8157829427991501,0.11326773340668,2076455.4347148486,24188.778952801586,2100644.2136676502,173,0,82.84189723320158,78,175,53,40.139133322980776,0.5198040184453228,45.266350210970415,16302.953586497653,209.01222546791863,8
175,64,0,2,247,0.0,0.008032128514056224,0.9919678714859438,249,9000,6300,2700,0.7,117,63,54,201.14337214840077,0.48520695685969684,0.8103569677044096,0.11388289484881539,2080261.0105178554,24886.14292087919,2105147.153438735,174,1,84.46184738955823,81,168,57,39.904536810987636,0.5220046854082998,45.033028455284516,16317.886178861598,201.45538492421724,0
176,64,2,1,248,0.008032128514056224,0.004016064257028112,0.9959839357429718,249,7500,5000,2500,0.6666666666666666,100,50,50,200.62415140344436,0.48537766658029974,0.811901360975191,0.11457370720614868,2085639.4302828019,26385.92816681046,2112025.3584496123,175,0,85.42168674698796,70,179,59,39.58177690937301,0.5240963855421688,44.7036384976526,16338.967136150311,233.41381623071874,0
177,64,4,3,249,0.015873015873015872,0.011904761904761904,0.9880952380952381,252,8250,6000,2250,0.7272727272727273,105,60,45,194.380180236808,0.48557950736735594,0.8080863488083208,0.11200558127913884,2091187.2899773617,22647.0724669447,2113834.3624443063,176,0,84.97222222222223,77,175,47,39.3952652108801,0.5270337301587302,44.36431623931625,16360.683760683822,212.47641247641326,0
178,64,1,3,247,0.004,0.012,0.988,250,8150,5600,2550,0.6871165644171779,107,56,51,195.76470939252812,0.48563253012048196,0.8088370927318302,0.11320307108350627,2093372.7810651057,23811.702827088462,2117184.483892194,177,0,86.212,77,173,49,39.22371031746038,0.5283333333333333,44.23076923076926,16369.230769230902,212.58741258741432,0
179,64,0,2,245,0.0,0.008097165991902834,0.9919028340080972,247,8050,5700,2350,0.7080745341614907,104,57,47,198.3011983369201,0.4853252581108807,0.8096986254588909,0.11527056754939782,2096593.491735557,25701.40036731054,2122294.892102868,178,1,87.36032388663968,76,171,50,38.958256258478215,0.5301113360323887,44.03409090909094,16381.818181818338,215.55023923445182,0
180,64,4,4,245,0.01606425702811245,0.01606425702811245,0.9839357429718876,249,8950,6100,2850,0.6815642458100558,118,61,57,196.93251794216818,0.4852481161203956,0.8090060644337422,0.11527057909112202,2100848.0584390764,23995.059592465135,2124843.1180315414,179,0,87.51004016064257,84,165,53,38.72859670939351,0.5327560240963856,43.77450980392159,16398.431372549134,195.2194211017754,0
181,64,2,1,246,0.008097165991902834,0.004048582995951417,0.9959514170040485,247,8000,5800,2200,0.725,102,58,44,213.0340724716053,0.485133252142238,0.824319743903587,0.12379006913890656,2096371.8820861818,31919.72789115723,2128291.609977339,180,0,89.0080971659919,76,171,46,38.59496124031013,0.5321356275303644,44.04761904761907,16380.95238095249,215.53884711779594,8
182,64,2,1,247,0.008064516129032258,0.004032258064516129,0.9959677419354839,248,7950,5600,2350,0.7044025157232704,103,56,47,211.26543898670798,0.48522355633189673,0.8235635477803407,0.12335418374317494,2099328.5644531427,31153.11414930645,2130481.678602449,181,0,89.63709677419355,79,169,49,38.45598639282871,0.5340641801075269,43.86718750000003,16392.50000000014,207.50000000000176,0
183,64,5,1,251,0.01984126984126984,0.003968253968253968,0.996031746031746,252,8300,5900,2400,0.7108433734939759,107,59,48,214.59456725964986,0.4856756835093488,0.8278562746077811,0.12370258259407621,2091432.7265903542,31062.020183065382,2122494.7467734194,182,0,88.68650793650794,72,180,42,38.86319025824214,0.5283564814814814,44.34931506849315,16361.643835616434,227.2450532724505,8
184,64,3,3,251,0.011811023622047244,0.011811023622047244,0.9881889763779528,254,8750,6700,2050,0.7657142857142857,108,67,41,190.4232123335092,0.485912812652371,0.8071299732907846,0.10806517299926564,2081716.9549299157,19731.445945376436,2101448.4008752923,183,0,88.77952755905511,88,166,53,40.086958516886924,0.5211204068241471,44.943820224719076,16323.595505617839,185.49540347292998,8
185,64,5,3,253,0.01953125,0.01171875,0.98828125,256,7150,4600,2550,0.6433566433566433,97,46,51,187.37963326366156,0.48557815053104575,0.8062240370090636,0.10730563773403437,2087353.2998018556,19875.49916171297,2107228.7989635686,184,0,88.10546875,80,176,56,39.813066465256775,0.52490234375,44.59876543209876,16345.679012345649,204.32098765432062,0
186,64,6,8,251,0.023166023166023165,0.03088803088803089,0.9691119691119691,259,7500,5700,1800,0.76,93,57,36,182.1052023884896,0.4859065876507737,0.8019971126706427,0.10533628649678412,2093560.1619839093,16949.639402111126,2110509.8013860206,185,0,88.02316602316603,90,169,48,39.56142313716713,0.5276303088803089,44.21932234432232,16369.963369963241,181.88848188848047,0
187,64,2,0,253,0.007905138339920948,0.0,1.0,253,8300,5500,2800,0.6626506024096386,111,55,56,188.62779947782198,0.48536085492607234,0.8053966574336324,0.10988867217285914,2097944.849115495,20246.144062896918,2118190.993178392,186,0,89.9090909090909,92,161,53,39.121828521434814,0.5299736495388669,43.951612903225794,16387.096774193473,178.1206171107986,0
188,64,0,2,251,0.0,0.007905138339920948,0.9920948616600791,253,7200,5400,1800,0.75,90,54,36,188.7309776204339,0.48517002321350144,0.8063918250302036,0.1102480805584105,2099614.680002249,21452.46623660735,2121067.146238856,187,1,90.9090909090909,93,160,53,39.0153850313649,0.5312911725955205,43.84973404255317,16393.61702127648,176.27545184168258,0
189,64,0,2,249,0.0,0.00796812749003984,0.9920318725099602,251,7850,5500,2350,0.7006369426751592,102,55,47,194.3210639865957,0.48495683930942896,0.8063892263214381,0.10980310724061858,2079026.4650283551,22749.726948120235,2101776.1919764755,188,2,91.83665338645419,91,160,50,40.15562070599391,0.5219123505976095,45.108695652173914,16313.043478260866,179.2642140468227,8
190,64,7,3,253,0.02734375,0.01171875,0.98828125,256,8000,6000,2000,0.75,100,60,40,192.27097986397894,0.4854214537377451,0.8078597277858732,0.11008676203221052,2087240.6905470344,21063.16255668855,2108303.853103723,189,0,90.84765625,83,173,49,39.695162660840055,0.5255126953125,44.60565476190474,16345.238095237954,196.93057946069823,0
191,64,7,7,253,0.026923076923076925,0.026923076923076925,0.9730769230769231,260,9000,6800,2200,0.7555555555555555,112,68,44,183.82977812793584,0.4858572171072171,0.8031694431774117,0.10657222488802087,2094941.3365101663,16022.520216340097,2110963.8567265063,190,0,90.23461538461538,91,169,46,39.43140248399566,0.5292467948717949,44.13496376811592,16375.362318840416,179.9490364707738,0
192,64,1,4,250,0.003937007874015748,0.015748031496062992,0.984251968503937,254,9600,7200,2400,0.75,120,72,48,189.14628131606065,0.48497524457170127,0.8069346784326841,0.10995824487991111,2096645.783360692,18914.550631934944,2115560.333992627,191,0,93.35039370078741,88,166,50,39.18933851547017,0.5301427165354331,44.0308988764045,16382.022471910153,186.15934627170628,0
193,64,2,1,251,0.007936507936507936,0.003968253968253968,0.996031746031746,252,7550,5200,2350,0.6887417218543046,99,52,47,190.0585214135045,0.4850785350660849,0.8068377833790006,0.11128800931159832,2101073.886851833,21915.399263116884,2122989.28611495,192,0,93.87698412698413,96,156,55,38.89069332103989,0.5326140873015873,43.76073883161512,16399.312714776643,170.8261741122567,0
194,64,1,1,251,0.003968253968253968,0.003968253968253968,0.996031746031746,252,8250,6200,2050,0.7515151515151515,103,62,41,188.73859704309436,0.48502287147705475,0.804083474018114,0.11145510835913344,2106252.9744200055,20856.246281975902,2127109.2207019813,193,0,94.77380952380952,81,171,53,38.60294117647062,0.53505291005291,43.44512195121954,16419.51219512209,202.71002710027273,0
195,64,1,3,249,0.003968253968253968,0.011904761904761904,0.9880952380952381,252,8800,5800,3000,0.6590909090909091,118,58,60,183.58650300936685,0.48454561384093253,0.7980838795560758,0.10909772145247915,2110088.8636395633,18276.767102919774,2128365.6307424833,194,0,95.62698412698413,88,164,50,38.49732224247953,0.5376570767195767,43.2116104868914,16434.45692883904,186.75519237317093,0
196,64,1,1,249,0.004,0.004,0.996,250,7950,5900,2050,0.7421383647798742,100,59,41,181.54676985024443,0.4840384872824632,0.7963848966823805,0.10846451790710743,2113337.078771537,18783.904051145044,2132120.9828226822,195,0,96.88,91,159,55,38.348542758954935,0.5399583333333333,43.014039855072475,16447.101449275426,180.73737856346622,0
197,64,3,2,250,0.011904761904761904,0.007936507936507936,0.9920634920634921,252,8300,5700,2600,0.6867469879518072,109,57,52,183.1748277942566,0.48374227955901267,0.8021713912171089,0.1104354062656742,2118825.487654305,18923.098765431165,2137748.586419736,196,0,96.88095238095238,74,178,56,37.96711106313307,0.5424107142857143,42.68055555555553,16468.44444444432,222.54654654654487,0
198,64,2,3,249,0.007936507936507936,0.011904761904761904,0.9880952380952381,252,7900,5800,2100,0.7341772151898734,100,58,42,200.74289750604612,0.4835538797192183,0.8171267006391141,0.11746103102159287,2100639.925240943,26037.70904195084,2126677.634282894,197,0,97.56349206349206,83,169,51,38.64391244373458,0.5319113756613756,43.7872023809524,16397.619047619155,197.56167527251995,8
199,64,3,2,250,0.011904761904761904,0.007936507936507936,0.9920634920634921,252,8000,5700,2300,0.7125,103,57,46,192.74688093204895,0.48347614831678576,0.8094622699802576,0.1135517516690423,2104801.282772059,22738.77644721799,2127540.059219277,198,0,97.68253968253968,76,176,55,38.59023894925626,0.5344742063492063,43.53354978354978,16413.85281385279,215.97174755069463,0
200,64,0,3,247,0.0,0.012,0.988,250,7650,5600,2050,0.7320261437908496,97,56,41,198.6106356735718,0.4832560240963855,0.8168438228438217,0.11360528360528398,2086632.6530612423,25235.48752834565,2111868.140589588,199,1,99.14,69,181,51,39.57119269619271,0.527625,44.642857142857174,16342.857142857283,236.8530020703954,8
201,64,3,4,246,0.012,0.016,0.984,250,8350,5800,2550,0.6946107784431138,109,58,51,197.58613416102787,0.48372121820615793,0.8123447127393848,0.11689701828935654,2107386.953027973,24928.088246036743,2132315.0412740097,200,0,99.584,77,173,45,38.305535317790735,0.538125,43.37606837606837,16423.931623931578,213.2978132978127,8
202,64,1,2,245,0.004048582995951417,0.008097165991902834,0.9919028340080972,247,8150,5800,2350,0.7116564417177914,105,58,47,197.14446407388394,0.4832886233720637,0.8129313396989781,0.11223159452140927,2083675.2193526258,24607.00688466103,2108282.226237287,201,0,101.60728744939271,96,151,52,39.79322728165417,0.5266109986504723,44.82388316151202,16331.271477663202,170.11741122565834,8
203,64,5,5,245,0.02,0.02,0.98,250,8400,5900,2500,0.7023809523809523,109,59,50,187.30696364506795,0.4836362115127175,0.8045229234811495,0.1078446299789101,2090698.586343892,19920.480821022662,2110619.0671649147,202,0,101.048,75,175,49,39.606513754088674,0.5297083333333333,44.394188596491254,16358.771929824696,218.11695906432928,0
204,64,7,0,252,0.027777777777777776,0.0,1.0,252,9300,6900,2400,0.7419354838709677,117,69,48,178.53464683890044,0.4836800285629967,0.796278379134002,0.10400977500059996,2097951.1064121444,15211.391973714939,2113162.498385859,203,0,100.82142857142857,87,165,59,39.37987340699307,0.5330274470899471,43.95123106060608,16387.121212121303,188.35771508185405,0
205,64,1,3,250,0.003952569169960474,0.011857707509881422,0.9881422924901185,253,8750,6400,2350,0.7314285714285714,111,64,47,197.3408132895354,0.4838603425559947,0.818003035016144,0.11322167559724605,2088513.8024691322,23079.8024691357,2111593.6049382677,204,0,101.41897233201581,74,179,48,39.48626816715596,0.5269268774703557,44.52777777777777,16350.222222222194,220.94894894894855,8
206,64,5,2,253,0.0196078431372549,0.00784313725490196,0.9921568627450981,255,7800,5200,2600,0.6666666666666666,104,52,52,197.68364212392675,0.4839264577221965,0.8210086052196539,0.11227244231403842,2082200.2354863368,23523.385236446793,2105723.6207227837,205,0,101.50980392156863,84,171,54,39.87158699655698,0.5238153594771242,44.91421568627449,16325.490196078314,194.35107376283707,8
207,64,5,2,256,0.01937984496124031,0.007751937984496124,0.9922480620155039,258,7600,5200,2400,0.6842105263157895,100,52,48,204.08295710422556,0.48419951939995376,0.8217746164795885,0.11410741307893613,2072402.9331704401,25388.423782578942,2097791.3569530193,206,0,101.2248062015504,71,187,44,40.32144210725792,0.5166343669250646,45.5150462962963,16287.037037037047,229.39488784559222,7
208,64,1,2,255,0.0038910505836575876,0.007782101167315175,0.9922178988326849,257,7750,5500,2250,0.7096774193548387,100,55,45,202.98614319896845,0.4841438422097925,0.8203897170191397,0.114250831558581,2076573.942809914,25153.14714369171,2101727.0899536056,207,0,102.59143968871595,77,180,48,40.08819353429447,0.5188472762645915,45.259081196581185,16303.418803418752,211.73271173271107,0
209,64,5,2,258,0.019230769230769232,0.007692307692307693,0.9923076923076923,260,8350,5700,2650,0.6826347305389222,110,57,53,189.23063405570494,0.48417050292050295,0.8064423456927745,0.107438275476204,2082006.626488599,18445.886807722854,2100452.513296322,208,0,102.2,92,168,57,40.09929521802133,0.5225961538461539,44.926075268817186,16324.7311827956,177.44273024777826,8
210,64,3,0,261,0.011494252873563218,0.0,1.0,261,8750,5900,2850,0.6742857142857143,116,59,57,185.30309529861572,0.48414996561548285,0.8039911772659838,0.10586897123004833,2085903.1250000005,16354.861111111177,2102257.9861111115,209,0,102.77394636015326,79,182,56,39.95648034815719,0.524904214559387,44.6875,16340.000000000004,206.83544303797473,0
211,64,2,2,261,0.0076045627376425855,0.0076045627376425855,0.9923954372623575,263,8200,6200,2000,0.7560975609756098,102,62,40,184.41251821499824,0.48422428138817136,0.8050233793725898,0.10616317671571125,2090611.5388312195,16306.987697039656,2106918.5265282593,210,0,102.98479087452472,84,179,48,39.68591679851685,0.5271308618504436,44.39950980392157,16358.431372549026,194.74323062558364,0
212,64,0,2,259,0.0,0.007662835249042145,0.9923371647509579,261,8500,5800,2700,0.6823529411764706,112,58,54,206.6121752119136,0.484108826996758,0.8285653916269866,0.11790503172272679,2085173.7244897955,25464.45578231285,2110638.1802721084,211,1,104.55938697318008,69,192,52,39.457998134545846,0.521272349936143,44.732142857142854,16337.142857142855,236.7701863354037,8
213,64,0,4,255,0.0,0.015444015444015444,0.9845559845559846,259,9150,6500,2650,0.7103825136612022,118,65,53,200.15432827446787,0.48383641116199255,0.8209005718098614,0.114718902112082,2087881.6908124476,22629.71146822568,2110511.4022806734,212,2,106.3050193050193,73,186,51,39.45382820823688,0.5231258043758044,44.56644144144146,16347.747747747855,223.9417499691487,0
214,64,1,1,255,0.00390625,0.00390625,0.99609375,256,8750,6500,2250,0.7428571428571429,110,65,45,198.6003711526523,0.4837025760825164,0.8173823412113252,0.1143469688677318,2090698.5863438856,23092.7030432447,2113791.28938713,213,0,107.41796875,75,181,46,39.31784769514009,0.5256754557291667,44.39418859649125,16358.771929824645,218.1169590643286,0
215,64,4,4,255,0.015444015444015444,0.015444015444015444,0.9845559845559846,259,8200,6000,2200,0.7317073170731707,104,60,44,208.0900472158578,0.483731031696148,0.8290079171527567,0.12251505923029928,2104423.8166099656,27581.93027210819,2132005.746882074,214,0,106.94594594594595,69,190,51,38.220214607632634,0.5328989703989704,43.5565476190476,16412.38095238086,237.8605935127661,8
216,64,6,4,257,0.022988505747126436,0.01532567049808429,0.9846743295019157,261,8650,6500,2150,0.7514450867052023,108,65,43,201.3148283418565,0.48398725316828767,0.8244589417003214,0.12013949433304248,2112654.3209876376,24211.72839506092,2136866.0493826987,215,0,106.48275862068965,77,184,48,37.882882882882875,0.5365581098339719,43.05555555555553,16444.444444444314,213.56421356421188,0
217,64,2,3,256,0.007722007722007722,0.011583011583011582,0.9884169884169884,259,8150,6100,2050,0.7484662576687117,102,61,41,201.91421824461787,0.48347662446499656,0.8236476762803497,0.12128708717887768,2116609.161553052,25524.696836875264,2142133.858389927,216,0,107.8030888030888,77,182,53,37.62224356977187,0.5385698198198199,42.81517094017091,16459.829059828902,213.7640137640117,0
218,64,0,2,254,0.0,0.0078125,0.9921875,256,8150,5800,2350,0.7116564417177914,105,58,47,207.6519843867528,0.48322163500816995,0.8276586528733294,0.12545429178965006,2120083.680555567,28697.916666667297,2148781.5972222346,217,1,108.5546875,69,187,52,37.25929111021179,0.5403645833333333,42.604166666666686,16473.333333333423,238.74396135265832,0
219,64,0,1,253,0.0,0.003937007874015748,0.9960629921259843,254,8400,6300,2100,0.75,105,63,42,202.97020537074195,0.482933472866287,0.8221612809451684,0.1230156438075718,2121993.431638355,26940.2885230009,2148933.720161356,218,2,109.42125984251969,70,184,52,37.26154189456094,0.5421177821522309,42.48826291079814,16480.75117370901,235.4393024815573,0
220,64,0,1,252,0.0,0.003952569169960474,0.9960474308300395,253,7800,4900,2900,0.6282051282051282,107,49,58,205.47017110648503,0.48268725035029386,0.8243107535898782,0.12503351160679496,2124412.0710176635,28900.66234653664,2153312.7333642,219,3,110.6600790513834,70,183,48,37.04743670045174,0.5439723320158103,42.34154929577466,16490.140845070488,235.5734406438641,0
221,64,2,3,251,0.007874015748031496,0.011811023622047244,0.9881889763779528,254,8000,5700,2300,0.7125,103,57,46,201.5124027027005,0.482440698494704,0.8215543179053828,0.12372253950862348,2129741.2002374125,27033.853278955394,2156775.053516368,220,0,111.07874015748031,73,181,52,36.819935523180746,0.546382874015748,42.0185810810811,16510.81081081091,226.1754905590536,0
222,64,2,0,253,0.007905138339920948,0.0,1.0,253,8200,5900,2300,0.7195121951219512,105,59,46,204.34079847774439,0.48207815734989645,0.8243270472548394,0.12649538909760835,2134637.1358024813,28438.691358025404,2163075.8271605065,221,0,112.300395256917,74,179,54,36.444553488205365,0.5489130434782609,41.72222222222224,16529.777777777872,223.37537537537665,0
223,64,2,1,254,0.00784313725490196,0.00392156862745098,0.996078431372549,255,7100,4800,2300,0.676056338028169,94,48,46,201.37853111026527,0.4817733261283516,0.8225515757381412,0.1254971968617735,2138595.8525567013,28033.458285274548,2166629.3108419757,222,0,112.41176470588235,67,188,54,36.27686260567276,0.5511029411764705,41.48284313725489,16545.098039215627,246.94176177933772,0
224,64,1,5,250,0.00392156862745098,0.0196078431372549,0.9803921568627451,255,7800,5500,2300,0.7051282051282052,101,55,46,197.59661439250513,0.4815751891307704,0.8194781392568546,0.12379160869238506,2141710.778061214,25838.95975056628,2167549.73781178,223,0,112.97647058823529,69,186,49,36.182712587479635,0.553063725490196,41.29464285714284,16557.142857142775,239.95859213250398,0
225,64,0,4,246,0.0,0.016,0.984,250,8500,6000,2500,0.7058823529411765,110,60,50,201.82933828753602,0.48086144578313256,0.8119485937791016,0.12107505220846762,2115805.7720820396,26906.335784853836,2142712.1078668935,224,1,114.792,86,164,52,37.67422549202211,0.5450833333333334,42.863984674329515,16456.704980842984,191.35703466096493,8
226,64,2,0,248,0.008064516129032258,0.0,1.0,248,9200,6900,2300,0.75,115,69,46,187.4291225940268,0.48053762080449264,0.7983309235849247,0.10945519807070024,2099433.017076595,19898.97766711886,2119331.994743714,225,0,115.81854838709677,93,155,52,39.060021343485914,0.5364163306451613,43.860815602836865,16392.907801418354,176.26782582170273,8
227,64,1,2,247,0.004016064257028112,0.008032128514056224,0.9919678714859438,249,8400,5900,2500,0.7023809523809523,109,59,50,188.31091026021434,0.4805735036921881,0.8005142618317242,0.11064319642236244,2103172.314453129,21010.05859375025,2124182.3730468797,226,0,116.34939759036145,79,170,50,38.8051386561024,0.5379016064257028,43.63281250000001,16407.500000000033,207.68987341772194,0
228,64,2,1,248,0.008032128514056224,0.004016064257028112,0.9959839357429718,249,7450,5000,2450,0.6711409395973155,99,50,49,199.4744409285404,0.4805161506240014,0.8159799531439391,0.11437841460358654,2088148.5055077183,26056.451142383994,2114204.9566501025,227,0,117.17670682730923,68,181,56,39.4545485885389,0.5264390896921017,44.55012077294687,16348.792270531441,240.42341574310944,8
229,64,3,3,248,0.01195219123505976,0.01195219123505976,0.9880478087649402,251,8350,6300,2050,0.7544910179640718,104,63,41,204.87938427557546,0.4806832669322709,0.8182438912756285,0.118389867497806,2092935.5915333596,27209.871064358897,2120145.4625977185,228,0,117.05577689243027,77,174,49,39.01784160139253,0.53125,44.25747863247865,16367.521367521458,212.56521256521376,8
230,64,3,2,249,0.01195219123505976,0.00796812749003984,0.9920318725099602,251,8550,5700,2850,0.6666666666666666,114,57,57,198.22660340116371,0.48075166002656045,0.8122414973594216,0.11521321106773334,2096518.7305446845,24367.15738455902,2120885.8879292435,229,0,117.29482071713147,82,169,53,38.964819808776696,0.5331175298804781,44.03865461847392,16381.526104417795,199.7747085904609,0
231,64,2,1,250,0.00796812749003984,0.00398406374501992,0.9960159362549801,251,8150,5900,2250,0.7239263803680982,104,59,45,199.9794147846493,0.48068924302788846,0.8154584335264738,0.11722030971058393,2101718.062592516,25710.069639915444,2127428.132232432,230,0,117.92430278884463,72,179,53,38.59641796585002,0.5356905710491369,43.7214611872146,16401.82648401821,227.80314561136402,0
232,64,3,0,253,0.011857707509881422,0.0,1.0,253,7700,5800,1900,0.7532467532467533,96,58,38,196.15935875735124,0.4808619319488885,0.8152717684592217,0.11501987611802182,2101924.3962084525,24162.428343336767,2126086.824551789,231,0,117.72727272727273,75,178,47,38.681491434479575,0.5358613306982872,43.70888157894738,16402.6315789474,218.70175438596533,7
233,64,2,1,254,0.00784313725490196,0.00392156862745098,0.996078431372549,255,8300,5700,2600,0.6867469879518072,109,57,52,194.34599333781694,0.48108499305233904,0.8148710308871054,0.11474974847872403,2106164.3283420224,22564.919704861662,2128729.248046884,232,0,117.79607843137255,79,176,52,38.46458449643881,0.5381535947712418,43.45052083333335,16419.166666666737,207.83755274261694,0
234,64,1,2,253,0.00392156862745098,0.00784313725490196,0.9921568627450981,255,8800,6000,2800,0.6818181818181818,116,60,56,188.39700076067084,0.4807974370850703,0.8073371283997457,0.11197833213983863,2110207.939657348,19711.369362560024,2129919.3090199083,233,0,118.47058823529412,83,172,51,38.366412336617074,0.540563725490196,43.20436507936508,16434.92063492066,198.01109198699592,0
235,64,2,3,252,0.00784313725490196,0.011764705882352941,0.9882352941176471,255,8350,6400,1950,0.7664670658682635,103,64,39,190.2947088244328,0.4806803561319541,0.8105438698119765,0.1139245304761906,2114580.1831695912,21128.684048435178,2135708.8672180264,234,0,119.43921568627451,85,170,54,38.04672407293974,0.5429330065359477,42.938468992248076,16451.937984496206,193.5522115823083,0
236,64,2,2,252,0.007874015748031496,0.007874015748031496,0.9921259842519685,254,8850,6800,2050,0.768361581920904,109,68,41,191.9635440166934,0.48030166868963514,0.812559083500022,0.11573649579582201,2118838.0207356014,21697.93113154454,2140535.951867146,235,0,120.68897637795276,72,182,55,37.74018466145401,0.5449885170603674,42.67979452054795,16468.49315068496,228.72907153729113,0
237,64,2,1,253,0.007874015748031496,0.003937007874015748,0.9960629921259843,254,8750,6300,2450,0.72,112,63,49,190.95756188707634,0.47995121533721324,0.8113984055882772,0.11595041875747401,2123110.2899449808,21534.79291705131,2144645.082862032,236,0,121.49212598425197,75,179,59,37.501829138509045,0.5471620734908136,42.42050438596491,16485.08771929823,219.80116959064307,0
238,64,2,3,252,0.00784313725490196,0.011764705882352941,0.9882352941176471,255,9100,6800,2300,0.7472527472527473,114,68,46,183.67002898169972,0.47987751531058614,0.8045972404341866,0.1123789283936271,2127677.9608393367,18058.134546216803,2145736.0953855533,237,0,121.48235294117647,82,173,48,37.40752457899347,0.5494281045751634,42.14357429718875,16502.811244979886,201.25379567048643,0
239,64,1,2,251,0.003952569169960474,0.007905138339920948,0.9920948616600791,253,8200,5600,2600,0.6829268292682927,108,56,52,181.92414678159497,0.4794470324361629,0.8026752638385992,0.11190244074425669,2130842.5502724196,18730.34257684537,2149572.892849265,238,0,123.09486166007905,83,170,52,37.25736660419372,0.5513833992094861,41.95188492063492,16515.079365079335,198.97685982023296,0
240,64,1,2,250,0.003968253968253968,0.007936507936507936,0.9920634920634921,252,9400,6900,2500,0.7340425531914894,119,69,50,186.50951598659455,0.4790375534897447,0.8064098136232463,0.11269344428951816,2120150.5371432276,19285.650100260158,2139436.1872434877,239,0,124.5515873015873,76,176,51,37.79935530211455,0.5460482804232805,42.600108225108215,16473.593073593038,216.75780359990839,8
241,64,1,4,247,0.00398406374501992,0.01593625498007968,0.9840637450199203,251,8800,6100,2700,0.6931818181818182,115,61,54,203.67015982699704,0.47866201859229746,0.8092281781468185,0.12168668569582049,2113360.095000646,27085.677664156472,2140445.7726648026,240,0,125.09163346613546,88,163,48,37.778574790120096,0.5457752324037184,43.01264044943822,16447.19101123607,186.89989785495536,8
242,64,2,3,246,0.008032128514056224,0.012048192771084338,0.9879518072289156,249,7000,4500,2500,0.6428571428571429,95,45,50,200.31392913303935,0.478859659066373,0.8039712528088034,0.12030887069902545,2116524.0723076663,27993.850605722477,2144517.922913389,241,0,126.13654618473896,92,157,52,37.668673693073785,0.5480254350736278,42.82034050179213,16459.498207885412,178.9075892161458,0
243,64,1,2,245,0.004048582995951417,0.008097165991902834,0.9919028340080972,247,8000,6000,2000,0.75,100,60,40,200.20879986589148,0.4786537364361498,0.803239106229886,0.12073919794234438,2118995.6426812657,27448.31490845358,2146443.9575897194,242,0,127.29554655870446,81,166,50,37.5182550064998,0.5501433873144399,42.67022357723576,16469.105691056844,203.32229248218326,0
244,64,0,1,244,0.0,0.004081632653061225,0.9959183673469387,245,9100,6800,2300,0.7472527472527473,114,68,46,237.58472206381938,0.4785825805732129,0.8396137283424301,0.14086090006879995,2108684.0999789946,42098.225162780866,2150782.3251417754,243,1,128.9061224489796,68,177,43,37.19823276876029,0.5405187074829931,43.29710144927536,16428.985507246365,241.60272804774067,8
245,64,1,2,243,0.004081632653061225,0.00816326530612245,0.9918367346938776,245,7650,5300,2350,0.6928104575163399,100,53,47,232.5188116467828,0.4784571205531393,0.8352770797617111,0.13853202069024237,2111651.353634031,41549.732671860635,2153201.0863058916,244,0,129.07755102040815,73,172,45,37.143530695745895,0.5421768707482993,43.11655405405404,16440.540540540474,225.2128841169928,0
246,64,2,3,242,0.00816326530612245,0.012244897959183673,0.9877551020408163,245,7850,5400,2450,0.6878980891719745,103,54,49,205.2349791790594,0.47867528158804507,0.8180189148830268,0.1202090592334496,2101250.000000009,29400.000000000455,2130650.0000000093,245,0,129.64897959183673,86,159,50,38.49085365853661,0.5378401360544218,43.750000000000014,16400.00000000007,190.69767441860546,8
247,64,4,1,245,0.016260162601626018,0.0040650406504065045,0.9959349593495935,246,7650,5800,1850,0.7581699346405228,95,58,37,198.75717070541072,0.47862811791383225,0.8126347641196805,0.11790605903334091,2109022.325528006,26986.66207529836,2136008.9876033044,246,0,128.760162601626,76,170,48,38.1739518013033,0.5412432249322493,43.27651515151515,16430.303030303017,216.18819776714497,0
248,64,3,3,245,0.012096774193548387,0.012096774193548387,0.9879032258064516,248,8100,5600,2500,0.691358024691358,106,56,50,196.54975073189945,0.4785068673544905,0.8119334990501212,0.11748236414150152,2113617.542458996,25386.200222577165,2139003.742681573,247,0,128.70967741935485,82,166,52,37.94560015626527,0.5435987903225806,42.996987951807235,16448.192771084367,200.58771672054107,0
249,64,3,2,246,0.012096774193548387,0.008064516129032258,0.9919354838709677,248,8050,6200,1850,0.7701863354037267,99,62,37,192.61844199619196,0.47836572471812283,0.8081816543521354,0.11570033931986064,2116594.0018496574,23889.007794953548,2140483.009644611,248,0,128.7459677419355,86,162,56,37.86225558659223,0.5460769489247312,42.816091954023,16459.77011494259,191.39267575514637,0
250,64,2,1,247,0.008064516129032258,0.004032258064516129,0.9959677419354839,248,8850,6100,2750,0.6892655367231638,116,61,55,188.18683198931524,0.47821233838317884,0.8036488344968058,0.1135863842593487,2119511.7283950592,21322.83950617264,2140834.567901232,249,0,129.48387096774192,74,174,55,37.79569167116389,0.5483870967741935,42.638888888888886,16471.111111111095,222.58258258258238,0
251,64,1,1,247,0.004032258064516129,0.004032258064516129,0.9959677419354839,248,7400,4800,2600,0.6486486486486487,100,48,52,187.23701545215857,0.47795386030212006,0.8010189396472038,0.11364637627060772,2122873.052300321,22496.082899304307,2145369.135199625,250,0,129.63306451612902,79,169,59,37.61232369445426,0.5505712365591398,42.43489583333329,16484.16666666646,208.66033755274,0
252,64,2,2,247,0.008032128514056224,0.008032128514056224,0.9919678714859438,249,7500,5900,1600,0.7866666666666666,91,59,32,193.75911521971832,0.47790827287645204,0.8078479294117147,0.11859304558890428,2127885.079474504,25159.42605764314,2153044.5055321474,251,0,129.36947791164658,82,167,49,37.13457763501561,0.5530036813922357,42.13102409638551,16503.61445783116,201.26359094916052,0
253,64,1,3,245,0.004032258064516129,0.012096774193548387,0.9879032258064516,248,9300,6500,2800,0.6989247311827957,121,65,56,193.84563586726406,0.4774892799616908,0.8080402709473902,0.11930750529648687,2131202.731169514,23724.86971711991,2154927.6008866336,252,0,130.1451612903226,86,162,51,36.92750378893323,0.5550235215053764,41.93007662835246,16516.475095785263,192.05203599750305,0
254,64,1,2,244,0.0040650406504065045,0.008130081300813009,0.991869918699187,246,8400,5900,2500,0.7023809523809523,109,59,50,202.07989309297375,0.47689425363641397,0.8086894315073794,0.12078115976469621,2113583.938014542,27822.56324740107,2141406.5012619435,253,0,132.0121951219512,85,161,53,37.805558173877536,0.5484417344173442,42.99903100775194,16448.062015503874,193.5066119471044,8
255,64,3,4,243,0.012145748987854251,0.016194331983805668,0.9838056680161943,247,8650,6600,2050,0.7630057803468208,107,66,41,200.95117334130438,0.4766205303753442,0.8075935138650339,0.12088174235986623,2117474.775903031,27051.80814766641,2144526.5840506977,254,0,132.41295546558703,95,152,56,37.593370804684994,0.5511133603238867,42.76258680555557,16463.19444444454,173.296783625732,0
256,64,2,2,243,0.00816326530612245,0.00816326530612245,0.9918367346938776,245,9350,6700,2650,0.7165775401069518,120,67,53,194.516374957847,0.4764901862384298,0.7991145282386036,0.11781198513909336,2121585.422091997,24186.62109374913,2145772.0431857463,255,0,133.69387755102042,79,166,55,37.50447745469869,0.553358843537415,42.51302083333331,16479.166666666537,208.59704641350046,0
257,64,1,2,242,0.004098360655737705,0.00819672131147541,0.9918032786885246,244,7100,5700,1400,0.8028169014084507,85,57,28,191.41791164914397,0.4763209342463289,0.7940181440623606,0.116406675053512,2124022.1501345397,25415.1768550547,2149437.3269895944,256,0,133.86065573770492,84,160,43,37.433604464951095,0.5551997950819672,42.36519607843134,16488.627450980202,196.2931839402405,0
258,64,1,3,240,0.00411522633744856,0.012345679012345678,0.9876543209876543,243,7900,5600,2300,0.7088607594936709,102,56,46,194.4444805396385,0.4760837896359782,0.7984987824224328,0.11586584614693247,2111746.0291839084,25623.471935262834,2137369.5011191713,257,0,134.2798353909465,87,156,51,38.115726661137245,0.5461676954732511,43.11079545454549,16440.90909090928,188.97596656217564,8
259,64,1,0,241,0.004149377593360996,0.0,1.0,241,7850,5400,2450,0.6878980891719745,103,54,49,192.7183379566453,0.47576648224988477,0.7959963659141451,0.11552925074761199,2115386.013967673,25484.73534971727,2140870.74931739,258,0,136.35269709543567,91,150,56,37.93450179085202,0.54832295988935,42.889492753623216,16455.07246376827,180.82497212932162,0
260,64,1,0,242,0.004132231404958678,0.0,1.0,242,8200,5600,2600,0.6829268292682927,108,56,52,196.27355564622383,0.4755956157196255,0.7993047770506914,0.11828653448641206,2118590.824759648,26564.670827008045,2145155.495586656,259,0,136.78512396694214,76,166,52,37.64458464773924,0.5504046143250689,42.694805194805184,16467.53246753241,216.67805878332115,0
261,64,3,2,243,0.012244897959183673,0.00816326530612245,0.9918367346938776,245,7900,5300,2600,0.6708860759493671,105,53,52,194.8714686159948,0.47532271105163376,0.8018161869649769,0.11847830442440661,2123877.462996818,25876.624074920073,2149754.087071738,260,0,136.09795918367348,80,165,45,37.35357493469108,0.5531462585034014,42.37397119341561,16488.065843621283,206.10082304526605,0
262,64,2,0,245,0.00816326530612245,0.0,1.0,245,8100,6000,2100,0.7407407407407407,102,60,42,196.72547171741394,0.4752467380394781,0.8035138673399864,0.12036693096801554,2127677.960839328,26613.6901017719,2154291.6509411,261,0,137.08979591836734,82,163,50,37.07088159901359,0.5550170068027211,42.143574297188735,16502.811244979814,201.25379567048554,0
263,64,1,1,245,0.0040650406504065045,0.0040650406504065045,0.9959349593495935,246,8250,5900,2350,0.7151515151515152,106,59,47,195.96229256771983,0.47499827166639014,0.8044728081459982,0.12073046987374415,2131796.0366480076,26100.327725663887,2157896.3643736714,262,0,137.52845528455285,86,160,56,36.83625581790908,0.5566988482384824,41.89415708812258,16518.77394636003,192.07876681813988,0
264,64,0,1,244,0.0,0.004081632653061225,0.9959183673469387,245,7650,4800,2850,0.6274509803921569,105,48,57,198.9780789529818,0.47481529497044717,0.8063402226394976,0.12308838025167317,2134216.259430711,28282.450274347586,2162498.709705059,263,1,139.03673469387755,89,156,51,36.609030236483925,0.5584608843537415,41.74768518518516,16528.148148148022,185.70952975447216,0
265,64,1,2,243,0.004081632653061225,0.00816326530612245,0.9918367346938776,245,6800,4600,2200,0.6764705882352942,90,46,44,199.02895587197523,0.4746570759451321,0.8057568499077981,0.12367765501192224,2136897.757725692,29260.905905062365,2166158.663630754,264,0,140.0,76,169,54,36.44230098070011,0.5600340136054422,41.585497835497854,16538.528138528232,217.61221234905568,0
266,64,1,1,243,0.004098360655737705,0.004098360655737705,0.9959016393442623,244,8450,6400,2050,0.757396449704142,105,64,41,197.8344686022951,0.47427175391846005,0.8042016399148655,0.12367575374761466,2140448.6157682654,27440.902894206753,2167889.5186624723,265,0,140.51639344262296,80,164,55,36.254309416074136,0.561859631147541,41.37088477366256,16552.26337448564,206.9032921810705,0
267,64,0,1,242,0.0,0.00411522633744856,0.9958847736625515,243,7150,5000,2150,0.6993006993006993,93,50,43,194.2034324229194,0.4738228242016121,0.7993592104514564,0.12172404254784128,2141992.7954791137,27446.470621442008,2169439.2661005557,266,1,141.8312757201646,82,161,47,36.253132832080205,0.563485939643347,41.27761044176708,16558.232931726976,201.92966989910946,0
268,64,0,2,240,0.0,0.008264462809917356,0.9917355371900827,242,8250,6300,1950,0.7636363636363637,102,63,39,206.406372100705,0.4736230896288422,0.8105546734459617,0.12518966209723092,2122432.503270217,30966.718605723712,2153399.221875941,267,2,142.39256198347107,75,167,54,37.145866595706934,0.5527289944903582,42.46162280701751,16482.45614035072,219.76608187134295,8
269,64,1,3,238,0.004149377593360996,0.012448132780082987,0.9875518672199171,241,7550,5400,2150,0.7152317880794702,97,54,43,181.65165642363766,0.47354411595205165,0.783728235157249,0.10867640662138613,2114169.457749097,21058.476792077847,2135227.934541175,268,0,143.41908713692945,97,144,53,38.29432360157697,0.5523426694329183,42.963435374149675,16450.34013605451,169.59113542324238,7
270,64,2,1,239,0.008333333333333333,0.004166666666666667,0.9958333333333333,240,7450,5400,2050,0.7248322147651006,95,54,41,179.15661616654984,0.47329112912598786,0.7801944152023095,0.10786957840276612,2118025.0138888983,20441.638888889334,2138466.6527777878,269,0,144.10416666666666,99,141,52,38.11998947283183,0.5545572916666667,42.72916666666668,16465.33333333341,166.31649831649906,0
271,64,2,4,237,0.008298755186721992,0.016597510373443983,0.983402489626556,241,8250,5900,2350,0.7151515151515152,106,59,47,177.42170662986115,0.4731594340710004,0.7778437958789739,0.10720468261561467,2120163.4939682055,18782.605086833504,2138946.099055039,270,0,144.4813278008299,85,156,53,38.032474942355655,0.5560598201936376,42.59932170542635,16473.64341085267,193.80756953944316,0
272,64,5,4,238,0.02066115702479339,0.01652892561983471,0.9834710743801653,242,7550,5700,1850,0.7549668874172185,94,57,37,201.74149081071852,0.4727275584970794,0.8058822815018136,0.12312563631990454,2126171.9467401225,29837.41965105576,2156009.366391178,271,0,143.5909090909091,76,166,46,37.034655890276774,0.5582816804407713,42.23484848484848,16496.969696969652,217.06539074960068,8
273,64,1,1,238,0.0041841004184100415,0.0041841004184100415,0.99581589958159,239,8150,6000,2150,0.7361963190184049,103,60,43,205.84617552996804,0.472334540510765,0.8088982730939962,0.12644476342566463,2130031.0123795406,31741.7475317106,2161772.7599112513,272,0,145.0418410041841,80,159,49,36.69021865550128,0.5608002092050209,42.00102880658435,16511.934156378535,206.39917695473167,0
274,64,2,0,240,0.008333333333333333,0.0,1.0,240,7550,5600,1950,0.7417218543046358,95,56,39,227.79546629088196,0.4721633833100883,0.8153311610869753,0.13984368678949122,2129673.535446588,41475.9952108809,2171149.530657469,273,0,145.4125,78,162,51,36.14607291932872,0.5567708333333333,42.0226793248945,16510.548523206668,211.6736990154701,8
275,64,0,4,236,0.0,0.016666666666666666,0.9833333333333333,240,8100,5800,2300,0.7160493827160493,104,58,46,258.2755917008753,0.47210345478847043,0.8385368515665146,0.1566550084241752,2122454.018644487,53535.61350466072,2175989.632149148,274,1,146.4125,62,178,52,35.80869607087826,0.5492621527777778,42.46031746031745,16482.539682539624,265.84741423451004,8
276,64,3,1,238,0.012552301255230125,0.0041841004184100415,0.99581589958159,239,7050,5100,1950,0.723404255319149,90,51,39,248.14292059633578,0.4721990260539362,0.8297769646788915,0.1518922172735397,2127935.381235831,50756.4200680274,2178691.8013038584,275,0,146.43096234309624,69,170,50,35.7290644776579,0.5515167364016736,42.1279761904762,16503.80952380955,239.18564527260216,0
277,64,3,0,241,0.012448132780082987,0.0,1.0,241,8250,5800,2450,0.703030303030303,107,58,49,217.2532432497585,0.4719066966343937,0.8164078853103773,0.1324872573578102,2125695.688950027,35912.85651728436,2161608.545467311,276,0,145.92946058091286,81,160,44,36.66431522828463,0.5571836099585062,42.26371951219512,16495.121951219488,203.64348087925293,8
278,64,1,2,240,0.004132231404958678,0.008264462809917356,0.9917355371900827,242,8200,6300,1900,0.7682926829268293,101,63,38,213.71198642026891,0.47191347176022774,0.8137958848716684,0.13115813348512806,2129492.9452550975,34419.633479682656,2163912.57873478,277,0,146.32231404958677,87,155,48,36.5205666192508,0.5591856060606061,42.03361742424241,16509.8484848484,189.76837338906208,0
279,64,1,1,240,0.004149377593360996,0.004149377593360996,0.995850622406639,241,7450,5700,1750,0.7651006711409396,92,57,35,190.94628767895003,0.47162863070539424,0.7939972013755179,0.11530996665841915,2119814.922339966,25304.157997451686,2145119.080337418,278,0,147.90871369294607,82,159,53,37.70591557766073,0.5526884508990317,42.62048192771085,16472.289156626535,200.88157508081142,8
280,64,1,2,239,0.004149377593360996,0.008298755186721992,0.991701244813278,241,7750,5800,1950,0.7483870967741936,97,58,39,195.19791898785465,0.47165024204702627,0.7991799564746733,0.11846591577729569,2122809.9240676705,26923.61591695506,2149733.5399846258,279,0,148.08298755186723,84,157,50,37.41118301057874,0.5545038035961272,42.438725490196084,16483.921568627484,196.23716153127958,0
281,64,1,1,239,0.004166666666666667,0.004166666666666667,0.9958333333333333,240,8550,6200,2350,0.7251461988304093,109,62,47,192.54865920681533,0.47145876917712687,0.7955414477524791,0.11744360700839768,2125807.4459876698,25314.274691358718,2151121.7206790284,280,0,148.9875,89,151,45,37.2941364677354,0.5561631944444445,42.256944444444464,16495.555555555675,185.34332084894015,0
282,64,2,1,240,0.008298755186721992,0.004149377593360996,0.995850622406639,241,7150,5300,1850,0.7412587412587412,90,53,37,190.57186758161254,0.4712288208852005,0.7970411233153059,0.11689844607550666,2129195.5635633375,25802.954998950292,2154998.518562288,281,0,149.34439834024897,91,150,48,37.135860182015065,0.5579616182572614,42.05163043478262,16508.695652173996,181.41423793597798,0
283,64,1,1,240,0.004149377593360996,0.004149377593360996,0.995850622406639,241,6950,4500,2450,0.6474820143884892,94,45,49,217.07988980716235,0.4713642519594283,0.8233538706567756,0.13265993265993276,2126953.1250000037,37193.750000000255,2164146.875000004,282,0,149.40248962655602,71,170,47,36.59090909090908,0.5548928077455049,42.18750000000001,16500.00000000003,232.3943661971835,8
284,64,1,2,239,0.004149377593360996,0.008298755186721992,0.991701244813278,241,8350,5900,2450,0.7065868263473054,108,59,49,201.75335751396864,0.47134264061779624,0.8039414978842285,0.11930380040345973,2107087.381849439,28472.3907726888,2135559.7726221276,283,0,150.3941908713693,81,160,43,38.21720297029706,0.5452109266943292,43.39430894308945,16422.76422764236,202.75017564990569,8
285,64,1,2,238,0.004166666666666667,0.008333333333333333,0.9916666666666667,240,8050,5800,2250,0.7204968944099379,103,58,45,204.10064338107154,0.471186730009298,0.8100714770509871,0.11810183031579327,2093782.6877170303,29418.478732639676,2123201.1664496697,284,0,151.975,79,161,47,38.9849516416391,0.5345920138888889,44.20572916666669,16370.833333333463,207.22573839662613,8
286,64,2,4,236,0.008333333333333333,0.016666666666666666,0.9833333333333333,240,7200,5000,2200,0.6944444444444444,94,50,44,198.44202141706603,0.4712052533705253,0.8052203690679516,0.1154350344339027,2097034.0098901102,28027.93358058654,2125061.943470697,285,0,151.95416666666668,80,160,55,38.92722880873442,0.5366319444444445,44.007201646090564,16383.539094650354,204.79423868312944,0
287,64,4,0,240,0.016666666666666666,0.0,1.0,240,7000,4900,2100,0.7,91,49,42,192.54802131647702,0.4715183344955835,0.7996764419270359,0.11270752092674705,2100866.1224031886,25903.52298391125,2126769.6453871,286,0,152.65,88,152,56,38.839815914489364,0.5391493055555556,43.773408239700395,16398.50187265928,186.34661218930998,0
288,64,3,2,241,0.012345679012345678,0.00823045267489712,0.9917695473251029,243,7150,4700,2450,0.6573426573426573,96,47,49,224.0077607339725,0.47199052817739684,0.8308482385092286,0.1311564386759048,2101025.225309723,38379.1911934448,2139404.4165031677,287,0,151.7530864197531,75,168,50,38.02381429972365,0.5329646776406036,43.7637061403509,16399.122807017644,218.65497076023524,8
289,64,2,2,241,0.00823045267489712,0.00823045267489712,0.9917695473251029,243,8950,6800,2150,0.7597765363128491,111,68,43,223.73487603305853,0.4722193880443039,0.8303279710687124,0.13203238392508765,2105842.0583648835,36680.062374693145,2142522.120739577,288,0,152.52674897119343,66,177,54,37.7306818181818,0.5348936899862826,43.47014925373133,16417.91044776113,248.75621890547166,0
290,64,3,4,240,0.012295081967213115,0.01639344262295082,0.9836065573770492,244,7650,5000,2650,0.6535947712418301,103,50,53,218.4166999708815,0.47229390136949334,0.8267711316524873,0.1296057589959457,2109197.6418369263,35686.7977032769,2144884.439540203,289,0,151.6844262295082,70,174,44,37.65834238146939,0.5370560109289617,43.265845070422515,16430.985915492874,234.72837022132677,0
291,64,1,5,236,0.004149377593360996,0.02074688796680498,0.979253112033195,241,7700,5500,2200,0.7142857142857143,99,55,44,217.1468638303448,0.4719311894882434,0.8234021863371941,0.12951893322196803,2112332.650047379,35837.282064845465,2148169.9321122244,290,0,153.26141078838174,70,171,45,37.49607412060301,0.5389868603042877,43.075117370892,16443.192488262834,234.9027498323262,0
292,64,2,2,236,0.008403361344537815,0.008403361344537815,0.9915966386554622,238,7000,4800,2200,0.6857142857142857,92,48,44,217.31834546334932,0.47147023366308544,0.8213710708719666,0.13041956422222264,2116050.746692634,37371.32943754535,2153422.0761301797,291,0,153.41596638655463,73,165,48,37.26073826727976,0.5421043417366946,42.84909909909909,16457.657657657623,225.4473651733921,0
293,64,1,1,236,0.004219409282700422,0.004219409282700422,0.9957805907172996,237,8050,5900,2150,0.7329192546583851,102,59,43,216.6879995708331,0.4714422572647739,0.8213795120750926,0.13103425090996268,2120638.884383418,36453.399533833595,2157092.2839172515,292,0,154.35443037974684,67,170,49,36.99227660418524,0.5442158931082981,42.570465686274524,16475.490196078496,245.90283874744023,0
294,64,2,0,238,0.008403361344537815,0.0,1.0,238,6650,4300,2350,0.6466165413533834,90,43,47,232.52926764465371,0.47158473093878905,0.8343392655128241,0.14003230295020058,2118142.367122555,44256.01867882318,2162398.385801378,293,0,154.609243697479,75,163,50,36.73957389945482,0.5421043417366946,42.72203947368418,16465.789473684043,219.54385964912058,8
295,64,4,2,240,0.01652892561983471,0.008264462809917356,0.9917355371900827,242,6850,4500,2350,0.656934306569343,92,45,47,232.73792293599442,0.47211708274750525,0.8360520859615825,0.14171191531010854,2124773.180119294,43653.059330213946,2168426.239449508,294,0,153.03719008264463,66,176,44,36.32245283777803,0.5446367079889807,42.31965174129351,16491.542288557135,249.8718528569263,0
296,64,0,0,240,0.0,0.0,1.0,240,8600,6100,2500,0.7093023255813954,111,61,50,235.99794304833765,0.4717235442817294,0.8374110212945647,0.14388149694418115,2125542.4448033427,43724.728967104485,2169267.1737704473,295,1,155.3125,66,174,44,36.19070599827071,0.5461371527777779,42.27300995024875,16494.52736318405,249.9170812603644,0
297,64,0,3,237,0.0,0.0125,0.9875,240,7750,5000,2750,0.6451612903225806,105,50,55,234.50941354545893,0.4715993288005578,0.8361480080398955,0.14368912445854398,2128526.9195375713,44081.91992329575,2172608.839460867,296,2,156.3125,70,170,46,36.04395396021769,0.5476996527777778,42.092136150234744,16506.10328638499,235.80147551978558,0
298,64,2,1,238,0.008368200836820083,0.0041841004184100415,0.99581589958159,239,7850,5700,2150,0.7261146496815286,100,57,43,232.3155851330541,0.47140132203509016,0.8357546562624916,0.14339922575923048,2132925.1931691538,43452.35285922488,2176377.5460283784,297,0,157.48953974895397,71,168,49,35.82802138787707,0.549555439330544,41.82581018518518,16523.148148148153,232.72039645279088,0
299,64,1,3,236,0.0041841004184100415,0.012552301255230125,0.9874476987447699,239,7550,5200,2350,0.6887417218543046,99,52,47,232.390269132598,0.47124895983498005,0.8367409922927382,0.14421922772666973,2136120.2559049246,43932.71223386799,2180052.9681387926,298,0,158.43933054393307,60,179,46,35.6283046926636,0.5516910739191074,41.63251366120219,16535.519125683066,275.5919854280511,0
300,64,3,1,238,0.012552301255230125,0.0041841004184100415,0.99581589958159,239,6950,4400,2550,0.6330935251798561,95,44,51,223.32327372640793,0.4710570420636874,0.8301704529499307,0.13981162934972682,2141300.1543210014,40890.432098766236,2182190.5864197677,299,0,158.6192468619247,65,174,44,35.542505592841195,0.5542625523012552,41.31944444444447,16555.555555555664,254.70085470085635,0
301,64,0,3,235,0.0,0.012605042016806723,0.9873949579831933,238,8300,6700,1600,0.8072289156626506,99,67,32,227.30187169995412,0.4705058711248213,0.8320899382480269,0.14287546221139974,2143667.8200692055,41551.941560938256,2185219.761630144,300,1,160.28571428571428,67,171,45,35.29336332070708,0.5559786414565826,41.1764705882353,16564.70588235295,247.23441615452165,0
302,64,0,1,234,0.0,0.00425531914893617,0.9957446808510638,235,7150,5200,1950,0.7272727272727273,91,52,39,215.5784443430852,0.4704931199612051,0.8177406656563067,0.1301901108016061,2119838.5487528327,37248.299319727696,2157086.8480725605,301,2,161.72765957446808,69,166,50,37.070469087264875,0.5463209219858156,42.61904761904761,16472.380952380936,238.73015873015848,8
303,64,3,1,236,0.012658227848101266,0.004219409282700422,0.9957805907172996,237,6950,4800,2150,0.6906474820143885,91,48,43,212.88692435424713,0.47046785978211636,0.8181054368390606,0.12984542254917622,2125791.9659524425,36160.66268971693,2161952.6286421595,302,0,161.0590717299578,73,164,45,36.77089022392135,0.5490506329113924,42.25788288288289,16495.495495495525,225.96569171911676,0
304,64,3,0,239,0.012552301255230125,0.0,1.0,239,7700,5500,2200,0.7142857142857143,99,55,44,208.95740460363783,0.4707464575788474,0.8161194463853372,0.12822912657466762,2129441.516860951,33492.5145236993,2162934.0313846506,303,0,160.69874476987448,75,164,49,36.6463989692365,0.5511244769874477,42.03673245614034,16509.649122806968,220.12865497075958,0
305,64,3,2,240,0.012396694214876033,0.008264462809917356,0.9917355371900827,242,7450,5400,2050,0.7248322147651006,95,54,41,220.28103679906584,0.47101651177943143,0.8247663004453993,0.1331926478709201,2120573.9866779954,37574.447278911,2158148.433956906,304,0,159.69421487603304,69,173,50,36.903807060138355,0.5462293388429752,42.574404761904745,16475.238095238023,238.7715665976525,8
306,64,3,1,242,0.012345679012345678,0.00411522633744856,0.9958847736625515,243,8600,6000,2600,0.6976744186046512,112,60,52,213.06635734046483,0.4708823646113209,0.8179687054744686,0.12993336816191248,2125692.895061723,33382.728395061335,2159075.6234567845,305,0,159.5514403292181,74,169,48,36.77239945393471,0.5492112482853224,42.26388888888888,16495.111111111066,222.9069069069063,0
307,64,0,2,240,0.0,0.008264462809917356,0.9917355371900827,242,7500,5300,2200,0.7066666666666667,97,53,44,216.06275533232034,0.4707139529965822,0.8207627883525397,0.13238856617024644,2128536.4787723133,36079.49128578026,2164615.970058094,306,1,161.21074380165288,75,167,50,36.519116136118036,0.5505767906336088,42.091557017543856,16506.140350877184,220.08187134502913,0
308,64,0,0,240,0.0,0.0,1.0,240,8000,5200,2800,0.65,108,52,56,218.20377995896337,0.47032884414225945,0.8223204801359689,0.1342595022571028,2131025.796398883,36999.57679285889,2168025.373191742,307,2,162.97083333333333,75,165,50,36.30983995467746,0.5523871527777777,41.9407894736842,16515.789473684144,220.2105263157886,0
309,64,1,1,240,0.004149377593360996,0.004149377593360996,0.995850622406639,241,8150,6300,1850,0.7730061349693251,100,63,37,209.86489131955068,0.47035212079299216,0.8128132424745096,0.12867372453458753,2128920.8238576627,33007.14746536262,2161927.9713230254,308,0,163.29045643153526,82,159,47,36.655191708836114,0.558826071922545,42.06827309236945,16507.63052208822,201.31256734253927,8
310,64,2,2,240,0.008264462809917356,0.008264462809917356,0.9917355371900827,242,6200,3800,2400,0.6129032258064516,86,38,48,209.2547210230128,0.47016956151480854,0.8140576373251023,0.128962643676789,2131993.8234905377,34625.9545514592,2166619.778041997,309,0,163.56611570247935,86,156,50,36.48094674830685,0.5603908402203857,41.88218390804595,16519.540229884933,192.08767709168526,0
311,64,2,2,240,0.008264462809917356,0.008264462809917356,0.9917355371900827,242,7250,4900,2350,0.6758620689655173,96,49,47,179.30441694745926,0.46989986625973046,0.7879230301850508,0.10874696456423773,2122405.9256055257,20461.351403305936,2142867.2770088315,310,0,164.13636363636363,84,158,55,37.8454873503053,0.5550103305785123,42.46323529411763,16482.35294117639,196.218487394957,8
312,64,2,4,238,0.008264462809917356,0.01652892561983471,0.9834710743801653,242,7350,5100,2250,0.6938775510204082,96,51,45,176.52506446541653,0.46994773270235357,0.7846875665562789,0.10749018540832585,2124805.230034719,19266.276041666475,2144071.5060763857,311,0,164.39256198347107,87,155,46,37.768970018527895,0.5569903581267217,42.31770833333333,16491.666666666642,189.55938697317978,0
313,64,0,1,237,0.0,0.004201680672268907,0.9957983193277311,238,8250,5400,2850,0.6545454545454545,111,54,57,202.8537535718158,0.4691662529990899,0.809438261004626,0.12263096170471978,2120454.7178090126,30178.439757324137,2150633.157566337,312,1,166.50420168067228,73,165,47,37.35981617177958,0.5547093837535014,42.58164414414412,16474.774774774673,225.68184622979004,8
314,64,3,2,238,0.0125,0.008333333333333333,0.9916666666666667,240,7500,5600,1900,0.7466666666666667,94,56,38,198.94709069995986,0.46896537947466294,0.8069432927355968,0.12113234821886108,2124750.1700726757,29042.572960040372,2153792.743032716,313,0,166.07083333333333,77,163,48,37.19459920532086,0.5568142361111111,42.32104700854699,16491.45299145291,214.1747141747131,0
315,64,2,6,234,0.008333333333333333,0.025,0.975,240,7350,5200,2150,0.7074829931972789,95,52,43,194.99459293462786,0.4687739714086471,0.8033211267377189,0.11943200865018272,2128299.346986318,27651.37296172559,2155950.7199480436,314,0,166.8875,82,158,51,37.077128651840326,0.5582465277777777,42.10592369477909,16505.220883533973,201.28318150651188,0
316,64,1,1,234,0.00425531914893617,0.00425531914893617,0.9957446808510638,235,8250,5900,2350,0.7151515151515152,106,59,47,196.44734933394977,0.468263926774565,0.7984564669528276,0.11823668261733286,2117802.617102079,27957.342108441575,2145759.9592105206,315,0,170.7531914893617,90,145,47,37.68892201358607,0.5513297872340426,42.74267399267401,16464.468864468952,182.93854293854392,8
317,64,0,3,231,0.0,0.01282051282051282,0.9871794871794872,234,6500,4900,1600,0.7538461538461538,81,49,32,208.00230438827995,0.4680125301101696,0.8085407042179871,0.12293857051188306,2106787.681291186,34343.33851308139,2141131.019804267,316,1,171.78205128205127,70,164,45,38.07548077839401,0.541889245014245,43.412558685446,16421.596244131422,234.59423205902033,8
318,64,2,2,231,0.008583690987124463,0.008583690987124463,0.9914163090128756,233,6750,4800,1950,0.7111111111111111,87,48,39,202.64851539573394,0.46816958339499776,0.8025794025326085,0.12056665825095537,2110800.871657189,32200.132587469583,2143001.0042446586,317,0,172.4420600858369,76,157,48,37.963633570362575,0.5447067238912733,43.16829004329002,16437.22943722933,216.2793347003859,0
319,64,2,2,231,0.008583690987124463,0.008583690987124463,0.9914163090128756,233,7650,5900,1750,0.7712418300653595,94,59,35,203.12296678799672,0.4679645491095654,0.8028405385625836,0.12194606582610293,2116276.7697798847,31722.88320444138,2147999.6529843262,318,0,173.3648068669528,81,152,52,37.611761509583076,0.5475232474964234,42.83536585365852,16458.53658536579,203.19180969587396,0
320,64,2,0,233,0.008583690987124463,0.0,1.0,233,7300,5300,2000,0.726027397260274,93,53,40,201.54376201460406,0.4680963568644862,0.802257566586738,0.12183903391606826,2120454.7178090247,31572.88420176929,2152027.602010794,319,0,173.90128755364807,73,160,52,37.393537759063804,0.5500268240343348,42.58164414414414,16474.77477477477,225.68184622979138,0
321,64,3,0,236,0.012711864406779662,0.0,1.0,236,6850,4900,1950,0.7153284671532847,88,49,39,197.82889577543398,0.4685253636254358,0.8020268004087143,0.11894913960155462,2117198.7093950887,29718.61656336103,2146917.32595845,320,0,172.67796610169492,87,149,49,37.690788464488435,0.5484639830508475,42.77935606060606,16462.121212121223,189.21978404737038,8
322,64,0,1,235,0.0,0.00423728813559322,0.9957627118644068,236,8250,6100,2150,0.7393939393939394,104,61,43,199.13281894859693,0.4686846375766318,0.8041183212820211,0.12001344944056688,2118609.650862926,28926.942405607428,2147536.5932685337,321,1,173.67796610169492,70,166,50,37.569848329342,0.5498764124293785,42.69366197183099,16467.605633802832,235.25150905432616,0
323,64,0,2,233,0.0,0.00851063829787234,0.9914893617021276,235,7450,5100,2350,0.6845637583892618,98,51,47,203.5468882264676,0.46824271079590224,0.8084173985390053,0.12335482000486536,2121943.05796682,31932.981288580144,2153876.0392554,322,2,175.27234042553192,71,164,50,37.24981038260578,0.5517730496453901,42.49131944444444,16480.555555555547,232.1205007824725,0
324,64,5,3,235,0.02100840336134454,0.012605042016806723,0.9873949579831933,238,8500,6200,2300,0.7294117647058823,108,62,46,202.2992940087187,0.4689010625347185,0.8094629156010231,0.12431368830306766,2130259.697567391,30090.006574622043,2160349.704142013,323,0,173.890756302521,77,161,50,36.76759834368529,0.5551470588235294,41.98717948717949,16512.820512820523,214.45221445221458,0
325,64,2,2,235,0.008438818565400843,0.008438818565400843,0.9915611814345991,237,7200,5000,2200,0.6944444444444444,94,50,44,198.46197687196985,0.4686933836325062,0.8045618852891281,0.12251461801575331,2132982.8953259503,30063.200408096636,2163046.095734047,324,0,174.84810126582278,86,151,54,36.698472692420644,0.5570499296765119,41.822318007662815,16523.371647509473,192.1322284594125,0
326,64,2,0,237,0.008438818565400843,0.0,1.0,237,6400,4200,2200,0.65625,86,42,44,193.56843450885003,0.4686203783165272,0.8003343453598037,0.12026174830934487,2136785.891439914,28922.859977324475,2165708.7514172383,325,0,174.49367088607596,69,168,59,36.59030377195508,0.5588519690576652,41.59226190476191,16538.095238095273,239.68253968254018,0
327,64,0,2,235,0.0,0.008438818565400843,0.9915611814345991,237,7200,4900,2300,0.6805555555555556,95,49,46,190.7781148470467,0.4683507056187275,0.7981700551518356,0.11929137317665842,2140581.6575038657,27075.226658951018,2167656.8841628167,326,1,175.49367088607596,71,166,56,36.42861637858704,0.5603023909985936,41.362847222222236,16552.777777777836,233.13771517996952,0
328,64,0,1,234,0.0,0.00425531914893617,0.9957446808510638,235,6400,4000,2400,0.625,88,40,48,189.77004365146152,0.46814117718373033,0.7949430748605508,0.11886822979640696,2141610.8929875973,27882.71852934093,2169493.611516938,327,2,176.85106382978722,73,162,51,36.39133746871257,0.5610815602836879,41.3006756756757,16556.756756756873,226.80488707886127,0
329,64,0,1,233,0.0,0.004273504273504274,0.9957264957264957,234,7350,5500,1850,0.7482993197278912,92,55,37,191.85421932372088,0.46799686365137005,0.7958541893746192,0.12074357751204685,2144396.5958068753,28132.306961795388,2172528.9027686706,328,3,177.2094017094017,77,157,51,36.16599601045542,0.5626780626780628,41.13247863247867,16567.52136752155,215.16261516261753,0
330,64,0,2,231,0.0,0.008583690987124463,0.9914163090128756,233,6900,4500,2400,0.6521739130434783,93,45,48,192.68646505757258,0.4676477480144048,0.7964504052600923,0.12180263253670069,2146983.118215857,29238.917517460402,2176222.0357333175,329,4,178.81115879828326,82,151,52,35.98537154577901,0.5638412017167382,40.97640562248999,16577.510040160814,202.164756587327,0
331,64,0,0,231,0.0,0.0,1.0,231,7800,5800,2000,0.7435897435897436,98,58,40,194.4251484259794,0.46708623502101765,0.7965103873886668,0.12355867740277558,2150105.01846746,29606.897469396456,2179711.915936856,330,5,181.22510822510822,82,149,54,35.748422420193066,0.5653860028860029,40.78815261044179,16589.55823293185,202.31168576746157,0
332,64,0,0,231,0.0,0.0,1.0,231,7400,5400,2000,0.7297297297297297,94,54,40,195.77320016823003,0.46677881297446516,0.7984895739361275,0.12486294339843651,2152202.249134969,30668.704344483944,2182870.953479453,331,6,182.22510822510822,84,147,55,35.58461708093125,0.5670544733044733,40.66176470588238,16597.64705882369,197.59103641456775,0
333,64,1,3,229,0.004310344827586207,0.01293103448275862,0.9870689655172413,232,7400,5700,1700,0.7702702702702703,91,57,34,218.63489024132645,0.46672933149226253,0.820455238482453,0.13069935949668704,2113692.6078971494,38625.3902662991,2152317.9981634486,332,0,182.43534482758622,76,156,46,37.373341930729545,0.5457974137931034,42.992424242424235,16448.48484848482,216.42743221690552,8
334,64,0,0,229,0.0,0.0,1.0,229,6500,4600,1900,0.7076923076923077,84,46,38,219.09439045726432,0.4663894315483031,0.8182045744061834,0.13129901241071965,2115192.8059746884,40385.375704922466,2155578.1816796106,333,1,184.2882096069869,80,149,46,37.268344837935196,0.5478074963609898,42.90123456790122,16454.32098765424,205.679012345678,0
335,64,4,1,232,0.017167381974248927,0.004291845493562232,0.9957081545064378,233,7500,5200,2300,0.6933333333333334,98,52,46,207.84865927138736,0.4672076180257511,0.8070741728135313,0.12232404701381573,2104179.591836721,33370.181405895004,2137549.773242616,334,0,182.10729613733906,69,164,49,38.24159509439802,0.5369277539341917,43.57142857142855,16411.428571428463,237.84679089026758,8
336,64,5,4,233,0.02109704641350211,0.016877637130801686,0.9831223628691983,237,8150,5600,2550,0.6871165644171779,107,56,51,196.87569745092435,0.46807507330329684,0.7969921703058507,0.1169180456075889,2109689.192481398,27519.306234890442,2137208.4987162887,335,0,179.8649789029536,76,161,50,38.18087021426059,0.5402601969057665,43.23593073593073,16432.900432900413,216.2223741171107,0
337,64,2,1,234,0.00851063829787234,0.00425531914893617,0.9957446808510638,235,7000,5300,1700,0.7571428571428571,87,53,34,223.86269524515313,0.4678130872279809,0.819299793086961,0.13042654998368874,2097997.2915091994,39932.66565885636,2137929.9571680557,336,0,180.51489361702127,83,152,46,38.216372852899426,0.5392287234042553,43.9484126984127,16387.301587301612,197.43736852170616,8
338,64,2,1,235,0.00847457627118644,0.00423728813559322,0.9957627118644068,236,7650,5400,2250,0.7058823529411765,99,54,45,224.95034575347165,0.4680144849140522,0.8225650662250026,0.131914191518966,2101982.2066326477,39718.32482993166,2141700.5314625795,337,0,180.64830508474577,69,167,49,37.940000290309456,0.541401836158192,43.70535714285713,16402.857142857098,237.72256728778402,0
339,64,2,1,236,0.008438818565400843,0.004219409282700422,0.9957805907172996,237,7050,5200,1850,0.7375886524822695,89,52,37,220.62927956311646,0.4677763474695464,0.8194361890784561,0.1307853976791673,2108577.806122455,38592.800453515025,2147170.6065759696,338,0,180.33333333333334,76,161,43,37.64009661835747,0.5442598452883263,43.30357142857144,16428.571428571475,216.1654135338352,0
340,64,1,1,236,0.004219409282700422,0.004219409282700422,0.9957805907172996,237,6850,5200,1650,0.7591240875912408,85,52,33,221.62154001511618,0.468051979784977,0.8197088888420849,0.13187578767236127,2110897.8011542126,39314.08430126381,2150211.8854554766,339,0,180.47257383966246,77,160,46,37.47031856627845,0.5459300281293953,43.162393162393165,16437.606837606847,213.4754134754136,0
341,64,3,0,239,0.012552301255230125,0.0,1.0,239,7650,5200,2450,0.6797385620915033,101,52,49,248.67066549026174,0.4686170493301924,0.8392061631926098,0.15088054488948993,2122658.4201388867,50118.5763888888,2172776.9965277757,340,0,179.35564853556485,67,172,47,36.04335187057635,0.5498605299860531,42.447916666666664,16483.333333333318,246.0199004975122,8
342,64,1,2,238,0.004166666666666667,0.008333333333333333,0.9916666666666667,240,7800,5400,2400,0.6923076923076923,102,54,48,244.60374268474555,0.4687416463272896,0.8362353181154059,0.14914800235136852,2125621.907304548,48187.01481187598,2173808.922116424,341,0,179.60416666666666,70,170,43,35.963976015635374,0.5515190972222221,42.26819248826291,16494.83568075118,235.64050972501687,0
343,64,1,1,238,0.0041841004184100415,0.0041841004184100415,0.99581589958159,239,8350,6000,2350,0.718562874251497,107,60,47,241.77052696428993,0.46812699975387645,0.8341724536629542,0.14810314136307323,2128385.6577932094,46766.18441358018,2175151.8422067896,342,0,181.33891213389123,71,168,47,35.86544934365532,0.5534344490934449,42.10069444444444,16505.55555555555,232.47261345852888,0
344,64,2,2,238,0.008333333333333333,0.008333333333333333,0.9916666666666667,240,6350,4400,1950,0.6929133858267716,83,44,39,237.56696239923147,0.4686250581125058,0.8313950554994947,0.14622910542710477,2131252.1701388913,46913.02083333347,2178165.190972225,343,0,180.5875,75,165,49,35.7961234443323,0.5551215277777778,41.927083333333336,16516.666666666686,220.22222222222248,0
345,64,1,3,236,0.0041841004184100415,0.012552301255230125,0.9874476987447699,239,7950,5700,2250,0.7169811320754716,102,57,45,241.964608696808,0.4679739050431888,0.8343212824578974,0.14979209822436668,2134660.9883622928,47552.48214988488,2182213.470512178,344,0,181.90376569037656,76,163,48,35.47133616174314,0.5567032775453278,41.72077922077923,16529.870129870174,217.4982911825023,0
346,64,1,1,236,0.004219409282700422,0.004219409282700422,0.9957805907172996,237,7700,5300,2400,0.6883116883116883,101,53,48,232.03224815702222,0.4667922656082386,0.8236019644274444,0.1444503232519586,2137981.909453599,44116.14979391264,2182098.0592475114,345,0,183.66666666666666,70,167,51,35.5223824119272,0.5592914908579465,41.519953051643206,16542.72300469489,236.32461435278415,0
347,64,0,2,234,0.0,0.00847457627118644,0.9915254237288136,236,7650,5500,2150,0.7189542483660131,98,55,43,231.29682196320738,0.46633234162759946,0.823139092290097,0.14445141145249457,2139863.2812500135,44138.71527777841,2184001.996527792,346,1,184.22457627118644,71,165,49,35.425058744545154,0.5608227401129944,41.40625000000002,16550.000000000106,233.09859154929725,0
348,64,1,3,232,0.00425531914893617,0.01276595744680851,0.9872340425531915,235,7250,5400,1850,0.7448275862068966,91,54,37,227.43131773167744,0.4660332181608777,0.8193409037826294,0.14283523007902188,2143166.9430857836,43234.65639699463,2186401.5994827785,347,0,185.2,76,159,44,35.32094005924377,0.5628102836879433,41.20670995670997,16562.770562770635,217.9311916154031,0
349,64,1,2,231,0.004291845493562232,0.008583690987124463,0.9914163090128756,233,6800,4100,2700,0.6029411764705882,95,41,54,226.61566596086638,0.4658964777268018,0.8264642066534236,0.1384033321723451,2126590.0243007257,42983.72291652837,2169573.7472172542,348,0,186.24463519313304,70,163,44,36.36757061825356,0.5530221745350501,42.209507042253506,16498.59154929571,235.6941649899387,8
350,64,0,0,231,0.0,0.0,1.0,231,7200,5200,2000,0.7222222222222222,92,52,40,229.37604767923227,0.4660133948177427,0.8265913763921733,0.14079414109696145,2129589.358024688,44295.35802469119,2173884.716049379,349,1,186.73160173160173,74,157,46,36.11051290334158,0.5551046176046176,42.02777777777777,16510.222222222197,223.11111111111077,0
351,64,0,3,228,0.0,0.012987012987012988,0.987012987012987,231,6500,4700,1800,0.7230769230769231,83,47,36,228.57371699082609,0.46582047179873265,0.8260372800135836,0.14082385171443024,2131803.6436646115,44754.85654540083,2176558.5002100123,350,2,187.73160173160173,77,154,48,35.99406486607678,0.5562770562770563,41.893696581196565,16518.80341880334,214.52991452991353,0
352,64,2,4,226,0.008695652173913044,0.017391304347826087,0.9826086956521739,230,7650,5900,1750,0.7712418300653595,94,59,35,234.287217293644,0.4658194101639137,0.8297252365325489,0.14520847554638938,2135352.945982305,46407.17993079536,2181760.1259131003,351,0,187.3521739130435,84,146,48,35.626788905229525,0.5592391304347826,41.67892156862744,16532.54901960777,196.81605975723537,0
353,64,0,1,225,0.0,0.004424778761061947,0.995575221238938,226,7850,5700,2150,0.7261146496815286,100,57,43,228.7855846364883,0.4651122582759751,0.8207556866601113,0.14251593727356004,2138342.411872838,44794.38377066523,2183136.7956435033,352,1,190.90265486725664,67,159,48,35.58401234567902,0.5612094395280236,41.498161764705884,16544.11764705883,246.92712906057955,0
354,64,0,1,224,0.0,0.0044444444444444444,0.9955555555555555,225,7400,4900,2500,0.6621621621621622,99,49,50,232.374288396779,0.46480324074074075,0.8217516941567573,0.14527572418474885,2140479.0249433117,47078.458049886736,2187557.4829931986,353,2,192.68444444444444,69,156,46,35.35912926735711,0.5627314814814814,41.36904761904762,16552.380952380958,239.88957902001388,0
355,64,0,0,224,0.0,0.0,1.0,224,7050,5400,1650,0.7659574468085106,87,54,33,229.03351711385346,0.464317828448644,0.8178532082818435,0.14363238069156423,2142310.1374178263,46282.165104293716,2188592.30252212,354,3,194.46428571428572,73,151,41,35.33239713109551,0.5642206101190477,41.25844594594595,16559.459459459482,226.84191040355455,0
356,64,2,1,225,0.008849557522123894,0.004424778761061947,0.995575221238938,226,7200,5500,1700,0.7638888888888888,89,55,34,200.71678700448678,0.4645390855457227,0.7965402748928971,0.12440514793554303,2135368.361590253,33320.855321885545,2168689.2169121387,355,0,193.73451327433628,91,135,52,36.49303272700709,0.5613477138643068,41.67798913043477,16532.608695652085,181.6770186335394,8
357,64,1,1,225,0.004424778761061947,0.004424778761061947,0.995575221238938,226,6800,5000,1800,0.7352941176470589,86,50,36,194.82282240407235,0.46388397246804325,0.7894959599846083,0.12134605120676474,2138275.719452159,31316.982148354393,2169592.7016005134,356,0,194.71238938053096,75,151,50,36.466065747613996,0.5629609144542773,41.50219298245617,16543.859649122962,220.5847953216395,0
358,64,2,3,224,0.00881057268722467,0.013215859030837005,0.986784140969163,227,7350,5400,1950,0.7346938775510204,93,54,39,191.55326990682082,0.4638878601224124,0.7857499691824577,0.12020764349975266,2142702.446460459,29338.332011369806,2172040.778471829,357,0,194.78854625550662,81,146,49,36.27802323678615,0.5654368575624082,41.234756097561004,16560.975609756242,204.45648900933634,0
359,64,0,0,224,0.0,0.0,1.0,224,6100,4800,1300,0.7868852459016393,74,48,26,191.5314826585262,0.46326306587657484,0.7827410893935045,0.12049512263454164,2144175.3472222313,31235.416666667075,2175410.7638888983,358,1,198.03571428571428,83,141,49,36.18796109993299,0.5666852678571428,41.14583333333335,16566.66666666674,199.5983935742981,0
360,64,1,1,224,0.0044444444444444444,0.0044444444444444444,0.9955555555555555,225,6850,4300,2550,0.6277372262773723,94,43,51,193.5613711016387,0.46309523809523806,0.78578492701817,0.12237015495069756,2147052.4691358125,31267.283950617762,2178319.75308643,359,0,198.1511111111111,89,136,51,35.95844504021448,0.5686111111111112,40.972222222222236,16577.777777777854,186.2671660424478,0
361,64,2,2,224,0.008849557522123894,0.008849557522123894,0.9911504424778761,226,7350,5400,1950,0.7346938775510204,93,54,39,193.82943103117498,0.46331407735168795,0.7876330802749196,0.12317547713916635,2150083.1024930817,30799.876885195677,2180882.9793782774,360,0,198.18584070796462,94,132,56,35.76521080090243,0.570658185840708,40.789473684210535,16589.473684210578,176.48376259798488,0
362,64,1,0,225,0.0044444444444444444,0.0,1.0,225,6500,4600,1900,0.7076923076923077,84,46,38,195.32096223923918,0.4630439814814815,0.7906109277594444,0.12485707079850014,2153523.1750797373,32625.64375221463,2186148.818831952,361,0,199.8,72,153,54,35.51521818848551,0.5724537037037036,40.582191780821894,16602.73972602728,230.59360730593446,0
363,64,0,0,225,0.0,0.0,1.0,225,6200,4200,2000,0.6774193548387096,82,42,40,202.6435409426988,0.46275049603174606,0.7946531944005897,0.13342455180156473,2170595.7842797763,36771.443136349546,2207367.2274161256,362,1,200.8,75,150,51,34.27819001508612,0.5828703703703704,39.555921052631575,16668.421052631562,222.2456140350875,8
364,64,1,2,224,0.004424778761061947,0.008849557522123894,0.9911504424778761,226,9450,7900,1550,0.8359788359788359,110,79,31,197.3085847275377,0.4626130776794493,0.7896092631675753,0.13069898243136427,2174046.8967013764,31141.623263888323,2205188.519965265,363,0,200.9070796460177,79,147,54,34.20608951943252,0.5849926253687316,39.348958333333314,16681.66666666657,211.1603375527414,0
365,64,0,2,222,0.0,0.008928571428571428,0.9910714285714286,224,7300,5100,2200,0.6986301369863014,95,51,44,196.84899700785593,0.46205607383087766,0.7869683914044945,0.1309074525291304,2176283.136897669,33579.830540682946,2209862.9674383523,364,1,203.62946428571428,81,143,48,34.081411255622086,0.5866815476190477,39.214939024390226,16690.24390243894,206.05239385727086,0
366,64,1,1,222,0.004484304932735426,0.004484304932735426,0.9955156950672646,223,6600,4100,2500,0.6212121212121212,91,41,50,198.518545446101,0.46161155550169003,0.7888178107150408,0.13282593347048652,2179749.178200678,35344.12725874593,2215093.305459424,365,0,203.9372197309417,84,139,51,33.82616487455198,0.5885183109118086,39.00735294117645,16703.529411764597,198.85154061624522,0
367,64,0,0,222,0.0,0.0,1.0,222,6500,4100,2400,0.6307692307692307,89,41,48,191.1474374044649,0.46127391531803297,0.7798557904876557,0.11876994498212323,2136847.4175347253,30790.58159722243,2167637.9991319478,366,1,205.81981981981983,79,143,55,36.64907286102995,0.5660191441441442,41.58854166666667,16538.333333333358,209.34599156118173,8
368,64,2,1,223,0.008928571428571428,0.004464285714285714,0.9955357142857143,224,5600,3400,2200,0.6071428571428571,78,34,44,181.80776047964918,0.4615935464712791,0.7739535704992386,0.11251001989102874,2134444.588969813,27211.718117701017,2161656.307087514,367,0,204.97321428571428,92,132,56,37.038392315031636,0.5622674851190477,41.73387096774192,16529.03225806444,179.66339410939608,8
369,64,1,0,224,0.004464285714285714,0.0,1.0,224,7350,5000,2350,0.6802721088435374,97,50,47,216.32352547975523,0.46153015227952165,0.8104991032136379,0.1326862145011581,2129157.221354736,39967.359284827166,2169124.580639563,368,0,204.33482142857142,77,147,45,36.47397316420742,0.5573381696428572,42.05395299145299,16508.547008546997,214.39671439671426,8
370,64,1,1,224,0.0044444444444444444,0.0044444444444444444,0.9955555555555555,225,8100,6200,1900,0.7654320987654321,100,62,38,213.59739165809953,0.461812996031746,0.8092613444494279,0.13162767110745188,2131942.544539278,37975.47333570411,2169918.017874982,369,0,204.42222222222222,80,145,47,36.37202514407191,0.5591203703703704,41.88528806584362,16519.341563785983,206.4917695473248,0
371,64,0,0,224,0.0,0.0,1.0,224,5800,4000,1800,0.6896551724137931,76,40,36,212.49643821540187,0.46156476884475767,0.8074095209165066,0.1313341608976237,2133688.4939355818,40080.24104449926,2173768.734980081,370,1,206.21428571428572,82,142,48,36.292527339003655,0.560546875,41.77961847389558,16526.104417670686,201.53785875208152,0
372,64,0,3,221,0.0,0.013392857142857142,0.9866071428571429,224,7500,5100,2400,0.68,99,51,48,210.9581125729069,0.4612094277172753,0.8060571416574014,0.13105818604051092,2136751.7106588637,37853.02158350471,2174604.732242368,371,2,207.21428571428572,71,153,46,36.14305143422355,0.5620349702380952,41.5943287037037,16537.962962962953,232.92905581637962,0
373,64,1,0,222,0.0045045045045045045,0.0,1.0,222,6200,4400,1800,0.7096774193548387,80,44,36,211.95768852619818,0.46098219259983964,0.8057963253913623,0.13245192699331,2140212.7465303135,40126.90934177422,2180339.655872088,372,0,208.3108108108108,73,149,50,35.90359423760797,0.5642830330330331,41.38513513513514,16551.35135135135,226.73084042947053,0
374,64,2,4,220,0.008928571428571428,0.017857142857142856,0.9821428571428571,224,7500,5700,1800,0.76,93,57,36,211.3457081322855,0.461135606849242,0.8067630630958438,0.1328864910517868,2143847.696238149,38318.60189784451,2182166.2981359935,373,0,207.44196428571428,78,146,45,35.69525810833759,0.5661737351190477,41.16561181434601,16565.400843881936,212.37693389592226,0
375,64,1,1,220,0.004524886877828055,0.004524886877828055,0.995475113122172,221,6700,4600,2100,0.6865671641791045,88,46,42,219.35725548824757,0.4603275401069519,0.8115055880348736,0.13854068206752973,2146469.60512027,43268.736313625355,2189738.3414338953,374,0,211.1266968325792,78,143,46,35.3261930217561,0.5675433634992458,41.00738396624474,16575.5274261604,212.50676187385127,0
376,64,0,2,218,0.0,0.00909090909090909,0.990909090909091,220,6500,4700,1800,0.7230769230769231,83,47,36,201.1269877551021,0.4602328940085789,0.7909553246753238,0.11939356464431079,2109438.713659101,34353.01086645028,2143791.7245255513,375,1,212.33636363636364,70,150,53,38.08726190476187,0.5460700757575758,43.25117370892018,16431.924882629068,234.74178403755812,8
377,64,4,0,222,0.018018018018018018,0.0,1.0,222,6050,4500,1550,0.743801652892562,76,45,31,194.20059632359255,0.4609945069503893,0.7859869761374556,0.11643459096928052,2115473.121755584,31715.22835029313,2147188.3501058775,376,0,209.93693693693695,76,146,57,37.8909949489635,0.5490334084084084,42.88419913419913,16455.411255411218,216.5185691501476,0
378,64,2,1,223,0.008928571428571428,0.004464285714285714,0.9955357142857143,224,7650,5500,2150,0.7189542483660131,98,55,43,203.75942510657737,0.4608390721759556,0.7964449367599851,0.12198550857649923,2114580.1831695843,33723.12849287933,2148303.3116624635,377,0,209.05357142857142,85,139,49,37.70059801473248,0.5479910714285714,42.93846899224807,16451.93798449615,193.55221158230765,8
379,64,1,2,222,0.004464285714285714,0.008928571428571428,0.9910714285714286,224,6550,4900,1650,0.7480916030534351,82,49,33,205.40319798790415,0.4610501081037796,0.7995360372179383,0.12341628483517716,2116772.7487831274,35608.378402740316,2152381.1271858676,378,0,208.96428571428572,85,139,51,37.52236978430817,0.5495721726190477,42.80523255813954,16460.465116279083,193.65253077975393,0
380,64,1,0,223,0.004484304932735426,0.0,1.0,223,7250,4900,2350,0.6758620689655173,96,49,47,219.1226779245959,0.4613237116039806,0.8030486380503421,0.13025007911152323,2110250.846414273,40630.763311787785,2150881.609726061,379,0,209.3273542600897,75,148,48,37.57472245943636,0.5459641255605381,43.2017543859649,16435.08771929818,219.13450292397573,8
381,64,1,2,222,0.004464285714285714,0.008928571428571428,0.9910714285714286,224,7900,6000,1900,0.759493670886076,98,60,38,218.41140261428998,0.4616623625347,0.8041788008754274,0.13071738337474628,2114395.495612738,39661.617175623214,2154057.1127883615,380,0,209.38839285714286,81,143,52,37.33542335886663,0.5480840773809523,42.94969512195123,16451.21951219518,203.10147545919978,0
382,64,2,1,223,0.008928571428571428,0.004464285714285714,0.9955357142857143,224,6900,4900,2000,0.7101449275362319,89,49,40,217.66073167482,0.4618875787422592,0.8017001456198372,0.13108345957490464,2118166.262975781,40508.323721645735,2158674.586697427,381,0,208.92857142857142,84,140,54,37.12062573433681,0.5499441964285714,42.72058823529412,16465.8823529412,196.02240896358572,0
383,64,2,3,222,0.008888888888888889,0.013333333333333334,0.9866666666666667,225,6750,4600,2150,0.6814814814814815,89,46,43,219.16116253233167,0.4619088955026455,0.8048607619533392,0.13305278540201104,2123006.4777615503,41306.11354597865,2164312.591307529,382,0,208.5288888888889,73,152,55,36.781797646372986,0.5525462962962964,42.42680180180181,16484.684684684722,225.81759842033867,0
384,64,2,2,222,0.008928571428571428,0.008928571428571428,0.9910714285714286,224,7550,5300,2250,0.7019867549668874,98,53,45,220.991554565507,0.4615022087871023,0.8045056069442158,0.13507559483352907,2127064.7336069434,41662.66842825302,2168727.4020351963,383,0,209.46875,76,148,44,36.483147934375786,0.5552455357142857,42.180735930735935,16500.432900432916,217.11095921622257,0
385,64,4,3,223,0.017699115044247787,0.01327433628318584,0.9867256637168141,226,6950,4800,2150,0.6906474820143885,91,48,43,215.93737562055333,0.46155235988200594,0.8041133657602837,0.1331076658675951,2132112.500000004,39930.55555555577,2172043.05555556,384,0,207.03982300884957,79,147,50,36.30111649179446,0.557752581120944,41.87500000000001,16520.000000000033,209.11392405063333,0
386,64,1,2,222,0.004464285714285714,0.008928571428571428,0.9910714285714286,224,8150,5800,2350,0.7116564417177914,105,58,47,207.22122697714798,0.4607669195761264,0.8006935573533933,0.12914437458359168,2138623.6277913437,35683.64243864889,2174307.2702299925,385,0,208.85714285714286,72,152,48,36.124105352247454,0.5631975446428572,41.48116438356167,16545.20547945216,229.7945205479467,8
387,64,1,2,221,0.004484304932735426,0.008968609865470852,0.9910313901345291,223,7350,5700,1650,0.7755102040816326,90,57,33,205.09087024185848,0.4601302535719576,0.7983858813491329,0.12844729485961284,2141530.0987654505,35891.65432098867,2177421.7530864393,386,0,210.7354260089686,74,149,48,35.999968681771016,0.5646020179372198,41.305555555555586,16556.44444444459,223.7357357357377,0
388,64,0,4,217,0.0,0.01809954751131222,0.9819004524886877,221,6500,4700,1800,0.7230769230769231,83,47,36,206.96351880830338,0.459742218565748,0.7980152222523589,0.1301031654186427,2143721.2411511377,38034.41828254919,2181755.659433687,387,1,211.68325791855204,75,146,48,35.81647602908988,0.5667892156862745,41.17324561403511,16564.91228070187,220.86549707602492,0
389,64,0,1,216,0.0,0.004608294930875576,0.9953917050691244,217,6750,4900,1850,0.725925925925926,86,49,37,205.29888064910202,0.45890136968766004,0.7922844750444029,0.12944845518391762,2145503.009944131,37943.87327416257,2183446.8832182935,388,2,214.34101382488478,77,140,50,35.74981303832071,0.5685963901689708,41.06570512820515,16571.79487179499,215.21811521811676,0
390,64,2,0,218,0.009174311926605505,0.0,1.0,218,6650,4900,1750,0.7368421052631579,84,49,35,201.37062668204416,0.458825695119717,0.7889296636085616,0.12773509901473046,2149018.4414039436,36299.8380593571,2185318.2794633005,389,0,214.3119266055046,81,137,53,35.63521241830066,0.5704319571865444,40.85365853658539,16585.36585365867,204.75760313158852,0
391,64,1,2,217,0.0045662100456621,0.0091324200913242,0.9908675799086758,219,4950,3200,1750,0.6464646464646465,67,32,35,181.647631804133,0.4588142166925,0.7712922949145089,0.11742732733164729,2160041.6599903684,29723.29042710305,2189764.9504174716,390,0,214.32876712328766,78,141,50,35.47048399648126,0.5768169710806696,40.18987341772149,16627.848101265685,213.17753975981648,8
392,64,1,0,218,0.0045871559633027525,0.0,1.0,218,6650,5000,1650,0.7518796992481203,83,50,33,180.16396419398876,0.45791583872377006,0.767909514978719,0.11695036519644393,2162429.698216719,27668.381344306337,2190098.0795610254,391,0,216.0045871559633,80,138,52,35.36286731967941,0.5788417431192661,40.04629629629627,16637.03703703691,207.96296296296137,0
393,64,1,0,219,0.0045662100456621,0.0,1.0,219,6550,4300,2250,0.6564885496183206,88,43,45,179.54388105852033,0.457700592071272,0.7681649281757166,0.11709334420449567,2165121.711746572,27396.871018208894,2192518.582764781,392,0,216.013698630137,82,137,54,35.2143241982695,0.5804794520547945,39.884538152610425,16647.389558232833,203.01694583210772,0
394,64,0,1,218,0.0,0.0045662100456621,0.995433789954338,219,6950,5100,1850,0.7338129496402878,88,51,37,178.46048349353566,0.4572633460405234,0.7674488005062061,0.1171224356353731,2168742.242663769,26656.957839725525,2195399.2005034946,393,1,217.013698630137,86,133,57,35.02123288721275,0.5823820395738204,39.667145593869705,16661.30268199218,193.73607769758348,0
395,64,1,0,219,0.0045662100456621,0.0,1.0,219,5400,3400,2000,0.6296296296296297,74,34,40,177.86016521286552,0.4571385432812478,0.766929303780433,0.11724400825654635,2171266.380174656,28036.359419800734,2199302.7395944567,394,0,217.93607305936072,76,143,58,34.88271444646414,0.584046803652968,39.515692640692635,16670.995670995642,219.35520619731108,0
396,64,1,1,219,0.004545454545454545,0.004545454545454545,0.9954545454545455,220,6350,4800,1550,0.7559055118110236,79,48,31,186.26229713718115,0.4569781721322817,0.7746308707921785,0.11831590987164706,2149832.2103316346,29736.537191175426,2179568.74752281,395,0,217.9409090909091,86,134,57,35.97676459719146,0.5744318181818182,40.804597701149454,16588.505747126586,192.88960171077426,8
397,64,1,3,217,0.004545454545454545,0.013636363636363636,0.9863636363636363,220,7100,4600,2500,0.647887323943662,96,46,50,186.38816006939243,0.4566711636917116,0.7760394565495168,0.11896246878368129,2152620.3746570833,29144.590192044598,2181764.964849128,396,0,218.87727272727273,89,131,57,35.802346899311274,0.5762310606060606,40.6365740740741,16599.259259259405,186.50853100291465,0
398,64,1,1,217,0.0045871559633027525,0.0045871559633027525,0.9954128440366973,218,6500,4400,2100,0.676923076923077,86,44,42,183.58498677753187,0.4559873483279077,0.7712852834244655,0.11789252765352247,2156182.3241693173,29068.540694513573,2185250.8648638306,397,0,220.6605504587156,76,142,54,35.65661698283647,0.5782205657492354,40.42207792207789,16612.987012986858,218.59193438140602,0
399,64,2,2,217,0.0091324200913242,0.0091324200913242,0.9908675799086758,219,7550,5400,2150,0.7152317880794702,97,54,43,180.64089624872648,0.4558206959630235,0.7677579496755762,0.11677282990765332,2160023.389274677,26687.71219135728,2186711.101466034,398,0,219.07305936073058,83,136,49,35.49775865909343,0.5805745814307458,40.1909722222222,16627.77777777766,200.3346720214176,0
400,64,0,1,216,0.0,0.004608294930875576,0.9953917050691244,217,7350,5200,2150,0.7074829931972789,95,52,43,180.33768428413342,0.4552469135802469,0.7646673936750286,0.1169516665406997,2161879.566641459,27223.670949860898,2189103.2375913197,399,1,221.89400921658986,83,134,52,35.39201653944019,0.582229262672811,40.07936507936506,16634.920634920538,200.4207305412113,0
401,64,0,1,215,0.0,0.004629629629629629,0.9953703703703703,216,6150,4500,1650,0.7317073170731707,78,45,33,181.0667603036662,0.4552491566178582,0.7651837101276246,0.11773501236171824,2163403.9263744587,28994.108035370453,2192398.034409829,400,2,223.02777777777777,84,132,53,35.27978743460434,0.5836709104938271,39.9877450980392,16640.784313725395,198.10457516339756,0
402,64,1,2,214,0.004629629629629629,0.009259259259259259,0.9907407407407407,216,6400,4600,1800,0.71875,82,46,36,183.12448317075257,0.45506881639391333,0.7692889006280452,0.11790974375586215,2157725.2790055736,29426.465308472725,2187151.744314046,401,0,223.97222222222223,80,136,54,35.574010334125745,0.5785590277777778,40.32921810699589,16618.930041152278,207.73662551440347,8
403,64,0,1,213,0.0,0.004672897196261682,0.9953271028037384,214,6400,4400,2000,0.6875,84,44,40,184.77917140822663,0.45443833823292823,0.7684985712772359,0.11945899519873278,2160076.8482531435,30627.44203966178,2190704.290292805,402,1,226.4626168224299,80,134,47,35.386968107046826,0.5799260124610592,40.187757201646086,16627.983539094632,207.8497942386829,0
404,64,1,0,214,0.004672897196261682,0.0,1.0,214,7950,6000,1950,0.7547169811320755,99,60,39,169.6387560680769,0.454394004212189,0.748893780030371,0.10609162024923205,2140684.2925248877,21878.604103678936,2162562.8966285666,403,0,226.7336448598131,83,131,55,36.9690531556152,0.5688765576323987,41.35664682539684,16553.174603174662,199.4358385924658,8
405,64,0,1,213,0.0,0.004672897196261682,0.9953271028037384,214,6800,4900,1900,0.7205882352941176,87,49,38,209.8781774654863,0.45426420151229285,0.7985312026994587,0.12907403704506043,2130736.0555555588,39839.00000000012,2170575.0555555588,404,1,227.7336448598131,74,140,51,36.54260186231765,0.556804906542056,41.958333333333336,16514.66666666669,223.1711711711715,8
406,64,0,0,213,0.0,0.0,1.0,213,6750,5400,1350,0.8,81,54,27,198.54886281903578,0.4538627203472407,0.7814852621758559,0.11937937923149586,2117185.270511297,34722.94556744614,2151908.2160787433,405,2,229.27230046948358,86,127,52,37.67310198761809,0.5541862284820032,42.7801724137931,16462.068965517246,191.41940657578195,8
407,64,1,0,214,0.004672897196261682,0.0,1.0,214,7300,5700,1600,0.7808219178082192,89,57,32,205.04172442964216,0.4539049588287774,0.7884852374052502,0.12419282196248342,2121614.4184725177,36903.89578767914,2158518.314260197,406,0,229.19626168224298,73,141,49,37.231667760040835,0.5561234423676013,42.51126126126125,16479.27927927921,225.74355177094807,0
408,64,1,0,215,0.004651162790697674,0.0,1.0,215,6400,3700,2700,0.578125,91,37,54,204.17471072566198,0.45414130986017537,0.7879171357472377,0.12423998531887984,2124386.935214846,37349.217593372945,2161736.1528082187,407,0,229.12558139534883,76,139,46,37.0823707515139,0.5578488372093023,42.343073593073576,16490.043290043202,216.97425381635793,0
409,64,0,0,215,0.0,0.0,1.0,215,5600,3900,1700,0.6964285714285714,73,39,34,211.755358926439,0.453963812214736,0.7919148820965425,0.12698816902946905,2115608.7375772577,40998.29751471677,2156607.0350919743,408,1,230.12558139534883,86,129,52,37.43121847109043,0.5566375968992248,42.87595785440614,16455.938697318048,191.34812438741918,8
410,64,4,2,217,0.0182648401826484,0.0091324200913242,0.9908675799086758,219,5500,3300,2200,0.6,77,33,44,204.05483734547565,0.4552455559744739,0.7866340547016355,0.12325332230655103,2119948.211228446,37217.137484610226,2157165.348713056,409,0,226.9041095890411,75,144,57,37.36027166870796,0.558742389649924,42.61239035087718,16472.80701754379,219.63742690058388,0
411,64,4,2,219,0.01809954751131222,0.00904977375565611,0.9909502262443439,221,5800,4200,1600,0.7241379310344828,74,42,32,197.9383760413176,0.4555207047854107,0.7813714423798055,0.12075577182326847,2125930.1825475385,34160.633582135684,2160090.816129674,410,0,225.579185520362,83,138,43,37.147632507417164,0.5614630467571644,42.24950396825394,16496.031746031607,198.74737043411574,0
412,64,0,4,215,0.0,0.0182648401826484,0.9817351598173516,219,8100,5800,2300,0.7160493827160493,104,58,46,198.12820198298013,0.4546808889447447,0.7815669698512127,0.12142708616580541,2128672.2222221997,32449.999999998803,2161122.2222221983,411,1,228.58447488584474,84,135,47,36.97327679052231,0.5628805175038052,42.0833333333333,16506.66666666649,196.5079365079344,0
413,64,1,2,214,0.004629629629629629,0.009259259259259259,0.9907407407407407,216,6650,5100,1550,0.7669172932330827,82,51,31,234.93262071488243,0.45385219279356875,0.8194370025064439,0.14928660198848706,2150046.7222222295,51173.22222222272,2201219.9444444524,412,0,231.50925925925927,74,142,47,34.70201736055298,0.5714216820987654,40.79166666666668,16589.33333333339,224.18018018018094,8
414,64,0,1,213,0.0,0.004672897196261682,0.9953271028037384,214,6700,4900,1800,0.7313432835820896,85,49,36,235.5668083857622,0.4535338327994969,0.8176529242678874,0.15000601425186666,2151280.599619014,51854.060958892354,2203134.6605779068,413,1,232.05140186915887,78,136,47,34.60945975725524,0.5731600467289719,40.717299578059084,16594.092827004275,212.74477983338815,0
415,64,1,0,214,0.004672897196261682,0.0,1.0,214,7050,5400,1650,0.7659574468085106,87,54,33,234.02931196294497,0.4527819826539716,0.8170821837515416,0.14975507432303764,2154122.6740256003,50975.5694571976,2205098.243482798,414,0,233.03271028037383,65,149,45,34.474103757325054,0.5747663551401869,40.54608585858584,16605.050505050433,255.46231546231434,0
416,64,0,1,213,0.0,0.004672897196261682,0.9953271028037384,214,6350,4700,1650,0.7401574803149606,80,47,33,236.5959613134035,0.452581793983005,0.8196724398603248,0.14730006623705444,2138016.5816326537,52019.21768707495,2190035.7993197287,415,1,234.03271028037383,62,152,46,35.402274035693736,0.5644470404984423,41.517857142857146,16542.85714285715,266.82027649769594,8
417,64,0,0,213,0.0,0.0,1.0,213,6800,4900,1900,0.7205882352941176,87,49,38,196.99692824597759,0.45232176602592494,0.7809887970751699,0.11676480587616386,2108516.6883680588,33674.26215277788,2142190.9505208367,416,4,236.1267605633803,79,134,49,38.25052416218593,0.5471439749608764,43.30729166666667,16428.33333333336,207.95358649789065,8
418,64,2,0,215,0.009302325581395349,0.0,1.0,215,6450,4800,1650,0.7441860465116279,81,48,33,195.59186674787085,0.4529196551474317,0.7823734024644646,0.11609712830664402,2109382.854327787,33065.62603278502,2142448.480360572,417,0,234.92093023255813,81,134,49,38.232841439480154,0.5513565891472868,43.25457317073172,16431.70731707322,202.86058416139775,8
419,64,2,0,217,0.009216589861751152,0.0,1.0,217,6500,4600,1900,0.7076923076923077,84,46,38,192.28043104820782,0.4533747937645787,0.7817582401258021,0.11505565059828705,2114276.7563777,31406.80921430218,2145683.565592002,418,0,233.74654377880185,87,130,52,38.01447731982502,0.5536194316436251,42.95691287878788,16450.757575757594,189.08916753744361,0
420,64,3,0,220,0.013636363636363636,0.0,1.0,220,7700,5500,2200,0.7142857142857143,99,55,44,190.08529752573978,0.4545251314515013,0.7823143931107186,0.11477937846633492,2119759.049590127,28887.005924843623,2148646.055514971,419,0,231.54545454545453,73,147,57,37.7315321228032,0.5561079545454546,42.62387387387387,16472.072072072046,225.6448229050965,0
421,64,1,3,218,0.004524886877828055,0.013574660633484163,0.9864253393665159,221,6600,4800,1800,0.7272727272727273,84,48,36,185.86625756417544,0.4550562182915124,0.7725177459360617,0.10998093528260537,2107485.01057286,27542.070357554876,2135027.080930415,420,0,231.49321266968326,84,137,47,38.600214093564475,0.5483597285067874,43.37009803921569,16424.31372549022,195.52754435107406,8
422,64,1,0,219,0.0045662100456621,0.0,1.0,219,7200,5100,2100,0.7083333333333334,93,51,42,190.19469650454062,0.4541319313532459,0.7759228784576029,0.11341928234097161,2112205.253440218,29346.04742667154,2141551.30086689,421,0,233.23744292237444,88,131,51,38.196437519930775,0.5518930745814308,43.08286516853932,16442.696629213453,186.84882533197106,0
423,64,1,0,220,0.004545454545454545,0.0,1.0,220,7000,5300,1700,0.7571428571428571,87,53,34,192.73583780144537,0.45462847654628474,0.7808742218929945,0.11549072471226084,2115129.3252743506,30532.244513031692,2145661.569787382,422,0,233.1727272727273,89,131,52,37.9499523552274,0.5536931818181818,42.905092592592595,16454.07407407409,184.87723678734935,0
424,64,0,0,220,0.0,0.0,1.0,220,6600,4400,2200,0.6666666666666666,88,44,44,193.148585411539,0.45444081223190813,0.7837395271458083,0.11483837094490998,2110397.530947682,30924.05955171078,2141321.5904993927,423,1,234.1727272727273,85,135,46,38.23263528597937,0.5506628787878788,43.192829457364375,16435.65891472886,193.3606931144572,8
425,64,1,0,221,0.004524886877828055,0.0,1.0,221,8150,6000,2150,0.7361963190184049,103,60,43,194.36684642798616,0.45459001782531194,0.7858097928317787,0.11606848241617876,2113048.123926556,29791.300039635964,2142839.423966192,424,0,234.10859728506787,86,135,48,38.03699562016589,0.5525075414781297,43.03160919540232,16445.97701149436,191.23229083132978,0
426,64,3,0,224,0.013392857142857142,0.0,1.0,224,6150,3900,2250,0.6341463414634146,84,39,45,192.51191582985118,0.4550977271513987,0.7863820802116581,0.11543520163828458,2115541.6180278948,30503.393980867204,2146045.012008762,425,0,231.95982142857142,90,134,52,37.930170955391354,0.5542224702380952,42.88003663003665,16455.67765567776,182.840862840864,0
427,64,1,0,225,0.0044444444444444444,0.0,1.0,225,6950,4500,2450,0.6474820143884892,94,45,49,193.99747583146313,0.45545386904761903,0.7898692504037055,0.11680171350869031,2118006.959833815,30227.600800247063,2148234.560634062,426,0,231.92444444444445,94,131,53,37.73929520237536,0.5563425925925927,42.73026315789476,16465.263157894893,175.16237402015844,0
428,64,3,1,227,0.013157894736842105,0.0043859649122807015,0.9956140350877193,228,7600,5800,1800,0.7631578947368421,94,58,36,185.94144827088357,0.45629290967874897,0.781849115967308,0.11275172927064167,2122296.4145739493,25724.57379719644,2148020.988371146,427,0,229.859649122807,82,146,54,37.68132716049384,0.5587079678362573,42.469879518072275,16481.9277108433,200.99911842491832,0
429,64,2,5,224,0.008733624454148471,0.021834061135371178,0.9781659388646288,229,6000,3800,2200,0.6333333333333333,82,38,44,182.89885846879136,0.45648829132511043,0.7773575641166832,0.11144391401410673,2125195.675684388,25939.17262109679,2151134.8483054847,428,0,229.76855895196508,87,142,46,37.5806213923721,0.5601346433770015,42.29403409090907,16493.181818181714,189.5768025078358,0
430,64,1,0,225,0.0044444444444444444,0.0,1.0,225,7300,5100,2200,0.6986301369863014,95,51,44,184.1570536129342,0.45574983465608465,0.7768332884431581,0.11259750801983408,2127256.44463666,26049.85582468193,2153306.300461342,429,0,234.50222222222223,84,141,53,37.420980084604814,0.5616203703703704,42.1691176470588,16501.176470588092,196.4425770308106,0
431,64,0,1,224,0.0,0.0044444444444444444,0.9955555555555555,225,7050,4800,2250,0.6808510638297872,93,48,45,182.47978291684535,0.4555381944444445,0.7767675952092605,0.11215940999628325,2130392.0138888666,25700.694444443434,2156092.70833331,430,1,235.50222222222223,89,136,56,37.27080810119767,0.5631944444444444,41.979166666666636,16513.333333333157,185.54307116104673,0
432,64,2,0,226,0.008849557522123894,0.0,1.0,226,8100,6200,1900,0.7654320987654321,100,62,38,179.44879849934603,0.4555666175024582,0.7748033149864624,0.11102068692028004,2134286.738227128,23299.038165588583,2157585.7763927164,431,0,235.42920353982302,94,132,58,37.10903777296591,0.5653115781710915,41.743421052631554,16528.42105263143,175.83426651735564,0
433,64,3,0,229,0.013100436681222707,0.0,1.0,229,7350,5700,1650,0.7755102040816326,90,57,33,176.6136138997249,0.4558785975127046,0.7730748968649415,0.1099503537159601,2137985.0210479377,22369.45220615175,2160354.4732540892,432,0,233.33187772925766,77,152,58,36.95465211401017,0.567094250363901,41.51976495726498,16542.73504273517,214.8407148407165,0
434,64,0,2,227,0.0,0.008733624454148471,0.9912663755458515,229,6400,4600,1800,0.71875,82,46,36,175.9779153512745,0.45582113945708524,0.7726781546359056,0.10982304975001989,2139432.3133680723,23098.56770833408,2162530.881076406,433,1,234.33187772925766,79,150,59,36.88207103770102,0.568504366812227,41.43229166666669,16548.333333333463,209.47257383966408,0
435,64,3,0,230,0.013043478260869565,0.0,1.0,230,7400,5200,2200,0.7027027027027027,96,52,44,169.47881324438472,0.45582716283779506,0.7639914048685386,0.10647614826794438,2143372.773759103,19251.254807404137,2162624.028566507,434,0,232.34347826086957,85,145,50,36.80807436701456,0.5709239130434782,41.194282945736454,16563.56589147298,194.8654810761527,0
436,64,3,5,228,0.012875536480686695,0.02145922746781116,0.9785407725321889,233,7800,5500,2300,0.7051282051282052,101,55,46,169.63253343254323,0.4566329362142963,0.7665192713086442,0.10727735887973353,2147244.3458504933,18448.49965706497,2165692.8455075584,435,0,230.3390557939914,89,144,55,36.566497996812785,0.5728272532188841,40.96064814814817,16578.51851851862,186.27548897211932,0
437,64,1,1,228,0.004366812227074236,0.004366812227074236,0.9956331877729258,229,7250,5000,2250,0.6896551724137931,95,50,45,168.9546361274191,0.4554508542097602,0.7625769760367975,0.10711881356009523,2148723.9412713298,19557.3743271549,2168281.3155984846,436,0,234.74672489082968,92,137,60,36.49331820474035,0.5742358078602621,40.871415770609346,16584.229390681165,180.26336294218657,0
438,64,0,2,226,0.0,0.008771929824561403,0.9912280701754386,228,6750,4600,2150,0.6814814814814815,89,46,43,168.5053896931544,0.4551396617461421,0.761813266896785,0.10721968777466212,2150831.6190743297,20135.344027296087,2170966.963101626,437,1,235.16666666666666,95,133,60,36.37576033426804,0.5755665204678362,40.74435763888891,16592.361111111226,174.65643274853923,0
439,64,1,2,225,0.004405286343612335,0.00881057268722467,0.9911894273127754,227,7000,4900,2100,0.7,91,49,42,169.26758945587306,0.4552023637804894,0.7622869989661154,0.10823130463154064,2153677.170138883,20509.54861111083,2174186.718749994,438,0,236.7797356828194,79,148,57,36.18165696312655,0.5775513950073421,40.57291666666666,16603.333333333285,210.16877637130742,0
440,64,0,2,223,0.0,0.008888888888888889,0.9911111111111112,225,6800,4900,1900,0.7205882352941176,87,49,38,178.72393544159604,0.4548131613756614,0.755086244637073,0.1126591583642428,2145331.896322652,24884.43186783261,2170216.328190485,439,1,239.50222222222223,96,129,55,36.448439854561514,0.5737037037037037,41.07603092783503,16571.134020618418,172.61597938144186,8
441,64,1,2,222,0.004464285714285714,0.008928571428571428,0.9910714285714286,224,5600,4300,1300,0.7678571428571429,69,43,26,180.9644064483261,0.45478284152786674,0.7570802069288955,0.11442923158136135,2147169.943657714,27312.266879540104,2174482.210537254,440,0,241.25446428571428,97,127,56,36.27752701408836,0.5747302827380952,40.96513605442174,16578.23129251684,170.90960095378188,0
442,64,1,0,223,0.004484304932735426,0.0,1.0,223,7650,5700,1950,0.7450980392156863,96,57,39,200.96908862917482,0.45401904146298766,0.7771593547430984,0.1286365915152279,2154288.8709184504,34339.094206491616,2188627.965124942,441,0,241.6322869955157,81,142,57,35.32165442676461,0.5799701046337817,40.53607723577238,16605.69105691069,205.00853156679867,8
443,64,0,2,221,0.0,0.008968609865470852,0.9910313901345291,223,7400,5300,2100,0.7162162162162162,95,53,42,206.18573279622885,0.4536209415693721,0.7800574608479671,0.1324455185452555,2156355.623296414,36921.95287172861,2193277.5761681427,442,1,242.6322869955157,82,141,54,35.05930509894929,0.5816517189835575,40.411646586345405,16613.65461847402,202.60554412773192,0
444,64,3,0,224,0.013392857142857142,0.0,1.0,224,6850,4900,1950,0.7153284671532847,88,49,39,211.20671855565428,0.4534861800661969,0.7955381768546674,0.12947890137542198,2128839.976204625,38275.06114085454,2167115.0373454792,443,0,241.51339285714286,81,143,49,36.62558280798526,0.5628720238095238,42.07317073170729,16507.317073170612,203.79403794037793,8
445,64,0,2,222,0.0,0.008928571428571428,0.9910714285714286,224,7050,5300,1750,0.75177304964539,88,53,35,206.11582715724325,0.45345198056801195,0.7892826248146325,0.12673930648604853,2130637.755102024,35981.632653060384,2166619.3877550843,444,1,242.51339285714286,83,141,51,36.645761245674684,0.5643601190476191,41.96428571428569,16514.28571428558,198.96729776247685,0
446,64,2,1,223,0.008928571428571428,0.004464285714285714,0.9955357142857143,224,7500,5600,1900,0.7466666666666667,94,56,38,203.37458353141466,0.4530795396914371,0.7886001168336498,0.1258891492788757,2134598.872599427,34524.63134430613,2169123.5039437334,445,0,243.33482142857142,89,135,54,36.47187056538945,0.5668247767857143,41.724537037037,16529.629629629442,185.72617561381395,0
447,64,0,1,222,0.0,0.004484304932735426,0.9955156950672646,223,7400,5300,2100,0.7162162162162162,95,53,42,205.1895108008645,0.45307386983395953,0.7823345892439173,0.12935276578084395,2145381.647364482,36041.962140773445,2181423.6095052552,446,1,245.37668161434976,92,131,45,35.76011881587863,0.5747384155455904,41.073028673835104,16571.326164874416,180.1231104877654,8
448,64,0,1,221,0.0,0.0045045045045045045,0.9954954954954955,222,7400,5400,2000,0.7297297297297297,94,54,40,206.8948055514987,0.4526687320804968,0.7837500852203576,0.1307581956375617,2146866.7901555607,37035.1174188404,2183901.9075744012,447,2,247.44594594594594,92,130,46,35.62450450450451,0.5758258258258258,40.983422939068085,16577.06093189954,180.18544491195152,0
449,64,0,1,220,0.0,0.004524886877828055,0.995475113122172,221,7000,4800,2200,0.6857142857142857,92,48,44,204.75820540237845,0.4519522144522145,0.7815161245288302,0.13010747911646994,2150024.424788988,36847.02855821474,2186871.453347203,448,3,249.50678733031674,92,129,48,35.48553495808488,0.5778186274509804,40.79301075268817,16589.247311827923,180.31790556334698,0
450,64,0,0,220,0.0,0.0,1.0,220,6350,4500,1850,0.7086614173228346,82,45,37,204.42119972798477,0.45170238342327385,0.782540098272124,0.13024188330135517,2151590.030495736,37616.12307134118,2189206.153567077,449,4,250.95454545454547,98,122,48,35.397983958231876,0.5789299242424242,40.698653198653176,16595.28619528605,169.3396550539393,0
451,64,1,1,220,0.004524886877828055,0.004524886877828055,0.995475113122172,221,6850,5000,1850,0.7299270072992701,87,50,37,203.4603911431887,0.45171140134375426,0.7834091667533838,0.13023530620891505,2154307.1008823332,36613.23307761428,2190920.3339599473,450,0,250.81447963800906,80,141,51,35.255893966428765,0.5808352187028658,40.534979423868336,16605.761316872544,207.5720164609068,0
452,64,0,1,219,0.0,0.004545454545454545,0.9954545454545455,220,6850,5000,1850,0.7299270072992701,87,50,37,202.3103483402608,0.4509318354780683,0.7817609751263497,0.12978472505413716,2155588.6001456482,36369.57611475253,2191958.1762604006,451,1,252.85454545454544,80,140,50,35.20701202391573,0.5824337121212122,40.457818930041164,16610.69958847742,207.63374485596773,0
453,64,0,1,218,0.0,0.0045662100456621,0.995433789954338,219,6850,4600,2250,0.6715328467153284,91,46,45,202.8245626208298,0.45043410414310253,0.7787337133085463,0.13067969919422445,2158104.9644367755,36893.3391003469,2194998.3035371224,452,2,254.93150684931507,84,135,44,35.039147908703384,0.5841419330289193,40.306372549019635,16620.3921568629,197.86181139122502,0
454,64,0,1,217,0.0,0.0045871559633027525,0.9954128440366973,218,5950,4300,1650,0.7226890756302521,76,43,33,206.91693582210166,0.45025516495441026,0.7814730806818668,0.13397748135688956,2160969.1578221335,39878.22330852565,2200847.381130659,453,3,257.05045871559633,86,132,46,34.75703403366511,0.5850057339449541,40.13409961685827,16631.41762452125,193.38857702931688,0
455,64,0,1,216,0.0,0.004608294930875576,0.9953917050691244,217,7800,5300,2500,0.6794871794871795,103,53,50,212.7728001143727,0.4498279000967173,0.7867021626281585,0.13861109326712176,2164485.5842065634,40908.73171176587,2205394.315918329,454,4,258.963133640553,88,129,49,34.3890163959018,0.5871255760368663,39.9227528089888,16644.943820224904,189.1470888661921,0
456,64,1,0,217,0.004608294930875576,0.0,1.0,217,5900,4000,1900,0.6779661016949152,78,40,38,209.35283327014088,0.44981367696421465,0.7832826035212008,0.13687446547314772,2166554.9229744445,41414.882312015005,2207969.8052864596,455,0,258.55299539170505,91,126,52,34.35106718593625,0.588325652841782,39.79846014492756,16652.898550724767,182.99888517279965,0
457,64,0,1,216,0.0,0.004608294930875576,0.9953917050691244,217,6350,4300,2050,0.6771653543307087,84,43,41,209.24502944165494,0.44929897735677304,0.7844413844946687,0.13748190939515983,2169392.23866602,41036.908570034735,2210429.1472360548,456,1,259.55299539170505,92,125,53,34.17998437007086,0.5896697388632872,39.628136200716874,16663.799283154287,181.128253077764,0
458,64,0,0,216,0.0,0.0,1.0,216,5950,4300,1650,0.7226890756302521,76,43,33,202.07979464486866,0.44865911211599196,0.7789195233799444,0.12873876572634269,2151538.56571252,37806.49430594014,2189345.0600184603,457,2,261.23148148148147,94,122,52,35.461860763419025,0.580102237654321,40.701754385964904,16595.087719298193,176.54348637551269,8
459,64,0,2,214,0.0,0.009259259259259259,0.9907407407407407,216,6300,5000,1300,0.7936507936507936,76,50,26,202.61331116509314,0.44844692075796727,0.7819242348218758,0.12984190647975324,2154974.5008680676,37825.30381944513,2192799.8046875126,458,3,262.23148148148147,79,137,49,35.236870714166265,0.5816936728395061,40.494791666666686,16608.333333333427,210.2320675105497,0
460,64,0,0,214,0.0,0.0,1.0,214,5950,3700,2250,0.6218487394957983,82,37,45,201.22517490642446,0.4477512139294751,0.7775443047922193,0.1296777497458321,2158232.573869791,38108.14543313887,2196340.71930293,459,4,265.2383177570093,82,132,40,35.07285072246652,0.5830899532710281,40.29869477911649,16620.88353413666,202.69370163581294,0
461,64,1,0,215,0.004651162790697674,0.0,1.0,215,7600,5700,1900,0.75,95,57,38,229.09031363858037,0.4472687097007897,0.7954161891863727,0.14768555544773204,2158430.3376998147,48295.09660613535,2206725.43430595,460,0,265.0,76,139,42,34.33701861304994,0.5832848837209302,40.28679653679653,16621.645021644996,218.70585554796048,7
462,64,0,0,215,0.0,0.0,1.0,215,6300,3900,2400,0.6190476190476191,87,39,48,214.72252720321592,0.4471057016590596,0.7885641261800602,0.13866352460054188,2159435.384172461,43435.88460431136,2202871.2687767725,461,1,266.0,80,135,43,34.648411716171616,0.5825581395348838,40.22633744855966,16625.514403292134,207.81893004115167,8
463,64,0,1,214,0.0,0.004651162790697674,0.9953488372093023,215,7500,5200,2300,0.6933333333333334,98,52,46,213.88485333258222,0.44659403752807364,0.7880772635207842,0.139005264568224,2163117.461104806,42031.612181909615,2205149.073286716,462,2,267.0,83,132,49,34.44406022449046,0.5844961240310078,40.00496031746031,16639.68253968249,200.47810288774085,0
464,64,1,1,214,0.004651162790697674,0.004651162790697674,0.9953488372093023,215,6650,5100,1550,0.7669172932330827,82,51,31,209.57423192277045,0.44644189668912554,0.7970400468210774,0.12599967300121984,2117143.034297043,39089.72505668898,2156232.7593537318,463,0,267.71162790697673,83,132,45,37.39212708514123,0.556734496124031,42.78273809523808,16461.90476190469,198.33620195065893,8
465,64,0,0,214,0.0,0.0,1.0,214,7000,4700,2300,0.6714285714285714,93,47,46,210.710481629419,0.4463782304418411,0.7980166433757354,0.1271497904543972,2119362.5361735495,39514.380148895616,2158876.916322445,464,1,269.71495327102804,68,146,48,37.22526935335642,0.55836253894081,42.6479468599034,16470.53140096626,242.21369707303325,0
466,64,3,3,214,0.013824884792626729,0.013824884792626729,0.9861751152073732,217,6800,4700,2100,0.6911764705882353,89,47,42,198.6641396999513,0.4471815085054332,0.781420762743041,0.12221392165470142,2130913.8857327076,34467.234776753176,2165381.1205094606,465,0,266.97235023041475,88,129,48,36.820989054184835,0.5661482334869432,41.94756554307114,16515.355805243336,187.6744977868561,8
467,64,0,0,214,0.0,0.0,1.0,214,6400,4800,1600,0.75,80,48,32,188.29893819347393,0.44590335366299566,0.773448003324398,0.109633950308586,2097590.88010204,29794.827097505604,2127385.7071995456,466,3,271.71495327102804,83,131,51,39.15225709580551,0.5450739875389408,43.973214285714285,16385.714285714275,197.4182444061961,8
468,64,2,0,216,0.009259259259259259,0.0,1.0,216,6850,4800,2050,0.7007299270072993,89,48,41,195.3685247831908,0.44659372308354867,0.782306371063191,0.11460514180782674,2102186.1773107196,32090.20245616162,2134276.3797668815,467,0,270.18981481481484,72,144,53,38.685488809709376,0.5472125771604939,43.6929223744292,16403.652968036433,227.82851344495046,0
469,64,2,1,217,0.009174311926605505,0.0045871559633027525,0.9954128440366973,218,7900,5900,2000,0.7468354430379747,99,59,40,192.10041726774668,0.44754893670993107,0.7787005098345294,0.11329443271582326,2105467.482103016,29392.236371131603,2134859.718474148,468,0,268.70183486238534,76,142,55,38.56545452947277,0.5493119266055047,43.49296536796534,16416.450216450074,216.00592390065887,0
470,64,3,1,219,0.013636363636363636,0.004545454545454545,0.9954545454545455,220,7700,5900,1800,0.7662337662337663,95,59,36,189.9943510564043,0.44860289539227893,0.779758891521416,0.11316276208281395,2111470.731913863,28533.502296912695,2140004.2342107757,469,0,267.05,81,139,53,38.24710902856766,0.551751893939394,43.12754065040649,16439.8373983739,202.96095553548025,0
471,64,1,0,220,0.004545454545454545,0.0,1.0,220,6600,5000,1600,0.7575757575757576,82,50,32,186.57161525816016,0.44895833333333335,0.7756074951996297,0.11186149683382263,2115478.124254793,28337.63413710395,2143815.7583918967,470,0,267.32272727272726,88,132,56,38.08683843165817,0.5536458333333334,42.88389513108614,16455.43071161048,186.99353081375546,0
472,64,2,0,222,0.009009009009009009,0.0,1.0,222,5950,4100,1850,0.6890756302521008,78,41,37,198.51072686595526,0.4498950307773837,0.7916028509248867,0.11606618174414786,2100171.191135719,33031.30193905754,2133202.4930747766,471,0,265.9054054054054,94,128,47,38.730258089368235,0.543825075075075,43.81578947368419,16395.78947368409,174.423292273235,8
473,64,1,1,222,0.004484304932735426,0.004484304932735426,0.9955156950672646,223,7700,5500,2200,0.7142857142857143,99,55,44,195.444802424285,0.4504294092298577,0.7897545145371314,0.11476552715022605,2102803.3172635543,29896.395775941703,2132699.713039496,472,0,265.7085201793722,76,147,48,38.645179165127416,0.5458239910313901,43.655303030303045,16406.060606060684,215.86921850079847,0
474,64,3,1,224,0.013333333333333334,0.0044444444444444444,0.9955555555555555,225,6550,4100,2450,0.6259541984732825,90,41,49,190.8196547689264,0.45108796296296294,0.7851577865844692,0.1125588145403207,2105574.511903048,28807.00029031858,2134381.5121933664,473,0,263.6533333333333,82,143,53,38.59166299721125,0.5476388888888889,43.48644578313255,16416.86746987963,200.20570085219063,0
475,64,2,2,224,0.008849557522123894,0.008849557522123894,0.9911504424778761,226,6650,4700,1950,0.706766917293233,86,47,39,223.42940974134865,0.4512209111766634,0.8135004506475068,0.12980552905042475,2096252.9744200069,41822.91294864263,2138075.8873686497,474,0,263.23893805309734,81,145,46,38.33631129640663,0.5418510324483776,44.054878048780516,16380.487804878197,202.2282445046691,7
476,64,1,2,223,0.0044444444444444444,0.008888888888888889,0.9911111111111112,225,7100,4800,2300,0.676056338028169,94,48,46,225.8619600869699,0.4507638888888889,0.8146050500648332,0.13172198073301444,2098606.9824341903,42699.097300958085,2141306.079735148,475,0,265.3911111111111,83,142,49,38.127138718060486,0.5432407407407407,43.91121031746034,16389.682539682643,197.4660546949716,0
477,64,5,2,226,0.021929824561403508,0.008771929824561403,0.9912280701754386,228,7900,5900,2000,0.7468354430379747,99,59,40,220.50864669942723,0.4523899805497591,0.8122168720990053,0.12978377937756228,2104222.0646922775,39299.831968073064,2143521.8966603507,476,0,260.8070175438597,68,160,51,37.914311786176846,0.5461896929824561,43.56884057971012,16411.59420289844,241.34697357203586,0
478,64,1,2,225,0.004405286343612335,0.00881057268722467,0.9911894273127754,227,6350,4100,2250,0.6456692913385826,86,41,45,219.86871134613733,0.4521672319467727,0.8110422082804474,0.1299521423701442,2106787.6812911737,40893.33851308066,2147681.019804254,477,0,262.6519823788546,70,157,44,37.771003678502666,0.5475403817914831,43.41255868544598,16421.596244131324,234.5942320590189,0
479,64,2,4,223,0.00881057268722467,0.01762114537444934,0.9823788546255506,227,7600,5400,2200,0.7105263157894737,98,54,44,218.35930227414627,0.4522029680454303,0.8095610045839619,0.12989779817384334,2110725.7489753133,39179.32036766426,2149905.0693429774,478,0,263.41409691629957,73,154,46,37.564800858682716,0.5494218061674009,43.17286036036034,16436.936936936832,225.1635196840662,0
480,64,0,1,222,0.0,0.004484304932735426,0.9955156950672646,223,6800,4800,2000,0.7058823529411765,88,48,40,224.2147552958376,0.4510901035564712,0.8104350987759061,0.13380557977332155,2112654.3209876386,43337.65432098685,2155991.9753086255,479,1,268.7174887892377,74,149,49,37.29448198198197,0.5504017189835575,43.05555555555553,16444.44444444432,222.22222222222055,0
481,64,0,1,221,0.0,0.0045045045045045045,0.9954954954954955,222,6450,4400,2050,0.6821705426356589,85,44,41,210.92425164826545,0.4505298567798568,0.8038311407966134,0.12414885597015976,2104252.1977213644,37917.56401671908,2142169.7617380833,480,2,270.7522522522523,73,149,46,38.158210737223456,0.5459365615615616,43.567004504504496,16411.71171171167,224.8179686535845,8
482,64,0,0,221,0.0,0.0,1.0,221,7550,5500,2050,0.7284768211920529,96,55,41,213.47621246963465,0.450041135335253,0.8048477857448308,0.12609849230732348,2106423.1362053645,38184.246595105855,2144607.38280047,481,3,272.08597285067873,75,146,51,37.957701177057174,0.5478883861236803,43.434758771929815,16420.17543859644,218.93567251461923,0
483,64,2,0,223,0.008968609865470852,0.0,1.0,223,6300,4600,1700,0.7301587301587301,80,46,34,212.14451388430336,0.45056743963694634,0.8067738169269902,0.1261660670816665,2110558.810242304,38648.69456461743,2149207.5048069214,482,0,270.63677130044846,78,145,41,37.73478547346441,0.5497010463378176,43.18301687763713,16436.28691983122,210.7216271773233,0
484,64,3,0,226,0.01327433628318584,0.0,1.0,226,6950,4900,2050,0.7050359712230215,90,49,41,215.86692550270092,0.4517490167158309,0.8133394726202772,0.12946960098651447,2115682.327704391,39191.16788438896,2154873.49558878,483,0,268.03097345132744,82,144,48,37.32093176493558,0.5518528761061947,42.8714859437751,16456.224899598386,200.6856695072974,0
485,64,0,0,226,0.0,0.0,1.0,226,8400,5900,2500,0.7023809523809523,109,59,50,198.76586842961004,0.4516367584398558,0.7951195929619819,0.11693433542707979,2103948.234072018,30038.619575253644,2133986.8536472716,484,1,269.03097345132744,75,151,50,38.488881761813126,0.5481655604719764,43.585526315789465,16410.52631578944,218.80701754385922,8
486,64,2,0,228,0.008771929824561403,0.0,1.0,228,7350,4600,2750,0.6258503401360545,101,46,55,199.83624701191852,0.45210539196743693,0.7981833386712212,0.11869791539382701,2109800.3472222346,31372.916666667275,2141173.263888902,485,0,267.6622807017544,81,147,43,38.097954699121054,0.5505299707602339,43.229166666666686,16433.33333333343,202.88065843621519,0
487,64,3,0,231,0.012987012987012988,0.0,1.0,231,6850,4900,1950,0.7153284671532847,88,49,39,201.0618999773242,0.4529299203212247,0.8010707740302139,0.11844265907218735,2104761.740007499,31587.47888909695,2136349.2188965958,486,0,265.17316017316017,72,159,54,38.37944416624937,0.542703823953824,43.53595890410958,16413.69863013693,227.96803652967958,7
488,64,3,4,230,0.01282051282051282,0.017094017094017096,0.9829059829059829,234,7400,5400,2000,0.7297297297297297,94,54,40,197.61678960970787,0.4539276194319113,0.8006201636266452,0.11731526587433941,2109466.8917842526,29173.214988474283,2138640.106772727,487,0,262.7606837606838,76,158,47,38.17563710768042,0.5447827635327636,43.24945887445886,16432.03463203456,216.21098200045472,0
489,64,0,1,229,0.0,0.004347826086956522,0.9956521739130435,230,6400,3900,2500,0.609375,89,39,50,199.80420528062558,0.4527114581355611,0.8004993933922078,0.11887964491793156,2110827.555555546,31950.444444443943,2142777.99999999,488,1,268.02608695652174,74,156,49,38.03502866104259,0.5459692028985508,43.16666666666665,16437.33333333326,222.12612612612511,0
490,64,2,0,231,0.008658008658008658,0.0,1.0,231,6750,5100,1650,0.7555555555555555,84,51,33,199.0858396007053,0.45353064809586546,0.800417850361447,0.11946375519670548,2115980.367284431,31302.34559988531,2147282.712884316,489,0,267.038961038961,78,153,54,37.73395036406522,0.5484307359307359,42.85337552742614,16457.383966244615,210.99210213134123,0
491,64,3,3,231,0.01282051282051282,0.01282051282051282,0.9871794871794872,234,7400,5000,2400,0.6756756756756757,98,50,48,196.8589896228859,0.4541786648814546,0.8004009579017906,0.11891970712718038,2120013.161735571,29268.729801296628,2149281.8915368677,490,0,264.6025641025641,72,162,57,37.54146339209818,0.5507033475783476,42.60844748858447,16473.05936073055,228.79249112125763,0
492,64,0,4,227,0.0,0.017316017316017316,0.9826839826839827,231,7350,5200,2150,0.7074829931972789,95,52,43,181.31390980208704,0.4538819875776397,0.7825666977012111,0.10749055401126928,2108638.1702060867,22915.086199596233,2131553.256405683,491,1,267.5844155844156,80,151,52,38.64556718935257,0.5483405483405484,43.299897119341544,16428.806584362035,205.36008230452543,8
493,64,2,1,228,0.008733624454148471,0.004366812227074236,0.9956331877729258,229,6450,4500,1950,0.6976744186046512,84,45,39,177.11570636866824,0.4529386603335121,0.775680266874335,0.10548518521335738,2111430.9531682883,22543.516943813793,2133974.470112102,492,0,270.88646288209605,83,146,54,38.58038846512829,0.5498999272197962,43.129960317460295,16439.682539682413,198.06846433352305,0
494,64,3,1,230,0.012987012987012988,0.004329004329004329,0.9956709956709957,231,7400,5300,2100,0.7162162162162162,95,53,42,193.81531167651008,0.45328439676265764,0.7950388892573055,0.11390636565228329,2103328.216307513,27931.442760327373,2131259.6590678403,493,0,269.5194805194805,73,158,52,38.65433801863141,0.5436056998556998,43.62331081081079,16408.108108108023,224.76860422065783,8
495,64,3,1,232,0.012875536480686695,0.004291845493562232,0.9957081545064378,233,7550,5200,2350,0.6887417218543046,99,52,47,188.65114683729362,0.4535975038231957,0.7919792072465113,0.11179518646823691,2108392.1346739223,25400.118837792674,2133792.253511715,494,0,268.0815450643777,78,155,49,38.47247906713929,0.5459585121602288,43.31487341772151,16427.848101265758,210.61343719571485,0
496,64,3,0,235,0.01276595744680851,0.0,1.0,235,7050,5100,1950,0.723404255319149,90,51,39,186.82369109149653,0.4543841304479603,0.7929386387877813,0.10676577146918464,2086066.3416630328,23895.32276224512,2109961.664425278,495,0,264.74468085106383,72,163,51,39.907482441923285,0.5292109929078015,44.67751141552514,16340.63926940651,226.95332318620154,8
497,64,5,3,237,0.020833333333333332,0.0125,0.9875,240,6700,4300,2400,0.6417910447761194,91,43,48,178.1558895143118,0.4563647721989772,0.7879752206381521,0.10291122559003259,2092717.0138889044,19865.97222222302,2112582.9861111273,496,0,260.2083333333333,79,161,52,39.71486761710795,0.5318576388888889,44.27083333333336,16366.66666666679,207.1729957805923,0
498,64,7,3,241,0.028688524590163935,0.012295081967213115,0.9877049180327869,244,7400,5400,2000,0.7297297297297297,94,54,40,175.57417746703845,0.4575406462929232,0.7881568034724615,0.1026366460317276,2100058.308545184,17543.20203112892,2117601.510576313,497,0,256.58196721311475,85,159,56,39.3248620961387,0.5349214480874317,43.822674418604684,16395.348837209494,192.886456908347,0
499,64,1,1,241,0.004132231404958678,0.004132231404958678,0.9958677685950413,242,6300,4400,1900,0.6984126984126984,82,44,38,173.77738006342793,0.45711523953225197,0.7845031955836739,0.10189311643132454,2101907.10264629,18352.781886916862,2120259.884533207,498,0,259.5289256198347,77,165,60,39.25619430983274,0.5360709366391185,43.709935897435905,16402.564102564138,213.0203130203135,0
500,64,1,1,241,0.004132231404958678,0.004132231404958678,0.9958677685950413,242,7250,4900,2350,0.6758620689655173,96,49,47,171.04561429900875,0.4575928323217082,0.7811974016382754,0.10071650476843513,2104494.922688665,16342.925368085344,2120837.8480567504,499,0,258.9834710743802,78,164,59,39.16578830102662,0.5379218319559229,43.55221518987341,16412.65822784805,210.41869522882115,0
501,64,2,3,240,0.00823045267489712,0.012345679012345678,0.9876543209876543,243,7500,5600,1900,0.7466666666666667,94,56,38,167.12321220762934,0.45797055855978414,0.7755164612035961,0.09896850137514494,2107966.6684382153,14358.032171202125,2122324.7006094176,500,0,258.8847736625514,83,160,54,39.05140237715607,0.539866255144033,43.34077380952382,16426.190476190528,197.9059093516931,0
502,64,0,1,239,0.0,0.004166666666666667,0.9958333333333333,240,8000,5700,2300,0.7125,103,57,46,177.64891040150363,0.4569542509298001,0.7809304266875927,0.10454790399423511,2104162.940663753,18760.450743228455,2122923.3914069817,501,2,263.02916666666664,87,153,49,39.017035575251185,0.5426649305555555,43.5724431818182,16411.36363636374,188.63636363636485,8
503,64,1,1,239,0.004166666666666667,0.004166666666666667,0.9958333333333333,240,8200,5000,3200,0.6097560975609756,114,50,64,187.87666980547593,0.45725062470943745,0.795363040183936,0.10806720258693768,2090094.9724687843,22336.01660092121,2112430.9890697054,502,0,264.0083333333333,77,163,48,39.62954616711083,0.5307725694444445,44.431089743589766,16356.410256410367,212.42091242091385,8
504,64,5,1,243,0.020491803278688523,0.004098360655737705,0.9959016393442623,244,6600,4700,1900,0.7121212121212122,85,47,38,180.48683877639004,0.4588596831500596,0.7906822189973044,0.1049214751328273,2096629.993271833,20282.82391388008,2116912.817185713,503,0,260.63524590163934,84,160,56,39.41197475303619,0.5336407103825136,44.03186274509806,16381.96078431384,195.02334267040285,0
505,64,3,0,246,0.012195121951219513,0.0,1.0,246,9150,6800,2350,0.7431693989071039,115,68,47,178.47794799804353,0.45959397986837014,0.790496149450109,0.10440771291978648,2100490.8093278627,16628.25788751797,2117119.0672153807,504,0,259.479674796748,89,157,57,39.2236251656427,0.5362042682926829,43.79629629629632,16397.037037037164,184.23637120266477,0
506,64,3,0,249,0.012048192771084338,0.0,1.0,249,7450,4800,2650,0.6442953020134228,101,48,53,178.07854070920612,0.460581573606253,0.7920084609758014,0.10506159868460656,2105681.3462124765,17745.332266423175,2123426.6784789,505,0,257.3413654618474,80,169,59,38.91186644608213,0.5388637884872824,43.47993827160495,16417.283950617355,205.21604938271693,0
507,64,4,4,249,0.015810276679841896,0.015810276679841896,0.9841897233201581,253,8500,6000,2500,0.7058823529411765,110,60,50,175.93348088507625,0.4614696394587699,0.7926710875683516,0.10458484750618435,2110292.2740417896,15154.213091411362,2125446.4871332007,506,0,254.25691699604744,86,167,49,38.681248445853555,0.5416254940711462,43.19923371647511,16435.249042145682,191.10754700169397,0
508,64,0,1,248,0.0,0.004016064257028112,0.9959839357429718,249,7900,6000,1900,0.759493670886076,98,60,38,202.36764156275802,0.460605864317485,0.8141599791079972,0.11870844128784458,2102173.524876227,27382.37967697443,2129555.9045532015,507,1,258.9357429718876,73,176,53,38.50688342120683,0.5415411646586346,43.693693693693696,16403.603603603602,224.7068986795014,8
509,64,0,2,246,0.0,0.008064516129032258,0.9919354838709677,248,7050,5100,1950,0.723404255319149,90,51,39,201.98501880453938,0.46018995418135905,0.8132676136382968,0.11899415744240113,2104801.282772069,28377.665336107257,2133178.9481081762,508,2,260.96774193548384,76,172,53,38.35331170657947,0.5427167338709677,43.533549783549795,16413.852813852867,215.97174755069562,0
510,64,5,1,250,0.0199203187250996,0.00398406374501992,0.9960159362549801,251,8150,5700,2450,0.6993865030674846,106,57,49,193.13806102776343,0.4613180610889774,0.8077111638312371,0.11513373452498236,2111990.434018393,23231.147467099538,2135221.5814854926,509,0,258.46215139442234,85,166,48,38.13413484205564,0.545816733067729,43.095930232558146,16441.860465116315,193.43365253078017,0
511,64,1,2,249,0.00398406374501992,0.00796812749003984,0.9920318725099602,251,8650,6300,2350,0.7283236994219653,110,63,47,194.7685688336667,0.4607549800796813,0.8099217196317596,0.11663533789066045,2114748.4610768324,23527.30624142738,2138275.76731826,510,0,259.45816733067727,89,162,54,37.921290876892854,0.547144754316069,42.92824074074076,16452.592592592708,184.86059092800795,0
512,64,0,1,248,0.0,0.004016064257028112,0.9959839357429718,249,8500,6300,2200,0.7411764705882353,107,63,44,193.9923833904034,0.460644324610269,0.8085803554286566,0.11646800869184448,2116295.150209994,23809.028029358007,2140104.178239352,511,1,261.0120481927711,90,159,54,37.845429389596106,0.5484019410977242,42.834249084249095,16458.608058608126,182.87342287342364,0
513,64,4,2,250,0.015873015873015872,0.007936507936507936,0.9920634920634921,252,8050,6000,2050,0.7453416149068323,101,60,41,185.0239978519414,0.4609564387950842,0.8015802781289512,0.1120627735841383,2121585.4220919977,20058.843315971353,2141644.2654079692,512,0,258.75,79,173,55,37.74889380530971,0.550843253968254,42.51302083333331,16479.16666666654,208.59704641350052,0
514,64,0,2,248,0.0,0.008,0.992,250,8100,5100,3000,0.6296296296296297,111,51,60,187.91971802655578,0.4603316599732263,0.8038737893160268,0.11413074445336216,2123241.396975375,21699.784924383945,2144941.1818997585,513,1,261.728,80,170,53,37.57197537027789,0.5523750000000001,42.41255144032919,16485.596707818786,206.06995884773482,0
515,64,1,2,247,0.004016064257028112,0.008032128514056224,0.9919678714859438,249,7650,5300,2350,0.6928104575163399,100,53,47,185.38751094423938,0.46013961761022587,0.7998199892848965,0.11315847084158719,2126245.463283331,21385.870818914882,2147631.334102246,514,0,263.1164658634538,84,165,48,37.45166555735157,0.5543423694779117,42.23039215686271,16497.254901960616,196.39589169000732,0
516,64,2,2,247,0.008032128514056224,0.008032128514056224,0.9919678714859438,249,7450,5200,2250,0.697986577181208,97,52,45,184.6910369781001,0.4601436660620979,0.8003880426257179,0.1133104470108874,2129297.520661137,21402.4334251599,2150699.954086297,515,0,263.7831325301205,87,162,51,37.28126529613317,0.5563922356091031,42.04545454545452,16509.09090909075,189.75966562173278,0
517,64,1,3,245,0.004032258064516129,0.012096774193548387,0.9879032258064516,248,6850,5200,1650,0.7591240875912408,85,52,33,182.4759170308908,0.4604147620913326,0.7976046062513422,0.11248857105102672,2132150.3206805238,21363.217002776695,2153513.5376833007,516,0,264.23387096774195,90,158,53,37.16250923872871,0.5579637096774194,41.8727106227106,16520.14652014639,183.55718355718213,0
518,64,0,1,244,0.0,0.004081632653061225,0.9959183673469387,245,8400,6500,1900,0.7738095238095238,103,65,38,184.00405438323818,0.46020617263298763,0.796975990752945,0.1138389149694871,2134286.7382271285,21143.482610033017,2155430.2208371614,517,1,267.0734693877551,94,151,52,36.9913952928855,0.5594387755102042,41.743421052631554,16528.421052631435,175.8342665173557,0
519,64,1,0,245,0.004081632653061225,0.0,1.0,245,6750,4700,2050,0.6962962962962963,88,47,41,185.2233771192969,0.460011012601762,0.7981674655858515,0.11501419978435481,2136462.0844875523,23394.54447522414,2159856.6289627766,518,0,268.0367346938776,75,170,58,36.82588938397338,0.5607993197278911,41.611842105263186,16536.842105263295,220.49122807017727,0
520,64,2,1,246,0.008097165991902834,0.004048582995951417,0.9959514170040485,247,8950,6200,2750,0.6927374301675978,117,62,55,186.61366318124448,0.460406312059072,0.7993412581662591,0.11680213215392157,2141161.639530013,21564.0034031711,2162725.642933184,519,0,266.8582995951417,82,165,46,36.50063477431146,0.5629639001349528,41.32781124497993,16555.020080321323,201.8904887844064,0
521,64,0,0,246,0.0,0.0,1.0,246,7700,5600,2100,0.7272727272727273,98,56,42,187.4707877967684,0.46005509927548255,0.7995613469687521,0.1178363321162079,2143655.5912404796,23474.560490960546,2167130.1517314403,520,1,268.9430894308943,82,164,48,36.32503757940166,0.5643207994579946,41.17720883534139,16564.658634538275,202.00803212851554,0
522,64,0,3,243,0.0,0.012195121951219513,0.9878048780487805,246,7150,5200,1950,0.7272727272727273,91,52,39,228.27137866974192,0.46005025994137494,0.835845222891676,0.13776828262871416,2119457.2607849767,40412.286190196435,2159869.546975173,521,2,269.9430894308943,62,184,48,36.76745368883174,0.55102472899729,42.64219576719577,16470.8994708995,265.6596688854758,8
523,64,2,2,243,0.00816326530612245,0.00816326530612245,0.9918367346938776,245,6000,4600,1400,0.7666666666666667,74,46,28,221.99397697474126,0.46005771160923387,0.8291511893836754,0.1346379055158498,2122405.92560554,39232.266435986356,2161638.1920415265,522,0,271.81632653061223,67,178,50,36.74607423269093,0.5528486394557823,42.46323529411765,16482.3529411765,246.00526777875376,0
524,64,3,1,245,0.012195121951219513,0.0040650406504065045,0.9959349593495935,246,8450,5600,2850,0.6627218934911243,113,56,57,210.77429453279294,0.46070115037885073,0.819830547589278,0.1288786422682225,2127287.959605326,32025.523790783318,2159313.483396109,523,0,271.4349593495935,76,170,51,36.732755303706014,0.5554708672086721,42.16720779220778,16501.29870129867,217.12235133287723,0
525,64,1,0,246,0.0040650406504065045,0.0,1.0,246,6850,4700,2150,0.6861313868613139,90,47,43,208.11170006435,0.460412518666003,0.8175468645210835,0.12780645083047898,2129891.243390476,32601.057522832543,2162492.3009133083,524,0,272.4268292682927,78,168,53,36.64040938362466,0.5567835365853658,42.009493670886066,16511.39240506324,211.6845180136313,0
526,64,0,1,245,0.0,0.0040650406504065045,0.9959349593495935,246,7450,4900,2550,0.6577181208053692,100,49,51,203.39489793485942,0.46025247497372934,0.8085743438981441,0.12471012884805988,2128936.760355036,29952.9750164368,2158889.735371473,525,1,273.4268292682927,77,169,51,36.82108832970902,0.5573340108401084,42.0673076923077,16507.692307692356,214.385614385615,8
527,64,1,3,243,0.0040650406504065045,0.012195121951219513,0.9878048780487805,246,8500,6400,2100,0.7529411764705882,106,64,42,200.3547257901614,0.4602707953099939,0.8064661427956517,0.12369409012634447,2133035.973957312,27772.767532553997,2160808.741489866,526,0,274.3089430894309,81,165,55,36.6463294627042,0.5597476287262872,41.819105691056926,16523.577235772445,203.9947806885487,0
528,64,2,1,244,0.00816326530612245,0.004081632653061225,0.9959183673469387,245,8150,6100,2050,0.7484662576687117,102,61,41,195.90879846446123,0.4598918255826921,0.8013982910017203,0.12160279090726377,2136235.4342201706,26551.463431057116,2162786.8976512277,527,0,274.9387755102041,75,170,54,36.563765405902444,0.5617772108843537,41.62554824561408,16535.964912280906,220.4795321637454,0
529,64,2,2,244,0.008130081300813009,0.008130081300813009,0.991869918699187,246,8500,6200,2300,0.7294117647058823,108,62,46,205.52207386103257,0.46012561528676515,0.8027650221998648,0.1255129497269527,2126553.434476566,29710.734405983858,2156264.1688825497,528,0,274.7967479674797,85,161,48,36.91360671271277,0.5557672764227642,42.21172480620151,16498.44961240288,194.09940720473978,8
530,64,0,0,244,0.0,0.0,1.0,244,7950,5700,2250,0.7169811320754716,102,57,45,206.36203388574103,0.4596920748161641,0.8101586885919514,0.12237777757299748,2108825.3807705394,30286.298937136573,2139111.679707676,529,1,277.85655737704917,78,166,48,37.99095142705497,0.5446977459016393,43.28850210970465,16429.535864978963,210.635075192038,8
531,64,0,2,242,0.0,0.00819672131147541,0.9918032786885246,244,6700,4700,2000,0.7014925373134329,87,47,40,239.57479855674953,0.4595880697789471,0.8335433457261445,0.14180238076737312,2107661.132812496,45488.49826388867,2153149.6310763843,530,2,278.85655737704917,71,173,45,37.21091239641468,0.5421362704918034,43.35937499999999,16424.999999999967,231.33802816901363,8
532,64,3,0,245,0.012244897959183673,0.0,1.0,245,7150,5100,2050,0.7132867132867133,92,51,41,236.67998480902216,0.45940183450429356,0.8309051408285759,0.14127905818549868,2112802.6320721135,43861.618972658005,2156664.2510447716,531,0,278.6734693877551,76,169,48,36.964962619774674,0.544345238095238,43.0465367965368,16445.02164502165,216.38186375028488,0
533,64,1,0,246,0.0040650406504065045,0.0,1.0,246,7850,5600,2250,0.7133757961783439,101,56,45,218.22203164418545,0.4593924561694596,0.8216089177230135,0.12636039657274817,2094209.0332031422,34350.50998263985,2128559.543185782,532,0,278.5365853658537,79,167,46,38.59712466703995,0.5345528455284553,44.17968750000003,16372.500000000136,207.2468354430397,8
534,64,3,0,249,0.012048192771084338,0.0,1.0,249,7400,4600,2800,0.6216216216216216,102,46,56,211.91130075703492,0.4601402923522045,0.8205074816153837,0.12384478692095623,2099891.318189,31798.14013716743,2131689.4583261674,533,0,276.1686746987952,87,162,54,38.40438866041311,0.5372740963855422,43.83285984848486,16394.69696969703,188.44479275513828,0
535,64,3,0,252,0.011904761904761904,0.0,1.0,252,8300,6200,2100,0.7469879518072289,104,62,42,208.54319169039775,0.4607489354750311,0.8191370328500682,0.12302511136330388,2105632.6247351975,29123.06961794182,2134755.6943531395,534,0,273.8690476190476,77,175,48,38.13341663195891,0.5397652116402116,43.482905982906,16417.094017094085,213.2090132090141,0
536,64,3,8,247,0.011764705882352941,0.03137254901960784,0.9686274509803922,255,7450,5700,1750,0.7651006711409396,92,57,35,187.8795000323535,0.4616598476661005,0.7971592657517959,0.11180111696573745,2110916.889834072,20869.601974375255,2131786.491808447,535,0,271.63529411764705,91,164,44,38.33575794980308,0.546282679738562,43.161231884057976,16437.681159420317,180.63385889472877,8
537,64,1,4,244,0.004032258064516129,0.016129032258064516,0.9838709677419355,248,7100,5400,1700,0.7605633802816901,88,54,34,190.3717899377456,0.4597576836010622,0.7970781897391066,0.11366713424459739,2112964.651760402,23749.772566162803,2136714.424326565,536,0,280.0483870967742,91,157,48,38.14482815598147,0.547799059139785,43.0366847826087,16445.652173913084,180.72145246058335,0
538,64,1,2,243,0.004081632653061225,0.00816326530612245,0.9918367346938776,245,7900,5500,2400,0.6962025316455697,103,55,48,188.47948870392315,0.45954262852682054,0.7909444053483441,0.11293192504987173,2115084.754288022,22830.01861073413,2137914.772898756,537,0,282.81632653061223,93,152,53,38.06214080459771,0.5495323129251701,42.907801418439725,16453.90070921992,176.92366353999915,0
539,64,3,1,245,0.012195121951219513,0.0040650406504065045,0.9959349593495935,246,7550,5500,2050,0.7284768211920529,96,55,41,189.54245335437324,0.45995347325922237,0.7959126521782398,0.11458497239776214,2120460.3741159164,23633.452310131852,2144093.8264260483,538,0,282.4634146341463,81,165,52,37.702123634688746,0.5520409891598916,42.5813008130081,16474.796747967324,203.39255244404103,0
540,64,2,5,242,0.008097165991902834,0.020242914979757085,0.979757085020243,247,7950,5900,2050,0.7421383647798742,100,59,41,177.82115472147282,0.4604927147449612,0.7898749490932611,0.10362681085492766,2098145.087236005,17268.91643709866,2115414.0036731036,539,0,282.10526315789474,87,160,55,39.38609467455623,0.5396845479082322,43.93939393939395,16387.878787878853,188.36642284918221,8
541,64,4,0,246,0.016260162601626018,0.0,1.0,246,8550,6600,1950,0.7719298245614035,105,66,39,182.4713797407396,0.46015672529174273,0.7926649895291,0.10750448230929355,2104836.9203966307,19064.49939880493,2123901.4197954354,540,0,283.8861788617886,80,166,54,38.85156028013173,0.5429793360433605,43.53137860082306,16413.99176954741,205.17489711934263,0
542,64,1,0,247,0.004048582995951417,0.0,1.0,247,7600,5200,2400,0.6842105263157895,100,52,48,197.9209320553417,0.46047488561930155,0.8109680670728918,0.11498589789651165,2096252.9744199875,25978.468504197244,2122231.4429241847,541,0,283.73279352226723,81,166,48,38.98918833962014,0.5374493927125505,44.05487804878049,16380.487804878045,202.22824450466723,8
543,64,4,0,251,0.01593625498007968,0.0,1.0,251,7800,4800,3000,0.6153846153846154,108,48,60,184.08996251561877,0.461562416998672,0.7991544027969744,0.10488846701471259,2084201.38888888,18736.111111110626,2102937.4999999907,542,0,280.195219123506,77,174,56,40.09353741496595,0.531582005312085,44.79166666666665,16333.333333333263,212.12121212121122,8
544,64,5,2,254,0.01953125,0.0078125,0.9921875,256,8150,6100,2050,0.7484662576687117,102,61,41,177.91468705078358,0.46271829044117646,0.7939114783283576,0.10231185560328292,2089942.578758769,15016.295970794068,2104958.874729563,543,0,275.703125,85,171,42,39.89362647518838,0.5341796875,44.44040697674416,16355.813953488218,192.42134062927315,0
545,64,3,1,256,0.011673151750972763,0.0038910505836575876,0.9961089494163424,257,8500,6400,2100,0.7529411764705882,106,64,42,178.07252253465884,0.46350620136186765,0.7953516036052519,0.1031028112593385,2094153.9411760515,14682.25497622331,2108836.196152275,544,0,275.61867704280155,88,169,49,39.6276555184456,0.536113813229572,44.18305243445692,16372.284644194706,186.0486891385762,0
546,64,3,2,257,0.011583011583011582,0.007722007722007722,0.9922779922779923,259,7500,5600,1900,0.7466666666666667,94,56,38,188.94445824921718,0.4635586583261002,0.8082723945412813,0.11044056487556769,2099991.41658971,20056.348107109203,2120047.7646968192,545,0,274.4633204633205,94,165,52,38.98650287491611,0.5386904761904762,43.8267543859649,16395.087719298164,174.4158268010443,0
547,64,2,1,258,0.007722007722007722,0.003861003861003861,0.9961389961389961,259,6950,4800,2150,0.6906474820143885,91,48,43,189.3101779848364,0.46375569922081555,0.8079258668892992,0.1112596974982524,2103333.849725703,20886.501090621205,2124220.350816324,546,0,275.2895752895753,81,178,53,38.76948931391008,0.5407818532818534,43.62296747967481,16408.130081300893,202.56950717655423,0
548,64,1,1,258,0.003861003861003861,0.003861003861003861,0.9961389961389961,259,8200,5400,2800,0.6585365853658537,110,54,56,184.92719150032815,0.4635505522133429,0.8039677771252325,0.10949184506035335,2107855.562012181,17959.961834252084,2125815.523846433,547,0,276.1660231660232,87,172,46,38.60133597761583,0.5429938867438868,43.3475378787879,16425.757575757685,188.80181121560557,0
549,64,1,3,256,0.003861003861003861,0.011583011583011582,0.9884169884169884,259,8900,6900,2000,0.7752808988764045,109,69,40,180.8032465733711,0.4631477407640198,0.8019617122060496,0.10607929939258283,2102291.795764766,15320.23638376675,2117612.032148533,548,0,277.1621621621622,81,178,52,39.05225215179001,0.5433960746460746,43.68648373983741,16404.065040650483,202.51932148951212,8
550,64,2,1,257,0.007751937984496124,0.003875968992248062,0.9961240310077519,258,8200,5300,2900,0.6463414634146342,111,53,58,174.98805909906105,0.4628911159372204,0.7931590226204899,0.10313847033611717,2105090.7047370654,13873.147329883072,2118963.8520669485,549,0,279.1240310077519,88,170,56,39.02775242615071,0.5453003875968992,43.51591760299627,16414.981273408313,186.53387810691265,0
551,64,3,3,257,0.011538461538461539,0.011538461538461539,0.9884615384615385,260,7350,5500,1850,0.7482993197278912,92,55,37,179.38442925441052,0.4632477601227601,0.7967672164374495,0.10486335318882054,2100054.3368055364,15993.409722221499,2116047.746527758,550,0,277.92692307692306,99,161,56,39.227498678485745,0.5377003205128206,43.82291666666664,16395.333333333183,165.6094276094261,8
552,64,5,2,260,0.019083969465648856,0.007633587786259542,0.9923664122137404,262,8050,5600,2450,0.6956521739130435,105,56,49,172.00229850568434,0.46354334230255523,0.788391254483922,0.10151508205923795,2105911.6735537355,11994.329660239535,2117906.003213975,551,0,276.6106870229008,87,175,57,39.053463762766114,0.5403546437659033,43.465909090909115,16418.181818181947,188.71473354232123,0
553,64,5,3,262,0.018867924528301886,0.011320754716981131,0.9886792452830189,265,7750,5400,2350,0.6967741935483871,101,54,47,190.94469761276628,0.46412235563178955,0.8139139445432086,0.10923079998326107,2086691.9698922415,18938.5534404116,2105630.523332653,552,0,272.388679245283,81,184,53,39.76324909627564,0.5299528301886792,44.639227642276396,16343.089430894164,201.76653618387857,8
554,64,5,2,265,0.018726591760299626,0.00749063670411985,0.9925093632958801,267,7750,5500,2250,0.7096774193548387,100,55,45,183.78461628141537,0.46468523837684095,0.8075739700808215,0.1057312456736475,2090199.2268207376,15679.292570591017,2105878.5193913286,553,0,271.0262172284644,87,180,45,39.7276353573248,0.5317181647940075,44.42471590909087,16356.81818181797,188.00940438871228,0
555,64,3,2,266,0.011194029850746268,0.007462686567164179,0.9925373134328358,268,8650,6500,2150,0.7514450867052023,108,65,43,190.79264982907628,0.4649010332233961,0.8163330564186531,0.11288899235908877,2107447.271050336,18167.089843749425,2125614.3608940854,554,0,271.00373134328356,79,189,49,38.47612977150877,0.5403451492537313,43.372395833333314,16424.166666666577,207.9008438818554,8
556,64,0,2,264,0.0,0.007518796992481203,0.9924812030075187,266,10000,7900,2100,0.79,121,79,42,209.6601676323774,0.46469180025535534,0.8280478582747699,0.12444088276583269,2109349.896121875,25249.33056324965,2134599.2266851244,555,1,273.9548872180451,75,191,51,37.873692077727895,0.5405701754385965,43.2565789473684,16431.57894736835,219.08771929824468,8
557,64,0,4,260,0.0,0.015151515151515152,0.9848484848484849,264,8350,6600,1750,0.7904191616766467,101,66,35,210.72484040266832,0.4644325263087145,0.828653800088972,0.12554560674999302,2111642.5652940175,27845.108511812366,2139487.67380583,556,2,276.9583333333333,78,186,52,37.703927557061256,0.5428898358585859,43.11708860759493,16440.50632911388,210.77572216812666,0
558,64,0,1,259,0.0,0.0038461538461538464,0.9961538461538462,260,8650,5800,2850,0.6705202312138728,115,58,57,223.30435432199238,0.4636842886842887,0.8434254076628489,0.13305342668930514,2111702.7820644705,33660.485253772225,2145363.2673182427,557,3,280.0153846153846,71,189,44,37.37703687016595,0.5402243589743589,43.113425925925924,16440.74074074073,231.5597287428272,8
559,64,2,0,261,0.007662835249042145,0.0,1.0,261,7750,5700,2050,0.7354838709677419,98,57,41,221.84803794697865,0.4637513508203163,0.8432055492961383,0.13310172817151408,2115886.144053928,33931.037915511944,2149817.18196944,558,0,279.91570881226056,75,186,46,37.154480482561354,0.5421855044699873,42.859100877192965,16457.017543859558,219.4269005847941,0
560,64,3,1,263,0.011363636363636364,0.003787878787878788,0.9962121212121212,264,8300,5900,2400,0.7108433734939759,107,59,48,211.00485049546697,0.46447153329876717,0.8342566982879231,0.1253782389480671,2110025.590806777,27945.126865958264,2137970.7176727355,559,0,277.7234848484849,75,189,45,37.797182190196594,0.5421796085858586,43.21546052631577,16434.210526315714,219.12280701754284,8
561,64,4,1,266,0.0149812734082397,0.003745318352059925,0.9962546816479401,267,7900,5400,2500,0.6835443037974683,104,54,50,211.53408787064484,0.4654948466672299,0.8380099407682666,0.127266037216758,2117560.9429065646,28287.264513648304,2145848.2074202127,560,0,274.5168539325843,84,183,49,37.31579407047464,0.5447877652933832,42.75735294117646,16463.52941176463,195.99439775910272,0
562,64,3,3,266,0.011152416356877323,0.011152416356877323,0.9888475836431226,269,7300,5200,2100,0.7123287671232876,94,52,42,225.2962416721769,0.466075177088535,0.8454794136213806,0.13702443550881532,2124089.5061728326,34609.876543209524,2158699.382716042,561,0,273.4275092936803,71,198,42,36.55660377358492,0.5471267038413878,42.3611111111111,16488.888888888832,232.2378716744906,0
563,64,0,0,266,0.0,0.0,1.0,266,8950,6200,2750,0.6927374301675978,117,62,55,228.3188452646148,0.46554534922211194,0.8448948863187535,0.1394480449804712,2126609.388888892,34959.00000000016,2161568.388888892,562,1,275.56390977443607,74,192,42,36.322463768115924,0.5491071428571428,42.208333333333336,16498.66666666669,222.95495495495527,0
564,64,1,0,267,0.003745318352059925,0.0,1.0,267,8150,6000,2150,0.7361963190184049,103,60,43,231.4615697234088,0.4657037021392432,0.8462712098965073,0.14219807016571254,2130108.962461502,37057.67282664834,2167166.63528815,563,0,275.5280898876405,78,189,45,36.02451406279283,0.5510299625468165,41.99630801687764,16512.236286919848,211.69533701179293,0
565,64,2,3,266,0.007434944237918215,0.011152416356877323,0.9888475836431226,269,7350,5200,2150,0.7074829931972789,95,52,43,226.3091464149698,0.46554922876324695,0.8446283124150988,0.1398223537039519,2133481.0930468896,35415.25701198389,2168896.3500588736,564,0,274.47211895910783,82,187,51,35.94868928420984,0.5528965303593556,41.7921686746988,16525.301204819305,201.52806347340615,0
566,64,6,2,270,0.022058823529411766,0.007352941176470588,0.9926470588235294,272,8450,5500,2950,0.650887573964497,114,55,59,221.74768761620365,0.4659737107481369,0.8432675002368106,0.13909627677743608,2142449.9999999874,32166.66666666603,2174616.6666666535,565,0,272.14338235294116,69,203,47,35.51227858293074,0.555874693627451,41.24999999999998,16559.9999999999,239.99999999999858,0
567,64,0,1,269,0.0,0.003703703703703704,0.9962962962962963,270,8850,5800,3050,0.655367231638418,119,58,61,224.6925341517222,0.4654266487677268,0.8442117125393507,0.14144246893062212,2144529.9566314216,33521.974103958986,2178051.9307353804,566,1,275.1111111111111,72,198,47,35.30768842097527,0.5572916666666667,41.12442922374428,16568.036529680303,230.111618467782,0
568,64,0,1,268,0.0,0.0037174721189591076,0.9962825278810409,269,7950,5700,2250,0.7169811320754716,102,57,45,224.19477387333816,0.4649799330485121,0.8435743571114742,0.1417186310780058,2146977.714295079,34518.236633496184,2181495.9509285754,567,2,277.0446096654275,76,193,47,35.16956529308332,0.5588986988847584,40.97673160173159,16577.489177489137,218.12485759854127,0
569,64,0,0,268,0.0,0.0,1.0,268,8450,6300,2150,0.7455621301775148,106,63,43,224.6565700739924,0.4646553049359942,0.8438594331256948,0.14239152690924037,2148547.8392458865,34487.07764097351,2183034.91688686,568,3,279.06716417910445,76,192,48,35.060779297622766,0.5602456467661692,40.882034632034625,16583.549783549748,218.20460241512828,0
570,64,2,1,269,0.007407407407407408,0.003703703703703704,0.9962962962962963,270,7750,5400,2350,0.6967741935483871,101,54,47,224.40661120303812,0.46486673321400707,0.8452318601328896,0.14307046613046556,2151979.2473105337,34833.67405364465,2186812.9213641784,569,0,277.9925925925926,82,188,47,34.855780864346904,0.5620756172839506,40.67520080321286,16596.787148594427,202.3998432755418,0
571,64,1,2,268,0.003703703703703704,0.007407407407407408,0.9925925925925926,270,8250,6100,2150,0.7393939393939394,104,61,43,223.18100581983668,0.4644462228647483,0.8450871149201686,0.14310722383621066,2155319.2679525753,33955.26441690583,2189274.5323694814,570,0,278.9,68,202,47,34.681907199503634,0.5639274691358025,40.47403381642512,16609.661835748775,244.25973287865847,0
572,64,0,0,268,0.0,0.0,1.0,268,8050,5600,2450,0.6956521739130435,105,56,49,222.90233841038366,0.46409077039894164,0.8441871243919958,0.14323724257492343,2156573.1989077884,34491.04179794138,2191064.24070573,571,1,281.85074626865674,68,200,49,34.611973714817395,0.5649486940298507,40.39855072463767,16614.49275362316,244.33077578857586,0
573,64,0,2,266,0.0,0.007462686567164179,0.9925373134328358,268,9050,6300,2750,0.6961325966850829,118,63,55,192.99894203904364,0.4638674604505562,0.8229781960715796,0.12158043952413566,2144959.8255280224,20144.995408632552,2165104.8209366547,572,2,282.85074626865674,76,192,54,36.10171299683006,0.5574471393034826,41.09848484848487,16569.69696969709,218.0223285486459,8
574,64,0,0,266,0.0,0.0,1.0,266,7200,4900,2300,0.6805555555555556,95,49,46,192.35381243427491,0.46354890764647466,0.8218995008645502,0.12166719250108787,2147343.930815944,22209.958340010315,2169553.889155954,573,3,285.8646616541353,78,188,55,35.971805117241836,0.5589364035087719,40.95464135021099,16578.902953586603,212.5500378664949,0
575,64,0,1,265,0.0,0.0037593984962406013,0.9962406015037594,266,8500,6200,2300,0.7294117647058823,108,62,46,193.7306418592793,0.46317651439920554,0.8234196386944901,0.12333686687737683,2151146.155908791,21648.585103466943,2172794.741012258,574,4,286.8646616541353,82,184,58,35.70245816996629,0.5608161027568923,40.72540160642573,16593.574297188876,202.36066216083995,0
576,64,1,1,265,0.0037593984962406013,0.0037593984962406013,0.9962406015037594,266,8300,5900,2400,0.7108433734939759,107,59,48,194.4121345792635,0.4631244975646664,0.8224091200182861,0.12438809417942906,2154047.796201803,22254.606009069645,2176302.4022108726,575,0,287.59022556390977,69,197,57,35.506583978587145,0.5626174812030076,40.55059523809522,16604.761904761817,240.64872325741763,0
577,64,0,1,264,0.0,0.0037735849056603774,0.9962264150943396,265,8250,6500,1750,0.7878787878787878,100,65,35,195.2584656418272,0.4626316228320945,0.8225323032689322,0.1253451659700724,2155979.74387797,22944.65934889396,2178924.403226864,576,1,289.40377358490565,70,195,58,35.366031728088,0.564190251572327,40.434272300469466,16612.206572769886,237.31723675385552,0
578,64,0,0,264,0.0,0.0,1.0,264,6800,4500,2300,0.6617647058823529,91,45,46,221.6010556542954,0.46215481814341125,0.8388725628434628,0.13608998606843287,2129888.5883485302,34797.11192081413,2164685.7002693443,577,2,291.4583333333333,81,183,44,36.292561179772505,0.5517676767676767,42.00965447154471,16511.382113821095,203.84422362742092,8
579,64,3,1,266,0.011235955056179775,0.003745318352059925,0.9962546816479401,267,8700,6200,2500,0.7126436781609196,112,62,50,218.57870915762663,0.4628407394891723,0.8394051260982038,0.135344130786947,2134790.1920438847,31223.936899862245,2166014.128943747,578,0,289.17228464419475,89,178,47,36.067358248192626,0.5540340199750312,41.71296296296295,16530.37037037028,185.7344985434863,0
580,64,0,3,263,0.0,0.011278195488721804,0.9887218045112782,266,7600,5200,2400,0.6842105263157895,100,52,48,212.85311152128185,0.46258452735612615,0.8372492280228223,0.12997595969620712,2126488.6233361834,29725.94401834319,2156214.5673545264,579,1,291.2481203007519,73,193,45,36.728633120369885,0.5463659147869675,42.21565315315317,16498.198198198275,226.002715043812,7
581,64,0,2,261,0.0,0.0076045627376425855,0.9923954372623575,263,8250,5800,2450,0.703030303030303,107,58,49,215.52354240179648,0.4622662274209309,0.8381625971221551,0.13224046095238168,2129360.055555572,30935.44444444534,2160295.500000017,580,2,295.1977186311787,74,189,47,36.48205728746029,0.5478453738910012,42.04166666666669,16509.33333333346,223.0990990991008,0
582,64,0,0,261,0.0,0.0,1.0,261,8000,5600,2400,0.7,104,56,48,216.7276201937878,0.4623661459868356,0.8281748290453608,0.13121151610556633,2121342.2469135816,31750.691358024673,2153092.9382716063,581,3,296.5632183908046,74,187,51,36.947643578954924,0.5476133461047255,42.52777777777778,16478.222222222234,222.67867867867884,8
583,64,2,1,262,0.0076045627376425855,0.0038022813688212928,0.9961977186311787,263,6550,4300,2250,0.6564885496183206,88,43,45,211.10086397270328,0.46270825472382665,0.8244010623741076,0.1285616760554232,2124886.775846102,30563.086845056616,2155449.8626911584,582,0,295.3003802281369,78,185,42,36.87296389158949,0.5494296577946768,42.31276371308016,16491.983122362824,211.43568105593366,0
584,64,2,0,264,0.007575757575757576,0.0,1.0,264,8650,6400,2250,0.7398843930635838,109,64,45,182.2306961415844,0.4631368941314284,0.8013306209293647,0.11061581120714861,2122917.0144432904,15922.129078562079,2138839.1435218523,583,0,295.17424242424244,82,182,56,37.73855349282914,0.553543244949495,42.43222891566261,16484.337349397396,201.02850426094386,8
585,64,1,0,265,0.0037735849056603774,0.0,1.0,265,7500,5400,2100,0.72,96,54,42,185.9364195978218,0.46322481894415857,0.8111239395443199,0.10791263230864212,2095621.9055669538,17430.48679037668,2113052.3923573303,584,0,295.0566037735849,90,175,50,39.33517102045684,0.5369889937106918,44.093406593406584,16378.021978021927,181.97802197802142,8
586,64,1,0,266,0.0037593984962406013,0.0,1.0,266,8550,6000,2550,0.7017543859649122,111,60,51,185.8041726935481,0.46354181444176484,0.8120712406421833,0.1082179332010184,2097798.404412489,16205.939401940985,2114004.34381443,585,0,294.9436090225564,93,173,52,39.20322982038522,0.5386513157894737,43.96054964539005,16386.524822694915,176.19919164188082,0
587,64,1,0,267,0.003745318352059925,0.0,1.0,267,7950,5600,2350,0.7044025157232704,103,56,47,185.81845792681287,0.4636790947405968,0.8133111546688712,0.10871154412010477,2100545.5916911573,16714.028530602587,2117259.62022176,586,0,294.8352059925094,96,171,52,39.032155531338184,0.540535268414482,43.792955326460465,16397.250859106425,170.80469644902527,0
588,64,0,1,266,0.0,0.003745318352059925,0.9962546816479401,267,7900,5600,2300,0.7088607594936709,102,56,46,193.8412251119015,0.46366736128711294,0.822639867105561,0.1086577876544691,2074005.5555555462,19105.55555555503,2093111.1111111012,587,1,295.8352059925094,79,188,46,40.481792144026166,0.5232521847690387,45.41666666666665,16293.33333333326,206.2447257383957,7
589,64,3,0,269,0.011152416356877323,0.0,1.0,269,9000,6200,2800,0.6888888888888889,118,62,56,190.8883547857979,0.4643487950581664,0.8217703080935632,0.10790344954249499,2079258.4251622348,16581.243990745075,2095839.66915298,588,0,294.6208178438662,85,184,50,40.22862714817457,0.5259448574969021,45.094476744186025,16313.953488371973,191.92886456908204,0
590,64,4,0,273,0.014652014652014652,0.0,1.0,273,9200,6800,2400,0.7391304347826086,116,68,48,193.63727025104697,0.4655819058392588,0.8268409527466023,0.11084618299808842,2087112.6752943334,17028.56023007136,2104141.235524405,589,0,291.2893772893773,75,198,50,39.66825211542244,0.5288461538461539,44.61348684210528,16344.73684210536,217.92982456140479,0
591,64,2,0,275,0.007272727272727273,0.0,1.0,275,8550,6300,2250,0.7368421052631579,108,63,45,195.11494699348526,0.4659267861092679,0.8297525776096093,0.11249133830677055,2091530.2535651387,18067.762911926722,2109598.016477065,590,0,290.1636363636364,78,197,45,39.35511114549487,0.5309090909090909,44.343354430379755,16362.025316455734,209.7695553391761,0
592,64,3,1,277,0.01079136690647482,0.0035971223021582736,0.9964028776978417,278,7800,5000,2800,0.6410256410256411,106,50,56,203.17137444469867,0.46625749941562994,0.8370386684916487,0.11824516026526155,2097341.1769568296,21823.93792035649,2119165.1148771862,591,0,288.021582733813,82,196,49,38.78703204405443,0.5331984412470023,43.98845381526105,16384.73895582334,199.8138897051627,0
593,64,1,1,277,0.0035971223021582736,0.0035971223021582736,0.9964028776978417,278,8300,5500,2800,0.6626506024096386,111,55,56,206.88743472800547,0.4663594936325308,0.8393577820670295,0.12117692605497489,2101250.0000000047,23044.444444444685,2124294.444444449,592,0,288.27338129496405,84,194,51,38.44850948509487,0.5351843525179856,43.75000000000001,16400.000000000036,195.23809523809567,0
594,64,1,0,278,0.0035971223021582736,0.0,1.0,278,7850,5900,1950,0.7515923566878981,98,59,39,199.30170065760097,0.4661847237011834,0.8356799696620281,0.11270735688834521,2079525.1953124998,19440.58159722212,2098965.776909722,593,0,289.25539568345323,79,199,52,39.99748867776758,0.5183977817745804,45.078125,16314.999999999998,206.51898734177212,8
595,64,4,1,281,0.014184397163120567,0.0035460992907801418,0.9964539007092199,282,8450,5900,2550,0.6982248520710059,110,59,51,194.35887356613864,0.4674904091264733,0.8342264029344459,0.11078389300326597,2084451.6006464052,16176.333020954822,2100627.93366736,594,0,286.13829787234044,67,215,55,39.81584988896232,0.521054964539007,44.776348039215726,16334.313725490349,243.7957272461246,0
596,64,2,2,281,0.007067137809187279,0.007067137809187279,0.9929328621908127,283,10550,8200,2350,0.7772511848341233,129,82,47,184.53066487510358,0.46821667543793705,0.8257393622602074,0.10603941625444105,2089492.843772853,9965.100742636116,2099457.944515489,595,0,284.6042402826855,73,210,48,39.7525546741586,0.5233362779740871,44.46790540540545,16354.05405405426,224.0281377267707,0
597,64,4,1,284,0.014035087719298246,0.0035087719298245615,0.9964912280701754,285,9850,6800,3050,0.6903553299492385,129,68,61,180.8110577064142,0.46887972572275755,0.8228051858608707,0.1047042509499429,2094247.2970998876,8882.613777486862,2103129.9108773745,596,0,281.859649122807,77,208,54,39.55179404190157,0.5257675438596492,44.17735042735047,16372.649572649781,212.63181263181534,0
598,64,4,3,285,0.013888888888888888,0.010416666666666666,0.9895833333333334,288,8550,5900,2650,0.6900584795321637,112,59,53,175.18666301908246,0.4695358876951865,0.819481229242861,0.10221155637073767,2098866.9551109034,7388.6995973813355,2106255.654708285,597,0,279.8923611111111,85,203,59,39.40873691512169,0.5279947916666667,43.89534883720935,16390.69767441886,192.83173734610426,0
599,64,3,3,285,0.010416666666666666,0.010416666666666666,0.9895833333333334,288,9000,6600,2400,0.7333333333333333,114,66,48,170.80388994479657,0.4697077848754678,0.8149430939850277,0.10014963189522144,2101907.1026462894,5202.781886916842,2107109.8845332065,598,0,277.55555555555554,77,211,62,39.33240190714398,0.5303819444444444,43.709935897435905,16402.564102564134,213.02031302031344,0
600,64,4,2,287,0.01384083044982699,0.006920415224913495,0.9930795847750865,289,9000,6400,2600,0.7111111111111111,116,64,52,170.19281663516023,0.4699584694989107,0.8125811142871475,0.10088749439713154,2108577.806122459,4972.959183673871,2113550.765306133,599,0,277.1833910034602,83,206,50,38.9347826086957,0.5334126297577855,43.303571428571445,16428.571428571508,197.93459552495793,0
601,64,4,5,286,0.013745704467353952,0.01718213058419244,0.9828178694158075,291,8800,6400,2400,0.7272727272727273,112,64,48,171.54243024046326,0.47025565825334753,0.8142813189289431,0.10250075675616988,2113415.706447204,5508.093278464313,2118923.7997256685,600,0,276.0996563573883,89,202,56,38.600777637662866,0.5360108820160366,43.00925925925928,16447.407407407536,184.8023304203094,0
602,64,1,0,287,0.003484320557491289,0.0,1.0,287,9300,6600,2700,0.7096774193548387,120,66,54,175.84556552790272,0.46923858661663537,0.8168079852166055,0.10563898840323366,2116671.966617033,7741.475801366441,2124413.4424183993,601,0,279.1672473867596,90,197,59,38.28880704409236,0.5380734610917538,42.81135531135533,16460.07326007335,182.8897028897039,0
603,64,0,1,286,0.0,0.003484320557491289,0.9965156794425087,287,9400,6600,2800,0.7021276595744681,122,66,56,173.002834664034,0.46890152530396434,0.8137556527540952,0.1023122724205189,2107144.9332805052,6108.409301097359,2113253.3425816027,602,1,280.1672473867596,86,201,46,38.95139277715568,0.5362587108013936,43.39080459770118,16422.988505747275,190.96498262496831,8
604,64,2,3,285,0.006944444444444444,0.010416666666666666,0.9895833333333334,288,9750,7000,2750,0.717948717948718,125,70,55,194.4644117619268,0.46897356715382627,0.8324527322029638,0.1142632685973758,2103196.6531805936,14449.37999608397,2117646.033176678,603,0,280.18055555555554,78,210,46,38.64587083611928,0.5319372106481481,43.631329113924075,16407.59493670897,210.3537812398586,8
605,64,3,1,287,0.010416666666666666,0.003472222222222222,0.9965277777777778,288,7950,5500,2450,0.6918238993710691,104,55,49,190.0835332088219,0.4693362651632469,0.8254759478771276,0.11226874171991899,2106358.4650842026,14526.81184950381,2120885.2769337064,604,0,279.2951388888889,86,202,56,38.56188942816251,0.5340711805555556,43.438697318007684,16419.923371647623,190.9293415307863,0
606,64,0,5,282,0.0,0.017421602787456445,0.9825783972125436,287,9400,6800,2600,0.723404255319149,120,68,52,191.10131163730082,0.4691720880745271,0.8258092242777058,0.1135275298134515,2109896.5171695594,13840.798370015505,2123737.3155395747,605,1,281.25783972125436,88,199,43,38.316278469088566,0.5358231707317074,43.22331460674159,16433.70786516862,186.74668028600706,0
607,64,1,1,282,0.0035335689045936395,0.0035335689045936395,0.9964664310954063,283,10150,7300,2850,0.7192118226600985,130,73,57,193.88268493232508,0.46863905387230703,0.8272912095590017,0.11577685236329988,2113034.996570649,15186.179698216767,2128221.176268866,606,0,285.36042402826854,89,194,49,38.05025072816261,0.5378018256772674,43.03240740740741,16445.92592592596,184.78568456096585,0
608,64,2,2,282,0.007042253521126761,0.007042253521126761,0.9929577464788732,284,10450,7700,2750,0.7368421052631579,132,77,55,208.46902985964022,0.46917718027837224,0.8395422479675918,0.12568270735214573,2118813.60567642,21091.403365753504,2139905.0090421736,607,0,285.3098591549296,76,208,49,37.31697860259711,0.5402728873239437,42.68127705627704,16468.39826839819,216.68945089997615,0
609,64,0,0,282,0.0,0.0,1.0,282,10300,7700,2600,0.7475728155339806,129,77,52,207.69466432362262,0.46853730765671403,0.8373575848969994,0.12575670419371612,2121408.878785433,21421.0609944978,2142829.9397799307,608,1,288.2588652482269,78,204,44,37.17608951707891,0.5418882978723405,42.52373417721516,16478.48101265808,211.26257708536002,0
610,64,1,0,283,0.0035335689045936395,0.0,1.0,283,8800,6200,2600,0.7045454545454546,114,62,52,195.4598434672684,0.4688781754086994,0.8351963119676427,0.11479898638331282,2102934.609810647,16807.8539310974,2119742.4637417444,609,0,288.23674911660777,70,213,54,38.63663461721894,0.5345627208480566,43.64730046948354,16406.57276995292,234.3796109993274,8
611,64,2,2,283,0.007017543859649123,0.007017543859649123,0.9929824561403509,285,8700,6300,2400,0.7241379310344828,111,63,48,170.62305092768344,0.4691263075529199,0.8096910554214329,0.10077134743485192,2106337.400990502,6177.942728017788,2112515.34371852,610,0,287.20701754385965,83,202,59,39.06247482559172,0.5408625730994152,43.43998015873018,16419.841269841374,197.82941288965512,8
612,64,1,3,281,0.0035211267605633804,0.01056338028169014,0.9894366197183099,284,9250,7000,2250,0.7567567567567568,115,70,45,166.3318709722203,0.46918495661839116,0.8042043389880418,0.09882803667353281,2109990.552126223,4141.735253773391,2114132.2873799964,611,0,288.36971830985914,89,195,50,38.94648276691007,0.5428403755868545,43.217592592592624,16434.074074074255,184.65251768622758,0
613,64,1,2,280,0.0035460992907801418,0.0070921985815602835,0.9929078014184397,282,9250,6400,2850,0.6918918918918919,121,64,57,176.65963139120018,0.4683998069205724,0.8126552946930781,0.10584977913935607,2115084.7542880257,9080.018610734427,2124164.77289876,612,0,291.1843971631206,93,189,54,38.36602011494256,0.54510195035461,42.90780141843973,16453.90070921995,176.92366353999947,0
614,64,3,4,279,0.01060070671378092,0.014134275618374558,0.9858657243816255,283,8350,6600,1750,0.7904191616766467,101,66,35,164.26611722626453,0.4682192859350592,0.8015052417914958,0.09905973375982464,2118973.490965008,4665.10957324079,2123638.6005382487,613,0,290.6077738515901,84,199,61,38.44453440010158,0.5472246760895171,42.671568627450974,16469.019607843093,196.05975723622728,8
615,64,1,1,279,0.0035714285714285713,0.0035714285714285713,0.9964285714285714,280,8750,5900,2850,0.6742857142857143,116,59,57,168.1967968750197,0.4681595622119816,0.8036542461388683,0.09747994406219092,2094755.9311659865,5716.247571413587,2100472.1787374,614,0,293.1357142857143,91,189,56,39.84290871944655,0.5332589285714286,44.14628623188406,16374.63768115944,179.94107341933451,8
616,64,2,0,281,0.0071174377224199285,0.0,1.0,281,10450,7800,2650,0.7464114832535885,131,78,53,165.49267451881684,0.4684936875105914,0.8020652632848784,0.09648288336571303,2098403.742283942,2804.0895061725237,2101207.8317901148,615,0,293.0818505338078,101,180,59,39.685734463276816,0.5357725385527876,43.9236111111111,16388.88888888882,162.2662266226616,0
617,64,1,1,281,0.0035460992907801418,0.0035460992907801418,0.9964539007092199,282,9650,7200,2450,0.7461139896373057,121,72,49,170.3337771164536,0.4687694551710793,0.8099089939120057,0.09880758118151584,2095312.1718126463,5330.487292585552,2100642.659105232,616,0,293.0390070921986,91,191,54,39.75368731563419,0.5310653073286051,44.11231884057971,16376.811594202914,179.9649625736584,8
618,64,4,2,283,0.014035087719298246,0.007017543859649123,0.9929824561403509,285,9100,6700,2400,0.7362637362637363,115,67,48,172.5449179561477,0.4691484432913269,0.8154458160667581,0.10100456027806926,2100901.375005781,6399.971076866031,2107301.3460826473,617,0,290.93684210526317,97,188,57,39.350161785447604,0.5336257309941521,43.771258503401356,16398.639455782282,169.05813871940498,0
619,64,3,0,286,0.01048951048951049,0.0,1.0,286,9200,7100,2100,0.7717391304347826,113,71,42,167.7265738837007,0.4695523044207255,0.8101558583330049,0.09880347469914783,2104750.4526136783,4204.51645941253,2108954.9690730907,618,0,289.4160839160839,82,204,61,39.235074626865725,0.5360576923076923,43.5366465863454,16413.654618473982,200.1665197374876,0
620,64,1,2,285,0.003484320557491289,0.006968641114982578,0.9930313588850174,287,9900,7500,2400,0.7575757575757576,123,75,48,199.83812149493633,0.4695751403068476,0.8313966928179399,0.1140922217370141,2085461.86747447,16050.956409083949,2101512.823883554,619,0,289.40418118466897,80,207,48,39.612928819706816,0.5278745644599303,44.714506172839506,16338.271604938269,204.22839506172835,8
621,64,3,4,284,0.010416666666666666,0.013888888888888888,0.9861111111111112,288,10000,7200,2800,0.72,128,72,56,198.6765473619752,0.4697022398051362,0.8305548644350713,0.11432434758344773,2090338.8139609934,15460.259674898896,2105799.0736358925,620,0,289.37847222222223,85,203,45,39.338331121747785,0.5300202546296297,44.416182170542626,16357.36434108522,192.43958048335554,0
622,64,4,0,288,0.013888888888888888,0.0,1.0,288,9350,6700,2650,0.7165775401069518,120,67,53,199.3051764435036,0.4698764054232804,0.8318717375093214,0.11546061932380261,2094497.1923680713,16538.82649706818,2111036.0188651397,621,0,290.3020833333333,90,198,51,39.06310589112605,0.5323712384259259,44.16208791208791,16373.626373626372,181.9291819291819,0
623,64,1,5,284,0.0034602076124567475,0.01730103806228374,0.9826989619377162,289,7950,5300,2650,0.6666666666666666,106,53,53,199.60510485185887,0.4700400687235679,0.8326355996944239,0.11608453983076344,2096890.5613399642,17960.012071826983,2114850.573411791,622,0,290.29411764705884,93,196,52,38.90638528138527,0.5338091118800461,44.0159574468085,16382.978723404187,176.1610615419805,0
624,64,4,0,288,0.013888888888888888,0.0,1.0,288,7400,5000,2400,0.6756756756756757,98,50,48,195.70174103012138,0.46989253653697255,0.8284759855821491,0.1147437480726484,2101882.7636793344,17268.42325865048,2119151.186937985,623,0,287.66319444444446,80,208,56,38.695807617040515,0.5364221643518519,43.711419753086446,16402.469135802603,205.03086419753254,0
625,64,3,2,289,0.010309278350515464,0.006872852233676976,0.993127147766323,291,8350,5800,2550,0.6946107784431138,109,58,51,192.80107597689866,0.4704329106924201,0.825062525515561,0.11389924562004129,2106494.745932354,14676.890711089143,2121171.6366434433,624,0,285.6872852233677,87,204,44,38.48370818915803,0.5385882016036655,43.430397727272755,16420.454545454697,188.74085684430685,0
626,64,0,1,288,0.0,0.0034602076124567475,0.9965397923875432,289,8700,6400,2300,0.735632183908046,110,64,46,192.91601010145368,0.4697712418300654,0.8239847303480969,0.11455240536974846,2109614.2855033227,14895.674162466616,2124509.9596657893,625,1,288.56747404844293,91,198,47,38.287187091179064,0.5405853517877739,43.2404891304348,16432.60869565229,180.57811753464054,0
627,64,2,3,287,0.006896551724137931,0.010344827586206896,0.9896551724137931,290,8300,5900,2400,0.7108433734939759,107,59,48,193.2856709188932,0.4695941713399356,0.8254611083142804,0.11553656952158062,2113644.925870016,15407.455516220416,2129052.3813862368,626,0,288.49310344827586,97,193,54,38.02779098942609,0.5427083333333333,42.99532312925171,16448.299319727954,169.57009607966964,0
628,64,1,4,284,0.003472222222222222,0.013888888888888888,0.9861111111111112,288,10100,7200,2900,0.7128712871287128,130,72,58,204.78210836542456,0.46930702751967995,0.8377954904414942,0.11939485395472776,2098435.0093587693,18244.389096861545,2116679.398455631,627,0,291.37847222222223,90,198,51,38.67767794615051,0.53125,43.92170329670329,16389.01098901096,182.10012210012178,8
629,64,2,0,286,0.006993006993006993,0.0,1.0,286,9200,6700,2500,0.7282608695652174,117,67,50,190.10741296848005,0.46920035373982744,0.8279951929071043,0.1119967785909398,2104801.282772059,13627.665336106882,2118428.948108166,628,0,293.5034965034965,76,210,56,38.65793244716393,0.5365311771561772,43.53354978354978,16413.85281385279,215.97174755069463,8
630,64,3,2,287,0.010380622837370242,0.006920415224913495,0.9930795847750865,289,7400,4600,2800,0.6216216216216216,102,46,56,188.3345463477991,0.46942431997308726,0.8279565327254288,0.11182778645069667,2109591.5956110777,14261.795227708466,2123853.390838786,629,0,291.4463667820069,81,208,51,38.406227323702105,0.5384587658592849,43.24186991869919,16432.52032520325,202.8706212988056,0
631,64,1,1,287,0.003472222222222222,0.003472222222222222,0.9965277777777778,288,10300,7600,2700,0.7378640776699029,130,76,54,194.16548873963382,0.46919688225900114,0.8331328098615334,0.11614626508243522,2114082.0312499953,14196.354166666499,2128278.385416662,630,0,293.18055555555554,83,205,53,37.97809017223908,0.5407624421296297,42.96874999999999,16449.999999999964,198.1927710843369,0
632,64,3,1,289,0.010344827586206896,0.0034482758620689655,0.996551724137931,290,9900,7300,2600,0.7373737373737373,125,73,52,191.3890456903641,0.46920564371793344,0.8313058646729772,0.1152633973250841,2118175.332098913,13179.111083055846,2131354.4431819688,631,0,292.1241379310345,88,202,53,37.79598080247471,0.5434626436781609,42.72003745318351,16465.91760299619,187.1127000340476,0
633,64,1,0,290,0.0034482758620689655,0.0,1.0,290,9300,6900,2400,0.7419354838709677,117,69,48,189.74956445422228,0.468923507536889,0.8300516736574499,0.11487094967040143,2121303.0992709254,13203.267832409885,2134506.3671033354,632,0,293.08620689655174,75,215,54,37.64467438559136,0.545294540229885,42.530153508771924,16478.070175438566,219.70760233918088,0
634,64,2,2,290,0.00684931506849315,0.00684931506849315,0.9931506849315068,292,9750,7500,2250,0.7692307692307693,120,75,45,191.1580310968434,0.4692295697406204,0.8326467871020429,0.11660934439328217,2125879.0418836754,13125.770399305333,2139004.812282981,633,0,292.07191780821915,79,213,46,37.32555569588276,0.5472317351598174,42.25260416666666,16495.833333333292,208.80801687763662,0
635,64,1,1,290,0.003436426116838488,0.003436426116838488,0.9965635738831615,291,8150,5700,2450,0.6993865030674846,106,57,49,191.69331948954493,0.46873839712446186,0.8325155678413623,0.11747508196789061,2128630.284759393,15258.841050300316,2143889.1258096932,634,0,294.06529209621993,81,210,51,37.14183248780969,0.5487542955326461,42.08587398373982,16506.504065040575,203.78400080297007,0
636,64,0,1,289,0.0,0.0034482758620689655,0.996551724137931,290,9050,6500,2550,0.7182320441988951,116,65,51,187.57749354851646,0.4684807898818757,0.8305149483920815,0.11203622003131808,2113167.5994894165,12226.536352032394,2125394.135841449,635,1,296.0689655172414,88,202,52,38.20405963442035,0.5420977011494252,43.02434456928841,16446.441947565654,186.89138576779152,8
637,64,2,1,290,0.006872852233676976,0.003436426116838488,0.9965635738831615,291,9500,6400,3100,0.6736842105263158,126,64,62,169.61500896595973,0.46842240391831574,0.8125471847043995,0.10433726502950487,2130878.1678284314,4585.783908316849,2135463.951736748,636,0,295.9621993127148,91,200,54,37.57280834539951,0.5528350515463918,41.94972826086954,16515.217391304202,181.48590539894727,8
638,64,0,3,287,0.0,0.010344827586206896,0.9896551724137931,290,9300,7000,2300,0.7526881720430108,116,70,46,190.82497305880236,0.46835302072147317,0.8334941606721138,0.11243432528684554,2104881.77625869,13032.801649306097,2117914.577907996,637,1,297.60689655172416,79,211,53,38.63453190841247,0.535632183908046,43.52864583333335,16414.16666666674,207.77426160337646,8
639,64,5,4,288,0.017123287671232876,0.0136986301369863,0.9863013698630136,292,10100,6600,3500,0.6534653465346535,136,66,70,185.85397818964148,0.4689718868176183,0.830185841555704,0.11055373910615186,2110685.856784266,9955.872638394125,2120641.72942266,638,0,296.18150684931504,86,206,48,38.4020979020979,0.538777111872146,43.17528735632186,16436.781609195517,191.12536754878508,0
640,64,0,2,286,0.0,0.006944444444444444,0.9930555555555556,288,9350,7000,2350,0.7486631016042781,117,70,47,204.32039137031822,0.46816600327461605,0.8448057089491645,0.12061367686165342,2106036.055555548,19111.222222221884,2125147.27777777,639,1,298.96180555555554,74,214,48,38.21666395972064,0.5341796875,43.45833333333332,16418.666666666606,221.87387387387307,8
641,64,2,2,286,0.006944444444444444,0.006944444444444444,0.9930555555555556,288,8400,6100,2300,0.7261904761904762,107,61,46,245.885109291311,0.468273376000129,0.8698260526701875,0.1425130021198621,2094791.007223443,37015.58315071839,2131806.5903741615,640,0,299.87847222222223,73,215,43,37.85302963615025,0.5261501736111112,44.14414414414415,16374.7747747748,224.31198321609315,8
642,64,3,3,286,0.010380622837370242,0.010380622837370242,0.9896193771626297,289,8150,5800,2350,0.7116564417177914,105,58,47,241.68340042009578,0.4688120754837883,0.8690401623798898,0.14130805858447357,2100168.915460493,35565.19298901576,2135734.108449509,641,0,299.4117647058824,78,211,44,37.624384511125996,0.5287990196078431,43.81592827004221,16395.78059071736,210.20231526560718,0
643,64,7,2,291,0.023890784982935155,0.006825938566552901,0.9931740614334471,293,8550,6300,2250,0.7368421052631579,108,63,45,229.56201287882004,0.470059084108654,0.8641782647112224,0.1367167535573371,2111413.225804569,29790.054026931834,2141203.279831501,642,0,295.3720136518771,68,225,44,37.23430306592224,0.5323876564277588,43.131038647343,16439.613526570047,241.75902244955952,0
644,64,3,3,291,0.01020408163265306,0.01020408163265306,0.9897959183673469,294,10300,7700,2600,0.7475728155339806,129,77,52,226.59243235258216,0.47019939944123273,0.8637239379906791,0.1364046676784815,2117910.6728395047,26880.50617283932,2144791.179012344,643,0,295.34353741496597,74,220,46,36.906706077129314,0.5350056689342404,42.73611111111111,16464.888888888876,222.49849849849832,0
645,64,3,1,293,0.01020408163265306,0.003401360544217687,0.9965986394557823,294,9350,6600,2750,0.7058823529411765,121,66,55,211.09416052281165,0.47038368817379056,0.8503040567308462,0.12561147571703923,2110897.8011542084,20969.639856819256,2131867.4410110274,644,0,295.6020408163265,77,217,49,37.74070126178592,0.5316043083900226,43.16239316239316,16437.606837606814,213.47541347541318,8
646,64,3,1,295,0.010135135135135136,0.0033783783783783786,0.9966216216216216,296,9150,6800,2350,0.7431693989071039,115,68,47,211.61638901395804,0.4701147121697969,0.850790062912981,0.1266846361185984,2114558.041838131,21145.02743484216,2135703.069272973,645,0,294.5912162162162,80,216,52,37.49999999999999,0.5337837837837838,42.93981481481481,16451.85185185182,205.64814814814775,0
647,64,1,1,295,0.0033783783783783786,0.0033783783783783786,0.9966216216216216,296,10100,6900,3200,0.6831683168316832,133,69,64,211.74811128242206,0.47001307451519314,0.8522743177714696,0.12752315372129053,2118168.609345888,20403.64048134099,2138572.249827229,646,0,295.5168918918919,85,211,51,37.27259976774478,0.5357545045045045,42.7204457364341,16465.891472868178,193.71637026903738,0
648,64,2,2,295,0.006734006734006734,0.006734006734006734,0.9932659932659933,297,9450,6700,2750,0.708994708994709,122,67,55,210.13334475868834,0.47009272530105867,0.8510522225996633,0.12742003028710067,2122290.504535143,20342.800453514392,2142633.304988657,647,0,295.4410774410774,69,228,53,37.058679070842516,0.5381593714927049,42.47023809523809,16481.904761904723,238.86818495514092,0
649,64,1,2,294,0.0033783783783783786,0.006756756756756757,0.9932432432432432,296,9250,6700,2550,0.7243243243243244,118,67,51,214.91874458299205,0.46973870056497175,0.8522985868270734,0.13107762529085915,2125759.7160600964,22923.121892146584,2148682.837952243,648,0,296.72635135135135,71,225,50,36.72051875760123,0.5400478603603603,42.259837962962955,16495.370370370343,232.32916014606118,0
650,64,1,3,292,0.003389830508474576,0.010169491525423728,0.9898305084745763,295,9400,6200,3200,0.6595744680851063,126,62,64,214.15926965947904,0.46979082593489374,0.8515140505789247,0.13131022648264015,2128936.7603550223,22786.30834976941,2151723.068704792,649,0,298.67118644067796,77,218,52,36.54343999171582,0.5418079096045199,42.06730769230768,16507.69230769225,214.38561438561365,0
651,64,0,1,291,0.0,0.003424657534246575,0.9965753424657534,292,8650,5800,2850,0.6705202312138728,115,58,57,215.46756684741268,0.469425712783819,0.8507199764431674,0.13253060955251444,2130822.0703124953,24774.609374999745,2155596.679687495,650,1,302.38698630136986,79,213,52,36.39305177111717,0.5433076484018264,41.95312499999999,16514.999999999964,209.05063291139194,0
652,64,0,0,291,0.0,0.0,1.0,291,9450,7000,2450,0.7407407407407407,119,70,49,197.21691634462965,0.46908944582691475,0.8395533374324908,0.12130493010918292,2130822.0703125005,16396.831597222135,2147218.9019097225,651,2,304.39862542955325,79,212,55,36.8640041040132,0.5439934135166093,41.953125,16515.000000000004,209.05063291139246,8
653,64,3,0,294,0.01020408163265306,0.0,1.0,294,8150,5800,2350,0.7116564417177914,105,58,47,195.01928102917526,0.4695364920712312,0.8386945833232029,0.1208322189272754,2135164.159349161,16329.635847106818,2151493.7951962682,652,0,302.28231292517006,87,207,55,36.65280450921089,0.5461663832199546,41.69034090909089,16531.818181818086,190.0208986415872,0
654,64,2,2,294,0.006756756756756757,0.006756756756756757,0.9932432432432432,296,9750,7000,2750,0.717948717948718,125,70,55,192.2143962085572,0.46968311001679647,0.8372698993716803,0.11968914742549136,2138116.38285245,13245.3499107217,2151361.7327631717,653,0,301.2331081081081,73,223,56,36.5433094628692,0.5480363175675675,41.51182432432433,16543.243243243265,226.6197704553872,0
655,64,0,3,291,0.0,0.01020408163265306,0.9897959183673469,294,9300,7300,2000,0.7849462365591398,113,73,40,189.43521243238376,0.46903417225820926,0.8331654342947494,0.11846276264701285,2140636.9222094454,13002.402019870311,2153639.324229316,654,1,303.9387755102041,77,217,60,36.45994690280719,0.5496740362811792,41.35950854700856,16552.991452991508,214.9739149739157,0
656,64,0,1,290,0.0,0.003436426116838488,0.9965635738831615,291,7950,5600,2350,0.7044025157232704,103,56,47,186.2275821468674,0.4687793774933839,0.8287325047179774,0.11692535524310219,2143003.7394790854,13667.280986977486,2156671.0204660627,655,2,307.1855670103093,80,211,49,36.397302423429274,0.5511526345933562,41.216563786008244,16562.139917695542,207.02674897119428,0
657,64,0,3,287,0.0,0.010344827586206896,0.9896551724137931,290,9700,7500,2200,0.7731958762886598,119,75,44,188.9418957081807,0.46849719603865886,0.8295608041130829,0.11878298937413129,2143764.487276399,13309.38523557613,2157073.872511975,656,3,309.2344827586207,83,207,49,36.28026383033091,0.5525862068965517,41.17063492063493,16565.079365079422,199.57926945878822,0
658,64,0,0,287,0.0,0.0,1.0,287,7550,5500,2050,0.7284768211920529,96,55,41,190.76212762151596,0.4680715625837577,0.8288345256155116,0.12015625247859751,2144885.9861591784,16882.602845060013,2161768.5890042386,657,4,313.37979094076655,84,203,51,36.16416579885765,0.5533899535423925,41.1029411764706,16569.411764705954,197.25490196078516,0
659,64,2,1,288,0.006920415224913495,0.0034602076124567475,0.9965397923875432,289,8550,5900,2650,0.6900584795321637,112,59,53,187.410969798196,0.4682303681276432,0.827494181459322,0.11863707997632451,2147820.0274348506,14155.006858710953,2161975.0342935617,658,0,312.20415224913495,89,200,53,36.07059357874675,0.5553272779700116,40.92592592592594,16580.740740740806,186.30045776113266,0
660,64,2,1,289,0.006896551724137931,0.0034482758620689655,0.996551724137931,290,8850,6300,2550,0.711864406779661,114,63,51,208.83581575818448,0.468494461679195,0.8407819638275251,0.12813867982489818,2129367.7846511872,22087.65167136481,2151455.436322552,659,0,312.0137931034483,88,202,48,36.654094827586185,0.5488864942528735,42.04119850187263,16509.363295879983,187.60640108954524,8
661,64,2,0,291,0.006872852233676976,0.0,1.0,291,9050,6100,2950,0.6740331491712708,120,61,59,216.27965888699438,0.4684169727850851,0.8460908914219434,0.13049586547102357,2119295.3341855267,24422.094391688443,2143717.428577215,660,0,311.93127147766324,73,218,53,37.086113846041634,0.5434922680412371,42.65202702702701,16470.27027027019,225.62014068863274,8
662,64,2,1,292,0.006825938566552901,0.0034129692832764505,0.9965870307167235,293,8550,6000,2550,0.7017543859649122,111,60,51,212.80418567109027,0.4684996766250565,0.8431426572241487,0.1292238037639017,2123147.471247468,23212.93373568961,2146360.4049831578,661,0,310.7952218430034,78,215,54,36.936801467451566,0.5452929465301479,42.41824894514765,16485.232067510413,211.3491290706463,0
663,64,2,2,292,0.006802721088435374,0.006802721088435374,0.9931972789115646,294,9800,7400,2400,0.7551020408163265,122,74,48,209.2297461517228,0.4685115371518345,0.8405762228824223,0.127711505529753,2126245.4632833265,20374.759707803452,2146620.22299113,662,0,310.6904761904762,84,210,47,36.83708519539787,0.5470875850340136,42.230392156862706,16497.25490196058,196.3958916900069,0
664,64,0,0,292,0.0,0.0,1.0,292,9400,6300,3100,0.6702127659574468,125,63,62,208.22426994705336,0.46812381333458863,0.8390964066446667,0.12786002691790038,2129818.672839489,20895.98765432022,2150714.6604938093,663,1,312.472602739726,89,203,49,36.64199192462985,0.5490867579908676,42.013888888888864,16511.111111110975,185.51810237203344,0
665,64,0,2,290,0.0,0.00684931506849315,0.9931506849315068,292,8900,6100,2800,0.6853932584269663,117,61,56,207.9366638667854,0.4680240255613614,0.840017938825363,0.1283533245666052,2132935.5866676955,21403.10202688414,2154338.6886945795,664,2,313.472602739726,91,201,51,36.45678010700814,0.5506207191780822,41.82518115942026,16523.188405796933,181.57349896480147,0
666,64,1,0,291,0.003436426116838488,0.0,1.0,291,7800,4900,2900,0.6282051282051282,107,49,58,185.1309545273306,0.46828613184816525,0.8245140297635694,0.11023910045143766,2111322.226508935,12174.219821674349,2123496.4463306093,665,0,314.9450171821306,89,202,50,38.38123695159133,0.5429553264604812,43.1365740740741,16439.259259259405,184.7107781939259,8
667,64,1,0,292,0.003424657534246575,0.0,1.0,292,8100,5300,2800,0.654320987654321,109,53,56,182.62158824906024,0.46852247406988967,0.8229471630944569,0.1092653208712225,2114217.313019406,10720.34472145357,2124937.65774086,666,0,314.86301369863014,94,198,53,38.26643062309815,0.5445918949771689,42.960526315789494,16450.526315789593,175.0055991041446,0
668,64,1,2,291,0.0034129692832764505,0.006825938566552901,0.9931740614334471,293,10800,8300,2500,0.7685185185185185,133,83,50,188.44694632204562,0.468249353250113,0.8296366839707205,0.11356816426562735,2118582.4707031106,10448.07942708259,2129030.550130193,667,0,314.7849829351536,79,214,55,37.846484236627724,0.5470705346985211,42.69531249999998,16467.499999999887,208.44936708860618,0
669,64,1,2,290,0.003424657534246575,0.00684931506849315,0.9931506849315068,292,8850,6700,2150,0.7570621468926554,110,67,43,183.30775297386012,0.46791418545717023,0.8244196978235498,0.11100182585630734,2121469.0892082253,10526.346349251906,2131995.435557477,668,0,316.27054794520546,82,210,56,37.80027377006566,0.548480308219178,42.52008032128512,16478.71485943765,200.95993731021522,0
670,64,1,1,290,0.003436426116838488,0.003436426116838488,0.9965635738831615,291,9000,6300,2700,0.7,117,63,54,178.390613296922,0.46784324762017615,0.818525548762197,0.10868302500198179,2125118.899830266,8620.252773920047,2133739.152604186,669,0,317.55670103092785,88,203,45,37.701539649377764,0.5500429553264605,42.298689138576776,16492.883895131068,187.41913517194396,0
671,64,0,2,288,0.0,0.006896551724137931,0.993103448275862,290,8800,6600,2200,0.75,110,66,44,180.02754484538036,0.46752351549138926,0.8208377162158227,0.10996475013460291,2126669.823994687,9771.829422103989,2136441.653416791,670,2,319.651724137931,90,200,46,37.56364430235482,0.5510416666666667,42.20467032967033,16498.9010989011,183.32112332112334,0
672,64,0,0,288,0.0,0.0,1.0,288,9400,6600,2800,0.7021276595744681,122,66,56,186.2621934625883,0.4674890005968512,0.8198573494145871,0.11314590312393102,2123357.262371528,12100.236238806516,2135457.4986103345,671,4,322.37152777777777,85,203,56,37.60751202959199,0.5482132523148149,42.40552325581392,16486.04651162772,193.95348837209082,8
673,64,1,0,289,0.0034602076124567475,0.0,1.0,289,9350,6500,2850,0.6951871657754011,122,65,57,187.51321389237677,0.4673843393566577,0.8220835681457119,0.1146280008964473,2127144.1015088907,12623.52537722786,2139767.6268861187,672,0,322.25259515570934,89,200,50,37.34138385108034,0.5502090542099193,42.17592592592589,16500.740740740537,185.40158135663526,0
674,64,2,1,290,0.006872852233676976,0.003436426116838488,0.9965635738831615,291,9200,6900,2300,0.75,115,69,46,187.6503704174265,0.4674571434214165,0.8244240263702662,0.11563585653471632,2131931.3634964316,12611.542012925725,2144542.9055093573,673,0,321.03092783505156,94,197,52,37.042445482866,0.5526202749140894,41.88596491228066,16519.29824561381,175.7372153788703,0
675,64,1,1,290,0.003436426116838488,0.003436426116838488,0.9965635738831615,291,10300,7800,2500,0.7572815533980582,128,78,50,191.52736286960086,0.46716435596634676,0.8296336116116803,0.11867873157921832,2135214.5350673585,13290.401812458167,2148504.9368798165,674,0,321.98625429553266,100,191,53,36.73989858660063,0.5545890607101946,41.687293729372925,16532.013201320056,165.32013201320058,0
676,64,2,0,292,0.00684931506849315,0.0,1.0,292,9050,6300,2750,0.6961325966850829,118,63,55,195.73057800287202,0.46744785537196565,0.833146395144071,0.11988946277549074,2128332.5924232244,15865.953699469095,2144198.5461226935,675,0,320.1095890410959,80,212,46,37.05609437851135,0.5464825913242009,42.10390946502055,16505.349794238547,206.31687242798185,8
677,64,0,1,291,0.0,0.003424657534246575,0.9965753424657534,292,7550,5000,2550,0.6622516556291391,101,50,51,197.91018970281112,0.46730369023521473,0.8364338763467332,0.11867176739430163,2115539.676108009,17787.371724473138,2133327.0478324825,676,1,321.1095890410959,96,196,53,37.7914909020034,0.5430579337899544,42.880154639175295,16455.670103093,171.4132302405521,8
678,64,0,2,289,0.0,0.006872852233676976,0.993127147766323,291,10000,7500,2500,0.75,125,75,50,201.10649804467636,0.46701623415096577,0.8412223272078381,0.12112063125124428,2118199.8944049375,16996.75258447637,2135196.646989414,677,2,323.20274914089345,101,190,52,37.54444852406094,0.5447809278350515,42.718545751634,16466.013071895486,163.0298323950048,0
679,64,2,1,290,0.006872852233676976,0.003436426116838488,0.9965635738831615,291,8450,6300,2150,0.7455621301775148,106,63,43,194.8044360182386,0.4671954615475767,0.8361730227986028,0.11808908958628292,2122108.130844087,16029.215519759324,2138137.346363846,678,0,323.17525773195877,77,214,51,37.464724973638255,0.5467855097365406,42.481303418803385,16481.196581196415,214.04151404151187,0
680,64,2,0,292,0.00684931506849315,0.0,1.0,292,9650,7200,2450,0.7461139896373057,121,72,49,217.4786288570458,0.4670692992985925,0.8512941095207265,0.1318386568687638,2122129.2365150806,24253.551322949643,2146382.78783803,679,0,322.43835616438355,72,220,50,36.87951367725015,0.5477668378995434,42.48002283105022,16481.27853881275,228.90664637239928,8
681,64,3,0,295,0.010169491525423728,0.0,1.0,295,9100,6500,2600,0.7142857142857143,117,65,52,222.1855543002858,0.4671461239863177,0.8560115038540028,0.13240276711648924,2111775.969756725,25741.222879683668,2137517.1926364084,680,0,320.14915254237286,77,218,48,37.40122686629233,0.5400776836158192,43.108974358974336,16441.02564102553,213.5198135198121,8
682,64,1,2,294,0.0033783783783783786,0.006756756756756757,0.9932432432432432,296,9100,5700,3400,0.6263736263736264,125,57,68,221.2965069737312,0.46706701404794626,0.8544586122172337,0.13273309436217287,2115714.290635235,25340.036454396526,2141054.3270896315,681,0,320.06418918918916,83,213,52,37.17933646812959,0.5420889639639639,42.86954365079365,16456.349206349205,198.26926754637597,0
683,64,2,0,296,0.006756756756756757,0.0,1.0,296,10550,7600,2950,0.7203791469194313,135,76,59,218.5820911326295,0.46700975339746525,0.8489472340779178,0.1284134530228208,2103097.2526580617,22189.879068257324,2125287.131726319,682,0,320.6689189189189,73,223,50,38.03375979207847,0.5351914414414414,43.637387387387385,16407.207207207193,224.7562631124273,8
684,64,2,2,296,0.006711409395973154,0.006711409395973154,0.9932885906040269,298,8750,6300,2450,0.72,112,63,49,195.07640008076254,0.46729129475214487,0.8388820764948806,0.11542361960947875,2107447.2710503396,13872.645399305242,2121319.9164496446,683,0,319.51006711409394,79,219,44,38.36619691511491,0.5361437360178971,43.37239583333332,16424.166666666606,207.90084388185576,7
685,64,0,2,294,0.0,0.006756756756756757,0.9932432432432432,296,8950,6300,2650,0.7039106145251397,116,63,53,190.205384042399,0.4667904928233318,0.8350197280340552,0.10985415339041547,2092619.0345121229,11455.481422762728,2104074.5159348855,684,1,322.6554054054054,86,210,50,39.41282735586976,0.5299479166666667,44.276819923371654,16366.283524904251,190.30562238260757,8
686,64,1,2,293,0.003389830508474576,0.006779661016949152,0.9932203389830508,295,10050,6800,3250,0.6766169154228856,133,68,65,206.9766638203085,0.46677428033360235,0.846150444403819,0.1227859733266729,2109042.0205095327,18254.49625238106,2127296.516761914,685,0,324.5762711864407,78,217,43,37.96171460366372,0.5386299435028248,43.2753164556962,16430.379746835435,210.64589419019788,8
687,64,1,0,294,0.003401360544217687,0.0,1.0,294,9350,6700,2650,0.7165775401069518,120,67,53,187.07549421715143,0.4669104985566468,0.826537707146952,0.10740801510660285,2088952.1550688022,10008.351361095914,2098960.506429898,686,0,326.2142857142857,85,209,53,39.72120824247019,0.5285926870748299,44.500968992248055,16351.937984496095,192.3757409940717,8
688,64,6,2,298,0.02,0.006666666666666667,0.9933333333333333,300,9550,6600,2950,0.6910994764397905,125,66,59,183.26710359618488,0.46777893905611295,0.829084614615901,0.10668420847338114,2097475.380886424,7329.647583871773,2104805.0284702955,687,0,320.67,94,206,55,39.28826359444372,0.5317013888888888,43.98026315789473,16385.263157894715,174.3113101903693,0
689,64,1,3,296,0.0033444816053511705,0.010033444816053512,0.9899665551839465,299,8850,6200,2650,0.7005649717514124,115,62,53,185.78411086183857,0.4679547971238955,0.8318914403137605,0.10875389806583552,2100897.7810842996,9412.685254070999,2110310.4663383705,688,0,321.81270903010034,96,203,54,39.01115884325232,0.5335841694537347,43.771477663230236,16398.625429553227,170.81901489117945,0
690,64,2,1,297,0.006711409395973154,0.003355704697986577,0.9966442953020134,298,9550,7100,2450,0.743455497382199,120,71,49,183.00077983983502,0.46800640634533247,0.828578921341927,0.10767356908831416,2104026.9585503503,7857.71484375012,2111884.6733941003,689,0,323.56375838926175,79,219,53,38.88823651382047,0.5362136465324385,43.58072916666667,16410.833333333358,207.73206751054883,0
691,64,5,2,300,0.016556291390728478,0.006622516556291391,0.9933774834437086,302,8550,6100,2450,0.7134502923976608,110,61,49,199.84023034243026,0.46878758626506206,0.8495615027843935,0.11765789851353227,2104423.81660997,15159.708049886227,2119583.524659856,690,0,320.0794701986755,69,233,54,38.43177575968588,0.53376793598234,43.556547619047606,16412.380952380892,237.86059351276654,8
692,64,0,3,297,0.0,0.01,0.99,300,9550,7100,2450,0.743455497382199,120,71,49,198.7231012247001,0.46854329245633597,0.8480901745559863,0.1175935211983239,2107510.5248076892,14212.205470695824,2121722.730278385,691,1,322.99333333333334,70,230,48,38.268684732067975,0.5354861111111111,43.36854460093897,16424.413145539915,234.63447350771307,0
693,64,2,4,295,0.006688963210702341,0.013377926421404682,0.9866220735785953,299,10100,7300,2800,0.7227722772277227,129,73,56,193.0002270204128,0.46863893814579544,0.8421728835441495,0.11484468954382956,2110897.801154208,11580.750967930368,2122478.5521221384,692,0,324.685618729097,77,222,52,38.20542151968942,0.5380086399108138,43.16239316239316,16437.60683760681,213.47541347541312,0
694,64,1,2,294,0.0033783783783783786,0.006756756756756757,0.9932432432432432,296,9650,6800,2850,0.7046632124352331,125,68,57,192.70771191218628,0.4685250133608185,0.8397920355460524,0.11493699420300749,2112306.1721280417,12561.537857757066,2124867.7099857987,693,0,327.8716216216216,81,215,53,38.125618046971596,0.5397311373873874,43.07672764227644,16443.089430894383,203.00110408511583,0
695,64,6,2,298,0.02,0.006666666666666667,0.9933333333333333,300,9750,6900,2850,0.7076923076923077,126,69,57,189.9554010135283,0.4693069490895578,0.8403783662225217,0.1145722861250467,2119082.8149112663,10756.24517746915,2129839.0600887355,694,0,324.33666666666664,71,229,58,37.77671192443921,0.5431250000000001,42.66493055555556,16469.44444444445,231.96400625978097,0
696,64,1,2,297,0.0033444816053511705,0.006688963210702341,0.9933110367892977,299,9200,5700,3500,0.6195652173913043,127,57,70,202.96332548095617,0.4692192655608179,0.8429403825051622,0.11775707694825921,2095425.610342178,16058.910034602293,2111484.5203767805,695,0,323.98327759197326,84,215,51,38.91167009881392,0.5281842251950948,44.10539215686275,16377.254901960801,194.96732026143812,8
697,64,4,2,299,0.013289036544850499,0.006644518272425249,0.9933554817275747,301,9250,6800,2450,0.7351351351351352,117,68,49,199.01015884262836,0.46966223698781834,0.8423255755220016,0.11635152077450406,2100136.0172495265,14139.680476790483,2114275.6977263168,696,0,322.81063122923587,91,210,55,38.71965143345417,0.5303848283499446,43.817934782608695,16395.652173913037,180.17200191113227,0
698,64,7,1,305,0.02287581699346405,0.0032679738562091504,0.9967320261437909,306,9000,6300,2700,0.7,117,63,54,189.43376858266043,0.470834672666881,0.8349475778179969,0.11189235859969256,2106398.7324801395,9604.610006291103,2116003.3424864304,697,0,316.7843137254902,82,224,62,38.57606108040245,0.5332244008714597,43.43624497991971,16420.080321285284,200.2448819668937,0
699,64,0,6,299,0.0,0.019672131147540985,0.980327868852459,305,9300,6800,2500,0.7311827956989247,118,68,50,189.84158180644656,0.4708054716709807,0.8363539919629506,0.11283519416536299,2110198.460316401,9820.682726399235,2120019.1430428,698,1,318.7672131147541,85,220,48,38.329903856736316,0.5350409836065574,43.204941860465134,16434.88372093034,193.35157318741574,0
700,64,0,3,296,0.0,0.010033444816053512,0.9899665551839465,299,8750,6600,2150,0.7542857142857143,109,66,43,192.5116504854699,0.46995484575729685,0.8363800012401064,0.11487383156041182,2112590.165558519,12789.643914209197,2125379.809472728,699,2,324.45484949832775,88,211,50,38.11305212651273,0.5360576923076923,43.059456928838976,16444.194756554447,186.86584950630052,0
701,64,3,3,296,0.010033444816053512,0.010033444816053512,0.9899665551839465,299,9100,6400,2700,0.7032967032967034,118,64,54,194.28333829992522,0.4695040515364414,0.8397775215080736,0.1165751359611527,2115944.986774063,13318.571137891686,2129263.557911955,700,0,325.41471571906357,91,208,53,37.859636666519876,0.5380783166109253,42.85552536231886,16457.2463768117,180.84886128364508,0
702,64,3,1,298,0.010033444816053512,0.0033444816053511705,0.9966555183946488,299,10000,7000,3000,0.7,130,70,60,192.26837565634307,0.4692220713339768,0.8346502509209062,0.11430770716281888,2110358.5816070805,11351.04330760386,2121709.6249146843,701,0,324.9732441471572,91,208,47,38.257655085754585,0.5396460423634337,43.195199275362334,16435.50724637691,180.6099697404056,8
703,64,3,0,301,0.009966777408637873,0.0,1.0,301,8650,6400,2250,0.7398843930635838,109,64,45,194.8336095494819,0.4696184016242156,0.8388233168120052,0.11670432905424222,2114904.2650126633,13560.886360803164,2128465.1513734665,702,0,323.7574750830565,98,203,53,37.90996466527516,0.542220376522702,42.91877104377107,16453.198653198833,167.8897821754983,0
704,64,3,0,304,0.009868421052631578,0.0,1.0,304,9250,6600,2650,0.7135135135135136,119,66,53,194.50342403558432,0.46958164155231313,0.8411470819655986,0.11711239919779856,2118038.2072855337,12343.136711046487,2130381.34399658,703,0,321.55263157894734,103,201,56,37.724344000622956,0.5443050986842105,42.72836538461542,16465.384615384857,159.8581030619889,0
705,64,0,3,301,0.0,0.009868421052631578,0.9901315789473685,304,10000,7100,2900,0.71,129,71,58,175.49036041052602,0.46930503083203057,0.826476582010083,0.10546957171790221,2116923.857340729,3499.946137273442,2120423.803478002,704,1,322.55263157894734,94,210,61,38.28237128930949,0.5418037280701755,42.79605263157896,16461.052631579016,175.1175811870108,7
706,64,1,3,299,0.0033112582781456954,0.009933774834437087,0.9900662251655629,302,9700,6800,2900,0.7010309278350515,126,68,58,178.88249260517284,0.4688235682383226,0.8298399631018791,0.10800505940378918,2119704.846470257,5735.617304772377,2125440.4637750294,705,0,325.6523178807947,76,226,61,38.023215067893105,0.5436672185430463,42.62716450216448,16471.86147186138,216.7350193665971,0
707,64,1,1,299,0.0033333333333333335,0.0033333333333333335,0.9966666666666667,300,9800,7300,2500,0.7448979591836735,123,73,50,185.33940005598302,0.4686431623931624,0.8319557466264056,0.11270919818530455,2124017.034529712,8932.808577684471,2132949.8431073967,706,0,327.0,78,222,48,37.59052408004501,0.5453472222222222,42.365506329113906,16488.607594936624,211.39240506329006,0
708,64,1,1,299,0.0033333333333333335,0.0033333333333333335,0.9966666666666667,300,9800,7400,2400,0.7551020408163265,122,74,48,178.93425021000573,0.4687869286510591,0.8257551563539598,0.10951525575680389,2127863.1487889127,6349.519415608714,2134212.6682045213,707,0,327.6666666666667,84,216,51,37.51821753318759,0.5473263888888888,42.13235294117645,16503.529411764594,196.47058823529278,0
709,64,0,0,299,0.0,0.0,1.0,299,9750,7200,2550,0.7384615384615385,123,72,51,180.18948249484217,0.4686866362894959,0.8261987142609644,0.11082274516475772,2130774.284122064,7238.623113853622,2138012.907235917,708,1,329.41471571906357,89,210,54,37.306337370112885,0.5487736900780379,41.95601851851849,16514.814814814647,185.5597170203893,0
710,64,0,1,298,0.0,0.0033444816053511705,0.9966555183946488,299,9950,7400,2550,0.7437185929648241,125,74,51,174.2800529831443,0.46874929855671027,0.8251483003484843,0.10644919917712645,2126642.5188706587,4376.274172996895,2131018.793043656,709,2,330.41471571906357,82,217,51,37.71349577268232,0.5457427536231885,42.206325301204814,16498.795180722853,201.20481927710796,8
711,64,1,0,299,0.0033444816053511705,0.0,1.0,299,8550,6500,2050,0.7602339181286549,106,65,41,171.97166212769136,0.4686543698981691,0.8230715208305714,0.10550693865671815,2129297.5206611436,4885.76675849335,2134183.2874196367,710,0,329.7759197324415,87,212,54,37.60936735193345,0.5473453177257526,42.045454545454525,16509.090909090803,189.75966562173338,0
712,64,2,0,301,0.006644518272425249,0.0,1.0,301,9800,7400,2400,0.7551020408163265,122,74,48,168.6623392145264,0.4687472314507198,0.8216634411560371,0.1042126214396262,2133519.0042843623,1968.8612042490545,2135487.865488611,711,0,328.578073089701,92,209,59,37.434842175277254,0.5495916389811739,41.78987455197131,16525.448028673738,179.62443509427976,0
713,64,1,2,300,0.0033112582781456954,0.006622516556291391,0.9933774834437086,302,9550,6700,2850,0.7015706806282722,124,67,57,167.14974697255815,0.468806379397593,0.8207827693320089,0.10354264990453414,2135038.9201388774,1424.2430555549981,2136463.1631944324,712,0,328.4867549668874,99,203,60,37.38040387950154,0.5512210264900662,41.69791666666665,16531.33333333324,166.98316498316404,0
714,64,1,3,298,0.0033222591362126247,0.009966777408637873,0.9900332225913622,301,9200,7100,2100,0.7717391304347826,113,71,42,180.56869373738544,0.4688838132152086,0.8271569833212808,0.11229764618778237,2137379.4742406644,7788.7639369467415,2145168.238177611,713,0,330.43189368770766,84,217,54,36.88968972766216,0.5537098560354374,41.55637254901959,16540.39215686265,196.90943043884107,8
715,64,0,1,297,0.0,0.003355704697986577,0.9966442953020134,298,8850,5200,3650,0.5875706214689266,125,52,73,182.0347993316753,0.46806360585723,0.8267527254929778,0.1141398922487591,2142214.779183876,9541.527490816794,2151756.306674693,714,1,334.5738255033557,87,211,43,36.55431268490559,0.5554739932885906,41.26420454545453,16559.09090909084,190.33437826541194,0
716,64,0,2,295,0.0,0.006734006734006734,0.9932659932659933,297,8600,5800,2800,0.6744186046511628,114,58,56,180.40631550087653,0.46777554069220734,0.8247953960240815,0.11378633302551094,2145676.21363683,9418.707992018017,2155094.921628848,715,2,336.6868686868687,91,206,47,36.3837268619735,0.5570987654320987,41.05525362318839,16572.463768115857,182.1149864628116,0
717,64,0,1,294,0.0,0.003389830508474576,0.9966101694915255,295,8000,5200,2800,0.65,108,52,56,179.82078367742304,0.46713171144163884,0.8239345288672251,0.11385788522582371,2147951.96533202,10249.281141492502,2158201.2464735126,716,5,339.9220338983051,95,200,51,36.25913536038866,0.5586864406779661,40.917968749999986,16581.249999999913,174.5394736842096,0
718,64,1,3,292,0.003389830508474576,0.010169491525423728,0.9898305084745763,295,8850,6300,2550,0.711864406779661,114,63,51,182.22389782331638,0.4669448287789692,0.8262717595711107,0.11593424752175845,2150758.5347024663,10533.92069404911,2161292.4553965153,717,0,340.3593220338983,100,195,53,36.02458527270556,0.5604166666666667,40.74876237623761,16592.079207920684,165.92079207920685,0
719,64,1,1,292,0.0034129692832764505,0.0034129692832764505,0.9965870307167235,293,9500,7000,2500,0.7368421052631579,120,70,50,184.20811374669523,0.4664464405379712,0.8281463315866204,0.11795516061780555,2154520.6576317875,11276.037274127757,2165796.6949059153,718,0,343.0546075085324,80,213,54,35.742326246055725,0.5628910693970421,40.52211934156377,16606.58436213984,207.58230452674803,0
720,64,0,1,291,0.0,0.003424657534246575,0.9965753424657534,292,9100,6300,2800,0.6923076923076923,119,63,56,187.197727536066,0.4660704408511039,0.8282070500851768,0.12051486134889439,2157640.785559763,13281.090379184096,2170921.8759389473,719,1,345.17123287671234,85,207,53,35.473419473209574,0.5646760844748858,40.3343023255814,16618.6046511628,195.51299589603295,0
721,64,1,2,290,0.003424657534246575,0.00684931506849315,0.9931506849315068,292,10050,7100,2950,0.7064676616915423,130,71,59,187.2522036221324,0.4658617936889014,0.8293975267458837,0.12145142926519725,2161953.7376032975,12516.120299065355,2174469.857902363,720,0,343.722602739726,88,204,50,35.20775171109513,0.5666381278538812,40.07490636704123,16635.205992509527,189.0364317330628,0
722,64,0,2,288,0.0,0.006896551724137931,0.993103448275862,290,9400,7200,2200,0.7659574468085106,116,72,44,188.7624306378464,0.46538151771864933,0.8296955301684719,0.12284802336240987,2163916.001266817,14293.20881905131,2178209.2100858684,721,3,346.9758620689655,91,199,52,35.04833928390008,0.5678879310344828,39.95697463768118,16642.753623188513,182.88740245262102,0
723,64,0,1,287,0.0,0.003472222222222222,0.9965277777777778,288,8950,6300,2650,0.7039106145251397,116,63,53,197.5281633855396,0.46476259033423667,0.8382410329498775,0.12494006110342384,2147343.93081595,18282.1805622328,2165626.1113781827,722,4,350.0798611111111,78,210,52,35.837765957446805,0.5577980324074074,40.954641350211,16578.90295358665,212.55003786649553,8
724,64,1,3,285,0.003472222222222222,0.010416666666666666,0.9895833333333334,288,9400,7100,2300,0.7553191489361702,117,71,46,210.6957130830296,0.46483543239450253,0.8469855821312893,0.13013632281523935,2133300.8599851765,22895.469183042507,2156196.329168219,723,0,350.75,83,205,52,36.362976882314285,0.5499493634259259,41.80307539682536,16524.603174603006,199.0916045132892,8
725,64,1,1,285,0.0034965034965034965,0.0034965034965034965,0.9965034965034965,286,7800,5300,2500,0.6794871794871795,103,53,50,189.36718721320028,0.4646173271173271,0.8278631769143989,0.1153149100935978,2124830.493079567,15474.634755862404,2140305.1278354293,724,0,352.43706293706293,84,202,48,37.436490385377546,0.5495337995337995,42.31617647058821,16491.764705882215,196.3305322128835,8
726,64,1,0,286,0.0034965034965034965,0.0,1.0,286,8500,6100,2400,0.7176470588235294,109,61,48,199.06214701939695,0.4646329182513393,0.835069912988819,0.11866051687498712,2111966.4400574192,18382.514798148564,2130348.954855568,725,0,353.2762237762238,82,204,47,37.983431037290345,0.5412660256410257,43.09738955823293,16441.767068273097,200.50935449113533,8
727,64,1,3,284,0.003484320557491289,0.010452961672473868,0.9895470383275261,287,8200,5700,2500,0.6951219512195121,107,57,50,203.05668128093717,0.46451668250448735,0.8376622848167561,0.12167740978556935,2115140.5276816627,20298.68319876968,2135439.2108804323,726,0,353.0418118466899,84,203,49,37.683914072802956,0.5430458768873403,42.904411764705884,16454.117647058836,195.88235294117663,0
728,64,0,1,283,0.0,0.0035211267605633804,0.9964788732394366,284,9300,6500,2800,0.6989247311827957,121,65,56,206.76068417121763,0.4641974713415949,0.84011590009978,0.1243663301578058,2117425.700063073,21460.077285352563,2138885.7773484257,727,1,357.39084507042253,90,194,46,37.446971045449175,0.544931044600939,42.76556776556778,16463.003663003743,182.9222629222638,0
729,64,1,0,284,0.0035211267605633804,0.0,1.0,284,8200,6300,1900,0.7682926829268293,101,63,38,205.40028031269154,0.4644597932115662,0.8378252456184798,0.12409838662903158,2120105.401778537,22094.04876355168,2142199.4505420886,728,0,358.2288732394366,78,206,47,37.315903386097006,0.5465448943661972,42.602848101265785,16473.4177215188,211.19766309639485,0
730,64,3,1,286,0.010452961672473868,0.003484320557491289,0.9965156794425087,287,8950,6800,2150,0.7597765363128491,111,68,43,200.52871208785868,0.4647324220494952,0.8356167889863662,0.12203191921026134,2124438.6247025426,18852.18826425985,2143290.8129668026,729,0,355.47386759581883,81,206,42,37.17311500599842,0.5486716027874565,42.33993902439022,16490.243902438902,203.58325805480126,0
731,64,2,1,287,0.006944444444444444,0.003472222222222222,0.9965277777777778,288,8750,6400,2350,0.7314285714285714,111,64,47,201.71677180088906,0.464726043279778,0.8377142793035368,0.12362641756905882,2128672.2222222053,19527.777777777002,2148199.9999999823,730,0,355.21180555555554,84,204,47,36.880721593968744,0.5502387152777778,42.08333333333331,16506.666666666533,196.50793650793491,0
732,64,0,1,286,0.0,0.003484320557491289,0.9965156794425087,287,9050,6800,2250,0.7513812154696132,113,68,45,199.50381529311414,0.4645182053718639,0.8371717430262298,0.12150934501043739,2124937.784721146,18336.639062472626,2143274.4237836185,731,1,357.4425087108014,80,207,47,37.16865039757792,0.5458042973286876,42.309670781892976,16492.181069958708,206.15226337448385,8
733,64,3,2,287,0.010380622837370242,0.006920415224913495,0.9930795847750865,289,8900,6100,2800,0.6853932584269663,117,61,56,201.59168538602432,0.46476114955786235,0.8408194713776866,0.12370236694395446,2129409.1907596253,19154.23752834413,2148563.4282879694,732,0,355.8546712802768,83,206,51,36.83840496106143,0.547974336793541,42.03869047619046,16509.52380952372,198.9099254159484,0
734,64,2,1,288,0.006920415224913495,0.0034602076124567475,0.9965397923875432,289,9250,6600,2650,0.7135135135135136,119,66,53,199.1946379470961,0.46483824330385753,0.8386864755341403,0.12292600982871389,2132785.0626091687,17917.869673081084,2150702.93228225,733,0,356.5882352941176,86,203,56,36.69176869801809,0.5497404844290658,41.834291187739446,16522.60536398458,192.12331818586722,0
735,64,2,1,289,0.006896551724137931,0.0034482758620689655,0.996551724137931,290,8850,6500,2350,0.7344632768361582,112,65,47,200.2893921007923,0.46487814699916474,0.8405264940929493,0.12423021858058744,2135798.1289537074,18705.541779630268,2154503.6707333378,734,0,355.8551724137931,70,220,56,36.47755882408619,0.5516882183908046,41.65199530516435,16534.272300469613,236.20389000670875,0
736,64,0,0,289,0.0,0.0,1.0,289,7800,5400,2400,0.6923076923076923,102,54,48,202.85708516462836,0.4647891836473151,0.8406512495873419,0.1261726485749235,2137443.3393799276,21119.105106232928,2158562.4444861608,735,1,357.1833910034602,72,217,52,36.30972099528857,0.5530925605536332,41.55251141552514,16540.63926940651,229.73110096397932,0
737,64,0,5,284,0.0,0.01730103806228374,0.9826989619377162,289,8600,6000,2600,0.6976744186046512,112,60,52,200.19457392090416,0.46470057590029473,0.8379550508674041,0.12109039226461425,2120787.7276006197,18514.03910073749,2139301.766701357,736,2,358.1833910034602,77,212,49,37.40765117324619,0.5487312572087659,42.56143162393161,16476.06837606831,213.9749139749131,8
738,64,4,2,286,0.013888888888888888,0.006944444444444444,0.9930555555555556,288,9650,6800,2850,0.7046632124352331,125,68,57,196.72311016185844,0.464885085978836,0.8337467238319314,0.12035877558084551,2127644.6323453737,16461.373878832626,2144106.006224206,737,0,357.71875,86,202,48,37.07300179544328,0.5517939814814814,42.14559386973178,16502.68199233707,191.8916510736869,0
739,64,0,2,284,0.0,0.006993006993006993,0.993006993006993,286,8950,6200,2750,0.6927374301675978,117,62,55,197.0296115018789,0.46431087187666137,0.8335749042343941,0.12098595152553301,2129818.672839489,17777.469135801693,2147596.1419752906,738,1,359.1993006993007,86,200,49,36.930798564378634,0.5537223193473193,42.013888888888864,16511.111111110975,191.98966408268575,0
740,64,0,1,283,0.0,0.0035211267605633804,0.9964788732394366,284,9300,7500,1800,0.8064516129032258,111,75,36,198.69128425563468,0.46403028003118835,0.8345833524907158,0.1225485169335082,2132460.5479106037,18640.264977765873,2151100.8128883694,739,2,362.5845070422535,88,196,53,36.72479521823237,0.5551643192488263,41.85393258426964,16521.348314606632,187.74259448416626,0
741,64,1,0,284,0.0035211267605633804,0.0,1.0,284,8550,5500,3050,0.6432748538011696,116,55,61,196.83355289585162,0.46422572537699697,0.8331011623694122,0.12196225247555154,2135192.9978454895,18705.52477685434,2153898.522622344,740,0,363.0598591549296,94,190,51,36.604161360613524,0.5571449530516432,41.68859649122807,16531.92982456139,175.87159387831267,0
742,64,1,0,285,0.0035087719298245615,0.0,1.0,285,7850,5600,2250,0.7133757961783439,101,56,45,194.35226723384463,0.4641555473190017,0.8316098733360728,0.12115743378109811,2138785.9429253414,18285.579427082845,2157071.5223524245,741,0,362.78245614035086,79,206,52,36.44679132040628,0.5586622807017544,41.47135416666666,16545.833333333285,209.44092827004158,0
743,64,2,0,287,0.006968641114982578,0.0,1.0,287,8650,6000,2650,0.6936416184971098,113,60,53,192.81455537403872,0.4641973879778758,0.8307957679671036,0.12072580848632088,2141369.4133965564,16527.43826712444,2157896.8516636807,742,0,361.2473867595819,82,205,40,36.32744275179504,0.5603585946573751,41.3152610441767,16555.823293172674,201.9002840630814,0
744,64,1,3,285,0.003472222222222222,0.010416666666666666,0.9895833333333334,288,8650,6700,1950,0.7745664739884393,106,67,39,200.63606937950678,0.4641939685765905,0.8388588621863273,0.12308507627855733,2129259.390078647,19191.246942956783,2148450.637021604,743,0,360.9895833333333,81,207,49,36.87231196034012,0.5489728009259259,42.04776422764226,16508.943089430817,203.81411221519528,8
745,64,0,1,284,0.0,0.0035087719298245615,0.9964912280701754,285,8950,6200,2750,0.6927374301675978,117,62,55,202.37738251464563,0.4639532369656536,0.8387054132207028,0.12452611857273033,2131047.355284687,20305.157155453766,2151352.512440141,744,1,364.2736842105263,83,202,51,36.716922953708135,0.5504020467836257,41.9394841269841,16515.873015872865,198.98642187798632,0
746,64,3,1,286,0.010452961672473868,0.003484320557491289,0.9965156794425087,287,8300,5900,2400,0.7108433734939759,107,59,48,204.80858337022133,0.464280130438667,0.8421739350972135,0.1271864151249015,2136512.452846374,21815.21776406096,2158327.670610435,745,0,361.98954703832754,71,216,52,36.3167226577081,0.5529907084785133,41.60879629629631,16537.037037037106,232.9160146061564,0
747,64,0,3,283,0.0,0.01048951048951049,0.9895104895104895,286,8200,6000,2200,0.7317073170731707,104,60,44,203.32463983341594,0.4639410297305034,0.8406594509426106,0.12671594426769928,2138623.6277913437,21566.97577198222,2160190.603563326,746,1,364.24475524475525,72,214,54,36.22483946937504,0.5541229603729604,41.48116438356167,16545.20547945216,229.7945205479467,0
748,64,0,0,283,0.0,0.0,1.0,283,10000,7800,2200,0.78,122,78,44,204.75408907482708,0.46378039662849074,0.840136250016587,0.12800091454820772,2140445.7392358743,21053.00351026795,2161498.742746142,747,2,366.8056537102473,73,210,55,36.07552522723561,0.5562058303886925,41.37105855855859,16552.252252252387,226.74318153770392,0
749,64,1,2,282,0.0035211267605633804,0.007042253521126761,0.9929577464788732,284,8650,5800,2850,0.6705202312138728,115,58,57,200.07650030392793,0.46377573450123594,0.8378449344133463,0.12599412046166367,2144750.617283969,20372.83950617389,2165123.456790143,748,0,366.51056338028167,74,210,51,35.93135282546497,0.5579518779342723,41.11111111111114,16568.888888889036,223.9039039039059,0
750,64,0,1,281,0.0,0.0035460992907801418,0.9964539007092199,282,8500,6300,2200,0.7411764705882353,107,63,44,202.42811548916873,0.46308486450787884,0.8379992053579461,0.12831469208874116,2148602.4876269437,22087.51050113306,2170689.998128077,749,1,370.031914893617,77,205,54,35.63339646790013,0.5594341016548463,40.87873931623934,16583.760683760815,215.37351537351708,0
751,64,3,1,283,0.01056338028169014,0.0035211267605633804,0.9964788732394366,284,9850,6800,3050,0.6903553299492385,129,68,61,195.5074868183864,0.4635649956867234,0.83756286234608,0.12100793787657883,2134542.6038062377,16813.811995386786,2151356.4158016243,750,0,367.7077464788732,84,200,52,36.67852906287069,0.5494791666666667,41.7279411764706,16529.411764705957,196.77871148459474,8
752,64,0,2,281,0.0,0.007067137809187279,0.9929328621908127,283,7300,4600,2700,0.6301369863013698,100,46,54,172.63520773887214,0.46348332205598575,0.8113130640190738,0.10529876036035613,2125814.346744391,9498.08027289794,2135312.427017289,751,1,369.8480565371025,82,201,53,37.80696628848745,0.5489178445229682,42.256526104417645,16495.58232931714,201.16563816240418,7
753,64,1,0,282,0.0035460992907801418,0.0,1.0,282,9200,6900,2300,0.75,115,69,46,172.29102164966562,0.46366878254797544,0.8115067781685008,0.10577212748824782,2129688.3788165646,7785.237316344972,2137473.6161329094,752,0,371.48936170212767,87,195,54,37.577047199535095,0.5511229314420804,42.02178030303029,16510.60606060598,189.77708115639058,0
754,64,0,0,282,0.0,0.0,1.0,282,8350,6000,2350,0.718562874251497,107,60,47,172.03550345915477,0.4634208605705728,0.8122239533339439,0.10607333041072556,2132267.184453418,8615.131717375527,2140882.3161707935,753,1,372.48936170212767,88,194,56,37.42480918914835,0.5526374113475176,41.865636704119844,16520.5992509363,187.7340823970034,0
755,64,1,1,282,0.0035335689045936395,0.0035335689045936395,0.9964664310954063,283,9050,6600,2450,0.7292817679558011,115,66,49,169.4188636700539,0.4632661286954198,0.8098938676512142,0.10490579692236801,2134798.6018865076,6685.0306592062225,2141483.632545714,754,0,372.1696113074205,90,193,55,37.33657596170894,0.5542181978798586,41.712454212454205,16530.40293040288,183.6711436711431,0
756,64,1,2,281,0.0035335689045936395,0.007067137809187279,0.9929328621908127,283,9000,6600,2400,0.7333333333333333,114,66,48,197.33342272670924,0.463397697750378,0.8316330041618063,0.11669114979290482,2107092.6634353525,17559.961455607394,2124652.62489096,755,0,372.85159010600705,78,205,49,38.33029306476198,0.5413722025912839,43.39398734177216,16422.784810126628,210.54852320675164,8
757,64,2,0,283,0.007067137809187279,0.0,1.0,283,9350,6900,2450,0.7379679144385026,118,69,49,191.7576772877701,0.4634013524463491,0.8266990201568671,0.11403479658063465,2110522.254681375,14991.769084369645,2125514.0237657446,756,0,373.36395759717317,82,201,54,38.26062079525649,0.5434702591283863,43.18524096385542,16436.144578313244,200.4407875404054,0
758,64,0,2,281,0.0,0.007067137809187279,0.9929328621908127,283,8200,5500,2700,0.6707317073170732,109,55,54,195.02317433567458,0.46315387731916563,0.8312410439240536,0.11828774502254812,2122443.798828116,17985.145399305053,2140428.944227421,757,1,374.36395759717317,79,204,51,37.43832895158165,0.5488810365135454,42.460937499999986,16482.49999999993,208.63924050632824,8
759,64,3,3,281,0.01056338028169014,0.01056338028169014,0.9894366197183099,284,9000,7000,2000,0.7777777777777778,110,70,40,194.06128262836808,0.46358676943877636,0.8300153803187513,0.11847424603835058,2126353.603299066,16728.581515533217,2143082.1848145993,758,0,373.3169014084507,85,199,46,37.221399931084164,0.5513130868544601,42.2238372093023,16497.674418604536,194.0902872777004,0
760,64,3,1,283,0.01056338028169014,0.0035211267605633804,0.9964788732394366,284,8900,6500,2400,0.7303370786516854,113,65,48,199.15872519680255,0.46353907455332705,0.8349902644931149,0.12258776190685108,2131252.1701388755,19191.49305555479,2150443.66319443,759,0,374.2992957746479,87,197,50,36.787336024217964,0.5531470070422535,41.927083333333314,16516.666666666562,189.84674329501794,0
761,64,1,1,283,0.0035211267605633804,0.0035211267605633804,0.9964788732394366,284,8350,5100,3250,0.6107784431137725,116,51,65,197.4342945649815,0.46326145921465184,0.8340791297344932,0.12225149049700604,2134790.19204388,19146.159122084297,2153936.3511659643,760,0,375.26408450704224,89,195,47,36.61349106769429,0.5550176056338028,41.71296296296294,16530.370370370245,185.7344985434859,0
762,64,0,0,283,0.0,0.0,1.0,283,7000,4300,2700,0.6142857142857143,97,43,54,197.8592701212481,0.46318415908578303,0.8329947722824687,0.12281347056488792,2136235.434220144,20934.796764388975,2157170.230984533,761,1,377.5547703180212,75,208,53,36.51337020140399,0.5560585983510011,41.625548245614034,16535.964912280695,220.4795321637426,0
763,64,1,1,283,0.0035211267605633804,0.0035211267605633804,0.9964788732394366,284,7950,5400,2550,0.6792452830188679,105,54,51,197.80789131043625,0.4632155788085403,0.8325060510949429,0.1234568029470928,2139481.4087842065,19891.261193897182,2159372.6699781036,762,0,377.2218309859155,78,206,53,36.31459289478158,0.5578418427230047,41.42932489451477,16548.523206751066,212.16055393270597,0
764,64,0,0,283,0.0,0.0,1.0,283,8900,6300,2600,0.7078651685393258,115,63,52,192.64985894951198,0.46290953478852886,0.8267567547651073,0.12092077448036555,2142824.1127159353,17062.952613667974,2159887.0653296034,763,1,378.69611307420496,82,201,46,36.24215933524099,0.5598498233215548,41.227409638554235,16561.44578313262,201.96885101381247,0
765,64,1,2,282,0.0035211267605633804,0.007042253521126761,0.9929577464788732,284,9050,6000,3050,0.6629834254143646,121,60,61,222.6303438424659,0.4629975820766768,0.8528880352824018,0.13605187679261746,2126953.124999991,28854.861111110666,2155807.9861111017,764,0,378.35915492957747,79,205,43,36.447811447811446,0.5515698356807512,42.187499999999986,16499.99999999993,208.86075949367,8
766,64,5,1,286,0.017421602787456445,0.003484320557491289,0.9965156794425087,287,8850,6200,2650,0.7005649717514124,115,62,53,208.91416699245173,0.46377555371457807,0.844495192182398,0.1248004693740147,2113266.1377629717,22048.246960821234,2135314.384723793,765,0,375.2926829268293,83,204,48,37.64964250671558,0.5377105110336817,43.01835317460317,16446.825396825367,198.15452285331767,7
767,64,2,0,288,0.006944444444444444,0.0,1.0,288,9050,6800,2250,0.7513812154696132,113,68,45,206.7489534549016,0.46399762267711964,0.8428617007246049,0.12430976118308537,2117185.27051129,20895.16778966827,2138080.4383009584,766,0,374.43055555555554,86,202,51,37.46217939766327,0.5396773726851851,42.780172413793096,16462.068965517192,191.4194065757813,0
768,64,1,2,287,0.0034602076124567475,0.006920415224913495,0.9930795847750865,289,9450,6900,2550,0.7301587301587301,120,69,51,201.35594717619836,0.46413038254517497,0.8383928478091076,0.12181246203844658,2120884.54320987,18160.543209876083,2139045.086419746,767,0,374.13148788927333,74,215,52,37.37175855991943,0.541774798154556,42.55555555555554,16476.44444444439,222.65465465465394,0
769,64,1,1,287,0.003472222222222222,0.003472222222222222,0.9965277777777778,288,8200,5300,2900,0.6463414634146342,111,53,58,198.37839015990957,0.4640636594237966,0.8352613057801757,0.12065308647430523,2124089.506172831,18474.691358024327,2142564.1975308554,768,0,375.61805555555554,77,211,46,37.250112309074595,0.5436559606481481,42.3611111111111,16488.88888888882,214.14141414141326,0
770,64,0,1,286,0.0,0.003484320557491289,0.9965156794425087,287,8450,6000,2450,0.7100591715976331,109,60,49,197.90948280634734,0.46390195170682974,0.8348402488830562,0.12085786368291357,2126523.459201384,18321.831597222008,2144845.290798606,769,2,377.9268292682927,79,208,49,37.11170320234367,0.5452235772357723,42.21354166666666,16498.333333333292,208.83966244725687,0
771,64,0,2,284,0.0,0.006993006993006993,0.993006993006993,286,9800,7000,2800,0.7142857142857143,126,70,56,228.11512767319866,0.4636652455731403,0.8527794290288959,0.13519430731214074,2108449.1381963594,29193.828870421297,2137642.9670667807,770,3,380.23776223776224,75,211,46,37.455948312686886,0.5346372377622377,43.31140350877192,16428.07017543853,219.04093567251374,8
772,64,1,0,285,0.0035087719298245615,0.0,1.0,285,9650,7000,2650,0.7253886010362695,123,70,53,224.9894959847034,0.4639671361502347,0.8510270235226738,0.13414000427680423,2112076.1452046507,28388.989478181906,2140465.1346828328,771,0,380.52982456140353,78,207,50,37.310528296722104,0.5365862573099416,43.09071729957806,16442.194092827005,210.79736016444878,0
773,64,1,1,285,0.0034965034965034965,0.0034965034965034965,0.9965034965034965,286,8400,6100,2300,0.7261904761904762,107,61,46,228.3572907085516,0.4640256308019466,0.854125639148122,0.13676432352971243,2114813.4842438484,30986.615523168002,2145800.0997670162,772,0,380.1958041958042,81,205,51,37.053777322066864,0.5382794289044289,42.9242886178862,16452.84552845538,203.121549734017,0
774,64,1,0,286,0.0034965034965034965,0.0,1.0,286,9250,6900,2350,0.745945945945946,116,69,47,230.9471296928431,0.4640547683310841,0.8559496514282972,0.13903741011630089,2117959.6757684583,31377.341584782072,2149337.0173532404,773,0,380.9230769230769,83,203,51,36.79163051511938,0.5403190559440559,42.733134920634924,16465.07936507939,198.37445018167938,0
775,64,1,0,287,0.003484320557491289,0.0,1.0,287,7600,5700,1900,0.75,95,57,38,231.15934784971225,0.4640887567716836,0.8550857329199739,0.13983541535584004,2120854.6946836505,33051.07762141428,2153905.772305065,774,0,380.5923344947735,68,219,48,36.606340037920965,0.5418118466898955,42.55736714975844,16476.32850241541,242.29894856493252,0
776,64,0,2,285,0.0,0.006968641114982578,0.9930313588850174,287,9650,7700,1950,0.7979274611398963,116,77,39,227.55357069992309,0.4639628664018908,0.8524452268976448,0.1380816776231295,2122718.878804903,29556.452092838197,2152275.330897741,775,1,381.5923344947735,70,217,51,36.583475742903225,0.5435177119628339,42.444248826291066,16483.56807511731,235.47954393024727,0
777,64,0,1,284,0.0,0.0035087719298245615,0.9964912280701754,285,8600,5800,2800,0.6744186046511628,114,58,56,235.4972289346571,0.46386417922741124,0.8576053955064555,0.1373549768652542,2098668.4290682687,33246.119899645695,2131914.5489679147,776,2,383.63859649122804,85,200,48,37.876552917435234,0.53125,43.907461240310084,16389.922480620186,192.822617419061,8
778,64,1,2,283,0.0035087719298245615,0.007017543859649123,0.9929824561403509,285,8600,6200,2400,0.7209302325581395,110,62,48,235.41687808387667,0.46388116711967714,0.8583486688749848,0.13805677487631687,2102003.7440527566,33369.43182910339,2135373.17588186,777,0,384.6,67,218,47,37.6704047377124,0.5331505847953216,43.70404411764704,16402.941176470496,244.82001755926115,0
779,64,1,1,283,0.0035211267605633804,0.0035211267605633804,0.9964788732394366,284,8900,6100,2800,0.6853932584269663,117,61,56,233.82999856028508,0.4636279840408766,0.8572649874771734,0.13797137119708458,2105760.5198152307,32777.99586333958,2138538.51567857,778,0,386.556338028169,71,213,48,37.476794409038774,0.5352846244131455,43.47511574074072,16417.59259259249,231.23369848721816,0
780,64,4,0,287,0.013937282229965157,0.0,1.0,287,7900,5700,2200,0.7215189873417721,101,57,44,217.45872135240944,0.46434256800110457,0.8458478743984077,0.1261661429413294,2095420.7151827728,25833.50188379982,2121254.2170665725,779,0,383.3205574912892,81,206,49,38.5410461344983,0.5306329849012776,44.10569105691059,16377.235772357813,202.18809595503473,8
781,64,2,1,288,0.006920415224913495,0.0034602076124567475,0.9965397923875432,289,9400,6900,2500,0.7340425531914894,119,69,50,218.86030535870245,0.4649298547033192,0.8473761704807528,0.12774427912183073,2099115.1258680657,24682.595486111633,2123797.721354177,780,0,381.66089965397924,87,202,53,38.274762752075965,0.5326196655132641,43.88020833333335,16391.666666666748,188.4099616858247,0
782,64,4,1,291,0.0136986301369863,0.003424657534246575,0.9965753424657534,292,8850,6100,2750,0.6892655367231638,116,61,55,248.33725302131197,0.4658593419008614,0.8675287622842087,0.1461035068433312,2103974.3124110186,37249.04023431093,2141223.3526453297,781,0,378.4417808219178,68,224,49,37.21617113139046,0.535031392694064,43.58393719806762,16410.628019323623,241.33276499005328,8
783,64,3,4,290,0.01020408163265306,0.013605442176870748,0.9863945578231292,294,8800,6200,2600,0.7045454545454546,114,62,52,240.87852262154232,0.4659951011121172,0.864094679465037,0.1428114545798945,2108674.309643353,33986.87047937828,2142661.1801227313,782,0,376.8537414965986,75,219,42,37.11429022727679,0.5371315192743764,43.297697368421055,16428.94736842106,219.05263157894748,0
784,64,2,4,288,0.00684931506849315,0.0136986301369863,0.9863013698630136,292,8500,5500,3000,0.6470588235294118,115,55,60,251.2680593118985,0.4654785792182523,0.8692888406624142,0.1502367181628077,2113810.909932527,39326.63301821296,2153137.54295074,783,0,380.40410958904107,78,214,46,36.52727187222108,0.538777111872146,42.98523206751055,16448.94514767934,210.88391214973512,0
785,64,2,2,288,0.006896551724137931,0.006896551724137931,0.993103448275862,290,8900,5900,3000,0.6629213483146067,119,59,60,254.55260699241157,0.4652393310265283,0.8724975568895723,0.15335242421250123,2118368.0555555495,40947.222222221855,2159315.2777777715,784,0,382.6655172413793,61,229,45,36.1589068825911,0.5413074712643677,42.70833333333332,16466.666666666617,269.945355191256,0
786,64,2,1,289,0.006896551724137931,0.0034482758620689655,0.996551724137931,290,9050,6400,2650,0.7071823204419889,117,64,53,245.67534382923748,0.46535094260828064,0.8673203829352176,0.14941893862401126,2124089.5061728335,37317.28395061692,2161406.7901234506,785,0,380.9206896551724,65,225,41,36.03155884995507,0.5435704022988506,42.3611111111111,16488.88888888884,253.67521367521292,0
787,64,2,1,290,0.006872852233676976,0.003436426116838488,0.9965635738831615,291,8200,5900,2300,0.7195121951219512,105,59,46,242.26868206906494,0.4650551013153217,0.8660527542670764,0.14829650270486816,2127935.3812358226,36706.420068026935,2164641.8013038496,786,0,380.6048109965636,69,222,46,35.88054465539462,0.5453178694158076,42.12797619047618,16503.809523809487,239.18564527260125,0
788,64,4,1,293,0.013605442176870748,0.003401360544217687,0.9965986394557823,294,9100,5900,3200,0.6483516483516484,123,59,64,212.75192981946356,0.4656959342326237,0.8545231577957406,0.12513212648297375,2103800.5247394815,21617.524318704687,2125418.0490581864,787,0,377.67687074829934,66,228,50,38.13945145120868,0.5345450680272108,43.59452736318407,16409.950248756177,248.63560982963904,8
789,64,2,2,293,0.006779661016949152,0.006779661016949152,0.9932203389830508,295,9650,6800,2850,0.7046632124352331,125,68,57,196.32233226393174,0.4662727237787771,0.8369665811130449,0.11535965143773184,2103221.616124261,13931.874589086181,2117153.490713347,788,0,377.3762711864407,77,218,52,38.5966882846278,0.5308615819209039,43.62980769230769,16407.692307692312,213.08691308691314,8
790,64,2,3,292,0.006779661016949152,0.010169491525423728,0.9898305084745763,295,8400,5600,2800,0.6666666666666666,112,56,56,188.01901724256098,0.46597102117683237,0.8283151511974494,0.11119398467563082,2107151.9559791535,11836.927988788337,2118988.8839679416,789,0,375.928813559322,83,212,44,38.56562807068413,0.5329802259887005,43.39037698412699,16423.015873015895,197.86766112067343,0
791,64,1,1,292,0.0034129692832764505,0.0034129692832764505,0.9965870307167235,293,8950,6500,2450,0.7262569832402235,114,65,49,220.9199656744653,0.46590585893060293,0.8555381188064486,0.12770652290847379,2093165.6855955739,24934.41828254875,2118100.1038781228,790,0,379.4266211604096,75,218,43,38.593247588424454,0.5236063708759955,44.24342105263159,16368.421052631626,218.24561403508835,8
792,64,3,1,294,0.010169491525423728,0.003389830508474576,0.9966101694915255,295,9550,7300,2250,0.7643979057591623,118,73,45,213.1900046263064,0.4668943848725931,0.8508856325303993,0.1242344875181402,2098126.161882815,20909.90523167463,2119036.0671144896,791,0,377.6474576271186,81,214,48,38.48161722147806,0.5262711864406779,43.940548780487816,16387.804878048835,202.31857874134366,0
793,64,2,0,296,0.006756756756756757,0.0,1.0,296,9450,7200,2250,0.7619047619047619,117,72,45,207.33772903517726,0.4675277236982745,0.8479469982916084,0.12166976177897312,2102404.437799282,18531.55232935621,2120935.990128638,792,0,377.3581081081081,73,223,48,38.365128507880726,0.5283291103603603,43.67961711711711,16404.504504504475,224.71923978773253,0
794,64,0,1,295,0.0,0.0033783783783783786,0.9966216216216216,296,9250,6600,2650,0.7135135135135136,119,66,53,191.05966874252292,0.467746984272408,0.8377590548615352,0.11066246234578508,2094377.9223121959,11580.23041172505,2105958.152723921,793,1,378.3581081081081,76,220,55,39.281480796009454,0.5247747747747749,44.16937229437233,16373.160173160333,215.43631806789912,8
795,64,5,0,300,0.016666666666666666,0.0,1.0,300,8450,6200,2250,0.7337278106508875,107,62,45,194.56216259893102,0.46874001300631735,0.8445056559424107,0.11176241694607027,2089262.6410194144,12848.291534778982,2102110.9325541933,794,0,373.7266666666667,73,227,53,39.51056816512413,0.5219791666666667,44.48198198198201,16353.153153153286,224.01579661853816,8
796,64,1,0,301,0.0033222591362126247,0.0,1.0,301,9550,6500,3050,0.680628272251309,126,65,61,183.0439261755604,0.469014857881137,0.8322120381496936,0.10161099838879437,2067873.982988146,5952.354536488086,2073826.337524634,795,0,373.48172757475083,77,224,56,41.140169424743874,0.5113164451827242,45.7932692307692,16269.230769230611,211.28871128870924,8
797,64,4,0,305,0.013114754098360656,0.0,1.0,305,9550,6900,2650,0.7225130890052356,122,69,53,177.06588570806449,0.46964382010353756,0.8288731691493878,0.09942930505145099,2075110.8707409264,2936.2688540344952,2078047.139594961,796,0,369.5704918032787,85,220,47,40.83983384068999,0.5142418032786885,45.3488372093023,16297.674418604534,191.7373461012298,0
798,64,4,1,308,0.012944983818770227,0.003236245954692557,0.9967637540453075,309,10150,7300,2850,0.7192118226600985,130,73,57,190.18587049384055,0.4704259130836801,0.8405297134164462,0.10561196705719755,2068091.2594053526,6714.347286141661,2074805.6066914944,797,0,365.7734627831715,77,232,56,40.945007704699876,0.5111245954692556,45.779914529914514,16270.085470085396,211.29981129981033,8
799,64,6,2,312,0.01910828025477707,0.006369426751592357,0.9936305732484076,314,9500,7100,2400,0.7473684210526316,119,71,48,185.66782523845126,0.4715175464479762,0.8397639554563088,0.10434150200393376,2075603.2487504676,4774.548250672166,2080377.7970011397,798,0,360.9140127388535,84,230,49,40.59001379398836,0.5139662951167728,45.31862745098037,16299.607843137152,194.0429505135375,0
800,64,4,2,314,0.012658227848101266,0.006329113924050633,0.9936708860759493,316,9900,6900,3000,0.696969696969697,129,69,60,205.4592620528239,0.47193088205746436,0.8551517065552703,0.11483227044186003,2072158.3580355581,12048.825419714962,2084207.183455273,799,0,358.1044303797468,78,238,51,40.30174275005616,0.5109440928270041,45.53006329113922,16286.075949366985,208.79584550470494,8
801,64,3,4,313,0.00946372239747634,0.012618296529968454,0.9873817034700315,317,10550,7300,3250,0.6919431279620853,138,73,65,209.57518518428444,0.4723013916064369,0.858249524554006,0.11841766576060632,2079000.3892733494,13191.378316032005,2092191.7675893814,800,0,354.17981072555204,84,233,45,39.76843838646092,0.5136698212407992,45.11029411764705,16312.941176470533,194.20168067226825,0
802,64,1,1,313,0.0031847133757961785,0.0031847133757961785,0.9968152866242038,314,8500,5600,2900,0.6588235294117647,114,56,58,212.85538583614456,0.47227493335503956,0.8598367273705956,0.12070872519461827,2081268.9919408034,17301.86286167232,2098570.854802476,801,0,358.49044585987264,86,228,47,39.54284037558687,0.5150610403397027,44.97126436781608,16321.839080459707,189.78882651697333,0
803,64,0,3,310,0.0,0.009584664536741214,0.9904153354632588,313,10500,8000,2500,0.7619047619047619,130,80,50,204.12668854944494,0.4722921957346877,0.8544457352041761,0.11489699071411147,2076596.8615343051,11677.768159433068,2088274.6296937382,802,1,360.13418530351436,75,238,52,40.057704723985836,0.5149094781682642,45.25767543859647,16303.50877192972,217.38011695906295,8
804,64,7,4,313,0.022082018927444796,0.012618296529968454,0.9873817034700315,317,9050,6300,2750,0.6961325966850829,118,63,55,194.90795175193108,0.47327346963223255,0.8500408443693865,0.11101607359819987,2083998.8475135255,8787.589364448628,2092786.436877974,803,0,356.46056782334387,83,234,55,39.83009580964408,0.5180073606729758,44.804067460317434,16332.53968253955,196.77758653662107,0
805,64,5,4,314,0.015723270440251572,0.012578616352201259,0.9874213836477987,318,9250,7000,2250,0.7567567567567568,115,70,45,196.23542099880896,0.4730147924396035,0.8508500996204076,0.11319455061832481,2091842.8174537986,9248.731189276294,2101091.548643075,804,0,356.24528301886795,77,241,44,39.30698833463918,0.5207350628930818,44.32425213675214,16363.24786324789,212.50971250971287,0
806,64,2,5,311,0.006329113924050633,0.015822784810126583,0.9841772151898734,316,10300,7600,2700,0.7378640776699029,130,76,54,204.7620831178204,0.47272453285111515,0.8561054714466132,0.1186641900270625,2094717.0199749463,12283.72411048511,2107000.7440854316,805,0,359.4367088607595,80,236,49,38.909797268995575,0.5260416666666667,44.148662551440346,16374.4855967079,204.68106995884875,8
807,64,2,1,312,0.006389776357827476,0.003194888178913738,0.9968051118210862,313,10450,7300,3150,0.6985645933014354,136,73,63,205.65665926741724,0.4724765162065481,0.8557455416135962,0.12007115870765878,2099286.8572099786,13296.464379560517,2112583.3215895393,806,0,363.73482428115017,86,227,52,38.60224227125405,0.5282880724174654,43.8697318007663,16392.33716475107,190.60857168315195,0
808,64,3,5,310,0.009523809523809525,0.015873015873015872,0.9841269841269842,315,9550,6900,2650,0.7225130890052356,122,69,53,201.70437066238168,0.4729729046608027,0.8535248970031575,0.11867722273856413,2104021.183345508,12328.053729405143,2116349.237074913,807,0,362.1587301587302,73,242,51,38.40899941443418,0.5306216931216932,43.58108108108108,16410.810810810814,224.80562754535362,0
809,64,4,2,312,0.012738853503184714,0.006369426751592357,0.9936305732484076,314,9750,7400,2350,0.7589743589743589,121,74,47,194.5070931078262,0.47291531002625103,0.8474401408347032,0.11534750520000817,2108825.380770533,9486.298937136216,2118311.679707669,808,0,361.3949044585987,78,236,50,38.29528138750496,0.5332736199575372,43.288502109704645,16429.535864978912,210.63507519203733,0
810,64,3,1,314,0.009523809523809525,0.0031746031746031746,0.9968253968253968,315,9500,6700,2800,0.7052631578947368,123,67,56,193.31628926223524,0.47303188083442865,0.8467782067782075,0.1153661726242372,2112654.320987655,9182.098765432194,2121836.419753087,809,0,361.2126984126984,83,232,54,38.08840090090087,0.5351521164021165,43.05555555555556,16444.44444444445,198.1258366800536,0
811,64,4,0,318,0.012578616352201259,0.0,1.0,318,10600,8100,2500,0.7641509433962265,131,81,50,192.12636530230003,0.47305385261459304,0.8481896593678084,0.11567131224104914,2117986.899862831,7184.224965706589,2125171.1248285375,810,0,358.7861635220126,89,229,50,37.788674944514426,0.5374737945492662,42.73148148148149,16465.185185185226,185.00208073241828,0
812,64,1,1,318,0.003134796238244514,0.003134796238244514,0.9968652037617555,319,9050,6100,2950,0.6740331491712708,120,61,59,193.95594038998226,0.4730305659062979,0.8504180714368432,0.11773855694049823,2122944.5987654324,9501.543209876607,2132446.141975309,811,0,358.65830721003135,74,245,54,37.43484317426085,0.5393155694879832,42.43055555555556,16484.444444444445,222.76276276276278,0
813,64,3,2,319,0.009345794392523364,0.006230529595015576,0.9937694704049844,321,9050,6700,2350,0.7403314917127072,114,67,47,188.34040438163973,0.4733340634735202,0.8474320690238355,0.11505453057541683,2126732.7781430343,6859.942289429409,2133592.7204324636,812,0,357.1246105919003,77,244,48,37.345455173366496,0.5416017653167187,42.2008547008547,16499.145299145297,214.27461427461424,0
814,64,0,5,314,0.0,0.01567398119122257,0.9843260188087775,319,10700,8100,2600,0.7570093457943925,133,81,52,194.56145814551914,0.4729664898825601,0.8538829591461161,0.11721141502913016,2118368.055555561,7930.555555555857,2126298.611111117,813,1,358.59561128526644,68,251,57,37.70242914979755,0.5366052769070011,42.70833333333334,16466.66666666671,242.1568627450987,8
815,64,1,1,314,0.0031746031746031746,0.0031746031746031746,0.9968253968253968,315,11650,8500,3150,0.7296137339055794,148,85,63,193.09220251778862,0.47254490614363226,0.8510494097270971,0.1169434504783089,2121554.768990923,7281.136621314844,2128835.905612238,814,0,363.32698412698414,69,246,55,37.54304407713501,0.538723544973545,42.51488095238094,16479.047619047567,238.8267770876459,0
816,64,2,1,315,0.006329113924050633,0.0031645569620253164,0.9968354430379747,316,11200,8200,3000,0.7321428571428571,142,82,60,186.92334305335402,0.47243905297702765,0.8460528181066946,0.11378888575296435,2124631.123944885,5028.630488596373,2129659.7544334815,815,0,362.9525316455696,73,243,50,37.51177956842391,0.541073312236287,42.32826576576576,16490.990990990947,225.9039861779582,0
817,64,1,1,315,0.0031645569620253164,0.0031645569620253164,0.9968354430379747,316,10700,7500,3200,0.7009345794392523,139,75,64,185.91125799383832,0.47237019456165025,0.8460136470467945,0.11395693983478977,2128762.720260078,5252.1910587872435,2134014.911318865,816,0,363.9493670886076,75,241,53,37.28278775640344,0.5427544831223629,42.07785087719298,16507.017543859634,220.0935672514618,0
818,64,0,1,314,0.0,0.0031746031746031746,0.9968253968253968,315,10450,7200,3250,0.6889952153110048,137,72,65,183.2346407865948,0.47222222222222227,0.8405764026040512,0.1091161280205579,2111356.8210514365,3924.741735537704,2115281.562786974,817,1,366.0984126984127,87,228,52,38.427803379416304,0.5370701058201058,43.13446969696972,16439.393939394045,188.95855102751776,8
819,64,2,1,315,0.006329113924050633,0.0031645569620253164,0.9968354430379747,316,9950,7100,2850,0.7135678391959799,128,71,57,185.14677953965816,0.47219878105954055,0.8434347671223859,0.11102451060380575,2115572.3300317824,5188.280757719504,2120760.610789502,818,0,365.89240506329116,91,225,55,38.11764241783729,0.5390954641350211,42.87817028985509,16455.797101449385,180.83293518076246,0
820,64,0,0,315,0.0,0.0,1.0,315,9950,7200,2750,0.7236180904522613,127,72,55,183.61412543815717,0.4721101674923331,0.8420709346540536,0.11045095853280001,2117465.3739612354,4809.31055709525,2122274.6845183307,819,1,368.0285714285714,94,221,54,38.039926115373675,0.5405092592592593,42.763157894736864,16463.157894736974,175.13997760358484,0
821,64,3,3,315,0.009433962264150943,0.009433962264150943,0.9905660377358491,318,9200,6100,3100,0.6630434782608695,123,61,62,178.4155333644928,0.4721213684370639,0.8370266161560436,0.10818814257208523,2122296.414573941,2930.1293527514636,2125226.5439266926,820,0,365.54716981132077,82,236,57,37.87514213775178,0.54291142557652,42.46987951807226,16481.927710843236,200.99911842491753,0
822,64,1,5,311,0.0031645569620253164,0.015822784810126583,0.9841772151898734,316,10350,7300,3050,0.7053140096618358,134,73,61,180.78981541664376,0.47164100696537403,0.8389647941497007,0.1102345501602191,2125607.32891404,3307.6313285264805,2128914.960242566,821,0,368.6677215189873,82,234,47,37.6095636930269,0.5445345464135021,42.26907630522087,16494.779116465787,201.1558428837291,0
823,64,0,0,311,0.0,0.0,1.0,311,10750,7800,2950,0.7255813953488373,137,78,59,185.6291639314868,0.4711332676416693,0.842265112718811,0.11352157826347421,2127382.8342013853,6030.85937499996,2133413.6935763853,822,2,375.4533762057878,79,232,51,37.37522304144363,0.5456189710610932,42.16145833333333,16501.66666666664,208.88185654008404,0
824,64,3,2,312,0.009554140127388535,0.006369426751592357,0.9936305732484076,314,9750,6700,3050,0.6871794871794872,128,67,61,181.36046566201404,0.4714509862775822,0.8395339409247202,0.11169731993743852,2131598.2589803296,4767.530570601562,2136365.789550931,823,0,372.85668789808915,86,228,55,37.22532782829219,0.5476048301486199,41.90613026819921,16518.007662835138,192.06985654459461,0
825,64,1,1,312,0.003194888178913738,0.003194888178913738,0.9968051118210862,313,10300,7400,2900,0.7184466019417476,132,74,58,183.06348532363023,0.4711056326970864,0.8415104317804236,0.11359095625119513,2136033.977409128,5305.964934842539,2141339.9423439708,824,0,374.9233226837061,71,242,56,36.90806174636949,0.5495873269435569,41.63773148148149,16535.18518518523,232.88993218570747,0
826,64,2,0,314,0.006369426751592357,0.0,1.0,314,7950,5500,2450,0.6918238993710691,104,55,49,180.96918043969512,0.4709291036676773,0.8396701657077339,0.11295354656801801,2139513.8445032923,6687.213395828759,2146201.057899121,825,0,374.5350318471338,73,241,59,36.74799707841113,0.5517184182590233,41.42736486486488,16548.64864864869,226.69381710477657,0
827,64,1,1,314,0.0031746031746031746,0.0031746031746031746,0.9968253968253968,315,9800,7000,2800,0.7142857142857143,126,70,56,180.43666623947956,0.4708969433491727,0.838524494242139,0.1131055798698811,2142046.772221302,4500.755701730384,2146547.5279230326,826,0,374.34285714285716,76,239,50,36.60599128540306,0.5535383597883599,41.27435064935067,16558.44155844169,217.87423103212748,0
828,64,0,0,314,0.0,0.0,1.0,314,7750,5300,2450,0.6838709677419355,102,53,49,181.69593008133882,0.4705566634785617,0.8398691575923809,0.11421923913635178,2143721.241151129,7351.084949215417,2151072.3261003443,827,2,376.5350318471338,75,239,53,36.470468827225844,0.5546045647558386,41.173245614035096,16564.912280701796,220.86549707602396,0
829,64,0,1,313,0.0,0.0031847133757961785,0.9968152866242038,314,9250,6500,2750,0.7027027027027027,120,65,55,178.61432675798775,0.47032073523127327,0.8256889197309019,0.11016931674432745,2132481.26594389,4128.341128118283,2136609.6070720083,828,3,377.5350318471338,111,203,55,37.24179756929435,0.554505042462845,41.852678571428584,16521.428571428667,148.8416988416997,8
830,64,0,0,313,0.0,0.0,1.0,313,10450,7500,2950,0.7177033492822966,134,75,59,179.08738610901014,0.4700624300264875,0.826001097455433,0.11100565850326927,2135403.1492286054,3434.7536568601163,2138837.9028854654,829,4,379.2108626198083,112,201,52,37.04962590253245,0.5563099041533546,41.67588495575222,16532.743362831898,147.6137800252848,0
831,64,2,2,313,0.006349206349206349,0.006349206349206349,0.9936507936507937,315,10500,7600,2900,0.7238095238095238,134,76,58,180.94554279345905,0.4701479459441243,0.8275937614467204,0.11293395356037643,2139488.5241086143,3926.182459040924,2143414.7065676553,830,0,377.7968253968254,91,224,55,36.7501660317321,0.5584986772486773,41.42889492753619,16548.550724637455,181.85220576524677,0
832,64,2,3,312,0.006349206349206349,0.009523809523809525,0.9904761904761905,315,9900,7100,2800,0.7171717171717171,127,71,56,181.42521153093355,0.4704247127017827,0.8254019374792323,0.11380308723303877,2142449.999999973,4838.8888888877555,2147288.8888888606,831,0,376.0984126984127,99,216,46,36.55562265163708,0.5603505291005291,41.249999999999964,16559.99999999979,167.27272727272515,0
833,64,0,1,311,0.0,0.003205128205128205,0.9967948717948718,312,9950,7200,2750,0.7236180904522613,127,72,55,197.4105427032999,0.4698321172396735,0.8443138804565165,0.12052924000955907,2126404.6231326587,11604.938131885669,2138009.5612645443,832,2,380.71153846153845,93,219,43,37.13191041183049,0.5486111111111112,42.22074468085109,16497.872340425685,177.39647677877082,8
834,64,2,1,312,0.006389776357827476,0.003194888178913738,0.9968051118210862,313,9900,7100,2800,0.7171717171717171,127,71,56,189.79016362153277,0.46983672278201033,0.8384653703247051,0.11629486474182048,2128558.8537683235,8295.90662695019,2136854.7603952736,833,0,380.0255591054313,90,223,52,37.19532717884987,0.5468916400425985,42.09020146520145,16506.22710622704,183.4025234025227,8
835,64,1,2,311,0.003194888178913738,0.006389776357827476,0.9936102236421726,313,9850,6800,3050,0.6903553299492385,129,68,61,194.77983291106798,0.46999970986592393,0.8411136858753541,0.11612644831266473,2112063.6853907118,9827.482347587928,2121891.1677383,834,0,378.82747603833866,86,227,50,38.087415140358246,0.5338791267305645,43.091475095785455,16442.14559386981,191.18773946360244,8
836,64,3,1,313,0.009554140127388535,0.0031847133757961785,0.9968152866242038,314,9900,6700,3200,0.6767676767676768,131,67,64,176.33034510816958,0.47043138621517677,0.8315041690898808,0.10505153133643107,2111627.9510162957,1768.8170685525247,2113396.7680848483,835,0,377.45859872611464,88,226,53,38.58836796063425,0.5348659766454352,43.1179775280899,16440.449438202326,186.82328907048097,8
837,64,2,1,314,0.006349206349206349,0.0031746031746031746,0.9968253968253968,315,10850,7700,3150,0.7096774193548387,140,77,63,180.06581706180057,0.4706142789741516,0.8344479525249093,0.10814423502754492,2116504.0334226047,2372.0056185677404,2118876.0390411722,836,0,377.215873015873,91,224,60,38.19065334155143,0.5371693121693122,42.8215579710145,16459.42028985511,180.87275043796822,0
838,64,2,1,315,0.006329113924050633,0.0031645569620253164,0.9968354430379747,316,9750,6900,2850,0.7076923076923077,126,69,57,177.33675017086128,0.4706945700221017,0.83296236341562,0.10713914661911891,2120083.680555546,2243.7499999994834,2122327.4305555457,837,0,377.00632911392404,79,237,58,38.039592607581234,0.5391943565400844,42.60416666666665,16473.33333333326,208.52320675105392,0
839,64,3,1,317,0.009433962264150943,0.0031446540880503146,0.9968553459119497,318,8550,5900,2650,0.6900584795321637,112,59,53,176.4197761454241,0.4708869429068376,0.8331746532088768,0.10738435885092461,2124572.3909694925,2813.317123916926,2127385.7080934094,838,0,375.6132075471698,82,236,48,37.78605117464648,0.5413063417190775,42.331827309236935,16490.76305220877,201.10686649035085,0
840,64,1,2,316,0.0031446540880503146,0.006289308176100629,0.9937106918238994,318,9150,6800,2350,0.7431693989071039,115,68,47,199.86415180382653,0.47068068864948515,0.8500677302558701,0.11828732384398316,2107606.2954288116,11496.988914456979,2119103.2843432687,839,0,376.4811320754717,77,241,49,38.23345431995977,0.5363928197064989,43.362713675213676,16424.786324786328,213.30891330891336,8
841,64,1,1,316,0.0031545741324921135,0.0031545741324921135,0.9968454258675079,317,9600,6900,2700,0.71875,123,69,54,195.92321784110504,0.4702944269190326,0.8475095771098886,0.11689507386590528,2112515.0580011886,9778.149580276338,2122293.207581465,840,0,378.63091482649844,81,236,54,38.03005207818322,0.5383149316508937,43.0640243902439,16443.90243902438,203.0111412225232,0
842,64,0,4,312,0.0,0.012658227848101266,0.9873417721518988,316,10950,8200,2750,0.7488584474885844,137,82,55,197.8220471098316,0.4702267932489452,0.8482705511183319,0.11863861146658669,2115640.083362034,9554.050447658798,2125194.1338096927,841,1,380.7310126582278,87,229,57,37.787534910843114,0.5402162447257384,42.87405303030304,16456.060606060644,189.15012190874305,0
843,64,4,0,316,0.012658227848101266,0.0,1.0,316,9750,6800,2950,0.6974358974358974,127,68,59,195.42747921274028,0.4701403539615565,0.8499228171557125,0.11698877865201017,2114535.640138406,9697.673971549328,2124233.314109955,842,0,380.9493670886076,84,232,56,37.91754068141366,0.5364253691983123,42.94117647058823,16451.764705882335,195.85434173669447,8
844,64,0,2,314,0.0,0.006329113924050633,0.9936708860759493,316,8400,6300,2100,0.75,105,63,42,193.17164725245885,0.4702506530038176,0.8483379880151907,0.11593429656010662,2116081.6358024785,10153.395061728848,2126235.0308642075,843,1,381.9493670886076,89,227,57,37.87975965433434,0.5379087552742616,42.847222222222236,16457.77777777785,184.9188514357062,0
845,64,0,3,311,0.0,0.009554140127388535,0.9904458598726115,314,10000,7500,2500,0.75,125,75,50,191.1134205377467,0.47017722811230267,0.8378499897144087,0.11115430781948771,2096936.4265927994,7350.538627269766,2104286.965220069,844,2,384.11464968152865,94,220,54,39.120905793997515,0.5304538216560509,44.01315789473684,16383.157894736854,174.2889137737963,8
846,64,3,0,314,0.009554140127388535,0.0,1.0,314,9600,7200,2400,0.75,120,72,48,190.24021198389838,0.47032243103179283,0.8358494949513107,0.11121149977566529,2100066.1733871247,7503.40680107571,2107569.5801882003,845,0,382.4299363057325,100,214,57,38.94866272125828,0.5328091825902335,43.82219471947193,16395.37953795367,163.9537953795367,0
847,64,2,0,316,0.006329113924050633,0.0,1.0,316,9150,6400,2750,0.6994535519125683,119,64,55,186.78289900127294,0.4706445482553077,0.8346987477290142,0.1098695135171119,2103863.5572856804,6243.14686659082,2110106.704152271,846,0,381.003164556962,84,232,52,38.80139877965237,0.5346123417721519,43.590686274509835,16410.196078431538,195.35947712418496,0
848,64,5,3,318,0.01557632398753894,0.009345794392523364,0.9906542056074766,321,9200,6100,3100,0.6630434782608695,123,61,62,181.62980404928214,0.47134970469885773,0.8311898386744649,0.10767180158307058,2108604.093601091,3197.069667657229,2111801.163268748,847,0,376.0529595015576,92,229,48,38.639570061378286,0.5370911214953271,43.30197132616492,16428.6738351257,178.57254168614892,0
849,64,1,5,314,0.003134796238244514,0.01567398119122257,0.9843260188087775,319,9600,6900,2700,0.71875,123,69,54,185.42382460967724,0.4708848405985686,0.8407928156822029,0.10746844320522062,2094781.3019390455,4284.472145274896,2099065.7740843203,848,0,379.3322884012539,94,225,49,39.40057069798002,0.5272988505747127,44.144736842105246,16374.736842105165,174.19932810750177,8
850,64,3,3,314,0.00946372239747634,0.00946372239747634,0.9905362776025236,317,9750,7300,2450,0.7487179487179487,122,73,49,212.29545544660903,0.4706392504891586,0.8525385931782068,0.12888578516975274,2123011.9377162694,16991.157247212883,2140003.094963482,849,0,382.37854889589903,84,233,49,36.958301614489194,0.5468257097791798,42.426470588235304,16484.70588235299,196.24649859944037,8
851,64,2,5,311,0.006329113924050633,0.015822784810126583,0.9841772151898734,316,10700,7800,2900,0.7289719626168224,136,78,58,206.32216958729663,0.47026342006563526,0.8475764443530123,0.12604552949499306,2126762.1570644733,13859.63648834016,2140621.7935528136,850,0,384.5759493670886,89,227,45,36.88006943820898,0.5484902426160337,42.199074074074076,16499.25925925927,185.38493549729517,0
852,64,0,1,310,0.0,0.003215434083601286,0.9967845659163987,311,8800,5800,3000,0.6590909090909091,118,58,60,209.27743005194478,0.46989895584828684,0.8547022120497989,0.12612812976745075,2118613.102324254,17675.581065759085,2136288.683390013,851,1,390.3151125401929,69,242,55,37.308607078827166,0.5394895498392283,42.693452380952365,16467.619047618973,238.66114561766628,7
853,64,0,1,309,0.0,0.0032258064516129032,0.9967741935483871,310,10300,7500,2800,0.7281553398058253,131,75,56,207.388776724965,0.469712609179803,0.8534294700396103,0.12548396061954206,2120989.429280252,15673.880637002123,2136663.3099172544,852,2,392.56129032258065,71,239,55,37.20994895569918,0.5409610215053764,42.549189814814795,16476.851851851756,232.06833594157402,0
854,64,2,1,310,0.006430868167202572,0.003215434083601286,0.9967845659163987,311,9650,7100,2550,0.7357512953367875,122,71,51,189.02699337813144,0.46973861632610725,0.8454179427841138,0.11208502001717359,2108756.6924449694,7872.387467777051,2116629.0799127463,853,0,391.62057877813504,81,230,46,38.44022169437851,0.5355372454448017,43.292682926829265,16429.2682926829,202.8304727491716,8
855,64,0,1,309,0.0,0.0032258064516129032,0.9967741935483871,310,9900,7200,2700,0.7272727272727273,126,72,54,187.78471593510636,0.46964844973379266,0.8439727357562623,0.11171007054930276,2110728.5366365043,7372.511733681751,2118101.0483701862,854,1,393.8741935483871,82,228,47,38.34986643210844,0.5368279569892473,43.17269076305221,16436.94779116465,200.4505828190811,0
856,64,3,0,312,0.009615384615384616,0.0,1.0,312,9900,7300,2600,0.7373737373737373,125,73,52,183.72292574180395,0.4702825700112678,0.8403883227441862,0.10734307794397109,2099731.755829916,4853.772290809795,2104585.528120726,855,0,392.15384615384613,89,223,54,39.13639375866019,0.5286458333333333,43.84259259259261,16394.074074074168,184.20307948397942,8
857,64,7,2,317,0.0219435736677116,0.006269592476489028,0.9937304075235109,319,10050,7400,2650,0.736318407960199,127,74,53,178.28206179121864,0.47121877526074013,0.8400211813831626,0.10554134870798292,2107762.975560608,1305.265810028282,2109068.241370636,856,0,384.5266457680251,83,236,48,38.77762208478288,0.531935736677116,43.35317460317462,16425.396825396932,197.89634729393893,0
858,64,3,0,320,0.009375,0.0,1.0,320,9250,6200,3050,0.6702702702702703,123,62,61,198.39846594600783,0.47116538499216304,0.8491879192975542,0.12027313701128761,2122134.9725692305,10955.66461762147,2133090.637186852,857,0,384.271875,81,239,51,37.37051104972377,0.5418294270833333,42.47967479674796,16481.300813008074,203.47284954330956,8
859,64,1,3,318,0.003115264797507788,0.009345794392523364,0.9906542056074766,321,10500,7800,2700,0.7428571428571429,132,78,54,193.28906868114447,0.47104020638629285,0.8448437530325577,0.11770313487281821,2124830.4930795776,7441.301422529437,2132271.794502107,858,0,384.0716510903427,84,237,43,37.3354298441686,0.543613707165109,42.316176470588225,16491.7647058823,196.33053221288452,0
860,64,1,4,315,0.003134796238244514,0.012539184952978056,0.987460815047022,319,9200,7400,1800,0.8043478260869565,110,74,36,190.87975521818834,0.470551727423881,0.8436618984423832,0.11686094849031563,2128039.8298615506,8239.944363704746,2136279.7742252555,859,0,387.43887147335425,86,233,47,37.19927182963441,0.5451933124346917,42.121647509578516,16504.214559386823,191.909471620777,0
861,64,1,4,312,0.0031645569620253164,0.012658227848101266,0.9873417721518988,316,10150,7700,2450,0.7586206896551724,126,77,49,191.530901191328,0.4702579783671556,0.8446734503345716,0.11774930975080779,2130527.3078595297,8262.363057412804,2138789.6709169424,860,0,389.85759493670884,88,228,50,37.028920590280876,0.5469079641350211,41.970973782771495,16513.8576779024,187.65747361252727,0
862,64,0,2,310,0.0,0.00641025641025641,0.9935897435897436,312,10000,7700,2300,0.77,123,77,46,196.83386111251804,0.47004038186715036,0.8464654356556061,0.1213240350188769,2132073.8297633287,11532.864817852671,2143606.6945811813,861,1,395.09615384615387,88,224,53,36.796612859345196,0.5484107905982907,41.877340823969995,16519.85018726569,187.72557030983737,0
863,64,2,2,310,0.00641025641025641,0.00641025641025641,0.9935897435897436,312,9700,7300,2400,0.7525773195876289,121,73,48,198.68626430801217,0.47007602303020307,0.8503153432588908,0.12318548387096777,2135555.555555559,12761.111111111288,2148316.6666666707,862,0,395.99038461538464,80,232,53,36.533938172043015,0.5505475427350428,41.66666666666667,16533.33333333336,206.66666666666703,0
864,64,0,0,310,0.0,0.0,1.0,310,9450,6400,3050,0.6772486772486772,125,64,61,213.9458425539234,0.46971739395204787,0.8568609648938925,0.1323474794817205,2134216.259430711,19871.339163236455,2154087.5985939475,863,1,399.21290322580643,89,221,55,36.22248427672951,0.5505712365591398,41.74768518518516,16528.148148148022,185.70952975447216,8
865,64,0,2,308,0.0,0.0064516129032258064,0.9935483870967742,310,10800,7900,2900,0.7314814814814815,137,79,58,215.5522450907569,0.4694348748999548,0.8582766488375444,0.13401533507856916,2137207.3207919067,19335.967244220068,2156543.2880361266,864,2,400.21290322580643,72,238,54,35.99619476193105,0.552755376344086,41.56678082191783,16539.726027397366,229.71841704718565,0
866,64,1,2,307,0.003236245954692557,0.006472491909385114,0.9935275080906149,309,9750,6500,3250,0.6666666666666666,130,65,65,209.2333254071818,0.46933621933621933,0.8530465459382559,0.1310065703077372,2141372.0106336926,18059.277343750626,2159431.287977443,865,0,401.6796116504854,79,230,43,35.902554067884786,0.5549487594390508,41.315104166666686,16555.833333333427,209.56751054852438,0
867,64,0,2,305,0.0,0.006514657980456026,0.993485342019544,307,9700,6700,3000,0.6907216494845361,127,67,60,208.53650621957726,0.46887219419074183,0.8475054920081797,0.1295819330555182,2136880.5473372876,18023.520710059693,2154904.0680473475,866,4,404.8371335504886,77,230,52,36.197674418604635,0.55164223669924,41.586538461538474,16538.46153846161,214.78521478521574,8
868,64,0,0,305,0.0,0.0,1.0,305,10850,7300,3550,0.6728110599078341,144,73,71,202.99856970107658,0.4686978717285016,0.8425535409884375,0.12689124594854886,2140388.9105773773,15049.177490250995,2155438.0880676284,867,5,408.37704918032784,81,224,53,36.124431046056635,0.553483606557377,41.374491869918714,16552.032520325276,204.3460804978429,0
869,64,1,3,303,0.0032679738562091504,0.00980392156862745,0.9901960784313726,306,10700,8100,2600,0.7570093457943925,133,81,52,195.91880874619724,0.46861941497910636,0.8474657875657059,0.12254921404226458,2140790.8276807573,11984.237746800207,2152775.0654275576,868,0,408.03921568627453,78,228,46,36.28277511555193,0.5546023965141612,41.35021097046415,16553.58649789036,212.22546792167128,8
870,64,0,2,301,0.0,0.006600660066006601,0.9933993399339934,303,8750,5800,2950,0.6628571428571428,117,58,59,198.39891152455345,0.46817558411470284,0.8445787892318037,0.1208879302446633,2125193.3234947664,14977.20843212129,2140170.5319268876,869,7,412.8580858085809,82,221,44,37.18132122333688,0.5441419141914192,42.29417670682729,16493.172690762927,201.13625232637716,8
871,64,1,0,302,0.0033112582781456954,0.0,1.0,302,7700,5100,2600,0.6623376623376623,103,51,52,198.5213210223574,0.4684309751160591,0.8446915844845344,0.12146225983225879,2127660.9044598015,16377.210688195864,2144038.115147997,870,0,412.6291390728477,84,218,48,37.025628534765424,0.5460471854304636,42.14460784313722,16502.745098039046,196.4612511671315,0
872,64,1,4,299,0.0033003300330033004,0.013201320132013201,0.9867986798679867,303,10500,7800,2700,0.7428571428571429,132,78,54,197.1256290257366,0.4684474242126199,0.8428488704629344,0.1212779532217936,2130965.432098754,12913.58024691304,2143879.0123456675,871,0,412.26402640264024,89,214,52,36.857508073196975,0.5480610561056105,41.94444444444443,16515.55555555547,185.56803995006146,0
873,64,2,1,300,0.006644518272425249,0.0033222591362126247,0.9966777408637874,301,8100,5700,2400,0.7037037037037037,105,57,48,190.89495110163065,0.46846483942414174,0.8380883523631628,0.11622051535132577,2124702.9763872945,12819.014156587544,2137521.990543882,872,0,414.27242524916943,83,218,45,37.40500224585716,0.5411129568106312,42.3239087301587,16491.269841269685,198.68999808758656,7
874,64,1,2,299,0.0033222591362126247,0.006644518272425249,0.9933554817275747,301,9900,7300,2600,0.7373737373737373,125,73,52,190.2741536023362,0.46857788851974896,0.8383466860433921,0.11639529258294548,2127552.731206039,10863.659034912804,2138416.390240952,873,0,415.2059800664452,85,216,47,37.244965864963035,0.5430855481727574,42.15116279069765,16502.325581395206,194.1450068399436,0
875,64,2,0,301,0.006644518272425249,0.0,1.0,301,10250,7200,3050,0.7024390243902439,133,72,61,188.62069257635488,0.4685898855666297,0.836616307825532,0.11611993934476904,2131347.7537722765,9953.257887516562,2141301.011659793,874,0,415.74418604651163,89,212,50,37.053397913116264,0.5450581395348837,41.921296296296276,16517.037037036927,185.58468580940368,0
876,64,0,2,299,0.0,0.006644518272425249,0.9933554817275747,301,8600,6500,2100,0.7558139534883721,107,65,42,205.30312460668534,0.4683564045773348,0.8497965668247944,0.12351727969673067,2117560.9429065743,18148.375624759763,2135709.318531334,875,1,416.74418604651163,84,217,50,37.476081018849364,0.5358527131782946,42.75735294117647,16463.529411764706,195.99439775910363,8
877,64,3,1,301,0.009933774834437087,0.0033112582781456954,0.9966887417218543,302,8300,6100,2200,0.7349397590361446,105,61,44,199.12048771797936,0.4688423613708536,0.845318326517589,0.12058098131518609,2121487.890266298,15786.340679522476,2137274.2309458205,876,0,415.387417218543,76,226,56,37.39196395733726,0.53780353200883,42.51893939393939,16478.787878787865,216.82615629984033,0
878,64,2,5,298,0.006600660066006601,0.0165016501650165,0.9834983498349835,303,10150,7600,2550,0.7487684729064039,127,76,51,196.86798414728383,0.46903117464064287,0.8430243773067108,0.11977680116583087,2124301.5599332643,12891.393164997933,2137192.953098262,877,0,414.84158415841586,80,223,42,37.27591298560851,0.5401540154015402,42.348251028806565,16489.711934156287,206.1213991769536,0
879,64,1,2,297,0.0033444816053511705,0.006688963210702341,0.9933110367892977,299,9250,6300,2950,0.6810810810810811,122,63,59,198.10261035892037,0.4685187575288246,0.8431407260086214,0.1209554317588957,2126422.679681274,15199.976714253877,2141622.656395528,878,0,419.88963210702343,80,219,44,37.11295418641388,0.5418756967670011,42.219650205761305,16497.942386831215,206.22427983539018,0
880,64,0,2,295,0.0,0.006734006734006734,0.9932659932659933,297,8300,6000,2300,0.7228915662650602,106,60,46,205.30546624873378,0.46806939515272844,0.8472936306610332,0.1258884664185516,2128969.4205236156,19717.8119019788,2148687.2324255942,879,1,423.7037037037037,80,217,48,36.76978943344799,0.5431748035914703,42.06532921810697,16507.818930041016,206.3477366255127,0
881,64,1,1,295,0.0033783783783783786,0.0033783783783783786,0.9966216216216216,296,8500,5500,3000,0.6470588235294118,115,55,60,208.3386514689321,0.46782595625286305,0.8494489884433867,0.1283800081111359,2131910.0538254404,21131.853133409615,2153041.90695885,880,0,425.6993243243243,84,212,50,36.509768777893804,0.5450802364864865,41.887254901960766,16519.21568627442,196.657329598505,0
882,64,1,0,296,0.0033783783783783786,0.0,1.0,296,8750,5800,2950,0.6628571428571428,117,58,59,208.91389447370423,0.4678555409222782,0.8505182440671628,0.12926471439257967,2134354.174178221,21229.248542755216,2155583.422720976,881,0,425.6114864864865,85,211,50,36.34391708094927,0.5469805743243243,41.7393410852713,16528.68217054253,194.45508435932385,0
883,64,1,2,295,0.003367003367003367,0.006734006734006734,0.9932659932659933,297,9250,6200,3050,0.6702702702702703,123,62,61,204.593506008935,0.4679618065034732,0.8487185950668941,0.12457575703917875,2124776.5987654356,18293.09876543235,2143069.697530868,882,0,425.1750841750842,74,223,46,37.047467615300306,0.5433150953984287,42.31944444444445,16491.555555555584,222.85885885885924,8
884,64,0,0,295,0.0,0.0,1.0,295,8750,6300,2450,0.72,112,63,49,205.5716316141495,0.4675208501479688,0.8486009643483343,0.12550689088021783,2126380.2469135844,19674.691358024906,2146054.938271609,883,1,429.0169491525424,74,221,48,36.92304238505747,0.5442443502824859,42.22222222222223,16497.77777777781,222.94294294294338,0
885,64,1,1,295,0.0033783783783783786,0.0033783783783783786,0.9966216216216216,296,9500,7100,2400,0.7473684210526316,119,71,48,217.68344753451953,0.4678221388761643,0.8498044071591493,0.13023570454271385,2114181.6569391973,23344.470359353887,2137526.127298551,884,0,428.56418918918916,85,211,51,37.367417102555635,0.5362823761261262,42.96269379844963,16450.38759689931,193.53397172822716,8
886,64,0,0,295,0.0,0.0,1.0,295,11150,8600,2550,0.7713004484304933,137,86,51,203.42860196973726,0.4676875552480879,0.8456848757095159,0.12490078680077357,2129749.60081288,16500.39676779365,2146249.9975806735,885,1,430.7932203389831,82,213,50,36.7699820003892,0.5436793785310734,42.01807228915661,16510.843373493895,201.35174845724262,8
887,64,0,0,295,0.0,0.0,1.0,295,9350,6000,3350,0.6417112299465241,127,60,67,215.696262397879,0.46738633306429916,0.8533817024444084,0.13228925566879146,2129102.105034713,23497.873263888367,2152599.9782986017,886,2,431.7932203389831,79,216,46,36.49356385663803,0.5427612994350283,42.05729166666665,16508.33333333326,208.96624472573745,8
888,64,1,1,295,0.0033783783783783786,0.0033783783783783786,0.9966216216216216,296,9750,6900,2850,0.7076923076923077,126,69,57,213.0475999433875,0.4670639124293785,0.8511843074153886,0.13113675251173604,2131252.170138866,21861.631944443343,2153113.8020833097,887,0,431.3310810810811,83,213,47,36.42890178271105,0.5445875563063063,41.9270833333333,16516.66666666649,198.99598393574084,0
889,64,3,1,297,0.010067114093959731,0.003355704697986577,0.9966442953020134,298,6750,4600,2150,0.6814814814814815,89,46,43,207.52329970946602,0.467171952560655,0.8497355474341788,0.1288160353793459,2136253.8108209614,22314.487967697576,2158568.298788659,888,0,429.1275167785235,73,225,53,36.26254199582313,0.5468050894854586,41.624436936936945,16536.03603603608,226.52104158953534,0
890,64,3,2,298,0.01,0.006666666666666667,0.9933333333333333,300,8400,6000,2400,0.7142857142857143,108,60,48,214.050196137158,0.4673550724637681,0.8566352845618499,0.13026978064201786,2124481.6686995733,22549.14357498826,2147030.8122745617,889,0,426.82666666666665,72,228,44,36.82205423566113,0.5415972222222223,42.337328767123296,16490.410958904147,229.0334855403354,8
891,64,1,0,299,0.0033444816053511705,0.0,1.0,299,9150,6400,2750,0.6994535519125683,119,64,55,212.91589879272158,0.46696435919882084,0.8543619119923855,0.13052908444958342,2128850.8695489294,21703.239257135745,2150554.1088060653,890,0,429.2274247491639,76,223,48,36.58082450435333,0.5432692307692308,42.072510822510836,16507.35930735937,217.20209614946538,0
892,64,0,1,298,0.0,0.0033444816053511705,0.9966555183946488,299,9650,7000,2650,0.7253886010362695,123,70,53,216.92750919965403,0.4666010115747496,0.8580953389787624,0.1339115396142818,2132973.003472217,23090.1041666663,2156063.1076388834,891,1,430.2274247491639,79,220,50,36.222345504673534,0.5452201783723523,41.82291666666666,16523.33333333329,209.15611814345934,0
893,64,3,1,300,0.009966777408637873,0.0033222591362126247,0.9966777408637874,301,8950,6400,2550,0.7150837988826816,115,64,51,202.93675154950805,0.4666140642303433,0.846561411248351,0.1239949118656799,2126847.0306440243,17173.085488322347,2144020.1161323464,892,0,427.9401993355482,80,221,46,36.96209740443289,0.5446428571428572,42.193930041152235,16499.58847736612,206.2448559670765,8
894,64,1,0,301,0.0033222591362126247,0.0,1.0,301,9350,6700,2650,0.7165775401069518,120,67,53,199.9044281337491,0.4666509782207457,0.8450392276137464,0.12277867125861663,2129952.0010816487,15607.3673457117,2145559.3684273604,893,0,428.9235880398671,85,216,48,36.848395931142434,0.5463732004429679,42.00581395348835,16511.627906976613,194.25444596443074,0
895,64,3,0,304,0.009868421052631578,0.0,1.0,304,9300,6600,2700,0.7096774193548387,120,66,54,207.81368711632945,0.4671477838573331,0.8553034771013903,0.1245668332333625,2115329.4132439457,17818.880966368597,2133148.2942103143,894,0,425.68092105263156,78,226,51,37.549895721148076,0.5418037280701755,42.892932489451454,16454.852320674992,210.95964513685888,7
896,64,2,1,305,0.006535947712418301,0.0032679738562091504,0.9967320261437909,306,8950,6200,2750,0.6927374301675978,117,62,55,201.8051010350576,0.46734928033144035,0.8449559994445501,0.12103947420612557,2115700.685871083,15241.83813443194,2130942.5240055146,895,0,423.8921568627451,89,217,56,37.68136328171894,0.5417347494553377,42.87037037037041,16456.296296296507,184.90220557636525,8
897,64,1,0,306,0.0032679738562091504,0.0,1.0,306,9900,7100,2800,0.7171717171717171,127,71,56,199.68651565270574,0.46712025429479626,0.8448248494114308,0.12047924222028206,2119270.92951676,13537.965527853958,2132808.895044614,896,0,424.82026143790847,75,231,55,37.51464635705154,0.5435049019607843,42.6535087719298,16470.17543859638,219.60233918128506,0
898,64,4,3,307,0.012903225806451613,0.00967741935483871,0.9903225806451613,310,9200,6100,3100,0.6630434782608695,123,61,62,193.14767604163433,0.4676088318196054,0.8417956617435673,0.11764761887163624,2124986.3359058606,10887.234480088431,2135873.570385949,897,0,420.3258064516129,82,228,45,37.32944122469521,0.5459677419354838,42.306726907630505,16492.369477911554,201.12645704770188,0
899,64,1,1,307,0.003246753246753247,0.003246753246753247,0.9967532467532467,308,9650,6800,2850,0.7046632124352331,125,68,57,192.58718896651774,0.46709401483424284,0.8422381383220852,0.11805543599512455,2128795.0414540656,10745.730583899458,2139540.7720379652,898,0,424.0292207792208,83,225,51,37.108604981008696,0.5476866883116883,42.07589285714283,16507.14285714273,198.8812392426835,0
900,64,1,5,303,0.003246753246753247,0.016233766233766232,0.9837662337662337,308,9650,6800,2850,0.7046632124352331,125,68,57,191.47904677240797,0.46719228111736255,0.8423473939616299,0.11801560468962985,2132034.2810204183,10397.97836317659,2142432.259383595,899,0,424.56493506493507,87,221,53,36.93727261609955,0.549310064935065,41.87973484848483,16519.696969696863,189.88157436433175,0
901,64,3,1,305,0.00980392156862745,0.0032679738562091504,0.9967320261437909,306,9250,6400,2850,0.6918918918918919,121,64,57,192.50780437044733,0.46658853887638846,0.84332173729707,0.11935483870967749,2135555.5555555588,11772.222222222392,2147327.7777777812,900,0,427.34313725490193,82,224,54,36.69354838709678,0.5507897603485838,41.66666666666667,16533.333333333358,201.62601626016288,0
902,64,3,0,308,0.00974025974025974,0.0,1.0,308,8800,6000,2800,0.6818181818181818,116,60,56,188.14780285542227,0.46674567628354274,0.8409627396253441,0.11761363299219205,2140415.867667472,10142.908539703469,2150558.7762071756,901,0,424.9318181818182,77,231,58,36.50685049399292,0.5528612012987013,41.37286324786325,16552.13675213677,214.96281496281517,0
903,64,1,3,306,0.003236245954692557,0.009708737864077669,0.9902912621359223,309,9250,6200,3050,0.6702702702702703,123,62,61,184.9445280273187,0.4667873254038302,0.8383517652767805,0.11615700005095034,2143192.4693781366,8224.34394416906,2151416.8133223057,902,0,424.5533980582524,78,231,50,36.41889998471494,0.5547802049622438,41.20516877637132,16562.869198312314,212.34447690143992,0
904,64,0,1,305,0.0,0.0032679738562091504,0.9967320261437909,306,10050,7200,2850,0.7164179104477612,129,72,57,185.16083376539038,0.46643228329583203,0.8368003674148772,0.11652999481132449,2144391.064453134,8161.4474826394135,2152552.5119357733,903,1,428.68954248366015,79,227,51,36.33960607279984,0.5561002178649237,41.132812500000014,16567.50000000007,209.7151898734186,0
905,64,0,1,304,0.0,0.003278688524590164,0.9967213114754099,305,10500,7700,2800,0.7333333333333333,133,77,56,183.52258593873665,0.46597821397756684,0.8351783159792432,0.11587101144419447,2146280.3690346433,7278.184694957155,2153558.5537296003,904,2,431.0065573770492,81,224,53,36.26591087457697,0.5578893442622951,41.01880081300814,16574.796747967543,204.6271203452783,0
906,64,0,1,303,0.0,0.003289473684210526,0.9967105263157895,304,9650,7700,1950,0.7979274611398963,116,77,39,184.61931388239185,0.46552385501708066,0.834494423567687,0.11678359260581825,2147387.1433883193,8839.828210444148,2156226.9715987635,905,3,433.4111842105263,85,219,54,36.16950912548122,0.5590049342105263,40.952034883720934,16579.069767441873,195.04787961696323,0
907,64,1,0,304,0.003289473684210526,0.0,1.0,304,9500,6800,2700,0.7157894736842105,122,68,54,183.47539092696783,0.4653069542151584,0.8339976644966691,0.11669034862955191,2150557.6559546385,8614.881327452476,2159172.537282091,906,0,434.0592105263158,91,213,58,36.00446948520843,0.5610265899122807,40.7608695652174,16591.304347826142,182.3220258002873,0
908,64,2,0,306,0.006535947712418301,0.0,1.0,306,10750,7900,2850,0.7348837209302326,136,79,57,182.97846571836317,0.4653215293403336,0.8357225968394062,0.11709879499826206,2154177.847991674,6883.631501999887,2161061.479493674,907,0,432.2156862745098,75,231,58,35.79525444620532,0.5629084967320261,40.54276315789471,16605.263157894613,221.40350877192816,0
909,64,0,0,306,0.0,0.0,1.0,306,10500,7000,3500,0.6666666666666666,140,70,70,177.61408598916134,0.4650358048501732,0.8300686372844022,0.11424596369754413,2157137.5868055485,4927.604166666351,2162065.190972215,908,1,433.2156862745098,79,227,54,35.75309261116684,0.5645424836601307,40.36458333333332,16616.66666666661,210.33755274261532,0
910,64,0,3,303,0.0,0.00980392156862745,0.9901960784313726,306,9750,7300,2450,0.7487179487179487,122,73,49,175.06533149028286,0.46483579770706096,0.8277755458645246,0.11330461524960408,2160718.4075936843,4703.376856508539,2165421.784450193,909,2,434.2156862745098,80,226,50,35.60008990728825,0.5662445533769063,40.149176954732496,16630.45267489705,207.8806584362131,0
911,64,0,1,302,0.0,0.0033003300330033004,0.9966996699669967,303,8850,6200,2650,0.7005649717514124,115,62,53,173.00810821729627,0.464316092205247,0.8240997820208078,0.11253482649155679,2163607.862360626,5414.340638215943,2169022.202998842,910,3,436.90429042904293,84,219,56,35.476855342947786,0.5681036853685368,39.975490196078425,16641.568627450946,198.11391223155888,0
912,64,0,0,302,0.0,0.0,1.0,302,10100,7300,2800,0.7227722772277227,129,73,56,174.2418498978405,0.46384888854664,0.8247465351266479,0.11375982315445496,2165750.943174636,4972.89015134791,2170723.833325984,911,4,439.341059602649,86,216,57,35.313784824496814,0.5697433774834437,39.846743295019145,16649.808429118704,193.60242359440355,0
913,64,0,1,301,0.0,0.0033112582781456954,0.9966887417218543,302,8500,6000,2500,0.7058823529411765,110,60,50,169.82005341636003,0.4636682911267079,0.8201570087073284,0.1113484840039044,2168210.3052126113,4741.1179698211945,2172951.4231824325,912,5,440.341059602649,89,213,63,35.278642359567236,0.5710540838852097,39.69907407407406,16659.259259259194,187.18268830628307,0
914,64,1,3,299,0.0033112582781456954,0.009933774834437087,0.9900662251655629,302,9550,6800,2750,0.7120418848167539,123,68,55,169.65464913594764,0.4634796722477687,0.8202586515062857,0.11195416292585855,2171875.3472222164,3743.74999999983,2175619.0972222164,913,0,440.65562913907286,79,223,61,35.05930960948956,0.5726752207505519,39.47916666666666,16673.333333333285,211.05485232067448,0
915,64,0,0,299,0.0,0.0,1.0,299,9750,7600,2150,0.7794871794871795,119,76,43,172.4066790608013,0.46304142069388643,0.8211951974157898,0.11408162074445025,2173436.554193589,5392.995691573492,2178829.5498851626,914,1,445.5785953177257,78,221,61,34.89238131377014,0.57354375696767,39.385548523206744,16679.324894514728,213.83749864762473,0
916,64,1,2,298,0.0033333333333333335,0.006666666666666667,0.9933333333333333,300,10000,7500,2500,0.75,125,75,50,173.79765346091796,0.4626848755109625,0.8235374552148043,0.11572436006219058,2177003.018679392,5671.603244762293,2182674.6219241545,915,0,445.09,80,220,51,34.63867797390128,0.5754861111111111,39.17181069958846,16693.004115226264,208.6625514403283,0
917,64,0,0,298,0.0,0.0,1.0,298,8150,5700,2450,0.6993865030674846,106,57,49,173.8751686912894,0.46207036811063656,0.8214863218804083,0.11625595684137165,2179352.127385033,8037.043757358433,2187389.1711423914,916,1,445.0872483221477,82,216,55,34.493523772883194,0.5769015659955257,39.031124497991954,16702.008032128444,203.6830247820542,0
918,64,1,2,297,0.0033444816053511705,0.006688963210702341,0.9933110367892977,299,9250,6300,2950,0.6810810810810811,122,63,59,180.43505867833497,0.4618442908127764,0.8265840458414966,0.1161126260963016,2157398.27281013,8804.056789407503,2166202.3295995374,917,0,444.5953177257525,82,217,57,35.66387935617965,0.5681786510590858,40.34889558232934,16617.670682731034,202.65452052111016,7
919,64,1,1,297,0.003355704697986577,0.003355704697986577,0.9966442953020134,298,9650,7600,2050,0.7875647668393783,117,76,41,178.19307320696828,0.4617796627723921,0.8229223655607367,0.11525984744156327,2160371.806234512,7742.658284523986,2168114.464519036,918,0,446.0134228187919,86,212,48,35.54002887731749,0.5700153803131991,40.17001915708815,16629.1187739465,193.36184620868022,0
920,64,3,0,300,0.01,0.0,1.0,300,9250,6700,2550,0.7243243243243244,118,67,51,176.43388499292516,0.4618671033073207,0.8222221275387009,0.11496122378634054,2164601.645415239,7131.815552538433,2171733.4609677773,919,0,443.28333333333336,93,207,54,35.327013208351104,0.5722569444444445,39.915780141843996,16645.390070922127,178.98268893464652,0
921,64,1,1,300,0.0033222591362126247,0.0033222591362126247,0.9966777408637874,301,10600,7800,2800,0.7358490566037735,134,78,56,172.65197004121418,0.4617137320044297,0.8240240091887023,0.10872176521598301,2144738.1105925636,3258.6520032550607,2147996.762595819,920,0,442.80730897009965,91,210,49,36.64211130548871,0.5577242524916943,41.11186594202897,16568.840579710057,182.07517120560502,8
922,64,1,1,300,0.0033222591362126247,0.0033222591362126247,0.9966777408637874,301,8450,6100,2350,0.7218934911242604,108,61,47,170.4894630392467,0.4616832779623477,0.822054940468222,0.10780629215308199,2147173.653431813,4564.096645121101,2151737.750076934,921,0,443.80066445182723,94,207,53,36.54863697934303,0.5592123477297897,40.96491228070174,16578.245614034997,176.3643150429255,0
923,64,0,2,298,0.0,0.006666666666666667,0.9933333333333333,300,9000,6300,2700,0.7,117,63,54,171.66177584557724,0.46137356001486435,0.8229414391782488,0.10892587285589149,2149211.576485334,4787.49517746896,2153999.0716628027,922,1,446.17333333333335,95,205,56,36.39326187684917,0.5604861111111111,40.84201388888888,16586.111111111066,174.59064327485333,0
924,64,0,0,298,0.0,0.0,1.0,298,9900,7400,2500,0.7474747474747475,124,74,50,170.34350627916083,0.4613070017851897,0.8203768256547297,0.10843923535963033,2151100.794175941,3785.2103279629664,2154886.004503904,923,2,449.8724832214765,100,198,57,36.31160746250844,0.562045581655481,40.72813531353134,16593.399339933905,165.93399339933904,0
925,64,2,1,299,0.006666666666666667,0.0033333333333333335,0.9966666666666667,300,9350,7100,2250,0.7593582887700535,116,71,45,170.66777729670457,0.46138331475288,0.822953406772746,0.1092412833370476,2154288.870918432,4183.538650935128,2158472.409569367,924,0,447.8666666666667,81,219,54,36.107864137086914,0.56375,40.53607723577235,16605.691056910546,205.00853156679685,0
926,64,3,2,300,0.009933774834437087,0.006622516556291391,0.9933774834437086,302,8750,6600,2150,0.7542857142857143,109,66,43,164.8494654591944,0.4619104456814298,0.8177890416697609,0.1063235441242106,2158711.421745869,2022.4847910928247,2160733.906536962,925,0,442.9801324503311,87,215,49,35.98824932397535,0.5661561810154525,40.26988636363637,16622.727272727283,191.06583072100327,0
927,64,0,0,300,0.0,0.0,1.0,300,7650,5300,2350,0.6928104575163399,100,53,47,165.2393911911915,0.46143487551096246,0.8165065858837839,0.10679898111340917,2159927.1647805376,3731.0099451310434,2163658.1747256685,926,1,446.83,89,211,50,35.90378632630938,0.5670833333333334,40.19675925925928,16627.407407407536,186.82480233042176,0
928,64,0,2,298,0.0,0.006666666666666667,0.9933333333333333,300,9150,6600,2550,0.7213114754098361,117,66,51,161.64504127414574,0.4612906447417317,0.8118941744226127,0.10490654692087212,2162305.4688403346,755.1913516016366,2163060.6601919364,927,2,447.83,92,208,51,35.85186142709413,0.5684374999999999,40.05376344086022,16636.559139784993,180.83216456288037,0
929,64,1,1,298,0.0033444816053511705,0.0033444816053511705,0.9966555183946488,299,9950,7800,2150,0.7839195979899497,121,78,43,163.05914565090802,0.4611685671103529,0.8129585162031332,0.10634863367223564,2165155.0514624487,859.6665786428034,2166014.7180410917,928,0,449.32107023411373,93,206,55,35.64108230733183,0.5704431438127091,39.882535460992905,16647.51773049643,179.00556699458528,0
930,64,1,1,298,0.0033444816053511705,0.0033444816053511705,0.9966555183946488,299,9300,7100,2200,0.7634408602150538,115,71,44,191.73350425612776,0.4610352928853075,0.8389485824379561,0.11822594264374835,2132303.7079903767,12666.81241426518,2144970.520404642,929,0,450.2943143812709,89,210,52,36.914082933536555,0.5517697881828316,41.863425925925895,16520.740740740574,185.62630045775924,8
931,64,2,0,300,0.006666666666666667,0.0,1.0,300,7100,4400,2700,0.6197183098591549,98,44,54,188.32463562823955,0.4614446302489781,0.8370293254327505,0.11669212888927702,2135204.096094203,13322.306677772529,2148526.402771976,930,0,448.37,97,203,54,36.823272432995886,0.5536805555555555,41.687925170068006,16531.972789115516,170.43270916613935,0
932,64,1,0,301,0.0033222591362126247,0.0,1.0,301,9450,6700,2750,0.708994708994709,122,67,55,185.9606133867368,0.4611969361387966,0.8336706971257979,0.11574611809666378,2137866.4784932933,9861.792335911237,2147728.2708292045,931,0,447.87707641196016,81,220,53,36.72034984682426,0.5553017718715394,41.52693089430895,16542.276422764247,204.22563484894133,0
933,64,3,2,302,0.009868421052631578,0.006578947368421052,0.993421052631579,304,8600,6200,2400,0.7209302325581395,110,62,48,170.65428516914753,0.46206814349198083,0.8245253211535797,0.10383747008346905,2124355.8079442154,3106.0843699286997,2127461.892314144,932,0,444.44736842105266,85,219,52,37.94796759433367,0.5447162828947368,42.34496124031005,16489.922480620007,193.9990880072942,8
934,64,1,1,302,0.0033003300330033004,0.0033003300330033004,0.9966996699669967,303,9300,6700,2600,0.7204301075268817,119,67,52,188.04155554116173,0.4619496717883709,0.8389691001324426,0.11285061504492942,2116055.952706589,9681.290591816498,2125737.2432984053,933,0,446.8514851485148,88,215,56,38.01327128184121,0.5369568206820682,42.84878277153558,16457.677902621726,187.01906707524688,7
935,64,3,3,302,0.009836065573770493,0.009836065573770493,0.9901639344262295,305,9000,6800,2200,0.7555555555555555,112,68,44,187.76428433633586,0.4627098612309462,0.8386336317897802,0.11359646034493018,2120918.560029621,9646.551111922698,2130565.1111415434,934,0,443.4655737704918,73,232,56,37.71956503909457,0.5395150273224043,42.55349099099099,16476.57657657655,225.7065284462541,0
936,64,1,2,301,0.0033003300330033004,0.006600660066006601,0.9933993399339934,303,9950,7600,2350,0.7638190954773869,123,76,47,207.650006427131,0.4625999023743434,0.8527572189843104,0.12138744156809866,2100058.308545152,16665.424253349956,2116723.7327985023,935,0,444.3003300330033,85,218,49,38.50315208825847,0.5260244774477447,43.82267441860464,16395.348837209247,192.8864569083441,8
937,64,2,1,302,0.006600660066006601,0.0033003300330033004,0.9966996699669967,303,8850,6300,2550,0.711864406779661,114,63,51,187.39199212418023,0.4625716710743922,0.8390316580701416,0.10906985276018433,2097387.6891613337,9156.731465735467,2106544.420627069,936,0,445.27392739273927,83,220,56,39.188110519092625,0.5217959295929593,43.98561507936511,16384.920634920803,197.40868234844342,8
938,64,0,1,301,0.0,0.0033112582781456954,0.9966887417218543,302,8850,6500,2350,0.7344632768361582,112,65,47,224.02872101491033,0.4625393280675893,0.8546583294147638,0.12703810183056538,2081234.9064434022,24001.278844419423,2105236.1852878216,937,1,447.27814569536423,85,217,51,39.2600233515396,0.5144867549668874,44.973352713178265,16321.705426356424,192.02006383948734,8
939,64,3,1,303,0.009868421052631578,0.003289473684210526,0.9967105263157895,304,10100,7300,2800,0.7227722772277227,129,73,56,220.0610595637985,0.4630133243587517,0.8535939101261265,0.125888072219664,2086697.5061728407,20940.172839506275,2107637.679012347,938,0,445.32236842105266,74,230,48,39.01938522063892,0.517064144736842,44.63888888888889,16343.11111111112,220.85285285285298,0
940,64,5,1,307,0.016233766233766232,0.003246753246753247,0.9967532467532467,308,10800,8000,2800,0.7407407407407407,136,80,56,211.651098377424,0.46386620979454857,0.8504192580640093,0.12269843395446534,2094927.6024996305,16278.745618046647,2111206.348117677,939,0,440.1331168831169,80,228,48,38.72040862484921,0.5202922077922079,44.13580246913582,16375.3086419754,204.6913580246925,0
941,64,1,1,307,0.003246753246753247,0.003246753246753247,0.9967532467532467,308,8600,6100,2500,0.7093023255813954,111,61,50,218.46885096127752,0.46408984270344206,0.857031550668971,0.12745250593368065,2098810.2324263,21504.931972788996,2120315.1643990893,940,0,441.1266233766234,83,225,51,38.30379624249466,0.5220170454545454,43.89880952380952,16390.47619047616,197.47561675272485,0
942,64,3,1,309,0.00967741935483871,0.0032258064516129032,0.9967741935483871,310,9200,7000,2200,0.7608695652173914,114,70,44,213.09021564344636,0.46440542680168423,0.8553748877136946,0.12518202419945054,2103072.617283952,18428.839506172913,2121501.456790125,941,0,439.2451612903226,74,236,49,38.176084443962885,0.5242271505376344,43.63888888888889,16407.111111111124,221.7177177177179,0
943,64,3,0,312,0.009615384615384616,0.0,1.0,312,9100,6600,2500,0.7252747252747253,116,66,50,204.95024289661956,0.46463172802099656,0.8508367383043953,0.12135098341049193,2107875.0054253507,14901.898871527934,2122776.9042968787,942,0,437.3685897435897,79,233,46,38.08623146128218,0.5268763354700854,43.34635416666667,16425.83333333336,207.9219409282704,0
944,64,1,0,313,0.003194888178913738,0.0,1.0,313,11050,8000,3050,0.7239819004524887,141,80,61,204.7224629974935,0.46468684293165124,0.8500506060532138,0.12190292114850794,2111311.034217617,12796.559015763527,2124107.5932333805,943,0,436.96805111821084,84,229,51,37.87869751908394,0.5291866347177849,43.137254901960794,16439.215686274576,195.7049486461259,0
945,64,2,0,315,0.006349206349206349,0.0,1.0,315,10750,7700,3050,0.7162790697674418,138,77,61,204.5701281032713,0.46496394028241167,0.8508158681923588,0.12256713413172332,2115055.7465636595,12785.445004018131,2127841.1915676775,944,0,435.1873015873016,87,228,55,37.65026205933364,0.531547619047619,42.90956439393941,16453.78787878797,189.12399860675828,0
946,64,0,0,315,0.0,0.0,1.0,315,9400,6100,3300,0.648936170212766,127,61,66,205.22541144279376,0.46497868432581807,0.8516055771539528,0.12328111511875242,2116633.860062569,14477.41096101823,2131111.2710235873,945,1,436.1873015873016,88,227,56,37.5355533812688,0.5333002645502645,42.81367041198503,16459.92509363301,187.04460333673876,0
947,64,5,0,320,0.015625,0.0,1.0,320,9400,6500,2900,0.6914893617021277,123,65,58,201.00392601821738,0.46539968652037617,0.8537551213567063,0.12180256761418114,2121888.0351011627,11901.565125282377,2133789.600226445,946,0,430.35625,77,243,54,37.31869965079693,0.5386067708333333,42.4946581196581,16480.341880341774,214.03041403041263,8
948,64,1,2,319,0.003115264797507788,0.006230529595015576,0.9937694704049844,321,10200,7400,2800,0.7254901960784313,130,74,56,208.25127351792975,0.46557916342159916,0.8619247341763945,0.12121081313159497,2097387.6891613193,12956.731465734803,2110344.4206270543,947,0,430.01246105919006,83,238,52,38.6540829095019,0.5236565420560748,43.98561507936509,16384.920634920687,197.408682348442,8
949,64,4,1,322,0.01238390092879257,0.0030959752321981426,0.9969040247678018,323,10350,7300,3050,0.7053140096618358,134,73,61,206.6694214876041,0.4665776493663827,0.8584069800168888,0.11598794063079784,2074759.9451303072,10807.887517146406,2085567.8326474535,948,0,426.09597523219816,80,243,45,40.10795454545458,0.5098361713106295,45.37037037037036,16296.29629629623,203.70370370370287,8
950,64,4,2,324,0.012269938650306749,0.006134969325153374,0.9938650306748467,326,10600,7600,3000,0.7169811320754716,136,76,60,208.04270301204113,0.4671871558911436,0.8601231601860031,0.11805342726591578,2081659.8589274876,10814.828760587254,2092474.6876880748,949,0,423.1134969325153,86,240,52,39.64113307044723,0.5132604805725971,44.94731800766282,16323.371647509508,189.80664706406404,0
951,64,5,3,326,0.015197568389057751,0.00911854103343465,0.9908814589665653,329,9100,6200,2900,0.6813186813186813,120,62,58,204.92374098089326,0.46809128425630764,0.8587614973946176,0.1176706998590389,2089032.450947586,10718.468975733387,2099750.9199233195,950,0,419.93617021276594,73,256,53,39.26017620700424,0.5161790780141844,44.49605855855859,16352.252252252385,224.00345551030665,0
952,64,2,2,326,0.006097560975609756,0.006097560975609756,0.9939024390243902,328,10000,6400,3600,0.64,136,64,72,200.48961012057435,0.4681863174709729,0.8556422895830438,0.11589425063142623,2093154.1805920987,8331.13311783283,2101485.3137099314,951,0,422.1371951219512,77,251,50,39.116484343724466,0.5183561991869918,44.24412393162396,16368.376068376207,212.57631257631436,0
953,64,3,2,327,0.00911854103343465,0.0060790273556231,0.993920972644377,329,8750,6300,2450,0.72,112,63,49,198.41841738866228,0.468575475078459,0.8542080502302791,0.11519704428564856,2095836.8241456887,8620.525150373927,2104457.3492960627,952,0,421.65045592705167,81,248,54,39.00236606108741,0.5198201621073961,44.08028455284554,16378.86178861795,202.20817022985125,0
954,64,4,0,331,0.012084592145015106,0.0,1.0,331,10400,8000,2400,0.7692307692307693,128,80,48,196.95186077010862,0.46897601391559096,0.8550113191279887,0.11517082684956037,2100256.9003140004,6129.900922421209,2106386.801236422,953,0,420.0725075528701,85,246,55,38.76486336343434,0.5216515609264853,43.8105620155039,16396.124031007883,192.89557683538686,0
955,64,2,1,332,0.006006006006006006,0.003003003003003003,0.996996996996997,333,10050,7200,2850,0.7164179104477612,129,72,57,195.77886333285903,0.46920150572259006,0.8553713197138952,0.11514730370061393,2103790.1816512374,5725.5300909012785,2109515.7117421385,954,0,418.54354354354354,73,260,59,38.57529279897525,0.524024024024024,43.595157657657644,16409.909909909842,224.7932864371211,0
956,64,3,2,333,0.008955223880597015,0.005970149253731343,0.9940298507462687,335,9500,6300,3200,0.6631578947368421,127,63,64,193.8842230042241,0.46984203235320404,0.8541275935019323,0.11507947475320052,2109361.4455493195,5294.380981078266,2114655.826530398,955,0,417.0,77,258,48,38.27801257043778,0.5265858208955223,43.255876068376026,16431.623931623722,213.39771339771067,0
957,64,2,3,332,0.005970149253731343,0.008955223880597015,0.991044776119403,335,9100,5600,3500,0.6153846153846154,126,56,70,202.34620972326712,0.47027884529448566,0.864968044604006,0.11809085275081144,2099039.7971933857,8846.549404075273,2107886.346597461,956,0,417.93134328358207,84,251,50,38.70241000366846,0.519092039800995,43.884803921568626,16391.372549019594,195.1353874883285,8
958,64,1,1,332,0.003003003003003003,0.003003003003003003,0.996996996996997,333,10400,7500,2900,0.7211538461538461,133,75,58,206.36287807182703,0.47011318547463127,0.8674453457377815,0.12074945975196895,2100639.9252409325,9698.820153061451,2110338.745393994,957,0,418.61561561561564,83,250,50,38.499921349402264,0.5206456456456456,43.78720238095239,16397.61904761907,197.56167527251893,0
959,64,1,0,333,0.003003003003003003,0.0,1.0,333,9750,6800,2950,0.6974358974358974,127,68,59,206.63158469143406,0.47015464259440165,0.8668896056550384,0.1219909501458169,2106100.769265876,10687.38789465086,2116788.157160527,958,0,419.5945945945946,73,260,51,38.15334933699131,0.5226789289289289,43.45439189189187,16418.91891891883,224.916697519436,0
960,64,0,1,332,0.0,0.003003003003003003,0.996996996996997,333,11150,8600,2550,0.7713004484304933,137,86,51,206.13928214698268,0.4701497431166106,0.8668855012271863,0.12205215619333824,2107860.746913576,9152.580246913327,2117013.3271604893,959,1,420.5945945945946,74,259,46,38.056600285008194,0.524587087087087,43.347222222222214,16425.777777777745,221.96996996996953,0
961,64,0,0,332,0.0,0.0,1.0,332,10200,6800,3400,0.6666666666666666,136,68,68,207.08777649976008,0.4701005684368895,0.8664286394834759,0.12302707015119989,2109908.690736886,10787.259876444463,2120695.9506133306,960,2,422.4909638554217,78,254,47,37.90502721577485,0.526355421686747,43.22257383966245,16433.755274261624,210.68917018284134,0
962,64,2,2,332,0.005988023952095809,0.005988023952095809,0.9940119760479041,334,10100,7400,2700,0.7326732673267327,128,74,54,206.2841135281631,0.4704459324594055,0.8663546942105491,0.12316160119385176,2112932.8607310522,10272.896424086324,2123205.7571551385,961,0,420.95508982035926,81,253,50,37.737912794146695,0.5282248003992016,43.03861788617887,16445.5284552846,203.03121549734072,0
963,64,2,1,333,0.005988023952095809,0.0029940119760479044,0.9970059880239521,334,10050,7100,2950,0.7064676616915423,130,71,59,207.55182639633543,0.47053190915466364,0.8677628349857673,0.12469944610254871,2116734.77261274,11016.433610480768,2127751.2062232206,962,0,421.8862275449102,83,251,54,37.4694631951141,0.530064870259481,42.80753968253967,16460.317460317387,198.31707783514923,0
964,64,3,2,334,0.008928571428571428,0.005952380952380952,0.9940476190476191,336,10650,7700,2950,0.7230046948356808,136,77,59,205.85842831664803,0.4706362162402274,0.8677021519220667,0.12498083254061226,2123026.3676303825,9558.574263038357,2132584.941893421,963,0,419.16964285714283,69,267,53,37.12320902420706,0.5324590773809523,42.425595238095234,16484.761904761883,238.90959282263597,0
965,64,0,0,334,0.0,0.0,1.0,334,11350,7400,3950,0.6519823788546255,153,74,79,202.08570764024262,0.470577800854747,0.8631261105140324,0.1233314254552865,2126151.117283949,7782.950617283805,2133934.0679012327,964,1,422.5059880239521,74,260,49,37.02707132208989,0.5346494510978044,42.23611111111111,16496.888888888876,222.93093093093074,0
966,64,0,3,331,0.0,0.008982035928143712,0.9910179640718563,334,9150,6200,2950,0.6775956284153005,121,62,59,203.26768059029965,0.4705047487607368,0.8635080039310263,0.12440239760754675,2127834.6265706066,10554.001844546878,2138388.6284151534,965,2,423.5059880239521,77,257,50,36.89250047473542,0.5359593313373254,42.1340811965812,16503.418803418823,214.33011433011458,0
967,64,2,1,332,0.006006006006006006,0.003003003003003003,0.996996996996997,333,9350,6000,3350,0.6417112299465241,127,60,67,179.84099928271993,0.47055866107070926,0.8446627115633996,0.1087155536778023,2120435.159311925,318.23559297324755,2120753.3949048985,966,0,423.0810810810811,82,251,54,37.95341524060259,0.5390703203203203,42.58283132530117,16474.698795180553,200.91096091683602,8
968,64,3,1,334,0.008955223880597015,0.0029850746268656717,0.9970149253731343,335,10500,6800,3700,0.6476190476190476,142,68,74,172.3977932237492,0.47069070813596686,0.838006216227384,0.10492796417204707,2124525.1498175175,-4247.310504621315,2120277.839312896,967,0,421.4865671641791,91,244,49,37.89259898053348,0.5411069651741294,42.33469202898549,16490.579710144848,181.21516164994338,0
969,64,1,1,334,0.0029850746268656717,0.0029850746268656717,0.9970149253731343,335,10650,7200,3450,0.676056338028169,141,72,69,175.50504412428543,0.47061697500521343,0.8407385455394525,0.10735150806214128,2127501.697600714,-2972.5441376191884,2124529.153463095,968,0,422.4835820895522,93,242,51,37.628932439401765,0.5428171641791044,42.15425531914892,16502.127659574388,177.44223289864934,0
970,64,0,1,333,0.0,0.0029940119760479044,0.9970059880239521,334,9400,6400,3000,0.6808510638297872,124,64,60,178.48820669262977,0.4703142513771256,0.8415448366585201,0.10958986250029873,2129760.1729892604,-172.58520755246354,2129587.5877817078,969,1,424.5419161676647,97,237,53,37.412747380275505,0.5444111776447106,42.01743197278911,16510.88435374147,170.21530261589143,0
971,64,0,2,331,0.0,0.006006006006006006,0.993993993993994,333,9200,6300,2900,0.6847826086956522,121,63,58,177.12552314610886,0.46994057310322374,0.8401244223964541,0.1090486423441631,2131377.450094788,-295.73082602807153,2131081.7192687597,970,2,426.7927927927928,102,231,53,37.34823399558494,0.5459209209209209,41.91949838187703,16517.152103559907,161.93286376039126,0
972,64,0,2,329,0.0,0.006042296072507553,0.9939577039274925,331,10650,7400,3250,0.6948356807511737,139,74,65,177.0077168358471,0.46960046080136714,0.840060804656876,0.10944491254146835,2133931.1266366118,-1305.5446778210135,2132625.581958791,971,3,429.8459214501511,105,226,56,37.19397721795163,0.5476145518630413,41.76493710691825,16527.044025157287,157.40041928721226,0
973,64,1,1,329,0.0030303030303030303,0.0030303030303030303,0.996969696969697,330,10450,7500,2950,0.7177033492822966,134,75,59,192.35400531403823,0.4697528092474901,0.8476218956482138,0.1173535903980133,2125953.969112417,5337.15221440956,2131291.121326827,972,0,429.3090909090909,85,245,49,37.290100250626566,0.5422032828282828,42.248062015503855,16496.12403100763,194.07204742361915,8
974,64,0,2,327,0.0,0.0060790273556231,0.993920972644377,329,10200,7000,3200,0.6862745098039216,134,70,64,192.63658795510042,0.4695774489089876,0.8476867150032723,0.11785550317241865,2127629.091620015,5971.841728737403,2133600.9333487526,973,1,431.58358662613983,88,241,50,37.179334422707406,0.54362968591692,42.14653558052433,16502.621722846357,187.52979230507225,0
975,64,1,1,327,0.003048780487804878,0.003048780487804878,0.9969512195121951,328,9600,6800,2800,0.7083333333333334,124,68,56,192.3849749054181,0.46952093589169835,0.8472222222222241,0.1182327078787658,2130317.2258979054,6768.205208989102,2137085.4311068947,974,0,432.7926829268293,91,237,51,37.019849628459426,0.5454458841463414,41.98369565217389,16513.043478260748,181.4620162446236,0
976,64,1,3,325,0.003048780487804878,0.009146341463414634,0.9908536585365854,328,9850,6800,3050,0.6903553299492385,129,68,61,195.78707272325858,0.4692876544591134,0.8490445859872635,0.12101799376988702,2133743.0747922226,8101.862111418053,2141844.9369036406,975,0,433.7713414634146,94,234,53,36.720629865534335,0.5470020325203252,41.77631578947366,16526.315789473516,175.81187010078207,0
977,64,3,4,324,0.009146341463414634,0.012195121951219513,0.9878048780487805,328,10200,7100,3100,0.696078431372549,133,71,62,190.0118149757254,0.4695444388503518,0.8447797292422878,0.11852008796202751,2139127.5086340914,5491.900076013493,2144619.408710105,976,0,431.3262195121951,81,247,54,36.53796942301709,0.5494791666666667,41.45071138211384,16547.1544715448,204.2858576733926,0
978,64,0,2,322,0.0,0.006172839506172839,0.9938271604938271,324,10250,7400,2850,0.7219512195121951,131,74,57,219.6865635319299,0.46903566901094423,0.8639078870326773,0.13522322016157848,2131252.1701388755,18591.49305555478,2149843.66319443,977,1,434.94135802469134,87,237,45,36.257568113017165,0.5438207304526749,41.927083333333314,16516.666666666562,189.84674329501794,8
979,64,2,1,323,0.006172839506172839,0.0030864197530864196,0.9969135802469136,324,10700,8100,2600,0.7570093457943925,133,81,52,219.47559124343485,0.4690671224630203,0.8649449174465258,0.1359032895614877,2134806.8289224813,18207.59819365616,2153014.4271161375,978,0,435.2962962962963,91,233,46,36.043164416389025,0.5459426440329218,41.71195652173911,16530.434782608587,181.65312947921524,0
980,64,1,0,324,0.0030864197530864196,0.0,1.0,324,7950,5600,2350,0.7044025157232704,103,56,47,217.45811386908284,0.4688610824446738,0.8643981541962245,0.1350963259761978,2136751.710658864,20180.799361282458,2156932.5100201466,979,0,436.212962962963,71,253,50,35.975087714387044,0.5471965020576132,41.5943287037037,16537.962962962956,232.92905581637967,0
981,64,2,1,325,0.006134969325153374,0.003067484662576687,0.9969325153374233,326,9550,6300,3250,0.6596858638743456,128,63,65,211.19516598802107,0.4688544124587069,0.861114633218568,0.13204946263068132,2140543.8452216103,15664.502539243038,2156208.3477608534,980,0,434.53067484662574,75,251,54,35.90288818229997,0.5489519427402862,41.36513157894738,16552.6315789474,220.70175438596533,0
982,64,1,2,324,0.003067484662576687,0.006134969325153374,0.9938650306748467,326,10850,8200,2650,0.7557603686635944,135,82,53,208.13880253175432,0.4686902233758062,0.8588067558411048,0.13113066257804296,2145017.232013024,13242.263616233811,2158259.4956292575,981,0,435.47546012269936,81,245,47,35.706203081301226,0.5509010736196319,41.09502032520326,16569.918699187012,204.5668975208273,0
983,64,1,2,323,0.003076923076923077,0.006153846153846154,0.9938461538461538,325,11800,8700,3100,0.7372881355932204,149,87,62,206.76144815318546,0.46865384615384614,0.8574004324078286,0.13062685883322728,2146655.5100482935,11969.120388719886,2158624.630437013,982,0,437.80615384615385,86,239,49,35.64096785626232,0.5523076923076924,40.996168582375475,16576.24521072795,192.74703733404593,0
984,64,0,1,322,0.0,0.0030959752321981426,0.9969040247678018,323,10500,7900,2600,0.7523809523809524,131,79,52,210.38924739548418,0.4683287502644078,0.8592436208535283,0.1335055778327547,2149236.40011891,15335.2457391996,2164571.6458581095,983,1,441.3715170278638,86,237,51,35.388080388080404,0.5537603199174407,40.84051724137932,16586.206896551754,192.86287089013666,0
985,64,1,1,322,0.0030959752321981426,0.0030959752321981426,0.9969040247678018,323,10050,7200,2850,0.7164179104477612,129,72,57,226.53478091798684,0.46787685325846584,0.8606758782293378,0.1444082902617348,2151902.508464131,22846.1526623571,2174748.6611264884,984,0,442.1671826625387,94,229,45,34.80532064834385,0.5588235294117647,40.67982456140349,16596.491228070085,176.55841731989452,8
986,64,1,2,321,0.0030959752321981426,0.006191950464396285,0.9938080495356038,323,10450,7800,2650,0.7464114832535885,131,78,53,212.39181249358228,0.4673937080553045,0.8552118500643464,0.1374890348070313,2160828.720375504,16738.465681748356,2177567.1860572523,985,0,443.1114551083591,94,229,38,34.62338424968709,0.5678857069143447,40.14254385964913,16630.877192982487,176.9242254572605,8
987,64,0,3,318,0.0,0.009345794392523364,0.9906542056074766,321,9200,5900,3300,0.6413043478260869,125,59,66,212.70322872133457,0.4670585085669782,0.8570083967716073,0.13831770610174635,2163452.7851622836,18634.678518036635,2182087.4636803204,986,1,445.6853582554517,95,226,45,34.45420196413917,0.5691848390446521,39.984809027777786,16640.972222222263,175.16812865497118,0
988,64,0,1,317,0.0,0.0031446540880503146,0.9968553459119497,318,8650,6600,2050,0.7630057803468208,107,66,41,219.18478915426033,0.46610320814237244,0.8603651252824429,0.1429608251647939,2165181.405895695,22664.965986394716,2187846.37188209,987,2,450.7295597484277,97,221,47,34.179538520213605,0.5708202306079664,39.88095238095239,16647.619047619075,171.62493863524818,0
989,64,1,2,316,0.0031446540880503146,0.006289308176100629,0.9937106918238994,318,9150,6300,2850,0.6885245901639344,120,63,57,223.69732206608006,0.4657336864869155,0.8667882247238512,0.14672430652050839,2168403.125000011,24263.194444444976,2192666.319444456,988,0,451.70754716981133,99,219,50,33.86437908496733,0.5722615303983228,39.687500000000014,16660.000000000087,168.28282828282917,0
990,64,1,1,316,0.0031545741324921135,0.0031545741324921135,0.9968454258675079,317,9550,6700,2850,0.7015706806282722,124,67,57,226.11709224064643,0.4650467861944123,0.8687008780614185,0.14903091122737147,2171175.4968936364,25237.978020345676,2196413.474913982,989,0,454.0820189274448,66,251,53,33.631272134017735,0.5741653522607781,39.521144278606954,16670.646766169113,252.58555706316838,0
991,64,0,2,314,0.0,0.006329113924050633,0.9936708860759493,316,10550,8100,2450,0.7677725118483413,130,81,49,222.77288469550928,0.46477169981916816,0.8652768007915517,0.1473671675365481,2173274.6659057774,23079.333311899685,2196353.999217677,990,1,455.2689873417722,71,245,50,33.589687540480014,0.5758175105485233,39.395254629629626,16678.703703703693,234.91131977047456,0
992,64,0,0,314,0.0,0.0,1.0,314,9700,6600,3100,0.6804123711340206,128,66,62,225.8812559693979,0.4643867052630865,0.8638968680182615,0.1502601398405131,2176456.6115702563,25824.15059687841,2202280.762167135,991,2,455.85350318471336,76,238,41,33.3136649721617,0.5776605626326964,39.20454545454547,16690.909090909157,219.61722488038365,0
993,64,0,1,313,0.0,0.0031847133757961785,0.9968152866242038,314,8250,5400,2850,0.6545454545454545,111,54,57,227.90450943789244,0.46411092570358764,0.8655406887819548,0.1523843891276165,2179365.0665125614,28287.425273925284,2207652.4917864865,992,3,456.85350318471336,80,234,43,33.08273378340642,0.5789543524416136,39.03034979423869,16702.057613168756,208.77572016460945,0
994,64,0,0,313,0.0,0.0,1.0,313,9900,6900,3000,0.696969696969697,129,69,60,227.42352963413435,0.4636854537014281,0.8651625836264645,0.15271708622485,2181796.6599384793,26738.3794694346,2208535.039407914,993,4,459.26837060702877,84,229,46,32.946429968242036,0.5802715654952076,38.88480392156862,16711.37254901956,198.94491129785192,0
995,64,0,0,313,0.0,0.0,1.0,313,10350,7300,3050,0.7053140096618358,134,73,61,223.47905506951392,0.4633957462931105,0.8634933792368342,0.15081458359648725,2184597.974442046,24692.378207015834,2209290.352649062,994,5,460.26837060702877,88,225,50,32.87810577554796,0.5817691693290734,38.717228464419456,16722.09737827705,190.02383384405738,0
996,64,1,2,312,0.0031847133757961785,0.006369426751592357,0.9936305732484076,314,11000,8300,2700,0.7545454545454545,137,83,54,219.8156269594886,0.46293001261675587,0.862392646101567,0.14918241930299833,2187776.81996957,22381.506665809728,2210158.3266353793,995,0,459.79936305732485,71,243,51,32.779618307235474,0.5837645966029724,38.52719907407408,16734.2592592593,235.69379238393378,0
997,64,0,0,312,0.0,0.0,1.0,312,9200,6700,2500,0.7282608695652174,117,67,50,219.40980618490798,0.46261800230851674,0.8614640937337879,0.14946890902273965,2189890.8367827325,24496.70481292136,2214387.541595654,996,1,460.44871794871796,73,239,49,32.6611601377529,0.5853365384615384,38.40090090090091,16742.342342342374,229.34715537455307,0
998,64,0,1,311,0.0,0.003205128205128205,0.9967948717948718,312,9000,5400,3600,0.6,126,54,72,215.1381871310659,0.46219417305631133,0.8583160938242507,0.14750634819317873,2193496.05654365,22980.953016788848,2216477.009560439,997,2,461.44871794871796,78,234,41,32.5530276322858,0.5870058760683761,38.185654008438824,16756.118143459953,214.8220274802558,0
999,64,0,2,309,0.0,0.006430868167202572,0.9935691318327974,311,8800,6400,2400,0.7272727272727273,112,64,48,215.97535897023891,0.46191439338934415,0.8589885155303403,0.14840834967435698,2194730.7345920214,23801.55164930599,2218532.2862413274,998,3,461.94533762057875,79,232,42,32.45584323571818,0.5883239549839228,38.11197916666668,16760.833333333394,212.16244725738474,0
1000,64,0,0,309,0.0,0.0,1.0,309,8700,6400,2300,0.735632183908046,110,64,46,181.15661483151524,0.4616216779444935,0.8359205432773,0.12144536607974016,2180851.365790818,8515.130175470196,2189366.4959662883,999,4,465.59546925566343,85,224,51,34.21212630878917,0.5813443905070119,38.94137596899225,16707.751937984496,196.56178750569995,8
1001,64,1,2,308,0.0032258064516129032,0.0064516129032258064,0.9935483870967742,310,9300,6800,2500,0.7311827956989247,118,68,50,177.63850391026543,0.46147127396735915,0.833443974955788,0.11960852820089514,2183322.7711696066,6268.438124756553,2189591.209294363,1000,0,465.09032258064514,90,220,55,34.1534649488,0.582997311827957,38.79349816849816,16717.216117216078,185.7468457468453,0
1002,64,0,4,304,0.0,0.012987012987012988,0.987012987012987,308,9900,7200,2700,0.7272727272727273,126,72,54,181.58917444772106,0.46098542133762005,0.8363236121911075,0.12270526778033762,2185333.521852863,7866.582025237891,2193200.103878101,1001,1,467.5422077922078,94,214,57,33.92783465503012,0.5845846861471862,38.67324561403507,16724.91228070164,177.9245987308685,0
1003,64,1,0,305,0.003278688524590164,0.0,1.0,305,9950,7600,2350,0.7638190954773869,123,76,47,185.94791982958637,0.46054024662065,0.8384732908388162,0.12624606457326917,2187993.4450985007,10420.565943367641,2198414.0110418685,1002,0,467.1344262295082,75,230,53,33.65198133976306,0.5864754098360656,38.514254385964925,16735.087719298313,223.13450292397752,0
1004,64,0,5,300,0.0,0.01639344262295082,0.9836065573770492,305,9950,7000,2950,0.7035175879396985,129,70,59,202.14360946087822,0.46018119068162205,0.8481389715189189,0.13581787125242178,2182115.2434842195,17270.13031550039,2199385.37379972,1003,1,468.1344262295082,89,216,49,33.5870785686848,0.582308743169399,38.86574074074073,16712.59259259255,187.78193924261294,7
1005,64,0,0,300,0.0,0.0,1.0,300,9400,6700,2700,0.7127659574468085,121,67,54,179.51909050326438,0.45937128390932735,0.8214638201067457,0.1127940453744802,2143425.1109273112,7557.145295105195,2150982.2562224166,1004,4,475.91333333333336,91,209,42,36.54500977046689,0.5604513888888889,41.191123188405776,16563.76811594191,182.0194298455155,8
1006,64,1,2,299,0.0033222591362126247,0.006644518272425249,0.9933554817275747,301,9750,7500,2250,0.7692307692307693,120,75,45,181.01059798906655,0.45929955703211517,0.8232794946265773,0.114375796344916,2146746.3006450823,7766.766322116289,2154513.0669671986,1005,0,475.32890365448503,93,208,48,36.30234850753717,0.5622923588039868,40.990691489361694,16576.595744680802,178.24296499656776,0
1007,64,0,0,299,0.0,0.0,1.0,299,10150,7300,2850,0.7192118226600985,130,73,57,181.50951825278892,0.45885614239859934,0.8221357480084939,0.11518194067826794,2149248.6840318237,8071.818648810845,2157320.5026806346,1006,1,477.5016722408027,96,203,51,36.13577190292681,0.5642767558528428,40.83977663230239,16586.25429553254,172.77348224513062,0
1008,64,1,0,300,0.0033333333333333335,0.0,1.0,300,10300,7500,2800,0.7281553398058253,131,75,56,182.70102657076333,0.4589446302489781,0.8234778400880307,0.11644238050871195,2151785.3948142263,8326.680118506683,2160112.074932733,1007,0,476.9066666666667,100,200,52,35.9492038870991,0.5659027777777778,40.686881188118804,16596.03960396034,165.9603960396034,0
1009,64,0,0,300,0.0,0.0,1.0,300,8750,6100,2650,0.6971428571428572,114,61,53,181.143131488718,0.45846502229654407,0.8223603570722495,0.11592631530222611,2154188.1931890105,9293.279026056856,2163481.472215067,1008,1,477.9066666666667,87,213,55,35.8422392292836,0.5675347222222222,40.54214015151518,16605.303030303174,190.86555207245027,0
1010,64,2,1,301,0.006622516556291391,0.0033112582781456954,0.9966887417218543,302,9800,6800,3000,0.6938775510204082,128,68,60,172.64253620363166,0.4586101882613511,0.8173547277121731,0.10790762157958389,2140342.185356638,3702.8206447181637,2144045.006001356,1009,0,475.73509933774835,89,213,56,36.912387185798465,0.5562913907284768,41.377314814814795,16551.851851851734,185.97586350395207,8
1011,64,0,2,299,0.0,0.006644518272425249,0.9933554817275747,301,11150,8400,2750,0.7533632286995515,139,84,55,182.44801640701945,0.4582876522702104,0.8299433542866717,0.11026206208945857,2120274.348422475,6017.969821672529,2126292.3182441476,1010,1,478.12292358803984,80,221,50,37.896245503597115,0.5461655592469545,42.59259259259256,16474.074074073906,205.92592592592382,8
1012,64,3,1,301,0.009933774834437087,0.0033112582781456954,0.9966887417218543,302,9600,7100,2500,0.7395833333333334,121,71,50,183.37798892657645,0.45879857795574724,0.8283464585752034,0.11004003364395638,2115991.1099402304,7605.238865471883,2123596.3488057023,1011,0,473.72185430463577,100,202,56,38.13720771668069,0.5429773730684326,42.85272277227726,16457.42574257448,164.5742574257448,8
1013,64,2,2,301,0.006600660066006601,0.006600660066006601,0.9933993399339934,303,9250,6700,2550,0.7243243243243244,118,67,51,183.53779932935043,0.4591852811108925,0.8288754443065249,0.11080082879656242,2119623.3227576134,7956.2000132194225,2127579.5227708328,1012,0,472.22442244224425,81,222,59,37.908440276406715,0.5448982398239823,42.632113821138205,16471.54471544712,203.35240389440887,0
1014,64,1,2,300,0.0033112582781456954,0.006622516556291391,0.9933774834437086,302,8500,5700,2800,0.6705882352941176,113,57,56,183.0007180709133,0.4590554938285187,0.8290211557514056,0.11102607075572456,2122607.9200307485,8787.754709726676,2131395.674740475,1013,0,472.28476821192055,84,218,54,37.737814839487356,0.5468060154525387,42.45098039215685,16483.137254901892,196.22782446311777,0
1015,64,1,1,300,0.0033222591362126247,0.0033222591362126247,0.9966777408637874,301,8000,5300,2700,0.6625,107,53,54,185.9158748041315,0.458953026947213,0.829427049158816,0.11331916086885581,2125390.911960503,10828.782139577095,2136219.69410008,1014,0,471.04318936877075,87,214,46,37.49081388939924,0.5482765780730897,42.282196969696955,16493.939393939305,189.5855102751644,0
1016,64,1,1,300,0.0033222591362126247,0.0033222591362126247,0.9966777408637874,301,8850,6200,2650,0.7005649717514124,115,62,53,184.5309362854361,0.4588561277224068,0.8282240885175318,0.1139865009398367,2133357.539862169,9684.09285247165,2143041.632714641,1015,0,470.3189368770764,93,208,56,37.03505007153075,0.5530869324473975,41.79964539007091,16524.822695035375,177.6862655380148,8
1017,64,2,0,302,0.006622516556291391,0.0,1.0,302,9250,6600,2650,0.7135135135135136,119,66,53,182.39161970375986,0.4586580878308508,0.8272708965071742,0.11316196151963866,2135970.5690230853,8266.626344736476,2144237.195367822,1016,0,469.7417218543046,82,220,57,36.929324945755994,0.5549461920529801,41.64156626506025,16534.939759036184,201.64560681751445,0
1018,64,1,1,302,0.0033003300330033004,0.0033003300330033004,0.9966996699669967,303,7750,5200,2550,0.6709677419354839,103,52,51,178.08384926468983,0.45903410705308945,0.8229324901796178,0.1110272127126082,2138846.4603585266,7828.802129360087,2146675.2624878865,1017,0,469.18811881188117,88,215,55,36.86365385485989,0.5563462596259625,41.467696629213464,16546.067415730227,188.02349336057077,0
1019,64,1,0,303,0.0033003300330033004,0.0,1.0,303,8650,6600,2050,0.7630057803468208,107,66,41,180.07580494256393,0.458986751324139,0.8229800411672306,0.11272446094437798,2141236.984932032,7866.994726884657,2149103.9796589166,1018,0,466.8976897689769,90,213,45,36.66511785703752,0.5580995599559956,41.323260073260066,16555.311355311296,183.94790394790328,0
1020,64,0,2,301,0.0,0.006600660066006601,0.9933993399339934,303,9300,6800,2500,0.7311827956989247,118,68,50,178.33473733768048,0.4587394997777923,0.8220058567788753,0.11203378034052294,2143340.4150768816,6546.409989594004,2149886.8250664757,1019,1,467.8976897689769,92,211,48,36.58086644161688,0.5594059405940595,41.19623655913978,16563.440860215007,180.03740065451095,0
1021,64,0,2,299,0.0,0.006644518272425249,0.9933554817275747,301,8750,5700,3050,0.6514285714285715,118,57,61,177.15158303662596,0.45817506459948315,0.8211428070985571,0.11176237020517986,2145827.9261606494,7077.362808711543,2152905.2889693608,1020,2,471.7574750830565,93,208,52,36.45868994636543,0.560908084163898,41.046099290780134,16573.04964539002,178.20483489666688,0
1022,64,0,2,297,0.0,0.006688963210702341,0.9933110367892977,299,9100,6800,2300,0.7472527472527473,114,68,46,193.30023074941934,0.45775768220690893,0.8409735319730429,0.12381700233103758,2154707.8941744114,14401.106628300986,2169109.0008027125,1021,3,475.88628762541805,72,227,55,35.4949133901567,0.5659141583054627,40.51084474885841,16607.305936072888,230.6570268899012,8
1023,64,3,0,300,0.01,0.0,1.0,300,8900,6200,2700,0.6966292134831461,116,62,54,172.79263253805382,0.45782957079152736,0.8229295648272772,0.10610324460807768,2129818.672839507,4703.395061728554,2134522.0679012355,1022,0,475.0466666666667,92,208,51,37.55607895917456,0.5528124999999999,42.01388888888889,16511.11111111112,179.46859903381653,8
1024,64,2,1,301,0.006622516556291391,0.0033112582781456954,0.9966887417218543,302,9900,7000,2900,0.7070707070707071,128,70,58,178.40023520405538,0.4581071281893321,0.8216607736679253,0.11245511296744926,2145331.896322645,6245.5429789436375,2151577.4393015886,1023,0,472.89403973509934,96,206,49,36.456821229590915,0.5614997240618101,41.07603092783502,16571.13402061836,172.61597938144124,8
1025,64,0,2,299,0.0,0.006644518272425249,0.9933554817275747,301,9650,7100,2550,0.7357512953367875,122,71,51,183.22078714508822,0.4579858803986711,0.8303232819873818,0.10824780371307566,2106541.024974825,7342.420949862426,2113883.445924687,1024,1,475.4651162790698,83,218,45,38.72663927823426,0.5399017165005537,43.427579365079396,16420.63492063508,197.83897494741058,8
1026,64,1,1,299,0.0033333333333333335,0.0033333333333333335,0.9966666666666667,300,8550,5800,2750,0.6783625730994152,113,58,55,183.62552407127632,0.4578177257525084,0.8299459093982404,0.10906913658691578,2109800.3472222458,8932.638888889993,2118732.9861111357,1025,0,474.18333333333334,87,213,48,38.51419878296147,0.5414583333333334,43.2291666666667,16433.333333333518,188.88888888889102,0
1027,64,1,1,299,0.0033333333333333335,0.0033333333333333335,0.9966666666666667,300,9600,6900,2700,0.71875,123,69,54,184.92242978875984,0.4579324600520253,0.8340864842709292,0.10493069147071679,2081640.9451638665,7388.420305494707,2089029.3654693612,1026,0,474.98333333333335,92,208,54,40.232001961559305,0.5219444444444444,44.94847670250897,16323.29749103948,177.4271466417335,8
1028,64,3,1,301,0.009933774834437087,0.0033112582781456954,0.9966887417218543,302,8900,5900,3000,0.6629213483146067,119,59,60,189.53302722068665,0.4587378440518361,0.8385888103815691,0.10847741345183931,2087002.0829995095,9811.16452135484,2096813.2475208645,1027,0,472.70198675496687,78,224,56,39.779963513699606,0.5242480684326711,44.62025316455695,16344.303797468276,209.5423563777984,0
1029,64,1,1,301,0.0033112582781456954,0.0033112582781456954,0.9966887417218543,302,7500,5000,2500,0.6666666666666666,100,50,50,184.72416462305293,0.45863814877560455,0.8345773650501969,0.10618161395780318,2089673.7262613347,9302.646683673378,2098976.3729450083,1028,0,473.4569536423841,83,219,42,39.73634565924203,0.5258002207505519,44.456845238095234,16354.761904761881,197.0453241537576,0
1030,64,3,2,302,0.009868421052631578,0.006578947368421052,0.993421052631579,304,8700,6300,2400,0.7241379310344828,111,63,48,182.19508753735008,0.45900190347982167,0.8346189007142577,0.10568668609257291,2095303.8380745915,6850.813239068988,2102154.6513136607,1029,0,471.3125,88,216,47,39.450689139947265,0.5285087719298245,44.1128277153558,16376.779026217178,186.09976166155886,0
1031,64,2,1,303,0.006578947368421052,0.003289473684210526,0.9967105263157895,304,8900,5600,3300,0.6292134831460674,122,56,66,182.18189960224825,0.45873479206473283,0.8341048679712002,0.10617092444159254,2098161.5966563514,6749.4130702679095,2104911.0097266193,1030,0,472.29276315789474,93,211,52,39.27340740901028,0.5301192434210527,43.93838652482269,16387.943262411318,176.21444368184214,0
1032,64,3,0,306,0.00980392156862745,0.0,1.0,306,8450,6400,2050,0.757396449704142,105,64,41,179.68277969293456,0.459288947819565,0.8338384073608307,0.10535717305115024,2101915.63712263,5885.608871648458,2107801.2459942787,1031,0,470.16993464052285,76,230,53,39.10431512272365,0.5322372004357299,43.7094155844156,16402.5974025975,215.82365003417763,0
1033,64,2,2,306,0.006493506493506494,0.006493506493506494,0.9935064935064936,308,9450,6800,2650,0.7195767195767195,121,68,53,178.2938213326344,0.45972911114401344,0.8328778799008831,0.10540730717185397,2106948.3024691464,4081.1728395066775,2111029.475308653,1032,0,468.11038961038963,80,228,51,38.827807848443854,0.5343276515151515,43.40277777777779,16422.222222222306,205.27777777777882,0
1034,64,0,0,306,0.0,0.0,1.0,306,8200,5200,3000,0.6341463414634146,112,52,60,181.4216759307594,0.4593318064930891,0.8347833229208288,0.10772311732998036,2109591.5956110926,7145.128561042487,2116736.7241721353,1033,1,471.7352941176471,81,225,54,38.58372089187942,0.5357094226579521,43.24186991869921,16432.520325203364,202.87062129880698,0
1035,64,0,1,305,0.0,0.0032679738562091504,0.9967320261437909,306,9850,7400,2450,0.751269035532995,123,74,49,184.2023519142947,0.4593563609414622,0.8380398491502894,0.10996291166711247,2112851.2178696827,6788.432715315963,2119639.6505849985,1034,2,472.7352941176471,86,220,55,38.31038472888804,0.5372753267973855,43.04358237547894,16445.210727969425,191.223380557784,0
1036,64,1,0,306,0.0032679738562091504,0.0,1.0,306,8950,6300,2650,0.7039106145251397,116,63,53,186.60815336172206,0.4592021143612272,0.8404164438302089,0.11199513645031796,2116081.6358024837,8825.617283951262,2124907.253086435,1035,0,473.72222222222223,89,217,58,38.048541722927375,0.5390114379084967,42.84722222222224,16457.77777777789,184.91885143570664,0
1037,64,2,1,307,0.006493506493506494,0.003246753246753247,0.9967532467532467,308,8650,5700,2950,0.6589595375722543,116,57,59,217.57227252763698,0.45972007769646206,0.8605766932208796,0.12966477278173236,2111827.972308777,21645.042224530058,2133473.014533307,1036,0,471.63961038961037,75,233,48,37.516506162300566,0.5340232683982684,43.10581140350875,16441.228070175355,219.21637426900475,8
1038,64,4,0,311,0.012861736334405145,0.0,1.0,311,9500,7100,2400,0.7473684210526316,119,71,48,211.86372529130495,0.46033822563357885,0.8571869290588094,0.12719893334146273,2116301.9598474186,17973.52341091258,2134275.483258331,1037,0,467.9967845659164,82,229,53,37.38541717501993,0.5366760450160772,42.83383534136546,16458.634538152583,200.71505534332417,0
1039,64,2,3,310,0.006389776357827476,0.009584664536741214,0.9904153354632588,313,9950,7100,2850,0.7135678391959799,128,71,57,210.51810813927656,0.46097056675131753,0.8560924950892617,0.1274036621148469,2121113.388888884,16756.555555555347,2137869.9444444394,1038,0,466.0,74,239,51,37.12170254086421,0.5387712992545262,42.54166666666666,16477.333333333292,222.66666666666612,0
1040,64,1,0,311,0.003215434083601286,0.0,1.0,311,9100,6400,2700,0.7032967032967034,118,64,54,207.11673597369747,0.4606861321439684,0.8525772600638901,0.12603020298258893,2124386.9352148515,16699.217593373152,2141086.152808225,1039,0,467.5594855305466,76,235,45,37.00656743323183,0.5405278670953912,42.34307359307358,16490.043290043246,216.9742538163585,0
1041,64,0,4,307,0.0,0.012861736334405145,0.9871382636655949,311,9000,6400,2600,0.7111111111111111,116,64,52,208.64057738553217,0.4605257926217889,0.8545184571178293,0.1274567970273417,2126738.2866753438,17544.780815971986,2144283.067491316,1040,1,468.5594855305466,79,232,45,36.821777615031095,0.5419681136120043,42.20052083333333,16499.16666666664,208.8502109704638,0
1042,64,1,1,307,0.003246753246753247,0.003246753246753247,0.9967532467532467,308,7550,4700,2850,0.6225165562913907,104,47,57,205.3813136860607,0.46073843366188644,0.8514851549248363,0.12606943551231256,2129606.343883891,18326.269708208336,2147932.6135920994,1041,0,473.08116883116884,80,228,48,36.72846045197739,0.5435606060606061,42.02674897119341,16510.288065843604,206.37860082304505,0
1043,64,0,0,307,0.0,0.0,1.0,307,10050,6600,3450,0.6567164179104478,135,66,69,192.25577306661643,0.4604645242099736,0.8456567050796389,0.11618431793462936,2120248.2290298324,10075.99247305082,2130324.2215028834,1042,1,475.6058631921824,72,235,53,37.6454025537262,0.5437024972855592,42.594178082191775,16473.972602739694,228.8051750380513,8
1044,64,1,0,308,0.003246753246753247,0.0,1.0,308,8600,5900,2700,0.686046511627907,113,59,54,190.33125696269252,0.4606152703160032,0.8438918467654111,0.1155266466680526,2122884.349030465,10610.24930747891,2133494.5983379437,1043,0,475.0584415584416,75,233,54,37.53192848020437,0.545217803030303,42.43421052631578,16484.210526315743,219.7894736842099,0
1045,64,3,2,309,0.00964630225080386,0.006430868167202572,0.9935691318327974,311,8150,6200,1950,0.7607361963190185,101,62,39,180.96545739306805,0.46118875981053137,0.8366810472289006,0.10910020128440558,2118807.8931988967,6336.207904155397,2125144.101103052,1044,0,471.4662379421222,77,234,54,38.02505016953843,0.5449825830653805,42.681623931623896,16468.376068375896,213.87501387501163,8
1046,64,3,0,312,0.009615384615384616,0.0,1.0,312,10400,7400,3000,0.7115384615384616,134,74,60,177.46410314334287,0.46173384381784704,0.8319405857498401,0.10769396944178146,2122758.2477014465,2542.677723693767,2125300.92542514,1045,0,470.2628205128205,85,227,58,37.87112804113365,0.5474759615384616,42.44186046511626,16483.720930232448,193.92612859096997,0
1047,64,1,4,309,0.003194888178913738,0.012779552715654952,0.9872204472843451,313,9300,6600,2700,0.7096774193548387,120,66,54,176.86834281868514,0.4620351028098632,0.831528291094213,0.10787951591972843,2125807.445987647,3297.6080246909187,2129105.0540123377,1046,0,469.75718849840257,89,224,47,37.69828573353094,0.5489217252396166,42.256944444444436,16495.5555555555,185.3433208489382,0
1048,64,1,2,308,0.0032258064516129032,0.0064516129032258064,0.9935483870967742,310,9950,6900,3050,0.6934673366834171,130,69,61,175.90105570243352,0.46138906288060694,0.8294820807414724,0.10769683991071521,2128074.196597342,2916.0995589157665,2130990.296156258,1047,0,473.81935483870967,91,219,50,37.583421145065,0.5502688172043011,42.11956521739129,16504.34782608687,181.36645962732823,0
1049,64,0,1,307,0.0,0.003246753246753247,0.9967532467532467,308,8550,5500,3050,0.6432748538011696,116,55,61,178.90077096530928,0.4609942344571823,0.8325315253588768,0.10983074571629385,2129692.674160378,6050.732265291874,2135743.40642567,1048,1,477.8766233766234,90,218,54,37.406265252695555,0.5511701839826839,42.021520146520125,16510.622710622585,183.45136345136206,0
1050,64,0,1,306,0.0,0.003257328990228013,0.996742671009772,307,8800,6300,2500,0.7159090909090909,113,63,50,178.87189348592187,0.46069516297289814,0.8314522849939421,0.11025983882042567,2132112.499999983,6074.999999999246,2138187.499999982,1049,2,480.3973941368078,94,213,54,37.2578692493947,0.552999457111835,41.87499999999998,16519.999999999865,175.74468085106238,0
1051,64,1,1,306,0.003257328990228013,0.003257328990228013,0.996742671009772,307,10000,6700,3300,0.67,133,67,66,173.98036099906375,0.4606703249522755,0.8239334248299977,0.10758377425044088,2133990.1859503994,2854.4765840215623,2136844.662534421,1050,0,481.15635179153094,98,209,59,37.26851851851849,0.5582926167209554,41.76136363636362,16527.27272727262,168.6456400742104,8
1052,64,1,1,306,0.003257328990228013,0.003257328990228013,0.996742671009772,307,9750,7300,2450,0.7487179487179487,122,73,49,197.358983109633,0.46066278483887224,0.8467070723782151,0.11967147777442488,2122278.085999385,12620.128985739004,2134898.214985124,1051,0,482.0912052117264,78,229,56,37.38842523850974,0.5471634093376765,42.47099156118142,16481.856540084314,211.30585307800402,8
1053,64,0,2,304,0.0,0.006535947712418301,0.9934640522875817,306,7300,4700,2600,0.6438356164383562,99,47,52,183.81820813431608,0.46051466123790136,0.8313202349497699,0.10995670995670995,2114082.031250018,9221.354166667348,2123303.3854166856,1052,1,484.66339869281046,99,207,51,38.2440476190476,0.5467047930283224,42.96875000000002,16450.000000000142,166.1616161616176,8
1054,64,1,2,303,0.003278688524590164,0.006557377049180328,0.9934426229508196,305,9500,7000,2500,0.7368421052631579,120,70,50,192.43510498989377,0.460237812769629,0.8398500181123796,0.11580493635397919,2117714.6667926554,11004.528848576878,2128719.195641232,1053,0,487.1803278688525,104,201,52,37.79758461558239,0.5484972677595629,42.74801587301589,16464.12698412708,158.30891330891424,0
1055,64,0,0,303,0.0,0.0,1.0,303,8850,6700,2150,0.7570621468926554,110,67,43,188.8011823432688,0.459949347583765,0.835919771661505,0.11406545759662914,2120083.6805555364,10604.861111110211,2130688.5416666465,1054,1,490.7887788778878,79,224,54,37.74450290031023,0.5498831133113311,42.604166666666636,16473.333333333183,208.52320675105295,0
1056,64,3,0,306,0.00980392156862745,0.0,1.0,306,9650,6800,2850,0.7046632124352331,125,68,57,181.9723028817621,0.4602680006428801,0.8303062726748551,0.11052942191412168,2123299.881827901,6426.353840958427,2129726.2356688594,1055,0,486.9673202614379,86,220,56,37.721561153977234,0.5517769607843137,42.40900383141759,16485.823754789093,191.69562505568712,0
1057,64,0,4,302,0.0,0.013071895424836602,0.9869281045751634,306,8750,6000,2750,0.6857142857142857,115,60,55,183.7915731639587,0.46006732383299404,0.8314322455612422,0.11219573646671996,2126306.332780923,8209.43718605869,2134515.769966982,1056,1,487.9673202614379,92,214,46,37.48904652240665,0.5532407407407407,42.22670250896057,16497.491039426506,179.32055477637508,0
1058,64,1,0,303,0.0033003300330033004,0.0,1.0,303,10000,7500,2500,0.75,125,75,50,184.0640284771791,0.4595741445005428,0.8310546676346704,0.11291020260562205,2129215.2393043847,7782.38688827237,2136997.6261926573,1057,0,493.71287128712873,94,209,49,37.302515054906074,0.5547304730473047,42.050438596491205,16508.77192982443,175.62523329600458,0
1059,64,1,1,303,0.003289473684210526,0.003289473684210526,0.9967105263157895,304,9650,6500,3150,0.6735751295336787,128,65,63,183.86649161707584,0.45946081039024955,0.8324708266125025,0.11327718819205751,2131789.8559570103,7942.944335936435,2139732.800292947,1058,0,493.0855263157895,95,209,55,37.14883654937568,0.5563665021929824,41.89453124999997,16518.749999999836,173.8815789473667,0
1060,64,0,1,302,0.0,0.0033003300330033004,0.9966996699669967,303,8100,5500,2600,0.6790123456790124,107,55,52,181.0662775102644,0.45921988722051016,0.8301431651777194,0.11196842319174177,2134005.836805536,8579.29861111035,2142585.1354166465,1059,1,495.5676567656766,99,204,58,37.084568660669866,0.5579276677667766,41.76041666666664,16527.33333333318,166.94276094275938,0
1061,64,0,0,302,0.0,0.0,1.0,302,9650,7000,2650,0.7253886010362695,123,70,53,181.72285765972885,0.45886618739595025,0.8309376236758133,0.11291395845695026,2136847.41753473,7612.803819444897,2144460.221354175,1060,2,498.1092715231788,79,223,58,36.89261480063153,0.559430187637969,41.58854166666668,16538.333333333394,209.3459915611822,0
1062,64,0,0,302,0.0,0.0,1.0,302,8650,5500,3150,0.6358381502890174,118,55,63,179.2280547891697,0.4585881865452172,0.8290465294264662,0.11175396357442369,2138917.311124337,7620.797805539532,2146538.1089298762,1061,3,499.1092715231788,81,221,52,36.82971370545077,0.5605684326710817,41.46341463414635,16546.341463414683,204.27582053598374,0
1063,64,0,2,300,0.0,0.006622516556291391,0.9933774834437086,302,8050,5700,2350,0.7080745341614907,104,57,47,177.70370704022315,0.45858566551524355,0.8265567358549268,0.11125148045795503,2141300.1543209916,7653.395061728481,2148953.54938272,1062,4,500.1092715231788,86,216,49,36.72259507829977,0.5618446467991169,41.31944444444445,16555.555555555587,192.50645994832078,0
1064,64,0,0,300,0.0,0.0,1.0,300,9150,6300,2850,0.6885245901639344,120,63,57,176.42180577127388,0.4587007617985879,0.8242562864254943,0.11091708862701712,2143791.876714677,6492.326817558288,2150284.203532235,1063,5,502.41,89,211,50,36.602637913816,0.5632638888888889,41.16898148148148,16565.18518518518,186.1256762380357,0
1065,64,0,0,300,0.0,0.0,1.0,300,7600,5300,2300,0.6973684210526315,99,53,46,174.62741406352885,0.45861250464511333,0.8210072087658586,0.11019066083921372,2145938.5156922457,7347.9387469329695,2153286.4544391786,1064,6,503.41,92,208,51,36.517264994232995,0.5645138888888889,41.03942652329749,16573.47670250897,180.14648589683665,0
1066,64,0,3,297,0.0,0.01,0.99,300,8150,6300,1850,0.7730061349693251,100,63,37,208.3456329274855,0.45846664808621335,0.8479608992134497,0.13000685870529047,2139359.556839275,20995.244185829142,2160354.8010251042,1065,7,504.41,76,224,49,36.0496346291355,0.5549305555555555,41.43668831168833,16548.05194805203,217.73752563226356,8
1067,64,1,2,296,0.003355704697986577,0.006711409395973154,0.9932885906040269,298,8050,5400,2650,0.6708074534161491,107,54,53,208.53908477470333,0.4580148521004226,0.846395136066906,0.13058819994238466,2141445.6873453376,21665.024746746614,2163110.7120920843,1066,0,507.5302013422819,78,220,46,35.91597006303412,0.5566624720357942,41.310654008438824,16556.118143459953,212.25792491615326,0
1068,64,1,1,296,0.003367003367003367,0.003367003367003367,0.9966329966329966,297,9600,6800,2800,0.7083333333333334,124,68,56,209.51863024961926,0.45772950981284316,0.8458988365755127,0.1319054731497378,2144596.2689619395,20866.57454227031,2165462.84350421,1067,0,510.16498316498314,81,216,48,35.69641747223449,0.5587471941638609,41.12042682926831,16568.292682926924,204.5468232460114,0
1069,64,1,1,296,0.003367003367003367,0.003367003367003367,0.9966329966329966,297,8050,5500,2550,0.6832298136645962,106,55,51,206.99271345637763,0.4579276245942913,0.8502849438780122,0.1292082315033764,2139568.0930860466,21125.001042513635,2160693.0941285603,1068,0,510.976430976431,72,225,51,36.07175376634845,0.5548190235690236,41.424086757990864,16548.858447488565,229.84525621511895,8
1070,64,2,0,298,0.006711409395973154,0.0,1.0,298,10100,7900,2200,0.7821782178217822,123,79,44,195.02990641035453,0.45795176786507885,0.8416263305111034,0.12439331061264863,2152223.0517174713,14249.572070133625,2166472.6237876047,1069,0,510.21140939597313,87,211,52,35.602615743910405,0.5612765659955257,40.66051136363638,16597.72727272737,190.77847439916516,8
1071,64,1,2,297,0.0033444816053511705,0.006688963210702341,0.9933110367892977,299,9300,6800,2500,0.7311827956989247,118,68,50,191.38406604328935,0.4581158859135223,0.8392032392234512,0.12252593014086857,2154405.4480705443,13363.774911510456,2167769.2229820546,1070,0,509.5016722408027,75,224,52,35.56319660873698,0.5629180602006689,40.529057017543835,16606.140350877067,221.4152046783609,0
1072,64,1,1,297,0.003355704697986577,0.003355704697986577,0.9966442953020134,298,9000,6600,2400,0.7333333333333333,114,66,48,190.88082036873044,0.4576514115803825,0.8377476655029419,0.12294394011493642,2157914.343861838,13780.89204835876,2171695.235910197,1071,0,511.76174496644296,77,221,52,35.361007542641595,0.5647021812080537,40.317841880341845,16619.65811965795,215.83971583971365,0
1073,64,1,0,298,0.003355704697986577,0.0,1.0,298,8650,6500,2150,0.7514450867052023,108,65,43,207.99239843666098,0.45765965019320726,0.8489762086565142,0.12676908955811,2125361.9875018895,20161.827465324743,2145523.814967214,1072,0,509.71812080536915,80,218,46,36.92365269461077,0.5460011185682326,42.28395061728393,16493.827160493704,206.1728395061713,8
1074,64,1,0,299,0.0033444816053511705,0.0,1.0,299,9300,6500,2800,0.6989247311827957,121,65,56,207.56978804883755,0.4578703807621228,0.8493400016680797,0.12718801429996748,2128552.2626720006,19264.62840273946,2147816.89107474,1073,0,509.01003344481603,85,214,50,36.73718084190422,0.5479724080267558,42.09060077519378,16506.201550387483,194.19060647514686,0
1075,64,2,1,300,0.006644518272425249,0.0033222591362126247,0.9966777408637874,301,10250,7700,2550,0.751219512195122,128,77,51,203.72736484690319,0.4584274640088593,0.8488533996489946,0.12577727235258335,2133040.690884972,16461.751813041847,2149502.442698014,1074,0,506.62126245847173,88,213,54,36.55896308385086,0.5500069213732004,41.818820224719076,16523.59550561784,187.76813074565726,0
1076,64,0,2,298,0.0,0.006666666666666667,0.9933333333333333,300,10850,7800,3050,0.7188940092165899,139,78,61,203.59766714547533,0.4578553511705685,0.8487301323356207,0.12619278235466042,2135378.0105631556,16101.596284880308,2151479.606848036,1075,1,509.2966666666667,96,204,51,36.41801773713015,0.5517361111111111,41.677405498281765,16532.646048109833,172.2150630011441,0
1077,64,2,0,300,0.006666666666666667,0.0,1.0,300,7850,5300,2550,0.6751592356687898,104,53,51,200.98488933093907,0.4576855722779636,0.8463211931647487,0.12532819727105807,2138956.030942216,18129.568232533315,2157085.5991747496,1076,0,509.57666666666665,75,225,56,36.26483282970189,0.5537152777777778,41.461074561403514,16546.491228070197,220.61988304093597,0
1078,64,1,0,301,0.0033222591362126247,0.0,1.0,301,9250,6500,2750,0.7027027027027027,120,65,55,195.016086384279,0.45753137689184203,0.8416732165148639,0.12231058784450399,2142364.8156615663,14109.120391538941,2156473.936053105,1077,0,508.8803986710964,80,221,46,36.20920311464543,0.5553709856035438,41.255144032921805,16559.670781892983,206.99588477366228,0
1079,64,1,2,300,0.0033112582781456954,0.006622516556291391,0.9933774834437086,302,9550,6800,2750,0.7120418848167539,123,68,55,192.01631063532557,0.4577667891428865,0.8400941800551645,0.12116405362841957,2145942.988822768,12461.211109498572,2158404.1999322665,1078,0,508.1920529801325,82,220,50,36.06668605214696,0.5570502207505519,41.039156626506035,16573.49397590367,202.11578019394722,0
1080,64,1,2,299,0.0033222591362126247,0.006644518272425249,0.9933554817275747,301,7500,5000,2500,0.6666666666666666,100,50,50,190.48428749256482,0.457889904023625,0.8379101478344027,0.1206476574645842,2148136.1207228084,14137.235678585643,2162273.356401394,1079,0,509.9169435215947,84,217,53,35.97154558067671,0.5582779623477299,40.90686274509805,16581.9607843138,197.40429505135475,0
1081,64,3,0,302,0.009933774834437087,0.0,1.0,302,8750,6200,2550,0.7085714285714285,113,62,51,184.71100255330956,0.4583693153065939,0.8363973354370311,0.11699420496488155,2148152.103585404,10207.46573805209,2158359.569323456,1080,0,507.9370860927152,88,214,51,36.12014575898571,0.5578435430463576,40.90589887640449,16582.022471910095,188.4320735444329,8
1082,64,0,1,301,0.0,0.0033112582781456954,0.9966887417218543,302,11050,7900,3150,0.7149321266968326,142,79,63,185.6172744520204,0.458061749649806,0.8366793380144879,0.11792620883270866,2149931.520061719,8362.885802468849,2158294.405864188,1081,1,508.9370860927152,95,207,52,35.987385577137744,0.5599130794701987,40.7986111111111,16588.888888888818,174.61988304093492,0
1083,64,0,1,300,0.0,0.0033222591362126247,0.9966777408637874,301,9950,7500,2450,0.7537688442211056,124,75,49,186.32074260958157,0.45774132521225547,0.837115763121536,0.11888739281862674,2152463.1875715517,10059.707909623266,2162522.895481175,1082,2,511.62126245847173,98,203,50,35.81374159871256,0.561531007751938,40.64604377104376,16598.65319865311,169.3740122311542,0
1084,64,0,0,300,0.0,0.0,1.0,300,9200,6400,2800,0.6956521739130435,120,64,56,186.37575379483704,0.4575991731698253,0.836082143801216,0.11929940382502005,2154307.100882319,11102.121966502307,2165409.222848821,1083,3,512.4266666666666,80,220,50,35.6991805445414,0.5628819444444444,40.534979423868315,16605.761316872435,207.57201646090545,0
1085,64,0,0,300,0.0,0.0,1.0,300,9850,7200,2650,0.7309644670050761,125,72,53,185.06755033962662,0.45726937012263097,0.8343711255860795,0.11902978510914787,2157086.678200691,9991.349480968733,2167078.02768166,1084,4,513.4266666666666,84,216,50,35.56269470404986,0.5648263888888889,40.36764705882353,16616.470588235286,197.81512605042008,0
1086,64,1,1,300,0.0033222591362126247,0.0033222591362126247,0.9966777408637874,301,10600,7500,3100,0.7075471698113207,137,75,62,212.27479667538816,0.4571317829457364,0.8526082963386867,0.13318497462395035,2142586.1863746615,20163.409414435715,2162749.5957890972,1085,0,512.7176079734219,75,226,47,35.74899138372443,0.5566168327796235,41.24177631578949,16560.526315789535,220.80701754386047,8
1087,64,1,2,299,0.0033222591362126247,0.006644518272425249,0.9933554817275747,301,9900,6800,3100,0.6868686868686869,130,68,62,198.61076402914733,0.457217607973422,0.8425080393677371,0.12078085311497683,2124022.1501345546,14270.732410610788,2138292.8825451653,1086,0,513.6611295681063,84,217,44,37.24829155369517,0.5484496124031008,42.36519607843136,16488.627450980322,196.29318394024193,8
1088,64,1,0,300,0.0033333333333333335,0.0,1.0,300,10000,7400,2600,0.74,126,74,52,199.6589651304153,0.4570357209215905,0.8413621661178179,0.12220459368033387,2127887.3308194256,14970.356477106066,2142857.6872965316,1087,0,513.5266666666666,91,209,48,36.98229967069154,0.5508680555555556,42.13088768115943,16503.623188405854,181.3584965758885,0
1089,64,2,2,300,0.006622516556291391,0.006622516556291391,0.9933774834437086,302,9150,6400,2750,0.6994535519125683,119,64,55,197.4050144066086,0.4571913067552602,0.8407107881224516,0.1216622288789038,2132006.0580295483,14623.737320059972,2146629.795349608,1088,0,511.11920529801324,96,206,53,36.786053558551046,0.5528766556291391,41.881443298969074,16519.587628865997,172.07903780068747,0
1090,64,2,0,302,0.006622516556291391,0.0,1.0,302,9000,5700,3300,0.6333333333333333,123,57,66,197.05755273416688,0.457295814906896,0.8408867879272237,0.1219631792933332,2134522.347222219,14724.750000000027,2149247.097222219,1089,0,509.22185430463577,99,203,55,36.63974483073866,0.554739238410596,41.729166666666664,16529.33333333331,166.96296296296273,0
1091,64,0,1,301,0.0,0.0033112582781456954,0.9966887417218543,302,8750,6300,2450,0.72,112,63,49,198.08972914661726,0.4574149908692878,0.8430842326906862,0.12286256349735443,2135782.1697541634,15465.302304555795,2151247.472058719,1090,1,510.22185430463577,75,227,56,36.535371018798514,0.5561189293598234,41.6529605263158,16534.210526315852,220.45614035087803,0
1092,64,4,1,304,0.013114754098360656,0.003278688524590164,0.9967213114754099,305,9150,6000,3150,0.6557377049180327,123,60,63,190.72662473994083,0.4580398871153293,0.8370852307598133,0.11900826854557847,2139337.7164716856,11455.732368299745,2150793.4488399853,1091,0,505.91803278688525,81,224,57,36.50654253054273,0.5579918032786886,41.438008130081315,16547.967479674862,204.29589481080077,0
1093,64,0,2,302,0.0,0.006578947368421052,0.993421052631579,304,9000,6000,3000,0.6666666666666666,120,60,60,191.706334914989,0.4577271871924034,0.8363977383058732,0.1200722551646433,2141567.532750437,12310.412535304451,2153877.9452857417,1092,1,508.5394736842105,85,219,43,36.34391484845646,0.5596217105263157,41.30329457364341,16556.58914728683,194.78340173278625,0
1094,64,0,3,299,0.0,0.009933774834437087,0.9900662251655629,302,8900,6500,2400,0.7303370786516854,113,65,48,191.2226170885224,0.45748328786312004,0.8348796651969941,0.12028098405943559,2144078.399192018,12699.256547293273,2156777.655739311,1093,2,510.86423841059604,88,214,46,36.20192017845303,0.5612237858719646,41.151685393258425,16566.292134831438,188.25331971399362,0
1095,64,0,1,298,0.0,0.0033444816053511705,0.9966555183946488,299,7950,5800,2150,0.7295597484276729,101,58,43,195.35682731168976,0.45693278489820655,0.8382695186384015,0.1230247385584213,2144763.6925002895,16048.846060032382,2160812.538560322,1094,3,516.9698996655518,87,212,46,36.05273535732255,0.5619077480490524,41.110321969696976,16568.939393939414,190.44757924068293,0
1096,64,1,4,295,0.0033444816053511705,0.013377926421404682,0.9866220735785953,299,7550,5100,2450,0.6754966887417219,100,51,49,171.67080550004533,0.45699872056743956,0.818277420343251,0.10439867115345923,2124026.591159149,5576.671161561356,2129603.2623207103,1095,0,517.9498327759197,90,209,45,37.94208468476476,0.549435618729097,42.364926739926744,16488.644688644712,183.20716320716346,8
1097,64,0,2,293,0.0,0.006779661016949152,0.9932203389830508,295,9200,6700,2500,0.7282608695652174,117,67,50,171.27883455956368,0.45621709135631655,0.8158930693423152,0.10447458172330906,2125832.348771257,4622.0174333116765,2130454.3662045687,1096,1,525.664406779661,91,204,48,37.84081590815905,0.5505296610169492,42.25543478260868,16495.652173912968,181.2709030100326,0
1098,64,0,2,291,0.0,0.006825938566552901,0.9931740614334471,293,9650,7500,2150,0.7772020725388601,118,75,43,171.4792438738105,0.4558081841133293,0.8153847795979687,0.10493873345196333,2127784.8595213294,4724.187767371824,2132509.0472887014,1097,2,530.0887372013652,92,201,50,37.71528320736688,0.5520833333333333,42.137096774193544,16503.22580645159,179.38288920056078,0
1099,64,1,0,292,0.003424657534246575,0.0,1.0,292,10050,7400,2650,0.736318407960199,127,74,53,171.18874150636128,0.45573296693812865,0.8144180206777489,0.10529942087325364,2130844.706063393,4505.324715296542,2135350.03077869,1098,0,529.8732876712329,94,198,52,37.53425894450584,0.554009703196347,41.9517543859649,16515.087719298157,175.69242254572507,0
1100,64,0,1,291,0.0,0.003424657534246575,0.9965753424657534,292,8600,6200,2400,0.7209302325581395,110,62,48,174.13220075866036,0.45567878242244503,0.8173939447109937,0.10763966322474883,2133780.4377605286,7311.976712603553,2141092.414473132,1099,1,530.8732876712329,96,196,56,37.2775097729352,0.5554723173515982,41.77405498281786,16526.460481099595,172.15063001145413,0
1101,64,0,0,291,0.0,0.0,1.0,291,7750,5100,2650,0.6580645161290323,104,51,53,181.50693800600334,0.45556345538570925,0.8218783192429497,0.10906191653665939,2116793.093300252,10892.526551437299,2127685.6198516893,1100,2,533.6701030927835,97,194,55,38.13571069416323,0.5447451317296679,42.803996598639465,16460.54421768713,169.69633214110442,8
1102,64,1,0,292,0.003424657534246575,0.0,1.0,292,7850,5800,2050,0.7388535031847133,99,58,41,178.73187812638952,0.4556412700654333,0.820581045984621,0.10799633614057155,2120163.4939682106,9538.160642389175,2129701.6546106,1101,0,532.8390410958904,85,207,51,37.99875103916681,0.5463755707762556,42.599321705426355,16473.64341085271,193.80756953944365,0
1103,64,5,2,295,0.016835016835016835,0.006734006734006734,0.9932659932659933,297,9650,7000,2650,0.7253886010362695,123,70,53,175.2066115702471,0.4565161752661753,0.820406081012141,0.10707070707070705,2126953.125000011,5481.250000000304,2132434.3750000116,1102,0,524.8518518518518,93,204,43,37.670454545454554,0.5492774971941639,42.187500000000014,16500.000000000087,177.4193548387106,0
1104,64,1,0,296,0.0033783783783783786,0.0,1.0,296,8100,4900,3200,0.6049382716049383,113,49,64,174.28315709533007,0.4560328867002596,0.8238861548988132,0.10641427011706499,2126435.460718367,6820.377090691632,2133255.8378090584,1103,0,527.6216216216217,82,214,50,37.726184680298594,0.5513795045045045,42.21887550200802,16497.991967871418,201.19502399843194,8
1105,64,0,0,296,0.0,0.0,1.0,296,10300,7800,2500,0.7572815533980582,128,78,50,186.144983800425,0.4560142769888533,0.834046166178845,0.10926502952448758,2102581.3796593053,8776.995371151479,2111358.3750304566,1104,1,528.6216216216217,76,220,56,38.897355041869,0.5371621621621622,43.668831168831176,16405.19480519483,215.85782638414253,8
1106,64,2,2,296,0.006711409395973154,0.006711409395973154,0.9932885906040269,298,8300,6000,2300,0.7228915662650602,106,60,46,184.72496496084807,0.4566797260449386,0.833882482713888,0.10899270843646813,2105736.7675781255,9896.4301215277,2115633.197699653,1105,0,526.0671140939597,79,219,58,38.7379341996176,0.5389751118568233,43.4765625,16417.500000000004,207.81645569620258,0
1107,64,5,1,300,0.016611295681063124,0.0033222591362126247,0.9966777408637874,301,9300,6700,2600,0.7204301075268817,119,67,52,175.44179601192965,0.45845976375046144,0.8228584760460478,0.10096042323078219,2090375.8268593345,3847.8578808244756,2094223.684740159,1106,0,520.109634551495,90,211,47,39.92987131255225,0.530765503875969,44.4139194139194,16357.509157509088,181.75010175010098,8
1108,64,3,0,303,0.009900990099009901,0.0,1.0,303,7900,5700,2200,0.7215189873417721,101,57,44,178.71190710415453,0.4586324940441064,0.82668225694485,0.10365986666206799,2095266.2935014723,6389.80704053936,2101656.1005420117,1107,0,517.6534653465346,96,207,51,39.54215278943535,0.5328657865786579,44.11512027491406,16376.632302405329,170.5899198167222,0
1109,64,0,0,303,0.0,0.0,1.0,303,8400,6200,2200,0.7380952380952381,106,62,44,182.16874864366397,0.4586789390859616,0.8299578004675474,0.1059890901199494,2097151.999999989,7407.111111110604,2104559.1111111,1108,1,518.6534653465346,99,204,55,39.3364800347222,0.5342409240924093,43.999999999999986,16383.999999999915,165.49494949494863,0
1110,64,3,0,306,0.00980392156862745,0.0,1.0,306,9900,6800,3100,0.6868686868686869,130,68,62,182.10060149381954,0.45920256080574307,0.8344492268452102,0.10665892373209453,2101250.0000000047,5427.777777778018,2106677.7777777826,1109,0,514.5588235294117,98,208,52,39.08367208672089,0.5365604575163399,43.75000000000001,16400.000000000036,167.34693877551058,0
1111,64,2,0,308,0.006493506493506494,0.0,1.0,308,11350,8200,3150,0.7224669603524229,145,82,63,182.82050992141978,0.45991793223063576,0.8344341372912811,0.10797126029995083,2106314.7767108763,4065.5083066612415,2110380.2850175374,1110,0,512.211038961039,80,228,54,38.7509398496241,0.5384199134199135,43.441358024691375,16419.753086419827,205.24691358024785,0
1112,64,1,1,308,0.003236245954692557,0.003236245954692557,0.9967637540453075,309,10050,7000,3050,0.6965174129353234,131,70,61,179.07928898915088,0.46019356183191135,0.8308432168320996,0.10631717256598533,2109505.218655063,3703.7389351311795,2113208.957590194,1111,0,511.55016181229774,86,223,52,38.64921423241935,0.5402170981661273,43.24712643678164,16432.183908046154,191.0719059075134,0
1113,64,3,2,309,0.00964630225080386,0.006430868167202572,0.9935691318327974,311,8350,5800,2550,0.6946107784431138,109,58,51,176.63715179187142,0.4605897555578606,0.8303475326381138,0.10556371962538008,2113523.304584144,4115.347353498278,2117638.6519376426,1112,0,509.2475884244373,91,220,55,38.46319058947927,0.5419011254019293,43.00271739130438,16447.826086956702,180.74534161490882,0
1114,64,0,1,308,0.0,0.003236245954692557,0.9967637540453075,309,9000,6800,2200,0.7555555555555555,112,68,44,179.94292508917871,0.46004295731237477,0.8326180113826571,0.1078170418922771,2115084.7542880257,5318.907499623318,2120403.661787649,1113,1,513.5016181229773,93,216,55,38.281609195402325,0.5433185005393744,42.90780141843973,16453.90070921995,176.92366353999947,0
1115,64,0,0,308,0.0,0.0,1.0,308,9550,7200,2350,0.7539267015706806,119,72,47,180.1556152865901,0.45996838734012996,0.8322441762434405,0.10834598590187658,2117328.6208040076,5139.728088970998,2122468.348892979,1114,2,514.6396103896104,98,210,52,38.137348140876185,0.5448119588744589,42.77146464646466,16462.626262626327,167.98598227169722,0
1116,64,3,1,310,0.00964630225080386,0.003215434083601286,0.9967845659163987,311,9250,6600,2650,0.7135135135135136,119,66,53,173.9112806483941,0.4605521557238184,0.8282426080349672,0.10549315371521267,2122503.271116564,2375.4524120562583,2124878.7235286203,1115,0,510.66559485530547,82,229,56,37.97837174926496,0.5471262057877814,42.45732931726903,16482.730923694533,201.00891370359187,0
1117,64,1,2,309,0.003215434083601286,0.006430868167202572,0.9935691318327974,311,9950,7500,2450,0.7537688442211056,124,75,49,173.4729225726024,0.4605400546278049,0.8279666441221061,0.10565807122050011,2124955.0479613305,1574.4325010502853,2126529.4804623807,1116,0,511.363344051447,85,226,49,37.838376419898175,0.5487674169346195,42.30862403100771,16492.248062015267,194.0264477884149,0
1118,64,0,0,309,0.0,0.0,1.0,309,8000,5000,3000,0.625,110,50,60,173.9222224971728,0.46013314490256235,0.8281341459372704,0.10632132188612223,2127152.9843458654,4191.834925784386,2131344.8192716497,1117,2,515.6699029126214,85,224,55,37.691244636537306,0.5497235706580367,42.175387596899185,16500.77519379824,194.12676698586165,0
1119,64,2,3,308,0.006430868167202572,0.00964630225080386,0.9903536977491961,311,8900,6400,2500,0.7191011235955056,114,64,50,185.2154221398606,0.4602993292535353,0.8350275015914885,0.11184284921740528,2119780.8727412545,7423.221837754834,2127204.0945790093,1118,0,513.347266881029,84,227,53,37.855521696346386,0.5485664523043945,42.622549019607845,16472.15686274511,196.09710550887036,8
1120,64,1,0,309,0.003236245954692557,0.0,1.0,309,10200,7600,2600,0.7450980392156863,128,76,52,168.4513971462538,0.46011388153378446,0.8235442472938286,0.10093162225705346,2115084.754288025,-742.2036114878265,2114342.550676537,1119,0,515.6116504854369,93,216,61,38.577047413793125,0.5450377562028048,42.90780141843973,16453.900709219946,176.9236635399994,7
1121,64,0,0,309,0.0,0.0,1.0,309,9200,6500,2700,0.7065217391304348,119,65,54,169.66871165644065,0.4599050491040782,0.8233732404153506,0.10212703101920248,2117848.306295293,866.5187225800428,2118714.8250178727,1120,1,516.6116504854369,98,211,61,38.37499999999999,0.5465884573894282,42.73989898989901,16464.646464646597,168.00659657802652,0
1122,64,2,0,311,0.006430868167202572,0.0,1.0,311,9500,6000,3500,0.631578947368421,130,60,70,165.52253197376737,0.4599548801991495,0.8204689671455347,0.1005193124635392,2123188.9912889716,-1412.876460604335,2121776.1148283673,1121,0,514.2829581993569,88,223,55,38.15213028595666,0.548733922829582,42.41573033707864,16485.39325842691,187.3340143003058,0
1123,64,3,1,313,0.009554140127388535,0.0031847133757961785,0.9968152866242038,314,9350,6900,2450,0.7379679144385026,118,69,49,163.6008026714522,0.4608342151496035,0.8172584683463977,0.09722757021072574,2110129.5534393596,-3106.222263313264,2107023.3311760463,1122,0,510.359872611465,103,211,48,39.008015445822636,0.5382165605095541,43.20913461538463,16434.615384615467,159.55937266616957,8
1124,64,1,2,312,0.0031847133757961785,0.006369426751592357,0.9936305732484076,314,9600,7500,2100,0.78125,117,75,42,205.6689564507834,0.4612181019922264,0.8567466222845432,0.12409902976073686,2119321.0948216645,14775.711591220366,2134096.806412885,1123,0,510.5859872611465,71,243,53,37.357581890412995,0.5437566348195328,42.65046296296295,16470.3703703703,231.9770474700042,8
1125,64,2,4,310,0.006369426751592357,0.012738853503184714,0.9872611464968153,314,9400,6900,2500,0.7340425531914894,119,69,50,190.19063283139337,0.4609857773210422,0.835143335032676,0.1160168249634853,2125866.6976776565,8663.986509299393,2134530.684186956,1124,0,511.56050955414014,86,228,46,37.3512526904198,0.5475384819532909,42.25335249042145,16495.785440612985,191.8114586117789,8
1126,64,0,0,310,0.0,0.0,1.0,310,9800,6900,2900,0.7040816326530612,127,69,58,193.16396286093305,0.460043454431569,0.8362789182144013,0.11804464397056977,2126953.124999991,10370.138888888494,2137323.2638888797,1125,2,519.083870967742,85,225,48,37.20749158249156,0.5484879032258064,42.187499999999986,16499.99999999993,194.1176470588227,0
1127,64,0,0,310,0.0,0.0,1.0,310,9750,7100,2650,0.7282051282051282,124,71,53,191.40702978625555,0.45984945366600555,0.8339754369872086,0.11763169888805751,2130317.225897912,9801.538542322669,2140118.7644402348,1126,3,520.083870967742,91,219,54,37.0450822070095,0.5502352150537635,41.9836956521739,16513.0434782608,181.46201624462415,0
1128,64,0,1,309,0.0,0.0032258064516129032,0.9967741935483871,310,9200,6800,2400,0.7391304347826086,116,68,48,189.47569289288884,0.45974527612485644,0.8324671520969795,0.11683843270922284,2132327.6095920107,9604.850260416517,2141932.4598524272,1127,4,521.083870967742,95,215,55,36.970891130727225,0.5514112903225806,41.861979166666664,16520.83333333331,173.90350877192958,0
1129,64,1,2,308,0.0032258064516129032,0.0064516129032258064,0.9935483870967742,310,8650,6000,2650,0.6936416184971098,113,60,53,191.3521812232831,0.45951930438111144,0.8357282543088993,0.11842562939835193,2134490.39631086,11037.878626846752,2145528.2749377065,1128,0,522.0419354838709,96,214,53,36.78906791406789,0.5528561827956989,41.73109965635739,16529.20962199312,172.17926689576166,0
1130,64,1,1,308,0.003236245954692557,0.003236245954692557,0.9967637540453075,309,8750,6000,2750,0.6857142857142857,115,60,55,179.48061061072323,0.4586752581291416,0.8298303962429301,0.11358316501503347,2147645.9300197144,6542.160579114483,2154188.090598829,1129,0,521.0711974110033,96,213,51,36.286737274083954,0.5638821467098166,40.93642611683848,16580.068728522285,172.70904925544048,8
1131,64,0,1,307,0.0,0.003246753246753247,0.9967532467532467,308,8250,5600,2650,0.6787878787878788,109,56,53,181.49337888578967,0.45850651113273266,0.8322255950054052,0.11529486205808259,2149873.9201388843,8187.576388888736,2158061.496527773,1130,1,523.7597402597403,99,209,55,36.097812763734275,0.5652732683982684,40.80208333333333,16588.66666666663,167.5622895622892,0
1132,64,1,0,308,0.003246753246753247,0.0,1.0,308,8550,6700,1850,0.783625730994152,104,67,37,184.45859809738374,0.4584739025903521,0.8347742585353153,0.11753503928484245,2151648.7951234705,9228.02406927979,2160876.8191927504,1131,0,524.5941558441558,103,205,56,35.91201057077004,0.5668290043290043,40.69511217948717,16595.51282051275,161.12148369429855,0
1133,64,2,2,308,0.0064516129032258064,0.0064516129032258064,0.9935483870967742,310,9300,6400,2900,0.6881720430107527,122,64,58,182.74034495996148,0.45811366878936566,0.8354780432449407,0.11697612765875905,2154325.7866753587,7436.44748263957,2161762.234157998,1132,0,522.2032258064517,79,231,59,35.79236086716517,0.5689516129032258,40.533854166666686,16605.833333333423,210.2004219409294,0
1134,64,0,0,308,0.0,0.0,1.0,308,10450,8200,2250,0.784688995215311,127,82,45,179.57601222081354,0.45733965410268346,0.8323973281563537,0.11564292775788543,2157815.4031789848,5448.377042306017,2163263.780221291,1133,1,526.4545454545455,82,226,57,35.66063344771481,0.5707521645021645,40.3237951807229,16619.277108433762,202.6741110784605,0
1135,64,0,0,308,0.0,0.0,1.0,308,10800,8200,2600,0.7592592592592593,134,82,52,181.99087189751438,0.45722486322038436,0.8299034572177313,0.11310152204874561,2136957.5943828304,5381.355161948625,2142338.949544779,1134,2,527.4545454545455,85,223,54,36.87890594484803,0.5577313311688312,41.581879844961215,16538.75968992233,194.57364341085096,8
1136,64,1,0,309,0.003236245954692557,0.0,1.0,309,9200,6100,3100,0.6630434782608695,123,61,62,178.17223154529765,0.4574047513974699,0.8321795197656727,0.10650250646560613,2113644.925870016,4318.566627331519,2117963.4924973478,1135,0,526.7443365695793,97,212,52,38.416213449687724,0.5423408845738943,42.99532312925171,16448.299319727954,169.57009607966964,8
1137,64,1,0,310,0.0032258064516129032,0.0,1.0,310,9850,7000,2850,0.7106598984771574,127,70,57,178.66358548611555,0.45757037964992864,0.8328119680346531,0.10731099145092421,2116554.2078864747,3780.2327313448413,2120334.4406178193,1136,0,526.0419354838709,103,207,57,38.22361289610678,0.5442204301075269,42.81850961538463,16459.615384615467,159.8020911127715,0
1138,64,2,0,312,0.00641025641025641,0.0,1.0,312,9500,6700,2800,0.7052631578947368,123,67,56,178.7392897886186,0.4577643629592987,0.8346373100272229,0.10794148287353736,2119832.5701054116,3879.4736102841107,2123712.043715696,1137,0,523.6634615384615,81,231,58,38.01900819308031,0.5458733974358974,42.61941056910567,16472.357723577115,203.36244103181625,0
1139,64,2,2,312,0.006369426751592357,0.006369426751592357,0.9936305732484076,314,9000,6400,2600,0.7111111111111111,116,64,52,191.19730829211295,0.45818770646371326,0.8459798361514144,0.11299810071042905,2106744.658801028,8760.781604308875,2115505.440405337,1138,0,521.3216560509554,83,231,45,38.50934585085304,0.5376526008492569,43.415178571428584,16421.42857142863,197.84853700516422,8
1140,64,3,0,315,0.009523809523809525,0.0,1.0,315,9350,6400,2950,0.6844919786096256,123,64,59,186.3183006788605,0.4587642806591851,0.8430404544158967,0.11079122367196696,2110473.582880962,6293.9703180019005,2116767.553198964,1139,0,520.5555555555555,88,227,50,38.403328472032335,0.5399801587301587,43.18820224719103,16435.95505617988,186.77221654749863,0
1141,64,3,2,316,0.009433962264150943,0.006289308176100629,0.9937106918238994,318,9700,6900,2800,0.711340206185567,125,69,56,184.42471203765456,0.45972296622555536,0.8424595835612916,0.11029537875835221,2113949.542990769,4672.907145641448,2118622.45013641,1140,0,516.6352201257862,96,222,54,38.236661235063124,0.5417321802935011,42.97680412371136,16449.484536082593,171.34879725086034,0
1142,64,0,2,314,0.0,0.006329113924050633,0.9936708860759493,316,10550,8300,2250,0.7867298578199052,128,83,45,198.35880114237173,0.45958931920166096,0.8521128729257059,0.11456232800671626,2092614.312672366,9267.693263011322,2101882.0059353774,1141,1,520.6487341772151,82,234,43,39.204619814160424,0.5273931962025317,44.277108433734924,16366.265060240881,199.5885982956205,8
1143,64,2,1,315,0.006329113924050633,0.0031645569620253164,0.9968354430379747,316,9050,6500,2550,0.7182320441988951,116,65,51,224.73931119444006,0.4600953971602706,0.8651487626964318,0.12819513958627538,2084910.3612075574,21462.263695987363,2106372.624903545,1142,0,518.1835443037975,71,245,47,39.011753953409254,0.5237012130801688,44.74826388888888,16336.111111111077,230.08607198747995,8
1144,64,1,3,313,0.0031645569620253164,0.00949367088607595,0.990506329113924,316,9650,6400,3250,0.6632124352331606,129,64,65,224.34688136043403,0.4598461255106825,0.8639899940331399,0.1271221197451171,2080761.7979281414,20512.48404382122,2101274.2819719627,1143,0,519.1740506329114,88,228,50,39.28154786493475,0.5195147679324894,45.00234082397002,16319.850187265838,185.4528430371118,8
1145,64,3,2,314,0.00949367088607595,0.006329113924050633,0.9936708860759493,316,9100,6600,2500,0.7252747252747253,116,66,50,223.88566449423269,0.45971322249012125,0.8651057224735359,0.1280829340772589,2086731.2477173146,21137.842403214145,2107869.090120529,1144,0,519.9303797468355,73,243,51,38.91960889697372,0.522382647679325,44.63682432432433,16343.243243243265,223.88004442798993,0
1146,64,5,1,318,0.01567398119122257,0.003134796238244514,0.9968652037617555,319,9650,7100,2550,0.7357512953367875,122,71,51,208.34187811392422,0.460808885865815,0.8620319553093838,0.11771197332434316,2078953.4962488662,13176.61518399903,2092130.1114328653,1145,0,515.9843260188088,80,239,47,39.802808610830766,0.5135188087774294,45.11316872427982,16312.757201645998,203.90946502057497,8
1147,64,7,1,324,0.021538461538461538,0.003076923076923077,0.9969230769230769,325,7550,5500,2050,0.7284768211920529,96,55,41,206.32175136496653,0.4625498575498575,0.86378116560676,0.11845390536753353,2088930.148319629,13648.345336077542,2102578.4936557068,1146,0,507.41846153846154,71,254,52,39.23084182710459,0.5166666666666666,44.50231481481484,16351.851851851956,230.30777256129517,0
1148,64,5,3,326,0.015197568389057751,0.00911854103343465,0.9908814589665653,329,11000,8400,2600,0.7636363636363637,136,84,52,203.80002878985243,0.46324937603479377,0.8634717753258763,0.11837746353112792,2096128.1250000154,8638.1944444451,2104766.3194444603,1147,0,502.2218844984802,79,250,51,38.84649301315966,0.5195035460992907,44.06250000000002,16380.000000000122,207.34177215190027,0
1149,64,3,2,327,0.00911854103343465,0.0060790273556231,0.993920972644377,329,10450,7100,3350,0.6794258373205742,138,71,67,222.8576896032737,0.46350459942669336,0.8754211541908987,0.12733524554740297,2085953.1865748644,16724.141556131748,2102677.3281309963,1148,0,502.60790273556233,67,262,44,38.99453260934781,0.5142793819655522,44.684436274509785,16340.196078431287,243.88352355867593,8
1150,64,2,0,329,0.0060790273556231,0.0,1.0,329,10800,7700,3100,0.7129629629629629,139,77,62,217.67821162537984,0.4636362653520152,0.8714946343454542,0.12511715756391406,2089639.9243934301,14373.816336591013,2104013.740730021,1149,0,502.4802431610942,71,258,41,38.89633933457884,0.516748986828774,44.45891203703703,16354.62962962961,230.34689619196632,0
1151,64,3,3,329,0.009036144578313253,0.009036144578313253,0.9909638554216867,332,9300,6500,2800,0.6989247311827957,121,65,56,212.1748499701729,0.4642376151130201,0.8686766487480655,0.12277936786491553,2093810.0162539326,13150.765212944903,2106960.7814668776,1150,0,498.9307228915663,77,255,45,38.77671330618495,0.5189508032128514,44.20405982905984,16370.94017094022,212.60961260961324,0
1152,64,1,3,327,0.0030303030303030303,0.00909090909090909,0.990909090909091,330,9300,6200,3100,0.6666666666666666,124,62,62,213.3935637996479,0.4637232891222253,0.8693578307131233,0.12439524173144367,2098334.3454623674,14254.20880428369,2112588.554266651,1151,0,502.8363636363636,81,249,51,38.46343056520158,0.5207386363636364,43.9278455284553,16388.617886178945,202.3286158787524,0
1153,64,3,2,328,0.00909090909090909,0.006060606060606061,0.9939393939393939,330,9650,7000,2650,0.7253886010362695,123,70,53,207.9464601827911,0.46407406128150813,0.8600099713460765,0.12119619296849499,2098214.060356653,11613.237311385477,2109827.2976680384,1152,0,502.72727272727275,89,241,54,38.610408003374886,0.5224431818181818,43.93518518518518,16388.148148148146,184.13649604660839,8
1154,64,4,0,332,0.012048192771084338,0.0,1.0,332,10200,7300,2900,0.7156862745098039,131,73,58,206.77830462272658,0.46467232221939114,0.8603657151362287,0.12138360019456218,2102616.888888886,10355.111111110986,2112971.999999997,1153,0,499.9066265060241,74,258,56,38.36624945817081,0.5251317771084337,43.666666666666664,16405.333333333314,221.69369369369343,0
1155,64,3,1,334,0.008955223880597015,0.0029850746268656717,0.9970149253731343,335,9200,6000,3200,0.6521739130434783,124,60,64,197.1004192674118,0.4651246015431823,0.854401242260183,0.1165661460006504,2107159.498890756,6864.404138935682,2114023.903029692,1154,0,496.42089552238804,80,255,45,38.33212221442653,0.5270522388059702,43.38991769547326,16423.04526748975,205.28806584362187,0
1156,64,2,3,333,0.005952380952380952,0.008928571428571428,0.9910714285714286,336,11550,8100,3450,0.7012987012987013,150,81,69,191.70447771558548,0.46555522239990527,0.8531080817977423,0.11281460338711337,2104135.1888551554,1924.4274844924657,2106059.6163396477,1155,0,495.92261904761904,76,260,56,38.658335531522035,0.5290488591269842,43.5741341991342,16411.255411255406,215.93757120072902,8
1157,64,3,2,334,0.008928571428571428,0.005952380952380952,0.9940476190476191,336,10500,7500,3000,0.7142857142857143,135,75,60,186.92673524696278,0.4656882995735608,0.8487342347316726,0.11073295838985857,2108170.3711577356,1114.6809649791985,2109285.052122715,1156,0,496.88392857142856,83,253,48,38.53049408960608,0.5314980158730158,43.328373015873034,16426.98412698423,197.91547140944854,0
1158,64,0,3,331,0.0,0.008982035928143712,0.9910179640718563,334,10700,7800,2900,0.7289719626168224,136,78,58,178.94100157951206,0.46528770537004066,0.8463552215244787,0.10593143503116723,2107762.9755606083,-2066.9564121939275,2105696.0191484145,1157,1,500.85928143712573,83,251,50,38.76071060430355,0.5314059381237525,43.35317460317462,16425.396825396936,197.896347293939,8
1159,64,1,0,332,0.0030120481927710845,0.0,1.0,332,10850,7500,3350,0.6912442396313364,142,75,67,182.02767134160297,0.4646975363690411,0.8436211592163261,0.10903363799679852,2114904.265012653,-255.78030586400564,2114648.4847067893,1158,0,504.82530120481925,98,234,58,38.23918129851701,0.5407881526104418,42.91877104377106,16453.198653198753,167.8897821754975,8
1160,64,3,1,334,0.008955223880597015,0.0029850746268656717,0.9970149253731343,335,10050,7600,2450,0.7562189054726368,125,76,49,181.67646525268214,0.46496447403700064,0.8442924735923814,0.10980012355794072,2120298.1825086595,-8.34418402898882,2120289.8383246306,1159,0,501.2955223880597,79,256,59,37.914632758359005,0.5429726368159205,42.5911458333333,16474.1666666665,208.5337552742595,0
1161,64,1,4,331,0.0029850746268656717,0.011940298507462687,0.9880597014925373,335,10100,7300,2800,0.7227722772277227,129,73,56,214.01196433034656,0.4648594601841094,0.8688499407772794,0.12327424042272542,2090968.8036470911,12398.4682043978,2103367.271851489,1160,0,502.24776119402986,77,258,43,38.9070472632917,0.5179415422885572,44.377670940170944,16359.829059829079,212.4653124653127,8
1162,64,4,4,331,0.011940298507462687,0.011940298507462687,0.9880597014925373,335,9350,6600,2750,0.7058823529411765,121,66,55,196.8200583096387,0.465142848631096,0.8562613066454412,0.11218201119632061,2084425.2618594263,5701.340316251698,2090126.602175678,1161,0,502.53432835820894,75,260,54,39.754678857204226,0.5131218905472636,44.7779605263158,16334.210526315854,217.78947368421137,8
1163,64,5,3,333,0.01488095238095238,0.008928571428571428,0.9910714285714286,336,9100,6300,2800,0.6923076923076923,119,63,56,213.06016555532034,0.4659333540630182,0.8675989140810825,0.11823726089729428,2067680.2055433695,11808.057381705377,2079488.262925075,1162,0,501.70535714285717,73,263,50,40.3893011407686,0.5056423611111112,45.80518018018016,16268.468468468376,222.8557324447723,8
1164,64,8,3,338,0.02346041055718475,0.008797653958944282,0.9912023460410557,341,10950,7700,3250,0.7031963470319634,142,77,65,204.09061829550964,0.4678501092519119,0.8638955446244412,0.11496631133443286,2077085.3802355477,5632.727900966804,2082718.1081365144,1163,0,493.0117302052786,85,256,47,40.0280498240943,0.50919477028348,45.22771317829455,16305.426356589027,191.8285453716356,0
1165,64,4,6,336,0.011695906432748537,0.017543859649122806,0.9824561403508771,342,10050,7100,2950,0.7064676616915423,130,71,59,217.12933032587668,0.46813476445267616,0.8723832615650735,0.12356138163493566,2083436.7898623669,12025.046991820898,2095461.8368541878,1164,0,492.55847953216374,88,254,48,39.298178218124555,0.5114826998050682,44.83848314606738,16330.337078651493,185.57201225740334,0
1166,64,2,0,338,0.005917159763313609,0.0,1.0,338,10650,8000,2650,0.7511737089201878,133,80,53,213.18555850925804,0.46800486804909314,0.8687593263329108,0.12242127222755711,2089065.3344671186,10821.71201814035,2099887.0464852587,1165,0,498.3431952662722,76,262,52,39.04702970297024,0.513960798816568,44.49404761904761,16352.38095238094,215.16290726817024,0
1167,64,2,1,339,0.0058823529411764705,0.0029411764705882353,0.9970588235294118,340,9600,7000,2600,0.7291666666666666,122,70,52,206.88843674570455,0.46820991671004686,0.8660427020381289,0.11972743094125368,2093846.8935984918,9038.542120288479,2102885.4357187804,1166,0,496.40588235294115,82,258,48,38.909638406437026,0.5159926470588235,44.20180722891566,16371.08433734941,199.64736996767573,0
1168,64,2,1,340,0.005865102639296188,0.002932551319648094,0.9970674486803519,341,10000,7300,2700,0.73,127,73,54,206.13386645331877,0.46816708354896214,0.8672224477503399,0.12057735344356713,2100446.1553248786,8394.61745482525,2108840.772779704,1167,0,495.92961876832845,84,257,50,38.51784974010651,0.5182978983382209,43.79901960784314,16396.862745098068,195.2007469654532,0
1169,64,2,1,341,0.005847953216374269,0.0029239766081871343,0.9970760233918129,342,11750,8500,3250,0.723404255319149,150,85,65,202.21462117148255,0.4687476776823127,0.8653576881894149,0.1188815893893494,2103528.39506173,4922.839506173041,2108451.234567903,1168,0,494.3625730994152,74,268,52,38.42655290718672,0.5206505847953216,43.611111111111114,16408.888888888898,221.74174174174186,0
1170,64,3,3,341,0.00872093023255814,0.00872093023255814,0.9912790697674418,344,10100,6900,3200,0.6831683168316832,133,69,64,201.06010256276733,0.4690427458358759,0.8644494306624431,0.1192383175091498,2108849.451303166,5901.097393690435,2114750.5486968565,1169,0,492.4651162790698,80,264,48,38.12556357078449,0.5228924418604651,43.28703703703705,16429.629629629715,205.37037037037143,0
1171,64,1,4,338,0.0029239766081871343,0.011695906432748537,0.9883040935672515,342,9950,6800,3150,0.6834170854271356,131,68,63,200.1638808833746,0.4691864170853984,0.8637191017717476,0.1196426139150543,2113617.542459001,6263.978000355327,2119881.5204593563,1170,0,494.67836257309943,82,260,52,37.85271592277894,0.5244883040935673,42.99698795180724,16448.192771084403,200.5877167205415,0
1172,64,3,1,340,0.008797653958944282,0.002932551319648094,0.9970674486803519,341,12150,8500,3650,0.6995884773662552,158,85,73,198.50706535878567,0.4689462221838882,0.8632549686929594,0.11947255750325417,2117783.3421215084,3728.9912620528285,2121512.333383561,1171,0,496.6568914956012,87,254,53,37.637128253500805,0.5266067937438905,42.74384469696971,16464.393939394013,189.24590734935646,0
1173,64,0,0,340,0.0,0.0,1.0,340,11500,8500,3000,0.7391304347826086,145,85,60,200.70809244445488,0.4690265486725664,0.864788215454817,0.12120152629283253,2119797.694830243,5592.110339505915,2125389.805169749,1172,1,496.20882352941175,71,269,54,37.45573355817876,0.5280637254901961,42.62152777777777,16472.22222222219,232.00312989045338,0
1174,64,1,1,340,0.002932551319648094,0.002932551319648094,0.9970674486803519,341,9950,6800,3150,0.6834170854271356,131,68,63,198.18221063064848,0.46885637686159504,0.8630077814356645,0.12029199296418386,2122884.349030461,5993.582640812085,2128877.9316712734,1173,0,495.7507331378299,75,266,59,37.32971477224352,0.5299975562072337,42.43421052631577,16484.210526315714,219.78947368420953,0
1175,64,2,1,341,0.005847953216374269,0.0029239766081871343,0.9970760233918129,342,9350,6700,2650,0.7165775401069518,120,67,53,195.8275388045698,0.4685417059674275,0.8638230951922461,0.11893946304235473,2123271.6836734726,5409.013605442365,2128680.697278915,1174,0,495.22222222222223,76,266,51,37.36640670132871,0.5359100877192983,42.41071428571429,16485.71428571431,216.91729323308306,8
1176,64,1,2,340,0.0029239766081871343,0.005847953216374269,0.9941520467836258,342,10450,7400,3050,0.7081339712918661,135,74,61,195.79898090671819,0.46859458335477017,0.8636658141517475,0.11954622350800564,2126409.251544447,4419.752888604028,2130829.004433051,1175,0,496.2105263157895,78,264,48,37.1731670929241,0.537432992202729,42.220464135021096,16497.890295358655,211.5114140430597,0
1177,64,2,0,342,0.005847953216374269,0.0,1.0,342,11200,8400,2800,0.75,140,84,56,187.87786884804902,0.4688686168418766,0.8551586230733281,0.11190260406069023,2111473.132367414,-260.185552178782,2111212.946815235,1176,0,495.92105263157896,86,256,51,38.30132686989215,0.5345090155945419,43.12739463601534,16439.84674329509,191.16100864296615,8
1178,64,2,0,344,0.005813953488372093,0.0,1.0,344,11600,8400,3200,0.7241379310344828,148,84,64,190.75307428753965,0.46886865211200757,0.8591968569793538,0.11466889623154382,2117063.1539133093,367.261013967729,2117430.4149272772,1177,0,494.03197674418607,91,253,53,37.88118479552758,0.5369428294573644,42.78759057971015,16461.594202898574,180.89663959229202,0
1179,64,4,0,348,0.011494252873563218,0.0,1.0,348,11550,7700,3850,0.6666666666666666,154,77,77,183.41621511449694,0.46927274835204874,0.8559831919496073,0.11160639805306478,2124375.781250001,-3221.0069444444634,2121154.7743055564,1178,0,489.3419540229885,79,269,47,37.6179165824405,0.5396312260536398,42.34375,16490.000000000007,208.73417721518996,0
1180,64,2,4,346,0.005714285714285714,0.011428571428571429,0.9885714285714285,350,10000,6700,3300,0.67,133,67,66,198.10210459428123,0.46935308364033296,0.8594072477435,0.12083088926896787,2125807.445987639,4225.385802468374,2130032.8317901073,1179,0,487.54,89,261,46,37.1510002694328,0.5437202380952382,42.25694444444442,16495.555555555435,185.34332084893748,8
1181,64,1,4,343,0.002881844380403458,0.011527377521613832,0.9884726224783862,347,10650,7700,2950,0.7230046948356808,136,77,59,201.5884994433539,0.4689705457735725,0.8593116160763246,0.12360837494845829,2128964.9036768638,5784.968059956085,2134749.87173682,1180,0,492.2276657060519,93,254,48,36.86594202898549,0.5456592219020173,42.065602836879414,16507.80141843961,177.50324105849043,0
1182,64,2,5,340,0.005797101449275362,0.014492753623188406,0.9855072463768116,345,8800,5500,3300,0.625,121,55,66,198.59924270290895,0.4689090411189754,0.8561638796436497,0.12245553205824251,2132284.5868055467,6894.020833332925,2139178.6076388797,1181,0,494.45217391304345,99,246,54,36.73803350685337,0.547524154589372,41.86458333333332,16520.666666666595,166.87542087542016,0
1183,64,0,1,339,0.0,0.0029411764705882353,0.9970588235294118,340,11000,8600,2400,0.7818181818181819,134,86,48,189.6005515476375,0.4684293481404361,0.8550454065014348,0.11724279003864105,2133990.185950411,1921.143250688614,2135911.3292010995,1182,1,498.9264705882353,98,242,55,36.8651448478181,0.5509191176470588,41.76136363636363,16527.27272727271,168.64564007421131,8
1184,64,0,0,339,0.0,0.0,1.0,339,11400,8200,3200,0.7192982456140351,146,82,64,191.62975580476066,0.468189811663263,0.857918985364938,0.11873786920695667,2135192.997845461,2633.3025546310955,2137826.3004000923,1183,2,501.3598820058997,94,245,52,36.738581373631,0.5475356440511308,41.68859649122803,16531.92982456117,175.87159387831034,7
1185,64,1,2,338,0.0029411764705882353,0.0058823529411764705,0.9941176470588236,340,10900,7700,3200,0.7064220183486238,141,77,64,190.48766216756653,0.4684063927931055,0.8582019286705835,0.11877356318709219,2138911.8515863693,2587.263638237927,2141499.1152246073,1184,0,500.88235294117646,76,264,55,36.53894790085991,0.549234068627451,41.463744588744596,16546.320346320383,217.7147413989524,0
1186,64,0,3,335,0.0,0.008875739644970414,0.9911242603550295,338,10250,7700,2550,0.751219512195122,128,77,51,188.21322441083385,0.4679381097864321,0.8555195698022804,0.11800130451609751,2142151.862224594,2786.2618333927685,2144938.124057987,1185,1,504.81360946745565,80,258,48,36.39832579485396,0.5507273175542406,41.26800411522634,16558.847736625525,206.98559670781907,0
1187,64,1,3,333,0.002976190476190476,0.008928571428571428,0.9910714285714286,336,9950,7200,2750,0.7236180904522613,127,72,55,184.10386355839438,0.46792340381426206,0.8504835242764219,0.11592002731099554,2144671.265101794,1818.4531935815758,2146489.718295376,1186,0,506.6011904761905,86,250,50,36.34974408781179,0.5528893849206349,41.11590038314175,16568.58237547885,192.65793459859128,0
1188,64,0,2,331,0.0,0.006006006006006006,0.993993993993994,333,9550,6900,2650,0.7225130890052356,122,69,53,188.73796571217537,0.4672809104285008,0.8518063566493581,0.11447341432316875,2122432.5032702317,3966.718605724417,2126399.2218759563,1187,1,509.2642642642643,75,258,59,37.60089586659568,0.5423548548548549,42.461622807017534,16482.456140350834,219.76608187134445,8
1189,64,0,3,328,0.0,0.00906344410876133,0.9909365558912386,331,10900,7600,3300,0.6972477064220184,142,76,66,189.0457278151423,0.4670748268180292,0.850910513019252,0.11518052112154464,2125149.8808192997,3250.10118714867,2128399.9820064483,1188,2,511.7009063444109,80,251,49,37.425042001430555,0.544341641490433,42.29681069958845,16493.00411522618,206.16255144032726,0
1190,64,3,5,326,0.00906344410876133,0.015105740181268883,0.9848942598187311,331,10200,6900,3300,0.6764705882352942,135,69,66,187.64520313983385,0.4670839818120785,0.8486667023928658,0.11524834808613305,2129947.5068032695,3534.886518255561,2133482.393321525,1189,0,512.4108761329305,88,243,54,37.16495410485564,0.546670443101712,42.00608614232206,16511.610486891193,187.6319373510363,0
1191,64,0,3,323,0.0,0.009202453987730062,0.99079754601227,326,10550,7400,3150,0.7014218009478673,137,74,63,187.63013949960367,0.46644112789051434,0.8480248510871682,0.11573946679417481,2132528.5459351214,4275.325712138066,2136803.871647259,1190,1,520.782208588957,90,236,57,37.00614136218517,0.5478974948875255,41.849816849816825,16521.61172161158,183.57346357346202,0
1192,64,1,0,324,0.0030864197530864196,0.0,1.0,324,10250,7200,3050,0.7024390243902439,133,72,61,185.98641860337943,0.4662828947368421,0.8464913407849652,0.1151318342704779,2134629.729994462,4352.427705193283,2138982.1576996553,1191,0,524.6666666666666,92,232,54,36.91906269424804,0.5495434670781894,41.72267025089604,16529.749103942544,179.67118591241896,0
1193,64,2,1,325,0.006134969325153374,0.003067484662576687,0.9969325153374233,326,10300,6800,3500,0.6601941747572816,138,68,70,163.98405507403183,0.4662661239578418,0.8264517155614477,0.0996034150441185,2123299.881827897,-5862.535047930699,2117437.3467799663,1192,0,522.4417177914111,86,240,58,38.184922221189254,0.543743609406953,42.409003831417586,16485.82375478906,191.69562505568675,8
1194,64,3,2,326,0.009146341463414634,0.006097560975609756,0.9939024390243902,328,10000,6900,3100,0.69,131,69,62,185.45317588889236,0.4662740312896248,0.8424211729781779,0.11472219717777976,2134218.1166933705,3559.5055560789715,2137777.6222494496,1193,0,520.2439024390244,102,226,54,36.95819953529659,0.551733993902439,41.74757281553398,16528.155339805802,162.04073862554708,8
1195,64,1,5,322,0.0030581039755351682,0.01529051987767584,0.9847094801223242,327,9700,7200,2500,0.7422680412371134,122,72,50,173.34538067074064,0.4659993089560546,0.8299653580811177,0.1085792302591467,2141605.9342148053,-852.5008173643355,2140753.4333974407,1194,0,522.8195718654434,93,234,43,36.81654708360105,0.5557785423037717,41.300975177304935,16556.737588652304,178.02943643712155,8
1196,64,1,0,323,0.0030959752321981426,0.0,1.0,323,10450,7400,3050,0.7081339712918661,135,74,61,170.63104496829664,0.46572393259363243,0.8250066993709777,0.10737787030911872,2144347.9201388685,-1871.5347222229075,2142476.3854166456,1195,0,528.6873065015479,99,224,45,36.718383230721784,0.5575657894736843,41.13541666666664,16567.333333333172,167.3468013467997,0
1197,64,0,2,321,0.0,0.006191950464396285,0.9938080495356038,323,10400,7100,3300,0.6826923076923077,137,71,66,171.50314129477542,0.4655588780134479,0.8259166406462597,0.10837322851469122,2146773.0523611726,-1364.335574618166,2145408.7167865545,1196,1,529.6873065015479,102,221,50,36.546958988976044,0.5591137770897833,40.989077669902876,16576.69902912598,162.51665714829392,0
1198,64,0,1,320,0.0,0.003115264797507788,0.9968847352024922,321,10750,7800,2950,0.7255813953488373,137,78,59,169.74885824290368,0.4647727641484943,0.8244314608949794,0.10770826873644251,2149191.008440395,-1985.4560342663572,2147205.5524061285,1197,2,533.9657320872274,104,217,55,36.44409779377046,0.560845015576324,40.84325396825395,16586.031746031604,159.4810744810731,0
1199,64,2,1,321,0.006211180124223602,0.003105590062111801,0.9968944099378882,322,10250,7500,2750,0.7317073170731707,130,75,55,169.8023193843753,0.4644917055268538,0.8266534134273555,0.10826627511853461,2152026.5868916176,-1566.1788337934222,2150460.4080578242,1198,0,533.1987577639752,109,213,50,36.268904814070936,0.5628234989648033,40.672348484848456,16596.969696969492,152.26577703641735,0
1200,64,2,1,322,0.006191950464396285,0.0030959752321981426,0.9969040247678018,323,10850,8400,2450,0.7741935483870968,133,84,49,168.0223963613789,0.46440790274920035,0.8255974916950191,0.10796382258019727,2156532.7438303935,-2980.840109966747,2153551.903720427,1199,0,532.2569659442725,92,231,59,36.03914081488835,0.5651122291021672,40.400985663082466,16614.33691756289,180.59061866916184,0
1201,64,0,4,318,0.0,0.012422360248447204,0.9875776397515528,322,10550,7400,3150,0.7014218009478673,137,74,63,181.42887266897765,0.46437621337306423,0.8392496783485683,0.10976599944086547,2120931.8895788374,2009.6563467947135,2122941.545925632,1200,1,534.7919254658385,86,236,51,37.88184432455894,0.5444164078674949,42.55268199233716,16476.62835249042,191.58870177314444,8
1202,64,0,1,317,0.0,0.0031446540880503146,0.9968553459119497,318,10800,7900,2900,0.7314814814814815,137,79,58,181.27894603608817,0.4639823853077529,0.836806756134874,0.11026469973406043,2124151.738244336,2612.7976659318438,2126764.535910268,1201,2,537.7421383647799,91,227,44,37.68681791547648,0.545859538784067,42.35733695652175,16489.130434782666,181.19923554706227,0
1203,64,0,0,317,0.0,0.0,1.0,317,11150,9200,1950,0.8251121076233184,131,92,39,181.23748988715425,0.46384385523566135,0.8352796923582264,0.11093327677708278,2127908.093278474,2581.344307270445,2130489.4375857445,1202,3,540.3375394321766,98,219,45,37.45605176540996,0.5480086750788644,42.12962962962964,16503.703703703784,168.4051398337121,0
1204,64,0,0,317,0.0,0.0,1.0,317,9700,7800,1900,0.8041237113402062,116,78,38,177.2571835886338,0.4638151546007534,0.8308243708099627,0.10897686221880544,2130542.319938008,2430.7862297214688,2132973.1061677295,1203,4,541.3375394321766,102,215,47,37.396298764077244,0.5495202418506835,41.970064724919105,16513.915857605258,161.90113585887508,0
1205,64,1,1,317,0.0031446540880503146,0.0031446540880503146,0.9968553459119497,318,9950,7600,2350,0.7638190954773869,123,76,47,172.2647251448647,0.4639379517753573,0.8302105260452428,0.10512014524425917,2126084.182868299,-300.13852067053267,2125784.0443476285,1204,0,540.6320754716982,88,230,49,37.7998758873299,0.5460233228511531,42.24016853932581,16496.629213482945,187.46169560776073,8
1206,64,0,0,317,0.0,0.0,1.0,317,10300,7900,2400,0.7669902912621359,127,79,48,183.8879345509089,0.46388877796856076,0.8394535488615735,0.10824419580353747,2104301.7024518293,3691.138747166161,2107992.8411989957,1205,1,543.1482649842271,83,234,56,38.84843923787412,0.5322686645636172,43.563988095238116,16411.904761904883,197.73379231210703,8
1207,64,5,4,318,0.015527950310559006,0.012422360248447204,0.9875776397515528,322,9200,6200,3000,0.6739130434782609,122,62,60,179.26182722527537,0.46469205317234574,0.8362172406228463,0.10623063461151216,2108389.7543238443,1990.7599726291255,2110380.5142964735,1206,0,535.6987577639752,90,232,51,38.71363643120467,0.5346143892339544,43.31501831501835,16427.838827839016,182.53154253154463,0
1208,64,1,1,318,0.003134796238244514,0.003134796238244514,0.9968652037617555,319,9150,6300,2850,0.6885245901639344,120,63,57,180.06032135510318,0.4641075688570809,0.8369072459140994,0.10711899546567742,2110751.4574760096,3062.5171467771233,2113813.9746227865,1207,0,541.7335423197492,89,230,53,38.54683040408595,0.5360175026123302,43.17129629629632,16437.037037037157,184.68580940491188,0
1209,64,0,1,317,0.0,0.0031446540880503146,0.9968553459119497,318,8700,6500,2200,0.7471264367816092,109,65,44,196.8415099793165,0.4639156316753632,0.8501934536417302,0.11495894815862737,2099470.8628713223,10352.602961033375,2109823.465832356,1208,1,544.0125786163522,95,223,52,38.816579118303245,0.5335102201257862,43.85850694444443,16393.055555555457,172.5584795321627,8
1210,64,0,1,316,0.0,0.0031545741324921135,0.9968454258675079,317,10650,7100,3550,0.6666666666666666,142,71,71,199.60977622539917,0.4636387912790001,0.853267799790882,0.11688203842375648,2101080.86148959,9829.256118680169,2110910.11760827,1209,2,546.6340694006309,100,217,51,38.64551888374582,0.5353903785488958,43.760313531353106,16399.339933993208,163.99339933993207,0
1211,64,0,0,316,0.0,0.0,1.0,316,9750,7000,2750,0.717948717948718,125,70,55,200.26486213628127,0.46384054149085796,0.8529794289151256,0.11779644613134083,2103845.7378625246,11315.275329808399,2115161.013192333,1210,3,545.5727848101266,78,238,49,38.45681631183789,0.5371505801687764,43.59177215189874,16410.126582278503,210.38623823433977,0
1212,64,3,0,319,0.009404388714733543,0.0,1.0,319,9250,6400,2850,0.6918918918918919,121,64,57,174.7339942943762,0.4645634944105992,0.8323774197484892,0.10109957506208914,2093725.3865250899,118.99994861283176,2093844.3864737027,1211,0,541.4326018808778,92,227,50,39.7396950854607,0.5314132706374086,44.209229390680996,16370.609318996367,177.94140564126485,8
1213,64,1,0,320,0.003125,0.0,1.0,320,9500,6100,3400,0.6421052631578947,129,61,68,176.04012840345968,0.4645719043887147,0.834750273575031,0.09866697116757038,2073926.6157382207,-481.13845321884946,2073445.477285002,1212,0,540.7375,85,235,50,40.939908649728764,0.5170572916666667,45.42151162790695,16293.023255813827,191.6826265389862,8
1214,64,3,1,322,0.009287925696594427,0.0030959752321981426,0.9969040247678018,323,9750,6600,3150,0.676923076923077,129,66,63,176.57631953137948,0.4653469511374344,0.8344033434648408,0.09988045809735394,2079678.8744592823,-905.5917081636471,2078773.2827511185,1213,0,536.7058823529412,93,230,54,40.567222705208984,0.5192853457172343,45.06870567375886,16315.602836879429,175.43658964386483,0
1215,64,4,0,326,0.012269938650306749,0.0,1.0,326,9950,7300,2650,0.7336683417085427,126,73,53,177.4833224730964,0.4662692700959572,0.8375554098534703,0.10135782554036243,2085636.5421525359,-1116.8594054939067,2084519.682747042,1214,0,532.5552147239264,82,244,58,40.17273375282666,0.5219516871165644,44.70381526104416,16338.955823293092,199.25555882064748,0
1216,64,4,0,330,0.012121212121212121,0.0,1.0,330,10700,7300,3400,0.6822429906542056,141,73,68,168.9944315458203,0.46684454729667496,0.8319707396310079,0.09740994269269458,2091391.2208504672,-6013.3058984917,2085377.9149519755,1215,0,527.0878787878788,89,241,49,40.031540504648056,0.5245896464646465,44.35185185185183,16361.48148148138,183.83687057844247,0
1217,64,3,3,330,0.009009009009009009,0.009009009009009009,0.990990990990991,333,10550,7400,3150,0.7014218009478673,137,74,63,183.16775483447145,0.4670604339279038,0.8408283445994775,0.10558920799678165,2091447.6290176264,-532.8466877935662,2090914.782329833,1216,0,523.3303303303303,93,240,42,39.665691374078854,0.526244994994995,44.34840425531911,16361.702127659348,175.93228094257364,8
1218,64,4,2,332,0.011976047904191617,0.005988023952095809,0.9940119760479041,334,9350,6200,3150,0.6631016042780749,125,62,63,182.73687510203987,0.46746484508460556,0.8495333447390905,0.10639790106087683,2097604.5787218353,511.9411830722729,2098116.5199049073,1217,0,522.6946107784431,88,246,55,39.2938095238095,0.5246382235528941,43.972378277153574,16385.76779026227,186.2019067075258,8
1219,64,5,3,334,0.01483679525222552,0.008902077151335312,0.9910979228486647,337,9050,6400,2650,0.7071823204419889,117,64,53,183.07159983519722,0.46808433128444255,0.8509845155202498,0.10795064660788434,2105360.6582367574,636.3487866976784,2105997.007023455,1218,0,518.2195845697329,78,259,57,38.803676382391764,0.5274171612265084,43.499472573839675,16416.033755274322,210.46197122146566,0
1220,64,2,3,333,0.005952380952380952,0.008928571428571428,0.9910714285714286,336,11150,8300,2850,0.7443946188340808,140,83,57,183.03841412000813,0.46804408019426674,0.8496404598296654,0.10884656658055966,2110505.26720494,-1089.292579775898,2109415.974625164,1219,0,520.514880952381,84,252,54,38.48559680600626,0.5300719246031746,43.18627450980395,16436.078431372698,195.6676003734845,0
1221,64,2,2,333,0.005970149253731343,0.005970149253731343,0.9940298507462687,335,9250,6300,2950,0.6810810810810811,122,63,59,181.8926976939492,0.4681167515714839,0.8481269210119071,0.1087000374245354,2113497.9096720275,635.9672721543475,2114133.876944182,1220,0,521.6835820895523,87,248,56,38.329696543994594,0.5318718905472637,43.004261363636395,16447.727272727454,189.05433646813165,0
1222,64,3,2,334,0.008928571428571428,0.005952380952380952,0.9940476190476191,336,9950,7200,2750,0.7236180904522613,127,72,55,207.27555724262209,0.46824064202795546,0.8668333481879811,0.1234284231580362,2111336.8626269144,10375.704945575984,2121712.5675724903,1221,0,520.8720238095239,77,259,51,37.81151433225881,0.5326140873015873,43.13568376068374,16439.31623931614,213.4976134976122,8
1223,64,2,2,334,0.005952380952380952,0.005952380952380952,0.9940476190476191,336,10150,6700,3450,0.6600985221674877,136,67,69,227.4150108274127,0.46848865790097133,0.8749630258309813,0.1315724364760208,2093688.2499688433,17877.22720717828,2111565.477176022,1222,0,521.7291666666666,78,258,42,38.394483392614674,0.5219494047619048,44.211497890295355,16370.464135021091,209.87774532078322,8
1224,64,5,3,336,0.014749262536873156,0.008849557522123894,0.9911504424778761,339,8850,6700,2150,0.7570621468926554,110,67,43,226.61597482728843,0.46874145444601534,0.877461605992045,0.13264817174449756,2100861.7603592896,18567.76716023952,2119429.527519529,1223,0,517.9115044247787,87,252,48,37.967176383627475,0.5234759095378565,43.77367424242426,16398.484848484964,188.4883315917812,7
1225,64,6,2,340,0.017543859649122806,0.005847953216374269,0.9941520467836258,342,10350,7100,3250,0.6859903381642513,136,71,65,214.37409518330335,0.4689865191244648,0.8722074925478105,0.1274299973420978,2110263.022735562,11727.145219543225,2121990.167955105,1224,0,510.80116959064327,73,269,47,37.69590847631052,0.52640716374269,43.201013513513495,16435.135135135046,225.13883746760337,0
1226,64,3,4,339,0.008746355685131196,0.011661807580174927,0.9883381924198251,343,11150,8000,3150,0.7174887892376681,143,80,63,208.6778883454225,0.4690155092947789,0.8684569308242782,0.12498597855162852,2114850.9980641166,8514.528088244788,2123365.526152361,1225,0,510.268221574344,77,266,52,37.557359307359256,0.5283649173955296,42.92200854700851,16452.991452991275,213.67521367521135,0
1227,64,0,3,336,0.0,0.008849557522123894,0.9911504424778761,339,11500,8800,2700,0.7652173913043478,142,88,54,206.47752709612823,0.46839272311532354,0.8657960892886727,0.12421563833094193,2117521.089476517,8144.103625801248,2125665.1931023183,1226,1,515.7433628318585,80,259,51,37.44834108217097,0.53023598820059,42.75977366255141,16463.374485596556,205.79218106995694,0
1228,64,2,0,338,0.005917159763313609,0.0,1.0,338,9650,6800,2850,0.7046632124352331,125,68,57,228.6927211936258,0.46843157223207443,0.8797068237957653,0.13112021549798888,2088092.0918367396,18256.29251700709,2106348.3843537467,1227,0,517.8254437869823,69,269,44,38.71169754165212,0.5154092702169626,44.55357142857144,16348.571428571468,236.93581780538358,8
1229,64,1,2,337,0.0029498525073746312,0.0058997050147492625,0.9941002949852508,339,9700,6100,3600,0.6288659793814433,133,61,72,226.21605297445973,0.4685199973236052,0.879126187695974,0.1304017633555477,2091432.7265903568,17123.131294176634,2108555.8578845332,1228,0,517.2949852507375,72,267,41,38.56608617995088,0.5172689282202556,44.349315068493155,16361.643835616454,227.24505327245075,0
1230,64,0,2,335,0.0,0.005934718100890208,0.9940652818991098,337,10450,7400,3050,0.7081339712918661,135,74,61,204.3874181978445,0.4684523073571664,0.8646142599678175,0.1161043490833272,2082332.150069082,7270.498396596409,2089602.6484656783,1229,2,521.3234421364986,90,247,50,39.69233789544536,0.5146204253214639,44.906135531135504,16326.007326007179,181.40008140007976,8
1231,64,5,1,339,0.014705882352941176,0.0029411764705882353,0.9970588235294118,340,10850,7800,3050,0.7188940092165899,139,78,61,204.58589638592133,0.4690328749493898,0.8645356920274232,0.11785300228428446,2091012.5000000037,6708.333333333494,2097720.833333337,1230,0,517.6794117647058,79,261,47,39.145273023634886,0.5175551470588236,44.37500000000001,16360.00000000003,207.0886075949371,0
1232,64,3,3,339,0.008771929824561403,0.008771929824561403,0.9912280701754386,342,10300,7500,2800,0.7281553398058253,131,75,56,200.87381400017006,0.4692416167904283,0.8608798796215766,0.11369086266176025,2080044.513031532,4865.2949245534155,2084909.8079560855,1231,0,515.6432748538011,89,253,52,39.92494401065307,0.5114826998050682,45.04629629629627,16317.037037036895,183.33749479816734,8
1233,64,3,2,340,0.008771929824561403,0.005847953216374269,0.9941520467836258,342,10150,7300,2850,0.7192118226600985,130,73,57,205.92310430237595,0.4696240846495516,0.8619116997970191,0.11696883133360023,2082290.154336553,7208.330527850429,2089498.4848644035,1232,0,516.078947368421,88,254,58,39.655788789477675,0.5123659844054581,44.90870786516851,16325.84269662905,185.52093973442103,7
1234,64,4,0,344,0.011627906976744186,0.0,1.0,344,9850,7000,2850,0.7106598984771574,127,70,57,201.8877383206687,0.46982916920921197,0.860652633368066,0.11572690573682076,2087959.3945016079,5656.67997226481,2093616.0744738728,1233,0,514.0,76,268,55,39.404702008967966,0.5152010658914729,44.56168831168832,16348.051948051992,215.10594668489463,0
1235,64,1,3,342,0.002898550724637681,0.008695652173913044,0.991304347826087,345,11050,8100,2950,0.7330316742081447,140,81,59,204.79847960750766,0.46994754802831146,0.8633230587593534,0.11832190980004856,2092824.9178817598,5671.472253378728,2098496.3901351388,1234,0,513.5072463768116,78,267,47,39.02681103377162,0.5173007246376812,44.26424050632913,16367.088607595018,209.83446932814127,0
1236,64,6,2,346,0.017241379310344827,0.005747126436781609,0.9942528735632183,348,9350,5500,3850,0.5882352941176471,132,55,77,198.57330199337653,0.47045367655989484,0.8598995159890248,0.11567665658208556,2097913.2031605556,4367.910409418591,2102281.113569974,1235,0,509.19827586206895,86,262,55,38.86914503935782,0.5205040708812261,43.953544061302686,16386.973180076653,190.54619976833317,0
1237,64,2,9,339,0.005747126436781609,0.02586206896551724,0.9741379310344828,348,11050,7800,3250,0.7058823529411765,143,78,65,172.68931430339808,0.47071574083275364,0.8435927025107519,0.09732129860243324,2077366.3661270041,-8902.205335316808,2068464.1607916874,1236,0,509.92528735632186,96,252,50,40.81053836859703,0.5119133141762452,45.21048109965637,16306.529209622071,169.85967926689656,8
1238,64,4,0,343,0.011661807580174927,0.0,1.0,343,9400,6100,3300,0.648936170212766,127,61,66,172.80025890361514,0.4704764320097295,0.8392790857928374,0.09656062296987325,2072038.7871972623,-6390.232222795849,2065648.5549744663,1237,0,514.3411078717202,87,256,63,41.14028507853809,0.5077137998056365,45.53740530303031,16285.606060606106,187.19087425984029,8
1239,64,2,0,345,0.005797101449275362,0.0,1.0,345,10900,7300,3600,0.6697247706422018,145,73,72,174.0244476349867,0.4707230929109089,0.8408440838730109,0.09782798305987592,2075794.411845953,-7652.204814942648,2068142.2070310104,1238,0,512.3536231884058,92,253,49,40.87461703094536,0.5097222222222222,45.306899641577075,16300.358422939153,177.1778089449908,0
1240,64,4,5,344,0.011461318051575931,0.014326647564469915,0.9856733524355301,349,10400,7300,3100,0.7019230769230769,135,73,62,175.04923945515276,0.4717690253488347,0.850188646639559,0.098041902818442,2073480.2581333336,-7607.771557697742,2065872.4865756358,1239,0,507.4699140401146,83,266,49,40.99301123723228,0.5085959885386819,45.44890873015871,16291.269841269743,196.2803595333704,8
1241,64,3,6,341,0.008645533141210375,0.01729106628242075,0.9827089337175793,347,9550,6900,2650,0.7225130890052356,122,69,53,189.73467761282723,0.47177569366938193,0.8596057459583455,0.10993669852245161,2094611.7326817473,534.0963648831976,2095145.8290466305,1240,0,511.2478386167147,89,258,48,39.30082749000978,0.5234750240153698,44.15509259259258,16374.074074074006,183.978360382854,8
1242,64,0,0,341,0.0,0.0,1.0,341,11750,8200,3550,0.6978723404255319,153,82,71,188.41927132425351,0.47110969754470705,0.8571771688340475,0.10981527815536885,2098214.0603566607,-881.2071330586132,2097332.8532236023,1241,1,520.8328445747801,89,252,53,39.11043060326645,0.5255681818181819,43.9351851851852,16388.14814814821,184.13649604660912,0
1243,64,1,1,341,0.0029239766081871343,0.0029239766081871343,0.9970760233918129,342,11500,8700,2800,0.7565217391304347,143,87,56,188.47555394045867,0.4713710034698999,0.8582622464101581,0.1104749339678954,2101705.5802469165,-675.9753086418541,2101029.6049382747,1242,0,520.3070175438596,74,268,53,38.892012609292614,0.5272599902534113,43.72222222222223,16401.7777777778,221.64564564564594,0
1244,64,1,1,341,0.0029239766081871343,0.0029239766081871343,0.9970760233918129,342,10600,7400,3200,0.6981132075471698,138,74,64,185.68732950427264,0.4713424210983634,0.8558298182575628,0.10934540903006902,2104536.540516109,-842.8459894804173,2103693.6945266286,1243,0,521.2953216374269,77,265,52,38.78772197052542,0.5289656432748537,43.54967948717949,16412.820512820526,213.15351315351333,0
1245,64,5,3,343,0.014450867052023121,0.008670520231213872,0.9913294797687862,346,11350,8000,3350,0.7048458149779736,147,80,67,214.43215273230655,0.47187857781128706,0.8702278890035491,0.1293759029467138,2119270.9295167443,10337.96552785298,2129608.8950445973,1244,0,516.0202312138729,75,271,50,37.135172560715745,0.5405527456647399,42.65350877192977,16470.175438596252,219.60233918128336,8
1246,64,3,3,343,0.008670520231213872,0.008670520231213872,0.9913294797687862,346,9850,6900,2950,0.700507614213198,128,69,59,209.24079454876085,0.4714097972689955,0.8675129786137703,0.12732032111103378,2124375.781249968,9851.21527777616,2134226.996527744,1245,0,517.0057803468208,79,267,48,36.95253015295464,0.5423591040462428,42.34374999999995,16489.999999999745,208.73417721518666,0
1247,64,1,2,342,0.0029069767441860465,0.005813953488372093,0.9941860465116279,344,9200,6100,3100,0.6630434782608695,123,61,62,208.54244870421857,0.47077944549912987,0.8663352480163575,0.12746466895955683,2127056.6654166565,10716.32110772248,2137772.986524379,1246,0,520.8546511627907,82,262,50,36.80460903146242,0.5440891472868217,42.18122489959835,16500.401606425465,201.22440983445688,0
1248,64,0,1,341,0.0,0.0029239766081871343,0.9970760233918129,342,10250,6800,3450,0.6634146341463415,137,68,69,205.54086771369705,0.47059356296410626,0.8640808756799907,0.12611362315466856,2129352.0568550252,8883.773886784204,2138235.830741809,1247,1,523.6374269005848,85,257,52,36.74006315443487,0.5457175925925926,42.04215116279065,16509.30232558115,194.22708618330765,0
1249,64,0,1,340,0.0,0.002932551319648094,0.9970674486803519,341,10700,7700,3000,0.719626168224299,137,77,60,202.93221467867994,0.4703754815709275,0.862177619408502,0.12503353888297705,2131838.7398487413,7623.751363061018,2139462.4912118022,1248,2,526.1642228739003,87,254,56,36.6537204769548,0.5472262952101662,41.891571969696926,16518.939393939156,189.8728665970018,0
1250,64,2,2,340,0.005847953216374269,0.005847953216374269,0.9941520467836258,342,10650,7800,2850,0.7323943661971831,135,78,57,197.77102531781622,0.47027344040289715,0.859424985782353,0.12276250151195575,2136253.810820965,5447.821301031299,2141701.6321219965,1249,0,525.6052631578947,73,269,56,36.514516934531926,0.5493116471734893,41.62443693693695,16536.036036036105,226.52104158953568,0
1251,64,3,3,340,0.008746355685131196,0.008746355685131196,0.9912536443148688,343,10850,8200,2650,0.7557603686635944,135,82,53,202.14023883544047,0.4703620587750556,0.8656717298342738,0.12218847201700635,2120399.792484214,6273.624095874988,2126673.416580089,1250,0,523.8892128279883,75,268,49,37.38158466890295,0.5402696793002916,42.58497807017542,16474.561403508676,219.66081871344903,8
1252,64,1,0,341,0.002932551319648094,0.0,1.0,341,10950,7700,3250,0.7031963470319634,142,77,65,198.99506569707984,0.4704308262894601,0.8623472632649116,0.12066354014683733,2122278.0859993733,5314.573430182618,2127592.6594295558,1251,0,526.4046920821114,78,263,52,37.3462913658628,0.5419721407624634,42.4709915611814,16481.85654008422,211.30585307800283,0
1253,64,1,3,339,0.0029239766081871343,0.008771929824561403,0.9912280701754386,342,10300,6800,3500,0.6601941747572816,138,68,70,196.284848711126,0.470371692305054,0.8607126939751224,0.11970611196044599,2125725.623582742,4749.546485259518,2130475.170068002,1252,0,525.8625730994152,83,259,46,37.202896458814415,0.5436464424951267,42.261904761904724,16495.238095237903,198.73780837636028,0
1254,64,1,1,339,0.0029411764705882353,0.0029411764705882353,0.9970588235294118,340,12500,9300,3200,0.744,157,93,64,191.83296587333194,0.46999410752501586,0.8568652022212415,0.11775592828224388,2129620.9869203065,1206.302021401836,2130827.2889417084,1253,0,527.85,86,254,54,37.07706766917293,0.546047794117647,42.02586206896548,16510.344827586,191.98075380913951,0
1255,64,3,1,341,0.008771929824561403,0.0029239766081871343,0.9970760233918129,342,9050,6100,2950,0.6740331491712708,120,61,59,186.0857881560622,0.46992009083477676,0.8538025498310713,0.11505325342002312,2133906.9376854533,1967.9508701764025,2135874.8885556296,1254,0,525.7076023391813,93,249,58,36.96104042397971,0.5481542397660819,41.76640070921982,16526.950354609733,177.70914359795412,0
1256,64,0,2,339,0.0,0.005865102639296188,0.9941348973607038,341,10450,7400,3050,0.7081339712918661,135,74,61,186.38914396490233,0.469787174400552,0.8424301667703435,0.11390447686743976,2126953.1249999893,638.1944444440305,2127591.3194444333,1255,1,528.1260997067449,95,246,50,37.38215488215487,0.5438660801564028,42.187499999999986,16499.999999999916,173.6842105263149,7
1257,64,0,1,338,0.0,0.0029498525073746312,0.9970501474926253,339,11700,8200,3500,0.7008547008547008,152,82,70,189.76955141785538,0.46966510155754543,0.8442324057051991,0.11666804376206216,2130535.3612075434,1362.1479552459914,2131897.509162789,1256,2,530.2035398230089,95,244,57,37.07387160078494,0.5452925270403146,41.970486111111086,16513.888888888745,173.83040935672364,0
1258,64,1,3,336,0.0029498525073746312,0.008849557522123894,0.9911504424778761,339,12250,8800,3450,0.7183673469387755,157,88,69,189.3488525649473,0.46930582464959597,0.8439040225945764,0.1171879373312026,2134501.2639409136,783.0730251270288,2135284.3369660405,1257,0,530.1386430678466,97,242,55,36.8401377342442,0.5476892822025565,41.7304421768707,16529.251700679986,170.4046567080411,0
1259,64,1,0,337,0.002967359050445104,0.0,1.0,337,9800,7000,2800,0.7142857142857143,126,70,56,207.28351292242394,0.468936563868871,0.8621373698452406,0.12350091001806832,2111669.9742003386,10342.874077010863,2122012.8482773495,1258,0,533.272997032641,86,251,48,37.790627670317726,0.5349591988130564,43.11542145593872,16440.61302682007,191.16991891651242,8
1260,64,3,3,337,0.008823529411764706,0.008823529411764706,0.9911764705882353,340,11100,8300,2800,0.7477477477477478,139,83,56,209.2071109650095,0.4694263693678061,0.8661269509449052,0.12393380316231176,2108181.3823958933,9109.307280252204,2117290.6896761456,1259,0,529.5588235294117,73,267,47,37.95793572447072,0.5331495098039216,43.32770270270267,16427.0270270269,225.02776749351918,8
1261,64,0,2,335,0.0,0.005934718100890208,0.9940652818991098,337,9750,6800,2950,0.6974358974358974,127,68,59,210.5657837383709,0.4690189905091611,0.864212741031154,0.12511502925894566,2110014.3283420103,11709.364149305442,2121723.692491316,1260,1,535.1513353115727,79,258,47,37.80915648293698,0.534557368941642,43.21614583333333,16434.16666666664,208.0274261603372,0
1262,64,1,2,334,0.002976190476190476,0.005952380952380952,0.9940476190476191,336,10800,7400,3400,0.6851851851851852,142,74,68,211.54400599527722,0.46887067638000474,0.8656335634924477,0.1267124758245614,2114898.0822074087,11478.802516376407,2126376.8847237853,1261,0,535.7827380952381,83,253,50,37.480755470872914,0.5365823412698413,42.91914682539681,16453.174603174513,198.23101931535558,0
1263,64,2,2,334,0.005952380952380952,0.005952380952380952,0.9940476190476191,336,9900,7000,2900,0.7070707070707071,128,70,58,196.38032769236807,0.4690391050698886,0.855560691436287,0.1180152254989375,2116876.772211722,6042.5908422601215,2122919.363053982,1262,0,536.3511904761905,91,245,57,37.74798966954278,0.5407986111111112,42.798913043478265,16460.869565217406,180.8886765408506,8
1264,64,1,0,335,0.0029850746268656717,0.0,1.0,335,8900,6600,2300,0.7415730337078652,112,66,46,195.21167454540188,0.4688820120952126,0.8545438283770384,0.11782065027131111,2119482.0187027985,6849.526807968416,2126331.545510767,1263,0,537.4895522388059,76,259,58,37.616738505747165,0.5423507462686568,42.64069264069264,16470.995670995675,216.7236272499431,0
1265,64,1,2,334,0.002976190476190476,0.005952380952380952,0.9940476190476191,336,10100,6900,3200,0.6831683168316832,133,69,64,192.89355957154575,0.46869613983653163,0.8523032577020906,0.11741527684900983,2124590.500217008,4663.964843749775,2129254.465060758,1264,0,536.8869047619048,79,257,42,37.36045488234202,0.5443018353174602,42.33072916666666,16490.833333333285,208.744725738396,0
1266,64,2,1,335,0.005952380952380952,0.002976190476190476,0.9970238095238095,336,10100,6900,3200,0.6831683168316832,133,69,64,185.93891932453576,0.4684188803008766,0.8477774007465211,0.11411120267584456,2129481.4494425165,1890.695886197309,2131372.145328714,1265,0,537.4434523809524,84,252,49,37.23772763262075,0.5467819940476191,42.034313725490186,16509.803921568582,196.54528478057836,0
1267,64,0,3,332,0.0,0.008955223880597015,0.991044776119403,335,11550,8900,2650,0.7705627705627706,142,89,53,187.97791186061352,0.4682534185360622,0.8489141637069133,0.11601013745557323,2132816.5353822187,1634.4797405870195,2134451.0151228057,1266,1,538.4895522388059,87,248,54,36.97940547149624,0.548818407960199,41.832386363636346,16522.727272727174,189.91640543364568,0
1268,64,3,0,335,0.008955223880597015,0.0,1.0,335,9850,6200,3650,0.6294416243654822,135,62,73,186.03267630415104,0.4678441624214258,0.8483861118478098,0.1154643960341892,2136193.4632677985,2630.3574150284867,2138823.820682827,1267,0,539.1522388059701,80,255,58,36.8215245632373,0.5507151741293532,41.628086419753096,16535.802469135837,206.69753086419797,0
1269,64,2,0,337,0.005934718100890208,0.0,1.0,337,11300,8500,2800,0.7522123893805309,141,85,56,195.12293697590843,0.46797614631906176,0.8553546121425755,0.11601224087950743,2110397.530947672,3657.392885043695,2114054.923832716,1268,0,536.946587537092,85,252,48,38.181932522089134,0.5391320474777448,43.19282945736436,16435.658914728785,193.3606931144563,8
1270,64,4,4,337,0.011730205278592375,0.011730205278592375,0.9882697947214076,341,10950,7600,3350,0.6940639269406392,143,76,67,193.58730259603325,0.4684711201196021,0.857829868386107,0.11618599880193163,2116093.2980760494,2779.7587232179194,2118873.0567992674,1269,0,531.6363636363636,97,244,53,37.86834862701334,0.5417583088954057,42.8465136054422,16457.82312925183,169.66827968300854,0
1271,64,2,0,339,0.0058997050147492625,0.0,1.0,339,11050,8300,2750,0.751131221719457,138,83,55,191.8540545958773,0.46839672316186953,0.8571418827902542,0.11605157847932396,2120819.160997724,2527.551020407631,2123346.7120181317,1270,0,535.6725663716815,76,263,54,37.62042389210017,0.5432952310717798,42.559523809523796,16476.19047619041,216.79197994987385,0
1272,64,1,0,340,0.0029411764705882353,0.0,1.0,340,9700,7300,2400,0.7525773195876289,121,73,48,188.64450645597918,0.468385425704205,0.8557857357326124,0.11474665998292205,2124161.073133677,2442.263454860932,2126603.336588538,1271,0,535.0941176470589,79,261,46,37.49647285254631,0.5450061274509803,42.35677083333333,16489.166666666635,208.72362869198273,0
1273,64,0,2,338,0.0,0.0058823529411764705,0.9941176470588236,340,11550,7800,3750,0.6753246753246753,153,78,75,186.70015933444603,0.4680969474810573,0.8504367753558095,0.11081152388048177,2109340.2095296998,-787.1693580497176,2108553.0401716502,1272,1,536.0941176470589,92,248,48,38.463775703109114,0.5378370098039216,43.257168458781386,16431.54121863813,178.60370889824054,8
1274,64,0,1,337,0.0,0.0029585798816568047,0.9970414201183432,338,10150,7100,3050,0.6995073891625616,132,71,61,187.7915314839861,0.4677427732808925,0.8518649428916678,0.11187230576140632,2111587.775396178,1557.660440903107,2113145.435837081,1273,2,540.1508875739645,90,248,49,38.296440295292875,0.5392628205128205,43.12042124542128,16440.293040293225,182.66992266992472,0
1275,64,2,2,337,0.0058997050147492625,0.0058997050147492625,0.9941002949852508,339,10100,7200,2900,0.7128712871287128,130,72,58,189.3500932044556,0.46770980607774343,0.8533925028750626,0.1135057569229126,2115362.965127976,2208.834921648053,2117571.8000496244,1274,0,539.4513274336283,96,243,53,38.02253014228831,0.5411135693215339,42.89089347079041,16454.982817869615,171.40607101947515,0
1276,64,2,2,337,0.0058997050147492625,0.0058997050147492625,0.9941002949852508,339,10050,6800,3250,0.6766169154228856,133,68,65,200.67140474583084,0.46815453852553923,0.8624316711639399,0.1175792307907495,2101474.786713229,6491.179497538319,2107965.966210767,1275,0,539.4867256637168,75,264,50,38.59381406999338,0.5327249262536873,43.73629385964914,16400.877192982534,218.67836257310046,8
1277,64,4,0,341,0.011730205278592375,0.0,1.0,341,10700,7500,3200,0.7009345794392523,139,75,64,192.6523338908237,0.4683719308837904,0.8557851933829201,0.11362090731667704,2105472.7076124772,2224.846212995916,2107697.553825473,1276,0,537.2932551319648,84,257,53,38.55097303839598,0.5347629521016618,43.49264705882356,16416.470588235454,195.4341736694697,0
1278,64,2,4,339,0.0058309037900874635,0.011661807580174927,0.9883381924198251,343,11050,7600,3450,0.6877828054298643,145,76,69,188.66890467191368,0.46870755403247344,0.8536150302250896,0.11192471180871238,2109039.613340211,-67.96124828440497,2108971.652091927,1277,0,535.1545189504374,89,254,43,38.43186924244477,0.5367468415937804,43.27546296296299,16430.37037037052,184.61090303787103,0
1279,64,3,0,342,0.008771929824561403,0.0,1.0,342,11200,8100,3100,0.7232142857142857,143,81,62,187.12472504843507,0.46820693494080595,0.853672921684034,0.1116823938146233,2112715.064791787,-531.7548790291767,2112183.309912758,1278,0,537.7046783625731,93,249,48,38.24372672905799,0.5386513157894737,43.051861702127695,16444.680851064033,176.82452528025843,0
1280,64,2,1,343,0.005813953488372093,0.0029069767441860465,0.997093023255814,344,10050,7800,2250,0.7761194029850746,123,78,45,182.9780872225226,0.4683472537686171,0.8518521866555013,0.10982280087717339,2116116.269314946,-1409.4185400572787,2114706.850774889,1279,0,535.5726744186046,98,246,53,38.13974699945446,0.5402434593023255,42.845117845117876,16457.912457912644,167.9378822235984,0
1281,64,1,3,341,0.0029069767441860465,0.00872093023255814,0.9912790697674418,344,10950,8100,2850,0.7397260273972602,138,81,57,181.89505461344035,0.4683128234682577,0.8451703291854196,0.10751449472221743,2106824.34428168,-3105.814167190996,2103718.530114489,1280,0,536.4331395348837,91,253,45,38.74308681199071,0.5354287790697674,43.410326086956545,16421.739130434915,180.45867176302104,8
1282,64,0,4,337,0.0,0.011730205278592375,0.9882697947214076,341,12000,9200,2800,0.7666666666666667,148,92,56,183.71209119833787,0.4678393278132367,0.8450490293832116,0.10928417416870395,2110710.9803329958,-2647.3743775456933,2108063.60595545,1281,1,538.8093841642228,93,248,47,38.455550281900834,0.5373900293255132,43.173758865248246,16436.879432624228,176.74063906047556,0
1283,64,4,1,340,0.011730205278592375,0.002932551319648094,0.9970674486803519,341,10450,7500,2950,0.7177033492822966,134,75,59,181.78358446885917,0.4680887384279225,0.8443625605027554,0.10906157193735877,2115870.814612356,-1723.883809343166,2114146.930803013,1282,0,538.2727272727273,102,239,54,38.18564985972367,0.5401698435972629,42.86003236245958,16456.957928802785,161.34272479218416,0
1284,64,1,1,340,0.002932551319648094,0.002932551319648094,0.9970674486803519,341,10400,7000,3400,0.6730769230769231,138,70,68,181.45711383390002,0.46804453452935424,0.8449132147990743,0.10917308105265063,2117574.0198950493,-1750.2260040379024,2115823.7938910113,1283,0,539.1964809384165,107,234,52,38.088693399822574,0.5418804985337243,42.75655864197534,16463.58024691378,153.86523595246524,0
1285,64,2,1,341,0.005847953216374269,0.0029239766081871343,0.9970760233918129,342,12200,9000,3200,0.7377049180327869,154,90,64,200.34985487264908,0.46825320265473064,0.8581461549649885,0.12111842061871596,2120460.3741159346,4366.785643466027,2124827.1597594004,1284,0,538.0350877192982,81,261,51,37.42392091064612,0.546479044834308,42.58130081300813,16474.796747967466,203.3925524440428,8
1286,64,2,0,343,0.0058309037900874635,0.0,1.0,343,10800,7300,3500,0.6759259259259259,143,73,70,226.97709051817546,0.4684898186509357,0.8761313641079365,0.13468538850381617,2109197.641836929,16347.908814388142,2125545.5506513175,1285,0,537.4577259475219,70,273,48,37.43856791816674,0.5305818756073858,43.26584507042252,16430.985915492896,234.72837022132708,8
1287,64,4,2,345,0.011527377521613832,0.005763688760806916,0.9942363112391931,347,9800,6700,3100,0.6836734693877551,129,67,62,217.56813924044545,0.4689677694302388,0.8774919090706204,0.12730750313741995,2100647.102076136,12206.7762399082,2112853.8783160443,1286,0,532.250720461095,84,263,53,38.21238102071079,0.5205931796349663,43.78676470588237,16397.64705882362,195.21008403361452,8
1288,64,4,4,345,0.011461318051575931,0.011461318051575931,0.9885386819484241,349,10950,7800,3150,0.7123287671232876,141,78,63,214.8937241590412,0.46945809867272664,0.8760315061630761,0.12713009513285206,2107355.6193310493,9821.499433105591,2117177.118764155,1287,0,530.0229226361032,69,280,47,37.86332995071035,0.5233106494746895,43.37797619047616,16423.809523809392,238.02622498274482,0
1289,64,1,3,343,0.002890173410404624,0.008670520231213872,0.9913294797687862,346,10400,7500,2900,0.7211538461538461,133,75,58,215.89180540277306,0.469239898355254,0.8750636617779286,0.12813702046017428,2109337.7224352597,11477.745820143782,2120815.4682554035,1288,0,535.5086705202312,73,273,49,37.71445574501525,0.5247471098265897,43.2573198198198,16431.53153153143,225.0894730346771,0
1290,64,0,3,340,0.0,0.008746355685131196,0.9912536443148688,343,11250,8000,3250,0.7111111111111111,145,80,65,216.66142849927968,0.4688538949414352,0.8738838502518587,0.12922093462835754,2112292.9518506518,11680.48167138384,2123973.433522036,1289,1,540.6763848396502,78,265,49,37.51101274484645,0.5264516520894071,43.0775316455696,16443.03797468344,210.8081791626082,0
1291,64,1,0,341,0.002932551319648094,0.0,1.0,341,12100,8600,3500,0.7107438016528925,156,86,70,221.896022944983,0.4688502673796791,0.8763695484312992,0.13315015735223282,2115975.320743949,13605.301664563653,2129580.622408513,1290,0,544.7595307917888,85,256,51,37.1477076464123,0.5285618279569892,42.85368217054264,16457.3643410853,193.61605107159176,0
1292,64,1,1,341,0.0029239766081871343,0.0029239766081871343,0.9970760233918129,342,10350,7600,2750,0.7342995169082126,131,76,55,210.65642951548412,0.46923732943469787,0.8726741095162147,0.12422459375841219,2105400.8574262965,9953.245464852174,2115354.1028911485,1291,0,544.1637426900585,69,273,52,38.09362369708573,0.5244578460038987,43.497023809523796,16416.19047619042,237.9158040027597,8
1293,64,2,2,341,0.0058309037900874635,0.0058309037900874635,0.9941690962099126,343,10400,7500,2900,0.7211538461538461,133,75,58,224.0978136577533,0.4694076460993754,0.8753316291634539,0.13632979615334687,2124240.1748614786,16207.515774083418,2140447.690635562,1292,0,543.5218658892128,75,268,42,36.57813774515019,0.5347728377065112,42.3519736842105,16489.473684210392,219.85964912280522,8
1294,64,0,2,339,0.0,0.005865102639296188,0.9941348973607038,341,10100,7100,3000,0.7029702970297029,131,71,60,221.99176060736863,0.4691345379794147,0.873805486305782,0.13548465748279243,2126171.9467401165,16098.530762166538,2142270.477502283,1293,1,547.6627565982404,76,265,45,36.512674504041094,0.5360764907135875,42.23484848484846,16496.9696969696,217.06539074960003,0
1295,64,0,2,337,0.0,0.0058997050147492625,0.9941002949852508,339,10900,8100,2800,0.7431192660550459,137,81,56,222.79761191998517,0.46892654750891644,0.8733004334506449,0.13669797359412908,2129335.1921742954,16182.159158721975,2145517.3513330175,1294,2,551.6814159292036,82,257,49,36.29595618046769,0.5377642576204523,42.043172690763015,16509.236947790974,201.33215789988992,0
1296,64,1,1,337,0.0029585798816568047,0.0029585798816568047,0.9970414201183432,338,11400,8400,3000,0.7368421052631579,144,84,60,222.68924816607736,0.4689665528301114,0.8726332098881062,0.13712707655152598,2131493.8182959384,15932.151173392269,2147425.9694693307,1295,0,554.1420118343195,88,250,50,36.16512100736171,0.5394169132149902,41.91245318352058,16517.60299625459,187.70003404834762,0
1297,64,0,1,336,0.0,0.002967359050445104,0.9970326409495549,337,10500,7000,3500,0.6666666666666666,140,70,70,222.21740920871156,0.46895422672036174,0.8723085945801987,0.13723729135341972,2133234.0894106966,16908.3505169095,2150142.439927606,1296,1,555.7121661721068,88,249,51,36.06962073133879,0.5410793768545994,41.807116104868896,16524.344569288296,187.77664283282155,0
1298,64,2,1,337,0.005917159763313609,0.0029585798816568047,0.9970414201183432,338,10550,8000,2550,0.7582938388625592,131,80,51,219.49791883454768,0.46904501665115683,0.8717789654514223,0.1360887096774194,2135555.5555555527,15599.999999999874,2151155.5555555527,1297,0,555.0473372781065,72,266,50,35.99630376344088,0.5430226824457594,41.666666666666664,16533.333333333314,229.62962962962936,0
1299,64,1,2,336,0.0029585798816568047,0.005917159763313609,0.9940828402366864,338,10250,7200,3050,0.7024390243902439,133,72,61,208.55719324384583,0.4688772979474303,0.8662314581184802,0.13045020860804213,2140770.7239246783,11444.626712065787,2152215.350636744,1298,0,556.0177514792899,75,263,55,35.95712336389171,0.5472448224852071,41.35142543859651,16553.508771929897,220.71345029239862,8
1300,64,1,2,335,0.002967359050445104,0.005934718100890208,0.9940652818991098,337,9550,6300,3250,0.6596858638743456,128,63,65,207.61653579891433,0.4685152312656022,0.8654827582243492,0.13056656485753376,2143959.640842026,12074.29470486174,2156033.935546888,1299,0,558.4213649851632,79,258,46,35.784883964652806,0.5487141444114738,41.158854166666686,16565.83333333343,209.69409282700545,0
1301,64,0,1,334,0.0,0.0029850746268656717,0.9970149253731343,335,10400,7500,2900,0.7211538461538461,133,75,58,210.7483496041703,0.46810185598951354,0.8665384837981573,0.13328253935457207,2147258.0516581647,13106.21811224486,2160364.2697704094,1300,1,562.7253731343284,83,252,50,35.50059241706159,0.5503731343283582,40.95982142857143,16578.571428571442,199.74182444061978,0
1302,64,0,1,333,0.0,0.0029940119760479044,0.9970059880239521,334,8900,6300,2600,0.7078651685393258,115,63,52,206.52450905859936,0.4680211648774523,0.863748936179523,0.1311502508801362,2149669.708448121,13091.896235078231,2162761.604683199,1301,2,564.9730538922156,87,247,51,35.46157593472173,0.5518338323353293,40.814393939393945,16587.878787878813,190.6652734238944,0
1303,64,1,2,332,0.0029940119760479044,0.005988023952095809,0.9940119760479041,334,11200,8100,3100,0.7232142857142857,143,81,62,203.69483696795447,0.46799231866597135,0.8633894573505678,0.13010490673311106,2153052.668734979,9713.14246827751,2162765.8112032562,1302,0,565.1437125748503,71,263,51,35.32690287615965,0.5534555888223553,40.610532407407376,16600.92592592579,233.81585811163083,0
1304,64,1,0,333,0.003003003003003003,0.0,1.0,333,10700,7900,2800,0.7383177570093458,135,79,56,217.49084615688997,0.4676035221968957,0.8684207874834009,0.13631349604003343,2141963.4891610076,15871.490338958483,2157834.979499966,1303,0,567.5555555555555,77,256,45,35.65244369311243,0.5491741741741742,41.27938034188035,16558.11965811968,215.0405150405153,8
1305,64,0,2,331,0.0,0.006006006006006006,0.993993993993994,333,10900,8000,2900,0.7339449541284404,138,80,58,215.74652912697096,0.4675074170556098,0.8677806779885029,0.1357543544814328,2144284.569780489,15024.390678132462,2159308.9604586214,1304,1,568.5555555555555,78,255,48,35.55440946753602,0.5505505505505506,41.13924050632912,16567.08860759498,212.39857189224333,0
1306,64,2,0,333,0.006006006006006006,0.0,1.0,333,10150,6700,3450,0.6600985221674877,136,67,69,213.6672867641705,0.4676947278603905,0.8657407039284055,0.13524303681776886,2147754.4988102415,15030.975279265345,2162785.474089507,1305,0,569.0960960960961,81,252,50,35.39439704488249,0.5527089589589589,40.9298780487805,16580.48780487812,204.6973803071373,0
1307,64,0,1,332,0.0,0.003003003003003003,0.996996996996997,333,10250,7800,2450,0.7609756097560976,127,78,49,214.29500520291347,0.4673886989399038,0.8622977816526205,0.13286290322580646,2135555.5555555588,14677.77777777795,2150233.3333333367,1306,1,570.0960960960961,82,251,49,36.13071236559141,0.5489864864864865,41.66666666666667,16533.333333333358,201.62601626016288,8
1308,64,1,1,332,0.003003003003003003,0.003003003003003003,0.996996996996997,333,10700,7600,3100,0.7102803738317757,138,76,62,208.57331295676394,0.46718179022395895,0.8580100761918925,0.1300895405555083,2139089.7801154368,11931.408430127185,2151021.1885455637,1307,0,571.009009009009,77,256,49,36.06039084022039,0.5511761761761762,41.452991452991476,16547.008547008667,214.89621489621646,0
1309,64,1,1,332,0.003003003003003003,0.003003003003003003,0.996996996996997,333,9750,6800,2950,0.6974358974358974,127,68,59,207.99042286358875,0.46719422735988997,0.8585659921776814,0.1303536238993676,2141938.919372059,12750.55631763498,2154689.475689694,1308,0,571.5735735735735,80,253,44,35.89975395168507,0.5528028028028028,41.28086419753088,16558.024691358118,206.97530864197648,0
1310,64,0,0,332,0.0,0.0,1.0,332,11500,8300,3200,0.7217391304347827,147,83,64,205.98795344150628,0.4669484205704995,0.8566259927040107,0.12965701813165653,2144479.892349104,10447.4048442911,2154927.297193395,1309,1,574.2861445783133,84,248,45,35.79498832291866,0.5541854919678715,41.12745098039217,16567.84313725496,197.2362278244638,0
1311,64,0,0,332,0.0,0.0,1.0,332,11350,8600,2750,0.7577092511013216,141,86,55,204.89669528264054,0.4666936249529841,0.8576955444387306,0.12969918364606234,2147788.78691938,10264.964920979612,2158053.7518403595,1310,2,575.2861445783133,85,247,51,35.6195065220441,0.5557542670682731,40.92781007751942,16580.620155038952,195.0661194710465,0
1312,64,1,0,333,0.003003003003003003,0.0,1.0,333,11450,8600,2850,0.7510917030567685,143,86,57,209.9831123784797,0.4665795313385675,0.8657630252165815,0.13045246505015795,2136751.7106588734,11686.354916838496,2148438.065575712,1311,0,574.5555555555555,71,262,53,36.16824599219901,0.5446383883883884,41.59432870370372,16537.96296296303,232.9290558163807,8
1313,64,0,0,333,0.0,0.0,1.0,333,11650,8400,3250,0.721030042918455,149,84,65,192.1380353627292,0.46637978339785574,0.8563646456016971,0.11807253331833634,2130274.7333060615,3611.360408057346,2133886.093714119,1312,1,575.5555555555555,87,246,51,37.0288438011347,0.5418230730730731,41.98626893939392,16512.878787878704,189.80320445837592,8
1314,64,0,2,331,0.0,0.006006006006006006,0.993993993993994,333,11100,8000,3100,0.7207207207207207,142,80,62,191.74216729013412,0.4662704873548247,0.8571679849220872,0.1183393599912079,2132847.3011263977,4091.352803377711,2136938.6539297756,1313,2,576.5555555555555,88,245,53,36.880326865536304,0.5435435435435436,41.830524344569284,16522.846441947542,187.7596186584948,0
1315,64,0,0,331,0.0,0.0,1.0,331,9550,6500,3050,0.680628272251309,126,65,61,191.4035527755988,0.4659796606548872,0.8559646941888384,0.11855915472893047,2135000.0361313424,5979.318418314119,2140979.3545496566,1314,3,580.5256797583081,92,239,52,36.75632019426736,0.545254279959718,41.7002688172043,16531.182795698907,179.68676951846638,0
1316,64,0,0,331,0.0,0.0,1.0,331,9350,6700,2650,0.7165775401069518,120,67,53,197.1840220295348,0.46592892672953096,0.8546546473084855,0.11879134985681836,2118368.055555575,7991.666666667305,2126359.7222222425,1315,4,581.5256797583081,100,231,52,37.634952766531725,0.5391805135951662,42.70833333333336,16466.66666666682,164.66666666666822,8
1317,64,3,1,333,0.008982035928143712,0.0029940119760479044,0.9970059880239521,334,9800,6600,3200,0.673469387755102,130,66,64,191.22257725783714,0.4661995453537369,0.8512479976238236,0.1158662625257941,2121840.8732126975,4548.77606134983,2126389.6492740475,1316,0,577.2934131736527,83,251,53,37.57349105064612,0.5414483532934131,42.49751984126982,16480.158730158622,198.55612927901956,0
1318,64,1,0,334,0.0029940119760479044,0.0,1.0,334,10800,8100,2700,0.75,135,81,54,190.76401597823332,0.46607310903718085,0.8509264589310668,0.11600902250246985,2124022.150134554,3437.399077277453,2127459.5492118318,1317,0,578.1676646706587,84,250,43,37.4504510932471,0.5430389221556886,42.36519607843136,16488.62745098032,196.2931839402419,0
1319,64,1,2,333,0.0029850746268656717,0.005970149253731343,0.9940298507462687,335,9050,6100,2950,0.6740331491712708,120,61,59,187.13977338997483,0.4661557482050824,0.8479325365814316,0.11412364856883479,2125698.043351704,3510.530025669904,2129208.5733773736,1318,0,577.4388059701492,88,247,44,37.440303195434666,0.5443718905472636,42.26357677902621,16495.13108614228,187.444671433435,0
1320,64,1,1,333,0.0029940119760479044,0.0029940119760479044,0.9970059880239521,334,11300,8200,3100,0.7256637168141593,144,82,62,187.910222780241,0.4659991203778629,0.848754609332379,0.11501358032303091,2127887.3308194126,1870.3564771053307,2129757.687296518,1319,0,580.1526946107784,91,243,47,37.28526344676183,0.546064121756487,42.130887681159415,16503.623188405756,181.35849657588744,0
1321,64,0,2,331,0.0,0.006006006006006006,0.993993993993994,333,11150,7600,3550,0.6816143497757847,147,76,71,187.3565571172116,0.4659018958717754,0.8473884382363512,0.11504621647775941,2129818.672839515,2057.09876543257,2131875.7716049473,1320,1,582.5915915915916,98,235,50,37.180349932705255,0.5476413913913913,42.0138888888889,16511.111111111182,168.48072562358348,0
1322,64,3,0,334,0.008982035928143712,0.0,1.0,334,11500,8500,3000,0.7391304347826086,145,85,60,185.0451500698676,0.4657155284026542,0.847389943520515,0.11428111831578931,2133237.8086990453,649.0620890858345,2133886.8707881314,1321,0,581.6646706586827,103,231,55,37.02915276592442,0.5494323852295409,41.80689102564102,16524.358974358962,160.4306696539705,0
1323,64,1,0,335,0.0029850746268656717,0.0,1.0,335,10800,7800,3000,0.7222222222222222,138,78,60,185.05732200961944,0.4656202520332469,0.8496328254429959,0.11502764390619878,2137062.765842021,1295.8224826392634,2138358.5883246604,1322,0,580.9253731343283,79,256,54,36.793186627701914,0.5514303482587064,41.57552083333334,16539.166666666722,209.35654008438888,0
1324,64,0,1,334,0.0,0.0029850746268656717,0.9970149253731343,335,9900,7100,2800,0.7171717171717171,127,71,56,188.17523267099375,0.46545379390472785,0.850598968901715,0.11752075851716726,2139863.2812499898,3633.854166666323,2143497.1354166563,1323,1,581.9253731343283,83,252,53,36.54015609264854,0.5529539800995025,41.406249999999986,16549.99999999992,199.39759036144483,0
1325,64,1,2,333,0.0029850746268656717,0.005970149253731343,0.9940298507462687,335,10550,7300,3250,0.6919431279620853,138,73,65,180.26059825965743,0.4654556558524741,0.8430914241949177,0.11329604112228406,2143612.6576940045,-268.2199774218334,2143344.437716583,1324,0,582.6029850746269,91,244,46,36.514292328331614,0.5549440298507462,41.17980072463765,16564.49275362303,182.0273928969564,0
1326,64,0,1,332,0.0,0.003003003003003003,0.996996996996997,333,10450,7800,2650,0.7464114832535885,131,78,53,179.43809766083223,0.4650554168626458,0.8416367060434864,0.11306342270085323,2145093.368039812,-67.70534681478239,2145025.662692997,1325,3,586.5915915915916,93,240,48,36.444601381042055,0.556493993993994,41.09042553191486,16570.212765957254,178.17433081674466,0
1327,64,0,1,331,0.0,0.0030120481927710845,0.9969879518072289,332,8600,5400,3200,0.627906976744186,118,54,64,184.40677896381555,0.4649019036872566,0.8483827991152035,0.11593187622086676,2143764.4872764037,4064.9407911318704,2147829.4280675356,1326,4,588.460843373494,83,249,49,36.3976459690814,0.5550326305220883,41.17063492063494,16565.079365079455,199.57926945878862,8
1328,64,0,1,330,0.0,0.0030211480362537764,0.9969788519637462,331,10450,7600,2850,0.7272727272727273,133,76,57,186.74680121222374,0.46466820775733164,0.8486804855823211,0.11788701968463494,2146182.4381422554,3508.5410281841105,2149690.9791704393,1327,5,591.0090634441087,85,246,51,36.18842858924589,0.5569612286002015,41.024709302325604,16574.41860465129,194.99316005472107,0
1329,64,1,1,330,0.0030211480362537764,0.0030211480362537764,0.9969788519637462,331,9850,7100,2750,0.7208121827411168,126,71,55,187.82323243213014,0.46453813055021514,0.8490479084322571,0.11899457987574341,2148295.459029234,4649.959466828342,2152945.4184960625,1328,0,591.9788519637463,87,244,52,36.03070225531852,0.558440332326284,40.89725378787882,16582.575757575923,190.60431905259682,0
1330,64,1,2,329,0.0030211480362537764,0.006042296072507553,0.9939577039274925,331,10200,6800,3400,0.6666666666666666,136,68,68,163.6653575954423,0.4643260398547408,0.8302643066656403,0.10371617230726507,2148446.2950138594,-6074.753770390429,2142371.541243469,1329,0,590.3806646525679,94,237,60,36.6473946651997,0.5566465256797584,40.88815789473686,16583.157894736913,176.41657334826502,8
1331,64,0,0,329,0.0,0.0,1.0,329,10300,7800,2500,0.7572815533980582,128,78,50,187.6300728407905,0.46424633034324264,0.8524120011765852,0.11633064516129034,2135555.5555555597,4038.8888888890733,2139594.4444444487,1330,1,594.4224924012158,85,244,55,36.8195564516129,0.5441362715298885,41.66666666666667,16533.333333333365,194.509803921569,8
1332,64,0,0,329,0.0,0.0,1.0,329,10800,7400,3400,0.6851851851851852,142,74,68,189.1668515499083,0.464046707811303,0.852808420609269,0.11786075533965489,2138464.1931841704,4305.307715373257,2142769.5008995435,1331,2,595.4224924012158,76,253,55,36.60066373611041,0.5457826747720365,41.490800865800885,16544.588744588822,217.6919571656424,0
1333,64,2,0,331,0.006042296072507553,0.0,1.0,331,11150,8400,2750,0.7533632286995515,139,84,55,186.45928947158887,0.4642482224053221,0.8520078328199776,0.11700364571104846,2142665.630425359,2553.9822048617143,2145219.612630221,1332,0,592.8187311178248,79,252,49,36.41210226605613,0.5479292547834844,41.236979166666686,16560.833333333427,209.6308016877649,0
1334,64,0,2,329,0.0,0.006042296072507553,0.9939577039274925,331,10550,7900,2650,0.7488151658767772,132,79,53,187.09520054328485,0.46409487625499707,0.8521635650525163,0.11787286807643615,2145017.232013035,3514.4858384565687,2148531.7178514916,1333,1,593.8187311178248,81,250,50,36.25103241581213,0.5492510070493455,41.09502032520327,16569.9186991871,204.56689752082838,0
1335,64,0,0,329,0.0,0.0,1.0,329,11250,8500,2750,0.7555555555555555,140,85,55,189.00569959511074,0.4641467121358143,0.8508919651776812,0.1143861579774518,2121121.864891863,3130.8244000741633,2124252.6892919373,1334,2,598.0516717325228,80,249,48,37.67503330003335,0.5381205673758865,42.54115226337448,16477.366255143985,205.9670781892998,8
1336,64,1,0,330,0.0030303030303030303,0.0,1.0,330,10600,7300,3300,0.6886792452830188,139,73,66,189.82116568773475,0.46439221239753153,0.8515895401336924,0.11554160547687181,2124572.3909695027,4057.761568361897,2128630.1525378646,1335,0,597.2363636363636,82,248,46,37.44074001915802,0.5401199494949496,42.33182730923695,16490.76305220885,201.10686649035185,0
1337,64,0,3,327,0.0,0.00909090909090909,0.990909090909091,330,9800,7000,2800,0.7142857142857143,126,70,56,200.69670763531107,0.4642603850050659,0.8597375003095509,0.12457856167217277,2136253.8108209656,9947.82130103135,2146201.632121997,1336,1,598.2363636363636,73,257,53,36.438924452919295,0.5483585858585859,41.62443693693695,16536.03603603611,226.52104158953574,8
1338,64,0,1,326,0.0,0.0030581039755351682,0.9969418960244648,327,9550,6300,3250,0.6596858638743456,128,63,65,197.82783917788882,0.46385855800078796,0.8557460964381058,0.12351486004831547,2139699.6174491337,9708.430361943812,2149408.0478110774,1337,2,603.4128440366973,78,249,52,36.30063059847364,0.5504268603465852,41.41613924050634,16549.36708860765,212.1713729308673,0
1339,64,1,0,327,0.0030581039755351682,0.0,1.0,327,9650,6600,3050,0.6839378238341969,127,66,61,195.43937308178923,0.4637217563147658,0.8545886646739675,0.12269015312940343,2142912.8298714464,8711.90800779984,2151624.737879246,1338,0,603.3302752293578,81,246,48,36.16451286960222,0.5524655963302753,41.22205284552847,16561.78861788624,204.4665261467437,0
1340,64,1,0,328,0.003048780487804878,0.0,1.0,328,10400,7800,2600,0.75,130,78,52,192.2228275218989,0.46369569845354414,0.8526920675970924,0.12141557350401737,2146529.2125803567,6522.382920110636,2153051.5955004673,1339,0,602.4878048780488,87,241,49,36.02528945764776,0.554274644308943,41.00378787878789,16575.757575757634,190.52594914663948,0
1341,64,1,1,328,0.00303951367781155,0.00303951367781155,0.9969604863221885,329,9750,7300,2450,0.7487179487179487,122,73,49,191.39403415397953,0.4638011373464799,0.8519316931758629,0.12012168465527628,2142770.9422510597,6472.714981070518,2149243.6572321304,1340,0,601.6534954407294,85,244,49,36.27792860263371,0.553476443768997,41.23062015503875,16561.240310077465,194.838121295029,8
1342,64,1,2,327,0.00303951367781155,0.0060790273556231,0.993920972644377,329,9900,7400,2500,0.7474747474747475,124,74,50,188.59782272544143,0.46370267749030075,0.8506508224475515,0.11901390637427214,2145977.274785651,5245.32832856995,2151222.603114221,1341,0,602.5957446808511,90,239,50,36.153103773445864,0.555186170212766,41.037087912087905,16573.62637362635,184.15140415140388,0
1343,64,3,0,330,0.00909090909090909,0.0,1.0,330,9350,6200,3150,0.6631016042780749,125,62,63,189.93947309556404,0.46357802953547633,0.8533313850799691,0.12077861815291292,2150446.922129875,6340.951061864806,2156787.87319174,1342,0,599.3090909090909,94,236,56,35.843696246792426,0.5575757575757576,40.76754385964911,16590.87719298237,176.49869354236566,0
1344,64,0,0,330,0.0,0.0,1.0,330,10900,7800,3100,0.7155963302752294,140,78,62,192.44352755209002,0.46346193699917104,0.8561458608874706,0.12283061772949343,2152636.0580371525,5952.175308898842,2158588.2333460515,1343,1,600.3090909090909,97,233,56,35.64432980888761,0.5591224747474748,40.63562925170067,16599.319727891096,171.12700750403192,0
1345,64,0,0,330,0.0,0.0,1.0,330,8650,5300,3350,0.6127167630057804,120,53,67,191.82222411576072,0.4632151684013386,0.8558426997693525,0.12281552820860704,2154448.508897399,8004.220943916217,2162452.729841315,1344,2,601.3090909090909,73,257,58,35.549184885802596,0.5603219696969697,40.52646396396394,16606.30630630621,227.48364803159194,0
1346,64,1,0,331,0.0030211480362537764,0.0,1.0,331,11250,7700,3550,0.6844444444444444,148,77,71,189.6080721066854,0.4631690774817663,0.8541949582067261,0.12207746205438304,2157692.3990064887,4373.179194973185,2162065.578201462,1345,0,600.4894259818731,77,254,57,35.40766646094763,0.5623741188318228,40.33119658119656,16618.803418803316,215.8286158286145,0
1347,64,0,2,329,0.0,0.006042296072507553,0.9939577039274925,331,9800,6700,3100,0.6836734693877551,129,67,62,192.48300674538712,0.4629836888522689,0.8561804140196227,0.12452626825097136,2160480.180348585,7171.144225462015,2167651.324574047,1346,1,601.4894259818731,78,253,47,35.16209107209309,0.5637588116817724,40.16350210970463,16629.535864978854,213.19917775613916,0
1348,64,0,2,327,0.0,0.0060790273556231,0.993920972644377,329,11150,8200,2950,0.7354260089686099,141,82,59,193.82284010708014,0.46253312884572617,0.8564958833245444,0.12567704271428246,2161787.884849863,6850.773510135284,2168638.6583599984,1347,5,605.5744680851063,80,249,48,35.04712780169212,0.5648746200607903,40.084876543209866,16634.56790123451,207.93209876543136,0
1349,64,1,0,328,0.003048780487804878,0.0,1.0,328,9750,6700,3050,0.6871794871794872,128,67,61,177.84650079396673,0.46255998110439817,0.8403631529759035,0.11053538478263132,2137008.279100342,661.8889211467013,2137670.168021489,1348,0,608.0487804878048,82,246,59,36.98288491735871,0.5487169715447154,41.578815261044184,16538.95582329321,201.6945832108928,8
1350,64,0,0,328,0.0,0.0,1.0,328,9400,7000,2400,0.7446808510638298,118,70,48,179.21016095549032,0.4625830955843962,0.839268169872031,0.11192181750239089,2139863.281249995,1697.0486111109476,2141560.329861106,1349,1,609.0487804878048,87,241,57,36.771987244041625,0.5500190548780488,41.40624999999999,16549.99999999996,190.2298850574708,0
1351,64,1,1,328,0.00303951367781155,0.00303951367781155,0.9969604863221885,329,10250,7200,3050,0.7024390243902439,133,72,61,208.83697344118607,0.4625956798131811,0.8628412780010164,0.1289061974651465,2132922.380815062,13036.610918876973,2145958.9917339394,1350,0,608.1945288753799,84,245,52,36.43435230455215,0.5457193515704154,41.82598039215685,16523.137254901892,196.70401493930825,8
1352,64,0,1,327,0.0,0.003048780487804878,0.9969512195121951,328,10450,7000,3450,0.6698564593301436,139,70,69,205.70275799535057,0.46252171595683844,0.8603630351910545,0.12732798767695294,2134588.124570396,11768.132881650054,2146356.257452046,1351,1,610.4146341463414,88,240,51,36.41240313590426,0.5474148882113821,41.72518726591758,16529.58801498116,187.83622744296773,0
1353,64,2,0,329,0.0060790273556231,0.0,1.0,329,9500,6900,2600,0.7263157894736842,121,69,52,203.47453573001658,0.4624060963254009,0.8588983985575238,0.12687118604686312,2138911.851586369,11742.819193793475,2150654.6707801623,1352,0,609.483282674772,76,253,52,36.20319013482638,0.5494554204660588,41.463744588744596,16546.32034632038,217.71474139895236,0
1354,64,1,1,329,0.0030303030303030303,0.0030303030303030303,0.996969696969697,330,10000,7800,2200,0.78,122,78,44,202.83540409180617,0.46254394246415526,0.8579953929394113,0.12701538034826437,2141440.3628792483,10871.98426862375,2152312.347147872,1353,0,608.6333333333333,81,249,42,36.06384633012507,0.5511679292929292,41.31097560975611,16556.097560975686,204.396266184885,0
1355,64,2,0,331,0.006042296072507553,0.0,1.0,331,9400,6800,2600,0.723404255319149,120,68,52,195.5964374159209,0.4625816320302725,0.8529875733695131,0.12328644181752976,2145292.1184160057,8322.299115725502,2153614.417531731,1354,0,606.5770392749245,84,247,46,36.014017733181916,0.5532477341389728,41.07843137254904,16570.98039215696,197.27357609710666,0
1356,64,1,2,330,0.0030120481927710845,0.006024096385542169,0.9939759036144579,332,10300,7000,3300,0.6796116504854369,136,70,66,234.57752690949343,0.4626373697205741,0.877134699874792,0.14263248828895486,2123934.7709195646,22945.47317587833,2146880.244095443,1355,0,605.7469879518072,73,259,40,36.32708629293701,0.5411332831325302,42.37049549549549,16488.288288288262,225.86696285326386,7
1357,64,0,1,329,0.0,0.0030303030303030303,0.996969696969697,330,9500,6900,2600,0.7263157894736842,121,69,52,237.99889487296207,0.4623760400356145,0.8780212433955672,0.14533090236107202,2126488.6233361717,25720.38846278692,2152209.0117989588,1356,1,610.3757575757576,73,257,43,36.08041418664337,0.5421717171717172,42.21565315315315,16498.19819819818,226.0027150438107,0
1358,64,0,1,328,0.0,0.00303951367781155,0.9969604863221885,329,9100,6800,2300,0.7472527472527473,114,68,46,226.67977314892687,0.46212809202560107,0.8722318714719925,0.13426417332667345,2108088.8888889123,20672.22222222339,2128761.1111111357,1357,2,613.224924012158,79,250,40,37.5152191558442,0.5313133232016211,43.33333333333337,16426.66666666685,207.9324894514791,8
1359,64,0,0,328,0.0,0.0,1.0,328,10900,8200,2700,0.7522935779816514,136,82,54,226.07696787633645,0.46182867003555356,0.8729043404403176,0.1344227053702368,2110426.664022754,18923.77222552807,2129350.436248282,1358,3,616.0182926829268,81,247,43,37.38519819285057,0.5330602134146342,43.19105691056913,16435.772357723705,202.9107698484408,0
1360,64,0,0,328,0.0,0.0,1.0,328,10600,7700,2900,0.7264150943396226,135,77,58,227.27690171328754,0.4618356626513513,0.8734795829713282,0.13554182065906495,2112246.4923469503,19812.967687075397,2132059.460034026,1359,4,617.0182926829268,83,245,45,37.24116710107153,0.5343305386178862,43.08035714285716,16442.857142857236,198.106712564545,0
1361,64,2,0,330,0.006060606060606061,0.0,1.0,330,9750,7200,2550,0.7384615384615385,123,72,51,224.470246287666,0.46228278222959074,0.8731975801723111,0.13445565747773727,2114900.3747071964,19196.441596881225,2134096.8163040774,1360,0,614.2727272727273,88,242,48,37.14830412019123,0.5361742424242424,42.91900749063673,16453.183520599396,186.96799455226585,0
1362,64,2,2,330,0.006024096385542169,0.006024096385542169,0.9939759036144579,332,10000,7700,2300,0.77,123,77,46,201.73009286340644,0.46275358230505104,0.8584431816213762,0.12101169955226626,2115786.7038257513,8963.569648385906,2124750.2734741373,1361,0,611.566265060241,92,240,52,37.67795951852017,0.5384663654618473,42.865143369175634,16456.63082437279,178.87642200405207,8
1363,64,0,0,330,0.0,0.0,1.0,330,9150,6600,2550,0.7213114754098361,117,66,51,201.73018746280454,0.4620993368333794,0.8581391378574474,0.12138002804965387,2117622.3482461716,10287.670657425067,2127910.018903597,1362,1,616.2666666666667,91,239,50,37.564187206572804,0.5394570707070707,42.753623188405804,16463.768115942068,180.92052874661613,0
1364,64,3,0,333,0.009009009009009009,0.0,1.0,333,10350,7400,2950,0.714975845410628,133,74,59,196.656560949535,0.46218733794035,0.8558140339292166,0.12211119356749436,2136450.3101516147,7079.394126796977,2143529.704278412,1363,0,611.7057057057057,76,257,54,36.5311954624782,0.5491116116116116,41.61255411255412,16536.79653679658,217.58942811574448,8
1365,64,1,0,334,0.0029940119760479044,0.0,1.0,334,10100,7700,2400,0.7623762376237624,125,77,48,194.79484329843018,0.4621045072018126,0.854321542298301,0.12170838511241594,2140122.921404508,6476.981822874437,2146599.9032273823,1364,0,610.8712574850299,82,252,53,36.35298375877574,0.5511165169660679,41.390562248996005,16551.00401606437,201.84151239102889,0
1366,64,1,0,335,0.0029850746268656717,0.0,1.0,335,9600,6900,2700,0.71875,123,69,54,193.90393646596053,0.4622478922751512,0.8599523368179744,0.11970084689423091,2132982.895325951,6118.755963652188,2139101.651289603,1365,0,610.044776119403,86,249,55,36.81615112306574,0.5478855721393034,41.822318007662815,16523.371647509477,192.13222845941252,8
1367,64,0,0,335,0.0,0.0,1.0,335,9100,6500,2600,0.7142857142857143,117,65,52,196.47945691285923,0.46200323234128754,0.8617175148409197,0.12177924522389812,2135370.3743849522,7811.282293392402,2143181.6566783446,1366,1,611.044776119403,92,243,52,36.602368151006644,0.5491915422885572,41.67786738351253,16532.616487455103,179.702353124512,0
1368,64,0,0,335,0.0,0.0,1.0,335,11250,8700,2550,0.7733333333333333,138,87,51,193.760286425504,0.4619023147734382,0.8600142337339496,0.12071509058057556,2138426.8904320993,4618.441358024759,2143045.331790124,1367,2,612.044776119403,71,264,52,36.48421759570182,0.550839552238806,41.49305555555556,16544.44444444445,233.02034428795,0
1369,64,1,1,335,0.002976190476190476,0.002976190476190476,0.9970238095238095,336,9450,6300,3150,0.6666666666666666,126,63,63,192.16085033875575,0.4620778177564558,0.8586580224446456,0.12059983012146112,2142755.7071071286,5700.751749185732,2148456.4588563144,1368,0,611.2202380952381,78,258,48,36.25902335456476,0.552796378968254,41.23154008438819,16561.1814345992,212.32283890511795,0
1370,64,0,1,334,0.0,0.0029850746268656717,0.9970149253731343,335,10800,7900,2900,0.7314814814814815,137,79,58,186.09705601176984,0.46181033455477105,0.8524263677802919,0.10957194374145952,2104454.3457031334,526.5516493060304,2104980.8973524394,1369,1,613.8656716417911,79,256,53,38.78231573157319,0.5334266169154229,43.554687500000014,16412.500000000065,207.75316455696284,8
1371,64,4,2,336,0.011834319526627219,0.005917159763313609,0.9940828402366864,338,10450,7800,2650,0.7464114832535885,131,78,53,186.76317720516064,0.4622706076355357,0.8536357549075835,0.11098669607977545,2110095.4964328273,767.6278240193733,2110863.1242568465,1370,0,608.9023668639053,86,252,43,38.41533780948381,0.5359652366863905,43.21120689655174,16434.48275862076,191.0986367281484,0
1372,64,1,2,335,0.002967359050445104,0.005934718100890208,0.9940652818991098,337,9850,6800,3050,0.6903553299492385,129,68,61,190.53513874500356,0.46228760421082377,0.8570872524655473,0.1138027613244097,2113167.5994894053,3276.5363520320443,2116444.135841437,1371,0,611.6884272997032,88,249,47,38.12805535313055,0.5376174579624134,43.024344569288395,16446.441947565567,186.89138576779052,0
1373,64,1,1,335,0.002976190476190476,0.002976190476190476,0.9970238095238095,336,11650,8600,3050,0.7381974248927039,147,86,61,189.23519498669026,0.46250203595119643,0.8565570554676885,0.11383043745079141,2117455.7719996483,1289.431178009254,2118745.2031776574,1372,0,613.9940476190476,93,243,51,37.8959257743506,0.5397755456349207,42.763741134751776,16463.120567375892,177.0228017997408,0
1374,64,1,1,335,0.002976190476190476,0.002976190476190476,0.9970238095238095,336,10700,8100,2600,0.7570093457943925,133,81,52,166.1908753773725,0.4626589892797915,0.8333011292885042,0.09855918759011136,2108849.4513031817,-7805.6927297656675,2101043.758573416,1373,0,614.9642857142857,89,247,53,39.020701833483606,0.5343812003968254,43.287037037037074,16429.62962962984,184.60258010820044,8
1375,64,2,1,336,0.005934718100890208,0.002967359050445104,0.9970326409495549,337,9100,6200,2900,0.6813186813186813,120,62,58,193.186267759579,0.46335988648674103,0.855580812682146,0.1103766805142733,2085924.6704142813,4094.4003809928754,2090019.070795274,1374,0,610.2284866468842,78,259,55,39.75386906298955,0.5189478239366964,44.68618143459915,16340.084388185622,209.48826138699516,8
1376,64,7,3,340,0.02040816326530612,0.008746355685131196,0.9912536443148688,343,10800,7700,3100,0.7129629629629629,139,77,62,184.47514813418115,0.46503944100614353,0.8527905486767762,0.10693434935412856,2094872.0632237024,-2109.633162930395,2092762.430060772,1375,0,600.3236151603498,90,253,49,39.419198132903794,0.5223517978620019,44.139194139194124,16375.091575091503,181.94546194546115,0
1377,64,6,0,346,0.017341040462427744,0.0,1.0,346,11050,8200,2850,0.7420814479638009,139,82,57,187.21614881456915,0.4658790246013795,0.8575729858365295,0.1098489199156784,2102331.362717879,-1531.9237479743115,2100799.4389699046,1376,0,595.7514450867052,78,268,53,38.88542363290294,0.5256803949903661,43.68407172995782,16404.219409282778,210.3105052472151,0
1378,64,2,1,347,0.005747126436781609,0.0028735632183908046,0.9971264367816092,348,10800,8100,2700,0.75,135,81,54,182.28931883990413,0.46623287179657047,0.8540237210385038,0.107710868646742,2106616.794551115,-3597.2518929147745,2103019.5426582,1377,0,593.3218390804598,85,263,42,38.7458398243875,0.5275981800766283,43.42296511627908,16420.930232558192,193.1874145006846,0
1379,64,2,2,347,0.0057306590257879654,0.0057306590257879654,0.994269340974212,349,11250,7800,3450,0.6933333333333334,147,78,69,205.08044568182842,0.4666668725093041,0.8698508637831057,0.11955649003657648,2098371.7728190836,5017.00367518115,2103388.7764942646,1378,0,592.6160458452722,88,261,54,38.67397580632871,0.5264446036294174,43.9255617977528,16388.76404494378,186.2359550561793,8
1380,64,4,1,350,0.011396011396011397,0.002849002849002849,0.9971509971509972,351,9000,6400,2600,0.7111111111111111,116,64,52,198.2797046088682,0.46675925925925926,0.8657667821960324,0.11664163628666933,2103913.1809748686,4232.6568092802045,2108145.8377841488,1379,0,590.2136752136752,76,275,57,38.50352608068659,0.5286977682811016,43.58766233766234,16410.389610389604,215.92617908407374,0
1381,64,1,2,349,0.002849002849002849,0.005698005698005698,0.9943019943019943,351,10300,6500,3800,0.6310679611650486,141,65,76,188.7691618196622,0.46667209333876003,0.8588845877627065,0.10991236680144761,2097616.8200794556,-1306.9262109559004,2096309.8938684997,1380,0,591.2051282051282,93,258,55,39.138605147737756,0.5234449192782527,43.97163120567374,16385.815602836745,176.19156562190048,8
1382,64,3,0,352,0.008522727272727272,0.0,1.0,352,10500,7100,3400,0.6761904761904762,139,71,68,188.14027360119456,0.46668524858629024,0.8621314983491817,0.10888831017220127,2093906.620883659,-2110.367090319247,2091796.2537933397,1381,0,590.5028409090909,85,267,47,39.38549607778146,0.5207445549242424,44.19815891472868,16371.31782945735,192.60373917008647,8
1383,64,3,1,354,0.008450704225352112,0.0028169014084507044,0.9971830985915493,355,9650,6600,3050,0.6839378238341969,127,66,61,184.9866699733403,0.46734138351767857,0.8609441425455624,0.10776746370006503,2097944.8491155,-3031.633714880487,2094913.2154006197,1382,0,586.5042253521127,92,263,53,39.21505905511809,0.522887323943662,43.9516129032258,16387.096774193513,178.12061711079906,0
1384,64,2,2,354,0.0056179775280898875,0.0056179775280898875,0.9943820224719101,356,11000,7500,3500,0.6818181818181818,145,75,70,179.52209454359377,0.46761964577728543,0.8565176450975329,0.10505807342937395,2100721.6826974032,-6774.808693804203,2093946.874003599,1383,0,585.8342696629213,96,260,52,39.18254117942913,0.5248419943820224,43.78221649484534,16397.938144329786,170.81185567010195,0
1385,64,2,3,353,0.0056179775280898875,0.008426966292134831,0.9915730337078652,356,9200,6500,2700,0.7065217391304348,119,65,54,176.07034258278438,0.4676212942448699,0.8516566946796471,0.1026314267777339,2098294.309356482,-6510.520422420524,2091783.7889340613,1384,0,583.7331460674158,103,253,54,39.42166027797336,0.528996956928839,43.93028846153843,16388.461538461324,159.11127707244003,8
1386,64,3,2,354,0.008426966292134831,0.0056179775280898875,0.9943820224719101,356,12200,8600,3600,0.7049180327868853,158,86,72,175.8165148614902,0.46762162393838685,0.8520310633213866,0.10348693596277683,2104265.7871972523,-9407.064590541137,2094858.722606711,1385,0,583.4691011235955,84,272,52,39.05764635603347,0.5313963014981273,43.56617647058827,16411.764705882517,195.37815126050614,0
1387,64,2,1,355,0.0056179775280898875,0.0028089887640449437,0.9971910112359551,356,11750,9000,2750,0.7659574468085106,145,90,55,172.58798525970474,0.4675106820699478,0.8493789026963463,0.10032899389542585,2096625.8107879742,-10579.515094522503,2086046.2956934515,1386,0,584.4494382022472,95,261,56,39.61441995195707,0.5255149812734082,44.03211805555552,16381.944444444227,172.44152046783398,7
1388,64,5,1,359,0.013888888888888888,0.002777777777777778,0.9972222222222222,360,11200,8200,3000,0.7321428571428571,142,82,60,173.8201010896533,0.46790676906014644,0.850556915877678,0.1018773382391141,2101661.6667473195,-10137.791325946057,2091523.8754213734,1387,0,576.5722222222222,82,278,61,39.2703232125367,0.5277488425925926,43.724899598393584,16401.60642570288,200.01959055735222,0
1389,64,3,1,361,0.008287292817679558,0.0027624309392265192,0.9972375690607734,362,10450,6900,3550,0.6602870813397129,140,69,71,169.75606974146154,0.46820605872780235,0.8466086083735276,0.1000788577158965,2105238.001543224,-11374.614197530103,2093863.3873456938,1388,0,574.0386740331492,89,273,62,39.152819141735506,0.5300126611418048,43.506944444444464,16415.555555555664,184.44444444444565,0
1390,64,1,4,358,0.0027624309392265192,0.011049723756906077,0.988950276243094,362,10900,7300,3600,0.6697247706422018,145,73,72,167.3209537511989,0.46824846446590446,0.8456876699866422,0.09738957486855652,2097399.6412971113,-13112.218324150297,2084287.422972961,1389,0,574.4640883977901,101,261,53,39.701216309652054,0.5257539134438305,43.98488562091499,16384.96732026113,162.22739921050623,8
1391,64,1,2,357,0.002785515320334262,0.005571030640668524,0.9944289693593314,359,10250,7500,2750,0.7317073170731707,130,75,55,168.9671230504762,0.4681633624334096,0.8467535512268836,0.0987792798059438,2100089.1571359388,-11080.795393849272,2089008.3617420895,1390,0,580.1949860724234,102,257,53,39.49220651902146,0.5272168059424327,43.82079288025886,16395.46925566315,160.7398946633642,0
1392,64,0,2,355,0.0,0.0056022408963585435,0.9943977591036415,357,8500,6300,2200,0.7411764705882353,107,63,44,168.90993146278257,0.4680611945152593,0.8463539182780402,0.09915527070706685,2102624.745856648,-8869.15965708044,2093755.5861995674,1391,1,584.358543417367,86,271,59,39.3364550734115,0.5284488795518207,43.666187739463616,16405.36398467441,190.7600463334234,0
1393,64,3,1,357,0.008379888268156424,0.002793296089385475,0.9972067039106145,358,9000,6500,2500,0.7222222222222222,115,65,50,165.1185873063467,0.46843246143895173,0.8428961418537779,0.09747933692514926,2106080.6717338935,-11049.386946019065,2095031.2847878744,1392,0,583.3715083798883,91,267,60,39.21959131432607,0.5305225791433892,43.455615942029006,16418.840579710257,180.42681955725558,0
1394,64,3,4,356,0.008333333333333333,0.011111111111111112,0.9888888888888889,360,9700,7000,2700,0.7216494845360825,124,70,54,163.51991262300984,0.4689516597028784,0.8418355007021063,0.09698464810097257,2108908.8760187617,-12730.280972704226,2096178.5950460574,1393,0,581.075,95,265,42,39.085592868112215,0.5323784722222222,43.28342013888889,16429.861111111128,172.9459064327487,0
1395,64,1,1,356,0.0028011204481792717,0.0028011204481792717,0.9971988795518207,357,10800,7600,3200,0.7037037037037037,140,76,64,169.2338116017732,0.4684083839528321,0.8453900630327411,0.1010137817694146,2112770.8506872277,-10689.547179415327,2102081.3035078123,1394,0,586.9159663865546,97,260,45,38.6999806955131,0.5338176937441643,43.04846938775512,16444.897959183785,169.53503050704933,0
1396,64,4,2,358,0.011111111111111112,0.005555555555555556,0.9944444444444445,360,10300,7300,3000,0.7087378640776699,133,73,60,166.33973117072438,0.4685605914061694,0.8451171538264204,0.10004995940642081,2117406.3267291724,-11858.240166535408,2105548.086562637,1395,0,582.9722222222222,106,254,48,38.487933492285755,0.536082175925926,42.76674454828661,16462.928348909707,155.31064480103498,0
1397,64,2,2,358,0.005555555555555556,0.005555555555555556,0.9944444444444445,360,10900,7800,3100,0.7155963302752294,140,78,62,164.80152624283173,0.46860395388424636,0.844653957524188,0.0995627920230073,2120064.8237598906,-13022.016262125588,2107042.807497765,1396,0,581.375,90,270,53,38.36340760176702,0.5378472222222221,42.60531135531137,16473.260073260168,183.03622303622407,0
1398,64,2,1,359,0.005555555555555556,0.002777777777777778,0.9972222222222222,360,11200,8500,2700,0.7589285714285714,139,85,54,160.29588114553945,0.46860814505313114,0.8395182807353989,0.09736685999083482,2123322.2660632315,-15128.037281089726,2108194.2287821416,1397,0,581.7166666666667,96,264,50,38.27854671280277,0.5394097222222223,42.407646048109974,16485.91065292101,171.7282359679272,0
1399,64,1,8,352,0.002777777777777778,0.022222222222222223,0.9777777777777777,360,10950,7800,3150,0.7123287671232876,141,78,63,185.55009097115047,0.46845420019601774,0.8590817545010385,0.11169354678823767,2117887.163847406,-4355.168816296199,2113531.9950311095,1398,0,582.6555555555556,106,254,54,37.964031635510494,0.5380497685185186,42.737538940809976,16464.797507788207,155.32827837536044,7
1400,64,1,1,352,0.0028328611898017,0.0028328611898017,0.9971671388101983,353,10650,7500,3150,0.704225352112676,138,75,63,188.58637224838563,0.46768499442012185,0.8595748033208883,0.11394400434844373,2120127.6800715704,-1284.5624223840314,2118843.1176491864,1399,0,591.3937677053824,77,276,57,37.74731071218563,0.5390993862134088,42.60149572649569,16473.504273504117,213.9416139416119,0
1401,64,1,1,352,0.0028328611898017,0.0028328611898017,0.9971671388101983,353,11550,8400,3150,0.7272727272727273,147,84,63,194.13944166910835,0.4676135692977938,0.8636688390745442,0.11569270633211945,2111791.2882714453,-153.60367465857416,2111637.6845967867,1400,0,592.356940509915,85,268,53,38.12075651845914,0.5333746458923513,43.108042635658926,16441.085271317887,193.42453260373983,8
1402,64,1,3,350,0.0028328611898017,0.0084985835694051,0.9915014164305949,353,10250,7300,2950,0.7121951219512195,132,73,59,205.1653030514161,0.4677728506738776,0.8709662269782055,0.12052645333300602,2103072.6172839575,5445.506172839872,2108518.1234567976,1401,0,591.943342776204,74,279,53,38.37924838371801,0.5290663361661945,43.6388888888889,16407.111111111168,221.71771771771847,8
1403,64,5,0,355,0.014084507042253521,0.0,1.0,355,10050,6900,3150,0.6865671641791045,132,69,63,200.13124622533905,0.46819215670671865,0.869292629674703,0.1191295310888076,2111109.578046923,3449.7981545566836,2114559.3762014797,1402,0,588.4,84,271,46,38.00912893426852,0.5314553990610329,43.149509803921596,16438.431372549163,195.69561157796622,0
1404,64,2,0,357,0.0056022408963585435,0.0,1.0,357,11250,7600,3650,0.6755555555555556,149,76,73,196.3859717212116,0.468447397685666,0.8678537929135177,0.11751065709053723,2114268.2898813463,392.52651753915416,2114660.8163988856,1403,0,586.0980392156863,91,266,49,37.90947199953015,0.53343837535014,42.95742753623191,16450.72463768131,180.77719382067372,0
1405,64,1,2,356,0.002793296089385475,0.00558659217877095,0.994413407821229,358,12750,9800,2950,0.7686274509803922,157,98,59,181.7533086954451,0.4683538918360641,0.8570389882325888,0.104867180913405,2091998.1582958496,-8304.482588989815,2083693.6757068597,1404,0,585.4581005586592,82,276,50,39.66759518316724,0.520338687150838,44.3147590361446,16363.85542168687,199.55921245959598,8
1406,64,2,0,358,0.00558659217877095,0.0,1.0,358,11350,7400,3950,0.6519823788546255,153,74,79,181.5076795532196,0.4688059115638807,0.8570855452257116,0.10534267179224369,2095624.0359920354,-6875.628802226299,2088748.407189809,1405,0,586.1145251396648,87,271,52,39.44837295897134,0.5224627560521415,44.09327651515154,16378.030303030406,188.2532218739127,0
1407,64,4,2,360,0.011049723756906077,0.0055248618784530384,0.994475138121547,362,11150,8100,3050,0.726457399103139,142,81,61,209.18037496742423,0.4690227677364391,0.8725889596867809,0.1235265161649752,2106252.9744200157,4567.357393087594,2110820.3318131035,1406,0,580.6270718232045,81,281,52,38.078497392222914,0.5283149171270718,43.445121951219555,16419.51219512217,202.7100271002737,8
1408,64,0,4,356,0.0,0.011111111111111112,0.9888888888888889,360,10450,7300,3150,0.6985645933014354,136,73,63,216.45010963364524,0.46883914293820284,0.8745297703453765,0.12819638552324789,2108047.657497495,8807.429315657822,2116855.086813153,1407,1,584.0916666666667,82,278,44,37.78034488941048,0.5297743055555555,43.33584337349403,16426.506024096663,200.32324419630078,0
1409,64,2,2,356,0.00558659217877095,0.00558659217877095,0.994413407821229,358,10950,7900,3050,0.7214611872146118,140,79,61,219.75151813481057,0.4687922189359915,0.877939729613628,0.13102590518140533,2112116.955017323,10278.181468667048,2122395.13648599,1408,0,582.913407821229,84,274,48,37.44256026203655,0.5317737430167597,43.08823529411768,16442.352941176643,195.74229691876957,0
1410,64,3,1,358,0.008356545961002786,0.002785515320334262,0.9972144846796658,359,11000,8200,2800,0.7454545454545455,138,82,56,217.50307208307618,0.4692053370888512,0.8771861490141482,0.13043366046862986,2115602.3817782644,9230.003468610172,2124832.3852468748,1409,0,582.2423398328691,92,267,53,37.28382557936925,0.5337453574744662,42.87634408602154,16455.913978494817,178.8686302010306,0
1411,64,3,1,360,0.008310249307479225,0.002770083102493075,0.997229916897507,361,9900,6900,3000,0.696969696969697,129,69,60,217.98868051173432,0.4694069329024315,0.8799298119645362,0.13180657756632286,2120573.986678007,10352.225056689414,2130926.2117346963,1410,0,579.9695290858725,69,292,53,36.962818178314734,0.53601108033241,42.574404761904766,16475.238095238114,238.77156659765382,0
1412,64,3,2,361,0.008264462809917356,0.005509641873278237,0.9944903581267217,363,10750,7900,2850,0.7348837209302326,136,79,57,190.54496468792843,0.4697451663800232,0.8679567683069855,0.11518461759706657,2120426.8888888853,-2542.6666666668116,2117884.2222222183,1411,0,576.7245179063361,74,289,54,37.67838836732493,0.5348370064279155,42.58333333333333,16474.66666666664,222.63063063063026,8
1413,64,1,0,362,0.0027624309392265192,0.0,1.0,362,11300,8500,2800,0.7522123893805309,141,85,56,216.1527239308249,0.4697455783249925,0.8755942998577848,0.12610130097794936,2098810.23242631,7032.709750567094,2105842.942176877,1412,0,579.3066298342542,83,279,52,38.363112531473966,0.5207182320441989,43.89880952380953,16390.476190476238,197.47561675272576,8
1414,64,4,1,365,0.01092896174863388,0.00273224043715847,0.9972677595628415,366,11850,8900,2950,0.7510548523206751,148,89,59,210.61640337696736,0.4705621366369738,0.8732533145906254,0.1238149101687476,2103498.408164049,3556.253847337537,2107054.6620113864,1413,0,573.9644808743169,75,291,51,38.21300652197155,0.5231386612021858,43.612938596491226,16408.77192982455,218.783625730994,0
1415,64,5,4,366,0.013513513513513514,0.010810810810810811,0.9891891891891892,370,10850,7700,3150,0.7096774193548387,140,77,63,207.6271635502443,0.4711382113821138,0.8734736906513152,0.12344675046529185,2110397.530947672,2785.1706628214906,2113182.7016104935,1414,0,568.527027027027,85,285,48,37.8608150174512,0.5259572072072072,43.19282945736436,16435.658914728785,193.3606931144563,0
1416,64,1,0,367,0.0027247956403269754,0.0,1.0,367,12900,10000,2900,0.7751937984496124,158,100,58,206.7268190743153,0.4705052659529588,0.8732494212201178,0.12351796452547906,2113384.7171519217,1078.6600114182602,2114463.37716334,1415,0,574.1553133514986,85,282,51,37.69849452483072,0.5273331062670299,43.011143410852725,16447.286821705486,193.49749202006453,0
1417,64,1,2,366,0.002717391304347826,0.005434782608695652,0.9945652173913043,368,12150,9000,3150,0.7407407407407407,153,90,63,201.47406867711086,0.47068762217154364,0.871034088604862,0.11861808100059949,2104414.770995295,-952.998780672583,2103461.7722146227,1416,0,573.5923913043479,80,288,52,38.390439295923,0.5252774003623188,43.55709876543213,16412.345679012502,205.15432098765626,8
1418,64,1,1,366,0.0027247956403269754,0.0027247956403269754,0.997275204359673,367,13200,9800,3400,0.7424242424242424,166,98,68,200.42443883178353,0.47080460882555847,0.8764143276095502,0.11784744210274913,2103623.3549811323,-2276.4939128947844,2101346.8610682376,1417,0,576.0435967302452,71,296,51,38.466548169882984,0.5230188465031789,43.60532407407406,16409.259259259212,231.11632759520018,8
1419,64,3,3,366,0.008130081300813009,0.008130081300813009,0.991869918699187,369,12200,9000,3200,0.7377049180327869,154,90,64,198.285209445914,0.4709531243863163,0.8749658656135022,0.11760680596046878,2108922.58953356,-2366.368525824173,2106556.221007736,1418,0,573.8943089430894,77,292,45,38.1922588392377,0.5254911924119241,43.28258547008546,16429.914529914473,213.37551337551264,0
1420,64,3,6,363,0.008130081300813009,0.016260162601626018,0.983739837398374,369,11050,8000,3050,0.7239819004524887,141,80,61,202.9114044893651,0.47077945190683795,0.877768716896896,0.1213779128672745,2114082.0312499953,944.2708333330438,2115026.3020833284,1419,0,574.7371273712737,79,290,51,37.75329280648428,0.528003613369467,42.96874999999999,16449.999999999964,208.22784810126535,0
1421,64,1,2,362,0.0027472527472527475,0.005494505494505495,0.9945054945054945,364,11150,7700,3450,0.6905829596412556,146,77,69,201.31843116176952,0.4704127942764306,0.8753234711286788,0.12095435290541945,2116734.772612736,1277.5447215918175,2118012.317334328,1420,0,578.5027472527472,83,281,55,37.629781420765,0.5301053113553114,42.80753968253966,16460.317460317357,198.3170778351489,0
1422,64,1,0,363,0.0027548209366391185,0.0,1.0,363,11900,8200,3700,0.6890756302521008,156,82,74,198.03969641327393,0.4706700987778336,0.8733482534485506,0.11983450319517723,2121026.361612561,-490.5166523391408,2120535.844960222,1421,0,580.8539944903581,70,293,52,37.448355937998656,0.5322543617998163,42.546948356807526,16476.99530516437,235.38564721663388,0
1423,64,2,2,363,0.005479452054794521,0.005479452054794521,0.9945205479452055,365,12050,8800,3250,0.7302904564315352,153,88,65,203.4775944407915,0.4711579231271012,0.8732429858618416,0.11935479975040067,2102149.218990443,498.05324715201004,2102647.2722375947,1422,0,578.6657534246575,75,290,48,38.47994652406415,0.5244006849315068,43.695175438596465,16403.5087719297,218.713450292396,8
1424,64,3,2,364,0.00819672131147541,0.00546448087431694,0.994535519125683,366,12000,8200,3800,0.6833333333333333,158,82,76,203.6433780155983,0.4712228959253437,0.8746102938974596,0.12045029093431553,2107233.420138879,624.826388888554,2107858.2465277677,1423,0,578.0655737704918,79,287,43,38.15963060686012,0.5264685792349727,43.38541666666665,16423.333333333256,207.8902953586488,0
1425,64,1,5,360,0.0027397260273972603,0.0136986301369863,0.9863013698630136,365,11400,8100,3300,0.7105263157894737,147,81,66,198.68421593999597,0.471131579607607,0.8705326627580641,0.11801363669688893,2109800.347222217,-563.1944444447017,2109237.1527777724,1424,0,580.5698630136986,85,280,45,38.12753549695738,0.5277968036529681,43.22916666666666,16433.33333333329,193.3333333333328,0
1426,64,3,1,362,0.008264462809917356,0.0027548209366391185,0.9972451790633609,363,10450,6800,3650,0.6507177033492823,141,68,73,201.0729222704428,0.4714659782150992,0.8684878278981767,0.12081592035294351,2116780.133078038,2075.433432403801,2118855.566510442,1425,0,581.9366391184573,107,256,51,37.633284582114534,0.5379935720844812,42.804783950617285,16460.493827160502,153.8363909080421,8
1427,64,2,0,364,0.005494505494505495,0.0,1.0,364,10450,7200,3250,0.6889952153110048,137,72,65,194.88314465051366,0.47132460342687615,0.8646915251542064,0.11791777369867429,2120992.233756237,-580.8727412538219,2120411.361014983,1426,0,581.0961538461538,84,280,49,37.53173394262503,0.5400927197802198,42.54901960784312,16476.862745097955,196.1531279178328,0
1428,64,1,4,361,0.0027397260273972603,0.010958904109589041,0.989041095890411,365,11550,8500,3050,0.7359307359307359,146,85,61,221.12422531113722,0.47135612674996236,0.8806573478781998,0.13310029228635642,2117853.503472241,9111.743055556373,2126965.2465277975,1427,0,580.5013698630137,99,266,50,37.05093229946958,0.5351598173515981,42.73958333333336,16464.666666666817,166.30976430976582,8
1429,64,1,5,357,0.0027624309392265192,0.013812154696132596,0.9861878453038674,362,11750,8600,3150,0.7319148936170212,149,86,63,211.23200839284874,0.47108199675548273,0.8725878257971837,0.12791532980404324,2121487.890266293,5475.229568410843,2126963.119834704,1428,0,585.1767955801105,76,286,54,37.08011523844552,0.5372640423572743,42.518939393939384,16478.78787878783,216.82615629983985,0
1430,64,0,0,357,0.0,0.0,1.0,357,10500,7900,2600,0.7523809523809524,131,79,52,206.44097630866662,0.4702567824882762,0.8693411201417276,0.12121855430544078,2102783.3993078396,4920.131583753445,2107703.530891593,1429,1,594.156862745098,77,280,54,38.36453720586961,0.5326213818860878,43.6565170940171,16405.982905982914,213.06471306471317,8
1431,64,3,3,357,0.008333333333333333,0.008333333333333333,0.9916666666666667,360,11600,8700,2900,0.75,145,87,58,155.76184330535088,0.47047660038171873,0.8357926576804533,0.09386734649094602,2118562.9779686145,-17601.745078626762,2100961.232889988,1430,0,590.1972222222222,87,273,62,38.68868940822872,0.5434895833333333,42.696496212121225,16467.424242424306,189.28073841867018,8
1432,64,2,0,359,0.005571030640668524,0.0,1.0,359,11100,7900,3200,0.7117117117117117,143,79,64,183.67284817562003,0.4703465165496958,0.8555893254232827,0.10875489000118821,2107887.5865051993,-5467.656670510758,2102419.9298346885,1431,0,588.958217270195,84,275,48,38.63154355472792,0.5372852831940576,43.34558823529413,16425.882352941248,195.5462184873958,8
1433,64,4,3,360,0.011019283746556474,0.008264462809917356,0.9917355371900827,363,10900,7800,3100,0.7155963302752294,140,78,62,176.72503088473826,0.4708362505009918,0.8517045858628958,0.10551722544672294,2112954.8514927863,-8817.597722375476,2104137.253770411,1432,0,583.4573002754821,94,269,55,38.496106251333515,0.5394570707070707,43.03728070175441,16445.61403508787,174.95334079880712,0
1434,64,2,0,362,0.0055248618784530384,0.0,1.0,362,11600,8200,3400,0.7068965517241379,150,82,68,176.03877411352858,0.47061457711595067,0.8515916064788718,0.10573444685176882,2116554.2078864854,-9480.878379765783,2107073.3295067195,1433,0,585.8425414364641,103,259,61,38.29111818618482,0.5415803406998159,42.81850961538464,16459.61538461555,159.80209111277233,0
1435,64,6,1,367,0.016304347826086956,0.002717391304347826,0.9972826086956522,368,11150,8000,3150,0.7174887892376681,143,80,63,168.83525123255623,0.4709731518777396,0.8457477810953422,0.1023214777994338,2121959.6929271035,-13097.680427859099,2108862.0124992444,1434,0,577.2744565217391,85,283,64,38.14263875823145,0.5439311594202898,42.490310077519375,16480.620155038727,193.88964888280856,0
1436,64,1,2,366,0.002717391304347826,0.005434782608695652,0.9945652173913043,368,12400,9300,3100,0.75,155,93,62,163.89916210276294,0.4706641751076097,0.8407782077564279,0.0997553686004969,2124525.1498175287,-16358.42161573198,2108166.7282017968,1435,0,578.2608695652174,91,277,49,38.1115792210455,0.545318161231884,42.33469202898551,16490.579710144935,181.21516164994435,0
1437,64,0,5,361,0.0,0.01366120218579235,0.9863387978142076,366,10700,7900,2800,0.7383177570093458,135,79,56,163.3584521351766,0.4704507884821718,0.8398623536548804,0.09975473271942856,2126500.8464142806,-14423.622653124126,2112077.2237611567,1436,2,582.3879781420765,94,272,52,38.00377498936619,0.546875,42.21491228070175,16498.24561403508,175.51325121313914,0
1438,64,2,1,362,0.005509641873278237,0.0027548209366391185,0.9972451790633609,363,11850,9100,2750,0.7679324894514767,146,91,55,164.71524427192233,0.470118373590247,0.8419724117956806,0.10120226772217017,2130166.1430522986,-14275.832681472384,2115890.310370826,1437,0,588.1680440771349,98,265,56,37.74307396381334,0.548238062442608,41.99284511784512,16512.457912457932,168.4944684944687,0
1439,64,0,2,360,0.0,0.0055248618784530384,0.994475138121547,362,12250,9200,3050,0.7510204081632653,153,92,61,166.24051648789867,0.4697046073675028,0.8439266940892345,0.10277647188051336,2133867.4361356716,-13702.955060019736,2120164.481075652,1438,1,590.3756906077348,101,261,60,37.475941891428775,0.5505006906077348,41.7687908496732,16526.797385620896,163.6316572833752,0
1440,64,0,3,357,0.0,0.008333333333333333,0.9916666666666667,360,11850,9100,2750,0.7679324894514767,146,91,55,168.62700606448448,0.46929291756938,0.8456278879564081,0.10458404804737949,2135755.818648213,-11820.778123310001,2123935.040524903,1439,2,591.0083333333333,85,275,55,37.29815235907297,0.5523148148148148,41.654554263565885,16534.108527131742,194.51892384860872,0
1441,64,0,2,355,0.0,0.0056022408963585435,0.9943977591036415,357,10250,6900,3350,0.6731707317073171,136,69,67,168.3743401702805,0.4686903319380187,0.8441958208452836,0.1048067871139747,2137904.686065191,-9656.341827364784,2128248.3442378263,1440,3,596.733893557423,87,270,59,37.17255907675398,0.5537464985994398,41.524621212121204,16542.42424242419,190.14280738418609,0
1442,64,0,2,353,0.0,0.005633802816901409,0.9943661971830986,355,9800,7100,2700,0.7244897959183674,125,71,54,163.73567701071627,0.46815833797512,0.8388469238580805,0.10238746427472709,2140612.893988913,-10701.05971697162,2129911.8342719413,1441,4,600.912676056338,91,264,58,37.12611631572034,0.5554284037558685,41.360960144927525,16552.898550724578,181.89998407389646,0
1443,64,1,1,353,0.002824858757062147,0.002824858757062147,0.9971751412429378,354,11000,8300,2700,0.7545454545454545,137,83,54,162.97718741309927,0.46788790458966195,0.837841952491819,0.10235730647482587,2143176.377346867,-11942.2283779627,2131234.1489689047,1442,0,603.3700564971751,94,260,54,36.988390814337805,0.557026836158192,41.206140350877185,16562.807017543793,176.2000746547212,0
1444,64,0,1,352,0.0,0.0028328611898017,0.9971671388101983,353,11500,8400,3100,0.7304347826086957,146,84,62,162.03548312255816,0.4677641321143446,0.8377366499027719,0.1022824881165325,2146153.161319684,-12549.407130111853,2133603.754189572,1443,1,605.5665722379604,95,258,56,36.83018568176421,0.5584572710103872,41.02647569444444,16574.305555555544,174.4663742690057,0
1445,64,0,1,351,0.0,0.002840909090909091,0.9971590909090909,352,10000,7100,2900,0.71,129,71,58,166.24071256794113,0.4675028867737201,0.8403318655438994,0.10534052119232383,2148403.620164049,-8969.570260076956,2139434.049903972,1444,2,608.0,97,255,61,36.583280346228015,0.5597774621212122,40.890731292517,16582.993197278887,170.95869275545243,0
1446,64,0,1,350,0.0,0.002849002849002849,0.9971509971509972,351,10550,7600,2950,0.7203791469194313,135,76,59,169.0521777717757,0.4671353954687288,0.8431955931856503,0.10761718655367578,2151100.7941759448,-8020.3452275922355,2143080.4489483526,1445,3,606.6638176638177,100,251,63,36.34508797751174,0.5616393637226971,40.72813531353135,16593.399339933938,165.93399339933939,0
1447,64,0,0,350,0.0,0.0,1.0,350,11600,8200,3400,0.7068965517241379,150,82,68,168.3178119358524,0.4667338654659572,0.8423526159375196,0.10757975178460348,2153437.5453621764,-9107.62084482481,2144329.9245173517,1446,4,609.2914285714286,82,268,60,36.220972423802614,0.5633333333333334,40.587349397590366,16602.409638554254,202.4684102262714,0
1448,64,2,1,351,0.005681818181818182,0.002840909090909091,0.9971590909090909,352,10650,7600,3050,0.7136150234741784,137,76,61,163.82555384594426,0.46672065877795044,0.8387218005702786,0.10520550969727716,2156192.6571835433,-10402.108747669452,2145790.548435874,1447,0,606.8238636363636,86,266,63,36.168896063960666,0.5650153882575757,40.42145593869732,16613.026819923387,193.17473046422543,0
1449,64,0,1,350,0.0,0.002849002849002849,0.9971509971509972,351,11850,8300,3550,0.70042194092827,154,83,71,160.6600202987306,0.46648385565052236,0.8349088952254049,0.10378486789372163,2159624.1739915116,-12656.947273778653,2146967.226717733,1448,1,609.4615384615385,93,258,48,36.04127564731472,0.5667438271604939,40.21498226950356,16626.241134751865,178.77678639518135,0
1450,64,1,3,348,0.002849002849002849,0.008547008547008548,0.9914529914529915,351,10250,6700,3550,0.6536585365853659,138,67,71,158.81227943252264,0.46625695292361957,0.8332299140943389,0.10290270346844732,2161377.703528552,-11799.33603759938,2149578.3674909524,1449,0,610.2222222222222,96,255,50,35.982156384722394,0.5685244539411206,40.10953608247424,16632.989690721766,173.26030927835174,0
1451,64,0,1,347,0.0,0.0028735632183908046,0.9971264367816092,348,11750,8700,3050,0.7404255319148936,148,87,61,165.17519862695877,0.465796903121446,0.8389901341654911,0.10764475968520526,2164705.9859254947,-9838.851761157312,2154867.1341643375,1450,1,615.9252873563219,98,250,53,35.6134619793142,0.570731561302682,39.909511784511814,16645.79124579142,169.85501271215736,0
1452,64,0,0,347,0.0,0.0,1.0,347,11950,9600,2350,0.803347280334728,143,96,47,169.91479634766077,0.46530473144430934,0.8418026518597919,0.11114536600054857,2166841.5312500186,-7714.312499999343,2159127.218750019,1451,2,618.5850144092219,99,248,57,35.35974840879069,0.5724963976945245,39.78125000000002,16654.000000000142,168.22222222222365,0
1453,64,0,0,347,0.0,0.0,1.0,347,10200,6600,3600,0.6470588235294118,138,66,72,172.80416655246546,0.46483483533507686,0.8449966289645616,0.11365283670964374,2169967.000103487,-4604.132220152191,2165362.867883335,1452,3,619.5850144092219,100,247,59,35.093716582835,0.5739073006724303,39.593646864686484,16666.006600660156,166.66006600660157,0
1454,64,1,1,347,0.0028735632183908046,0.0028735632183908046,0.9971264367816092,348,10000,7100,2900,0.71,129,71,58,168.86153361148092,0.4646335723828768,0.8417388234098218,0.11141087776265769,2171773.183390984,-6254.209919262592,2165518.973471721,1453,0,618.801724137931,84,264,60,35.086202841283274,0.5752514367816092,39.48529411764703,16672.941176470435,198.48739495798137,0
1455,64,1,2,346,0.0028735632183908046,0.005747126436781609,0.9942528735632183,348,10350,7100,3250,0.6859903381642513,136,71,65,165.7484659319013,0.46427437698057794,0.842050188027957,0.1084200687992894,2166841.531250019,-8119.8680555548635,2158721.663194464,1454,0,619.683908045977,99,249,55,35.46816413807828,0.5749521072796935,39.78125000000002,16654.000000000146,168.22222222222368,8
1456,64,0,1,345,0.0,0.002890173410404624,0.9971098265895953,346,11700,9100,2600,0.7777777777777778,143,91,52,185.45707947059446,0.46382797883331933,0.854220839167813,0.11968483506611241,2159050.0542710875,-817.7765008106908,2158232.2777702766,1455,1,623.4826589595376,85,261,45,35.43225887930363,0.566263246628131,40.24951550387598,16624.031007752015,195.57683538531782,8
1457,64,0,2,343,0.0,0.005797101449275362,0.9942028985507246,345,10150,7400,2750,0.729064039408867,129,74,55,183.15675743640998,0.4633787636220649,0.8524432018438366,0.11877602125778759,2161860.813389576,41.883321854827045,2161902.696711431,1456,2,626.2840579710145,87,258,49,35.319891004037984,0.567632850241546,40.08049242424242,16634.848484848473,191.2051549982583,0
1458,64,1,0,344,0.0029069767441860465,0.0,1.0,344,10600,7700,2900,0.7264150943396226,135,77,58,178.94670972571262,0.46321042952064545,0.8489610252485351,0.11480350064250455,2155623.3127170056,-2251.660156250382,2153371.652560755,1457,0,628.7151162790698,79,265,55,35.81126983728818,0.562015503875969,40.45572916666665,16610.833333333267,210.26371308016795,8
1459,64,1,2,343,0.002898550724637681,0.005797101449275362,0.9942028985507246,345,10450,7400,3050,0.7081339712918661,135,74,61,177.20035833773323,0.46286056341984044,0.8485025461756952,0.11431853541638741,2158858.4055095767,-2939.9033886555208,2155918.502120921,1458,0,627.8898550724638,82,263,50,35.658460572091194,0.5635869565217391,40.26104417670681,16623.29317269067,202.72308747183746,0
1460,64,1,0,344,0.0029069767441860465,0.0,1.0,344,10750,8000,2750,0.7441860465116279,135,80,55,174.57282410501435,0.4626480679481095,0.845999331507836,0.11319076659712185,2161765.7550535006,-4072.889417360504,2157692.86563614,1459,0,626.578488372093,86,258,53,35.5488184079602,0.5653161337209303,40.086206896551715,16634.482758620637,193.4242181234958,0
1461,64,0,0,344,0.0,0.0,1.0,344,11150,8400,2750,0.7533632286995515,139,84,55,171.13056918024776,0.4624842150315276,0.8429913953795467,0.11143351680154875,2164228.693696406,-5876.862362302311,2158351.831334104,1460,1,627.578488372093,90,254,54,35.48773420191616,0.5668301841085271,39.9381868131868,16643.956043955986,184.9328449328443,0
1462,64,0,1,343,0.0,0.0029069767441860465,0.997093023255814,344,10500,7400,3100,0.7047619047619048,136,74,62,172.87640821054347,0.46220418192193824,0.8449102192355169,0.11337253952812915,2168311.7882425194,-4330.009233611077,2163981.779008908,1461,2,628.578488372093,94,250,59,35.19288823364222,0.5684653585271318,39.69298245614033,16659.649122806888,177.23030981709456,0
1463,64,0,0,343,0.0,0.0,1.0,343,10300,7400,2900,0.7184466019417476,132,74,58,173.7600000000003,0.46191122647889565,0.8453877551020403,0.11431578947368394,2170138.8888888783,-3483.333333333887,2166655.5555555443,1462,3,630.5422740524781,76,267,59,35.0583333333333,0.5701226919339164,39.583333333333314,16666.666666666584,219.29824561403402,0
1464,64,0,1,342,0.0,0.0029154518950437317,0.9970845481049563,343,11700,8200,3500,0.7008547008547008,152,82,70,174.5849081250934,0.46159616728897074,0.845791739586526,0.11568033680246813,2174213.1587749044,-4383.03908618339,2169830.119688721,1463,4,631.5422740524781,80,263,60,34.78824395217654,0.5718841107871719,39.338991769547306,16682.30452674888,208.528806584361,0
1465,64,0,1,341,0.0,0.0029239766081871343,0.9970760233918129,342,10700,7600,3100,0.7102803738317757,138,76,62,188.42744260840243,0.46122944212927236,0.8565349865834522,0.11986368621895772,2150673.856148369,1949.1949197576378,2152623.0510681267,1464,5,634.2456140350877,96,246,52,35.868957375419434,0.5610989278752436,40.753865979381445,16591.752577319592,172.83075601374574,8
1466,64,1,1,341,0.0029239766081871343,0.0029239766081871343,0.9970760233918129,342,10250,7300,2950,0.7121951219512195,132,73,59,187.57761971581067,0.4613603851188741,0.8560205735221591,0.11976109566471016,2152812.500000005,2113.888888889145,2154926.388888894,1465,0,634.8859649122807,98,244,53,35.75970548862118,0.5627741228070176,40.62500000000001,16600.00000000004,169.3877551020412,0
1467,64,0,2,339,0.0,0.005865102639296188,0.9941348973607038,341,10300,7400,2900,0.7184466019417476,132,74,58,186.45435890874072,0.46107217813811746,0.8553914591925225,0.11970910289358298,2156055.9082031287,1901.204427083544,2157957.112630212,1466,1,637.483870967742,79,262,53,35.589885879107115,0.5644244868035191,40.42968750000001,16612.50000000003,210.28481012658264,0
1468,64,1,0,340,0.0029411764705882353,0.0,1.0,340,10350,7300,3050,0.7053140096618358,134,73,61,180.5336744003878,0.46096325698420965,0.8489080205584936,0.11471472523266936,2150024.4247890175,-719.6381084506811,2149304.786680567,1467,0,639.6823529411764,92,248,57,36.113451732780206,0.5604779411764707,40.793010752688204,16589.24731182815,180.31790556334946,8
1469,64,0,2,338,0.0,0.0058823529411764705,0.9941176470588236,340,9650,7000,2650,0.7253886010362695,123,70,53,184.90206082894576,0.4606118774943606,0.8516750705067948,0.1179040334473848,2152076.7472712807,1934.685126503473,2154011.432397784,1468,1,640.6823529411764,93,247,55,35.87424863971745,0.5618259803921568,40.669326241134776,16597.163120567508,178.46411957599472,0
1470,64,1,0,339,0.0029498525073746312,0.0,1.0,339,10600,6700,3900,0.6320754716981132,145,67,78,186.30109379717663,0.4602904470161107,0.8523729944347662,0.11947726517262948,2155407.0312499995,1910.9374999998945,2157317.9687499995,1469,0,643.2389380530974,79,260,53,35.63365442504515,0.5638212881022615,40.46875,16609.999999999996,210.253164556962,0
1471,64,0,4,335,0.0,0.011799410029498525,0.9882005899705015,339,10450,7800,2650,0.7464114832535885,131,78,53,207.01805039715,0.4602893560943255,0.863103796029711,0.1287343609024954,2137322.302578719,10242.859230039076,2147565.161808758,1470,1,644.2389380530974,77,262,55,36.209651026595004,0.5538655358898722,41.55982905982907,16540.17094017099,214.80741480741543,8
1472,64,2,1,336,0.005934718100890208,0.002967359050445104,0.9970326409495549,337,10700,7700,3000,0.719626168224299,137,77,60,205.81745268399231,0.46032629174320566,0.8653912869174913,0.12303336333647989,2113674.0648226975,8906.20236520574,2122580.267187903,1471,0,645.3353115727003,83,254,48,37.70391033373546,0.5381120178041543,42.9935515873016,16448.412698412772,198.1736469688286,8
1473,64,1,0,337,0.002967359050445104,0.0,1.0,337,10550,7800,2750,0.7393364928909952,133,78,55,192.46604454025368,0.4605235269181857,0.856976122631196,0.11533760226852888,2115174.1350815967,3469.839858601651,2118643.9749401985,1472,0,644.9673590504451,101,236,52,37.95411287653095,0.5419139465875371,42.90236928104576,16454.248366013104,162.91335015854557,7
1474,64,0,0,337,0.0,0.0,1.0,337,9750,7100,2650,0.7282051282051282,124,71,53,194.79983856580452,0.4605051281145495,0.8592768278587373,0.11703486791513178,2116719.071026465,5317.306665023112,2122036.3776914882,1473,1,645.9673590504451,103,234,53,37.79840719682216,0.5432430761622156,42.80849358974359,16460.256410256425,159.80831466268373,0
1475,64,3,1,339,0.008823529411764706,0.0029411764705882353,0.9970588235294118,340,10050,6900,3150,0.6865671641791045,132,69,63,189.33086163739472,0.4611456345074903,0.8563582714639253,0.1147122279332442,2121799.999999983,2294.444444443615,2124094.4444444263,1474,0,641.2588235294118,79,261,55,37.62473031283707,0.5454963235294117,42.49999999999997,16479.999999999865,208.60759493670716,0
1476,64,2,3,338,0.005865102639296188,0.008797653958944282,0.9912023460410557,341,9450,6300,3150,0.6666666666666666,126,63,63,184.26404484659355,0.4612324621930884,0.8526564099118756,0.11210700028631423,2124293.986402406,636.2004755593243,2124930.186877965,1475,0,639.741935483871,83,258,47,37.60112343777575,0.5470124633431085,42.34871031746028,16489.68253968234,198.67087397207638,0
1477,64,1,1,338,0.0029498525073746312,0.0029498525073746312,0.9970501474926253,339,11150,8300,2850,0.7443946188340808,140,83,57,185.690105992152,0.46103045562712003,0.8533526856877234,0.11344024736053401,2126757.816983737,33.57689106874932,2126791.393874806,1476,0,643.7463126843658,87,252,50,37.41223387973121,0.5484267453294003,42.19933712121209,16499.242424242257,189.64646464646273,0
1478,64,0,0,338,0.0,0.0,1.0,338,9550,6400,3150,0.6701570680628273,127,64,63,173.1137330527824,0.460861368145664,0.8424345287039281,0.10307226350964503,2111257.4545106096,-4052.4681228298377,2107204.98638778,1477,1,646.6449704142012,93,245,49,38.69392373844142,0.5398791913214991,43.14051418439719,16439.007092198754,176.7635171204167,8
1479,64,5,2,341,0.014577259475218658,0.0058309037900874635,0.9941690962099126,343,8950,5500,3450,0.6145251396648045,124,55,69,170.57862828365973,0.46151553771048937,0.8435502774257151,0.10235949311664298,2115991.109940217,-5361.427801195249,2110629.682139022,1478,0,638.204081632653,100,243,59,38.46633979063894,0.5421222060252673,42.85272277227725,16457.425742574378,164.57425742574378,0
1480,64,0,0,341,0.0,0.0,1.0,341,10950,7300,3650,0.6666666666666666,146,73,73,168.7751695545068,0.46125869702719796,0.8412905035325178,0.10153921453708592,2117551.335348977,-7671.982867220253,2109879.3524817564,1479,1,642.0263929618768,104,237,58,38.41632921969407,0.5438049853372434,42.757936507936535,16463.49206349224,158.30280830280998,0
1481,64,1,0,342,0.0029239766081871343,0.0,1.0,342,11050,7800,3250,0.7058823529411765,143,78,65,166.85148893925265,0.4612387314000217,0.8395743233406783,0.10099057709953177,2121194.160899647,-8665.11918492923,2112529.0417147176,1480,0,641.1461988304094,84,258,55,38.240952290288256,0.5456871345029239,42.53676470588234,16477.647058823473,196.16246498599372,0
1482,64,1,0,343,0.0029154518950437317,0.0,1.0,343,9650,6900,2750,0.7150259067357513,124,69,55,165.9464093803289,0.4613382947163828,0.8396276504200542,0.10079534306630104,2123299.881827915,-7779.201714596412,2115520.680113319,1481,0,640.2740524781341,86,257,61,38.13437374112985,0.5470116618075802,42.409003831417614,16485.823754789206,191.69562505568845,0
1483,64,0,1,342,0.0,0.0029154518950437317,0.9970845481049563,343,10900,7900,3000,0.7247706422018348,139,79,60,165.16224865896908,0.46124949562113904,0.8384189065542853,0.10054709165694876,2124662.0756172775,-9317.206790123892,2115344.8688271535,1482,1,641.2740524781341,89,254,49,38.07059358577012,0.5482264334305151,42.32638888888888,16491.11111111106,185.29338327091077,0
1484,64,0,4,338,0.0,0.011695906432748537,0.9883040935672515,342,9750,6900,2850,0.7076923076923077,126,69,57,166.1323013305843,0.4611331552651587,0.8382290370015175,0.10164955350148158,2127684.5708528114,-7454.573147729747,2120229.9977050815,1483,2,644.1052631578947,93,249,53,37.85933896314121,0.5498598927875243,42.14317375886523,16502.836879432525,177.4498589186293,0
1485,64,0,1,337,0.0,0.0029585798816568047,0.9970414201183432,338,10300,7800,2500,0.7572815533980582,128,78,50,168.33650636084946,0.46061994100398573,0.8381780244809558,0.10336696217033904,2129818.6728394916,-6194.753086420177,2123623.9197530714,1484,3,647.5976331360947,95,243,55,37.67104082548228,0.5519600591715976,42.01388888888887,16511.111111110997,173.80116959064208,0
1486,64,1,1,337,0.0029585798816568047,0.0029585798816568047,0.9970414201183432,338,11800,8700,3100,0.7372881355932204,149,87,62,166.8969044770886,0.46058317823468475,0.8372264110484557,0.10292446211108153,2132379.822294475,-8222.48169793004,2124157.340596545,1485,0,648.5769230769231,102,236,59,37.550522363695684,0.553901627218935,41.85881877022652,16521.035598705403,161.97093724220983,0
1487,64,0,2,335,0.0,0.005934718100890208,0.9940652818991098,337,10450,7600,2850,0.7272727272727273,133,76,57,195.06535929967714,0.4601614384626254,0.8501159400666269,0.12021425134678723,2131976.1985480767,5324.94063762822,2137301.1391857048,1486,1,651.160237388724,100,237,51,36.848287183175515,0.5538142927794263,41.88325082508251,16519.471947194754,165.19471947194754,8
1488,64,0,0,335,0.0,0.0,1.0,335,11150,8200,2950,0.7354260089686099,141,82,59,195.67890180604726,0.4599439181338815,0.8513847107761803,0.12125449346708564,2135230.6203275244,5413.91657766744,2140644.536905192,1487,2,655.3402985074626,105,230,51,36.63166704709734,0.5557213930348259,41.68632075471699,16532.075471698157,157.44833782569674,0
1489,64,2,1,336,0.005934718100890208,0.002967359050445104,0.9970326409495549,337,9400,6500,2900,0.6914893617021277,123,65,58,190.92658523307043,0.4600595090904809,0.8473593533317338,0.1190267132110263,2138809.880829892,4871.133401919939,2143681.014231812,1488,0,652.4451038575668,89,248,52,36.53388063153808,0.5574307616221563,41.46990740740739,16545.925925925832,185.9092800665824,0
1490,64,2,2,336,0.005917159763313609,0.005917159763313609,0.9940828402366864,338,11150,8300,2850,0.7443946188340808,140,83,57,174.14820351830772,0.46007197455211607,0.841142796382456,0.10819889892703567,2136800.7169239256,-4325.998774213231,2132474.7181497123,1489,0,651.5,82,256,54,37.091225514003575,0.5525147928994083,41.591365461847396,16538.152610441804,201.68478793221712,8
1491,64,0,0,336,0.0,0.0,1.0,336,9350,5600,3750,0.5989304812834224,131,56,75,172.9736806684202,0.45961098525230987,0.8390923211636503,0.1078622031512537,2138961.3050973406,-2553.1980499975316,2136408.107047343,1490,1,656.3720238095239,85,251,58,36.98870734754433,0.5537884424603174,41.460755813953476,16546.511627906904,194.6648426812577,0
1492,64,3,2,337,0.008849557522123894,0.0058997050147492625,0.9941002949852508,339,11650,8700,2950,0.7467811158798283,146,87,59,169.7529288793408,0.4599671705270752,0.8366436305684284,0.10646768047693114,2142374.176495043,-6715.141756900515,2135659.0347381425,1491,0,651.5545722713864,90,249,46,36.862299445525856,0.5559242871189773,41.25457875457874,16559.706959706862,183.9967439967429,0
1493,64,2,2,337,0.0058997050147492625,0.0058997050147492625,0.9941002949852508,339,9000,6000,3000,0.6666666666666666,120,60,60,171.07033831586313,0.4598835331902044,0.8383390193321456,0.10795956619236799,2146011.5853390056,-3376.2144132593294,2142635.3709257464,1492,0,652.5486725663717,93,246,50,36.60489501761597,0.5574606686332351,41.03501773049644,16573.75886524814,178.21246091664665,0
1494,64,0,0,337,0.0,0.0,1.0,337,9250,6500,2750,0.7027027027027027,120,65,55,183.26550018775947,0.4597868388205925,0.850098329382122,0.11322994064442148,2133489.3888888923,1549.000000000041,2135038.3888888923,1493,1,653.5578635014837,99,238,52,37.05959873056856,0.5498887240356083,41.79166666666667,16525.33333333336,166.9225589225592,8
1495,64,0,1,336,0.0,0.002967359050445104,0.9970326409495549,337,10600,7200,3400,0.6792452830188679,140,72,68,182.07969635667578,0.4595745166266309,0.8494901149426368,0.11282517980513883,2135217.8782733176,-244.03541372970176,2134973.842859588,1494,2,654.5578635014837,101,236,51,36.983737908858494,0.5512487636003957,41.68709150326798,16532.02614379088,163.68342716624636,0
1496,64,1,3,334,0.002967359050445104,0.008902077151335312,0.9910979228486647,337,10150,7400,2750,0.729064039408867,129,74,55,183.44885301884202,0.4593191412321605,0.8519977285861093,0.1145586812578537,2139810.0729902354,959.1407136449161,2140769.2137038806,1495,0,654.8694362017804,80,257,56,36.66565131622571,0.5503214638971315,41.40946502057614,16549.794238683182,206.87242798353978,8
1497,64,1,4,331,0.0029850746268656717,0.011940298507462687,0.9880597014925373,335,8350,5900,2450,0.7065868263473054,108,59,49,180.98301244930462,0.4590624720707838,0.8496108139645142,0.113597830553797,2142824.1127159353,2212.9526136679615,2145037.0653296034,1496,0,659.0626865671642,82,253,49,36.544065344261796,0.5516480099502488,41.227409638554235,16561.44578313262,201.96885101381247,0
1498,64,1,1,331,0.0030120481927710845,0.0030120481927710845,0.9969879518072289,332,10750,8600,2150,0.8,129,86,43,180.05849544157357,0.45878737760710514,0.8473199174235877,0.11321868062582585,2143870.823721655,54.430988081960095,2143925.254709737,1497,0,664.6475903614457,84,248,50,36.5036574972776,0.5531814759036144,41.164215686274524,16565.490196078506,197.2082166199822,0
1499,64,1,2,330,0.0030120481927710845,0.006024096385542169,0.9939759036144579,332,8150,5200,2950,0.6380368098159509,111,52,59,177.96989065071185,0.45884027044734826,0.8460884031688884,0.11243705241110452,2146655.5100483084,1858.0092776095344,2148513.519325918,1498,0,664.7349397590361,86,246,54,36.386680226824446,0.5544678714859438,40.996168582375496,16576.245210728062,192.74703733404723,0
1500,64,1,0,331,0.0030211480362537764,0.0,1.0,331,9250,6300,2950,0.6810810810810811,122,63,59,186.3579914927551,0.4589131496231194,0.8509660103285632,0.11601669106922789,2137985.0210479335,4236.118872818241,2142221.1399207516,1499,0,664.7885196374623,77,254,51,36.70277921295098,0.5515483383685801,41.519764957264975,16542.735042735134,214.84071484071603,8
1501,64,1,0,332,0.0030120481927710845,0.0,1.0,332,10100,7100,3000,0.7029702970297029,131,71,60,183.00076573127265,0.4589923136655383,0.8480270073582921,0.11456770627714194,2141300.1543210004,1871.9135802476067,2143172.067901248,1500,0,663.7831325301205,80,252,47,36.58557046979867,0.5533383534136547,41.319444444444464,16555.555555555657,206.9444444444457,0
1502,64,0,1,331,0.0,0.0030120481927710845,0.9969879518072289,332,9000,6500,2500,0.7222222222222222,115,65,50,181.1426732626095,0.4588736365401182,0.846416836908169,0.1138040429168537,2143372.773759098,2251.2548074039505,2145624.0285665016,1501,1,664.7831325301205,85,247,48,36.506207001450846,0.5547816265060241,41.19428294573645,16563.56589147294,194.86548107615224,0
1503,64,1,0,332,0.0030120481927710845,0.0,1.0,332,9750,7300,2450,0.7487179487179487,122,73,49,179.87131799703394,0.4588823572234558,0.8446311391987897,0.11349241028949945,2145901.388888897,1047.2222222225282,2146948.6111111194,1502,0,665.7680722891566,89,243,49,36.383748994368474,0.5562876506024097,41.04166666666668,16573.333333333398,186.2172284644202,0
1504,64,0,2,330,0.0,0.006024096385542169,0.9939759036144579,332,10650,7400,3250,0.6948356807511737,139,74,65,180.73465587620035,0.45869201883060945,0.845181723440815,0.1143220401380039,2147365.3160116123,570.6662859697117,2147935.982297582,1503,1,666.7680722891566,91,241,50,36.271480761105515,0.557605421686747,40.953351449275374,16578.985507246438,182.18665392578504,0
1505,64,0,1,329,0.0,0.0030303030303030303,0.996969696969697,330,10450,7200,3250,0.6889952153110048,137,72,65,184.7873319767401,0.4585307865892972,0.84797836651553,0.11739284441274293,2149901.204216685,3004.9015081564303,2152906.1057248414,1504,2,669.269696969697,94,236,53,36.01075905636168,0.5589962121212122,40.80043859649123,16588.771929824587,176.47629712579348,0
1506,64,0,0,329,0.0,0.0,1.0,329,9200,6600,2600,0.717391304347826,118,66,52,188.97998836006454,0.45823448736007116,0.8490484513132093,0.12043771671975277,2151753.956684715,6327.6875376000335,2158081.644222315,1505,3,672.2857142857143,97,232,51,35.78831229163249,0.5600303951367781,40.68877551020408,16595.91836734694,171.09194193141178,0
1507,64,0,1,328,0.0,0.00303951367781155,0.9969604863221885,329,10450,7500,2950,0.7177033492822966,134,75,59,189.91325048134965,0.45824491252131366,0.8509373855174658,0.12129842367968646,2153034.1937413323,5527.944426181864,2158562.138167514,1506,4,673.2857142857143,77,252,54,35.68551674132043,0.5613918439716312,40.61164529914531,16600.854700854758,215.59551559551633,0
1508,64,0,2,326,0.0,0.006097560975609756,0.9939024390243902,328,10900,7600,3300,0.6972477064220184,142,76,66,190.27282859764074,0.45775022687153477,0.8512551786749913,0.12211521459321877,2155839.6050347253,5539.539930555663,2161379.144965281,1507,5,676.3079268292682,79,249,52,35.50403832647734,0.5628175813008129,40.442708333333336,16611.66666666669,210.2742616033758,0
1509,64,3,1,328,0.00911854103343465,0.00303951367781155,0.9969604863221885,329,10300,7600,2700,0.7378640776699029,130,76,54,186.30993870913977,0.45810320755183237,0.8491988952018559,0.1205896196699818,2160753.6332179955,4413.975394079378,2165167.608612075,1508,0,674.4316109422492,84,245,48,35.30574026913159,0.5651595744680851,40.14705882352941,16630.588235294133,197.9831932773111,0
1510,64,0,0,328,0.0,0.0,1.0,328,9850,6400,3450,0.649746192893401,133,64,69,188.23195107060408,0.45771021357002556,0.8490409712385918,0.12231915028697946,2163050.8986267126,5981.058182706819,2169031.956809419,1509,1,675.469512195122,92,236,48,35.11509851226378,0.5666285569105691,40.008960573476735,16639.426523297683,180.86333177497482,0
1511,64,0,1,327,0.0,0.003048780487804878,0.9969512195121951,328,10200,7200,3000,0.7058823529411765,132,72,60,193.10754005473737,0.4575142260883618,0.853112114038201,0.1258939723512396,2164915.035135749,7812.283372516687,2172727.3185082655,1510,2,676.469512195122,92,236,48,34.87416745614796,0.5678036077235773,39.89695340501795,16646.594982079034,180.9412498052069,0
1512,64,0,2,325,0.0,0.0061162079510703364,0.9938837920489296,327,9750,6700,3050,0.6871794871794872,128,67,61,203.95696739469042,0.4575766245786508,0.8596588005276882,0.13205249728114388,2160932.2818760644,12997.438991345996,2173929.7208674103,1511,3,679.474006116208,80,247,45,34.83621599775653,0.5658129459734964,40.136316872427976,16631.275720164573,207.89094650205715,8
1513,64,0,0,325,0.0,0.0,1.0,325,10300,7900,2400,0.7669902912621359,127,79,48,199.0875838506508,0.45740701171256726,0.8523549032688447,0.13031977650311274,2167246.334876564,10994.367283951593,2178240.7021605154,1512,4,679.8676923076923,95,230,51,34.57582832999779,0.5736538461538462,39.75694444444447,16655.555555555715,175.32163742690227,8
1514,64,0,2,323,0.0,0.006153846153846154,0.9938461538461538,325,10350,7400,2950,0.714975845410628,133,74,59,196.8141288154006,0.4569836182336182,0.8509600691719961,0.12944373602357928,2169965.2812500233,10065.965277778738,2180031.246527802,1513,5,680.8676923076923,99,226,51,34.46858707681644,0.5751282051282052,39.59375000000003,16666.00000000018,168.34343434343614,0
1515,64,4,3,324,0.012232415902140673,0.009174311926605505,0.9908256880733946,327,8800,6000,2800,0.6818181818181818,116,60,56,192.69759534463424,0.45653028711156135,0.8483877232649726,0.12797729593839832,2175530.164156418,9643.886246531449,2185174.050402949,1514,0,677.6605504587156,86,241,45,34.23566147770583,0.5775675331294597,39.26005747126435,16687.356321839005,194.03902699812795,0
1516,64,0,1,323,0.0,0.0030864197530864196,0.9969135802469136,324,9400,6600,2800,0.7021276595744681,122,66,56,194.0621240429083,0.456139554587267,0.8495267891029632,0.12921873157513786,2177008.0110870576,10294.959737995621,2187302.9708250533,1515,1,681.145061728395,85,239,45,34.109818581468026,0.5786394032921811,39.17151162790695,16693.023255813827,196.3885088919274,0
1517,64,0,2,321,0.0,0.006191950464396285,0.9938080495356038,323,10450,8300,2150,0.7942583732057417,126,83,43,203.6208614965168,0.45570007179073,0.8573899338229265,0.12864832790288147,2146681.1192045356,12371.811770146956,2159052.930974683,1516,2,684.1207430340557,92,231,47,35.72073386957276,0.5613390092879257,40.99462365591398,16576.34408602153,180.1776531089297,8
1518,64,0,0,321,0.0,0.0,1.0,321,10300,7900,2400,0.7669902912621359,127,79,48,202.22951222253363,0.4553523332035306,0.8560040739091903,0.12843367033627717,2149719.3136349595,12447.33764235141,2162166.651277311,1517,3,686.6635514018692,94,227,49,35.56984516456556,0.5629543094496365,40.811403508771924,16588.07017543856,176.46883165360168,0
1519,64,1,2,320,0.003105590062111801,0.006211180124223602,0.9937888198757764,322,10350,7000,3350,0.6763285024154589,137,70,67,198.08025171474958,0.45571974387750497,0.8509242054408019,0.12438426962703654,2143084.5297338576,10150.544619133689,2153235.0743529913,1518,0,685.527950310559,86,236,46,36.08560038246815,0.5556741718426501,41.21168582375479,16562.452107279707,192.58665241022916,8
1520,64,0,0,320,0.0,0.0,1.0,320,10350,7300,3050,0.7053140096618358,134,73,61,194.78461252429446,0.45521710913009406,0.8474529193809293,0.1229729075977967,2146239.1739196,9260.873175277904,2155500.047094878,1519,1,690.646875,91,229,49,35.97677939054778,0.5576497395833333,41.02128623188405,16574.637681159365,182.13887561713588,0
1521,64,1,1,320,0.003115264797507788,0.003115264797507788,0.9968847352024922,321,9600,7200,2400,0.75,120,72,48,197.7852339552056,0.45545049649532715,0.8557959241724309,0.1167240318523199,2105869.6534372033,9501.984416848247,2115371.6378540513,1520,0,689.4922118380063,73,248,50,38.39465357038334,0.5328400830737279,43.46846846846844,16418.018018017876,224.9043564112038,8
1522,64,4,2,322,0.012345679012345678,0.006172839506172839,0.9938271604938271,324,9050,6700,2350,0.7403314917127072,114,67,47,191.3054121664638,0.45652973665099567,0.8513512302092936,0.1137296152292975,2110328.7153465687,6893.4609392196835,2117222.1762857884,1521,0,682.3611111111111,80,244,49,38.28423639975295,0.5350437242798354,43.19701646090534,16435.390946501997,205.44238683127497,0
1523,64,1,1,322,0.0030959752321981426,0.0030959752321981426,0.9969040247678018,323,9700,7000,2700,0.7216494845360825,124,70,54,193.1194701952423,0.45608706869475474,0.8515831060529526,0.11514666021538841,2112116.9550173003,7278.181468665874,2119395.1364859664,1522,0,685.4705882352941,84,239,51,38.12676890542513,0.5363454592363261,43.088235294117645,16442.352941176465,195.74229691876744,0
1524,64,2,1,323,0.006172839506172839,0.0030864197530864196,0.9969135802469136,324,10350,7300,3050,0.7053140096618358,134,73,61,190.2055279076951,0.45636390927391096,0.8494952840551222,0.1142220843048862,2116441.215510109,5361.763736340934,2121802.97924645,1523,0,682.8179012345679,88,236,57,37.93377099167158,0.5382908950617284,42.82537453183521,16459.176029962564,187.03609124957458,0
1525,64,1,4,320,0.0030864197530864196,0.012345679012345678,0.9876543209876543,324,9400,6700,2700,0.7127659574468085,121,67,54,196.21367484623084,0.4564321911350635,0.8557973208476839,0.12026207073560621,2128713.654820075,9336.545781519246,2138050.200601594,1524,0,680.1635802469136,82,242,46,37.02009634567663,0.5479038065843622,42.08082329317268,16506.82730923688,201.30277206386438,8
1526,64,1,1,320,0.003115264797507788,0.003115264797507788,0.9968847352024922,321,9800,7100,2700,0.7244897959183674,125,71,54,169.81736738499836,0.4561295268691589,0.8322504293682598,0.09943855232348073,2101090.3457118617,-2639.6737706364675,2098450.6719412254,1525,0,684.1090342679128,106,215,57,39.40833048389746,0.535306334371755,43.759735202492166,16399.376947040186,154.71110327396403,8
1527,64,2,1,321,0.006211180124223602,0.003105590062111801,0.9968944099378882,322,10450,7800,2650,0.7464114832535885,131,78,53,169.30078151521676,0.45630768560979856,0.830411886954173,0.09929059137644163,2102044.648759106,-3674.43963704021,2098370.209122066,1526,0,682.9751552795032,85,237,56,39.362397605545084,0.5369435817805384,43.701550387596924,16403.100775193932,192.97765617875214,8
1528,64,3,1,323,0.009259259259259259,0.0030864197530864196,0.9969135802469136,324,9500,6800,2700,0.7157894736842105,122,68,54,167.83389196629778,0.4566864066939316,0.8285270023853981,0.09902995047300571,2105757.9096727585,-3616.4908961605242,2102141.418776598,1527,0,679.3641975308642,90,234,57,39.169920422430465,0.5390625,43.475274725274744,16417.582417582526,182.41758241758362,0
1529,64,4,3,324,0.012232415902140673,0.009174311926605505,0.9908256880733946,327,10000,6700,3300,0.67,133,67,66,164.84427176978213,0.45717638193154597,0.8266105294920787,0.09802614940265109,2110499.1012136196,-5819.262517932034,2104679.8386956877,1528,0,674.1009174311927,97,230,51,38.953228688106215,0.5413799694189603,43.18664965986395,16436.054421768746,169.4438600182345,0
1530,64,3,3,324,0.009174311926605505,0.009174311926605505,0.9908256880733946,327,9950,7200,2750,0.7236180904522613,127,72,55,170.7240769569248,0.45750196994427866,0.8336635180912257,0.10222933597569053,2114705.9395324676,-3143.7560875987465,2111562.183444869,1529,0,675.0886850152905,102,225,58,38.542035485266915,0.5433231396534148,42.93082524271844,16452.427184465985,161.29830573005867,0
1531,64,2,3,323,0.006134969325153374,0.009202453987730062,0.99079754601227,326,10300,8100,2200,0.7864077669902912,125,81,44,175.853727160776,0.4572532247915684,0.8402143227096,0.1070137370059415,2124426.302383677,-782.3433294897586,2123643.9590541874,1530,0,676.5306748466257,84,242,49,37.809651208878286,0.551092791411043,42.34068627450977,16490.196078431203,196.31185807656195,8
1532,64,3,0,326,0.009202453987730062,0.0,1.0,326,10150,7400,2750,0.729064039408867,129,74,55,176.6263909539117,0.4568782444549316,0.8391078633763138,0.11072087334222468,2142066.683813436,319.1015089161001,2142385.785322352,1531,0,677.5030674846626,89,237,45,36.70334913960215,0.5564928425357873,41.27314814814814,16558.518518518464,186.05076987099397,8
1533,64,1,2,325,0.0030581039755351682,0.0061162079510703364,0.9938837920489296,327,10000,6600,3400,0.66,134,66,68,174.36873745034757,0.4569528088903898,0.837750624029955,0.10988843333975554,2145196.040646959,-588.9749617811613,2144607.065685178,1532,0,676.428134556575,92,235,50,36.56954778796794,0.5580402650356779,41.084229390681,16570.60931899641,180.11531868474358,0
1534,64,2,0,327,0.0061162079510703364,0.0,1.0,327,11200,7700,3500,0.6875,147,77,70,179.89698442925058,0.4569770423319137,0.8385829199934238,0.1095046273526891,2124592.8598263827,-158.43027546320172,2124434.4295509197,1533,0,677.4006116207951,90,237,44,37.69519102621057,0.5464130988786953,42.33058608058609,16490.84249084254,183.23158323158378,8
1535,64,1,2,326,0.003048780487804878,0.006097560975609756,0.9939024390243902,328,9550,6900,2650,0.7225130890052356,122,69,53,178.49412855213725,0.45731765588871487,0.8357104638596349,0.10916404992747612,2127415.179661105,796.2237124395806,2128211.4033735446,1534,0,676.3323170731708,92,236,46,37.557196640602406,0.5479865345528455,42.159498207885306,16501.792114695345,179.36730559451462,0
1536,64,3,0,329,0.00911854103343465,0.0,1.0,329,9000,6400,2600,0.7111111111111111,116,64,52,181.69497181702633,0.45721977166580174,0.8411108578955893,0.11191329965787826,2131651.270651031,2662.0635089334564,2134313.334159964,1535,0,675.2401215805471,96,233,51,37.213426812016266,0.5500253292806485,41.90292096219931,16518.21305841924,172.06471935853372,0
1537,64,1,2,328,0.0030303030303030303,0.006060606060606061,0.9939393939393939,330,9650,7300,2350,0.7564766839378239,120,73,47,188.2688417459039,0.4571996561358263,0.8428149532398435,0.1155811587890192,2129688.378816549,4540.792871899601,2134229.1716884486,1536,0,674.1909090909091,87,243,54,37.16485424122848,0.5471590909090909,42.02178030303027,16510.60606060586,189.7770811563892,8
1538,64,3,0,331,0.00906344410876133,0.0,1.0,331,9600,6900,2700,0.71875,123,69,54,189.59215838362059,0.4575372303091336,0.8466657746765491,0.11345971705496471,2114344.3161703604,4372.620493776241,2118716.9366641366,1537,0,668.5498489425981,97,234,53,38.07939289307917,0.5396210976837865,42.952806122449,16451.02040816338,169.59814853776678,8
1539,64,4,2,333,0.011940298507462687,0.005970149253731343,0.9940298507462687,335,11250,8400,2850,0.7466666666666667,141,84,57,187.7782938777056,0.45777512139899307,0.8482041978281194,0.11316570805217786,2118585.1848884453,1314.862290586554,2119900.0471790317,1538,0,661.555223880597,78,257,53,37.86352106180178,0.5419465174129353,42.69514767932487,16467.510548523078,211.12193010927024,0
1540,64,2,2,333,0.005970149253731343,0.005970149253731343,0.9940298507462687,335,11650,9200,2450,0.7896995708154506,141,92,49,195.23700506970565,0.457744957845503,0.8497894541989197,0.11892304421845214,2125000.448375797,4325.744662534313,2129326.1930383313,1539,0,661.934328358209,87,248,42,37.274728219261995,0.5447761194029851,42.305871212121204,16492.42424242419,189.56809474050792,0
1541,64,1,4,330,0.0029940119760479044,0.011976047904191617,0.9880239520958084,334,10800,8400,2400,0.7777777777777778,132,84,48,200.31010555378577,0.45742598886311464,0.8541102672375696,0.1228035956606904,2128863.2758916225,7686.565500685514,2136549.841392308,1540,0,664.8383233532934,89,245,46,36.905195946451265,0.5465319361277445,42.071759259259245,16507.40740740733,185.47648772367785,0
1542,64,0,0,330,0.0,0.0,1.0,330,9500,6500,3000,0.6842105263157895,125,65,60,203.00330725016516,0.4566719627889841,0.8552474736148208,0.12485403407289396,2130774.284122071,11010.845336076141,2141785.1294581476,1541,1,673.790909090909,89,241,48,36.7176403528444,0.5474116161616162,41.9560185185185,16514.814814814705,185.55971702038994,0
1543,64,1,1,330,0.0030211480362537764,0.0030211480362537764,0.9969788519637462,331,9900,6900,3000,0.696969696969697,129,69,60,204.0396793952752,0.4566308858982575,0.8576328881804418,0.1260760692015192,2133540.6646106746,10965.39063678847,2144506.0552474633,1542,0,672.7522658610272,93,238,50,36.52002596455088,0.5492510070493455,41.78856382978722,16525.531914893545,177.6938915579951,0
1544,64,1,0,331,0.0030211480362537764,0.0,1.0,331,9750,6900,2850,0.7076923076923077,126,69,57,204.41874398985118,0.4564847874515548,0.8585530711674569,0.12711797987440906,2137322.302578719,11431.748118927959,2148754.050697647,1543,0,673.3353474320242,77,254,49,36.276827545817824,0.5508559919436052,41.55982905982907,16540.17094017099,214.80741480741543,0
1545,64,6,2,335,0.017804154302670624,0.005934718100890208,0.9940652818991098,337,10150,7300,2850,0.7192118226600985,130,73,57,195.11278653339724,0.4579576297630823,0.8533244842063266,0.12247960079425853,2142886.2290996932,6070.900676737119,2148957.1297764303,1544,0,662.3293768545994,86,251,49,36.174601705763536,0.5536597428288823,41.22365900383142,16561.68582375481,192.57774213668384,0
1546,64,0,3,332,0.0,0.008955223880597015,0.991044776119403,335,10000,7200,2800,0.72,128,72,56,201.68969323894436,0.457340542795007,0.8564975822641165,0.12705915688129837,2144978.0709167225,9523.993825491722,2154502.064742214,1545,1,667.2835820895523,85,250,53,35.8755847953216,0.5547574626865672,41.097383720930246,16569.76744186055,194.93844049247704,0
1547,64,0,1,331,0.0,0.0030120481927710845,0.9969879518072289,332,9500,6900,2600,0.7263157894736842,121,69,52,206.4372474306325,0.45668436586224054,0.8574118244296074,0.1304812203430712,2146921.6490186076,12740.919134527818,2159662.5681531355,1546,2,672.6475903614457,87,245,53,35.632978399293194,0.5560366465863453,40.980113636363654,16577.272727272823,190.54336468129682,0
1548,64,0,0,331,0.0,0.0,1.0,331,8800,6300,2500,0.7159090909090909,113,63,50,207.75251446424292,0.45671251792853,0.8571703883766351,0.13160010720986323,2148203.858024704,14258.950617284367,2162462.8086419883,1547,3,673.9184290030212,89,242,54,35.51996783704099,0.5573703423967775,40.90277777777779,16582.222222222317,186.31710362047548,0
1549,64,1,0,332,0.0030120481927710845,0.0,1.0,332,10500,7400,3100,0.7047619047619048,136,74,62,174.32009247002213,0.4568288258775282,0.8407891155874854,0.10780016361394398,2134024.9657064267,-2499.314128944624,2131525.651577482,1548,0,672.8855421686746,89,243,60,37.25760427871399,0.545933734939759,41.75925925925923,16527.40740740725,185.70120682480055,8
1550,64,2,0,334,0.005988023952095809,0.0,1.0,334,11000,8100,2900,0.7363636363636363,139,81,58,170.14722198970026,0.4573870277463092,0.8378260892882352,0.1058705531748923,2137682.2850514147,-5055.859540380727,2132626.425511034,1549,0,669.8502994011976,80,254,58,37.140407834942124,0.5478418163672655,41.538065843621425,16541.563786008363,206.76954732510453,0
1551,64,0,1,333,0.0,0.0029940119760479044,0.9970059880239521,334,9500,6800,2700,0.7157894736842105,122,68,54,186.491069651172,0.4574145627663592,0.8505778631485084,0.11061371340532246,2108934.9163265107,2359.5056740876216,2111294.422000598,1550,1,670.8502994011976,88,246,49,38.49427069086046,0.5314059381237525,43.28183520599252,16429.96254681655,186.70411985018808,8
1552,64,1,1,333,0.0029940119760479044,0.0029940119760479044,0.9970059880239521,334,9550,6500,3050,0.680628272251309,126,65,61,211.2679886618684,0.4575007267746789,0.8653773356236922,0.12388264958346705,2101942.624634777,12464.638117847777,2114407.262752625,1551,0,671.4730538922156,73,261,51,38.29313588180368,0.5255426646706587,43.70777027027028,16402.702702702758,224.69455757127065,8
1553,64,3,0,336,0.008928571428571428,0.0,1.0,336,9350,6100,3250,0.6524064171122995,126,61,65,205.86409324427834,0.45729555348258705,0.8614196856746603,0.12153840769843552,2106103.622626987,10164.222510119676,2116267.8451371067,1552,0,668.4613095238095,80,256,55,38.172861630491084,0.5274987599206349,43.45421810699591,16418.930041152387,205.23662551440484,0
1554,64,2,2,336,0.005917159763313609,0.005917159763313609,0.9940828402366864,338,10500,7600,2900,0.7238095238095238,134,76,58,206.05511934199987,0.4575261985028591,0.8625344070993493,0.12241204750703016,2109901.0428681434,8851.182237601763,2118752.2251057453,1553,0,665.5,84,254,46,37.93201848581749,0.5293700690335306,43.2230392156863,16433.725490196204,195.63958916900242,0
1555,64,3,1,338,0.008849557522123894,0.0029498525073746312,0.9970501474926253,339,10200,7400,2800,0.7254901960784313,130,74,56,202.50079811613642,0.458195513547794,0.8621220408077863,0.12113229560038077,2114082.0312500196,7620.659722223193,2121702.690972243,1554,0,661.4365781710915,87,252,52,37.76384667342118,0.5315265486725664,42.96875000000003,16450.000000000153,189.0804597701167,0
1556,64,2,0,340,0.0058823529411764705,0.0,1.0,340,10400,7900,2500,0.7596153846153846,129,79,50,199.51041768570022,0.4585173376135115,0.8602151709455854,0.1199025581171708,2116908.496177272,6069.059654947691,2122977.55583222,1555,0,660.1411764705882,93,247,57,37.6655177366078,0.533578431372549,42.79698581560286,16460.992907801552,176.99992373980163,0
1557,64,3,6,337,0.008746355685131196,0.01749271137026239,0.9825072886297376,343,8300,5400,2900,0.6506024096385542,112,54,58,208.1790982452273,0.4592305593916765,0.8694107808985152,0.12150005609702919,2099065.4905429548,10496.312195782415,2109561.8027387373,1556,0,655.3586005830904,85,258,56,38.551420745645174,0.5204689018464529,43.883236434108554,16391.4728682172,192.8408572731435,8
1558,64,0,1,336,0.0,0.002967359050445104,0.9970326409495549,337,10050,6600,3450,0.6567164179104478,135,66,69,213.16948254811808,0.45859570027318547,0.8695785972941708,0.12210679097416499,2087517.1005041176,11548.988024962298,2099066.0885290797,1557,1,665.5816023738872,76,261,41,39.14415607344631,0.518051434223541,44.588744588744596,16346.320346320379,215.08316245158395,8
1559,64,4,3,337,0.011764705882352941,0.008823529411764706,0.9911764705882353,340,9950,7500,2450,0.7537688442211056,124,75,49,204.84928421644852,0.4593921713228064,0.8649380955097854,0.11825286227724421,2092311.1142605157,7771.68682287718,2100082.801083393,1558,0,660.6588235294117,83,257,40,39.057549304882,0.5204044117647059,44.29563492063492,16365.079365079338,197.16963090457034,0
1560,64,0,1,336,0.0,0.002967359050445104,0.9970326409495549,337,10250,7000,3250,0.6829268292682927,135,70,65,207.83307798504953,0.4590074654985634,0.8657768857302783,0.12025169423836223,2093731.935193056,9379.350513353469,2103111.2857064093,1559,1,666.6053412462908,83,254,42,38.8926427336339,0.5219151829871415,44.20882936507936,16370.6349206349,197.2365653088542,0
1561,64,3,1,338,0.008849557522123894,0.0029498525073746312,0.9970501474926253,339,10050,6600,3450,0.6567164179104478,135,66,69,205.4380685785257,0.45953371093772727,0.8667108173124265,0.12000065647952428,2099579.136637519,8416.696531716063,2107995.8331692354,1560,0,659.787610619469,91,248,48,38.589645125167635,0.5242441002949852,43.85190217391304,16393.47826086953,180.14811275680805,0
1562,64,4,1,341,0.011695906432748537,0.0029239766081871343,0.9970760233918129,342,9800,7600,2200,0.7755102040816326,120,76,44,207.93096095629969,0.46034642548861565,0.8683516507921509,0.12254159430433662,2105023.337503058,9339.905080490056,2114363.242583548,1561,0,654.9619883040936,76,266,50,38.187008808481465,0.526650828460039,43.520021645021664,16414.718614718713,215.98313966735148,0
1563,64,2,2,341,0.0058309037900874635,0.0058309037900874635,0.9941690962099126,343,11250,8500,2750,0.7555555555555555,140,85,55,209.45105676310556,0.46070426917634216,0.8675079122205613,0.12169733760534131,2096317.7126200157,7965.1920438950565,2104282.9046639106,1562,0,653.9795918367347,89,254,47,38.69004552169061,0.5224125364431487,44.05092592592591,16380.74074074065,184.05326674989493,8
1564,64,5,2,344,0.014450867052023121,0.005780346820809248,0.9942196531791907,346,9850,6800,3050,0.6903553299492385,129,68,61,206.0217430460269,0.4614208972103544,0.8669170815717349,0.12056373828591271,2100710.5609418205,7508.410280085877,2108218.9712219066,1563,0,649.2658959537572,94,252,52,38.5042652743898,0.524415944123314,43.782894736842096,16397.894736842045,174.44568868980897,0
1565,64,1,2,343,0.002898550724637681,0.005797101449275362,0.9942028985507246,345,10850,8300,2550,0.7649769585253456,134,83,51,203.0264920091857,0.4616946129648354,0.8652727232925008,0.11938455191682654,2103659.8785977964,5569.737106436641,2109229.6157042333,1564,0,651.6057971014493,77,268,54,38.39756193898988,0.5266002415458937,43.60309829059832,16409.401709401845,213.10911310911487,0
1566,64,0,2,341,0.0,0.0058309037900874635,0.9941690962099126,343,10500,7800,2700,0.7428571428571429,132,78,54,199.26549199487968,0.46136635523047986,0.8616465329055838,0.11765988409472448,2106192.662215144,4838.303414461906,2111030.965629606,1565,1,656.137026239067,82,261,53,38.33661497570363,0.5282130709426628,43.44879518072292,16419.27710843388,200.23508668821802,0
1567,64,3,2,342,0.00872093023255814,0.005813953488372093,0.9941860465116279,344,10650,8400,2250,0.7887323943661971,129,84,45,195.68117326731772,0.4617855447826971,0.8598595071624009,0.11650621347055243,2111243.126569321,3176.1064119290704,2114419.23298125,1566,0,651.296511627907,88,256,48,38.115146268112646,0.5309471899224807,43.14138576779027,16438.95131086146,186.80626489615295,0
1568,64,5,2,345,0.01440922190201729,0.005763688760806916,0.9942363112391931,347,10000,6600,3400,0.66,134,66,68,197.99471751801715,0.46245585614099377,0.8616492338621873,0.11859745550478974,2114902.423325048,4347.901576883032,2119250.324901931,1567,0,646.6023054755043,93,254,49,37.82881266433901,0.5348222862632084,42.918882978723424,16453.191489361812,176.9160375200195,7
1569,64,2,5,342,0.005763688760806916,0.01440922190201729,0.9855907780979827,347,10300,7200,3100,0.6990291262135923,134,72,62,195.61882375626573,0.46250097172016685,0.8617879103528829,0.11777862649215522,2118010.7210889324,3164.5531925155465,2121175.2742814478,1568,0,643.9942363112392,95,252,51,37.69734992267679,0.5361731508165226,42.73003472222223,16465.277777777817,173.31871345029282,0
1570,64,5,2,345,0.01440922190201729,0.005763688760806916,0.9942363112391931,347,10300,7300,3000,0.7087378640776699,133,73,60,190.2590250189868,0.46288757752938764,0.8569607787803257,0.11560854788453818,2123537.7050370034,1104.4426702788278,2124642.147707282,1569,0,642.700288184438,82,265,58,37.49340267628046,0.5388148414985591,42.39457831325299,16486.74698795171,201.05789009697205,0
1571,64,0,2,343,0.0,0.005797101449275362,0.9942028985507246,345,11000,8500,2500,0.7727272727272727,135,85,50,186.89081490134083,0.4627826227390181,0.8532448469060774,0.11392214021377316,2125436.851211059,-555.0749711656608,2124881.7762398934,1570,1,646.1710144927537,84,261,45,37.4628506894912,0.5404589371980677,42.27941176470586,16494.117647058716,196.35854341736567,0
1572,64,0,5,338,0.0,0.014577259475218658,0.9854227405247813,343,10550,8000,2550,0.7582938388625592,131,80,51,191.1136982421841,0.4623079808364448,0.8550485329073634,0.11687164746621988,2127362.3708742666,2163.6180398079787,2129525.9889140744,1571,2,650.932944606414,83,260,45,37.23507438758496,0.5416970359572401,42.1626984126984,16501.587301587228,198.81430483840032,0
1573,64,1,3,336,0.0029498525073746312,0.008849557522123894,0.9911504424778761,339,11150,8200,2950,0.7354260089686099,141,82,59,197.49610575551512,0.46147191530955994,0.8587018848841632,0.12142163177228657,2130552.029813407,5205.145799531028,2135757.175612938,1572,0,659.3893805309734,85,254,48,36.87347439327792,0.5435103244837758,41.96947674418604,16513.95348837205,194.28180574555356,0
1574,64,1,3,334,0.002967359050445104,0.008902077151335312,0.9910979228486647,337,11000,8300,2700,0.7545454545454545,137,83,54,181.2385964580411,0.461313203570251,0.8450458092920514,0.11227901875053416,2135085.8844123194,-1008.0061983464948,2134077.878213973,1573,0,659.6261127596439,109,228,50,37.01359356478595,0.5510942136498516,41.69507575757577,16531.515151515265,151.6652766194061,8
1575,64,2,1,335,0.005952380952380952,0.002976190476190476,0.9970238095238095,336,11700,8600,3100,0.7350427350427351,148,86,62,178.0628978599554,0.4612060604714523,0.8417008218559117,0.11118729077661008,2139767.506858701,-2697.3593964338143,2137070.147462267,1574,0,657.7619047619048,89,247,54,36.80754483334823,0.5537264384920635,41.412037037037024,16549.62962962955,185.95089471493878,0
1576,64,0,2,333,0.0,0.005970149253731343,0.9940298507462687,335,9950,7300,2650,0.7336683417085427,126,73,53,200.76101969711627,0.46104023296690205,0.8576818292143635,0.11974703925330342,2112340.6031544926,7865.13068738404,2120205.7338418765,1575,1,660.7044776119403,90,245,48,37.91657384718203,0.5385883084577114,43.07463369963372,16443.22344322357,182.70248270248413,8
1577,64,1,0,334,0.0029940119760479044,0.0,1.0,334,9650,7000,2650,0.7253886010362695,123,70,53,198.16874911367205,0.46090720211229197,0.8555561287541347,0.11874425403701232,2115119.302092963,7380.10926438945,2122499.4113573525,1576,0,663.6736526946107,94,240,52,37.810896205626904,0.5400760978043913,42.90570175438598,16454.035087719385,175.04292646509984,0
1578,64,1,3,332,0.0029850746268656717,0.008955223880597015,0.991044776119403,335,10800,7800,3000,0.7222222222222222,138,78,60,202.43405077885782,0.4611567908958203,0.8587892554716985,0.12191949817573881,2118196.5312500177,7959.0208333340815,2126155.5520833516,1577,0,662.689552238806,99,236,54,37.51050143730517,0.5418532338308457,42.71875000000002,16466.00000000014,166.32323232323373,0
1579,64,1,2,331,0.003003003003003003,0.006006006006006006,0.993993993993994,333,9150,6700,2450,0.73224043715847,116,67,49,198.25566495137528,0.46064739438233415,0.8550365856729938,0.12010287891704663,2121716.2609888315,8378.453632097408,2130094.7146209287,1578,0,667.1801801801802,81,252,55,37.400098667982235,0.5435122622622622,42.50508130081301,16479.674796747982,203.4527752684936,0
1580,64,1,0,332,0.0030120481927710845,0.0,1.0,332,9900,7400,2500,0.7474747474747475,124,74,50,201.10213695260742,0.4607942722551839,0.856581370958063,0.122518425916509,2125112.0057397895,9172.913123582404,2134284.918863372,1579,0,669.0903614457832,83,249,44,37.116687118040495,0.5450238453815262,42.29910714285713,16492.85714285709,198.70912220309748,0
1581,64,2,2,332,0.005988023952095809,0.005988023952095809,0.9940119760479041,334,9050,6100,2950,0.6740331491712708,120,61,59,199.93041661986953,0.46118255231279187,0.8560229345302457,0.11873506983775665,2109704.179466694,8508.807109091815,2118212.986575786,1580,0,666.0778443113772,88,246,46,38.10150575865319,0.5361464570858283,43.23501872659178,16432.958801498255,186.7381681988438,8
1582,64,0,2,330,0.0,0.006024096385542169,0.9939759036144579,332,10350,7600,2750,0.7342995169082126,131,76,55,196.36749934873168,0.46100849773717223,0.8523764139011938,0.11665601321992593,2109896.51716957,6113.020592238303,2116009.5377618084,1581,1,670.0753012048193,88,244,46,38.18105504656854,0.5376819779116466,43.2233146067416,16433.707865168704,186.746680286008,7
1583,64,3,3,330,0.009009009009009009,0.009009009009009009,0.990990990990991,333,8950,5600,3350,0.6256983240223464,123,56,67,211.10721582982674,0.46113432709818253,0.8622693799164378,0.1266807070941603,2115996.526991873,13790.427103768488,2129786.9540956416,1582,0,668.8828828828829,93,240,52,37.42382209293977,0.5403528528528528,42.852393617021306,16457.44680851081,176.96179363990117,0
1584,64,1,0,331,0.0030211480362537764,0.0,1.0,331,10950,7600,3350,0.6940639269406392,143,76,67,193.9982814462283,0.4610378711587171,0.8567533711590882,0.11362756484707713,2101250.0000000102,4377.777777778245,2105627.7777777887,1583,0,673.7552870090634,92,239,56,38.77879403794039,0.5292673716012084,43.750000000000014,16400.00000000008,178.26086956521826,8
1585,64,2,3,330,0.006006006006006006,0.009009009009009009,0.990990990990991,333,9050,6400,2650,0.7071823204419889,117,64,53,190.6410419695381,0.4614520393887864,0.854243357898923,0.11228666156196165,2104668.055555541,4597.222222221504,2109265.2777777626,1584,0,670.7027027027027,74,259,51,38.6525182778229,0.5311248748748749,43.54166666666664,16413.33333333322,221.80180180180025,0
1586,64,3,5,328,0.009009009009009009,0.015015015015015015,0.984984984984985,333,10150,7200,2950,0.7093596059113301,131,72,59,181.99318596616513,0.4615285466189081,0.8464701635433338,0.1080458837964616,2109498.274702039,32.86236063053366,2109531.1370626697,1585,0,668.6306306306307,84,249,51,38.57482936375353,0.5334084084084084,43.247549019607845,16432.15686274511,195.62091503267987,0
1587,64,2,1,329,0.006060606060606061,0.0030303030303030303,0.996969696969697,330,10850,7900,2950,0.728110599078341,138,79,59,210.8969931150379,0.46183337938657093,0.8598148277102711,0.1226396545709049,2096830.757400996,11593.060361399312,2108423.8177623954,1586,0,670.2969696969697,84,246,49,38.62105834290822,0.5265151515151515,44.01960784313725,16382.745098039186,195.03267973856174,8
1588,64,1,1,329,0.0030303030303030303,0.0030303030303030303,0.996969696969697,330,9550,6900,2650,0.7225130890052356,122,69,53,213.39377842328994,0.4617531699978508,0.85991283837985,0.12137070858187451,2083103.86316335,13354.280841714903,2096458.1440050649,1587,0,671.2272727272727,92,238,57,39.41431801220422,0.5167929292929293,44.85887096774191,16329.032258064344,177.48948106591678,8
1589,64,5,3,331,0.014970059880239521,0.008982035928143712,0.9910179640718563,334,9800,7000,2800,0.7142857142857143,126,70,56,206.4857713683732,0.46249749000497503,0.8581235215983538,0.12107144632845929,2101907.1026462982,10202.781886917179,2112109.8845332153,1588,0,661.7694610778443,77,257,51,38.41791073940911,0.5278505489021956,43.70993589743592,16402.564102564203,213.02031302031432,8
1590,64,5,2,334,0.01488095238095238,0.005952380952380952,0.9940476190476191,336,9300,6200,3100,0.6666666666666666,124,62,62,209.66271421533844,0.4624772343638948,0.8600914902998238,0.12451397925849743,2109699.653979248,11965.071126490197,2121664.7251057383,1589,0,658.5297619047619,84,252,45,37.85189560264732,0.5307229662698413,43.23529411764707,16432.94117647066,195.6302521008412,0
1591,64,0,2,332,0.0,0.005988023952095809,0.9940119760479041,334,10750,7700,3050,0.7162790697674418,138,77,61,207.7035911785548,0.4625338287389185,0.8616785035481618,0.12065281222443636,2096168.7501968534,9526.35542643052,2105695.105623284,1590,1,663.0,83,251,51,38.74405454075618,0.5248565369261478,44.06001984126986,16380.158730158853,197.3513100019139,8
1592,64,3,1,334,0.008955223880597015,0.0029850746268656717,0.9970149253731343,335,10650,8000,2650,0.7511737089201878,133,80,53,195.54768610806062,0.46322392528376083,0.8540249485863041,0.11105743150685679,2082189.4791947617,3783.466939016419,2085972.9461337782,1591,0,659.5910447761194,92,243,51,39.92674394777672,0.5180348258706468,44.914874551971316,16325.448028673778,177.45052205080194,8
1593,64,2,1,335,0.005952380952380952,0.002976190476190476,0.9970238095238095,336,8550,6200,2350,0.7251461988304093,109,62,47,205.29355430932463,0.46344153488509837,0.867239994157172,0.11538913569799955,2075703.1249999963,9475.694444444161,2085178.8194444405,1592,0,658.6071428571429,77,259,48,40.083929788684365,0.5160280257936508,45.31249999999999,16299.99999999997,211.6883116883113,7
1594,64,2,2,335,0.005934718100890208,0.005934718100890208,0.9940652818991098,337,11000,7900,3100,0.7181818181818181,141,79,62,207.77808269360085,0.4639066989308087,0.8700959355665787,0.11777145789722117,2080961.9079112997,8075.655076844927,2089037.5629881446,1593,0,657.6379821958457,83,254,50,39.69153212734229,0.5182368941641939,44.990079365079346,16320.634920634817,196.634155670299,0
1595,64,3,0,338,0.008875739644970414,0.0,1.0,338,10850,7900,2950,0.728110599078341,138,79,59,203.92979511883127,0.46434834424876653,0.868593956471283,0.11656183253953345,2086174.4804429505,6636.626875773115,2092811.1073187236,1594,0,656.0887573964498,68,270,50,39.463972486647364,0.5206176035502958,44.67089371980676,16341.062801932365,240.30974708724065,0
1596,64,2,1,339,0.0058823529411764705,0.0029411764705882353,0.9970588235294118,340,9800,7200,2600,0.7346938775510204,124,72,52,195.12825454944405,0.46481849008039794,0.8583594703290485,0.11534666706597145,2106878.764500311,4422.315172847516,2111301.0796731585,1595,0,653.2235294117647,81,259,47,38.40015801112266,0.5347120098039215,43.40701219512197,16421.951219512302,202.74013851249757,8
1597,64,1,3,337,0.0029411764705882353,0.008823529411764706,0.9911764705882353,340,11700,9100,2600,0.7777777777777778,143,91,52,177.9392195422125,0.4649611024350743,0.8419202311444913,0.10148304117033344,2084809.072066311,-5506.1401643998,2079302.9319019113,1596,0,654.2176470588236,83,257,57,40.21264514405092,0.5224877450980392,44.75446428571426,16335.714285714164,196.81583476764052,8
1598,64,3,1,339,0.008823529411764706,0.0029411764705882353,0.9970588235294118,340,9250,6500,2750,0.7027027027027027,120,65,55,174.79015494817787,0.4654793148822951,0.840140756789165,0.10036832919809523,2089037.6823992643,-4221.355960170415,2084816.3264390938,1597,0,654.8941176470588,87,253,62,40.029775692996665,0.524969362745098,44.49573863636362,16352.272727272628,187.95715778474286,0
1599,64,3,0,342,0.008771929824561403,0.0,1.0,342,10550,7200,3350,0.6824644549763034,139,72,67,171.57325330641157,0.466320677059217,0.837541270149545,0.09936582149853203,2094315.6263563219,-7084.29090711882,2087231.335449203,1598,0,652.0292397660819,95,247,48,39.78387305424778,0.5271076998050682,44.173177083333314,16372.916666666548,172.3464912280689,0
1600,64,4,0,346,0.011560693641618497,0.0,1.0,346,9700,6800,2900,0.7010309278350515,126,68,58,171.51610296497535,0.4669813395325459,0.8405939220216623,0.09996248367169885,2098206.5483775926,-6924.757921337304,2091281.7904562552,1599,0,645.4797687861271,100,246,52,39.543727511948916,0.5292931117533719,43.93564356435642,16388.118811881053,163.88118811881054,0
1601,64,4,4,346,0.011428571428571429,0.011428571428571429,0.9885714285714285,350,10600,7400,3200,0.6981132075471698,138,74,64,181.88956172089166,0.4674194978851139,0.8497674418604664,0.11036121260243045,2122658.420138886,-3382.1180555556894,2119276.3020833307,1600,0,639.0914285714285,87,263,55,37.763313110886436,0.5436904761904762,42.447916666666664,16483.333333333314,189.46360153256683,8
1602,64,0,0,346,0.0,0.0,1.0,346,10650,7700,2950,0.7230046948356808,136,77,59,183.72348702907806,0.46672740219485637,0.8489999602063623,0.11201013567451108,2125536.8086583754,-1747.7931409249595,2123789.0155174504,1601,1,647.4624277456647,90,256,40,37.53830779480347,0.5450385356454721,42.27335164835165,16494.5054945055,183.27228327228335,0
1603,64,0,2,344,0.0,0.005780346820809248,0.9942196531791907,346,9650,7000,2650,0.7253886010362695,123,70,53,171.3104354626388,0.4665581106363967,0.843308308356105,0.10266510821148536,2115205.1324347276,-6378.657533959605,2108826.474900768,1602,2,648.4624277456647,102,244,49,38.496102457189295,0.538053949903661,42.900485436893206,16454.36893203885,161.31734247096912,8
1604,64,4,2,346,0.011494252873563218,0.005747126436781609,0.9942528735632183,348,11200,8100,3100,0.7232142857142857,143,81,62,178.73401576894022,0.4667954732408051,0.850910218519493,0.10824865262723918,2121560.471876669,-4960.995432967789,2116599.4764437014,1603,0,645.7068965517242,85,263,51,37.91239376548433,0.5407986111111112,42.5145348837209,16479.069767441695,193.87140902872582,0
1605,64,0,4,342,0.0,0.011560693641618497,0.9884393063583815,346,9850,6600,3250,0.6700507614213198,131,66,65,168.96667885400993,0.46650959202479686,0.8405874009050889,0.10289935008416935,2124873.0417051455,-7243.451831332632,2117629.589873813,1604,1,650.3265895953757,94,252,47,37.9595549125569,0.5460621387283238,42.313596491228076,16491.929824561445,175.44606196341962,8
1606,64,0,1,341,0.0,0.0029239766081871343,0.9970760233918129,342,10650,7200,3450,0.676056338028169,141,72,69,185.0355869630889,0.4659546440637272,0.84934942460183,0.11177171219401093,2119982.742214534,-595.5497885428613,2119387.192425991,1605,2,658.859649122807,84,258,58,37.84766858702722,0.546083089668616,42.61029411764706,16472.9411764706,196.10644257703092,8
1607,64,0,1,340,0.0,0.002932551319648094,0.9970674486803519,341,11850,8300,3550,0.70042194092827,154,83,71,183.82874778351723,0.46574090046575817,0.8483092743622391,0.11162031755762898,2123102.4986788156,-1992.5452503635988,2121109.953428452,1606,3,661.7771260997067,86,255,55,37.685934086366395,0.5478677908113392,42.420977011494244,16485.05747126432,191.68671478214327,0
1608,64,1,2,339,0.002932551319648094,0.005865102639296188,0.9941348973607038,341,10250,7000,3250,0.6829268292682927,135,70,65,178.892623983365,0.46558492898625725,0.8437804146755497,0.109205168391331,2126306.3327809344,-2373.896147274245,2123932.43663366,1607,0,660.8240469208212,92,249,44,37.61532835085891,0.5496089931573802,42.226702508960585,16497.491039426593,179.320554776376,0
1609,64,1,2,338,0.0029411764705882353,0.0058823529411764705,0.9941176470588236,340,9500,6400,3100,0.6736842105263158,126,64,62,181.2576179906215,0.4655756550407774,0.8462467131196112,0.11137840229776652,2130232.4163625846,-275.8292887424341,2129956.587073842,1608,0,663.1676470588235,96,244,49,37.31218263547824,0.5511642156862745,41.988831615120276,16512.714776632303,172.00744558991983,0
1610,64,0,1,337,0.0,0.0029585798816568047,0.9970414201183432,338,10350,7400,2950,0.714975845410628,133,74,59,178.96857230826822,0.46489283561299083,0.8436051413750829,0.11062391281434172,2133751.703829688,-1575.1007810527299,2132176.603048635,1609,1,668.0029585798817,104,234,55,37.154391896218314,0.5536858974358974,41.77579365079366,16526.34920634927,158.90720390720452,0
1611,64,1,1,337,0.0029585798816568047,0.0029585798816568047,0.9970414201183432,338,9850,7000,2850,0.7106598984771574,127,70,57,179.01333114848723,0.4646960359126531,0.8451414603892689,0.1111780879901568,2136568.7475970597,-955.1422529805131,2135613.605344079,1610,0,668.8816568047338,84,254,56,36.979784206782085,0.5554117357001973,41.60539215686272,16537.25490196064,196.8720821661981,0
1612,64,0,2,335,0.0,0.005934718100890208,0.9940652818991098,337,10500,7800,2700,0.7428571428571429,132,78,54,175.04727046268837,0.4642077033582968,0.8405192287230909,0.10929568379635426,2139721.19913052,-2989.5289082109994,2136731.6702223094,1611,1,671.620178041543,90,247,53,36.88837243618121,0.5570907517309595,41.41483516483514,16549.450549450397,183.8827838827822,0
1613,64,1,1,335,0.002976190476190476,0.002976190476190476,0.9970238095238095,336,8900,6200,2700,0.6966292134831461,116,62,54,182.5629023515024,0.46399549869699125,0.8459847149379167,0.11452401887013015,2142487.500164071,2127.747256352677,2144615.2474204237,1612,0,673.9791666666666,91,245,45,36.52387906766433,0.5582217261904762,41.24773550724635,16560.144927536057,181.97961458830832,0
1614,64,0,1,334,0.0,0.0029850746268656717,0.9970149253731343,335,9650,6300,3350,0.6528497409326425,130,63,67,194.27669407232278,0.4637419191467811,0.8501482038669603,0.11952292014712558,2130954.0765338945,6148.942641788904,2137103.0191756836,1613,1,675.8149253731343,100,235,50,36.93172734902682,0.5549440298507462,41.945132013201324,16515.51155115514,165.1551155115514,8
1615,64,2,2,334,0.005952380952380952,0.005952380952380952,0.9940476190476191,336,10300,7300,3000,0.7087378640776699,133,73,60,193.2191229432942,0.4637104655294954,0.8488465386154447,0.1195066300948653,2134120.6114969207,4970.582561728457,2139091.1940586492,1614,0,674.7142857142857,107,229,54,36.76365546218488,0.5569196428571428,41.75347222222223,16527.777777777832,154.46521287642832,0
1616,64,1,0,335,0.0029850746268656717,0.0,1.0,335,9900,6900,3000,0.696969696969697,129,69,60,195.9586088794935,0.4637467602109215,0.8525192941060811,0.1217960886170342,2137025.998289704,6853.728352832073,2143879.726642536,1615,0,670.5880597014925,81,254,52,36.5137373216012,0.558457711442786,41.57774390243902,16539.024390243867,204.185486299307,0
1617,64,2,2,335,0.005934718100890208,0.005934718100890208,0.9940652818991098,337,9800,7100,2700,0.7244897959183674,125,71,54,191.6090369898691,0.46379888194150065,0.8502535257393433,0.11979585551427331,2140507.337128041,4828.109907370268,2145335.447035411,1616,0,667.6023738872403,86,251,56,36.4117016187522,0.5598108308605341,41.36733716475094,16552.490421455856,192.47081885413786,0
1618,64,0,5,330,0.0,0.014925373134328358,0.9850746268656716,335,9400,6800,2600,0.723404255319149,120,68,52,188.69360650643083,0.4633471862245658,0.8465332085191508,0.11842945914474423,2142783.8839750076,4465.92380621958,2147249.807781227,1617,1,671.044776119403,92,243,46,36.347011210665286,0.5613184079601989,41.229838709677395,16561.2903225805,180.0140252454402,0
1619,64,0,2,328,0.0,0.006060606060606061,0.9939393939393939,330,11400,9000,2400,0.7894736842105263,138,90,48,165.586729576256,0.46296686469558807,0.8240886887090029,0.10258398930451414,2135094.2709440594,-6691.344467474517,2128402.9264765847,1618,2,674.4121212121212,111,219,52,37.417373288205575,0.5544507575757576,41.694568452380956,16531.547619047655,148.93286143286176,8
1620,64,1,0,329,0.00303951367781155,0.0,1.0,329,11850,8600,3250,0.7257383966244726,151,86,65,174.91366439036605,0.4626497362048088,0.838109096261874,0.10522365322381179,2117501.84221567,-3573.9986849405086,2113927.8435307294,1619,0,676.8996960486322,98,231,56,38.26148014834208,0.5406218338399189,42.76094276094279,16463.299663299844,167.99285370714125,8
1621,64,1,2,328,0.0030303030303030303,0.006060606060606061,0.9939393939393939,330,9050,6400,2650,0.7071823204419889,117,64,53,177.3128987525446,0.46294901906604036,0.8393442819109156,0.10704288822188782,2119623.3227576185,117.31112433065755,2119740.6338819494,1620,0,675.8454545454546,81,249,61,38.06864922671933,0.5421085858585859,42.63211382113821,16471.54471544716,203.35240389440938,0
1622,64,2,3,327,0.006060606060606061,0.00909090909090909,0.990909090909091,330,10250,7500,2750,0.7317073170731707,130,75,55,176.2829291252278,0.46291735746522983,0.8385420984631249,0.10729804724695163,2124555.545227143,-1345.425079623108,2123210.1201475197,1621,0,676.7363636363636,85,245,45,37.79061682257629,0.5444760101010101,42.33284883720929,16490.69767441855,194.00820793433587,0
1623,64,2,0,329,0.0060790273556231,0.0,1.0,329,10500,7700,2800,0.7333333333333333,133,77,56,172.82023822239387,0.46273931536807766,0.838270774909825,0.1062478093311404,2130535.3612075527,-2660.074266975498,2127875.2869405774,1622,0,678.8753799392098,95,234,53,37.5112139052425,0.549170466058764,41.9704861111111,16513.888888888818,173.8304093567244,8
1624,64,1,5,325,0.0030303030303030303,0.015151515151515152,0.9848484848484849,330,8850,5900,2950,0.6666666666666666,118,59,59,168.87238534957027,0.4628229483282675,0.8347290381422561,0.10427680476518254,2133145.1249999884,-2804.1388888893653,2130340.986111099,1623,0,677.8151515151516,99,231,58,37.45242610075579,0.5508522727272727,41.812499999999986,16523.99999999991,166.90909090909,0
1625,64,0,1,324,0.0,0.003076923076923077,0.9969230769230769,325,10650,7700,2950,0.7230046948356808,136,77,59,167.82709641444245,0.4620845204178538,0.8310525483952158,0.10388204776176131,2134580.8240378187,-4001.899647956944,2130578.924389862,1624,1,686.4553846153846,105,220,54,37.3910851533369,0.5527884615384615,41.725628930817614,16529.559748427702,157.42437855645431,0
1626,64,1,3,322,0.003076923076923077,0.009230769230769232,0.9907692307692307,325,10950,7700,3250,0.7031963470319634,142,77,65,166.5739877689707,0.46212567268122823,0.8292156192637123,0.10358330603702412,2137317.282376306,-4745.707429408507,2132571.5749468976,1625,0,684.6153846153846,87,238,60,37.25519664422358,0.5545833333333333,41.56013257575756,16540.151515151407,190.11668408220007,0
1627,64,2,0,324,0.006172839506172839,0.0,1.0,324,9750,7300,2450,0.7487179487179487,122,73,49,166.88494241625384,0.46201955847316184,0.8291281308158949,0.1043331042875709,2140479.024943296,-3107.256235828424,2137371.7687074672,1626,0,683.3734567901234,90,234,59,37.05288645953201,0.5565522119341564,41.3690476190476,16552.380952380838,183.91534391534265,0
1628,64,0,1,323,0.0,0.0030864197530864196,0.9969135802469136,324,10850,8000,2850,0.7373271889400922,137,80,57,167.7605030447031,0.4619817347016779,0.830219692512939,0.10547461829381148,2143808.1939099957,-3720.7317916611246,2140087.4621183346,1627,1,684.3734567901234,93,231,46,36.82581774200453,0.5583526234567902,41.167996453900685,16565.248226950207,178.12094867688396,0
1629,64,0,4,319,0.0,0.01238390092879257,0.9876160990712074,323,10300,7400,2900,0.7184466019417476,132,74,58,169.02760397050602,0.46155390073649594,0.8314838183331255,0.1065329288416315,2145254.0418836568,-2378.5698784730957,2142875.472005184,1628,2,687.4891640866873,95,228,48,36.70427876959179,0.5601135190918473,41.080729166666636,16570.833333333147,174.42982456140155,0
1630,64,1,1,319,0.003125,0.003125,0.996875,320,9250,6500,2750,0.7027027027027027,120,65,55,194.3157835822824,0.4613603709508882,0.850578939548313,0.12032866977035185,2134830.4709140994,9716.251154200034,2144546.7220682995,1629,0,691.73125,94,226,51,36.69155416878925,0.5498046875,41.71052631578944,16530.52631578925,175.85666293392822,8
1631,64,3,1,321,0.009316770186335404,0.003105590062111801,0.9968944099378882,322,8500,5800,2700,0.6823529411764706,112,58,54,192.44004208419062,0.461906938720226,0.8493654769135368,0.1200818323328487,2139359.556839276,9439.688630273606,2148799.2454695497,1630,0,687.7639751552795,76,246,56,36.460894853415645,0.551953933747412,41.43668831168833,16548.051948052038,217.73752563226367,0
1632,64,0,2,319,0.0,0.006230529595015576,0.9937694704049844,321,10200,7600,2600,0.7450980392156863,128,76,52,193.00372459324325,0.46200431593977154,0.8494064557577545,0.12069432141418628,2140636.9222094417,8230.179797647808,2148867.1020070896,1631,1,689.4641744548287,77,244,57,36.367650728903136,0.5533489096573209,41.35950854700855,16552.99145299148,214.9739149739153,0
1633,64,1,2,318,0.003125,0.00625,0.99375,320,10050,7600,2450,0.7562189054726368,125,76,49,189.72100010941466,0.46175099595088814,0.8452694383937853,0.11917097204969165,2143261.841599393,7274.356016916744,2150536.19761631,1632,0,692.15,84,236,50,36.29101950942323,0.555859375,41.20098039215687,16563.137254902023,197.18020541550027,0
1634,64,1,0,319,0.003134796238244514,0.0,1.0,319,10450,7600,2850,0.7272727272727273,133,76,57,173.40410494808685,0.461539188238928,0.8346898226425108,0.10903819858415321,2143890.9015282704,101.89657717158207,2143992.798105442,1633,0,694.6802507836991,90,229,47,36.67466389527685,0.5585488505747127,41.16300366300367,16565.567765567816,184.0618640618646,8
1635,64,0,1,318,0.0,0.003134796238244514,0.9968652037617555,319,9600,6600,3000,0.6875,126,66,60,185.67013478651393,0.4611576073026951,0.847305355595126,0.11286941796698496,2123799.6270184545,5465.232601612648,2129264.8596200673,1634,1,695.6802507836991,78,241,49,37.59543368478519,0.544474921630094,42.37869198312235,16487.76371308011,211.3815860651296,8
1636,64,0,1,317,0.0,0.0031446540880503146,0.9968553459119497,318,10900,7800,3100,0.7155963302752294,140,78,62,183.50622066572018,0.4607110439854771,0.8452209190769076,0.1121819956214293,2127162.733822458,3569.518804944093,2130732.252627402,1635,2,698.8301886792453,81,237,50,37.443543883852314,0.5464164046121593,42.17479674796748,16500.813008130066,203.71374084111193,0
1637,64,1,0,318,0.0031446540880503146,0.0,1.0,318,10350,7300,3050,0.7053140096618358,134,73,61,206.25707888302423,0.46089353146968765,0.8548476473799254,0.1260678123027056,2127056.665416671,13794.098885501084,2140850.764302172,1636,0,699.8176100628931,82,236,45,36.86353015625761,0.5462526205450734,42.18122489959837,16500.401606425577,201.22440983445827,8
1638,64,1,1,318,0.003134796238244514,0.003134796238244514,0.9968652037617555,319,9850,6900,2950,0.700507614213198,128,69,59,210.0673868436863,0.46070003877420923,0.8564648179274046,0.12909046605671812,2130274.733306052,15850.249296945814,2146124.982602998,1637,0,698.6206896551724,87,232,49,36.56624191402482,0.5482954545454546,41.98626893939391,16512.878787878628,189.80320445837503,0
1639,64,0,0,318,0.0,0.0,1.0,318,11050,8200,2850,0.7420814479638009,139,82,57,209.35808968804616,0.460391122552229,0.8558865183425473,0.12905207618083903,2132112.4999999763,14624.999999998734,2146737.499999975,1638,1,701.7924528301887,89,229,52,36.47094430992731,0.5497575995807128,41.874999999999964,16519.99999999981,185.61797752808775,0
1640,64,2,0,320,0.00625,0.0,1.0,320,10150,6800,3350,0.6699507389162561,135,68,67,205.92015674198691,0.4609783176593521,0.8552228522901615,0.12763021939876054,2135368.3615902374,13793.077544107116,2149161.4391343445,1639,0,698.4,91,229,54,36.35861823361821,0.5516276041666667,41.677989130434746,16532.60869565196,181.67701863353804,0
1641,64,0,1,319,0.0,0.003125,0.996875,320,9550,6500,3050,0.680628272251309,126,65,61,202.3911850658496,0.4609732154519331,0.8530697134258047,0.1259095926630763,2137569.0169318505,12975.025299376455,2150544.042231227,1640,1,699.4,76,244,51,36.31401029398937,0.55302734375,41.544913419913435,16541.12554112561,217.64638869902117,0
1642,64,1,1,319,0.003125,0.003125,0.996875,320,9850,7300,2550,0.7411167512690355,124,73,51,204.3258690380997,0.46072014596394983,0.8523093721679582,0.1277004534560971,2140294.2925347374,13613.498263889773,2153907.7907986273,1641,0,700.265625,79,241,53,36.09593696505892,0.55498046875,41.38020833333336,16551.666666666788,209.514767932491,0
1643,64,0,1,318,0.0,0.003134796238244514,0.9968652037617555,319,9900,6800,3100,0.6868686868686869,130,68,62,203.5109310120233,0.4604433239355165,0.8572607233847078,0.12283890233386688,2119527.1855470366,12569.390167194359,2132096.575714231,1642,1,703.4263322884012,73,246,49,37.40035141935128,0.5467933646812957,42.637950450450454,16471.171171171194,225.63248179686568,8
1644,64,4,1,321,0.012422360248447204,0.003105590062111801,0.9968944099378882,322,10400,7000,3400,0.6730769230769231,138,70,68,172.47989030371127,0.46078104138851805,0.8305320042397533,0.10309162674196942,2113596.261262876,-1889.4297422082473,2111706.8315206678,1643,0,697.72049689441,96,226,59,38.56551897041619,0.5390786749482401,42.998281786941604,16448.10996563589,171.3344788087072,7
1645,64,3,0,324,0.009259259259259259,0.0,1.0,324,9750,6700,3050,0.6871794871794872,128,67,61,187.58125241401885,0.4611408525398464,0.8481832260618707,0.11163795839010068,2110994.799178244,4646.609653867304,2115641.4088321114,1644,0,694.391975308642,85,239,47,38.3385895622102,0.5380979938271605,43.15649224806203,16437.984496124107,193.38805289557772,8
1646,64,5,3,326,0.015197568389057751,0.00911854103343465,0.9908814589665653,329,9600,6700,2900,0.6979166666666666,125,67,58,179.60731632528413,0.46238872105666345,0.8447152213788427,0.10785446367497362,2116423.3417177643,625.0233228243897,2117048.3650405887,1645,0,684.8237082066869,96,233,53,38.20743555481322,0.5406534954407295,42.82646048109969,16459.106529209806,171.4490263459355,0
1647,64,2,1,327,0.006097560975609756,0.003048780487804878,0.9969512195121951,328,11650,8700,2950,0.7467811158798283,146,87,59,171.1728502224935,0.4623016427985381,0.8291246907034284,0.10206973661415443,2112168.401991871,-4940.822896231768,2107227.5790956393,1646,0,687.8201219512196,93,235,56,38.68742092247529,0.5403963414634146,43.08510638297875,16442.55319148952,176.8016472203174,8
1648,64,1,3,325,0.003048780487804878,0.009146341463414634,0.9908536585365854,328,10550,8000,2550,0.7582938388625592,131,80,51,171.2717929305182,0.4621089573854454,0.8278882205141027,0.10263132822528895,2115142.5241534393,-3697.149516930591,2111445.3746365085,1647,0,688.5548780487804,100,228,57,38.50096611574669,0.5422383130081301,42.904290429042945,16454.125412541518,164.54125412541518,0
1649,64,2,2,325,0.0061162079510703364,0.0061162079510703364,0.9938837920489296,327,9600,7300,2300,0.7604166666666666,119,73,46,181.23774239347708,0.46230019136601563,0.8389393463736452,0.10794096966919021,2111435.5344092455,1534.361893139525,2112969.896302385,1648,0,690.0795107033639,88,239,52,38.47422198933798,0.5399464831804281,43.12968164794009,16439.700374531913,186.8147769833172,8
1650,64,1,2,324,0.003067484662576687,0.006134969325153374,0.9938650306748467,326,10550,7500,3050,0.7109004739336493,136,75,61,197.14123008902152,0.46191521157778825,0.8529713842694495,0.11579106616923318,2102958.680555579,7165.972222223574,2110124.652777802,1649,0,693.0030674846626,79,247,52,38.59203575782205,0.5318251533742331,43.64583333333337,16406.66666666685,207.6793248945171,8
1651,64,4,1,327,0.012195121951219513,0.003048780487804878,0.9969512195121951,328,9700,6800,2900,0.7010309278350515,126,68,58,195.5521949170322,0.461842655267149,0.8529780841286652,0.11592011554360299,2108577.806122475,7167.403628119238,2115745.209750594,1650,0,689.7134146341464,83,245,47,38.283816425120754,0.5339494410569106,43.303571428571466,16428.57142857163,197.9345955249594,0
1652,64,4,0,331,0.012084592145015106,0.0,1.0,331,10450,8100,2350,0.7751196172248804,128,81,47,192.3707990557378,0.4627044615337667,0.8523445517741861,0.11530828198122468,2115319.7702332116,4735.150891633067,2120054.921124845,1651,0,684.4441087613293,89,242,55,37.94754059001833,0.5365999496475327,42.89351851851854,16454.814814814934,184.88555971702172,0
1653,64,2,1,332,0.006006006006006006,0.003003003003003003,0.996996996996997,333,10800,7800,3000,0.7222222222222222,138,78,60,188.816698476787,0.46297050062110306,0.8502553255579797,0.11358227533086078,2117474.775903035,2562.9192587777616,2120037.695161813,1652,0,681.3273273273273,95,238,56,37.90551489714717,0.538475975975976,42.76258680555558,16463.194444444573,173.29678362573233,0
1654,64,2,0,334,0.005988023952095809,0.0,1.0,334,10400,6900,3500,0.6634615384615384,139,69,70,186.14090098153127,0.4634274993556431,0.8476497073296092,0.11253344654023832,2120486.2116631814,1741.8427915791872,2122228.0544547606,1653,0,679.9461077844311,80,254,56,37.788088458143896,0.5399825349301397,42.579732510288046,16474.897119341458,205.93621399176823,0
1655,64,2,2,334,0.005952380952380952,0.005952380952380952,0.9940476190476191,336,10650,7500,3150,0.704225352112676,138,75,63,181.2623837804495,0.46374581704572376,0.8444171447380799,0.11007212602727096,2123157.5814253883,-880.2791298603333,2122277.302295528,1654,0,676.8928571428571,85,251,58,37.7486363208878,0.5421316964285714,42.41763565891472,16485.271317829403,193.9443684450518,0
1656,64,0,6,328,0.0,0.017964071856287425,0.9820359281437125,334,9900,7300,2600,0.7373737373737373,125,73,52,200.70142435651684,0.46385850671030315,0.8572014585117282,0.12044626629083671,2116045.920289616,8238.686041185381,2124284.6063308013,1655,1,673.9670658682635,95,239,54,37.688343038384204,0.5392028443113772,42.84939236111114,16457.638888889072,173.23830409356918,8
1657,64,2,2,328,0.006060606060606061,0.006060606060606061,0.9939393939393939,330,9300,6500,2800,0.6989247311827957,121,65,56,189.6870626126081,0.46330343710662863,0.848433487416536,0.11200896775014438,2106219.0194775104,4604.499804699826,2110823.51928221,1656,0,682.3909090909091,85,245,55,38.58071502761906,0.5378472222222221,43.44718992248064,16419.379844961357,193.1691746466042,8
1658,64,4,2,330,0.012048192771084338,0.006024096385542169,0.9939759036144579,332,10300,7700,2600,0.7475728155339806,129,77,52,181.65235664479133,0.4638349470389109,0.8416436507928509,0.10800682388870086,2110418.0542270434,-27.517388788270182,2110390.5368382554,1657,0,679.2469879518072,96,236,48,38.52659529982438,0.5400978915662651,43.19158075601375,16435.738831615145,171.20561282932442,0
1659,64,1,2,329,0.0030211480362537764,0.006042296072507553,0.9939577039274925,331,10600,7200,3400,0.6792452830188679,140,72,68,187.39622003894783,0.4634769141566724,0.8475203154241007,0.11188697504177755,2112945.6512622098,2391.6056388544785,2115337.2569010644,1658,0,682.2960725075528,97,234,51,38.22246639089971,0.5417610775427997,43.03784013605443,16445.57823129255,169.5420436215727,0
1660,64,0,1,328,0.0,0.00303951367781155,0.9969604863221885,329,9850,7200,2650,0.7309644670050761,125,72,53,190.82275197953047,0.46334127190056096,0.8503013606307197,0.11444315683429639,2115651.6552026616,5092.894215164608,2120744.5494178263,1659,1,687.0516717325228,100,229,52,37.96678833580684,0.5438196555217831,42.873349834983514,16456.105610561157,164.56105610561156,0
1661,64,0,2,326,0.0,0.006097560975609756,0.9939024390243902,328,10950,7700,3250,0.7031963470319634,142,77,65,192.18770198344166,0.46314017397628104,0.8522255195695358,0.11590813237930861,2119027.829141995,4900.217784351629,2123928.0469263466,1660,2,689.9298780487804,77,251,51,37.72266983237326,0.5458269817073171,42.668269230769205,16469.23076923064,213.88611388611218,0
1662,64,2,0,328,0.006097560975609756,0.0,1.0,328,10450,7200,3250,0.6889952153110048,137,72,65,185.71101737666555,0.463372095733572,0.8466263373320324,0.11270830067009376,2122809.9240676477,2795.838139176263,2125605.762206824,1661,0,682.0975609756098,84,244,54,37.655528857591456,0.5479230182926829,42.43872549019605,16483.921568627302,196.2371615312774,0
1663,64,4,2,330,0.012048192771084338,0.006024096385542169,0.9939759036144579,332,9050,6300,2750,0.6961325966850829,118,63,55,204.6242774566473,0.4639621552675961,0.8635385472525943,0.12377622377622376,2120819.160997733,11344.217687074874,2132163.378684808,1662,0,674.8674698795181,76,256,50,37.29166666666669,0.5450238453815262,42.55952380952381,16476.19047619048,216.79197994987476,8
1664,64,2,1,331,0.006024096385542169,0.0030120481927710845,0.9969879518072289,332,9650,7000,2650,0.7253886010362695,123,70,53,202.161812276423,0.4640199771897257,0.8606817416135919,0.1231476995523928,2125032.602845046,9870.08842752713,2134902.6912725735,1663,0,674.5421686746988,84,248,43,37.0942909454061,0.5468122489959839,42.30392156862743,16492.549019607737,196.33986928104449,0
1665,64,0,2,329,0.0,0.006042296072507553,0.9939577039274925,331,10850,7900,2950,0.728110599078341,138,79,59,204.81627702881977,0.4637107479630138,0.8623198917794443,0.12542862279191241,2128208.5770595702,10128.35149882836,2138336.9285583985,1664,1,677.5800604229607,88,243,48,36.82944540255967,0.5483383685800605,42.111423220973776,16504.868913857645,187.55532856656416,0
1666,64,1,2,328,0.0030303030303030303,0.006060606060606061,0.9939393939393939,330,9350,6400,2950,0.6844919786096256,123,64,59,201.71202841678416,0.46369508151423044,0.8604213307887112,0.12398032118818184,2130392.0138888825,10595.138888888643,2140987.152777771,1665,0,680.4666666666667,89,241,50,36.77457610012111,0.5496843434343435,41.97916666666666,16513.33333333328,185.5430711610481,0
1667,64,1,0,329,0.00303951367781155,0.0,1.0,329,9300,6600,2700,0.7096774193548387,120,66,54,200.20063861741502,0.4633887643017767,0.8603411100619336,0.12373794966986246,2133704.1051630806,10333.784894849523,2144037.8900579303,1666,0,683.1945288753799,92,237,53,36.60906639484112,0.5515134245187436,41.77867383512544,16526.16487455191,179.63222689730335,0
1668,64,1,0,330,0.0030303030303030303,0.0,1.0,330,11250,8200,3050,0.7288888888888889,143,82,61,198.11395085995264,0.4632339734733352,0.8594843681132285,0.12307200663066517,2136719.3777392292,7412.783560587879,2144132.1612998173,1667,0,682.1212121212121,73,257,51,36.47694567013492,0.5534406565656566,41.59628378378379,16537.837837837866,226.54572380599816,0
1669,64,0,0,330,0.0,0.0,1.0,330,9850,7100,2750,0.7208121827411168,126,71,55,196.54161047373464,0.4631255564766203,0.8588650404121805,0.12256690381804297,2139001.388888897,8230.55555555603,2147231.944444453,1668,1,683.1212121212121,74,256,53,36.37691377921035,0.5551767676767676,41.45833333333335,16546.66666666673,223.60360360360445,0
1670,64,2,3,329,0.006024096385542169,0.009036144578313253,0.9909638554216867,332,10100,7500,2600,0.7425742574257426,127,75,52,190.24170147883655,0.46350052779092205,0.8538889858952714,0.11933343092763385,2142450.0,5016.666666666629,2147466.6666666665,1669,0,680.0,84,248,43,36.327495974235106,0.5569779116465863,41.25,16560.0,197.14285714285714,0
1671,64,0,2,327,0.0,0.0060790273556231,0.993920972644377,329,9500,6500,3000,0.6842105263157895,125,65,60,194.32270928292147,0.46282271665801766,0.8558293012943077,0.12214812464579546,2143679.4866854525,8013.121137387841,2151692.6078228406,1670,3,686.5987841945289,86,243,44,36.14622365113879,0.5581306990881458,41.1757662835249,16564.750957854376,192.61338323086483,0
1672,64,1,3,325,0.003048780487804878,0.009146341463414634,0.9908536585365854,328,11950,9000,2950,0.7531380753138075,149,90,59,193.543172983891,0.4625156945376793,0.8554680773146102,0.1222786314238711,2146668.741426614,5544.615912208614,2152213.357338823,1671,0,689.545731707317,89,239,49,35.98251258676676,0.5600863821138211,40.995370370370374,16576.296296296314,186.25052018310464,0
1673,64,1,1,325,0.003067484662576687,0.003067484662576687,0.9969325153374233,326,9500,6800,2700,0.7157894736842105,122,68,54,215.9624214543869,0.46210574956740597,0.869926409960146,0.1334332977856209,2133496.8731949567,17451.030180108595,2150947.9033750654,1672,0,694.4539877300614,91,235,47,36.21487429657236,0.5508371676891616,41.791213768115924,16525.362318840478,181.59738811912612,8
1674,64,1,1,325,0.003067484662576687,0.003067484662576687,0.9969325153374233,326,9900,7400,2500,0.7474747474747475,124,74,50,218.84755463059304,0.46205777096114514,0.8720314664555708,0.13568548387096777,2135555.555555558,18372.222222222408,2153927.7777777803,1673,0,695.361963190184,67,259,47,36.01310483870967,0.5528821574642127,41.66666666666667,16533.333333333354,246.76616915422917,0
1675,64,0,2,323,0.0,0.006153846153846154,0.9938461538461538,325,9100,6100,3000,0.6703296703296703,121,61,60,219.77845917825647,0.4619048749604305,0.8719777909546664,0.13695365119972597,2138551.774837223,19901.52278933028,2158453.297626553,1674,1,698.32,68,257,46,35.803915557112845,0.5542628205128205,41.48550724637682,16544.927536231913,243.30775788576344,0
1676,64,0,0,323,0.0,0.0,1.0,323,10300,7500,2800,0.7281553398058253,131,75,56,214.05193421875205,0.4614385227775321,0.8660888812946292,0.13395708930155126,2141079.0655361987,16760.423058660403,2157839.488594859,1675,2,702.9133126934985,77,246,42,35.79597767910924,0.555921052631579,41.33279914529915,16554.700854700866,214.99611499611515,0
1677,64,1,5,319,0.0030864197530864196,0.015432098765432098,0.9845679012345679,324,10800,8100,2700,0.75,135,81,54,205.98919388509182,0.4613494805004523,0.8590631555072115,0.12984458316154907,2145325.964506167,12782.793209876249,2158108.7577160434,1676,0,701.7407407407408,89,235,45,35.74284229582939,0.557838220164609,41.07638888888888,16571.111111111062,186.19225967540518,0
1678,64,1,3,317,0.003125,0.009375,0.990625,320,9450,6900,2550,0.7301587301587301,120,69,51,206.83530622571172,0.46077831112852663,0.8589904143475586,0.13115791771253962,2148823.9644970433,15440.532544378904,2164264.4970414224,1677,0,706.278125,90,230,49,35.505565862708735,0.5596354166666666,40.86538461538462,16584.6153846154,184.27350427350444,0
1679,64,0,1,316,0.0,0.0031545741324921135,0.9968454258675079,317,9350,6600,2750,0.7058823529411765,121,66,55,209.51053601588185,0.46025710777462764,0.8607303777091067,0.13341645069709734,2151292.6218317756,17393.694065397714,2168686.3158971732,1678,1,712.1703470031546,90,227,52,35.284314158315354,0.5612184542586751,40.7165750915751,16594.13919413924,184.37932437932488,0
1680,64,0,0,316,0.0,0.0,1.0,316,10400,7500,2900,0.7211538461538461,133,75,58,196.78709025591792,0.46028167068515174,0.8461151826037996,0.12075965494558999,2129436.488340156,10209.122085046434,2139645.6104252026,1679,2,714.1708860759494,89,227,53,36.96065894950945,0.5469079641350211,42.03703703703699,16509.62962962935,185.50145651268934,8
1681,64,1,0,317,0.0031545741324921135,0.0,1.0,317,9550,6800,2750,0.7120418848167539,123,68,55,197.11111597129747,0.4605753104659985,0.8486191774619416,0.12156328310918992,2132408.5676249973,11114.28649426248,2143522.85411926,1680,0,712.9148264984227,92,225,55,36.76879492630999,0.5484358569926393,41.85707885304655,16521.14695340476,179.5776842761387,0
1682,64,1,0,318,0.0031446540880503146,0.0,1.0,318,9100,6400,2700,0.7032967032967034,118,64,54,185.95557775157312,0.4606928572373337,0.844642871173628,0.11185765292426299,2117455.771999671,6050.542289121314,2123506.3142887927,1681,0,711.6698113207547,93,225,50,37.98028942115769,0.5390133647798743,42.763741134751804,16463.120567376067,177.02280179974267,8
1683,64,3,2,319,0.009345794392523364,0.006230529595015576,0.9937694704049844,321,9000,5800,3200,0.6444444444444445,122,58,64,180.58129411796224,0.4616408683800623,0.8412997739242949,0.10939578098538794,2121716.2609888185,3428.453632096707,2125144.7146209152,1682,0,706.0093457943925,81,240,51,37.85520473606314,0.541115005192108,42.50508130081299,16479.674796747884,203.4527752684924,0
1684,64,1,2,318,0.003125,0.00625,0.99375,320,9700,6900,2800,0.711340206185567,125,69,56,182.6786684098875,0.46135506465517245,0.8429567932428548,0.11118035653838933,2124498.4764739037,3920.1105442168437,2128418.5870181206,1683,0,709.071875,83,237,49,37.62934353643277,0.5427083333333333,42.3363095238095,16490.47619047604,198.68043602983184,0
1685,64,1,2,317,0.003134796238244514,0.006269592476489028,0.9937304075235109,319,9350,7300,2050,0.7807486631016043,114,73,41,178.36369257983227,0.4615991568252466,0.8384464492604873,0.10908613020257138,2127425.3352721655,2741.087697405712,2130166.4229695713,1684,0,711.4388714733542,90,229,52,37.55993340732519,0.5444096133751306,42.15888278388277,16501.831501831417,183.3536833536824,0
1686,64,0,0,317,0.0,0.0,1.0,317,7950,5700,2250,0.7169811320754716,102,57,45,182.23134189620635,0.46113226916370514,0.8419830539589175,0.11192246243792281,2129943.3056343077,6278.485349715904,2136221.7909840234,1685,1,716.8359621451104,91,226,52,37.30488750402292,0.545412723449001,42.00634057971013,16511.59420289845,181.44609014174122,0
1687,64,4,0,321,0.012461059190031152,0.0,1.0,321,10300,7800,2500,0.7572815533980582,128,78,50,177.83251405195176,0.4616826486240914,0.8407876147729954,0.11009788997288072,2134703.0553921717,1423.9222189545098,2136126.9776111264,1686,0,708.8909657320872,100,221,57,37.12514475102822,0.5481892523364487,41.71823432343234,16530.03300330032,165.3003300330032,0
1688,64,3,0,324,0.009259259259259259,0.0,1.0,324,8850,5500,3350,0.6214689265536724,122,55,67,172.96455805525528,0.46232473658729245,0.8381719515996475,0.10775246776845607,2138390.532366631,323.15467606800667,2138713.687042699,1687,0,703.3179012345679,78,246,61,37.024037235399156,0.550025720164609,41.495253164557,16544.303797468536,212.1064589419043,0
1689,64,1,1,324,0.003076923076923077,0.003076923076923077,0.9969230769230769,325,10400,7100,3300,0.6826923076923077,137,71,66,167.57812148234592,0.46254946185501744,0.8332528367657801,0.10506710457835108,2142169.195248199,-3603.8620725910982,2138565.333175608,1688,0,702.1507692307692,85,240,50,36.931157639311536,0.5520192307692308,41.26695736434111,16558.914728682303,194.81076151390945,0
1690,64,1,2,323,0.003076923076923077,0.006153846153846154,0.9938461538461538,325,10400,6900,3500,0.6634615384615384,139,69,70,210.90509437278612,0.4623943494776828,0.861709969274111,0.13258606786661128,2143743.945312504,15025.303819444656,2158769.2491319487,1689,0,701.8923076923077,79,246,46,35.71305798705436,0.555448717948718,41.17187500000001,16565.000000000033,209.68354430379787,8
1691,64,0,3,320,0.0,0.009287925696594427,0.9907120743034056,323,9400,6500,2900,0.6914893617021277,123,65,58,211.31551411390024,0.46161799960258704,0.8588748491747429,0.1334471945294624,2146405.756848872,16713.767201110633,2163119.524049983,1690,1,707.2260061919504,88,235,47,35.53840157266808,0.5570820433436532,41.011235955056165,16575.280898876324,188.35546475995824,0
1692,64,0,1,319,0.0,0.003125,0.996875,320,10250,7100,3150,0.6926829268292682,134,71,63,211.59453395752058,0.4614256792058516,0.8590143366332461,0.13433951112419754,2149537.430747904,16716.07417666883,2166253.5049245725,1691,2,713.2625,94,226,49,35.3383114044365,0.558984375,40.82236842105261,16587.368421052488,176.46136618140946,0
1693,64,0,0,319,0.0,0.0,1.0,319,8750,5900,2850,0.6742857142857143,116,59,57,209.20538176000235,0.4609941312934156,0.8578987659659847,0.13329279672771166,2151602.253472203,17475.354166665966,2169077.607638869,1692,3,716.3699059561128,99,220,48,35.27317753317532,0.5600835945663531,40.69791666666664,16595.333333333183,167.6296296296281,0
1694,64,2,1,320,0.006230529595015576,0.003115264797507788,0.9968847352024922,321,9800,7200,2600,0.7346938775510204,124,72,52,213.8510129228008,0.4611873701973001,0.8614400348052511,0.13743472665735199,2156631.8331740317,18239.580405164335,2174871.413579196,1693,0,712.9003115264798,76,245,54,34.84334288692025,0.5620781412253375,40.39502164502163,16614.718614718542,218.61471861471765,0
1695,64,0,2,318,0.0,0.00625,0.99375,320,10350,6900,3450,0.6666666666666666,138,69,69,216.8420727150922,0.46069300222048065,0.8627195431472081,0.13996686869224473,2159164.752799583,19289.552066086042,2178454.304865669,1694,1,714.08125,78,242,42,34.609983079526216,0.5641276041666667,40.24261603375527,16624.472573839634,213.1342637671748,0
1696,64,1,1,318,0.003134796238244514,0.003134796238244514,0.9968652037617555,319,10250,7400,2850,0.7219512195121951,131,74,57,215.02971854786992,0.46067334043098523,0.86087008542918,0.13944996598896534,2161879.566641474,18923.670949861556,2180803.2375913355,1695,0,716.9090909090909,83,236,46,34.49029898218829,0.5655368338557993,40.07936507936508,16634.920634920654,200.4207305412127,0
1697,64,0,0,318,0.0,0.0,1.0,318,11300,8700,2600,0.7699115044247787,139,87,52,203.5041441398863,0.4604611828660992,0.8510866930098036,0.12747960305779116,2141650.6843231576,12266.957911957259,2153917.6422351147,1696,1,720.1572327044025,81,237,45,36.033584990588466,0.5541142557651992,41.29827235772358,16556.91056910572,204.40630332229284,7
1698,64,1,2,317,0.003134796238244514,0.006269592476489028,0.9937304075235109,319,10750,7700,3050,0.7162790697674418,138,77,61,203.62691393627455,0.46057763713912053,0.8514824549591509,0.12812717287521685,2144279.305978941,12776.595538781861,2157055.9015177228,1697,0,718.8965517241379,82,237,49,35.86846294321082,0.5560997910135841,41.13955823293173,16567.06827309241,202.03741796454156,0
1699,64,1,0,318,0.0031446540880503146,0.0,1.0,318,9400,7100,2300,0.7553191489361702,117,71,46,200.02848749969533,0.46040641595407683,0.8479856258835259,0.12658291308186795,2147628.1249999944,12917.361111110906,2160545.4861111054,1698,0,721.2201257861635,89,229,52,35.755511995711025,0.5581433438155137,40.93749999999999,16579.999999999956,186.29213483146017,0
1700,64,1,1,318,0.003134796238244514,0.003134796238244514,0.9968652037617555,319,10500,7900,2600,0.7523809523809524,131,79,52,179.2092036420484,0.46046879004751484,0.8330472240873961,0.10946809523234126,2126687.347220744,1924.3891782099017,2128611.736398954,1699,0,719.9561128526645,96,223,47,37.583659640645436,0.5511690177638453,42.20360824742268,16498.96907216493,171.8642611683847,8
1701,64,1,1,318,0.003134796238244514,0.003134796238244514,0.9968652037617555,319,10450,7400,3050,0.7081339712918661,135,74,61,179.3919389899098,0.46059242391382926,0.8354639232734971,0.1117821458796864,2138525.93638525,2476.8628616723136,2141002.7992469226,1700,0,720.5391849529781,86,233,55,36.84955537029313,0.5593325496342738,41.48706896551723,16544.82758620685,192.38171611868432,8
1702,64,1,0,319,0.003134796238244514,0.0,1.0,319,11000,8200,2800,0.7454545454545455,138,82,56,177.24970769977713,0.4608778908144555,0.8348829592650553,0.10660885342026416,2117388.0102041145,261.2811791396143,2117649.291383254,1701,0,719.871473354232,104,215,52,38.20842492961552,0.5452586206896552,42.76785714285718,16462.8571428574,158.29670329670577,7
1703,64,3,1,321,0.009316770186335404,0.003105590062111801,0.9968944099378882,322,9650,7000,2650,0.7253886010362695,123,70,53,174.57142239048056,0.46146976161451986,0.8341323125812494,0.10554796348130899,2120537.352651907,-12.955623082158127,2120524.397028825,1702,0,714.1552795031056,86,236,54,38.082751937984476,0.5471984989648033,42.57662835249043,16475.09578544068,191.57088122605444,0
1704,64,2,2,321,0.006191950464396285,0.006191950464396285,0.9938080495356038,323,10400,7600,2800,0.7307692307692307,132,76,56,163.87543917798155,0.4615186463601459,0.8269621460717309,0.09735312107098852,2109894.403520805,-5848.025600771729,2104046.377920033,1703,0,712.9287925696594,90,233,51,39.015506122206396,0.5390866873065016,43.22344322344326,16433.699633699853,182.59666259666503,8
1705,64,5,2,324,0.015337423312883436,0.006134969325153374,0.9938650306748467,326,8900,6900,2000,0.7752808988764045,109,69,40,164.6977791625328,0.4617649834827749,0.8294937990453517,0.09869911216345945,2115186.2615285646,-4426.704042228917,2110759.5574863357,1704,0,707.3466257668712,96,230,56,38.66727928379484,0.5411554192229039,42.9016323024055,16454.295532646083,171.3989117983967,0
1706,64,0,2,322,0.0,0.006172839506172839,0.9938271604938271,324,10800,7500,3300,0.6944444444444444,141,75,66,172.9416938297011,0.46124277765037136,0.8371127626417916,0.10487726470264765,2122344.3438512003,-2191.6348568980065,2120152.7089943024,1705,1,711.395061728395,81,243,60,38.01315172890052,0.5451067386831276,42.46697154471543,16482.11382113811,203.48288668071743,7
1707,64,3,0,325,0.009230769230769232,0.0,1.0,325,9500,6700,2800,0.7052631578947368,123,67,56,167.8832250296095,0.461519863880975,0.8324062933165659,0.10257836553171208,2126854.3474112134,-3087.3665976724606,2123766.980813541,1706,0,710.1723076923076,86,239,55,37.86534769954792,0.5472115384615385,42.1934865900383,16499.616858237463,191.8560099795054,0
1708,64,0,2,323,0.0,0.006153846153846154,0.9938461538461538,325,9000,6700,2300,0.7444444444444445,113,67,46,167.61488950850043,0.4613940329218107,0.8332033582463381,0.10295576973170074,2130003.6131344554,-2595.935946352601,2127407.6771881026,1707,1,711.1723076923076,92,233,56,37.67826908048972,0.5514423076923076,42.002688172042994,16511.82795698916,179.4763908368387,8
1709,64,0,1,322,0.0,0.0030959752321981426,0.9969040247678018,323,10800,7200,3600,0.6666666666666666,144,72,72,167.03834035299946,0.4606937740771366,0.832253107946892,0.10306473531324006,2132686.1496913433,-4151.929012346294,2128534.220678997,1708,2,715.5294117647059,95,228,58,37.528020623178634,0.5533733230134159,41.84027777777776,16522.222222222106,173.91812865496954,0
1710,64,2,1,323,0.006172839506172839,0.0030864197530864196,0.9969135802469136,324,11200,8300,2900,0.7410714285714286,141,83,58,165.14859672933056,0.4610904872020283,0.8317423792834435,0.10261549939543932,2136847.417534749,-5420.529513887643,2131426.8880208614,1709,0,712.5030864197531,79,245,60,37.32091269441364,0.5552340534979423,41.58854166666671,16538.333333333543,209.3459915611841,0
1711,64,1,0,324,0.0030864197530864196,0.0,1.0,324,9100,5900,3200,0.6483516483516484,123,59,64,163.34314143887076,0.4606933376014473,0.8293165993797902,0.10196864746627808,2139609.765474837,-4001.883890810194,2135607.8815840264,1710,0,713.4907407407408,84,240,56,37.197867298578196,0.5567451131687242,41.42156862745101,16549.01960784329,197.01213818861058,0
1712,64,1,1,324,0.003076923076923077,0.003076923076923077,0.9969230769230769,325,9450,6500,2950,0.6878306878306878,124,65,59,161.63043740643968,0.46057494460272236,0.8280691821117363,0.10147123850173259,2142942.8854875364,-5177.0408163261945,2137765.8446712103,1711,0,712.2923076923076,90,235,51,37.03756948437802,0.558301282051282,41.22023809523811,16561.904761904825,184.02116402116474,0
1713,64,1,0,325,0.003076923076923077,0.0,1.0,325,10900,7900,3000,0.7247706422018348,139,79,60,175.59435161055526,0.46005144032921813,0.8383885486881262,0.10542848922247225,2116330.5919082398,-1576.8603840565738,2114753.7315241834,1712,0,713.2584615384616,100,225,56,38.31637256867864,0.5429807692307692,42.83209570957101,16458.745874587767,164.58745874587765,8
1714,64,1,3,323,0.003067484662576687,0.009202453987730062,0.99079754601227,326,10250,7200,3050,0.7024390243902439,133,72,61,168.91213513336703,0.45993570080226526,0.8303739532826391,0.10355277963883666,2128853.2202215893,-3532.171437366109,2125321.0487842234,1713,0,712.0674846625767,94,232,51,37.7156577250634,0.5521791922290389,42.07236842105261,16507.368421052495,175.6103023516223,8
1715,64,0,1,322,0.0,0.0030959752321981426,0.9969040247678018,323,8650,6300,2350,0.7283236994219653,110,63,47,168.79879504635065,0.4592247081899121,0.8290226576418407,0.10369192152872789,2130055.0927893957,-1339.8533909620983,2128715.239398434,1714,2,716.4179566563467,96,227,53,37.64455428373218,0.5537280701754386,41.999570446735376,16512.027491408826,172.00028636884193,0
1716,64,0,0,322,0.0,0.0,1.0,322,9850,6800,3050,0.6903553299492385,129,68,61,169.75858220888546,0.4588219074708307,0.8291885358129261,0.10458175410173412,2131768.347222213,-1872.8055555560004,2129895.541666657,1715,3,719.6304347826087,99,223,55,37.51429359377943,0.5553183229813665,41.89583333333332,16518.666666666595,166.85521885521814,0
1717,64,1,0,323,0.0030959752321981426,0.0,1.0,323,9150,6200,2950,0.6775956284153005,121,62,59,169.44520340994384,0.45894507688658986,0.8276268546506638,0.10485303019660246,2134407.561728393,-1416.9753086422315,2132990.586419751,1716,0,718.3993808049536,104,219,54,37.359953392489004,0.5570497936016512,41.73611111111111,16528.888888888872,158.93162393162376,0
1718,64,0,1,322,0.0,0.0030959752321981426,0.9969040247678018,323,9400,6800,2600,0.723404255319149,120,68,52,170.7501351005151,0.4586394054189182,0.827878246098205,0.1062113938954802,2137491.0750606516,-1004.6220314503225,2136486.4530292014,1717,1,719.3993808049536,88,235,54,37.136581831355834,0.5587267801857585,41.54962546816477,16540.82397003732,187.96390875042408,0
1719,64,2,1,323,0.006172839506172839,0.0030864197530864196,0.9969135802469136,324,8550,5700,2850,0.6666666666666666,114,57,57,184.5146380657303,0.4589337359375199,0.8423661989470295,0.11127318055587428,2118988.0808374006,4846.863760261649,2123834.9445976624,1718,0,717.6111111111111,82,242,54,37.92258014696321,0.5486111111111112,42.67068273092369,16469.076305220842,200.84239396610784,8
1720,64,2,2,323,0.006153846153846154,0.006153846153846154,0.9938461538461538,325,8900,6200,2700,0.6966292134831461,116,62,54,166.7787143250458,0.4588342830009497,0.8261161300863948,0.10440070322208786,2141236.9849320324,-2477.4497175597844,2138759.5352144726,1719,0,716.3907692307693,90,235,49,37.00908266218253,0.5619871794871795,41.323260073260066,16555.3113553113,183.94790394790334,8
1721,64,2,2,323,0.006153846153846154,0.006153846153846154,0.9938461538461538,325,10050,6800,3250,0.6766169154228856,133,68,65,183.629838694922,0.4590954415954416,0.8424545410929349,0.11428476344933558,2137811.441995773,3463.1940507683603,2141274.6360465414,1720,0,711.6953846153846,83,242,54,36.78398223224427,0.5573397435897436,41.53025793650793,16542.06349206344,199.30196978389688,8
1722,64,0,1,322,0.0,0.0030959752321981426,0.9969040247678018,323,9850,7500,2350,0.7614213197969543,122,75,47,181.63324539705718,0.45890661756693524,0.8401012173635634,0.11345435310787493,2139963.5125593375,3287.7035634875974,2143251.216122825,1721,1,715.5108359133127,85,238,54,36.70316159250585,0.5587912796697627,41.40019379844961,16550.387596899196,194.71044231646113,0
1723,64,0,1,321,0.0,0.003105590062111801,0.9968944099378882,322,9300,6500,2800,0.6989247311827957,121,65,56,181.20574121043384,0.4586701350593061,0.8396701025250708,0.11364298782805866,2142333.7094432577,3940.633547952928,2146274.3429912105,1722,2,718.723602484472,88,234,52,36.5684511693129,0.5600737577639752,41.25702247191012,16559.550561797794,188.1767109295204,0
1724,64,0,1,320,0.0,0.003115264797507788,0.9968847352024922,321,9050,6500,2550,0.7182320441988951,116,65,51,165.58102351319027,0.4582972319574247,0.8214721956296258,0.10168473120136744,2129876.003472202,-2716.590277778454,2127159.4131944235,1723,3,721.8442367601247,99,222,60,37.73859874025923,0.5520833333333333,42.01041666666664,16511.333333333176,166.78114478114318,8
1725,64,1,1,320,0.003115264797507788,0.003115264797507788,0.9968847352024922,321,10300,7900,2400,0.7669902912621359,127,79,48,166.97943106843283,0.4580266744548287,0.824348775924596,0.1031490891509343,2133382.4301431454,-3253.803112662137,2130128.6270304834,1724,0,722.828660436137,102,219,64,37.48669917616487,0.5537707684319834,41.79813915857602,16524.919093850942,162.00901072402885,0
1726,64,1,2,319,0.003115264797507788,0.006230529595015576,0.9937694704049844,321,11050,8700,2350,0.7873303167420814,134,87,47,192.6938681666397,0.45778167185877466,0.8512422668644559,0.1183897342318304,2130152.0012694364,6843.4457815025635,2136995.447050939,1725,0,723.7694704049844,85,236,49,37.02207838442638,0.5488058151609554,41.99370155038757,16512.40310077505,194.26356589147116,8
1727,64,0,0,319,0.0,0.0,1.0,319,10600,7700,2900,0.7264150943396226,135,77,58,196.91143846549375,0.45764081938447587,0.8534876961601112,0.12142872038705362,2132352.623039464,9576.924463673287,2141929.5475031375,1726,1,726.3009404388715,85,234,52,36.77740240240238,0.5504832810867293,41.860465116279045,16520.930232558007,194.36388508891773,0
1728,64,0,0,319,0.0,0.0,1.0,319,9150,7000,2150,0.7650273224043715,113,70,43,196.1024599870036,0.4575861904668021,0.8529200884970194,0.12137859954435011,2134554.380934129,10768.273015443297,2145322.6539495722,1727,2,727.3009404388715,85,234,47,36.66243610186182,0.5516914838035527,41.72722868217053,16529.457364341008,194.4642042863648,0
1729,64,0,0,319,0.0,0.0,1.0,319,10950,7800,3150,0.7123287671232876,141,78,63,201.27346198045473,0.4577048954082135,0.8558734587828818,0.12508793398991225,2136971.3152353,11273.12295406713,2148244.4381893673,1728,3,728.3009404388715,72,247,53,36.37976256212037,0.5536833855799372,41.58105022831051,16538.812785388163,229.70573313039117,0
1730,64,0,1,318,0.0,0.003134796238244514,0.9968652037617555,319,8700,6000,2700,0.6896551724137931,114,60,54,203.96263937705734,0.45765601690292645,0.8576106265667578,0.12735532581089626,2139746.7991640437,14785.680951222323,2154532.480115266,1729,4,729.3009404388715,73,246,52,36.13908546543279,0.554630355276907,41.413288288288314,16549.549549549665,226.7061582130091,0
1731,64,0,2,316,0.0,0.006289308176100629,0.9937106918238994,318,10150,7200,2950,0.7093596059113301,131,72,59,203.45330283429473,0.45765608363258803,0.8575831697718685,0.12777615506303608,2143166.9430857874,13456.87861921706,2156623.821705004,1730,5,732.3050314465409,76,242,47,35.941474995643865,0.5562434486373166,41.20670995670998,16562.770562770664,217.93119161540346,0
1732,64,1,2,315,0.0031545741324921135,0.006309148264984227,0.9936908517350158,317,9350,7000,2350,0.7486631016042781,117,70,47,201.27187401647538,0.45736375101492105,0.8552650561249155,0.1271061232617693,2146412.9420058066,13652.511050145557,2160065.453055952,1731,0,735.1735015772871,80,237,51,35.79807835542976,0.5578009989484753,41.010802469135825,16575.30864197542,207.19135802469276,0
1733,64,1,0,316,0.0031645569620253164,0.0,1.0,316,9700,6800,2900,0.7010309278350515,126,68,58,201.66305681714442,0.4569990707253366,0.8541247157969085,0.12770344002862447,2148023.49962099,13735.39700972636,2161758.896630716,1732,0,738.1898734177215,82,234,53,35.6888401795518,0.5593684071729959,40.91365461847392,16581.526104417797,202.21373298070483,0
1734,64,2,2,316,0.006289308176100629,0.006289308176100629,0.9937106918238994,318,9900,7100,2800,0.7171717171717171,127,71,56,191.15222746429797,0.4572328284030713,0.8479204322077507,0.12023625270732252,2144076.1705274535,8468.987169889271,2152545.157697343,1733,0,734.5408805031446,86,232,49,36.2038793036989,0.5582743710691824,41.15181992337166,16566.28352490429,192.63120377795687,8
1735,64,1,1,316,0.0031545741324921135,0.0031545741324921135,0.9968454258675079,317,10000,7300,2700,0.73,127,73,54,203.12981702827167,0.45694946358929306,0.8535272692641265,0.12554838610642793,2133704.1051630806,13283.78489484949,2146987.8900579303,1734,0,737.8107255520505,92,225,48,36.53342876145862,0.5525762355415352,41.77867383512544,16526.16487455191,179.63222689730335,8
1736,64,1,2,315,0.0031545741324921135,0.006309148264984227,0.9936908517350158,317,9450,6400,3050,0.6772486772486772,125,64,61,184.61206187370655,0.4571952907665482,0.8448591813164283,0.11208229728003809,2123029.396137098,5537.366847871643,2128566.7629849697,1735,0,737.8580441640379,80,237,51,37.6702739361259,0.5451827024185069,42.42541152263373,16484.77366255137,206.05967078189215,8
1737,64,0,0,315,0.0,0.0,1.0,315,9500,6700,2800,0.7052631578947368,123,67,56,187.51687669481782,0.4566655713948708,0.8461782938640039,0.11427320148716613,2125276.6262228126,7205.047012360189,2132481.673235173,1736,1,743.4539682539682,81,234,47,37.45661219828791,0.5465608465608466,42.289126016260155,16493.495934959315,203.62340660443598,0
1738,64,0,2,313,0.0,0.006349206349206349,0.9936507936507937,315,9450,6600,2850,0.6984126984126984,123,66,57,187.7504944218246,0.4564220840494726,0.8462791088902013,0.1148722929086827,2127660.9044598164,7443.877354863052,2135104.7818146795,1737,2,744.4539682539682,84,231,47,37.3033601064588,0.5481481481481482,42.144607843137244,16502.745098039162,196.46125116713287,0
1739,64,0,1,312,0.0,0.003194888178913738,0.9968051118210862,313,8150,5500,2650,0.6748466257668712,108,55,53,197.3293549291024,0.45617567447639334,0.8535140625718827,0.12063459551175643,2127173.4832712505,13200.75425524201,2140374.2375264927,1738,3,749.8242811501598,77,236,44,37.08648433992886,0.549653887113951,42.174145299145316,16500.854700854787,214.2968142968154,8
1740,64,0,1,311,0.0,0.003205128205128205,0.9967948717948718,312,10450,7200,3250,0.6889952153110048,137,72,65,180.79299775442786,0.45600871362024903,0.834384407764972,0.10891675718376612,2118368.055555577,3747.22222222286,2122115.2777778,1739,4,751.6025641025641,107,205,57,38.05668016194333,0.5515157585470085,42.70833333333336,16466.666666666835,153.89408099688632,8
1741,64,2,0,313,0.006389776357827476,0.0,1.0,313,9750,7000,2750,0.717948717948718,125,70,55,178.56411360974073,0.45617951448622374,0.8339744801262143,0.10835283085449618,2122710.1377396886,3457.97083917865,2126168.1085788673,1740,0,750.1757188498402,82,231,57,37.84576714420297,0.5535476570820022,42.444779116465824,16483.534136545986,201.01870898226812,0
1742,64,0,1,312,0.0,0.003194888178913738,0.9968051118210862,313,10300,7900,2400,0.7669902912621359,127,79,48,185.01088147307098,0.4561560477594823,0.8336546195566692,0.11043093947481589,2112770.8506872267,5277.11948725121,2118047.970174478,1741,1,751.1757188498402,97,216,53,38.29458647031246,0.5456269968051118,43.04846938775512,16444.897959183778,169.53503050704924,8
1743,64,0,3,309,0.0,0.009615384615384616,0.9903846153846154,312,8950,6300,2650,0.7039106145251397,116,63,53,186.4910645211112,0.4561212194602468,0.8337714334990425,0.11179349996039199,2115371.543160426,7549.578188330811,2122921.121348757,1742,2,754.4647435897435,102,210,55,38.09550734898846,0.5474425747863247,42.8903721682848,16455.016181229825,161.3236880512728,0
1744,64,5,0,314,0.01592356687898089,0.0,1.0,314,10050,7400,2650,0.736318407960199,127,74,53,167.85806476373838,0.4569372655555782,0.8194026971089516,0.10054081070438889,2114872.3306207694,-1850.3246719236386,2113022.0059488458,1743,0,750.1369426751593,102,212,60,38.6054287962235,0.5438561571125266,42.920711974110056,16453.074433657097,161.3046513103637,8
1745,64,0,3,311,0.0,0.009554140127388535,0.9904458598726115,314,9550,6700,2850,0.7015706806282722,124,67,57,167.12727218123686,0.4569012297945368,0.8178607337067718,0.10051903054235506,2117378.5877917674,-1575.6584894799225,2115802.9293022873,1744,1,751.1369426751593,103,211,58,38.46938841730917,0.5450504246284501,42.76842948717951,16462.820512820657,159.83320886233648,0
1746,64,1,2,310,0.003205128205128205,0.00641025641025641,0.9935897435897436,312,9550,6100,3450,0.6387434554973822,130,61,69,166.4601933729179,0.45683790742572894,0.8156078670784523,0.10072252378666482,2121007.7662722096,-1337.327416172754,2119670.438856037,1745,0,754.8237179487179,90,222,56,38.262527233115414,0.5473090277777778,42.54807692307695,16476.923076923238,183.07692307692486,0
1747,64,2,0,312,0.00641025641025641,0.0,1.0,312,9550,6400,3150,0.6701570680628273,127,64,63,176.36388232934044,0.4570174014758018,0.8358020896289662,0.10349111123650136,2102389.0432098685,2207.098765431707,2104596.1419753004,1746,0,755.4679487179487,74,238,59,39.16000632168337,0.5368255876068376,43.68055555555554,16404.44444444438,221.6816816816808,8
1748,64,4,5,311,0.012658227848101266,0.015822784810126583,0.9841772151898734,316,9950,7000,2950,0.7035175879396985,129,70,59,169.42777469250146,0.4579593212109035,0.8298462280965835,0.10040585574059041,2108407.2471606405,-1705.450393605568,2106701.796767035,1747,0,746.8924050632911,85,231,50,38.964978922864006,0.5388647151898734,43.313953488372114,16427.906976744292,193.2694938440505,0
1749,64,1,1,311,0.003205128205128205,0.003205128205128205,0.9967948717948718,312,10150,7500,2650,0.7389162561576355,128,75,53,169.64099250789624,0.45723146315991975,0.8280150896301335,0.10089174817574921,2110578.512396703,-941.8732782365851,2109636.6391184665,1748,0,756.2275641025641,87,225,53,38.82512905604721,0.5401976495726496,43.181818181818194,16436.363636363705,188.92371995820352,0
1750,64,1,0,312,0.003205128205128205,0.0,1.0,312,9150,6200,2950,0.6775956284153005,121,62,59,174.3510114796566,0.45763747183059883,0.8321413085087288,0.10448636626203647,2115199.7061082222,2207.4416482882034,2117407.1477565104,1749,0,756.0288461538462,91,221,58,38.41826492564701,0.5419003739316239,42.900815217391305,16454.347826086952,180.8170090778786,0
1751,64,0,1,311,0.0,0.003205128205128205,0.9967948717948718,312,9000,6400,2600,0.7111111111111111,116,64,52,175.8184045402368,0.45761836301426334,0.8331326114450563,0.10566672598771046,2116923.857340723,3038.835026161936,2119962.6923668846,1750,1,757.0288461538462,94,218,59,38.27393386480232,0.5433360042735043,42.79605263157895,16461.05263157897,175.1175811870103,0
1752,64,0,0,311,0.0,0.0,1.0,311,10750,8100,2650,0.7534883720930232,134,81,53,171.66003646164282,0.4572705977941431,0.8291516231636693,0.1037929379810099,2120567.70034332,-146.65424793760667,2120421.0460953824,1751,2,760.2926045016077,77,234,57,38.15582416822297,0.5456524651661308,42.57478632478629,16475.213675213505,213.96381396381176,0
1753,64,2,1,312,0.006389776357827476,0.003194888178913738,0.9968051118210862,313,8250,5900,2350,0.7151515151515152,106,59,47,209.99746723199084,0.4573554108298517,0.8544585935885616,0.12855158466556366,2127976.31349991,18523.92723292882,2146500.240732839,1752,0,756.4281150159744,83,230,47,36.7101967620421,0.5467585197018104,42.12549603174599,16503.96825396804,198.84299101166312,8
1754,64,0,2,310,0.0,0.00641025641025641,0.9935897435897436,312,8350,5900,2450,0.7065868263473054,108,59,49,213.05408101410018,0.4571397837826696,0.8569570080731466,0.13108372273524485,2130993.0686601605,20053.353978160558,2151046.4226383213,1753,1,759.8525641025641,82,230,52,36.4447565087702,0.5481103098290598,41.942771084337316,16515.662650602233,201.41052012929552,0
1755,64,1,0,311,0.003215434083601286,0.0,1.0,311,10650,8300,2350,0.7793427230046949,130,83,47,211.89535570750016,0.45664004425543686,0.8561679906402329,0.13125218366829453,2135000.0361313187,17629.318418313174,2152629.354549632,1754,0,763.2636655948553,92,219,52,36.22701747539134,0.5502746516613076,41.70026881720427,16531.18279569872,179.68676951846436,0
1756,64,0,0,311,0.0,0.0,1.0,311,8900,7100,1800,0.797752808988764,107,71,36,208.1869461902031,0.4565773778653666,0.8539750867347533,0.12943122739945626,2137184.995383899,17886.803526499567,2155071.798910399,1755,1,764.2636655948553,73,238,53,36.18791646240721,0.5516144158628081,41.568130630630634,16539.639639639656,226.57040602246104,0
1757,64,0,1,310,0.0,0.003215434083601286,0.9967845659163987,311,9350,6800,2550,0.7272727272727273,119,68,51,221.30111303016207,0.4565756491373647,0.8577148497439051,0.13493585680485076,2125607.3289140332,22529.853550748296,2148137.1824647817,1756,2,765.2636655948553,82,229,46,36.56546227762624,0.5448486066452305,42.26907630522086,16494.779116465732,201.15584288372844,8
1758,64,0,1,309,0.0,0.0032258064516129032,0.9967741935483871,310,10550,6700,3850,0.6350710900473934,144,67,77,224.82833000985573,0.4562528273654174,0.858499415940337,0.13773612708794816,2128435.06407714,23156.50019817606,2151591.564275316,1757,3,766.7161290322581,86,224,49,36.29932683379755,0.5471102150537634,42.09770114942526,16505.747126436647,191.927292167868,0
1759,64,1,0,310,0.0032258064516129032,0.0,1.0,310,9400,7100,2300,0.7553191489361702,117,71,46,220.12887245848586,0.45611559139784946,0.8555223411618353,0.1354104489123161,2130878.167828432,22413.56168609457,2153291.729514526,1758,0,767.6677419354838,91,219,54,36.26929672531554,0.548622311827957,41.94972826086954,16515.217391304206,181.48590539894732,0
1760,64,0,0,310,0.0,0.0,1.0,310,9100,6200,2900,0.6813186813186813,120,62,58,222.2909244966774,0.45631937919755017,0.8587966219022583,0.13731120203532707,2133357.5398621582,23745.203963582364,2157102.7438257406,1759,1,768.6677419354838,93,217,55,36.060085836909835,0.5504704301075269,41.79964539007089,16524.82269503529,177.68626553801388,0
1761,64,0,2,308,0.0,0.0064516129032258064,0.9935483870967742,310,10450,7800,2650,0.7464114832535885,131,78,53,221.20310388366093,0.4563909332915754,0.858150645973836,0.1376451916015889,2137708.875868064,22123.567708333772,2159832.443576398,1760,2,769.6677419354838,71,239,48,35.819164567590285,0.5522513440860215,41.53645833333335,16541.666666666733,232.98122065727793,0
1762,64,1,1,308,0.003236245954692557,0.003236245954692557,0.9967637540453075,309,10150,7500,2650,0.7389162561576355,128,75,53,199.1725341088021,0.45616620434581595,0.8475504337699518,0.12427262110475466,2139310.7661717557,13268.389308934782,2152579.1554806903,1761,0,771.9967637540453,77,232,54,36.289824475319804,0.5540722761596548,41.43963675213677,16547.86324786334,214.9073149073161,8
1763,64,0,2,306,0.0,0.006493506493506494,0.9935064935064936,308,8750,6900,1850,0.7885714285714286,106,69,37,207.5274477369834,0.4560804796452191,0.8527530344418397,0.1272847398787883,2129128.002975747,18020.500072578878,2147148.503048326,1762,1,773.1071428571429,82,226,46,36.702671142898815,0.5472470238095238,42.05572289156625,16508.433734939666,201.32236262121543,8
1764,64,2,1,307,0.006493506493506494,0.003246753246753247,0.9967532467532467,308,8850,6000,2850,0.6779661016949152,117,60,57,202.92666444205983,0.456171915760678,0.8540264587626636,0.12517809736242344,2132542.730034728,16099.956597222452,2148642.6866319505,1763,0,772.6396103896104,79,229,51,36.610385352567334,0.5505952380952381,41.84895833333334,16521.666666666715,209.13502109704703,8
1765,64,1,0,308,0.003246753246753247,0.0,1.0,308,8200,6100,2100,0.7439024390243902,103,61,42,217.96782386703737,0.45605712487837896,0.8533502637542549,0.13331792025448816,2127470.8522846275,22944.03840260576,2150414.8906872333,1764,0,773.6298701298701,82,226,46,36.535957653930375,0.5451501623376623,42.15612449799195,16502.00803212841,201.2440003918099,8
1766,64,2,0,310,0.0064516129032258064,0.0,1.0,310,9500,6600,2900,0.6947368421052632,124,66,58,218.89854842677897,0.4565536155478999,0.8556502587788883,0.13515001161793888,2133068.6256858585,21885.125171467073,2154953.7508573257,1765,0,769.6322580645161,89,221,50,36.16554407435631,0.5475470430107527,41.81712962962961,16523.703703703606,185.65959217644502,0
1767,64,2,0,312,0.00641025641025641,0.0,1.0,312,10100,7900,2200,0.7821782178217822,123,79,44,214.7633578133865,0.4567393574628302,0.8543583690724426,0.1333060275976343,2136235.4342201483,19257.01898661147,2155492.45320676,1766,0,765.6923076923077,75,237,50,36.07661176241756,0.5493456196581197,41.62554824561404,16535.964912280728,220.47953216374304,0
1768,64,1,1,312,0.003194888178913738,0.003194888178913738,0.9968051118210862,313,9350,6200,3150,0.6631016042780749,125,62,63,220.86009077549397,0.45697226318232703,0.8617465919864877,0.1337838314214091,2121658.9064552383,21767.955734867606,2143426.862190106,1767,0,764.2428115015974,72,241,52,36.82160339891013,0.5435636315228967,42.508561643835606,16479.45205479447,228.8812785388121,8
1769,64,2,2,312,0.006369426751592357,0.006369426751592357,0.9936305732484076,314,9900,7200,2700,0.7272727272727273,126,72,54,199.34863598823372,0.4570332902600001,0.8517554207254949,0.11737987881168836,2104483.22477883,11205.172063955864,2115688.396842786,1768,0,762.7356687898089,73,241,55,38.44069052585358,0.5359938959660298,43.552927927927925,16412.612612612593,224.83030976181635,8
1770,64,3,2,313,0.009523809523809525,0.006349206349206349,0.9936507936507937,315,8950,6800,2150,0.7597765363128491,111,68,43,190.50579290345553,0.4571217942237051,0.8445152084395362,0.11305996534453203,2109284.7746407497,8416.193690425112,2117700.968331175,1769,0,756.8857142857142,82,233,49,38.36950677029867,0.537797619047619,43.260542168674725,16431.32530120496,200.3820158683532,0
1771,64,1,2,312,0.0031847133757961785,0.006369426751592357,0.9936305732484076,314,10050,6800,3250,0.6766169154228856,133,68,65,188.76454448250763,0.45711723238572,0.8433775515442774,0.11261193772338224,2112450.4017463406,6901.147565507516,2119351.549311848,1770,0,758.5509554140127,83,231,53,38.21799033093623,0.5395766985138004,43.06795634920634,16443.650793650744,198.11627462229814,0
1772,64,4,2,314,0.012658227848101266,0.006329113924050633,0.9936708860759493,316,9650,6900,2750,0.7150259067357513,124,69,55,178.9060397751618,0.4577100495613154,0.8390363432900878,0.10623109891187343,2109601.304759331,2634.0829878013474,2112235.387747132,1771,0,754.6487341772151,85,231,47,38.64771047583102,0.5346123417721519,43.241279069767444,16432.558139534896,193.3242134062929,8
1773,64,3,0,317,0.00946372239747634,0.0,1.0,317,8650,5800,2850,0.6705202312138728,115,58,57,173.83516504748653,0.45791738210278327,0.8353548732501161,0.10380549581453179,2113034.996570642,1413.957475994398,2114448.9540466364,1772,0,752.4921135646688,89,228,52,38.56540702038858,0.536540483701367,43.032407407407405,16445.925925925905,184.78568456096522,0
1774,64,3,0,320,0.009375,0.0,1.0,320,9550,7000,2550,0.7329842931937173,121,70,51,170.10128093932596,0.4584143563871473,0.8327168580375779,0.10220586248110568,2116776.8596261367,-1536.708942973819,2115240.1506831627,1773,0,746.428125,96,224,57,38.430062630480194,0.5403971354166667,42.80498281786943,16460.481099656437,171.46334478808788,8
1775,64,0,2,318,0.0,0.00625,0.99375,320,10800,7800,3000,0.7222222222222222,138,78,60,189.5712525514347,0.45851538009404386,0.8484043637846661,0.10860483907853215,2087605.5555555525,4349.999999999879,2091955.5555555522,1774,1,747.428125,79,241,51,39.7413675910821,0.5238932291666667,44.58333333333333,16346.66666666664,206.91983122362836,8
1776,64,5,5,318,0.015479876160990712,0.015479876160990712,0.9845201238390093,323,10800,7900,2900,0.7314814814814815,137,79,58,187.78953717035463,0.4604185495708581,0.849156570932545,0.10890773945366687,2095167.243764758,3290.0974002138173,2098457.3411649717,1775,0,741.4582043343653,86,237,49,39.31603185001481,0.526670536635707,44.12116858237546,16376.245210727862,190.42145593869608,0
1777,64,5,3,320,0.015479876160990712,0.009287925696594427,0.9907120743034056,323,10250,7800,2450,0.7609756097560976,127,78,49,183.98412051432166,0.46024508201449915,0.8468912170801672,0.10754118107520828,2099991.4165897104,2423.014773775918,2102414.431363486,1776,0,737.5820433436533,94,229,52,39.113573456605096,0.5294440144478845,43.8267543859649,16395.087719298168,174.41582680104435,0
1778,64,4,2,322,0.012345679012345678,0.006172839506172839,0.9938271604938271,324,9450,6700,2750,0.708994708994709,122,67,55,186.4471705579736,0.46060534756462684,0.8490262693771462,0.1101131158268675,2106314.7767108735,4293.286084438719,2110608.062795312,1777,0,736.2222222222222,80,244,56,38.65789473684212,0.5317965534979423,43.44135802469137,16419.7530864198,205.2469135802475,0
1779,64,5,4,323,0.01529051987767584,0.012232415902140673,0.9877675840978594,327,9550,6700,2850,0.7015706806282722,124,67,57,181.398924662455,0.46183545649550045,0.8468307654928855,0.10835620996181082,2113225.347222233,1717.3611111116738,2114942.7083333447,1778,0,729.3639143730887,89,238,54,38.35925888393462,0.5346266564729867,43.02083333333335,16446.666666666755,184.7940074906377,0
1780,64,1,2,322,0.0030864197530864196,0.006172839506172839,0.9938271604938271,324,9500,6000,3500,0.631578947368421,130,60,70,189.6894522302453,0.46130050867000466,0.850706305435224,0.111147455957923,2101490.617216593,5426.120809362826,2106916.738025956,1779,0,737.0802469135803,70,254,54,38.874258124844964,0.5247235082304527,43.73532863849764,16400.938967136084,234.29912810194406,8
1781,64,1,0,323,0.0030959752321981426,0.0,1.0,323,10150,6900,3250,0.6798029556650246,134,69,65,212.6223284379843,0.46122339095821396,0.8651243216624538,0.12415124349162482,2099352.2805212564,14523.834019204074,2113876.1145404605,1780,0,740.046439628483,89,234,48,38.41975448109655,0.5247355521155831,43.86574074074073,16392.59259259255,184.1864336246354,8
1782,64,3,2,324,0.009202453987730062,0.006134969325153374,0.9938650306748467,326,10400,7500,2900,0.7211538461538461,133,75,58,207.47673589075862,0.4622109485606418,0.8628719021861602,0.12188432816905222,2103072.6172839487,11667.728395061624,2114740.3456790103,1781,0,734.2269938650306,74,252,48,38.31999223462274,0.5269043967280164,43.638888888888886,16407.1111111111,221.71771771771756,0
1783,64,3,7,320,0.009174311926605505,0.021406727828746176,0.9785932721712538,327,9550,6600,2950,0.6910994764397905,125,66,59,207.9936495840602,0.4619089385439923,0.8585643601791138,0.12406105407691305,2112340.6031544814,12920.686242939246,2125261.289397421,1782,0,732.8929663608562,90,237,44,37.73074923888026,0.5357734454638124,43.07463369963371,16443.22344322348,182.7024827024831,8
1784,64,4,2,322,0.012345679012345678,0.006172839506172839,0.9938271604938271,324,9050,6400,2650,0.7071823204419889,117,64,53,206.51258531025812,0.46089678967753445,0.8577933927607124,0.12392357233319218,2115996.526991853,13545.982659323121,2129542.509651176,1783,0,740.5771604938271,93,231,50,37.54197191697192,0.5379050925925926,42.85239361702128,16457.44680851065,176.96179363989944,0
1785,64,2,0,324,0.006172839506172839,0.0,1.0,324,9400,6700,2700,0.7127659574468085,121,67,54,205.1041661679013,0.46104410331384016,0.8584778615230846,0.12365778883737587,2118831.6695073447,12716.240564889204,2131547.910072234,1784,0,739.8055555555555,73,251,51,37.40244347191833,0.5393840020576132,42.68018018018018,16468.468468468465,225.59545847217075,0
1786,64,2,2,324,0.006134969325153374,0.006134969325153374,0.9938650306748467,326,8550,5800,2750,0.6783625730994152,113,58,55,199.14074477020296,0.4613164621676891,0.8547607652032658,0.12068271495386224,2121933.768342048,10762.694196135784,2132696.4625381837,1785,0,736.260736196319,76,250,53,37.363847298835466,0.5408678425357873,42.491883116883116,16480.519480519484,216.8489405331511,0
1787,64,2,2,324,0.006134969325153374,0.006134969325153374,0.9938650306748467,326,10850,7600,3250,0.7004608294930875,141,76,65,194.85238689060088,0.4613357322636464,0.8521486131433087,0.11901465593576574,2126642.5188706457,6826.274172996387,2133468.793043642,1786,0,737.1993865030674,82,244,48,37.18315401716888,0.5434240797546013,42.20632530120479,16498.795180722755,201.20481927710676,0
1788,64,3,3,324,0.009174311926605505,0.009174311926605505,0.9908256880733946,327,9950,6900,3050,0.6934673366834171,130,69,61,195.26869311363515,0.46142114281783336,0.8557409437485455,0.1156756049954352,2108175.528316319,6982.136053694498,2115157.6643700134,1787,0,735.7278287461774,78,249,47,38.31605962532964,0.5322693679918451,43.32805907172994,16427.004219409187,210.60261819755368,7
1789,64,2,2,324,0.006134969325153374,0.006134969325153374,0.9938650306748467,326,10900,7700,3200,0.7064220183486238,141,77,64,197.29286735401527,0.4615115227308479,0.8571610154660669,0.11782146071332689,2113077.2959745205,7279.015732696193,2120356.311707217,1788,0,738.8098159509202,80,246,49,37.95999733093115,0.5342855316973415,43.02983539094649,16446.09053497935,205.57613168724188,0
1790,64,1,1,324,0.003076923076923077,0.003076923076923077,0.9969230769230769,325,9900,6900,3000,0.696969696969697,129,69,60,183.3720865690248,0.46118233618233617,0.84478507305052,0.10594077449849758,2092812.7936988815,1852.6897557823995,2094665.483454664,1789,0,742.0,88,237,50,39.5755148741419,0.5275961538461538,44.26498127340823,16367.041198501825,185.98910452842983,8
1791,64,3,2,325,0.009174311926605505,0.0061162079510703364,0.9938837920489296,327,9300,6400,2900,0.6881720430107527,122,64,58,176.3323810694044,0.4617295329043232,0.8410336414862101,0.09987068264039292,2080481.2622070138,-1328.7570529520217,2079152.5051540618,1790,0,734.7798165137615,95,232,55,40.52339993191202,0.5180937818552498,45.01953124999998,16318.749999999862,171.77631578947222,8
1792,64,3,1,327,0.009146341463414634,0.003048780487804878,0.9969512195121951,328,10350,7700,2650,0.7439613526570048,130,77,53,173.69682620729344,0.4623443754506353,0.839793158388592,0.09931027574562365,2086355.6020670005,-3471.3307162301735,2082884.2713507703,1791,0,733.3628048780488,78,250,56,40.2246320681642,0.5203252032520325,44.659810126582315,16341.772151898926,209.50989938331955,0
1793,64,5,4,328,0.015060240963855422,0.012048192771084338,0.9879518072289156,332,10300,6600,3700,0.6407766990291263,140,66,74,168.3772352681717,0.46344896201118674,0.8362232502555351,0.0972002136654747,2092320.553339667,-6240.169986778328,2086080.3833528885,1792,0,725.4969879518072,85,247,55,39.989569024047555,0.5226531124497992,44.29505813953492,16365.116279069956,192.5307797537642,0
1794,64,0,3,325,0.0,0.009146341463414634,0.9908536585365854,328,9550,6900,2650,0.7225130890052356,122,69,53,179.94507101937856,0.46310365698267075,0.8441928377339707,0.10222295638090201,2082352.463374277,-208.18761814808295,2082144.275756129,1793,1,733.9939024390244,91,237,58,40.314580559254324,0.5154662093495934,44.90489130434781,16326.086956521629,179.40754897276514,8
1795,64,5,1,329,0.015151515151515152,0.0030303030303030303,0.996969696969697,330,9000,6300,2700,0.7,117,63,54,174.40869555680743,0.4638982914248872,0.8394814069606256,0.0996788140825836,2086115.8908420168,-2232.6497395831557,2083883.2411024335,1794,0,730.4090909090909,79,251,62,40.22138006357624,0.517645202020202,44.67447916666667,16340.833333333358,206.84599156118173,0
1796,64,1,2,328,0.0030303030303030303,0.006060606060606061,0.9939393939393939,330,10600,7800,2800,0.7358490566037735,134,78,56,171.72197374261756,0.46421452365601307,0.8359307728157057,0.09654682370444223,2075879.9950870473,-5305.157998167284,2070574.8370888801,1795,0,730.6272727272727,95,235,49,40.92791895653165,0.5142992424242424,45.30164930555556,16300.694444444449,171.58625730994157,8
1797,64,0,1,327,0.0,0.003048780487804878,0.9969512195121951,328,9150,6300,2850,0.6885245901639344,120,63,57,170.5354578391577,0.4636578217846399,0.8353623849015024,0.09624202021357982,2078242.0237420334,-3867.208996115205,2074374.8147459181,1796,1,736.0487804878048,96,232,53,40.810806539968794,0.5156885162601625,45.15678694158074,16309.96563573875,169.89547537227864,0
1798,64,3,1,329,0.00909090909090909,0.0030303030303030303,0.996969696969697,330,9250,6400,2850,0.6918918918918919,121,64,57,168.21456602738212,0.4640617804181634,0.8355251267831818,0.09566365816212334,2083033.9325953638,-5170.670201632037,2077863.2623937319,1797,0,732.5030303030303,101,229,56,40.571380205206175,0.5175820707070706,44.863153594771234,16328.758169934597,161.67087296964948,0
1799,64,4,3,330,0.012012012012012012,0.009009009009009009,0.990990990990991,333,9850,6500,3350,0.6598984771573604,132,65,67,167.94878443835216,0.46456283090319234,0.8370646930897341,0.09621124741786205,2087565.9562601214,-6329.167042245976,2081236.7892178753,1798,0,726.8618618618618,85,248,56,40.29610463002483,0.5195508008008007,44.58575581395346,16346.511627906824,192.31190150478616,0
1800,64,1,4,327,0.0030211480362537764,0.012084592145015106,0.9879154078549849,331,9400,6500,2900,0.6914893617021277,123,65,58,190.6870901132676,0.4644534468552595,0.8539053839302855,0.11087949243612322,2096787.4097867946,4366.057951676084,2101153.4677384705,1799,0,731.9425981873112,87,244,52,39.14108863198459,0.5284806143001006,44.022253787878796,16382.575757575807,188.30546847788284,8
1801,64,2,1,328,0.0060790273556231,0.00303951367781155,0.9969604863221885,329,10950,8200,2750,0.7488584474885844,137,82,55,196.6422103245418,0.4638057707514765,0.8581807398621091,0.11517615176151767,2101250.0000000056,5888.8888888891415,2107138.8888888946,1800,0,737.3738601823708,91,238,52,38.71104336043361,0.530363475177305,43.75000000000001,16400.000000000044,180.2197802197807,0
1802,64,4,0,332,0.012048192771084338,0.0,1.0,332,9500,7300,2200,0.7684210526315789,117,73,44,191.38072005929692,0.46446131959863624,0.8536072744927066,0.112970366792284,2106010.0767327184,4709.944987448485,2110720.021720167,1801,0,731.6716867469879,78,254,57,38.55023300438593,0.5325050200803213,43.459915611814345,16418.565400843887,210.49442821594727,0
1803,64,3,7,328,0.008955223880597015,0.020895522388059702,0.9791044776119403,335,11150,8000,3150,0.7174887892376681,143,80,63,185.9479134684702,0.4648795692197694,0.8496432573132071,0.11023200364020466,2108606.2332867775,268.18588125789756,2108874.4191680355,1802,0,726.110447761194,85,250,47,38.52859238113218,0.5345771144278607,43.30184108527134,16428.68217054276,193.2786137710913,0
1804,64,0,1,327,0.0,0.003048780487804878,0.9969512195121951,328,10300,7300,3000,0.7087378640776699,133,73,60,195.04026749770023,0.46383865859874196,0.854886060084159,0.11556443622429104,2108302.783203125,6340.787760416756,2114643.570963542,1803,1,741.859756097561,79,249,48,38.314025008877394,0.5349657012195121,43.3203125,16427.5,207.94303797468353,8
1805,64,2,1,328,0.0060790273556231,0.00303951367781155,0.9969604863221885,329,10450,7500,2950,0.7177033492822966,134,75,59,195.9649885013577,0.46412779239874463,0.8540194919156052,0.11718501226466514,2113887.315089825,6599.58067894905,2120486.895768774,1804,0,740.5714285714286,87,242,51,37.94390649227039,0.537613981762918,42.98058712121213,16449.242424242475,189.07175200278706,0
1806,64,1,3,326,0.00303951367781155,0.00911854103343465,0.9908814589665653,329,9350,6100,3250,0.6524064171122995,126,61,65,200.71836944185387,0.4637513282427657,0.8578661886501113,0.12068912736589994,2117211.8463227246,9842.661911375159,2127054.5082341,1805,0,741.5623100303951,88,241,51,37.615651211114645,0.5391020770010131,42.77855805243447,16462.17228464427,187.07013959823036,0
1807,64,0,2,324,0.0,0.006134969325153374,0.9938650306748467,326,9950,6800,3150,0.6834170854271356,131,68,63,191.6183633019367,0.46320847097687584,0.8532861212196035,0.11439136001093181,2112858.250070869,5822.487953515226,2118680.7380243842,1806,1,749.2638036809816,83,243,52,38.11938974952947,0.5365861451942741,43.04315476190477,16445.238095238154,198.13539873780908,8
1808,64,0,1,323,0.0,0.0030864197530864196,0.9969135802469136,324,11000,7700,3300,0.7,143,77,66,192.69271933777654,0.4625345589827874,0.8532639172066909,0.11554403956633086,2115543.834102283,5729.978854287602,2121273.8129565706,1807,2,754.8765432098766,84,240,53,37.92538487202714,0.5378086419753086,42.87990196078434,16455.68627450992,195.90102707749907,0
1809,64,2,1,324,0.006153846153846154,0.003076923076923077,0.9969230769230769,325,9400,6700,2700,0.7127659574468085,121,67,54,188.58754171362693,0.4626665875276987,0.8506292067627752,0.11382540246727034,2119496.67806441,5542.1336372733385,2125038.8117016833,1808,0,752.1969230769231,75,250,54,37.786309935914545,0.5396794871794872,42.63980263157896,16471.052631578994,219.6140350877199,0
1810,64,2,1,325,0.006134969325153374,0.003067484662576687,0.9969325153374233,326,9400,7400,2000,0.7872340425531915,114,74,40,184.66543481477134,0.4628641654868649,0.8488873828763381,0.11227169565117458,2123869.3077014503,3841.049839287536,2127710.357540738,1809,0,750.8527607361963,77,249,48,37.617012682943674,0.5414749488752556,42.37446581196583,16488.034188034275,214.13031413031527,0
1811,64,0,0,325,0.0,0.0,1.0,325,10050,7500,2550,0.746268656716418,126,75,51,182.5065437986304,0.46242679645457424,0.8463749424228473,0.11123574019843527,2125361.987501904,2528.494131991991,2127890.481633896,1810,1,754.0523076923076,80,245,49,37.58046407185631,0.5432371794871795,42.28395061728395,16493.827160493816,206.1728395061727,0
1812,64,1,2,324,0.003067484662576687,0.006134969325153374,0.9938650306748467,326,9800,7200,2600,0.7346938775510204,124,72,52,180.42977204115624,0.4623550810130565,0.8450895609965874,0.11035813237825376,2127470.8522846336,1771.8161803840067,2129242.6684650173,1811,0,752.7361963190184,82,244,53,37.50385333008849,0.5445743865030674,42.15612449799196,16502.008032128462,201.24400039181052,0
1813,64,0,3,321,0.0,0.009259259259259259,0.9907407407407407,324,9500,6700,2800,0.7052631578947368,123,67,56,179.89052997106685,0.4621242705984278,0.8426685290147515,0.11054918908379531,2130290.8304498196,2343.82929642413,2132634.6597462436,1812,1,758.3395061728395,84,240,56,37.34385389949659,0.5458140432098766,41.98529411764705,16512.941176470533,196.58263305322063,0
1814,64,3,0,324,0.009259259259259259,0.0,1.0,324,10800,7800,3000,0.7222222222222222,138,78,60,175.94867857034987,0.4624999203710074,0.8382095593689864,0.10872252510241784,2133561.869036614,-520.5216989848714,2133041.347337629,1813,0,758.9351851851852,94,230,62,37.24406202669608,0.5481610082304527,41.78728070175437,16525.61403508762,175.8044046285917,0
1815,64,0,0,324,0.0,0.0,1.0,324,10500,7200,3300,0.6857142857142857,138,72,66,178.21429229185998,0.4624885732395622,0.8412916976553213,0.11046046680276256,2135381.597257635,811.1040256657798,2136192.7012833008,1814,1,759.9351851851852,98,226,59,37.073506849687,0.549607767489712,41.67718855218853,16532.65993265982,168.70061155775326,0
1816,64,0,1,323,0.0,0.0030864197530864196,0.9969135802469136,324,9750,7000,2750,0.717948717948718,125,70,55,183.2801673507648,0.46238585183911124,0.8445847438918765,0.11224000020585695,2128208.5770595637,3461.6848321616053,2131670.2618917255,1815,2,760.9351851851852,88,236,52,37.38483706998278,0.5467142489711934,42.11142322097377,16504.868913857594,187.55532856656356,8
1817,64,1,0,324,0.0030864197530864196,0.0,1.0,324,10700,8100,2600,0.7570093457943925,133,81,52,182.0702934294825,0.4622431168698799,0.8435886179322334,0.11212900488600568,2131569.1135733943,2119.0827947054495,2133688.1963680997,1816,0,761.533950617284,94,230,55,37.208804203132516,0.5490612139917695,41.90789473684209,16517.894736842005,175.7222844344894,0
1818,64,3,2,325,0.009174311926605505,0.0061162079510703364,0.9938837920489296,327,10600,8600,2000,0.8113207547169812,126,86,40,170.6620625539556,0.4628321544936618,0.8330789701539845,0.1031275817302014,2120206.251771518,-3632.245606577115,2116574.006164941,1817,0,755.5382262996942,83,244,56,38.20382882882883,0.5454892966360856,42.596726190476154,16473.809523809334,198.47963281697992,8
1819,64,3,2,326,0.009146341463414634,0.006097560975609756,0.9939024390243902,328,9850,7300,2550,0.7411167512690355,124,73,51,164.5696229526422,0.4632151503567788,0.8269416381338859,0.09995439204597252,2123271.683673454,-5564.795918368164,2117706.8877550857,1818,0,754.1463414634146,90,238,60,38.17157712305023,0.5470973069105691,42.41071428571426,16485.714285714166,183.17460317460186,0
1820,64,3,1,328,0.00911854103343465,0.00303951367781155,0.9969604863221885,329,9050,6100,2950,0.6740331491712708,120,61,59,161.65528328822734,0.46335401376430174,0.8260209868844266,0.09907388154001152,2128672.2222221973,-6027.777777778923,2122644.4444444184,1819,0,752.7568389057751,94,235,58,37.91397415185781,0.5494237588652482,42.0833333333333,16506.66666666647,175.60283687943055,0
1821,64,1,0,329,0.00303951367781155,0.0,1.0,329,9900,6900,3000,0.696969696969697,129,69,60,160.478074236177,0.4631802610769269,0.8251058252697949,0.09871393956965621,2130861.168503186,-7308.700642792556,2123552.4678603937,1820,0,753.7507598784194,98,231,61,37.80963302752293,0.5511334853090173,41.95075757575754,16515.151515151298,168.52195423623772,0
1822,64,2,1,330,0.006042296072507553,0.0030211480362537764,0.9969788519637462,331,10850,8000,2850,0.7373271889400922,137,80,57,156.78738008096303,0.46342808752174314,0.8226197456296096,0.09707645229703518,2134750.8546354943,-10109.601275221994,2124641.2533602724,1821,0,750.190332326284,106,225,62,37.665765205482906,0.55337361530715,41.71534267912768,16530.21806853552,155.94545347675017,0
1823,64,2,0,332,0.006024096385542169,0.0,1.0,332,9650,7400,2250,0.7668393782383419,119,74,45,151.09395299960843,0.46347588238148973,0.8162976050341824,0.09423741066297706,2139079.735565891,-11409.597394398228,2127670.1381714926,1822,0,748.894578313253,87,245,67,37.54711870097362,0.5550953815261044,41.45359848484849,16546.969696969736,190.1950539881579,0
1824,64,2,0,334,0.005988023952095809,0.0,1.0,334,9600,6100,3500,0.6354166666666666,131,61,70,178.39345477794774,0.4640428227628826,0.8420567197991331,0.1074140767695804,2118047.455017933,-830.839423141213,2117216.6155947917,1823,0,745.4041916167664,106,228,56,38.13823614737457,0.5413236027944112,42.72780373831779,16465.42056074788,155.33415623347057,8
1825,64,1,1,334,0.0029850746268656717,0.0029850746268656717,0.9970149253731343,335,9550,7000,2550,0.7329842931937173,121,70,51,178.70961275017464,0.4640677600023833,0.8395651798809418,0.10810056995028104,2120819.1609977433,-747.845804988101,2120071.3151927553,1824,0,744.176119402985,90,245,52,37.95881502890174,0.5428793532338309,42.559523809523824,16476.190476190564,183.06878306878406,0
1826,64,2,1,335,0.005952380952380952,0.002976190476190476,0.9970238095238095,336,10050,7700,2350,0.7661691542288557,124,77,47,177.94387370215975,0.4640954453920872,0.8409277195159672,0.10834587313946904,2124759.541930738,-1632.411284643642,2123127.130646094,1825,0,742.9434523809524,93,243,42,37.73522950443672,0.5452628968253967,42.32047872340426,16491.48936170213,177.32784259894763,0
1827,64,0,1,334,0.0,0.0029850746268656717,0.9970149253731343,335,9700,6300,3400,0.6494845360824743,131,63,68,180.50226209173894,0.46384916733696785,0.8439007743341509,0.11042139656266886,2127573.3377322005,106.3600453469553,2127679.6977775474,1826,1,746.0865671641791,96,239,46,37.495661710604864,0.5467972636815921,42.149914089347085,16502.40549828183,171.90005727376908,0
1828,64,0,4,330,0.0,0.011976047904191617,0.9880239520958084,334,9750,7400,2350,0.7589743589743589,121,74,47,182.49701893863283,0.4636807466148784,0.8459886394611644,0.11196438729478374,2129297.520661176,1168.089990818,2130465.610651994,1827,2,749.314371257485,98,236,48,37.33786098874206,0.5481536926147705,42.04545454545457,16509.090909091057,168.4601113172557,0
1829,64,0,0,330,0.0,0.0,1.0,330,10100,7300,2800,0.7227722772277227,129,73,56,181.98951486178206,0.46301291793313065,0.8445633445956282,0.11221403751654249,2132284.5868055667,1510.6875000005812,2133795.274305567,1828,3,758.7515151515152,99,231,51,37.166789408552305,0.5500315656565656,41.86458333333335,16520.666666666755,166.87542087542178,0
1830,64,1,1,330,0.0030211480362537764,0.0030211480362537764,0.9969788519637462,331,10800,7500,3300,0.6944444444444444,141,75,66,183.49341660898554,0.46296881198693884,0.8461660300219522,0.11364370251592615,2134917.7431031917,1348.6701722302387,2136266.413275422,1829,0,757.4561933534743,107,224,51,36.965708239980124,0.5518315709969788,41.705246913580254,16530.864197530915,154.49405792084966,0
1831,64,1,1,330,0.0030211480362537764,0.0030211480362537764,0.9969788519637462,331,11050,8500,2550,0.7692307692307693,136,85,51,185.74010880900525,0.46282881686960237,0.8478780749211683,0.11591939565329407,2139452.834663949,2226.44046044309,2141679.275124392,1830,0,758.4320241691843,83,248,56,36.62838912602114,0.5535939073514602,41.431051587301575,16548.412698412627,199.37846624593527,0
1832,64,0,1,329,0.0,0.0030303030303030303,0.996969696969697,330,10600,7100,3500,0.6698113207547169,141,71,70,182.7388282061429,0.4628367642995303,0.8445012871865312,0.11456677641307358,2142139.8988623656,1690.4269943464387,2143830.325856712,1831,1,761.1121212121212,88,242,46,36.54070161946981,0.5553977272727273,41.268726591760284,16558.801498127254,188.16819884235517,0
1833,64,0,2,327,0.0,0.0060790273556231,0.993920972644377,329,10000,7400,2600,0.74,126,74,52,179.00908696495733,0.46254162342155336,0.8377493796739668,0.11102400442813153,2135760.586931521,664.1105284700661,2136424.697459991,1832,2,764.355623100304,83,246,56,37.02964247427963,0.5553128166160082,41.65426587301586,16534.1269841269,199.20634920634816,8
1834,64,1,0,328,0.003048780487804878,0.0,1.0,328,9700,6700,3000,0.6907216494845361,127,67,60,172.25717348633046,0.4623333038089555,0.8302436076334987,0.1074226895962486,2139001.3888888746,-1608.3333333340051,2137393.0555555406,1833,0,764.530487804878,89,239,57,37.00476766048886,0.557005843495935,41.458333333333314,16546.666666666555,185.91760299625344,0
1835,64,3,2,329,0.00906344410876133,0.006042296072507553,0.9939577039274925,331,9450,6600,2850,0.6984126984126984,123,66,57,175.9382194921136,0.46249008208978,0.8345756965140185,0.11049744162993173,2143176.37734686,-236.6728224076096,2142939.7045244523,1834,0,758.5921450151058,94,237,46,36.65296726266133,0.5590067975830816,41.20614035087717,16562.80701754373,176.20007465472054,0
1836,64,0,2,327,0.0,0.0060790273556231,0.993920972644377,329,10900,7700,3200,0.7064220183486238,141,77,64,176.69704640623155,0.46192229162033266,0.8363231884155835,0.11133267030100508,2145074.240602078,-894.3434727050253,2144179.8971293727,1835,1,764.2006079027356,95,234,51,36.5167445482866,0.5605053191489362,41.09157986111109,16570.13888888877,174.42251461988178,0
1837,64,3,1,329,0.00909090909090909,0.0030303030303030303,0.996969696969697,330,10100,6700,3400,0.6633663366336634,135,67,68,173.60797190420823,0.46217014368610115,0.8333159704638307,0.11029109074561544,2149903.0051519927,-1451.939896960409,2148451.0652550324,1836,0,761.8666666666667,100,230,56,36.30041713088229,0.5628472222222223,40.80033003300329,16588.77887788773,165.88778877887728,0
1838,64,0,1,328,0.0,0.00303951367781155,0.9969604863221885,329,10250,7300,2950,0.7121951219512195,132,73,59,173.05915449132198,0.4619400530061532,0.8329455977405944,0.11024243531415219,2151495.2412446365,-1582.810531620511,2149912.430713016,1837,1,765.0425531914893,104,225,55,36.21701674509953,0.5642413880445796,40.70436507936507,16594.92063492056,159.56654456654385,0
1839,64,0,2,326,0.0,0.006097560975609756,0.9939024390243902,328,8800,6100,2700,0.6931818181818182,115,61,54,190.9656311942975,0.46172378079858784,0.8476671695434181,0.11723760365638361,2129692.674160374,6939.621154180666,2136632.2953145546,1838,2,768.234756097561,90,238,51,37.09501782254364,0.5473513719512195,42.02152014652012,16510.622710622552,183.4513634513617,7
1840,64,2,1,327,0.006097560975609756,0.003048780487804878,0.9969512195121951,328,9250,7200,2050,0.7783783783783784,113,72,41,195.181397913858,0.4617968147858084,0.8500878997704351,0.12042323984496478,2132655.9556786623,8400.954139734931,2141056.9098183974,1839,0,767.109756097561,94,234,54,36.803343385434346,0.5490027947154472,41.84210526315788,16522.10526315783,175.7670772676365,0
1841,64,1,4,324,0.003048780487804878,0.012195121951219513,0.9878048780487805,328,9250,6700,2550,0.7243243243243244,118,67,51,203.67428841682514,0.4618142963253027,0.8570042168909515,0.12343746825842881,2121969.5507121086,11588.127656691258,2133557.6783688,1840,0,768.0274390243902,80,248,52,37.24488946597416,0.5460175304878049,42.48971193415636,16480.6584362139,206.00823045267376,8
1842,64,1,1,324,0.003076923076923077,0.003076923076923077,0.9969230769230769,325,9450,6400,3050,0.6772486772486772,125,64,61,204.5792620290458,0.46149216524216524,0.856543237299807,0.12450931184649969,2124498.476473915,12475.66609977272,2136974.1425736877,1841,0,775.9015384615385,83,242,47,37.065044758879544,0.5475,42.33630952380951,16490.47619047613,198.6804360298329,0
1843,64,1,0,325,0.003076923076923077,0.0,1.0,325,9700,6500,3200,0.6701030927835051,129,65,64,211.13197299910098,0.46150957581513136,0.8595668154371208,0.12624830222191263,2113856.5712527144,14560.54170514096,2128417.112957855,1842,0,772.3046153846154,94,231,45,37.5559940273038,0.5413461538461539,42.982456140350905,16449.12280701771,174.99066815976286,8
1844,64,1,2,324,0.003067484662576687,0.006134969325153374,0.9938650306748467,326,10100,6800,3300,0.6732673267326733,134,68,66,187.43306516835094,0.4617594777410728,0.8431284550966118,0.11519697225738455,2130356.177812737,4559.837661554733,2134916.0154742915,1843,0,770.9325153374233,95,231,46,37.14521391423808,0.5518916155419222,41.98133680555555,16513.194444444413,173.82309941520435,7
1845,64,1,0,325,0.003076923076923077,0.0,1.0,325,11000,8100,2900,0.7363636363636363,139,81,58,184.74246280634244,0.46116571699905035,0.84143417589512,0.11401038840120477,2132800.8888888843,2803.777777777752,2135604.6666666623,1844,0,774.0861538461538,99,226,52,37.06389875188296,0.5540705128205128,41.83333333333333,16522.66666666663,166.89562289562255,0
1846,64,0,2,323,0.0,0.006153846153846154,0.9938461538461538,325,10500,7200,3300,0.6857142857142857,138,72,66,184.8732223333429,0.46116373852484965,0.8419662859341774,0.11446160346482415,2134727.644359185,3430.795683350154,2138158.440042535,1845,1,775.0861538461538,103,222,49,36.94178106539475,0.5556089743589744,41.7167467948718,16530.128205128247,160.48668160318687,0
1847,64,2,1,324,0.006153846153846154,0.003076923076923077,0.9969230769230769,325,9850,6800,3050,0.6903553299492385,129,68,61,186.3402503626066,0.46118668882557773,0.8440475109866385,0.11613259190760089,2138632.059594665,4852.64668367306,2143484.706278338,1846,0,775.9415384615385,83,242,55,36.66339881038037,0.557275641025641,41.48065476190475,16545.238095238048,199.34021801491625,0
1848,64,0,1,323,0.0,0.0030864197530864196,0.9969135802469136,324,10200,7200,3000,0.7058823529411765,132,72,60,182.23739229614716,0.4609125164035725,0.8400084586373802,0.1139477317042349,2140564.949710049,3018.1948951383556,2143583.1446051877,1847,1,779.2469135802469,85,239,55,36.650538956274694,0.5587705761316872,41.36385658914728,16552.71317829454,194.73780209758283,0
1849,64,1,0,324,0.0030864197530864196,0.0,1.0,324,9600,7300,2300,0.7604166666666666,119,73,46,179.09790863873815,0.4606565091923709,0.8364826778624177,0.11249356685231135,2143237.5723652956,2369.873385317561,2145607.445750613,1848,0,780.074074074074,91,233,51,36.56743557772237,0.5606995884773662,41.20244565217389,16563.04347826074,182.01146679407407,0
1850,64,0,3,321,0.0,0.009259259259259259,0.9907407407407407,324,8550,6200,2350,0.7251461988304093,109,62,47,184.999920627093,0.4605842458815885,0.8410722557344625,0.11662007810165907,2145356.2480763164,6028.147122190916,2151384.3951985072,1849,1,781.074074074074,94,230,52,36.284442844640154,0.5620177469135803,41.07456140350875,16571.228070175326,176.2896603210141,0
1851,64,2,1,322,0.006191950464396285,0.0030959752321981426,0.9969040247678018,323,9250,6300,2950,0.6810810810810811,122,63,59,182.02250724859985,0.4601982097186701,0.8383986278946676,0.11530614960217843,2148227.358970777,4355.146003978829,2152582.504974756,1850,0,784.2662538699691,97,226,56,36.185182146373485,0.5635964912280702,40.90136054421766,16582.312925169896,170.95167964092676,0
1852,64,1,1,322,0.0030959752321981426,0.0030959752321981426,0.9969040247678018,323,10450,7500,2950,0.7177033492822966,134,75,59,183.19170556538455,0.45990455678839043,0.8416941276139815,0.11524845274176707,2144175.3472222183,3509.027777777622,2147684.374999996,1851,0,784.405572755418,85,238,45,36.403839704896086,0.5588557791537667,41.14583333333333,16566.666666666635,194.90196078431336,7
1853,64,1,0,323,0.0030959752321981426,0.0,1.0,323,10850,7600,3250,0.7004608294930875,141,76,65,208.87952128398268,0.45956723650558623,0.8619312424672481,0.13332199949884202,2152639.58680553,14478.465277776784,2167118.0520833065,1852,0,785.3993808049536,99,224,50,35.21782166619808,0.5666602167182663,40.635416666666636,16599.333333333132,167.67003367003164,8
1854,64,1,1,323,0.0030864197530864196,0.0030864197530864196,0.9969135802469136,324,10450,7900,2550,0.7559808612440191,130,79,51,205.25351552002718,0.45945829192625715,0.8602650344818585,0.13186911750167266,2156454.389812247,13273.968913511646,2169728.3587257587,1853,0,783.9722222222222,75,249,52,35.07743752199929,0.5683191872427984,40.40570175438596,16614.035087719276,221.520467836257,0
1855,64,1,1,323,0.0030864197530864196,0.0030864197530864196,0.9969135802469136,324,9450,6400,3050,0.6772486772486772,125,64,61,201.23800887492305,0.45885868561199655,0.8584539159366984,0.130262447660953,2160800.6656804685,12717.04470742907,2173517.7103878977,1854,0,784.9598765432099,77,247,45,34.91494500976459,0.5700552983539094,40.14423076923076,16630.769230769194,215.9840159840155,0
1856,64,1,1,323,0.0030864197530864196,0.0030864197530864196,0.9969135802469136,324,10150,7800,2350,0.7684729064039408,125,78,47,198.26625719874215,0.45827739396603345,0.8569705431876251,0.12916406462125476,2164500.1953124963,10879.470486110884,2175379.6657986073,1855,0,785.9012345679013,79,245,49,34.765403357698325,0.5718557098765432,39.92187499999999,16644.99999999997,210.6962025316452,0
1857,64,0,0,323,0.0,0.0,1.0,323,10700,7500,3200,0.7009345794392523,139,75,64,195.78584288710124,0.4576022056419822,0.8551546855464653,0.1281346156747532,2167139.240291955,9559.036562854286,2176698.2768548094,1856,1,789.3250773993808,80,243,52,34.66830977795348,0.573045665634675,39.7633744855967,16655.144032921766,208.18930041152208,0
1858,64,3,0,326,0.009202453987730062,0.0,1.0,326,10100,7500,2600,0.7425742574257426,127,75,52,191.60105544785628,0.45778354569765617,0.8524560533762986,0.12645669659558567,2171966.759002778,7930.224684518843,2179896.983687297,1857,0,783.0521472392638,75,251,51,34.48197250280583,0.5754089979550102,39.47368421052633,16673.684210526382,222.3157894736851,0
1859,64,0,2,324,0.0,0.006134969325153374,0.9938650306748467,326,9350,6900,2450,0.7379679144385026,118,69,49,189.79278115442577,0.45756174296051594,0.8509825411577896,0.12579169084391348,2174369.9377693855,7985.943549565865,2182355.8813189515,1858,1,784.0521472392638,77,249,57,34.38225788547912,0.5771983640081799,39.32959401709403,16682.90598290605,216.66111666111752,0
1860,64,1,0,325,0.003076923076923077,0.0,1.0,325,8950,5900,3050,0.659217877094972,120,59,61,186.34659124420907,0.45729503007280786,0.8482094795646071,0.124241396192271,2177741.0210503554,7212.923177083679,2184953.944227439,1859,0,787.3507692307692,79,246,50,34.26633599534149,0.5784615384615385,39.12760416666668,16695.833333333398,211.3396624472582,0
1861,64,1,2,324,0.003067484662576687,0.006134969325153374,0.9938650306748467,326,10800,8000,2800,0.7407407407407407,136,80,56,187.68415387749957,0.45707192858266477,0.8501306103063406,0.12597034937490478,2181521.16894212,5887.390951751399,2187408.559893871,1860,0,785.9325153374233,83,243,52,34.00088063009577,0.5801699897750512,38.90128968253969,16710.317460317507,201.32912602792177,0
1862,64,1,1,324,0.003076923076923077,0.003076923076923077,0.9969230769230769,325,10150,7000,3150,0.6896551724137931,133,70,63,188.43989637286987,0.456863722697056,0.8510054177277293,0.12741500412326676,2185689.523260291,7224.221453287555,2192913.744713579,1861,0,785.0276923076923,84,241,55,33.727121041608086,0.5822115384615385,38.65196078431374,16726.274509803974,199.12231559290444,0
1863,64,0,0,324,0.0,0.0,1.0,324,9900,7300,2600,0.7373737373737373,125,73,52,206.38486649143522,0.4566927770133395,0.8624825290113245,0.13131043159778447,2150778.666858911,14077.633602461101,2164856.3004613724,1862,1,788.0308641975308,84,240,53,35.39697077129127,0.560474537037037,40.74754901960786,16592.15686274518,197.52567693744263,8
1864,64,1,3,322,0.003076923076923077,0.009230769230769232,0.9907692307692307,325,9700,7000,2700,0.7216494845360825,124,70,54,199.71475514772172,0.4564767331433998,0.8584466495782899,0.12797789066654194,2154944.8770876294,11374.857696878538,2166319.734784508,1863,0,786.603076923077,72,253,50,35.31390905091829,0.5624038461538461,40.496575342465746,16608.21917808216,230.66971080669666,0
1865,64,1,2,321,0.0030959752321981426,0.006191950464396285,0.9938080495356038,323,10000,7000,3000,0.7,130,70,60,198.0876989548237,0.45631141472607345,0.8558653370837235,0.1274784692585341,2157426.0802469035,10871.913580246392,2168297.9938271497,1864,0,791.4705882352941,74,249,53,35.20382009449943,0.5639834881320949,40.34722222222221,16617.7777777777,224.56456456456354,0
1866,64,0,1,320,0.0,0.003115264797507788,0.9968847352024922,321,10150,7700,2450,0.7586206896551724,126,77,49,202.03522481711153,0.45603339174454827,0.8560906291779451,0.13058661615729916,2159951.2207031245,12927.246093750102,2172878.4667968745,1865,1,796.7819314641745,79,242,43,34.94634265523981,0.5655828141225338,40.1953125,16627.499999999996,210.47468354430376,0
1867,64,0,1,319,0.0,0.003125,0.996875,320,8700,6300,2400,0.7241379310344828,111,63,48,203.465707126624,0.45557956994514104,0.8553184637404574,0.13195053283954347,2161879.5666414746,15273.670949861567,2177153.237591336,1866,3,800.26875,83,237,46,34.790871501272264,0.56708984375,40.07936507936508,16634.920634920658,200.42073054121275,0
1868,64,0,1,318,0.0,0.003134796238244514,0.9968652037617555,319,9400,6900,2500,0.7340425531914894,119,69,50,201.2213689535463,0.45535379822953015,0.8536200411209229,0.13098169643082935,2164027.3518207814,13889.709237259718,2177917.061058041,1867,4,803.7492163009405,87,232,50,34.71752810778827,0.5687042842215255,39.950284090909115,16643.18181818195,191.300940438873,0
1869,64,0,0,318,0.0,0.0,1.0,318,9950,6600,3350,0.6633165829145728,133,66,67,201.56779364746382,0.4551686324888069,0.8534760557706917,0.1318829278436266,2166983.471074385,13808.815426997424,2180792.2865013825,1868,5,806.12893081761,87,231,51,34.52738355167397,0.570394392033543,39.77272727272728,16654.545454545492,191.43155694879877,0
1870,64,0,2,316,0.0,0.006289308176100629,0.9937106918238994,318,9450,6000,3450,0.6349206349206349,129,60,69,199.92717518947956,0.4550762520749427,0.8535713080834681,0.13144046622289796,2169744.3361168467,13708.171200642513,2183452.507317489,1869,6,807.12893081761,87,231,50,34.40104403430615,0.5718029350104822,39.60700757575757,16665.151515151487,191.5534656913964,0
1871,64,0,0,316,0.0,0.0,1.0,316,9500,6900,2600,0.7263157894736842,121,69,52,196.42633705189652,0.4545888168910321,0.8466386288293195,0.1277730928640519,2163633.355034733,12298.914930556117,2175932.269965289,1870,7,811.8259493670886,87,229,48,34.86636204306458,0.5684665084388185,39.97395833333335,16641.666666666755,191.28352490421557,8
1872,64,0,2,314,0.0,0.006329113924050633,0.9936708860759493,316,10400,8200,2200,0.7884615384615384,126,82,44,181.1405574576634,0.45443372848436137,0.830962314740552,0.11369109975652479,2142795.013888877,4029.4166666661004,2146824.430555543,1871,8,812.8259493670886,99,217,42,36.54177736628822,0.5603902953586498,41.22916666666665,16561.333333333238,167.28619528619433,8
1873,64,0,0,314,0.0,0.0,1.0,314,8850,6100,2750,0.6892655367231638,116,61,55,184.14226128835912,0.4539064460769351,0.8325834126591145,0.1160467002347436,2145190.5817473875,7354.0489234903025,2152544.6306708776,1872,9,817.7070063694267,101,213,44,36.316831341458574,0.5622346072186837,41.08455882352939,16570.588235293984,164.0652300524157,0
1874,64,0,0,314,0.0,0.0,1.0,314,9900,7400,2500,0.7474747474747475,124,74,50,185.7358007699658,0.4535109006057399,0.8347576797604104,0.11735697692406166,2146723.557571158,7044.683799445092,2153768.241370603,1873,10,818.7070063694267,104,210,47,36.18135884275574,0.5637606157112527,40.99206349206347,16576.50793650779,159.38949938949798,0
1875,64,0,0,314,0.0,0.0,1.0,314,10300,7800,2500,0.7572815533980582,128,78,50,188.75945091699742,0.45330464886754446,0.837057673572416,0.11977897510394664,2149231.0328346174,8037.533930325938,2157268.5667649433,1874,11,819.7070063694267,110,204,52,35.9489667825415,0.5655188428874734,40.84084084084082,16586.186186186038,150.78351078350943,0
1876,64,3,0,317,0.00946372239747634,0.0,1.0,317,9400,6900,2500,0.7340425531914894,119,69,50,166.13577600332857,0.45380279253018146,0.8245570288272561,0.10249795709958846,2132628.781249989,-1938.812500000382,2130689.9687499884,1875,0,812.9400630914827,99,218,56,37.55485110761408,0.5545807045215563,41.843749999999986,16521.999999999913,166.888888888888,8
1877,64,2,0,319,0.006269592476489028,0.0,1.0,319,9950,7200,2750,0.7236180904522613,127,72,55,156.28060073417893,0.45411581659141836,0.8133685397177202,0.09732368016260967,2138177.132561416,-6918.878649444359,2131258.2539119716,1876,0,808.8369905956113,91,228,59,37.46842604759824,0.5539446185997909,41.50815217391302,16543.4782608694,181.79646440515825,8
1878,64,1,1,319,0.003125,0.003125,0.996875,320,8950,6400,2550,0.7150837988826816,115,64,51,154.94235769402255,0.454058908045977,0.811325574493345,0.0968328152774556,2140271.606648174,-6626.254232072583,2133645.3524161014,1877,0,807.30625,94,226,63,37.374484157268455,0.5552734375,41.38157894736839,16551.578947368223,176.08062709966194,0
1879,64,1,2,318,0.003125,0.00625,0.99375,320,8650,6300,2350,0.7283236994219653,110,63,47,185.38464858104268,0.453982987199582,0.8411901313140346,0.11609785039044211,2141491.773834016,6749.939986282638,2148241.7138202987,1878,0,808.296875,89,231,44,36.51211541616333,0.5597005208333333,41.30787037037037,16556.296296296274,186.0258010819806,8
1880,64,1,0,319,0.003134796238244514,0.0,1.0,319,10200,7900,2300,0.7745098039215687,125,79,46,183.2240671817956,0.45361881666370935,0.8393672085733044,0.11558663397550953,2145793.490939655,4632.202148436807,2150425.693088092,1879,0,811.6363636363636,95,224,48,36.30355646344017,0.5615530303030303,41.048177083333314,16572.916666666548,174.45175438596365,0
1881,64,1,1,319,0.003125,0.003125,0.996875,320,10500,7700,2800,0.7333333333333333,133,77,56,180.9209719368508,0.453339904976489,0.8393529995042155,0.11555338834598788,2153025.982658481,3405.510677573593,2156431.493336055,1880,0,810.096875,80,240,55,35.919269542224484,0.56552734375,40.612139917695494,16600.823045267578,207.51028806584472,8
1882,64,0,2,317,0.0,0.006269592476489028,0.9937304075235109,319,9600,6600,3000,0.6875,126,66,60,177.12177204345048,0.45289713990917635,0.8352408199693431,0.11352610485615063,2155077.4803555873,2942.2284423038363,2158019.708797891,1881,1,813.0721003134796,83,236,54,35.89207921186351,0.5670389237199582,40.4885912698413,16608.730158730308,200.1051826353049,0
1883,64,0,0,317,0.0,0.0,1.0,317,8650,6400,2250,0.7398843930635838,109,64,45,175.65373728212714,0.45254204435038403,0.8330883700189633,0.11296543230250274,2157036.954096823,3728.320488553065,2160765.274585376,1882,2,815.602523659306,85,232,59,35.81015278749712,0.5687105678233438,40.37063953488374,16616.279069767552,195.48563611491238,0
1884,64,0,2,315,0.0,0.006309148264984227,0.9936908517350158,317,8900,5900,3000,0.6629213483146067,119,59,60,174.38839664846938,0.45243472893290204,0.8320702724540816,0.11274376783614955,2160088.9981132485,3038.891399794182,2163127.8895130428,1883,3,816.602523659306,87,230,50,35.65618972770211,0.5703207150368034,40.18702651515154,16628.030303030413,191.1267850923036,0
1885,64,0,0,315,0.0,0.0,1.0,315,9100,6400,2700,0.7032967032967034,118,64,54,173.40473254038795,0.45196306406497494,0.8288377226725421,0.1126475579903433,2162864.529136328,2910.1890391958304,2165774.718175524,1884,4,822.4666666666667,92,223,54,35.51198785058813,0.571792328042328,40.0201612903226,16638.709677419447,180.85553997195052,0
1886,64,3,1,317,0.009433962264150943,0.0031446540880503146,0.9968553459119497,318,10300,7200,3100,0.6990291262135923,134,72,62,172.2428540976499,0.45210891878128945,0.8298625198609386,0.11257815246646855,2166381.925254796,728.7611742901254,2167110.686429086,1885,0,815.6981132075472,96,222,59,35.3272421478394,0.573833857442348,39.80884879725088,16652.233676976073,173.46076746850076,0
1887,64,1,0,318,0.0031446540880503146,0.0,1.0,318,10150,7300,2850,0.7192118226600985,130,73,57,171.5711405288888,0.45186629102765047,0.8304947960149152,0.1127721385038101,2169612.8264973178,698.5894296508968,2170311.4159269687,1886,0,816.6792452830189,98,220,58,35.14744211419567,0.5756027253668763,39.61489898989902,16664.646464646634,170.0474129045575,0
1888,64,1,1,318,0.003134796238244514,0.003134796238244514,0.9968652037617555,319,8900,6600,2300,0.7415730337078652,112,66,46,171.43671374842924,0.45166819463338653,0.8302711856381502,0.11316834095240781,2172068.3299039565,1774.4513031539927,2173842.7812071103,1887,0,815.1159874608151,80,239,61,35.001110617503315,0.5770310867293627,39.46759259259256,16674.074074073906,208.42592592592382,0
1889,64,0,0,318,0.0,0.0,1.0,318,9050,6500,2550,0.7182320441988951,116,65,51,169.02809620086995,0.451430842410174,0.8275356175381716,0.11224225264574537,2175452.5951556913,892.5221068809924,2176345.117262572,1888,1,814.7578616352201,84,234,51,34.85754684464497,0.5785180817610063,39.264705882352914,16687.05882352927,198.65546218487228,0
1890,64,0,1,317,0.0,0.0031446540880503146,0.9968553459119497,318,8400,6400,2000,0.7619047619047619,104,64,40,167.9366041051286,0.4513430086833456,0.8253019713419185,0.11195276900104849,2177668.557098739,1142.05246913455,2178810.609567873,1889,2,815.7578616352201,89,229,52,34.75101490749365,0.5798611111111112,39.13194444444441,16695.555555555347,187.59051186017246,0
1891,64,0,2,315,0.0,0.006309148264984227,0.9936908517350158,317,9350,6200,3150,0.6631016042780749,125,62,63,167.42226497971336,0.4508200062559065,0.8242647838656392,0.11187618216456953,2179021.416323705,213.34019204270498,2179234.756515748,1890,3,819.2933753943217,89,228,53,34.68205742334187,0.5810988433228181,39.05092592592589,16700.740740740537,187.6487723678712,0
1892,64,0,1,314,0.0,0.0031746031746031746,0.9968253968253968,315,10050,7000,3050,0.6965174129353234,131,70,61,165.41286299411217,0.45001727159370475,0.8222455058226026,0.11117327473933958,2182289.9604642577,-854.2339512604913,2181435.7265129974,1891,4,823.8730158730159,92,223,59,34.535617270712685,0.582771164021164,38.855286738351225,16713.26164874535,181.6658874863625,0
1893,64,0,0,314,0.0,0.0,1.0,314,10300,7800,2500,0.7572815533980582,128,78,50,163.32496773129344,0.44965083467301575,0.819465841220711,0.1100489392144089,2183723.449706996,-1768.6876085082558,2181954.7620984875,1892,5,827.0254777070064,95,219,61,34.50298546209764,0.5840631634819533,38.76953124999996,16718.749999999727,175.98684210526028,0
1894,64,0,3,311,0.0,0.009554140127388535,0.9904458598726115,314,9050,6900,2150,0.7624309392265194,112,69,43,166.56760065724103,0.4492843297857187,0.8211748241848964,0.1125725033339822,2185422.4377614255,954.1143760830018,2186376.5521375085,1893,6,828.0254777070064,98,216,61,34.31498369368276,0.5854233014861996,38.66792929292926,16725.252525252316,170.66584209441137,0
1895,64,0,0,311,0.0,0.0,1.0,311,9600,6800,2800,0.7083333333333334,124,68,56,169.09454690647954,0.4488123638626698,0.8232578542111906,0.11492216885951505,2188572.378314755,2215.130936634231,2190787.509251389,1894,7,830.475884244373,83,228,60,34.057496404128514,0.5870511789924973,38.4796626984127,16737.301587301612,201.6542359915857,0
1896,64,0,2,309,0.0,0.006430868167202572,0.9935691318327974,311,9250,6600,2650,0.7135135135135136,119,66,53,170.2535853370718,0.4482185457940047,0.8248895315608191,0.11638718208894104,2191843.214148412,3183.833141099907,2195027.047289512,1895,8,831.475884244373,84,227,61,33.82851033277142,0.5887593783494105,38.28431372549021,16749.803921568688,199.40242763772247,0
1897,64,0,2,307,0.0,0.006472491909385114,0.9935275080906149,309,10300,7300,3000,0.7087378640776699,133,73,60,168.25156474715706,0.44766843189173283,0.8208208122287808,0.11540894171346869,2193736.6426611864,1719.9245541840137,2195456.5672153705,1896,9,837.0970873786408,89,220,50,33.76598738690952,0.5903451995685005,38.171296296296305,16757.037037037087,188.28131502288863,0
1898,64,0,0,307,0.0,0.0,1.0,307,8350,6200,2150,0.7425149700598802,105,62,43,174.12248457514946,0.4476955639295168,0.8257913639021115,0.11128978837873736,2153437.5453621894,5242.379155175751,2158679.924517365,1897,10,842.3094462540716,82,225,57,36.07039187227864,0.5682342562432139,40.58734939759039,16602.409638554356,202.46841022627262,8
1899,64,0,1,306,0.0,0.003257328990228013,0.996742671009772,307,10300,8000,2300,0.7766990291262136,126,80,46,175.03061603777624,0.44753589093979973,0.8267196025563397,0.11229849794195948,2155661.4811611045,3761.351403307127,2159422.8325644117,1898,11,843.3094462540716,84,223,56,35.910571792813684,0.5694218241042346,40.45343137254904,16610.980392156962,197.74976657329717,0
1900,64,0,0,306,0.0,0.0,1.0,306,8700,6000,2700,0.6896551724137931,114,60,54,190.08498878925576,0.4474465605914497,0.8399145718155543,0.11905675045633171,2141567.5327504277,11515.968090859442,2153083.500841287,1899,12,844.8594771241831,85,221,43,36.385858538564776,0.5595383986928104,41.3032945736434,16556.58914728676,194.7834017327854,8
1901,64,0,0,306,0.0,0.0,1.0,306,9750,7200,2550,0.7384615384615385,123,72,51,190.2135550865715,0.44738963891567557,0.8404946466947074,0.11970501893827398,2144367.0953360787,10627.537722908226,2154994.633058987,1900,13,845.8594771241831,89,217,47,36.21028197561774,0.5611383442265796,41.13425925925926,16567.40740740742,186.15064502704965,0
1902,64,1,0,307,0.003257328990228013,0.0,1.0,307,9000,6400,2600,0.7111111111111111,116,64,52,192.05757510861207,0.4476844755274531,0.841923248332106,0.12139409844750362,2146929.9991197553,12066.833911774673,2158996.83303153,1901,0,844.100977198697,93,214,48,36.00492712700716,0.5627035830618892,40.979609929078,16577.304964538947,178.25059101654782,0
1903,64,1,1,307,0.003246753246753247,0.003246753246753247,0.9967532467532467,308,10200,7300,2900,0.7156862745098039,131,73,58,188.33880987748233,0.4478505682699494,0.8399311366355968,0.11961184276958396,2149719.313634959,9175.115420129201,2158894.429055088,1902,0,842.3571428571429,94,214,50,35.92987632907469,0.5643262987012987,40.811403508771924,16588.070175438555,176.46883165360165,0
1904,64,0,0,307,0.0,0.0,1.0,307,8450,5600,2850,0.6627218934911243,113,56,57,190.78359419867107,0.4476578633625003,0.8422397848387857,0.12139527073738596,2150831.619074312,12218.677360628659,2163050.296434941,1903,1,841.228013029316,95,212,51,35.79818531229511,0.565485884907709,40.744357638888886,16592.361111111088,174.65643274853775,0
1905,64,0,2,305,0.0,0.006514657980456026,0.993485342019544,307,10150,7600,2550,0.7487684729064039,127,76,51,191.10502440884403,0.4474329905686487,0.8431187588563933,0.12197842265385746,2152646.2371846163,10726.30234015423,2163372.5395247703,1904,2,842.228013029316,103,204,49,35.67842086631905,0.5669109663409337,40.635016025641015,16599.358974358915,161.15882499377588,0
1906,64,0,0,305,0.0,0.0,1.0,305,9550,6500,3050,0.680628272251309,126,65,61,187.50971695491765,0.4471432808455565,0.8393819043375781,0.12034981344172008,2155877.9364507105,10299.612330644948,2166177.5487813554,1905,3,842.9704918032787,78,227,51,35.573406146812275,0.5685792349726776,40.440400843881854,16611.814345991555,212.97197879476354,0
1907,64,0,1,304,0.0,0.003278688524590164,0.9967213114754099,305,10300,7100,3200,0.6893203883495146,135,71,64,184.19113343896794,0.4471131722749497,0.8366808991737136,0.11875710259097116,2158509.862061272,8215.675606451203,2166725.537667723,1906,4,843.9704918032787,81,224,47,35.4982371402951,0.5700478142076503,40.28201219512195,16621.95121951219,205.2092743149653,0
1908,64,0,2,302,0.0,0.006578947368421052,0.993421052631579,304,9650,6800,2850,0.7046632124352331,125,68,57,182.15822443486962,0.4468486733541775,0.8341497813429171,0.11798556222864498,2161161.264898113,8284.659746251298,2169445.924644364,1907,5,846.7236842105264,84,220,51,35.388667515483064,0.5720257675438596,40.12254901960784,16632.156862745072,198.00186741363183,0
1909,64,0,0,302,0.0,0.0,1.0,302,8950,6400,2550,0.7150837988826816,115,64,51,180.34660579884016,0.446288081303675,0.8314570430794472,0.11720946463474105,2163122.0980796544,8672.34566342651,2171794.443743081,1908,6,852.6456953642385,88,214,55,35.315754329101736,0.5739169426048565,40.00468164794008,16639.700374531887,189.08750425604418,0
1910,64,2,2,302,0.006578947368421052,0.006578947368421052,0.993421052631579,304,9550,7000,2550,0.7329842931937173,121,70,51,181.44868631151093,0.4465874424613514,0.8327124286620167,0.11584800741427251,2152812.5000000047,7775.00000000024,2160587.500000005,1909,0,848.0296052631579,93,211,51,35.91867469879521,0.5679481907894737,40.62500000000001,16600.000000000036,178.49462365591438,8
1911,64,0,1,301,0.0,0.0033112582781456954,0.9966887417218543,302,8400,5700,2700,0.6785714285714286,111,57,54,178.82866604882028,0.44651978687670973,0.8291727268777684,0.1145064054142072,2154499.8223610334,8257.265847048893,2162757.088208082,1910,1,853.364238410596,81,221,54,35.8831880936062,0.5693984547461368,40.523373983739845,16606.504065040688,205.01856870420602,0
1912,64,1,2,300,0.0033112582781456954,0.006622516556291391,0.9933774834437086,302,8950,6500,2450,0.7262569832402235,114,65,49,175.3572343948971,0.4463378143495193,0.8252692449231696,0.11280396404192705,2157187.325677848,6305.680700518615,2163493.0063783666,1911,0,854.2781456953643,86,216,58,35.808642686957185,0.5708471302428256,40.36159003831419,16616.85823754797,193.21928183195314,0
1913,64,0,0,300,0.0,0.0,1.0,300,9250,7000,2250,0.7567567567567568,115,70,45,168.8230321400755,0.44608695652173913,0.8157468526709784,0.10315403148849897,2126862.665435511,2562.6808248689613,2129425.34626038,1912,1,855.3033333333333,94,206,52,37.84060621526603,0.5515277777777778,42.19298245614034,16499.649122806957,175.52818215752083,8
1914,64,1,3,298,0.0033222591362126247,0.009966777408637873,0.9900332225913622,301,9650,6600,3050,0.6839378238341969,127,66,61,167.63732815202076,0.4463662790697674,0.8151038313288177,0.1029772158648127,2130048.0,1565.1111111109885,2131613.111111111,1913,0,853.4584717607974,99,202,56,37.674956933677876,0.553329180509413,42.0,16512.0,166.78787878787878,0
1915,64,0,1,297,0.0,0.003355704697986577,0.9966442953020134,298,9100,6700,2400,0.7362637362637363,115,67,48,174.15223455945005,0.44580852333928395,0.819635186771051,0.10579806377735759,2123405.013554134,5259.145597038324,2128664.1591511723,1914,1,862.8087248322148,91,207,56,37.91651099585364,0.5522581096196868,42.402626811594196,16486.23188405794,181.16738334129604,8
1916,64,0,0,297,0.0,0.0,1.0,297,10150,7200,2950,0.7093596059113301,131,72,59,172.62832085012258,0.4454838361088361,0.8183843535025745,0.10518623956884564,2125197.774951498,3823.8646728586136,2129021.6396243568,1915,6,866.7104377104378,92,205,46,37.84516979601301,0.55331088664422,42.293906810035836,16493.18996415766,179.27380395823545,0
1917,64,2,1,298,0.006688963210702341,0.0033444816053511705,0.9966555183946488,299,9950,7400,2550,0.7437185929648241,125,74,51,170.69187377989275,0.4457882539112478,0.8183803190027403,0.10470257296040376,2129188.0868055644,2937.020833333655,2132125.107638898,1916,0,861.9063545150501,99,200,51,37.649122009988005,0.5551839464882944,42.05208333333334,16508.666666666737,166.75420875420946,0
1918,64,0,2,296,0.0,0.006711409395973154,0.9932885906040269,298,9550,6600,2950,0.6910994764397905,125,66,59,156.10457674194072,0.4454399042626112,0.7976303562209621,0.09129509308172538,2100326.67802936,-3575.878581284709,2096750.799448075,1917,1,865.7751677852349,110,188,56,39.807005494505475,0.5387653803131991,43.80630630630628,16396.39639639623,149.05814905814756,8
1919,64,3,1,298,0.010033444816053512,0.0033444816053511705,0.9966555183946488,299,10750,8100,2650,0.7534883720930232,134,81,53,168.8187171800535,0.44647099204656837,0.8039681796346849,0.09986222879709838,2107293.9021245223,600.130655603094,2107894.0327801253,1918,0,863.8127090301003,98,201,44,39.04953735973873,0.5417363433667781,43.381734006734035,16423.5690235692,167.58743901601227,0
1920,64,2,0,300,0.006666666666666667,0.0,1.0,300,9400,7400,2000,0.7872340425531915,114,74,40,177.41752460358703,0.44665319583797847,0.8268545461955432,0.10951682518737588,2132946.9250586545,6284.432710947516,2139231.357769602,1919,0,861.9266666666666,98,202,56,37.244009047560844,0.5586805555555556,41.824494949494934,16523.23232323222,168.60441146155327,8
1921,64,0,0,300,0.0,0.0,1.0,300,7650,5200,2450,0.6797385620915033,101,52,49,180.12829518630232,0.44673611111111106,0.8300400622018396,0.1116159994718843,2135217.8782733064,9272.631252936604,2144490.509526243,1920,1,862.9266666666666,101,199,57,37.03414512005481,0.5600347222222222,41.687091503267965,16532.026143790794,163.68342716624548,0
1922,64,2,2,300,0.006622516556291391,0.006622516556291391,0.9933774834437086,302,9150,6700,2450,0.73224043715847,116,67,49,171.63479746589704,0.4472408014491797,0.8097523540093587,0.10527269192014344,2129141.1874426086,3536.9432966024815,2132678.130739211,1921,0,858.205298013245,109,193,50,37.62768915892653,0.5582919426048565,42.05492424242424,16508.484848484855,151.45398943564086,8
1923,64,1,2,299,0.0033222591362126247,0.006644518272425249,0.9933554817275747,301,9400,7000,2400,0.7446808510638298,118,70,48,171.76773686570237,0.446890919158361,0.8125218986843235,0.10591381165579211,2132298.5400941535,3652.018910802867,2135950.5590049564,1922,0,861.5348837209302,110,191,56,37.42979059875671,0.5599736987818383,41.863738738738746,16520.72072072076,150.18837018837056,0
1924,64,2,0,301,0.006644518272425249,0.0,1.0,301,8250,5900,2350,0.7151515151515152,106,59,47,176.16960221871958,0.4474953857511997,0.820838112329282,0.10945206234447492,2136785.891439915,6837.344104308516,2143623.235544224,1923,0,858.7906976744187,83,218,55,37.039903061714156,0.5619116832779624,41.59226190476191,16538.095238095284,199.2541594951239,0
1925,64,3,1,303,0.009868421052631578,0.003289473684210526,0.9967105263157895,304,9700,7100,2600,0.7319587628865979,123,71,52,168.6504597609033,0.4484601626281049,0.8125632725692713,0.10264483693140226,2124511.391966746,1159.9646044931615,2125671.3565712394,1924,0,851.3059210526316,94,210,48,37.99000312070019,0.553967927631579,42.33552631578946,16490.526315789375,175.43113101903592,8
1926,64,1,1,303,0.003289473684210526,0.003289473684210526,0.9967105263157895,304,9650,6900,2750,0.7150259067357513,124,69,55,165.98349288012656,0.44861848438133284,0.8105435103340841,0.10152364019884219,2127479.305497694,175.28923133812532,2127654.594729032,1925,0,851.7796052631579,97,207,54,37.87582103498501,0.5560238486842105,42.15561224489794,16502.04081632641,170.1241321270764,0
1927,64,0,2,301,0.0,0.006600660066006601,0.9933993399339934,303,9650,6800,2850,0.7046632124352331,125,68,57,168.59079834929386,0.4480553187769108,0.813174405587672,0.10354281415928253,2129932.1995937168,1567.3939918742726,2131499.593585591,1926,1,855.5610561056105,100,203,55,37.6574888400293,0.5577213971397139,42.00701320132013,16511.551155115474,165.11551155115475,0
1928,64,1,0,302,0.0033112582781456954,0.0,1.0,302,8950,6300,2650,0.7039106145251397,116,63,53,166.32388174382905,0.44804088468900577,0.8103176534878878,0.10248474432317702,2131878.6067385064,1566.4650558745889,2133445.071794381,1927,0,858.933774834437,102,200,59,37.59615886947206,0.5592922185430463,41.88915857605177,16519.09385113263,161.95190050130032,0
1929,64,0,1,301,0.0,0.0033112582781456954,0.9966887417218543,302,9450,6700,2750,0.708994708994709,122,67,55,184.70633825797873,0.4481316417680579,0.8348728601774322,0.11124359008719267,2118201.5270053917,8399.04954912567,2126600.5765545173,1928,1,859.933774834437,102,200,55,37.96629323899373,0.548944536423841,42.71844660194177,16466.019417475876,161.43156291643015,8
1930,64,0,0,301,0.0,0.0,1.0,301,8350,6100,2250,0.7305389221556886,106,61,45,186.01971263758784,0.44793004798818753,0.8342619284615491,0.11243430420475033,2120347.6845003176,10335.293392504365,2130682.977892822,1929,2,863.4418604651163,77,224,52,37.79977302204927,0.5500761351052048,42.58814102564101,16474.358974358885,213.9527139527128,0
1931,64,0,0,301,0.0,0.0,1.0,301,9700,6800,2900,0.7010309278350515,126,68,58,182.62171337046223,0.4480763196751569,0.8306777706482193,0.11089136228447788,2123123.9012273904,7645.704907984702,2130769.606135375,1930,3,864.4418604651163,82,219,57,37.71570275449878,0.5518064784053156,42.41967871485942,16485.140562248922,201.038299539621,0
1932,64,1,2,300,0.0033112582781456954,0.006622516556291391,0.9933774834437086,302,9050,5800,3250,0.6408839779005525,123,58,65,180.01014991108332,0.4477654048682464,0.8275338639962406,0.11240320763871985,2139767.5068586958,7585.973936899193,2147353.480795595,1931,0,862.5761589403974,89,213,50,36.75719123922057,0.5581884657836644,41.41203703703702,16549.629629629515,185.95089471493836,8
1933,64,2,0,302,0.006622516556291391,0.0,1.0,302,9700,6900,2800,0.711340206185567,125,69,56,205.04476776437357,0.4478341602311647,0.8500159694617719,0.11962103231270749,2098810.2324263044,15970.011337868411,2114780.243764173,1932,0,863.5463576158941,90,212,53,38.64758861127253,0.5336989514348787,43.898809523809526,16390.476190476194,182.11640211640216,8
1934,64,1,1,302,0.0033003300330033004,0.0033003300330033004,0.9966996699669967,303,8750,6100,2650,0.6971428571428572,114,61,53,212.33221991839588,0.4483617649844454,0.855886306294958,0.12177818899155168,2088286.7222222253,19332.111111111182,2107618.8333333363,1933,0,861.6930693069307,74,229,48,39.117463165334655,0.5265745324532454,44.54166666666667,16349.333333333358,220.93693693693726,8
1935,64,8,1,309,0.025806451612903226,0.0032258064516129032,0.9967741935483871,310,8850,5600,3250,0.632768361581921,121,56,65,206.1435505038709,0.45103894804607303,0.849532684642373,0.11738702229419037,2083846.947940791,15064.321711034368,2098911.2696518255,1934,0,842.0354838709677,95,215,48,39.55286022054031,0.5242271505376344,44.81336805555557,16331.944444444538,171.91520467836355,8
1936,64,2,0,311,0.006430868167202572,0.0,1.0,311,10150,7200,2950,0.7093596059113301,131,72,59,208.5447526704275,0.4516198181378142,0.8501421230606507,0.11954760237496989,2087983.9677640628,14737.620027434996,2102721.587791498,1935,0,839.1382636655949,80,231,51,39.23312188491165,0.5262593783494105,44.56018518518519,16348.148148148168,204.3518518518521,0
1937,64,2,2,311,0.006389776357827476,0.006389776357827476,0.9936102236421726,313,10250,6900,3350,0.6731707317073171,136,69,67,226.17015159605083,0.452377051418585,0.8507266970895875,0.12842106176397167,2082054.5579748948,21329.719001686644,2103384.276976581,1936,0,834.7699680511182,102,211,52,39.154061930061076,0.5259584664536741,44.92313915857606,16324.919093851211,160.048226410306,8
1938,64,5,4,312,0.015822784810126583,0.012658227848101266,0.9873417721518988,316,10050,7100,2950,0.7064676616915423,130,71,59,177.14323484698238,0.4533811784207354,0.8315838221673355,0.10375532326751848,2101250.000000005,1194.4444444446872,2102444.4444444496,1937,0,827.5284810126582,93,223,56,39.21070460704608,0.5372824367088608,43.75000000000001,16400.00000000004,176.3440860215058,8
1939,64,2,7,307,0.006369426751592357,0.022292993630573247,0.9777070063694268,314,9150,6500,2650,0.7103825136612022,118,65,53,176.38701273161854,0.45314354781818306,0.8301339597551565,0.10389110654192565,2104668.0555555783,2297.2222222233113,2106965.2777778017,1938,0,832.8853503184713,84,230,58,39.018074735987014,0.5391786093418258,43.5416666666667,16413.33333333351,195.3968253968275,0
1940,64,4,2,309,0.012861736334405145,0.006430868167202572,0.9935691318327974,311,8900,6400,2500,0.7191011235955056,114,64,50,173.0926685565453,0.45305509456142173,0.8260208840160954,0.10281287421491261,2109800.34722224,1938.1944444452292,2111738.5416666856,1939,0,837.4662379421222,87,224,52,38.78465179175122,0.5411977491961415,43.22916666666669,16433.333333333474,188.8888888888905,0
1941,64,2,2,309,0.006430868167202572,0.006430868167202572,0.9935691318327974,311,9150,6600,2550,0.7213114754098361,117,66,51,176.5576458318291,0.4534371434498496,0.8279688698734862,0.10559768018111085,2113990.886399094,3298.2508425137457,2117289.1372416075,1940,0,838.2829581993569,93,218,58,38.436305366330394,0.5430399249732047,42.97429078014187,16449.645390071077,176.8779074201191,0
1942,64,1,1,309,0.0032258064516129032,0.0032258064516129032,0.9967741935483871,310,9300,6300,3000,0.6774193548387096,123,63,60,176.41024934378532,0.45336086752270593,0.8284129659389308,0.10597491621163253,2116653.1250000186,3379.8611111118053,2120032.9861111306,1941,0,841.7483870967742,99,211,61,38.27544889968949,0.5446572580645161,42.81250000000002,16460.000000000146,166.26262626262772,0
1943,64,3,0,312,0.009615384615384616,0.0,1.0,312,8350,5800,2550,0.6946107784431138,109,58,51,175.98461328905768,0.4536774380273174,0.8298083486697947,0.10654333059147855,2121333.7704702686,3914.4206506451264,2125248.1911209137,1942,0,837.3205128205128,80,232,62,37.9971862877312,0.5466412927350428,42.52829218106993,16478.189300411374,205.97736625514216,0
1944,64,4,7,309,0.012658227848101266,0.022151898734177215,0.9778481012658228,316,10100,7700,2400,0.7623762376237624,125,77,48,174.21370275756252,0.45392032516241376,0.8281014037370178,0.1064811166577014,2127049.685084637,812.2403175796917,2127861.9254022166,1943,0,827.7088607594936,88,228,52,37.69009896495369,0.5492154535864979,42.18164794007488,16500.37453183506,187.50425604358023,0
1945,64,2,0,311,0.006430868167202572,0.0,1.0,311,9100,6400,2700,0.7032967032967034,118,64,54,174.89916367613625,0.4534967845659164,0.826661983947917,0.10723277367763015,2128906.698375784,3168.80021808902,2132075.498593873,1944,0,836.9807073954984,87,224,55,37.55793942175309,0.5507435691318328,42.06912878787876,16507.575757575603,189.7422500870759,0
1946,64,2,1,312,0.006389776357827476,0.003194888178913738,0.9968051118210862,313,8300,5600,2700,0.6746987951807228,110,56,54,180.65040687693585,0.45433844310641436,0.8369318268726635,0.10413652638349352,2091438.563368075,4663.845486112079,2096102.4088541872,1945,0,832.626198083067,79,234,50,39.73061186377377,0.5265907880724174,44.348958333333364,16361.666666666822,207.10970464135218,8
1947,64,2,2,312,0.006369426751592357,0.006369426751592357,0.9936305732484076,314,9150,6600,2550,0.7213114754098361,117,66,51,196.652943257135,0.454523929441132,0.8498926931544424,0.11168122406453171,2082167.6159485802,9942.87800619551,2092110.4939547756,1946,0,830.952229299363,91,223,51,39.89991603414855,0.5180798832271762,44.916213768115924,16325.362318840482,179.39958592132396,7
1948,64,3,2,313,0.009523809523809525,0.006349206349206349,0.9936507936507937,315,10100,7800,2300,0.7722772277227723,124,78,46,190.68210147596596,0.4554148552556196,0.8446496482101018,0.10899254946267099,2086190.499615833,6459.837709188832,2092650.3373250219,1947,0,829.1936507936508,76,239,51,39.801225672000285,0.520734126984127,44.669913419913435,16341.12554112561,215.01480975165276,0
1949,64,5,3,315,0.015723270440251572,0.009433962264150943,0.9905660377358491,318,9600,7300,2300,0.7604166666666666,119,73,46,183.10808598082116,0.45622367054871077,0.8394566677223079,0.10549441264417708,2091093.6515810082,3379.231229529042,2094472.8828105372,1948,0,822.3081761006289,83,235,45,39.68924840723134,0.5231263102725368,44.37003968253969,16360.317460317505,197.1122585580422,0
1950,64,3,1,317,0.009433962264150943,0.0031446540880503146,0.9968553459119497,318,10900,7700,3200,0.7064220183486238,141,77,64,193.67691315689936,0.45605936981264344,0.8482906524372889,0.11117225455658065,2088807.6893502339,6410.765090349214,2095218.454440583,1949,0,823.2987421383648,84,234,50,39.561548669736496,0.5242072851153039,44.509803921568604,16351.372549019481,194.65919701213667,8
1951,64,4,2,319,0.012461059190031152,0.006230529595015576,0.9937694704049844,321,10100,7200,2900,0.7128712871287128,130,72,58,192.54008220109745,0.45714766679646934,0.848570844239966,0.11165793633809075,2095140.4124345756,6379.701446598008,2101520.1138811735,1950,0,816.5856697819314,94,227,45,39.19614544052111,0.5269989615784008,44.122807017543835,16376.140350877038,174.21425905188337,0
1952,64,2,1,320,0.006230529595015576,0.003115264797507788,0.9968847352024922,321,10100,7100,3000,0.7029702970297029,131,71,60,192.4011344463742,0.4570495035046729,0.850250966400913,0.11224027040795216,2098785.0875638933,6461.726361284273,2105246.813925178,1951,0,817.5700934579439,96,225,50,38.97295720116288,0.5287188473520249,43.90034364261165,16390.37800687267,170.73310423825697,0
1953,64,2,5,317,0.006211180124223602,0.015527950310559006,0.984472049689441,322,9500,7100,2400,0.7473684210526316,119,71,48,205.276262060958,0.4575875724798926,0.8537133026498054,0.11915046331933879,2095691.6651643582,12139.15029144918,2107830.8154558074,1952,0,815.9409937888199,85,237,49,38.83590496024234,0.5253623188405797,44.089147286821714,16378.294573643452,192.68581851345238,8
1954,64,4,0,321,0.012461059190031152,0.0,1.0,321,9400,6800,2600,0.723404255319149,120,68,52,206.94902452264014,0.457505029854621,0.8568658512838363,0.12130437670506088,2101711.7370749153,13389.438763087539,2115101.175838003,1953,0,818.3333333333334,73,248,51,38.41819546669597,0.527972481827622,43.72184684684685,16401.801801801823,224.68221646303866,0
1955,64,5,3,323,0.015337423312883436,0.009202453987730062,0.99079754601227,326,10100,7100,3000,0.7029702970297029,131,71,60,199.53825954476304,0.4585097137014315,0.8539947747697403,0.11815565638459581,2107921.9545244332,8822.21561240049,2116744.1701368336,1954,0,806.7668711656441,81,245,48,38.22221672276114,0.5306428936605316,43.343495934959364,16426.01626016268,202.79032419953927,0
1956,64,1,3,321,0.0030864197530864196,0.009259259259259259,0.9907407407407407,324,10050,6300,3750,0.6268656716417911,138,63,75,198.99174586519928,0.4581219183579865,0.8470021560307059,0.1198055046429241,2117991.088200568,9442.548873592856,2127433.637074161,1955,0,811.4382716049382,90,234,54,37.6117908787542,0.5385159465020577,42.73122710622711,16465.20146520148,182.94668294668313,8
1957,64,8,5,324,0.0243161094224924,0.015197568389057751,0.9848024316109423,329,10850,7600,3250,0.7004608294930875,141,76,65,193.28906868114467,0.4589982269503546,0.8410969078257027,0.11770313487281811,2124830.493079574,5491.301422529206,2130321.7945021032,1956,0,800.0,84,245,47,37.33542984416857,0.5417933130699089,42.31617647058822,16491.76470588227,196.33053221288415,0
1958,64,1,0,325,0.003076923076923077,0.0,1.0,325,10450,7900,2550,0.7559808612440191,130,79,51,193.83496618289243,0.45851970560303895,0.8420713273078542,0.1187880229458222,2128632.694947208,7070.689288177585,2135703.3842353853,1957,0,810.7846153846153,86,239,53,37.08644754963404,0.5437179487179487,42.08572796934863,16506.51340996154,191.93620244141323,0
1959,64,0,2,323,0.0,0.006153846153846154,0.9938461538461538,325,8900,6000,2900,0.6741573033707865,118,60,58,196.01257633947267,0.4581948401392846,0.8452737416591569,0.12057550951019973,2130878.1678284383,9635.783908317042,2140513.951736755,1958,1,811.7846153846153,91,234,54,36.89161840200076,0.545224358974359,41.94972826086955,16515.217391304257,181.4859053989479,0
1960,64,0,2,321,0.0,0.006191950464396285,0.9938080495356038,323,10000,7500,2500,0.75,125,75,50,197.2443061898817,0.4575405104833696,0.8461498699701036,0.12180214921595597,2133174.422972921,9551.301808258238,2142725.724781179,1959,2,817.7058823529412,93,230,56,36.71809054751989,0.5471813725490196,41.810726950354585,16524.113475177164,177.67863951803403,0
1961,64,1,0,322,0.003105590062111801,0.0,1.0,322,10100,7600,2500,0.7524752475247525,126,76,50,228.25821898614052,0.4576391710686713,0.8719818622522757,0.13799525035221105,2120483.3093555197,22303.54871666567,2142786.8580721854,1960,0,819.4658385093168,72,250,45,36.704083518107915,0.54199016563147,42.57990867579909,16474.88584474887,228.81785895484543,8
1962,64,1,2,321,0.0030959752321981426,0.006191950464396285,0.9938080495356038,323,11050,8600,2450,0.7782805429864253,135,86,49,224.58428618440115,0.45786060419591174,0.8697918207852731,0.13645609373080306,2123494.7105563995,19730.708757332097,2143225.4193137316,1961,0,817.9256965944272,76,247,47,36.6118317403634,0.5439241486068112,42.39718614718615,16486.580086580092,216.92868534973806,0
1963,64,3,1,323,0.009259259259259259,0.0030864197530864196,0.9969135802469136,324,10400,7100,3300,0.6826923076923077,137,71,66,190.47636773689965,0.45786192969715506,0.8504765241176899,0.11723332983459621,2131200.3485830827,5988.660263543826,2137189.0088466266,1962,0,815.7253086419753,82,242,54,37.014601468657254,0.5501543209876543,41.930220883534126,16516.465863453777,201.4203154079729,8
1964,64,1,1,323,0.0030864197530864196,0.0030864197530864196,0.9969135802469136,324,10700,7700,3000,0.719626168224299,137,77,60,189.65075269203436,0.4575085760425028,0.8497677865234097,0.11720936107470893,2133663.4229628546,5430.174831272838,2139093.5977941277,1963,0,816.7037037037037,90,234,57,36.88399533055527,0.5518582818930041,41.781135531135504,16526.00732600718,183.622303622302,0
1965,64,1,2,322,0.0030864197530864196,0.006172839506172839,0.9938271604938271,324,8450,6000,2450,0.7100591715976331,109,60,49,190.70874280093747,0.457534455465097,0.8491898805574167,0.11404183234472036,2113887.3150898404,7377.358456727413,2121264.673546568,1964,0,817.679012345679,87,237,50,38.079002210657244,0.5376478909465021,42.98058712121215,16449.242424242595,189.07175200278846,8
1966,64,1,2,321,0.0030959752321981426,0.006191950464396285,0.9938080495356038,323,9700,6800,2900,0.7010309278350515,126,68,58,192.07321272181088,0.4577308039920774,0.850083460358418,0.11534775099131535,2116462.6200274527,7003.155006859499,2123465.775034312,1965,0,821.1393188854489,89,234,54,37.884413441344115,0.5393446852425181,42.8240740740741,16459.259259259397,184.9354972950494,0
1967,64,3,1,323,0.009259259259259259,0.0030864197530864196,0.9969135802469136,324,9900,6900,3000,0.696969696969697,129,69,60,191.80447474594777,0.4579521095312719,0.8501330461023635,0.11584605583762618,2119907.687057126,6621.556085177863,2126529.2431423035,1966,0,819.5061728395061,77,247,55,37.678088085231494,0.5414416152263375,42.614850427350426,16472.64957264957,213.9305139305139,0
1968,64,1,4,320,0.0030864197530864196,0.012345679012345678,0.9876543209876543,324,10000,6200,3800,0.62,138,62,76,190.3696290741531,0.45777732389251996,0.8483545587463688,0.11580914267792328,2124229.1501421053,6077.7430762109625,2130306.893218316,1967,0,820.4537037037037,81,243,43,37.44781908424549,0.5431777263374485,42.352642276422756,16489.430894308898,203.5732209173938,0
1969,64,1,5,316,0.003115264797507788,0.01557632398753894,0.9844236760124611,321,9450,6800,2650,0.7195767195767195,121,68,53,186.85973187360122,0.4575938635773624,0.8447316247245316,0.1143093381832239,2127567.00857426,5861.320153061051,2133428.328727321,1968,0,828.0031152647975,83,238,46,37.33212499398836,0.545268691588785,42.15029761904761,16502.380952380925,198.82386689615572,0
1970,64,1,0,317,0.0031545741324921135,0.0,1.0,317,10100,7100,3000,0.7029702970297029,131,71,60,186.26502897185227,0.4567240180223349,0.8436979701327023,0.1143113370220839,2129481.4494425156,5829.58477508619,2135311.0342176016,1969,0,837.6561514195583,84,233,53,37.229315122723655,0.5465628286014721,42.034313725490186,16509.803921568575,196.54528478057827,0
1971,64,1,1,317,0.0031446540880503146,0.0031446540880503146,0.9968553459119497,318,10700,7900,2800,0.7383177570093458,135,79,56,193.60059144003662,0.45693874041889043,0.8439842228541046,0.11550075336912954,2112470.135436354,7495.09352397911,2119965.2289603334,1970,0,836.0188679245283,92,226,47,38.09251347777443,0.5398322851153039,43.066756272401456,16443.727598566435,178.73616954963515,8
1972,64,3,0,320,0.009375,0.0,1.0,320,8450,5700,2750,0.6745562130177515,112,57,55,197.68706925871072,0.4574206504702194,0.8490439313680322,0.11810088810144843,2113303.220414385,11104.544019743644,2124407.764434129,1971,0,831.66875,87,233,53,37.93585905112854,0.5406901041666667,43.016098484848506,16446.96969696981,189.0456287008024,8
1973,64,3,0,323,0.009287925696594427,0.0,1.0,323,10400,7500,2900,0.7211538461538461,133,75,58,195.55257416214766,0.4581927164458461,0.8495254716628657,0.11753830035391552,2116982.1992370593,7796.263703251037,2124778.4629403106,1972,0,824.9349845201239,98,225,58,37.7627497102339,0.5428599071207431,42.792508417508444,16461.279461279617,167.9722394008124,0
1974,64,2,1,324,0.006153846153846154,0.003076923076923077,0.9969230769230769,325,8950,5800,3150,0.6480446927374302,121,58,63,204.88824342824196,0.45875593542260207,0.8555966166914721,0.12134102510465224,2108009.303076743,12431.26464755742,2120440.5677243005,1973,0,820.8523076923077,85,240,47,38.0794793141419,0.535352564102564,43.33817829457365,16426.356589147326,193.25125398996855,8
1975,64,1,1,324,0.003076923076923077,0.003076923076923077,0.9969230769230769,325,10250,7500,2750,0.7317073170731707,130,75,55,191.407517577068,0.45834718265273816,0.8544364937388191,0.11122328724072932,2096371.882086179,5002.267573696698,2101374.149659876,1974,0,821.8461538461538,83,242,51,39.14849806201555,0.5271153846153847,44.047619047619065,16380.952380952469,197.3608720596683,8
1976,64,0,3,321,0.0,0.009259259259259259,0.9907407407407407,324,9000,6300,2700,0.7,117,63,54,195.290858725761,0.4580992240950961,0.8570012995451586,0.11401058512202306,2099240.676662833,8192.502883506824,2107433.17954634,1975,1,825.3086419753087,84,240,54,38.87061403508771,0.5289994855967078,43.87254901960786,16392.156862745185,195.1447245564903,0
1977,64,2,2,321,0.006191950464396285,0.006191950464396285,0.9938080495356038,323,8850,6200,2650,0.7005649717514124,115,62,53,193.7121536795882,0.45786020357799867,0.855748105431466,0.11386208831317773,2103416.050882741,8041.45066014113,2111457.501542882,1976,0,828.749226006192,70,253,51,38.65152598950879,0.5305082559339525,43.61795774647884,16408.45070422519,234.40643863178843,0
1978,64,2,2,321,0.006191950464396285,0.006191950464396285,0.9938080495356038,323,9600,6700,2900,0.6979166666666666,125,67,58,189.33709693691935,0.45806852489279465,0.8522846702230997,0.11210381974678951,2107860.746913558,5619.246913579007,2113479.9938271367,1977,0,828.8421052631579,74,249,49,38.48783303569819,0.5325077399380804,43.347222222222186,16425.7777777776,221.96996996996756,0
1979,64,0,2,319,0.0,0.006230529595015576,0.9937694704049844,321,11850,8400,3450,0.7088607594936709,153,84,69,188.92215918173096,0.4576474071910696,0.8509150240543233,0.1122752227666821,2110125.3861115337,3679.888817673994,2113805.2749292077,1978,1,830.9096573208723,78,243,50,38.358044501497595,0.5344950674974039,43.20938818565397,16434.599156117965,210.69998918099955,0
1980,64,2,0,321,0.006230529595015576,0.0,1.0,321,10250,7500,2750,0.7317073170731707,130,75,55,187.1923489029832,0.457796274662513,0.8493290909561235,0.11191712774837859,2113768.590124911,4686.261484565353,2118454.8516094764,1979,0,831.8753894080996,81,240,52,38.17673322788976,0.5363772066458983,42.987804878048756,16448.78048780476,203.07136404697235,0
1981,64,0,0,321,0.0,0.0,1.0,321,10550,7200,3350,0.6824644549763034,139,72,67,209.21828547352166,0.4577313733125649,0.8607074716223653,0.12258894580159806,2101484.0247805547,13183.776922916892,2114667.8017034717,1980,1,832.8753894080996,72,249,50,38.374213486274314,0.5284916926272066,43.735730593607315,16400.913242009163,227.79046169457172,8
1982,64,0,1,320,0.0,0.003115264797507788,0.9968847352024922,321,9750,6900,2850,0.7076923076923077,126,69,57,206.67190146305776,0.4577642296209761,0.8593047905640729,0.12155404214238297,2103790.1816512477,13008.863424235089,2116799.0450754827,1981,2,833.8753894080996,73,248,49,38.29599002653489,0.5301791277258567,43.59515765765766,16409.909909909922,224.79328643712222,0
1983,64,0,1,319,0.0,0.003125,0.996875,320,9300,6600,2700,0.7096774193548387,120,66,54,197.56647446474904,0.4575212660005225,0.8526074728452535,0.11089063638009525,2074824.9851367364,8683.171488967919,2083508.1566257044,1982,3,837.43125,86,234,44,40.335672638359895,0.51591796875,45.36637931034482,16296.551724137888,189.49478748997544,6
1984,64,2,0,321,0.006230529595015576,0.0,1.0,321,9800,7400,2400,0.7551020408163265,122,74,48,193.47880975943934,0.45773826908099685,0.8508950415810923,0.10899430069941504,2077118.2966820914,6375.675154320692,2083493.971836412,1983,0,835.8068535825545,83,238,49,40.29635150482684,0.5126882139148494,45.225694444444436,16305.555555555497,196.45247657295778,8
1985,64,2,0,323,0.006191950464396285,0.0,1.0,323,10400,7300,3100,0.7019230769230769,135,73,62,190.9723526115917,0.4580408822567929,0.8504710892867777,0.10821104411830262,2080761.7979281463,4473.595154932636,2085235.393083079,1984,0,831.625386996904,88,235,51,40.13259053564053,0.5146736326109391,45.00234082397003,16319.850187265876,185.45284303711222,0
1986,64,4,2,325,0.012232415902140673,0.0061162079510703364,0.9938837920489296,327,11350,8500,2850,0.748898678414097,142,85,57,184.0292332015143,0.4586479772111843,0.847225773725252,0.10533346382857185,2087038.0015432285,65.2006172849733,2087103.2021605135,1985,0,822.440366972477,77,250,50,39.91828121459324,0.5173929663608563,44.618055555555586,16344.444444444593,212.2655122655142,0
1987,64,2,2,325,0.0061162079510703364,0.0061162079510703364,0.9938837920489296,327,9850,7400,2450,0.751269035532995,123,74,49,180.51597437411996,0.4592280163599182,0.8443190866511412,0.10392451846585694,2090638.4313652779,228.72670037760054,2090867.1580656555,1986,0,819.7094801223242,81,246,49,39.78383902390537,0.5196228338430173,44.397865853658566,16358.536585366006,201.95724179464204,0
1988,64,3,1,327,0.009146341463414634,0.003048780487804878,0.9969512195121951,328,8950,6400,2550,0.7150837988826816,115,64,51,176.2070276629923,0.4596815485069989,0.8411631559497399,0.10201459496278599,2094104.9215792522,-750.7992308145058,2093354.1223484378,1987,0,817.6920731707318,85,243,54,39.67842487373738,0.5218813516260163,44.186046511627936,16372.093023255973,192.6128590971291,0
1989,64,2,2,327,0.0060790273556231,0.0060790273556231,0.993920972644377,329,11000,8600,2400,0.7818181818181819,134,86,48,175.37720288958906,0.46014345021869674,0.841130412651788,0.10218839936017873,2098059.819835257,-3209.627460450557,2094850.1923748062,1988,0,815.8936170212766,90,239,59,39.45396903452694,0.5239045086119554,43.9445970695971,16387.545787545983,182.08384208384425,0
1990,64,2,3,326,0.0060790273556231,0.00911854103343465,0.9908814589665653,329,10400,7800,2600,0.75,130,78,52,170.86390376098745,0.4603890206835199,0.8369782785973725,0.10007742934572202,2101250.0000000186,-4394.444444443828,2096855.5555555748,1989,0,813.6413373860182,94,235,60,39.37161246612462,0.5260891590678825,43.75000000000002,16400.000000000146,174.46808510638454,0
1991,64,5,1,330,0.015105740181268883,0.0030211480362537764,0.9969788519637462,331,9100,5900,3200,0.6483516483516484,123,59,64,169.83253027356741,0.4612644572614361,0.8368569843486757,0.10064023888155076,2108374.0837191343,-3685.898919753241,2104688.184799381,1990,0,809.453172205438,83,248,52,38.956642430391184,0.5289841389728096,43.31597222222222,16427.777777777766,197.925033467202,0
1992,64,1,1,330,0.0030211480362537764,0.0030211480362537764,0.9969788519637462,331,10500,7400,3100,0.7047619047619048,136,74,62,168.13660317759468,0.4615089718941683,0.8348948584242293,0.1001894717781485,2111746.02918389,-5687.639175849193,2106058.390008041,1991,0,810.4108761329305,87,244,58,38.79154763001872,0.5309982376636455,43.11079545454546,16440.909090909136,188.97596656217397,0
1993,64,0,4,326,0.0,0.012121212121212121,0.9878787878787879,330,10500,7900,2600,0.7523809523809524,131,79,52,171.1979410989514,0.46144557274876424,0.8374682566649068,0.10239139989185089,2113986.8355624196,-4117.961248285032,2109868.8743141345,1992,1,813.8606060606061,89,241,59,38.574314030110635,0.5324179292929293,42.974537037037045,16449.62962962967,184.82729920932215,0
1994,64,1,4,323,0.0030581039755351682,0.012232415902140673,0.9877675840978594,327,9000,5600,3400,0.6222222222222222,124,56,68,172.48072117919935,0.4611670825437922,0.8376138847961185,0.10381283353410845,2117808.7627664916,-1343.7634556814037,2116464.99931081,1993,0,816.7339449541284,91,236,60,38.30510137464607,0.5345629459734964,42.74230072463769,16464.492753623217,180.92849179805734,0
1995,64,1,0,324,0.0030864197530864196,0.0,1.0,324,10100,7100,3000,0.7029702970297029,131,71,60,169.94301230299138,0.46088703512594126,0.8330385184210602,0.10287947949095005,2121297.590719796,-2800.0594884004186,2118497.5312313954,1994,0,820.6172839506173,81,243,60,38.15497335701599,0.5368441358024691,42.53048780487803,16478.048780487694,203.43270099367524,0
1996,64,2,0,326,0.006134969325153374,0.0,1.0,326,9500,7200,2300,0.7578947368421053,118,72,46,168.2267324448104,0.4609615384615385,0.8326102083768665,0.10241605400126579,2124681.820767446,-3214.3439614809795,2121467.476805965,1995,0,816.5766871165645,86,240,53,37.990412465343915,0.5388548057259714,42.32519157088121,16491.18773946351,191.7579969705059,0
1997,64,3,2,327,0.00911854103343465,0.0060790273556231,0.993920972644377,329,10500,7400,3100,0.7047619047619048,136,74,62,172.80293624366996,0.46127515938913194,0.8372856437234324,0.10616501774560487,2130130.261663765,-2681.44724060132,2127448.814423164,1996,0,810.1215805471124,91,238,57,37.53661627243602,0.5414766970618035,41.99501811594201,16512.318840579603,181.45405319318246,0
1998,64,0,0,327,0.0,0.0,1.0,327,9300,6800,2500,0.7311827956989247,118,68,50,173.86501014867883,0.4608962152054683,0.8371388918515197,0.10708600125206988,2131626.205268047,-576.9576375768747,2131049.24763047,1997,1,815.8807339449542,91,236,60,37.41705966220661,0.5427816004077473,41.90443840579708,16518.115942028853,181.51775760471267,0
1999,64,1,0,328,0.003048780487804878,0.0,1.0,328,10850,7800,3050,0.7188940092165899,139,78,61,182.10935550538275,0.46125236195022495,0.8442158172506979,0.11012969529443586,2120669.6627751114,788.7571055578865,2121458.419880669,1998,0,814.390243902439,81,247,54,37.880530882473884,0.5364583333333333,42.568597560975576,16475.609756097387,203.4025895814492,8
2000,64,2,3,327,0.006060606060606061,0.00909090909090909,0.990909090909091,330,10700,7800,2900,0.7289719626168224,136,78,58,182.42255859420663,0.46169579533941235,0.8445496712138318,0.11099807398214931,2124355.8079442196,806.0843699290481,2125161.8923141486,1999,0,810.4484848484849,85,245,45,37.64475209978687,0.5388573232323233,42.344961240310056,16489.92248062004,193.99908800729457,0
2001,64.09994324328399,1,2,326,0.003048780487804878,0.006097560975609756,0.9939024390243902,328,9200,6200,3000,0.6739130434782609,122,62,60,178.7283988954839,0.46151477928196716,0.8402399544383943,0.10911601745856263,2129687.7909345045,1327.1378041964535,2131014.928738701,2000,0,815.0213414634146,87,241,46,37.61580451852873,0.5401105182926829,42.223011363636346,16523.49034101547,189.92517633351113,0
2002,64.51638437014722,1,0,327,0.0030581039755351682,0.0,1.0,327,10100,6900,3200,0.6831683168316832,133,69,64,208.90785376235482,0.46181278650181673,0.8629856750539318,0.12573634454888039,2134890.1197665893,13699.062587779543,2148589.1823543687,2001,0,813.9266055045872,90,237,51,37.3683664085907,0.5341488277268094,42.742673992674014,16597.312526725036,184.41458363027817,8
2003,64.02163356524598,1,0,328,0.003048780487804878,0.0,1.0,328,10900,8100,2800,0.7431192660550459,137,81,56,203.73402495079088,0.4619081139205887,0.860358452707924,0.12332145265388673,2121944.8432387523,9962.472727321143,2131907.3159660734,2002,0,812.4420731707318,71,257,50,37.28927848954815,0.5358866869918699,42.534722222222214,16483.347669663133,232.15982633328358,0
2004,64.44773703982935,1,2,327,0.00303951367781155,0.0060790273556231,0.993920972644377,329,9400,6400,3000,0.6808510638297872,124,64,60,200.25201039494655,0.4620010595052759,0.8580624033893953,0.12185302843393447,2139248.9151808745,10477.779200035728,2149726.69438091,2003,0,810.9696048632219,76,253,46,37.18344184255665,0.5374873353596759,42.34307359307359,16605.40583956424,218.49218209952946,0
2005,64.22337963919841,1,3,325,0.003048780487804878,0.009146341463414634,0.9908536585365854,328,10450,7800,2650,0.7464114832535885,131,78,53,202.87923398146904,0.46195259472663536,0.8589320772260867,0.12402743797486525,2134597.9714775784,10563.120262353737,2145161.091739932,2004,0,814.4268292682926,77,251,47,36.9433941089126,0.5389672256097561,42.1741452991453,16558.447747253816,215.04477593836125,0
2006,64.64504874074566,0,1,324,0.0,0.003076923076923077,0.9969230769230769,325,9400,6700,2700,0.7127659574468085,121,67,54,203.49903706738638,0.46158159227603673,0.8553754400842466,0.11893435931905105,2121086.377021372,11927.807052120028,2133014.184073492,2005,1,822.6953846153846,89,236,54,38.618004412717056,0.5248717948717949,43.83101851851852,16560.056293737543,186.06804824424205,8
2007,64.57614081851183,0,0,324,0.0,0.0,1.0,324,11350,7900,3450,0.6960352422907489,148,79,69,178.0766011278912,0.4614916182522392,0.8378834410707146,0.10220201209925256,2107516.5514329155,-1090.1231400102824,2106426.4282929054,2006,2,826.2067901234568,82,242,54,39.965982217419054,0.5193222736625515,44.51556224899599,16498.199029147192,201.19754913594136,8
2008,64.85093470331783,1,2,323,0.003076923076923077,0.006153846153846154,0.9938461538461538,325,10750,7600,3150,0.7069767441860465,139,76,63,175.71387835632837,0.46162037037037035,0.8352717220979986,0.10135911467372533,2119668.0956977364,-1258.9796153558618,2118409.1160823805,2007,0,824.6615384615385,88,237,51,39.83091096360723,0.5210897435897436,44.323501872659165,16580.859885229078,188.41886233214862,0
2009,64.81056267020303,3,1,325,0.009202453987730062,0.003067484662576687,0.9969325153374233,326,9300,6800,2500,0.7311827956989247,118,68,50,174.98317018852615,0.4620550180902942,0.8356515968798466,0.10175738858749567,2123400.323330261,-188.13596886573396,2123212.187361395,2008,0,822.0644171779142,92,234,56,39.53957731688107,0.5232937116564418,44.01881720430108,16590.28448997337,180.32917923884096,0
2010,64.3353024659061,2,0,327,0.0061162079510703364,0.0,1.0,327,10000,6900,3100,0.69,131,69,62,180.89973026723897,0.4621567450266724,0.8358971654223688,0.10436813636285118,2102919.3528975192,683.5087425835882,2103602.8616401027,2009,0,820.5321100917431,89,238,49,39.69183340123424,0.5222031090723751,44.317129629629626,16449.434800628824,184.82511011942498,8
2011,64.15747620029265,3,0,330,0.00909090909090909,0.0,1.0,330,9950,6600,3350,0.6633165829145728,133,66,67,206.44387094372055,0.4627218230941635,0.8529522942649304,0.11647842451561533,2083201.7975497947,10062.848608618697,2093264.6461584133,2010,0,814.0636363636364,88,242,51,39.90531085901499,0.514709595959596,45.166198501872636,16349.49355464607,185.78969948461443,8
2012,63.74389649669173,2,2,330,0.006024096385542169,0.006024096385542169,0.9939759036144579,332,9750,7300,2450,0.7487179487179487,122,73,49,205.10292282515286,0.46328668146907875,0.8526160978383657,0.11640142222270507,2073416.1466828394,8902.742383503308,2082318.8890663427,2011,0,810.1536144578313,96,236,55,39.71069639173089,0.5168172690763052,44.94201030927835,16258.390095499642,169.3582301614546,0
2013,63.51740052505115,5,0,335,0.014925373134328358,0.0,1.0,335,10850,8000,2850,0.7373271889400922,137,80,57,198.5016724146993,0.46404876813537105,0.849500959606359,0.1137518816359133,2072030.632836593,4410.309182510147,2076440.9420191033,2012,0,803.1910447761194,80,255,57,39.50277749807001,0.5194651741293532,44.57304526748971,16224.056188638957,202.80070235798695,0
2014,63.6361741474833,2,6,331,0.005934718100890208,0.017804154302670624,0.9821958456973294,337,11350,8500,2850,0.748898678414097,142,85,57,195.10532054771673,0.46460622144505676,0.846561612713415,0.11252549582136483,2079857.327321136,2408.246108101059,2082265.573429237,2013,0,799.4183976261128,87,250,48,39.341761578468144,0.5220079129574678,44.33001893939392,16269.859439056398,187.00987860984364,0
2015,63.3384358832058,3,1,333,0.008982035928143712,0.0029940119760479044,0.9970059880239521,334,11100,7500,3600,0.6756756756756757,147,75,72,196.56418966794897,0.46366107874341406,0.8472740523336755,0.11411543984436029,2074145.1326465444,3640.531450477318,2077785.6640970218,2014,0,806.5508982035929,90,244,54,39.05152748579861,0.5246070359281437,44.081959706959694,16209.448386456334,180.10498207173703,0
2016,63.680714007069625,2,1,334,0.005970149253731343,0.0029850746268656717,0.9970149253731343,335,9050,6900,2150,0.7624309392265194,112,69,43,226.2433440274806,0.46389795036792086,0.8663971487231534,0.13429306750989034,2098869.363330304,18921.044687335827,2117790.40801764,2015,0,805.1283582089552,83,252,44,37.44526017516745,0.5345460199004974,43.25396825396827,16349.770620069137,196.98518819360407,8
2017,63.76018303353825,4,1,337,0.011834319526627219,0.0029585798816568047,0.9970414201183432,338,9150,6800,2350,0.7431693989071039,115,68,47,225.61859238685057,0.46456965246197157,0.8673245225525286,0.1347875520285791,2105384.377171676,18252.771922148666,2123637.149093825,2016,0,798.9704142011834,87,251,50,37.218063872255534,0.5366432445759368,43.01609848484851,16385.34059727897,188.33724824458585,0
2018,63.700918238295735,0,4,333,0.0,0.011869436201780416,0.9881305637982196,337,9550,6800,2750,0.7120418848167539,123,68,55,271.3418529565627,0.46417274563138805,0.8851223305712308,0.1587517653501327,2090750.4535369033,36511.620426494555,2127262.0739633976,2017,1,802.3353115727003,99,238,43,36.83966227570876,0.5290244807121662,43.79166666666665,16320.706093636581,164.85561710744022,7
2019,63.80448524863798,1,0,334,0.0029940119760479044,0.0,1.0,334,10450,7500,2950,0.7177033492822966,134,75,59,268.0079373188209,0.46393830207452963,0.883085540580403,0.15739661961205118,2096464.2953755711,35123.81429323322,2131588.1096688043,2018,0,810.2784431137725,72,262,48,36.77973374153449,0.5307198103792415,43.65011415525117,16356.272509871422,227.17045152599198,0
2020,64.15216178222977,4,5,333,0.011834319526627219,0.014792899408284023,0.985207100591716,338,9550,6400,3150,0.6701570680628273,127,64,63,261.37949580984707,0.4643668170830919,0.8775551604728209,0.15450993373904462,2111887.9274338894,33250.8403359158,2145138.767769805,2019,0,801.6775147928994,81,257,38,36.70019761704377,0.5328525641025641,43.407012195121986,16460.994865844426,203.2221588375855,0
2021,63.92624520960418,2,1,334,0.005970149253731343,0.0029850746268656717,0.9970149253731343,335,9850,7000,2850,0.7106598984771574,127,70,57,245.8022215152828,0.4640740906247207,0.8743767236242188,0.14466065167866618,2101754.6961374944,26473.194678154698,2128227.890815649,2020,0,809.7880597014926,69,266,54,37.26835731971524,0.5313432835820895,43.57142857142856,16392.51573589132,237.57269182451188,7
2022,63.987894056868875,2,0,336,0.005952380952380952,0.0,1.0,336,10700,7500,3200,0.7009345794392523,139,75,64,242.56151753389344,0.46429515369580665,0.8713981800795523,0.14354367428270032,2107149.918525767,24322.69638180647,2131472.6149075734,2021,0,808.3690476190476,75,261,44,37.14128035320091,0.533265128968254,43.36622807017545,16421.454609660326,218.95272812880435,0
2023,64.48173880994725,2,6,332,0.005917159763313609,0.01775147928994083,0.9822485207100592,338,9600,7100,2500,0.7395833333333334,121,71,50,240.88277178108297,0.464765171866861,0.8724110944968277,0.14355233440032575,2127704.437287628,25305.46847695076,2153009.905764579,2022,0,804.5798816568048,80,258,47,36.91888599652915,0.5352564102564102,43.10699588477367,16564.90759346075,207.06134491825938,0
2024,64.74848950532896,1,3,330,0.003003003003003003,0.009009009009009009,0.990990990990991,333,12100,9800,2300,0.8099173553719008,144,98,46,243.46903334521994,0.46425190250491455,0.8740736733301788,0.14603965859489465,2140489.459604982,25528.57992313167,2166018.0395281133,2023,0,817.3753753753754,84,249,51,36.60727051758649,0.5371621621621622,42.867647058823536,16648.93145589234,198.20156495109927,0
2025,64.46666451347699,2,1,331,0.006024096385542169,0.0030120481927710845,0.9969879518072289,332,10000,7000,3000,0.7,130,70,60,240.45632611581806,0.46416424762494085,0.8728720550217053,0.14486027451367625,2133814.418024485,26217.835114226342,2160032.253138711,2024,0,817.789156626506,87,245,49,36.521592442645066,0.5395017570281124,42.70833333333334,16586.735557113407,190.65213284038398,0
2026,64.12779933460288,0,3,328,0.0,0.00906344410876133,0.9909365558912386,331,8550,5800,2750,0.6783625730994152,113,58,55,203.56715163184546,0.46413607372821875,0.8599540036820132,0.11761000515255389,2097001.3362309942,10626.117796943936,2107627.454027938,2025,1,821.2114803625377,80,251,46,39.05846659291296,0.5243894763343404,44.26440329218109,16399.76102839406,204.99701285492574,8
2027,64.12634041422528,4,0,332,0.012048192771084338,0.0,1.0,332,9800,7500,2300,0.7653061224489796,121,75,46,204.60314027009863,0.4647337461628993,0.8634368183153098,0.11866746485633763,2099348.770527457,9706.670194417973,2109055.440721875,2026,0,810.460843373494,81,251,50,38.88297630276853,0.5218687248995983,44.118394308943095,16408.750952283317,202.5771722504113,8
2028,64.02767499804716,2,2,332,0.005988023952095809,0.005988023952095809,0.9940119760479041,334,10050,7100,2950,0.7064676616915423,130,71,59,203.07155714991742,0.4650277148405891,0.8637577680246116,0.11835927996227409,2099143.698676161,8405.275914321142,2107548.974590482,2027,0,806.6017964071856,84,250,53,38.733847810481,0.5239209081836327,43.93382352941177,16395.321925051423,195.1824038696598,0
2029,64.14913208670231,2,1,333,0.005988023952095809,0.0029940119760479044,0.9970059880239521,334,11350,8400,2950,0.7400881057268722,143,84,59,199.84719792915013,0.4650338961716207,0.8621946728597478,0.11714799834410333,2106642.6614907626,6051.326587386642,2112693.988078149,2028,0,807.5598802395209,68,266,54,38.59811891297518,0.5261976047904191,43.719806763285,16440.151967147514,241.7669406933458,0
2030,64.31579522839074,3,1,335,0.008928571428571428,0.002976190476190476,0.9970238095238095,336,11450,8600,2850,0.7510917030567685,143,86,57,192.728718483984,0.46531349946695094,0.8513173357627157,0.11054776724355936,2098662.5994008775,2244.510662559005,2100907.1100634364,2029,0,803.6904761904761,85,251,53,39.613806441926215,0.5200582837301587,44.537306201550365,16430.286302834047,193.29748591569466,8
2031,64.52718158809164,4,1,338,0.011799410029498525,0.0029498525073746312,0.9970501474926253,339,11000,7900,3100,0.7181818181818181,141,79,62,191.28979699247424,0.4659559674876217,0.853209882103817,0.11079705109061577,2111637.0401988765,1986.9241482857287,2113623.9643471623,2030,0,797.5634218289085,91,248,47,39.27514383713211,0.5226462635201573,44.16893115942027,16508.057834951516,181.40722895551116,0
2032,64.03180599692357,3,0,341,0.008797653958944282,0.0,1.0,341,10850,8400,2450,0.7741935483870968,133,84,49,197.07668822459232,0.4667320740612961,0.8566363753681503,0.11068833837244463,2076268.0182678623,2786.8049813740345,2079054.8232492362,2031,0,793.8768328445748,90,251,48,40.32238429151498,0.5157624633431085,45.34111721611723,16306.268177810982,181.18075753123313,8
2033,63.87216848949065,4,1,344,0.011594202898550725,0.002898550724637681,0.9971014492753624,345,11850,8200,3650,0.6919831223628692,155,82,73,183.641114967706,0.4677522188518144,0.8500208607344846,0.10355825942088194,2073608.9586128965,-4690.027766660323,2068918.9308462362,2032,0,785.6608695652174,94,251,52,40.506978211913896,0.5179649758454106,45.186403508771946,16275.496968500896,173.14358477128613,8
2034,63.47151769220627,3,9,338,0.008645533141210375,0.025936599423631124,0.9740634005763689,347,9450,6800,2650,0.7195767195767195,121,68,53,170.06584362139972,0.46826049596597313,0.8406233322659837,0.09811490978157635,2074667.861033011,-8283.971995843529,2066383.8890371674,2033,0,782.1123919308358,98,249,45,39.9699074074074,0.5271974063400576,44.318181818181806,16228.513046302663,165.5970719010476,8
2035,63.127383996078734,2,1,339,0.0058823529411764705,0.0029411764705882353,0.9970588235294118,340,9800,6900,2900,0.7040816326530612,127,69,58,196.18722288356466,0.4673401440222107,0.85536323882071,0.11268604950750144,2060722.9032429822,3057.5007039589736,2063780.4039469413,2034,0,797.0411764705882,84,256,43,39.47242206235015,0.5243872549019608,44.485294117647044,16129.974954880321,192.02351136762286,8
2036,62.81997682546285,2,1,340,0.005865102639296188,0.002932551319648094,0.9970674486803519,341,9050,6400,2650,0.7071823204419889,117,64,53,192.16232263876697,0.4679266574665057,0.8546542641419304,0.11117244320200888,2055061.5730910972,1731.0810101724655,2056792.6541012696,2035,0,794.9442815249267,89,252,49,39.29769984917043,0.5263318670576735,44.212962962962955,16068.535738920435,180.54534538112847,0
2037,63.0607038049342,0,2,338,0.0,0.0058823529411764705,0.9941176470588236,340,10650,6600,4050,0.6197183098591549,147,66,81,189.56806489144682,0.4680989357394875,0.8523912490460448,0.11007268287862218,2065154.1485032656,-352.5448731392098,2064801.6036301265,2036,1,795.935294117647,95,245,52,39.22401000593573,0.5278186274509804,44.075520833333314,16138.777777161107,169.88187133853796,0
2038,63.36943238351678,1,2,337,0.0029498525073746312,0.0058997050147492625,0.9941002949852508,339,9750,6900,2850,0.7076923076923077,126,69,57,187.58575276041665,0.46787635347029494,0.8506555744768003,0.10937357104317286,2077786.4651792191,402.62762920873774,2078189.092808428,2037,0,799.1445427728613,97,242,55,39.11637334661575,0.530051622418879,43.92006802721085,16227.63993392503,167.2952570507735,0
2039,63.08631889329486,3,2,338,0.008823529411764706,0.0058823529411764705,0.9941176470588236,340,9650,7100,2550,0.7357512953367875,122,71,51,184.10742349311982,0.467962830412401,0.8489289365685071,0.10808836231236024,2072672.4311319047,-1331.1237918159504,2071341.3073400888,2038,0,797.5529411764705,82,258,59,38.94277845777238,0.5321384803921569,43.66214859437755,16171.411438197325,197.2123346121625,0
2040,63.42697489653063,4,2,340,0.011695906432748537,0.005847953216374269,0.9941520467836258,342,10300,7000,3300,0.6796116504854369,136,70,66,197.8507803431864,0.4685799348893576,0.8601177110757814,0.11224253147755534,2062870.1820059002,2928.0950513113085,2065798.2770572116,2039,0,788.1988304093567,100,242,47,39.91063124267056,0.520071881091618,44.95668316831682,16176.626054211014,161.76626054211013,8
2041,62.99766126988189,4,2,342,0.011627906976744186,0.005813953488372093,0.9941860465116279,344,10950,8100,2850,0.7397260273972602,138,81,57,195.8815946235931,0.46933019470246573,0.8604483276242505,0.1125213341850883,2056546.9600747705,817.9395915492623,2057364.8996663198,2040,0,784.2761627906976,83,261,45,39.476512577853235,0.5225896317829457,44.48164682539681,16097.058661531617,193.94046580158576,0
2042,62.778497644695456,3,0,345,0.008695652173913044,0.0,1.0,345,10600,7900,2700,0.7452830188679245,133,79,54,190.6916784262973,0.46959576171216716,0.8574989378275042,0.11045725523938289,2054448.133512107,-1246.7674361611716,2053201.3660759458,2041,0,782.895652173913,89,256,52,39.28813789359392,0.5249698067632851,44.16666666666665,16060.83231410116,180.45879004608045,0
2043,63.312471164008855,2,2,345,0.005763688760806916,0.005763688760806916,0.9942363112391931,347,10050,7800,2250,0.7761194029850746,123,78,45,190.33143593185105,0.4696819837528388,0.859201722814122,0.1110559917327064,2076365.0689607228,-410.4909811937523,2075954.577979529,2042,0,779.3775216138329,94,253,57,39.018013871644456,0.5272874639769453,43.892543859649116,16214.795931773591,172.49782906142119,0
2044,63.22581124387726,3,2,346,0.008620689655172414,0.005747126436781609,0.9942528735632183,348,10350,6800,3550,0.6570048309178744,139,68,71,188.86461666186028,0.47001322225534686,0.859446279482502,0.1112088383123382,2079037.4804001942,-1418.676647715245,2077618.803752479,2043,0,777.0775862068965,78,270,57,38.70882393267864,0.5293342911877394,43.55221518987343,16214.119236315568,207.87332354250728,0
2045,63.16339282909281,2,3,345,0.005747126436781609,0.008620689655172414,0.9913793103448276,348,11800,9100,2700,0.7711864406779662,145,91,54,185.58573332971983,0.4703774208596951,0.8559087599755995,0.10969356224128793,2079270.6984171122,-4223.404528651724,2075047.2938884606,2044,0,777.4080459770115,82,266,45,38.64922148854652,0.5309806034482758,43.41114457831328,16207.022670567427,197.6466179337491,0
2046,62.829386617798654,0,4,341,0.0,0.011594202898550725,0.9884057971014493,345,11050,7600,3450,0.6877828054298643,145,76,69,188.3445495191434,0.4698545107291316,0.8560148517390265,0.11172579700694861,2070428.7871590313,-2059.2045542124943,2068369.5826048187,2045,2,785.0405797101449,85,260,46,38.44239010772982,0.532548309178744,43.27761627906979,16129.709900245305,189.7612929440624,0
2047,62.39860472469752,1,1,341,0.0029239766081871343,0.0029239766081871343,0.9970760233918129,342,9350,6200,3150,0.6631016042780749,125,62,63,190.6497182347811,0.46953726569600934,0.8564947517499808,0.11346945299077003,2058201.6387741088,729.1125005299637,2058930.7512746388,2046,0,792.7105263157895,83,259,49,38.25801467748166,0.5337475633528266,43.15476190476191,16026.784487325624,193.09378900392318,0
2048,62.821663439750544,2,2,341,0.0058309037900874635,0.0058309037900874635,0.9941690962099126,343,9650,6700,2950,0.694300518134715,126,67,59,191.15014274678285,0.4696438516927239,0.8567022504374819,0.11377782636526072,2072211.317969421,970.6978462710013,2073182.015815692,2047,0,791.2157434402333,86,257,51,38.241675212878384,0.5313714771622935,43.15134099616859,16135.660010889991,187.6239536149999,8
2049,62.71824058987134,1,0,342,0.0029239766081871343,0.0,1.0,342,10950,7300,3650,0.6666666666666666,146,73,73,190.40104170495846,0.4695994323541013,0.8559327477482455,0.11412759688165043,2072955.223031212,-411.433225424129,2072543.789805788,2048,0,792.578947368421,89,253,55,37.99818432820143,0.533321150097466,42.89351851851853,16125.266162770931,181.18276587383068,0
2050,62.36600960704538,2,2,342,0.005813953488372093,0.005813953488372093,0.9941860465116279,344,10000,6800,3200,0.68,132,68,64,200.04506388930199,0.4699093300110742,0.8591858698777386,0.12005236690586528,2062020.940527054,3699.422157763609,2065720.3626848175,2049,0,788.9651162790698,95,249,55,37.70522138768165,0.5353076550387597,42.84939236111114,16037.457266464688,168.8153396469967,6
2051,62.74455697736052,1,2,341,0.0029154518950437317,0.0058309037900874635,0.9941690962099126,343,10250,6900,3350,0.6731707317073171,136,69,67,209.8113093249704,0.4699493205803625,0.8652535719399161,0.12663855250135783,2077934.7563510498,8344.842384374992,2086279.5987354247,2050,0,791.734693877551,74,269,53,37.23916171973378,0.5371112730806609,42.63888888888887,16148.008899867842,218.21633648470058,0
2052,62.89511152352711,3,3,341,0.00872093023255814,0.00872093023255814,0.9912790697674418,344,9050,6200,2850,0.6850828729281768,119,62,57,204.66428680091576,0.4699977893981513,0.862347276479521,0.12453557525265958,2087700.807493713,7605.559363878629,2095306.3668575916,2051,0,790.2558139534884,79,265,46,37.070446735395166,0.5387899709302326,42.34374999999997,16205.318578483642,205.13061491751446,0
2053,63.356207466240875,1,0,342,0.0029239766081871343,0.0,1.0,342,11150,8000,3150,0.7174887892376681,143,80,63,202.04684752319136,0.46975306260111016,0.8608456224477512,0.12360298104357181,2106180.0856499337,5559.40932433821,2111739.494974272,2052,0,795.7397660818714,81,261,50,36.939599960587245,0.5402655945419104,42.14939024390242,16336.436727003918,201.68440403708541,0
2054,63.0972375766278,1,1,342,0.0029154518950437317,0.0029154518950437317,0.9970845481049563,343,10300,7400,2900,0.7184466019417476,132,74,58,200.90090449640834,0.469841696076927,0.8611646339207957,0.12353268382864187,2100583.697240712,5501.832949213209,2106085.5301899253,2053,0,794.4169096209913,83,260,53,36.78032487504804,0.5418185131195336,41.964285714285694,16281.340767540465,196.16073213904176,0
2055,62.973614514841024,1,1,342,0.0029154518950437317,0.0029154518950437317,0.9970845481049563,343,10000,6800,3200,0.68,132,68,64,198.09847276564227,0.46967972652720236,0.8598575650278784,0.12245313161755789,2099554.396245654,4583.703876930558,2104138.100122585,2054,0,795.3381924198251,86,257,57,36.659016089395806,0.543488824101069,41.77442528735631,16261.397799827238,189.0860209282237,0
2056,62.80462369449635,1,3,340,0.0029154518950437317,0.008746355685131196,0.9912536443148688,343,11800,8500,3300,0.7203389830508474,151,85,66,196.5314336820158,0.4698456032371177,0.863458288254227,0.11903817830832569,2081987.4246403878,1435.1946945007057,2083422.6193348884,2055,0,796.3206997084548,73,270,51,37.45079816313138,0.5395711856171039,42.51126126126126,16171.483342056981,221.52716906927373,7
2057,63.0924349630191,0,0,340,0.0,0.0,1.0,340,10350,7500,2850,0.7246376811594203,132,75,57,184.90107109965186,0.46959139481751405,0.8496535950615081,0.1127991714427224,2095767.484024217,-848.0694856194696,2094919.4145385975,2056,1,798.2,90,250,41,37.484641234030576,0.5477634803921569,42.25045787545789,16262.046223240714,180.68940248045237,8
2058,63.05643339976201,2,1,341,0.005847953216374269,0.0029239766081871343,0.9970760233918129,342,11050,7900,3150,0.7149321266968326,142,79,63,185.62344921715908,0.469583354770112,0.8521323500896432,0.11383227370658133,2097645.388629148,-1575.5655456375807,2096069.8230835102,2057,0,794.5263157894736,94,248,48,37.273458312078496,0.5497076023391814,42.06140350877194,16264.687930877255,173.0285950093325,0
2059,63.152131800567076,1,2,340,0.0029239766081871343,0.005847953216374269,0.9941520467836258,342,10100,6900,3200,0.6831683168316832,133,69,64,190.36873704998914,0.4693212901510864,0.8558215557915221,0.11744271972646456,2104346.6801796025,1620.3639642258822,2105967.0441438286,2058,0,795.4941520467836,98,244,52,36.93108484477953,0.5515046296296297,41.84553872053873,16303.00456362498,166.3571894247447,0
2060,63.38403027712107,1,2,339,0.002932551319648094,0.005865102639296188,0.9941348973607038,341,11250,8600,2650,0.7644444444444445,139,86,53,188.88401354293666,0.46878953194180895,0.8515170717252161,0.1161337020831548,2110081.1928896424,262.1209228928574,2110343.3138125353,2059,0,798.3929618768328,96,245,53,37.09352977082295,0.5519916911045943,41.96735395189004,16355.149049599095,170.3661359333239,8
2061,63.76143921708232,1,3,337,0.0029411764705882353,0.008823529411764706,0.9911764705882353,340,10850,7700,3150,0.7096774193548387,140,77,63,168.51142355311464,0.4685426788709584,0.8385540410341472,0.10307576278740437,2119583.2908185236,-7415.20046495525,2112168.0903535686,2060,0,799.2941176470588,91,249,51,37.80852508087062,0.5486213235294117,42.15353260869564,16440.66185790998,180.6666138231866,8
2062,64.19795227174356,1,5,333,0.0029585798816568047,0.014792899408284023,0.985207100591716,338,10750,7800,2950,0.7255813953488373,137,78,59,166.32969697633627,0.46816307598663226,0.8354776172663745,0.10223595879382003,2136999.1137105487,-7260.7169955652935,2129738.3967149835,2061,0,804.7189349112426,96,242,54,37.68642221944757,0.5502342209072979,41.97809278350515,16564.47808454874,172.5466467140494,0
2063,63.91436284703559,1,1,333,0.0029940119760479044,0.0029940119760479044,0.9970059880239521,334,9500,6300,3200,0.6631578947368421,127,63,64,167.2195485640732,0.46793237848627073,0.8346196495897076,0.1034738675239895,2131540.5304230438,-5012.9509513263565,2126527.5794717176,2062,0,814.374251497006,103,231,55,37.41811292094885,0.5522704590818364,41.736778846153854,16506.729226871183,160.25950705700177,0
2064,64.19077711049334,0,0,333,0.0,0.0,1.0,333,9400,6600,2800,0.7021276595744681,122,66,56,169.56245228243506,0.46779497871365344,0.8362755844397318,0.10523782226108247,2142538.3740482517,-3341.187837431463,2139197.18621082,2063,1,817.8048048048048,83,250,58,37.24847012239023,0.5534284284284284,41.62946428571429,16585.0054699545,199.8193430115,0
2065,64.3504440915723,0,0,333,0.0,0.0,1.0,333,9500,6300,3200,0.6631578947368421,127,63,64,170.82155543816665,0.46770038110399553,0.836504293187873,0.10623579423873497,2149083.0993687348,-2678.056439991211,2146405.0429287436,2064,2,818.8048048048048,84,249,60,37.14159830559379,0.5543668668668669,41.55637254901961,16630.962199107475,197.98764522746993,0
2066,63.87991493536484,1,4,330,0.0029940119760479044,0.011976047904191617,0.9880239520958084,334,11000,7700,3300,0.7,143,77,66,165.0966890706986,0.46790259570948195,0.8301432436301255,0.10331600311764699,2137038.2212237474,-7236.413051685052,2129801.8081720625,2065,0,817.3502994011976,93,241,48,37.063733470425284,0.5562936626746506,41.33421985815602,16523.548032150713,177.67255948549155,0
2067,63.95701493905804,1,2,329,0.0030211480362537764,0.006042296072507553,0.9939577039274925,331,9850,7100,2750,0.7208121827411168,126,71,55,167.1574940787513,0.46730713479202907,0.8318773039515073,0.10509685987755674,2142375.9667628873,-4427.1604042751715,2137948.806358612,2066,0,822.2990936555891,95,236,51,36.84095609401639,0.557936807653575,41.1675347222222,16554.151848483914,174.25422998404122,0
2068,63.5402158507994,0,1,328,0.0,0.00303951367781155,0.9969604863221885,329,8400,5400,3000,0.6428571428571429,114,54,60,170.17828200972258,0.46675918031976676,0.8340435384471363,0.10194174757281566,2099744.8986133067,-2733.804099060784,2097011.0945142459,2067,1,828.1428571428571,104,225,55,38.5416666666667,0.5396719858156028,42.9166666666667,16335.13049164323,157.06856241964644,8
2069,63.35966996970234,1,0,329,0.00303951367781155,0.0,1.0,329,10300,7800,2500,0.7572815533980582,128,78,50,170.1825055019199,0.4671144080361776,0.835324541070352,0.1024706129065072,2096858.9969956607,-4730.256441406134,2092128.7405542545,2068,0,828.2765957446809,107,222,55,38.349297693134424,0.5413500506585613,42.727623456790155,16300.692870098985,152.34292401961667,0
2070,63.62997056177209,1,1,329,0.0030303030303030303,0.0030303030303030303,0.996969696969697,330,9100,6100,3000,0.6703296703296703,121,61,60,184.43428479946905,0.46751519756838905,0.8500762535942823,0.10979150880471068,2098935.1250593914,2323.119726163043,2101258.2447855542,2069,0,826.7636363636364,82,248,52,38.41035131437505,0.5328282828282829,43.1475903614458,16343.511264021528,199.3111129758723,8
2071,63.95825468173463,1,2,328,0.0030303030303030303,0.006060606060606061,0.9939393939393939,330,8900,6400,2500,0.7191011235955056,114,64,50,186.0898125564655,0.46756163458291117,0.8516670807595319,0.11137050203252465,2113001.7668558187,3741.6205451361357,2116743.387400955,2070,0,827.6757575757575,85,245,54,38.167153582760044,0.5344065656565656,42.95058139534885,16440.432180908152,193.41684918715472,0
2072,64.10944767171391,2,1,329,0.006060606060606061,0.0030303030303030303,0.996969696969697,330,11600,8900,2700,0.7672413793103449,143,89,54,183.8030374827586,0.46753131620152893,0.8500334422904734,0.11055733025461914,2121046.7518271212,370.96712575315723,2121417.718952874,2071,0,827.9636363636364,90,240,54,38.03752076658361,0.5367424242424242,42.76556776556778,16491.15737269645,183.23508191884943,0
2073,64.45718580994253,0,0,329,0.0,0.0,1.0,329,9750,7300,2450,0.7487179487179487,122,73,49,184.78240108898606,0.46765497195245503,0.8505339662133478,0.11169611441429804,2135546.9283674858,3372.297812390336,2138919.226179876,2072,1,828.6504559270517,75,254,55,37.82840148731873,0.5383105369807497,42.58497807017543,16592.247898801103,221.2299719840147,0
2074,64.84801115077168,1,1,329,0.0030303030303030303,0.0030303030303030303,0.996969696969697,330,9250,7000,2250,0.7567567567567568,115,70,45,186.68294774022652,0.46777309569862763,0.8518076606771199,0.11355350405582124,2152306.577447003,5109.787263697026,2157416.3647107,2073,0,827.1363636363636,79,251,47,37.547011084718896,0.5399621212121213,42.356770833333336,16707.650997920842,211.4892531382385,0
2075,64.4887923324651,1,0,330,0.0030303030303030303,0.0,1.0,330,9400,6800,2600,0.723404255319149,120,68,52,183.63598950706665,0.4678652021737128,0.8497926189266971,0.11224189992797759,2143304.381977278,3317.5641998456613,2146621.9461771236,2074,0,825.5909090909091,80,250,52,37.446586525671705,0.5414141414141413,42.18106995884773,16626.431438802185,207.83039298502732,0
2076,64.05196292345639,0,0,330,0.0,0.0,1.0,330,10100,7200,2900,0.7128712871287128,130,72,58,184.58402425230523,0.4677385557704707,0.8509001469776365,0.11330485265626113,2131343.0044641453,2582.3737651978563,2133925.3782293433,2075,1,826.5909090909091,83,247,54,37.26450712237015,0.5430555555555556,42.02628968253967,16523.72252848038,199.0809943190407,0
2077,64.41593825080388,3,1,332,0.009009009009009009,0.003003003003003003,0.996996996996997,333,9500,6600,2900,0.6947368421052632,124,66,58,186.8695265346265,0.4680094250877383,0.8538964033844589,0.11560086065664062,2148101.416850553,4182.938943044077,2152284.355793597,2076,0,820.1351351351351,90,243,58,36.92082945495914,0.5452014514514514,41.746794871794854,16635.62251461055,184.84025016233943,0
2078,64.7503995489303,0,0,332,0.0,0.0,1.0,332,11000,8200,2800,0.7454545454545455,138,82,56,190.31556653568546,0.4675192461689659,0.8557086344178402,0.11832047023463114,2162243.4743919754,4901.718363399675,2167145.192755375,2077,1,823.5843373493976,73,259,59,36.649769867639904,0.5470005020080322,41.56813063063064,16733.56679784367,229.22694243621464,0
2079,65.06748559837078,1,0,333,0.003003003003003003,0.0,1.0,333,9550,6900,2650,0.7225130890052356,122,69,53,185.51465980473006,0.46757224091561445,0.852817647659381,0.11617019185154821,2177163.850328687,4629.162206576646,2181793.012535264,2078,0,822.1081081081081,78,255,47,36.511587406765535,0.5486111111111112,41.310654008438824,16832.2652947579,215.79827300971667,0
2080,65.01187355326256,2,1,334,0.005970149253731343,0.0029850746268656717,0.9970149253731343,335,10300,7100,3200,0.6893203883495146,135,71,64,209.83249990065877,0.4678475139273692,0.8688192837381778,0.130054656008188,2169127.5653422717,13730.691927838805,2182858.2572701103,2079,0,818.1940298507462,90,245,50,36.25768083189317,0.5489738805970149,41.678113553113526,16793.98981772507,186.59988686361189,8
2081,65.07307488112161,0,0,334,0.0,0.0,1.0,334,9450,6600,2850,0.6984126984126984,123,66,57,205.97883516178052,0.46740733997470524,0.8662965157906313,0.1281199829850297,2173308.078515581,13281.093292065441,2186589.1718076463,2080,1,821.6347305389221,71,263,52,36.22742200328409,0.550430389221557,41.55092592592593,16818.07595017879,236.87430915744775,0
2082,64.84967710220737,0,0,334,0.0,0.0,1.0,334,9900,7200,2700,0.7272727272727273,126,72,54,203.73709883269166,0.46733410056763347,0.865124063719253,0.12711423340213626,2167682.433743907,11627.466048314644,2179309.899792222,2081,2,822.6347305389221,73,261,53,36.173644381533144,0.5520209580838323,41.441441441441455,16767.439034534753,229.69094567855825,0
2083,65.17467290215312,1,0,335,0.0029850746268656717,0.0,1.0,335,10000,7100,2900,0.71,129,71,58,202.01333697708952,0.467602109214407,0.8633987191609349,0.12659545464156763,2181194.989783117,11126.095696759356,2192321.0854798765,2082,0,821.176119402985,78,257,46,36.057880162410996,0.5537935323383085,41.28428270042195,16861.712249645952,216.175798072384,0
2084,64.62264815293759,1,1,335,0.002976190476190476,0.002976190476190476,0.9970238095238095,336,9450,6500,2950,0.6878306878306878,124,65,59,200.88915382753885,0.46764781005685857,0.8632223295503076,0.12662829613858745,2166190.5779782115,10382.838447846523,2176573.416426058,2083,0,819.7291666666666,82,254,49,35.87532111870489,0.5552765376984127,41.076807228915676,16732.302385081082,204.0524681107449,0
2085,64.54932220181496,1,1,335,0.002976190476190476,0.002976190476190476,0.9970238095238095,336,8850,6100,2750,0.6892655367231638,116,61,55,200.71210322971544,0.4677673759180289,0.8629905479779851,0.12720289344813246,2166932.600669089,10935.919967466514,2177868.5206365553,2084,0,820.3005952380952,87,249,52,35.6846733668342,0.5568886408730158,40.885416666666686,16725.670726772467,192.24908881347662,0
2086,64.75691872653158,0,0,335,0.0,0.0,1.0,335,10250,7500,2750,0.7317073170731707,130,75,55,203.03633114409217,0.4674412369291268,0.8643633558679171,0.1293721575063965,2177094.1439132886,11155.841507089419,2188249.985420378,2085,1,823.4686567164179,88,247,55,35.4303956969834,0.5588619402985074,40.695224719101155,16791.77825826688,190.81566202576002,0
2087,65.03292868195368,1,1,335,0.002976190476190476,0.002976190476190476,0.9970238095238095,336,12400,9100,3300,0.7338709677419355,157,91,66,195.3899476626028,0.4671730632551528,0.8587124886997555,0.12546397134846424,2190938.1346724625,6017.457493130676,2196955.592165593,2086,0,822.014880952381,77,259,49,35.352838658229146,0.5612599206349207,40.42467948717949,16880.94330650553,219.23302995461728,0
2088,65.27057812970585,1,0,336,0.002976190476190476,0.0,1.0,336,11350,8000,3350,0.7048458149779736,147,80,67,193.58720258684977,0.4667403310826818,0.8575213751335942,0.1250885270174933,2202654.548987785,6731.146480748847,2209385.695468534,2087,0,822.9732142857143,81,255,44,35.1765092986488,0.5631200396825398,40.20579268292683,16956.91810633401,209.34466797943224,0
2089,65.12611317881316,0,1,335,0.0,0.002976190476190476,0.9970238095238095,336,10050,7200,2850,0.7164179104477612,129,72,57,195.264485679409,0.4664865775290215,0.8582555468673663,0.12668046626417384,2200144.23977644,8672.006680091677,2208816.246456532,2088,1,823.9732142857143,81,255,45,34.990470139771276,0.5646391369047619,40.06605691056909,16928.48739665735,208.993671563671,0
2090,65.35783708595467,0,1,334,0.0,0.0029850746268656717,0.9970149253731343,335,9900,7200,2700,0.7272727272727273,126,72,54,196.75211500577265,0.4662708165758036,0.8584347916289983,0.12799080285100695,2209564.1036938513,10047.282128519235,2219611.3858223706,2089,2,827.4268656716417,82,253,48,34.85629132680148,0.5659825870646766,39.972389558232905,16994.842201102954,207.25417318418238,0
2091,65.0169438887531,1,0,335,0.0029850746268656717,0.0,1.0,335,10750,7700,3050,0.7162790697674418,138,77,61,193.25118164573962,0.46607568445199155,0.8559109480530316,0.12624803472477067,2200522.1352119423,7300.700573462243,2207822.8357854043,2090,0,828.3910447761194,85,250,53,34.79768001241463,0.5674129353233831,39.82558139534881,16915.745575707442,199.0087714789111,0
2092,64.98713576991841,1,2,334,0.002976190476190476,0.005952380952380952,0.9940476190476191,336,9900,6900,3000,0.696969696969697,129,69,60,193.37355477296015,0.466070688225539,0.8572100768103803,0.1268774210604844,2202044.3695492405,8063.429501503469,2210107.7990507437,2091,0,826.922619047619,89,247,55,34.641946766257625,0.5687624007936508,39.67592592592592,16917.71594603009,190.08669602281,0
2093,64.76408316021327,0,1,333,0.0,0.0029940119760479044,0.9970059880239521,334,9450,6500,2950,0.6878306878306878,124,65,59,189.83864428736072,0.46596821372270475,0.8491075579876295,0.11865579039443427,2165895.301308582,5984.125533756038,2171879.426842338,2092,1,830.9910179640718,89,245,53,36.46765682106362,0.5550773453093812,41.37731481481478,16749.46109045079,188.19619202753697,8
2094,64.4155161525547,1,0,334,0.0029940119760479044,0.0,1.0,334,9750,7100,2650,0.7282051282051282,124,71,53,192.28408672446346,0.4657024164883446,0.8504321846711689,0.11532127451889274,2129396.38705422,5339.807911819138,2134736.194966039,2093,0,831.9850299401197,94,240,54,37.92866027007824,0.5403879740518962,42.872807017543884,16562.98085282259,176.20192396619777,8
2095,64.68795884335509,2,0,336,0.005952380952380952,0.0,1.0,336,10800,7900,2900,0.7314814814814815,137,79,58,192.8577013296328,0.46596555910921583,0.8509031485870391,0.11638927379398636,2142209.4786226223,4628.319162741413,2146837.7977853636,2094,0,828.0267857142857,80,256,57,37.680724898394274,0.5424727182539683,42.64403292181068,16647.83220644564,208.09790258057052,0
2096,64.83681619554034,2,4,334,0.005917159763313609,0.011834319526627219,0.9881656804733728,338,10900,8000,2900,0.7339449541284404,138,80,58,205.34431913119005,0.46592127865667016,0.8629182912859306,0.12867390683225077,2169846.335675362,10613.123683712329,2180459.4593590745,2095,0,824.1213017751479,84,254,42,35.97423539071253,0.5547029092702169,41.286764705882334,16774.142484118187,199.69217242997843,8
2097,65.20025942937941,0,3,331,0.0,0.008982035928143712,0.9910179640718563,334,10800,7600,3200,0.7037037037037037,140,76,64,207.05719111953067,0.4651138788489088,0.8625328925025926,0.13008903524820106,2183588.2822947497,12825.531258693936,2196413.8135534436,2096,2,834.8233532934132,87,247,43,35.83440053665082,0.5555451596806387,41.193181818181806,16874.271687546694,193.95714583387004,0
2098,64.88492361957825,0,1,330,0.0,0.0030211480362537764,0.9969788519637462,331,8650,6300,2350,0.7283236994219653,110,63,47,205.46220472610693,0.4645442338795813,0.8596433505222523,0.12971396656638737,2175915.076079993,14563.661765633482,2190478.7378456267,2097,4,840.7643504531723,91,240,46,35.70025248109125,0.5570556394763344,41.02128623188404,16803.814061940717,184.6572973839639,0
2099,64.63654736040591,3,0,333,0.009009009009009009,0.0,1.0,333,10200,7600,2600,0.7450980392156863,128,76,52,218.69855477303406,0.4646683581171533,0.869482411639432,0.13606691426851897,2158883.6300562024,17628.945963290917,2176512.5760194934,2098,0,835.7447447447447,74,259,50,35.88922026976195,0.5528028028028028,41.54166666666668,16705.854303191638,225.75478788096808,8
2100,64.19248557894754,0,1,332,0.0,0.003003003003003003,0.996996996996997,333,9800,6500,3300,0.6632653061224489,131,65,66,215.3831619783594,0.464524011963771,0.8674630580412162,0.13462477179871063,2146791.6123715867,16076.55311624263,2162868.165487829,2099,1,836.7447447447447,78,255,51,35.80626933142994,0.5543668668668669,41.37658227848101,16601.68001246672,212.84205144188104,0
2101,63.7511576277841,0,1,331,0.0,0.0030120481927710845,0.9969879518072289,332,11100,8400,2700,0.7567567567567568,138,84,54,218.90516710397566,0.46424842117715576,0.8688769432027124,0.13749751601739488,2134906.5680050836,15968.415804105418,2150874.983809189,2100,2,838.8192771084338,82,250,44,35.537094062686904,0.5560052710843373,41.202309236947784,16498.65237754183,201.20307777490038,0
2102,63.69153334476058,0,1,330,0.0,0.0030211480362537764,0.9969788519637462,331,10650,7800,2850,0.7323943661971831,135,78,57,219.50855688166655,0.4638995697152797,0.8695301564334152,0.13845420319133156,2135356.470769602,16895.80346531276,2152252.2742349147,2101,3,841.9184290030212,84,247,45,35.369833569963696,0.5577479859013091,41.053921568627445,16492.672788906722,196.34134272508004,0
2103,63.67495196886013,3,1,332,0.009009009009009009,0.003003003003003003,0.996996996996997,333,8050,5800,2250,0.7204968944099379,103,58,45,212.88034656382948,0.4642198674578193,0.8661780751812922,0.1351138526150011,2138439.2463125265,16396.337572140357,2154835.5838846667,2102,0,837.7477477477478,94,239,48,35.31618435155413,0.559496996996997,40.833333333333314,16502.425051929466,175.55771331839858,0
2104,63.29494441110187,1,0,333,0.003003003003003003,0.0,1.0,333,9650,6300,3350,0.6528497409326425,130,63,67,212.20457343407432,0.4638211253422097,0.8655965060441027,0.13527972244763722,2128223.6354780644,14073.757747786913,2142297.3932258515,2103,0,838.5825825825826,97,236,49,35.17521792296864,0.5610923423423424,40.67814625850338,16413.762317151803,169.2140445067196,0
2105,62.940767465353126,1,1,333,0.0029940119760479044,0.0029940119760479044,0.9970059880239521,334,10050,7300,2750,0.7263681592039801,128,73,55,207.91266316931592,0.4637537987088885,0.8624657040434183,0.1334031894584236,2120017.554076406,11305.699126744905,2131323.2532031513,2104,0,837.0688622754491,77,257,52,35.05504459308808,0.563061377245509,40.451388888888886,16336.188777899799,212.1582958168805,0
2106,62.57147435740271,0,0,333,0.0,0.0,1.0,333,10400,7500,2900,0.7211538461538461,133,75,58,208.66162613434722,0.46338130298973673,0.8621394553117137,0.13458345766381316,2110536.827367526,11077.609282987058,2121614.436650513,2105,1,840.0990990990991,81,252,44,34.849726107796144,0.5650337837837838,40.26930894308944,16251.732275298016,200.6386700654076,0
2107,62.26867521752375,0,3,330,0.0,0.009009009009009009,0.990990990990991,333,11400,8200,3200,0.7192982456140351,146,82,64,204.64845392519402,0.4631333140369285,0.8573527700631132,0.12854266732840233,2085261.0156357514,7349.0885760678075,2092610.1042118191,2106,2,841.0990990990991,82,251,48,35.90605450754087,0.5572134634634635,41.20230923694781,16114.989353169749,196.52426040450914,8
2108,62.80134583556416,0,1,329,0.0,0.0030303030303030303,0.996969696969697,330,9550,7300,2250,0.7643979057591623,118,73,45,204.62088856108667,0.46249232446040955,0.8573104447217073,0.12906386194912808,2105511.567402772,10616.329559521044,2116127.896962293,2107,5,849.4818181818182,84,246,51,35.75534390282381,0.5587121212121212,41.05392156862747,16262.162224331869,193.59716933728416,0
2109,62.77986333419105,1,0,330,0.0030303030303030303,0.0,1.0,330,10750,7800,2950,0.7255813953488373,137,78,59,203.7327660150157,0.46235090264345585,0.8575387941233708,0.12919391312226805,2107872.4025494126,9138.534995622205,2117010.9375450346,2108,0,850.4363636363636,86,244,55,35.58502364120812,0.5605113636363637,40.864463601532584,16268.493560128167,189.16852976893216,0
2110,62.40104574760636,0,0,330,0.0,0.0,1.0,330,11200,8600,2600,0.7678571428571429,138,86,52,207.77917459733047,0.46209050996285034,0.8616278818170986,0.13257163281255718,2098652.7217012574,10011.266056306387,2108663.9877575636,2109,1,851.4363636363636,89,241,52,35.25935677734144,0.5621212121212121,40.64814814814817,16183.82677213394,181.84075024869594,0
2111,62.46568890463258,1,2,329,0.0030211480362537764,0.006042296072507553,0.9939577039274925,331,10500,7900,2600,0.7523809523809524,131,79,52,201.85395147504684,0.4618290152278068,0.8577994487281819,0.12959287183500934,2104353.3880202337,8254.40933435666,2112607.79735459,2110,0,849.8610271903324,74,257,54,35.19104375122623,0.5636329305135952,40.43055555555553,16214.184165814846,219.11059683533577,0
2112,62.675603309039516,1,1,329,0.0030303030303030303,0.0030303030303030303,0.996969696969697,330,10300,7600,2700,0.7378640776699029,130,76,54,200.4725516158446,0.4615697246016395,0.8567411571527028,0.12945677242845208,2114729.394788691,8489.039550063098,2123218.434338754,2111,0,853.2636363636364,75,255,46,35.0197967779947,0.5651515151515152,40.227521929824526,16281.396786132314,217.0852904817642,0
2113,62.52840550633294,0,1,328,0.0,0.00303951367781155,0.9969604863221885,329,9550,6600,2950,0.6910994764397905,125,66,59,201.77155243261103,0.46118094682086636,0.8574448601044347,0.13115150908119647,2113460.1061140397,9937.225323003657,2123397.3314370434,2112,1,856.3434650455927,79,250,49,34.75393963675212,0.5667426545086119,39.99999999999998,16257.38543164646,205.78968900818305,0
2114,62.94619672448482,0,1,327,0.0,0.003048780487804878,0.9969512195121951,328,10350,7100,3250,0.6859903381642513,136,71,65,213.18266544261047,0.46080172670992764,0.8628779237415714,0.13317646511767858,2104794.141767335,13791.125069991027,2118585.2668373263,2113,2,858.3719512195122,76,252,48,35.88311710957664,0.5533536585365854,41.39610389610392,16278.131717874181,214.18594365623923,8
2115,62.782749519437445,1,3,325,0.003048780487804878,0.009146341463414634,0.9908536585365854,328,10750,7700,3050,0.7162790697674418,138,77,61,211.907976965635,0.46084232272942,0.8618095166841229,0.13321891486192067,2102981.2456234093,12777.700271346379,2115758.945894756,2114,0,857.6189024390244,81,247,44,35.686451942740284,0.5554179369918699,41.1712398373984,16249.981217715316,200.61705207055945,0
2116,63.18962581890301,0,0,325,0.0,0.0,1.0,325,9350,7000,2350,0.7486631016042781,117,70,47,200.05103550295973,0.46040835707502376,0.8553562130177532,0.12267280478955,2102042.147619546,9753.141660430563,2111795.2892799764,2115,4,866.3907692307693,83,242,51,36.903445512820504,0.546025641025641,42.06349206349204,16298.911421542323,196.37242676557017,8
2117,63.04580938545185,0,0,325,0.0,0.0,1.0,325,10600,8000,2600,0.7547169811320755,132,80,52,201.25583599820283,0.4602975625197847,0.8565180263922034,0.12397335951910265,2099925.5016164384,8924.45247235159,2108849.95408879,2116,5,867.3907692307693,84,241,55,36.70508681132581,0.547724358974359,41.899509803921546,16272.15430719352,193.71612270468475,0
2118,63.00228852899723,1,1,325,0.003067484662576687,0.003067484662576687,0.9969325153374233,326,10450,7200,3250,0.6889952153110048,137,72,65,200.93371063997415,0.46026329243353786,0.8572127036787245,0.12442181886859557,2101526.8092101207,8803.515956794314,2110330.325166915,2117,0,865.7269938650306,91,235,53,36.522079022736584,0.5497507668711656,41.71195652173911,16272.737838807456,178.82129493195006,0
2119,63.114188234429534,0,1,324,0.0,0.003076923076923077,0.9969230769230769,325,10400,7600,2800,0.7307692307692307,132,76,56,201.5188718485414,0.4598349952516619,0.8577492251338401,0.12560422834395454,2109086.8445300953,9604.160308061488,2118691.004838157,2118,1,869.1507692307692,76,249,52,36.26755189255191,0.5516346153846154,41.47727272727275,16316.452071969092,214.69015884169858,0
2120,63.17263453286404,2,2,324,0.006134969325153374,0.006134969325153374,0.9938650306748467,326,9750,7100,2650,0.7282051282051282,124,71,53,198.58542938632203,0.45999331445650465,0.855620540085896,0.12441429719603429,2114038.6414508563,9013.454270359438,2123052.095721216,2119,0,867.2331288343559,80,246,44,36.156194594952865,0.5534253578732107,41.29372427983541,16343.157007428405,204.28946259285505,0
2121,63.5058295445651,1,1,324,0.003076923076923077,0.003076923076923077,0.9969230769230769,325,10000,7300,2700,0.73,127,73,54,189.61428124285274,0.45983341247230136,0.8480545028495377,0.11537399858689831,2107952.7786142738,4939.590202163827,2112892.3688164377,2120,0,870.76,85,240,40,37.459453742008236,0.5480128205128205,42.34496124031008,16362.596972771196,192.5011408561317,8
2122,63.30905872246163,1,2,323,0.003076923076923077,0.006153846153846154,0.9938461538461538,325,10150,7500,2650,0.7389162561576355,128,75,53,192.1702388517918,0.4598994935106046,0.8499677333743074,0.11745632689864802,2104086.147165908,5718.5474931238705,2109804.694659032,2121,0,870.7292307692308,88,237,42,37.22714651050182,0.5497115384615385,42.18164794007491,16322.237190290103,185.47996807147845,0
2123,62.96043361178552,0,0,323,0.0,0.0,1.0,323,10050,7200,2850,0.7164179104477612,129,72,57,190.52281706136503,0.45951315308732193,0.8469314836348039,0.11681770440391125,2094355.9619378536,5154.519559533005,2099510.4814973865,2122,1,877.0804953560372,90,233,43,37.1531013772393,0.5510835913312693,42.06730769230769,16239.554150347569,180.43949055941744,0
2124,62.570056618295034,0,2,321,0.0,0.006191950464396285,0.9938080495356038,323,9500,7000,2500,0.7368421052631579,120,70,50,192.88654943506106,0.4594350325942734,0.8528524296969731,0.11879939769787404,2083988.5531407248,6294.672215495571,2090283.2253562203,2123,2,878.0804953560372,82,241,50,36.92681740821782,0.5499548503611971,41.905120481927696,16149.011224337753,196.93916127241164,8
2125,62.68868906026116,0,1,320,0.0,0.003115264797507788,0.9968847352024922,321,10500,8000,2500,0.7619047619047619,130,80,50,190.62716411237025,0.45883429062824505,0.8500728754869094,0.11781281008347423,2089946.2950214187,4980.107073416864,2094926.4020948356,2124,3,884.4735202492212,90,231,53,36.858782545733945,0.5519535306334371,41.781135531135504,16187.402104182209,179.86002337980233,0
2126,62.92592156876594,3,3,320,0.009287925696594427,0.009287925696594427,0.9907120743034056,323,9650,7100,2550,0.7357512953367875,122,71,51,191.02053206562877,0.4589318564954586,0.8511152722084157,0.11883579502161663,2101695.317301211,6043.39155014377,2107738.7088513547,2125,0,878.5448916408669,76,247,54,36.60789060455377,0.5542763157894737,41.54491341991343,16263.52450718718,213.9937435156208,0
2127,63.300932861236284,0,1,319,0.0,0.003125,0.996875,320,8450,5700,2750,0.6745562130177515,112,57,55,189.77593935401057,0.45888090223354233,0.8491809443268077,0.11849827519225159,2116380.415521717,7877.616277213436,2124258.0317989304,2126,1,885.021875,77,243,56,36.505566888739715,0.5558919270833333,41.41292735042737,16368.802924574311,212.58185616330275,0
2128,63.295153098795026,1,1,319,0.003125,0.003125,0.996875,320,9950,7500,2450,0.7537688442211056,124,75,49,206.18087271312453,0.45863354721786836,0.8576702199050192,0.12917645104135306,2118154.8587904386,13394.603465391236,2131549.46225583,2127,0,885.41875,77,243,44,35.9586860761236,0.5555013020833333,41.29273504273503,16374.915943240558,212.66124601611114,7
2129,63.62241134767688,0,0,319,0.0,0.0,1.0,319,10100,7200,2900,0.7128712871287128,130,72,58,206.85826505441895,0.4584002845632644,0.8575790845814726,0.1301851588333936,2131739.537389366,14293.58845045484,2146033.1258398206,2128,1,889.1880877742947,79,240,46,35.77793077142329,0.5571120689655172,41.1328125,16469.7546875412,208.47790743723039,0
2130,63.404258606967865,3,1,321,0.009316770186335404,0.003105590062111801,0.9968944099378882,322,10000,7700,2300,0.77,123,77,46,206.7790539524612,0.4584470114742362,0.8586610327193755,0.13116032787764376,2128990.1202792507,13646.112589096429,2142636.2328683473,2129,0,881.8944099378882,85,237,51,35.49656267040585,0.5593944099378882,40.85513565891474,16430.88799534984,193.3045646511746,0
2131,63.67799817673446,0,1,320,0.0,0.003115264797507788,0.9968847352024922,321,10650,8700,1950,0.8169014084507042,126,87,39,208.9420277300773,0.45824896157840084,0.8599171606787486,0.13291401247045434,2139855.2089460026,14571.137281189416,2154426.346227192,2130,1,885.5109034267913,88,233,52,35.33700150489089,0.5607476635514019,40.75374531835207,16508.28253294325,187.5941196925369,0
2132,63.23474495532569,1,1,320,0.003115264797507788,0.003115264797507788,0.9968847352024922,321,8700,5700,3000,0.6551724137931034,117,57,60,210.80305156368414,0.4582063700674974,0.8603385504635368,0.13458964061373702,2127071.0839708964,16778.615078787843,2143849.699049684,2131,0,886.4672897196261,91,230,51,35.157295850066966,0.5620456905503635,40.62500000000001,16401.511972787634,180.2363953053586,0
2133,63.4645986472869,2,0,322,0.006211180124223602,0.0,1.0,322,9500,6400,3100,0.6736842105263158,126,64,62,208.38803898764633,0.4583014873293216,0.8590058789426218,0.13410720787862393,2139377.81709467,15264.149591605434,2154641.966686276,2132,0,884.6894409937888,74,248,55,34.936368904341634,0.5638586956521738,40.3472222222222,16478.759329319735,222.6859368826991,0
2134,63.269018945967936,1,1,322,0.0030959752321981426,0.0030959752321981426,0.9969040247678018,323,9350,6600,2750,0.7058823529411765,121,66,55,203.80907229775318,0.458238386887936,0.855483923936194,0.1319267108705805,2136120.910240575,13122.16420639191,2149243.0744469673,2133,0,882.9473684210526,77,246,48,34.848134443416534,0.5656282249742002,40.14423076923074,16440.819586680464,213.51713748935666,0
2135,62.97147035212196,1,2,321,0.0030959752321981426,0.006191950464396285,0.9938080495356038,323,9200,5800,3400,0.6304347826086957,126,58,68,204.24664890904572,0.4581710830785404,0.8553127316380658,0.1328102029327482,2128648.887905114,13153.88041171633,2141802.76831683,2134,0,882.1764705882352,79,244,53,34.67630034887407,0.5672084623323013,39.986979166666636,16373.402232571758,207.25825610850328,0
2136,63.24741308092622,1,1,321,0.003105590062111801,0.003105590062111801,0.9968944099378882,322,10550,7400,3150,0.7014218009478673,137,74,63,201.20838048152982,0.4579076449759099,0.853521561703229,0.13158533841833336,2141232.1654141266,11216.771247586092,2152448.936661713,2135,0,885.7453416149068,80,242,56,34.55343316529929,0.5688405797101449,39.789094650205726,16457.66661882005,205.72083273525064,0
2137,63.30327442904727,0,2,319,0.0,0.006230529595015576,0.9937694704049844,321,10400,7200,3200,0.6923076923076923,136,72,64,201.61463196836092,0.4574701453790239,0.8548086640405304,0.1325057819025139,2145935.229287269,11930.388296137951,2157865.617583407,2136,1,886.4828660436137,88,233,54,34.36877256858601,0.5708722741433021,39.618445692883874,16483.00498856513,187.30687487005832,0
2138,63.375724155759784,1,1,319,0.003125,0.003125,0.996875,320,10050,7000,3050,0.6965174129353234,131,70,61,197.83780576501613,0.4575341235632184,0.8517412450030115,0.13075339019453394,2151562.001989876,11082.061088212839,2162644.0630780887,2137,0,881.540625,72,248,55,34.271238340361066,0.573046875,39.42636986301371,16514.04250582668,229.36170146981502,0
2139,63.25445198600828,0,0,319,0.0,0.0,1.0,319,8900,5900,3000,0.6629213483146067,119,59,60,192.672947083187,0.45738903347068605,0.8467912462551535,0.12781412610120838,2149540.777501692,10131.671295347318,2159672.448797039,2138,1,885.2131661442006,76,243,57,34.27624409734834,0.57412486938349,39.29924242424243,16490.483552791768,216.9800467472601,0
2140,63.01963396532617,0,1,318,0.0,0.003134796238244514,0.9968652037617555,319,8350,5700,2650,0.6826347305389222,110,57,53,194.3046050601847,0.457102334338834,0.8487767448891979,0.12941864300675332,2143826.461062036,11161.070766846478,2154987.5318288826,2139,2,886.2131661442006,78,241,49,34.093178141745,0.5754310344827587,39.16139240506329,16437.953574658255,210.74299454690072,0
2141,62.68875530297747,0,0,318,0.0,0.0,1.0,318,9500,6900,2600,0.7263157894736842,121,69,52,204.30850527100537,0.4567289728124649,0.8556769201743062,0.1320446571219199,2115649.1661402136,13349.023762391478,2128998.189902605,2140,3,888.2798742138365,82,236,44,34.89032333381642,0.5693461740041929,40.198293172690775,16286.645626593134,198.6176295925992,8
2142,62.75346218937425,0,1,317,0.0,0.0031446540880503146,0.9968553459119497,318,9050,6100,2950,0.6740331491712708,120,61,59,201.10717837865747,0.4564491448921691,0.852964991346824,0.13021306007692995,2118868.1448551374,12573.918793647867,2131442.0636487855,2141,4,889.2798742138365,84,234,45,34.908728287353604,0.5706564465408805,40.13480392156865,16307.440756442273,194.13619948145563,0
2143,62.609552526385635,0,0,317,0.0,0.0,1.0,317,11150,8000,3150,0.7174887892376681,143,80,63,183.7989217947648,0.45594161375767017,0.8364638180220014,0.11653664276812876,2102072.842680635,2721.7444037509704,2104794.587084386,2142,5,893.0220820189274,97,220,52,36.10668163856869,0.5627628811777077,40.86947278911563,16224.04635459979,167.25820984123496,8
2144,63.133706840114996,2,2,317,0.006269592476489028,0.006269592476489028,0.9937304075235109,319,8650,6000,2650,0.6936416184971098,113,60,53,176.2247811465861,0.45613914026405894,0.8316990000632147,0.10399824321946476,2077354.7121590425,766.2759028122873,2078120.9880618548,2143,0,888.4169278996865,88,231,59,38.94839097241234,0.5386298328108673,43.46910112359554,16195.746565094316,184.0425746033445,8
2145,63.272666503108645,2,2,317,0.006269592476489028,0.006269592476489028,0.9937304075235109,319,9150,6300,2850,0.6885245901639344,120,63,57,173.6152637892988,0.4562360757871493,0.8290813507903223,0.10283993767545493,2084168.1071388703,-581.3208595674887,2083586.7862793028,2144,0,889.1316614420062,91,228,46,38.874904421603695,0.5403931556948798,43.331068840579746,16240.127682959552,178.46294157098407,0
2146,63.13069911659059,1,0,318,0.0031446540880503146,0.0,1.0,318,9750,7200,2550,0.7384615384615385,123,72,51,178.12639350962218,0.455966162728409,0.8331314677042114,0.10608863827217539,2082760.3105674423,848.9165332722223,2083609.2271007146,2145,0,892.496855345912,93,225,51,38.55388984756974,0.5417976939203355,43.12943262411349,16216.418500915102,174.37009140768927,0
2147,62.912352473234876,2,2,318,0.00625,0.00625,0.99375,320,10150,7000,3150,0.6896551724137931,133,70,63,177.26555630917548,0.45633183940700106,0.8338809125113695,0.10617495653525866,2078927.810344025,-445.5410345497294,2078482.2693094753,2146,0,887.9125,97,223,57,38.3637917252405,0.5437174479166667,42.92091836734696,16173.449797169098,166.7365958471041,0
2148,63.102663782748486,0,0,318,0.0,0.0,1.0,318,8700,6100,2600,0.7011494252873564,113,61,52,193.43896474149466,0.4559975762024748,0.8482862360875691,0.11510289133619435,2081286.2328098442,8220.370841092363,2089506.6036509366,2147,1,893.3616352201258,86,232,47,38.19509191490687,0.5378013626834381,43.163314176245215,16207.07903261183,188.4544073559515,8
2149,62.953708308899934,2,1,319,0.00625,0.003125,0.996875,320,9800,6800,3000,0.6938775510204082,128,68,60,174.99373382337055,0.45656960227272725,0.8352681866408331,0.10347829137542433,2072630.7412335533,-1260.521550887519,2071370.2196826658,2148,0,888.771875,87,233,50,38.9044576682966,0.5363932291666667,43.39488636363639,16154.243474435887,185.68095947627455,8
2150,63.037644151625905,1,3,317,0.003125,0.009375,0.990625,320,10700,7800,2900,0.7289719626168224,136,78,58,195.73798092876092,0.4570769657784744,0.8480753194113106,0.11116389167189611,2050871.075154381,5586.672679183716,2056457.7478335649,2149,0,889.21875,100,220,53,39.92245515438215,0.5225260416666666,44.91542904290431,16079.930412563685,160.79930412563684,8
2151,63.07567159799543,3,3,317,0.009375,0.009375,0.990625,320,8950,5900,3050,0.659217877094972,120,59,61,194.87094395994725,0.457484938283699,0.8486343665021672,0.11152009236762558,2056792.1049251978,7211.803803227473,2064003.9087284252,2150,0,888.48125,80,240,50,39.64795884110517,0.5246419270833333,44.6244855967078,16107.982080671103,201.3497760083888,0
2152,63.48296924847589,5,1,321,0.015527950310559006,0.003105590062111801,0.9968944099378882,322,10050,7200,2850,0.7164179104477612,129,72,57,189.99201742712745,0.4589629973620222,0.845942803848758,0.10981568425548535,2076186.593114513,4441.7758761954665,2080628.3689907084,2151,0,882.5,89,233,46,39.38859535985277,0.5275621118012422,44.24768518518516,16235.916336615279,182.42602625410424,0
2153,63.537565283513516,5,0,326,0.015337423312883436,0.0,1.0,326,10600,7300,3300,0.6886792452830188,139,73,66,193.98653173935674,0.4599087619946516,0.8529603467520523,0.11323399875948406,2083991.123712308,5053.242052910222,2089044.3657652182,2152,0,872.6564417177914,97,229,53,38.909120462594046,0.5300996932515337,43.87755102040814,16273.396822614037,167.76697755272204,0
2154,63.209655263692504,2,1,327,0.006097560975609756,0.003048780487804878,0.9969512195121951,328,9050,5900,3150,0.6519337016574586,122,59,63,190.89821863472804,0.46014111875637104,0.8521124725465277,0.11233333423246775,2078114.391000979,4691.667072256187,2082806.0580732352,2153,0,868.329268292683,77,251,47,38.68130783118938,0.5321709857723578,43.5763888888889,16208.448059804525,210.49932545200681,0
2155,63.672011168039035,3,0,330,0.00909090909090909,0.0,1.0,330,9900,6800,3100,0.6868686868686869,130,68,62,185.82798435912653,0.46082135949157227,0.848167597587562,0.11017658614125848,2097886.170803059,2069.191707044525,2099955.3625101033,2154,0,863.8909090909091,84,246,45,38.526300504447796,0.5344696969696969,43.296568627451016,16344.82374922706,194.58123510984595,0
2156,64.04187626174131,0,0,330,0.0,0.0,1.0,330,9200,6400,2800,0.6956521739130435,120,64,56,186.18299183334022,0.46066688925731475,0.8489535918626816,0.1107494502170045,2112066.9135560263,3446.1873836146424,2115513.100939641,2155,1,864.8909090909091,86,244,48,38.39364801864804,0.5357638888888889,43.17528735632187,16447.536468083854,191.25042404748666,0
2157,63.6770380384704,2,4,328,0.006024096385542169,0.012048192771084338,0.9879518072289156,332,11450,8900,2550,0.777292576419214,140,89,51,184.1926507528582,0.4609267887259006,0.8480812637566382,0.11029687950864349,2104048.629101753,-339.94113856533295,2103708.687963187,2156,0,860.6746987951807,93,239,53,38.194923412937925,0.5382153614457832,42.92996453900712,16369.458426600757,176.01568200645974,0
2158,64.1842041478361,1,1,328,0.00303951367781155,0.00303951367781155,0.9969604863221885,329,10150,7200,2950,0.7093596059113301,131,72,59,207.8659702178277,0.46009750228581314,0.8635528344118244,0.12136545773268599,2105351.370730664,11576.181065272296,2116927.551795936,2157,0,869.4650455927052,87,242,51,38.54426625997475,0.5250443262411347,43.868371212121204,16439.60475083894,188.960974147574,8
2159,64.66819096278535,1,0,329,0.00303951367781155,0.0,1.0,329,10050,7100,2950,0.7064676616915423,130,71,59,220.59981869893488,0.46011256085205227,0.8687863527005333,0.12588720192819458,2106943.946967008,17108.290541948074,2124052.2375089563,2158,0,870.3768996960487,69,260,54,39.10093855660492,0.51887031408308,44.73214285714286,16507.7105323753,239.24218162862752,8
2160,64.6298071164759,2,0,331,0.006042296072507553,0.0,1.0,331,10350,7500,2850,0.7246376811594203,132,75,57,215.4244840852791,0.46072927156764015,0.8652740055407706,0.1238838334506853,2110516.94680361,14381.40488368127,2124898.351687291,2159,0,866.1117824773414,76,255,42,38.93454555079139,0.5205501007049345,44.43993506493507,16516.797703427328,217.3262855714122,0
2161,64.38928158023964,1,2,330,0.0030120481927710845,0.006024096385542169,0.9939759036144579,332,10550,7200,3350,0.6824644549763034,139,72,67,217.4909027323902,0.4609008162559604,0.8659019829253372,0.12576313813283324,2106089.2775368737,14661.051641300672,2120750.3291781745,2160,0,864.5,79,253,45,38.669044528160995,0.5225589859437751,44.231770833333336,16468.73252709178,208.4649686973643,0
2162,64.28753376047133,0,1,329,0.0,0.0030303030303030303,0.996969696969697,330,10150,7300,2850,0.7192118226600985,130,73,57,217.79839476457204,0.4607641767216235,0.8646537964242706,0.12637761153243116,2104905.3427515994,15539.00095653393,2120444.3437081333,2161,1,870.1636363636363,82,248,48,38.527975314696725,0.524179292929293,44.10140562248996,16451.089525301366,200.62304299148008,0
2163,63.923010524942384,1,0,330,0.0030303030303030303,0.0,1.0,330,9300,6900,2400,0.7419354838709677,117,69,48,217.232922841981,0.46122317398913143,0.8662887929983663,0.12410660943191658,2083369.9217368392,15215.307491993211,2098585.2292288323,2162,0,871.0818181818182,70,260,51,39.142770945868314,0.5160353535353535,44.68896713615026,16320.249840889895,233.1464262984271,8
2164,64.22465359894495,3,0,333,0.009009009009009009,0.0,1.0,333,10050,7000,3050,0.6965174129353234,131,70,61,210.46676902897153,0.4623901009443178,0.8623275698058299,0.12133038460922589,2098811.243632345,11696.004249795984,2110507.247882141,2163,0,864.2252252252252,81,252,45,38.966407867494816,0.5182057057057057,44.347052845528474,16419.221972545412,202.70644410549892,0
2165,64.60056535120223,2,1,334,0.005970149253731343,0.0029850746268656717,0.9970149253731343,335,10850,8600,2250,0.7926267281105991,131,86,45,213.15333656978595,0.4629636249888283,0.866343555866472,0.12389320362123132,2116213.5811884496,12365.59714492283,2128579.1783333723,2164,0,860.0597014925373,86,249,48,38.58142716811677,0.5202114427860697,44.037356321839084,16535.33149039754,192.2712963999714,0
2166,64.6135313584204,6,1,339,0.01764705882352941,0.0029411764705882353,0.9970588235294118,340,10900,8000,2900,0.7339449541284404,138,80,58,199.33316293968227,0.4639400413557753,0.8597738224899083,0.1173892131049254,2124754.63600171,5806.812412994666,2130561.4484147043,2165,0,848.3470588235294,76,264,54,38.43512071178635,0.5235600490196078,43.54707792207792,16570.328922640332,218.03064371895175,0
2167,64.10683838525935,3,3,339,0.008771929824561403,0.008771929824561403,0.9912280701754386,342,11000,7900,3100,0.7181818181818181,141,79,62,193.9802417052659,0.464896024477943,0.8559399206413754,0.11514240035165833,2112914.10852979,2572.7178950153702,2115486.826424805,2166,0,841.172514619883,83,259,49,38.2736025244719,0.5260416666666667,43.25396825396827,16459.1763631996,198.30332967710362,0
2168,64.0254236125906,1,0,340,0.0029411764705882353,0.0,1.0,340,10150,6500,3650,0.6403940886699507,138,65,73,189.62886762207484,0.46489585140841,0.8520676635402016,0.10916172056953931,2091416.9528590052,1168.6056992516706,2092585.5585582568,2167,0,846.9764705882353,87,253,44,39.55414756325354,0.5230085784313725,44.401041666666636,16364.831582228382,188.1015124394067,8
2169,64.15493434760839,2,3,339,0.005847953216374269,0.008771929824561403,0.9912280701754386,342,12200,9500,2700,0.7786885245901639,149,95,54,193.19911549071406,0.4655109027456226,0.8539514558408241,0.1120935952970386,2100507.163132462,563.2251998198244,2101070.388332282,2168,0,843.0175438596491,90,252,50,39.16098188324757,0.5254934210526316,44.10485347985347,16416.936324871564,182.41040360968404,0
2170,64.04627015899284,1,2,338,0.0029411764705882353,0.0058823529411764705,0.9941176470588236,340,11650,8400,3250,0.721030042918455,149,84,65,193.62547888712774,0.4654382844583261,0.8526469832602057,0.11287891747204055,2099890.8558262642,1668.474514011472,2101559.3303402755,2169,0,843.2029411764706,94,246,52,38.96718263823467,0.5276960784313726,43.925438596491205,16400.620540494583,174.4746866010062,0
2171,63.900534687114174,2,1,339,0.0058823529411764705,0.0029411764705882353,0.9970588235294118,340,10250,7600,2650,0.7414634146341463,129,76,53,201.8561044923434,0.4652698247440569,0.8603577566005305,0.11886669041908843,2101265.784492952,6580.6651521592175,2107846.449645111,2170,0,844.1764705882352,77,263,52,38.373073217726386,0.5248774509803922,43.54967948717949,16387.31260145105,212.82224157728635,7
2172,63.82868681670969,3,3,339,0.008771929824561403,0.008771929824561403,0.9912280701754386,342,9250,6100,3150,0.6594594594594595,124,61,63,199.6949092203623,0.4656473835697095,0.859970208540217,0.11865280480582119,2104351.4191715214,6395.6531238399475,2110747.072295361,2171,0,839.5029239766081,85,257,43,38.08922955974843,0.5273209064327485,43.217054263565906,16390.118223283094,192.82492027391876,0
2173,63.60429633568045,0,0,339,0.0,0.0,1.0,339,9550,7000,2550,0.7329842931937173,121,70,51,198.39809038851624,0.46512468508724464,0.8587135772456187,0.1182596472315842,2098882.7927525644,5932.867606285144,2104815.6603588494,2172,1,846.0973451327434,87,252,47,38.002090724784615,0.5286688790560472,43.09895833333334,16340.009983111706,187.8162067024334,0
2174,63.53498371414844,3,1,341,0.008771929824561403,0.0029239766081871343,0.9970760233918129,342,12100,8900,3200,0.7355371900826446,153,89,64,190.75825551645104,0.46580530117244884,0.8570054848479178,0.11302727655532857,2092984.109301619,-649.2004971944225,2092334.9088044246,2173,0,839.6666666666666,79,263,49,38.42393555859919,0.5231786062378168,43.32031249999998,16308.139765065118,206.43214892487492,8
2175,63.81449080290931,2,1,342,0.0058309037900874635,0.0029154518950437317,0.9970845481049563,343,10200,7300,2900,0.7156862745098039,131,73,58,198.26643463442988,0.46580773077819265,0.8624556208981466,0.11867932207730496,2108361.0159663255,4803.444311572859,2113164.4602778982,2174,0,838.1690962099125,83,260,52,37.847389727756635,0.525540573372206,42.94394841269839,16403.901039849916,197.6373619259026,0
2176,64.20523202256996,3,2,343,0.008695652173913044,0.005797101449275362,0.9942028985507246,345,11750,8700,3050,0.7404255319148936,148,87,61,191.3226916225698,0.46598486125154476,0.8592818674583766,0.11583857505688268,2128185.196905827,684.0240286664202,2128869.2209344935,2175,0,834.2927536231884,73,272,55,37.59926329889017,0.5277475845410629,42.52533783783784,16531.220424054445,226.4550743021157,0
2177,64.6448889677207,0,0,343,0.0,0.0,1.0,343,10300,7100,3200,0.6893203883495146,135,71,64,207.85026946967858,0.465789260566382,0.8701375340558897,0.12162657709063784,2121841.409478335,9305.061746399475,2131146.4712247346,2176,1,840.0699708454811,88,255,51,38.45967901572948,0.5197704081632653,43.78511235955058,16562.982963393995,188.21571549311358,8
2178,64.74963237379735,3,1,345,0.008670520231213872,0.002890173410404624,0.9971098265895953,346,11250,7900,3350,0.7022222222222222,146,79,67,200.07422153133822,0.4664012105219067,0.8646172045904796,0.11806296714644766,2130473.366383714,4800.560054494162,2135273.926438208,2177,0,833.7774566473988,74,272,53,38.33976267821693,0.5222483140655105,43.47222222222222,16610.07930477828,224.46053114565242,0
2179,65.13879850456763,2,2,345,0.005763688760806916,0.005763688760806916,0.9942363112391931,347,9950,7200,2750,0.7236180904522613,127,72,55,195.3761406693013,0.46656276201740216,0.8604535482827624,0.11633519852047466,2148866.310261285,4617.441302626761,2153483.751563912,2178,0,832.3342939481269,79,268,53,38.119550615907116,0.5241654658981748,43.13802083333335,16731.680704422033,211.79342663825358,0
2180,65.11100559512991,0,3,342,0.0,0.008695652173913044,0.991304347826087,345,10750,7900,2850,0.7348837209302326,136,79,57,212.39732346053825,0.4665237754184923,0.8710388302720564,0.12525255754362125,2141956.201510507,11239.152834105758,2153195.354344613,2179,1,836.0695652173913,73,272,48,38.04855851900632,0.5223731884057972,43.49662162162159,16701.19290476418,228.78346444882436,8
2181,64.63108901974131,3,1,344,0.008695652173913044,0.002898550724637681,0.9971014492753624,345,11150,8800,2350,0.7892376681614349,135,88,47,224.39401326881725,0.4666768481069543,0.8782004458850867,0.133403473822451,2131151.682028152,15493.535762977688,2146645.21779113,2180,0,834.4260869565218,78,267,42,37.43367905798587,0.526117149758454,43.196202531645575,16597.50909478487,212.78857813826755,8
2182,64.17094392691338,0,3,341,0.0,0.00872093023255814,0.9912790697674418,344,9750,7200,2550,0.7384615384615385,123,72,51,224.4386048343806,0.46667447086808145,0.8789005344325915,0.13390724598293716,2118152.280806032,16529.02854617303,2134681.309352205,2181,1,837.8517441860465,78,266,44,37.29771801977481,0.5275254360465116,43.06434599156117,16487.80344620029,211.3820954641063,0
2183,63.72632769998476,1,0,342,0.0029239766081871343,0.0,1.0,342,11500,8100,3400,0.7043478260869566,149,81,68,224.46912526935895,0.4665327225280536,0.8788665987402229,0.13472092492001045,2107046.707332776,14693.386259334091,2121740.09359211,2182,0,840.578947368421,82,260,48,37.07408085244836,0.5291483918128654,42.84638554216867,16387.455504175265,199.84701834360078,0
2184,64.04250246513865,0,0,342,0.0,0.0,1.0,342,11050,7700,3350,0.6968325791855203,144,77,67,191.20259557190502,0.4661716914475828,0.855597745197997,0.11331365224510777,2109827.108143503,1230.8838570008538,2111057.992000504,2183,1,841.578947368421,80,262,47,38.40483049432197,0.5321028265107213,43.31275720164609,16438.893379683246,205.48616724604057,8
2185,63.83574568189701,1,0,343,0.0029154518950437317,0.0,1.0,343,10450,7800,2650,0.7464114832535885,131,78,53,191.80804734228832,0.46630216414051,0.8560164696122701,0.11416942928931192,2105661.446228821,1726.5620730185292,2107388.008301839,2184,0,840.1224489795918,86,257,50,38.22477702156751,0.5336491739552964,43.15134099616861,16396.125674905008,190.6526241268024,0
2186,64.07965392269266,2,0,345,0.005797101449275362,0.0,1.0,345,10600,7900,2700,0.7452830188679245,133,79,54,188.79671864731353,0.46662629198966404,0.8547504025764896,0.11314349670954273,2117832.267887455,367.95656451054856,2118200.2244519657,2185,0,836.2463768115942,91,254,55,38.046866972005716,0.5356280193236715,42.900815217391326,16474.826784676094,181.04205257885818,0
2187,63.989992710856136,4,1,348,0.011461318051575931,0.0028653295128939827,0.997134670487106,349,10450,7500,2950,0.7177033492822966,134,75,59,201.9460346138294,0.46758458760113736,0.8712081010317558,0.11905477114409922,2104901.011554215,4765.2825076024865,2109666.2940618177,2186,0,827.6504297994269,72,277,50,38.327654149281386,0.5269221585482331,43.5074200913242,16412.958318744855,227.95775442701188,8
2188,63.59896416469147,3,4,347,0.008547008547008548,0.011396011396011397,0.9886039886039886,351,10000,6900,3100,0.69,131,69,62,197.76794377659334,0.46803724053724055,0.8692567608618786,0.117427007012007,2096361.8666998327,2718.6351577776077,2099080.5018576104,2187,0,823.4786324786324,77,274,44,38.16468150768056,0.5289055080721747,43.24252136752137,16329.509682563557,212.07155431900725,0
2189,63.98325916988148,2,0,349,0.0057306590257879654,0.0,1.0,349,10250,7900,2350,0.7707317073170732,126,79,47,199.1340295848967,0.46763433290518064,0.8695019267701278,0.11885169715000608,2112171.3174396236,4071.037123078344,2116242.354562702,2188,0,829.1375358166189,81,268,47,37.93459855638505,0.5302650429799427,43.051321138211385,16440.41391297248,202.96807299966022,0
2190,64.1813797290142,2,1,350,0.005698005698005698,0.002849002849002849,0.9971509971509972,351,11650,9200,2450,0.7896995708154506,141,92,49,194.85503201373612,0.46778625695292364,0.8679131601327434,0.11692935240455489,2121999.6910322267,846.4635458448302,2122846.1545780716,2189,0,825.4074074074074,86,265,53,37.84135354099736,0.5324964387464388,42.85201149425288,16504.11269683956,191.908287172553,0
2191,64.00579378469025,1,2,349,0.002849002849002849,0.005698005698005698,0.9943019943019943,351,9750,7600,2150,0.7794871794871795,119,76,43,194.11078092021123,0.4676349884683218,0.8674505808082287,0.11745710288234079,2121218.373644777,2400.2710020980103,2123618.644646875,2190,0,826.3333333333334,70,281,52,37.54950706633237,0.5343660968660968,42.54694835680753,16478.486932713477,235.4069561816211,0
2192,64.33308255730645,3,4,348,0.008522727272727272,0.011363636363636364,0.9886363636363636,352,10900,7300,3600,0.6697247706422018,145,73,72,187.2089872453765,0.4677384488582405,0.8621457177702638,0.11444764749079318,2138244.1767656594,-1240.2946368751836,2137003.882128784,2191,0,818.78125,77,275,47,37.34741358472324,0.5371981534090908,42.17414529914531,16586.731995878232,215.41210384257445,0
2193,63.90491226326492,0,0,348,0.0,0.0,1.0,348,10800,7800,3000,0.7222222222222222,138,78,60,196.2574788815525,0.46753439442622585,0.8632857179428104,0.11724269294547293,2110142.0267565693,2426.2308506511035,2112568.25760722,2192,1,825.8189655172414,90,258,49,37.97392353377881,0.53125,43.017399267399284,16422.450553002574,182.4716728111397,7
2194,63.68176043617263,1,1,348,0.0028653295128939827,0.0028653295128939827,0.997134670487106,349,12300,9700,2600,0.7886178861788617,149,97,52,170.09894187881335,0.46773896957920275,0.8425566339676458,0.10107960212788517,2099578.3290848085,-10672.789566196872,2088905.5395186115,2193,0,824.4498567335244,94,255,52,38.844794824715045,0.5319961795606495,43.21271929824564,16352.666092705458,173.96453290112188,8
2195,63.26053916702875,1,0,349,0.0028653295128939827,0.0,1.0,349,11350,8600,2750,0.7577092511013216,141,86,55,181.5778517783448,0.46798700995729453,0.8523351417097269,0.10688438363007186,2079988.4416749915,-5614.033407372874,2074374.4082676186,2194,0,825.2578796561604,83,266,51,38.90767807921077,0.5287726838586437,43.56398809523812,16222.28037493799,195.4491611438312,8
2196,63.157010582736184,1,1,349,0.002857142857142857,0.002857142857142857,0.9971428571428571,350,10350,7300,3050,0.7053140096618358,134,73,61,177.44819056125013,0.4679811365807068,0.8469061577909782,0.10503833896169779,2079946.5326484323,-6533.450263477121,2073413.0823849551,2195,0,823.8971428571429,89,261,48,38.80238868344311,0.530625,43.35648148148152,16208.837415064903,182.12176870859443,0
2197,63.55305527851347,2,0,351,0.005698005698005698,0.0,1.0,351,11250,8200,3050,0.7288888888888889,143,82,61,181.61525974025938,0.4681813865147198,0.8545482295482292,0.10757211538461547,2093367.0263683752,-5412.520754882396,2087954.5056134928,2196,0,822.5185185185185,89,262,48,38.671875000000014,0.5359093067426401,43.33333333333334,16311.95085481851,183.28034668335403,8
2198,63.290762607993294,1,2,350,0.002840909090909091,0.005681818181818182,0.9943181818181818,352,11500,8000,3500,0.6956521739130435,150,80,70,182.98365294226846,0.4681358861046361,0.8549261341380894,0.10739247493370448,2079185.7295812021,-5808.60001115867,2073377.1295700434,2197,0,821.1789772727273,82,270,52,38.984364799582195,0.5318418560606061,43.674698795180745,16223.023788976714,197.84175352410628,8
2199,63.483224789244325,3,1,352,0.0084985835694051,0.0028328611898017,0.9971671388101983,353,11450,8500,2950,0.74235807860262,144,85,59,180.82983652527014,0.4680307188385269,0.8535201313456011,0.10744457460340796,2092966.6723722962,-6355.835756415884,2086610.8366158803,2198,0,819.8016997167139,83,270,57,38.57335884805457,0.5347025495750708,43.21676587301587,16301.427774192494,196.40274426737946,8
2200,63.18799135960421,0,0,352,0.0,0.0,1.0,352,11150,7200,3950,0.6457399103139013,151,72,79,179.3659325006981,0.4678153395601312,0.8505720637253888,0.10709760805147783,2086166.4557376488,-6712.561662987741,2079453.894074661,2199,1,823.125,88,264,59,38.42699081454495,0.5360736268939394,43.03604868913859,16237.03593516053,184.51177199046057,0
2201,62.9707984832245,1,0,353,0.0028328611898017,0.0,1.0,353,10850,7600,3250,0.7004608294930875,141,76,65,183.85051022680008,0.46815311400120185,0.8513214988437139,0.10881962632343178,2073767.2572697266,-5197.366331864709,2068569.890937862,2200,0,821.7903682719547,87,266,45,38.64102401488247,0.5306893295561851,43.35937500000004,16160.865079484021,185.75706987912668,7
2202,63.36845815255103,1,1,353,0.002824858757062147,0.002824858757062147,0.9971751412429378,354,11000,8100,2900,0.7363636363636363,139,81,58,185.2741404778311,0.4681459830455125,0.8507647494279125,0.11045733107876979,2091211.9169401843,-4310.501906380528,2086901.4150338038,2201,0,820.4661016949152,94,260,49,38.3322663252241,0.5326035781544256,43.09210526315794,16279.857176691834,173.18996996480675,0
2203,63.71391646247641,1,0,354,0.002824858757062147,0.0,1.0,354,10600,8100,2500,0.7641509433962265,131,81,50,185.62225973842905,0.4683678838366863,0.8568067014164571,0.10722415239008018,2083362.453164358,-4056.3107178874698,2079306.1424464704,2202,0,821.4293785310734,91,263,48,39.523930753564144,0.5203919491525424,44.270833333333314,16293.506762018602,179.04952485734728,8
2204,63.35833970420695,3,2,355,0.008403361344537815,0.0056022408963585435,0.9943977591036415,357,12050,8200,3850,0.6804979253112033,159,82,77,187.79774289269417,0.4688890069136269,0.8608488785985227,0.10948180695662488,2077337.3791324121,-5426.1457944625545,2071911.2333379495,2203,0,815.5182072829132,100,257,52,39.11630552982399,0.5231092436974789,43.92533003300327,16224.465929411466,162.24465929411465,0
2205,63.040880839701984,2,1,356,0.0056022408963585435,0.0028011204481792717,0.9971988795518207,357,10550,7600,2950,0.7203791469194313,135,76,59,187.05796814065633,0.46882474900072385,0.8615381111794296,0.10956252419667047,2069760.169756628,-4516.973621372824,2065243.1961352553,2204,0,816.4481792717087,93,264,52,38.95663956639564,0.5250058356676004,43.75000000000001,16154.225715173683,173.7013517760611,0
2206,63.546115680344705,3,3,356,0.008356545961002786,0.008356545961002786,0.9916434540389972,359,10300,7200,3100,0.6990291262135923,134,72,62,178.47687464413744,0.4693382585601427,0.8552935246138891,0.10538942519758863,2091281.8353103157,-7450.910806751124,2083830.9245035646,2205,0,812.4930362116992,85,274,57,38.86831555009994,0.5273618848653667,43.447189922480646,16302.934547303688,191.7992299682787,0
2207,63.347041283660666,0,1,355,0.0,0.0028089887640449437,0.9971910112359551,356,10700,7300,3400,0.6822429906542056,141,73,68,175.46375248563015,0.4693436131771905,0.8518423646531552,0.10400732485175329,2087037.8948339224,-8660.099878545572,2078377.7949553768,2206,1,816.3988764044943,88,268,45,38.80118092285245,0.5292895599250936,43.30524344569291,16260.853340745061,184.78242432664842,0
2208,63.26515780329281,1,1,355,0.0028089887640449437,0.0028089887640449437,0.9971910112359551,356,10900,7800,3100,0.7155963302752294,140,78,62,205.3899057615582,0.46915832542068897,0.8728426835474916,0.12402469803217989,2095439.007456683,3976.4040541239656,2099415.411510807,2207,0,817.2752808988764,72,284,54,37.336447302766544,0.5336786048689138,42.62271689497716,16283.01443062198,226.15297820308308,8
2209,63.52835122556483,3,2,356,0.008379888268156424,0.00558659217877095,0.994413407821229,358,10600,7700,2900,0.7264150943396226,135,77,58,200.03055461844332,0.4689938591824067,0.8705330805290115,0.12158256787740217,2108066.9855014714,2135.5616565377313,2110202.5471580094,2208,0,813.6927374301677,76,282,47,37.230544031927764,0.5358182029795158,42.383658008658,16365.941455471175,215.3413349404102,0
2210,63.09248931150575,2,3,355,0.00558659217877095,0.008379888268156424,0.9916201117318436,358,10450,7300,3150,0.6985645933014354,136,73,63,200.97143724692452,0.4690139091018158,0.8709178972385263,0.12290415072154401,2097216.855130185,2246.1371187975965,2099462.9922489827,2209,0,814.0251396648044,79,279,50,36.97964010369321,0.537651303538175,42.16145833333333,16267.675434198383,205.91994220504282,0
2211,62.865368663385574,2,0,357,0.0056022408963585435,0.0,1.0,357,10800,8000,2800,0.7407407407407407,136,80,56,204.00634255806324,0.4690644047881325,0.8725914998944753,0.12254481074810769,2079089.5206500643,2629.4897917235994,2081719.010441788,2210,0,817.2016806722689,87,270,56,37.56812759853334,0.5329715219421102,42.814867424242436,16168.038174116762,185.8395192427214,8
2212,63.30407373911286,1,0,358,0.002793296089385475,0.0,1.0,358,12500,8900,3600,0.712,161,89,72,208.5023353963621,0.4690901966000553,0.8732695914858812,0.12376432381396549,2086464.9523790127,2906.5630587373525,2089371.5154377501,2211,0,815.9162011173185,85,273,43,37.900164724567915,0.529096834264432,43.25339147286823,16253.106238468772,191.21301457022085,8
2213,63.26606574964359,0,0,358,0.0,0.0,1.0,358,12150,8900,3250,0.7325102880658436,154,89,65,213.5244533872089,0.469013583086866,0.8765530430261517,0.12735774280762313,2088106.2950764275,5422.351054117608,2093528.646130545,2212,1,816.9162011173185,87,271,44,37.58931313829378,0.5313663873370578,43.075284090909115,16254.615969413187,186.8346663150941,0
2214,62.8672945065509,1,0,359,0.002785515320334262,0.0,1.0,359,10250,7300,2950,0.7121951219512195,132,73,59,210.8221935056351,0.4690286487916466,0.8753008031436273,0.12626531003812919,2077397.7979587493,5542.312109888611,2082940.1100686379,2213,0,815.6378830083565,91,268,48,37.503716141819034,0.5329038997214485,42.92346014492756,16161.706541794032,177.6011707889454,0
2215,62.45636699793797,3,5,357,0.008287292817679558,0.013812154696132596,0.9861878453038674,362,10800,7600,3200,0.7037037037037037,140,76,64,210.6246619351222,0.46938305709023936,0.8773234616502987,0.12688851584872105,2067274.5736638631,3883.80164100587,2071158.375304869,2214,0,809.8701657458563,96,266,53,37.28913630229419,0.5349907918968693,42.70833333333336,16069.502758844606,167.39065373796464,0
2216,62.93684335149456,1,2,356,0.002793296089385475,0.00558659217877095,0.994413407821229,358,9950,7000,2950,0.7035175879396985,129,70,59,207.25085830880494,0.4693373159319594,0.8737154379529584,0.1253309839723885,2085427.753358637,4891.338364916126,2090319.0917235531,2215,0,819.1508379888268,74,284,53,37.23417408506429,0.5366038175046555,42.56944444444445,16201.86654888825,218.94414255254392,0
2217,63.42405473526933,1,1,356,0.0028011204481792717,0.0028011204481792717,0.9971988795518207,357,10700,7100,3600,0.6635514018691588,143,71,72,202.65860934464075,0.46927717716300005,0.8695344487691465,0.12309472731547486,2104194.4439628553,3186.623960846132,2107381.0679237014,2216,0,822.249299719888,79,278,52,37.18854782725911,0.5385737628384687,42.40885416666666,16337.474932654022,206.8034801601775,0
2218,63.4908263751242,1,3,354,0.0028011204481792717,0.008403361344537815,0.9915966386554622,357,10350,7300,3050,0.7053140096618358,134,73,61,203.53112137903395,0.4691319411659795,0.8666224601935169,0.12104745639910991,2093787.0919007293,3480.166948700524,2097267.25884943,2217,0,823.1960784313726,87,270,47,37.95476892822027,0.5350723622782446,43.18181818181819,16305.59859179329,187.4206734688884,8
2219,63.247497450226504,3,0,357,0.008403361344537815,0.0,1.0,357,9700,6900,2800,0.711340206185567,125,69,56,198.71632816450557,0.468944412971181,0.8635385217989597,0.11889505270118317,2089358.6580377999,1937.9361487986043,2091296.5941865984,2218,0,824.1708683473389,94,263,50,37.85273227540317,0.5371148459383753,42.96052631578949,16257.103456449735,172.9479091111674,0
2220,63.575404573323034,2,1,358,0.005571030640668524,0.002785515320334262,0.9972144846796658,359,10650,7600,3050,0.7136150234741784,137,76,61,195.44315926232377,0.46912915039189135,0.862639187723786,0.118331078727898,2107297.0368576124,-78.64192248391373,2107218.3949351287,2219,0,820.5738161559889,79,280,58,37.493889282222426,0.5383878830083566,42.52604166666663,16369.011068136402,207.20267174856204,8
2221,63.69214624203122,2,3,357,0.005555555555555556,0.008333333333333333,0.9916666666666667,360,10950,8000,2950,0.730593607305936,139,80,59,189.52152638776064,0.4693174197874755,0.8578138212413329,0.11529226188588673,2114006.2463072883,-2820.0618813172896,2111186.184425971,2220,0,818.8777777777777,84,276,46,37.469974790715355,0.5402199074074074,42.35294117647056,16410.094149417306,195.35826368353935,0
2222,63.22345844643325,2,5,354,0.005571030640668524,0.013927576601671309,0.9860724233983287,359,12150,9100,3050,0.7489711934156379,152,91,61,192.5728421026584,0.46898520616444395,0.8608863272965945,0.11754431691199345,2100446.745231429,-3052.20011710158,2097394.5451143277,2221,0,822.1058495821727,84,275,49,37.26644955785872,0.5418987929433612,42.23039215686273,16297.086090223884,194.01292964552243,0
2223,63.06967262611785,1,2,353,0.0028169014084507044,0.005633802816901409,0.9943661971830986,355,10850,7200,3650,0.663594470046083,145,72,73,188.28922413737735,0.46866893451102093,0.8559277593139945,0.115507898110369,2098293.920049673,-2832.7731563346715,2095461.1468933383,2222,0,831.6845070422535,89,266,55,37.19166442320634,0.5435446009389671,42.04861111111109,16268.909650674539,182.79673764802854,0
2224,63.47009040450203,0,3,350,0.0,0.0084985835694051,0.9915014164305949,353,10600,7800,2800,0.7358490566037735,134,78,56,178.7649320327414,0.46834626362777926,0.8525018400907458,0.10871245447590466,2106437.8692332082,-5888.555495066164,2100549.313738142,2223,1,837.3229461756374,87,266,47,37.75944750746612,0.5418437204910292,42.36505681818183,16352.113135108792,187.95532339205508,8
2225,63.71355871334525,1,0,351,0.002849002849002849,0.0,1.0,351,11000,7900,3100,0.7181818181818181,141,79,62,173.45285305190097,0.4679962013295347,0.8464665371075235,0.10586950445658075,2116705.5906843343,-7770.27524497797,2108935.3154393565,2224,0,841.911680911681,93,258,51,37.76076372468941,0.5433582621082621,42.23182624113477,16423.327673217344,176.59492121739078,0
2226,63.84985878228621,1,0,352,0.002840909090909091,0.0,1.0,352,11050,7200,3850,0.6515837104072398,149,72,77,176.7984219025252,0.4678907126823793,0.8501846478564112,0.10854148963364063,2124704.283072497,-6321.127148649411,2118383.155923848,2225,0,840.5170454545455,96,256,54,37.46002095214309,0.5454545454545454,42.02104810996563,16471.91964698089,171.5824963227176,0
2227,63.73714134031237,4,0,356,0.011235955056179775,0.0,1.0,356,10250,7700,2550,0.751219512195122,128,77,51,174.92131923869172,0.46823749142796856,0.851439541998438,0.10821178190165473,2125477.8939158474,-7091.720556712726,2118386.1733591347,2226,0,832.061797752809,104,252,55,37.22861926347057,0.5477820692883895,41.74603174603175,16460.36967629974,158.27278534903596,0
2228,63.32278582194071,2,0,358,0.00558659217877095,0.0,1.0,358,10300,7100,3200,0.6893203883495146,135,71,64,190.3601963079626,0.46822821307293866,0.8584758116731948,0.11535175746741777,2099430.0900097084,-1970.4151861820355,2097459.6748235263,2227,0,828.4078212290502,82,276,53,37.59310930240114,0.5382914338919926,42.494979919678705,16305.93523462068,198.85286871488634,8
2229,62.98777606062635,1,3,356,0.002785515320334262,0.008356545961002786,0.9916434540389972,359,11000,8500,2500,0.7727272727272727,135,85,50,191.88688147923327,0.46839030153073663,0.8597194480602921,0.11695150894395956,2091739.9820989051,-2524.507593923261,2089215.474504982,2228,0,827.0974930362117,85,274,46,37.33917493067627,0.5401288300835654,42.28439922480619,16232.932548957615,190.97567704656018,0
2230,63.23048113406687,1,2,355,0.0028011204481792717,0.0056022408963585435,0.9943977591036415,357,10000,6400,3600,0.64,136,64,72,189.46213665664393,0.46857230720003357,0.857159023431793,0.11587386989386093,2101845.742594735,-1755.9629370662824,2100089.779657669,2229,0,826.3193277310925,90,267,47,37.27376988531264,0.5420168067226891,42.15888278388278,16303.417897720406,181.14908775244896,0
2231,62.845579053129114,1,0,356,0.0028089887640449437,0.0,1.0,356,11150,8100,3050,0.726457399103139,142,81,61,189.40748510265954,0.46830062773645614,0.8562643278770092,0.11638629762343987,2091807.65193833,-3109.194665572186,2088698.4572727578,2230,0,829.4410112359551,96,260,50,37.10190696190238,0.5438319288389513,41.988831615120276,16214.861279322173,168.9048049929393,0
2232,62.843984968823094,0,2,354,0.0,0.0056179775280898875,0.9943820224719101,356,11250,8000,3250,0.7111111111111111,145,80,65,196.43628814170899,0.46808088700743794,0.8689790251095153,0.11708541109794281,2073768.4913873924,-977.3230173257807,2072791.1683700667,2231,1,830.4410112359551,84,272,47,38.054051582947736,0.5354927434456929,43.10049019607843,16144.58893261568,192.1974872930438,8
2233,62.83111513838159,1,1,354,0.0028169014084507044,0.0028169014084507044,0.9971830985915493,355,10750,7800,2950,0.7255813953488373,137,78,59,197.67481975703515,0.4680247208296862,0.8662342124464741,0.11851295007759063,2076813.2393903432,356.73655310258437,2077169.9759434457,2232,0,833.7605633802817,93,262,51,37.80313478723099,0.5355927230046948,42.88563829787236,16154.782063837994,173.70733401976338,8
2234,62.723249865074486,1,1,354,0.0028169014084507044,0.0028169014084507044,0.9971830985915493,355,11000,8000,3000,0.7272727272727273,140,80,60,199.15094494254754,0.4679968701095462,0.8662827165421652,0.11997630097758458,2076108.263356318,691.7844900890123,2076800.047846407,2233,0,828.7295774647887,98,257,54,37.584345479082316,0.5377347417840376,42.70833333333336,16138.169496534943,164.67519894423413,8
2235,62.84368848868679,4,0,358,0.0111731843575419,0.0,1.0,358,10800,7600,3200,0.7037037037037037,140,76,64,184.80580033560935,0.4682321252523356,0.8583662230836555,0.11145016663883389,2080710.9699616618,-5494.508785830847,2075216.461175831,2234,0,822.6759776536313,81,277,54,37.914620049036536,0.5416666666666667,42.67022357723577,16171.552308375576,199.64879393056268,8
2236,63.23969396253241,3,1,360,0.008310249307479225,0.002770083102493075,0.997229916897507,361,10350,6700,3650,0.6473429951690821,140,67,73,183.23576591778226,0.4686368241510208,0.8579614780107403,0.11128644996195507,2098020.132936312,-5663.534806097727,2092356.5981302143,2235,0,816.831024930748,87,274,56,37.69247928250847,0.5437730840258541,42.4124053030303,16289.760657181163,187.23862824346165,0
2237,63.731409353025214,3,6,357,0.008264462809917356,0.01652892561983471,0.9834710743801653,363,9650,6800,2850,0.7046632124352331,125,68,57,179.05214477099742,0.46898099528687176,0.855830647160343,0.10953668669185145,2118657.492586805,-6379.966383437811,2112277.5262033674,2236,0,813.2644628099174,94,269,45,37.53224754776893,0.546028466483012,42.14912280701754,16433.199806422574,174.82127453641036,0
2238,63.38789790645895,1,3,355,0.002793296089385475,0.008379888268156424,0.9916201117318436,358,10650,8000,2650,0.7511737089201878,133,80,53,174.8270676090924,0.4684148566316657,0.8501527498253496,0.10736250589089928,2109504.01272146,-8490.3198692587,2101013.692852201,2237,0,825.3491620111732,102,256,49,37.500163334640035,0.5476897113594041,42.010517799352755,16353.41095867487,160.32755841838107,0
2239,63.2617897816597,1,1,355,0.0028089887640449437,0.0028089887640449437,0.9971910112359551,356,11900,9100,2800,0.7647058823529411,147,91,56,183.09298307891032,0.4682152371155774,0.8567379373559894,0.11292955089222598,2107872.6237325985,-5912.662674085576,2101959.961058513,2238,0,830.9550561797753,105,251,52,37.12689703960306,0.5493328651685394,41.853380503144656,16330.81717545618,155.53159214720174,0
2240,63.159212826248016,0,0,355,0.0,0.0,1.0,355,10800,7700,3100,0.7129629629629629,139,77,62,181.56047411924644,0.46796006737221824,0.8530592112989226,0.11301982454689335,2109845.0458911373,-5187.106629973127,2104657.939261164,2239,1,834.1774647887324,86,269,50,36.83006763016488,0.5529342723004695,41.5229885057471,16325.204579657937,189.82796022858065,8
2241,63.61223903617873,2,3,354,0.0056022408963585435,0.008403361344537815,0.9915966386554622,357,11900,8300,3600,0.6974789915966386,155,83,72,178.82904856831877,0.46799300244442343,0.8524130232521243,0.11216015021748749,2129394.034689672,-7140.498149879219,2122253.5365397925,2240,0,830.498599439776,90,267,42,36.62745900430596,0.5550887021475257,41.25457875457873,16459.37558578037,182.88195095311522,0
2242,63.3928951746942,1,0,355,0.0028169014084507044,0.0,1.0,355,9200,6200,3000,0.6739130434782609,122,62,60,186.22359913875925,0.4675237394233575,0.8602588661360482,0.11580331267780482,2117047.635654828,-1351.1539480309784,2115696.481706797,2241,0,836.0140845070423,77,278,50,36.74706318037755,0.5495011737089202,41.55982905982908,16383.270665340384,212.76974890052446,8
2243,63.13483639892577,1,2,354,0.0028089887640449437,0.0056179775280898875,0.9943820224719101,356,11100,8200,2900,0.7387387387387387,140,82,58,184.50237362110983,0.46730182122698743,0.857086958832012,0.11552087931474761,2112419.6101343697,-4350.713569286036,2108068.896565084,2242,0,834.6629213483146,85,271,47,36.54261483354401,0.5512347846441947,41.315406976744185,16332.009459445948,192.14128775818762,0
2244,63.268513371057715,0,0,354,0.0,0.0,1.0,354,9950,6700,3250,0.6733668341708543,132,67,65,186.85378592041218,0.4669147754250626,0.8563348884961413,0.11751400642081253,2119478.992967837,-1543.4651970354844,2117935.5277708014,2243,1,839.771186440678,89,265,49,36.32083556906937,0.5527012711864407,41.157407407407405,16376.58603044367,184.00658461172662,0
2245,62.90550045137654,1,0,355,0.0028169014084507044,0.0,1.0,355,12050,8800,3250,0.7302904564315352,153,88,65,179.52786802081897,0.4668728946181799,0.8559353964660243,0.10819561753265058,2082365.4653777059,-8281.473512112385,2074083.9918655935,2244,0,838.4028169014084,74,281,58,38.075092662564316,0.5382335680751174,42.69444444444443,16185.93474114162,218.72884785326514,8
2246,63.00796046058391,4,3,356,0.011142061281337047,0.008356545961002786,0.9916434540389972,359,10450,7700,2750,0.7368421052631579,132,77,55,179.17702193505224,0.467462120622669,0.8562634491509855,0.10932672835716241,2093066.7298848971,-7244.107325577385,2085822.6225593197,2245,0,830.050139275766,82,277,51,37.62558022527344,0.5409122562674095,42.24397590361444,16240.681374742293,198.05708993588163,0
2247,63.269202270616304,1,0,357,0.0028011204481792717,0.0,1.0,357,11700,8500,3200,0.7264957264957265,149,85,64,181.39814091682166,0.4670350349877779,0.8577317866717842,0.1113505511166326,2105303.4528314197,-6720.373518123615,2098583.079313296,2246,0,829.5490196078431,86,271,56,37.34625916643455,0.5428921568627452,42.02586206896549,16321.81791334634,189.78858038774814,0
2248,62.88458214881515,0,1,356,0.0,0.0028011204481792717,0.9971988795518207,357,10500,7100,3400,0.6761904761904762,139,71,68,183.12268853481163,0.46695864675458193,0.8592297201455155,0.11262676802437518,2093638.289225893,-5221.465531506715,2088416.8236943863,2247,1,830.5490196078431,89,268,56,37.230647753606924,0.5441176470588236,41.9560185185185,16226.987951479447,182.32570731999377,0
2249,63.205618402768096,1,1,356,0.0028011204481792717,0.0028011204481792717,0.9971988795518207,357,11400,7700,3700,0.6754385964912281,151,77,74,184.09762173733066,0.4669481556667611,0.859938981537919,0.11372326329146441,2106900.696836394,-5224.918495139791,2101675.778341254,2248,0,831.4173669467787,94,263,59,37.04481272294886,0.5457808123249299,41.79824561403506,16319.801558644394,173.61491019834463,0
2250,63.11946626988542,0,0,356,0.0,0.0,1.0,356,10600,7600,3000,0.7169811320754716,136,76,60,186.69845748977866,0.4667886532679221,0.8623026818895949,0.11568449551036573,2105827.23316779,-3169.0607655222075,2102658.172402268,2249,1,834.5280898876405,97,259,60,36.86527857789483,0.5475187265917603,41.68792517006799,16304.520294331798,168.08783808589482,0
2251,63.30662762777812,3,2,357,0.008356545961002786,0.005571030640668524,0.9944289693593314,359,10700,7100,3600,0.6635514018691588,143,71,72,182.31489671977533,0.46686980957864543,0.8580065803696582,0.11405597255753851,2117680.2523709405,-5283.068700696409,2112397.183670244,2250,0,828.5459610027855,80,279,48,36.62950164901641,0.5498201021355618,41.34516460905352,16374.565348218997,204.68206685273748,0
2252,63.62417345361221,1,3,355,0.002793296089385475,0.008379888268156424,0.9916201117318436,358,11250,8000,3250,0.7111111111111111,145,80,65,187.15497704563793,0.4667335975358486,0.8615864533814483,0.11759269163420177,2130842.901031422,-3090.429153920333,2127752.471877502,2251,0,831.8575418994413,80,278,50,36.34710144927535,0.5512977188081937,41.190843621399196,16466.518656815246,205.83148321019058,0
2253,64.00826347547948,1,0,356,0.0028089887640449437,0.0,1.0,356,11750,8700,3050,0.7404255319148936,148,87,61,183.15539528354617,0.4664381890594503,0.8600573917599705,0.11373479146903963,2136762.444260125,-4678.085978899169,2132084.358281226,2252,0,835.379213483146,73,283,56,36.877814701823176,0.5473431647940075,41.6103603603604,16539.07213338846,226.5626319642255,8
2254,64.39084810725184,1,1,356,0.0028011204481792717,0.0028011204481792717,0.9971988795518207,357,11200,8300,2900,0.7410714285714286,141,83,58,172.03674542767436,0.46633508272222746,0.8460725679482075,0.10749187491420573,2153208.218558814,-8513.813170205438,2144694.4053886086,2253,0,834.0364145658264,93,264,56,36.94057898044593,0.5553221288515406,41.38962765957443,16652.14120433195,179.05528176701023,8
2255,64.51122880817822,0,0,356,0.0,0.0,1.0,356,12250,8900,3350,0.726530612244898,156,89,67,170.70009484122073,0.46587803977422587,0.84496272475057,0.10727621866409952,2160675.31139252,-9684.50388484336,2150990.8075076765,2254,1,837.1910112359551,96,260,47,36.76541775583306,0.5573501872659177,41.18341924398622,16696.575660501345,173.92266313022233,0
2256,64.21079246480691,0,1,355,0.0,0.0028089887640449437,0.9971910112359551,356,8950,6300,2650,0.7039106145251397,116,63,53,173.61405118157361,0.46587787492746746,0.8469334926324201,0.10958895990872926,2153209.2952301633,-5384.522242655262,2147824.772987508,2255,2,838.1910112359551,100,256,50,36.53109650869504,0.5584328183520599,41.02722772277224,16628.84693472852,166.2884693472852,0
2257,64.0346797919978,1,3,353,0.0028089887640449437,0.008426966292134831,0.9915730337078652,356,11900,8800,3100,0.7394957983193278,150,88,62,174.82469825747083,0.46574401935960336,0.8498821952113487,0.11101108441383555,2150788.7770937956,-7897.800205805547,2142890.9768879903,2256,0,838.3904494382023,102,254,54,36.28599578585919,0.5604225187265918,40.817152103559835,16596.69067262638,162.71265365319982,0
2258,63.930541039544565,0,1,352,0.0,0.0028328611898017,0.9971671388101983,353,10450,8100,2350,0.7751196172248804,128,81,47,191.27230452805193,0.4653266240664435,0.8614984685943565,0.11608345435362602,2120506.046402506,68.81565221510027,2120574.862054721,2257,1,845.7818696883853,84,269,53,37.51229163692884,0.5410174693106704,42.43872549019608,16466.03163024642,196.02418607436215,8
2259,63.70023309365943,3,2,353,0.008450704225352112,0.005633802816901409,0.9943661971830986,355,11950,9500,2450,0.7949790794979079,144,95,49,184.69039962589127,0.46541238959178804,0.8583378536774116,0.11297453934282282,2117561.050383875,-4731.36067447588,2112829.6897093994,2258,0,841.9154929577464,89,266,49,37.39058712631297,0.5433392018779343,42.15277777777778,16424.92815810816,184.54975458548495,0
2260,63.21645990672151,1,0,354,0.002824858757062147,0.0,1.0,354,10250,7000,3250,0.6829268292682927,135,70,65,183.9505939588813,0.46518775040945776,0.8561578487170709,0.11302485814464787,2104109.0592063414,-3639.5777609457036,2100469.481445396,2259,0,845.223163841808,92,262,52,37.24540554229074,0.5451388888888888,41.991487455197145,16310.384788881456,177.2867911834941,0
2261,63.059381271068624,3,2,355,0.008403361344537815,0.0056022408963585435,0.9943977591036415,357,10600,7700,2900,0.7264150943396226,135,77,58,177.86533569376724,0.46563775322863227,0.8557299610627489,0.10688731610028243,2085757.5478369424,-7803.206715633481,2077954.341121309,2260,0,839.1120448179272,102,255,57,38.22464480444584,0.5411122782446312,42.7993527508091,16218.9136780526,159.00895762796668,8
2262,62.64707217997026,2,1,356,0.0056022408963585435,0.0028011204481792717,0.9971988795518207,357,11250,8100,3150,0.72,144,81,63,174.81862591497895,0.46533777368625356,0.8530041940487867,0.10543286706590667,2074232.646306637,-10127.099788936903,2064105.5465177,2261,0,839.4033613445379,77,280,59,38.16963127302926,0.5429213352007469,42.66826923076922,16121.07951169661,209.36466898307285,0
2263,62.99966974192338,1,1,356,0.0028011204481792717,0.0028011204481792717,0.9971988795518207,357,10850,7900,2950,0.728110599078341,138,79,59,174.24874537982078,0.46530662826928526,0.8544836963636946,0.10614210279507647,2091805.5679576346,-9351.100840971707,2082454.4671166628,2262,0,837.5518207282913,79,278,51,37.8143790106614,0.5428629785247432,42.3046875,16234.719581541745,205.50277951318665,8
2264,63.49999975365228,2,4,354,0.00558659217877095,0.0111731843575419,0.9888268156424581,358,10800,7800,3000,0.7222222222222222,138,78,60,205.25060696848482,0.46554967424586224,0.872502366377814,0.12281855026682348,2097768.1614849055,3713.6376847881465,2101481.7991696936,2263,0,836.0027932960894,83,275,52,37.68051267206999,0.5322392923649907,42.956349206349216,16322.271762074759,196.6538766515031,7
2265,63.86728590180208,0,1,353,0.0,0.002824858757062147,0.9971751412429378,354,11300,7700,3600,0.6814159292035398,149,77,72,207.6126654396789,0.4651005572360664,0.8726499071443241,0.12474762702964379,2112401.5819232026,5612.264580414584,2118013.8465036172,2264,1,846.3728813559322,86,268,54,37.46440652980156,0.5341042843691148,42.80411877394638,16426.40287903039,191.00468463988824,0
2266,63.946198231120334,0,2,351,0.0,0.0056657223796034,0.9943342776203966,353,11850,8800,3050,0.7426160337552743,149,88,61,208.59512004540102,0.4648477739505537,0.8742868622136786,0.12597726537917328,2118077.798210732,5914.138516653711,2123991.936727386,2265,2,849.1671388101983,68,285,53,37.24888556513579,0.5360894711992445,42.61775362318843,16458.616147982746,242.03847276445214,0
2267,64.07468664531063,1,1,351,0.002840909090909091,0.002840909090909091,0.9971590909090909,352,11900,8800,3100,0.7394957983193278,150,88,62,221.97601280879474,0.4646795141586808,0.8776860686120622,0.13189600662198692,2112482.163641548,11484.073562969115,2123966.237204517,2266,0,845.3039772727273,77,275,45,37.51581894459469,0.5299479166666667,43.21581196581196,16453.366383761087,213.68008290598814,7
2268,63.99122326793042,1,2,350,0.002840909090909091,0.005681818181818182,0.9943181818181818,352,11850,8800,3050,0.7426160337552743,149,88,61,223.3083388417038,0.46483751106146937,0.879537761995886,0.13378668328828924,2114732.4473987985,12197.477984655545,2126929.925383454,2267,0,846.0142045454545,81,271,49,37.17058668511385,0.5318714488636364,42.91158536585367,16451.402140451966,203.10373012903662,0
2269,64.00419013856339,2,1,351,0.005681818181818182,0.002840909090909091,0.9971590909090909,352,10000,7300,2700,0.73,127,73,54,222.754019898702,0.4649948334844168,0.8790830879646665,0.1341957144267799,2118506.747050587,13981.17881760887,2132487.925868196,2268,0,846.2982954545455,86,266,51,36.97705802968966,0.5336766098484849,42.70833333333336,16467.744754401327,191.48540412094565,0
2270,63.85072755015714,4,4,351,0.011267605633802818,0.011267605633802818,0.9887323943661972,355,10450,7000,3450,0.6698564593301436,139,70,69,215.01841827430962,0.4654972679769767,0.876087800069216,0.13100376864528757,2120187.6508353837,9725.879025469914,2129913.5298608537,2269,0,840.0028169014084,75,280,45,36.75606318476758,0.5361208920187793,42.29714912280702,16454.51452025844,219.39352693677918,0
2271,63.43761267910578,2,1,352,0.0056657223796034,0.0028328611898017,0.9971671388101983,353,11000,7800,3200,0.7090909090909091,142,78,64,216.89418543928426,0.4653628396214267,0.8759178859411636,0.13018236627106425,2097536.2426412045,9388.682955409175,2106924.925596614,2270,0,844.8158640226629,91,262,49,37.26664318421978,0.5340828611898016,42.844202898550755,16313.349854708631,179.26758082097396,8
2272,63.715568381824326,1,3,350,0.0028328611898017,0.0084985835694051,0.9915014164305949,353,10400,7300,3100,0.7019230769230769,135,73,62,209.25220728476305,0.4654221928920937,0.8711656347850565,0.12558523882908904,2106677.2526171124,7165.373029346427,2113842.625646459,2271,0,845.8073654390935,89,264,50,37.4662435862814,0.53532223796034,42.84722222222223,16384.635397076112,184.09702693343945,8
2273,64.18198470238002,2,1,351,0.005681818181818182,0.002840909090909091,0.9971590909090909,352,10100,7000,3100,0.693069306930693,132,70,62,207.66230571661734,0.46563491485366487,0.8697097326821634,0.12533526979545995,2125508.789083615,7777.611192407108,2133286.400276022,2272,0,846.1363636363636,76,276,51,37.29630992430613,0.537405303030303,42.64069264069261,16517.831127950045,217.3398832625006,0
2274,64.1191883514916,2,1,352,0.0056657223796034,0.0028328611898017,0.9971671388101983,353,10900,7700,3200,0.7064220183486238,141,77,64,203.85733051467648,0.46583431249463475,0.8674788423410134,0.12364594113001393,2126396.464101793,5196.30135752711,2131592.76545932,2273,0,844.6260623229462,79,274,53,37.21081492154977,0.5393944759206799,42.46093749999997,16513.195656303928,209.02779311777124,0
2275,64.50189997306683,2,4,350,0.005649717514124294,0.011299435028248588,0.9887005649717514,354,10750,7200,3550,0.6697674418604651,143,72,71,225.74642023490813,0.4661126982602711,0.8721251192091348,0.1348265317182813,2129706.7814609916,14604.736412966151,2144311.5178739578,2274,0,843.042372881356,94,260,47,37.22522685896346,0.5379001883239172,43.02631578947371,16575.290874658,176.33288164529787,8
2276,64.44122297431487,2,1,351,0.005681818181818182,0.002840909090909091,0.9971590909090909,352,10300,7500,2800,0.7281553398058253,131,75,56,221.48321589919834,0.4656612195674696,0.8707978994377656,0.1332387220055034,2132100.1306678513,13744.878711884408,2145845.0093797357,2275,0,848.4659090909091,98,254,46,37.06352939572429,0.5401278409090908,42.76094276094279,16576.799445244815,169.15101474739606,0
2277,64.87576091047417,4,2,353,0.011267605633802818,0.005633802816901409,0.9943661971830986,355,10350,6800,3550,0.6570048309178744,139,68,71,215.26649749666018,0.46614744966977,0.8684178461645338,0.13063538571519767,2151810.5074051586,11292.54224112312,2163103.0496462816,2276,0,842.1971830985915,81,274,56,36.897194821208345,0.5424882629107981,42.44156504065038,16709.299446898553,206.28764749257473,0
2278,64.66470399935507,0,4,349,0.0,0.0113314447592068,0.9886685552407932,353,10900,7900,3000,0.7247706422018348,139,79,60,212.1937121056872,0.4656042766546485,0.8658032195937404,0.12937128384483645,2147630.380174811,9642.732520048088,2157273.112694859,2277,1,847.8356940509915,85,268,40,36.80346680452426,0.5439683663833805,42.272286821705414,16665.886285105025,196.0692504130003,0
2279,64.38830776952051,2,0,351,0.005698005698005698,0.0,1.0,351,10250,7900,2350,0.7707317073170732,126,79,47,216.63762436575257,0.46505528422195086,0.8695898162723903,0.13299719395569531,2142609.856068936,12383.981832283676,2154993.8379012197,2278,0,853.6296296296297,87,264,45,36.43300143770458,0.5456433998100665,42.02178030303028,16610.78100768135,190.9285173296707,0
2280,64.3267257089217,0,3,348,0.0,0.008547008547008548,0.9914529914529915,351,9150,6400,2750,0.6994535519125683,119,64,55,213.51546865406047,0.4647290055623389,0.8664572882103048,0.13137261804959385,2141894.8721660892,12115.537487653895,2154010.4096537433,2279,1,854.6296296296297,90,261,45,36.431441477407134,0.5469195156695157,41.94139194139193,16600.065297412133,184.44516997124592,0
2281,64.69153129238775,2,0,350,0.005714285714285714,0.0,1.0,350,10800,7800,3000,0.7222222222222222,138,78,60,217.6958672722466,0.464520910083231,0.8696816319292731,0.13449919687921194,2156526.8215985703,13093.395344751589,2169620.2169433217,2280,0,857.3257142857143,90,260,48,36.171513646909304,0.5484821428571429,41.792582417582395,16703.833234459464,185.5981470495496,0
2282,64.79618358705103,2,1,351,0.005681818181818182,0.002840909090909091,0.9971590909090909,352,9900,7000,2900,0.7070707070707071,128,70,58,215.74129758884789,0.4646231950919451,0.8703090146220656,0.13430221202395007,2164551.1986181135,13096.616857473544,2177647.8154755873,2281,0,853.4488636363636,78,274,48,35.94517845907939,0.5508404356060606,41.52162447257384,16748.412273957834,214.72323428151068,0
2283,64.73076758340116,2,2,351,0.0056657223796034,0.0056657223796034,0.9943342776203966,353,9700,6900,2800,0.711340206185567,125,69,56,214.19705372984984,0.46460834889260877,0.8728955056826353,0.13295060630450417,2160609.8573562102,12259.253141074083,2172869.110497284,2282,0,851.9943342776204,77,276,49,36.092320514808485,0.5498996694995278,41.626602564102555,16724.70833915677,217.20400440463337,8
2284,64.9617763858101,3,0,354,0.00847457627118644,0.0,1.0,354,13000,9600,3400,0.7384615384615385,164,96,68,199.80400894573748,0.4643665007495612,0.8691756272401423,0.12249822386896059,2160879.5550283473,2550.4795887091095,2163430.0346170566,2283,0,850.5706214689266,79,275,46,36.916773941137826,0.5423728813559322,42.0703125,16755.570682636888,212.0958314257834,8
2285,65.05800554541571,3,3,354,0.008403361344537815,0.008403361344537815,0.9915966386554622,357,11550,8600,2950,0.7445887445887446,145,86,59,199.17526048196999,0.4648633798088524,0.868405815902958,0.12290649835586928,2168005.6911302367,3412.6196514511685,2171418.310781688,2284,0,844.4145658263305,91,266,50,36.69452545940963,0.5449054621848739,41.836503623188385,16795.602178906407,184.5670569110594,0
2286,64.84956926442801,2,1,355,0.0056179775280898875,0.0028089887640449437,0.9971910112359551,356,10650,7400,3250,0.6948356807511737,139,74,65,208.15033334436242,0.46450008572031437,0.8745262259992239,0.12956123460573518,2166262.893946334,8331.668697290632,2174594.5626436244,2285,0,846.9101123595506,73,283,49,36.14575391206479,0.5473724250936329,41.52590090090091,16761.93399258769,229.61553414503683,0
2287,65.03254247924717,1,0,356,0.0028089887640449437,0.0,1.0,356,11150,7900,3250,0.7085201793721974,144,79,65,203.7860659859246,0.46426781663765365,0.871257204325093,0.12725810687098837,2174329.839316099,6269.624822007133,2180599.464138106,2286,0,847.8595505617977,76,280,50,36.139920655680534,0.5488647003745318,41.40963203463204,16816.78908943197,221.27354065042067,0
2288,64.85482658273388,2,1,357,0.00558659217877095,0.002793296089385475,0.9972067039106145,358,10450,7100,3350,0.6794258373205742,138,71,67,200.11416588059438,0.46458092082270525,0.8701988467115531,0.12589460815526085,2172814.379797991,4912.187445327853,2177726.5672433185,2287,0,844.1173184357542,79,279,48,35.96579476861168,0.5509485567970205,41.14583333333336,16787.94208938488,212.50559606816304,0
2289,64.84112216356733,1,1,357,0.002793296089385475,0.002793296089385475,0.9972067039106145,358,11200,8000,3200,0.7142857142857143,144,80,64,198.35966493400917,0.4645090345262872,0.869040411244203,0.12547783769239707,2175621.5076496312,3511.1106561216766,2179132.618305753,2288,0,845.1145251396648,82,276,53,35.812823991085715,0.5524324953445066,40.95130522088356,16797.008064485504,204.84156176201836,0
2290,64.62932136592252,2,2,357,0.005571030640668524,0.005571030640668524,0.9944289693593314,359,11600,8200,3400,0.7068965517241379,150,82,68,198.53841338967203,0.4646065783808739,0.8705981172206068,0.12641427056610882,2172376.0434491294,2860.0185904249065,2175236.062039554,2289,0,843.4679665738162,86,273,55,35.57309705225891,0.5544336118848654,40.720785440613035,16757.039681262646,194.8492986193331,0
2291,64.78408034923287,1,3,355,0.002793296089385475,0.008379888268156424,0.9916201117318436,358,11050,7800,3250,0.7058823529411765,143,78,65,211.11803042907925,0.46425262376831555,0.8755884401077851,0.13432729855243927,2177152.3391019306,9277.222755053694,2186429.561856984,2290,0,846.072625698324,85,273,51,35.27280726343989,0.5561277932960894,40.74612403100779,16795.523931625437,197.59439919559338,8
2292,64.31086616107935,1,3,353,0.0028089887640449437,0.008426966292134831,0.9915730337078652,356,9750,6800,2950,0.6974358974358974,127,68,59,207.83108204754132,0.4641814369362241,0.8736226933666829,0.13307043647720002,2164935.800939398,9038.1900145389,2173973.9909539367,2291,0,851.376404494382,72,284,52,35.13241952632349,0.5579939138576779,40.52511415525113,16687.054655722943,231.76464799615198,0
2293,64.38087471888804,0,2,351,0.0,0.0056657223796034,0.9943342776203966,353,11250,8100,3150,0.72,144,81,63,206.32190685694067,0.46371201390677314,0.8707228902149717,0.1329045410746927,2170823.14551293,7727.674166282253,2178550.8196792123,2292,1,859.0821529745042,76,277,50,34.95595870667501,0.5597851746931066,40.313852813852826,16718.82130822211,219.98449089765933,0
2294,64.78253038647466,0,3,348,0.0,0.008547008547008548,0.9914529914529915,351,12050,8400,3650,0.6970954356846473,157,84,73,175.05356178331832,0.46334723918057247,0.850845185293345,0.11047447541408223,2172257.2156069404,-6197.72745969781,2166059.4881472425,2293,2,864.7663817663818,88,263,53,36.50136340353732,0.557247150997151,41.034644194756574,16776.431031497516,190.64126172156267,8
2295,65.15172719270008,0,1,347,0.0,0.0028735632183908046,0.9971264367816092,348,10900,8100,2800,0.7431192660550459,137,81,56,175.51315203610613,0.4626295311758146,0.8508704982197011,0.1112238440506527,2187107.1362053454,-3726.786536787391,2183380.349668558,2294,4,873.1091954022988,90,258,56,36.34052688932084,0.5588481800766283,40.8882783882784,16881.576198877807,187.57306887642008,0
2296,65.3584186748902,6,2,351,0.0169971671388102,0.0056657223796034,0.9943342776203966,353,11000,8000,3000,0.7272727272727273,140,80,60,169.3642151513834,0.46319393027298483,0.8479487634648004,0.10837657435882171,2199847.944159242,-7084.895897017106,2192763.0482622245,2295,0,861.014164305949,78,275,63,36.15166183869492,0.5616442398489141,40.54588607594936,16957.510604770738,217.40398211244536,0
2297,64.95677562887498,0,1,350,0.0,0.002849002849002849,0.9971509971509972,351,11350,8200,3150,0.7224669603524229,145,82,63,167.3561173532625,0.46278490028490027,0.8445088926556248,0.10760957226375653,2189176.8369164993,-8275.572874791544,2180901.264041708,2296,1,866.5897435897435,83,268,58,36.03203413577887,0.5635980531813864,40.376984126984134,16864.27399015538,203.18402397777567,0
2298,65.24139172856087,0,3,347,0.0,0.008571428571428572,0.9914285714285714,350,10450,7700,2750,0.7368421052631579,132,77,55,162.67411911345266,0.4625508254877882,0.8373547908682824,0.10660625146887205,2209955.1651808755,-8549.49804479405,2201405.6671360815,2297,2,870.0085714285714,100,250,56,35.48328512369408,0.5717857142857143,39.717409240924134,16981.198463837834,169.81198463837833,8
2299,64.91893888231857,0,0,347,0.0,0.0,1.0,347,11150,7900,3250,0.7085201793721974,144,79,65,183.05786266082615,0.4617045082263053,0.8512850454774323,0.11451759315293493,2171597.326397667,-1044.4069739359666,2170552.919423731,2298,3,878.4582132564841,90,257,54,36.611291821561295,0.5570365033621518,41.34615384615383,16791.533230138095,186.57259144597884,8
2300,64.94365600383507,0,1,346,0.0,0.002881844380403458,0.9971181556195965,347,9650,6800,2850,0.7046632124352331,125,68,57,174.17593343088245,0.4614820537166908,0.8466091386305925,0.11178928091109416,2187652.4737732294,-2842.7176716333925,2184809.756101596,2299,4,879.4582132564841,84,263,54,35.92028643374255,0.5610290585975024,40.44117647058825,16856.698948054345,200.67498747683743,8
2301,64.5183977073951,2,2,346,0.005747126436781609,0.005747126436781609,0.9942528735632183,348,11050,7600,3450,0.6877828054298643,145,76,69,171.39162270781947,0.46121724800423997,0.8439305041062743,0.11056752590499838,2176326.1765342182,-6049.185012458868,2170276.9915217594,2300,0,877.6005747126437,88,260,50,35.81048350757032,0.5627394636015326,40.26217228464421,16757.86846819427,190.43032350220759,0
2302,64.31289825196282,1,1,346,0.002881844380403458,0.002881844380403458,0.9971181556195965,347,11500,8400,3100,0.7304347826086957,146,84,62,172.3698063012681,0.4609764121870367,0.8388173036405178,0.10815011583845305,2153073.628584597,-6675.0231377018945,2146398.605446895,2301,0,880.7319884726224,92,255,50,36.780816235246604,0.5563160422670509,41.24103942652326,16641.53870314542,180.88629025158065,8
2303,64.78508074507153,0,2,344,0.0,0.005780346820809248,0.9942196531791907,346,11500,8300,3200,0.7217391304347827,147,83,64,174.24860805381428,0.4605405811063639,0.8400387229468596,0.10995815123776516,2172297.733843665,-4996.028719858113,2167301.705123807,2302,1,883.8843930635838,95,251,52,36.52493784742589,0.5581948458574182,41.03732638888885,16776.917719855202,176.59913389321267,0
2304,64.4611469181579,1,6,339,0.002898550724637681,0.017391304347826087,0.9826086956521739,345,10750,7600,3150,0.7069767441860465,139,76,63,173.23594124219534,0.46043948713627686,0.8377279958285619,0.10986184400937288,2164360.154014182,-4761.006306450937,2159599.147707731,2303,0,886.9478260869565,100,245,56,36.37301334606912,0.5600845410628019,40.86221122112208,16704.319074521616,167.04319074521615,0
2305,64.82518835409128,0,1,338,0.0,0.0029498525073746312,0.9970501474926253,339,10800,8500,2300,0.7870370370370371,131,85,46,175.91954113708263,0.4597678954809656,0.8367520190814977,0.1117923091630402,2177796.2240975695,-1976.6175133378638,2175819.606584232,2304,1,890.3156342182891,100,239,58,36.230006366132145,0.5618239921337267,40.79001650165013,16803.336003541186,168.03336003541187,0
2306,64.8402269329299,0,1,337,0.0,0.0029585798816568047,0.9970414201183432,338,10200,7200,3000,0.7058823529411765,132,72,60,174.53289438086983,0.45969008070982503,0.8350729427652528,0.11133994986365671,2180584.6472416185,-1683.2500148876734,2178901.397226731,2305,2,892.4437869822485,106,232,57,36.12776839339336,0.5634245562130178,40.6542056074766,16816.040162511938,158.64188832558432,0
2307,64.75966129750505,1,1,337,0.0029585798816568047,0.0029585798816568047,0.9970414201183432,338,11450,8400,3050,0.7336244541484717,145,84,61,171.3027694464801,0.45957869500582355,0.8312432436897204,0.1099368613323388,2181409.7594437995,-4313.693381938972,2177096.0660618604,2306,0,887.7544378698225,91,247,54,35.99757168615135,0.5653044871794872,40.44384057971017,16808.768971739348,184.71174694219064,0
2308,64.50928997622857,0,0,337,0.0,0.0,1.0,337,10350,7300,3050,0.7053140096618358,134,73,61,175.73790820353736,0.4592389224483067,0.8336754482059341,0.11327265172327115,2175509.9381343303,-1286.0868392524353,2174223.8512950777,2307,1,891.0,93,244,44,35.7285088467884,0.566734668644906,40.29255319148939,16753.54299515634,180.14562360383158,0
2309,64.2828770337253,0,2,335,0.0,0.005934718100890208,0.9940652818991098,337,9900,7400,2500,0.7474747474747475,124,74,50,177.47690006943213,0.45902807215863595,0.8351124967133676,0.11492356643840371,2170562.6491488656,-255.05392451226544,2170307.5952243535,2308,2,892.0,94,243,48,35.51951476793252,0.5680328882294758,40.131578947368446,16705.089755474815,177.71372080292358,0
2310,64.72558097160369,0,0,335,0.0,0.0,1.0,335,9200,7100,2100,0.7717391304347826,113,71,42,178.15739139378374,0.458744451395716,0.8359634394708415,0.11563577961584683,2186884.7457342874,1721.9363157764446,2188606.6820500637,2309,6,898.176119402985,95,240,49,35.418710258657924,0.5691231343283583,40.049913194444464,16825.42039210852,177.10968833798444,0
2311,65.0801548886763,3,0,338,0.008875739644970414,0.0,1.0,338,9650,6400,3250,0.6632124352331606,129,64,65,176.3271007276141,0.4589621412977953,0.8373862071132532,0.11544987181527352,2203969.428175399,473.907872493759,2204443.336047893,2310,0,891.1952662721893,100,238,60,35.15940794166602,0.5711908284023668,39.748349834983514,16937.21770277298,169.3721770277298,0
2312,65.0789254657077,0,1,337,0.0,0.0029585798816568047,0.9970414201183432,338,9300,5900,3400,0.6344086021505376,127,59,68,179.47234288446975,0.45885825446713374,0.8385358075780018,0.11789866997782984,2205858.249936923,2278.1096374435756,2208136.3595743664,2311,1,892.1952662721893,101,237,54,34.961552918873,0.5721770216962525,39.63439542483661,16944.313773981055,167.76548291070353,0
2313,65.48560024079164,1,0,338,0.0029585798816568047,0.0,1.0,338,10600,7300,3300,0.6886792452830188,139,73,66,191.25044927285774,0.4587706456786005,0.8527234004467097,0.12324962774223827,2208330.555610812,6268.842180710112,2214599.397791522,2312,0,891.7307692307693,82,256,56,35.33189564909226,0.5639484714003945,40.29869477911649,17006.695855706712,207.39872994764283,8
2314,65.59716307150362,0,1,337,0.0,0.0029585798816568047,0.9970414201183432,338,10350,6800,3550,0.6570048309178744,139,68,71,191.04527144132703,0.45847325133589684,0.8527747366332936,0.12372294658474703,2215004.287604014,6683.219073803041,2221687.506677817,2313,1,892.7307692307693,87,251,50,35.163106191734244,0.5654277613412229,40.127840909090935,17046.876397630236,195.94110801873833,0
2315,65.2555630104746,0,1,336,0.0,0.002967359050445104,0.9970326409495549,337,9300,6600,2700,0.7096774193548387,120,66,54,188.32212218111573,0.458073910202063,0.8483464198085866,0.11977896920912182,2192778.0090722814,5889.721628114342,2198667.7307003955,2314,2,896.2908011869437,100,237,56,35.87699580946319,0.5591617210682492,40.75907590759074,16916.912457005757,169.16912457005756,8
2316,65.26071538068975,2,1,337,0.005917159763313609,0.0029585798816568047,0.9970414201183432,338,8950,6400,2550,0.7150837988826816,115,64,51,189.3194473761846,0.4582738910446626,0.8499635303121482,0.12091691573269765,2195435.093039495,6577.711712904581,2202012.8047523997,2315,0,894.094674556213,81,257,58,35.7015830843822,0.560866617357002,40.612296747967505,16927.827075181845,208.98551944668944,0
2317,65.31221135980879,0,3,334,0.0,0.008902077151335312,0.9910979228486647,337,9900,6800,3100,0.6868686868686869,130,68,62,191.55061594516178,0.45805624735057227,0.8501575459294686,0.1228116074438605,2199444.2007877356,6960.978279581419,2206405.179067317,2316,1,897.6587537091988,84,253,53,35.506780154570244,0.5624381800197824,40.47794117647061,16949.95955841519,201.78523283827607,0
2318,65.02541757522084,1,0,335,0.0029850746268656717,0.0,1.0,335,11150,8200,2950,0.7354260089686099,141,82,59,191.6502903490971,0.4573829952036226,0.8499605447084826,0.12317717690398344,2191234.071498289,5840.129205096862,2197074.2007033858,2317,0,903.8,84,251,53,35.416765011329346,0.5637126865671642,40.39215686274512,16881.10840580253,200.96557625955393,0
2319,64.91690722595989,0,2,333,0.0,0.005970149253731343,0.9940298507462687,335,10100,6900,3200,0.6831683168316832,133,69,64,189.90021300925972,0.457330488277177,0.8482588619611224,0.12072651350463835,2181122.412016861,5739.122128254908,2186861.534145116,2318,1,904.8,89,246,52,35.85278348290695,0.557089552238806,40.775462962962976,16828.055221525814,189.07927215197543,7
2320,64.67276173759019,2,1,334,0.005970149253731343,0.0029850746268656717,0.9970149253731343,335,10450,7400,3050,0.7081339712918661,135,74,61,188.10756217649302,0.456888834271755,0.8527730528736748,0.12081547550098469,2178938.7448306563,4524.971084400435,2183463.715915057,2319,0,905.7820895522389,79,256,54,35.53370786516857,0.5598880597014926,40.41666666666667,16787.971067716135,212.50596288248272,5
2321,64.69272180052357,1,5,330,0.0029850746268656717,0.014925373134328358,0.9850746268656716,335,9900,6500,3400,0.6565656565656566,133,65,68,186.2343079767131,0.4569163910984002,0.8507634317180588,0.1201899430057387,2182436.298791841,4388.902761751771,2186825.201553593,2320,0,906.5373134328358,82,253,43,35.41102977887296,0.5616293532338308,40.24849397590362,16804.031916483924,204.9272184937064,0
2322,64.23697274180675,0,2,328,0.0,0.006060606060606061,0.9939393939393939,330,9850,7200,2650,0.7309644670050761,125,72,53,191.41659818975825,0.45642979951490587,0.8514110889110909,0.11809430803571427,2140521.5885514678,6096.272166451028,2146617.8607179187,2321,2,919.3666666666667,93,237,54,36.90243675595235,0.5519570707070707,41.84397163120565,16583.161757459173,178.31356728450723,8
2323,64.25715271599425,1,0,329,0.00303951367781155,0.0,1.0,329,8850,6100,2750,0.6892655367231638,116,61,55,178.24944326611956,0.45643402340178413,0.8401972083671854,0.10709697954914915,2125255.3038954698,1115.1149435479492,2126370.418839018,2322,0,922.9969604863222,105,224,56,38.22214580467677,0.5421732522796352,42.80660377358494,16526.515338866193,157.39538417967802,8
2324,64.7064865203985,2,0,331,0.006042296072507553,0.0,1.0,331,10050,7100,2950,0.7064676616915423,130,71,59,178.7691700794883,0.4568403063871342,0.842108518256695,0.1080588897127951,2143793.14261094,398.82418533065356,2144191.9667962706,2323,0,918.4138972809668,84,247,54,37.98401174323572,0.5441528197381671,42.58578431372547,16656.369477462766,198.29011282693767,0
2325,64.42648324218526,1,1,331,0.0030120481927710845,0.0030120481927710845,0.9969879518072289,332,11000,8600,2400,0.7818181818181819,134,86,48,178.54418378244895,0.4568982121840837,0.8414087617315622,0.10858998718571858,2138244.015224149,-1045.7935148198758,2137198.221709329,2324,0,916.644578313253,89,243,43,37.76111859838274,0.5461219879518072,42.3611111111111,16598.76755753517,186.50300626444013,0
2326,64.15461236729708,0,1,330,0.0,0.0030211480362537764,0.9969788519637462,331,9750,6800,2950,0.6974358974358974,127,68,59,176.77388621564208,0.45685327596203734,0.8393161094165096,0.10807856804244001,2132369.3536571795,-560.5565013767482,2131808.7971558026,2325,1,919.963746223565,92,239,48,37.61295017159738,0.5473627895266868,42.170698924731184,16540.938867415003,179.79281377625003,0
2327,63.7806270682954,1,0,331,0.0030211480362537764,0.0,1.0,331,11050,8400,2650,0.7601809954751131,137,84,53,174.95884205170222,0.45698068296255606,0.8373446955435762,0.1072208856737874,2121340.437270364,-3020.546699545159,2118319.8905708184,2326,0,920.9546827794562,96,235,52,37.573038542143735,0.5486845417925479,42.085481099656356,16449.94974548164,171.35364318210043,0
2328,63.61868852622208,3,2,332,0.008982035928143712,0.005988023952095809,0.9940119760479041,334,10500,8000,2500,0.7619047619047619,130,80,50,170.72294160707082,0.45753481775188365,0.8352317285189061,0.10518897187169912,2119141.073376358,-4942.80045456454,2114198.2729217936,2327,0,913.6736526946107,101,233,56,37.484832898103456,0.5506175149700598,41.89133986928104,16420.534454776687,162.57954905719492,0
2329,63.77352484693505,0,0,332,0.0,0.0,1.0,332,10150,6900,3250,0.6798029556650246,134,69,65,171.4830611339584,0.45737443732634464,0.8356269212236405,0.1059969745489383,2126201.051583934,-3628.507017629375,2122572.544566305,2328,1,919.1234939759037,104,228,60,37.347685914428766,0.5518950803212852,41.775793650793645,16467.867839691153,158.34488307395338,0
2330,63.67714256018994,3,1,334,0.008955223880597015,0.0029850746268656717,0.9970149253731343,335,11050,8300,2750,0.751131221719457,138,83,55,166.9974748231957,0.4579531236035392,0.8333305915197768,0.1041286882430629,2128132.0348992986,-6971.4648162936255,2121160.570083005,2329,0,911.8835820895522,86,249,60,37.1456220380061,0.5540733830845771,41.463122605363985,16462.889598924598,191.42894882470463,0
2331,63.36183861481345,2,1,335,0.005952380952380952,0.002976190476190476,0.9970238095238095,336,11750,8600,3150,0.7319148936170212,149,86,63,165.53738696483842,0.4583579498341625,0.8331522441004751,0.10410867134534187,2122609.491328131,-8675.754251755134,2113933.7370763756,2330,0,910.0625,91,245,55,36.87233899071198,0.5562686011904762,41.15715579710145,16400.758520983378,180.22811561520194,0
2332,63.3490736802055,0,2,333,0.0,0.005970149253731343,0.9940298507462687,335,9100,6300,2800,0.6923076923076923,119,63,56,199.51517123367262,0.45791439509041615,0.8532429711440104,0.12576370514704133,2123506.4467743705,8634.350468799412,2132140.79724317,2331,1,913.776119402985,89,246,50,35.91047002816143,0.5559079601990049,41.07638888888889,16402.570917822683,184.2985496384571,8
2333,63.80510216625365,2,3,332,0.005970149253731343,0.008955223880597015,0.991044776119403,335,9600,6900,2700,0.71875,123,69,54,197.6857894925859,0.45777512139899307,0.8519309728838134,0.12524645707862667,2141769.6084435284,8079.483191276691,2149849.0916348053,2332,0,914.0208955223881,95,240,52,35.774154766391675,0.5577425373134328,40.8962673611111,16532.1401326819,174.02252771244105,0
2334,63.87630443184633,1,2,331,0.003003003003003003,0.006006006006006006,0.993993993993994,333,10150,7400,2750,0.729064039408867,129,74,55,196.67114297866942,0.4571608506096458,0.8512598952074679,0.12526665744180224,2147257.2867001486,7710.708968918523,2154967.995669067,2333,0,920.3633633633634,98,235,58,35.60967279416739,0.5594344344344344,40.70917508417507,16562.539668707715,169.0055068235481,0
2335,63.77350619870331,0,4,327,0.0,0.012084592145015106,0.9879154078549849,331,9850,7300,2550,0.7411167512690355,124,73,51,205.5051339470124,0.4569749610912753,0.8593828562266423,0.12610376980429888,2121873.2847888246,11161.17072182252,2133034.455510647,2334,1,926.3655589123867,83,248,50,36.73745312950677,0.5472683786505539,42.03869047619046,16451.0971719422,198.2059900234,8
2336,64.27122492921306,0,1,326,0.0,0.0030581039755351682,0.9969418960244648,327,9400,7200,2200,0.7659574468085106,116,72,44,210.63458292431528,0.456595951920852,0.8609677010910368,0.1297040823251615,2140526.8536082,15373.796209611095,2155900.649817811,2335,3,932.7889908256881,88,239,51,36.47623690535575,0.5484518348623852,41.91245318352057,16587.60277287058,188.49548605534753,0
2337,64.58607675791305,0,2,324,0.0,0.006134969325153374,0.9938650306748467,326,9600,7500,2100,0.78125,117,75,42,220.82370121668362,0.4560824681453515,0.8615844687285896,0.13356819856774393,2140208.7337820907,19721.7627940065,2159930.4965760973,2336,4,936.6349693251534,77,249,49,36.876577873458885,0.5432323619631902,42.56143162393162,16626.947137583957,215.93437841018127,6
2338,64.14433501408604,0,4,320,0.0,0.012345679012345678,0.9876543209876543,324,9950,7400,2550,0.7437185929648241,125,74,51,199.05845041666473,0.45597233370281187,0.8533595616365106,0.11768335588633304,2111699.9651709544,9320.344562371549,2121020.309733326,2337,5,942.895061728395,80,244,44,38.294993234100126,0.5333719135802469,43.4027777777778,16459.258185906223,205.7407273238278,8
2339,64.0347039758064,0,1,319,0.0,0.003125,0.996875,320,9700,7100,2600,0.7319587628865979,123,71,52,168.57224936043733,0.4560646878265413,0.8317016517549898,0.09530563358782715,2080496.204156023,-3557.215015913546,2076938.9891401094,2338,6,952.903125,94,226,55,40.79060564349623,0.5185546875,45.08771929824562,16323.232434534522,173.65140887802684,8
2340,64.21070704167704,4,0,323,0.01238390092879257,0.0,1.0,323,10900,8300,2600,0.7614678899082569,135,83,52,163.38229802436516,0.45700288124403077,0.8283606947537583,0.09301437684580899,2090556.2038589765,-7188.024652885127,2083368.1792060914,2339,0,939.6501547987616,100,223,61,40.653460377765214,0.5210590815273477,44.82260726072608,16385.120808840544,163.85120808840543,0
2341,64.29589072574012,3,2,324,0.009202453987730062,0.006134969325153374,0.9938650306748467,326,10250,7500,2750,0.7317073170731707,130,75,55,155.16772491777698,0.4579821456661948,0.820588122870272,0.08903788379351246,2098256.7669564034,-10333.654235609272,2087923.112720794,2340,0,931.9938650306749,88,238,61,40.55828522997989,0.5233256646216768,44.522471910112344,16426.155228949523,186.6608548744264,0
2342,64.66588704566439,2,3,323,0.006134969325153374,0.009202453987730062,0.99079754601227,326,9200,6900,2300,0.75,115,69,46,157.44708100970036,0.4584027450055057,0.8225055812400008,0.09082484507832284,2113638.9078208352,-7842.74473101592,2105796.1630898193,2341,0,931.8404907975461,90,236,51,40.296774265759254,0.5249552658486707,44.322344322344314,16533.62240215152,183.7069155794613,0
2343,64.44646414544954,1,0,324,0.0030864197530864196,0.0,1.0,324,9050,6700,2350,0.7403314917127072,114,67,47,158.25065493471678,0.4581493903604326,0.8232739015228983,0.09138499660553158,2107125.0663808244,-7159.215643175124,2099965.8507376495,2342,0,938.5864197530864,89,235,53,40.23565975679669,0.5260416666666667,44.28240740740741,16480.09466237922,185.16960294808112,0
2344,64.34282325452484,1,0,325,0.003076923076923077,0.0,1.0,325,9200,6600,2600,0.717391304347826,118,66,52,189.70189701897147,0.45860794555239,0.8531832395247041,0.11111111111111063,2112505.5838057618,5949.2633422235995,2118454.8471479854,2343,0,936.6953846153846,71,254,53,38.88888888888888,0.53125,43.74999999999996,16487.848458971795,232.22321773199712,8
2345,64.19649847378864,4,4,325,0.0121580547112462,0.0121580547112462,0.9878419452887538,329,10100,6900,3200,0.6831683168316832,133,69,64,181.8316514734983,0.4595646607111968,0.8482569231848338,0.107371728155382,2112693.2953629536,930.902190566133,2113624.1975535196,2344,0,926.2948328267477,78,251,57,38.781779479536056,0.5334979736575481,43.446729957805886,16469.821608709088,211.15155908601395,0
2346,63.89782190865702,1,1,325,0.003067484662576687,0.003067484662576687,0.9969325153374233,326,10200,7900,2300,0.7745098039215687,125,79,46,180.16329831073608,0.4596083058046248,0.8448572778869992,0.10697680216586704,2106228.5259144786,493.0156449823062,2106721.541559461,2345,0,934.4785276073619,83,243,48,38.615722852773104,0.535659509202454,43.241567460317455,16406.304595966536,197.66632043333175,0
2347,64.10809822704307,0,2,323,0.0,0.006153846153846154,0.9938461538461538,325,9900,7300,2600,0.7373737373737373,125,73,52,181.24902448661337,0.4592181069958848,0.8460638463766184,0.10809203481040976,2115814.1501734992,1797.850142783533,2117612.0003162827,2346,1,938.3507692307692,83,242,52,38.42371367892651,0.5368269230769231,43.080357142857125,16470.629700742444,198.4413216956921,0
2348,64.16075658591603,2,0,325,0.006153846153846154,0.0,1.0,325,8850,5800,3050,0.655367231638418,119,58,61,174.06497374492136,0.45893795504906615,0.8356860966554196,0.10512179796411635,2125175.3404715476,133.71796850588998,2125309.0584400534,2347,0,939.16,80,245,56,38.13819909396758,0.543076923076923,42.61831275720161,16513.803784857348,206.42254731071685,8
2349,64.38233545506513,1,1,325,0.003067484662576687,0.003067484662576687,0.9969325153374233,326,9450,6900,2550,0.7301587301587301,120,69,51,173.64014866013434,0.4590465235173824,0.8344959626681845,0.10527622861927372,2134881.9690645374,-509.7555039595818,2134372.213560578,2348,0,937.2760736196319,84,242,57,38.00383077948037,0.5446382924335378,42.4754901960784,16580.0293780971,197.38130212020357,0
2350,64.51832109755546,2,2,325,0.0061162079510703364,0.0061162079510703364,0.9938837920489296,327,10200,7000,3200,0.6862745098039216,134,70,64,166.58122113142417,0.45903063107008624,0.8268366319668419,0.0981568914428046,2121972.7419760153,-4903.837886807054,2117068.904089208,2349,0,935.3792048929664,92,235,59,39.25361021341021,0.5336072884811417,43.525985663082466,16547.272810168455,179.8616609800919,8
2351,64.21731848333135,1,1,325,0.003067484662576687,0.003067484662576687,0.9969325153374233,326,9350,6400,2950,0.6844919786096256,123,64,59,165.49286105997405,0.4586414582350165,0.8266697539381704,0.09805169285125176,2115427.8506897036,-4532.35852468134,2110895.492165022,2350,0,938.8128834355829,94,232,48,39.07453685904284,0.5356275562372188,43.32236842105265,16483.149214652567,175.35265121970815,0
2352,63.98100964481687,1,1,325,0.003067484662576687,0.003067484662576687,0.9969325153374233,326,11250,8200,3050,0.7288888888888889,143,82,61,171.70489187493462,0.45854707409155265,0.8356206154788457,0.10534914267434597,2128698.9596027904,-3348.395061424322,2125350.564541366,2351,0,939.8098159509202,93,233,55,37.61419938711798,0.5489838957055215,42.04343971631202,16504.32117145423,177.46581904789494,8
2353,63.77406713547491,2,1,326,0.0061162079510703364,0.0030581039755351682,0.9969418960244648,327,9950,7400,2550,0.7437185929648241,125,74,51,173.4748613430592,0.45870035271383275,0.8377140897130273,0.10705179069198369,2125243.955389691,-1614.7199037204682,2123629.2354859705,2352,0,937.9174311926605,98,229,59,37.35650336919905,0.5508409785932722,41.835016835016816,16464.230968392258,168.00235682032917,0
2354,63.613552238651955,0,0,326,0.0,0.0,1.0,326,10500,8000,2500,0.7619047619047619,130,80,50,174.98597377489574,0.4583494572911751,0.8399133401530212,0.10833242618543064,2121796.0761378533,-1443.0894930537797,2120352.9866447994,2353,1,941.5214723926381,98,228,57,37.19972569628332,0.5522111451942741,41.71927609427607,16430.15432241346,167.65463594299447,0
2355,64.00595608015328,2,1,327,0.006097560975609756,0.003048780487804878,0.9969512195121951,328,10300,7300,3000,0.7087378640776699,133,73,60,171.03293063328982,0.4586876258670844,0.8369485621999146,0.10653650259249392,2138519.510427059,-2748.5481830378685,2135770.9622440212,2354,0,936.7743902439024,80,248,58,37.07827554184703,0.5541158536585367,41.49948559670784,16545.57257159426,206.81965714492827,0
2356,63.52151080711264,1,2,326,0.003048780487804878,0.006097560975609756,0.9939024390243902,328,8750,6200,2550,0.7085714285714285,113,62,51,190.71357677063395,0.45869170489296635,0.8514943915339408,0.12055690786907405,2130938.1608458105,6929.767706388199,2137867.9285521987,2355,0,933.734756097561,91,237,45,36.0360569567688,0.5570693597560976,40.975996376811594,16453.59604545194,180.80874775221912,7
2357,63.115344955817065,2,2,326,0.006097560975609756,0.006097560975609756,0.9939024390243902,328,9350,6400,2950,0.6844919786096256,123,64,59,189.78578204548086,0.45871598480893067,0.8512815616357798,0.117300842339852,2104210.4786095344,4919.846254240472,2109130.3248637747,2356,0,934.625,92,236,56,36.87800020242328,0.5507494918699187,41.778673835125424,16297.728075844469,177.14921821570076,8
2358,63.22368679311324,0,2,324,0.0,0.006134969325153374,0.9938650306748467,326,10000,7300,2700,0.73,127,73,54,190.58067303873995,0.4583297939279534,0.8518515853908826,0.1181250215980737,2109477.8916204073,5205.143269071483,2114683.0348894787,2357,1,941.2638036809816,97,229,52,36.75416443786088,0.5525306748466258,41.67729591836733,16332.113734407105,168.37230654027942,0
2359,62.90165102552091,2,0,326,0.006134969325153374,0.0,1.0,326,8900,5600,3300,0.6292134831460674,122,56,66,185.23514953583688,0.4585417649834828,0.847073879724457,0.11375519694919012,2093327.3012831446,3451.5591361264555,2096778.860419271,2358,0,941.2024539877301,93,233,54,37.23131702532824,0.5502939672801637,42.01019503546098,16227.98468002156,174.494458924963,8
2360,63.137499973528705,5,3,328,0.015105740181268883,0.00906344410876133,0.9909365558912386,331,11250,8100,3150,0.72,144,81,63,188.91545216133107,0.45872547224510973,0.854636052998156,0.11722210370733348,2107247.581126955,2168.3259208940744,2109415.907047849,2359,0,927.9697885196375,71,260,58,36.75686900362116,0.5531847935548841,41.63773148148149,16312.347721748807,229.75137636265924,0
2361,62.879082808567944,1,3,326,0.00303951367781155,0.00911854103343465,0.9908814589665653,329,9650,7000,2650,0.7253886010362695,123,70,53,184.54991973066197,0.45822946783799146,0.8497574953388354,0.11504394527349511,2101312.426608725,2109.4079319371385,2103421.8345406624,2360,0,934.434650455927,74,255,56,36.70109415851867,0.5544579533941236,41.47222222222225,16255.98954720406,219.6755344216765,0
2362,62.876055519074825,1,3,324,0.0030581039755351682,0.009174311926605505,0.9908256880733946,327,9650,6300,3350,0.6528497409326425,130,63,67,178.1225339794995,0.4582356178433175,0.840353213824828,0.11063419088871994,2099096.2740198034,-270.73052093324713,2098825.54349887,2361,0,934.9908256880734,80,247,59,36.99972212544999,0.552210754332314,41.60236625514404,16247.023965339165,203.08779956673956,8
2363,63.25746964218085,1,1,324,0.003076923076923077,0.003076923076923077,0.9969230769230769,325,8900,6400,2500,0.7191011235955056,114,64,50,178.26410521070494,0.45801123773346,0.8384323995352512,0.11140838819806011,2115442.2321068896,1521.4833262944958,2116963.715433184,2362,0,941.603076923077,83,242,59,36.771207943738496,0.5542628205128205,41.381448412698425,16359.555175938585,197.1030744088986,0
2364,63.590817530592844,2,3,323,0.006134969325153374,0.009202453987730062,0.99079754601227,326,9450,7200,2250,0.7619047619047619,117,72,45,174.80900851503705,0.4582934167059934,0.8352184048518629,0.10993812450958704,2130271.770003657,-171.8608036170208,2130099.9092000397,2363,0,939.6963190184049,87,239,51,36.632873355589105,0.5561413599182004,41.157670454545475,16459.995347318694,189.1953488197551,0
2365,63.689084025933944,0,1,322,0.0,0.0030959752321981426,0.9969040247678018,323,9750,7200,2550,0.7384615384615385,123,72,51,175.71536860956422,0.4577263971950336,0.8353575566659173,0.1109287863401955,2135785.3321491536,708.061381898342,2136493.393531052,2364,1,949.2260061919504,88,235,53,36.47231512029046,0.5578237874097007,41.02294007490639,16494.01173035872,187.4319514813491,0
2366,64.15322253938277,1,0,323,0.0030959752321981426,0.0,1.0,323,9300,5800,3500,0.6236559139784946,128,58,70,207.89795624381634,0.45744756712753754,0.8632420166993386,0.12982518135942236,2144927.151984209,15285.194237877271,2160212.3462220863,2365,0,950.2105263157895,72,251,52,36.03378030386641,0.553921568627451,41.40981735159817,16589.393533942544,230.4082435269798,8
2367,64.60573139846788,2,2,323,0.006153846153846154,0.006153846153846154,0.9938461538461538,325,10550,8100,2450,0.7677725118483413,130,81,49,203.20700080141913,0.45772594175371956,0.8609453662419744,0.12776731995838195,2164129.6659740764,12403.259753594166,2176532.9257276705,2366,0,945.3569230769231,76,249,48,35.90644000766566,0.5558653846153846,41.16612554112555,16722.15177011485,220.0283127646691,0
2368,64.20172998972501,1,1,323,0.0030864197530864196,0.0030864197530864196,0.9969135802469136,324,9800,7400,2400,0.7551020408163265,122,74,48,187.43925658197531,0.4573863455388653,0.8462227736421268,0.11207421424708683,2120482.5882081445,4892.335985752126,2125374.924193897,2367,0,949.1882716049382,97,227,50,38.16721808657291,0.5399627057613169,42.98469387755104,16500.8272869001,170.11162151443403,8
2369,63.98955181596233,4,1,326,0.012232415902140673,0.0030581039755351682,0.9969418960244648,327,9150,6300,2850,0.6885245901639344,120,63,57,185.5748756845107,0.45852915517532505,0.8456185332318344,0.1084733161682491,2099661.693112835,3378.8915357881324,2103040.584648623,2368,0,941.4525993883792,95,232,52,39.072008203086426,0.529848369011213,43.82595486111109,16392.462335319484,172.55223510862615,8
2370,64.31397485051927,3,2,327,0.00911854103343465,0.0060790273556231,0.993920972644377,329,8900,5900,3000,0.6629213483146067,119,59,60,188.4527302966158,0.4588997670941755,0.849640094123892,0.11134815743612594,2116926.5713698366,5088.11844241957,2122014.689812256,2369,0,936.6322188449848,79,250,45,38.58924342383491,0.5322631712259371,43.42447916666666,16501.391594133816,208.8783746092888,0
2371,64.75405242676882,4,2,329,0.012084592145015106,0.006042296072507553,0.9939577039274925,331,9400,6700,2700,0.7127659574468085,121,67,54,184.44176540509008,0.45982712319570324,0.8472554294665,0.1096642124540342,2135276.767857284,3166.843338414401,2138443.6111956984,2370,0,931.9486404833837,83,248,51,38.45535153797863,0.534397029204431,43.191964285714285,16629.361008258376,200.35374708745033,0
2372,64.88732498936223,0,0,329,0.0,0.0,1.0,329,9150,6500,2650,0.7103825136612022,118,65,53,183.60557053044073,0.4591522876664937,0.8451533888346219,0.10939343281673415,2140947.1232220917,3667.9636069393737,2144615.086829031,2371,1,938.5349544072948,86,243,53,38.39887749553328,0.5357142857142857,43.11542145593869,16668.5531327438,193.8203852644628,0
2373,65.21605784542969,3,0,332,0.009036144578313253,0.0,1.0,332,11250,8300,2950,0.7377777777777778,142,83,59,182.77010581660744,0.4600420185272813,0.846661761349776,0.10990613982923221,2157491.452727199,1214.988222675077,2158706.440949874,2372,0,931.0451807228916,92,240,60,38.074243413890684,0.5382467369477912,42.77553763440859,16775.16541689391,182.33875453145555,0
2374,65.07329271994129,1,0,333,0.003003003003003003,0.0,1.0,333,10000,7000,3000,0.7,130,70,60,179.26354745142086,0.46052000795976694,0.8446403139913667,0.10837566986816827,2156047.18687745,700.133438460769,2156747.320315911,2373,0,929.2462462462463,80,253,52,37.96512547667813,0.5401338838838838,42.579732510288025,16751.184418403405,209.38980523004255,0
2375,65.05763442233446,0,0,333,0.0,0.0,1.0,333,10150,7500,2650,0.7389162561576355,128,75,53,176.0445158122841,0.46040769685348,0.8419062856413606,0.10671366085530952,2157158.2395885345,-798.8244362321038,2156359.4151523025,2374,1,930.2462462462463,82,251,58,37.94897412154584,0.5414789789789789,42.48242971887547,16753.48394467707,204.310779813135,0
2376,65.3703584241663,1,2,332,0.0029940119760479044,0.005988023952095809,0.9940119760479041,334,11150,8000,3150,0.7174887892376681,143,80,63,171.1309178211508,0.46066032349714986,0.8367333684900382,0.1043134997843838,2170934.916968416,-3647.183025842758,2167287.7339425734,2375,0,928.4580838323353,89,245,48,37.86970816305145,0.543319610778443,42.280092592592574,16847.242720265065,189.29486202545016,0
2377,65.05994631865441,0,1,331,0.0,0.0030120481927710845,0.9969879518072289,332,9800,6900,2900,0.7040816326530612,127,69,58,196.46047822379222,0.46044316996081003,0.8480549980408529,0.1178276690431514,2150707.9338747133,8305.821841746081,2159013.7557164594,2376,1,934.5813253012049,107,225,54,37.82075627993053,0.5384349899598393,42.87229938271605,16728.71439919954,156.34312522616392,8
2378,64.60780401420813,1,3,329,0.0030120481927710845,0.009036144578313253,0.9909638554216867,332,11000,8200,2800,0.7454545454545455,138,82,56,193.65433198066515,0.46047084865140314,0.8478596718909013,0.11678641866425464,2139119.612333,5449.955910616787,2144569.568243617,2377,0,935.4397590361446,81,251,54,37.68692098204731,0.5403175200803213,42.67022357723575,16625.51176214185,205.25323163138086,0
2379,64.21313569409098,1,1,329,0.0030303030303030303,0.0030303030303030303,0.996969696969697,330,11650,8500,3150,0.7296137339055794,148,85,63,178.58201317635104,0.4603654324399005,0.8442733801130142,0.10874729195074148,2131906.699672818,-1505.9619336562873,2130400.737739162,2378,0,941.0363636363636,84,246,45,37.71440687370203,0.5453282828282828,42.3161764705882,16546.686326466155,196.98436102935898,8
2380,64.47567794268716,0,3,326,0.0,0.00911854103343465,0.9908814589665653,329,11150,8100,3050,0.726457399103139,142,81,61,181.9807990536932,0.46018592309783285,0.8451109041880402,0.10982749597851066,2135192.911252154,762.8224246892441,2135955.7336768433,2379,1,944.8723404255319,79,250,56,37.959830086853835,0.5412867274569402,42.64322916666664,16593.252272619822,210.04116800784584,8
2381,64.8236302912116,1,3,324,0.0030581039755351682,0.009174311926605505,0.9908256880733946,327,10600,8100,2500,0.7641509433962265,131,81,50,177.51382497666495,0.4598659030787415,0.8406477367247676,0.10770624104412321,2149975.3853376554,330.0708513929112,2150305.4561890485,2380,0,945.9571865443426,83,244,59,37.8760111223458,0.5429090214067278,42.44791666666665,16695.461030731236,201.15013290037635,0
2382,65.11846764692655,1,2,323,0.003076923076923077,0.006153846153846154,0.9938461538461538,325,10300,7500,2800,0.7281553398058253,131,75,56,174.09704740795303,0.4595065685343463,0.8363461279414777,0.10625692909899982,2163346.7101442404,26.454951163860642,2163373.1650954043,2381,0,952.6338461538462,89,236,48,37.74616279765917,0.545224358974359,42.23379629629628,16785.340196350626,188.59932804888342,0
2383,64.57440373176597,0,1,322,0.0,0.0030959752321981426,0.9969040247678018,323,10000,7100,2900,0.71,129,71,58,180.0999106076131,0.45913537039529767,0.843415449545105,0.11203708035966428,2156727.77215448,3085.295793996095,2159813.0679484764,2382,1,959.452012383901,77,246,58,36.89172867255723,0.5520833333333333,41.54647435897438,16689.48231064202,216.7465235148314,7
2384,64.74505256356714,1,1,322,0.0030959752321981426,0.0030959752321981426,0.9969040247678018,323,10100,7400,2700,0.7326732673267327,128,74,54,195.47960254118246,0.45920507791217174,0.8549796890935106,0.1212925160595289,2160887.4207036276,9781.882827077265,2170669.3035307047,2383,0,960.4365325077399,73,250,50,36.58807344448079,0.5537280701754386,41.638513513513516,16727.628022968915,229.14558935573857,8
2385,64.57678694562152,1,2,321,0.0030959752321981426,0.006191950464396285,0.9938080495356038,323,9050,6200,2850,0.6850828729281768,119,62,57,195.60180983176969,0.45922951560486897,0.8540583724294633,0.12204468708194927,2158590.8680866696,10794.856096816591,2169385.7241834863,2384,0,961.4024767801858,77,246,53,36.382149251932574,0.555437306501548,41.43963675213675,16696.99749003975,216.8441232472695,0
2386,64.84750902842862,2,2,321,0.006191950464396285,0.006191950464396285,0.9938080495356038,323,9850,6900,2950,0.700507614213198,128,69,59,178.06736249270952,0.45974551147690196,0.8421939540581127,0.11146539621512459,2169582.2262986414,2816.356949612603,2172398.583248254,2385,0,954.1919504643963,78,245,48,36.71766150134229,0.5501160990712075,41.323839662447284,16774.50464292884,215.05775183242105,8
2387,64.64166282897851,1,2,320,0.003105590062111801,0.006211180124223602,0.9937888198757764,322,10500,7500,3000,0.7142857142857143,135,75,60,174.87923808305766,0.45952776004076284,0.8377587893725555,0.11022817846714994,2166800.777942384,885.6938248687911,2167686.471767253,2386,0,955.611801242236,84,238,53,36.550430708065136,0.5522774327122153,41.07843137254904,16737.120738366015,199.25143736150017,0
2388,64.56915726572606,2,2,320,0.006211180124223602,0.006211180124223602,0.9937888198757764,322,10500,7800,2700,0.7428571428571429,132,78,54,173.0285500980204,0.45957049012209517,0.8354870417907907,0.10972857927662572,2167977.3519489947,124.39557061658161,2168101.7475196114,2387,0,956.2080745341615,91,231,58,36.37895785089064,0.5541537267080745,40.86277173913046,16732.272444980576,183.8711257690173,0
2389,64.05229793237699,0,0,320,0.0,0.0,1.0,320,10550,7500,3050,0.7109004739336493,136,75,61,175.13576279060248,0.4587500816353187,0.836022134338247,0.11164673706091573,2153679.722874881,887.2682144693817,2154566.99108935,2388,1,963.125,96,224,57,36.137050687427546,0.5560546875,40.678694158075615,16610.125542000074,173.02214106250076,0
2390,63.82585644893311,0,2,318,0.0,0.00625,0.99375,320,9900,7200,2700,0.7272727272727273,126,72,54,172.32254463003406,0.4583629261363636,0.8333126796867247,0.1102230505823182,2148019.3267131485,130.4312587406739,2148149.7579718893,2389,2,964.125,80,240,56,36.08997554608238,0.55771484375,40.56069958847738,16558.93554527753,206.98669431596915,0
2391,63.57675017899224,1,0,319,0.003134796238244514,0.0,1.0,319,10600,8000,2600,0.7547169811320755,132,80,52,168.99262245481572,0.4581016738628971,0.8287740064977893,0.10849346612362887,2141772.324370489,-2011.2556406962813,2139761.0687297927,2390,0,965.1442006269592,85,234,57,36.044680354643035,0.5599856321839081,40.43120155038763,16502.540653292355,194.14753709755712,0
2392,63.36979425424413,1,0,320,0.003125,0.0,1.0,320,9250,7000,2250,0.7567567567567568,115,70,45,168.8108855149796,0.4581578173981191,0.8278718029496865,0.10822687112639057,2134003.5325568994,-1201.3947953945062,2132802.137761505,2391,0,963.125,85,235,60,36.09866517315413,0.5603515625,40.47965116279072,16445.75111060372,193.479424830632,8
2393,63.77254560010298,0,1,319,0.0,0.003125,0.996875,320,10350,7500,2850,0.7246376811594203,132,75,57,171.64713900154317,0.45791474823667716,0.8301718636032096,0.11048273594888088,2149863.1805326613,-546.4271633619774,2149316.753369299,2392,1,964.125,87,233,58,35.883935083880395,0.5616861979166667,40.3409090909091,16559.121215481333,190.33472661472797,0
2394,63.6100381417627,1,0,320,0.003125,0.0,1.0,320,8450,5600,2850,0.6627218934911243,113,56,57,166.22768969874338,0.4578137245297806,0.8286190756667728,0.1042631583680015,2129356.756649955,-1658.3891595333607,2127698.367490422,2393,0,964.365625,87,233,49,36.95126530643369,0.5541666666666667,41.25236742424244,16458.946777234843,189.18329629005567,8
2395,63.5269524755652,1,0,321,0.003115264797507788,0.0,1.0,321,8950,5700,3250,0.6368715083798883,122,57,65,164.6935192573803,0.45786888304776735,0.8271820238581287,0.1037764316577165,2129258.006117141,-3015.0011131226047,2126243.005004018,2394,0,962.3582554517134,91,230,52,36.82512827801346,0.55591251298027,41.089221014492765,16447.812752023954,180.7451950771863,0
2396,63.32155011490517,1,2,320,0.003105590062111801,0.006211180124223602,0.9937888198757764,322,9950,7200,2750,0.7236180904522613,127,72,55,163.84298523785628,0.4577907419232084,0.8268886238425501,0.10369992532051542,2124951.529369263,-4718.319588478127,2120233.209780785,2395,0,960.3664596273292,94,228,56,36.687370381343364,0.5576475155279503,40.93201754385966,16404.58623426392,174.51687483259488,0
2397,63.59180473203383,3,1,322,0.009287925696594427,0.0030959752321981426,0.9969040247678018,323,9750,7200,2550,0.7384615384615385,123,72,51,164.23848247744183,0.4578389708286061,0.8282911054133992,0.10458347136481505,2137551.011880083,-4136.373118138816,2133414.638761944,2396,0,958.2755417956656,100,223,61,36.45941063378417,0.5600490196078431,40.71782178217823,16488.221647724175,164.88221647724174,0
2398,63.695445119162606,0,1,321,0.0,0.003105590062111801,0.9968944099378882,322,9650,6600,3050,0.6839378238341969,127,66,61,166.12037212118267,0.4575089652548003,0.8302654496082593,0.10628927430706384,2143812.207960187,-2823.8236511434598,2140988.3843090436,2397,1,961.4906832298136,82,240,60,36.239700736870965,0.5617236024844721,40.549698795180745,16525.802421541888,201.53417587246204,0
2399,63.67118242114564,1,2,320,0.003105590062111801,0.006211180124223602,0.9937888198757764,322,9950,7500,2450,0.7537688442211056,124,75,49,162.10142930051177,0.4571776055674877,0.8258152864059878,0.10437390826431925,2146641.7888915553,-4755.259564893629,2141886.5293266615,2398,0,961.9409937888199,87,235,57,36.119769111546695,0.5634057971014492,40.329071969697,16533.555028085757,190.0408623917903,0
2400,63.28939017949716,0,0,320,0.0,0.0,1.0,320,9000,6200,2800,0.6888888888888889,118,62,56,159.8597522161291,0.4566587888584117,0.8227330942622941,0.10335632827614324,2136135.206341472,-4703.591042819976,2131431.615298652,2399,1,968.84375,89,231,52,36.03179199334759,0.5648763020833334,40.185185185185205,16443.521189228726,184.75866504751377,0
2401,63.46059423671678,1,2,319,0.003115264797507788,0.006230529595015576,0.9937694704049844,321,9650,6800,2850,0.7046632124352331,125,68,57,158.43344858083006,0.45674771222741434,0.8220280148321422,0.10282224481722368,2144081.0933423485,-5911.1676689625365,2138169.925673386,2400,0,966.8224299065421,92,229,54,35.935345570493,0.5664265316718589,40.05376344086023,16496.342641641233,179.30807219175253,0
2402,63.69705930667645,0,0,319,0.0,0.0,1.0,319,9800,7500,2300,0.7653061224489796,121,75,46,162.21920631066658,0.4564956658320354,0.8249334430591304,0.10584401679082091,2155140.2658835216,-3678.971316043205,2151461.2945674784,2401,1,971.2978056426332,94,225,55,35.648587225313314,0.5680512016718913,39.868421052631575,16569.616611749887,176.2725171462754,0
2403,63.371543497328744,1,2,318,0.003125,0.00625,0.99375,320,8950,6600,2350,0.7374301675977654,113,66,47,164.28184230237957,0.45659041927899685,0.8225113436308003,0.10338359039324319,2123298.3309303364,-3186.1276874397217,2120112.2032428966,2402,0,969.259375,95,225,49,36.88230044291682,0.5600911458333333,41.13498263888887,16404.675707636314,172.6807969224875,8
2404,63.83487765344853,2,1,319,0.00625,0.003125,0.996875,320,10500,7800,2700,0.7428571428571429,132,78,54,178.50047148023543,0.4566314410266458,0.8274025564147094,0.11232944267827578,2138812.0487637003,1855.79182238489,2140667.8405860853,2403,0,968.959375,101,219,45,36.514879543422175,0.56123046875,41.135620915032646,16524.57596772459,163.60966304677814,8
2405,64.06472344975471,1,0,320,0.003125,0.0,1.0,320,8650,6000,2650,0.6936416184971098,113,60,53,174.54223060055477,0.4564747012147335,0.8302874367172914,0.1065133319420944,2128253.4151321165,1644.019672081442,2129897.434804198,2404,0,969.928125,90,230,53,37.73999319063264,0.5499674479166667,42.23901098901098,16513.38647712423,183.482071968047,8
2406,64.44324613454124,0,2,318,0.0,0.00625,0.99375,320,10550,7500,3050,0.7109004739336493,136,75,61,194.0000465649931,0.4564765380094044,0.8500689845474609,0.11717602812525531,2134609.7133301594,8272.876756826952,2142882.5900869863,2405,1,970.928125,76,244,56,37.62033971057147,0.5460286458333333,42.613636363636346,16586.81278349263,218.24753662490303,8
2407,64.88142291531187,3,0,321,0.009345794392523364,0.0,1.0,321,9700,6700,3000,0.6907216494845361,127,67,60,192.45704305748927,0.45740402712876427,0.8421348096416679,0.11345964208756751,2134218.391938746,8249.072190288938,2142467.464129035,2406,0,965.3894080996885,85,236,52,38.571377975066156,0.5370911214953271,43.50775193798452,16641.58202101085,195.7833178942453,8
2408,65.21163061134004,2,4,319,0.006191950464396285,0.01238390092879257,0.9876160990712074,323,9900,7200,2700,0.7272727272727273,126,72,54,195.56527882758192,0.4579511438442654,0.8550823876337308,0.1125153398490663,2129807.769672191,8803.29006501902,2138611.0597372097,2407,0,960.405572755418,78,245,45,39.424259230597265,0.5218008255933952,44.4224683544304,16666.627586229064,213.67471264396235,8
2409,65.52383060713248,2,2,319,0.006230529595015576,0.006230529595015576,0.9937694704049844,321,11750,8900,2850,0.7574468085106383,146,89,57,192.18272093697863,0.4582319249740395,0.8522295923884653,0.11173770741820523,2146647.025530793,6559.693251556447,2153206.718782349,2408,0,966.6105919003115,82,239,52,39.10672844348569,0.5251168224299065,44.0261044176707,16772.390173984466,204.5413435851764,0
2410,65.03665084993604,5,1,323,0.015432098765432098,0.0030864197530864196,0.9969135802469136,324,9700,6400,3300,0.6597938144329897,130,64,66,193.60813885470597,0.45911170673597573,0.8532718256595875,0.11373707915277438,2137137.492536839,8253.442481334307,2145390.9350181734,2409,0,953.4907407407408,74,250,56,38.67552912919421,0.5279063786008231,43.63888888888889,16672.868074835023,225.30902803831114,0
2411,65.25516065992251,3,4,322,0.009202453987730062,0.012269938650306749,0.9877300613496932,326,8800,6300,2500,0.7159090909090909,113,63,50,186.48015842915157,0.4596857794557181,0.8481917200207985,0.11017073262718416,2147838.88654678,6105.86716870727,2153944.753715487,2410,0,948.5920245398773,80,246,58,38.6439485071759,0.5298440695296524,43.428497942386834,16742.614587527205,209.28268234409006,0
2412,65.54731275844655,2,1,323,0.006172839506172839,0.0030864197530864196,0.9969135802469136,324,10400,7500,2900,0.7211538461538461,133,75,58,185.00175038102523,0.45953652741148443,0.8466355461758095,0.10994119902110087,2161117.885574323,4762.118322198379,2165880.0038965214,2411,0,954.1512345679013,84,240,49,38.460138875632346,0.5319573045267489,43.210784313725505,16831.843033584497,200.37908373314878,0
2413,65.2952842313372,1,5,319,0.0030864197530864196,0.015432098765432098,0.9845679012345679,324,10400,7100,3300,0.6826923076923077,137,71,66,184.373394505247,0.45943957911299677,0.8465723063263886,0.11011465990830295,2155891.7119255965,4297.814622689834,2160189.5265482864,2412,0,955.145061728395,84,240,52,38.289061630661166,0.533789866255144,43.02696078431372,16779.127635378765,199.7515194687948,0
2414,65.003225503104,1,3,317,0.003125,0.009375,0.990625,320,9300,7100,2200,0.7634408602150538,115,71,44,201.17273426515496,0.4587272237460815,0.8552982139323144,0.11945074338917004,2142660.2845150195,12908.965607449096,2155569.2501224685,2413,0,967.884375,81,239,45,38.07659641137277,0.535546875,43.241869918699216,16690.106629430273,206.0506991287688,8
2415,65.14115743549957,3,2,318,0.009375,0.00625,0.99375,320,10500,7900,2600,0.7523809523809524,131,79,52,200.73410766552394,0.45870191679728317,0.8542133905013181,0.12021390240104696,2152487.215144634,11915.520078701862,2164402.7352233357,2414,0,968.778125,85,235,50,37.766011747707,0.5378255208333333,42.926356589147304,16746.07467794393,197.01264326992856,0
2416,64.71975998611147,4,0,322,0.012422360248447204,0.0,1.0,322,10400,8000,2400,0.7692307692307693,128,80,48,199.83559787722402,0.4593745767303264,0.8541950234348201,0.12028509030276124,2141666.1573503744,10796.2274015065,2152462.384751881,2415,0,962.972049689441,98,224,51,37.59892638036815,0.540631469979296,42.73989898989901,16649.811991376653,169.8960407283332,0
2417,65.08492193494438,1,0,323,0.0030959752321981426,0.0,1.0,323,9800,6500,3300,0.6632653061224489,131,65,66,200.3269281082824,0.4594506566928831,0.8555942157721821,0.12134789509443158,2157634.26481096,12046.448850149527,2169680.7136611096,2416,0,960.9876160990713,77,246,49,37.349754940096474,0.5424406604747163,42.50801282051279,16758.84588445046,217.64734914870726,0
2418,65.35519381166864,3,3,323,0.009202453987730062,0.009202453987730062,0.99079754601227,326,9700,7200,2500,0.7422680412371134,122,72,50,202.49354576018206,0.4596836164857638,0.856791546666456,0.12372562506549915,2171890.282566388,13058.752863789185,2184949.035430177,2417,0,953.1349693251534,86,240,45,36.97307108799304,0.5445104805725971,42.193486590038276,16848.99464981838,195.91854243974862,0
2419,64.86810305570539,1,3,321,0.0030864197530864196,0.009259259259259259,0.9907407407407407,324,11100,8000,3100,0.7207207207207207,142,80,62,202.6907178425487,0.45952756914981713,0.8567708506401019,0.12454193721461018,2159095.171371297,11625.710035125056,2170720.8814064222,2418,0,958.5895061728395,89,235,50,36.76113254381243,0.546264146090535,41.99074074074071,16736.571218955683,188.05136201073802,0
2420,64.72359895943428,2,2,321,0.006191950464396285,0.006191950464396285,0.9938080495356038,323,8950,5700,3250,0.6368715083798883,122,57,65,203.84962416904222,0.45902239614381224,0.8576930007800128,0.12589156000784674,2157342.745705555,14404.701583177008,2171747.447288732,2419,0,962.3065015479876,95,228,53,36.54448588639071,0.548342363261094,41.80772569444443,16711.133216576927,175.90666543765187,0
2421,64.46643253869034,1,1,321,0.003105590062111801,0.003105590062111801,0.9968944099378882,322,9450,6300,3150,0.6666666666666666,126,63,63,205.1826998700665,0.45847946214921026,0.8603941875013266,0.1272645874115933,2151360.4499707473,14434.38910373579,2165794.839074483,2420,0,965.4565217391304,71,251,52,36.351349144126495,0.5502393892339544,41.65219907407407,16654.761079910182,234.57409971704482,0
2422,64.36088582756479,1,3,319,0.003105590062111801,0.009316770186335404,0.9906832298136646,322,10400,8100,2300,0.7788461538461539,127,81,46,199.08746928398034,0.4585338825358127,0.8551881806183659,0.1243357591188635,2151929.630173902,10884.444829707107,2162814.075003609,2421,0,966.2173913043479,79,243,51,36.257972473984545,0.5521156832298137,41.40625000000001,16643.322819471872,210.67497239837812,0
2423,63.96486533585291,1,1,319,0.003125,0.003125,0.996875,320,9300,6300,3000,0.6774193548387096,123,63,60,196.38735465830425,0.45811638747387673,0.8517857581262891,0.12306538046064715,2140685.1791035132,10780.69989607559,2151465.878999589,2422,0,970.584375,81,239,43,36.20474483616485,0.5533528645833333,41.28556910569107,16548.633732596343,204.30412015551042,0
2424,64.13089678807968,1,0,320,0.003125,0.0,1.0,320,10350,7400,2950,0.714975845410628,133,74,59,195.20247111761267,0.45836374248955064,0.8503098243110472,0.1228884363828202,2148962.9121741396,9546.574159298983,2158509.4863334387,2423,0,967.978125,85,235,45,36.0682383536861,0.55498046875,41.12160852713179,16602.103404210637,195.31886357894868,0
2425,64.15747909050016,0,2,318,0.0,0.00625,0.99375,320,8950,6200,2750,0.6927374301675978,117,62,55,193.4257401713154,0.4580772025208986,0.8492363357984729,0.12232580791015564,2152534.5113268555,10321.116219539901,2162855.6275463956,2424,1,968.978125,86,234,47,35.94975348586396,0.5564127604166667,40.960249042145605,16619.337405686987,193.24810936845333,0
2426,64.60252409348222,1,0,319,0.003134796238244514,0.0,1.0,319,9300,6500,2800,0.6989247311827957,121,65,56,205.19603479266365,0.45776732845698365,0.8623841345195793,0.12197960635263469,2130156.654205971,14319.939786054108,2144476.593992025,2425,0,972.9811912225705,69,250,48,37.92995837437943,0.5323275862068966,43.199404761904745,16589.96664108956,240.4342991462255,8
2427,64.98834626768237,1,1,319,0.003125,0.003125,0.996875,320,9100,6800,2300,0.7472527472527473,114,68,46,213.70815434614823,0.45796291307471265,0.8566353559059408,0.12715866971182016,2143456.133427908,18514.810839362908,2161970.944267271,2426,0,970.9375,88,232,41,37.67601622311338,0.53583984375,43.16479400749067,16691.295300772923,189.67381023605594,8
2428,64.8363733862611,3,2,320,0.009316770186335404,0.006211180124223602,0.9937888198757764,322,9050,6800,2250,0.7513812154696132,113,68,45,209.64534901028264,0.45850667234251147,0.8540876109925921,0.12540603604433392,2141709.5616767453,16349.889707277052,2158059.4513840224,2427,0,965.4689440993789,95,227,45,37.580209388720064,0.5376552795031055,42.96875000000003,16664.974096937593,175.42077996776413,0
2429,64.4990946172788,1,1,320,0.003115264797507788,0.003115264797507788,0.9968847352024922,321,10450,7700,2750,0.7368421052631579,132,77,55,205.40561524053365,0.45821367146936653,0.8521481740278145,0.12347416197043411,2133558.31139409,12998.971520692117,2146557.282914782,2428,0,969.4205607476636,103,218,52,37.50519210799591,0.5397196261682242,42.78846153846156,16589.911355886754,161.06710054258986,0
2430,64.55822189461122,1,0,321,0.003115264797507788,0.0,1.0,321,9950,7300,2650,0.7336683417085427,126,73,53,206.5234419751272,0.45851627401349954,0.852052513277958,0.1249809076891577,2139588.8634726615,14225.051299204708,2153813.914771866,2429,0,970.202492211838,81,240,46,37.22610442262462,0.5417315680166148,42.54319105691056,16620.95380002644,205.1969604941536,0
2431,64.21888300639984,3,3,321,0.009259259259259259,0.009259259259259259,0.9907407407407407,324,10550,8000,2550,0.7582938388625592,131,80,51,199.81216750303733,0.45880175088228925,0.8479584545500953,0.12170987371407702,2132268.049731133,9860.620142850166,2142128.669873983,2430,0,962.2098765432099,87,237,43,37.15682896952994,0.5438850308641976,42.305871212121204,16548.82910806487,190.21642652948128,0
2432,64.1076287508277,0,3,318,0.0,0.009345794392523364,0.9906542056074766,321,8450,6500,1950,0.7692307692307693,104,65,39,201.15950847270642,0.4579479815680166,0.8486123184395018,0.1230111289599234,2130921.3203150835,13081.01707771812,2144002.3373928014,2431,1,972.1277258566978,87,234,48,36.97720594986687,0.5450415368639667,42.163825757575744,16529.26573686698,189.9915601938733,0
2433,63.71094820010448,2,2,318,0.00625,0.00625,0.99375,320,9100,6100,3000,0.6703296703296703,121,61,60,196.63187002988153,0.4576608623955068,0.8480698886836475,0.12140188566190607,2123432.4674557922,10406.89939159936,2133839.3668473917,2432,0,975.196875,82,238,59,36.74057375721046,0.5478841145833333,41.81726907630521,16449.06659604098,200.59837312245097,8
2434,63.84262636203872,0,0,318,0.0,0.0,1.0,318,8950,6300,2650,0.7039106145251397,116,63,53,196.10245998700395,0.45702616081053377,0.8474858252390538,0.12137859954435022,2129305.5904910993,10962.41287187652,2140268.003362976,2433,1,982.2358490566038,85,233,58,36.66243610186186,0.5488404088050314,41.72722868217053,16488.81203873237,193.9860239850867,0
2435,64.26943803505387,1,0,319,0.003134796238244514,0.0,1.0,319,8850,6700,2150,0.7570621468926554,110,67,43,192.47823985554803,0.4573869797519765,0.84923714893518,0.11475425375327901,2120955.4086610302,8997.552774236194,2129952.9614352663,2434,0,980.153605015674,86,233,50,38.146545028040585,0.5390543364681295,43.091475095785455,16511.366522008597,191.99263397684416,8
2436,64.41376439896194,0,2,317,0.0,0.006269592476489028,0.9937304075235109,319,9450,6500,2950,0.6878306878306878,124,65,59,199.42113200182166,0.4571988591181824,0.8473964212386369,0.11736887166813322,2117807.533800327,11217.115150490308,2129024.6489508175,2435,1,981.153605015674,80,239,54,38.45620193915079,0.5328827063740857,43.56995884773665,16517.62425559814,206.47030319497676,8
2437,64.828297800763,1,1,317,0.0031446540880503146,0.0031446540880503146,0.9968553459119497,318,9300,6500,2800,0.6989247311827957,121,65,56,197.2751903224342,0.4573512489335952,0.8470169701719525,0.11688624784450968,2135576.0155212097,11359.232981995236,2146935.248503205,2436,0,984.4937106918239,84,234,46,38.25744012095173,0.5347222222222222,43.32107843137258,16640.057566629817,198.09592341225974,0
2438,65.27225524366231,4,1,320,0.012461059190031152,0.003115264797507788,0.9968847352024922,321,9750,6700,3050,0.6871794871794872,128,67,61,188.16041286932554,0.4582319249740395,0.8403057333877175,0.11233428562342797,2154899.5619292506,7143.358252907647,2162042.9201821582,2437,0,976.2679127725856,93,228,55,38.20582485193491,0.5371884735202492,43.04078014184399,16772.307785793997,180.347395546172,0
2439,65.1130450776125,1,2,319,0.003115264797507788,0.006230529595015576,0.9937694704049844,321,9800,6800,3000,0.6938775510204082,128,68,60,186.17483717229942,0.45830250519210797,0.8406888883079153,0.11189644981464927,2153770.267417191,6195.565768587594,2159965.8331857785,2438,0,977.2367601246106,96,225,59,38.00572001169055,0.5389732606438213,42.794243986254315,16747.449985544554,174.4526040160891,0
2440,65.30439073781547,2,0,321,0.006230529595015576,0.0,1.0,321,10500,7600,2900,0.7238095238095238,134,76,58,180.67569726053543,0.4581755419262721,0.8353652179728839,0.10928460617195715,2164014.3669328433,3496.9609254815095,2167511.3278583246,2439,0,977.9158878504672,84,237,55,37.90998238682341,0.541115005192108,42.56127450980392,16811.879120456993,200.1414181006785,0
2441,65.61175781300238,1,1,321,0.003105590062111801,0.003105590062111801,0.9968944099378882,322,9850,7200,2650,0.7309644670050761,125,72,53,182.36258145929025,0.4581827702637333,0.8400595140108382,0.10952362970032678,2169805.469549496,4888.265338307658,2174693.734887804,2440,0,975.8757763975156,91,231,62,38.13158551260602,0.5389169254658386,42.82155797101452,16873.929653131243,185.42779838605762,8
2442,65.48442511519576,1,0,322,0.003105590062111801,0.0,1.0,322,11050,8100,2950,0.7330316742081447,140,81,59,196.4329185219714,0.45806949523680524,0.8502980731212844,0.1168909843586681,2159877.7968240916,9404.219856193056,2169282.0166802844,2441,0,976.8695652173913,91,231,45,38.11607300299776,0.5376229296066253,43.16123188405799,16818.939077367642,184.82350634469935,8
2443,64.9721198667218,3,4,321,0.009230769230769232,0.012307692307692308,0.9876923076923076,325,10100,7300,2800,0.7227722772277227,129,73,56,196.48094201201275,0.4590222380500158,0.8535002913870946,0.11779788903771032,2147585.4926305916,9291.924128678527,2156877.4167592702,2442,0,968.843076923077,99,226,49,37.83360511283068,0.5399358974358974,42.88541666666668,16705.279527815648,168.7401972506631,0
2444,64.84895075955194,3,3,321,0.009259259259259259,0.009259259259259259,0.9907407407407407,324,9400,6600,2800,0.7021276595744681,122,66,56,193.9504122510904,0.45879040375084407,0.852672187103076,0.11688761670018546,2146699.6456383164,9070.656250164204,2155770.301888481,2443,0,972.645061728395,74,250,51,37.703992586994836,0.541795267489712,42.69444444444444,16685.995302381387,225.48642300515388,0
2445,64.79942932521726,1,1,321,0.003105590062111801,0.003105590062111801,0.9968944099378882,322,9300,6700,2600,0.7204301075268817,119,67,52,197.17712708861941,0.4585151377359829,0.8508460224463932,0.11949272888035214,2148439.019601127,11024.606722007864,2159463.626323135,2444,0,978.4968944099379,76,246,56,37.414412047981784,0.542572463768116,42.49188311688311,16686.37902063728,219.55761869259578,8
2446,64.26506919991607,0,1,320,0.0,0.003115264797507788,0.9968847352024922,321,10450,7200,3250,0.6889952153110048,137,72,65,197.14274442710075,0.4584375811266874,0.8502376080106193,0.12000177697532714,2133389.9299676605,9466.469145392712,2142856.399113053,2445,1,982.5295950155763,79,242,45,37.25096644600538,0.5442627206645898,42.33072916666666,16559.13352079603,209.60928507336746,0
2447,63.815894002951154,1,0,321,0.003115264797507788,0.0,1.0,321,9850,6700,3150,0.6802030456852792,130,67,63,212.2743123868324,0.45844772196261685,0.8635456904103771,0.12885849830487078,2116837.61701488,15820.049917282662,2132657.6669321624,2446,0,983.5202492211838,74,247,51,36.96301788442529,0.5385514018691588,42.43055555555555,16437.02436506566,222.12195087926565,8
2448,63.90886421649084,1,2,320,0.003105590062111801,0.006211180124223602,0.9937888198757764,322,10950,8100,2850,0.7397260273972602,138,81,57,209.29363794196837,0.45865320427236317,0.8622238904719144,0.12785574630092592,2123709.8185491613,13545.79077144578,2137255.609320607,2447,0,981.4627329192547,79,243,47,36.80494174789974,0.5403403209109731,42.200520833333314,16475.67190914446,208.55280897651215,0
2449,64.27465084264234,1,2,319,0.003115264797507788,0.006230529595015576,0.9937694704049844,321,9200,6800,2400,0.7391304347826086,116,68,48,207.58102133209437,0.458954358125649,0.8616476681378629,0.1274799807146505,2139028.8335910956,15404.357987127252,2154433.191578223,2448,0,983.9252336448598,81,240,51,36.65426452968306,0.5424130321910696,42.00965447154471,16582.239379614068,204.71900468659342,0
2450,64.47676330196458,2,0,321,0.006230529595015576,0.0,1.0,321,10350,8000,2350,0.7729468599033816,127,80,47,207.3085458321324,0.45923667899792314,0.86095310404083,0.12810361316377492,2149470.369659669,14570.715328679897,2164041.084988349,2449,0,984.7850467289719,86,235,54,36.43340984265352,0.5446521287642783,41.78639846743293,16648.77726736303,193.5904333414306,0
2451,64.8442378718465,1,0,322,0.003105590062111801,0.0,1.0,322,10500,7300,3200,0.6952380952380952,137,73,64,207.021775580807,0.459384049908735,0.8618177555406674,0.12846159054713344,2164231.941156913,14708.62784540038,2178940.5690023135,2450,0,982.723602484472,68,254,53,36.287785828366616,0.5463574016563146,41.6364734299517,16753.385974317393,246.37332315172637,0
2452,65.07655102002893,0,0,322,0.0,0.0,1.0,322,9550,6600,2950,0.6910994764397905,125,66,59,204.67829051665632,0.45930383022774324,0.8602124894109591,0.12747355251371448,2174191.9314917754,15051.977558569259,2189243.9090503445,2451,1,983.723602484472,70,252,51,36.214455985016194,0.54784549689441,41.50528169014086,16821.944724499623,240.31349606428032,0
2453,64.9969559845989,0,1,321,0.0,0.003105590062111801,0.9968944099378882,322,10150,7000,3150,0.6896551724137931,133,70,63,207.5292946690522,0.45929536483427175,0.8617135494953825,0.13007589842177433,2175356.739911175,15740.049977467781,2191096.7898886427,2452,2,984.723602484472,74,248,45,35.908533748479016,0.5495276915113871,41.27777777777781,16816.15689001553,227.24536337858822,0
2454,65.12895068159048,1,2,320,0.003105590062111801,0.006211180124223602,0.9937888198757764,322,10300,7700,2600,0.7475728155339806,129,77,52,197.59510556988383,0.45946144779190284,0.8558118025276891,0.12071026708113183,2164258.9726587553,10829.396036614515,2175088.36869537,2453,0,985.4596273291926,81,241,46,37.106205446601614,0.5446752070393375,42.2002032520325,16790.230248122323,207.28679318669535,8
2455,65.19239797339874,0,0,320,0.0,0.0,1.0,320,9200,6400,2800,0.6956521739130435,120,64,56,197.87186261171206,0.45900886559561127,0.8555317235073396,0.1215581069029568,2169774.6141510503,12667.468869934472,2182442.0830209847,2454,1,989.153125,84,236,50,36.89240646622016,0.5462890625,41.99754901960781,16819.798462425846,200.23569598126008,0
2456,64.65248986449143,0,1,319,0.0,0.003125,0.996875,320,9850,7000,2850,0.7106598984771574,127,70,57,175.7236479441902,0.45882498204022987,0.8357605741847496,0.105387689845962,2137221.0499185147,1262.055870959386,2138483.105789474,2455,2,990.153125,100,220,55,38.35502653991688,0.5418294270833333,42.87334983498352,16623.878143684506,166.23878143684504,8
2457,64.41045665621952,3,2,320,0.009316770186335404,0.006211180124223602,0.9937888198757764,322,10000,7000,3000,0.7,130,70,60,174.72144299318734,0.4597162158239972,0.8361380092027688,0.10561641565674322,2134009.554725579,171.44575258003897,2134181.000478159,2456,0,984.9285714285714,83,239,53,38.08672158525225,0.5441576086956521,42.58432539682538,16580.261151659182,199.76218255011062,0
2458,63.94836833881123,3,2,321,0.009287925696594427,0.006191950464396285,0.9938080495356038,323,8950,6600,2350,0.7374301675977654,113,66,47,172.10572315124494,0.4597727534949907,0.833171649469383,0.10461803568854007,2122054.5333089773,-506.4539956965855,2121548.0793132805,2457,0,982.4674922600619,88,235,46,37.94684097345265,0.5465041279669762,42.380617977528075,16474.33913278988,187.20839923624862,0
2459,64.39359971943789,4,3,322,0.012307692307692308,0.009230769230769232,0.9907692307692307,325,10200,6800,3400,0.6666666666666666,136,68,68,173.08118146822673,0.45996874010762895,0.835378737979187,0.1058710111623931,2140597.8233378697,-1100.559937674103,2139497.2634001956,2458,0,977.4092307692308,91,234,50,37.690695487346126,0.548397435897436,42.15353260869563,16603.6622102666,182.45782648644615,0
2460,64.53835012626298,1,0,323,0.0030959752321981426,0.0,1.0,323,8400,5400,3000,0.6428571428571429,114,54,60,175.31343019345584,0.45945786781531833,0.8366738974646237,0.10758442874461653,2147361.1450737864,2292.2496414060643,2149653.3947151923,2459,0,981.5510835913312,92,231,53,37.513840041682954,0.5499226006191951,42.036290322580626,16648.55221503084,180.96252407642217,0
2461,64.19026082488611,2,1,324,0.006153846153846154,0.003076923076923077,0.9969230769230769,325,10950,8100,2850,0.7397260273972602,138,81,57,177.14244296894282,0.45949588477366254,0.8407247333347527,0.10967220379749114,2141057.536695486,-95.56748253942806,2140961.9692129465,2460,0,976.5046153846154,101,224,59,37.14245350783543,0.5522756410256411,41.71772875816992,16579.20635745696,164.15055799462334,0
2462,64.08986019989369,0,0,324,0.0,0.0,1.0,324,9800,6700,3100,0.6836734693877551,129,67,62,175.30009091303828,0.45914495184038523,0.837087855462447,0.1091384436974719,2141018.4972170456,464.14744172866267,2141482.644658774,2461,1,980.4475308641976,83,241,54,36.986662828631715,0.5538515946502058,41.51785714285713,16566.084399883184,199.5913783118456,0
2463,64.33059018677578,1,1,324,0.003076923076923077,0.003076923076923077,0.9969230769230769,325,9950,7300,2650,0.7336683417085427,126,73,53,174.26286892294607,0.45904914529914526,0.8365955439462365,0.10901282418652418,2151901.378548761,49.30157302983389,2151950.6801217906,2462,0,978.4276923076923,87,238,57,36.83970413253396,0.5555769230769231,41.34706439393939,16639.29600107998,191.25627587448253,0
2464,63.83345545480617,0,1,323,0.0,0.0030864197530864196,0.9969135802469136,324,10400,7300,3100,0.7019230769230769,135,73,62,172.38884243877484,0.4587625336034349,0.8347501795730117,0.10831095548675045,2137830.7376274406,-1492.3667620745473,2136338.370865366,2463,1,982.1296296296297,89,235,51,36.7305707109104,0.5568415637860082,41.19212962962963,16520.6006646403,185.62472656899214,0
2465,63.56950968252136,2,1,324,0.006153846153846154,0.003076923076923077,0.9969230769230769,325,10100,7200,2900,0.7128712871287128,130,72,58,166.9471332705591,0.45879590060145614,0.8285761246918182,0.10551315994149751,2132437.258660955,-3899.142557445105,2128538.11610351,2464,0,980.0523076923076,98,227,55,36.65852527386223,0.5588461538461538,40.98274410774409,16465.599956382757,168.01632608553834,0
2466,63.9376962822461,0,2,322,0.0,0.006172839506172839,0.9938271604938271,324,10850,8400,2450,0.7741935483870968,133,84,49,168.87466755145834,0.45861203480742524,0.8314978843355776,0.10730009491688036,2147897.290216812,-3104.911835991481,2144792.3783808206,2465,1,984.033950617284,97,227,60,36.41775335575058,0.5603137860082305,40.79506802721089,16572.966215336477,170.85532180759256,0
2467,63.741321068375754,2,1,323,0.006172839506172839,0.0030864197530864196,0.9969135802469136,324,9300,6600,2700,0.7096774193548387,120,66,54,164.2872603467242,0.458931347067742,0.8277101981151147,0.10518458310617541,2145732.316299246,-3596.70326355259,2142135.6130356938,2466,0,983.2098765432099,84,240,60,36.264149309655345,0.5622427983539094,40.52696078431375,16539.154301234452,196.8946940623149,0
2468,63.992056396169644,1,1,323,0.0030864197530864196,0.0030864197530864196,0.9969135802469136,324,10550,7500,3050,0.7109004739336493,136,75,61,163.6619190226603,0.4586020811833505,0.825860597217908,0.10536864003008613,2157404.641729803,-4733.003245220643,2152671.6384845823,2467,0,984.1327160493827,88,236,60,36.08262718230712,0.5640432098765432,40.33239700374534,16616.66389519466,188.8257260817575,0
2469,63.89584455258423,0,1,322,0.0,0.0030959752321981426,0.9969040247678018,323,10400,7700,2700,0.7403846153846154,131,77,54,163.85292221331665,0.4583806062470755,0.8248320249589238,0.10596309552780397,2156740.5360393627,-4322.352142806592,2152418.183896556,2468,1,987.2260061919504,92,231,50,35.91969507551267,0.5653379772961816,40.176971326164896,16601.611851325113,180.4523027317947,0
2470,63.627176092328675,0,1,321,0.0,0.003105590062111801,0.9968944099378882,322,9850,6700,3150,0.6802030456852792,130,67,63,167.67360544913595,0.458097914772031,0.8275262042107125,0.10878393518753514,2149523.9798504096,-2166.312859820495,2147357.666990589,2469,3,991.2888198757764,92,230,51,35.706539693483315,0.5663819875776397,40.06496415770612,16538.932298103555,179.77100324025602,0
2471,63.49930521666765,0,0,321,0.0,0.0,1.0,321,9800,7500,2300,0.7653061224489796,121,75,46,167.68551430592166,0.4578863252855659,0.8270857726186913,0.10900923206181555,2146348.17412355,-2017.7005085028013,2144330.473615047,2470,4,995.3676012461059,95,226,52,35.63576357009713,0.5680166147455867,39.99565972222224,16510.094960957045,173.79047327323207,0
2472,63.98377881343847,1,1,321,0.003105590062111801,0.003105590062111801,0.9968944099378882,322,9950,7100,2850,0.7135678391959799,128,71,57,186.70599985425716,0.4578717678321498,0.848679963478775,0.1190953485599666,2151732.2316056015,5998.263544111707,2157730.495149713,2471,0,993.2732919254659,96,226,55,35.81513112491378,0.5592650103519669,40.65721649484538,16593.731296655373,172.85136767349346,8
2473,64.15350165871239,0,3,318,0.0,0.009345794392523364,0.9906542056074766,321,9150,6900,2250,0.7540983606557377,114,69,45,184.63535736715892,0.4578400830737279,0.8467925541682866,0.11825157597006218,2159800.8687450546,6405.121048528359,2166205.989793583,2472,1,991.4922118380063,75,246,55,35.7243467849848,0.5607476635514019,40.515350877192965,16646.84886791033,221.95798490547105,0
2474,64.39933168272796,1,1,318,0.003134796238244514,0.003134796238244514,0.9968652037617555,319,10400,7200,3200,0.6923076923076923,136,72,64,180.27454110932794,0.4577636317633065,0.8415422088286342,0.11606815156721076,2171155.444889379,4080.8103008901635,2175236.2551902696,2473,0,992.1473354231975,77,242,54,35.65002914352327,0.5630551201671892,40.33119658119657,16722.497399024556,217.1752908964228,0
2475,64.71727382511634,2,1,319,0.00625,0.003125,0.996875,320,9800,7300,2500,0.7448979591836735,123,73,50,173.01257801340935,0.4577651515151515,0.8351237563907699,0.11229524906574401,2186597.777359701,1861.7837078786688,2188459.56106758,2474,0,990.00625,86,234,52,35.55283036248906,0.5651692708333333,40.050287356321846,16823.23673392126,195.6190317897821,0
2476,64.87060737314945,1,0,320,0.003125,0.0,1.0,320,9150,6200,2950,0.6775956284153005,121,62,59,178.0209423564351,0.45738779225444093,0.8359284521158117,0.11517493244674393,2189894.4061713764,4819.413169543927,2194713.81934092,2475,0,991.003125,89,231,49,35.536377134372714,0.5683268229166667,40.162037037037074,16855.846476009527,189.3915334383093,8
2477,64.41028928174448,0,2,318,0.0,0.00625,0.99375,320,8200,5300,2900,0.6463414634146342,111,53,58,178.39502613720106,0.4571234979101358,0.834691974940333,0.1160161001464339,2177364.7147128214,5486.207038283566,2182850.9217511048,2476,1,992.003125,93,227,51,35.343682520741034,0.5697265625,39.982269503546135,16747.817239659482,180.08405634042452,0
2478,64.63500473489583,0,1,317,0.0,0.0031446540880503146,0.9968553459119497,318,9650,6600,3050,0.6839378238341969,127,66,61,175.19765057969389,0.4566932193189559,0.8299787812175583,0.11421112664372636,2186360.974749139,3359.061219037043,2189720.035968176,2477,2,999.0849056603773,98,220,52,35.34208131067966,0.570754716981132,39.898989898989946,16811.630019430275,171.5472450962273,0
2479,64.7187401860092,1,0,318,0.0031446540880503146,0.0,1.0,318,9500,7000,2500,0.7368421052631579,120,70,50,173.96764905572235,0.45652147854955727,0.82980679036188,0.11405326093996365,2192484.998802832,3184.2921663342595,2195669.290969166,2478,0,999.9119496855346,103,215,55,35.17520907085329,0.5721632599580713,39.70352564102567,16846.059895372848,163.55397956672667,0
2480,65.14136790637778,1,0,319,0.003134796238244514,0.0,1.0,319,9500,6400,3100,0.6736842105263158,126,64,62,185.29878058539143,0.4567113062965373,0.8454011848894274,0.11754762998997922,2187381.0595397567,7763.808601659928,2195144.8681414165,2479,0,997.7742946708464,91,228,52,36.04945823138763,0.5596264367816092,40.85144927536233,16881.291085158275,185.50869324349753,8
2481,65.47364651228355,0,1,318,0.0,0.003134796238244514,0.9968652037617555,319,10550,8100,2450,0.7677725118483413,130,81,49,185.91361293190062,0.4565897261489324,0.8459678199202698,0.11828357572627274,2200290.725045173,7462.799638740413,2207753.524683913,2480,1,998.7742946708464,92,227,54,35.928364152193325,0.561128526645768,40.74820788530468,16974.160194593715,184.50174124558384,0
2482,65.23756880290976,0,1,317,0.0,0.0031446540880503146,0.9968553459119497,318,9350,6700,2650,0.7165775401069518,120,67,53,188.24371990262625,0.45643488482828404,0.84729698320041,0.120234558982519,2194679.658457472,9676.932580531386,2204356.5910380036,2481,2,1002.8018867924528,73,245,54,35.72808695573522,0.5626310272536688,40.6109234234234,16921.912729887536,231.80702369708953,0
2483,65.37882762356905,0,1,316,0.0,0.0031545741324921135,0.9968454258675079,317,10700,7500,3200,0.7009345794392523,139,75,64,186.2352385595159,0.4560052542959443,0.8447446886787917,0.11969737541756943,2203146.0611937093,7960.686457573213,2211106.7476512827,2482,3,1006.9337539432177,75,242,52,35.557179751157086,0.5646359095688749,40.39199561403507,16972.86696844866,226.3048929126488,0
2484,65.24263654846328,0,3,313,0.0,0.00949367088607595,0.990506329113924,316,9850,7000,2850,0.7106598984771574,127,70,57,184.90338003130782,0.4558422912062152,0.8437725861961527,0.11948675948694104,2201757.9520165874,8372.49746773463,2210130.449484322,2483,4,1009.9905063291139,78,238,49,35.39932582178686,0.5661919831223629,40.20305907172993,16949.837393385573,217.30560760750734,0
2485,65.51745582942198,0,1,312,0.0,0.003194888178913738,0.9968051118210862,313,10450,8300,2150,0.7942583732057417,126,83,43,184.52931255928206,0.4553483656918162,0.8421409344720159,0.11977924321655929,2213677.691401151,8647.684524414475,2222325.3759255656,2484,5,1012.4472843450479,82,231,51,35.25080867088302,0.5679246538871139,40.04769076305221,17031.413938187972,207.7001699779021,0
2486,65.4629256316433,0,0,312,0.0,0.0,1.0,312,9400,7300,2100,0.776595744680851,115,73,42,186.76916282941295,0.4549980934124825,0.84285035558921,0.1217171110212811,2214185.1380055468,10908.300914924293,2225093.438920471,2485,6,1015.224358974359,82,230,52,35.05195264749405,0.5692441239316239,39.909638554216855,17026.275988832458,207.63751205893243,0
2487,65.16637722667761,1,0,313,0.003194888178913738,0.0,1.0,313,9000,5800,3200,0.6444444444444445,122,58,64,186.0797486232257,0.4549519913437645,0.842612131838101,0.12171553548514844,2206313.58461008,10510.055441650657,2216823.6400517304,2486,0,1012.9776357827476,88,225,54,34.94017901317859,0.5708865814696485,39.78230337078653,16957.444579596566,192.6982338590519,0
2488,65.00448530986438,0,0,313,0.0,0.0,1.0,313,10550,7700,2850,0.7298578199052133,134,77,57,189.8074662648835,0.4545696970317577,0.845271375125187,0.12483391019158543,2204015.719342621,10517.72785927981,2214533.4472019006,2487,1,1013.9776357827476,95,218,52,34.65148721474504,0.5725505857294995,39.594184027777786,16927.54603896962,178.18469514704864,0
2489,65.38990875880687,0,1,312,0.0,0.003194888178913738,0.9968051118210862,313,9600,6600,3000,0.6875,126,66,60,186.59931321608352,0.4543328964255482,0.8420751898177485,0.12323537530580843,2219514.4026654065,10631.972642113538,2230146.37530752,2488,2,1014.9776357827476,78,235,52,34.589659244264524,0.5742145899893504,39.45147679324892,17037.244159731214,218.4262071760412,0
2490,65.43620687266505,1,1,312,0.003194888178913738,0.003194888178913738,0.9968051118210862,313,9850,7600,2250,0.7715736040609137,121,76,45,182.41019759925663,0.45427230960377923,0.8384756375183395,0.12112485621885213,2224253.4957754496,8695.30393504678,2232948.7997104963,2489,0,1015.9329073482428,81,232,57,34.50969346325617,0.5755457933972311,39.265752032520304,17061.460188788635,210.6353109726992,0
2491,64.86903141801604,0,2,310,0.0,0.00641025641025641,0.9935897435897436,312,9850,7200,2650,0.7309644670050761,125,72,53,182.41699220101924,0.45405188494517273,0.8385180681769708,0.12154391608959174,2206944.5025803004,8266.835623053914,2215211.3382033543,2490,1,1017.2339743589744,83,229,48,34.39094564614528,0.5772235576923077,39.14930555555553,16921.131893327827,203.86905895575694,0
2492,64.38912427004446,0,1,309,0.0,0.0032258064516129032,0.9967741935483871,310,8850,5900,2950,0.6666666666666666,118,59,59,182.17775147492333,0.4533619549709434,0.8371759892902406,0.12165136770839319,2191872.0431032144,9012.064066657178,2200884.1071698717,2491,5,1024.683870967742,85,225,52,34.3211323615882,0.5782930107526882,39.074612403100744,16800.75720718609,197.65596714336576,0
2493,64.55414264570001,0,0,309,0.0,0.0,1.0,309,8850,6100,2750,0.6892655367231638,116,61,55,181.46081351614225,0.4529754899900531,0.8357714927446303,0.12175470051448821,2200228.6808520327,9201.057269790721,2209429.7381218234,2492,6,1028.7540453074434,89,220,54,34.174313621183884,0.5796925566343042,38.912037037037,16854.309604186154,189.37426521557475,0
2494,64.92466011251459,0,0,309,0.0,0.0,1.0,309,9100,6100,3000,0.6703296703296703,121,61,60,182.74623476593703,0.4527824184984379,0.8371307952246874,0.1230060054539562,2214672.8924769643,10044.626467669792,2224717.518944634,2493,7,1029.7540453074434,90,219,56,34.031703771875996,0.5808050161812297,38.80494505494503,16958.00016537712,188.4222240597458,0
2495,64.69531515356397,0,1,308,0.0,0.003236245954692557,0.9967637540453075,309,8850,6600,2250,0.7457627118644068,111,66,45,189.55808656036277,0.45259153602600205,0.8415743341368649,0.1225928108426637,2183755.8223892744,12139.715041433275,2195895.537430708,2494,8,1030.7540453074434,87,222,44,35.25000000000002,0.5691073354908307,40.17518939393943,16809.448006874343,193.21204605602694,8
2496,64.94342191481994,0,0,308,0.0,0.0,1.0,308,8850,5700,3150,0.6440677966101694,120,57,63,197.5630726209113,0.4524327294583809,0.8492020972940684,0.12773112833848002,2191952.4571199585,16159.772493515728,2208112.229613474,2495,9,1034.987012987013,82,226,47,35.052772678968225,0.567877435064935,40.18574297188757,16873.226913662285,205.7710599227108,8
2497,65.3240867728183,1,1,308,0.003236245954692557,0.003236245954692557,0.9967637540453075,309,9250,6400,2850,0.6918918918918919,121,64,57,193.85805769285537,0.45253724835035514,0.84621554895065,0.12597332482739382,2207793.3000305463,14549.7041862451,2222343.004216791,2496,0,1032.6343042071198,87,222,50,34.96934377466156,0.5696804207119741,40.009469696969724,16983.643961626352,195.2142984094983,0
2498,64.88019119061424,0,1,307,0.0,0.003246753246753247,0.9967532467532467,308,11050,8900,2150,0.8054298642533937,132,89,43,192.8210897916528,0.4521643699677087,0.8446538175912937,0.12578867947532008,2195067.1367013752,12001.047492921407,2207068.1841942966,2497,1,1032.8538961038962,92,216,53,34.858784734183054,0.5713271103896104,39.8745519713262,16876.988801644748,183.4455304526603,0
2499,64.73779444193023,0,0,307,0.0,0.0,1.0,307,9200,6600,2600,0.717391304347826,118,66,52,174.42324327135702,0.45193843009516516,0.8308143888268404,0.11006222362409848,2170679.110585137,5123.378113929291,2175802.488699066,2498,2,1033.7491856677525,87,220,54,36.52242271182821,0.55978555917481,41.039299242424256,16764.544614182232,192.6959151055429,8
2500,64.81372506553343,0,2,305,0.0,0.006514657980456026,0.993485342019544,307,9450,7300,2150,0.7724867724867724,116,73,43,172.41325700116138,0.4519779048065118,0.8185702504842605,0.10742747844931033,2165681.931110941,3828.4550742795927,2169510.3861852204,2499,3,1034.7491856677525,87,220,54,37.032039394355664,0.5570032573289903,41.489109848484816,16755.05376072643,192.58682483593597,8
2501,64.40803891473352,1,2,304,0.0032679738562091504,0.006535947712418301,0.9934640522875817,306,9950,7500,2450,0.7537688442211056,124,75,49,172.9617566637932,0.45205275188399585,0.8199819496047809,0.10574397052673501,2140770.639495693,2904.2900842898907,2143674.929579983,2500,0,1031.5718954248366,100,206,51,37.71259183700683,0.5532407407407407,42.17202970297031,16606.19394419796,166.0619394419796,8
2502,64.17060791145872,2,0,306,0.006535947712418301,0.0,1.0,306,8350,6000,2350,0.718562874251497,107,60,47,177.12978962994725,0.452418389942498,0.8265698255322396,0.10927623010314168,2138289.181693835,6200.9425842847495,2144490.1242781198,2501,0,1026.8464052287582,104,202,58,37.27254822842211,0.5556917211328976,41.84523809523811,16565.94800666656,159.2879616025631,0
2503,64.16054289276519,2,0,308,0.006493506493506494,0.0,1.0,308,9000,6700,2300,0.7444444444444445,113,67,46,178.15547780951545,0.45282447262292536,0.8295468450179331,0.11034298161411783,2140301.4378910325,5661.2850647751875,2145962.7229558076,2502,0,1021.172077922078,112,196,57,37.101846895074964,0.5575284090909092,41.70353982300888,16572.441112235494,147.96822421638834,0
2504,63.96739394501455,3,3,308,0.00964630225080386,0.00964630225080386,0.9903536977491961,311,9650,7300,2350,0.7564766839378239,120,73,47,172.42755863988725,0.4534643709158801,0.8264662790206152,0.10791207928320226,2140011.1098938766,1949.3782282477487,2141960.488122124,2503,0,1012.3118971061093,86,225,48,36.871258408936605,0.559954448017149,41.33141762452109,16546.35511001079,192.39947802338128,0
2505,64.41167971852185,0,0,308,0.0,0.0,1.0,308,11250,8500,2750,0.7555555555555555,140,85,55,173.81139271675855,0.4527169525642653,0.8246376758060112,0.10903408613110331,2156269.041586038,2106.825038020097,2158375.866624058,2504,1,1019.1818181818181,91,217,48,36.75032636123629,0.5615192099567099,41.24773550724638,16666.66798694954,183.15019765878614,0
2506,64.21162466357838,1,1,308,0.003236245954692557,0.003236245954692557,0.9967637540453075,309,8650,6200,2450,0.7167630057803468,111,62,49,173.98936955634653,0.4528726060886255,0.8231005394697952,0.10974883881758933,2152823.896059462,4463.694488244491,2157287.5905477065,2505,0,1016.8802588996764,99,210,51,36.546664856457056,0.5633427723840345,41.05208333333332,16627.46643241549,167.95420638803526,0
2507,63.94786778852119,0,2,306,0.0,0.006493506493506494,0.9935064935064936,308,8800,6100,2700,0.6931818181818182,115,61,54,169.72601069821494,0.45262265218494857,0.8225908657341625,0.10694386499334115,2143346.048335077,2356.3148659391027,2145702.363201016,2506,1,1014.9935064935065,93,215,52,36.696056611310816,0.5633455086580086,41.09042553191489,16556.715237267363,178.02919609964906,8
2508,63.480250149770626,0,1,305,0.0,0.0032679738562091504,0.9967320261437909,306,9600,6700,2900,0.6979166666666666,125,67,58,171.33946774768953,0.45246705239472834,0.8224071897302139,0.10837565970617508,2129907.367000455,2187.4389227478996,2132094.805923203,2507,2,1017.4313725490196,97,209,53,36.51603511003513,0.5650871459694988,40.95450680272108,16444.272708333905,169.52858462199902,0
2509,63.36374572863916,1,1,305,0.0032679738562091504,0.0032679738562091504,0.9967320261437909,306,8900,6100,2800,0.6853932584269663,117,61,56,190.10048359732696,0.45218445301617916,0.838884315109439,0.11870092434360106,2118480.4781338447,10444.832676948648,2128925.310810793,2508,0,1018.4215686274509,77,229,55,36.49717459415729,0.5575980392156863,41.41292735042738,16385.045520080803,212.79279896208834,8
2510,63.29401024789927,2,1,306,0.006514657980456026,0.003257328990228013,0.996742671009772,307,9400,7200,2200,0.7659574468085106,116,72,44,184.60980287676486,0.4524844230127809,0.8339998641803859,0.1157764814254202,2118694.588148098,7426.358054818533,2126120.9462029166,2509,0,1016.0716612377851,83,224,50,36.48079918523846,0.5592766015200868,41.2574404761905,16376.85421406783,197.3114965550341,0
2511,63.39759365992695,5,1,310,0.01607717041800643,0.003215434083601286,0.9967845659163987,311,8400,5700,2700,0.6785714285714286,111,57,54,181.65877349927712,0.45251270615081424,0.8338407281023756,0.11493205767576686,2127281.7624806454,6687.879171923745,2133969.641652569,2510,0,1003.9871382636655,90,221,55,36.23956077946182,0.5615621650589496,40.94551282051285,16423.43111398606,182.48256793317842,0
2512,63.35497293470473,1,0,311,0.003215434083601286,0.0,1.0,311,9500,6300,3200,0.6631578947368421,127,63,64,178.6447435909003,0.45251529924281714,0.831210588286655,0.11356118266288043,2128593.4595889077,4352.406559506352,2132945.866148414,2511,0,1004.6913183279743,94,217,59,36.14765308856081,0.5631028938906752,40.77850877192986,16422.970560848393,174.7124527749829,0
2513,63.07500814280011,1,0,312,0.003205128205128205,0.0,1.0,312,8450,6100,2350,0.7218934911242604,108,61,47,184.77996202439704,0.45287701479924153,0.8332867916607336,0.11212461208351998,2092030.6128552451,6463.067439452905,2098493.680294698,2512,0,1002.4679487179487,82,230,61,37.68567472306144,0.5431690705128205,42.44477911646584,16245.297654449461,198.1133860298715,8
2514,62.94438795097054,0,1,311,0.0,0.003205128205128205,0.9967948717948718,312,9400,6900,2500,0.7340425531914894,119,69,50,198.6324400361839,0.4528130324703878,0.8478226814360796,0.11921661141899174,2081203.8204108807,10878.918612168089,2092082.739023049,2513,1,1003.4679487179487,90,222,54,37.73777728318122,0.5370926816239316,42.845695970695964,16186.420276082308,179.8491141786923,8
2515,62.723601125321856,3,0,314,0.009554140127388535,0.0,1.0,314,9350,6600,2750,0.7058823529411765,121,66,55,193.7792228183909,0.453464690041581,0.8454184363815223,0.11700628146130959,2077464.962674841,8363.90917991336,2085828.8718547544,2514,0,998.0573248407643,74,240,57,37.63760725271166,0.5390790870488322,42.624999999999986,16143.486839629653,218.15522756256289,0
2516,62.55596259595234,1,1,314,0.0031746031746031746,0.0031746031746031746,0.9968253968253968,315,10900,7800,3100,0.7155963302752294,140,78,62,192.25570774826764,0.45333046877632865,0.8441370151947714,0.11688796944828561,2075956.236462731,5922.887099113721,2081879.1235618447,2515,0,995.8857142857142,80,235,46,37.42096374315714,0.5411044973544974,42.373971193415606,16116.044221768278,201.45055277210346,0
2517,62.908468862204,0,2,312,0.0,0.006369426751592357,0.9936305732484076,314,9650,6300,3350,0.6528497409326425,130,63,67,193.88682771934222,0.45332224279793515,0.8458895576922958,0.11861105572776348,2091295.7014812422,8644.937876658532,2099940.6393579007,2516,2,1000.0573248407643,81,233,50,37.150006568791646,0.542728237791932,42.149390243902424,16220.987054941706,200.25909944372478,0
2518,62.94485984072952,0,3,309,0.0,0.009615384615384616,0.9903846153846154,312,8300,5900,2400,0.7108433734939759,107,59,48,196.30129371204282,0.45254894433451504,0.8475829501677641,0.12030742654233109,2093577.7292911229,11494.403349313636,2105072.1326404363,2517,3,1007.4551282051282,79,233,53,37.0203957996769,0.5436364850427351,42.08333333333333,16234.528433921469,205.50035992305658,0
2519,63.49742713407775,1,0,310,0.0032258064516129032,0.0,1.0,310,9800,7400,2400,0.7551020408163265,122,74,48,196.50861198182386,0.45221056477711663,0.8470271365120399,0.12092420474208093,2114358.033679923,11297.912486212112,2125655.9461661354,2518,0,1014.6967741935484,80,230,54,36.86556286440429,0.5452284946236559,41.93672839506173,16386.35378471628,204.8294223089535,0
2520,63.03086517903538,0,1,309,0.0,0.0032258064516129032,0.9967741935483871,310,8850,5800,3050,0.655367231638418,119,58,61,191.57782869000212,0.45204657758290706,0.8427698761425053,0.11837374928147612,2101222.421876523,9659.525835570215,2110881.9477120936,2519,1,1015.6967741935484,84,226,57,36.8424695459579,0.5467741935483871,41.7892156862745,16275.24913385138,193.75296587918308,0
2521,62.828140296660095,0,2,307,0.0,0.006472491909385114,0.9935275080906149,309,8950,6000,2950,0.6703910614525139,119,60,59,205.14523892345724,0.4520162617856793,0.8534664495068089,0.12413025473843008,2082171.46108834,14679.512372913607,2096850.9734612536,2520,2,1019.9546925566343,77,232,49,37.26657329598507,0.5452400215749731,42.5480769230769,16175.225542721744,210.0678641911915,8
2522,62.705608174758154,1,1,307,0.003246753246753247,0.003246753246753247,0.9967532467532467,308,9150,6600,2550,0.7213114754098361,117,66,51,205.47687926072285,0.452069849260403,0.852190649097617,0.12502786992360987,2081400.4140734726,14785.9323151577,2096186.3463886303,2521,0,1022.8733766233767,82,226,40,37.0501501867186,0.5471455627705628,42.344377510040125,16156.452507878645,197.0299086326664,0
2523,62.31891981059102,1,1,307,0.003246753246753247,0.003246753246753247,0.9967532467532467,308,8800,5900,2900,0.6704545454545454,117,59,58,207.65174173169746,0.45178584648250775,0.8526699071095554,0.12693973018967422,2071274.8934563922,15620.76784627112,2086895.6613026634,2522,0,1023.8603896103896,87,221,42,36.821895612383855,0.5485998376623377,42.17566287878787,16067.334190275562,184.68200218707543,0
2524,62.74678250431789,1,0,308,0.003246753246753247,0.0,1.0,308,9550,7300,2250,0.7643979057591623,118,73,45,201.67615115400577,0.45181977699282255,0.847380515340133,0.12371398841976486,2087521.9613361303,13050.678922346213,2100572.6402584766,2523,0,1024.6201298701299,94,214,44,36.848211122918876,0.550290854978355,42.050438596491226,16185.505026470146,172.1862236858526,0
2525,62.53980862855855,1,0,309,0.003236245954692557,0.0,1.0,309,8650,6200,2450,0.7167630057803468,111,62,49,181.36594811334615,0.4518827316157413,0.8344915199228478,0.10795818769224075,2062937.1590178963,4379.310748707371,2067316.4697666035,2524,0,1022.3009708737864,91,218,49,38.491523400191,0.5411610032362459,43.14990942028988,16063.35551108315,176.52039023168297,8
2526,62.398367254904706,2,2,309,0.006430868167202572,0.006430868167202572,0.9935691318327974,311,9300,6800,2500,0.7311827956989247,118,68,50,190.2061559553971,0.45225210040452235,0.8396905248412014,0.11442805976500008,2064535.1120374613,7037.457499118954,2071572.5695365802,2525,0,1016.7202572347267,101,210,50,37.86652076964814,0.5470592175777063,42.75939542483663,16051.393717154966,158.92469026886104,8
2527,62.83789576472811,2,1,310,0.006430868167202572,0.003215434083601286,0.9967845659163987,311,9100,7000,2100,0.7692307692307693,112,70,42,183.78448715000917,0.4521289285343844,0.8276084967085358,0.1121413213827178,2087434.6363942183,5427.620821775091,2092862.2572159935,2526,0,1016.0450160771704,93,218,49,37.50573230151912,0.5480975348338692,42.24290780141843,16196.91329219383,174.16035798057882,8
2528,62.62889309819044,1,1,310,0.003215434083601286,0.003215434083601286,0.9967845659163987,311,8300,5900,2400,0.7108433734939759,107,59,48,184.0111135520088,0.4520195864882619,0.8298550125511357,0.11269227985742965,2082638.936499694,6145.741966415731,2088784.6784661096,2527,0,1017.0418006430868,93,218,52,37.36446516557807,0.5498057341907825,42.10992907801417,16151.369682857714,173.67064175115823,0
2529,62.2479061691148,2,1,311,0.00641025641025641,0.003205128205128205,0.9967948717948718,312,9350,6600,2750,0.7058823529411765,121,66,55,187.42818276365355,0.452504929645203,0.8386892460773068,0.11435272288255882,2067774.9462164044,5761.860106709624,2073536.806323114,2528,0,1014.7692307692307,87,225,47,37.41566207424414,0.5495459401709402,42.24668560606058,16044.604129172154,184.42073711692132,8
2530,62.53585061258931,1,0,312,0.003205128205128205,0.0,1.0,312,9750,7000,2750,0.717948717948718,125,70,55,187.27988870714324,0.4526530766482535,0.8380713670945552,0.11485668593972768,2080371.340360672,5772.342618454828,2086143.6829791267,2529,0,1015.7564102564103,92,220,49,37.22796980618635,0.5516159188034189,42.05869175627238,16130.579119145492,175.3323817298423,0
2531,62.8895766977308,0,2,310,0.0,0.00641025641025641,0.9935897435897436,312,9000,6000,3000,0.6666666666666666,120,60,60,185.29866894926377,0.45269837957237474,0.8362666098952933,0.11392928396911207,2093620.6239724027,6189.022981362624,2099809.6469537653,2530,1,1016.7564102564103,96,216,50,37.18604336607288,0.5527844551282051,41.967353951890026,16227.563884160989,169.03712379334362,0
2532,62.97363982399288,1,0,311,0.003215434083601286,0.0,1.0,311,10200,7600,2600,0.7450980392156863,128,76,52,183.1188384930227,0.4528342495591744,0.8351747818379014,0.11336741812076187,2100452.139150949,4526.47120630105,2104978.61035725,2531,0,1019.7363344051447,98,213,49,36.989669477600785,0.554930332261522,41.71927609427608,16264.877280719127,165.96813551754212,0
2533,62.66405679005458,0,0,311,0.0,0.0,1.0,311,10600,8500,2100,0.8018867924528302,127,85,42,187.1903101577399,0.4527015696850258,0.8378938650746517,0.11639159879114905,2092643.5141229203,5544.51769165044,2098188.031814571,2532,1,1020.7363344051447,80,231,53,36.726110502919354,0.5566720257234727,41.56378600823045,16194.661590186932,202.43326987733664,0
2534,62.754109350130435,1,1,311,0.003205128205128205,0.003205128205128205,0.9967948717948718,312,8900,6000,2900,0.6741573033707865,118,60,58,186.70253811705922,0.4527574236677934,0.8372854145617743,0.11458410672674398,2088048.5467601377,6668.792678350667,2094717.3394384882,2533,0,1018.4615384615385,90,222,54,37.21665705241989,0.5525507478632479,42.03296703296703,16188.491395541854,179.87212661713173,8
2535,62.86449410252798,1,0,312,0.003205128205128205,0.0,1.0,312,9400,7000,2400,0.7446808510638298,118,70,48,187.2942438629596,0.4529362736004617,0.8369286389676842,0.11561682702306406,2095120.110494941,6680.78737944602,2101800.897874387,2534,0,1019.4391025641025,92,220,56,36.98797903109185,0.5543202457264957,41.823476702508955,16230.136526246277,176.41452745919867,0
2536,63.304219784629126,2,2,312,0.006369426751592357,0.006369426751592357,0.9936305732484076,314,9800,7800,2000,0.7959183673469388,118,78,40,185.77524371066033,0.45332224279793515,0.8378705705696929,0.115222993036498,2112554.3609586875,5892.060251823832,2118446.421210511,2535,0,1013.9394904458599,78,236,56,36.854042259990806,0.5561969214437368,41.65348101265823,16354.424818568557,209.67211305857126,0
2537,63.33354272007555,0,2,310,0.0,0.00641025641025641,0.9935897435897436,312,9200,6200,3000,0.6739130434782609,122,62,60,184.42671334390016,0.45256290021161405,0.835706778969016,0.11483215309429887,2115811.987936566,6442.450197753131,2122254.438134319,2536,1,1021.3846153846154,81,231,52,36.74705949806696,0.5574919871794872,41.51422764227643,16370.819706149645,202.10888526110674,0
2538,63.10513125097961,3,3,310,0.009584664536741214,0.009584664536741214,0.9904153354632588,313,9450,6900,2550,0.7301587301587301,120,69,51,193.55845163303175,0.4527414256847164,0.8424393462205455,0.11356775321598352,2072922.5542939925,8196.335992867254,2081118.8902868598,2537,0,1018.7220447284345,79,234,55,38.72370036406744,0.535110489882854,43.68489583333335,16174.79829004609,204.74428215248216,8
2539,63.62338266746646,4,2,312,0.012738853503184714,0.006369426751592357,0.9936305732484076,314,9850,7500,2350,0.7614213197969543,122,75,47,186.37681023651666,0.45360289778392787,0.8380055689272732,0.11034194557422648,2095406.6277804712,5457.04068683638,2100863.6684673075,2538,0,1016.2515923566879,85,229,43,38.56693528088475,0.5376857749469215,43.35029069767443,16328.922666435954,192.10497254630533,0
2540,64.12965570462299,3,0,315,0.009523809523809525,0.0,1.0,315,9200,5900,3300,0.6413043478260869,125,59,66,185.8354704815144,0.4537260303980049,0.8380924705918158,0.11096921821413187,2117303.426320848,6494.01567649233,2123797.4419973404,2539,0,1013.9936507936508,92,223,50,38.25779865167235,0.5399140211640212,43.03315412186383,16479.195353667976,179.12168862682583,0
2541,63.70552784284487,1,0,316,0.0031645569620253164,0.0,1.0,316,8800,5800,3000,0.6590909090909091,118,58,60,183.33234499306985,0.453874907909718,0.8366269668918516,0.10993578149187884,2105834.5271447683,5213.516405765215,2111048.0435505337,2540,0,1011.7816455696203,97,219,54,38.16453079785037,0.5416007383966245,42.87840136054424,16380.067161122763,168.8666717641522,0
2542,63.26755181759292,1,0,317,0.0031545741324921135,0.0,1.0,317,9400,7100,2300,0.7553191489361702,117,71,46,183.76845195528514,0.45410518907479136,0.8390710456542354,0.1106139500321702,2093610.585317793,4147.915252210387,2097758.5005700034,2541,0,1009.5867507886435,98,219,50,38.012269938650334,0.5431782334384858,42.73989898989901,16276.216771255875,166.08384460465177,0
2543,63.758985991458715,1,1,317,0.0031446540880503146,0.0031446540880503146,0.9968553459119497,318,9100,6700,2400,0.7362637362637363,115,67,48,184.65088937977617,0.45432728871958683,0.8389876765335877,0.11247216587466403,2116983.969110359,5480.594539790697,2122464.56365015,2542,0,1007.4088050314465,82,236,50,37.54839770126138,0.5469732704402516,42.306726907630505,16430.26178918944,200.36904620962733,8
2544,63.8194873939139,1,1,317,0.0031446540880503146,0.0031446540880503146,0.9968553459119497,318,10550,8100,2450,0.7677725118483413,130,81,49,188.8037135030444,0.4541623679807419,0.8411276716856537,0.1155380935427393,2121770.2560098614,5969.620706992878,2127739.876716854,2543,0,1008.4056603773585,83,235,52,37.26936456028987,0.5484800838574424,42.13789682539681,16456.62724291961,198.27261738457364,0
2545,63.94828456112805,0,2,315,0.0,0.006309148264984227,0.9936908517350158,317,9050,6600,2450,0.7292817679558011,115,66,49,179.4849456093325,0.45374830291897933,0.8321723587929986,0.1060784259987556,2105055.8608845957,3115.1673390962696,2108171.028223692,2544,1,1012.5741324921136,89,228,46,38.80902574165125,0.5338459516298633,43.414351851851876,16408.212042079394,184.36193305707184,8
2546,63.885616371844264,1,1,315,0.0031645569620253164,0.0031645569620253164,0.9968354430379747,316,9550,6500,3050,0.680628272251309,126,65,61,179.31400988029836,0.4537748643761302,0.8302226473041185,0.10655556451120887,2106299.429473053,2787.7993414801695,2109087.2288145334,2545,0,1015.5189873417721,94,222,52,38.60816359935666,0.5355353375527426,43.21271929824564,16405.013704081513,174.52142238384587,0
2547,63.479747044953555,2,4,313,0.006309148264984227,0.012618296529968454,0.9873817034700315,317,9200,6900,2300,0.75,115,69,46,192.6905237430138,0.4541862995647486,0.8502232316241138,0.11729550673484143,2107339.166886625,8612.857554310212,2115952.024440935,2546,0,1013.2902208201892,76,241,45,37.36447997059903,0.5466285488958991,42.32954545454546,16356.85527550368,215.2217799408379,8
2548,63.24096962781548,1,0,314,0.0031847133757961785,0.0,1.0,314,9800,6800,3000,0.6938775510204082,128,68,60,190.16789777277478,0.4540143413849942,0.8471605835362521,0.11645847640075685,2102970.6713454276,7383.502329511835,2110354.1736749397,2547,0,1019.7993630573249,81,233,49,37.20706492291022,0.5487990976645436,42.11128048780487,16309.132678026903,201.34731701267782,0
2549,62.9255785700443,1,4,311,0.0031746031746031746,0.012698412698412698,0.9873015873015873,315,9300,6700,2600,0.7204301075268817,119,67,52,183.61133741631463,0.45436297307316414,0.8411501763625437,0.11084244028249485,2084024.5645029899,4230.107499369091,2088254.672002359,2548,0,1017.5587301587302,82,233,51,37.907482810747545,0.5459325396825396,42.633032128514046,16194.965358131198,197.49957753818535,8
2550,62.816574748226294,2,1,312,0.006389776357827476,0.003194888178913738,0.9968051118210862,313,9750,7400,2350,0.7589743589743589,121,74,47,182.8000196152054,0.4544937501706671,0.8398633101685788,0.11096895281522468,2083702.2536344458,3830.1625673244916,2087532.4162017703,2549,0,1020.2012779552716,85,228,50,37.72136335135981,0.5480897231096912,42.429748062015484,16179.680983781787,190.34918804449163,0
2551,62.774028223133634,0,1,311,0.0,0.003205128205128205,0.9967948717948718,312,10300,7800,2500,0.7572815533980582,128,78,50,181.86400268815783,0.4546734582405804,0.8377857227453069,0.11091142699151021,2085005.6295222314,3137.493882451098,2088143.1234046826,2550,1,1023.2211538461538,90,222,44,37.5745765973826,0.5498130341880342,42.26190476190476,16179.258464652881,179.76953849614313,0
2552,63.24726230216253,1,1,311,0.003205128205128205,0.003205128205128205,0.9967948717948718,312,9800,6700,3100,0.6836734693877551,129,67,62,183.44566986505842,0.4547219817517245,0.839608378991058,0.1125526700874755,2104286.603286609,5004.453105595969,2109291.056392205,2551,0,1021.1153846153846,93,219,46,37.3113383165793,0.5515491452991452,42.04343971631205,16315.046230825981,175.43060463253744,0
2553,63.551280944831646,0,0,311,0.0,0.0,1.0,311,9400,7200,2200,0.7659574468085106,116,72,44,173.8259108665257,0.4544121460429416,0.8249761607316748,0.10559576241405863,2108494.41239279,1702.1923582308682,2110196.6047510207,2552,1,1024.540192926045,88,223,59,37.926340739394504,0.5501406752411575,42.40402621722845,16370.554100126308,186.02902386507168,8
2554,63.281515095241275,2,0,313,0.006389776357827476,0.0,1.0,313,9600,6800,2800,0.7083333333333334,124,68,56,179.6058549603429,0.4546985506949564,0.8327233427049101,0.10454348768807115,2073873.6494854111,2295.9699791102175,2076169.6194645213,2553,0,1018.9872204472844,106,207,53,39.385441224934716,0.5334132055378062,43.98364485981306,16201.102842432232,152.84059285313427,8
2555,63.717397087778394,1,2,312,0.0031847133757961785,0.006369426751592357,0.9936305732484076,314,8850,6000,2850,0.6779661016949152,117,60,57,193.2577820730964,0.45490336480739096,0.8437748187032654,0.11310200759579102,2091476.225982677,9188.811338402544,2100665.0373210795,2554,0,1016.7388535031847,102,212,51,38.82869548056041,0.5355294585987261,43.780339805825186,16325.649830287512,160.0553904930148,8
2556,63.51680134867946,0,0,312,0.0,0.0,1.0,312,8800,6400,2400,0.7272727272727273,112,64,48,191.91458259792063,0.45459530532882625,0.8411359564680025,0.1128340027500666,2087688.6855105374,8931.580534831612,2096620.266045369,2555,1,1023.099358974359,80,232,54,38.68801307451807,0.5372596153846154,43.60853909465022,16285.16548982288,203.564568622786,0
2557,63.04364938052527,2,0,314,0.006369426751592357,0.0,1.0,314,9250,6400,2850,0.6918918918918919,121,64,57,192.76713504846143,0.45533007061313363,0.8374712032337914,0.11174492546155838,2063590.0423687967,7508.468076392163,2071098.5104451887,2556,0,1017.5764331210191,93,221,49,39.20567333650943,0.5307855626326964,44.13785460992904,16130.483383720402,173.4460578894667,8
2558,63.0437552335426,3,1,316,0.00946372239747634,0.0031545741324921135,0.9968454258675079,317,9300,6200,3100,0.6666666666666666,124,62,62,194.5661249711543,0.45609135620066815,0.8420528607059972,0.11377171714414822,2068854.9743913244,7805.8190989221985,2076660.7934902466,2557,0,1008.9369085173502,100,217,54,38.82732823403112,0.5329587276550999,43.81188118811878,16151.061056117776,161.51061056117777,0
2559,62.94485267591886,2,2,316,0.006289308176100629,0.006289308176100629,0.9937106918238994,318,10000,7300,2700,0.73,127,73,54,190.04560562797838,0.4564299248060631,0.8398866476752553,0.11183161733566774,2069408.599676372,5056.402123449254,2074465.0017998214,2558,0,1006.3176100628931,83,235,51,38.703170841796485,0.535180817610063,43.576388888888914,16140.54642401612,194.46441474718216,0
2560,63.211418673936436,4,4,316,0.0125,0.0125,0.9875,320,9800,7300,2500,0.7448979591836735,123,73,50,190.543377844963,0.4568269576149426,0.8393716931216917,0.11324747928521525,2084171.8292655963,5625.0280715175495,2089796.857337114,2559,0,1000.6875,91,229,48,38.31349206349209,0.5381184895833333,43.20652173913047,16232.280067084437,178.37670403389492,0
2561,63.256458306327026,2,0,318,0.006289308176100629,0.0,1.0,318,10050,7300,2750,0.7263681592039801,128,73,55,190.43520454518745,0.45655309869121546,0.8404933243179415,0.113872479452532,2089298.1260156778,5925.18319673561,2095223.3092124134,2560,0,1006.6540880503145,94,224,54,38.08793728668948,0.540356394129979,42.98245614035092,16258.019547152717,172.95765475694378,0
2562,63.54432018919724,1,2,317,0.003134796238244514,0.006269592476489028,0.9937304075235109,319,10500,7600,2900,0.7238095238095238,134,76,58,191.02253425156093,0.4567375938960194,0.8429881012992877,0.11485951070274872,2102139.14369192,6011.189315488382,2108150.333007409,2561,0,1004.4952978056426,103,216,54,37.86493419259374,0.5422544409613375,42.77844551282055,16344.968817896603,158.68901764948157,0
2563,63.840185186966664,3,0,320,0.009375,0.0,1.0,320,11100,8200,2900,0.7387387387387387,140,82,58,191.56551690508496,0.45717880583855797,0.8437209723332006,0.11609890770300785,2116670.7668525726,5996.225913998104,2122666.9927665708,2562,0,1002.175,80,240,59,37.556702789985316,0.54443359375,42.48971193415634,16439.504477672395,205.49380597090493,0
2564,63.95190129248503,2,1,321,0.006211180124223602,0.003105590062111801,0.9968944099378882,322,10800,7500,3300,0.6944444444444444,141,75,66,211.63849185956678,0.45779819953174283,0.8613241487017873,0.12450732407889277,2102367.0279667606,13788.357426833325,2116155.385393594,2563,0,996.944099378882,75,247,47,38.15880906564038,0.5302471532091098,43.58552631578949,16398.193111017197,218.64257481356262,8
2565,64.32578876295256,0,1,320,0.0,0.003115264797507788,0.9968847352024922,321,10800,7900,2900,0.7314814814814815,137,79,58,236.44190023687023,0.45747420171339565,0.8734076945408824,0.14165515621651195,2125788.9090816854,25525.113833147247,2151314.0229148325,2564,1,1001.0467289719626,81,240,45,36.83293803735544,0.5377401349948079,42.911585365853654,16537.41505315844,204.16561794022763,8
2566,64.06604044271353,4,0,324,0.012345679012345678,0.0,1.0,324,10000,7100,2900,0.71,129,71,58,227.95404567324903,0.45794016518238223,0.8707091813732237,0.13807070872367744,2123803.6740266336,22025.927942015904,2145829.6019686493,2565,0,992.5956790123457,73,251,47,36.64170129018146,0.5406057098765432,42.51126126126125,16496.283949579276,225.97649245999008,0
2567,63.64951957568102,2,1,325,0.006134969325153374,0.003067484662576687,0.9969325153374233,326,10050,7300,2750,0.7263681592039801,128,73,55,223.24985017994877,0.4584812018247601,0.8683659754700424,0.13603944072541613,2113596.3914843663,19122.015547952426,2132718.407032319,2566,0,987.5,79,247,43,36.538331985987575,0.5421779141104295,42.29166666666664,16403.011607316017,207.63305832045592,0
2568,63.36842375762685,0,4,321,0.0,0.012307692307692308,0.9876923076923076,325,9200,6000,3200,0.6521739130434783,124,60,64,224.09354769017756,0.4581833649889206,0.8675869366552837,0.1369929123794899,2106166.1446682177,20195.64867672836,2126361.793344946,2567,1,991.5230769230769,83,242,44,36.397409536177456,0.5441025641025641,42.17509920634918,16337.957568760045,196.8428622742174,0
2569,62.954930473841685,1,0,322,0.003105590062111801,0.0,1.0,322,9050,6600,2450,0.7292817679558011,115,66,49,221.21090069552287,0.4577502289687377,0.8658087216194632,0.12854725358073804,2062167.0308005319,17784.765253598933,2079951.796054131,2568,0,997.5962732919255,87,235,50,38.383944950592706,0.526171066252588,44.04592803030301,16113.570805348834,185.21345753274522,8
2570,62.88206080361783,4,0,326,0.012269938650306749,0.0,1.0,326,10000,7200,2800,0.72,128,72,56,222.85442482182827,0.45877929841120024,0.8719825946061746,0.12334926973453858,2029937.3824214116,15276.105556770908,2045213.4879781825,2569,0,986.3435582822086,84,242,45,40.244284749686564,0.5053041922290389,45.90686274509806,15977.900106644855,190.21309650767685,8
2571,63.07912044023467,6,2,330,0.018072289156626505,0.006024096385542169,0.9939759036144579,332,10050,6800,3250,0.6766169154228856,133,68,65,218.4410705864502,0.460118608876594,0.8721432554761563,0.12269150820726203,2045395.9986433757,12909.69834337962,2058305.6969867554,2570,0,969.5,75,257,43,39.77709006099747,0.5083145080321285,45.33991228070174,16063.734344566274,214.183124594217,0
2572,63.58822292916091,6,1,335,0.017857142857142856,0.002976190476190476,0.9970238095238095,336,9650,7400,2250,0.7668393782383419,119,74,45,208.5811560079179,0.4615562440772329,0.8682392460047339,0.11830336609097666,2067975.1570402032,9418.129770219544,2077393.2868104228,2571,0,958.9404761904761,83,253,49,39.64573405945087,0.5111297123015873,44.96527777777776,16217.204771343186,195.3880092932914,0
2573,63.51106637796146,1,0,336,0.002976190476190476,0.0,1.0,336,9600,6300,3300,0.65625,129,63,66,209.53578828462858,0.4618664490049751,0.868834814586434,0.11934916599408187,2068084.8859168938,9867.559362023996,2077952.445278918,2572,0,959.3809523809524,86,250,50,39.45636279753526,0.5131138392857143,44.80363984674327,16207.792969107531,188.46270894311084,0
2574,63.85337483496035,1,2,335,0.002967359050445104,0.005934718100890208,0.9940652818991098,337,10150,6700,3450,0.6600985221674877,136,67,69,210.64244675152324,0.46220407364231547,0.8700971112443414,0.12057392537335691,2082296.4339936252,10174.003143678288,2092470.4371373034,2573,0,957.5311572700297,70,267,50,39.23613105838647,0.5147131552917903,44.61561032863852,16307.155160683116,232.95935943833024,0
2575,63.966824582416656,3,2,336,0.008875739644970414,0.005917159763313609,0.9940828402366864,338,11000,8300,2700,0.7545454545454545,137,83,54,205.37980678332892,0.4627419392598575,0.8665669687214086,0.11837899122752388,2090287.1917601465,7260.555913073837,2097547.7476732205,2574,0,954.7958579881657,75,263,45,39.10259847022662,0.5173816568047338,44.35307017543862,16352.9223151212,218.038964201616,0
2576,63.473227796134005,1,2,335,0.002967359050445104,0.005934718100890208,0.9940652818991098,337,9300,6700,2600,0.7204301075268817,119,67,52,206.12968941574474,0.4626967936036927,0.8669665273036233,0.1191545331120116,2075925.8143304992,8881.98867161489,2084807.803002114,2575,0,958.6261127596439,77,260,47,38.97223600160133,0.5187314540059347,44.244123931623946,16233.650981887922,210.82663612841458,0
2577,63.491539402929206,2,1,336,0.005934718100890208,0.002967359050445104,0.9970326409495549,337,9600,6800,2800,0.7083333333333334,124,68,56,197.5714800274645,0.4630886881211436,0.8606940483101082,0.11124836263737838,2060328.6309413724,4412.435391609125,2064741.0663329815,2576,0,959.4955489614243,82,255,46,40.21021150467182,0.5115603363006924,45.24347389558232,16174.884015311942,197.25468311356028,8
2578,63.81166598720716,5,1,340,0.01466275659824047,0.002932551319648094,0.9970674486803519,341,11250,8400,2850,0.7466666666666667,141,84,57,215.89387764268344,0.4644740814214248,0.872868226778649,0.12268974726147117,2076452.8819046416,10208.69288334309,2086661.5747879848,2577,0,949.208211143695,83,258,52,39.38322315120879,0.5121578690127078,44.890873015873,16278.938401399018,196.13178796866288,8
2579,63.510485434130196,3,3,340,0.008746355685131196,0.008746355685131196,0.9912536443148688,343,9750,6200,3550,0.6358974358974359,133,62,71,209.09943627625603,0.4650231019726186,0.869798170785683,0.11989028341564807,2072140.5495103546,8306.68415755855,2080447.2336679131,2578,0,944.6472303206997,73,270,51,39.21096921437889,0.5144861516034985,44.552364864864906,16223.603310433196,222.2411412388109,0
2580,63.31162122853539,6,4,342,0.017341040462427744,0.011560693641618497,0.9884393063583815,346,10850,7700,3150,0.7096774193548387,140,77,63,199.6691652680788,0.46548022953840995,0.8656207090729482,0.11600652999158048,2073731.905386313,2762.063707654167,2076493.9690939672,2579,0,937.1445086705203,78,268,49,38.942803049817094,0.5176421001926782,44.053270042194114,16204.402421770956,207.74874899706353,0
2581,63.344014552718015,3,2,343,0.008695652173913044,0.005797101449275362,0.9942028985507246,345,11050,8000,3050,0.7239819004524887,141,80,61,222.6619108702393,0.4659051651499832,0.8802772870450519,0.1250384727658755,2053867.5070042042,11413.612756770133,2065281.1197609743,2580,0,940.4231884057971,74,271,44,39.6770748113808,0.5054951690821257,45.34722222222222,16130.729261445618,217.98282785737322,8
2582,62.98707101037817,3,1,345,0.008670520231213872,0.002890173410404624,0.9971098265895953,346,10100,7300,2800,0.7227722772277227,129,73,56,221.95012734175097,0.4667050626902349,0.8811143858374029,0.12589323645290765,2048460.1845208379,11631.199761781354,2060091.3842826192,2581,0,932.1098265895954,78,268,49,39.30253248543756,0.5079479768786127,44.96308016877637,16064.02857967742,205.94908435483873,0
2583,62.87687251983989,1,0,346,0.002890173410404624,0.0,1.0,346,11150,8000,3150,0.7174887892376681,143,80,63,224.57832895656367,0.4669202549495965,0.8823836478646867,0.12801296476268528,2047891.347215281,11632.403328442677,2059523.7505437238,2582,0,933.043352601156,62,284,50,39.043334844951204,0.5102661368015414,44.77513227513228,16047.741471829515,258.834539868218,0
2584,63.226013996878564,3,0,349,0.008595988538681949,0.0,1.0,349,9350,6800,2550,0.7272727272727273,119,68,51,213.81853155933877,0.46719417273216307,0.8776969009137765,0.12317152029263338,2065724.774885129,9188.047594336991,2074912.822479466,2583,0,926.0143266475644,69,280,46,38.9092637870144,0.5126552053486151,44.37500000000001,16162.14982795211,234.2340554775668,0
2585,63.616539473800806,2,1,350,0.005698005698005698,0.002849002849002849,0.9971509971509972,351,12150,9500,2650,0.7818930041152263,148,95,53,210.84014385158395,0.46765974765974766,0.8762001373002399,0.12236855224908087,2083078.0988679605,5489.2972038812395,2088567.3960718417,2584,0,921.7321937321938,75,276,48,38.697099334083205,0.5146604938271605,44.09265350877194,16279.939809694864,217.06586412926487,0
2586,63.595743326052336,1,2,349,0.002849002849002849,0.005698005698005698,0.9943019943019943,351,9850,6900,2950,0.700507614213198,128,69,59,238.93880418202997,0.4679280287613621,0.8883867422280913,0.13465444097439097,2064232.575800253,18595.052643060633,2082827.6284433138,2585,0,922.7236467236468,71,280,46,39.12333437434934,0.5010386989553657,45.21122685185184,16203.481419489352,228.21804816182186,8
2587,63.34505954800454,3,3,349,0.008522727272727272,0.008522727272727272,0.9914772727272727,352,11350,8100,3250,0.7136563876651982,146,81,65,233.43242358302362,0.4682559435163602,0.8874404227057853,0.13281106349087932,2061986.6206021146,14516.906848584167,2076503.5274506987,2586,0,921.0170454545455,75,277,49,38.89038103423579,0.5034327651515151,44.84649122807018,16162.714207040211,215.5028560938695,0
2588,63.00510169742456,4,0,353,0.0113314447592068,0.0,1.0,353,11750,8300,3450,0.7063829787234043,152,83,69,226.28497684846823,0.46889150892780496,0.8843516098066739,0.12970476357413704,2055467.449879926,10674.280861772073,2066141.730741698,2587,0,919.3484419263456,63,290,48,38.78366467014994,0.5059903210576016,44.56380208333335,16093.783626943119,255.4568829673511,0
2589,62.64981042891394,2,3,352,0.005633802816901409,0.008450704225352112,0.9915492957746479,355,11200,8300,2900,0.7410714285714286,141,83,58,220.4693239008323,0.46912946606190814,0.8805061924748667,0.12665368888260897,2045231.136942023,7982.145196507412,2053213.2821385304,2588,0,915.1633802816901,69,286,42,38.84571612990896,0.5111795774647887,44.47916666666666,16008.331768971399,232.0048082459623,8
2590,62.39933599070925,3,3,352,0.008450704225352112,0.008450704225352112,0.9915492957746479,355,10750,7600,3150,0.7069767441860465,139,76,63,229.0499206795868,0.4689202541046657,0.885357969709192,0.1284796521435357,2022541.945620852,10902.614443118797,2033444.5600639707,2589,0,916.087323943662,72,283,40,39.55916419137291,0.5050176056338028,45.39098173515982,15887.433676972405,220.65880106906118,7
2591,62.655854053427625,5,0,357,0.014005602240896359,0.0,1.0,357,11550,8400,3150,0.7272727272727273,147,84,63,213.3537202050838,0.4691296462405187,0.8781003867630219,0.12097102994258353,2037455.1054046273,3989.7252977828875,2041444.83070241,2590,0,911.9243697478992,83,274,48,39.53668247021638,0.5049603174603174,44.97767857142854,15978.641351794713,192.51375122644234,8
2592,62.954608993440786,4,3,358,0.0110803324099723,0.008310249307479225,0.9916897506925207,361,10050,6900,3150,0.6865671641791045,132,69,63,198.43510189402073,0.47014786601005437,0.87310300290604,0.11153421244388029,2041798.1034505905,-1217.1170589530147,2040580.9863916375,2591,0,902.8088642659279,73,288,45,40.25860599863669,0.5033760387811634,45.31249999999999,16033.751978016908,219.64043805502612,8
2593,63.168613033051805,3,2,359,0.008310249307479225,0.00554016620498615,0.9944598337950139,361,12150,8400,3750,0.691358024691358,159,84,75,193.04153227608163,0.4701074689648097,0.8688874653918868,0.10855846518128272,2049057.0804147976,-5239.376295114807,2043817.7041196828,2592,0,903.5983379501386,78,283,48,40.3758131870028,0.5066943674976916,45.292721518987335,16089.505511068824,206.27571168036954,8
2594,63.449067578341726,3,1,361,0.008287292817679558,0.0027624309392265192,0.9972375690607734,362,11350,8200,3150,0.7224669603524229,145,82,63,189.89574239840178,0.4702152298454773,0.8664779219526051,0.1076547622396469,2063159.0268536897,-5392.976981931388,2057766.0498717583,2593,0,902.0441988950276,86,276,54,40.14057780490477,0.5088052486187845,44.9832375478927,16180.575794433556,188.14623016783204,0
2595,63.841713406890236,5,4,362,0.01366120218579235,0.01092896174863388,0.9890710382513661,366,10650,7800,2850,0.7323943661971831,135,78,57,186.90713931294414,0.47066896224767324,0.8653000110267841,0.10710147791707858,2082574.788934435,-6000.380759000342,2076574.4081754347,2594,0,893.1639344262295,76,290,58,39.80114488992465,0.51183970856102,44.575216450216494,16306.755828402464,214.5625766895061,0
2596,64.19558508858502,4,2,364,0.01092896174863388,0.00546448087431694,0.994535519125683,366,10650,7000,3650,0.6572769953051644,143,70,73,183.42529112875758,0.47129400903261226,0.8620254115122863,0.10590224728672373,2098803.355042612,-6855.276715858145,2091948.078326754,2595,0,891.8661202185792,82,284,53,39.599284253578794,0.514344262295082,44.28965863453819,16415.474977157828,200.18871923363204,0
2597,64.39126532198921,2,2,364,0.00546448087431694,0.00546448087431694,0.994535519125683,366,10550,7300,3250,0.6919431279620853,138,73,65,190.4376340718381,0.4713914776555131,0.8664986023478001,0.10826347922767046,2095546.0500411384,-3935.8336283161843,2091610.2164128223,2596,0,892.860655737705,97,269,54,40.01819292836704,0.5140881147540983,44.8767006802721,16427.712056317832,169.3578562506993,8
2598,64.43893566026108,3,2,365,0.008174386920980926,0.005449591280653951,0.9945504087193461,367,11800,8400,3400,0.711864406779661,152,84,68,189.2236675212475,0.4715614965034271,0.8655522513531948,0.10852769096632822,2102625.4921911145,-5626.69858878595,2096998.7936023285,2597,0,891.3024523160763,82,285,52,39.706767379022345,0.5167461398728428,44.54066265060241,16461.527803270743,200.75033906427734,0
2599,64.74659839379154,3,4,364,0.008152173913043478,0.010869565217391304,0.9891304347826086,368,10600,7800,2800,0.7358490566037735,134,78,56,212.68431595663634,0.4721538349524148,0.879295303094606,0.11982706623448029,2101420.724514634,5187.845866098593,2106608.5703807324,2598,0,889.8478260869565,79,289,47,39.802611965724616,0.506736865942029,45.221354166666664,16496.050661084875,208.81076786183385,8
2600,64.95191626654962,6,0,370,0.016216216216216217,0.0,1.0,370,12000,8700,3300,0.725,153,87,66,205.7881746458553,0.4726774030127689,0.8767818693630733,0.11733927573766104,2115674.2512398423,1076.1484615769896,2116750.3997014193,2599,0,885.8135135135135,72,298,52,39.510654851754545,0.5094876126126127,44.763127853881294,16578.1239477708,230.25172149681669,0
2601,65.02171828859044,1,0,371,0.0026954177897574125,0.0,1.0,371,12050,9100,2950,0.7551867219917012,150,91,59,214.2275250001172,0.472760496345402,0.8818148091493001,0.12300029806186498,2122317.012654377,4681.744177317908,2126998.756831695,2600,0,884.4231805929919,74,297,53,39.026486736247044,0.5117924528301887,44.5,16613.04902273485,224.50066246938985,0
2602,64.85746185193072,2,3,370,0.005361930294906166,0.00804289544235925,0.9919571045576407,373,12250,9200,3050,0.7510204081632653,153,92,61,216.2324180952972,0.4731912493874139,0.8832431286196001,0.12520832061061954,2122266.913764702,4930.581321397389,2127197.4950860995,2601,0,880.6756032171581,79,294,46,38.64802302302306,0.5140471403038427,44.179687500000014,16591.856158917813,210.02349568250398,0
2603,64.5392378196952,3,2,371,0.00804289544235925,0.005361930294906166,0.9946380697050938,373,9900,6700,3200,0.6767676767676768,131,67,64,190.758298053923,0.47345850509767745,0.8693646898023732,0.1094628639266098,2106212.544325507,-4144.4959409287185,2102068.048384578,2602,0,881.6058981233244,80,293,54,39.64814255511927,0.5170073726541555,44.5216049382716,16488.380896682917,206.10476120853644,8
2604,64.38107525919159,1,1,371,0.002688172043010753,0.002688172043010753,0.9973118279569892,372,11750,9000,2750,0.7659574468085106,145,90,55,189.72768857199097,0.4735780825821909,0.868952998286874,0.10950458716616826,2104661.1424391293,-6287.501243547649,2098373.6411955818,2603,0,877.9731182795699,82,290,47,39.45091374627795,0.5189292114695341,44.30220883534136,16462.09873658092,200.75730166562096,0
2605,64.60412319142166,1,2,370,0.002688172043010753,0.005376344086021506,0.9946236559139785,372,12950,10000,2950,0.7722007722007722,159,100,59,190.11467407263302,0.47353385333642484,0.8677718739464946,0.11022112275996054,2114746.495599597,-6941.1318485684005,2107805.3637510287,2604,0,878.9516129032259,86,286,50,39.268737326470145,0.5207493279569892,44.13314176245209,16530.054030180472,192.20993058349387,0
2606,64.16823585709858,3,4,369,0.00804289544235925,0.010723860589812333,0.9892761394101877,373,12550,9200,3350,0.7330677290836654,159,92,67,191.79418621087896,0.47370984558025114,0.8681607237407971,0.11213045682861715,2105644.3417542446,-6379.931404740717,2099264.410349504,2605,0,877.4959785522789,90,283,51,38.90527256479001,0.5231512511170688,43.818681318681314,16438.703279325364,182.6522586591707,0
2607,64.18868977412683,7,2,374,0.018617021276595744,0.005319148936170213,0.9946808510638298,376,11100,7900,3200,0.7117117117117117,143,79,64,189.52505612843657,0.47373433806146575,0.8660621935074402,0.1129203021170678,2117895.7637387956,-6021.137300645014,2111874.6264381506,2606,0,871.3909574468086,86,290,52,38.24681503922942,0.529864804964539,43.1154214559387,16489.08451992209,191.7335409293266,8
2608,64.0757682782338,2,3,373,0.005319148936170213,0.007978723404255319,0.9920212765957447,376,13000,9700,3300,0.7461538461538462,163,97,66,197.29013834199847,0.4737080378250591,0.8713931664119754,0.11824342728444305,2117754.7179300333,-4637.575745032627,2113117.1421850007,2607,0,872.3856382978723,87,289,54,37.8253529772867,0.531748670212766,42.89772727272728,16474.025651080035,189.35661667908087,0
2609,64.25343102443759,1,2,372,0.00267379679144385,0.0053475935828877,0.9946524064171123,374,13000,9900,3100,0.7615384615384615,161,99,62,197.29035131439474,0.4735263652134019,0.8711646427290778,0.1188174384272063,2126563.0093544275,-3889.9273584537877,2122673.081995974,2608,0,878.0,88,286,49,37.64415203348193,0.5336452762923352,42.72003745318352,16531.120327471774,187.85364008490652,0
2610,64.29561380263942,4,2,374,0.010638297872340425,0.005319148936170213,0.9946808510638298,376,11600,8400,3200,0.7241379310344828,148,84,64,192.11094630511343,0.47396498226950357,0.8685121129965558,0.11642095642902615,2131726.7131614606,-4894.392774133337,2126832.320387327,2609,0,872.3696808510638,81,295,53,37.54537475539768,0.5358211436170213,42.49237804878046,16556.61061221155,204.40260015075987,0
2611,63.97554741326467,1,2,373,0.0026666666666666666,0.005333333333333333,0.9946666666666667,375,11850,9000,2850,0.759493670886076,147,90,57,191.2952223396125,0.4739227569815805,0.8649062515298378,0.1123838799750157,2102299.281897054,-6418.038289018405,2095881.2436080356,2610,0,875.5146666666667,82,293,54,38.732947406210776,0.5249166666666667,43.63704819277111,16400.960178347996,200.01170949204874,8
2612,64.45930293109132,5,4,374,0.013227513227513227,0.010582010582010581,0.9894179894179894,378,11250,8100,3150,0.72,144,81,63,184.58476514520245,0.47417915736881255,0.8587875716139812,0.10922866286534863,2122643.3922644868,-8488.473590368158,2114154.918674119,2611,0,869.5449735449736,89,289,43,38.631020836152096,0.52744708994709,43.368055555555586,16542.31624873961,185.8687218959507,0
2613,64.74851058028587,3,3,374,0.007957559681697613,0.007957559681697613,0.9920424403183024,377,11450,8000,3450,0.6986899563318777,149,80,69,169.7430584249763,0.4740303487781477,0.8507809756434879,0.10094742917198725,2135232.1604160597,-14361.832528721789,2120870.3278873377,2612,0,869.8355437665782,102,275,50,38.82437780578093,0.5349801061007957,43.18365695792881,16628.475704649914,163.02427161421485,8
2614,65.08626877760214,1,0,375,0.0026666666666666666,0.0,1.0,375,11050,8200,2850,0.7420814479638009,139,82,57,169.39050834169586,0.47342840166369576,0.8512277988450179,0.10138553389797447,2150323.970446443,-13201.105909347836,2137122.864537095,2613,0,874.1893333333334,108,267,54,38.59301806825789,0.5371944444444444,42.94724770642204,16730.60452580235,154.9130048685403,0
2615,64.53912781978443,1,1,375,0.0026595744680851063,0.0026595744680851063,0.9973404255319149,376,13900,10400,3500,0.7482014388489209,174,104,70,171.76600410326117,0.473353280141844,0.854626137696546,0.10368183819712368,2137405.9990457627,-15673.262479514626,2121732.736566248,2614,0,872.8617021276596,86,290,56,38.21586415445449,0.5392564273049645,42.63649425287354,16610.01619356149,193.13972318094756,0
2616,64.43715814910698,4,7,372,0.010554089709762533,0.018469656992084433,0.9815303430079155,379,12900,9400,3500,0.7286821705426356,164,94,70,165.73298919111286,0.47346673693419516,0.8493645059079484,0.10090746195485312,2139252.050229942,-17791.072616434605,2121460.9776135073,2615,0,866.8416886543536,96,283,49,38.051156490935625,0.5416941512752859,42.32173539518901,16604.05508792767,172.95890716591325,0
2617,64.66394392871278,3,2,373,0.008,0.005333333333333333,0.9946666666666667,375,10800,7200,3600,0.6666666666666666,144,72,72,161.50280787640327,0.47329114676173495,0.8443312344065574,0.09886320973786812,2150040.0395674002,-16352.499312634318,2133687.540254766,2616,0,876.04,101,274,57,37.96149162409408,0.5434722222222222,42.12622549019608,16675.135295587486,165.10034946126225,0
2618,64.73153492643878,1,0,374,0.00267379679144385,0.0,1.0,374,11750,8500,3250,0.723404255319149,150,85,65,160.56714747567162,0.47324455921778896,0.8442097948578511,0.09897646553351076,2156483.043138224,-17297.933836728153,2139185.109301496,2617,0,878.716577540107,104,270,61,37.73036050578425,0.5452595811051694,41.87499999999999,16708.827452886966,160.66180243160545,0
2619,64.83841480020898,1,1,374,0.0026666666666666666,0.0026666666666666666,0.9973333333333333,375,13200,10100,3100,0.7651515151515151,163,101,62,161.94068678459976,0.47316755793226384,0.8479139784946248,0.10040322580645152,2163531.8271875214,-18127.234004982707,2145404.5931825386,2618,0,877.3706666666667,84,291,61,37.48319892473119,0.5471388888888888,41.66666666666666,16749.92382338726,199.40385504032452,0
2620,64.43487471229567,0,2,372,0.0,0.0053475935828877,0.9946524064171123,374,13000,10200,2800,0.7846153846153846,158,102,56,157.27557174732402,0.4730448906347818,0.842621970260671,0.09812295400581647,2153796.9659285736,-20052.07015118678,2133744.8957773866,2619,1,878.2245989304813,92,282,58,37.3761768613181,0.5492424242424243,41.44265232974909,16660.110303075988,181.08815546821725,0
2621,64.10805318883939,2,4,370,0.0053475935828877,0.0106951871657754,0.9893048128342246,374,10600,7400,3200,0.6981132075471698,138,74,64,155.86375797434332,0.472854033156036,0.841020226310073,0.09777498694068673,2146102.792119998,-18500.070764189797,2127602.7213558084,2620,0,877.1497326203208,96,278,55,37.21484402019782,0.5509692513368984,41.24785223367696,16588.096451729754,172.79267137218494,0
2622,64.57072577501651,0,1,369,0.0,0.002702702702702703,0.9972972972972973,370,11750,8700,3050,0.7404255319148936,148,87,61,167.40319973357677,0.4722286310700945,0.8517856877240482,0.10575637820023596,2165771.1030516294,-13238.597491727945,2152532.5055599012,2621,1,887.4324324324324,94,276,51,36.66202743321621,0.5522522522522523,40.99780701754386,16723.959578198097,177.9144635978521,7
2623,64.55889341875773,1,3,367,0.002702702702702703,0.008108108108108109,0.9918918918918919,370,12700,9200,3500,0.7244094488188977,162,92,70,170.33896443625883,0.4717707036304597,0.855005709935287,0.10832409382221558,2169275.338250688,-12797.577061052481,2156477.7611896354,2622,0,888.3810810810811,96,274,55,36.34881593482462,0.5542511261261261,40.76460481099657,16735.950248376474,174.33281508725494,0
2624,65.01718609864314,1,0,368,0.002717391304347826,0.0,1.0,368,9750,6800,2950,0.6974358974358974,127,68,59,166.03522604594338,0.4714639976503574,0.846157525138755,0.10164472922282641,2161827.0770784947,-11562.110517006658,2150264.966561488,2623,0,887.741847826087,97,271,54,37.8420699201737,0.5419497282608696,42.123724489795904,16766.389795271818,172.84937933269916,8
2625,64.54176474753993,2,2,368,0.005405405405405406,0.005405405405405406,0.9945945945945946,370,11150,7900,3250,0.7085201793721974,144,79,65,165.7211970372947,0.47143942723211013,0.8461602882711725,0.10196272042696397,2149038.230994403,-13921.762376139342,2135116.4686182635,2624,0,883.9378378378378,101,269,58,37.66584055562146,0.54375,41.942401960784316,16655.49278396232,164.9058691481418,0
2626,64.66854615345133,3,0,371,0.008086253369272238,0.0,1.0,371,13200,9900,3300,0.75,165,99,66,163.7818489616165,0.47153875573686893,0.8453900296075023,0.10127489983159757,2156267.4107147385,-16768.507323492264,2139498.903391246,2625,0,882.4420485175202,108,263,63,37.532766511237796,0.5460467205750225,41.76223241590215,16699.860991576512,154.62834251459734,0
2627,64.42450851335938,3,0,374,0.008021390374331552,0.0,1.0,374,11450,8300,3150,0.7248908296943232,146,83,63,162.01641678555274,0.4718795847610309,0.8452950873248746,0.10093826133627051,2152610.959497476,-16498.33712178206,2136112.622375694,2626,0,876.355614973262,89,285,61,37.304818670248466,0.5481561942959001,41.493055555555536,16654.18284312352,187.12564992273616,0
2628,64.15878936641141,1,3,372,0.0026666666666666666,0.008,0.992,375,11350,8800,2550,0.775330396475771,139,88,51,171.14646004814034,0.47189780154486033,0.8534615518358697,0.10643785597036975,2142682.4919359223,-13007.495299607439,2129674.996636315,2627,0,875.016,84,291,58,37.13320135299605,0.5488333333333333,41.55637254901961,16581.430256718788,197.39797924665223,7
2629,64.38865408404536,3,4,371,0.008,0.010666666666666666,0.9893333333333333,375,12600,9400,3200,0.746031746031746,158,94,64,165.870212647124,0.4715050505050505,0.8491575123637811,0.1039201669529511,2154743.7318839235,-16118.439798471216,2138625.2920854525,2628,0,875.9706666666667,91,284,48,37.00184727267428,0.5511111111111111,41.293025362318836,16657.793899075506,183.05268020962095,0
2630,64.52955310854428,1,1,371,0.002688172043010753,0.002688172043010753,0.9973118279569892,372,11900,8500,3400,0.7142857142857143,153,85,68,166.26599229597954,0.4710238059009362,0.8466170371230823,0.1045195405631579,2161458.963762112,-14424.576116611102,2147034.3876455007,2629,0,881.3924731182796,94,278,49,36.8698368989621,0.5527273745519714,41.173245614035075,16701.97479306118,177.68058290490617,0
2631,64.27582894342142,2,4,369,0.005361930294906166,0.010723860589812333,0.9892761394101877,373,10850,7200,3650,0.663594470046083,145,72,73,164.79905399512953,0.47094029567490175,0.8452079499725647,0.10428886699386417,2156884.031196571,-14359.510416321065,2142524.52078025,2630,0,878.739946380697,99,274,57,36.66817450743864,0.5548201519213584,40.93749999999999,16651.45693565507,168.19653470358656,0
2632,64.54464287718481,1,1,369,0.002702702702702703,0.002702702702702703,0.9972972972972973,370,11850,8600,3250,0.7257383966244726,151,86,65,167.5178749432474,0.4708205156375888,0.8466656047957946,0.10653223631399301,2168808.477756935,-13187.162529452398,2155621.315227483,2631,0,884.8675675675676,104,266,61,36.42122064470039,0.5567004504504505,40.76388888888887,16732.30221253676,160.88752127439193,0
2633,64.79133913327881,0,0,369,0.0,0.0,1.0,369,11150,7600,3550,0.6816143497757847,147,76,71,171.37040008044892,0.47057417471819646,0.8492778103812897,0.10938444374098018,2179275.028594832,-10257.353292875265,2169017.6753019565,2632,1,888.1436314363143,111,258,58,36.189540227824196,0.5585478771454382,40.63430059523807,16804.650989673777,151.3932521592232,0
2634,64.4673373708278,0,2,367,0.0,0.005420054200542005,0.994579945799458,369,12100,8900,3200,0.7355371900826446,153,89,64,188.8825432235731,0.4703274738816228,0.8629291149461786,0.12009608737270347,2166098.5706879287,-4072.3586191029717,2162026.212068826,2633,2,889.1436314363143,92,277,62,35.874218659983875,0.5592253839205059,40.770609318996435,16711.828585466497,181.65031071159237,8
2635,64.11101234744751,0,1,366,0.0,0.0027247956403269754,0.997275204359673,367,12300,9200,3100,0.7479674796747967,154,92,62,194.9596979900013,0.47011317331983343,0.8634904907384491,0.11914203766055624,2130642.469676828,-2622.1175174268647,2128020.352159401,2634,3,891.983651226158,89,278,47,37.161195286195344,0.5463499091734787,42.1875,16528.620370826302,185.7148356272618,8
2636,64.10597388509797,0,2,364,0.0,0.00546448087431694,0.994535519125683,366,11800,8000,3800,0.6779661016949152,156,80,76,199.09464558399503,0.4698954512563316,0.8646125219719187,0.12225398485033864,2133345.3159538237,-52.47408237838863,2133292.8418714455,2635,4,895.3825136612022,98,268,49,36.87752355316289,0.5483265027322404,42.013888888888914,16538.450901607033,168.7597030776228,0
2637,64.4175858451079,0,0,364,0.0,0.0,1.0,364,11500,8100,3400,0.7043478260869566,149,81,68,191.40090811162213,0.469588492315765,0.8628457714720992,0.11645935851766871,2138207.7244396256,-2449.0199621942756,2135758.7044774313,2636,5,901.0714285714286,88,276,41,37.4139751976015,0.5432119963369964,42.34550561797753,16597.48051023182,188.60773307081615,8
2638,64.34990681243787,0,0,364,0.0,0.0,1.0,364,9700,6600,3100,0.6804123711340206,128,66,62,212.95103567988212,0.4695471826153645,0.8792329040205733,0.13127565870332475,2143809.6241262644,8805.29595163671,2152614.920077901,2637,6,902.0714285714286,85,279,48,36.37572732391722,0.5429258241758241,41.872577519379824,16610.47558236257,195.41735979250083,8
2639,64.43948910542294,1,0,365,0.0027397260273972603,0.0,1.0,365,10800,8200,2600,0.7592592592592593,134,82,52,212.72805410570547,0.4695202343318781,0.8805176943020485,0.13175946917089748,2149622.546166196,7657.004261536871,2157279.550427733,2638,0,900.5972602739726,86,279,48,36.20787558522226,0.5448059360730594,41.702586206896534,16644.553382079514,193.54131839627343,0
2640,64.17405513581978,0,1,364,0.0,0.0027397260273972603,0.9972602739726028,365,11400,7500,3900,0.6578947368421053,153,75,78,210.38719456258607,0.46926558031010085,0.879287299057383,0.13069988700973814,2142546.412660199,5752.865795942399,2148299.2784561417,2639,1,901.5972602739726,72,293,48,36.158816058313555,0.5464041095890411,41.595319634703195,16582.876205116434,230.31772507106157,0
2641,64.55721264045633,0,2,362,0.0,0.005494505494505495,0.9945054945054945,364,10950,7400,3550,0.6757990867579908,145,74,71,176.32025712332285,0.4689551294664931,0.8558513035943274,0.11036035788762243,2159808.424852875,-7586.404638564564,2152222.0202143104,2640,2,905.0384615384615,85,279,48,36.766599550477636,0.5499942765567766,41.32751937984496,16699.174335629647,196.46087453681938,8
2642,64.31669924002611,0,1,361,0.0,0.0027624309392265192,0.9972375690607734,362,11550,8100,3450,0.7012987012987013,150,81,69,176.42180577127348,0.4686891015340036,0.8554233104553373,0.11091708862701705,2154400.2713729595,-7933.362754052113,2146466.9086189074,2641,3,906.5110497237569,89,273,50,36.60263791381596,0.5516517034990792,41.16898148148149,16647.156772045226,187.04670530387895,0
2643,64.1307355480821,0,1,360,0.0,0.002770083102493075,0.997229916897507,361,11500,8600,2900,0.7478260869565218,144,86,58,174.03333698754895,0.46842906791833383,0.8514787048676482,0.11007043521160566,2151683.7962883497,-8807.057757980298,2142876.7385303695,2642,4,909.7285318559557,93,268,55,36.44924281314167,0.5536703601108033,40.95744680851064,16612.5894744234,178.6299943486387,0
2644,63.71004301171043,1,1,360,0.002770083102493075,0.002770083102493075,0.997229916897507,361,10900,7600,3300,0.6972477064220184,142,76,66,200.31217481789747,0.468141479429568,0.8709677419354829,0.1241935483870967,2125880.2546615927,2067.939442737994,2127948.1941043306,2643,0,910.6786703601108,103,258,48,36.49193548387097,0.5485630193905817,41.66666666666667,16458.427778025234,159.7905609517013,8
2645,63.44365137691684,1,0,361,0.002770083102493075,0.0,1.0,361,11300,7600,3700,0.672566371681416,150,76,74,195.41813219326792,0.46808152508464146,0.867929252284636,0.1218834072453385,2120489.506988557,-623.5802417741652,2119865.926746783,2644,0,910.0304709141275,82,279,46,36.400842192126596,0.5503808864265928,41.45331325301206,16403.145858632906,200.0383641296696,0
2646,63.15638142702763,1,4,358,0.0027624309392265192,0.011049723756906077,0.988950276243094,362,10800,6700,4100,0.6203703703703703,149,67,82,193.61716668137336,0.46806592848798356,0.8659405927043293,0.12151331676843746,2114508.5185709298,-1318.9703421339345,2113189.5482287956,2645,0,908.5138121546961,90,272,42,36.221486183609066,0.5521984346224678,41.23168498168498,16342.870404525915,181.58744893917682,0
2647,63.18587455022922,1,0,359,0.002785515320334262,0.0,1.0,359,11800,7900,3900,0.6694915254237288,157,79,78,202.65470918208456,0.4678339765435749,0.8750844628651995,0.1260064490731523,2110066.471778552,1922.9814386296048,2111989.453217182,2646,0,916.6629526462395,70,289,47,36.326639227930734,0.5437267873723306,41.56396713615022,16329.50675179405,233.27866788277214,8
2648,62.908254461231344,2,6,355,0.00554016620498615,0.01662049861495845,0.9833795013850416,361,10700,7300,3400,0.6822429906542056,141,73,68,199.33512637656844,0.4678461962655176,0.8730945044027798,0.12493430615636504,2105424.753481356,1037.0218623118772,2106461.7753436677,2647,0,912.578947368421,77,284,41,36.12216960030282,0.5456486611265005,41.27938034188033,16275.662575820359,211.37224124442025,0
2649,62.65428877352098,1,1,355,0.0028089887640449437,0.0028089887640449437,0.9971910112359551,356,11000,7400,3600,0.6727272727272727,146,74,72,201.4186406388501,0.4674336986337501,0.8729054228881927,0.12655073874709807,2098341.92865817,2329.035773166107,2100670.964431336,2648,0,925.9241573033707,78,278,42,35.979107227769845,0.5469042602996255,41.19198312236286,16215.43222635374,207.89015674812487,0
2650,62.2975177306314,1,1,355,0.0028089887640449437,0.0028089887640449437,0.9971910112359551,356,10400,7500,2900,0.7211538461538461,133,75,58,195.30058153900177,0.4673374281268133,0.869036083482843,0.12321889058101373,2088776.6667329844,-12.14045639003416,2088764.5262765943,2649,0,926.8314606741573,81,275,46,35.98678562668628,0.5483672752808989,41.04420731707317,16132.303086114352,199.16423563104138,0
2651,62.70405202874747,0,3,352,0.0,0.008450704225352112,0.9915492957746479,355,11300,8700,2600,0.7699115044247787,139,87,52,192.2608936692791,0.4673586244396701,0.8667029104609727,0.11768056898218485,2084819.6842707088,-2134.140872561953,2082685.543398147,2650,1,930.3690140845071,80,275,49,37.17179084380618,0.5380281690140845,42.129629629629626,16169.517120376053,202.11896400470067,8
2652,62.96988489393743,0,3,349,0.0,0.008522727272727272,0.9914772727272727,352,11300,8400,2900,0.7433628318584071,142,84,58,191.54611179195973,0.46690023903565575,0.865574515213412,0.11785072264112145,2096693.5663017237,-1377.2999511374346,2095316.2663505862,2651,2,937.5198863636364,82,270,50,36.99978520247704,0.5397727272727273,41.94277108433735,16249.83400086775,198.16870732765548,0
2653,63.18167916417447,0,0,349,0.0,0.0,1.0,349,10150,7000,3150,0.6896551724137931,133,70,63,194.45179075895658,0.4667100994631624,0.8667786098472856,0.12022355909423979,2106611.3505224786,1976.869908448256,2108588.220430927,2652,4,939.3839541547278,82,267,54,36.74568267236913,0.541248806112703,41.76706827309238,16315.590241993692,198.97061270724015,0
2654,63.70050715838936,0,1,348,0.0,0.0028653295128939827,0.997134670487106,349,10300,8000,2300,0.7766990291262136,126,80,46,194.41002140838708,0.4667502387774594,0.8668700546218691,0.12063285683586,2126044.9520048033,2564.8889268897283,2128609.840931693,2653,5,940.3839541547278,70,279,51,36.61449460533786,0.5427710124164279,41.63732394366198,16457.833495587438,235.11190707982055,0
2655,64.12730216196988,1,1,348,0.0028653295128939827,0.0028653295128939827,0.997134670487106,349,9900,6700,3200,0.6767676767676768,131,67,64,203.8075107877281,0.4668836934207204,0.8697853240479063,0.12263921869926953,2121880.245565921,6791.026207689168,2128671.2717736103,2654,0,939.4240687679084,97,252,46,37.507919455692374,0.5348913562559694,42.75085034013607,16496.693951147994,170.06900980564942,8
2656,63.68236347589501,3,0,351,0.008547008547008548,0.0,1.0,351,9500,7200,2300,0.7578947368421053,118,72,46,204.0463226239373,0.4671866096866097,0.8710499229461319,0.1237933043376197,2112068.0461881678,6491.943591243514,2118559.9897794113,2655,0,931.4871794871794,76,275,51,37.19611216164161,0.5368886514719848,42.45129870129869,16401.31000884855,215.8067106427441,0
2657,64.0937033090045,1,3,349,0.002840909090909091,0.008522727272727272,0.9914772727272727,352,10650,7400,3250,0.6948356807511737,139,74,65,199.34510213663222,0.46721286044202714,0.8682415924849338,0.12180040422228111,2129960.9775896175,3869.457724928161,2133830.435314546,2656,0,929.8380681818181,80,272,42,37.05469230641325,0.5388849431818181,42.19393004115224,16523.74575920274,206.54682199003423,0
2658,64.28818070807868,0,2,347,0.0,0.0057306590257879654,0.994269340974212,349,10850,7900,2950,0.728110599078341,138,79,59,200.4126450713839,0.4668751166441612,0.8688198519605934,0.12288830394976263,2138555.794196818,5068.724669543354,2143624.5188663616,2657,1,938.6045845272206,80,269,44,36.8959922554054,0.5402041547277937,42.06532921810698,16582.150726105057,207.27688407631322,0
2659,64.18092269080137,1,1,347,0.0028735632183908046,0.0028735632183908046,0.9971264367816092,348,11150,8300,2850,0.7443946188340808,140,83,57,176.46799127324556,0.4671574290304416,0.8459314059680452,0.10380966220572271,2109855.8216831414,-6285.596254281867,2103570.2254288597,2658,0,940.2816091954023,89,259,51,39.06311125154224,0.5273287835249042,43.58796296296299,16456.76112606513,184.90742838275426,8
2660,64.41008785698348,4,0,351,0.011396011396011397,0.0,1.0,351,10450,8300,2150,0.7942583732057417,126,83,43,185.60679950442523,0.4675953059286393,0.8558874717815126,0.10745960506022945,2107540.701132124,-2415.2231275116765,2105125.478004612,2659,0,933.0626780626781,90,261,46,39.43688100352004,0.5213675213675213,44.18498168498166,16477.067804806007,183.0785311645112,8
2661,64.07581276066614,5,0,356,0.014044943820224719,0.0,1.0,356,9450,5700,3750,0.6031746031746031,132,57,75,182.81148093523328,0.46840200849290503,0.8571849135555913,0.10689282662544759,2102692.059900143,-3770.75011578058,2098921.3097843626,2660,0,920.943820224719,97,259,52,39.130397200785524,0.5238471441947565,43.81377551020405,16415.340552269972,169.2303149718554,0
2662,63.62100970705674,2,0,358,0.00558659217877095,0.0,1.0,358,9450,6000,3450,0.6349206349206349,129,60,69,182.2378754276495,0.46874217564120624,0.8576813008419994,0.10727290139391915,2091840.609972867,-4807.482301053,2087033.127671814,2661,0,916.7932960893854,83,275,50,38.890752695971734,0.5257506983240223,43.56398809523811,16314.71800263185,196.56286750158856,0
2663,63.960124085428085,4,3,359,0.011049723756906077,0.008287292817679558,0.9917127071823204,362,10900,8300,2600,0.7614678899082569,135,83,52,172.9814715209506,0.4690460430663748,0.8517208091638588,0.10285818482832099,2109143.840428736,-10331.438966657232,2098812.401462079,2662,0,907.6519337016574,90,272,48,38.7467498699948,0.5282573664825045,43.18910256410258,16425.65686649025,182.50729851655836,0
2664,63.48497004877222,4,2,361,0.011019283746556474,0.005509641873278237,0.9944903581267217,363,10650,7700,2950,0.7230046948356808,136,77,59,173.45440150874123,0.4692768341374569,0.8534155803967605,0.10406385840390328,2098840.2369860895,-10439.384566222103,2088400.8524198674,2663,0,905.1404958677685,95,268,56,38.40004079106541,0.5304465105601469,42.86024305555558,16324.509767966752,171.8369449259658,0
2665,63.735305091716704,4,3,362,0.010958904109589041,0.00821917808219178,0.9917808219178083,365,11000,7800,3200,0.7090909090909091,142,78,64,172.9921415173053,0.4697228285413217,0.854457299141512,0.10485565705628526,2113268.7675009766,-10884.222061674865,2102384.5454393015,2664,0,894.1342465753424,83,282,52,38.0303139747665,0.5334474885844749,42.48511904761902,16412.789503156964,197.74445184526462,0
2666,63.82781226153744,1,1,362,0.0027548209366391185,0.0027548209366391185,0.9972451790633609,363,11750,7900,3850,0.6723404255319149,156,79,77,171.24495271427892,0.46958979549386376,0.851817206456434,0.10428788546453573,2119162.431108058,-11770.825938205226,2107391.6051698527,2665,0,898.1570247933885,86,277,46,37.900462317628445,0.5353822314049587,42.31321839080458,16447.583518831427,191.25097114920263,0
2667,63.66327147637506,2,3,361,0.005494505494505495,0.008241758241758242,0.9917582417582418,364,12550,9000,3550,0.7171314741035857,161,90,71,168.77125037813872,0.4696747381406472,0.8505797701625459,0.10363391655450836,2118612.8806942515,-13837.81101160142,2104775.0696826503,2666,0,896.0741758241758,89,275,59,37.659825033647394,0.5375744047619048,42.01388888888884,16424.239828800655,184.54202054832197,0
2668,63.33733691618318,2,1,362,0.005509641873278237,0.0027548209366391185,0.9972451790633609,363,10500,7400,3100,0.7047619047619048,136,74,62,182.01551986641962,0.4694439371109386,0.8590085064218671,0.1073389770039314,2083623.7931976772,-7249.626415016474,2076374.1667826609,2667,0,899.228650137741,85,278,56,38.82686208307755,0.5276342975206612,43.49563953488373,16246.303099249206,191.13297763822595,8
2669,63.257675567652484,2,3,361,0.005494505494505495,0.008241758241758242,0.9917582417582418,364,10950,8000,2950,0.730593607305936,139,80,59,179.23336805460332,0.4695370916961826,0.8563841263448599,0.10631544502617818,2084510.5488925213,-9027.230715328431,2075483.318177193,2668,0,897.739010989011,92,272,46,38.67828315881331,0.5293612637362637,43.279569892473134,16239.53767933022,176.51671390576325,0
2670,63.337840762235786,2,3,360,0.005509641873278237,0.008264462809917356,0.9917355371900827,363,11150,8000,3150,0.7174887892376681,143,80,63,177.67402982080287,0.4694284000223227,0.8591759380825388,0.10718827285933338,2097289.2860554336,-9223.232169307408,2088066.0538861263,2669,0,900.8374655647383,80,283,54,38.08457431745872,0.5386248852157943,42.656893004115226,16299.556732164361,203.7444591520545,8
2671,63.855494398113414,0,0,360,0.0,0.0,1.0,360,11150,8000,3150,0.7174887892376681,143,80,63,176.15238328565385,0.4691510626225111,0.8561648344675519,0.10676348514512377,2117210.697289497,-8559.657950914921,2108651.039338582,2670,1,909.0583333333333,84,276,55,37.9516053554149,0.5397569444444444,42.48774509803921,16443.572350337694,195.75681369449634,0
2672,63.438837482017554,0,2,358,0.0,0.005555555555555556,0.9944444444444445,360,11800,8500,3300,0.7203389830508474,151,85,66,188.10750616540994,0.4689632660167131,0.8569382506040584,0.11387493366556731,2102692.9891571417,-4693.533115631649,2097999.45604151,2671,2,910.0583333333333,87,273,53,37.68758716074357,0.5388020833333333,42.530776515151516,16333.548225276569,187.74193362386862,8
2673,63.862349012101234,3,3,358,0.008310249307479225,0.008310249307479225,0.9916897506925207,361,11300,7800,3500,0.6902654867256637,148,78,70,183.2696518338416,0.4691469170001026,0.8530941170753183,0.11169075007986935,2120736.7265572483,-5766.663698522423,2114970.062858726,2672,0,908.5069252077562,93,268,42,37.564141153537456,0.5406855955678671,42.28723404255319,16458.142604448407,176.96927531664954,0
2674,63.40357277516365,1,3,356,0.002785515320334262,0.008356545961002786,0.9916434540389972,359,10600,8100,2500,0.7641509433962265,131,81,50,187.4352184488477,0.46871255504894105,0.8555618732740147,0.11471903033415785,2108037.481976768,-3375.906813465246,2104661.575163303,2673,0,913.9359331476323,93,266,44,37.298739435610905,0.5419568245125348,42.13209219858155,16349.746658666398,175.8037275125419,0
2675,63.214227894601095,1,1,356,0.0028011204481792717,0.0028011204481792717,0.9971988795518207,357,11250,8600,2650,0.7644444444444445,139,86,53,185.438762473143,0.4689181852516287,0.8518567514193855,0.11410978394211736,2104915.3856782033,-4583.419153831053,2100331.9665243723,2674,0,912.2016806722689,99,258,47,37.152020935927446,0.5438550420168067,41.9375,16313.2216860505,164.78001703081313,0
2676,62.95499607684313,0,3,353,0.0,0.008426966292134831,0.9915730337078652,356,9850,7100,2750,0.7208121827411168,126,71,55,184.50936812104214,0.4688220380334441,0.8533685875241726,0.11403507898411563,2098841.1507347436,-3598.8290982984436,2095242.3216364451,2675,1,912.9213483146067,100,256,53,37.015716739225965,0.5453827247191011,41.78011551155115,16256.23181493316,162.56231814933162,0
2677,62.73255947530794,1,0,354,0.002824858757062147,0.0,1.0,354,10700,7900,2800,0.7383177570093458,135,79,56,192.9330288103626,0.468611124448499,0.8612731138938277,0.11898991776856345,2090195.3534615294,-846.4559302638072,2089348.8975312656,2676,0,917.7259887005649,98,256,48,36.875611396429456,0.5476694915254237,41.856060606060616,16194.030031220655,165.24520440021075,8
2678,62.8595469578505,0,0,354,0.0,0.0,1.0,354,12350,8900,3450,0.7206477732793523,158,89,69,193.98185241822645,0.4685859501288392,0.8620444234700653,0.12010108111185677,2096687.6969190352,-1806.1273218276056,2094881.5695972075,2677,1,918.7259887005649,103,251,48,36.70652040433809,0.5491113465160076,41.71674679487181,16235.568283274246,157.62687653664315,0
2679,62.75706889039181,1,0,355,0.0028169014084507044,0.0,1.0,355,10850,7200,3650,0.663594470046083,145,72,73,193.86137572323977,0.4684991777406435,0.8622491722839218,0.12078513663482447,2096930.8665761189,-547.2194818057187,2096383.647094313,2678,0,917.1352112676057,82,273,51,36.47947211703401,0.5507335680751173,41.49096385542169,16223.269390114103,197.8447486599281,0
2680,63.108234915189136,0,2,353,0.0,0.005633802816901409,0.9943661971830986,355,10700,7500,3200,0.7009345794392523,139,75,64,187.16390522075855,0.46847364791384843,0.8605548095877504,0.11117084972751046,2080402.7490101126,-3824.739412653329,2076578.0095974593,2679,1,918.1352112676057,85,270,48,38.42334347532115,0.5331572769953052,43.22916666666666,16204.354069368826,190.63945963963326,8
2681,63.14057549033107,2,0,355,0.005633802816901409,0.0,1.0,355,10900,8000,2900,0.7339449541284404,138,80,58,181.6207687548672,0.4684385029574812,0.8576108418082644,0.10667511024003096,2074719.0831666482,-6537.585032975742,2068181.4981336724,2680,0,919.0450704225352,79,276,53,38.989909250981995,0.5286971830985916,43.64583333333334,16186.349612677632,204.89050142629912,8
2682,63.05162386538469,2,1,356,0.0056022408963585435,0.0028011204481792717,0.9971988795518207,357,11650,9000,2650,0.7725321888412017,143,90,53,174.75712451297753,0.4684552660015317,0.8521927368753226,0.1034972067044372,2076776.3342962533,-10463.707912356818,2066312.6263838965,2681,0,914.890756302521,90,267,49,38.85255924241071,0.5307831465919701,43.337912087912095,16182.961427537302,179.81068252819225,0
2683,63.029096284361195,1,0,357,0.0028011204481792717,0.0,1.0,357,10900,8300,2600,0.7614678899082569,135,83,52,176.73190329183652,0.4683988764044944,0.8539783487492247,0.10522652931932926,2079228.8965847413,-8806.78394543862,2070422.1126393026,2682,0,915.6134453781513,93,264,50,38.60098760372175,0.5326797385620915,43.14051418439717,16189.621263023171,174.08194906476527,0
2684,62.714711249300265,2,0,359,0.005571030640668524,0.0,1.0,359,9750,6700,3050,0.6871794871794872,128,67,61,175.1470065422724,0.4685238713994491,0.8539522434869709,0.10476226924129872,2071583.2877633038,-8983.67766905154,2062599.6100942523,2683,0,911.5069637883008,98,261,54,38.4696011407674,0.534238625812442,42.97138047138048,16119.475656543671,164.48444547493543,0
2685,63.11719586094747,1,1,359,0.002777777777777778,0.002777777777777778,0.9972222222222222,360,10950,7800,3150,0.7123287671232876,141,78,63,162.67607169785398,0.4687316233364283,0.8455924268787809,0.09346555790352304,2060571.0946290512,-15908.877774319531,2044662.2168547316,2684,0,909.9722222222222,81,279,51,40.31729016488525,0.5214699074074074,44.47408536585367,16128.079201511202,199.1120889075457,8
2686,62.7969485501454,4,0,363,0.011019283746556474,0.0,1.0,363,11850,8200,3650,0.6919831223628692,155,82,73,157.71504042539473,0.4695244763049886,0.8417852409466187,0.09123092888979842,2054224.6831928461,-19653.574209479135,2034571.108983367,2685,0,903.3939393939394,88,275,57,40.184100546048015,0.5240185950413223,44.2181647940075,16062.318745492521,182.52634938059683,0
2687,62.664517060313806,3,1,365,0.00819672131147541,0.00273224043715847,0.9972677595628415,366,11400,8000,3400,0.7017543859649122,148,80,68,166.16864239303763,0.4699127616837588,0.8496612770416951,0.09704248715753426,2055643.0373309539,-16283.317448402897,2039359.7198825509,2686,0,896.9808743169399,94,272,60,39.603399686073104,0.5264970400728597,43.85964912280703,16050.911387378681,170.75437646147532,0
2688,62.84449505416936,4,1,368,0.01084010840108401,0.0027100271002710027,0.997289972899729,369,12000,8500,3500,0.7083333333333334,155,85,70,202.1674784187313,0.4703808643611798,0.8665857293922559,0.11579820864901745,2049793.4601155138,-2919.6849778484448,2046873.7751376652,2687,0,890.6639566395664,82,287,53,39.427321343750506,0.5208615627822946,44.59086345381525,16051.058218466329,195.7446124203211,7
2689,63.38482716016817,4,4,368,0.010752688172043012,0.010752688172043012,0.989247311827957,372,11600,8400,3200,0.7241379310344828,148,84,64,193.65765673762473,0.47097806712459783,0.8609506904455753,0.11196439673107039,2073140.569357147,-5704.091050119114,2067436.4783070278,2688,0,884.4462365591398,93,279,49,39.28455372616979,0.5231294802867383,44.23758865248224,16211.456237330061,174.31673373473186,0
2690,63.73759128095029,3,0,371,0.008086253369272238,0.0,1.0,371,11650,8000,3650,0.6866952789699571,153,80,73,194.06564203614627,0.47072861270974475,0.8604354711074338,0.11298042912535777,2088930.3644185003,-4772.077532065314,2084158.286886435,2689,0,887.6037735849056,100,271,55,39.00836891717694,0.5252133872416891,43.976897689768954,16318.295853530277,163.18295853530276,0
2691,63.7343518745323,2,2,371,0.005361930294906166,0.005361930294906166,0.9946380697050938,373,11800,8000,3800,0.6779661016949152,156,80,76,196.93675845733975,0.4710420930746538,0.8701159111115968,0.11336857972192307,2081908.9741042615,-4399.119047332473,2077509.855056929,2690,0,883.8391420911528,87,286,44,39.36735863474276,0.5215315013404827,44.401041666666664,16290.433949180568,187.24636723196053,8
2692,63.42939850591765,2,2,371,0.005361930294906166,0.005361930294906166,0.9946380697050938,373,10850,7900,2950,0.728110599078341,138,79,59,193.134590808698,0.471443577214679,0.868229136770073,0.1118124440932784,2075421.9386899087,-5282.846623146284,2070139.0920667625,2691,0,884.0268096514745,92,281,48,39.246190726389045,0.5236539320822162,44.186827956989234,16226.075632578926,176.3703873106405,0
2693,63.66899118740298,3,0,374,0.008021390374331552,0.0,1.0,374,10850,7300,3550,0.6728110599078341,144,73,71,192.718550410113,0.47112929683206456,0.8683747927753112,0.11225170542844916,2086984.6944030307,-5209.866993311549,2081774.8274097191,2692,0,882.6336898395722,99,275,53,39.02393544887446,0.5257074420677361,43.95833333333332,16301.914618607887,164.6658042283625,0
2694,63.24827693009135,2,1,375,0.005319148936170213,0.0026595744680851063,0.9973404255319149,376,11900,9100,2800,0.7647058823529411,147,91,56,189.04091479939171,0.4713900709219858,0.8679942916450454,0.11072396438250105,2076569.404677417,-8588.684019070199,2067980.7206583468,2693,0,878.9335106382979,93,283,53,38.905826558265616,0.5276484929078014,43.75000000000001,16207.370963335938,174.27280605737567,0
2695,62.84411707537793,3,2,376,0.007936507936507936,0.005291005291005291,0.9947089947089947,378,11150,8200,2950,0.7354260089686099,141,82,59,185.52282951706803,0.4716889113440838,0.8654760826724988,0.10687160179222571,2053247.4118137138,-10565.146092345285,2042682.2657213686,2694,0,873.2989417989418,84,294,49,39.632572670469976,0.5233134920634921,44.37499999999998,16064.52742739336,191.24437413563524,8
2696,62.9775367992161,4,1,379,0.010526315789473684,0.002631578947368421,0.9973684210526316,380,11750,8700,3050,0.7404255319148936,148,87,61,215.12955477978943,0.47185026385224277,0.8843576274077718,0.12195728573635026,2047811.7358303112,358.9654004005206,2048170.7012307118,2695,0,869.578947368421,91,289,49,39.49800389231747,0.5137061403508771,44.98414855072463,16060.270169030155,176.48648537395775,8
2697,62.604297537454364,2,5,376,0.005249343832020997,0.013123359580052493,0.9868766404199475,381,12150,8100,4050,0.6666666666666666,162,81,81,208.43624747127237,0.47175311967583,0.8816629415722552,0.12191746654958563,2054607.1787420749,-2699.0779270945404,2051908.1008149802,2696,0,864.9081364829397,101,280,50,38.46094756912607,0.527969160104987,43.801062091503226,16039.154537603057,158.8035102732976,8
2698,63.0309809175511,2,2,376,0.005291005291005291,0.005291005291005291,0.9947089947089947,378,9050,6200,2850,0.6850828729281768,119,62,57,189.8783364526376,0.47177472644426666,0.8650112604768874,0.11474380320104847,2088126.1882270414,-5352.014615252941,2082774.1736117885,2697,0,871.7962962962963,82,296,57,37.70782545099949,0.541198192239859,42.595381526104404,16224.465595117566,197.85933652582398,8
2699,63.50088575268248,1,1,376,0.002652519893899204,0.002652519893899204,0.9973474801061007,377,11650,8600,3050,0.7381974248927039,147,86,61,185.9660804373553,0.4717352606430009,0.8614968247038068,0.11298140263756862,2106878.9740716503,-8688.395047204158,2098190.579024446,2698,0,874.9336870026525,87,290,53,37.6100925160065,0.542854774535809,42.400568181818166,16357.792089842203,188.02059873381842,0
2700,63.34609127210453,0,3,373,0.0,0.007978723404255319,0.9920212765957447,376,11350,7600,3750,0.6696035242290749,151,76,75,171.26841130703122,0.47142257683215133,0.8498858167475287,0.10566018489880477,2110814.687257215,-14246.824389981384,2096567.8628672336,2699,1,878.2234042553191,104,272,62,37.42386250096071,0.5480939716312057,41.8452380952381,16353.095109947524,157.24129913411082,8
2701,63.78117829198466,1,0,374,0.00267379679144385,0.0,1.0,374,11500,8300,3200,0.7217391304347827,147,83,64,198.85953799918258,0.47128759802726844,0.8679153016475567,0.12264811657446711,2125149.2868351038,-1778.7589281348419,2123370.5279069687,2700,0,882.879679144385,104,270,52,36.72170234297943,0.5457052139037433,41.85515873015875,16464.78214618796,158.31521294411502,8
2702,64.21235961778048,1,2,373,0.0026666666666666666,0.005333333333333333,0.9946666666666667,375,11150,7900,3250,0.7085201793721974,144,79,65,198.20453008780123,0.4711027926322044,0.8672967443037185,0.12292879372700459,2142844.8745788843,-1205.6877166086397,2141639.1868622755,2701,0,881.5226666666666,84,291,49,36.533885173062615,0.5475555555555556,41.65441176470584,16588.979817431522,197.48785496942287,0
2703,64.2233498848851,1,4,370,0.00267379679144385,0.0106951871657754,0.9893048128342246,374,10950,7600,3350,0.6940639269406392,143,76,67,204.14766907501632,0.47085779534821487,0.875177487397178,0.12545970670446713,2137742.54409685,1533.0314919730154,2139275.575588823,2702,0,884.5294117647059,81,293,50,36.71691653127207,0.5417502228163993,41.98424796747966,16570.63591859623,204.57575208143493,8
2704,64.3896500083057,1,4,367,0.0026954177897574125,0.01078167115902965,0.9892183288409704,371,10950,6600,4350,0.6027397260273972,153,66,87,200.2270358330699,0.47042446759427886,0.8723925255166995,0.12370160460813974,2146440.186799734,805.0712391777206,2147245.2580389115,2703,0,892.1401617250674,89,282,55,36.62399890925931,0.5438847708894878,41.79398148148146,16625.79516244538,186.80668721848744,0
2705,64.66853860494395,1,1,367,0.002717391304347826,0.002717391304347826,0.9972826086956522,368,11150,8300,2850,0.7443946188340808,140,83,57,203.31203830241026,0.4697114838782925,0.8742687205209341,0.12615111862913458,2158327.470458419,3012.791468597704,2161340.2619270165,2704,0,900.2255434782609,74,294,56,36.386096477081324,0.5458842844202898,41.63888888888891,16707.83548790519,225.78156064736746,0
2706,64.53299493333915,2,1,368,0.005420054200542005,0.0027100271002710027,0.997289972899729,369,11400,8500,2900,0.7456140350877193,143,85,58,197.8849084085783,0.46986782481049444,0.8710094448324284,0.12378293763769804,2158638.2198223732,232.38528336145555,2158870.605105735,2705,0,898.7235772357724,81,288,54,36.23077411063638,0.5477077687443541,41.34908536585367,16691.518163588942,206.0681254764067,0
2707,64.61999552378012,2,0,370,0.005405405405405406,0.0,1.0,370,9600,6300,3300,0.65625,129,63,66,199.38544749381595,0.4699745477184502,0.8722225243352006,0.12543616127142612,2164946.8959328085,2731.7811291820963,2167678.677061991,2706,0,897.2702702702703,85,285,48,35.984657947686124,0.5492680180180181,41.145833333333336,16727.15509131184,196.79005989778636,0
2708,65.00908035704329,2,1,371,0.005376344086021506,0.002688172043010753,0.9973118279569892,372,12000,8400,3600,0.7,156,84,72,199.50198310357897,0.4700432148412215,0.8745320450213911,0.12659830582916018,2183129.7316317027,707.7421665817537,2183837.4737982843,2707,0,893.4408602150538,91,281,53,35.669835947398305,0.5515512992831542,40.840126811594196,16847.745021426184,185.14005518050752,0
2709,65.28512657807664,0,2,369,0.0,0.005390835579514825,0.9946091644204852,371,11750,8000,3750,0.6808510638297872,155,80,75,201.1115599329445,0.46974393530997305,0.8759561766303612,0.12823661382806673,2195274.355178527,2349.0100101483995,2197623.3651886755,2708,1,896.8409703504043,91,280,54,35.454869600652,0.5531783468104223,40.67028985507246,16930.372952267506,186.04805442052205,0
2710,65.46281914772734,1,4,366,0.002702702702702703,0.010810810810810811,0.9891891891891892,370,12250,8900,3350,0.726530612244898,156,89,67,199.065984570262,0.4694400192875803,0.8757303114237642,0.12551129261776284,2194507.8496784642,1120.373148682599,2195628.2228271468,2709,0,899.7432432432432,79,291,46,35.913247175567435,0.5499155405405405,41.06770833333334,16950.43778088163,214.56250355546368,8
2711,65.54962477159287,0,2,364,0.0,0.00546448087431694,0.994535519125683,366,11650,8600,3050,0.7381974248927039,147,86,61,199.6744379178068,0.469259799885221,0.8722064191974808,0.12204664442108187,2178570.1600965494,2150.954436357094,2180721.1145329066,2710,1,908.3032786885246,74,292,48,37.03256029018298,0.5380806010928962,42.180555555555564,16899.967842153914,228.37794381289072,8
2712,65.67124588535138,1,1,364,0.0027397260273972603,0.0027397260273972603,0.9972602739726028,365,11750,8000,3750,0.6808510638297872,155,80,75,195.4133592502658,0.46922575141753226,0.8691156046393169,0.1200362159607727,2185652.9743343974,671.1579740038051,2186324.132308401,2711,0,911.5479452054794,80,285,51,36.95938424218259,0.5401826484018265,42.001028806584365,16943.1138754105,211.78892344263127,0
2713,66.03896718686885,0,1,363,0.0,0.0027472527472527475,0.9972527472527473,364,12050,8300,3750,0.6887966804979253,158,83,75,197.90923613143931,0.4689880826244463,0.8632328036542429,0.11780968416604752,2178382.12829184,1374.3886025237625,2179756.516894364,2712,1,915.0384615384615,96,268,49,38.0652994954985,0.5325663919413919,43.14862542955328,16962.199497159974,176.6895780954164,8
2714,66.03156145885835,0,0,363,0.0,0.0,1.0,363,12250,8800,3450,0.7183673469387755,157,88,69,198.0798556544232,0.4689914590404294,0.8634001228608368,0.11828690290823053,2180129.017662091,1517.9282253059046,2181646.945887397,2713,2,918.4793388429752,99,264,49,37.941216709230254,0.5340622130394858,43.03125000000002,16968.047808631138,171.39442230940543,0
2715,66.1847176074796,2,2,363,0.005479452054794521,0.005479452054794521,0.9945205479452055,365,12350,8600,3750,0.6963562753036437,161,86,75,193.72788303650677,0.4695832706106679,0.8704661787915686,0.11237493841376314,2166820.3559155497,-1395.2959056136133,2165425.060009936,2714,0,914.4410958904109,85,280,52,39.15613462084639,0.5230308219178081,44.113372093023266,16935.784207553515,199.24452008886487,8
2716,65.64210613747716,2,1,364,0.005479452054794521,0.0027397260273972603,0.9972602739726028,365,10900,7500,3400,0.6880733944954128,143,75,68,193.24024663338577,0.46964222991620247,0.8706622114731322,0.11284152966805537,2153259.5729623847,-680.7178110096156,2152578.855151375,2715,0,913.7698630136987,91,274,55,38.91363127339169,0.5249429223744293,43.86322463768117,16813.357394044542,184.76216916532465,0
2717,65.06860892667297,4,1,367,0.010869565217391304,0.002717391304347826,0.9972826086956522,368,11400,8500,2900,0.7456140350877193,143,85,58,172.22055942704304,0.4705828816688386,0.8548442172060182,0.10068309139349514,2135165.7229695413,-11456.112944148776,2123709.6100253924,2716,0,907.2826086956521,103,265,59,39.408167820046636,0.5249660326086957,43.82011217948714,16669.26893547163,161.8375624803071,8
2718,64.86814119865355,0,1,366,0.0,0.0027247956403269754,0.997275204359673,367,11500,8200,3300,0.7130434782608696,148,82,66,173.33858432541393,0.47056606512708266,0.856241350781487,0.10180028532003825,2131422.087720143,-11008.462542934016,2120413.6251772093,2717,1,910.1062670299727,82,285,55,39.206056823003394,0.526566757493188,43.64959839357432,16628.974047737298,202.7923664358207,0
2719,65.02400648193122,2,3,365,0.005434782608695652,0.008152173913043478,0.9918478260869565,368,10650,7600,3050,0.7136150234741784,137,76,61,171.59569405334034,0.4708236768451605,0.853964322682224,0.10152205039971843,2141115.373279865,-10768.764294752416,2130346.6089851125,2718,0,908.2853260869565,88,280,48,38.97190169965648,0.5287873641304348,43.37546816479403,16686.755221475112,189.62221842585356,0
2720,64.51266948633696,1,1,365,0.00273224043715847,0.00273224043715847,0.9972677595628415,366,10300,7400,2900,0.7184466019417476,132,74,58,176.27003342597493,0.4708320857349602,0.8561133741242157,0.10476569064082843,2127084.285747017,-8511.756370300933,2118572.529376716,2719,0,914.2377049180328,89,277,53,38.679510148585514,0.5301684881602915,43.20601851851853,16566.465253395436,186.140059026915,0
2721,64.88880867256943,0,1,364,0.0,0.0027397260273972603,0.9972602739726028,365,11200,8100,3100,0.7232142857142857,143,81,62,172.32172269086186,0.47071259220231826,0.8523131105223449,0.102868400735131,2142180.8457476534,-10371.141269079137,2131809.7044785745,2720,1,917.6821917808219,92,273,54,38.616450895776126,0.5319063926940639,43.044354838709694,16673.545696207708,181.2341923500838,0
2722,64.68387629324125,3,5,362,0.008174386920980926,0.013623978201634877,0.9863760217983651,367,11700,8700,3000,0.7435897435897436,147,87,60,169.65068054868277,0.4709178317773708,0.8507104910762546,0.101999029431705,2139778.4125965238,-12497.027215923363,2127281.3853806006,2721,0,913.6621253405995,98,269,63,38.41826542856365,0.5342018619436876,42.78198653198655,16637.858163558343,169.77406289345248,0
2723,64.66773378299939,1,0,363,0.0027548209366391185,0.0,1.0,363,11500,8200,3300,0.7130434782608696,148,82,66,169.30045553198292,0.47060351125519384,0.849406662121319,0.10213148410464187,2141295.1109253876,-11595.552458385373,2129699.558467002,2722,0,923.4132231404959,83,280,60,38.30193073759959,0.5362144168962351,42.65873015873013,16641.676729474097,200.50212927077226,0
2724,64.97907539691003,1,1,363,0.0027472527472527475,0.0027472527472527475,0.9972527472527473,364,11800,8500,3300,0.7203389830508474,151,85,66,166.30392170902329,0.47047586252131707,0.8463560569923461,0.10095274069046858,2155421.5179162626,-12908.989726902502,2142512.52818936,2723,0,921.8736263736264,89,275,61,38.14707468320299,0.5381753663003663,42.43055555555553,16736.624350495647,188.05195899433312,0
2725,65.42182659841787,6,6,363,0.016260162601626018,0.016260162601626018,0.983739837398374,369,10850,7500,3350,0.6912442396313364,142,75,67,178.56448724262762,0.47091691704960525,0.8589365666590354,0.10885908109309644,2172725.291825691,-7055.68446921176,2165669.607356479,2724,0,909.3794037940379,88,281,48,37.67323266727211,0.5385614272809395,42.27528089887639,16860.821883159584,191.600248672268,8
2726,65.25525809870496,0,0,363,0.0,0.0,1.0,363,10150,7300,2850,0.7192118226600985,130,73,57,181.2820129566159,0.47011425150551217,0.859356925163038,0.11089205527194428,2169267.394872067,-4100.168003288258,2165167.226868779,2725,1,924.969696969697,87,276,50,37.4776679826776,0.5399162075298438,42.15198863636361,16825.938531771768,193.40159231921572,0
2727,65.17237753941568,0,1,362,0.0,0.0027548209366391185,0.9972451790633609,363,10800,7600,3200,0.7037037037037037,140,76,64,183.72002544744487,0.4699097326859758,0.8615530342081428,0.11291073211566444,2169358.340990151,-3689.0860777335165,2165669.2549124174,2726,2,925.969696969697,88,275,53,37.2423830044606,0.5413223140495868,41.982677902621695,16815.60232743919,191.08639008453622,0
2728,65.19867352991841,1,5,358,0.0027548209366391185,0.013774104683195593,0.9862258953168044,363,10000,6500,3500,0.65,135,65,70,183.2654407526038,0.46980985140201614,0.8614538576857511,0.11301781941354017,2172312.1977008698,-2978.04952721924,2169334.1481736507,2727,0,919.8980716253443,91,272,56,37.128318859014264,0.5429005968778696,41.85914855072461,16830.441098376315,184.9499021799595,0
2729,65.1688054923354,4,0,362,0.011049723756906077,0.0,1.0,362,11100,7800,3300,0.7027027027027027,144,78,66,181.3906714205769,0.46979930288792643,0.8598354183703696,0.11275216521319069,2176110.4885070245,-4554.771480869941,2171555.7170261545,2728,0,923.0745856353591,78,284,58,36.88676718199909,0.5447456261510129,41.57436708860761,16841.289805436274,215.91397186456763,0
2730,64.97558079227197,1,3,360,0.0027548209366391185,0.008264462809917356,0.9917355371900827,363,10300,7200,3100,0.6990291262135923,134,72,62,176.30907086218153,0.4697559472170221,0.8560733471759374,0.11010008686014798,2172428.1605889807,-6296.241898343277,2166131.918690637,2729,0,921.5289256198347,80,283,60,36.85027932497845,0.5461432506887052,41.40946502057615,16802.07019767248,210.025877470906,0
2731,64.92903731525267,1,2,359,0.002770083102493075,0.00554016620498615,0.9944598337950139,361,12000,8500,3500,0.7083333333333334,155,85,70,196.2173970197061,0.4697192084744024,0.8628698162736361,0.11952022196751459,2155847.3969925013,402.9529219147862,2156250.349914416,2730,0,926.7645429362881,87,274,46,37.24946409431943,0.5407721606648199,42.30587121212119,16731.831703989574,192.31990464355832,8
2732,64.42899968062956,1,3,357,0.002777777777777778,0.008333333333333333,0.9916666666666667,360,12400,9000,3400,0.7258064516129032,158,90,68,190.48666132074982,0.469509246363355,0.8587357419952515,0.11678718948067648,2143164.3243880966,-2751.1566371144254,2140413.167750982,2731,0,929.7833333333333,92,268,50,37.15666796942848,0.5427662037037038,42.069892473118266,16618.17881547414,180.63237842906673,0
2733,64.54235106030303,0,1,356,0.0,0.0028011204481792717,0.9971988795518207,357,11500,8300,3200,0.7217391304347827,147,83,64,197.60573838011248,0.4689063827778302,0.8632525778954534,0.12180022397692297,2150143.599459933,2076.1427189098868,2152219.742178843,2732,1,938.140056022409,93,264,54,36.77656198571812,0.5445553221288515,41.87721631205671,16659.851321449736,179.1381862521477,0
2734,64.75922143173904,1,3,354,0.0028011204481792717,0.008403361344537815,0.9915966386554622,357,12050,8600,3450,0.7136929460580913,155,86,69,194.85232949559713,0.468853271645737,0.8622554850080566,0.12085400897620809,2161115.6229219,769.6826871327303,2161885.3056090325,2733,0,939.1260504201681,76,281,53,36.61918975057165,0.5463060224089635,41.653138528138555,16730.34160825123,220.13607379277934,0
2735,64.86793275059425,1,2,353,0.0028169014084507044,0.005633802816901409,0.9943661971830986,355,10450,7300,3150,0.6985645933014354,136,73,63,189.97512074875416,0.468800893875494,0.8574947869751162,0.11870821081041041,2169202.5752163813,968.9042310489895,2170171.4794474305,2734,0,942.8338028169014,81,274,55,36.47419523856308,0.5484154929577465,41.38719512195125,16775.678035271987,207.10713623792577,0
2736,64.47062367124542,1,2,352,0.002824858757062147,0.005649717514124294,0.9943502824858758,354,9700,6500,3200,0.6701030927835051,129,65,64,189.128279044808,0.46879751444439105,0.8567402994369002,0.1189216547098963,2159635.766811283,1189.6391881270283,2160825.40599941,2735,0,945.3474576271186,84,270,52,36.26889904202767,0.5503177966101696,41.16421568627453,16687.304443141962,198.6583862278805,0
2737,64.1851996468351,0,3,349,0.0,0.008522727272727272,0.9914772727272727,352,10650,8000,2650,0.7511737089201878,133,80,53,192.162553646896,0.4683643661508245,0.8601139589650921,0.12141571214729999,2152925.9255391317,1692.3487328422434,2154618.274271974,2736,2,951.6789772727273,84,268,54,36.01549562337355,0.551461884469697,40.99264705882356,16624.43865852786,197.90998403009357,0
2738,64.038968546174,0,0,349,0.0,0.0,1.0,349,8850,5400,3450,0.6101694915254238,123,54,69,190.29607062632758,0.46779969315724185,0.8576712266697568,0.12054238361745924,2149511.863981473,3158.7322960703204,2152670.5962775433,2737,3,960.2607449856733,89,260,55,35.9722594478692,0.5530981375358166,40.90277777777781,16592.31886429012,186.43054903696762,0
2739,64.45252356191455,0,0,349,0.0,0.0,1.0,349,11100,8100,3000,0.7297297297297297,141,81,60,190.01595305881338,0.4676988302649057,0.8623629568878424,0.11671927674604675,2145084.1440937025,620.041606262479,2145704.185699965,2738,4,961.2607449856733,83,266,53,37.099104782504206,0.5423531518624642,42.00148809523809,16628.655167480523,200.34524298169305,8
2740,64.1699330101419,0,1,348,0.0,0.0028653295128939827,0.997134670487106,349,12100,8900,3200,0.7355371900826446,153,89,64,187.2489004633636,0.4675979673725697,0.8598779860981336,0.11268157750382324,2123324.9098820393,-2381.949059623037,2120942.9608224165,2739,5,962.2607449856733,102,247,51,37.93178571896584,0.5374283667621776,42.74878640776701,16507.793142991395,161.84110924501368,8
2741,64.46253700404665,2,1,349,0.005714285714285714,0.002857142857142857,0.9971428571428571,350,10650,7700,2950,0.7230046948356808,136,77,59,182.45776646662725,0.4676127370719061,0.8563245492371714,0.1105479408591915,2137134.5471122786,-2662.6407790455914,2134471.906333233,2740,0,960.44,79,271,52,37.80171251348436,0.5391964285714286,42.49999999999999,16599.10327854197,210.115231373949,0
2742,64.170699932196,2,4,347,0.005698005698005698,0.011396011396011397,0.9886039886039886,351,11000,8500,2500,0.7727272727272727,135,85,50,176.26684467849296,0.4676227784561118,0.8514697638416424,0.1073879008872396,2130780.0756661706,-6082.823871705103,2124697.2517944654,2741,0,958.6638176638177,83,268,43,37.75669481738125,0.5408950617283951,42.299107142857125,16536.846667794616,199.2391164794532,0
2743,64.65566133305974,1,3,345,0.0028735632183908046,0.008620689655172414,0.9913793103448276,348,9950,6600,3350,0.6633165829145728,133,66,67,175.9396896374454,0.46713500088332394,0.8507365939088953,0.10742790628515678,2148232.4761828333,-3958.128974262604,2144274.3472085707,2742,0,967.014367816092,84,264,45,37.68273116234848,0.5419959291187739,42.21813725490195,16667.056815452263,198.41734304109838,0
2744,64.32889817613244,0,3,342,0.0,0.008695652173913044,0.991304347826087,345,11250,8300,2950,0.7377777777777778,142,83,59,181.11718705663273,0.46671125435344346,0.850994773946099,0.11261149307702165,2148219.4318518303,-2434.1078645195093,2145785.3239873108,2743,1,974.9710144927536,81,264,55,36.88433936295716,0.5482185990338164,41.565040650406516,16624.836185152977,205.2448911747281,8
2745,63.93615889987824,1,0,343,0.0029154518950437317,0.0,1.0,343,11100,7800,3300,0.7027027027027027,144,78,66,182.45433415369746,0.46654440807233505,0.8541069772686714,0.11221152236750459,2128626.596365195,-2024.570339667689,2126602.026025527,2744,0,981.0145772594752,85,258,54,37.24926461384402,0.5452198736637512,41.95736434108526,16498.2549564317,194.09711713449062,8
2746,64.40875042281161,0,1,342,0.0,0.0029154518950437317,0.9970845481049563,343,11000,7200,3800,0.6545454545454545,148,72,76,185.1395633429245,0.46647372399252096,0.8561256731015223,0.11448764926004085,2147637.0927279266,-77.48128665739569,2147559.611441269,2745,1,982.0145772594752,88,255,57,36.97926108895332,0.54692055393586,41.76029962546814,16632.896410684738,189.01018648505385,0
2747,64.31429468286038,1,0,343,0.0029154518950437317,0.0,1.0,343,9400,6600,2800,0.7021276595744681,122,66,56,183.86628632179352,0.4663806625407055,0.8509556724312306,0.11160863041059231,2133342.350846311,449.94710062218746,2133792.297946933,2746,0,982.935860058309,82,261,57,37.69642596111676,0.5411200194363459,42.43222891566261,16565.289530325397,202.015725979578,8
2748,64.13750698330092,0,1,342,0.0,0.0029154518950437317,0.9970845481049563,343,11500,7700,3800,0.6695652173913044,153,77,76,180.56680508296762,0.4662190481873618,0.8480903293699513,0.11025738513868354,2131039.1781398784,-3141.012819330922,2127898.1653205473,2747,1,983.935860058309,88,255,48,37.562050699962086,0.5430332847424684,42.21676029962543,16533.574336460493,187.88152655068743,0
2749,64.58186502199301,4,2,344,0.011560693641618497,0.005780346820809248,0.9942196531791907,346,10200,7400,2800,0.7254901960784313,130,74,56,186.76436388603696,0.46647329032978696,0.8551366700970453,0.11524166601181453,2152105.6069809697,987.3269406742229,2153092.933921644,2748,0,976.3468208092486,96,250,55,37.0169509151414,0.5457008670520231,41.83848797250857,16672.551923632935,173.6724158711764,0
2750,64.17252946181422,4,2,346,0.011494252873563218,0.005747126436781609,0.9942528735632183,348,11300,7800,3500,0.6902654867256637,148,78,70,188.04194891687007,0.46677356266631337,0.853576923973018,0.11224155677852421,2118474.0213276297,-1227.6032599578357,2117246.418067672,2749,0,965.0316091954023,91,257,51,38.21623189683032,0.5337045019157088,43.04800724637684,16489.259325253926,181.20065192586733,8
2751,63.67628464848004,2,1,347,0.005747126436781609,0.0028735632183908046,0.9971264367816092,348,11550,8000,3550,0.6926406926406926,151,80,71,188.99626120099796,0.46681324323429063,0.8562119347523605,0.11345096785121694,2105498.0826581097,-1563.7468823486088,2103934.335775761,2750,0,964.6149425287356,94,254,55,37.979682769794934,0.5355004789272031,42.83991228070178,16374.998945842293,174.20211644513077,0
2752,63.9313605058476,1,1,347,0.0028735632183908046,0.0028735632183908046,0.9971264367816092,348,11450,8600,2850,0.7510917030567685,143,86,57,185.72990342162794,0.46684774807601004,0.8536700828344101,0.11220212591320824,2117768.0996773075,-2383.4270755062425,2115384.6726018013,2751,0,964.9022988505748,81,267,53,37.82614417793571,0.5374760536398467,42.60670731707315,16455.503386299242,203.1543627938178,0
2753,63.94867970212494,2,1,348,0.0057306590257879654,0.0028653295128939827,0.997134670487106,349,10400,7200,3200,0.6923076923076923,136,72,64,182.19239140351178,0.46672622380309364,0.8515477951444566,0.11077105447491759,2122181.93558687,-2870.9196324194872,2119311.0159544507,2752,0,963.1174785100286,83,266,45,37.67975330926595,0.5393982808022922,42.373511904761884,16474.873769985577,198.4924550600672,0
2754,63.94250247714727,0,1,347,0.0,0.0028735632183908046,0.9971264367816092,348,10800,7600,3200,0.7037037037037037,140,76,64,182.6325364046834,0.4664483545331081,0.8525470477037222,0.11157060826673348,2124837.8485218217,-2787.0948551583006,2122050.7536666635,2753,1,966.8850574712644,83,265,50,37.49163219330738,0.54115780651341,42.19990079365078,16484.3834821107,198.6070299049482,0
2755,63.68644281670567,1,0,348,0.0028735632183908046,0.0,1.0,348,11200,8700,2500,0.7767857142857143,137,87,50,182.76407934452368,0.4665472109046342,0.8522822445561138,0.11215434472551537,2119003.674163802,-3344.4488727584394,2115659.2252910435,2754,0,967.5977011494252,89,259,53,37.32240069394589,0.5428639846743295,42.03703703703702,16428.7434895686,184.59262347829886,0
2756,63.47708714915604,0,4,344,0.0,0.011494252873563218,0.9885057471264368,348,10150,7300,2850,0.7192118226600985,130,73,57,185.38073882291462,0.4664126420219285,0.8554460464326852,0.11431558767283313,2114917.121460986,-1337.020294866873,2113580.101166119,2755,1,968.5977011494252,90,258,56,37.07586877152527,0.5443606321839081,41.86126373626371,16385.89505838603,182.0655006487337,0
2757,63.92133190919874,5,5,344,0.014326647564469915,0.014326647564469915,0.9856733524355301,349,10550,7400,3150,0.7014218009478673,137,74,63,199.44525115816654,0.4661766239611808,0.863918388833746,0.12514188035237622,2139982.5881118462,5011.872952014221,2144994.4610638604,2756,0,958.512893982808,82,267,44,36.07911371940372,0.5479942693409743,41.23995983935743,16540.286411946057,201.71080990178118,0
2758,64.35979571656958,1,1,344,0.002898550724637681,0.002898550724637681,0.9971014492753624,345,10200,7300,2900,0.7156862745098039,131,73,58,199.0264815539043,0.46579668014829795,0.8633357935888288,0.1254346860554019,2157287.7875924036,6671.479612745003,2163959.2672051485,2757,0,969.5217391304348,81,264,48,35.92916952866911,0.5490036231884058,41.08231707317075,16663.889180578357,205.72702692072045,0
2759,64.12012503339862,1,2,343,0.002898550724637681,0.005797101449275362,0.9942028985507246,345,10600,6900,3700,0.6509433962264151,143,69,74,201.512882081538,0.46543260588697905,0.864159045368313,0.1275177471467548,2151638.2762028007,7116.566046916634,2158754.842249717,2758,0,970.4753623188406,82,263,52,35.718337208926776,0.5505434782608696,40.93875502008035,16611.03941942052,202.5736514563478,0
2760,64.17547679672019,0,1,342,0.0,0.0029154518950437317,0.9970845481049563,343,11500,7600,3900,0.6608695652173913,154,76,78,199.39864093484036,0.4650483209156679,0.8629009917828734,0.12682137252963424,2156471.8375206264,5899.510723174708,2162371.348243801,2759,1,969.7172011661808,84,259,54,35.59058964419652,0.5520529640427599,40.75980392156865,16636.86318820867,198.05789509772225,0
2761,64.50117485681629,2,2,342,0.005813953488372093,0.005813953488372093,0.9941860465116279,344,10350,7700,2650,0.7439613526570048,130,77,53,233.8059313215399,0.4651210463421249,0.8792666916729186,0.14495967741935484,2152278.7860208517,21493.109205839763,2173771.8952266914,2760,0,967.4476744186046,74,270,46,35.62668010752689,0.5421814437984496,41.66666666666667,16662.803504677562,225.17302033348057,8
2762,64.29964125284732,2,0,344,0.005813953488372093,0.0,1.0,344,9200,6700,2500,0.7282608695652174,117,67,50,231.7171133502864,0.4647391348566004,0.8766128070630117,0.14459057092602112,2149375.8127439893,21609.431766792717,2170985.244510782,2761,0,967.25,76,268,49,35.4453338914177,0.5441497093023255,41.436688311688314,16625.528182706606,218.75694977245536,0
2763,64.49326235858616,1,2,343,0.002898550724637681,0.005797101449275362,0.9942028985507246,345,10750,8200,2550,0.7627906976744186,133,82,51,229.27335210832916,0.4646180906639703,0.8747568277972815,0.14405639123259828,2159949.635516205,19293.7786639927,2179243.4141801978,2762,0,965.4434782608696,80,265,43,35.25703933747412,0.5461050724637682,41.190843621399175,16691.44682312945,208.64308528911812,0
2764,64.06225109997635,1,1,343,0.0029069767441860465,0.0029069767441860465,0.997093023255814,344,9950,7400,2550,0.7437185929648241,125,74,51,223.80103051922364,0.4644234354871517,0.8704524191392673,0.14109195402298846,2147494.9447975117,17372.316336100965,2164867.2611336126,2763,0,968.9389534883721,83,261,45,35.27658045977009,0.5475411821705427,41.07142857142856,16587.54715981526,199.84996578090676,0
2765,63.82377070761976,0,3,340,0.0,0.008746355685131196,0.9912536443148688,343,9450,6200,3250,0.656084656084656,127,62,65,227.21277067316984,0.46407792440284384,0.8720628432351909,0.14376087277043212,2141613.1411690544,19270.371103018155,2160883.5122720725,2764,1,972.2332361516035,84,259,47,35.05753583424005,0.5490767735665695,40.943627450980394,16533.95452191635,196.83279192757558,0
2766,63.92838351069244,1,1,340,0.002932551319648094,0.002932551319648094,0.9970674486803519,341,9850,7000,2850,0.7106598984771574,127,70,57,232.77378173904583,0.46405899603243056,0.8734198443526855,0.14794168642943248,2147747.0276984344,21937.839571231656,2169684.867269666,2765,0,970.8152492668622,90,251,48,34.75141679546624,0.5515334799608993,40.7852564102564,16571.17953983089,184.12421710923212,0
2767,63.794813545092055,0,0,340,0.0,0.0,1.0,340,12050,8800,3250,0.7302904564315352,153,88,65,227.97323331053406,0.46406638614147727,0.870618672223046,0.14560750117035648,2146131.483530261,17802.10668198618,2163933.5902122473,2766,1,972.4088235294117,77,263,48,34.69828510871992,0.5533088235294117,40.61164529914533,16547.63172390938,214.90430810271923,0
2768,63.87789534069798,0,0,340,0.0,0.0,1.0,340,11100,8400,2700,0.7567567567567568,138,84,54,207.90855976458272,0.46416344930302506,0.8614270598340903,0.126645685020032,2120965.6763354177,9093.38381540177,2130059.0601508194,2767,2,973.4088235294117,79,261,47,36.946981372004096,0.5393075980392157,42.304687499999986,16461.03420166339,208.36752154004293,8
2769,63.89013670147446,1,0,341,0.002932551319648094,0.0,1.0,341,10700,8400,2300,0.7850467289719626,130,84,46,197.67237604007795,0.46428612500718763,0.8650966519400916,0.1217659523773052,2128048.2980387616,5231.272680272863,2133279.5707190344,2768,0,971.5513196480938,84,257,49,36.79757608850483,0.5447214076246334,41.89950980392155,16490.075601344943,196.31042382553503,8
2770,63.945984454396275,1,0,342,0.0029239766081871343,0.0,1.0,342,9750,6900,2850,0.7076923076923077,126,69,57,194.61153103860528,0.46426560454574034,0.8632690002807475,0.12014933566136465,2131240.419686329,4802.7922173023535,2136043.211903631,2769,0,969.7076023391813,88,254,51,36.79431675657705,0.5464181286549707,41.818820224719076,16509.64970832766,187.60965577645067,0
2771,63.648666132261866,3,1,344,0.008695652173913044,0.002898550724637681,0.9971014492753624,345,11350,8100,3250,0.7136563876651982,146,81,65,195.40948941651413,0.46432844624199526,0.8654840226305314,0.12211099114150356,2128463.8524362408,2834.406929214774,2131298.2593654557,2770,0,962.2666666666667,73,272,52,36.33155526525874,0.5489734299516909,41.385135135135144,16460.491190623838,225.48618069347722,0
2772,63.99296424651804,0,0,344,0.0,0.0,1.0,344,10300,7200,3100,0.6990291262135923,134,72,62,193.49502402193357,0.4639027434063326,0.8628272570843463,0.12139214678409344,2142301.8057159446,3804.9478718481196,2146106.7535877926,2771,1,966.0406976744187,78,266,47,36.23793993749149,0.5503573158914729,41.24472573839664,16558.51701442084,212.28867967206205,0
2773,63.92887068942535,1,1,344,0.002898550724637681,0.002898550724637681,0.9971014492753624,345,11150,8200,2950,0.7354260089686099,141,82,59,190.37526510395594,0.4637277412650264,0.8611636962028595,0.11996323043311298,2142750.081105807,1435.322948408535,2144185.404054215,2772,0,964.2376811594203,80,265,50,36.15891819400987,0.5518719806763285,41.087962962962976,16551.954135676508,206.89942669595635,0
2774,63.47171322309306,0,2,342,0.0,0.005813953488372093,0.9941860465116279,344,11200,7600,3600,0.6785714285714286,148,76,72,190.09395262224658,0.4634678622279476,0.8609358782805057,0.12014927755634333,2129190.4322613054,949.2450308049165,2130139.6772921104,2773,1,968.0319767441861,81,263,53,36.0568906326631,0.5533551356589148,40.980691056910594,16440.399296479645,202.96789254913142,0
2775,63.47280806384639,0,1,341,0.0,0.0029239766081871343,0.9970760233918129,342,10850,7700,3150,0.7096774193548387,140,77,63,192.539626190994,0.46291062149508666,0.8591643703078633,0.12231777004915113,2132191.6639293423,2856.277188101939,2135047.941117444,2774,2,974.6549707602339,94,248,52,35.80981993034112,0.5559515107212476,40.80043859649123,16452.124011198106,175.02259586380964,7
2776,63.068761692116304,1,2,340,0.0029239766081871343,0.005847953216374269,0.9941520467836258,342,11600,8900,2700,0.7672413793103449,143,89,54,174.8370057085021,0.46276092132416413,0.8464439885628956,0.10934652568949237,2109556.9808943383,-6234.274817793124,2103322.706076545,2775,0,973.2485380116959,86,256,45,36.83329861432585,0.5519919590643274,41.355363984674334,16312.396911794754,189.67903385807855,8
2777,63.170152210093406,1,1,340,0.002932551319648094,0.002932551319648094,0.9970674486803519,341,10800,7800,3000,0.7222222222222222,138,78,60,187.0247978134601,0.46237241964234377,0.8546339119204838,0.11416095469594466,2098691.8300864943,-498.51696106282816,2098193.3131254315,2776,0,976.7859237536657,86,255,46,37.40845681019402,0.5431940371456501,42.22940613026819,16283.407650037067,189.34194941903567,8
2778,63.12475038961224,1,1,340,0.002932551319648094,0.002932551319648094,0.9970674486803519,341,10050,7500,2550,0.746268656716418,126,75,51,185.67956607351076,0.46239577942613996,0.852983435242773,0.11389746565123084,2100077.163759446,-261.716702451542,2099815.4470569943,2777,0,977.5806451612904,91,250,49,37.26205630175869,0.5449657869012707,42.0516304347826,16282.926442211769,178.93325760672272,0
2779,63.062093100654096,1,2,339,0.002932551319648094,0.005865102639296188,0.9941348973607038,341,10000,7300,2700,0.73,127,73,54,199.70172040422688,0.46233720027600483,0.8597739576132368,0.11948462811934393,2083233.8910725594,5005.0784103164615,2088238.969482876,2778,0,978.3225806451613,94,247,52,37.82740380513608,0.5381537145650048,42.96052631578948,16209.447220016844,172.4409278725196,8
2780,62.983299294318044,1,2,338,0.0029411764705882353,0.0058823529411764705,0.9941176470588236,340,9550,6800,2750,0.7120418848167539,123,68,55,199.17347611678275,0.4622167635490775,0.8595706487336225,0.11962283923322112,2082895.743682757,5421.517131629563,2088317.2608143867,2779,0,974.3794117647059,101,239,54,37.69833981919021,0.5396139705882352,42.820669934640534,16198.002717818812,160.37626453285952,0
2781,63.203169995577035,2,3,337,0.0058823529411764705,0.008823529411764706,0.9911764705882353,340,10250,7600,2650,0.7414634146341463,129,76,53,194.50510442471042,0.46253596940251024,0.8573055660164206,0.11768553343329531,2094567.2170307953,3230.803054629243,2097798.0200854247,2780,0,974.3941176470588,78,262,55,37.54257362355955,0.5418198529411764,42.55010548523204,16271.649448360104,208.61089036359107,0
2782,62.820399120037806,1,0,338,0.0029585798816568047,0.0,1.0,338,10700,7900,2800,0.7383177570093458,135,79,56,192.30158951996464,0.46234980305398016,0.8553341819623643,0.11694358431947163,2084871.3188695635,1884.8137126399197,2086756.1325822035,2781,0,980.3343195266273,81,257,48,37.410990171424835,0.5434541420118344,42.365345528455265,16184.711821055373,199.81125705006633,0
2783,62.6317629819804,1,1,338,0.0029498525073746312,0.0029498525073746312,0.9970501474926253,339,11100,8200,2900,0.7387387387387387,140,82,58,186.62169345276388,0.46241228988846417,0.8511626924620377,0.11434514783320514,2083011.0015825501,-1152.9918807861995,2081858.009701764,2782,0,978.4395280235988,87,252,49,37.27969524508904,0.5454768928220255,42.092803030302996,16153.1824319528,185.66876358566438,0
2784,62.97800567228267,1,2,337,0.0029498525073746312,0.0058997050147492625,0.9941002949852508,339,11950,9600,2350,0.803347280334728,143,96,47,189.30904852474177,0.4623566528774153,0.852370270433231,0.1166064796887349,2097628.545676077,-329.98717194589335,2097298.5585041307,2783,0,979.4306784660766,92,247,53,37.01585080067695,0.5471976401179941,41.90188172043007,16254.504757016022,176.67939953278284,0
2785,63.35628148351835,1,0,338,0.0029585798816568047,0.0,1.0,338,10400,7400,3000,0.7115384615384616,134,74,60,190.97944602688818,0.4622256143954957,0.8522065329126047,0.11816214922626016,2112858.3100393894,2702.50191692485,2115560.8119563144,2784,0,982.9142011834319,97,241,52,36.808856717564545,0.5488473865877712,41.74107142857139,16362.325374203048,168.68376674436132,0
2786,63.47463885097245,1,1,338,0.0029498525073746312,0.0029498525073746312,0.9970501474926253,339,10050,6700,3350,0.6666666666666666,134,67,67,171.6053282630251,0.4621981055779558,0.8379353624647479,0.10540397296155603,2112502.723105186,-5346.65534900015,2107156.067756186,2785,0,981.0117994100295,101,238,56,37.57632209159639,0.5458456243854474,42.00367647058823,16376.223460908033,162.1408263456241,8
2787,63.615118712939655,1,0,339,0.0029498525073746312,0.0,1.0,339,10150,6600,3550,0.6502463054187192,137,66,71,173.39264738680205,0.4618239194056076,0.8408998612096643,0.10711452329222067,2120573.5231915507,-4411.628567091848,2116161.894624459,2786,0,981.6519174041298,103,236,60,37.3198226592705,0.5478736479842674,41.796875,16425.622448926988,159.47206261094163,0
2788,63.46380647639144,0,2,337,0.0,0.0058997050147492625,0.9941002949852508,339,11050,7600,3450,0.6877828054298643,145,76,69,172.92154109312105,0.46185591977797563,0.8410827106408694,0.10718332046094028,2117509.9678042163,-5617.382617449479,2111892.585186767,2787,1,982.6519174041298,110,229,60,37.20907351569977,0.5495022123893805,41.67605105105106,16394.221104313387,149.03837367557625,0
2789,63.015840481961995,1,4,334,0.0029585798816568047,0.011834319526627219,0.9881656804733728,338,11200,8000,3200,0.7142857142857143,144,80,64,196.76227302373746,0.46176159874516415,0.8536530405421199,0.11928124398137468,2089501.8580096029,3427.027013857676,2092928.8850234605,2788,0,981.405325443787,81,257,58,37.41264634306761,0.541913214990138,42.479674796747936,16227.859733870946,200.34394733174008,8
2790,62.734582805791234,3,3,334,0.008902077151335312,0.008902077151335312,0.9910979228486647,337,10550,7500,3050,0.7109004739336493,136,75,61,195.37404398958336,0.4619696728839904,0.8533389089081396,0.11959043406330594,2085856.0658990152,3554.4269549783785,2089410.4928539935,2789,0,984.6350148367952,87,250,49,37.09017098921277,0.5448503956478734,42.128314393939384,16177.472613922313,185.94796107956682,0
2791,62.72805850499856,0,3,331,0.0,0.008982035928143712,0.9910179640718563,334,10550,8000,2550,0.7582938388625592,131,80,51,198.46540917447822,0.4613243483003962,0.8551184891166332,0.12184186670022346,2087366.9790999948,5504.028320874778,2092871.0074208695,2790,1,993.745508982036,90,244,51,36.901539690287095,0.5465943113772456,42.02152014652014,16182.48917727963,179.805435303107,0
2792,62.85567541870872,3,0,334,0.008982035928143712,0.0,1.0,334,9750,7300,2450,0.7487179487179487,122,73,49,199.91787739371276,0.4615343262424101,0.862485563065102,0.12223706995628308,2089235.6586085972,6985.111648856728,2096220.770257454,2791,0,994.2125748502993,80,254,44,37.01369145593296,0.5418226047904191,42.16820987654319,16206.19131262452,202.5773914078065,8
2793,62.87536249845813,0,0,334,0.0,0.0,1.0,334,9700,7400,2300,0.7628865979381443,120,74,46,200.48240658553493,0.46136143628658594,0.8598767249067538,0.12364593673125879,2094953.4283423207,7500.260999736313,2102453.689342057,2792,1,995.2125748502993,87,247,53,36.680728784543845,0.5464695608782435,41.85606060606058,16230.893766173811,186.56199731234264,8
2794,63.36734217745827,2,0,336,0.005952380952380952,0.0,1.0,336,9050,6500,2550,0.7182320441988951,116,65,51,186.62238393593395,0.4618945821487799,0.8514781683416683,0.11623408654153129,2117116.628949848,2770.2704730059013,2119886.8994228537,2793,0,990.2827380952381,82,254,54,36.679391011636,0.550812251984127,41.50351405622491,16380.235276469766,199.75896678621666,8
2795,63.687856213571415,1,3,334,0.002967359050445104,0.008902077151335312,0.9910979228486647,337,10700,7800,2900,0.7289719626168224,136,78,58,183.31551930245743,0.46183315376100986,0.8483746601060873,0.11479018220160198,2130986.5168208503,28.57999150998694,2131015.0968123605,2794,0,988.3412462908012,87,250,43,36.56939233092339,0.5528560830860534,41.31155303030303,16475.31261471817,189.37140936457664,0
2796,63.3880693769957,0,2,332,0.0,0.005988023952095809,0.9940119760479041,334,7750,5800,1950,0.7483870967741936,97,58,39,180.42598163234902,0.4613915936894979,0.8445369181131706,0.11327104045438796,2122453.3171284795,2039.1446423482485,2124492.461770828,2795,2,998.1017964071856,90,244,46,36.551178838412916,0.5536739021956087,41.220238095238095,16403.549500981462,182.26166112201625,0
2797,62.95444255235459,0,1,331,0.0,0.0030120481927710845,0.9969879518072289,332,9950,7100,2850,0.7135678391959799,128,71,57,180.2242595218237,0.46104584501146584,0.8443891861767883,0.11378055445880954,2111176.4184083557,-252.95865448380846,2110923.459753872,2796,3,1002.6626506024096,91,241,50,36.353861539806736,0.5551581325301205,41.021286231884055,16303.860558197524,179.16330283733544,0
2798,62.782373261859235,1,1,331,0.0030120481927710845,0.0030120481927710845,0.9969879518072289,332,9150,5900,3250,0.644808743169399,124,59,65,177.42873032221289,0.4608354111309285,0.8425731066775972,0.11239396216915902,2107345.3995484533,-769.2762815524111,2106576.123266901,2797,0,1003.644578313253,93,239,55,36.30489678228763,0.5564759036144578,40.9020390070922,16266.784898443386,174.91166557466005,0
2799,62.396711699208666,3,1,333,0.008982035928143712,0.0029940119760479044,0.9970059880239521,334,9200,6800,2400,0.7391304347826086,116,68,48,175.55791049760833,0.46115838892785005,0.8447428569026219,0.11022023972322716,2089287.1495454684,-2641.822719258361,2086645.3268262101,2798,0,998.311377245509,85,249,48,36.67539394648567,0.5558258483033932,41.218507751938,16147.114164893412,189.96604899874603,8
2800,62.89894387031628,0,0,333,0.0,0.0,1.0,333,11650,8900,2750,0.7639484978540773,144,89,55,178.65148722809496,0.460855810629907,0.8468212964652424,0.11263898142258844,2108554.2713041157,-2910.7287060735434,2105643.542598042,2799,1,1002.3063063063063,86,247,49,36.44214911063844,0.5574637137137137,41.06800766283525,16286.5488522445,189.37847502609884,0
2801,63.228036024182764,0,1,332,0.0,0.003003003003003003,0.996996996996997,333,11150,8200,2950,0.7354260089686099,141,82,59,180.30512722046223,0.4606692535909403,0.8480332349685826,0.11402681696301685,2121344.419564954,-1252.1449103846207,2120092.2746545696,2800,2,1003.3063063063063,89,244,49,36.290035819072735,0.5588088088088088,40.96064814814815,16378.54947056986,184.02864573674,0
2802,63.41932112406165,0,1,331,0.0,0.0030120481927710845,0.9969879518072289,332,11100,8000,3100,0.7207207207207207,142,80,62,181.4549709305827,0.4608602461204334,0.849347615140825,0.11537345734113796,2130885.28925333,-168.05435642569864,2130717.2348969043,2801,3,1007.210843373494,92,240,53,36.066763163958974,0.5607115963855422,40.77060931899643,16440.151972393476,178.69730404775518,0
2803,63.73965181168816,2,2,331,0.006006006006006006,0.006006006006006006,0.993993993993994,333,10300,7400,2900,0.7184466019417476,132,74,58,178.24393536002006,0.46076875067838924,0.8474332528208008,0.11397300709159512,2144927.0414540884,-435.9526142199102,2144491.0888398685,2802,0,1004.5915915915916,78,255,55,35.948115205421416,0.5625312812812813,40.57225738396623,16535.83398463818,211.99787159792535,0
2804,64.05218086149814,1,0,332,0.0030120481927710845,0.0,1.0,332,10200,7900,2300,0.7745098039215687,125,79,46,178.8009434124856,0.4603544464868538,0.8472097225836177,0.11495647915959399,2158629.032945463,592.9815136460038,2159222.014459109,2803,0,1002.7319277108434,80,252,55,35.73864011624065,0.5643511546184738,40.380658436213984,16629.185020986646,207.8648127623331,0
2805,64.36771406903199,0,2,330,0.0,0.006024096385542169,0.9939759036144579,332,10100,7000,3100,0.693069306930693,132,70,62,178.32234474138107,0.46008998228563797,0.8407842394392882,0.11193384754931657,2155167.749434413,362.9132780302016,2155530.662712443,2804,1,1003.7319277108434,84,248,47,36.610962461324775,0.555660140562249,41.22549019607844,16656.723655412778,198.29432923110448,8
2806,64.54884202944966,0,1,329,0.0,0.0030303030303030303,0.996969696969697,330,11100,7800,3300,0.7027027027027027,144,78,66,173.66316570203333,0.4596903687329219,0.8349050839426206,0.10936329101840425,2163156.4496515705,-1967.880608947362,2161188.569042623,2805,2,1010.739393939394,87,243,50,36.614361864264666,0.5570075757575758,41.110321969696976,16711.02893023316,192.08079230153055,0
2807,64.19241677426749,1,1,329,0.0030303030303030303,0.0030303030303030303,0.996969696969697,330,10750,7800,2950,0.7255813953488373,137,78,59,175.94505189262856,0.45966523134076326,0.8366346885944871,0.1115065774733541,2154951.2199213463,-919.3991569709033,2154031.8207643754,2806,0,1008.2545454545455,91,239,54,36.32642378559468,0.5590593434343434,40.88541666666668,16633.191325624062,182.78232225960508,0
2808,64.41698173017441,1,1,329,0.0030303030303030303,0.0030303030303030303,0.996969696969697,330,11400,9100,2300,0.7982456140350878,137,91,46,173.34847762913648,0.4599025974025974,0.8354102697759831,0.11030133624481943,2164845.017353002,-2345.4823877667786,2162499.5349652353,2807,0,1004.6212121212121,95,235,59,36.25020054688265,0.5607323232323232,40.7443576388889,16700.46597742039,175.79437870968832,0
2809,64.78775704407887,1,2,328,0.0030303030303030303,0.006060606060606061,0.9939393939393939,330,10300,7800,2500,0.7572815533980582,128,78,50,174.0294511378848,0.459656596358724,0.8365705245223336,0.11111111111111129,2179310.831429004,-447.1464295124715,2178863.6849994916,2808,0,1005.5636363636364,100,230,58,36.11111111111116,0.5623737373737374,40.62500000000001,16804.324483307984,168.04324483307985,0
2810,64.74549662796895,3,1,330,0.00906344410876133,0.0030211480362537764,0.9969788519637462,331,10100,6900,3200,0.6831683168316832,133,69,64,175.15692392352219,0.45935030058897125,0.8379690826591968,0.11284500081344806,2183199.4127280265,180.49868901702393,2183379.9114170433,2809,0,1002.1873111782477,88,243,58,35.760320894177056,0.5647029204431018,40.308988764044976,16813.82349229156,191.06617604876774,0
2811,64.55495687128804,1,2,329,0.0030211480362537764,0.006042296072507553,0.9939577039274925,331,10100,7200,2900,0.7128712871287128,130,72,58,172.54084684363045,0.4590573407793952,0.8342720746563541,0.11169203849623699,2179565.700782537,-1087.177647129285,2178478.523135408,2810,0,1002.4229607250755,94,237,51,35.658941305540345,0.5663393756294058,40.14254385964915,16775.086873823147,178.4583709981186,0
2812,64.66151796014947,1,1,329,0.0030303030303030303,0.0030303030303030303,0.996969696969697,330,9700,6600,3100,0.6804123711340206,128,66,62,180.24423266007503,0.45852944336986895,0.8403589898245261,0.11670706520448247,2183305.4064037944,3005.6415279686153,2186311.047931763,2811,0,1006.0727272727273,86,244,50,35.450166635950346,0.5681186868686869,40.13409961685822,16803.323584854857,195.38748354482394,8
2813,64.54627836300138,0,1,328,0.0,0.00303951367781155,0.9969604863221885,329,9900,7000,2900,0.7070707070707071,128,70,58,163.60859866783815,0.458135255269726,0.8257906101824362,0.10380224331107132,2167479.1492493376,-4776.354749911123,2162702.7944994266,2812,1,1010.1185410334347,93,236,58,36.606659254824876,0.5605686423505573,40.84663120567378,16727.385480908255,179.8643600097662,8
2814,64.20559251465005,1,1,328,0.00303951367781155,0.00303951367781155,0.9969604863221885,329,9850,7500,2350,0.7614213197969543,122,75,47,164.0944934950069,0.4579155546494675,0.8267870861716242,0.10467298161528645,2159197.1538423556,-4787.527336875111,2154409.6265054806,2813,0,1011.1033434650456,97,232,58,36.40121009057746,0.5621833839918946,40.65688775510206,16651.27818627721,171.66266171419804,0
2815,63.72682862782299,1,0,329,0.00303951367781155,0.0,1.0,329,10050,7600,2450,0.7562189054726368,125,76,49,183.0072252198052,0.4579703832752613,0.8464365462005135,0.11636912337123037,2141261.0601828033,2523.2490190542867,2143784.3092018575,2814,0,1011.9392097264438,101,228,55,36.02384047694085,0.5618034447821683,40.76797385620914,16520.03490490861,163.56470202879814,8
2816,63.46063253942101,0,0,329,0.0,0.0,1.0,329,11150,8000,3150,0.7174887892376681,143,80,63,163.25119600470092,0.4578167086762053,0.8235861751537163,0.10042687668316089,2112945.000101128,-7961.840328267124,2104983.159772861,2815,1,1012.9392097264438,110,219,54,37.73547167066702,0.5515767477203648,41.94819819819821,16376.130570279745,148.8739142752704,8
2817,63.44169505308288,0,1,328,0.0,0.00303951367781155,0.9969604863221885,329,9400,6700,2700,0.7127659574468085,121,67,54,168.01793128713555,0.45765376726715595,0.8310737120563956,0.1020167158613904,2104562.231998251,-4479.161502923384,2100083.0704953275,2816,2,1013.9392097264438,90,239,58,38.09439160963472,0.5456876899696048,42.422161172161175,16341.174703347897,181.56860781497664,8
2818,63.157271688210486,3,2,329,0.00906344410876133,0.006042296072507553,0.9939577039274925,331,9550,6400,3150,0.6701570680628273,127,64,63,163.99058044261585,0.4577069791571302,0.8277040139708378,0.1000966143112738,2098239.537093321,-6931.6960808842905,2091307.8410124367,2817,0,1008.7341389728097,95,236,47,38.00373239041361,0.5478033736153072,42.23090277777777,16279.992906088604,171.36834637988005,0
2819,63.219482052748496,1,2,328,0.0030303030303030303,0.006060606060606061,0.9939393939393939,330,9400,6300,3100,0.6702127659574468,125,63,62,160.13602662024095,0.45731440545270335,0.8228186986508907,0.0982031584262858,2103074.5990004116,-8044.398006023797,2095030.2009943877,2818,0,1012.0636363636364,102,228,50,37.93055283277786,0.5498737373737373,42.06108414239481,16306.764661765197,159.87024178201173,0
2820,63.46377114966782,1,2,327,0.00303951367781155,0.0060790273556231,0.993920972644377,329,10250,7600,2650,0.7414634146341463,129,76,53,157.0792942247391,0.45737267403069165,0.8198073346751931,0.09681612326214743,2114185.2337428336,-9631.055124662736,2104554.178618171,2819,0,1011.0151975683891,107,222,55,37.82430934409484,0.5522733029381965,41.87885802469134,16381.341083211792,153.09664563749337,0
2821,63.975310733857384,2,1,328,0.0060790273556231,0.00303951367781155,0.9969604863221885,329,10150,7100,3050,0.6995073891625616,132,71,61,154.95562143648988,0.45757615773346183,0.8183266133351221,0.09602225204099119,2134421.5434175013,-9801.876666461781,2124619.6667510397,2820,0,1011.8966565349544,110,219,56,37.68270604761561,0.5538247213779128,41.68543543543544,16525.754535099102,150.23413213726457,0
2822,64.25514918629766,2,3,327,0.006060606060606061,0.00909090909090909,0.990909090909091,330,10750,7900,2850,0.7348837209302326,136,79,57,155.52249185858844,0.45793305394369227,0.8201471252902759,0.09702274812953383,2147749.8769956823,-9945.317448131282,2137804.559547551,2821,0,1004.9666666666667,93,237,61,37.42392422424137,0.5559343434343434,41.44503546099289,16613.487819311704,178.6396539710936,0
2823,64.23187878420983,1,0,328,0.003048780487804878,0.0,1.0,328,11400,8300,3100,0.7280701754385965,145,83,62,187.3849286172496,0.45765990558414754,0.8495617914915896,0.11321390255454387,2127786.768387318,2743.034341396753,2130529.802728715,2822,0,1006.390243902439,78,250,54,37.77961340778307,0.5459540142276422,42.602848101265806,16533.102660160257,211.9628546174392,8
2824,64.54683199380648,1,2,327,0.00303951367781155,0.0060790273556231,0.993920972644377,329,10250,7500,2750,0.7317073170731707,130,75,55,186.3865673526079,0.4577035763708701,0.8494545951299484,0.11300003061568115,2140313.9476925246,3735.1539534631265,2144049.101645988,2823,0,1004.3282674772037,80,249,53,37.67696629213481,0.5474290780141844,42.476851851851826,16622.30337803453,207.7787922254316,0
2825,64.73339628738262,3,4,326,0.00909090909090909,0.012121212121212121,0.9878787878787879,330,10400,7300,3100,0.7019230769230769,135,73,62,181.97747662141873,0.4582938043044426,0.8460935831389744,0.11109709287025236,2150720.163272844,1876.525646238837,2152596.688919083,2824,0,1002.1939393939394,85,245,45,37.53289164552205,0.5492424242424243,42.223837209302296,16686.726499370925,196.31442940436384,0
2826,64.34832707834695,0,1,325,0.0,0.003067484662576687,0.9969325153374233,326,10300,7600,2700,0.7378640776699029,130,76,54,168.27031589129047,0.45741485763725026,0.8310222961645153,0.10264955392127369,2137461.50620748,-3565.7354289992436,2133895.770778481,2825,1,1015.2423312883435,88,238,49,37.91473677837314,0.5491756134969326,42.251872659176016,16585.660801958686,188.47341820407598,8
2827,64.37758667793948,2,0,327,0.0061162079510703364,0.0,1.0,327,10000,7300,2700,0.73,127,73,54,162.37235467786826,0.45758561440373224,0.8245141900367374,0.0994229474009055,2140684.794125611,-5882.393870943533,2134802.4002546673,2826,0,1013.1284403669724,94,233,52,37.9289085420299,0.5507135575942915,42.11622807017544,16601.934880246245,176.6163285132579,0
2828,64.6096376110378,1,0,328,0.003048780487804878,0.0,1.0,328,10500,7600,2900,0.7238095238095238,134,76,58,161.46313016549777,0.4576193095646553,0.8238707207699905,0.09946485642791668,2152036.0917937164,-6605.103277972571,2145430.988515744,2827,0,1011.0365853658536,98,230,58,37.73075485799704,0.552464430894309,41.89814814814814,16675.867114885838,170.16190933556976,0
2829,64.54592202493862,0,0,328,0.0,0.0,1.0,328,9450,6800,2650,0.7195767195767195,121,68,53,176.71721777751807,0.4576332947962507,0.8337514018452696,0.10422356436577278,2123436.819832007,-0.4306145889877371,2123436.389217418,2828,1,1012.0365853658536,92,236,59,38.959452280104216,0.5360137195121951,43.49238351254481,16556.520612602206,179.9621805717631,8
2830,64.8726713178551,4,2,330,0.012048192771084338,0.006024096385542169,0.9939759036144579,332,9000,6400,2600,0.7111111111111111,116,64,52,173.14276747099905,0.45843039833048205,0.8322460264864688,0.10268199418467291,2137604.6455192026,-1377.8431831880334,2136226.8023360143,2829,0,1000.8313253012049,98,234,45,38.842237751728334,0.5380271084337349,43.287037037037045,16653.655669329048,169.93526193192906,0
2831,64.90738584593046,2,1,331,0.006024096385542169,0.0030120481927710845,0.9969879518072289,332,10650,7400,3250,0.6948356807511737,139,74,65,197.64613441183232,0.458736190987515,0.8590381086525876,0.11833414684389522,2144604.6341961017,7724.563158113147,2152329.1973542147,2830,0,1001.8072289156627,86,246,55,37.85504968172647,0.5366779618473896,42.935823754789304,16685.36367471434,194.0158566827249,8
2832,64.50158044509482,6,3,334,0.017804154302670624,0.008902077151335312,0.9910979228486647,337,10400,7500,2900,0.7211538461538461,133,75,58,190.51386012185432,0.4597320103857567,0.8561662793927065,0.11519822828912502,2137215.800031169,3633.846395470916,2140849.64642664,2831,0,987.9139465875371,76,261,55,37.66871179077548,0.5394720573689417,42.57305194805195,16604.444998507963,218.47953945405214,0
2833,64.7949433705674,3,2,335,0.008902077151335312,0.005934718100890208,0.9940652818991098,337,10250,7100,3150,0.6926829268292682,134,71,63,192.20752740383563,0.4594379975036503,0.8570462183563652,0.11712350315199249,2151632.241805506,5061.9826159616505,2156694.2244214676,2832,0,985.1424332344213,79,258,43,37.338318512530336,0.541635756676558,42.291666666666664,16698.196864456637,211.36958056274224,0
2834,64.90311388979546,1,6,330,0.002976190476190476,0.017857142857142856,0.9821428571428571,336,9950,6900,3050,0.6934673366834171,130,69,61,194.27306037148844,0.45906368455342333,0.8572642130704569,0.11890325003888441,2157889.7544960314,6693.969310044567,2164583.723806076,2833,0,989.0625,84,252,45,37.12267924468521,0.5432167658730158,42.13235294117646,16736.41326555234,199.24301506609928,0
2835,64.39411802843188,2,1,331,0.006024096385542169,0.0030120481927710845,0.9969879518072289,332,10300,7600,2700,0.7378640776699029,130,76,54,188.8065782751923,0.4587314514857011,0.8523647904298326,0.11402458834036436,2132904.8936975617,3841.294953089322,2136746.188650651,2834,0,1001.2620481927711,80,252,53,37.75877718930083,0.5452434738955823,42.61831275720162,16573.86674666957,207.1733343333696,8
2836,64.76885494699017,1,0,332,0.0030120481927710845,0.0,1.0,332,11150,7800,3350,0.6995515695067265,145,78,67,184.65792991379183,0.45874889285237624,0.8481317052051609,0.11218665189234885,2148948.586228913,1814.0794848400137,2150762.665713753,2835,0,1001.5993975903615,87,245,52,37.64379039916673,0.5475652610441767,42.40056818181818,16684.42023385889,191.77494521676886,0
2837,65.109616888144,1,0,333,0.003003003003003003,0.0,1.0,333,9850,7000,2850,0.7106598984771574,127,70,57,184.50557625600385,0.45877692451487634,0.8479956705486928,0.11285913209986526,2164399.9527340257,3418.7721055319707,2167818.7248395574,2836,0,999.5885885885886,91,242,43,37.39612150353491,0.5494244244244244,42.153532608695656,16788.284707809173,184.48664514076015,0
2838,65.13833062865872,0,4,329,0.0,0.012012012012012012,0.987987987987988,333,9000,6400,2600,0.7111111111111111,116,64,52,184.10109391081028,0.458631070829866,0.8483289804462435,0.11276742982964666,2166194.970346211,4159.772732966623,2170354.7430791776,2837,1,1000.5885885885886,92,241,45,37.35559174809988,0.5505818318318318,42.10349462365592,16798.94783518,182.59725907804346,0
2839,65.31471400613322,0,1,328,0.0,0.00303951367781155,0.9969604863221885,329,10500,7500,3000,0.7142857142857143,135,75,60,171.80161143161072,0.4578228865495342,0.831811949236887,0.10347567430965603,2161739.7648084876,-2021.9249820219848,2159717.8398264656,2838,2,1013.1702127659574,120,209,57,38.29677775547083,0.5488221884498481,42.71694214876034,16804.3693421772,140.03641118481,8
2840,65.73096830530787,2,0,330,0.006060606060606061,0.0,1.0,330,10350,7100,3250,0.6859903381642513,136,71,65,166.21208222104,0.45790714899757456,0.8272742913673694,0.10107938005642078,2181475.8832044587,-3832.470227520809,2177643.412976938,2839,0,1011.0787878787879,93,237,44,38.082596742512166,0.5509785353535354,42.36480496453901,16934.61083920774,182.09258966890044,0
2841,65.14797645779402,1,2,329,0.0030211480362537764,0.006042296072507553,0.9939577039274925,331,10700,7900,2800,0.7383177570093458,135,79,56,168.9984473342699,0.458092633281455,0.827433375064953,0.10334889457393172,2165529.2403142997,-3705.784145984362,2161823.4561683154,2840,0,1009.0211480362537,102,229,46,37.80479832646923,0.5526812688821752,42.16221682847897,16797.60982798807,164.6824492940007,0
2842,64.87654227155322,0,0,329,0.0,0.0,1.0,329,9300,6100,3200,0.6559139784946236,125,61,64,172.5752605294087,0.45783485617910885,0.8318613032681914,0.10596976741599272,2158988.611862755,-582.3955655514337,2158406.2162972037,2841,1,1016.0182370820669,104,225,50,37.56168685509196,0.5537613981762918,42.0138888888889,16737.246842973713,160.93506579782417,0
2843,64.51613731165625,2,2,329,0.006042296072507553,0.006042296072507553,0.9939577039274925,331,10450,7900,2550,0.7559808612440191,130,79,51,175.2125907135561,0.45819638988067996,0.8380699762693555,0.10825677997918089,2150707.9604316885,-1283.7772768990053,2149424.1831547893,2842,0,1010.8731117824774,108,223,52,37.26675364249848,0.555702416918429,41.790902140672785,16658.653612611262,154.24679270936355,0
2844,64.56032486878705,0,0,329,0.0,0.0,1.0,329,9700,6200,3500,0.6391752577319587,132,62,70,193.3511968879545,0.4577363963229298,0.8475110487987918,0.11813955650940453,2145475.1190228118,7466.036431276985,2152941.155454089,2843,1,1017.9604863221884,86,243,48,37.20876679670568,0.547998986828774,42.1934865900383,16644.072259036337,193.53572394228297,8
2845,64.8608337917953,1,0,330,0.0030303030303030303,0.0,1.0,330,10450,7500,2950,0.7177033492822966,134,75,59,194.16771806850312,0.4576191243744436,0.8501832589574192,0.1192157337511394,2158400.5765831536,7368.342926577672,2165768.9195097312,2844,0,1015.8727272727273,88,242,52,37.00860856546591,0.5498737373737373,42.017790262172255,16732.94122704515,190.14705939824034,0
2846,64.94475773589728,0,0,330,0.0,0.0,1.0,330,9500,6400,3100,0.6736842105263158,126,64,62,192.97082875693835,0.45741476313284823,0.8495082108228569,0.11880721750829878,2162857.266774566,7973.671850490411,2170830.9386250563,2845,1,1016.8727272727273,90,240,53,36.938278038972136,0.5512941919191919,41.91849816849815,16761.040612563298,186.23378458403664,0
2847,64.94717467046297,1,2,329,0.0030211480362537764,0.006042296072507553,0.9939577039274925,331,9900,7400,2500,0.7474747474747475,124,74,50,186.9113643355699,0.4575753761176722,0.8442711045559972,0.11553549736254166,2165340.783219088,4845.360008585481,2170186.143227673,2846,0,1014.797583081571,95,236,57,36.94865815054487,0.552870090634441,41.775173611111086,16770.97290372898,176.53655688135768,0
2848,64.60151724817125,3,2,330,0.009036144578313253,0.006024096385542169,0.9939759036144579,332,9900,6600,3300,0.6666666666666666,132,66,66,184.42929777719212,0.45749463109234517,0.8428079128742041,0.11462338611329859,2157075.9339732127,3265.5999509520007,2160341.5339241647,2847,0,1004.816265060241,83,249,56,36.81383663643485,0.5550326305220883,41.57986111111111,16694.333059705346,201.1365428880162,0
2849,64.59520512135269,0,0,330,0.0,0.0,1.0,330,9050,6400,2650,0.7071823204419889,117,64,53,184.21712354092818,0.45703904546989654,0.8420806642133478,0.11483441252504588,2158651.5392128984,4482.115456199554,2163133.654669098,2848,1,1011.7333333333333,85,245,56,36.710355759620185,0.5564078282828283,41.47286821705426,16699.613106954355,196.46603655240418,0
2850,64.54335105256382,2,1,331,0.006024096385542169,0.0030120481927710845,0.9969879518072289,332,10750,7700,3050,0.7162790697674418,138,77,61,182.82231886870142,0.45737652270714274,0.8393423728090872,0.1147015963926446,2160753.804368587,1856.8042038063795,2162610.6085723937,2849,0,1006.6325301204819,90,242,46,36.512478802624756,0.5582643072289157,41.24313186813186,16701.035377097083,185.56705974552315,0
2851,64.86972814860322,0,0,331,0.0,0.0,1.0,331,10200,7400,2800,0.7254901960784313,130,74,56,164.29584065478312,0.45726334340382674,0.8278145510035086,0.1053081991372531,2184379.9692967143,-4623.091326984217,2179756.87796973,2850,1,1010.6737160120846,90,241,52,36.22395718465589,0.5679128902316213,40.48763736263741,16834.496415487716,187.04996017208575,8
2852,64.33303047790831,1,1,331,0.0030120481927710845,0.0030120481927710845,0.9969879518072289,332,10400,6900,3500,0.6634615384615384,139,69,70,177.32505058656378,0.4573378483723413,0.8337348936115252,0.11204265296984406,2157894.2508885744,-270.25856014661076,2157623.9923284277,2851,0,1008.6265060240963,104,228,56,36.3992039477044,0.5621548694779117,40.992063492063465,16662.76547338504,160.21889878254845,6
2853,64.75556824929912,0,2,329,0.0,0.006042296072507553,0.9939577039274925,331,10250,7400,2850,0.7219512195121951,131,74,57,174.79503484470933,0.4571641643016265,0.8317041093265825,0.110800653547549,2173978.8311261884,-449.8588923284169,2173528.97223386,2852,1,1012.6374622356495,106,225,58,36.348793377665835,0.563412638469285,40.87811526479748,16779.584891857237,158.29797067789846,0
2854,65.18768062791077,1,2,328,0.0030303030303030303,0.006060606060606061,0.9939393939393939,330,9100,6500,2600,0.7142857142857143,117,65,52,175.08778278907081,0.4569189232753062,0.833301678902324,0.11145613589820796,2191002.4370619524,1623.5517581246058,2192625.988820077,2853,0,1016.4121212121212,109,221,60,36.189651131645896,0.5650568181818182,40.72916666666664,16901.26427946544,155.05747045381136,0
2855,65.09543122220774,2,2,328,0.006060606060606061,0.006060606060606061,0.9939393939393939,330,9550,6400,3150,0.6701570680628273,127,64,63,177.66314631239953,0.4564365156120475,0.8372551575696738,0.11363163203918454,2190707.289721716,2291.5899482943732,2192998.8796700104,2854,0,1017.3666666666667,83,247,61,35.953756592259765,0.5670770202020202,40.562996031746046,16888.163648311187,203.47185118447214,0
2856,65.32335607009074,0,1,327,0.0,0.003048780487804878,0.9969512195121951,328,10250,7800,2450,0.7609756097560976,127,78,49,182.83450662842083,0.4560700566868054,0.84664003774655,0.11228131090984576,2173922.17109708,3643.5975202238433,2177565.768617304,2855,1,1024.2073170731708,90,238,47,37.29312716301359,0.5495426829268293,42.010073260073256,16852.767846928822,187.25297607698693,8
2857,64.9603909780916,0,1,326,0.0,0.0030581039755351682,0.9969418960244648,327,7550,5000,2550,0.6622516556291391,101,50,51,179.5332848333875,0.45616561290282237,0.8443567591581895,0.11068817769583303,2164219.901618069,4759.901607856314,2168979.803225925,2856,2,1027.5565749235475,92,235,54,37.233956001041356,0.5513188073394495,41.868279569892465,16768.337482987175,182.26453785855625,0
2858,65.23468287334222,0,0,326,0.0,0.0,1.0,326,9300,6300,3000,0.6774193548387096,123,63,60,180.3638998967321,0.4557873210633947,0.8453059215281296,0.1116549714078186,2175830.7007292076,3988.262139711398,2179818.962868919,2857,3,1031.4447852760736,94,232,52,37.06307931790842,0.5529141104294479,41.72149122807016,16848.716612736465,179.24166609294113,0
2859,65.27105601611431,2,0,328,0.006097560975609756,0.0,1.0,328,10250,7800,2450,0.7609756097560976,127,78,49,174.4962643088219,0.4560358705651277,0.8405500087476065,0.10888096148809867,2181825.4988939026,294.0797861438441,2182119.5786800464,2858,0,1026.1493902439024,81,247,58,36.92619796272642,0.5548145325203252,41.43800813008132,16876.61425497966,208.3532624071563,0
2860,65.06595564539427,1,2,327,0.00303951367781155,0.0060790273556231,0.993920972644377,329,9750,6900,2850,0.7076923076923077,126,69,57,174.16463163314154,0.45604829243581185,0.8404244999721378,0.10927956101680265,2178302.7355843396,326.65870570279003,2178629.3942900426,2859,0,1024.0273556231002,82,247,48,36.733275131761914,0.5563576494427558,41.239959839357454,16836.469295892926,205.32279629137716,0
2861,64.64494352708827,1,4,324,0.003048780487804878,0.012195121951219513,0.9878048780487805,328,10700,8000,2700,0.7476635514018691,134,80,54,167.0742654040736,0.4557219798115412,0.8331416733516541,0.10517582610679369,2166161.6704243966,-3918.0260334764675,2162243.64439092,2860,0,1028.0243902439024,91,237,47,36.798023093072125,0.5580538617886179,41.12318840579711,16735.076865979943,183.9019435821972,8
2862,64.82982987745949,2,3,323,0.006134969325153374,0.009202453987730062,0.99079754601227,326,10200,7500,2700,0.7352941176470589,129,75,54,172.0863570687392,0.4554736904200094,0.8365309856671033,0.1018607261089191,2135014.7477777475,-1918.6179533785416,2133096.1298243687,2861,0,1033.8527607361964,84,242,45,38.94138175277751,0.5351163087934561,43.35784313725492,16638.067368796124,198.07223058090625,8
2863,65.25654751765613,1,0,324,0.0030864197530864196,0.0,1.0,324,10500,8000,2500,0.7619047619047619,130,80,50,170.68966251130215,0.4555341751710431,0.8347259063530914,0.1015804799004457,2152413.448147446,-1821.0549901843933,2150592.3931572614,2862,0,1033.3950617283951,87,237,52,38.77411896641778,0.5370048868312758,43.15814393939395,16760.612784542005,192.65072166140234,0
2864,64.79095427388992,2,0,326,0.006134969325153374,0.0,1.0,326,10400,7200,3200,0.6923076923076923,136,72,64,169.43638525564756,0.4560561192386346,0.8347096467103858,0.1015218010829296,2141224.3687574514,-3039.73658728613,2138184.6321701654,2863,0,1028.0490797546013,93,233,58,38.55172413793102,0.53952581799591,42.907801418439725,16657.24888247176,179.11020303733073,0
2865,64.58510690630202,2,0,328,0.006097560975609756,0.0,1.0,328,9450,6900,2550,0.7301587301587301,120,69,51,168.08034772716397,0.45640609072375127,0.8346905811060115,0.10116916608421982,2137199.487371338,-3205.7534000616797,2133993.7339712763,2864,0,1022.7743902439024,96,232,60,38.41652404408084,0.5412220528455285,42.7405498281787,16615.12909200359,173.0742613750374,0
2866,64.57963211425681,1,0,329,0.00303951367781155,0.0,1.0,329,9350,6800,2550,0.7272727272727273,119,68,51,184.14172917756582,0.4564699322905083,0.8437450817819974,0.11070921004640887,2136317.473252599,3527.0387193971983,2139844.511971996,2865,0,1020.6626139817629,97,232,57,38.046294957091916,0.5395453394123607,42.78273809523812,16610.99614724613,171.2473829613003,8
2867,64.82089895362769,3,2,330,0.009036144578313253,0.006024096385542169,0.9939759036144579,332,9800,7500,2300,0.7653061224489796,121,75,46,180.02823397003954,0.4570235246120433,0.8422038510565681,0.10875046636443932,2147194.2714663753,1111.1185365353322,2148305.3900029105,2866,0,1012.4307228915662,83,249,56,37.97536455322155,0.5414470381526104,42.60912698412698,16684.3077713479,201.01575628129999,0
2868,64.75330084626994,0,1,329,0.0,0.0030303030303030303,0.996969696969697,330,10150,7800,2350,0.7684729064039408,125,78,47,179.34378439217434,0.45664164440760185,0.8405611373259689,0.10891727836287524,2148204.8808767935,903.4385972368291,2149108.3194740303,2867,1,1019.530303030303,84,246,58,37.794574749829515,0.5429924242424242,42.41421568627451,16679.529785389062,198.5658307784412,0
2869,64.41732975831827,3,2,330,0.009036144578313253,0.006024096385542169,0.9939759036144579,332,9800,6400,3400,0.6530612244897959,132,64,68,177.31409391879365,0.45703698479719485,0.840143211832981,0.10830495762171702,2140524.254864807,-290.97624748969974,2140233.278617317,2868,0,1014.3704819277109,86,246,52,37.63439923830756,0.544929718875502,42.20545977011493,16606.435907882464,193.09809195212168,0
2870,64.52084735236437,2,3,329,0.006024096385542169,0.009036144578313253,0.9909638554216867,332,11250,8200,3050,0.7288888888888889,143,82,61,176.28427542454185,0.45678256833982456,0.8396367383952239,0.10838614551336706,2147922.3414362487,-1921.0132743461108,2146001.3281619027,2869,0,1015.3644578313254,89,243,58,37.41888699500609,0.5466867469879518,41.96759259259255,16648.469570296213,187.06145584602487,0
2871,64.4746644377079,2,1,330,0.006042296072507553,0.0030211480362537764,0.9969788519637462,331,10600,8000,2600,0.7547169811320755,132,80,52,174.4201621802273,0.4566453813055022,0.8382299114271146,0.10777417658343692,2149364.3502339963,-1821.5042895587449,2147542.8459444377,2870,0,1017.3595166163142,93,238,63,37.2848357724275,0.5485586606243706,41.788563829787186,16648.09570105281,179.01178173175066,0
2872,64.21164865184423,1,2,329,0.0030211480362537764,0.006042296072507553,0.9939577039274925,331,10100,7200,2900,0.7128712871287128,130,72,58,173.02509201081585,0.4566385150599652,0.8375408991636599,0.10750668518445698,2143897.989662531,-2110.3706153674793,2141787.6190471635,2871,0,1015.8519637462235,80,251,61,37.11835622573905,0.5505727593152064,41.58950617283951,16592.963837579216,207.4120479697402,0
2873,64.17901006255849,0,0,329,0.0,0.0,1.0,329,11600,8700,2900,0.75,145,87,58,185.38473112545353,0.4562660624706551,0.8470844031301952,0.11411834330380839,2137259.7303835847,1843.064092483486,2139102.794476068,2872,1,1022.726443768997,92,237,53,37.13995341637371,0.5497720364741641,41.924283154121845,16563.044028353495,180.0330872647119,8
2874,64.25335024705436,0,1,328,0.0,0.00303951367781155,0.9969604863221885,329,11200,7900,3300,0.7053571428571429,145,79,66,183.72462801332517,0.45618845293696103,0.845466602527819,0.11323090151098124,2140445.812115838,1650.5221227321417,2142096.33423857,2873,2,1023.726443768997,96,233,54,37.13916971764571,0.5512284701114488,41.88144329896906,16584.98202897544,172.76022946849415,0
2875,64.67792036374097,1,1,328,0.00303951367781155,0.00303951367781155,0.9969604863221885,329,9500,6300,3200,0.6631578947368421,127,63,64,186.5377358239912,0.4562706958756518,0.8491217496668495,0.11549059964142773,2157331.636744707,5184.75178796431,2162516.388532671,2874,0,1024.70820668693,102,227,50,36.899284754036294,0.5529065349544073,41.71723300970873,16705.192234724662,163.77639445808492,0
2876,64.20386347785741,1,1,328,0.00303951367781155,0.00303951367781155,0.9969604863221885,329,9400,6700,2700,0.7127659574468085,121,67,54,196.16915270944446,0.45636490844391725,0.8545263289964509,0.11799949610071095,2124190.805727839,8140.142110565121,2132330.947838404,2875,0,1024.8024316109422,92,237,51,37.71816671020931,0.5396086626139818,42.76433691756275,16515.52339418109,179.51655863240316,8
2877,64.10130629909797,1,1,328,0.00303951367781155,0.00303951367781155,0.9969604863221885,329,10150,7900,2250,0.7783251231527094,124,79,45,190.4089791742397,0.45658808411792323,0.8498278551782101,0.11520092828130502,2124299.01534169,4947.121394410202,2129246.1367361,2876,0,1025.224924012158,79,250,54,37.650043833029834,0.5415400202634245,42.552083333333314,16502.747762314564,208.89554129512106,0
2878,64.32212065846798,1,2,327,0.00303951367781155,0.0060790273556231,0.993920972644377,329,9800,7700,2100,0.7857142857142857,119,77,42,192.3191121500732,0.45626915140731955,0.8496906590035238,0.11694095776708158,2134641.684661862,6506.478710540658,2141148.1633724025,2877,0,1026.1914893617022,82,247,44,37.414750584567415,0.5433447315096251,42.36947791164656,16571.34152707104,202.0895308179395,0
2879,64.59870051045093,1,2,326,0.003048780487804878,0.006097560975609756,0.9939024390243902,328,9750,7300,2450,0.7487179487179487,122,73,49,180.31012274022626,0.45643775173416873,0.8411815352279968,0.10748207396172423,2131720.954192892,1524.1733796870149,2133245.1275725793,2878,0,1029.9939024390244,90,238,56,38.46531583715781,0.5366171239837398,43.09752747252749,16595.565883196636,184.39517647996263,8
2880,64.63439276400426,1,0,327,0.0030581039755351682,0.0,1.0,327,9800,6700,3100,0.6836734693877551,129,67,62,181.14768981146324,0.4564333533454657,0.8411378883462868,0.10842316249705938,2135398.1720302184,2164.4891381801463,2137562.6611683983,2879,0,1032.5045871559632,95,232,58,38.29059378077954,0.5383218654434251,42.94704861111114,16614.46142121612,174.88906759174864,0
2881,64.47191588178826,0,1,326,0.0,0.0030581039755351682,0.9969418960244648,327,10150,7900,2250,0.7783251231527094,124,79,45,181.90767549800583,0.4562527751199164,0.8416195969807194,0.10928045540577717,2132277.761063207,2025.53820622089,2134303.299269428,2880,1,1033.5045871559632,100,227,60,38.133011856545146,0.5397553516819572,42.81146864686471,16581.437359160165,165.81437359160165,0
2882,64.84067456426298,2,0,328,0.006097560975609756,0.0,1.0,328,8800,5800,3000,0.6590909090909091,118,58,60,182.4716508821301,0.4565399216205465,0.8426277329854912,0.11024540689786516,2147954.131229033,3988.147268889781,2151942.278497923,2881,0,1031.2957317073171,78,250,61,37.906079777333794,0.541380843495935,42.602848101265785,16689.804960033798,213.97185846197178,0
2883,64.73172281142055,2,0,330,0.006060606060606061,0.0,1.0,330,10650,7000,3650,0.6572769953051644,143,70,73,178.54756706501107,0.4565982776089159,0.8385537481563823,0.10838749682093696,2147230.0462801848,26.540138442896932,2147256.5864186278,2882,0,1026.039393939394,85,245,58,37.83089387883062,0.5429924242424242,42.42974806201547,16672.96615291719,196.15254297549635,0
2884,64.2154265720452,1,3,328,0.0030211480362537764,0.00906344410876133,0.9909365558912386,331,11700,9000,2700,0.7692307692307693,144,90,54,179.70816067230402,0.45661028716164664,0.839710179550005,0.10971417479564709,2133524.665397645,-1217.6413264800194,2132307.024071165,2883,0,1023.9365558912386,87,244,51,37.590548514487764,0.5452228096676737,42.22301136363634,16553.259285741195,190.26734811196775,0
2885,64.56417693406526,1,2,327,0.00303951367781155,0.0060790273556231,0.993920972644377,329,10500,8300,2200,0.7904761904761904,127,83,44,179.4411449609027,0.4563135548718709,0.8398971996944089,0.10999567486796591,2147553.9721359564,771.9087250811963,2148325.8808610374,2884,0,1031.0911854103344,88,241,53,37.44809865226662,0.5463842451874367,42.07631086142319,16652.63070102973,189.23443978442876,0
2886,64.90964529744699,1,1,327,0.003048780487804878,0.003048780487804878,0.9969512195121951,328,10300,8000,2300,0.7766990291262136,126,80,46,227.15015699065557,0.4563788972178713,0.8734450654606927,0.1363900050008329,2146441.573840391,21612.90809382395,2168054.481934215,2885,0,1032.2865853658536,93,235,52,36.98861514485574,0.5412220528455285,42.83023049645393,16692.798519701544,179.49245720109187,8
2887,64.8938789571634,1,3,325,0.003048780487804878,0.009146341463414634,0.9908536585365854,328,11100,8200,2900,0.7387387387387387,140,82,58,225.74454343515106,0.45645853534223413,0.8736656980513753,0.13617068815373973,2148733.835320797,20312.98772363092,2169046.8230444277,2886,0,1033.2225609756097,66,262,51,36.852419647172546,0.5427464430894309,42.66169154228856,16699.6810400959,253.02547030448335,0
2888,65.14098131465506,1,1,325,0.003067484662576687,0.003067484662576687,0.9969325153374233,326,10400,7300,3100,0.7019230769230769,135,73,62,220.96913637497676,0.45587030045619,0.868609945018739,0.13426980205242184,2161398.6656428343,19920.479301824744,2181319.144944659,2887,0,1040.3374233128834,72,254,52,36.70211783821709,0.5445424335378324,42.39440639269406,16780.681159724125,233.06501610727952,0
2889,64.68169759739213,2,0,327,0.0061162079510703364,0.0,1.0,327,9700,6500,3200,0.6701030927835051,129,65,64,223.58996879090842,0.4564001300788603,0.8687976228095666,0.13161268683725488,2126707.271615679,20002.082497588977,2146709.3541132677,2888,0,1037.993883792049,72,255,51,37.83085712165896,0.5311225790010194,43.564497716894955,16586.683611911052,230.37060572098684,8
2890,65.08270404510844,2,1,328,0.0060790273556231,0.00303951367781155,0.9969604863221885,329,9300,6500,2800,0.6989247311827957,121,65,56,219.46813723060137,0.45721706884622043,0.8662372035145831,0.13007699863427008,2144153.5278742258,19014.676139795498,2163168.2040140214,2889,0,1032.677811550152,77,252,43,37.675751781905184,0.5332446808510638,43.30929487179486,16706.12519298913,216.96266484401468,0
2891,64.72731266262356,2,3,327,0.006060606060606061,0.00909090909090909,0.990909090909091,330,10600,8300,2300,0.7830188679245284,129,83,46,223.1098125919899,0.45719082926529736,0.8697507845563055,0.13323577915075577,2137075.577854846,18760.50633402279,2155836.0841888688,2890,0,1030.5424242424242,83,247,45,37.29751793584919,0.5349116161616161,43.030753968253975,16632.928732575503,200.39673171777716,0
2892,64.98146359753885,3,1,329,0.00909090909090909,0.0030303030303030303,0.996969696969697,330,9250,6500,2750,0.7027027027027027,120,65,55,231.01885509874,0.45736698289889777,0.8725130871930344,0.13501494476758677,2132109.4235281614,23261.495593742056,2155370.9191219034,2891,0,1029.930303030303,88,242,53,37.91396338770352,0.5268308080808081,43.83192883895131,16646.176191003437,189.1610930795845,8
2893,65.12176929632176,0,1,328,0.0,0.00303951367781155,0.9969604863221885,329,9800,7100,2700,0.7244897959183674,125,71,54,198.82145474214795,0.45759353300219935,0.8586172881776726,0.1189098109996074,2151025.1448921566,9933.989698879312,2160959.134591036,2892,1,1034.0,77,252,52,37.86522740656069,0.5347011144883485,42.97542735042734,16737.8949235711,217.37525874767664,8
2894,65.54447258482632,2,0,330,0.006060606060606061,0.0,1.0,330,10800,8300,2500,0.7685185185185185,133,83,50,201.6359325592811,0.4577653434036413,0.8579387959937639,0.12072632417789911,2165672.1566237393,10535.464983699709,2176207.621607439,2893,0,1031.821212121212,91,239,51,37.75142412497065,0.538699494949495,42.93478260869566,16849.204093816832,185.1560889430421,8
2895,65.2694011488644,2,0,332,0.006024096385542169,0.0,1.0,332,9700,7600,2100,0.7835051546391752,118,76,42,203.6592541513267,0.4583122899452796,0.8623124868863539,0.12292220556732364,2161535.6080354727,11943.34595080715,2173478.9539862797,2894,0,1026.5993975903614,75,257,52,37.398424047149845,0.5409450301204819,42.639802631578924,16797.745961790282,223.96994615720376,0
2896,65.50661683796633,2,1,333,0.005988023952095809,0.0029940119760479044,0.9970059880239521,334,10600,7900,2700,0.7452830188679245,133,79,54,206.7921617721104,0.45878738019456583,0.8629696543030942,0.1262865880998415,2176604.6509038866,12620.956216728395,2189225.607120615,2895,0,1021.4461077844311,83,251,45,36.88145404399973,0.5434755489021956,42.21230158730157,16886.79998546175,203.45542151158733,0
2897,65.24864626595391,2,4,331,0.005970149253731343,0.011940298507462687,0.9880597014925373,335,10500,7300,3200,0.6952380952380952,137,73,64,202.8224560862257,0.4591630172490839,0.8599082616344615,0.12183446244941384,2157913.5606641425,10034.665679136264,2167948.226343279,2896,0,1019.1701492537313,97,238,48,37.59832892489119,0.5386194029850746,42.81462585034018,16780.997502668422,172.99997425431363,8
2898,65.63691433819949,2,4,329,0.006006006006006006,0.012012012012012012,0.987987987987988,333,10450,7500,2950,0.7177033492822966,134,75,59,198.99324040830936,0.45882629617569376,0.8572624531572579,0.12042388782786519,2175338.8930069567,9525.547061135865,2184864.4400680927,2897,0,1026.1591591591591,81,252,47,37.41997458923371,0.5406656656656657,42.543191056910565,16898.670514383743,208.62556190597212,0
2899,65.72795678263883,0,2,327,0.0,0.0060790273556231,0.993920972644377,329,10500,7500,3000,0.7142857142857143,135,75,60,192.91556500244133,0.4586167432722959,0.8512919845222926,0.11559650530570599,2172226.0949701853,7511.244884844666,2179737.33985503,2898,1,1036.498480243161,94,235,54,37.94595257389008,0.5384055217831814,42.90570175438599,16898.282924150713,179.76896727819909,8
2900,65.5176471348087,2,1,328,0.0060790273556231,0.00303951367781155,0.9969604863221885,329,8700,6000,2700,0.6896551724137931,114,60,54,191.96730297106495,0.4589403093878963,0.8505896517290186,0.11548269249598042,2167714.6641499014,8726.067537537916,2176440.731687439,2899,0,1035.6534954407296,98,231,55,37.822793957242595,0.5399569402228976,42.76094276094279,16853.6977814796,171.97650797428165,0
2901,65.84085401319562,0,1,327,0.0,0.003048780487804878,0.9969512195121951,328,9200,6300,2900,0.6847826086956522,121,63,58,190.4389583678974,0.45889196563983986,0.8484999160999305,0.11505493059341647,2181064.3766752575,8271.925605472557,2189336.30228073,2900,1,1038.4512195121952,79,249,56,37.70234722784296,0.5416031504065041,42.60416666666666,16947.16148610479,214.52103146968088,0
2902,65.84097286654207,2,2,327,0.0060790273556231,0.0060790273556231,0.993920972644377,329,9950,7600,2350,0.7638190954773869,123,76,47,184.53319349575207,0.45929437875305806,0.8427785608661691,0.11205833503371365,2184230.636094095,4862.61092194004,2189093.247016035,2901,0,1035.8936170212767,85,244,55,37.66438603091006,0.5438196555217831,42.41763565891472,16959.473461481095,199.52321719389525,0
2903,65.30761959717107,1,1,327,0.003048780487804878,0.003048780487804878,0.9969512195121951,328,10250,7000,3250,0.6829268292682927,135,70,65,185.49645233445554,0.45929520648417493,0.8434597431009832,0.11326952566626715,2169928.2825409924,4652.7996463103245,2174581.082187303,2902,0,1039.5579268292684,90,238,47,37.43431764357608,0.5456681910569106,42.21611721611721,16835.251755131536,187.05835283479485,0
2904,64.98682585614507,3,4,326,0.00909090909090909,0.012121212121212121,0.9878787878787879,330,10850,7700,3150,0.7096774193548387,140,77,63,193.20444678681736,0.4595019342359768,0.852417349630638,0.11629661216264725,2150519.2570108753,6247.97667103809,2156767.2336819135,2903,0,1034.2454545454545,101,229,53,37.76857310150453,0.5398358585858586,42.73897058823533,16718.57771795522,165.53047245500218,8
2905,64.50164378899031,2,3,325,0.006097560975609756,0.009146341463414634,0.9908536585365854,328,8900,6100,2800,0.6853932584269663,117,61,56,189.05520746753754,0.45949527299172077,0.8465632169325594,0.11447516105711436,2138060.334835798,6342.288036098258,2144402.6228718963,2904,0,1032.908536585366,83,245,53,37.6545718345133,0.5422383130081301,42.5223214285714,16607.733506830296,200.0931747810879,0
2906,64.56293360139348,1,0,326,0.003067484662576687,0.0,1.0,326,10750,7900,2850,0.7348837209302326,136,79,57,183.46001291152123,0.4591932122070159,0.8401715468562749,0.11149512038518353,2142313.2488784203,2655.7632599513527,2144969.012138372,2905,0,1039.9907975460123,87,239,58,37.66259438802858,0.5440631390593047,42.38873106060605,16632.139251504752,191.1740143851121,0
2907,64.9889002933236,2,0,328,0.006097560975609756,0.0,1.0,328,10700,7400,3300,0.6915887850467289,140,74,66,185.57082225409044,0.4595688896969245,0.8487128182771209,0.1107557283109585,2145364.028992913,3323.393378913004,2148687.422371826,2906,0,1034.6432926829268,87,241,51,38.28339744475672,0.5391577743902439,43.051609848484865,16698.793308086915,191.94015296651628,8
2908,65.28611822055396,2,2,328,0.006060606060606061,0.006060606060606061,0.9939393939393939,330,9650,6200,3450,0.6424870466321243,131,62,69,182.72605472799512,0.4598030072764115,0.8468177684071276,0.1097854082914925,2159280.589264593,3261.364625412104,2162541.953890005,2907,0,1029.3666666666666,94,236,57,38.107431645065944,0.5413194444444445,42.80701754385966,16791.13145812849,178.6290580651967,0
2909,65.67712403796527,1,1,328,0.00303951367781155,0.00303951367781155,0.9969604863221885,329,9350,7200,2150,0.7700534759358288,115,72,43,181.16144348609734,0.459454617342526,0.8452955892407357,0.10945380805608447,2175662.897596407,3679.2462135416745,2179342.143809949,2908,0,1031.8419452887538,78,251,56,37.939804142547345,0.5430281155015197,42.602848101265806,16905.104672272068,216.73211118297522,0
2910,65.12720638576752,4,3,329,0.012048192771084338,0.009036144578313253,0.9909638554216867,332,11150,8200,2950,0.7354260089686099,141,82,59,174.87964065309086,0.45975234017641564,0.8413712117829797,0.10647008652594644,2162124.5195567226,-1927.6881945372588,2160196.8313621855,2909,0,1023.4939759036145,83,249,47,37.81767850554245,0.5453376004016064,42.323908730158706,16781.72397680871,202.18944550371938,0
2911,65.15003447242705,1,1,329,0.0030303030303030303,0.0030303030303030303,0.996969696969697,330,9800,6400,3400,0.6530612244897959,132,64,68,186.14140717876944,0.4594056062141168,0.8480235737100223,0.11203926435139558,2155888.000810677,4460.005238145156,2160348.0060488223,2910,0,1030.678787878788,95,235,52,37.95222805685606,0.5451388888888888,42.740885416666686,16760.440183450337,176.4256861415825,8
2912,65.20945857379363,1,1,329,0.0030303030303030303,0.0030303030303030303,0.996969696969697,330,9650,6900,2750,0.7150259067357513,124,69,55,175.8556699982452,0.45934209112400604,0.8300189541649516,0.10468065927193675,2151012.778534025,3.5586687782488298,2151016.337202803,2911,0,1031.5757575757575,103,227,50,38.63216866843445,0.5408143939393939,43.14903846153848,16749.112136081505,162.61273918525734,8
2913,64.74509711043034,1,3,327,0.0030303030303030303,0.00909090909090909,0.990909090909091,330,9700,7300,2400,0.7525773195876289,121,73,48,189.00054430184662,0.4594954100273249,0.852467364191901,0.11462259833941502,2147088.739779268,5460.188096528969,2152548.927875797,2912,0,1032.1242424242423,76,254,57,37.59739804941252,0.5445707070707071,42.46482683982682,16674.139795606814,219.3965762579844,8
2914,65.19959783363379,0,1,326,0.0,0.0030581039755351682,0.9969418960244648,327,10450,7800,2650,0.7464114832535885,131,78,53,186.89190140561215,0.4589254892028292,0.8455609357120304,0.11161051510931676,2152686.5091675576,4613.934965707553,2157300.444133265,2913,1,1042.2599388379206,93,234,51,38.22713175787368,0.5349452089704383,43.029698581560304,16754.36030767005,180.15441191043064,8
2915,65.6296078791878,4,0,330,0.012121212121212121,0.0,1.0,330,11000,7800,3200,0.7090909090909091,142,78,64,207.15950904879858,0.4596404777255841,0.8631307791027325,0.12184776491318589,2157393.892111381,12384.931902933247,2169778.8240143145,2914,0,1033.521212121212,72,258,51,38.28132246275992,0.5253156565656565,43.59303652968033,16827.888470050148,233.72067319514093,8
2916,65.6858605553583,2,1,331,0.006024096385542169,0.0030120481927710845,0.9969879518072289,332,11300,8300,3000,0.7345132743362832,143,83,60,205.37412215424956,0.4601000300294835,0.8623358295269541,0.12179192154191501,2164375.154638953,11201.329479288248,2175576.4841182414,2915,0,1028.289156626506,78,254,46,38.01631225709249,0.5273908132530121,43.28850210970463,16862.31565337903,216.1835340176799,0
2917,65.27461932132924,2,1,332,0.006006006006006006,0.003003003003003003,0.996996996996997,333,10550,7500,3050,0.7109004739336493,136,75,61,197.09850017785823,0.46058068610779457,0.8590972497635954,0.1108712402218342,2117552.040344508,6323.26624009295,2123875.306584601,2916,0,1026.195195195195,84,249,47,40.26140646299415,0.5081018518518519,45.28186274509803,16626.629443551778,197.93606480418782,8
2918,65.55516211139154,3,1,334,0.008955223880597015,0.0029850746268656717,0.9970149253731343,335,10450,7500,2950,0.7177033492822966,134,75,59,197.1898963956537,0.4611698245300444,0.8588453619143845,0.11163958436648293,2130781.811333145,6583.728923705157,2137365.54025685,2917,0,1021.0388059701493,89,246,51,40.007064551273345,0.5103544776119403,45.03472222222222,16714.29011749818,187.80101255615935,0
2919,64.9909647530264,5,3,336,0.014749262536873156,0.008849557522123894,0.9911504424778761,339,9950,7400,2550,0.7437185929648241,125,74,51,190.1184928231501,0.4620377400755209,0.856354807037297,0.10847536930811061,2117358.9065270345,2759.8168149189823,2120118.7233419535,2918,0,1009.6902654867257,77,262,55,39.885249904084255,0.5129363323500491,44.73824786324788,16589.70753591549,215.45074721968172,0
2920,64.47079599635994,8,3,341,0.023255813953488372,0.00872093023255814,0.9912790697674418,344,10500,7400,3100,0.7047619047619048,136,74,62,180.1833604761159,0.4628090958144055,0.850187376053974,0.10400174045764042,2107629.0437058792,-3348.0632536026233,2104280.9804522768,2919,0,995.6947674418604,88,256,47,39.69280679269464,0.5167453972868217,44.30009363295879,16485.17649967779,187.33155113270215,0
2921,64.1466861168175,2,2,341,0.0058309037900874635,0.0058309037900874635,0.9941690962099126,343,10850,7700,3150,0.7096774193548387,140,77,63,189.44561895932523,0.462820174017811,0.8575101256759912,0.11015911917264437,2101601.6355802324,177.84453168517757,2101779.4801119175,2920,0,999.5918367346939,91,252,50,39.17234312337815,0.5189200680272108,44.021739130434774,16420.157152728778,180.44128739262393,0
2922,63.903138888582966,3,2,342,0.00872093023255814,0.005813953488372093,0.9941860465116279,344,10950,7200,3750,0.6575342465753424,147,72,75,186.1843550179026,0.4629528202477004,0.8566116361802636,0.1089243060129511,2097359.1848834693,-1650.9065843198478,2095708.2782991494,2921,0,997.6656976744187,95,249,53,39.02323677226266,0.5210453003875969,43.79340277777777,16372.405766462858,172.34111333118798,0
2923,63.92920697484297,3,0,345,0.008695652173913044,0.0,1.0,345,11000,7500,3500,0.6818181818181818,145,75,70,186.73144487577875,0.4633166217278957,0.8570242082496742,0.10983604588791322,2101518.587796174,-1516.0795335024932,2100002.5082626715,2922,0,995.7420289855072,78,267,56,38.80382426548732,0.5230374396135266,43.59177215189875,16391.974668154053,210.15352138659043,0
2924,63.722081953544695,2,2,345,0.005763688760806916,0.005763688760806916,0.9942363112391931,347,9900,6800,3100,0.6868686868686869,130,68,62,199.5066408535103,0.4638079353445164,0.8663763576135579,0.11400029772451528,2076934.3496281835,3572.439073518013,2080506.7887017014,2923,0,990.9971181556195,75,272,50,39.58825424092762,0.5129682997118156,44.68201754385966,16269.393402283904,216.9252453637854,8
2925,63.53984964378894,6,2,349,0.017094017094017096,0.005698005698005698,0.9943019943019943,351,10900,7600,3300,0.6972477064220184,142,76,66,198.54609901815917,0.46452821869488536,0.8663968629062924,0.11487827165350828,2078678.3180713486,1442.694233338806,2080121.0123046874,2924,0,980.6809116809117,83,268,49,39.1301954557942,0.516025641025641,44.20882936507937,16252.932522351632,195.81846412471845,0
2926,63.06352282476502,5,2,352,0.014124293785310734,0.005649717514124294,0.9943502824858758,354,11600,8900,2700,0.7672413793103449,143,89,54,194.3296622268436,0.46532545893951766,0.8649652876669707,0.1134739175884092,2068654.145258917,-1999.8277375354246,2066654.3175213817,2925,0,972.0367231638418,90,264,54,38.886995739482735,0.519008945386064,43.864468864468854,16152.808913998837,179.47565459998708,0
2927,63.396458648175326,1,3,350,0.0028328611898017,0.0084985835694051,0.9915014164305949,353,11150,7300,3850,0.6547085201793722,150,73,77,178.51126769480825,0.4652709594171174,0.8503089956341978,0.10217512637317563,2067356.536906308,-7940.712763941655,2059415.8241423664,2926,0,975.6798866855524,83,270,56,40.05920009064129,0.5165840415486308,44.618055555555536,16190.310880462725,195.0639865115991,8
2928,63.01796842513812,3,2,351,0.0084985835694051,0.0056657223796034,0.9943342776203966,353,10700,7600,3100,0.7102803738317757,138,76,62,178.84951477136377,0.4654963006481243,0.8503702382795697,0.10306655843140017,2059158.9525337643,-7644.084100445498,2051514.8684333188,2927,0,976.3116147308782,86,267,48,39.788534494871435,0.5186496694995278,44.36063218390804,16109.873609256707,187.3241117355431,0
2929,63.35058824706882,1,2,350,0.002840909090909091,0.005681818181818182,0.9943181818181818,352,10750,7500,3250,0.6976744186046512,140,75,65,181.15947066490088,0.46557539200768366,0.851750413428827,0.1047747485533532,2072232.1869843116,-6069.102782230944,2066163.0842020805,2928,0,973.9659090909091,89,263,51,39.59092228909302,0.5202710700757576,44.224537037037024,16203.526037869993,182.062090313146,0
2930,63.23311519962511,6,2,354,0.016853932584269662,0.0056179775280898875,0.9943820224719101,356,11850,8600,3250,0.7257383966244726,151,86,65,185.21986276105144,0.46636252439732023,0.8563720168854019,0.10852280834965791,2076277.4563345483,-6136.434896769238,2070141.021437779,2929,0,963.9859550561798,81,275,52,38.99080247525574,0.5233204588014981,43.73729674796751,16204.289036103271,200.05295106300335,0
2931,63.45947191696114,3,2,355,0.008403361344537815,0.0056022408963585435,0.9943977591036415,357,12400,9400,3000,0.7580645161290323,154,94,60,183.0050277978106,0.4668645548106883,0.8549780964470586,0.10792251388678026,2087641.6980543523,-7390.214603138171,2080251.4834512142,2930,0,962.187675070028,85,272,59,38.801480773165885,0.5256185807656396,43.49563953488376,16277.631259514317,191.5015442295802,0
2932,63.80275944605489,4,5,354,0.011142061281337047,0.013927576601671309,0.9860724233983287,359,11200,8400,2800,0.75,140,84,56,185.39303512877842,0.46735967383016136,0.8578967602789662,0.11037501499747146,2104704.903889794,-4960.473963488672,2099744.429926305,2931,0,957.7771587743732,90,269,51,38.381370976127904,0.5283484215413186,43.14331501831505,16388.165283997718,182.09072537775242,0
2933,64.19949324687306,5,2,357,0.013927576601671309,0.005571030640668524,0.9944289693593314,359,13050,9700,3350,0.7432950191570882,164,97,67,177.28559552612177,0.46783721853067955,0.8552225182529261,0.10505951887097734,2114961.778038896,-9859.548333077175,2105102.229705819,2932,0,958.6545961002786,90,269,48,38.76436333095496,0.5267525533890436,43.315018315018335,16479.045748258828,183.10050831398698,8
2934,63.78621299288095,0,3,354,0.0,0.008403361344537815,0.9915966386554622,357,11800,8500,3300,0.7203389830508474,151,85,66,180.26623759666035,0.4675235262644384,0.8559422573929463,0.10743977819008356,2104818.494564507,-7314.457832197546,2097504.0367323095,2933,1,964.8459383753501,94,263,53,38.47208587647788,0.5285655929038282,43.10307017543862,16386.482283006793,174.32427960645524,0
2935,63.9708734403314,3,1,356,0.008403361344537815,0.0028011204481792717,0.9971988795518207,357,11300,8100,3200,0.7168141592920354,145,81,64,183.45140470878584,0.4675507375234738,0.8599017205559625,0.1101664615767963,2115479.982654672,-5082.445109735507,2110397.5375449364,2934,0,965.8011204481793,97,260,56,38.10734828132535,0.5307831465919701,42.82525510204085,16451.693057917055,169.60508307130985,0
2936,64.38522367957621,0,2,354,0.0,0.0056179775280898875,0.9943820224719101,356,10750,7600,3150,0.7069767441860465,139,76,63,197.73587405010397,0.46758618188531936,0.863691176974865,0.11501441668121366,2109603.3190956516,1478.851240075217,2111082.170335727,2935,1,969.4578651685393,91,265,53,38.94858426585279,0.5215941011235955,44.01041666666665,16481.946582558092,181.120292116023,8
2937,64.34219311119506,2,2,354,0.0056179775280898875,0.0056179775280898875,0.9943820224719101,356,12800,10000,2800,0.78125,156,100,56,168.41954134796507,0.4678146594925357,0.8410090963047319,0.10000841791547355,2120905.3545169947,-12559.618589960583,2108345.735927034,2936,0,970.1376404494382,97,259,47,38.91545233758351,0.5345856741573034,43.23979591836736,16520.51463429035,170.3145838586634,8
2938,64.65295006979002,2,2,354,0.0056179775280898875,0.0056179775280898875,0.9943820224719101,356,10750,7900,2850,0.7348837209302326,136,79,57,170.6622729588843,0.467755479506251,0.844183122682896,0.10197607358125488,2134984.8986538113,-9077.724892569011,2125907.173761242,2937,0,971.126404494382,103,253,50,38.62294411099858,0.5365461142322097,43.00881410256412,16615.238310203178,161.31299330294348,0
2939,64.72876072593466,1,2,353,0.0028169014084507044,0.005633802816901409,0.9943661971830986,355,11100,8200,2900,0.7387387387387387,140,82,58,171.92639369528158,0.46773527227394496,0.846077462411644,0.10322164906771732,2140401.9840948335,-8501.681163269313,2131900.3029315644,2938,0,974.7802816901409,107,248,57,38.41235201090153,0.538262910798122,42.83371913580249,16646.05466083729,155.57060430689054,0
2940,64.3857370626537,1,0,354,0.002824858757062147,0.0,1.0,354,11250,8300,2950,0.7377777777777778,142,83,59,174.82362114711398,0.46783372145132124,0.8498319963299583,0.10546508830895998,2131967.4630941963,-7506.345586809826,2124461.1175073865,2939,0,974.1242937853108,82,272,57,38.15918881573599,0.540107109227872,42.65813253012046,16569.145814127827,202.06275383082715,0
2941,64.17160879582528,1,1,354,0.0028169014084507044,0.0028169014084507044,0.9971830985915493,355,10700,7700,3000,0.719626168224299,137,77,60,175.47245516297534,0.4678198191029415,0.8495321023063798,0.1065022357570758,2128545.7326448616,-6999.770873226818,2121545.961771635,2940,0,972.3774647887324,87,268,60,37.91654219709851,0.5418133802816901,42.43607954545453,16528.291143328082,189.9803579692883,0
2942,64.18265320400167,2,1,355,0.0056179775280898875,0.0028089887640449437,0.9971910112359551,356,10700,8300,2400,0.7757009345794392,131,83,48,181.81193011459814,0.4681303410349739,0.8561126253523639,0.10993120341558904,2126619.707917864,-4571.033256742299,2122048.674661122,2941,0,970.5955056179776,77,279,59,37.89448882894099,0.5418129681647941,42.57478632478631,16522.23321528218,214.57445734132702,8
2943,63.777894754088486,0,2,353,0.0,0.005633802816901409,0.9943661971830986,355,10300,7100,3200,0.6893203883495146,135,71,64,180.64441229867873,0.467980292299939,0.8533527461871249,0.10966305699904183,2115604.967577596,-4865.556795156266,2110739.41078244,2942,1,973.0112676056337,81,274,58,37.77598309988819,0.5431631455399061,42.42886178861787,16427.34494453624,202.80672771032394,0
2944,63.896232520570805,4,3,354,0.011204481792717087,0.008403361344537815,0.9915966386554622,357,9700,6500,3200,0.6701030927835051,129,65,64,172.6818688418322,0.46851132775207466,0.8459109108918184,0.10561303638494064,2123986.593186375,-7745.205138716265,2116241.388047659,2943,0,961.8459383753501,88,269,51,37.70577999697381,0.5451680672268908,42.15823970037453,16475.117069618147,187.21723942747894,0
2945,63.52339937076472,1,1,354,0.0028169014084507044,0.0028169014084507044,0.9971830985915493,355,12650,9400,3250,0.7430830039525692,159,94,65,175.709731991472,0.4680718018089706,0.8506106495988117,0.10668421055816503,2107257.015332672,-9596.886919750199,2097660.1284129214,2944,0,968.2084507042254,83,272,58,37.89723853770481,0.5387323943661972,42.42311507936504,16362.159329490794,197.13444975290113,8
2946,63.23451527182931,0,2,352,0.0,0.005649717514124294,0.9943502824858758,354,12650,9200,3450,0.7272727272727273,161,92,69,175.64836366444752,0.4679189140165277,0.8538980588609233,0.1035832873572581,2080236.4527684213,-10371.974207218616,2069864.4785612028,2945,1,971.9406779661017,81,273,56,38.99048302958266,0.5286016949152542,43.49593495934958,16219.91021809926,200.24580516171926,8
2947,63.06519732810628,3,3,352,0.008450704225352112,0.008450704225352112,0.9915492957746479,355,11100,8300,2800,0.7477477477477478,139,83,56,170.88044153683506,0.46777141189888866,0.8498384053746273,0.10156384380000276,2079367.3696803309,-11035.357150347529,2068332.0125299834,2946,0,970.1718309859154,87,268,53,38.81737654036444,0.530575117370892,43.20549242424242,16194.79629303903,186.14708382803482,0
2948,63.54377146643691,1,1,352,0.0028328611898017,0.0028328611898017,0.9971671388101983,353,11700,8100,3600,0.6923076923076923,153,81,72,170.91338937483954,0.46754449147995536,0.8495939796022125,0.10236962716417894,2099789.2076775515,-10523.581908623797,2089265.6257689279,2947,0,976.4730878186969,92,261,58,38.52732514232596,0.5326959395656279,42.92114695340503,16335.75988684662,177.5626074657241,0
2949,63.83288822905303,2,4,350,0.005649717514124294,0.011299435028248588,0.9887005649717514,354,11600,8600,3000,0.7413793103448276,146,86,60,189.82359502273408,0.46805645582923877,0.861376750858208,0.11063588587160977,2092747.1925924844,-2949.4408856725304,2089797.7517068118,2948,0,974.6440677966102,95,259,55,39.07373370340547,0.5251000470809792,43.93446180555554,16345.402878878203,172.05687240924425,8
2950,63.43801060682456,2,3,349,0.005681818181818182,0.008522727272727272,0.9914772727272727,352,9500,6800,2700,0.7157894736842105,122,68,54,190.2124274488089,0.46802071867176037,0.862446308504585,0.11153283728019088,2083467.220959614,-639.7284782494244,2082827.4924813646,2949,0,979.46875,75,277,55,38.83390600210349,0.5273733428030303,43.70888157894738,16258.59868882972,216.7813158510629,0
2951,63.312213923118385,3,2,350,0.008522727272727272,0.005681818181818182,0.9943181818181818,352,11050,8300,2750,0.751131221719457,138,83,55,198.36119522864038,0.46807248499956833,0.867279778019657,0.11744961006764046,2085222.3947919467,1275.4413096920443,2086497.8361016389,2950,0,980.3096590909091,79,273,44,38.255341771937864,0.5296519886363636,43.346354166666686,16249.310529148346,205.6874750525107,0
2952,63.543535696171965,0,0,350,0.0,0.0,1.0,350,10750,7400,3350,0.6883720930232559,141,74,67,199.79888280793972,0.4678545845272206,0.8675503683901671,0.11863397079463299,2094540.269501234,2947.361168517533,2097487.6306697517,2951,1,986.9,79,271,47,38.11219509102897,0.5309226190476191,43.2421875,16315.299223864777,206.5227749856301,0
2953,63.96577065561824,2,2,350,0.005681818181818182,0.005681818181818182,0.9943181818181818,352,12250,9100,3150,0.7428571428571429,154,91,63,181.12898221055096,0.46803690618794785,0.855788875294335,0.10646058685748519,2102260.997914434,-6493.92102136411,2095767.0768930698,2952,0,982.2869318181819,79,273,50,38.97600304723211,0.526663115530303,43.61979166666667,16399.557606889644,207.58933679607145,8
2954,64.2680176494713,1,2,349,0.002849002849002849,0.005698005698005698,0.9943019943019943,351,11700,8700,3000,0.7435897435897436,147,87,60,178.7458665245323,0.46764957264957263,0.8523082256963237,0.10566292922898571,2115704.364886521,-6265.317997724299,2109439.0468887966,2953,0,985.965811965812,84,267,47,38.820366478810485,0.5287571225071226,43.40686274509805,16490.732273831323,196.3182413551348,0
2955,64.70982750789905,1,0,350,0.002857142857142857,0.0,1.0,350,11100,8200,2900,0.7387387387387387,140,82,58,195.1021774736904,0.4678827261563651,0.8601932672433084,0.11625775550615203,2135167.5201403247,2215.166490095982,2137382.686630421,2954,0,989.6828571428572,87,263,51,38.09883113691521,0.5305952380952381,43.110795454545475,16623.25611477787,191.07190936526285,0
2956,64.943266883494,0,0,350,0.0,0.0,1.0,350,10100,6900,3200,0.6831683168316832,133,69,64,196.26632297623746,0.46778568017464867,0.8597187525849925,0.11728440822836171,2144619.570608817,4083.319461254712,2148702.890070072,2955,1,990.6828571428572,90,260,53,37.96202470565526,0.5320535714285715,43.00595238095241,16690.033021993342,185.4448113554816,0
2957,65.3372558159642,4,2,352,0.011299435028248588,0.005649717514124294,0.9943502824858758,354,9850,7100,2750,0.7208121827411168,126,71,55,192.26671474700413,0.4682898601174757,0.8586312587204652,0.11582897205490279,2162630.555596881,2510.3744272203185,2165140.9300241014,2956,0,980.4774011299435,94,260,56,37.761470985155185,0.5343985404896422,42.70833333333334,16810.73144431584,178.83756855655147,0
2958,65.22460393002599,0,5,347,0.0,0.014204545454545454,0.9857954545454546,352,9500,6700,2800,0.7052631578947368,123,67,56,191.2309278789968,0.4680885038957956,0.8561469852170875,0.11570448921095057,2161557.9906072863,2771.348041617486,2164329.3386489036,2957,1,986.1164772727273,78,274,55,37.626867264191176,0.5357185132575757,42.55010548523203,16792.067401552533,215.28291540451966,0
2959,64.71103789984564,0,1,346,0.0,0.002881844380403458,0.9971181556195965,347,11050,7500,3550,0.6787330316742082,146,75,71,234.51358059881358,0.4674779141887802,0.8833312412153724,0.1376280405321419,2125811.4101673374,19256.3290952309,2145067.7392625683,2958,2,999.5734870317003,70,277,48,37.66551237288461,0.5270773294908742,43.67664319248826,16586.950456986517,236.95643509980738,8
2960,64.42641965609172,4,2,348,0.011428571428571429,0.005714285714285714,0.9942857142857143,350,9850,6300,3550,0.6395939086294417,134,63,71,226.98663699500085,0.4682707395279029,0.8816932648093041,0.13469816965818876,2123283.175186403,16541.381464725477,2139824.5566511285,2959,0,991.9885714285714,74,276,43,37.43632224326029,0.5294940476190476,43.26388888888888,16540.588435317393,223.52146534212693,0
2961,64.01007914281398,1,0,349,0.0028653295128939827,0.0,1.0,349,10150,6900,3250,0.6798029556650246,134,69,65,224.87405808749577,0.46800382043935057,0.8807777551119662,0.13427804951154998,2113343.9743058565,15097.247127382827,2128441.2214332395,2960,0,994.7220630372493,79,270,44,37.25535216620219,0.531369388729704,43.033854166666664,16448.423331815535,208.207890276146,0
2962,64.08919978301381,3,0,352,0.008522727272727272,0.0,1.0,352,10550,7600,2950,0.7203791469194313,135,76,59,224.74885399685982,0.46869789643227144,0.8810455931263848,0.13509520829964494,2119969.763767128,14342.154982931652,2134311.9187500593,2961,0,987.2357954545455,88,264,50,37.009502790923456,0.5332919034090908,42.79026217228466,16484.36627377716,187.322344020195,0
2963,64.13083771968417,1,4,349,0.0028328611898017,0.0113314447592068,0.9886685552407932,353,9850,7300,2550,0.7411167512690355,124,73,51,222.65725197569213,0.468722167675337,0.8792838068303972,0.13445595765945542,2124131.2807143573,14140.646759893163,2138271.9274742506,2962,0,985.4362606232295,71,282,50,36.89080944350762,0.5349386213408877,42.62152777777777,16505.897034623536,232.4774230228667,0
2964,64.16701756263063,0,1,348,0.0,0.0028653295128939827,0.997134670487106,349,10550,7700,2850,0.7298578199052133,134,77,57,222.6949364373936,0.46864158954429186,0.8779532777942061,0.13523576591905395,2128714.2941851006,14460.7788873847,2143175.073072485,2963,1,987.9656160458453,74,275,47,36.680416262266796,0.5365329512893983,42.41666666666667,16528.354273840963,223.35613883568868,0
2965,64.07891671503711,3,4,347,0.008547008547008548,0.011396011396011397,0.9886039886039886,351,13050,9900,3150,0.7586206896551724,162,99,63,215.1983600560108,0.4692507800841134,0.875535867237111,0.128200191574941,2114195.9006034452,7744.298129400765,2121940.198732846,2964,0,983.2535612535612,85,266,47,37.59214290204954,0.5310422602089269,43.120155038759705,16460.582191043046,193.6539081299182,8
2966,63.64830457533005,1,0,348,0.0028735632183908046,0.0,1.0,348,10550,7800,2750,0.7393364928909952,133,78,55,198.2445082485229,0.46871411496461185,0.8664542773593413,0.11689755741007926,2093791.1940057802,2866.52112615264,2096657.7151319329,2965,0,992.4597701149426,78,270,50,38.414490481331065,0.5277179118773947,43.49947257383966,16325.823693353044,209.30543196606467,8
2967,63.42889148509733,3,2,349,0.008547008547008548,0.005698005698005698,0.9943019943019943,351,11200,8900,2300,0.7946428571428571,135,89,46,200.0004693865883,0.4690628815628816,0.8695534914656156,0.11930286717177517,2093538.7036179937,2341.7446805179898,2095880.4482985118,2966,0,984.968660968661,85,266,49,37.933127475014146,0.5303300094966761,43.0717054263566,16296.676915962813,191.72561077603308,0
2968,63.00134505571269,1,1,349,0.002857142857142857,0.002857142857142857,0.9971428571428571,350,10500,8700,1800,0.8285714285714286,123,87,36,191.41372206440167,0.468771831082003,0.860643535568907,0.1110802465838312,2062860.3390580872,-1528.0448803707022,2061332.2941777166,2967,0,988.7542857142857,86,264,52,39.1988919041158,0.5217559523809524,44.09722222222226,16122.21920349333,187.4676651568992,8
2969,62.899825920543925,1,2,348,0.002857142857142857,0.005714285714285714,0.9942857142857143,350,10850,7400,3450,0.6820276497695853,143,74,69,193.7563704579925,0.4688850798198936,0.8623172304588225,0.11307003214989986,2062915.6216234874,-909.3913186271602,2062006.2303048603,2968,0,989.7371428571429,90,260,54,38.92501713298176,0.5237202380952382,43.88736263736266,16109.440306161428,178.9937811795714,0
2970,62.94406597579045,2,3,347,0.005714285714285714,0.008571428571428572,0.9914285714285714,350,10600,8000,2600,0.7547169811320755,132,80,52,192.31062682453566,0.468947673625324,0.861586441727286,0.11305905003760933,2068822.3450111593,-1028.6956084596568,2067793.6494026997,2969,0,990.3228571428572,74,276,51,38.680480317804246,0.5258928571428572,43.611111111111114,16138.159137681849,218.08323159029524,0
2971,63.131662928122324,3,2,348,0.008571428571428572,0.005714285714285714,0.9942857142857143,350,10200,7300,2900,0.7156862745098039,131,73,58,191.64126417411939,0.4689410219675263,0.8601713352700435,0.11375217592432173,2080763.2397778588,-447.98045638630174,2080315.2593214726,2970,0,990.5428571428571,81,269,51,38.3342713538832,0.528125,43.25457317073173,16208.765744922377,200.10821907311578,0
2972,62.88519842139276,2,2,348,0.005714285714285714,0.005714285714285714,0.9942857142857143,350,11300,8100,3200,0.7168141592920354,145,81,64,190.76969590338373,0.46875153499795336,0.8586620088416235,0.11111000312194727,2061257.3267118805,-2654.9133209111114,2058602.4133909694,2971,0,991.5085714285714,93,257,53,39.07609283704822,0.5225595238095238,43.960549645390046,16101.09163925385,173.13001762638547,8
2973,62.521022861579965,4,2,350,0.011363636363636364,0.005681818181818182,0.9943181818181818,352,11350,8500,2850,0.748898678414097,142,85,57,186.6016474550724,0.46881795384399555,0.8577313202727108,0.10803558594108628,2045729.2443035513,-5402.710553187942,2040326.5337503634,2972,0,986.7073863636364,90,262,47,39.41143129884847,0.5217507102272727,44.184981684981665,15993.816608408648,177.70907342676276,8
2974,62.38057161859437,2,1,351,0.005681818181818182,0.002840909090909091,0.9971590909090909,352,11900,9000,2900,0.7563025210084033,148,90,58,191.57834094889947,0.46874898828023825,0.8622539436630925,0.1114744032771903,2044143.8092860065,-3977.2640712049715,2040166.5452148016,2973,0,987.5880681818181,92,260,55,39.09194157624546,0.5246212121212122,43.99641577060931,15969.649920638314,173.58315131128603,8
2975,62.37540236530524,0,0,351,0.0,0.0,1.0,351,10950,8000,2950,0.730593607305936,139,80,59,200.19333213500425,0.4685863519196853,0.864429501751264,0.11410312534761848,2031505.2204746958,188.75986729678334,2031693.9803419926,2974,1,991.3988603988604,78,273,48,39.66911638079496,0.5193198005698005,44.77848101265821,15919.544939119747,204.0967299887147,8
2976,62.43099428756084,1,3,349,0.002840909090909091,0.008522727272727272,0.9914772727272727,352,12000,8400,3600,0.7,156,84,72,201.75872583829823,0.4687609602974186,0.8651040927628848,0.11557917663323983,2036385.4013213946,-228.29522273721523,2036157.1060986575,2975,0,989.5795454545455,80,272,48,39.43270312001747,0.5211588541666667,44.585905349794224,15945.755884069446,199.32194855086806,0
2977,62.47927294910541,5,3,351,0.014124293785310734,0.00847457627118644,0.9915254237288136,354,11750,8900,2850,0.7574468085106383,146,89,57,181.93542919480774,0.46922981252967566,0.8520153720866717,0.10666835504025862,2051917.106967698,-7886.716094332383,2044030.3908733658,2976,0,983.8305084745763,83,271,55,39.05002540281609,0.5279249058380414,43.71279761904764,16012.638070922261,192.92335025207544,8
2978,62.392274237223184,1,1,351,0.002840909090909091,0.002840909090909091,0.9971590909090909,352,10000,7400,2600,0.74,126,74,52,201.86001710588417,0.4689916324030907,0.8663787872155859,0.11710751525650119,2042738.6319730908,2069.4510385874764,2044808.0830116782,2977,0,989.1420454545455,92,260,45,38.94299512679097,0.524118134469697,44.10842293906809,15965.657450981138,173.5397549019689,8
2979,62.76862445754565,4,2,353,0.011267605633802818,0.005633802816901409,0.9943661971830986,355,10300,7000,3300,0.6796116504854369,136,70,66,198.2387550272164,0.4698827617304581,0.8662441623120276,0.11578513081531959,2059129.3986957653,339.8496874771645,2059469.2483832424,2978,0,981.769014084507,98,257,50,38.777436603132884,0.5261737089201878,43.85521885521884,16077.855574436864,164.05975075955985,0
2980,62.75987991701412,2,1,354,0.005633802816901409,0.0028169014084507044,0.9971830985915493,355,10950,7900,3050,0.7214611872146118,140,79,61,195.25491425367042,0.47009396302485346,0.8652559222654002,0.11480894489454632,2062867.5991917544,-1392.9927606272377,2061474.606431127,2979,0,982.6957746478873,78,277,49,38.59871860803979,0.5280516431924882,43.6049578059072,16091.322059419148,206.29900076178396,0
2981,62.50428900862049,3,6,351,0.008403361344537815,0.01680672268907563,0.9831932773109243,357,9900,6500,3400,0.6565656565656566,133,65,68,191.6768096299478,0.47055446710519416,0.8623956848261087,0.11373968804357237,2059910.146734911,-2332.598989898239,2057577.5477450127,2980,0,974.3277310924369,85,272,51,38.344498962068315,0.5299661531279178,43.26550387596902,16047.007144219122,188.78831934375438,0
2982,62.72382886875894,1,0,352,0.002840909090909091,0.0,1.0,352,10000,7200,2800,0.72,128,72,56,193.14806729449225,0.46954470587283087,0.8626751191493214,0.11512547440132104,2069803.4988032335,-444.2909053551348,2069359.2078978783,2981,0,989.0113636363636,84,268,52,38.13852581532539,0.5311020359848485,43.10049019607845,16113.720889409327,191.83001058820628,0
2983,62.94665933596965,4,1,355,0.011235955056179775,0.0028089887640449437,0.9971910112359551,356,11350,8300,3050,0.7312775330396476,144,83,61,190.76495591368632,0.47014114179458777,0.8629871140301164,0.11460871056227369,2081870.699064303,-3120.405574999965,2078750.293489303,2982,0,978.8876404494382,92,264,57,37.90283947391343,0.5337371254681649,42.80913978494626,16189.305462282116,175.97071154654475,0
2984,63.40071548230716,1,5,351,0.0028089887640449437,0.014044943820224719,0.9859550561797753,356,11900,8900,3000,0.7478991596638656,149,89,60,194.52233682721987,0.47004157435248195,0.8650647243188001,0.11745146112352162,2099873.738021205,-1405.5306876013747,2098468.207333604,2983,0,979.873595505618,75,281,55,37.61959917634108,0.5356683052434457,42.626096491228054,16317.689628930359,217.56919505240478,0
2985,63.17163595159782,0,2,349,0.0,0.005698005698005698,0.9943019943019943,351,10050,7200,2850,0.7164179104477612,129,72,57,191.6180006597472,0.46979141229141225,0.8614480046503583,0.11616688727894701,2094689.2509485718,26.033254045480135,2094715.2842026174,2984,1,987.2962962962963,76,275,56,37.54377670378929,0.5372447768281101,42.478354978354965,16268.063608963901,214.0534685389987,0
2986,63.525373565941905,0,0,349,0.0,0.0,1.0,349,10600,7200,3400,0.6792452830188679,140,72,68,192.30344479737744,0.4696272327064739,0.8621944777179158,0.11732670845502866,2110207.897308359,760.0495782051803,2110967.946886564,2985,2,993.5873925501432,78,271,48,37.29015329786509,0.5392788920725884,42.24683544303796,16373.866066284627,209.9213598241619,0
2987,63.660000644385455,5,0,354,0.014124293785310734,0.0,1.0,354,11300,8800,2500,0.7787610619469026,138,88,50,186.24725266457543,0.47022011358119536,0.8591478456323998,0.11470702224107292,2120274.164691536,-3120.9523861056405,2117153.212305431,2986,0,980.5395480225989,86,268,54,37.09920285148759,0.5417549435028248,41.906130268199206,16430.255913438217,191.04948736556068,0
2988,63.62277184621734,3,0,357,0.008403361344537815,0.0,1.0,357,10450,7700,2750,0.7368421052631579,132,77,55,186.29866682756062,0.47035775920855233,0.861679320362458,0.11581474985274273,2124545.385996742,-2690.005394831551,2121855.3806019104,2987,0,973.2913165266107,75,282,57,36.75622071952619,0.5438550420168067,41.570723684210556,16441.986885422684,219.2264918056358,0
2989,63.379797056964684,1,1,357,0.002793296089385475,0.002793296089385475,0.9972067039106145,358,10750,7800,2950,0.7255813953488373,137,78,59,183.85071879726976,0.4704620675085677,0.8599708277899472,0.11474578598391108,2118748.3983733263,-4443.316801699343,2114305.081571627,2988,0,971.5698324022346,78,280,59,36.675484446710854,0.5455656424581006,41.42932489451479,16388.15691306814,210.10457580856587,0
2990,63.06057930624482,3,3,357,0.008333333333333333,0.008333333333333333,0.9916666666666667,360,11650,8200,3450,0.703862660944206,151,82,69,204.62766319003111,0.4708451008459713,0.8728591049883796,0.12615292509905213,2100894.354970153,2330.2204933335997,2103224.5754634864,2989,0,966.2055555555555,86,274,53,36.58816117012231,0.5423900462962963,41.87021072796933,16277.814047693044,189.27690753131446,8
2991,62.92660088520784,0,2,355,0.0,0.0056022408963585435,0.9943977591036415,357,12050,9000,3050,0.7468879668049793,151,90,61,201.36720822167445,0.4702705520410411,0.8702503574298437,0.12480828186844509,2099554.259885774,1106.2759646235972,2100660.535850398,2990,1,975.3081232492997,91,266,53,36.47623091533339,0.5437675070028012,41.67798913043475,16255.326077853302,178.62995689948684,0
2992,62.98459397675462,0,1,354,0.0,0.0028169014084507044,0.9971830985915493,355,11350,8100,3250,0.7136563876651982,146,81,65,201.61129186201583,0.4700296411235776,0.870424584784127,0.12555555774481245,2104263.6559454566,2498.6628186914077,2106762.318764148,2991,2,981.3464788732394,71,284,53,36.29602292867669,0.5451584507042253,41.50752314814818,16281.043700559687,229.31047465577024,0
2993,62.66953736912032,1,2,353,0.0028169014084507044,0.005633802816901409,0.9943661971830986,355,11100,7500,3600,0.6756756756756757,147,75,72,198.80335496161305,0.46978329487281506,0.8681356462892693,0.12436395295432155,2096335.489639213,1251.7056930751205,2097587.1953322883,2992,0,982.1295774647888,74,281,47,36.20511822298593,0.5471537558685446,41.34722222222226,16209.649922571378,219.0493232779916,0
2994,62.9916858129983,0,1,352,0.0,0.0028328611898017,0.9971671388101983,353,12100,9000,3100,0.743801652892562,152,90,62,199.56497609417812,0.46931134110224054,0.8686935519459058,0.12533414289828163,2109401.542557255,1492.5336826929615,2110894.0762399477,2993,4,988.6543909348442,76,277,48,36.042102282627646,0.548748819641171,41.206709956709986,16301.825616919214,214.49770548577914,0
2995,63.282748092724965,0,2,350,0.0,0.005681818181818182,0.9943181818181818,352,10700,7900,2800,0.7383177570093458,135,79,56,198.59740505636194,0.4693487694789778,0.8678805181908451,0.12546272703372519,2122568.7372947223,3207.328656098811,2125776.065950821,2994,5,991.9914772727273,80,272,53,35.85422873220789,0.5505149147727273,40.997942386831305,16390.36196743174,204.87952459289676,0
2996,62.84266738449679,0,1,349,0.0,0.002857142857142857,0.9971428571428571,350,11150,8800,2350,0.7892376681614349,135,88,47,198.25318236767018,0.46907695456406057,0.8674552209377138,0.1257674335702018,2110201.9140698705,2520.8489805411573,2112722.763050412,2995,6,996.6,82,268,56,35.71319030784382,0.5518452380952381,40.85090361445787,16285.620467149722,198.60512764816733,0
2997,62.80403997774023,1,0,350,0.002857142857142857,0.0,1.0,350,11400,7800,3600,0.6842105263157895,150,78,72,178.88583536596659,0.46903909128121163,0.8530464870406578,0.11002095722714977,2090956.7706803544,-6591.490272545192,2084365.2804078092,2996,0,997.5085714285714,89,261,57,37.339977199671054,0.5451785714285714,41.95601851851848,16206.20452897803,182.09218571885427,8
2998,62.878562104653525,2,0,352,0.005681818181818182,0.0,1.0,352,11050,7500,3550,0.6787330316742082,146,75,71,196.67492472791037,0.4692968345312096,0.8645980854077027,0.11936379977122911,2085620.4076979428,587.8473389966175,2086208.2550369394,2997,0,992.8352272727273,80,272,48,37.37267825044935,0.5400390625,42.438271604938244,16195.111134670662,202.43888918338328,8
2999,63.03954810265202,2,2,352,0.005649717514124294,0.005649717514124294,0.9943502824858758,354,9800,7000,2800,0.7142857142857143,126,70,56,194.60601027917235,0.469559412728136,0.8643033984232353,0.11902646675214415,2095531.7679317126,960.6153540897903,2096492.3832858023,2998,0,988.2203389830509,84,270,47,37.13908032319389,0.5421374764595104,42.15686274509802,16254.314853918986,193.5037482609403,0
3000,63.15804017588262,2,2,352,0.005649717514124294,0.005649717514124294,0.9943502824858758,354,10000,7500,2500,0.75,125,75,50,192.1072120157597,0.46972179542580944,0.8624941779611475,0.11665113666897668,2095192.8851889884,-299.66723821832693,2094893.2179507702,2999,0,981.3954802259886,82,272,57,37.47137497563825,0.5387829566854991,42.4196787148594,16268.268280243477,198.39351561272534,7
3001,63.38982055587634,0,3,349,0.0,0.008522727272727272,0.9914772727272727,352,10300,7600,2700,0.7378640776699029,130,76,54,196.2312414437582,0.469743002946128,0.8643376792740611,0.11967912257614503,2105487.111487401,1932.4699462005683,2107419.5814336017,3000,1,986.3892045454545,85,267,45,37.20251382427116,0.5407492897727273,42.26017441860463,16338.081293707393,192.21272110243993,0
3002,63.89090853977082,2,1,350,0.005698005698005698,0.002849002849002849,0.9971509971509972,351,11250,8600,2650,0.7644444444444445,139,86,53,224.09162691773497,0.46947123863790535,0.8788825894982557,0.13469190607337303,2113373.6886215294,13267.86963366767,2126641.558255197,3001,0,989.965811965812,98,253,48,37.02870389309338,0.5381350902184235,42.792508417508444,16433.220320441003,167.6859216371531,8
3003,64.1620684275106,2,1,351,0.005681818181818182,0.002840909090909091,0.9971590909090909,352,9900,6700,3200,0.6767676767676768,131,67,64,205.90246587373775,0.46949715504403006,0.8646147990255795,0.12507097105825588,2128707.749397147,7361.234945081335,2136068.984342228,3002,0,987.9659090909091,82,270,55,37.10322777101097,0.5402166193181819,42.407128514056225,16527.691446720066,201.55721276487884,8
3004,64.11985426832757,0,2,349,0.0,0.005698005698005698,0.9943019943019943,351,11050,8700,2350,0.7873303167420814,134,87,47,207.98330218229566,0.4694101885768553,0.8651676707800109,0.12674497724155476,2129254.2677230053,7319.866757355027,2136574.1344803604,3003,1,989.0370370370371,86,265,43,36.929319209564504,0.5419634377967711,42.289272030651325,16524.374320779167,192.14388745092054,0
3005,63.651326731666316,2,5,346,0.005698005698005698,0.014245014245014245,0.9857549857549858,351,11450,9100,2350,0.7947598253275109,138,91,47,205.27916068027656,0.46924942341609005,0.8700261844770514,0.12417235943247505,2109264.896178831,4947.62550799219,2114212.521686823,3004,0,989.988603988604,76,275,53,37.27480732177266,0.5404795821462488,42.55952380952381,16386.42786395577,215.61089294678646,8
3006,63.54203012889974,2,2,346,0.005747126436781609,0.005747126436781609,0.9942528735632183,348,10800,7500,3300,0.6944444444444444,141,75,66,200.80166341431948,0.4687343002970177,0.8659088927287208,0.12221330887513038,2109311.0737990495,4310.634455418521,2113621.708254468,3005,0,998.9683908045977,80,268,43,37.1614427364078,0.5424748563218391,42.335390946502045,16372.532351628477,204.65665439535596,0
3007,63.154261748756355,1,3,344,0.002881844380403458,0.008645533141210375,0.9913544668587896,347,10800,7400,3400,0.6851851851851852,142,74,68,200.72667731945648,0.4684562281710005,0.8655455598492705,0.12283041774802785,2099635.090926013,4090.555076982312,2103725.6460029953,3006,0,1002.7579250720461,85,262,45,36.96309322498312,0.5442483189241114,42.13905038759688,16285.017906604498,191.58844596005292,0
3008,63.4305797701365,1,1,344,0.002898550724637681,0.002898550724637681,0.9971014492753624,345,11750,8800,2950,0.7489361702127659,147,88,59,198.96884270877496,0.46805766206044264,0.8651351827337306,0.12260857035778867,2112953.1893794057,3332.3701577267,2116285.5595371323,3007,0,1007.9159420289855,89,256,51,36.7509211096662,0.5466485507246377,41.88657407407406,16372.284252937594,183.95825003300666,0
3009,63.085264436128405,1,2,343,0.002898550724637681,0.005797101449275362,0.9942028985507246,345,10650,7700,2950,0.7230046948356808,136,77,59,194.19246489040933,0.4682637484552297,0.857833226490458,0.11801105770190572,2093248.7077303338,1648.6252365631244,2094897.332966897,3008,0,1008.6579710144928,81,264,39,37.388174548383354,0.5432669082125604,42.39075203252031,16251.34752922056,200.63392011383408,7
3010,62.90271569680181,3,1,345,0.008670520231213872,0.002890173410404624,0.9971098265895953,346,11050,7800,3250,0.7058823529411765,143,78,65,190.19777094706328,0.46829221468263943,0.8555516359924831,0.11660405297263565,2092363.7718870866,-657.4149153373519,2091706.356971749,3009,0,1000.4017341040462,89,257,46,37.16602161394062,0.5458815028901733,42.07175925925926,16224.386797491072,182.2964808706862,0
3011,63.42847043749336,1,2,344,0.002890173410404624,0.005780346820809248,0.9942196531791907,346,11350,8500,2850,0.748898678414097,142,85,57,190.61214882374924,0.4682560875150093,0.8549370754199432,0.11740913513353807,2112632.31945777,-11.322782730550898,2112620.996675039,3010,0,999.664739884393,92,254,51,36.982218027166596,0.5476577552986512,41.90188172043011,16370.768865268385,177.94313983987374,0
3012,63.715100111901165,4,0,348,0.011494252873563218,0.0,1.0,348,10400,7700,2700,0.7403846153846154,131,77,54,190.7644659139312,0.4684146129384876,0.858302847481514,0.11861394514252394,2127742.72574744,1179.540935892801,2128922.2666833326,3011,0,983.2155172413793,80,268,49,36.633741374734605,0.5498084291187739,41.563786008230466,16466.28924702637,205.8286155878296,0
3013,64.15689018587108,1,1,348,0.0028653295128939827,0.0028653295128939827,0.997134670487106,349,11200,8900,2300,0.7946428571428571,135,89,46,185.75926161696916,0.4684964704849104,0.8549608868401226,0.11612154790179272,2145668.1166217127,-1284.4549962554338,2144383.6616254575,3012,0,981.3954154727794,84,265,53,36.56830458680822,0.5513968481375358,41.37254901960785,16592.73297160081,197.53253537620012,0
3014,63.73242066575466,0,0,348,0.0,0.0,1.0,348,10250,7100,3150,0.6926829268292682,134,71,63,187.87206789769283,0.46816393526339617,0.8563790009979793,0.11795141729750853,2134011.935569285,334.24705075214933,2134346.182620037,3013,1,985.1264367816092,85,263,49,36.35672634370854,0.5531309865900382,41.21850775193799,16492.77092446526,194.032599111356,0
3015,63.288346584999225,0,1,347,0.0,0.0028735632183908046,0.9971264367816092,348,11050,8400,2650,0.7601809954751131,137,84,53,189.85246541073192,0.46798140465070054,0.8577351681253242,0.11955840112289454,2120914.8111543925,-117.81883524002296,2120796.9923191527,3014,2,986.1264367816092,87,261,50,36.19523760535261,0.5545677681992337,41.110321969696976,16384.69967046071,188.32988126966336,0
3016,63.483257358195026,2,1,348,0.0057306590257879654,0.0028653295128939827,0.997134670487106,349,11400,8600,2800,0.7543859649122807,142,86,56,182.09342065242862,0.46796333805399115,0.8508987529181435,0.1130209492025697,2118953.5256177485,-4030.5008633479374,2114923.0247544004,3015,0,984.1719197707737,79,270,59,36.92281283072116,0.5514266953199618,41.62760416666668,16402.321298940995,207.62432023975944,8
3017,63.13393892603778,2,2,348,0.005714285714285714,0.005714285714285714,0.9942857142857143,350,9850,6900,2950,0.700507614213198,128,69,59,177.67254907657951,0.46785867785509616,0.8489904779951667,0.11125748556682084,2112457.072784096,-4784.873412719715,2107672.199371376,3016,0,982.34,84,266,49,36.715085982282424,0.5535416666666666,41.31127450980393,16332.038195952648,194.42902614229342,0
3018,63.42598116141521,2,1,349,0.005714285714285714,0.002857142857142857,0.9971428571428571,350,10250,7700,2550,0.751219512195122,128,77,51,175.57246209787826,0.4676772069859462,0.8476487113085809,0.11061915220926165,2125808.947669394,-5603.297821596683,2120205.649847797,3017,0,983.26,88,262,54,36.54747374289888,0.5554464285714286,41.0931647940075,16421.42005233697,186.60704604928375,0
3019,63.21500652938098,1,0,350,0.002857142857142857,0.0,1.0,350,12150,8800,3350,0.7242798353909465,155,88,67,175.08867582224624,0.46766339200436624,0.8475680816114806,0.1109726418211469,2122185.2454885896,-7835.879103578498,2114349.366385011,3018,0,982.8028571428572,92,258,56,36.34576453128149,0.5574404761904762,40.88261648745521,16380.107090621706,178.04464228936638,0
3020,63.09932608237285,3,2,351,0.0084985835694051,0.0056657223796034,0.9943342776203966,353,10650,7600,3050,0.7136150234741784,137,76,61,172.7070605832215,0.46796801227573187,0.8479280775340909,0.11046652985565765,2123555.5642034817,-7899.392104254122,2115656.1720992276,3019,0,975.4419263456091,81,272,58,36.080797385300926,0.5597261567516525,40.56148373983741,16370.395535827067,202.10364859045762,0
3021,63.238617136842755,0,3,348,0.0,0.008547008547008548,0.9914529914529915,351,11350,8600,2750,0.7577092511013216,141,86,55,168.18193779440784,0.46767874101207435,0.8443238794173509,0.10480312695900922,2113118.8736627595,-10472.314607491713,2102646.559055268,3020,1,981.8575498575499,85,266,53,37.13722492932889,0.5543387939221273,41.484980620155056,16348.132334685604,192.33096864336005,8
3022,63.24691881918776,0,1,347,0.0,0.0028735632183908046,0.9971264367816092,348,10800,7900,2900,0.7314814814814815,137,79,58,165.3511044749132,0.4672902726710612,0.8401469984572263,0.10347379971807324,2115854.0047591873,-10428.240681079711,2105425.7640781077,3021,2,990.7729885057471,90,258,47,37.05764777035298,0.5560045498084292,41.33470695970697,16359.782790260884,181.77536433623206,0
3023,63.04705051912437,2,1,348,0.0057306590257879654,0.0028653295128939827,0.997134670487106,349,10150,7100,3050,0.6995073891625616,132,71,61,191.8449263535073,0.4672343120464601,0.8619797086917269,0.11769582788734911,2097574.511971832,531.8055540453552,2098106.317525877,3022,0,988.4957020057307,84,265,50,37.097862923020884,0.5473077841451767,42.04656862745096,16263.20301932647,193.60955975388657,8
3024,63.31996318535435,1,1,348,0.0028653295128939827,0.0028653295128939827,0.997134670487106,349,10400,7500,2900,0.7211538461538461,133,75,58,186.58416113553943,0.4672432318940816,0.8590750700851078,0.11169903554771847,2092089.64628885,-2129.841665369011,2089959.8046234811,3023,0,989.2349570200573,89,260,51,38.143478913402404,0.5363240210124165,42.93981481481483,16277.041462346391,182.88810631849879,8
3025,63.36672316085853,4,1,351,0.011363636363636364,0.002840909090909091,0.9971590909090909,352,9400,6800,2600,0.723404255319149,120,68,52,181.7410835979432,0.4673600656673573,0.8570683262218435,0.10960627279040272,2098051.8838663925,-3539.555436283832,2094512.3284301087,3024,0,980.7698863636364,78,274,54,37.99201082872176,0.5385594223484849,42.66877637130799,16306.236408324165,209.05431292723287,0
3026,63.83638045382009,3,1,353,0.00847457627118644,0.002824858757062147,0.9971751412429378,354,10550,7600,2950,0.7203791469194313,135,76,59,171.40327205262153,0.4676561674749124,0.8477327756988766,0.10152347652347676,2102699.44283724,-9268.087070893962,2093431.3557663462,3025,0,973.4378531073446,89,265,47,38.933982683982705,0.5358992467043315,43.333333333333364,16384.670983147327,184.09742677693626,8
3027,63.847456001538326,2,2,353,0.005633802816901409,0.005633802816901409,0.9943661971830986,355,11650,8400,3250,0.721030042918455,149,84,65,173.9094177214878,0.4678612636269595,0.8495456750164794,0.1038142725538131,2107791.4271517685,-9337.044045137794,2098454.3831066308,3026,0,970.7408450704226,98,257,51,38.576344812524766,0.5381455399061033,43.045033670033696,16405.920907129446,167.40735619519842,0
3028,64.04547215687633,0,1,352,0.0,0.0028328611898017,0.9971671388101983,353,10000,7000,3000,0.7,130,70,60,179.02915097050771,0.4676729225684608,0.8530063885714081,0.10730445614992987,2116784.593374573,-4806.770292138909,2111977.8230824345,3027,1,977.2152974504249,99,254,54,38.29291926640197,0.5395420207743153,42.89583333333336,16466.35774766705,166.32684593603082,0
3029,64.19448012842506,1,1,352,0.0028328611898017,0.0028328611898017,0.9971671388101983,353,11150,7900,3250,0.7085201793721974,144,79,65,183.27650871926653,0.4674827909047987,0.8566427667787677,0.1103241140897152,2124318.3474769406,-3882.469973228317,2120435.877503712,3028,0,978.1841359773371,105,248,55,38.02280294638197,0.5413420679886686,42.737814465408825,16514.812257095648,157.28392625805378,0
3030,64.56141835092684,3,4,351,0.008450704225352112,0.011267605633802818,0.9887323943661972,355,10100,7100,3000,0.7029702970297029,131,71,60,179.88492624704836,0.4676785761650885,0.8548982484216812,0.10918205488460464,2141484.927570336,-4055.828348969437,2137429.0992213665,3029,0,973.5830985915493,83,272,56,37.80231904991172,0.5431631455399061,42.43551587301585,16628.72841206277,200.3461254465394,0
3031,64.06500855935796,2,4,349,0.0056657223796034,0.0113314447592068,0.9886685552407932,353,10950,7900,3050,0.7214611872146118,140,79,61,177.80292591094556,0.4674968747317367,0.851618586420738,0.10858643074841737,2128722.592398708,-5851.378923755446,2122871.2134749526,3030,0,979.7592067988669,87,266,50,37.62761349373984,0.5450306893295562,42.211174242424235,16515.24332866589,189.83038308811368,0
3032,63.598826552617126,1,2,348,0.002857142857142857,0.005714285714285714,0.9942857142857143,350,11200,8200,3000,0.7321428571428571,142,82,60,181.53031315502815,0.4673951084731887,0.8545263237960028,0.11148038686343348,2116530.8614906827,-4357.097982263256,2112173.7635084195,3031,0,983.7085714285714,90,260,53,37.32677404087912,0.5466964285714286,42.01007326007325,16407.85660305493,182.30951781172143,0
3033,63.95126381647663,2,2,348,0.005714285714285714,0.005714285714285714,0.9942857142857143,350,10450,7600,2850,0.7272727272727273,133,76,57,179.99041679425426,0.4669264224314367,0.8539146376607223,0.11114754097241729,2131550.0045328415,-3718.28525326844,2127831.719279573,3032,0,984.66,93,257,59,37.16356746355349,0.5483035714285714,41.81072695035459,16511.530315382086,177.54333672453856,0
3034,63.597109874809206,0,0,348,0.0,0.0,1.0,348,10900,7200,3700,0.6605504587155964,146,72,74,185.05212236463095,0.4668184189605486,0.85774106219326,0.11469833536923217,2121937.2683985448,-1966.2009916490824,2119971.0674068956,3033,1,989.9942528735633,97,251,57,36.896979453839734,0.5499281609195402,41.67729591836733,16428.577394637294,169.366777264302,0
3035,63.52049797094264,3,0,351,0.008547008547008548,0.0,1.0,351,9600,6700,2900,0.6979166666666666,125,67,58,178.0176038212318,0.4674535341202008,0.8522123699282302,0.11088093725614451,2122266.26728113,-4239.848885596706,2118026.418395533,3034,0,982.5242165242165,81,270,53,36.89979646829496,0.5515788224121557,41.5015243902439,16419.951895461258,202.7154554995217,0
3036,63.5518853066769,1,0,352,0.002840909090909091,0.0,1.0,352,10100,6400,3700,0.6336633663366337,138,64,74,175.65898572357372,0.46728351220538716,0.8498331005824451,0.10979715056117445,2125378.074330313,-5831.648636803483,2119546.4256935096,3035,0,980.7301136363636,85,267,58,36.83300549519171,0.5530598958333333,41.37596899224804,16436.044756154984,193.36523242535276,0
3037,63.95232416368057,2,2,352,0.005649717514124294,0.005649717514124294,0.9943502824858758,354,9400,6400,3000,0.6808510638297872,124,64,60,177.50943166626084,0.46720986513233353,0.8510459612154542,0.11144003670311363,2141346.5324523444,-4178.1588047740825,2137168.37364757,3036,0,976.1836158192091,90,264,44,36.62665324899366,0.55452565913371,41.22023809523807,16549.56722033324,183.8840802259249,0
3038,63.52856805993263,1,4,349,0.0028328611898017,0.0113314447592068,0.9886685552407932,353,12250,8600,3650,0.7020408163265306,159,86,73,178.4489213451696,0.46699790486307835,0.8515185226478361,0.11273696827632079,2130828.9072333802,-6801.1759866203165,2124027.73124676,3037,0,979.943342776204,97,256,46,36.37514363688592,0.5563031161473088,40.997023809523775,16454.088200641556,169.62977526434594,0
3039,63.626485231057345,0,3,346,0.0,0.008595988538681949,0.9914040114613181,349,10900,7700,3200,0.7064220183486238,141,77,64,178.07166394923655,0.46627234078758134,0.8504368061786125,0.11292372486552411,2136310.59010355,-4616.723701577655,2131693.8664019722,3038,1,992.0630372492836,95,254,49,36.249232336766866,0.5574259789875835,40.86371527777776,16487.93099270942,173.55716834430967,0
3040,63.6559352569089,1,0,347,0.002881844380403458,0.0,1.0,347,9750,7200,2550,0.7384615384615385,123,72,51,178.33828544028987,0.46615706884776204,0.8513844679067122,0.11355274854463496,2139659.7732337127,-2833.3489231884723,2136826.424310524,3039,0,997.0518731988473,97,250,54,36.09672002897004,0.558837656099904,40.72066326530611,16504.66867263786,170.1512234292563,0
3041,63.75739349195422,0,2,345,0.0,0.005763688760806916,0.9942363112391931,347,10800,7600,3200,0.7037037037037037,140,76,64,175.42340602250033,0.4657357587468696,0.8496527648988033,0.11317026229682632,2150665.096610594,-4744.600707771778,2145920.4959028224,3040,1,998.0518731988473,85,262,48,35.705208916246995,0.5666426512968299,40.261627906976756,16560.241594494557,194.82637169993598,8
3042,63.80211208761663,2,0,347,0.005763688760806916,0.0,1.0,347,10550,7500,3050,0.7109004739336493,136,75,61,170.92464746649821,0.46532798331972924,0.8461259843671385,0.11098983829849737,2155935.4357327246,-6249.499137370418,2149685.936595354,3041,0,998.9682997118156,89,258,52,35.591274876452516,0.5685638808837656,40.03472222222223,16586.333791666213,186.36330102995746,0
3043,63.62961702421896,3,0,350,0.008571428571428572,0.0,1.0,350,10750,8400,2350,0.7813953488372093,131,84,47,169.27808085149562,0.4657454973393369,0.8437573888460559,0.10606457529680548,2129394.376127838,-8658.041326623263,2120736.3348012147,3042,0,991.3971428571429,93,257,44,36.91049858648162,0.5544345238095238,41.28989361702124,16461.62498944368,177.00672031659872,8
3044,63.982193319623434,2,1,351,0.005681818181818182,0.002840909090909091,0.9971590909090909,352,11150,8300,2850,0.7443946188340808,140,83,57,167.40772419347732,0.4658399567253734,0.8428351192323051,0.10564715148332883,2145408.9378676154,-9718.394449448133,2135690.543418167,3043,0,986.7585227272727,98,254,49,36.7000853242321,0.5564630681818181,41.03535353535351,16569.12607304877,169.0727150311099,0
3045,64.33613989376872,0,1,350,0.0,0.002849002849002849,0.9971509971509972,351,11050,7700,3350,0.6968325791855203,144,77,67,167.26807364718093,0.4656756206756207,0.843512587820821,0.10601521398364604,2159819.0144072776,-8996.24680670911,2150822.7676005685,3044,1,990.5584045584045,100,251,55,36.548635434909485,0.5578110161443495,40.882838283828356,16670.59796504773,166.7059796504773,0
3046,64.64776419315443,1,2,349,0.002849002849002849,0.005698005698005698,0.9943019943019943,351,11200,7600,3600,0.6785714285714286,148,76,72,169.18702850056738,0.46527947361280697,0.846936304320622,0.1078082135002282,2173448.4874478946,-7856.141761928035,2165592.345685967,3045,0,991.5470085470085,105,246,59,36.306664582306894,0.5595322886989553,40.693789308176086,16763.566762625363,159.6530167869082,0
3047,65.02840491508654,2,1,350,0.005698005698005698,0.002849002849002849,0.9971509971509972,351,10350,7200,3150,0.6956521739130435,135,72,63,165.56948487554587,0.4651187084520418,0.8422884465016582,0.10639040060959938,2191200.7356765065,-7990.804587024111,2183209.9310894823,3046,0,992.2877492877493,87,264,56,36.101912437493354,0.5616393637226971,40.400094696969724,16881.367757963733,194.0387098616521,0
3048,64.79129295034109,0,2,348,0.0,0.005714285714285714,0.9942857142857143,350,10900,7700,3200,0.7064220183486238,141,77,64,162.58488939176664,0.46484223632146265,0.8398476053183681,0.10509782687007707,2186713.397255402,-9794.68883514695,2176918.708420255,3047,1,996.0885714285714,88,262,50,35.967861218728416,0.5632440476190477,40.19194756554308,16833.299636138534,191.28749586521062,0
3049,64.66154133970201,0,1,347,0.0,0.0028735632183908046,0.9971264367816092,348,10300,7300,3000,0.7087378640776699,133,73,60,161.0732624083749,0.46444621109234047,0.8374554213263494,0.10456921251009782,2184844.5913039176,-9515.990764676546,2175328.600539241,3048,2,1000.6408045977012,92,256,54,35.855343473078015,0.5645354406130267,40.04256272401436,16809.248576984257,182.70922366287235,0
3050,64.87175968431964,0,0,347,0.0,0.0,1.0,347,10900,7700,3200,0.7064220183486238,141,77,64,163.8808682919319,0.4643850677150139,0.8398511726268407,0.10690383824659906,2194752.3440331803,-8364.416034817292,2186387.927998363,3049,3,1004.5187319884726,95,252,59,35.613372335544135,0.5659822286263209,39.87630208333336,16874.682019446704,177.6282317836495,0
3051,64.48431397785997,2,0,349,0.0057306590257879654,0.0,1.0,349,10700,8000,2700,0.7476635514018691,134,80,54,185.86768647386145,0.4642482215196127,0.8589830137551202,0.12281997176067334,2189093.751338691,876.3582071416586,2189970.1095458325,3050,0,999.756446991404,75,274,57,34.58945917275963,0.5691260744985673,39.43256578947368,16802.512240036915,224.03349653382554,8
3052,64.39232607777502,1,1,349,0.002857142857142857,0.002857142857142857,0.9971428571428571,350,11900,8100,3800,0.680672268907563,157,81,76,184.89719557983327,0.46411584117887844,0.8584602604757339,0.12291468359604539,2189416.044562476,-936.622680581615,2188479.4218818946,3051,0,997.8971428571429,78,272,50,34.40570696600429,0.5707738095238095,39.227320675105474,16791.75939926361,215.27896665722577,0
3053,64.82708553360716,0,2,347,0.0,0.0057306590257879654,0.994269340974212,349,10300,6800,3500,0.6601941747572816,138,68,70,180.12156989268303,0.4638543759400147,0.8537435466972991,0.1202576363695256,2206681.78785917,-605.8024234436107,2206075.9854357266,3052,1,997.4498567335244,86,263,51,34.380736049926576,0.5722600286532951,39.08045977011491,16914.65335187205,196.68201571944243,0
3054,64.44865433387632,0,1,346,0.0,0.002881844380403458,0.9971181556195965,347,10900,8200,2700,0.7522935779816514,136,82,54,179.8899057625293,0.46358339857740166,0.8531146320597709,0.12071517683252428,2196701.75951077,-1267.105498645862,2195434.654012124,3053,2,1003.9625360230548,90,257,52,34.211184912388354,0.5736971661863592,38.90796703296701,16827.030182021208,186.96700202245788,0
3055,64.74535248396651,0,0,346,0.0,0.0,1.0,346,11350,8400,2950,0.7400881057268722,143,84,59,176.72380363122227,0.4632387743989277,0.850391574204644,0.119192037642368,2209705.985103943,-2448.470681151486,2207257.5144227915,3054,3,1007.4277456647399,95,251,57,34.1198396876817,0.5751746146435452,38.73697916666664,16915.56637487992,178.05859341978862,0
3056,64.51541086724019,0,1,345,0.0,0.002890173410404624,0.9971098265895953,346,10000,6800,3200,0.68,132,68,64,177.46941754957103,0.46297052581609005,0.8514416197319234,0.12019923656070156,2204245.9592403225,-962.7506955257277,2203283.208544797,3055,4,1008.4277456647399,96,250,57,33.95622791882342,0.5765895953757225,38.59536082474224,16864.62769899423,175.67320519785656,0
3057,64.24506871884208,0,3,342,0.0,0.008695652173913044,0.991304347826087,345,8750,6100,2650,0.6971428571428572,114,61,53,182.0932072816397,0.46266430738119313,0.8547430963950493,0.12348901625327934,2195732.687151924,2215.601467324369,2197948.288619248,3056,5,1012.3159420289855,97,248,57,33.791510821102854,0.577536231884058,38.552295918367314,16796.725715107772,173.1621207743069,0
3058,63.733949368417406,0,1,341,0.0,0.0029239766081871343,0.9970760233918129,342,10900,7400,3500,0.6788990825688074,144,74,70,176.40282315068828,0.46194471597697406,0.8474918409537993,0.1138767963061781,2150252.7876902185,-3437.867552760834,2146814.9201374575,3057,6,1021.5818713450292,88,254,47,35.656502508185376,0.5609161793372319,40.23876404494384,16555.609460237207,188.1319256845137,8
3059,64.12860923126185,0,0,341,0.0,0.0,1.0,341,11000,7900,3100,0.7181818181818181,141,79,62,178.096667473573,0.46198464723132654,0.8479210830633968,0.11526560965929278,2165055.754136397,-2082.157058764413,2162973.597077633,3058,7,1024.348973607038,91,250,48,35.521604938271594,0.562408357771261,40.14945652173915,16663.853961248504,183.1192742994341,0
3060,64.24321459711729,0,0,341,0.0,0.0,1.0,341,11500,8600,2900,0.7478260869565218,144,86,58,178.53952962587405,0.461781596802944,0.8476350968807649,0.11618744181377504,2172102.325172514,-2138.7745128859115,2169963.550659628,3059,8,1025.348973607038,96,245,51,35.316436093330616,0.5639968230694037,39.95919243986256,16705.857404093706,174.01934795930944,0
3061,64.4377522395875,0,1,340,0.0,0.002932551319648094,0.9970674486803519,341,10350,7500,2850,0.7246376811594203,132,75,57,195.2285633198634,0.46162993789891327,0.8616966660624956,0.12493836050185954,2168912.1632639975,6136.721120201272,2175048.8843841986,3060,9,1026.348973607038,75,266,51,35.47741679873216,0.561033724340176,40.542763157894726,16718.8411443995,222.91788192532667,8
3062,64.61318680321348,1,1,340,0.002932551319648094,0.002932551319648094,0.9970674486803519,341,11800,8500,3300,0.7203389830508474,151,85,66,195.22133906800056,0.4615390144327525,0.8598081261944146,0.12551364309250998,2177535.55099301,5020.28122660685,2182555.832219617,3061,0,1027.3196480938416,80,261,51,35.31233488541045,0.562774926686217,40.380658436214006,16774.833014188276,209.68541267735344,0
3063,64.50504920619413,0,0,340,0.0,0.0,1.0,340,10800,7600,3200,0.7037037037037037,140,76,64,192.48705661491746,0.46137265747006767,0.8568994704883277,0.12423738282612123,2176161.984796077,4976.603034135372,2181138.5878302124,3062,1,1031.1941176470589,84,256,48,35.24515238724291,0.5642463235294117,40.24509803921571,16755.502732530655,199.47027062536495,0
3064,64.6038789004374,0,0,340,0.0,0.0,1.0,340,9550,6900,2650,0.7225130890052356,122,69,53,191.34888401756996,0.46114888802128523,0.857042593323682,0.12396079877659978,2181658.4030586644,5941.58014656591,2187599.9832052304,3063,2,1032.1941176470589,85,255,49,35.14343307233406,0.5657781862745098,40.116279069767444,16789.496435171823,197.52348747260967,0
3065,64.19399260886908,1,1,340,0.002932551319648094,0.002932551319648094,0.9970674486803519,341,10500,7300,3200,0.6952380952380952,137,73,64,189.18699845991648,0.46107864700132256,0.8553050131485829,0.12347899693154163,2172136.721813608,3488.0053288962454,2175624.7271425044,3064,0,1030.1642228739004,94,247,53,34.93589743589743,0.5677541544477028,39.85745614035089,16699.588537778804,177.6551972104128,0
3066,64.46784464700754,1,0,341,0.002932551319648094,0.0,1.0,341,10600,7500,3100,0.7075471698113207,137,75,62,171.82119701285552,0.4610560059801046,0.841340959731653,0.11237923387848611,2182613.5415408066,-3796.1457351978006,2178817.395805609,3065,0,1028.6803519061584,97,244,57,35.31424880519585,0.5696175464320625,39.78528911564627,16775.48155615858,172.94310882637708,8
3067,64.24725039533003,0,1,340,0.0,0.002932551319648094,0.9970674486803519,341,10600,7500,3100,0.7075471698113207,137,75,62,168.74117880039623,0.4608626588465298,0.8381828868011945,0.11072053743311333,2177000.17444176,-5330.084863205151,2171670.089578555,3066,1,1029.6803519061584,102,239,59,35.28158709192861,0.5710227272727273,39.674352750809085,16725.207043145274,163.9726180700517,0
3068,64.01261453849433,0,1,339,0.0,0.0029411764705882353,0.9970588235294118,340,8900,6700,2200,0.7528089887640449,111,67,44,166.8564026209558,0.46063049482329804,0.8358103025851025,0.1096496644840323,2169917.5350725213,-4487.073222732819,2165430.4618497887,3067,2,1033.1029411764705,106,234,56,35.27770507739474,0.5720281862745098,39.6222741433022,16667.458999674673,157.24017924221388,0
3069,63.639557651886356,1,0,340,0.0029411764705882353,0.0,1.0,340,11100,7800,3300,0.7027027027027027,144,78,66,173.877912998495,0.46039316906703687,0.8426369783166232,0.11221221318846661,2146890.4750327077,-4440.632952992523,2142449.8420797153,3068,0,1033.95,85,255,48,35.733028289422535,0.5665441176470588,40.24951550387598,16530.40593319658,194.47536391995976,8
3070,63.2816656589483,0,2,338,0.0,0.0058823529411764705,0.9941176470588236,340,11100,7900,3200,0.7117117117117117,143,79,64,172.02202757704154,0.4600634796691538,0.840570827591208,0.11160789149198545,2137865.734861394,-5548.000320331606,2132317.7345410623,3069,1,1034.95,90,250,50,35.59263255240445,0.5680759803921569,40.06410256410259,16449.176554297286,182.76862838108096,0
3071,63.66381662739793,0,1,337,0.0,0.0029585798816568047,0.9970414201183432,338,10900,8200,2700,0.7522935779816514,136,82,54,175.59267112492563,0.45973068436547093,0.8423680463319745,0.1145034667074476,2153683.541479462,-2865.790838765467,2150817.7506406964,3070,2,1041.576923076923,98,240,54,35.32110014427681,0.5699580867850098,39.88846801346805,16559.692875062345,168.97645790879943,0
3072,64.11738858696476,1,1,337,0.0029585798816568047,0.0029585798816568047,0.9970414201183432,338,9850,6800,3050,0.6903553299492385,129,68,61,185.36909957963013,0.4594835873439503,0.8506158389194229,0.11770856258727702,2153576.448542105,2391.3054284299033,2155967.753970535,3071,0,1042.3343195266273,86,252,56,36.012110993055245,0.560866617357002,40.81657088122607,16618.164640110557,193.2344725594251,8
3073,63.82654157817772,2,0,339,0.0058997050147492625,0.0,1.0,339,9700,6900,2800,0.711340206185567,125,69,56,186.1279101510332,0.4593777091224334,0.8505754363651448,0.11910370367615866,2148287.6899451646,2471.259626536873,2150758.9495717017,3072,0,1040.0117994100294,78,261,57,35.71672087547222,0.5627765486725664,40.54588607594937,16560.058790002673,212.3084460256753,0
3074,63.75323883136784,0,2,337,0.0,0.0058997050147492625,0.9941002949852508,339,9900,7000,2900,0.7070707070707071,128,70,58,183.71709252984868,0.45910570595730565,0.8481049140678079,0.11805492572165086,2148249.191074148,1234.0190827488732,2149483.2101568966,3073,1,1041.0117994100294,82,257,58,35.629784062525154,0.5642514749262537,40.39909638554219,16550.398408971534,201.83412693867726,0
3075,64.23752575552246,0,1,336,0.0,0.002967359050445104,0.9970326409495549,337,10250,7600,2650,0.7414634146341463,129,76,53,185.9633164003749,0.4587480423672931,0.8487904888109914,0.1199996187714806,2167005.279256295,2946.6976775243393,2169951.9769338192,3074,2,1048.0148367952522,83,254,50,35.422634393201584,0.5658691889218596,40.2529761904762,16685.50613188462,201.03019436005567,0
3076,64.41633451328724,0,1,335,0.0,0.002976190476190476,0.9970238095238095,336,10150,7600,2550,0.7487684729064039,127,76,51,186.7790978077713,0.4586516820658612,0.8490086579077629,0.12087396637315619,2174716.801598976,3888.328438012113,2178605.130036988,3075,3,1051.8244047619048,85,251,51,35.299210289159255,0.5674603174603174,40.152616279069775,16738.415992169994,196.92254108435287,0
3077,64.82836701521099,0,2,333,0.0,0.005970149253731343,0.9940298507462687,335,10500,7500,3000,0.7142857142857143,135,75,60,222.93333050405013,0.4584342509011827,0.8721103548562998,0.14409422557652532,2187907.976104626,20051.522389876576,2207959.4984945026,3076,4,1048.2686567164178,79,256,41,34.403400073506084,0.5681592039800996,40.19531250000002,16842.713633522304,213.1989067534469,8
3078,65.17227568676317,0,0,333,0.0,0.0,1.0,333,9650,7100,2550,0.7357512953367875,122,71,51,223.97710666506723,0.45808421373180414,0.8716662469166998,0.14535628823260616,2201898.4482209687,22384.96872056771,2224283.4169415366,3077,5,1055.5285285285286,83,250,42,34.23238081607994,0.5695695695695695,40.05456349206352,16941.235651611383,204.11127291098052,0
3079,65.60858789711497,1,2,332,0.0029940119760479044,0.005988023952095809,0.9940119760479041,334,9050,6300,2750,0.6961325966850829,118,63,55,196.78991008251697,0.45802295559032086,0.8550925041723931,0.1263723157517847,2210376.211522956,11145.947182827249,2221522.158705783,3078,0,1053.3652694610778,76,258,58,35.313846327565834,0.5647766966067864,40.42207792207791,17030.54091679976,224.0860646947337,8
3080,65.95575351600203,1,1,332,0.003003003003003003,0.003003003003003003,0.996996996996997,333,10200,7300,2900,0.7156862745098039,131,73,58,185.66053692760818,0.45776047131468817,0.8438524027142937,0.11999246877734643,2225905.335875296,5852.555961726752,2231757.8918370227,3079,0,1057.3093093093094,82,251,55,35.37480073426404,0.5681306306306306,40.198293172690754,17135.41733853858,208.96850412851927,8
3081,66.06525606172693,0,1,331,0.0,0.0030120481927710845,0.9969879518072289,332,11300,8300,3000,0.7345132743362832,143,83,60,172.47802876420135,0.457389224572004,0.8377824396628033,0.11486302766637187,2247342.7330247555,-176.5510900678364,2247166.181934688,3080,1,1060.1415662650602,89,243,48,34.66786474973371,0.5776229919678715,39.16666666666665,17232.020956100358,193.61821298989165,8
3082,65.51119345112372,3,0,334,0.008982035928143712,0.0,1.0,334,8100,5300,2800,0.654320987654321,109,53,56,170.45672752454976,0.4576179847512183,0.8368326942424082,0.1142297479327465,2232130.720001372,1196.3395876898794,2233327.059589062,3081,0,1054.559880239521,95,239,53,34.504288247845494,0.579497255489022,38.95399305555554,17101.4354605808,180.01511011137686,0
3083,65.06052731913624,0,0,334,0.0,0.0,1.0,334,10850,7700,3150,0.7096774193548387,140,77,63,174.1828249345019,0.45743423063782346,0.8394384605783298,0.11726124691065268,2219401.771146834,-333.6659674016264,2219068.1051794323,3082,1,1055.559880239521,96,238,58,34.2497327632282,0.5810878243512974,38.799398625429546,16993.84886150501,177.0192589740105,0
3084,65.41767547768046,0,1,333,0.0,0.0029940119760479044,0.9970059880239521,334,10300,7200,3100,0.6990291262135923,134,72,62,175.0298517496041,0.4570910731090372,0.8413554077229513,0.11840914316706971,2234403.854551129,1117.4750821647895,2235521.3296332937,3083,2,1056.559880239521,100,234,60,34.05981177491912,0.5825848303393213,38.63448844884486,17097.924215711268,170.97924215711268,0
3085,65.6138218642669,0,2,331,0.0,0.006006006006006006,0.993993993993994,333,9950,7100,2850,0.7135678391959799,128,71,57,174.9693303517149,0.45686235934729913,0.8396036151314457,0.11900655497812507,2244202.893483895,1983.3354892519228,2246186.228973147,3084,3,1060.7177177177177,82,251,59,33.87755918106208,0.5838651151151151,38.45381526104419,17161.044774740574,209.2810338382997,0
3086,65.08674127418234,0,1,330,0.0,0.0030211480362537764,0.9969788519637462,331,9050,6000,3050,0.6629834254143646,121,60,61,173.1711910050321,0.45650767493667793,0.8368176825659523,0.11825150116822729,2228435.2263694415,1930.1564455932748,2230365.3828150346,3085,4,1067.7824773413897,84,247,56,33.789553380477365,0.585127139979859,38.32107843137256,17031.82826504439,202.75986029814752,0
3087,64.6094864706548,0,0,330,0.0,0.0,1.0,330,10000,7400,2600,0.74,126,74,52,170.86130866808134,0.4560625249455037,0.8349683435932413,0.11731203818607408,2215171.0098846764,-302.59646550141224,2214868.413419175,3086,5,1070.5848484848484,87,243,49,33.665016725431684,0.5868055555555556,38.139204545454554,16918.691521115405,194.4677186335104,0
3088,64.16660512929653,0,0,330,0.0,0.0,1.0,330,10600,8500,2100,0.8018867924528302,127,85,42,171.10029452253528,0.45551602652666484,0.8358473304344409,0.11820754997390023,2203451.8641210105,-1197.7474165327294,2202254.116704478,3087,6,1071.5848484848484,88,242,54,33.44907924314827,0.5883838383838385,37.93305243445695,16815.94634187836,191.0902993395268,0
3089,64.31350357534191,0,0,330,0.0,0.0,1.0,330,11050,8100,2950,0.7330316742081447,140,81,59,173.03203597941837,0.4552493015258973,0.8386687725870552,0.12011569333989465,2211165.6118208407,-529.5024597925858,2210636.1093610483,3088,7,1072.5848484848484,90,240,56,33.23738795762765,0.5899621212121212,37.774725274725284,16864.62614358902,187.38473492876687,0
3090,64.24543348014359,0,0,330,0.0,0.0,1.0,330,9550,6900,2650,0.7225130890052356,122,69,53,178.68467027545285,0.455119584906819,0.8377911287584254,0.11714963464986006,2176469.8697947212,2230.3602097466583,2178700.230004468,3089,8,1073.5848484848484,104,226,56,35.05126152908001,0.5734848484848485,39.70238095238099,16722.93336956383,160.79743624580607,8
3091,64.70920930044879,0,0,330,0.0,0.0,1.0,330,8250,5900,2350,0.7151515151515152,106,59,47,176.4879828049674,0.4549131128918363,0.8362602578737692,0.11601280914988454,2193699.4857801534,3182.3194251276045,2196881.805205281,3090,9,1074.5848484848484,107,223,53,35.016737970885686,0.5746843434343434,39.61226851851855,16849.484215704437,157.47181510004145,0
3092,65.1294322142328,0,1,329,0.0,0.0030303030303030303,0.996969696969697,330,9950,7500,2450,0.7537688442211056,124,75,49,178.2641152366044,0.45463199625433665,0.8380335173552178,0.11765652982970948,2210307.222398327,2853.692280382118,2213160.914678709,3091,10,1075.5848484848484,84,246,56,34.8287783997366,0.575915404040404,39.47303921568625,16967.973032381906,201.99967895692745,0
3093,65.3166528294007,0,0,329,0.0,0.0,1.0,329,8550,6200,2350,0.7251461988304093,109,62,47,178.26874668089926,0.4543316158845479,0.8373392203836538,0.11801326712026497,2218410.1816579225,4744.640541660158,2223154.8221995826,3092,11,1079.793313069909,87,242,60,34.72405153359372,0.5772859675785207,39.37026515151513,17023.46190811711,195.6719759553691,0
3094,65.24406406603015,0,0,329,0.0,0.0,1.0,329,8850,6700,2150,0.7570621468926554,110,67,43,174.68836544587327,0.45426365927793017,0.832839664232679,0.1161233507252054,2218352.2883238946,2854.0670460823994,2221206.355369977,3093,12,1080.793313069909,93,236,50,34.6733525978809,0.5786790780141844,39.228723404255305,17013.777876793156,182.94384813756082,0
3095,65.30032198606894,0,1,328,0.0,0.00303951367781155,0.9969604863221885,329,10950,8100,2850,0.7397260273972602,138,81,57,175.09941612555411,0.4538871951219512,0.8334194289891004,0.11702076581325421,2223365.4695665226,1111.999110963141,2224477.468677486,3094,13,1081.793313069909,98,231,52,34.477440425789275,0.5803254812563323,39.04671717171717,17040.33339200857,173.8809529796793,0
3096,64.98913913663503,0,2,326,0.0,0.006097560975609756,0.9939024390243902,328,9600,6300,3300,0.65625,129,63,66,176.54788301931683,0.4535746640436588,0.833382589928469,0.11836070111782891,2214581.2521326123,2995.9263676565406,2217577.1785002686,3095,14,1085.8597560975609,101,227,52,34.33099108085905,0.5819042174796748,38.93995098039217,16966.067848752133,167.98086978962507,0
3097,64.58611962882924,0,1,325,0.0,0.003067484662576687,0.9969325153374233,326,9700,7100,2600,0.7319587628865979,123,71,52,177.18692943597839,0.4532214487966022,0.8336298666541186,0.11916815024614764,2202666.1946255434,3156.731919626447,2205822.9265451697,3096,15,1092.6901840490798,103,223,54,34.204578139980846,0.5831735685071575,38.832131410256416,16867.819203943567,163.76523498974336,0
3098,65.00142821339267,0,0,325,0.0,0.0,1.0,325,8450,5900,2550,0.6982248520710059,110,59,51,176.26037492345748,0.4529594017094017,0.8320614566750888,0.11886855246118479,2218392.9918298526,4752.956093500289,2223145.947923353,3097,16,1095.4338461538462,104,221,57,34.13510220872097,0.5841346153846154,38.740079365079374,16982.26797618752,163.2910382325723,0
3099,65.29492184665871,0,1,324,0.0,0.003076923076923077,0.9969230769230769,325,8850,5600,3250,0.632768361581921,121,56,65,178.2368563999931,0.4524877334599557,0.8348076000465567,0.12053117289420047,2229984.5613319622,5643.0876064651875,2235627.648938427,3098,17,1096.4338461538462,107,218,60,33.98950222041799,0.585576923076923,38.64776234567901,17064.97393208826,159.48573768306787,0
3100,65.2056102607747,1,0,325,0.003076923076923077,0.0,1.0,325,10050,7600,2450,0.7562189054726368,125,76,49,180.69884762597948,0.45241967394745175,0.8387730362020636,0.12307586475507833,2231041.5621507643,5579.32785726154,2236620.890008026,3099,0,1096.5661538461538,84,241,56,33.67990490021553,0.5872115384615384,38.40686274509804,17057.34015473647,203.06357327067226,0
3101,65.59088684717378,0,2,323,0.0,0.006153846153846154,0.9938461538461538,325,11250,8400,2850,0.7466666666666667,141,84,57,192.793106466336,0.4521933364988921,0.8499373973243867,0.12640723920359187,2222086.6607649466,9430.598033257418,2231517.258798204,3100,1,1097.5661538461538,97,228,56,34.68185545891357,0.5729807692307692,39.70025510204085,17073.291113950443,176.01331045309735,8
3102,65.34632673918844,1,0,324,0.0030864197530864196,0.0,1.0,324,9300,7200,2100,0.7741935483870968,114,72,42,187.9822264356591,0.45210435538737914,0.8461113975396393,0.12404377664930198,2217541.7956409873,9271.68879174413,2226813.4844327313,3101,0,1093.8487654320988,80,244,57,34.58314822127881,0.5745884773662551,39.48045267489711,17023.995461451592,212.7999432681449,0
3103,64.81355706417912,0,1,323,0.0,0.0030864197530864196,0.9969135802469136,324,10500,7800,2700,0.7428571428571429,132,78,54,188.77064201736712,0.45195903247588837,0.8471786720677899,0.12497603298710266,2201371.842826572,7810.875217865103,2209182.718044437,3102,1,1094.8487654320988,81,243,53,34.44739931114037,0.5758101851851851,39.36737804878048,16892.527315621945,208.54971994594993,0
3104,64.61862512642422,1,1,323,0.0030864197530864196,0.0030864197530864196,0.9969135802469136,324,9600,6600,3000,0.6875,126,66,60,189.23813095688774,0.4518360056823249,0.847353453361922,0.12582973194090186,2197244.3331779283,8760.48217324111,2206004.8153511696,3103,0,1095.6604938271605,82,242,47,34.284413751062765,0.5774819958847737,39.21937751004017,16851.28528491432,205.503479084321,0
3105,64.5839895234631,0,1,322,0.0,0.0030959752321981426,0.9969040247678018,323,9850,7500,2350,0.7614213197969543,122,75,47,192.25753799872757,0.45142748174784786,0.8470656265816359,0.12068103960704912,2162409.110901499,8697.890361588015,2171107.001263087,3104,3,1100.0526315789473,84,239,42,36.25035518090546,0.5617905056759546,41.22549019607843,16712.690230115775,198.96059797756874,8
3106,64.43505312006022,1,0,323,0.0030959752321981426,0.0,1.0,323,10200,7400,2800,0.7254901960784313,130,74,56,164.83102229173184,0.4514931830855912,0.8256686387679184,0.10057952567531721,2140510.3522481085,-4235.498082581708,2136274.8541655266,3105,0,1100.764705882353,95,228,51,37.99309794429246,0.5508255933952528,42.24175347222223,16608.666307150972,174.82806639106286,8
3107,63.92800196223799,1,1,323,0.0030864197530864196,0.0030864197530864196,0.9969135802469136,324,11200,8800,2400,0.7857142857142857,136,88,48,165.18304163868333,0.45123042719361944,0.8266875203824873,0.10117767800322967,2125934.043086088,-5766.349687962774,2120167.693398125,3106,0,1098.3641975308642,99,225,54,37.844164849072364,0.552662037037037,42.10416666666668,16486.765339386417,166.53298322612542,0
3108,63.552283628001405,1,0,324,0.0030864197530864196,0.0,1.0,324,10000,7500,2500,0.75,125,75,50,161.6986910199091,0.45130886175132817,0.8242106350903795,0.09557617695415187,2092081.7615861238,-7142.62352897922,2084939.1380571446,3107,0,1099.101851851852,88,236,45,39.26156319846732,0.5409593621399177,43.41058052434459,16306.8435624612,185.30504048251362,8
3109,63.78225489903954,1,2,323,0.003076923076923077,0.006153846153846154,0.9938461538461538,325,9300,6600,2700,0.7096774193548387,120,66,54,160.18078309082907,0.45136870845204174,0.8234000278129212,0.09517264814558352,2102807.6795610366,-6934.1238397006,2095873.555721336,3108,0,1096.716923076923,91,234,51,39.104687522965456,0.5427564102564102,43.21784420289856,16378.144914575667,179.97961444588645,0
3110,64.06495087145399,4,2,325,0.012232415902140673,0.0061162079510703364,0.9938837920489296,327,9050,5900,3150,0.6519337016574586,122,59,63,153.43022075071843,0.45234376465732345,0.816607092327271,0.09172725555082384,2115884.4807423223,-9521.875407336867,2106362.6053349855,3109,0,1090.1467889908256,99,228,59,39.04626683689318,0.5447884811416921,42.98958333333335,16465.35971720204,166.31676482022263,0
3111,63.73667586036199,0,2,323,0.0,0.006153846153846154,0.9938461538461538,325,10250,7700,2550,0.751219512195122,128,77,51,173.34742483603276,0.4520845204178538,0.8344171676375889,0.10156576507617358,2092807.0747691102,-2693.4565820282833,2090113.618187082,3110,1,1096.9630769230769,83,242,55,39.29535648036133,0.5371153846153847,43.73759920634923,16333.313574583213,196.78691053714715,7
3112,63.83106010523656,4,3,324,0.012232415902140673,0.009174311926605505,0.9908256880733946,327,10450,7700,2750,0.7368421052631579,132,77,55,167.73760909791528,0.4524356172179384,0.8300967853892034,0.09915628284649039,2101324.12560245,-5355.783046334662,2095968.3425561155,3111,0,1091.2354740061162,90,237,46,39.10255695336668,0.5391819571865444,43.406593406593444,16378.62915887135,181.9847684319039,0
3113,64.18366557942024,3,1,326,0.009174311926605505,0.0030581039755351682,0.9969418960244648,327,9950,7100,2850,0.7135678391959799,128,71,57,168.3651242171451,0.45318958993890046,0.8313740395913101,0.1001715697534817,2116870.3839892116,-4068.57096961113,2112801.8130196007,3112,0,1091.4281345565748,92,235,52,38.843400203517945,0.5410614169215087,43.167562724014374,16484.447264069502,179.1787746094511,0
3114,64.15633859370709,2,1,327,0.006097560975609756,0.003048780487804878,0.9969512195121951,328,10150,7500,2650,0.7389162561576355,128,75,53,162.92534141668236,0.4535156152880336,0.827359834088008,0.09807437522271777,2123060.7185478415,-6569.9215164480265,2116490.7970313933,3113,0,1088.496951219512,106,222,56,38.54608151063347,0.5467797256097561,42.737538940810005,16505.01755916403,155.70771282230217,8
3115,64.57058989589517,1,0,328,0.003048780487804878,0.0,1.0,328,10100,7800,2300,0.7722772277227723,124,78,46,161.73913231867667,0.4533747917754407,0.8241911487227973,0.09789657061656848,2140107.8365201335,-6472.163090566518,2133635.673429567,3114,0,1088.9237804878048,90,238,57,38.37243983045825,0.5488440040650406,42.536630036630044,16624.561675119945,184.71735194577715,0
3116,64.6686926694224,2,1,329,0.006060606060606061,0.0030303030303030303,0.996969696969697,330,9600,6200,3400,0.6458333333333334,130,62,68,157.85851811738883,0.45388535814067726,0.8207246315132442,0.09601867978784061,2146343.575850282,-7836.276749099288,2138507.2991011827,3115,0,1083.3181818181818,94,236,49,38.290349122583024,0.5505681818181818,42.35745614035088,16661.40648742782,177.24900518540232,0
3117,64.34786349573591,2,1,330,0.006042296072507553,0.0030211480362537764,0.9969788519637462,331,9350,6600,2750,0.7058823529411765,121,66,55,159.58732349135886,0.45375888797338954,0.8235683965433473,0.09760971135116418,2139032.355114296,-7277.510317178093,2131754.844797118,3116,0,1081.0392749244713,99,232,53,38.04139060585249,0.5522092145015105,42.15625000000001,16591.694428228693,167.59287301241105,0
3118,64.24862966997635,0,2,328,0.0,0.006060606060606061,0.9939393939393939,330,10600,8000,2600,0.7547169811320755,132,80,52,160.02704286833193,0.4536514460716588,0.8234587436163339,0.09824620545194426,2137980.9227455365,-8173.047044824757,2129807.8757007117,3117,1,1084.909090909091,102,228,56,37.89226351483791,0.5536300505050504,42.02063106796117,16574.820937008793,162.49824448047838,0
3119,64.6821723924422,0,3,325,0.0,0.009146341463414634,0.9908536585365854,328,9350,6300,3050,0.6737967914438503,124,63,61,159.75810887263026,0.4532737873250292,0.8232827998983043,0.09832868842768389,2153926.8626100994,-6128.5435558906365,2147798.3190542087,3118,2,1092.4024390243903,102,226,58,37.80672793061108,0.5547510162601625,41.929611650485434,16692.553348607777,163.65248380988015,0
3120,64.28786305149092,1,2,324,0.003067484662576687,0.006134969325153374,0.9938650306748467,326,11100,8600,2500,0.7747747747747747,136,86,50,161.25527529070155,0.4530916705993393,0.8257668240315825,0.09975754102584468,2143843.1170525355,-7158.797595923429,2136684.319456612,3119,0,1099.4386503067485,104,222,63,37.581550271460735,0.5564608895705521,41.74603174603175,16602.59574361521,159.64034368860777,0
3121,64.28130193605449,0,0,324,0.0,0.0,1.0,324,8950,5900,3050,0.659217877094972,120,59,61,159.83668529128988,0.45252698626559135,0.8240916396595792,0.09926823297104143,2145959.6995535307,-5149.382970933959,2140810.316582597,3120,1,1107.1759259259259,84,240,61,37.47529839538379,0.5579668209876543,41.605392156862756,16609.94180541315,197.73740244539462,0
3122,64.69785743064176,0,0,324,0.0,0.0,1.0,324,9650,6500,3150,0.6735751295336787,128,65,63,160.95206628386802,0.45236255239587714,0.8243020561975927,0.10051088051090408,2163147.444747901,-4817.389818230969,2158330.05492967,3121,2,1108.1759259259259,88,236,61,37.247103285959966,0.5595743312757202,41.40917602996255,16730.272262085695,190.1167302509738,0
3123,65.02382041772006,0,0,324,0.0,0.0,1.0,324,9600,7000,2600,0.7291666666666666,122,70,52,156.46715165955038,0.45239858451502757,0.8190013178305882,0.0980290087268734,2175999.3505275953,-6305.5159219829775,2169693.8346056123,3122,3,1109.1759259259259,91,233,52,37.245111018717054,0.5609567901234568,41.29302536231884,16822.11585965226,184.8584160401347,0
3124,64.83233882008797,0,0,324,0.0,0.0,1.0,324,10800,8700,2100,0.8055555555555556,129,87,42,155.60992336043125,0.4523523996993209,0.8173740069351303,0.09797044717811201,2172511.5524317534,-7987.128765288789,2164524.4236664646,3123,4,1110.1759259259259,96,228,56,37.09054078345153,0.5626286008230452,41.11898625429553,16783.861597249335,174.8318916380139,0
3125,64.98257205598067,0,2,322,0.0,0.006172839506172839,0.9938271604938271,324,9000,7000,2000,0.7777777777777778,110,70,40,159.41137972200724,0.4523918160506568,0.821088712751318,0.10072049597630685,2179661.2961241454,-4307.43709163853,2175353.859032507,3124,5,1111.1759259259259,98,226,58,36.86440391073555,0.5639146090534979,40.993265993265986,16830.92375557676,171.7441199548649,0
3126,64.70739064312433,1,0,323,0.0030959752321981426,0.0,1.0,323,9650,7000,2650,0.7253886010362695,123,70,53,164.21068723134687,0.45243663827086894,0.8249914856533562,0.10428216856116031,2173445.0877493587,-2869.4176962171805,2170575.6700531417,3125,0,1111.6006191950464,104,219,60,36.55737260455737,0.565531475748194,40.81349206349204,16771.282618474725,161.26233286994926,0
3127,65.13074240420927,0,0,323,0.0,0.0,1.0,323,9100,7100,2000,0.7802197802197802,111,71,40,167.8928359647952,0.4522026774096366,0.8291946873431171,0.10683426913707582,2188856.3885103604,-201.3386826683918,2188655.049827692,3126,1,1112.6006191950464,105,218,61,36.390183963813676,0.5665312177502579,40.74292452830185,16885.605799015557,160.8152933239577,0
3128,64.65059590175078,2,0,325,0.006153846153846154,0.0,1.0,325,10350,7200,3150,0.6956521739130435,135,72,63,176.97042710202996,0.4523302469135802,0.8388466366673766,0.11277971378358026,2173605.468342202,1582.7776167645943,2175188.245958966,3127,0,1106.7476923076922,111,214,53,36.101085864925906,0.5679487179487179,40.690104166666636,16764.539288845703,151.0318854850964,8
3129,64.8545940126523,0,0,325,0.0,0.0,1.0,325,8300,5300,3000,0.6385542168674698,113,53,60,176.80209978118248,0.45213239949351064,0.8360093594076647,0.11046423353120496,2168687.9528459893,3385.71676666478,2172073.669612654,3128,1,1107.7476923076922,86,239,58,36.81902711545283,0.5605128205128205,41.39128352490421,16771.963315125424,195.02282924564446,8
3130,64.83277257713996,2,0,327,0.0061162079510703364,0.0,1.0,327,9450,7000,2450,0.7407407407407407,119,70,49,177.907411727869,0.4524543785920214,0.837817121389745,0.111960528157162,2172269.7533410434,2442.5778783286823,2174712.331219372,3129,0,1101.9663608562691,89,238,51,36.528845867238964,0.5623407237512742,41.134259259259274,16782.983697457406,188.57285053322929,0
3131,64.31283249510686,0,3,324,0.0,0.009174311926605505,0.9908256880733946,327,11450,8600,2850,0.7510917030567685,143,86,57,177.83881306311085,0.45232734845500083,0.8379828711182689,0.11237344333951173,2157249.1282549594,-121.47510994166441,2157127.6531450176,3130,1,1102.9663608562691,96,231,52,36.38391931672125,0.5640927624872579,40.990120274914084,16657.65900933719,173.51728134726238,0
3132,63.98486092445903,0,0,324,0.0,0.0,1.0,324,9750,7100,2650,0.7282051282051282,124,71,53,152.91701801770435,0.4519658009402592,0.8141658071979285,0.09973443915162047,2164646.303743817,-8347.748433689194,2156298.555310128,3131,2,1109.04012345679,107,217,55,35.904688407677966,0.5761316872427984,39.882330246913604,16643.59292314576,155.5475974125772,6
3133,64.41352270911973,0,1,323,0.0,0.0030864197530864196,0.9969135802469136,324,10500,7700,2800,0.7333333333333333,133,77,56,152.56280772629609,0.4516522617819057,0.8145096407268677,0.09983889623265046,2181096.37742785,-8749.162547590306,2172347.2148802597,3132,3,1110.04012345679,113,211,58,35.79588014981277,0.5777713477366255,39.76608187134505,16762.583395063477,148.34144597401308,0
3134,64.23969167362341,0,0,323,0.0,0.0,1.0,323,9600,6800,2800,0.7083333333333334,124,68,56,153.17861472979646,0.4510236588914742,0.8151567398855479,0.10067015214653675,2177665.595212377,-7485.640156125743,2170179.9550562515,3133,4,1114.4148606811145,115,208,57,35.63077665884953,0.5793021155830753,39.619252873563234,16726.778913150112,145.45025141869664,0
3135,64.70409267842673,0,1,322,0.0,0.0030959752321981426,0.9969040247678018,323,10350,7500,2850,0.7246376811594203,132,75,57,151.90677519128673,0.45067872686832167,0.8118356578372239,0.10036837833698158,2196494.4494096236,-8217.522292924888,2188276.9271166986,3134,5,1115.4148606811145,91,232,55,35.477999753762305,0.5809791021671826,39.436141304347814,16859.54806169191,185.2697589196913,0
3136,65.04881467887695,1,2,321,0.0030959752321981426,0.006191950464396285,0.9938080495356038,323,10500,7700,2800,0.7333333333333333,133,77,56,147.8899715806087,0.4503774621976937,0.80638879557056,0.09822732205143606,2211231.3942732387,-9696.210388555919,2201535.1838846826,3135,0,1116.0,98,225,66,35.401029686722374,0.5827850877192983,39.25715488215489,16961.013010913895,173.07156133585607,0
3137,64.6401098460604,0,2,319,0.0,0.006230529595015576,0.9937694704049844,321,9850,7100,2750,0.7208121827411168,126,71,55,149.42744409675504,0.4498860170041537,0.8060223249261178,0.09960789749497691,2199414.5389725175,-8319.421386418733,2191095.1175860986,3136,1,1123.607476635514,101,220,50,35.23593276960019,0.5842095015576324,39.13398692810458,16862.407740071165,166.95453207991252,0
3138,64.54259071062515,0,0,319,0.0,0.0,1.0,319,9400,6700,2700,0.7127659574468085,121,67,54,146.79341545318402,0.4495935279930075,0.8005888823145382,0.09822842834520333,2198293.315962901,-8661.003196379987,2189632.312766521,3137,2,1130.8934169278996,105,214,51,35.17228152415377,0.5856191222570533,39.00353773584906,16845.387840836236,160.4322651508213,0
3139,64.99452361908752,0,1,318,0.0,0.003134796238244514,0.9968652037617555,319,11150,8200,2950,0.7354260089686099,141,82,59,148.01378190087377,0.4491396561581988,0.8012413482225746,0.099573883589152,2216746.1774143334,-9328.202953319711,2207417.974461014,3138,3,1131.8934169278996,110,209,56,34.95742158025224,0.5872191745036572,38.8231981981982,16975.06181346494,154.3187437587722,0
3140,65.15370387517682,2,1,319,0.00625,0.003125,0.996875,320,10250,7300,2950,0.7121951219512195,132,73,59,171.54887464556168,0.44924773053814,0.8312129735725804,0.1132377170938462,2211199.4277374423,1615.7546890530175,2212815.1824264955,3139,0,1128.83125,81,239,58,34.99962414874773,0.5815104166666667,39.46900406504063,16974.559359451112,209.56246122779152,8
3141,65.01174867061084,0,2,317,0.0,0.006269592476489028,0.9937304075235109,319,9050,6200,2850,0.6850828729281768,119,62,57,164.87588434294275,0.4489585181680172,0.8237692620155124,0.10821853499600519,2203089.3146300833,-202.74019277486877,2202886.5744373086,3140,1,1133.1253918495297,103,216,62,35.371139837898845,0.5784025600835946,39.66346153846156,16924.933608238498,164.3197437693058,8
3142,65.2731350777026,0,2,315,0.0,0.006309148264984227,0.9936908517350158,317,9450,6900,2550,0.7301587301587301,120,69,51,143.76230615343843,0.44863667824674897,0.7943738834335987,0.09262883492690953,2201054.0867729904,-9564.277703412103,2191489.8090695785,3141,2,1139.1766561514196,100,217,67,36.57184935133706,0.5735738696109358,40.30528052805284,16951.088503058712,169.51088503058713,8
3143,65.63749952909032,0,1,314,0.0,0.0031746031746031746,0.9968253968253968,315,9700,7300,2400,0.7525773195876289,121,73,48,144.34037988381948,0.4481001246924814,0.7946199745794786,0.09324929030247694,2214923.1976631996,-8759.42884716111,2206163.7688160385,3142,3,1147.2730158730158,100,215,54,36.46267550650414,0.5751322751322752,40.21245874587462,17051.80461673142,170.5180461673142,0
3144,65.65693344719412,0,0,314,0.0,0.0,1.0,314,8500,5800,2700,0.6823529411764706,112,58,54,141.79273329325915,0.44792133011809554,0.790533421730027,0.09194106405671663,2217761.887433534,-8407.4960374351,2209354.391396099,3143,4,1151.5445859872611,105,209,56,36.39909983994354,0.5767316878980892,40.08451257861639,17065.253859521075,162.52622723353406,0
3145,65.85166369605031,0,1,313,0.0,0.0031847133757961785,0.9968152866242038,314,10900,7800,3100,0.7155963302752294,140,78,62,142.39014849451598,0.44760951479755534,0.7918863680536878,0.09270550635269009,2226759.147889431,-10286.286854099508,2216472.8610353316,3144,5,1152.5445859872611,109,205,59,36.24022892238977,0.5780918259023354,39.94318181818186,17125.174132774304,157.1116892915074,0
3146,66.22877036492326,0,1,312,0.0,0.003194888178913738,0.9968051118210862,313,9300,6800,2500,0.7311827956989247,118,68,50,143.46735107965,0.44721181152890416,0.7924044935374301,0.09368198940698644,2241263.4981481587,-7590.372569833517,2233673.1255783252,3145,6,1156.7539936102237,112,201,63,36.10901955920918,0.5792398828541001,39.84144542772866,17229.98116923764,153.8391175824789,0
3147,65.83409542618476,0,0,312,0.0,0.0,1.0,312,9750,7300,2450,0.7487179487179487,122,73,49,157.46496038072698,0.44713964637095666,0.814107692307694,0.09990194626779128,2210709.663387665,-2528.138088274979,2208181.5252993903,3146,7,1157.6442307692307,102,210,59,36.76674796747964,0.5676081730769231,40.847491909385084,17061.070947572473,167.26540144678896,8
3148,66.15320897222004,1,0,313,0.003194888178913738,0.0,1.0,313,10800,7300,3500,0.6759259259259259,143,73,70,182.65307037869374,0.4472271715682259,0.8388883109699472,0.11060538346780534,2192843.5622890084,6705.921902447123,2199549.4841914554,3147,0,1154.9424920127794,82,231,50,37.817130532267484,0.5498868477103301,42.52008032128511,17033.122932656283,207.7210113738571,8
3149,66.05172124686048,3,2,314,0.00949367088607595,0.006329113924050633,0.9936708860759493,316,10750,7800,2950,0.7255813953488373,137,78,59,164.6756241082197,0.44796606054517446,0.823536186736282,0.09742789352932676,2174956.042312591,-2317.551264845606,2172638.491047745,3148,0,1144.9683544303798,88,228,48,39.149487670649776,0.5389636075949367,43.37546816479403,16950.49204188523,192.6192277486958,8
3150,65.6408217100139,2,0,316,0.006329113924050633,0.0,1.0,316,10550,8400,2150,0.7962085308056872,127,84,43,160.93300642803646,0.4477908797133481,0.8191935590496016,0.09553309828160916,2163517.5338233276,-4113.723764407661,2159403.81005892,3149,0,1145.5569620253164,93,223,50,39.11939624785993,0.5407766350210971,43.25132978723406,16853.19368571946,181.2171364055856,0
3151,65.84363319718251,2,1,317,0.006289308176100629,0.0031446540880503146,0.9968553459119497,318,8600,6100,2500,0.7093023255813954,111,61,50,156.7689857969531,0.4485870963368583,0.8162754650697375,0.09364384696394369,2174100.5410232847,-4033.692632633744,2170066.848390651,3150,0,1139.3459119496856,99,219,57,38.99219700040536,0.5424855870020964,43.020833333333364,16920.441989317824,170.91355544765477,0
3152,65.52946534913929,0,1,316,0.0,0.0031545741324921135,0.9968454258675079,317,9000,6600,2400,0.7333333333333333,114,66,48,160.23591116203096,0.4486100573679937,0.8190962800982176,0.09613009309384857,2166410.6150832865,-2972.6442282059634,2163437.9708550805,3151,1,1143.7223974763408,101,216,61,38.74123773779738,0.5439668769716088,42.86151960784317,16850.14714078839,166.83314000780584,0
3153,65.43183162820462,2,1,317,0.006289308176100629,0.0031446540880503146,0.9968553459119497,318,10000,7400,2600,0.74,126,74,52,153.93715475466178,0.4488491508441958,0.8120216409222512,0.09291385920533833,2166930.227286731,-6885.7852519215185,2160044.4420348094,3152,0,1140.8710691823899,89,229,62,38.67714516999459,0.5460233228511531,42.63888888888889,16839.6088898699,189.2090886502236,0
3154,65.7033570776966,2,3,316,0.006269592476489028,0.009404388714733543,0.9905956112852664,319,8750,6100,2650,0.6971428571428572,114,61,53,147.56546955885327,0.4490115041107234,0.8043864734969781,0.08978491464769359,2180869.5399910314,-8185.792456924597,2172683.747534107,3153,0,1138.2476489028213,94,225,51,38.54441512752857,0.5480668756530825,42.34649122807017,16928.70048916351,180.09255839535652,0
3155,65.83956306500143,2,1,317,0.006289308176100629,0.0031446540880503146,0.9968553459119497,318,9900,7000,2900,0.7070707070707071,128,70,58,181.14715775355404,0.4488193907108704,0.8346775088446314,0.11098625416830851,2189670.823392756,5830.529214696811,2195501.352607453,3154,0,1141.9119496855346,94,224,50,37.42240976148972,0.551854035639413,42.09429824561405,16980.398715481428,180.64253952639817,8
3156,65.25149995742275,0,1,316,0.0,0.0031545741324921135,0.9968454258675079,317,10850,8100,2750,0.7465437788018433,136,81,55,179.28299578159195,0.44858925980646625,0.8365257933844694,0.1096645625284496,2169116.4865291393,3527.140380836694,2172643.626909976,3155,1,1146.5078864353313,91,226,46,37.53078389613432,0.5500460042060988,42.15353260869564,16824.86875600523,184.88866764840913,8
3157,65.57666938320412,1,1,316,0.0031545741324921135,0.0031545741324921135,0.9968454258675079,317,9650,6900,2750,0.7150259067357513,124,69,55,177.8489324422234,0.4488413262521796,0.8348319683175125,0.10926332585810675,2182596.9162210347,4584.5063003193645,2187181.422521354,3156,0,1146.7665615141955,94,223,50,37.40703357416066,0.5515904311251314,41.9956140350877,16919.06831783751,179.9900884876331,0
3158,65.78018870736945,1,1,316,0.0031545741324921135,0.0031545741324921135,0.9968454258675079,317,9950,7600,2350,0.7638190954773869,123,76,47,175.80157703861877,0.44848402414513705,0.833147966088297,0.108398578765713,2191595.0390294446,3707.1728182778734,2195302.2118477225,3157,0,1147.757097791798,99,218,52,37.32652199938128,0.5532662986330179,41.86458333333333,16980.19642038874,171.51713555948223,0
3159,65.86822416759912,2,2,316,0.006289308176100629,0.006289308176100629,0.9937106918238994,318,9450,7100,2350,0.7513227513227513,118,71,47,174.1693934396296,0.4483649286748805,0.8342473015793548,0.10822358188426953,2199240.968707007,3558.093109456615,2202799.0618164637,3158,0,1145.1289308176101,78,240,59,37.08679882300911,0.55666928721174,41.58755274261603,17021.16900364725,218.220115431375,8
3160,65.64826723664319,0,0,316,0.0,0.0,1.0,316,9850,7900,1950,0.8020304568527918,118,79,39,174.99803677515453,0.44797903690308755,0.8333853064569592,0.10931067918477524,2195081.5238951226,3776.9914486122543,2198858.515343735,3159,1,1148.2943037974683,81,235,63,36.874447364542924,0.5584783755274262,41.399898373983746,16976.64857896783,209.58825406133124,0
3161,65.59494480585137,0,1,315,0.0,0.0031645569620253164,0.9968354430379747,316,9400,6600,2800,0.7021276595744681,122,66,56,177.15425393086224,0.4479315266894381,0.8358994075840185,0.1111007967618707,2195715.7403317117,5196.076764543032,2200911.817096255,3160,2,1149.2943037974683,83,233,50,36.67370596693024,0.5602914029535865,41.257440476190474,16972.203910888977,204.4843844685419,0
3162,65.76627668187932,0,3,312,0.0,0.009523809523809525,0.9904761904761905,315,8750,6400,2350,0.7314285714285714,111,64,47,171.8188013264234,0.44743411518889226,0.8294363218471805,0.1082213207422445,2204063.9177702507,3989.924079621095,2208053.841849872,3161,3,1152.9333333333334,86,229,52,36.65560591345634,0.5620039682539683,41.10392720306513,17026.630755415194,197.98407855133945,0
3163,66.09454300636338,0,1,311,0.0,0.003205128205128205,0.9967948717948718,312,9800,7200,2600,0.7346938775510204,124,72,52,215.4971690339368,0.44691871410118994,0.8552608832311814,0.12846247766188337,2181110.0401602606,21804.607801206646,2202914.6479614675,3162,4,1164.2179487179487,85,227,46,37.55972025774008,0.5402644230769231,43.095930232558146,16979.957087753995,199.76420103239994,8
3164,66.18125055041973,2,0,313,0.006389776357827476,0.0,1.0,313,8050,5200,2850,0.6459627329192547,109,52,57,216.5277779740439,0.4470697311651784,0.8582941269225701,0.13000252236649398,2188446.0997158345,24121.87423748664,2212567.973953321,3163,0,1161.479233226837,91,222,52,37.264497938038446,0.5419994675186368,42.832880434782616,17019.64157327544,187.02902827775208,0
3165,66.3502677550908,2,1,314,0.006349206349206349,0.0031746031746031746,0.9968253968253968,315,9350,6500,2850,0.6951871657754011,122,65,57,213.33056543164406,0.4475853469484043,0.8570977090832688,0.12871648175647882,2197122.0761769474,21392.658966634983,2218514.7351435823,3164,0,1155.0984126984126,73,242,49,37.162008168325855,0.5436507936507937,42.65202702702702,17075.106912986583,233.90557415050114,0
3166,66.53081762001894,3,3,314,0.00946372239747634,0.00946372239747634,0.9905362776025236,317,9450,7200,2250,0.7619047619047619,117,72,45,193.30760097308257,0.44845989897376515,0.8497233020490038,0.12121222274964166,2226946.9509908394,13247.15451807254,2240194.105508912,3165,0,1148.7539432176657,79,238,46,36.26143836076024,0.5562565720294427,41.26302083333335,17213.982772492225,217.89851610749653,8
3167,66.81565391108145,2,1,315,0.006329113924050633,0.0031645569620253164,0.9968354430379747,316,10900,7900,3000,0.7247706422018348,139,79,60,191.87066570955983,0.4479329917621057,0.8468913089597625,0.12110313526802245,2240509.710288298,11877.61792834961,2252387.3282166473,3166,0,1153.379746835443,89,227,49,36.061219739292355,0.5582146624472574,41.03009259259259,17303.24370671812,194.41846861481034,0
3168,66.24229249666891,0,1,314,0.0,0.0031746031746031746,0.9968253968253968,315,11100,8000,3100,0.7207207207207207,142,80,62,193.01594338430243,0.44782504296835507,0.8471803475395063,0.12253683180977397,2224812.189835434,11784.844734796477,2236597.03457023,3167,1,1157.3428571428572,93,222,53,35.82196710563824,0.5601521164021164,40.82446808510639,17168.38139308616,184.60625153856088,0
3169,66.5292375244957,2,0,316,0.006329113924050633,0.0,1.0,316,9700,6800,2900,0.7010309278350515,126,68,58,189.87130584360213,0.4479756881655616,0.8463790508215894,0.12118847195387632,2237704.9155544057,12075.190881792601,2249780.106436198,3168,0,1154.632911392405,96,220,50,35.71115573589489,0.5622362869198312,40.63573883161512,17255.30653663682,179.74277642330023,0
3170,66.53973530931694,0,0,316,0.0,0.0,1.0,316,9850,7100,2750,0.7208121827411168,126,71,55,222.0623059248922,0.4480458023575112,0.8636465550410086,0.13450210927079917,2205807.216149884,24915.32736880218,2230722.543518686,3169,1,1155.632911392405,73,243,47,36.793406953859595,0.5419633438818565,42.51126126126127,17133.23252080557,234.70181535350096,8
3171,66.81975152007297,3,1,318,0.009404388714733543,0.003134796238244514,0.9968652037617555,319,9700,6900,2800,0.711340206185567,125,69,56,216.2307244870178,0.44864347771797347,0.8612365289539761,0.13170416855118333,2218593.6728817085,22445.623445905047,2241039.2963276133,3170,0,1145.755485893417,77,242,46,36.73559286898836,0.5441157262277951,42.3076923076923,17218.935968634156,223.62254504719684,0
3172,66.69418542850234,2,0,320,0.00625,0.0,1.0,320,9100,6500,2600,0.7142857142857143,117,65,52,209.94997372329306,0.44902058026384534,0.8581192839073757,0.12890476881290333,2219404.91863896,20092.800869919192,2239497.7195088794,3171,0,1143.16875,82,238,50,36.60174239475902,0.5461263020833333,42.01807228915662,17205.89452394944,209.8279819993834,0
3173,66.36853885648507,1,0,321,0.003115264797507788,0.0,1.0,321,9750,6600,3150,0.676923076923077,129,66,63,208.12656555882978,0.44911531347352024,0.8617192740694417,0.12299840601835588,2184686.6082546534,16988.26411968143,2201674.872374335,3172,0,1140.6043613707166,74,247,51,38.07648587203635,0.5318016614745587,43.41666666666665,17029.060928259718,230.12244497648268,8
3174,65.88081182265901,1,1,321,0.003105590062111801,0.003105590062111801,0.9968944099378882,322,11650,8400,3250,0.721030042918455,149,84,65,205.5648666552501,0.44907985204104667,0.8618220719339851,0.12362051570089758,2179518.5740942503,13556.489011265512,2193075.0631055157,3173,0,1138.05900621118,95,227,50,37.48576309794988,0.5410196687370601,42.773437500000014,16946.29475985203,178.38205010370558,8
3175,65.92028957214735,1,1,321,0.003105590062111801,0.003105590062111801,0.9968944099378882,322,9450,6300,3150,0.6666666666666666,126,63,63,158.20045550294387,0.44907340221744935,0.821755570282918,0.09459166701437223,2177243.9195914017,-4961.804035924535,2172282.1155554773,3174,0,1138.975155279503,97,225,58,38.91870002757102,0.5449016563146998,42.984693877551045,16942.523404066094,174.66518973264016,8
3176,65.70834403786216,1,2,320,0.003105590062111801,0.006211180124223602,0.9937888198757764,322,10500,8300,2200,0.7904761904761904,127,83,44,178.6658678624441,0.449265889140432,0.8409383132058859,0.1027446524622387,2145734.2409174386,1773.8940711357318,2147508.1349885743,3175,0,1138.8757763975154,79,243,51,39.874121108676846,0.5264945652173914,44.440104166666686,16792.41755769698,212.56224756578456,8
3177,65.12994400669577,2,0,322,0.006211180124223602,0.0,1.0,322,9150,6500,2650,0.7103825136612022,118,65,53,174.69003393434383,0.44941685532400694,0.8379990571853329,0.10112771830967805,2131023.638922025,903.7183596362393,2131927.357281661,3176,0,1139.8540372670807,82,240,53,39.72049829105949,0.5283385093167702,44.18925702811248,16660.939366070448,203.182187391103,0
3178,65.49733114809678,3,0,325,0.009230769230769232,0.0,1.0,325,9100,6200,2900,0.6813186813186813,120,62,58,174.8919878653922,0.45030626780626776,0.8374195180738924,0.10189244255213725,2147063.915307934,1000.8552444515153,2148064.7705523856,3177,0,1130.323076923077,93,232,58,39.47134943304767,0.5305448717948718,43.94946808510639,16770.626479476152,180.32931698361455,0
3179,65.88907162680232,3,1,327,0.009146341463414634,0.003048780487804878,0.9969512195121951,328,9200,6100,3100,0.6630434782608695,123,61,62,192.0402083040275,0.4512923519430148,0.8496432224807453,0.11335965694062983,2168172.6373845227,8475.264984483303,2176647.902369006,3178,0,1120.9756097560976,78,250,59,38.533314487390356,0.5329966971544715,43.459915611814345,16903.187995399072,216.70753840255222,0
3180,65.93250312955648,0,1,326,0.0,0.0030581039755351682,0.9969418960244648,327,11150,8100,3050,0.726457399103139,142,81,61,193.54436552977035,0.4512430973777853,0.8517828394136395,0.11492024522377399,2173286.1000083014,7575.455868154982,2180861.555876456,3179,1,1125.3914373088685,79,248,49,38.27278470848757,0.5349133537206932,43.24218749999999,16928.685276194286,214.28715539486439,0
3181,65.49127620608617,1,1,326,0.0030581039755351682,0.0030581039755351682,0.9969418960244648,327,10750,7200,3550,0.6697674418604651,143,72,71,191.28719259666917,0.4515835381450004,0.8497922950416694,0.11438598827924303,2163133.9185570483,6605.962898281849,2169739.88145533,3180,0,1122.6177370030582,83,244,57,38.06470938273988,0.5369520897043834,42.98115079365079,16832.49244354341,202.80111377763146,0
3182,65.12884584955964,4,1,329,0.012121212121212121,0.0030303030303030303,0.996969696969697,330,10700,8000,2700,0.7476635514018691,134,80,54,189.20395601093946,0.45258492984556814,0.8494121412771882,0.11440616710937863,2157999.810655151,4960.420249362038,2162960.230904513,3181,0,1113.1545454545455,76,254,56,37.702432252526826,0.5394886363636364,42.573051948051926,16765.920017197826,220.60421075260297,0
3183,65.40914504562933,1,0,330,0.0030303030303030303,0.0,1.0,330,11000,8400,2600,0.7636363636363637,136,84,52,189.9167671971737,0.452954890853827,0.8493652743652755,0.11536734962574492,2170116.861813685,5428.315767145467,2175545.17758083,3182,0,1113.1969696969697,78,252,59,37.51290352852852,0.5413194444444445,42.405063291139214,16849.064578209443,216.0136484385826,0
3184,65.70141388455598,0,1,329,0.0,0.0030303030303030303,0.996969696969697,330,9600,6800,2800,0.7083333333333334,124,68,56,190.3797418956268,0.4526146725614811,0.8471284076875192,0.11606518556224002,2182027.1848973855,7482.754453999861,2189509.9393513855,3183,1,1114.1969696969697,83,247,54,37.36773043673511,0.542739898989899,42.274305555555515,16932.942519378834,204.01135565516668,0
3185,65.2344768580379,1,2,328,0.0030303030303030303,0.006060606060606061,0.9939393939393939,330,11350,8400,2950,0.7400881057268722,143,84,59,193.52262174555347,0.45257245709373367,0.8472097157028662,0.11848578583001901,2169121.9832830788,6604.834618170827,2175726.8179012495,3184,0,1115.090909090909,91,239,55,37.12899543378993,0.5446969696969697,42.11956521739129,16822.695254966766,184.86478302161282,0
3186,64.84248020681791,1,1,328,0.00303951367781155,0.00303951367781155,0.9969604863221885,329,10150,6800,3350,0.6699507389162561,135,68,67,194.82184516059036,0.4521311346282156,0.8495068705673747,0.11989036625267085,2159166.8747327477,8180.574909011684,2167347.4496417595,3185,0,1119.3647416413373,92,237,57,36.90782335069439,0.5462892603850051,41.93548387096774,16733.543279178793,181.88633999107384,0
3187,64.46115749270757,1,2,327,0.00303951367781155,0.0060790273556231,0.993920972644377,329,9100,6400,2700,0.7032967032967034,118,64,54,197.66982203491412,0.45231801529641436,0.8513374156997278,0.12229359911710835,2149665.524491511,10084.800332165043,2159750.3248236757,3186,0,1119.790273556231,94,235,59,36.63846785264439,0.5479040020263424,41.74342105263157,16647.518009054114,177.1012554154693,0
3188,64.44407326725019,1,0,328,0.003048780487804878,0.0,1.0,328,9700,6600,3100,0.6804123711340206,128,66,62,200.7668060658175,0.45253121037517713,0.8525984450501387,0.12489905014286773,2152400.849077508,11126.128768529532,2163526.9778460376,3187,0,1122.1737804878048,76,252,53,36.35599319549855,0.5500190548780488,41.54491341991344,16655.898535860706,219.15655968237772,0
3189,64.42266628380203,1,0,329,0.00303951367781155,0.0,1.0,329,9950,7400,2550,0.7437185929648241,125,74,51,197.2552809728303,0.4525550911854103,0.8512113173754572,0.12344719108548609,2155227.338069641,9275.994826250831,2164503.3328958917,3188,0,1119.759878419453,80,249,45,36.229947631831905,0.5518933637284701,41.332304526748985,16664.06262387345,208.30078279841814,0
3190,64.10384487006269,1,0,330,0.0030303030303030303,0.0,1.0,330,9850,7200,2650,0.7309644670050761,125,72,53,192.24050964697295,0.4529472153142366,0.8474471434040922,0.12089993205284959,2147453.451851588,6715.50920542047,2154168.9610570087,3189,0,1117.3636363636363,85,245,49,36.181952893464384,0.5535669191919192,41.15794573643412,16592.770892360048,195.2090693218829,0
3191,63.60393304814003,3,0,333,0.009009009009009009,0.0,1.0,333,10100,7400,2700,0.7326732673267327,128,74,54,191.03711188920192,0.45361777440090695,0.8488785671025563,0.12102225098270664,2134959.903700992,4871.314800457665,2139831.2185014496,3190,0,1108.2882882882882,90,243,53,35.94994845740374,0.5556806806806807,40.89972527472529,16479.796526381153,183.1088502931239,0
3192,63.63946461671313,1,0,334,0.0029940119760479044,0.0,1.0,334,9550,7200,2350,0.7539267015706806,119,72,47,204.96242132952196,0.45402082471693245,0.8624915694435651,0.12429230606661873,2110372.3876146073,10159.406894490232,2120531.7945090975,3191,0,1105.9670658682635,77,257,53,37.18950943787594,0.5389533433133733,42.467948717948694,16389.20186523354,212.84677747056546,8
3193,63.83038726922292,1,0,335,0.0029850746268656717,0.0,1.0,335,11350,8500,2850,0.748898678414097,142,85,57,200.37425321033874,0.4544932523013674,0.8573614747240299,0.11663890739506992,2091896.7443001578,5482.449586456081,2097379.193886614,3192,0,1103.6626865671642,98,237,51,38.85152953586495,0.5247823383084578,43.98148148148146,16341.761185129622,166.7526651543839,8
3194,63.69623081446675,3,1,337,0.008875739644970414,0.0029585798816568047,0.9970414201183432,338,10500,8300,2200,0.7904761904761904,127,83,44,208.36980268041094,0.45534055127327216,0.8658773633069152,0.12174995908681781,2089798.4454670877,8990.177944760659,2098788.623411848,3193,0,1094.8579881656806,91,247,53,38.502990924092394,0.5296782544378698,43.84057971014491,16316.389560082493,179.30098417673068,7
3195,64.04252201703899,2,0,339,0.0058997050147492625,0.0,1.0,339,9800,6400,3400,0.6530612244897959,132,64,68,208.48193485118213,0.45577584902806145,0.8667044580108281,0.122254814364393,2103368.4568001973,10102.865115729132,2113471.3219159264,3194,0,1089.7050147492625,70,269,53,38.36271872078156,0.5313114552605703,43.70598591549292,16413.71503984217,234.4816434263167,0
3196,64.04029295045592,1,2,338,0.0029411764705882353,0.0058823529411764705,0.9941176470588236,340,11550,9100,2450,0.7878787878787878,140,91,49,203.79758925025666,0.4556679825322459,0.8634952968570333,0.12012544145178597,2106449.3445678847,6307.859660142587,2112757.2042280273,3195,0,1087.4970588235294,74,266,52,38.28676377682711,0.5331495098039216,43.51388888888885,16425.44569327857,221.96548234160227,0
3197,63.965700596925316,0,2,336,0.0,0.005917159763313609,0.9940828402366864,338,10100,7300,2800,0.7227722772277227,129,73,56,204.04787530973846,0.4554993079088605,0.8612126620104121,0.12092623489258797,2107296.9343171217,8297.892418826412,2115594.826735948,3196,1,1093.0976331360946,80,258,44,38.075108550434194,0.5347941321499015,43.31275720164608,16419.179319889718,205.23974149862147,0
3198,63.931233188389456,0,5,331,0.0,0.01488095238095238,0.9851190476190477,336,11750,9200,2550,0.7829787234042553,143,92,51,207.70317750355034,0.4551463293650793,0.8616707931603653,0.12370223170812347,2109162.259815406,8665.940646845636,2117828.200462252,3197,2,1100.3660714285713,83,253,45,37.79468797270764,0.5367993551587302,43.12996031746031,16422.01840605526,197.8556434464489,0
3199,63.59567280008774,2,1,332,0.006006006006006006,0.003003003003003003,0.996996996996997,333,10100,7200,2900,0.7128712871287128,130,72,58,209.71832091272734,0.4546489260344682,0.861807558010089,0.12207813838393443,2084204.507814852,10719.173963533289,2094923.6817783853,3198,0,1111.069069069069,89,244,50,38.61230409885469,0.5270895895895895,43.98148148148147,16281.669934466836,182.94011162322286,8
3200,63.18903817645447,3,1,334,0.008955223880597015,0.0029850746268656717,0.9970149253731343,335,9550,7100,2450,0.743455497382199,120,71,49,207.29211928105337,0.4549691661453213,0.8624023427369971,0.12181586839937476,2076622.3488113994,9543.489526302616,2086165.838337702,3199,0,1105.3253731343284,75,260,51,38.31222712287268,0.5294154228855721,43.6266447368421,16199.985733149391,215.99980977532522,0
3201,63.37683421450113,1,1,334,0.0029850746268656717,0.0029850746268656717,0.9970149253731343,335,9600,7300,2300,0.7604166666666666,119,73,46,205.22997319863447,0.4551840349152441,0.8611967915357426,0.12114545990754347,2085503.929486847,9001.583110846603,2094505.5125976936,3200,0,1105.865671641791,78,257,54,38.19494414747807,0.5311256218905472,43.459915611814345,16258.698397644168,208.44485125184832,0
3202,63.56475295935332,2,3,333,0.005952380952380952,0.008928571428571428,0.9910714285714286,336,10550,7700,2850,0.7298578199052133,134,77,57,208.2505792434963,0.4553440017176025,0.863292622899315,0.12375878890215454,2095759.4239577143,9538.62279884209,2105298.0467565563,3201,0,1103.5416666666667,82,254,48,37.86268185002364,0.5330791170634921,43.21034136546185,16322.771213621101,199.05818553196465,0
3203,63.493002520910096,2,0,335,0.005970149253731343,0.0,1.0,335,11500,8300,3200,0.7217391304347827,147,83,64,205.3716404210153,0.4558211934340275,0.8621486985475897,0.12316628308186922,2098880.330410064,7710.099300743801,2106590.429710808,3202,0,1107.086567164179,87,248,52,37.59341527790567,0.5354166666666667,42.87405303030304,16325.698399138408,187.65170573722307,0
3204,63.110728418354846,1,0,336,0.002976190476190476,0.0,1.0,336,8950,6100,2850,0.6815642458100558,118,61,57,214.51072609243994,0.4559447924070126,0.867167017693969,0.12794601016313395,2082979.3624075297,13214.283093122178,2096193.6455006518,3203,0,1104.7886904761904,87,249,45,37.5639733548338,0.5348772321428572,43.075284090909115,16214.70596970174,186.3759306862269,8
3205,63.23669952570347,4,1,339,0.011764705882352941,0.0029411764705882353,0.9970588235294118,340,9800,6300,3500,0.6428571428571429,133,63,70,211.96718383627794,0.4567577289027705,0.8672919054629908,0.12723998880246376,2090962.9124879146,10843.104013233666,2101806.016501148,3204,0,1092.7794117647059,94,246,51,37.388962321806765,0.5372242647058824,42.839912280701775,16261.955197108924,172.9995233734992,0
3206,63.54050620540575,3,0,342,0.008771929824561403,0.0,1.0,342,11450,8300,3150,0.7248908296943232,146,83,63,211.0753816743746,0.45699496378613524,0.8680279516611824,0.12753671918444906,2104928.724402233,9009.726780110617,2113938.4511823435,3205,0,1087.122807017544,76,266,50,37.167030185175456,0.5392909356725146,42.6001082251082,16355.319420593165,215.20157132359427,0
3207,64.0198399492357,1,1,342,0.0029154518950437317,0.0029154518950437317,0.9970845481049563,343,10450,7600,2850,0.7272727272727273,133,76,57,243.41129473762425,0.45711643053211265,0.8764496684944572,0.14303526966117022,2103899.232582343,23372.567240072975,2127271.7998224157,3206,0,1084.9504373177842,76,267,47,37.38786871405207,0.5288204567541301,43.62824675324677,16412.87861036218,215.9589290837129,8
3208,63.77938680168008,6,3,345,0.017241379310344827,0.008620689655172414,0.9913793103448276,348,12250,9100,3150,0.7428571428571429,154,91,63,232.04610046330626,0.4585360492784347,0.8727499199044984,0.13780696986698454,2102427.347914268,15722.013518183874,2118149.3614324518,3207,0,1070.3247126436781,84,264,43,37.27716924398626,0.5320581896551724,43.23529411764707,16376.295493490288,194.95589873202724,0
3209,63.407731263020615,4,3,346,0.011461318051575931,0.008595988538681949,0.9914040114613181,349,10650,7400,3250,0.6948356807511737,139,74,65,195.59931654995313,0.4590098694683222,0.8599267717065866,0.11330672050006219,2075076.3614976925,726.7036195818191,2075803.0651172744,3208,0,1068.2292263610316,92,257,47,39.16030019117666,0.5242060649474689,44.16442652329747,16221.95329053141,176.32557924490663,8
3210,63.171282830250384,5,2,349,0.014245014245014245,0.005698005698005698,0.9943019943019943,351,10850,7900,2950,0.728110599078341,138,79,59,197.98226800785838,0.459667616334283,0.8653847040207847,0.1159280674001795,2073869.4730408995,1067.8763649790944,2074937.3494058787,3209,0,1062.4245014245014,97,254,49,38.6875440743352,0.5274216524216524,43.76062925170065,16186.969761786022,166.8759769256291,0
3211,62.96250290054568,4,2,351,0.0113314447592068,0.0056657223796034,0.9943342776203966,353,10050,7500,2550,0.746268656716418,126,75,51,197.51614572064847,0.4604599912009615,0.8658288882629954,0.1143575798504423,2060190.127726182,734.1626960413523,2060924.2904222235,3210,0,1057.3682719546741,83,270,47,39.13124929306641,0.5218661473087819,44.18402777777778,16106.813893047585,194.0579987114167,8
3212,63.15875446167113,2,1,352,0.0056657223796034,0.0028328611898017,0.9971671388101983,353,11650,8200,3450,0.703862660944206,151,82,69,194.0791680144075,0.4606789611769251,0.8639275213687476,0.11307910018390138,2070446.9861453804,-1883.874302193528,2068563.111843187,3211,0,1056.1388101983002,89,264,51,38.977299266223724,0.5244039187913125,43.94675925925926,16172.003761059608,181.70790742763606,0
3213,63.10057511455515,5,1,356,0.014005602240896359,0.0028011204481792717,0.9971988795518207,357,12000,8200,3800,0.6833333333333333,158,82,76,190.5338027992826,0.4617698202876656,0.8662632749348038,0.11102483311491207,2068602.1072400813,-4572.274805786846,2064029.8324342945,3212,0,1039.9915966386554,80,277,55,39.06414795841497,0.5182072829131652,43.94290123456793,16157.350194263345,201.9668774282918,8
3214,62.96927036475242,3,3,356,0.008356545961002786,0.008356545961002786,0.9916434540389972,359,11500,7700,3800,0.6695652173913044,153,77,76,188.7597159235971,0.462306388530109,0.865457935369347,0.11081305675985192,2068790.7793858212,-5199.1280355559475,2063591.6513502651,3213,0,1035.1866295264624,72,287,55,38.82579974764344,0.520253017641597,43.6643835616438,16141.266735622172,224.18426021697462,0
3215,63.24332270399747,6,5,357,0.016574585635359115,0.013812154696132596,0.9861878453038674,362,11800,8800,3000,0.7457627118644068,148,88,60,180.34702495642742,0.4631046165500987,0.859441514758269,0.10695023542115964,2083892.563788287,-9035.235158392505,2074857.3286298946,3214,0,1027.511049723757,78,284,54,38.65878661804235,0.522703729281768,43.28850210970462,16235.288102902427,208.14471926797984,0
3216,63.304881481917924,2,2,357,0.005571030640668524,0.005571030640668524,0.9944289693593314,359,10600,7100,3500,0.6698113207547169,141,71,70,192.4461323647386,0.46278036704481207,0.8606587158039796,0.1123631016653934,2076512.0448416413,-2476.6576322874134,2074035.387209354,3215,0,1036.8523676880222,96,263,50,38.93896831719144,0.5234157381615598,43.86812714776629,16214.397854652101,168.89997765262606,8
3217,63.3730064244867,4,2,359,0.0110803324099723,0.00554016620498615,0.9944598337950139,361,11750,8500,3250,0.723404255319149,150,85,65,188.40088074994517,0.4629700164153073,0.8597975398062994,0.11126015341326173,2085642.787375357,-5362.6123857418115,2080280.174989615,3216,0,1032.0914127423823,84,277,47,38.610082795955755,0.5258829639889196,43.443627450980415,16258.748645792135,193.5565314975254,0
3218,63.54427906130721,2,2,359,0.00554016620498615,0.00554016620498615,0.9944598337950139,361,10800,7500,3300,0.6944444444444444,141,75,66,188.05679043948908,0.46319059710680205,0.8613708237660125,0.10859638716557805,2077623.1798540347,-4857.770610793107,2072765.4092432417,3217,0,1033.0138504155125,87,274,44,39.473732429137875,0.5184960757156047,44.282670454545446,16249.37334944858,186.77440631550093,8
3219,63.482233088125675,1,2,358,0.002777777777777778,0.005555555555555556,0.9944444444444445,360,10650,7400,3250,0.6948356807511737,139,74,65,187.1204937538614,0.46323039177757147,0.8605531242402154,0.10868589939694233,2079152.02378403,-4839.609344039002,2074312.414439991,3218,0,1036.8472222222222,92,268,49,39.2745258935084,0.5202835648148147,44.063620071684575,16247.412926340323,176.60231441674264,0
3220,63.87133763894456,1,0,359,0.002785515320334262,0.0,1.0,359,10900,8600,2300,0.7889908256880734,132,86,46,200.91352783388004,0.46314411799795624,0.868831330811126,0.11659312599493582,2091346.6069883057,1335.964946686252,2092682.571934992,3219,0,1040.66852367688,92,267,46,38.95578923563995,0.5241991643454039,44.0972222222222,16344.852722188114,177.6614426324795,8
3221,64.34044815577131,4,5,358,0.011019283746556474,0.013774104683195593,0.9862258953168044,363,9850,7200,2650,0.7309644670050761,125,72,53,205.92913219934553,0.46380873019496827,0.876096007892966,0.12066108309266499,2112659.694757969,4561.635514808906,2117221.330272778,3220,0,1030.190082644628,73,290,51,38.458699533095306,0.5266012396694215,43.735923423423436,16488.145533161896,225.86500730358762,0
3222,64.06872048672614,3,3,358,0.008310249307479225,0.008310249307479225,0.9916897506925207,361,10700,7600,3100,0.7102803738317757,138,76,62,201.8277292980074,0.4636426592797784,0.871730330497253,0.11947042528589749,2109976.469044719,2270.3519239053912,2112246.820968624,3221,0,1036.7008310249307,81,280,42,38.17641563134194,0.5288550323176362,43.3561991869919,16442.83993893979,202.99802393752827,0
3223,63.98750190379833,1,2,357,0.002785515320334262,0.005571030640668524,0.9944289693593314,359,10700,7100,3600,0.6635514018691588,143,71,72,201.37395289312252,0.4635279692711494,0.8711204354171909,0.12000393837904688,2111378.891854606,2535.3427015733105,2113914.2345561795,3222,0,1043.2562674094709,85,274,45,37.934907743568,0.5306116527390901,43.10804263565895,16437.87461092143,193.38676012848742,0
3224,64.20260983696006,1,0,358,0.002793296089385475,0.0,1.0,358,11900,8300,3600,0.6974789915966386,155,83,72,181.7401156582321,0.4633978125700932,0.8552894882922184,0.10687825454512673,2110380.519201142,-6791.840071500281,2103588.6791296415,3223,0,1047.1564245810057,82,276,52,38.9395700766846,0.5308717411545624,43.59939759036146,16461.587838467647,200.75107120082495,7
3225,64.04519805750837,2,1,359,0.005555555555555556,0.002777777777777778,0.9972222222222222,360,11300,7600,3700,0.672566371681416,150,76,74,218.17406250392145,0.46395788197668425,0.8736593955919112,0.12262886961427259,2077169.0273314605,7336.881040044405,2084505.9083715049,3224,0,1042.3333333333333,81,279,45,39.755879345603276,0.5076388888888889,45.312499999999986,16311.511380271591,201.37668370705669,8
3226,63.804910675086326,3,3,359,0.008287292817679558,0.008287292817679558,0.9917127071823204,362,11950,8100,3850,0.6778242677824268,158,81,77,226.53214521861148,0.4647546142544497,0.8797752850261487,0.1285391372101392,2075284.9426708764,9673.75000062252,2084958.692671499,3225,0,1037.5414364640883,85,277,51,39.17140578746576,0.5103303406998159,44.94912790697672,16273.49811149808,191.45291895880095,0
3227,64.27081927456646,2,0,361,0.00554016620498615,0.0,1.0,361,10550,7500,3050,0.7109004739336493,136,75,61,227.9721665841849,0.46476576125987484,0.8817658327939575,0.13052609844925614,2096064.591195667,12818.877231054164,2108883.468426721,3226,0,1041.0304709141274,72,289,50,38.783895779789155,0.5125519390581718,44.60616438356165,16414.371052742466,227.97737573253426,0
3228,63.84688671080504,3,2,362,0.008241758241758242,0.005494505494505495,0.9945054945054945,364,10150,7200,2950,0.7093596059113301,131,72,59,218.99925912905684,0.4652487663851301,0.8836726819956304,0.12815449275488516,2095667.2840398308,8839.916517144597,2104507.2005569753,3227,0,1033.4423076923076,91,273,47,38.17285525947527,0.5234088827838828,43.78396739130434,16358.596007459262,179.7647912907611,8
3229,63.5609830241154,2,4,360,0.005494505494505495,0.01098901098901099,0.989010989010989,364,11800,8300,3500,0.7033898305084746,153,83,70,218.89539808937985,0.46525318116227204,0.8834277184908952,0.1290085644058683,2090608.1389134694,6924.900163272084,2097533.0390767413,3228,0,1034.4148351648353,71,293,50,37.90425691937426,0.5251831501831502,43.51851851851851,16302.215090444382,229.60866324569554,0
3230,63.36910166927252,4,1,363,0.01098901098901099,0.0027472527472527475,0.9972527472527473,364,11900,8900,3000,0.7478991596638656,149,89,60,213.7468327282534,0.46547943849080214,0.8812834033655452,0.1273279754576631,2090741.1383813813,4677.859276736251,2095418.9976581174,3229,0,1030.1565934065934,77,287,46,37.63165020362186,0.5279017857142857,43.12232905982905,16278.10724637357,211.40399021264378,0
3231,63.33108900828367,1,3,361,0.0027472527472527475,0.008241758241758242,0.9917582417582418,364,11050,7500,3550,0.6787330316742082,146,75,71,210.5289290178191,0.46552232489732487,0.8799622295174558,0.1259997893722438,2092296.3958025577,4247.783879230974,2096544.1796817887,3230,0,1031.107142857143,81,283,48,37.53804258298327,0.5297905219780219,42.949695121951216,16279.275737838136,200.9787128128165,0
3232,63.620950304873624,3,1,363,0.008241758241758242,0.0027472527472527475,0.9972527472527473,364,9950,6600,3350,0.6633165829145728,133,66,67,211.0381482898383,0.465600529520984,0.8811403443743455,0.12734751553617263,2106810.290498559,6173.468500958479,2112983.758999517,3231,0,1031.151098901099,68,296,50,37.216836784576,0.5321371336996337,42.647946859903385,16372.982183683293,240.77914976004843,0
3233,63.32932353920837,3,5,361,0.00819672131147541,0.01366120218579235,0.9863387978142076,366,11450,9000,2450,0.7860262008733624,139,90,49,218.55780206542659,0.4663921950245777,0.87978975924042,0.12712563279900327,2075006.398972523,6051.767566226463,2081058.1665387494,3232,0,1026.4945355191257,79,287,48,38.415564598168864,0.5191256830601093,44.010416666666686,16211.647145583904,205.21072336182158,8
3234,63.86036279315315,1,2,360,0.0027624309392265192,0.0055248618784530384,0.994475138121547,362,10200,6800,3400,0.6666666666666666,136,68,68,217.52303402598517,0.4662432788499309,0.8796085345306632,0.1273187112201454,2096244.5576040472,8596.295246098814,2104840.852850146,3233,0,1037.8508287292818,80,282,50,38.2022518905173,0.5209772099447514,43.77572016460907,16362.575466702543,204.53219333378178,0
3235,64.29801294898454,2,1,361,0.0055248618784530384,0.0027624309392265192,0.9972375690607734,362,11750,8600,3150,0.7319148936170212,149,86,63,214.74969147411008,0.46641911918499357,0.8778146798555235,0.12665158969614768,2115268.43464962,6700.648745185488,2121969.083394806,3234,0,1038.7596685082874,72,290,53,37.984674009790844,0.5229627071823204,43.493150684931486,16492.880718763394,229.0677877606027,0
3236,63.78406759115997,3,1,363,0.008241758241758242,0.0027472527472527475,0.9972527472527473,364,10800,7700,3100,0.7129629629629629,139,77,62,210.21285651216024,0.46671526074935166,0.8764964823319081,0.125093004705663,2103804.537185923,4849.352261018223,2108653.889446941,3235,0,1034.0274725274726,75,289,50,37.7615423270541,0.5250972985347986,43.160635964912245,16382.259355684391,218.43012474245856,0
3237,63.9595349760381,2,5,360,0.005479452054794521,0.0136986301369863,0.9863013698630136,365,11850,8500,3350,0.7172995780590717,152,85,67,206.06799421859054,0.466789603090973,0.87442579668782,0.12323383998960839,2112586.8110873476,2217.305354682885,2114804.1164420303,3236,0,1032.1890410958904,80,285,53,37.68200240168115,0.5272260273972602,42.978395061728364,16438.982330646664,205.4872791330833,0
3238,63.46348118715419,1,1,360,0.002770083102493075,0.002770083102493075,0.997229916897507,361,12150,8900,3250,0.7325102880658436,154,89,65,207.03102680061005,0.46633515440648404,0.8757509160773178,0.12059600097928085,2080287.7142194728,1786.8203031104222,2082074.5345225832,3237,0,1044.2576177285318,85,276,51,38.65500378447417,0.5194482917820868,43.95591085271318,16249.449234680893,191.1699909962458,8
3239,63.581436019561444,5,0,365,0.0136986301369863,0.0,1.0,365,10600,7500,3100,0.7075471698113207,137,75,62,201.72052049478532,0.4672841713081439,0.8744621886974073,0.11864188830521526,2090031.2630193797,720.4388453285992,2090751.7018647082,3238,0,1033.504109589041,73,292,52,38.42294583218958,0.5223173515981735,43.59515765765766,16302.588078495386,223.3231243629505,0
3240,63.48844436673501,3,3,365,0.008152173913043478,0.008152173913043478,0.9918478260869565,368,10900,6900,4000,0.6330275229357798,149,69,80,199.446651765291,0.46781258021363975,0.8737520573397626,0.1182767853554204,2091969.4197845117,-1052.7407257200775,2090916.6790587916,3239,0,1026.070652173913,78,290,47,38.16847723731746,0.5245414402173914,43.288502109704645,16298.213652109238,208.95145707832356,0
3241,63.271574965040095,2,2,365,0.005449591280653951,0.005449591280653951,0.9945504087193461,367,10200,6900,3300,0.6764705882352942,135,69,66,200.3377050452646,0.4675444082130999,0.8739722734798052,0.11944663168736569,2088058.1630342605,63.35607666310716,2088121.5191109236,3240,0,1029.8147138964578,81,286,50,37.94254351265823,0.525800408719346,43.089430894308954,16255.136332481903,200.68069546273955,0
3242,63.0790211057539,0,1,364,0.0,0.0027397260273972603,0.9972602739726028,365,11450,8400,3050,0.7336244541484717,145,84,61,202.63343788565072,0.46726880425510564,0.875509297626978,0.12114892775716583,2083350.836080782,-18.69155260099251,2083332.144528181,3241,1,1036.4465753424658,81,284,52,37.77987841043888,0.5272260273972602,42.987804878048784,16212.077680533726,200.14910716708303,0
3243,62.939749906407116,0,0,364,0.0,0.0,1.0,364,11500,8500,3000,0.7391304347826086,145,85,60,203.1957381699799,0.46705062614153525,0.875457570018489,0.12208614248420739,2081686.97451809,297.98428520728976,2081984.9588032973,3242,2,1040.0384615384614,84,280,51,37.58030765076795,0.5290750915750916,42.806372549019606,16187.702589286335,192.7107451105516,0
3244,62.95792864613572,0,1,363,0.0,0.0027472527472527475,0.9972527472527473,364,11650,8800,2850,0.7553648068669528,145,88,57,207.13639295169736,0.46703501675092585,0.877246528488764,0.12474673041854122,2083684.2740800641,1871.3689166240965,2085555.6429966881,3243,3,1041.0384615384614,87,277,51,37.39096886741816,0.5307062728937728,42.72017045454546,16197.805150612727,186.18166839784743,0
3245,62.70144565281139,1,0,364,0.0027472527472527475,0.0,1.0,364,11400,8200,3200,0.7192982456140351,146,82,64,186.66005198885418,0.46700064455746276,0.866789649670243,0.1111920239845133,2068710.5258680542,-6970.877138315602,2061739.6487297385,3244,0,1042.0054945054944,82,282,49,38.327613021952956,0.5296760531135531,43.12248995983936,16106.59123521268,196.42184433186196,8
3246,62.47207258700445,1,2,363,0.0027397260273972603,0.005479452054794521,0.9945205479452055,365,11500,9000,2500,0.782608695652174,140,90,50,191.87608058820925,0.4672236439359727,0.8707796793552136,0.11499176886605199,2064716.3442402228,-5266.064068153584,2059450.2801720693,3245,0,1040.1479452054793,86,279,51,37.966768344743,0.5316780821917808,42.899904214559406,16061.575846033942,186.76250983760397,0
3247,63.041763822552106,7,4,366,0.01891891891891892,0.010810810810810811,0.9891891891891892,370,11950,8300,3650,0.694560669456067,156,83,73,186.28354752132066,0.46790922019580555,0.8680303269188736,0.11340663818260598,2092857.8392762488,-7977.003448362834,2084880.835827886,3246,0,1024.1135135135135,78,292,45,37.52590574147984,0.5348817567567568,42.32594936708861,16244.226643200358,208.25931593846613,0
3248,63.411913116715404,1,0,367,0.0027247956403269754,0.0,1.0,367,10750,7400,3350,0.6883720930232559,141,74,67,183.9329531339207,0.4676117215844513,0.8651396556072217,0.1123266224955324,2107003.4093496464,-6640.52813101635,2100362.88121863,3247,0,1033.3351498637603,83,284,48,37.47073632223715,0.5361603088101725,42.21230158730157,16346.811134303973,196.94953173860208,0
3249,63.9320438269444,1,0,368,0.002717391304347826,0.0,1.0,368,10650,7600,3050,0.7136150234741784,137,76,61,181.7397847343975,0.46784435715555034,0.8637993532242922,0.11152331706358785,2127162.256129513,-6931.997895177786,2120230.258234335,3248,0,1031.5244565217392,86,282,54,37.34963641989633,0.5380151721014492,42.037835249042125,16492.048422551583,191.7680049133905,0
3250,64.31940518220803,4,1,371,0.010752688172043012,0.002688172043010753,0.9973118279569892,372,12000,9100,2900,0.7583333333333333,149,91,58,178.19979188345445,0.46834559675970205,0.8625997225112727,0.11048387096774198,2146213.485420209,-9909.04071213106,2136304.4447080777,3249,0,1021.4220430107526,83,289,58,37.06317204301075,0.5407986111111112,41.66666666666667,16615.8463387371,200.1909197438205,0
3251,64.15500575798634,3,0,374,0.008021390374331552,0.0,1.0,374,11300,8100,3200,0.7168141592920354,145,81,64,200.05800562158623,0.4686833940254142,0.875076769187179,0.1193010943058811,2117320.9405704355,-1382.599073730622,2115938.341496705,3250,0,1016.7941176470588,88,286,49,37.943032208099844,0.5289939839572193,43.08286516853936,16482.520264437888,187.30136664133963,8
3252,63.80835612944483,0,1,373,0.0,0.00267379679144385,0.9973262032085561,374,11950,8900,3050,0.7447698744769874,150,89,61,204.19987998330825,0.46846625257463453,0.8787490880331965,0.12257274741057167,2109842.1439203913,-584.0974855451941,2109258.0464348462,3251,1,1017.7941176470588,93,281,50,37.59013473526965,0.5308322192513368,42.84131205673762,16408.873142064647,176.43949615123276,0
3253,63.93296579784392,2,0,375,0.005333333333333333,0.0,1.0,375,12400,8900,3500,0.717741935483871,159,89,70,206.1179100405538,0.46853475935828875,0.8803761866737656,0.12478004963299355,2119081.226446064,-43.881279752997216,2119037.345166311,3252,0,1016.0693333333334,75,300,51,37.22323884304852,0.5326944444444445,42.53015350877192,16460.810889699744,219.47747852932991,0
3254,63.487229340189245,3,1,377,0.007936507936507936,0.0026455026455026454,0.9973544973544973,378,10900,7700,3200,0.7064220183486238,141,77,64,200.48240708387038,0.4686599453122442,0.878916897639799,0.12255996789681373,2110119.8175951536,-1891.6199466295639,2108228.197648524,3253,0,1008.9973544973545,81,297,49,37.00585501248192,0.5350804673721341,42.17479674796746,16368.607808542616,202.08157788324218,0
3255,63.8283786273293,1,2,376,0.0026455026455026454,0.005291005291005291,0.9947089947089947,378,11950,8700,3250,0.7280334728033473,152,87,65,198.43016061488763,0.4684937242408507,0.8783651134415322,0.12192964919531397,2124515.80855563,-3236.397375888094,2121279.411179742,3254,0,1009.9603174603175,83,295,50,36.86937261687329,0.5366512345679013,41.98908730158728,16468.41822569701,198.41467741803626,0
3256,63.921451084793844,2,0,378,0.005291005291005291,0.0,1.0,378,12200,8500,3700,0.6967213114754098,159,85,74,165.62965251061016,0.4681735622827577,0.8519321690789892,0.10132102507301649,2124949.5948896357,-17409.067399172884,2107540.5274904626,3255,0,1010.2063492063492,98,280,49,37.879923964199264,0.5404541446208113,42.15067340067342,16482.10311746601,168.18472568842867,8
3257,63.58652467162992,1,1,378,0.002638522427440633,0.002638522427440633,0.9973614775725593,379,10700,7700,3000,0.719626168224299,137,77,60,166.08967318798943,0.4681280334864328,0.8536908937646666,0.1020358365538001,2116340.8574488857,-16199.527726384993,2100141.329722501,3256,0,1008.5382585751979,100,279,53,37.71153128664322,0.5420514511873351,41.99669966996699,16405.533221797563,164.05533221797563,0
3258,63.19933341640067,0,1,377,0.0,0.0026455026455026454,0.9973544973544973,378,11700,8100,3600,0.6923076923076923,153,81,72,165.30440713818498,0.4680946182382964,0.8526387446134671,0.10190215588591187,2105470.949492553,-17691.274589492416,2087779.6749030603,3257,1,1012.1005291005291,105,273,57,37.60608209286688,0.5434303350970018,41.87303459119497,16313.452150634805,155.3662109584267,0
3259,63.00125197098539,0,2,375,0.0,0.005305039787798408,0.9946949602122016,377,11500,7800,3700,0.6782608695652174,152,78,74,167.48336521593427,0.46793754820625694,0.8542604106931784,0.1036208333976625,2100996.4775787005,-16523.607925658896,2084472.8696530417,3258,2,1009.5676392572944,109,268,58,37.41703945438541,0.5449270557029178,41.74242424242424,16270.55060371889,149.2711064561366,0
3260,62.80621598722007,1,6,370,0.0026595744680851063,0.015957446808510637,0.9840425531914894,376,10100,6800,3300,0.6732673267326733,134,68,66,166.29618800093797,0.46781382978723407,0.8529460074354931,0.10355783332734216,2098276.881945135,-15512.910632406241,2082763.971312729,3259,0,1011.5744680851063,85,291,53,37.21060204926354,0.5471520390070922,41.50920542635659,16234.828674700373,190.9979844082397,0
3261,62.91272049795365,2,2,370,0.005376344086021506,0.005376344086021506,0.9946236559139785,372,11050,7700,3350,0.6968325791855203,144,77,67,161.33080389450276,0.46759686959588054,0.845581463530793,0.10107615953346517,2105352.131942151,-17518.36961455375,2087833.7623275975,3260,0,1019.4274193548387,91,281,50,37.11928494317772,0.5488631272401434,41.29302536231883,16275.959586251545,178.856698750017,0
3262,62.954342893898406,1,3,368,0.0026954177897574125,0.008086253369272238,0.9919137466307277,371,11450,8700,2750,0.759825327510917,142,87,55,162.07331001408926,0.46741215609140135,0.8455076217938831,0.1019783236357304,2109232.312294419,-17279.947511554685,2091952.3647828642,3261,0,1022.9595687331537,94,277,53,36.94492686095111,0.550679469901168,41.14035087719297,16296.339112271351,173.36530970501437,0
3263,62.88668678325153,1,2,367,0.0027100271002710027,0.005420054200542005,0.994579945799458,369,12800,9100,3700,0.7109375,165,91,74,175.76559879267515,0.46701941204194647,0.8578503085461173,0.10754663479055232,2090688.019212608,-13105.793682885225,2077582.2255297229,3262,0,1027.5176151761518,91,278,50,37.60995726120429,0.5431345980126467,42.14221014492752,16215.822065237333,178.19584687073993,7
3264,62.82592724576542,2,1,368,0.005420054200542005,0.0027100271002710027,0.997289972899729,369,12800,9800,3000,0.765625,158,98,60,174.50770151893997,0.4672071992459055,0.8548678614485574,0.10459667800320846,2076489.7763751508,-14127.308379438704,2062362.467995712,3263,0,1025.0894308943089,105,264,58,38.40836773305818,0.533423667570009,42.895047169811335,16152.857061035458,153.8367339146234,8
3265,63.234033539303006,1,2,367,0.0027100271002710027,0.005420054200542005,0.994579945799458,369,11450,8300,3150,0.7248908296943232,146,83,63,174.9409795014705,0.46742781852637366,0.856237084232724,0.10528138223116747,2092393.0680065658,-12040.941436168348,2080352.1265703975,3264,0,1025.959349593496,108,261,57,38.2461427492354,0.5350327461607949,42.746559633027545,16267.17267626636,150.6219692246885,0
3266,63.639211265353055,2,0,369,0.005420054200542005,0.0,1.0,369,11650,8900,2750,0.7639484978540773,144,89,55,169.51848871688424,0.4677573666588115,0.8511860823054052,0.10257573139758785,2109066.5872122273,-13944.843906501223,2095121.743305726,3265,0,1026.8373983739837,83,286,59,38.18282075365667,0.5365853658536586,42.54712301587302,16384.098029265835,197.39877143693778,0
3267,64.1456451477648,0,2,367,0.0,0.005420054200542005,0.994579945799458,369,12250,8300,3950,0.6775510204081633,162,83,79,171.13324045818723,0.46782579238835864,0.8518853363331498,0.10412733984097662,2129181.2188352905,-13175.263699600531,2116005.95513569,3266,1,1027.8373983739837,88,281,48,37.93618076375638,0.5382226738934056,42.34550561797753,16527.413767355978,187.81152008359066,0
3268,63.93584971779987,2,3,366,0.005420054200542005,0.008130081300813009,0.991869918699187,369,11000,7700,3300,0.7,143,77,66,167.9009472130502,0.4678804102352618,0.849242614573394,0.10266889195285239,2125186.518092013,-13435.834121589454,2111750.6839704234,3267,0,1028.5636856368565,93,276,53,37.83626846320256,0.5404245709123758,42.16533687943262,16484.878273316135,177.2567556270552,0
3269,64.23483171353534,3,1,368,0.008130081300813009,0.0027100271002710027,0.997289972899729,369,11850,8600,3250,0.7257383966244726,151,86,65,179.1929120797496,0.4680230916892502,0.85985041361946,0.1064194397727554,2117445.2020841506,-9763.765613848762,2107681.436470302,3268,0,1027.5691056910568,88,281,43,38.633972255143284,0.5273825654923217,43.23501872659179,16493.255362026604,187.42335638666597,8
3270,63.92508802255267,2,3,367,0.005405405405405406,0.008108108108108109,0.9918918918918919,370,11250,7200,4050,0.64,153,72,81,184.12573973415317,0.46849730828389363,0.8633350242839313,0.10448318603849203,2079231.5837790288,-8681.989311614703,2070549.594467414,3269,0,1025.7513513513513,93,277,54,40.250622755184786,0.5120213963963964,44.94680851063828,16304.297716390298,175.31502920849783,8
3271,63.45080942567297,3,2,368,0.008108108108108109,0.005405405405405406,0.9945945945945946,370,10700,7700,3000,0.719626168224299,137,77,60,186.84881522195428,0.46916779584462515,0.8660505266928915,0.1070084528636099,2069480.582456884,-7364.00100861823,2062116.5814482658,3270,0,1026.0837837837837,79,291,53,39.8241673039341,0.5145551801801802,44.59635416666667,16205.568058392933,205.1337728910498,0
3272,63.06234935367667,7,3,372,0.018666666666666668,0.008,0.992,375,12750,8900,3850,0.6980392156862745,166,89,77,160.0738505744908,0.47022875816993465,0.8483180328364073,0.09173383039024707,2057206.9120037034,-21888.993633422488,2035317.9183702809,3271,0,1012.904,89,286,55,40.48302105517539,0.5204444444444445,44.57175925925924,16107.90495238751,180.98769609424167,8
3273,63.08498717703988,2,3,371,0.0053475935828877,0.008021390374331552,0.9919786096256684,374,12400,8800,3600,0.7096774193548387,160,88,72,158.2663920213791,0.4703421217378006,0.8461244933796686,0.09151324736035764,2063403.6867351625,-21886.508643363977,2041517.1780917984,3272,0,1016.2754010695187,96,278,54,40.185319309736684,0.5223373440285205,44.23324742268037,16135.042306653088,168.07335736096965,0
3274,62.93416861507633,1,1,371,0.002688172043010753,0.002688172043010753,0.9973118279569892,372,11750,8600,3150,0.7319148936170212,149,86,63,177.45665278312447,0.4698794307741356,0.8601239763509723,0.10135444575772462,2050974.6220932791,-13358.18172403829,2037616.440369241,3273,0,1022.7284946236559,78,294,56,40.168887511620724,0.5180891577060932,44.6993670886076,16067.133079181312,205.98888563052964,8
3275,62.91978746725281,4,3,372,0.010666666666666666,0.008,0.992,375,11200,7700,3500,0.6875,147,77,70,171.646831936174,0.4704007724301842,0.8563813709332841,0.09898240223901171,2056359.8116663254,-15606.47060132184,2040753.3410650035,3274,0,1015.4693333333333,88,287,51,39.94680079960934,0.5204444444444445,44.335205992509344,16086.374501810184,182.799710247843,0
3276,62.81053942491073,2,1,373,0.0053475935828877,0.00267379679144385,0.9973262032085561,374,11150,8100,3050,0.726457399103139,142,81,61,171.62083105988833,0.47012229215351753,0.8566175602096424,0.09951594648851816,2056137.8135923133,-15374.783931525784,2040763.0296607874,3275,0,1019.1096256684492,93,281,54,39.735455464125856,0.5223373440285205,44.126773049645365,16071.535409144246,172.81220870047576,0
3277,62.6205372108697,1,2,372,0.00267379679144385,0.0053475935828877,0.9946524064171123,374,11600,8400,3200,0.7241379310344828,148,84,64,172.19207421908405,0.46988424299771087,0.8573372188341462,0.10056918576179118,2054254.1641257459,-15654.742901199075,2038599.4212245469,3276,0,1020.096256684492,97,277,61,39.44570088804054,0.5230057932263814,43.856292517006814,16039.856565768958,165.35934603885522,8
3278,63.057224467420504,2,0,374,0.0053475935828877,0.0,1.0,374,11000,7500,3500,0.6818181818181818,145,75,70,210.15795567776792,0.47025236794693503,0.8780070407169678,0.11683850887680873,2038349.7927291698,-124.91492076734721,2038224.8778084025,3277,0,1020.855614973262,73,301,51,40.39121177729796,0.501309046345811,45.73479729729729,16033.257961078472,219.6336706997051,8
3279,62.92486032971073,7,2,379,0.01837270341207349,0.005249343832020997,0.994750656167979,381,12950,9300,3650,0.7181467181467182,166,93,73,211.14228540392918,0.47177815766450243,0.8812173472234719,0.11932993336479895,2044213.2014219475,-2826.030559777919,2041387.1708621695,3278,0,1003.0813648293963,83,298,48,39.71970526230437,0.5052766841644795,45.101686507936485,16039.440774766803,193.24627439478076,0
3280,63.39848225334497,7,0,386,0.018134715025906734,0.0,1.0,386,12000,8000,4000,0.6666666666666666,160,80,80,212.25922496859212,0.4725380189758428,0.8834038440208518,0.12176976590303491,2068828.2192590192,-1374.4251173852936,2067453.794141634,3279,0,990.9507772020726,75,311,52,39.10869011213049,0.5086895509499136,44.531250000000014,16196.331013159295,215.95108017545726,0
3281,63.77441850547687,5,5,386,0.01278772378516624,0.01278772378516624,0.9872122762148338,391,11900,8100,3800,0.680672268907563,157,81,76,215.58842856261123,0.4733829540734911,0.8856166812478219,0.1247439252165734,2086376.8055098304,-140.26062213049408,2086236.5448877,3280,0,979.2659846547315,81,310,47,38.692722818169806,0.5114023870417732,44.20731707317074,16313.029611614407,201.39542730388158,0
3282,64.08060148755467,3,2,387,0.007712082262210797,0.005141388174807198,0.9948586118251928,389,12950,9900,3050,0.7644787644787645,160,99,61,220.66630433055877,0.4727275086352353,0.888292023588475,0.1282984590400828,2099364.9379605968,1901.8204601839843,2101266.7584207808,3281,0,985.2879177377893,82,307,50,38.37762306334579,0.5128802485004285,44.0261044176707,16402.961194028278,200.03611212229606,0
3283,63.931947306823275,1,2,386,0.002577319587628866,0.005154639175257732,0.9948453608247423,388,13150,9800,3350,0.7452471482889734,165,98,67,222.31480351172422,0.47289513350559864,0.888498420387891,0.12991809282866756,2097626.896327385,2516.7022595866383,2100143.598586972,3282,0,988.5309278350516,85,303,53,38.13985491827829,0.5147658934707904,43.83478682170544,16377.140910755965,192.6722460088937,0
3284,64.03396276656612,1,4,383,0.002583979328165375,0.0103359173126615,0.9896640826873385,387,13050,9500,3550,0.7279693486590039,166,95,71,215.75008011230923,0.47313040839369314,0.8837223300046744,0.12683905983672744,2104644.670746839,365.45126431538847,2105010.1220111544,3283,0,991.8630490956073,74,313,51,38.07951877934273,0.5167151162790697,43.61111111111112,16417.59656487242,221.85941303881648,0
3285,64.20362353931927,4,7,380,0.0103359173126615,0.01808785529715762,0.9819121447028424,387,12250,8800,3450,0.7183673469387755,157,88,69,212.4090048166745,0.47351002798195235,0.8810222466208584,0.12590638780670527,2115256.586302024,209.9092856667594,2115466.4955876907,3284,0,982.8552971576228,81,306,41,37.852961432506916,0.5187069336778639,43.30538617886182,16480.724350343477,203.46573272028982,0
3286,63.773769979598974,1,2,379,0.0026246719160104987,0.005249343832020997,0.994750656167979,381,12000,8900,3100,0.7416666666666667,151,89,62,213.22501147470388,0.473131648017682,0.8814265565713331,0.12707621800086252,2104373.6825600797,1541.0205221880697,2105914.7030822677,3285,0,996.0419947506562,83,298,46,37.6275181824033,0.5204779090113736,43.10515873015874,16383.152516088514,197.3873797119098,0
3287,63.56977329792345,2,1,380,0.005249343832020997,0.0026246719160104987,0.9973753280839895,381,11150,8000,3150,0.7174887892376681,143,80,63,212.17604817711901,0.4730237256527145,0.8815131877738955,0.12708327121651156,2100644.272016369,1791.280052467624,2102435.5520688365,3286,0,997.0236220472441,87,294,52,37.46680940540874,0.5222003499562555,42.921401515151544,16342.428225429863,187.84400259114784,0
3288,63.72328030830732,2,1,381,0.005235602094240838,0.002617801047120419,0.9973821989528796,382,10950,8300,2650,0.7579908675799086,136,83,53,209.7799818493518,0.473287922615694,0.8813942230824037,0.12623004593107842,2108497.223003789,1114.1018342297684,2109611.3248380185,3287,0,990.5392670157069,95,287,52,37.355182498172205,0.5242964659685864,42.75173611111114,16392.703228617276,172.55477082755027,0
3289,63.94963491261474,3,3,381,0.0078125,0.0078125,0.9921875,384,11400,8400,3000,0.7368421052631579,144,84,60,201.1596259920204,0.47350886527233826,0.8752782325007171,0.1219225842244612,2120344.6598493634,-2894.452250105476,2117450.207599258,3288,0,986.3307291666666,79,305,54,37.30685687077582,0.5266655815972222,42.48697916666665,16467.863667536138,208.45397047514098,0
3290,64.31730413818725,2,6,377,0.005221932114882507,0.015665796344647518,0.9843342036553525,383,11550,8700,2850,0.7532467532467533,144,87,57,197.10194641123874,0.4734004984985806,0.8717926887128842,0.12027241219787797,2136604.9744567713,-3924.2001645271903,2132680.774292244,3289,0,988.976501305483,86,297,48,37.16090672612409,0.5288838120104439,42.24137931034482,16578.33960113615,192.77139071088547,0
3291,64.01699880446067,0,4,373,0.0,0.010610079575596816,0.9893899204244032,377,11350,8000,3350,0.7048458149779736,147,80,67,199.08709615599548,0.47292660185864516,0.8729920444339456,0.12178638226921855,2128117.8226569425,-2013.840481882702,2126103.9821750596,3290,1,1004.8514588859416,85,292,50,37.01772516597771,0.5300618921308576,42.151162790697654,16506.70870335937,194.19657298069848,0
3292,64.06893789332109,0,2,371,0.0,0.005361930294906166,0.9946380697050938,373,10350,7300,3050,0.7053140096618358,134,73,61,193.2022268209497,0.47280327817655937,0.8654136165235038,0.11739694812690292,2125825.0834084526,-2807.1720107319597,2123017.9113977207,3291,2,1012.1206434316354,82,291,58,37.41758420215013,0.5377569258266309,42.394578313252985,16504.505763030837,201.2744605247663,8
3293,64.48906038985399,2,1,372,0.005361930294906166,0.002680965147453083,0.9973190348525469,373,12500,9400,3100,0.752,156,94,62,189.9257578913227,0.47275132847108114,0.862770767188396,0.11599167550077868,2142821.5373741984,-5704.599097671815,2137116.9382765265,3292,0,1004.5281501340482,89,284,48,37.31456434547057,0.5397955764075066,42.210648148148124,16624.593079435257,186.79318066781187,0
3294,64.63279923123382,1,0,373,0.002680965147453083,0.0,1.0,373,12100,9900,2200,0.8181818181818182,143,99,44,187.71242484377137,0.47268946928421113,0.8613861945356516,0.11521659180065855,2150625.5102314544,-5960.1741087171595,2144665.3361227373,3293,0,1005.4932975871313,91,282,52,37.18654904026217,0.5417504468275246,42.02898550724635,16673.38878718768,183.22405260645803,0
3295,65.07947537486847,2,2,373,0.005333333333333333,0.005333333333333333,0.9946666666666667,375,11450,8000,3450,0.6986899563318777,149,80,69,160.1414433774721,0.4727394533571004,0.8418426217746693,0.09868688000462016,2167907.7709726924,-17015.624089439072,2150892.1468832535,3294,0,1001.1253333333333,104,271,57,37.75142849821921,0.5476666666666667,41.88492063492063,16797.99395142189,161.51917260982586,7
3296,64.81825275521145,4,5,372,0.010610079575596816,0.013262599469496022,0.986737400530504,377,10950,7500,3450,0.684931506849315,144,75,69,171.3438459483779,0.4729151381755931,0.8547368658096932,0.10538063154065921,2158006.679282688,-12397.767197883808,2145608.9120848044,3295,0,996.7347480106101,96,281,56,37.53520052159194,0.5456730769230769,41.956615120274904,16725.921342944268,174.22834732233613,8
3297,64.36809713789823,1,1,372,0.002680965147453083,0.002680965147453083,0.9973190348525469,373,10650,7200,3450,0.676056338028169,141,72,69,172.42802706206027,0.47269307273198996,0.8546433554935524,0.10662099560887575,2146247.806392428,-11235.34503149624,2135012.461360932,3296,0,1003.461126005362,97,276,59,37.30958873567949,0.5475312779267203,41.76232993197277,16622.267431603177,171.3635817691049,0
3298,64.59381493152607,2,1,373,0.0053475935828877,0.00267379679144385,0.9973262032085561,374,11500,8500,3000,0.7391304347826086,145,85,60,173.04712613960461,0.47277279178793136,0.8554976750900813,0.1075796469497256,2156987.240167756,-11647.911393835031,2145339.328773921,3297,0,1001.7647058823529,85,289,58,37.09770653668294,0.5496323529411764,41.56976744186045,16692.99461457161,196.3881719361366,0
3299,64.55613614467755,1,3,371,0.00267379679144385,0.008021390374331552,0.9919786096256684,374,11700,7900,3800,0.6752136752136753,155,79,76,167.47682547462978,0.47268124590806343,0.8501177819075203,0.10469364114645467,2159024.9780843435,-14182.670110001323,2144842.3079743423,3298,0,1002.7192513368984,91,283,58,37.04086769985111,0.5515541443850267,41.37228260869562,16696.006134700045,183.47259488681368,0
3300,64.64298149968434,0,3,368,0.0,0.008086253369272238,0.9919137466307277,371,10850,7900,2950,0.728110599078341,138,79,59,178.22710059536774,0.47231065297103036,0.8623602877041612,0.10958590011521255,2152016.9843924535,-8340.450487949896,2143676.5339045036,3299,1,1011.5822102425876,93,278,53,37.36700128838303,0.5479840521114105,41.96586879432621,16680.095569815327,179.35586634210028,8
3301,64.1495432369239,0,0,368,0.0,0.0,1.0,368,11700,8900,2800,0.7606837606837606,145,89,56,179.00040152024476,0.4718235707163448,0.8617664885279539,0.1107481516892292,2139299.9590244433,-8712.88967247685,2130587.0693519665,3300,3,1020.4972826086956,96,272,52,37.11900702731926,0.549903759057971,41.741838487972494,16567.14309820418,172.5744072729602,0
3302,63.70642202582652,0,1,367,0.0,0.002717391304347826,0.9972826086956522,368,12100,9400,2700,0.7768595041322314,148,94,54,176.9692522957535,0.47154976454211583,0.8600815244432718,0.11011541896718482,2127876.40325966,-10386.260787471598,2117490.1424721885,3301,4,1021.4972826086956,80,288,52,36.96408432016454,0.5516304347826086,41.53806584362142,16465.68505497773,205.82106318722163,0
3303,63.60356929996072,1,1,367,0.002717391304347826,0.002717391304347826,0.9972826086956522,368,13000,8900,4100,0.6846153846153846,171,89,82,176.94698437007298,0.47139998099553765,0.8593923256492555,0.110777733912357,2128036.4493339383,-11290.073532152102,2116746.3758017863,3302,0,1021.4538043478261,83,285,47,36.74217002237136,0.5533571105072463,41.31944444444446,16453.006641830183,198.228995684701,0
3304,63.41753745856946,0,2,365,0.0,0.005449591280653951,0.9945504087193461,367,11850,8700,3150,0.7341772151898734,150,87,63,175.65804539055378,0.47100375714080095,0.857943508669254,0.11069341477463553,2125632.951951246,-10573.094088497885,2115059.8578627477,3303,1,1024.9945504087193,87,280,50,36.53862638869841,0.5550351952770209,41.08664772727274,16419.647216279547,188.7315771986155,0
3305,63.84681526638016,0,3,362,0.0,0.00821917808219178,0.9917808219178083,365,11800,8400,3400,0.711864406779661,152,84,68,172.77802304921101,0.4710418861959958,0.8532170804224515,0.10583710873569091,2123275.6352699776,-11428.92666989944,2111846.7086000782,3304,2,1029.9068493150685,90,275,54,37.64573161710312,0.5492579908675799,42.10164835164834,16465.988415196203,182.95542683551338,7
3306,64.16503539385056,1,2,361,0.0027548209366391185,0.005509641873278237,0.9944903581267217,363,12000,8300,3700,0.6916666666666667,157,83,74,171.2918045331586,0.47080549340720107,0.850958183065853,0.10545893809304038,2136884.1635609725,-11393.851109062842,2125490.3124519098,3305,0,1036.4462809917356,94,269,57,37.49814122445514,0.5509067952249771,41.918859649122794,16559.785505099262,176.1679309053113,0
3307,64.54184479326716,1,1,361,0.0027624309392265192,0.0027624309392265192,0.9972375690607734,362,11900,8800,3100,0.7394957983193278,150,88,62,174.18838273184048,0.4706584176346653,0.8516840014942673,0.10781263336486184,2152614.3349918486,-9307.918068478648,2143306.4169233697,3306,0,1039.7596685082874,101,261,55,37.22914195334121,0.5527163904235728,41.727941176470594,16669.355135025846,165.04312014877075,0
3308,64.45779667695899,2,2,361,0.005509641873278237,0.005509641873278237,0.9944903581267217,363,10350,7200,3150,0.6956521739130435,135,72,63,178.16830998903092,0.47043133494665385,0.8545014445225267,0.11110144834110015,2154261.451622618,-6185.775577976449,2148075.6760446415,3307,0,1037.8595041322315,85,278,55,36.85440579370656,0.5546372819100092,41.46075581395348,16664.870034758802,196.05729452657414,0
3309,64.0708429379913,0,0,361,0.0,0.0,1.0,361,11400,8600,2800,0.7543859649122807,142,86,56,174.55969120228485,0.47007188109161796,0.8512046832073943,0.10930737798093776,2143801.197583898,-8755.744990133135,2135045.4525937648,3308,1,1044.448753462604,87,274,44,36.79589548824014,0.555834487534626,41.311553030303024,16574.386855668316,190.51019374331398,0
3310,64.28098243529136,3,1,363,0.008241758241758242,0.0027472527472527475,0.9972527472527473,364,11100,7500,3600,0.6756756756756757,147,75,72,170.55438858527162,0.4701518494132131,0.8497401179950825,0.10751856561019153,2154800.624863029,-10397.859380664864,2144402.765482364,3309,0,1036.8324175824175,92,272,52,36.65691554555807,0.5577781593406593,41.073028673835125,16644.080095840396,180.9139140852217,0
3311,64.2302205623726,1,0,364,0.0027472527472527475,0.0,1.0,364,11200,7900,3300,0.7053571428571429,145,79,66,168.492014636983,0.46982689028143576,0.8475395218816264,0.10671160927008867,2155826.307925076,-11352.096434059335,2144474.2114910167,3310,0,1037.7637362637363,98,266,56,36.54361598440544,0.5596382783882784,40.90909090909089,16641.466236614622,169.81087996545534,0
3312,64.19903035618718,0,0,364,0.0,0.0,1.0,364,11600,8400,3200,0.7241379310344828,148,84,64,167.99835293705158,0.46939865689865695,0.84747998534742,0.10704674770335461,2158340.098656013,-11880.483669559944,2146459.614986453,3311,1,1038.7637362637363,103,261,55,36.338832773249884,0.5614697802197802,40.69511217948716,16647.122364696694,161.62254723006498,0
3313,63.710303076224854,1,1,364,0.0027397260273972603,0.0027397260273972603,0.9972602739726028,365,11850,7800,4050,0.6582278481012658,159,78,81,169.84838980240755,0.4692724798033017,0.8468907946169251,0.10887679523240268,2145389.2988050054,-11971.816419730269,2133417.482385275,3312,0,1036.9150684931508,88,277,56,36.07672244020505,0.5634703196347032,40.484550561797775,16533.8079366707,187.88418109853066,0
3314,63.722131543651116,2,1,365,0.00546448087431694,0.00273224043715847,0.9972677595628415,366,9700,6600,3100,0.6804123711340206,128,66,62,208.70245202975667,0.4691560932704544,0.8761877768616426,0.1318531379178648,2137335.387346888,6313.427229852791,2143648.814576741,3313,0,1034.9726775956285,86,280,47,35.590695112179475,0.5545594262295082,40.996168582375475,16504.276215903486,191.91018855701728,8
3315,64.07079013878682,0,2,363,0.0,0.005479452054794521,0.9945205479452055,365,12050,8800,3250,0.7302904564315352,153,88,65,209.74387393682449,0.468950085302825,0.8752958717733668,0.13300229182582127,2151200.7699138345,5190.236619521063,2156391.0065333555,3314,1,1038.805479452055,90,275,49,35.430194805194816,0.5560216894977169,40.865384615384606,16602.959560002877,184.4773284444764,0
3316,64.05421462008637,0,2,361,0.0,0.005509641873278237,0.9944903581267217,363,10950,8400,2550,0.7671232876712328,135,84,51,196.39445120256389,0.46858051890070973,0.8697034753293453,0.12780819863194476,2165718.3602894964,1517.0137656745337,2167235.374055171,3315,2,1045.2589531680442,85,278,45,34.851753303212384,0.5683826905417815,39.958817829457374,16656.73369281297,195.96157285662318,8
3317,64.00491025442074,1,2,360,0.0027624309392265192,0.0055248618784530384,0.994475138121547,362,11650,8900,2750,0.7639484978540773,144,89,55,194.08464176608769,0.4681255515934355,0.8674561521115309,0.12711901371302126,2167747.46616914,95.29808215684079,2167842.764251297,3316,0,1047.624309392265,94,268,48,34.68553392877204,0.5707297421731123,39.73684210526318,16658.120063584898,177.21404322962658,0
3318,64.05139608452018,0,1,359,0.0,0.002777777777777778,0.9972222222222222,360,11500,8200,3300,0.7130434782608696,148,82,66,192.96769001992374,0.46775314660063966,0.8663393450486949,0.12683820020653624,2171365.5888863164,300.68037522962277,2171666.269261546,3317,1,1052.7916666666667,100,260,49,34.58967071995354,0.5723958333333333,39.614273927392766,16678.069275432113,166.78069275432114,0
3319,64.4211657052672,1,1,359,0.002777777777777778,0.002777777777777778,0.9972222222222222,360,9750,7500,2250,0.7692307692307693,120,75,45,187.7453491782411,0.4675519704941711,0.8621788696210653,0.12396925728181488,2186525.9249266586,352.01465252583876,2186877.9395791846,3318,0,1053.7027777777778,82,278,50,34.56627328195243,0.5738425925925925,39.45783132530118,16784.430221402326,204.6881734317357,0
3320,64.33973161344912,0,1,358,0.0,0.002785515320334262,0.9972144846796658,359,11800,9000,2800,0.7627118644067796,146,90,56,186.9249590978081,0.46721475700658255,0.8610225885018006,0.12377086021457516,2185356.202951931,-1900.4762298146543,2183455.726722116,3319,1,1057.456824512535,84,275,52,34.49078427684785,0.5754120241411328,39.36274509803919,16769.331028858145,199.6348932006922,0
3321,64.67370938818786,0,2,356,0.0,0.00558659217877095,0.994413407821229,358,10750,7600,3150,0.7069767441860465,139,76,63,186.42326624150877,0.4668312390132962,0.860551011410928,0.12407143319702915,2199642.9282133384,-337.07615148702735,2199305.8520618514,3320,2,1061.304469273743,86,272,44,34.326079970619276,0.5771066108007449,39.18821839080458,16867.66536880852,196.13564382335488,0
3322,64.49513005582094,1,2,355,0.0028011204481792717,0.0056022408963585435,0.9943977591036415,357,10300,7000,3300,0.6796116504854369,136,70,66,200.47410134819188,0.4663691787576454,0.8712371924753362,0.13120606396405465,2183919.0371583705,5863.841278307585,2189782.878436678,3321,0,1065.0336134453783,92,265,48,34.545457806088805,0.5716328197945846,39.76254480286742,16784.04851833514,182.4353099819037,8
3323,64.50828930859325,1,2,354,0.0028089887640449437,0.0056179775280898875,0.9943820224719101,356,11550,8600,2950,0.7445887445887446,145,86,59,198.80901554084977,0.46613256316927787,0.8701197751083363,0.13051556040136103,2186137.048724497,4174.7508988601985,2190311.7996233576,3322,0,1065.0926966292134,98,258,51,34.4811327109351,0.5732092696629214,39.65698653198656,16794.28243226579,171.37022890067132,0
3324,64.81980683387826,0,2,352,0.0,0.005649717514124294,0.9943502824858758,354,10450,7100,3350,0.6794258373205742,138,71,67,186.2312104524883,0.46583161281029434,0.8605702042686814,0.11819238314389031,2176850.454419378,-170.50097988569541,2176679.9534394923,3323,1,1071.906779661017,93,261,52,36.0090987158108,0.5593808851224105,40.83554964539008,16798.989610194098,180.6342968838075,8
3325,64.95262406557178,0,0,352,0.0,0.0,1.0,352,10150,7400,2750,0.729064039408867,129,74,55,204.32737270822096,0.4655782585470085,0.8662536648903492,0.12212272901250718,2145035.4123239755,7107.890033251059,2152143.3023572266,3324,2,1078.7386363636363,92,260,50,37.74832933827268,0.5391216856060606,42.99955197132618,16692.853485490046,181.44405962489182,8
3326,64.90956395866633,1,2,351,0.0028328611898017,0.0056657223796034,0.9943342776203966,353,10750,8400,2350,0.7813953488372093,131,84,47,210.23184339354117,0.46562573772426813,0.8702873058037355,0.12643820607857104,2147440.834340476,8942.089036392965,2156382.923376869,3325,0,1076.6798866855524,100,253,50,37.36242532376408,0.541165014164306,42.77021452145216,16696.673212593927,166.96673212593927,0
3327,64.48970055533589,4,0,355,0.011267605633802818,0.0,1.0,355,9950,7500,2450,0.7537688442211056,124,75,49,205.4172679481536,0.46633643669929176,0.8699442836987978,0.12458165378345502,2138633.1017318857,6912.433780249103,2145545.535512135,3326,0,1070.856338028169,80,275,49,37.17375744865005,0.5431924882629108,42.46399176954729,16608.420052998245,207.60525066247806,0
3328,64.44310835863992,0,3,352,0.0,0.008450704225352112,0.9915492957746479,355,10800,7600,3200,0.7037037037037037,140,76,64,202.6435364626156,0.4663042757486539,0.868890865160534,0.12360785553601222,2140559.543920678,4954.111197777356,2145513.6551184556,3327,1,1071.856338028169,84,271,41,37.031864143527294,0.5447769953051643,42.25490196078429,16609.89528184931,197.73684859344417,0
3329,64.53361074531041,0,0,352,0.0,0.0,1.0,352,11850,9200,2650,0.7763713080168776,145,92,53,202.11159655586786,0.4661089055620306,0.8681525733308575,0.12365891547345087,2145400.6344753737,4472.069497157034,2149872.7039725306,3328,2,1073.3948863636363,84,268,43,36.933051344200976,0.5463127367424243,42.14460784313722,16640.339506030177,198.09927983369258,0
3330,64.40510920952508,2,1,353,0.005649717514124294,0.002824858757062147,0.9971751412429378,354,12000,9000,3000,0.75,150,90,60,198.43333513166638,0.4662902522366799,0.867407299685562,0.12239235024901231,2145973.002012604,2366.5159783746694,2148339.5179909784,3329,0,1068.3248587570622,94,260,50,36.730574551529806,0.5486405367231638,41.85307017543858,16625.9812074544,176.87214050483402,0
3331,64.74536600004186,2,1,354,0.005633802816901409,0.0028169014084507044,0.9971830985915493,355,12150,8600,3550,0.7078189300411523,157,86,71,198.2817905210928,0.46645513381607917,0.8682471794115472,0.12312035757324066,2161332.144869832,2560.5615191171137,2163892.706388949,3330,0,1066.0394366197183,76,279,50,36.48920157068065,0.5506748826291079,41.61255411255412,16729.38975379874,220.12354939208868,0
3332,64.98282550282953,1,0,355,0.0028169014084507044,0.0,1.0,355,10400,7600,2800,0.7307692307692307,132,76,56,194.0910623675156,0.4664677329513806,0.8650151251387275,0.12119379342187601,2172617.6770774834,2937.134612482613,2175554.811689966,3331,0,1066.969014084507,81,274,53,36.393651339490425,0.552494131455399,41.41260162601627,16803.73978576729,207.45357760206534,0
3333,64.58011992505132,1,1,355,0.0028089887640449437,0.0028089887640449437,0.9971910112359551,356,11500,7600,3900,0.6608695652173913,154,76,78,210.9140887920919,0.4666173774858891,0.8772190085180516,0.13016723433105598,2152158.8088196535,8084.122819613926,2160242.9316392676,3332,0,1064.9691011235955,81,275,53,36.38667806590233,0.5421055711610487,41.83180894308942,16672.532739288796,205.8337375220839,8
3334,65.04914520763276,1,0,356,0.0028089887640449437,0.0,1.0,356,11550,8400,3150,0.7272727272727273,147,84,63,197.74351525202178,0.4668689336392889,0.8643776097204461,0.12061895628713802,2160689.8261823715,2702.480319716349,2163392.306502088,3333,0,1065.7752808988764,84,272,46,37.15815978825913,0.5385943352059925,42.25490196078431,16766.098308908473,199.59640843938658,7
3335,64.57038073216638,1,1,356,0.0028011204481792717,0.0028011204481792717,0.9971988795518207,357,11400,8100,3300,0.7105263157894737,147,81,66,196.720684366011,0.4669183216357704,0.8639893833330827,0.12049349312010903,2147288.5481954436,1683.2145464610057,2148971.7627419047,3334,0,1063.7871148459383,87,270,48,37.031304983093925,0.5402077497665734,42.10464015151515,16652.4015744757,191.406914649146,0
3336,64.81607251611297,0,1,355,0.0,0.0028089887640449437,0.9971910112359551,356,11050,8000,3050,0.7239819004524887,141,80,61,193.96874351336,0.4666508413778552,0.8615848781579853,0.11913131508613016,2157102.496143807,1432.0921613094279,2158534.5883051166,3335,1,1067.6657303370787,91,265,51,37.00206998449342,0.5416666666666667,42.00634057971015,16722.13573768288,183.75973338113053,0
3337,64.6389548779409,2,1,356,0.0056022408963585435,0.0028011204481792717,0.9971988795518207,357,10650,8000,2650,0.7511737089201878,133,80,53,174.9039394615309,0.4668507852579234,0.8525919581822976,0.10642324371354794,2145564.6752249543,-6996.457186732173,2138568.2180382223,3336,0,1065.6554621848738,85,272,47,37.838473110191806,0.539828431372549,42.344961240310035,16654.55242446147,195.93591087601732,8
3338,64.20948494685322,0,1,355,0.0,0.0028089887640449437,0.9971910112359551,356,11550,8500,3050,0.7359307359307359,146,85,61,190.46547073282431,0.46656083504773965,0.862276655216442,0.11336950900476217,2117985.2650707965,-2069.3878966203383,2115915.8771741763,3337,1,1069.637640449438,93,263,47,38.25952052233441,0.53125,43.151595744680876,16492.10374665534,177.3344488887671,8
3339,64.53245553660663,4,3,356,0.011142061281337047,0.008356545961002786,0.9916434540389972,359,11000,7700,3300,0.7,143,77,66,183.7699975241535,0.4671162005986005,0.8591863012152603,0.11014029652937854,2132848.5922920224,-4409.283895018793,2128439.3083970034,3338,0,1061.66852367688,98,261,52,38.17295887047267,0.5334842154131847,42.897727272727316,16591.440983133525,169.30041819524004,0
3340,64.22370266713997,0,0,356,0.0,0.0,1.0,356,11050,7800,3250,0.7058823529411765,143,78,65,185.660001572876,0.4667543651421639,0.8605573251386403,0.11181910942497797,2125611.638562358,-3321.787968236834,2122289.850594121,3339,1,1067.4185393258426,106,250,51,37.94137215579438,0.5355805243445693,42.71806853582558,16523.598267982856,155.88300252814014,0
3341,64.52683863259954,1,0,357,0.0028011204481792717,0.0,1.0,357,12100,8500,3600,0.7024793388429752,157,85,72,179.36591299920252,0.4667255478970615,0.8549365764299717,0.10849236206087698,2138248.35169688,-6794.226435769811,2131454.1252611103,3340,0,1065.4257703081232,84,273,52,37.943701305913926,0.5375816993464052,42.56127450980393,16611.70709748802,197.75841782723833,0
3342,64.28257703947193,2,3,356,0.005571030640668524,0.008356545961002786,0.9916434540389972,359,11750,9200,2550,0.7829787234042553,143,92,51,185.2774418089351,0.4670088908254359,0.8567960114457172,0.1086978315689735,2111537.037737556,-5305.963872633038,2106231.073864923,3341,0,1060.4846796657382,84,275,53,38.93985576539965,0.5293929897864438,43.688725490196106,16476.349249761854,196.14701487811732,8
3343,64.03194163113248,1,2,355,0.0028011204481792717,0.0056022408963585435,0.9943977591036415,357,11950,9000,2950,0.7531380753138075,149,90,59,181.4053207565841,0.4667481693051752,0.8527093794396603,0.10695446877537171,2106333.5533983335,-6929.977225083369,2099403.57617325,3342,0,1067.3669467787115,88,269,56,38.85124344056586,0.5309873949579832,43.50421348314609,16423.923230878725,186.6354912599855,0
3344,64.23323170663814,3,1,357,0.008379888268156424,0.002793296089385475,0.9972067039106145,358,12150,9500,2650,0.7818930041152263,148,95,53,174.8883388215698,0.46711536104199597,0.8491091252938892,0.09907225922829416,2088186.0818227998,-10710.120999937208,2077475.9608228626,3343,0,1058.8575418994412,103,255,54,40.55257679314954,0.5176035847299814,45.01201923076924,16378.702051157854,159.01652476852286,8
3345,63.733805032227416,3,2,358,0.008333333333333333,0.005555555555555556,0.9944444444444445,360,12000,8600,3400,0.7166666666666667,154,86,68,173.46488485906423,0.4675732487362014,0.8491417390886824,0.09889825231206423,2075931.2584777144,-11979.764654566694,2063951.4938231476,3344,0,1053.475,84,276,56,40.33976328803957,0.5199652777777778,44.767156862745075,16266.960262330771,193.65428883727108,0
3346,64.13961018632988,4,1,361,0.011049723756906077,0.0027624309392265192,0.9972375690607734,362,10850,7600,3250,0.7004608294930875,141,76,65,145.25579634997317,0.468477710523765,0.8253588294044274,0.0830827789774512,2091157.9605797029,-22499.43702848285,2068658.52355122,3345,0,1048.4447513812154,91,271,61,40.93528761879425,0.5226461786372008,44.64447463768112,16378.403855664375,179.98245995235578,8
3347,63.81489532822996,2,2,361,0.005509641873278237,0.005509641873278237,0.9944903581267217,363,9850,5900,3950,0.5989847715736041,138,59,79,140.9303900204569,0.4686756439330522,0.8200757221295711,0.08101245875566365,2083660.4858236467,-23719.783012532665,2059940.702811114,3346,0,1046.5482093663911,98,265,50,40.85356020367545,0.524162075298439,44.45496632996629,16307.57957530196,166.40387321736694,0
3348,64.13439254793752,3,6,358,0.008241758241758242,0.016483516483516484,0.9835164835164835,364,10700,7400,3300,0.6915887850467289,140,74,66,164.13847252121877,0.46870049142776415,0.8388377727618006,0.094889651252643,2097604.3244524016,-14640.486046097327,2082963.8384063044,3347,0,1044.651098901099,103,261,51,40.04279257228634,0.5247825091575091,44.240785256410206,16402.961876117308,159.2520570496826,8
3349,64.06371275964288,2,1,359,0.005555555555555556,0.002777777777777778,0.9972222222222222,360,11250,8500,2750,0.7555555555555555,140,85,55,163.46041401692673,0.4677080109357268,0.8376935684412805,0.0950778621175364,2099068.9066162654,-14627.06549489071,2084441.8411213746,3348,0,1057.0833333333333,107,253,57,39.82600033909795,0.5265046296296296,44.01041666666663,16399.643136127077,153.2676928610007,0
3350,64.51595953242649,1,2,358,0.002777777777777778,0.005555555555555556,0.9944444444444445,360,14150,10200,3950,0.7208480565371025,181,102,79,167.4616046772401,0.4677483106365418,0.8436990806783964,0.09798880206906899,2117585.794974424,-15227.136946371062,2102358.6580280527,3349,0,1058.0527777777777,113,247,57,39.495958155016616,0.5286458333333333,43.786549707602326,16529.8565907276,146.28191673210264,0
3351,64.42358341908228,3,1,360,0.008310249307479225,0.002770083102493075,0.997229916897507,361,11000,8800,2200,0.8,132,88,44,168.48200569675424,0.4683043500564276,0.8432586459030935,0.0997636809345804,2121859.9508765154,-11700.955933740928,2110158.9949427745,3350,0,1054.3102493074791,94,267,49,39.020111505105305,0.5313942751615881,43.34429824561406,16534.680011956956,175.90085119103145,0
3352,64.16325157422655,2,3,359,0.0055248618784530384,0.008287292817679558,0.9917127071823204,362,11750,9000,2750,0.7659574468085106,145,90,55,193.3544823808466,0.46859121761221895,0.8661060830381588,0.11418091012174278,2111625.616823024,-2491.544375409034,2109134.072447615,3351,0,1052.3729281767955,81,281,55,38.484518386479195,0.5282861418047882,43.445121951219534,16461.395182839027,203.22710102270403,8
3353,64.13279090583586,3,4,358,0.008287292817679558,0.011049723756906077,0.988950276243094,362,12850,9500,3350,0.7392996108949417,162,95,67,193.09227835101876,0.46879272457823823,0.8663617045937486,0.11485938354490771,2115065.2300164076,-3569.447175021639,2111495.782841386,3352,0,1052.9364640883978,86,276,49,38.21620046620048,0.5305306169429098,43.17528735632185,16470.885595428474,191.52192552823806,0
3354,63.82589726280846,2,0,360,0.005555555555555556,0.0,1.0,360,11600,8600,3000,0.7413793103448276,146,86,60,204.38579258367602,0.4686057270710822,0.8732512994522599,0.12065800030783745,2100335.71684325,2255.7560357619886,2102591.472879012,3353,0,1059.4972222222223,70,290,54,38.21318959929843,0.5263599537037037,43.456572769953034,16374.114429833686,233.9159204261955,8
3355,64.24486829866932,0,1,359,0.0,0.002777777777777778,0.9972222222222222,360,10900,7600,3300,0.6972477064220184,142,76,66,236.5576618024593,0.4687014791602187,0.8882021058336231,0.13866562462770438,2109779.514810425,16916.901788456136,2126696.4165988816,3354,1,1060.4972222222223,69,291,46,37.65774397088993,0.5231770833333333,43.720238095238095,16464.65955118576,238.618254365011,8
3356,64.08363599150077,0,1,358,0.0,0.002785515320334262,0.9972144846796658,359,11450,8300,3150,0.7248908296943232,146,83,63,233.53068816542947,0.4685439717194981,0.886437780082248,0.1374114756494034,2106808.7679686896,15150.900283338135,2121959.6682520276,3355,2,1064.4233983286908,72,287,43,37.59054442589502,0.5244022748375117,43.57876712328768,16432.404948163134,228.22784650226575,0
3357,63.788972185545006,2,3,357,0.005555555555555556,0.008333333333333333,0.9916666666666667,360,11400,8200,3200,0.7192982456140351,146,82,64,233.6333175617044,0.46925519704941715,0.8870268033530875,0.13851593556863456,2101721.3575970815,14806.42667313919,2116527.7842702204,3356,0,1062.0666666666666,75,285,41,37.30027630946659,0.5264467592592592,43.297697368421055,16374.77604253116,218.33034723374882,0
3358,63.52806208833268,1,2,356,0.002793296089385475,0.00558659217877095,0.994413407821229,358,9650,6800,2850,0.7046632124352331,125,68,57,211.8513682333559,0.46886475726230903,0.8797819002149256,0.1225021026260763,2077919.9131178784,6792.035334671771,2084711.9484525502,3357,0,1068.9357541899442,79,279,45,38.813285903375274,0.5192330074487896,44.231770833333336,16248.45994272291,205.67670813573304,8
3359,63.21855970874188,0,2,354,0.0,0.0056179775280898875,0.9943820224719101,356,10700,6900,3800,0.6448598130841121,145,69,76,209.47609457682384,0.46877637548135254,0.877912609356613,0.12170578373667477,2070691.1769693538,4852.060165245322,2075543.2371345991,3358,1,1074.629213483146,85,271,47,38.69132830123195,0.5205407303370786,44.052810077519375,16180.612708399021,190.36014951057672,0
3360,63.72275027200269,4,0,358,0.0111731843575419,0.0,1.0,358,11100,7400,3700,0.6666666666666666,148,74,74,192.4074687567647,0.46924407565633325,0.8643521065857005,0.11105343943595768,2083152.0796564468,-2537.196263583224,2080614.8833928637,3359,0,1069.5,84,274,42,39.38163990734083,0.5186219739292365,44.301470588235276,16293.813534624112,193.97397065028704,8
3361,63.241100430245375,3,0,361,0.008310249307479225,0.0,1.0,361,10950,7400,3550,0.6757990867579908,145,74,71,190.00530667866383,0.4697522314558326,0.8643714643908138,0.11050945834213075,2072069.4110624741,-4409.1632183198035,2067660.2478441542,3360,0,1061.6038781163436,90,271,48,39.1493948337283,0.5207467682363804,44.013278388278366,16188.881970256023,179.87646633617803,0
3362,62.99728037864339,1,0,362,0.0027624309392265192,0.0,1.0,362,12100,8700,3400,0.71900826446281,155,87,68,193.38358499337363,0.4699515490529173,0.8666394626441416,0.11301029093938528,2066956.1972197662,-4556.920111475352,2062399.277108291,3361,0,1059.6685082872928,97,265,49,38.881224066389976,0.5227325046040516,43.83503401360541,16137.696185430339,166.36800191165298,0
3363,62.80926658535707,2,3,361,0.005494505494505495,0.008241758241758242,0.9917582417582418,364,11450,8400,3050,0.7336244541484717,145,84,61,189.12772298832982,0.4700990297581207,0.8634895467405963,0.11397744805500166,2079160.6673068218,-5604.615453073296,2073556.0518537485,3362,0,1054.8406593406594,81,283,54,37.82929112153377,0.5372023809523809,42.6956300813008,16161.09876380084,199.5197378247017,8
3364,63.20779320766527,2,1,362,0.005509641873278237,0.0027548209366391185,0.9972451790633609,363,10500,7700,2800,0.7333333333333333,133,77,56,185.77833799205973,0.4698352180773075,0.8603793738065328,0.11269295121853364,2096237.4799201132,-5212.8969887557105,2091024.5829313574,3363,0,1058.6997245179064,86,277,53,37.67230357973036,0.5390840220385675,42.456896551724135,16278.731224818954,189.28757238161575,0
3365,63.50098868716639,2,1,363,0.005494505494505495,0.0027472527472527475,0.9972527472527473,364,10900,7200,3700,0.6605504587155964,146,72,74,176.55052231043553,0.4700239785467058,0.8569131900725877,0.10348611748820928,2085324.5818699768,-10066.971176813371,2075257.6106931635,3364,0,1056.7747252747254,73,291,58,39.197242667252524,0.5240384615384616,43.72184684684684,16273.916104146234,222.9303575910443,8
3366,63.551311963774666,3,4,362,0.00819672131147541,0.01092896174863388,0.9890710382513661,366,11250,8100,3150,0.72,144,81,63,174.50043607862636,0.4701864535768645,0.8557354330095326,0.10332962516215045,2093143.8394886171,-11399.097446789117,2081744.742041828,3365,0,1051.9562841530055,81,285,51,38.86482874678284,0.5264685792349727,43.34349593495936,16310.85755736923,201.36861181937323,0
3367,63.2777919259173,2,0,364,0.005494505494505495,0.0,1.0,364,11750,8700,3050,0.7404255319148936,148,87,61,171.74591529210701,0.4703397927829746,0.8532080599395027,0.10246026122472404,2088619.4049293743,-12807.629720709607,2075811.7752086648,3366,0,1058.6620879120878,86,278,56,38.65481849107602,0.5288175366300366,43.06752873563219,16258.119455678398,189.04790064742323,0
3368,63.554247172300954,1,1,364,0.0027397260273972603,0.0027397260273972603,0.9972602739726028,365,11600,8200,3400,0.7068965517241379,150,82,68,169.67127977932185,0.47044100306086606,0.8519355458371483,0.10159923634332144,2099979.1061581965,-13338.771509660299,2086640.334648536,3367,0,1056.7589041095891,88,277,59,38.56898409518605,0.5306506849315069,42.930711610486895,16337.845094714652,185.6573306217574,0
3369,63.919611433959226,1,4,361,0.0027397260273972603,0.010958904109589041,0.989041095890411,365,11450,7900,3550,0.6899563318777293,150,79,71,202.2026246991808,0.4700932058808771,0.8705816731535143,0.11908814949058126,2101982.2801949554,555.2668253181928,2102537.5470202737,3368,0,1057.7342465753425,80,285,56,38.35863587737775,0.5256849315068493,43.54423868312759,16392.55261337476,204.9069076671845,7
3370,63.504144329007225,3,5,359,0.008241758241758242,0.013736263736263736,0.9862637362637363,364,11250,8500,2750,0.7555555555555555,140,85,55,196.90029937594804,0.4701977315613679,0.8666110675039249,0.11662556193806208,2091755.954037143,-1676.5252857324513,2090079.4287514105,3369,0,1060.5851648351647,84,280,43,38.27955898268402,0.5277014652014652,43.33333333333335,16299.397044445272,194.04044100530086,0
3371,63.85362678695034,3,1,361,0.008287292817679558,0.0027624309392265192,0.9972375690607734,362,10850,8000,2850,0.7373271889400922,137,80,57,232.0799802419665,0.47033001229447563,0.8870944993500383,0.13580049300299685,2095849.7449593581,14030.953480060016,2109880.6984394183,3370,0,1065.707182320442,85,277,48,37.840131029483615,0.5190492633517496,43.78633720930234,16360.171601554826,192.4726070771156,8
3372,64.3583273408669,0,3,358,0.0,0.008310249307479225,0.9916897506925207,361,11900,8500,3400,0.7142857142857143,153,85,68,229.91480293518643,0.47057043192777265,0.8855395657157183,0.13477326293603958,2113512.585255422,13085.565908006687,2126598.151163429,3371,1,1067.3545706371192,68,293,48,37.827545750863976,0.5206890581717452,43.71980676328501,16493.764567309045,242.55536128395653,0
3373,64.33157565342647,1,0,359,0.002785515320334262,0.0,1.0,359,10950,8100,2850,0.7397260273972602,138,81,57,227.7939052146654,0.47048819138617,0.8844633413964684,0.1341695202484462,2115572.0662706546,13632.884547769845,2129204.9508184246,3372,0,1073.4791086350974,69,290,49,37.69970213918224,0.5224872330547818,43.54166666666666,16498.368672784956,239.10679235920227,0
3374,64.67608446287137,3,2,360,0.008287292817679558,0.0055248618784530384,0.994475138121547,362,11350,8500,2850,0.748898678414097,142,85,57,222.59136655023576,0.4710483591211236,0.8816072577573626,0.1318718292118391,2130494.876839497,11095.953212795246,2141590.8300522924,3373,0,1065.5745856353592,75,287,43,37.61174818888947,0.5242863720073665,43.32510964912278,16600.726887831443,221.3430251710859,0
3375,64.30480142783914,3,2,361,0.008264462809917356,0.005509641873278237,0.9944903581267217,363,10950,7500,3450,0.684931506849315,144,75,69,209.04005210193736,0.4710360130689111,0.8729274268622975,0.12219723851059627,2110045.7984436676,4666.816728828317,2114712.615172496,3374,0,1063.060606060606,84,279,50,38.46841513585917,0.5200298438934803,43.823529411764724,16473.37707166124,196.11163180549096,7
3376,64.59461899525513,4,0,365,0.010958904109589041,0.0,1.0,365,10100,7200,2900,0.7128712871287128,130,72,58,207.22551234076673,0.47120684680616187,0.8730255140640737,0.12237962857603658,2125859.7917479356,5006.476901920321,2130866.268649856,3375,0,1058.172602739726,77,288,55,38.12632302673813,0.5226312785388127,43.44284188034188,16572.211879244747,215.22353089928242,0
3377,64.93317262434793,0,3,362,0.0,0.00821917808219178,0.9917808219178083,365,11600,8000,3600,0.6896551724137931,152,80,72,207.0244745317288,0.47110429524813086,0.8730129193363123,0.12305203624401413,2140986.593277411,4047.3248905470264,2145033.918167958,3376,1,1059.172602739726,81,284,50,37.88744950119548,0.5246289954337899,43.20376016260165,16674.594570645346,205.85919223018945,0
3378,65.12479067975615,1,0,363,0.0027548209366391185,0.0,1.0,363,10400,7600,2800,0.7307692307692307,132,76,56,210.99853434911046,0.4711324064350182,0.8757385801265705,0.12607028733554218,2150527.14578617,7751.61516777217,2158278.7609539423,3377,0,1065.6584022038567,85,278,52,37.588716202416315,0.5263716712580349,43.01114341085273,16736.34549239819,196.89818226350815,0
3379,65.43632134157997,2,0,365,0.005479452054794521,0.0,1.0,365,11050,7600,3450,0.6877828054298643,145,76,69,202.36210133909432,0.4714429976416277,0.8752994471969164,0.11975436110850762,2154847.275657972,3161.884553393508,2158009.160211365,3378,0,1060.813698630137,75,290,47,38.1729331339457,0.5238299086757991,43.36622807017542,16793.169967101647,223.90893289468863,8
3380,65.03393973665716,1,0,366,0.00273224043715847,0.0,1.0,366,11150,7700,3450,0.6905829596412556,146,77,69,198.41030266326675,0.47157627816453324,0.8732645439238875,0.11810023024549163,2145189.6161574232,775.5442023779779,2145965.1603598013,3379,0,1058.9125683060108,79,287,50,38.054893710500494,0.5255578324225865,43.15104166666666,16703.89967767313,211.44176807181177,0
3381,64.6002013882194,0,1,365,0.0,0.00273224043715847,0.9972677595628415,366,12200,8300,3900,0.680327868852459,161,83,78,198.34589958190972,0.4714616550640018,0.8732883474214486,0.1186367997499269,2133856.1062413966,-751.6782058400577,2133104.4280355563,3380,1,1059.9125683060108,82,284,53,37.87384033203121,0.52746470856102,42.97188755020079,16604.067826690865,202.48863203281542,0
3382,64.16694084622526,3,1,367,0.008152173913043478,0.002717391304347826,0.9972826086956522,368,11700,7900,3800,0.6752136752136753,155,79,76,201.13675225344326,0.4714953118212692,0.8766982101687302,0.1214227816011581,2125140.094140072,188.75532378220032,2125328.849463854,3381,0,1055.125,68,300,56,37.456250977631775,0.5296365489130435,42.632850241545896,16514.462674312337,242.85974521047555,0
3383,64.16821437301823,1,1,367,0.002717391304347826,0.002717391304347826,0.9972826086956522,368,10350,7200,3150,0.6956521739130435,135,72,63,196.69966305394556,0.47164046765786044,0.8742480583870738,0.11940730582901372,2128540.6049978156,-213.35604005743153,2128327.2489577583,3382,0,1051.0652173913043,70,298,54,37.36317593225489,0.53125,42.42957746478874,16527.83408938837,236.111915562691,0
3384,64.32801382474568,3,0,370,0.008108108108108109,0.0,1.0,370,12200,9100,3100,0.7459016393442623,153,91,62,195.5747459966624,0.47167853829439194,0.8693783941717836,0.11778732439889467,2129047.414074999,-2922.418555486427,2126124.9955195123,3383,0,1046.091891891892,96,274,51,37.68730695383591,0.5315033783783784,42.71907216494845,16550.37108261657,172.39969877725594,8
3385,64.3335965744333,1,0,371,0.0026954177897574125,0.0,1.0,371,10400,7000,3400,0.6730769230769231,138,70,68,194.2007755750162,0.47152479298705713,0.868400368007229,0.11763853889792072,2132735.0275243744,-1764.2407117532475,2130970.786812621,3384,0,1044.2695417789757,82,289,51,37.50700638494903,0.5331592542677448,42.507530120481896,16565.416678183177,202.0172765632095,0
3386,64.8137540949452,3,2,372,0.008021390374331552,0.0053475935828877,0.9946524064171123,374,11600,8300,3300,0.7155172413793104,149,83,66,208.6064162044114,0.4716624433102512,0.8795761401380624,0.12371830221691102,2135686.479441531,2703.580522503574,2138390.0599640347,3385,0,1036.885026737968,82,292,43,37.930416361117956,0.5284926470588236,43.28564257028115,16638.62123509178,202.91001506209489,8
3387,65.09137074806318,1,0,373,0.002680965147453083,0.0,1.0,373,11500,8800,2700,0.7652173913043478,142,88,54,226.25751722765233,0.47150003122988077,0.8861884456179661,0.13431784233542757,2145438.930217095,10984.337142893944,2156423.267359989,3386,0,1040.6514745308311,76,297,49,37.44028487626676,0.5290717158176943,43.24945887445888,16712.24466216847,219.89795608116407,8
3388,65.40500526494439,2,0,375,0.005333333333333333,0.0,1.0,375,12500,9200,3300,0.736,158,92,66,221.6608790727598,0.4718000594177065,0.8850028951939786,0.13245963258085006,2159867.5434454014,8251.627672166122,2168119.1711175675,3387,0,1036.096,83,292,51,37.309399729781894,0.5313611111111112,43.00595238095239,16808.697037583206,202.5144221395567,0
3389,65.37547514118678,1,2,374,0.0026595744680851063,0.005319148936170213,0.9946808510638298,376,12550,9200,3350,0.7330677290836654,159,92,67,208.26374830847814,0.47178723404255324,0.8794665687475471,0.12460998184744755,2159668.35400097,2206.1253014887443,2161874.4793024585,3388,0,1034.337765957447,86,290,52,37.606553940749045,0.5315270390070922,42.959770114942536,16804.12715913555,195.39682743180873,8
3390,65.62188993199416,2,3,373,0.005319148936170213,0.007978723404255319,0.9920212765957447,376,11800,8600,3200,0.7288135593220338,150,86,64,204.77238477142984,0.47202009456264776,0.878698739943852,0.12332595575659266,2171866.675512439,1947.6637100559383,2173814.339222495,3389,0,1035.1010638297873,94,282,51,37.45089996022277,0.533632535460993,42.71929824561405,16883.245892152612,179.60899885268736,0
3391,65.48710384974781,1,2,372,0.00267379679144385,0.0053475935828877,0.9946524064171123,374,11450,8400,3050,0.7336244541484717,145,84,61,200.3740544667608,0.471850164633243,0.875309610810016,0.12117236866366739,2169931.260972586,709.5849350495537,2170640.8459076355,3390,0,1034.4919786096257,74,300,54,37.41120402841471,0.5355392156862745,42.569444444444436,16858.3815257649,227.81596656439055,0
3392,64.9707263114508,1,2,371,0.002680965147453083,0.005361930294906166,0.9946380697050938,373,11000,8200,2800,0.7454545454545455,138,82,56,201.0233843078634,0.47169731999577197,0.8751046180104869,0.12229131162439706,2156453.9887209293,1099.5357833739472,2157553.524504303,3391,0,1038.2144772117963,78,295,43,37.17299982940974,0.5372821715817695,42.35232067510547,16739.556858198084,214.60970331023185,0
3393,64.84905456461166,0,6,365,0.0,0.016172506738544475,0.9838274932614556,371,11250,7800,3450,0.6933333333333334,147,78,69,209.28636170549154,0.4712185231053156,0.8795351961995779,0.12710690782770626,2151406.428393935,4602.0047896744945,2156008.4331836095,3392,2,1044.7951482479784,73,298,50,37.021774869300685,0.5363319856244384,42.41272522522522,16704.291237018977,228.82590735642435,8
3394,65.02717836286988,2,2,365,0.005449591280653951,0.005449591280653951,0.9945504087193461,367,10650,7900,2750,0.7417840375586855,134,79,55,204.0072805702537,0.4709730473538711,0.8745544543149488,0.12451650218483998,2160335.4800941744,4094.8332826888764,2164430.3133768635,3393,0,1051.408719346049,80,287,48,36.9738658285106,0.5381187556766576,42.232510288065825,16761.892529647077,209.52365662058847,0
3395,65.1160902645649,0,2,363,0.0,0.005479452054794521,0.9945205479452055,365,9500,7300,2200,0.7684210526315789,117,73,44,203.84225766651042,0.47058463796477495,0.873680603518391,0.1248078280849653,2165203.8174973275,5772.006893360157,2170975.8243906875,3394,1,1058.1424657534246,82,283,49,36.86175864642139,0.5391267123287671,42.11847389558231,16792.236731378922,204.78337477291367,0
3396,65.2145267231435,2,0,365,0.005479452054794521,0.0,1.0,365,12950,9600,3350,0.7413127413127413,163,96,67,179.55158663811136,0.47059435997792165,0.8565939588996019,0.10928757947217524,2164873.193422155,-8208.71665014798,2156664.476772007,3395,0,1058.6109589041096,85,280,46,37.706394255629206,0.5389269406392694,42.33284883720928,16803.641315181976,197.6898978256703,8
3397,65.43256641634694,1,2,364,0.00273224043715847,0.00546448087431694,0.994535519125683,366,10200,7200,3000,0.7058823529411765,132,72,60,182.22534532018494,0.47058365770891036,0.859204085521664,0.11157358942234218,2175734.164520666,-4105.218109059647,2171628.9464116064,3396,0,1056.7158469945355,89,277,50,37.418792917732574,0.540556693989071,42.11805555555555,16873.877457437775,189.5941287352559,0
3398,64.93115294016134,2,0,366,0.00546448087431694,0.0,1.0,366,11200,7800,3400,0.6964285714285714,146,78,68,179.83343201621466,0.47051379220001494,0.8576650253644527,0.11074145480055063,2162527.5014464487,-6621.051517086969,2155906.4499293617,3397,0,1057.5710382513662,97,269,54,37.26983890010017,0.5427197176684881,41.91113945578231,16758.007276148583,172.7629616097792,0
3399,64.91377919241938,2,0,368,0.005434782608695652,0.0,1.0,368,9650,6300,3350,0.6528497409326425,130,63,67,181.57452982269078,0.47073389927141335,0.8535442717870885,0.10886611420105201,2145686.3658097703,-5329.601396225615,2140356.764413545,3398,0,1052.8179347826087,100,268,57,38.215085572937575,0.5347882699275363,42.88366336633667,16690.393103001636,166.90393103001637,8
3400,64.90191386392692,1,3,366,0.0027100271002710027,0.008130081300813009,0.991869918699187,369,10700,7500,3200,0.7009345794392523,139,75,64,182.50023445226975,0.47086935656494244,0.8545532052327025,0.11009085693279186,2149030.07704032,-6060.301419032221,2142969.7756212875,3399,0,1050.9620596205962,85,284,60,37.96342056543982,0.5363595302619693,42.65988372093024,16701.866060477154,196.49254188796652,0
3401,65.16789784843363,1,0,367,0.0027247956403269754,0.0,1.0,367,10700,6700,4000,0.6261682242990654,147,67,80,186.43760936465532,0.47056637532695067,0.8617231116590593,0.11154037526987859,2152753.464095108,-3829.158120525295,2148924.305974583,3400,0,1057.5967302452316,93,274,54,38.17107674067687,0.5319879654859219,42.963209219858165,16750.547324849544,180.11341209515638,8
3402,65.22319916924833,1,2,366,0.002717391304347826,0.005434782608695652,0.9945652173913043,368,12100,8900,3200,0.7355371900826446,153,89,64,186.3791014091938,0.4704344864352565,0.8616146857848177,0.11205665305088969,2157619.5117023904,-5272.962845192491,2152346.548857198,3401,0,1055.7201086956522,98,270,57,37.98798031034391,0.5337975543478262,42.78198653198655,16776.58172234273,171.1896094116605,0
3403,64.90431657612412,0,0,366,0.0,0.0,1.0,366,11600,8500,3100,0.7327586206896551,147,85,62,184.19052653486315,0.47037998727449665,0.8591188940907466,0.11126843913706902,2149977.450526115,-5598.90426990287,2144378.546256212,3402,1,1061.9125683060108,82,284,57,37.867013668795806,0.5355475865209471,42.607931726907616,16705.85628338006,203.7299546753666,0
3404,64.84496213874871,3,2,367,0.008130081300813009,0.005420054200542005,0.994579945799458,369,10600,7500,3100,0.7075471698113207,137,75,62,179.86292956321196,0.4706573288558973,0.8570870701584834,0.10930904596716494,2151671.458588476,-6998.813600145633,2144672.64498833,3403,0,1054.271002710027,87,282,58,37.75525930861247,0.5378556910569106,42.388731060606055,16704.79298088999,192.00911472287345,0
3405,64.40490532575386,0,3,364,0.0,0.008174386920980926,0.9918256130790191,367,12700,9800,2900,0.7716535433070866,156,98,58,181.17824519201076,0.47038925120233466,0.8571766563465955,0.11045251824828511,2138952.303760479,-8593.675011053714,2130358.6287494255,3404,1,1058.474114441417,88,279,44,37.60586966394184,0.5395946866485013,42.27528089887639,16598.73613381429,188.62200152061695,0
3406,64.01815106336727,1,2,363,0.0027397260273972603,0.005479452054794521,0.9945205479452055,365,13300,10300,3000,0.7744360902255639,163,103,60,183.4538343599057,0.4701775678659241,0.85924971551869,0.11220122073705463,2128039.3102268777,-8220.605774054384,2119818.7044528234,3405,0,1065.194520547945,88,277,47,37.42803374186717,0.5408961187214611,42.15823970037452,16506.552761305895,187.5744631966579,0
3407,64.23794041919376,0,0,363,0.0,0.0,1.0,363,11050,7700,3350,0.6968325791855203,144,77,67,183.6630200869564,0.4699744177079687,0.8586257835269695,0.11280102322176956,2137858.098970294,-5120.905005151534,2132737.1939651426,3406,1,1069.4380165289256,94,269,49,37.268193860059235,0.542498852157943,42.00657894736842,16572.9660101229,176.30814904386062,0
3408,64.10062787209907,1,2,362,0.0027472527472527475,0.005494505494505495,0.9945054945054945,364,11350,8200,3150,0.7224669603524229,145,82,63,183.3448082093059,0.4699746276450822,0.8601189182861362,0.11308240510311132,2135809.5645884876,-5832.081001784503,2129977.483586703,3407,0,1067.4972527472528,99,265,52,37.12119683641352,0.5443280677655677,41.854166666666664,16547.309999232897,167.14454544679694,0
3409,63.97520575623676,3,3,362,0.00821917808219178,0.00821917808219178,0.9917808219178083,365,10600,7500,3100,0.7075471698113207,137,75,62,183.1069113360101,0.4698768126850319,0.8612672613580803,0.11364846943626161,2135365.880432586,-5399.949812337667,2129965.9306202484,3408,0,1057.0520547945205,80,285,56,36.89711811258773,0.5464041095890411,41.628086419753096,16529.396332928965,206.61745416161207,0
3410,63.81373162426986,2,0,364,0.005494505494505495,0.0,1.0,364,11050,8400,2650,0.7601809954751131,137,84,53,176.98631908586967,0.4699553918303918,0.8554725748345173,0.11040181084766146,2132935.8187410897,-8349.90811892174,2124585.910622168,3409,0,1058.956043956044,85,279,55,36.87263812111557,0.5483344780219781,41.44864341085272,16499.126880470754,194.1073750643618,0
3411,63.83545470339641,0,2,362,0.0,0.005494505494505495,0.9945054945054945,364,11800,9100,2700,0.7711864406779662,145,91,54,178.41278963293078,0.469902256834075,0.8604932624185504,0.10808953969198655,2116302.531570801,-9084.912327044447,2107217.6192437564,3410,1,1059.956043956044,80,284,52,37.90848857147618,0.5384043040293041,42.502572016460896,16437.46540028422,205.46831750355278,8
3412,63.738286948904744,1,0,363,0.0027548209366391185,0.0,1.0,363,11950,8700,3250,0.7280334728033473,152,87,65,178.70115136980166,0.4696706517713549,0.8602118474680844,0.10893897112351371,2116794.4732660777,-8895.27808282361,2107899.1951832543,3411,0,1063.8650137741047,81,282,45,37.670872765510005,0.5406049127640037,42.27642276422765,16426.859319351894,202.8007323376777,0
3413,63.47171070065347,0,0,363,0.0,0.0,1.0,363,11050,7500,3550,0.6787330316742082,146,75,71,201.39830133011242,0.4695580871497496,0.8692190451739328,0.11833747877792114,2085835.773707213,366.756335643513,2086202.5300428567,3412,1,1064.8650137741047,78,285,48,38.468107630852586,0.5311065197428834,43.63132911392408,16272.15811119221,208.6174116819514,8
3414,63.3274117244492,3,3,363,0.00819672131147541,0.00819672131147541,0.9918032786885246,366,11450,8100,3350,0.7074235807860262,148,81,67,217.87273373575064,0.46976476532674605,0.8657799801704007,0.1289982690567611,2085703.7036127527,6233.593533779076,2091937.2971465318,3413,0,1057.1284153005465,87,279,42,37.75578052455185,0.5325591985428051,43.34753787878791,16253.136138843776,186.81765676831927,7
3415,63.54451257622653,2,1,364,0.005479452054794521,0.0027397260273972603,0.9972602739726028,365,11600,8100,3500,0.6982758620689655,151,81,70,220.6370114468387,0.4697858648201114,0.8660374492614733,0.13109407434278555,2094973.7683641238,7845.750262277081,2102819.5186264007,3414,0,1060.9123287671232,89,276,47,37.55202229634307,0.534046803652968,43.217592592592624,16317.1129168539,183.3383473803809,0
3416,63.169004627549704,3,3,364,0.008174386920980926,0.008174386920980926,0.9918256130790191,367,11250,8100,3150,0.72,144,81,63,170.36838115363824,0.47022856767072163,0.8409252921477046,0.0995262679019538,2072381.7659567718,-14036.334680326749,2058345.431276445,3415,0,1056.0844686648502,116,251,62,39.48391319963387,0.5306823342415985,43.847934472934426,16180.871012635262,139.49026735030398,8
3417,63.69180012933868,2,3,363,0.00546448087431694,0.00819672131147541,0.9918032786885246,366,12000,8500,3500,0.7083333333333334,155,85,70,171.6763336699782,0.47015011727424705,0.8426213468853434,0.10070920289064125,2092075.7825576537,-13368.019978149267,2078707.7625795044,3416,0,1059.7732240437158,89,277,60,39.29193008203508,0.5326445810564663,43.69212962962966,16324.70965120626,183.42370394613775,0
3418,63.371005171130655,0,1,362,0.0,0.0027548209366391185,0.9972451790633609,363,11000,7400,3600,0.6727272727272727,146,74,72,166.073610714842,0.46994017269632543,0.8351293998836713,0.09805167975081866,2085434.610897558,-14332.868851707508,2071101.7420458505,3417,1,1067.4876033057851,97,266,57,39.19180201082759,0.534349173553719,43.452380952380985,16257.68049330811,167.60495353925887,0
3419,63.78483942359839,1,2,361,0.0027548209366391185,0.005509641873278237,0.9944903581267217,363,11500,8000,3500,0.6956521739130435,150,80,70,165.1258748518143,0.4697803626419899,0.8358394966559024,0.09801248279830962,2102285.1746124756,-14671.664270822534,2087613.5103416531,3418,0,1068.3168044077136,100,263,50,39.015425403711816,0.5359561524334251,43.254950495049535,16376.441755477274,163.76441755477273,0
3420,64.12135259779173,3,1,363,0.008241758241758242,0.0027472527472527475,0.9972527472527473,364,10400,6900,3500,0.6634615384615384,139,69,70,159.7734499815363,0.46982310618674256,0.8308950896140197,0.09543343346316174,2117199.9207812385,-15545.532871228457,2101654.38791001,3419,0,1066.1758241758241,105,259,56,38.9169853409816,0.5378319597069596,43.0227987421384,16477.72573144924,156.93072125189755,0
3421,64.30270146154731,2,0,365,0.005479452054794521,0.0,1.0,365,12000,9000,3000,0.75,150,90,60,159.07743651465,0.4699301269506749,0.8321906560575525,0.09549176325982497,2126214.2320792642,-17353.458095971924,2108860.7739832923,3420,0,1064.2191780821918,110,255,61,38.74887481905875,0.5397545662100456,42.839714714714745,16536.10105246626,150.32819138605691,0
3422,64.60510753193319,0,0,365,0.0,0.0,1.0,365,13100,9300,3800,0.7099236641221374,169,93,76,158.89689055235633,0.469919150484219,0.8323478372307944,0.09560846930589036,2137650.543732705,-18166.795102662454,2119483.7486300427,3421,1,1065.2191780821918,115,250,60,38.66566161669053,0.5414383561643836,42.75323275862073,16619.455059871827,144.51700052062458,0
3423,64.31268097329813,2,3,364,0.005449591280653951,0.008174386920980926,0.9918256130790191,367,10950,8400,2550,0.7671232876712328,135,84,51,155.88120581336293,0.4703027054391686,0.8352328243852605,0.0921569688768608,2117242.093811417,-18342.349883572897,2098899.743927844,3422,0,1060.408719346049,98,269,47,39.40290933694183,0.5361319255222525,43.4027777777778,16502.4552914124,168.3924009327796,8
3424,64.45028022827533,1,0,365,0.0027397260273972603,0.0,1.0,365,11500,8500,3000,0.7391304347826086,145,85,60,158.33519654172352,0.4700160570023584,0.8358795324149604,0.09409823293780102,2124975.641205197,-17208.31284067961,2107767.3283645175,3423,0,1066.0027397260274,103,262,51,39.143231401305336,0.5377568493150685,43.209134615384635,16550.243234099922,160.6819731466012,0
3425,64.06177804201747,1,2,364,0.00273224043715847,0.00546448087431694,0.994535519125683,366,10900,7700,3200,0.7064220183486238,141,77,64,157.81580182097707,0.4699735821044489,0.8346832823892703,0.09429037555004768,2115401.7884459468,-17331.234116574065,2098070.5543293725,3424,0,1064.0874316939892,112,254,54,38.95686861802616,0.5395321038251366,43.01253687315636,16463.07382241311,146.9917305572599,0
3426,63.6296327203845,2,4,362,0.00546448087431694,0.01092896174863388,0.9890710382513661,366,10950,8000,2950,0.730593607305936,139,80,59,167.40966344763717,0.47005077725378647,0.8489858363086136,0.09772917425528355,2087064.9099405978,-14271.033166695015,2072793.876773903,3425,0,1063.9453551912568,108,258,58,39.586442670049586,0.5302254098360656,43.874235474006085,16297.188327016464,150.89989191681912,8
3427,64.06517181416646,2,2,362,0.005494505494505495,0.005494505494505495,0.9945054945054945,364,12000,9100,2900,0.7583333333333333,149,91,58,166.8302617201348,0.46999007936507936,0.8492062310754251,0.09797486279200696,2105018.679201375,-14563.836564612058,2090454.8426367631,3426,0,1068.3708791208792,83,281,58,39.374113132094934,0.5323660714285714,43.650793650793666,16423.0559491872,197.86814396611086,0
3428,64.12990922165673,0,1,361,0.0,0.0027624309392265192,0.9972375690607734,362,10700,7500,3200,0.7009345794392523,139,75,64,164.10003333589498,0.46990866505461093,0.8452010473931679,0.0968649064950773,2110272.870920274,-13840.830306828793,2096432.0406134452,3427,1,1074.9171270718232,89,273,59,39.25083652906234,0.5340412062615101,43.46064814814818,16451.845346042108,184.8521948993495,0
3429,63.67051876730616,5,4,362,0.01366120218579235,0.01092896174863388,0.9890710382513661,366,10400,7400,3000,0.7115384615384616,134,74,60,160.2187589735541,0.4706717693440128,0.8410001289552986,0.09528799875795707,2099712.949741072,-16317.319398356034,2083395.630342716,3428,0,1064.1420765027322,98,268,48,39.06710914454275,0.5363729508196722,43.181818181818215,16351.74686524021,166.8545598493899,0
3430,63.50728083039139,3,1,364,0.00821917808219178,0.0027397260273972603,0.9972602739726028,365,11600,8500,3100,0.7327586206896551,147,85,62,179.10595501351108,0.4702456219579507,0.8527929222956179,0.10654413792076917,2094461.1715593536,-9573.906325828215,2084887.2652335253,3429,0,1068.0493150684931,93,272,50,38.57384794615122,0.5339041095890411,43.17375886524825,16310.336220358655,175.3799593586952,8
3431,63.700258103590436,2,0,366,0.00546448087431694,0.0,1.0,366,10550,7000,3550,0.6635071090047393,141,70,71,174.52409726823197,0.47037624447937715,0.8488580122900236,0.10442555160164786,2104344.7926955963,-10298.224942738543,2094046.5677528577,3430,0,1066.0983606557377,103,263,53,38.47274448297807,0.5358321948998179,42.958733974359,16373.594989107149,158.966941641817,0
3432,64.01827412120717,2,0,368,0.005434782608695652,0.0,1.0,368,12400,9600,2800,0.7741935483870968,152,96,56,176.14133776758416,0.4705529558109229,0.8531893461055202,0.10597739624488307,2118193.0972676603,-11379.726839441373,2106813.370428219,3431,0,1061.2989130434783,109,259,56,38.224545984416224,0.5379302536231885,42.75568181818184,16468.337277486837,151.08566309620952,0
3433,64.3659985347001,2,0,370,0.005405405405405406,0.0,1.0,370,9850,6800,3050,0.6903553299492385,129,68,61,174.19910547372962,0.4707341487829293,0.853187818763651,0.10547722646621141,2133550.3493456035,-9517.48753216615,2124032.861813437,3432,0,1056.5567567567568,89,281,58,38.03792442086966,0.5398648648648648,42.52314814814816,16572.754669015565,186.21072661815242,0
3434,64.29084712535847,1,1,370,0.0026954177897574125,0.0026954177897574125,0.9973045822102425,371,11950,8700,3250,0.7280334728033473,152,87,65,169.9818774323553,0.47082665549646685,0.8498864037824585,0.10349442144098892,2134394.6641111923,-13588.317562555483,2120806.346548637,3433,0,1054.7061994609164,96,275,44,37.9416718760853,0.5416947439353099,42.32173539518901,16566.35391723561,172.56618663787094,0
3435,63.85246498443654,0,1,369,0.0,0.002702702702702703,0.9972972972972973,370,11550,8400,3150,0.7272727272727273,147,84,63,167.37802419503495,0.4705600417490661,0.8474440842137505,0.10093071906504518,2114055.199891179,-14780.72352059487,2099274.476370584,3434,1,1058.527027027027,89,281,56,38.36653285656459,0.5395551801801801,42.673611111111114,16430.924236099298,184.6171262483067,8
3436,64.01188657453656,3,2,370,0.008064516129032258,0.005376344086021506,0.9946236559139785,372,11450,8500,2950,0.74235807860262,144,85,59,163.758371439784,0.47060943975886155,0.8453587942210412,0.0997162514090255,2125199.8652807013,-16246.146215516863,2108953.7190651842,3435,0,1053.8225806451612,95,277,46,38.097945090112866,0.5417786738351255,42.317708333333336,16494.729626433334,173.62873290982458,0
3437,64.4234550612712,0,1,369,0.0,0.002702702702702703,0.9972972972972973,370,11300,8400,2900,0.7433628318584071,142,84,58,165.48429180027068,0.47008242999096655,0.8473328516898291,0.10097814928629405,2140125.068715278,-14468.58372792957,2125656.4849873483,3436,1,1060.5054054054053,95,275,50,37.97625938398936,0.5432150900900901,42.24175347222222,16605.676811854348,174.79659801951945,0
3438,64.47111591128645,2,3,368,0.005390835579514825,0.008086253369272238,0.9919137466307277,371,10550,7500,3050,0.7109004739336493,136,75,61,167.3130991494695,0.47019529637454166,0.84951616861965,0.10269825281632894,2145260.9474209403,-12963.948480534567,2132296.998940406,3437,0,1058.4501347708895,97,274,54,37.71185276747703,0.5449236298292902,42.02806122448981,16631.7387666553,171.46122439850825,0
3439,64.09035065071596,1,2,367,0.0027100271002710027,0.005420054200542005,0.994579945799458,369,12250,9200,3050,0.7510204081632653,153,92,61,166.3677267934716,0.46969967548407365,0.8493447419066895,0.10284375777976452,2136814.1502364785,-14950.617449006746,2121863.532787472,3438,0,1065.040650406504,107,262,60,37.47669449320839,0.5468608852755195,41.772762345679006,16549.87420883114,154.67172157786112,0
3440,64.14493050753913,2,1,368,0.005420054200542005,0.0027100271002710027,0.997289972899729,369,11950,8700,3250,0.7280334728033473,152,87,65,176.7620130304658,0.46964106869329564,0.8590875151342072,0.10500976634611134,2114678.9964462533,-10991.016734983195,2103687.97971127,3439,0,1065.9457994579946,84,285,50,38.68419796687825,0.5335083559168925,43.22303921568627,16470.940305446886,196.0826226838915,8
3441,64.3908756918706,1,2,367,0.0027100271002710027,0.005420054200542005,0.994579945799458,369,12550,9400,3150,0.749003984063745,157,94,63,173.9300507154732,0.46983898167786026,0.8563374222732056,0.10396904948519216,2126567.400835369,-12375.204824566255,2114192.1960108024,3440,0,1061.0162601626016,90,279,52,38.52440762515585,0.5355973351400181,42.9945054945055,16548.808848831093,183.87565387590104,0
3442,64.09447340706973,0,1,366,0.0,0.0027247956403269754,0.997275204359673,367,10950,8000,2950,0.730593607305936,139,80,59,176.3168257034495,0.4697992510534388,0.8578913247431217,0.1058230694477158,2119230.439192171,-9618.803205501523,2109611.6359866695,3441,1,1065.1852861035422,90,277,52,38.311632910453305,0.5372672570390554,42.84569597069598,16482.169701119794,183.13521890133103,0
3443,63.65305589952877,1,0,367,0.0027247956403269754,0.0,1.0,367,11750,9000,2750,0.7659574468085106,145,90,55,178.54161375084712,0.4698361648377283,0.8595124780933794,0.10767383035426187,2107516.2705407883,-9894.128810297134,2097622.141730491,3442,0,1066.1716621253406,80,287,51,38.07533733133432,0.5390270208900999,42.66975308641971,16379.85659142945,204.74820739286812,0
3444,63.177079580282715,2,1,368,0.005420054200542005,0.0027100271002710027,0.997289972899729,369,12050,8900,3150,0.7385892116182573,152,89,63,180.22500373317055,0.46994606947881074,0.861189504273624,0.10955146054303404,2096449.109997893,-10283.490264846365,2086165.6197330465,3443,0,1061.3875338753387,85,284,48,37.73836530474713,0.5413279132791328,42.381298449612366,16275.597209217736,191.47761422609102,0
3445,63.22624234661769,0,0,368,0.0,0.0,1.0,368,10150,7200,2950,0.7093596059113301,131,72,59,176.03189697607888,0.46977272390712005,0.8570897711762984,0.10730091020986338,2099729.303736479,-9826.13350540217,2089903.170231077,3444,1,1065.0570652173913,89,279,48,37.743400173650116,0.5430253623188406,42.28009259259256,16294.661323288432,183.08608228413968,0
3446,63.474978001621395,3,0,371,0.008086253369272238,0.0,1.0,371,11600,8900,2700,0.7672413793103449,143,89,54,174.08573493202906,0.469707814283286,0.856525825683454,0.10697145441117387,2112757.121358668,-12239.824759080446,2100517.2965995874,3445,0,1057.4366576819407,96,275,57,37.497225228225,0.5452886343216532,41.988831615120255,16377.253237402741,170.5963878896119,0
3447,63.898836240055154,2,1,372,0.005361930294906166,0.002680965147453083,0.9973190348525469,373,10600,7400,3200,0.6981132075471698,138,74,64,173.88711661558375,0.469721129176396,0.8575619947686508,0.10757423316048814,2130882.379258968,-11093.401444740653,2119788.9778142273,3446,0,1052.7613941018767,105,268,57,37.254566210045674,0.5470285969615729,41.74528301886792,16502.17586859913,157.1635797009441,0
3448,63.73700050183594,2,0,374,0.0053475935828877,0.0,1.0,374,11800,7400,4400,0.6271186440677966,162,74,88,169.45355066288934,0.46978956096208896,0.8548160667941207,0.10549850089657319,2129230.686507096,-14438.859998197995,2114791.826508898,3447,0,1050.5,83,291,57,37.13778545384765,0.5487410873440286,41.517857142857146,16474.876469001367,198.49248757832973,0
3449,63.946825728007,0,0,374,0.0,0.0,1.0,374,11550,8500,3050,0.7359307359307359,146,85,61,169.50354369408316,0.4697408758775263,0.8548832850199424,0.1059333654102521,2138495.5250249454,-13853.486066866357,2124642.038958079,3448,1,1051.5,83,291,58,36.9977723167905,0.5501893939393939,41.38144841269842,16537.835448382797,199.2510294985879,0
3450,63.64679693247266,0,4,370,0.0,0.0106951871657754,0.9893048128342246,374,12200,8900,3300,0.7295081967213115,155,89,66,196.91009303728458,0.46958332138607334,0.8718788079950155,0.12248412524904624,2125697.100332795,-3285.7572408766373,2122411.3430919186,3449,2,1052.5,79,295,51,36.46032755638404,0.5490474598930482,41.54947916666667,16449.54781657098,208.22212426039215,8
3451,63.660625862885276,1,2,369,0.0026954177897574125,0.005390835579514825,0.9946091644204852,371,11800,8300,3500,0.7033898305084746,153,83,70,185.60499986294215,0.4690518685801705,0.865366562707272,0.11524887832842014,2125121.3104563616,-7113.371892801852,2118007.9385635597,3450,0,1061.1159029649596,76,295,57,36.816753926701594,0.545457097933513,41.61255411255412,16449.10652030725,216.43561210930594,8
3452,63.350464305210494,0,1,368,0.0,0.0027100271002710027,0.997289972899729,369,12250,9200,3050,0.7510204081632653,153,92,61,183.96215676218642,0.4690240097600251,0.8639588234210216,0.11468033351689873,2117079.414590292,-8157.50097102811,2108921.913619264,3451,1,1067.710027100271,79,290,56,36.71540543943591,0.5467479674796748,41.47135416666668,16377.909749739052,207.3153132878361,0
3453,63.82618540713852,0,1,367,0.0,0.002717391304347826,0.9972826086956522,368,10950,7500,3450,0.684931506849315,144,75,69,184.35096062119186,0.46877977160091616,0.8633143099929106,0.11544043548862135,2135624.5256165774,-5809.113435280891,2129815.4121812964,3452,2,1071.6005434782608,81,287,48,36.542018594906054,0.5483186141304348,41.31097560975611,16511.13363352357,203.84115596942678,0
3454,64.23572746555399,0,3,364,0.0,0.008174386920980926,0.9918256130790191,367,11050,8400,2650,0.7601809954751131,137,84,53,209.20592925756364,0.46861273655841934,0.8795513457114017,0.12914707851648463,2140839.186763214,5125.250291560274,2145964.4370547743,3453,3,1073.1362397820164,86,281,51,36.421087820185804,0.544136012715713,41.82231800766281,16584.23121814809,192.8398978854429,8
3455,64.69050656822705,3,2,365,0.008174386920980926,0.005449591280653951,0.9945504087193461,367,11450,8800,2650,0.7685589519650655,141,88,53,202.00486177005268,0.4687777628881841,0.8761380449687965,0.12560238757781436,2160313.0434394167,2428.7475440044045,2162741.7909834213,3454,0,1072.7384196185287,70,297,54,36.34343362664396,0.5464066757493188,41.56396713615024,16718.357881445434,238.83368402064906,0
3456,64.77037861727402,0,0,365,0.0,0.0,1.0,365,9650,6900,2750,0.7150259067357513,124,69,55,201.84935062619275,0.46858692106979777,0.8751215003268862,0.126009550951518,2165378.8565171724,4766.06320953622,2170144.9197267084,3455,1,1078.3123287671233,71,294,52,36.20131156866035,0.5474315068493151,41.42071759259261,16748.27802411089,235.8912397762097,0
3457,64.42739833426664,1,1,365,0.00273224043715847,0.00273224043715847,0.9972677595628415,366,10900,7500,3400,0.6880733944954128,143,75,68,200.0586160020281,0.46830866207550464,0.87466749422374,0.12581108768559152,2158265.787036464,2255.933263808831,2160521.720300273,3456,0,1076.363387978142,75,291,50,35.981213043862,0.5493226320582878,41.15953947368423,16676.41745535403,222.35223273805371,0
3458,64.77990344506046,1,1,365,0.00273224043715847,0.00273224043715847,0.9972677595628415,366,11500,8200,3300,0.7130434782608696,148,82,66,199.80109889151112,0.468230219327794,0.8738856905808581,0.1262690283267634,2173000.6477269935,2133.5834615644344,2175134.231188558,3457,0,1077.2486338797814,80,286,51,35.809935786041756,0.5512864298724954,40.98508230452677,16778.961359143144,209.73701698928932,0
3459,64.62029231736086,1,3,363,0.00273224043715847,0.00819672131147541,0.9918032786885246,366,9650,6400,3250,0.6632124352331606,129,64,65,197.17223614022936,0.4681898283304639,0.8723143731964904,0.1249927896710885,2169472.6893316703,2701.9562801372285,2172174.6456118077,3458,0,1078.204918032787,82,284,52,35.76679824348974,0.5526810109289617,40.876004016064286,16744.668366924732,204.20327276737478,0
3460,64.13880686939738,0,2,361,0.0,0.005509641873278237,0.9944903581267217,363,12650,10100,2550,0.7984189723320159,152,101,51,200.19660680219636,0.468115674575996,0.8733807915545422,0.12759777180792692,2156474.2509293654,1093.7655384745522,2157568.01646784,3459,1,1086.01652892562,85,278,52,35.494174957572405,0.5544938016528926,40.68556201550391,16632.118656334107,195.67198419216598,0
3461,64.14904292949716,0,2,359,0.0,0.00554016620498615,0.9944598337950139,361,11050,7300,3750,0.6606334841628959,148,73,75,198.80158283046495,0.4677724556273725,0.8720159603883746,0.12761965179377996,2161000.580393037,2672.0671759376382,2163672.6475689746,3460,2,1092.9058171745153,70,291,54,35.27406454894866,0.5560941828254848,40.43427230046947,16650.89300922331,237.86990013176157,0
3462,64.21454126081537,0,0,359,0.0,0.0,1.0,359,11650,8500,3150,0.7296137339055794,148,85,63,197.36344861570328,0.46726176581960027,0.870153962026355,0.12743015939202104,2166568.39220835,2070.2819096032217,2168638.674117953,3461,3,1099.8161559888579,76,283,48,35.1058266500017,0.5580605849582172,40.23268398268395,16680.839032605065,219.48472411322453,0
3463,64.38951299105659,0,2,357,0.0,0.005571030640668524,0.9944289693593314,359,9650,6400,3250,0.6632124352331606,129,64,65,199.24026684603334,0.4670056488383312,0.8710267261652334,0.12914254849727508,2174732.3352885423,5208.850160316523,2179941.185448859,3462,4,1100.8161559888579,78,281,49,34.91927096545072,0.5594823584029712,40.097573839662424,16734.99064565806,214.55116212382129,0
3464,64.42425984542042,1,1,357,0.002793296089385475,0.002793296089385475,0.9972067039106145,358,10700,7500,3200,0.7009345794392523,139,75,64,201.06122209211804,0.4669032883171891,0.866527448259655,0.12720761859565888,2161731.149696658,4628.061358521765,2166359.2110551796,3463,0,1104.491620111732,90,268,46,35.73693164243734,0.5553421787709497,40.94551282051282,16689.393596173395,185.43770662414883,8
3465,64.74733140498905,0,0,357,0.0,0.0,1.0,357,11100,8000,3100,0.7207207207207207,142,80,62,203.01832177799767,0.46661998132586363,0.8671296479258666,0.1289679127210035,2174974.392787922,5811.9302267842695,2180786.3230147064,3464,1,1108.0560224089636,93,264,50,35.5401168590566,0.5567226890756303,40.802304964539,16782.35905987021,180.45547376204527,0
3466,64.86750303870802,0,0,357,0.0,0.0,1.0,357,10400,7600,2800,0.7307692307692307,132,76,56,204.38789893236375,0.46626885773035803,0.8690339537981624,0.1304156697070621,2181639.2556328867,7380.132737433879,2189019.3883703207,3465,2,1109.0560224089636,98,259,49,35.345162751700514,0.5582983193277311,40.64604377104376,16823.643543782673,171.66983207941504,0
3467,64.38888831803088,0,0,357,0.0,0.0,1.0,357,10750,7400,3350,0.6883720930232559,141,74,67,218.57704096764365,0.46615902915473306,0.8775275462156911,0.13471071171021248,2144960.936934841,11617.842917280486,2156578.779852121,3466,3,1110.0560224089636,96,261,46,36.23956426471403,0.5452847805788983,41.881443298969074,16619.966920234016,173.12465541910433,8
3468,64.27163357271037,0,1,356,0.0,0.0028011204481792717,0.9971988795518207,357,10450,7600,2850,0.7272727272727273,133,76,57,216.76221461129333,0.4661855847207797,0.8769295051159727,0.13403139559675406,2143015.0196525534,11054.936321030395,2154069.9559735837,3467,4,1111.0560224089636,96,261,48,36.165720602708554,0.5466269841269842,41.763316151202744,16597.29351936173,172.88847416001803,0
3469,64.19573824785915,0,0,356,0.0,0.0,1.0,356,10150,6300,3850,0.6206896551724138,140,63,77,215.98447517800128,0.46611525425964023,0.8777909314163566,0.1341208060340799,2143020.840147074,11221.846290937214,2154242.686438011,3468,5,1111.2780898876404,73,283,50,36.02954528946028,0.5483672752808989,41.61036036036037,16587.513672264995,227.22621468856158,0
3470,63.81811502538389,1,2,355,0.0028011204481792717,0.0056022408963585435,0.9943977591036415,357,10050,6800,3250,0.6766169154228856,133,68,65,218.3398356681244,0.4660728055267051,0.872464070053875,0.1359198411750479,2131878.294748048,11644.79130794646,2143523.0860559945,3469,0,1109.1624649859943,78,279,47,35.878011868931644,0.5477357609710551,41.521624472573855,16495.602700983723,211.48208591004774,8
3471,63.771235820544135,1,1,355,0.0028089887640449437,0.0028089887640449437,0.9971910112359551,356,10550,7300,3250,0.6919431279620853,138,73,65,213.95524714444863,0.46590672311019676,0.869033317599144,0.13405694421385064,2134129.3087754636,9571.632739453578,2143700.941514917,3470,0,1111.4522471910113,82,274,42,35.75492788072831,0.5495669475655431,41.2901606425703,16498.24617475783,201.19812408241256,0
3472,63.71023972252339,0,0,355,0.0,0.0,1.0,355,11000,7700,3300,0.7,143,77,66,213.6438327225104,0.46569421235510994,0.8704491651513764,0.13447761176586107,2134778.055816579,9216.433171313773,2143994.488987893,3471,2,1115.5830985915493,82,273,47,35.59634621289251,0.5511737089201878,41.12700803212855,16492.860375960154,201.13244360927015,0
3473,63.49355420330232,0,0,355,0.0,0.0,1.0,355,11450,8400,3050,0.7336244541484717,145,84,61,216.27552898599222,0.46554335428768473,0.8737762177188406,0.13679330136762224,2130331.1237763967,9697.698142013322,2140028.8219184102,3472,3,1116.5830985915493,84,271,49,35.35339199545845,0.5528462441314554,40.9558823529412,16447.63172487028,195.80513958178904,0
3474,63.98357442938279,1,1,355,0.0028089887640449437,0.0028089887640449437,0.9971910112359551,356,11100,8400,2700,0.7567567567567568,138,84,54,212.82302580831586,0.46529613071688564,0.872666744465106,0.13515818487310519,2149153.2871572166,9177.861099738007,2158331.1482569547,3473,0,1114.443820224719,88,268,53,35.29615413562134,0.5545411985018727,40.812265917603014,16583.757674844215,188.45179175959336,0
3475,63.60053239145322,0,0,355,0.0,0.0,1.0,355,11250,8200,3050,0.7288888888888889,143,82,61,192.74892080241702,0.4648182408954669,0.8604465730136841,0.12143339613921575,2131621.970215506,-76.4331364489808,2131545.5370790567,3474,1,1118.4478873239436,92,263,46,36.1050724637681,0.5570422535211268,41.09543010752685,16466.468483741322,178.9833530841448,8
3476,63.33597245029516,0,1,354,0.0,0.0028169014084507044,0.9971830985915493,355,10850,7100,3750,0.6543778801843319,146,71,75,191.8848856415009,0.4647048486777539,0.8605922945077877,0.12137296983347844,2125075.699277073,-296.0184929378411,2124779.680784135,3475,2,1119.4478873239436,94,261,50,35.98324514991178,0.5584213615023474,40.95394736842103,16406.933652831245,174.54184737054516,0
3477,63.27983411145202,1,1,354,0.0028169014084507044,0.0028169014084507044,0.9971830985915493,355,10300,7100,3200,0.6893203883495146,135,71,64,192.21122648675453,0.46454271769979577,0.8600970225379563,0.12202440543354882,2125307.7839866825,401.60316438463815,2125709.387151067,3476,0,1118.1859154929577,98,257,51,35.843279744505786,0.5599765258215963,40.8249158249158,16400.55633242078,167.35261563694672,0
3478,62.90492497420434,1,1,354,0.0028169014084507044,0.0028169014084507044,0.9971830985915493,355,11050,8600,2450,0.7782805429864253,135,86,49,189.7369916946537,0.4642854300946924,0.8593192726282064,0.12096558779299461,2115151.741681497,-1785.4943111301745,2113366.247370367,3477,0,1119.174647887324,102,253,53,35.755222551543035,0.5619718309859154,40.675566343042036,16312.784043168738,159.9292553251837,0
3479,63.37037726112802,0,0,354,0.0,0.0,1.0,354,11100,7900,3200,0.7117117117117117,143,79,64,187.25171897689614,0.46402239614176044,0.8590117557264569,0.12007384239478942,2134139.771669552,-1975.7318435832149,2132164.039825969,3478,1,1122.6666666666667,81,273,50,35.61286506771086,0.5639124293785311,40.47256097560976,16446.35172059003,203.0413792665436,0
3480,63.41962150246875,2,1,355,0.0056179775280898875,0.0028089887640449437,0.9971910112359551,356,11150,8000,3150,0.7174887892376681,143,80,63,181.30336421330009,0.4639727409400221,0.8528356648653623,0.11497309995066458,2129364.973471003,-5137.793334348655,2124227.1801366545,3479,0,1117.3539325842696,95,261,54,36.16548725679031,0.556004213483146,40.86371527777777,16434.32509463928,172.99289573304506,8
3481,63.17085542227162,0,1,354,0.0,0.0028169014084507044,0.9971830985915493,355,11200,8000,3200,0.7142857142857143,144,80,64,181.32073095275143,0.46384578658391024,0.8527187394063429,0.11532146770306975,2122703.7724846336,-5221.960075384539,2117481.812409249,3480,1,1120.0169014084506,99,256,57,36.05986559247801,0.5572769953051644,40.760416666666664,16376.386238479918,165.41804281292846,0
3482,63.170970939150806,0,1,353,0.0,0.002824858757062147,0.9971751412429378,354,10950,7500,3450,0.684931506849315,144,75,69,182.11782820152956,0.4636427807386779,0.8543798429273584,0.11648328417642498,2125954.1707749013,-4315.1687124974505,2121639.002062404,3481,2,1123.870056497175,82,272,54,35.837425019349865,0.558880649717514,40.56224899598397,16388.934629193514,199.86505645357946,0
3483,63.50037852752068,0,1,352,0.0,0.0028328611898017,0.9971671388101983,353,12150,9300,2850,0.7654320987654321,150,93,57,190.29688018601624,0.4634454271825908,0.8648094881387043,0.12384006428352795,2146992.7697662977,-1036.7948263079325,2145955.97493999,3482,3,1127.8668555240793,85,268,51,35.01031526076356,0.5662181303116147,39.95881782945737,16512.713500573434,194.26721765380512,8
3484,63.92037176479451,1,1,352,0.0028328611898017,0.0028328611898017,0.9971671388101983,353,10900,7400,3500,0.6788990825688074,144,74,70,164.09034171178695,0.4634501217915701,0.8433807764729979,0.10338148604003383,2142359.9716148986,-11191.88403761108,2131168.0875772876,3483,0,1128.784702549575,90,263,53,36.84593023255811,0.5568342776203966,41.09432234432236,16549.347167767046,183.8816351974116,8
3485,64.0497108033702,1,0,353,0.0028328611898017,0.0,1.0,353,10500,7400,3100,0.7047619047619048,136,74,62,179.46683328586386,0.4634256427590351,0.8527790522613072,0.10576285359140719,2106636.69380291,-5485.7167358776405,2101150.9770670324,3484,0,1129.770538243626,81,272,58,38.91840019811791,0.5341123701605288,43.52134146341465,16427.383906504714,202.80720872228042,8
3486,63.595889293923044,1,1,353,0.002824858757062147,0.002824858757062147,0.9971751412429378,354,10000,6900,3100,0.69,131,69,62,179.44109461966548,0.46335986139786495,0.8533962506420134,0.10628434065934084,2094777.93124262,-5622.151006540804,2089155.7802360794,3485,0,1127.5762711864406,84,270,48,38.727678571428605,0.5355461393596987,43.33333333333335,16322.944918773666,194.32077284254365,0
3487,64.00883823734569,4,1,356,0.011204481792717087,0.0028011204481792717,0.9971988795518207,357,10400,7000,3400,0.6730769230769231,138,70,68,172.89339861532724,0.46396606395367135,0.8487335062321417,0.10322103755630048,2113197.0988799073,-8728.434326120017,2104468.664553787,3486,0,1119.0896358543419,90,267,55,38.5976293359468,0.537406629318394,43.040293040293065,16447.69231629978,182.75213684777535,0
3488,64.23589428060173,3,2,357,0.008356545961002786,0.005571030640668524,0.9944289693593314,359,11600,8500,3100,0.7327586206896551,147,85,62,168.78859257459595,0.46420392358247353,0.8461161400568538,0.10156446580605498,2125458.7656586296,-11649.361273827672,2113809.404384802,3487,0,1113.6713091922006,95,264,57,38.40967887070467,0.5398096564531105,42.75173611111114,16524.572283035206,173.9428661372127,0
3489,63.98476780070239,2,0,359,0.005571030640668524,0.0,1.0,359,11600,9000,2600,0.7758620689655172,142,90,52,169.98509902750467,0.4643199867208208,0.8475796042344819,0.10311156420760864,2121998.108728525,-11258.388270321399,2110739.720458204,3488,0,1114.0807799442896,82,277,63,38.07948767928785,0.5418987929433612,42.45732931726905,16478.80798240718,200.96107295618512,0
3490,64.14183251959574,2,2,359,0.00554016620498615,0.00554016620498615,0.9944598337950139,361,11100,8000,3100,0.7207207207207207,142,80,62,171.14834962683335,0.4646381578947369,0.8489401588976901,0.10457339001603176,2131567.7397691263,-10337.139844143294,2121230.599924983,3489,0,1108.9030470914126,86,275,54,37.78117066072204,0.5441481994459834,42.1934865900383,16536.18220560258,192.2811884372393,0
3491,63.914147496909585,0,2,357,0.0,0.005571030640668524,0.9944289693593314,359,10750,7000,3750,0.6511627906976745,145,70,75,170.72759845593532,0.4641562663720349,0.8485661906672122,0.10483521128327167,2126961.6374614844,-9923.789525660248,2117037.847935824,3490,1,1115.9944289693594,89,270,59,37.6093539703903,0.5455837975858867,42.01388888888886,16488.962357709486,185.26923997426388,0
3492,64.3904019628097,2,0,359,0.005571030640668524,0.0,1.0,359,9700,6000,3700,0.6185567010309279,134,60,74,169.23104896999524,0.4640658149318145,0.8475214497887207,0.10451636553777421,2146260.9248515656,-8857.20246481218,2137403.7223867537,3491,0,1116.6462395543176,96,263,64,37.436831926132335,0.5473827762302692,41.806271477663195,16625.197963829618,173.17914545655853,0
3493,63.97636293856618,2,0,361,0.00554016620498615,0.0,1.0,361,11650,8600,3050,0.7381974248927039,147,86,61,177.19281540293989,0.4641899430594029,0.8556107001587063,0.10693325133297946,2118631.324472815,-8768.750163161341,2109862.5743096536,3492,0,1111.454293628809,81,280,55,38.08466813103636,0.5377712373037857,42.64481707317069,16464.64858704773,203.2672665067621,8
3494,64.09727949556226,0,1,360,0.0,0.002770083102493075,0.997229916897507,361,11200,8300,2900,0.7410714285714286,141,83,58,173.4148744008646,0.46412101159331076,0.8527677433939498,0.10517499525351022,2125631.965883968,-9676.759922754685,2115955.2059612134,3493,1,1112.454293628809,84,277,55,37.99716472361009,0.5396468144044322,42.46323529411761,16507.405987735594,196.51673794923326,0
3495,63.883267712420015,2,0,362,0.0055248618784530384,0.0,1.0,362,11450,8200,3250,0.7161572052401747,147,82,65,173.49688232524545,0.46450113634624507,0.8526719388095596,0.10583790422621916,2122013.606659745,-10217.45099855798,2111796.1556611867,3494,0,1110.0331491712707,88,274,55,37.78002300729571,0.5417529926335175,42.251872659175994,16465.792621288583,187.11127978737025,0
3496,64.31806007853558,3,1,364,0.00821917808219178,0.0027397260273972603,0.9972602739726028,365,11350,8300,3050,0.7312775330396476,144,83,61,174.15441551101404,0.4648401826484018,0.8554588391244613,0.10734529771098156,2142671.640181381,-9718.854574438246,2132952.7856069426,3495,0,1101.9013698630138,93,272,60,37.3818940597318,0.5441780821917808,41.877216312056696,16601.95670887973,178.51566353634118,0
3497,64.49912792732978,0,2,362,0.0,0.005494505494505495,0.9945054945054945,364,11100,8300,2800,0.7477477477477478,139,83,56,205.46203529471737,0.46483976881704153,0.8670137140487559,0.12496133622022877,2140655.0123084313,4064.6671385449918,2144719.679446976,3496,1,1105.7087912087911,83,281,43,37.067610062893074,0.5427541208791209,42.361111111111086,16617.48365349941,200.21064642770375,8
3498,64.57883047404034,0,2,360,0.0,0.0055248618784530384,0.994475138121547,362,9950,6500,3450,0.6532663316582915,134,65,69,204.70443924150055,0.4648501068752136,0.8661541264533881,0.12499394716022347,2145691.4384540054,5496.512538802408,2151187.9509928077,3497,2,1111.5055248618785,86,276,46,36.94050936677498,0.5441413443830572,42.21743295019155,16647.296696672413,193.57321740316758,0
3499,64.07868922962325,1,0,361,0.002770083102493075,0.0,1.0,361,11350,8400,2950,0.7400881057268722,143,84,59,203.17256535192456,0.46443745511439416,0.8660312937953312,0.12494071139693297,2133310.904721479,3136.0498410992295,2136446.9545625784,3498,0,1115.1717451523546,91,270,51,36.71840719613865,0.5463411819021238,41.961050724637666,16534.797639754368,181.70107296433372,0
3500,63.61036019309032,0,1,360,0.0,0.002770083102493075,0.997229916897507,361,10800,6900,3900,0.6388888888888888,147,69,78,204.29415653649653,0.4645349210013337,0.867505369801306,0.12621347025901716,2120458.5456380467,3639.4580103459775,2124098.003648393,3499,1,1116.1717451523546,97,264,54,36.519224436028324,0.5481590489381348,41.79421768707482,16424.562816863778,169.32538986457502,0
3501,63.859728392633976,1,1,360,0.002770083102493075,0.002770083102493075,0.997229916897507,361,10500,7100,3400,0.6761904761904762,139,71,68,205.51538378340155,0.4645951959577306,0.8689741955483807,0.1273829205053914,2130704.824842444,4878.5239613282665,2135583.3488037726,3500,0,1117.1329639889198,100,261,56,36.36804474255067,0.5496018005540166,41.676980198019805,16496.437882119488,164.96437882119488,0
3502,63.55680882710505,0,1,359,0.0,0.002777777777777778,0.9972222222222222,360,11750,8400,3350,0.7148936170212766,151,84,67,200.8087403795065,0.4644687209842154,0.8647019721116644,0.12490920362873195,2122691.647366373,1501.0071843486257,2124192.6545507214,3501,1,1111.7222222222222,79,281,54,36.35956681276974,0.5512442129629629,41.54947916666668,16426.29034386996,207.92772587177166,0
3503,63.09749198403344,0,2,357,0.0,0.005571030640668524,0.9944289693593314,359,10650,7500,3150,0.704225352112676,138,75,63,200.89318601529362,0.46450996716515464,0.863697059067142,0.12569803654721914,2110774.7213815665,2358.051747777141,2113132.7731293435,3502,2,1115.7298050139275,85,274,41,36.14332123624442,0.5529828226555247,41.33963178294573,16320.82051016269,192.00965306073752,0
3504,63.363517883281496,2,0,359,0.005571030640668524,0.0,1.0,359,11200,7500,3700,0.6696428571428571,149,75,74,197.58378896965672,0.46450283479352433,0.8618916773821406,0.12442173877144493,2123408.619148233,910.2241004261359,2124318.8432486593,3503,0,1115.0139275766016,91,268,46,35.99665609738317,0.5547237697307335,41.11186594202896,16404.06291215149,180.26442760606034,0
3505,63.16531136384643,0,4,355,0.0,0.011142061281337047,0.9888579387186629,359,10850,7600,3250,0.7004608294930875,141,76,65,195.195024590971,0.46434689521378963,0.8597423884107949,0.12342767901613667,2119166.5319098695,80.15266170089853,2119246.6845715703,3504,1,1116.0139275766016,97,262,49,35.90890439064418,0.5562906220984216,40.965136054421734,16362.017835213828,168.68059623931782,0
3506,63.471499287614975,0,0,355,0.0,0.0,1.0,355,10950,8700,2250,0.7945205479452054,132,87,45,203.42540680506315,0.46387628975358747,0.8663201038887531,0.12725241956217156,2123148.208203628,4430.457592252982,2127578.6657958813,3505,2,1121.5887323943662,84,271,44,36.08640118133862,0.550762910798122,41.34803921568628,16417.02774466181,195.44080648406916,8
3507,63.530909396133765,1,1,355,0.0028089887640449437,0.0028089887640449437,0.9971910112359551,356,9750,7100,2650,0.7282051282051282,124,71,53,205.25182244727245,0.4639588938123121,0.8666201997983218,0.1290426343938252,2128078.8669332513,6408.413149915612,2134487.280083167,3506,0,1119.435393258427,89,267,46,35.85642765580048,0.552375936329588,41.16898148148149,16443.76998640906,184.76146052145012,0
3508,63.884627995536874,0,1,354,0.0,0.0028169014084507044,0.9971830985915493,355,11000,8100,2900,0.7363636363636363,139,81,58,203.3122257633083,0.4635742420625448,0.8640802437077058,0.12844177814268765,2142758.6507858313,5129.806112969964,2147888.456898801,3507,1,1123.5408450704226,94,261,48,35.731975784259724,0.5541666666666667,40.99780701754385,16546.2587487124,176.02402924162126,0
3509,63.9984604455733,0,1,353,0.0,0.002824858757062147,0.9971751412429378,354,11750,8600,3150,0.7319148936170212,149,86,63,202.71559942381487,0.4631691367509056,0.8654037468937914,0.1287098566676563,2149519.8241035957,4598.239923306593,2154118.0640269024,3508,2,1124.8107344632767,95,259,51,35.566335928996075,0.5562617702448212,40.82031249999999,16587.10097876475,174.60106293436579,0
3510,64.48752398861038,2,0,355,0.005633802816901409,0.0,1.0,355,10000,6500,3500,0.65,135,65,70,200.8355210901539,0.46294130129174293,0.8693496199999544,0.12252703116652931,2142143.3266249294,5043.694250502934,2147187.0208754325,3509,0,1122.4901408450705,76,279,48,37.071808464108884,0.5410798122065728,42.24837662337663,16621.763995603298,218.70742099478025,8
3511,64.37090306583919,1,0,356,0.0028089887640449437,0.0,1.0,356,10800,7500,3300,0.6944444444444444,141,75,66,201.27743454098135,0.4632322493010497,0.8698138621228304,0.12328703947113094,2140667.046855347,4173.594279492202,2144840.6411348395,3510,0,1120.3342696629213,80,276,50,36.91304311691763,0.5427200374531835,42.103909465020564,16601.00424488599,207.51255306107487,0
3512,64.42166567093788,0,0,356,0.0,0.0,1.0,356,11950,9200,2750,0.7698744769874477,147,92,55,197.30271380895505,0.4631011961280793,0.866833284581106,0.12123399429338848,2144249.04323358,1463.2310624474012,2145712.274296027,3511,1,1121.3342696629213,86,270,50,36.8993340758272,0.5440952715355805,41.989942528735604,16621.437662153097,193.27253095526856,0
3513,64.42556860787177,2,1,357,0.00558659217877095,0.002793296089385475,0.9972067039106145,358,11600,8700,2900,0.75,145,87,58,199.41256329772258,0.4631824796957889,0.8669899452729413,0.12310876285810538,2147201.823369344,2435.803903124195,2149637.6272724685,3512,0,1116.0642458100558,94,264,52,36.67174537784192,0.5459148044692738,41.820175438596465,16633.38200044884,176.95087234520042,0
3514,64.59434331957489,0,2,355,0.0,0.0056022408963585435,0.9943977591036415,357,10050,7000,3050,0.6965174129353234,131,70,61,199.4496084471795,0.46312677692799964,0.8670371524628491,0.12351086463366455,2154670.9060202353,4499.653707652491,2159170.5597278876,3513,1,1119.4005602240895,96,261,48,36.558030517212686,0.5471813725490196,41.70962199312713,16684.097353118603,173.79268076165212,0
3515,64.53414182504659,1,0,356,0.0028089887640449437,0.0,1.0,356,12200,9300,2900,0.7622950819672131,151,93,58,184.05594442019972,0.46314125389038346,0.8560895144817082,0.10978484876208815,2129980.2215138716,-4992.895746582823,2124987.325767289,3514,0,1121.1460674157304,93,263,49,38.34514952196107,0.5370435393258427,43.07402482269506,16580.497320630733,178.28491742613693,8
3516,64.56699937675577,0,2,354,0.0,0.0056179775280898875,0.9943820224719101,356,10550,7200,3350,0.6824644549763034,139,72,67,182.74418739445426,0.4631400999630743,0.855437541363568,0.10600924258636268,2113890.578614851,-4489.75679404806,2109400.821820803,3515,1,1122.1460674157304,97,259,49,39.43517903132008,0.525251638576779,44.111394557823104,16521.959428103775,170.3294786402451,8
3517,64.3238216109352,2,0,356,0.0056179775280898875,0.0,1.0,356,10500,6900,3600,0.6571428571428571,141,69,72,182.9128062638527,0.46305701719681386,0.8565252626191244,0.10673772618688046,2109593.038978004,-4525.683433169528,2105067.3555448344,3516,0,1116.6348314606741,104,252,53,39.204288684020206,0.5274169007490637,43.88888888888887,16474.0454236894,158.4042829200904,0
3518,64.26200539820063,1,2,355,0.0028011204481792717,0.0056022408963585435,0.9943977591036415,357,11600,8800,2800,0.7586206896551724,144,88,56,182.62261759117877,0.46331791143423656,0.8566679910956569,0.10721070143572022,2111265.028079925,-5887.050828665499,2105377.9772512596,3517,0,1114.5042016806722,84,273,52,38.98294449490843,0.5296451914098973,43.66421568627453,16472.651555320735,196.10299470619924,0
3519,63.79748883477473,2,1,356,0.0056022408963585435,0.0028011204481792717,0.9971988795518207,357,12900,9900,3000,0.7674418604651163,159,99,60,185.34798626096676,0.46372345754781313,0.8579749300765858,0.10933081656539016,2098909.614493579,-6494.265921966192,2092415.348571613,3518,0,1114.498599439776,86,271,53,38.73216563978094,0.5319794584500467,43.48659003831419,16364.911408000724,190.28966753489215,0
3520,63.84763806425456,2,2,356,0.00558659217877095,0.00558659217877095,0.994413407821229,358,11100,8100,3000,0.7297297297297297,141,81,60,204.90728391533395,0.4642627302317575,0.8704011439598063,0.11633890741969267,2077050.086490995,2420.538355795192,2079470.6248467902,3519,0,1111.7569832402235,92,266,52,39.69942475738811,0.5168470670391061,44.926075268817186,16285.867625865369,177.02030028114532,8
3521,63.46671033479592,5,0,361,0.013850415512465374,0.0,1.0,361,11000,7900,3100,0.7181818181818181,141,79,62,203.59572499270993,0.4649706319893301,0.8704022237439075,0.11712124531526734,2072743.925423486,1200.3604441661964,2073944.2858676522,3520,0,1103.0997229916898,79,282,47,39.22372800760819,0.5196791320406279,44.42708333333334,16220.372271502316,205.32116799370021,0
3522,63.55626989886545,1,1,361,0.0027624309392265192,0.0027624309392265192,0.9972375690607734,362,11600,8100,3500,0.6982758620689655,151,81,70,198.69793916908822,0.46517229483274924,0.8676017808292655,0.11485099878333671,2078601.3640215318,-1397.2385229733482,2077204.1254985584,3521,0,1101.0497237569061,85,277,49,39.16484134501537,0.5214951657458564,44.24660852713178,16254.731575999778,191.2321361882327,0
3523,63.35592466975692,1,2,360,0.0027624309392265192,0.0055248618784530384,0.994475138121547,362,10750,8000,2750,0.7441860465116279,135,80,55,201.6586624533045,0.4651919035011198,0.8701973882233389,0.11701297889730762,2074404.9216599464,514.3443776993663,2074919.2660376457,3522,0,1101.8149171270718,85,277,49,38.94083992048092,0.5239410681399632,44.101259689922486,16212.701314170983,190.7376625196586,8
3524,62.95565477937098,6,2,364,0.01639344262295082,0.00546448087431694,0.994535519125683,366,11850,8700,3150,0.7341772151898734,150,87,63,199.35625735516305,0.46616185717493824,0.8706713570992686,0.1170198997634955,2068271.679427575,-2585.419759128161,2065686.2596684468,3523,0,1090.4699453551912,76,290,55,38.55870892266556,0.5267816484517305,43.668831168831176,16137.496574127754,212.33548123852307,0
3525,62.726329967695676,5,1,368,0.013550135501355014,0.0027100271002710027,0.997289972899729,369,11900,8600,3300,0.7226890756302521,152,86,66,192.1193404736908,0.46704886885825375,0.86527718914768,0.11394439253235826,2066924.8924017143,-6280.750572625435,2060644.1418290888,3524,0,1073.3929539295393,84,285,48,38.35230889185925,0.5296973803071364,43.284313725490215,16102.83284513843,191.70039101355275,0
3526,62.52171901457067,4,4,368,0.010752688172043012,0.010752688172043012,0.989247311827957,372,10750,7300,3450,0.6790697674418604,142,73,69,193.3504542204516,0.46747112569921456,0.8678303784615271,0.11574151065804865,2065673.8820106639,-5270.203328382393,2060403.6786822814,3525,0,1065.725806451613,88,284,54,37.97219566240189,0.5318100358422939,42.942415730337096,16071.682054272287,182.63275061673053,0
3527,62.40824239749402,1,1,368,0.0027100271002710027,0.0027100271002710027,0.997289972899729,369,9800,6400,3400,0.6530612244897959,132,64,68,185.06487796625535,0.46704856201641726,0.8599598365439243,0.11114926834782377,2063878.2648242374,-7209.724156618347,2056668.540667619,3526,0,1075.3333333333333,101,268,59,38.061183801241626,0.5359078590785908,42.82066993464055,16050.109970344227,158.9119799043983,8
3528,62.63743541146721,4,5,367,0.010752688172043012,0.013440860215053764,0.9865591397849462,372,12100,8600,3500,0.7107438016528925,156,86,70,182.37403560787683,0.4671535204668193,0.8590179224349703,0.11098990652549307,2079241.0661738154,-10660.08315205162,2068580.9830217639,3527,0,1067.5672043010752,89,283,49,37.63887641122385,0.5388104838709677,42.33796296296295,16139.289202894406,181.34032812240906,0
3529,62.74678148766319,0,2,365,0.0,0.005449591280653951,0.9945504087193461,367,11300,8000,3300,0.7079646017699115,146,80,66,181.0567897426394,0.46663242060124177,0.8573131899849564,0.11081882253127055,2086220.0215201825,-9155.140041347764,2077064.8814788347,3528,1,1073.7792915531336,91,276,53,37.46199231613611,0.5406732515894641,42.13088768115939,16180.456843087815,177.80721805591006,0
3530,63.186931908248134,1,2,364,0.00273224043715847,0.00546448087431694,0.994535519125683,366,10350,7900,2450,0.7632850241545893,128,79,49,184.28812040605823,0.46659586545899145,0.860439958800616,0.11339888877685841,2103991.710396789,-6001.864468210548,2097989.8459285786,3529,0,1077.6748633879781,91,275,57,37.182637182637144,0.5419512750455373,41.93840579710142,16306.120381032326,179.18813605530028,0
3531,63.45527958649456,0,2,362,0.0,0.005494505494505495,0.9945054945054945,364,9750,6500,3250,0.6666666666666666,130,65,65,186.4389897408337,0.4662442986306623,0.8619344564113276,0.1152361097862297,2115563.126763313,-3665.309582658556,2111897.8171806545,3530,1,1084.467032967033,93,271,59,36.96320773610279,0.5433836996336996,41.777482269503516,16385.582058117016,176.189054388355,0
3532,63.40047291490996,1,2,361,0.0027548209366391185,0.005509641873278237,0.9944903581267217,363,12800,9900,2900,0.7734375,157,99,58,188.20384154718175,0.46585011338903853,0.8599716551148671,0.11643119010969788,2114263.083971174,-5817.513111046235,2108445.570860128,3531,0,1087.9641873278238,105,258,49,36.88483003551493,0.5482093663911846,41.74528301886794,16373.471189110096,155.93782084866757,8
3533,63.48830228299153,0,1,360,0.0,0.002770083102493075,0.997229916897507,361,11150,7700,3450,0.6905829596412556,146,77,69,160.45093407319348,0.46565385503231765,0.8401688795491431,0.09710094090406057,2104139.021408283,-15827.785719037678,2088311.2356892454,3532,1,1081.9002770083102,87,274,57,38.41168582375469,0.5365016158818098,42.54261363636361,16345.53237044338,187.87968241888942,7
3534,63.35941743626634,0,0,360,0.0,0.0,1.0,360,9500,6200,3300,0.6526315789473685,128,62,66,158.1850098242401,0.46552586273599506,0.8379902474570524,0.09626885425662114,2103207.160333637,-14960.830936043021,2088246.329397594,3533,2,1084.3694444444445,89,271,52,38.262135776959255,0.5382233796296296,42.33796296296293,16325.316562108186,183.4305231697549,0
3535,63.28546788979939,2,3,359,0.0055248618784530384,0.008287292817679558,0.9917127071823204,362,10000,6800,3200,0.68,132,68,64,157.79423290869687,0.46559412033281805,0.837031773655454,0.09640034228959783,2103025.819773113,-16030.93079634427,2086994.8889767686,3534,0,1079.3729281767955,93,269,55,38.130623853736836,0.5399689226519337,42.19858156028366,16315.083388611214,175.4310041786152,0
3536,63.035439617602954,2,0,361,0.00554016620498615,0.0,1.0,361,9850,6800,3050,0.6903553299492385,129,68,61,157.3295745106076,0.46553266389658354,0.8365348933750307,0.0967615138447744,2098651.1351984725,-16014.021970605214,2082637.1132278673,3535,0,1082.662049861496,96,265,61,37.89682952543455,0.542272622345337,41.95661512027487,16265.878206307523,169.43623131570337,0
3537,62.6557949899386,3,0,364,0.008241758241758242,0.0,1.0,364,10700,7700,3000,0.719626168224299,137,77,60,177.7676336344107,0.4656885097226006,0.8549036315733183,0.11068503492573815,2093165.5430842584,-9080.582920165383,2084084.960164093,3536,0,1074.7307692307693,88,276,50,36.91947777526224,0.5498798076923077,41.51451310861421,16195.613674541002,184.04106448342048,8
3538,62.51535904255854,1,4,361,0.0027397260273972603,0.010958904109589041,0.989041095890411,365,11400,8600,2800,0.7543859649122807,142,86,56,176.24600408168777,0.46562892016659135,0.8550192238861816,0.1104207553403471,2092054.570166942,-10656.748337449395,2081397.8218294925,3537,0,1072.7835616438356,91,274,43,36.73341831152348,0.5515696347031964,41.29302536231882,16173.159406288616,177.72702644273204,0
3539,63.04461680247562,2,2,361,0.005509641873278237,0.005509641873278237,0.9944903581267217,363,10950,7500,3450,0.684931506849315,144,75,69,171.95437251440651,0.46562752081335707,0.85133076937199,0.10827815713436777,2112698.6551716393,-10892.44568758653,2101806.209484053,3538,0,1079.176308539945,95,268,48,36.66161092250302,0.5531737832874197,41.11328124999998,16321.413978843899,171.80435767204105,0
3540,62.96508001952828,0,1,360,0.0,0.002770083102493075,0.997229916897507,361,10850,7400,3450,0.6820276497695853,143,74,69,176.03235450618945,0.465361457371499,0.8537516841989328,0.11127710627655775,2112275.5032000737,-8684.233961189515,2103591.269238884,3539,1,1086.0969529085874,97,264,50,36.41610071538975,0.5544494459833795,40.975765306122426,16309.481664496934,168.13898623192716,0
3541,63.21431134933604,1,1,360,0.002770083102493075,0.002770083102493075,0.997229916897507,361,12200,8900,3300,0.7295081967213115,155,89,66,179.5514859908384,0.46527553349748646,0.857044716685341,0.11430746079828843,2124725.874868962,-8100.462368819328,2116625.4125001426,3540,0,1086.9501385041551,102,259,54,36.07083187060367,0.5565558633425669,40.726132686084114,16389.81897312813,160.6844997365503,0
3542,63.36679915857052,1,2,359,0.002770083102493075,0.00554016620498615,0.9944598337950139,361,11200,8500,2700,0.7589285714285714,139,85,54,196.68070337502272,0.46512196060326255,0.8669159520951975,0.12604600856801776,2133680.7967895684,530.7679780703311,2134211.5647676387,3541,0,1087.7091412742382,78,283,51,35.389144352421106,0.5570752539242845,40.493143459915615,16444.118858647515,210.82203664932712,8
3543,63.267371081644924,0,1,358,0.0,0.002785515320334262,0.9972144846796658,359,12050,9000,3050,0.7468879668049793,151,90,61,198.8678125388347,0.4649122977648444,0.8680643034507896,0.12799936254292701,2132813.823441243,979.6039240698537,2133793.427365313,3542,1,1091.0974930362117,80,279,52,35.17831789741301,0.5585828690807799,40.342078189300416,16427.87409348631,205.34842616857887,0
3544,63.09546395476748,1,1,358,0.002785515320334262,0.002785515320334262,0.9972144846796658,359,10750,7900,2850,0.7348837209302326,136,79,57,193.93496411660968,0.46471388815403847,0.8647378322103811,0.12567993129115376,2130918.188503836,101.90848458471919,2131020.0969884205,3543,0,1091.7910863509749,85,274,46,35.063877755511,0.5604979108635098,40.10416666666667,16398.248184077616,192.92056687150136,0
3545,62.9254465551614,0,0,358,0.0,0.0,1.0,358,10000,7100,2900,0.71,129,71,58,193.56761436924165,0.4644514928876578,0.8640896478890447,0.12581025878563581,2126840.91602432,737.5044515441859,2127578.420475864,3544,1,1095.145251396648,86,272,46,34.969683014813114,0.5618307728119181,40.00239463601533,16360.465420801398,190.2379700093186,0
3546,62.72171107648338,0,3,355,0.0,0.008379888268156424,0.9916201117318436,358,10800,7600,3200,0.7037037037037037,140,76,64,193.552791845368,0.4643342905132258,0.8647983627472742,0.12651785108833788,2123163.404254495,-211.15911252560545,2122952.2451419695,3545,2,1096.145251396648,88,270,51,34.76957851648599,0.5633147113594041,39.80571161048689,16319.830980118219,185.45262477407067,0
3547,62.76792837955047,0,1,354,0.0,0.0028169014084507044,0.9971830985915493,355,11050,7800,3250,0.7058823529411765,143,78,65,190.4843706816012,0.46396580992546615,0.8596106750507828,0.12527738179314105,2128176.2158703506,-973.1385640770277,2127203.0773062734,3546,3,1104.6338028169014,91,264,53,34.63434098583997,0.564994131455399,39.594655797101446,16345.103994579707,179.61652741296382,0
3548,63.23007547379733,0,0,354,0.0,0.0,1.0,354,10550,8200,2350,0.7772511848341233,129,82,47,190.71926509729047,0.46383667301526327,0.8589463294524684,0.1259790856724415,2146305.7576282565,518.3713537887616,2146824.128982045,3547,4,1107.906779661017,82,272,51,34.47600067434129,0.5666195856873824,39.44528112449798,16474.89453955199,200.91334804331697,0
3549,63.41954889375921,0,2,352,0.0,0.005649717514124294,0.9943502824858758,354,10950,7700,3250,0.7031963470319634,142,77,65,189.96543299820684,0.4635974336198205,0.8582875359381417,0.12605504122282682,2155316.954181517,137.14368989320246,2155454.09787141,3548,5,1108.906779661017,84,270,56,34.33661198332861,0.5682379943502824,39.28921568627449,16534.160332914522,196.83524205850622,0
3550,63.94074463584107,1,0,353,0.0028328611898017,0.0,1.0,353,11050,8200,2850,0.7420814479638009,139,82,57,186.98934099560222,0.463132565027041,0.8562188190622226,0.1245717722407317,2175277.58889909,-299.25543385167657,2174978.333465238,3549,0,1111.2691218130312,84,269,47,34.276877300133144,0.5701428234183192,39.15441176470587,16678.661146738617,198.5554898421264,0
3551,63.813357095132574,0,0,353,0.0,0.0,1.0,353,11200,8200,3000,0.7321428571428571,142,82,60,188.56955753162666,0.4627851639625719,0.8581360751489135,0.1261893424127787,2173482.57177215,170.52937235486934,2173653.101144505,3550,1,1112.2691218130312,85,268,48,34.080309077408536,0.5716477809254012,39.00193798449611,16655.16253253283,195.9430886180333,0
3552,64.01540537817685,0,0,353,0.0,0.0,1.0,353,10750,8200,2550,0.7627906976744186,133,82,51,186.4720616531188,0.4624783377328526,0.8566979110211401,0.12514295644441528,2181983.617895883,25.79674447508478,2182009.414640358,3551,2,1113.2691218130312,85,268,50,34.036347188717784,0.573034702549575,38.905038759689916,16714.09978599778,196.6364680705621,0
3553,63.88509759313837,0,1,352,0.0,0.0028328611898017,0.9971671388101983,353,10750,7400,3350,0.6883720930232559,141,74,67,191.10110813574124,0.46225601446476094,0.8586424729734243,0.12872037283721707,2179609.3329456574,1955.1517657836575,2181564.484711441,3552,3,1114.2691218130312,86,267,53,33.789208721027904,0.5745691690273843,38.78113026819923,16687.99298598536,194.0464300695972,0
3554,64.36589607493937,0,1,351,0.0,0.002840909090909091,0.9971590909090909,352,10300,7500,2800,0.7281553398058253,131,75,56,189.36207361787905,0.4618316916494,0.8579885005432817,0.12845913642726403,2200041.1342324545,2620.8702445777417,2202662.004477032,3553,4,1118.0,87,265,51,33.590637450199225,0.5760830965909092,38.54166666666667,16828.99991126021,193.4367805891978,0
3555,64.120003270615,0,2,349,0.0,0.005698005698005698,0.9943019943019943,351,10000,7500,2500,0.75,125,75,50,188.27378581106822,0.4614563831230498,0.8570848791843253,0.12826750188979918,2194038.314641163,2415.9799424056455,2196454.294583569,3554,5,1122.099715099715,79,272,54,33.473165845403415,0.5772495251661918,38.39843750000001,16773.893043098036,212.32776003921566,0
3556,64.56253100771951,0,2,347,0.0,0.0057306590257879654,0.994269340974212,349,11800,9000,2800,0.7627118644067796,146,90,56,185.9593483817346,0.4610000247011165,0.8541622157082713,0.1271952184487072,2211425.378643542,647.0444814770708,2212072.4231250193,3555,6,1129.3667621776503,82,267,54,33.398365699672354,0.5787368672397326,38.26556224899599,16898.23775308726,206.07607015960076,0
3557,64.3057477749525,0,0,347,0.0,0.0,1.0,347,10000,6800,3200,0.68,132,68,64,185.93522625955094,0.46060368809448454,0.8540867602388043,0.1278511445407111,2205588.173432462,2619.307212511252,2208207.480644973,3556,7,1127.121037463977,82,265,47,33.22002731323974,0.5801212776176753,38.08985943775102,16842.32743869841,205.39423705729766,0
3558,64.62949203642653,0,0,347,0.0,0.0,1.0,347,9150,6600,2550,0.7213114754098361,117,66,51,189.7137362052634,0.46038088654195336,0.8557794473728411,0.1307446889940725,2217964.419031638,5605.663340965885,2223570.082372604,3557,8,1128.121037463977,84,263,47,33.04448498456355,0.5812319884726225,38.01470588235295,16931.976479837373,201.57114856949252,0
3559,64.18200995730979,1,2,346,0.0028735632183908046,0.005747126436781609,0.9942528735632183,348,9350,7300,2050,0.7807486631016043,114,73,41,228.9632108695828,0.4604671127452604,0.8777485850194244,0.14888200448891817,2169569.2248440455,20400.30718482426,2189969.5320288697,3558,0,1125.8764367816093,79,269,50,34.03363755487671,0.562080938697318,39.98697916666665,16688.15829215511,211.24251002727985,7
3560,63.82978961283445,0,0,346,0.0,0.0,1.0,346,11100,7900,3200,0.7117117117117117,143,79,64,226.2887226995143,0.4602684929211695,0.8769380664531885,0.14785934883084664,2160452.6211026437,17477.21281642637,2177929.83391907,3559,1,1132.4306358381502,83,263,51,33.93134462926773,0.5637644508670521,39.8189484126984,16607.301784063406,200.08797330196873,0
3561,64.30973291446787,0,1,345,0.0,0.002890173410404624,0.9971098265895953,346,10850,7600,3250,0.7004608294930875,141,76,65,222.7671639666683,0.46010600793052414,0.8748326194535707,0.14605960278946659,2178681.756022027,17017.75119498968,2195699.507217017,3560,2,1133.4306358381502,88,258,54,33.90175359712231,0.5651192196531791,39.70037453183521,16739.799391593708,190.22499308629213,0
3562,64.58661014680033,0,0,345,0.0,0.0,1.0,345,9700,7000,2700,0.7216494845360825,124,70,54,219.77312507572185,0.45964428154139986,0.8733781084795047,0.1447704197123384,2190759.983009221,17594.033551354034,2208354.016560575,3561,3,1137.4927536231885,71,274,53,33.815718213631065,0.5666666666666667,39.53993055555554,16822.232964016814,236.93285864812412,0
3563,65.04426993377271,0,1,344,0.0,0.002898550724637681,0.9971014492753624,345,11050,8200,2850,0.7420814479638009,139,82,57,211.26131394449885,0.4593490197730592,0.8692413356163446,0.13790452559698008,2200984.0138864564,12946.554948897283,2213930.5688353535,3562,4,1138.4927536231885,84,261,53,34.35704022988502,0.5645531400966184,39.852941176470566,16921.075516594574,201.44137519755446,8
3564,65.21735050590623,0,2,342,0.0,0.005813953488372093,0.9941860465116279,344,9900,7700,2200,0.7777777777777778,121,77,44,208.98118580670774,0.45917378579338713,0.8678852014972569,0.1369623755879406,2209181.051024899,13635.455140977825,2222816.5061658765,3563,5,1142.7005813953488,86,258,55,34.27557232010059,0.5658914728682171,39.715038314176226,16975.095577680626,197.38483229861194,0
3565,65.01796722308163,0,0,342,0.0,0.0,1.0,342,10050,7000,3050,0.6965174129353234,131,70,61,217.24811166207542,0.45913560477439935,0.873159808612441,0.13664965852486438,2178174.4284851654,16190.856291804503,2194365.28477697,3564,6,1149.6842105263158,82,260,46,35.52868686868687,0.5522356237816763,41.15210843373494,16829.763729619197,205.24102109291704,8
3566,64.75286523318977,2,1,343,0.005813953488372093,0.0029069767441860465,0.997093023255814,344,10350,7100,3250,0.6859903381642513,136,71,65,217.30334920101012,0.45977940594842587,0.8706509180170792,0.13277294243927562,2151866.236670357,14371.548052208047,2166237.784722565,3565,0,1143.9941860465117,80,264,45,36.59171779651151,0.5394864341085271,42.19393004115225,16693.68170434349,208.67102130429362,8
3567,64.48743768939705,1,0,344,0.0029069767441860465,0.0,1.0,344,9900,7300,2600,0.7373737373737373,125,73,52,212.3283614008108,0.45944057647976133,0.8675099615353077,0.1304233617863351,2146239.02819544,12441.483206240608,2158680.5114016803,3566,0,1144.6133720930231,86,258,47,36.52388466060268,0.5413941375968992,42.001915708812234,16637.635384711633,193.46087656641433,0
3568,64.42950962321231,0,0,344,0.0,0.0,1.0,344,10250,7700,2550,0.751219512195122,128,77,51,211.07648449475198,0.45950237445476527,0.8678477956887221,0.13020232161722226,2146840.132376608,11579.493582860472,2158419.6259594685,3567,1,1145.6133720930231,90,254,50,36.40087353671512,0.5427870639534884,41.84981684981685,16632.489709508736,184.80544121676374,0
3569,64.314614172702,1,0,345,0.002898550724637681,0.0,1.0,345,10600,7800,2800,0.7358490566037735,134,78,56,216.47988293767258,0.4596997528367599,0.8733052828424492,0.13114188707306368,2132140.8280639597,12713.119373183676,2144853.9474371434,3568,0,1143.2898550724638,76,269,49,36.931171412559976,0.5383454106280193,42.50541125541125,16560.665126666798,217.90348850877365,8
3570,63.91498681689629,1,4,342,0.002890173410404624,0.011560693641618497,0.9884393063583815,346,10050,7600,2450,0.7562189054726368,125,76,49,210.60633224568946,0.459798490687219,0.8689695753002671,0.1283622535949997,2122538.8033174346,10154.02248316728,2132692.825800602,3569,0,1140.9826589595375,80,266,43,36.85628742514969,0.540071050096339,42.28395061728393,16471.917898798773,205.89897373498465,0
3571,63.78611207404218,1,0,343,0.0029154518950437317,0.0,1.0,343,10250,7500,2750,0.7317073170731707,130,75,55,224.48752477497464,0.4596006740206526,0.8727049765409969,0.13826253210534067,2124491.084011378,16534.348971242754,2141025.432982621,3570,0,1150.1749271137026,82,261,53,36.11121241591698,0.5445213799805637,41.90512048192769,16462.86891067606,200.7666940326349,8
3572,63.8001914167855,1,0,344,0.0029069767441860465,0.0,1.0,344,9950,7000,2950,0.7035175879396985,129,70,59,221.5049392059348,0.45981454251135667,0.8705940937402625,0.136907015407692,2127049.251757785,15480.383039726694,2142529.634797512,3571,0,1147.828488372093,83,261,55,36.058535033376515,0.5459362887596899,41.77827380952378,16474.595558925015,198.4891031195785,0
3573,64.02528140045827,3,1,346,0.008645533141210375,0.002881844380403458,0.9971181556195965,347,10450,7600,2850,0.7272727272727273,133,76,57,218.31009926615903,0.46042218464904244,0.8685907622595277,0.1358129093611195,2138413.4034681637,13517.448476644271,2151930.851944808,3572,0,1138.8962536023055,76,271,51,35.90257785919912,0.548030739673391,41.54491341991343,16547.659647669894,217.7323637851302,0
3574,63.63601442302026,0,1,345,0.0,0.002890173410404624,0.9971098265895953,346,9450,7100,2350,0.7513227513227513,118,71,47,217.66336828085474,0.46021718187149196,0.8677930779152538,0.13575911114424477,2126924.189055633,13940.696613575143,2140864.885669208,3573,1,1134.0809248554913,77,269,53,35.8253701790634,0.5494340077071291,41.45299145299146,16452.901164926217,213.67404110293788,0
3575,63.6771042755786,2,1,346,0.005763688760806916,0.002881844380403458,0.9971181556195965,347,10050,6600,3450,0.6567164179104478,135,66,69,214.4734458658681,0.46022575835818164,0.8656578038646829,0.13436818157843888,2130920.453289588,11955.170496615196,2142875.623786203,3574,0,1131.5734870317003,80,267,45,35.74516163775249,0.5511827569644572,41.293724279835395,16473.666495779526,205.92083119724407,0
3576,63.24605222092435,1,1,346,0.002881844380403458,0.002881844380403458,0.9971181556195965,347,11200,8200,3000,0.7321428571428571,142,82,60,212.58826983008973,0.45985615765187987,0.8641639689788578,0.13369553950477459,2118713.016175157,9482.706875033642,2128195.7230501906,3575,0,1132.5706051873199,83,264,48,35.655561810313195,0.552863832853026,41.158234126984134,16370.719841361059,197.23758845013325,0
3577,63.16372413039296,0,0,346,0.0,0.0,1.0,346,11300,8100,3200,0.7168141592920354,145,81,64,212.93198928854716,0.4595883597218731,0.8636752430194918,0.13446284096183497,2118336.8164364304,9712.334461395632,2128049.150897826,3576,1,1136.8323699421965,85,261,52,35.49792660493251,0.554401493256262,41.01259689922482,16358.608882704302,192.45422214946237,0
3578,62.958493169038874,0,1,345,0.0,0.002890173410404624,0.9971098265895953,346,10650,7500,3150,0.704225352112676,138,75,63,210.63451660572025,0.4593827664684036,0.8631842576697561,0.13347998752165222,2113479.347158558,9184.340128983835,2122663.687287542,3577,2,1137.8323699421965,86,260,53,35.43062551021981,0.5558465799614644,40.888409961685845,16313.275271446124,189.68924734239678,0
3579,63.09070245527725,0,1,344,0.0,0.002898550724637681,0.9971014492753624,345,11650,8300,3350,0.7124463519313304,150,83,67,197.3158069631823,0.45922649140546007,0.8628921182780227,0.12081183556255835,2097856.7547550136,2138.059691529479,2099994.814446543,3578,3,1138.0028985507247,82,263,48,37.03006375316332,0.5440821256038647,42.11847389558232,16269.926632166585,198.41373941666566,8
3580,63.14314094185824,1,2,343,0.002898550724637681,0.005797101449275362,0.9942028985507246,345,11400,9100,2300,0.7982456140350878,137,91,46,195.6848180625497,0.4591580299966296,0.8626333079364297,0.12037789114645364,2102368.6042356896,1880.3235640556095,2104248.9277997455,3579,0,1138.9623188405797,84,261,50,36.898853904481506,0.5456823671497584,41.9485294117647,16294.180377606712,193.97833782865132,0
3581,63.543520752139045,1,2,342,0.0029069767441860465,0.005813953488372093,0.9941860465116279,344,10250,7200,3050,0.7024390243902439,133,72,61,195.07760828570267,0.459211570840961,0.8624526189374131,0.12048148631332878,2118044.4255441953,3586.6081556049776,2121631.0336998003,3580,0,1142.3575581395348,89,255,54,36.768760086067765,0.5475411821705427,41.80555555555554,16406.5840386425,184.3436408836236,0
3582,63.91167531331784,1,2,341,0.0029154518950437317,0.0058309037900874635,0.9941690962099126,343,11950,8100,3850,0.6778242677824268,158,81,77,193.52602590718848,0.4589542166072778,0.8611318371334995,0.12058455152413275,2135551.187905101,2106.9469033302994,2137658.1348084314,3581,0,1144.9912536443148,75,268,48,36.48561626283513,0.5496841593780369,41.48848684210528,16521.903893701943,220.2920519160259,0
3583,63.53397384353396,1,1,341,0.0029239766081871343,0.0029239766081871343,0.9970760233918129,342,11300,8300,3000,0.7345132743362832,143,83,60,191.64902481870132,0.4590786186711484,0.8597472428274253,0.11998195251254871,2125707.9374341466,1777.9706517257246,2127485.9080858724,3582,0,1143.3508771929824,77,265,46,36.36185682326621,0.5515960038986355,41.31944444444446,16435.003650497565,213.44160585061772,0
3584,63.452592016725504,0,0,341,0.0,0.0,1.0,341,8200,5200,3000,0.6341463414634146,112,52,60,176.1137569545477,0.45902154850209875,0.848793364178895,0.10651936154834468,2102617.7251822804,-2340.0185957853564,2100277.706586495,3583,1,1146.6686217008798,78,263,57,38.02947654169228,0.5389173998044966,42.563291139240484,16335.026457470205,209.42341612141288,8
3585,63.583912730711596,2,1,342,0.0058309037900874635,0.0029154518950437317,0.9970845481049563,343,9600,7100,2500,0.7395833333333334,121,71,50,172.67702658356416,0.4593531021431129,0.8471155070463414,0.10505873755243503,2110490.7031329833,-5313.348150148684,2105177.354982835,3584,0,1140.9766763848397,80,263,50,37.8991972381665,0.5404215257531584,42.34825102880656,16382.506321499452,204.78132901874315,0
3586,63.86263125090983,2,1,343,0.005813953488372093,0.0029069767441860465,0.997093023255814,344,11450,8200,3250,0.7161572052401747,147,82,65,170.45189412400197,0.4593401106289692,0.8449346679738232,0.10428840663748452,2123094.121382713,-7872.917121357361,2115221.2042613556,3585,0,1138.6191860465117,84,260,54,37.74941384281478,0.5422722868217054,42.14460784313722,16467.323825372307,196.03956934967033,0
3587,64.1337459082371,0,1,342,0.0,0.0029154518950437317,0.9970845481049563,343,9350,6600,2750,0.7058823529411765,121,66,55,171.99536518520654,0.45924121528310574,0.8453680977903124,0.10563649581436242,2134398.6281125625,-4528.665701395985,2129869.9624111666,3586,1,1142.7696793002915,88,255,56,37.568710399370914,0.5433673469387755,42.00608614232206,16546.11611721973,188.02404678658786,0
3588,63.86997069677428,0,3,339,0.0,0.008771929824561403,0.9912280701754386,342,11000,7500,3500,0.6818181818181818,145,75,70,174.35527504496036,0.4593065630841522,0.8466898209202114,0.10744840385320494,2127629.6982568526,-5207.307753320794,2122422.390503532,3587,2,1146.2163742690059,90,252,57,37.383771638062285,0.5453216374269005,41.884157509157475,16485.85129626313,183.17612551403477,0
3589,64.30810858859029,2,2,339,0.005865102639296188,0.005865102639296188,0.9941348973607038,341,10000,7300,2700,0.73,127,73,54,174.5943692625722,0.4588609050658386,0.8468049585358435,0.10804823074969346,2144732.0992223425,-3308.370379817584,2141423.728842525,3588,0,1148.8709677419354,93,248,57,37.22396235590259,0.5471957478005864,41.733156028368754,16608.652246959937,178.5876585694617,0
3590,64.56077775937771,1,0,340,0.0029411764705882353,0.0,1.0,340,9750,6900,2850,0.7076923076923077,126,69,57,194.23407799884117,0.4590017496674186,0.8568059571468285,0.11806464077826999,2142353.1962914434,5473.599565907045,2147826.7958573503,3589,0,1151.0176470588235,82,258,44,37.378209187898854,0.5399509803921569,42.38202811244977,16632.016629853577,202.82947109577532,8
3591,64.18439302235532,0,2,338,0.0,0.0058823529411764705,0.9941176470588236,340,10950,7900,3050,0.7214611872146118,140,79,61,188.6295955202853,0.45890794001966567,0.8562526424578394,0.11535070956162795,2133482.0565530304,1537.5714754758792,2135019.6280285064,3590,1,1152.0176470588235,85,255,46,37.299711482751576,0.5439644607843137,42.16327519379841,16549.093680557915,194.6952197712696,8
3592,64.36141303387886,0,2,336,0.0,0.005917159763313609,0.9940828402366864,338,10150,7200,2950,0.7093596059113301,131,72,59,159.01153635853927,0.45886044925933084,0.8287610265766983,0.09437601876119872,2121241.6501437137,-10289.621244584472,2110952.028899129,3591,2,1158.2781065088757,90,248,51,39.17528645949449,0.5335305719921104,43.257783882783905,16524.29181475365,183.6032423861517,8
3593,64.6700850010433,2,0,338,0.005917159763313609,0.0,1.0,338,11800,8500,3300,0.7203389830508474,151,85,66,186.82458999379776,0.4589775048431748,0.8528371992162962,0.1064149465218644,2105836.274594183,-715.6002809758411,2105120.674313207,3592,0,1159.2366863905324,91,247,53,40.0352814380999,0.5173200197238659,44.80298913043476,16503.612384946824,181.35837785655852,8
3594,64.97627003729637,4,0,342,0.011695906432748537,0.0,1.0,342,9450,6500,2950,0.6878306878306878,124,65,59,186.64584162301824,0.45957952473232605,0.8529512443776841,0.104876279343026,2107174.8248616434,809.0837266275166,2107983.9085882707,3593,0,1146.6666666666667,89,253,46,40.570653820517514,0.5105384990253412,45.324074074074076,16547.89173496146,185.93136780855573,8
3595,64.70181434407753,4,1,345,0.011560693641618497,0.002890173410404624,0.9971098265895953,346,9050,6700,2350,0.7403314917127072,114,67,47,205.54227691510778,0.46046204378542904,0.864958630127892,0.11661287035697804,2104369.7119014035,8257.38841108052,2112627.100312484,3594,0,1134.3988439306358,95,251,51,39.71216230589238,0.513096098265896,44.95442708333333,16501.91130813302,173.70432955929496,0
3596,64.93931506291489,4,3,346,0.011461318051575931,0.008595988538681949,0.9914040114613181,349,9400,7000,2400,0.7446808510638298,118,70,48,206.24872045193095,0.4614346957371362,0.8638555320066004,0.11555332241913908,2104117.303488737,7594.300305064181,2111711.6037938013,3595,0,1124.6590257879657,83,266,42,40.186168485320884,0.5069543935052532,45.43650793650795,16531.178814627023,199.17082909189185,8
3597,64.67009694593393,4,0,350,0.011428571428571429,0.0,1.0,350,11650,8300,3350,0.7124463519313304,150,83,67,207.46856759793937,0.462177138763815,0.8660068080305898,0.11734284266036721,2101390.027943367,5544.475812401448,2106934.5037557688,3596,0,1121.78,88,262,50,39.78362257625153,0.5099702380952381,45.07256554307118,16486.1819005079,187.34297614213526,0
3598,64.5567458998713,3,3,350,0.0084985835694051,0.0084985835694051,0.9915014164305949,353,10900,8200,2700,0.7522935779816514,136,82,54,208.84781998407388,0.46287268488711475,0.8696307350989514,0.11920352579861303,2103432.4445823045,6359.456106956695,2109791.900689261,3597,0,1113.2379603399434,77,276,49,39.39352820646964,0.5123642587346553,44.724893162393144,16479.730206677785,214.0224702165946,0
3599,64.8985910429002,8,3,355,0.0223463687150838,0.008379888268156424,0.9916201117318436,358,11800,8600,3200,0.7288135593220338,150,86,64,226.0984447215957,0.46443926732704255,0.8825169047163628,0.1282172793043742,2110483.678541938,12035.415465728824,2122519.0940076667,3598,0,1095.9106145251396,80,278,51,39.205557796715595,0.5072160148975792,44.97170781893004,16550.97683862852,206.88721048285652,8
3600,64.77443825092834,2,4,353,0.0056022408963585435,0.011204481792717087,0.988795518207283,357,11050,8400,2650,0.7601809954751131,137,84,53,240.6982126965931,0.464536844700427,0.8885796013157312,0.13475207217542406,2098293.9827033826,18561.12226974381,2116855.104973126,3599,0,1098.7619047619048,67,290,44,39.33909083614187,0.5006127450980392,45.4656862745098,16487.317187154167,246.079361002301,6
3601,64.24421777119913,0,2,351,0.0,0.0056657223796034,0.9943342776203966,353,10100,7600,2500,0.7524752475247525,126,76,50,242.15984461924424,0.46417711552493773,0.8867684969147467,0.13590020010757228,2082649.9794891067,20166.839085870546,2102816.818574977,3600,1,1112.201133144476,69,284,46,39.205956694524005,0.5015344664778092,45.3720238095238,16358.375153020626,237.07790076841488,0
3602,64.34955297797998,2,0,353,0.0056657223796034,0.0,1.0,353,10000,7100,2900,0.71,129,71,58,243.4781081363947,0.46443397770194866,0.8872617739034223,0.13741963712984917,2089649.1505271876,21156.764367836826,2110805.9148950246,3601,0,1113.158640226629,71,282,49,38.948398618601566,0.503482058545798,45.15335648148148,16399.267588355287,230.97559983598995,0
3603,64.19721232246773,8,2,359,0.0221606648199446,0.00554016620498615,0.9944598337950139,361,11650,9200,2450,0.7896995708154506,141,92,49,207.18224164043272,0.4662251846722068,0.8699046228358864,0.11986663601499455,2100139.830004784,3172.3355477498317,2103312.1655525337,3602,0,1089.4681440443214,78,283,49,38.91201436500163,0.5156105724838411,44.21149789029537,16420.908779582744,210.5244715331121,8
3604,63.70221912212901,4,1,362,0.011019283746556474,0.0027548209366391185,0.9972451790633609,363,11350,8300,3050,0.7312775330396476,144,83,61,215.06150895279052,0.46603624136898875,0.8743534125428212,0.12381266442458025,2080911.0540620824,5554.774256626191,2086465.8283187086,3603,0,1084.4545454545455,81,282,42,38.90084778755193,0.5146349862258953,44.39786585365852,16282.423157473993,201.01756984535794,8
3605,63.43266374675437,3,1,364,0.00821917808219178,0.0027397260273972603,0.9972602739726028,365,12250,8700,3550,0.710204081632653,158,87,71,216.38531591470183,0.4665396532691053,0.8759583274600509,0.125851960126668,2078343.7701819357,4694.614658033932,2083038.3848399697,3604,0,1079.4767123287672,86,279,48,38.47423604614903,0.5172945205479452,44.01340996168582,16237.911289578604,188.81292197184422,0
3606,63.19506279716259,4,0,368,0.010869565217391304,0.0,1.0,368,10650,7400,3250,0.6948356807511737,139,74,65,219.41727447224713,0.467147732545512,0.8786409149451571,0.128799179760828,2076154.2119083276,6858.8197122007605,2083013.0316205283,3605,0,1071.6440217391305,75,293,53,38.04339108116776,0.5193897192028986,43.66776315789475,16198.931804174055,215.9857573889874,0
3607,63.481323032256284,2,2,368,0.005405405405405406,0.005405405405405406,0.9945945945945946,370,10850,7800,3050,0.7188940092165899,139,78,61,215.52313988192114,0.46748715178593225,0.8759659478973549,0.12702108456870728,2087988.0122350887,5151.946486543966,2093139.9587216326,3606,0,1066.845945945946,80,290,51,37.99074909747292,0.5211993243243243,43.51851851851853,16281.783777717661,203.52229722147075,0
3608,63.47204112400285,1,4,365,0.0027100271002710027,0.01084010840108401,0.989159891598916,369,10800,8100,2700,0.75,135,81,54,210.58631328308573,0.4674904142610267,0.8735427543932308,0.12501958204136307,2092089.0508749397,3513.0640567328373,2095602.1149316726,3607,0,1070.479674796748,82,287,47,37.84114608792,0.5232046070460705,43.24799196787149,16296.574012485598,198.73870746933656,0
3609,63.11810102208625,3,2,366,0.008152173913043478,0.005434782608695652,0.9945652173913043,368,10050,6300,3750,0.6268656716417911,138,63,75,209.25711313599106,0.46738698515183824,0.8724165637031629,0.12511205082086774,2084655.9305224807,3595.8163805916392,2088251.7469030723,3608,0,1074.0978260869565,85,283,55,37.60873705955354,0.5254189311594203,42.986918604651166,16222.17763550931,190.8491486530507,0
3610,62.73752338811363,1,2,365,0.0027247956403269754,0.005449591280653951,0.9945504087193461,367,10900,6900,4000,0.6330275229357798,149,69,80,210.77580305285196,0.46716410317495766,0.8730676882402135,0.12657941469822664,2074712.8613131223,3159.8538894710728,2077872.7152025935,3609,0,1077.9945504087193,89,278,59,37.40342784278432,0.5271060399636693,42.82407407407408,16134.580667637603,181.2874232318832,0
3611,63.231862846376124,5,2,368,0.013513513513513514,0.005405405405405406,0.9945945945945946,370,11900,8900,3000,0.7478991596638656,149,89,60,213.46529869941583,0.4678762604067482,0.8743099890143269,0.12970026221551548,2098008.2233266663,3670.390413250896,2101678.613739917,3610,0,1069.4783783783785,76,294,42,36.89825998669604,0.5303772522522523,42.397186147186126,16288.705794381593,214.32507624186306,0
3612,62.89582861482852,2,2,368,0.005405405405405406,0.005405405405405406,0.9945945945945946,370,11000,7300,3700,0.6636363636363637,147,73,74,211.01712445985845,0.4682496520911155,0.8742711438057853,0.12902355377540942,2090570.2952755596,3229.2264380484758,2093799.5217136082,3611,0,1070.472972972973,80,290,47,36.727517581924275,0.5320382882882884,42.16820987654319,16216.544083059256,202.7068010382407,0
3613,62.85011656821073,1,1,368,0.0027100271002710027,0.0027100271002710027,0.997289972899729,369,11350,8400,2950,0.7400881057268722,143,84,59,208.52026623851367,0.4679813611994816,0.8724305101042003,0.1281866921358208,2092214.7804822533,2103.8366108617847,2094318.617093115,3612,0,1074.30081300813,84,285,52,36.59265415974034,0.5336495031616983,41.97303921568624,16217.024563035084,193.05981622660815,0
3614,62.7326079563153,2,0,370,0.005405405405405406,0.0,1.0,370,12950,9700,3250,0.749034749034749,162,97,65,233.69719936716348,0.46830733172196587,0.8903754379516613,0.1385468832139003,2066886.4041646342,9655.112812667729,2076541.5169773018,3613,0,1072.381081081081,73,297,40,37.300531914893604,0.5176238738738739,43.29954954954953,16103.488720317568,220.5957358947612,7
3615,62.632294790736346,1,1,370,0.0026954177897574125,0.0026954177897574125,0.9973045822102425,371,11150,7500,3650,0.672645739910314,148,75,73,234.08501166368276,0.4687228333454749,0.8902927059913686,0.13947412257551456,2066562.7696423046,11400.27400708957,2077963.0436493943,3614,0,1070.487870619946,76,295,43,37.10086541330946,0.5193171608265947,43.11417748917747,16089.348563058522,211.7019547770858,0
3616,62.32884797792427,0,0,370,0.0,0.0,1.0,370,10800,7200,3600,0.6666666666666666,144,72,72,217.90154573123476,0.46883163651456333,0.8811654803564941,0.12744489278033938,2045525.183838834,4344.619878129475,2049869.8037169636,3615,1,1074.327027027027,96,274,52,38.22113705271687,0.5212837837837838,43.80369415807559,15968.420599327008,166.337714576323,8
3617,62.399161206848206,1,0,371,0.0026954177897574125,0.0,1.0,371,10550,7700,2850,0.7298578199052133,134,77,57,216.4558761122596,0.4691356450790413,0.8808928978359094,0.12721827694173954,2050745.2079586482,4029.170134341637,2054774.3780929898,3616,0,1072.4285714285713,72,299,51,38.07211368991299,0.5230514375561546,43.62157534246576,15997.798650163306,222.1916479189348,0
3618,62.41347391655849,3,1,373,0.008021390374331552,0.00267379679144385,0.9973262032085561,374,13250,9900,3350,0.7471698113207547,166,99,67,207.98989470778463,0.4694880419874506,0.8765312948484825,0.12330520606659076,2056366.1474315433,-2509.3243030115573,2053856.8231285317,3617,0,1064.8181818181818,80,294,43,37.960794382378936,0.5255403297682709,43.29989711934158,16021.545175519948,200.26931469399935,0
3619,62.50952547022142,0,2,371,0.0,0.005361930294906166,0.9946380697050938,373,13000,9600,3400,0.7384615384615385,164,96,68,210.79004517085917,0.4694448648466853,0.8780426767623497,0.1257517692454672,2063254.2530085023,-617.3085618731147,2062636.9444466291,3618,1,1068.6729222520107,83,290,44,37.652084640507134,0.527675379803396,43.06795634920638,16060.700126705502,193.50241116512652,0
3620,62.2575480634287,4,0,375,0.010666666666666666,0.0,1.0,375,11100,7600,3500,0.6846846846846847,146,76,70,213.24715028230966,0.46970083184789063,0.880366899538704,0.1283079841578151,2059960.3905735444,1756.1365968496166,2061716.527170394,3619,0,1063.1493333333333,90,285,46,37.26842581468133,0.5303611111111111,42.75412087912091,16015.497683487285,177.94997426096984,0
3621,62.005132987328395,0,0,375,0.0,0.0,1.0,375,9700,6200,3500,0.6391752577319587,132,62,70,215.52768418850084,0.46963071895424835,0.8814934440408237,0.13003188711059488,2053191.2533584945,3803.911206488224,2056995.1645649828,3620,1,1064.1493333333333,77,298,48,37.10841549904861,0.5314722222222222,42.65491452991452,15956.716248208,207.23008114555844,0
3622,62.35127299539135,1,2,374,0.0026595744680851063,0.005319148936170213,0.9946808510638298,376,12200,9300,2900,0.7622950819672131,151,93,58,194.22018106439023,0.4696653368794326,0.8756910595427614,0.11871225820157649,2072268.6544374377,-6904.721344219951,2065363.9330932177,3621,0,1062.3164893617022,76,300,51,37.1733655157939,0.5341035017730497,42.180735930735935,16075.359317453604,211.51788575596848,8
3623,62.04345223492041,4,4,374,0.010582010582010581,0.010582010582010581,0.9894179894179894,378,12000,9100,2900,0.7583333333333333,149,91,58,190.98820223291906,0.4698900104790909,0.8738934368474327,0.11772854854058994,2066931.5633316583,-8648.091316162172,2058283.472015496,3622,0,1057.063492063492,84,294,55,36.94511702986278,0.5369543650793651,41.874999999999986,16014.966108138757,190.65435843022328,0
3624,62.37585075707783,0,0,374,0.0,0.0,1.0,374,11350,7800,3550,0.6872246696035242,149,78,71,189.36999675543498,0.4694801269276904,0.8715455379198289,0.11710368857656633,2079852.3476542558,-7377.673534586598,2072474.6741196692,3623,1,1067.5802139037432,88,286,55,36.870014503263214,0.5386586452762923,41.76029962546814,16107.921010114176,183.04455693311564,0
3625,62.73659311970248,1,0,375,0.0026666666666666666,0.0,1.0,375,12000,8600,3400,0.7166666666666667,154,86,68,188.1278828697673,0.4697061794414736,0.8708915477562134,0.1165649040318269,2093027.1027190252,-8248.648475286003,2084778.4542437391,3624,0,1065.7306666666666,90,285,57,36.83002082779401,0.5401944444444444,41.68956043956042,16205.516945274663,180.0612993919407,0
3626,62.43123728498762,1,1,375,0.0026595744680851063,0.0026595744680851063,0.9973404255319149,376,12450,9400,3050,0.7550200803212851,155,94,61,182.91666335847586,0.4695769799054374,0.8679075118463917,0.1141690856008112,2087070.2578234694,-11298.014448842812,2075772.2433746266,3625,0,1063.8936170212767,73,303,55,36.697640499392115,0.5422484485815603,41.4273648648649,16143.009539526298,221.1371169798123,0
3627,62.54884596929764,0,2,373,0.0,0.005333333333333333,0.9946666666666667,375,12350,9100,3250,0.7368421052631579,156,91,65,183.3544363279071,0.46944474153297683,0.8680109455337677,0.11493456554478046,2093477.4002297118,-10580.326263132989,2082897.0739665788,3626,1,1067.48,76,299,49,36.53050108932462,0.5439166666666666,41.27435064935068,16182.990789540427,212.93408933605824,0
3628,63.07727390760758,2,2,373,0.005333333333333333,0.005333333333333333,0.9946666666666667,375,11250,7900,3350,0.7022222222222222,146,79,67,179.63211596044357,0.46933630421865713,0.8645957418628523,0.1132345968299187,2114416.526581601,-10286.57706168246,2104129.9495199183,3627,0,1068.4533333333334,80,295,56,36.423980166219664,0.5454444444444444,41.07510288065847,16332.276657095985,204.15345821369982,0
3629,62.959815735722934,0,3,370,0.0,0.00804289544235925,0.9919571045576407,373,11300,7600,3700,0.672566371681416,150,76,74,177.30545993059482,0.4688764209595741,0.8613468375301241,0.11221109855831855,2112763.437559876,-10979.101395779551,2101784.3361640964,3628,1,1070.8900804289544,83,290,58,36.341656295374435,0.5468051831992851,40.93501984126988,16310.683414372548,196.51425800448854,0
3630,63.31366162081575,1,0,371,0.0026954177897574125,0.0,1.0,371,11700,7600,4100,0.6495726495726496,158,76,82,179.3428716979347,0.4684192953060877,0.8621046015495619,0.11426702968182818,2128532.3679972827,-9552.578524271483,2118979.789473011,3629,0,1074.698113207547,85,286,58,36.0472720478326,0.5487140610961365,40.697674418604684,16417.37969935124,193.1456435217793,0
3631,63.52754790433635,1,0,372,0.002688172043010753,0.0,1.0,372,12400,8800,3600,0.7096774193548387,160,88,72,175.18797257003075,0.4684180542271687,0.8590611460465574,0.11235662639608729,2139528.288275825,-11836.075384145937,2127692.212891679,3630,0,1072.8064516129032,78,294,55,35.92006215177226,0.5505432347670252,40.46677215189874,16487.50956488732,211.37832775496565,0
3632,63.4266538196977,1,1,372,0.002680965147453083,0.002680965147453083,0.9973190348525469,373,11250,7900,3350,0.7022222222222222,146,79,67,177.36143351403987,0.46836773424812866,0.8609006021148757,0.11425376065904425,2138670.580487513,-9986.464006085971,2128684.116481427,3631,0,1070.9276139410188,79,294,49,35.70664527343228,0.5523067470956211,40.3125,16471.109163802746,208.49505270636388,0
3633,63.25335324898665,0,1,371,0.0,0.002688172043010753,0.9973118279569892,372,11850,8900,2950,0.7510548523206751,148,89,59,178.8231739906398,0.468033576790424,0.8616288530914995,0.11566990071258389,2135180.439570683,-9886.051350648224,2125294.388220035,3632,1,1068.1639784946237,79,293,52,35.522895264344804,0.5540434587813621,40.16927083333333,16435.164896920916,208.0400619863407,0
3634,63.74779926534953,1,0,372,0.002688172043010753,0.0,1.0,372,11950,8600,3350,0.7196652719665272,153,86,67,175.68100757324294,0.4678746232211692,0.85975117313141,0.11420092356118183,2154717.217849064,-10641.421626572406,2144075.7962224917,3633,0,1069.018817204301,82,290,56,35.429739666296584,0.5559195788530467,39.99748995983935,16574.587818527147,202.12911973813593,0
3635,64.17879327696204,0,3,369,0.0,0.008064516129032258,0.9919354838709677,372,12750,9400,3350,0.7372549019607844,161,94,67,170.0599767666685,0.467952665951753,0.8504499849712486,0.1040009915315002,2133330.339363089,-14591.178410456872,2118739.160952632,3634,1,1070.018817204301,98,274,50,37.77638917227775,0.5439068100358423,42.16119528619529,16547.78334650626,168.85493210720674,8
3636,64.20666890020642,1,1,369,0.002702702702702703,0.002702702702702703,0.9972972972972973,370,12000,8800,3200,0.7333333333333333,152,88,64,171.17705589758296,0.46758389487048024,0.8498240679927282,0.10514933143507625,2136913.3313057525,-12841.893447756656,2124071.4378579957,3635,0,1073.4810810810811,105,265,53,37.5844315786801,0.546143018018018,42.00078616352202,16565.27009931236,157.76447713630822,0
3637,64.18008037712794,0,3,366,0.0,0.008130081300813009,0.991869918699187,369,12200,9400,2800,0.7704918032786885,150,94,56,172.696932604589,0.4674192269549507,0.851301194645055,0.1066990441439524,2139486.1137799607,-12103.46216001741,2127382.6516199433,3636,1,1077.330623306233,107,262,57,37.33288041786507,0.5477359981933152,41.792052469135804,16571.80682654412,154.87669931349646,0
3638,63.95641847790295,2,2,366,0.005434782608695652,0.005434782608695652,0.9945652173913043,368,11550,8300,3250,0.7186147186147186,148,83,65,169.81966358569073,0.4674955820795324,0.8485742555398919,0.10428771653922168,2128425.6403767685,-12860.294756811563,2115565.345619957,3637,0,1080.1032608695652,99,269,57,37.629246241638704,0.5435348731884058,42.01041666666667,16500.089754606517,166.6675732788537,8
3639,64.40279943421184,2,0,368,0.005434782608695652,0.0,1.0,368,11500,8700,2800,0.7565217391304347,143,87,56,167.98940649773965,0.46766958397504244,0.8477560109630027,0.10381526136873279,2147053.0086120013,-12963.567872817272,2134089.440739184,3638,0,1077.758152173913,106,262,62,37.44572525511488,0.5453464673913043,41.78348909657319,16629.866162315244,156.88552983316268,0
3640,64.55241628979105,1,0,369,0.0027100271002710027,0.0,1.0,369,10450,7200,3250,0.6889952153110048,137,72,65,168.35882075082475,0.46785862446486787,0.8489889118900671,0.10474004512197355,2156032.7301958147,-11652.574408810066,2144380.1557870046,3639,0,1075.8346883468835,84,285,59,37.19278489015329,0.5471431797651309,41.54411764705883,16683.951710192367,198.61847274038533,0
3641,64.84300602091433,3,0,372,0.008064516129032258,0.0,1.0,372,12250,9000,3250,0.7346938775510204,155,90,65,164.7002762761617,0.4679129652977036,0.8459671537140319,0.10322000309682626,2170138.402450793,-15165.521111769647,2154972.8813390234,3640,0,1068.1505376344087,91,281,54,37.02060539752007,0.5494791666666667,41.28170289855072,16776.072096669937,184.35244062274657,0
3642,65.0796582596946,0,2,370,0.0,0.005376344086021506,0.9946236559139785,372,11200,7700,3500,0.6875,147,77,70,162.4870208257528,0.46776004985073766,0.8434348604782373,0.10223830950156006,2180437.311842407,-14741.447420282948,2165695.8644221243,3641,1,1069.1505376344087,96,276,58,36.93433243448794,0.5511872759856631,41.140463917525764,16846.49014551047,175.4842723490674,0
3643,65.28277305035853,0,2,368,0.0,0.005405405405405406,0.9945945945945946,370,11650,8000,3650,0.6866952789699571,153,80,73,164.10293610287522,0.46733257647891796,0.8436581656667728,0.10363452629732751,2189440.725555907,-13791.269702613326,2175649.4558532936,3642,2,1075.827027027027,99,271,58,36.76032156216063,0.5528153153153152,41.010416666666664,16907.558191156906,170.78341607229197,0
3644,64.99160402812824,1,4,365,0.0027100271002710027,0.01084010840108401,0.989159891598916,369,11200,7300,3900,0.6517857142857143,151,73,78,174.1703040644523,0.4670108204705235,0.8543267324346646,0.10613234784617168,2158162.711460881,-9822.428864858677,2148340.2825960224,3643,0,1079.3523035230353,94,275,44,37.80315278900568,0.5417795844625113,42.29166666666668,16748.877954748958,178.1795527100953,8
3645,64.77918143989727,0,2,363,0.0,0.005479452054794521,0.9945205479452055,365,12250,8400,3850,0.6857142857142857,161,84,77,169.60199466262557,0.4667133950524362,0.8505187807931032,0.10178498389360209,2141822.0696528223,-12598.540954888613,2129223.5286979335,3644,1,1083.849315068493,103,262,57,38.48721793773211,0.5382990867579909,42.84855769230772,16658.059938781476,161.72873726972307,8
3646,65.20553558082027,2,2,363,0.005479452054794521,0.005479452054794521,0.9945205479452055,365,11300,7900,3400,0.6991150442477876,147,79,68,165.03301801505557,0.4667776857845351,0.8464009707710729,0.09958505584546866,2159275.1590928785,-13029.6607539929,2146245.4983388856,3645,0,1084.6356164383562,86,279,59,38.40131742191621,0.5401541095890411,42.648467432950184,16780.744513579342,195.12493620441094,0
3647,65.18045344830507,3,1,365,0.00819672131147541,0.00273224043715847,0.9972677595628415,366,11050,7400,3650,0.669683257918552,147,74,73,178.33440507867977,0.4668226164633081,0.8518858885998584,0.10873213037103775,2164783.75799756,-7038.915278703105,2157744.842718857,3646,0,1082.1967213114754,99,267,44,37.674635572440934,0.5455373406193078,42.27083333333334,16798.903950187196,169.68589848673935,8
3648,64.9150970195804,2,2,365,0.005449591280653951,0.005449591280653951,0.9945504087193461,367,12500,9300,3200,0.744,157,93,64,178.63256297216623,0.4669661956591871,0.8528058176685069,0.10964985606206802,2160054.275212175,-8728.793731972099,2151325.481480203,3647,0,1080.2425068119892,106,261,49,37.41862900486813,0.5475703905540418,42.026869158878526,16746.350816996466,157.984441669778,0
3649,64.9631820050105,1,2,364,0.00273224043715847,0.00546448087431694,0.994535519125683,366,11700,7800,3900,0.6666666666666666,156,78,78,176.15428583689527,0.4667249918906106,0.8507678105119392,0.10856301012212133,2164079.7310777456,-8657.616095579433,2155422.1149821663,3648,0,1084.049180327869,115,251,52,37.33532795250025,0.5496926229508197,41.88218390804599,16768.15466551752,145.81004056971756,0
3650,64.95307884556982,1,2,363,0.0027397260273972603,0.005479452054794521,0.9945205479452055,365,11900,9000,2900,0.7563025210084033,148,90,58,172.77113595379927,0.46675918259822374,0.8504971121979976,0.10540698398302496,2157617.6406506617,-10345.189854166096,2147272.4507964957,3649,0,1087.9506849315069,94,271,46,37.79459309992767,0.5465753424657533,42.24780701754385,16741.79851340795,178.1042395043399,8
3651,65.06112618989239,0,0,363,0.0,0.0,1.0,363,11100,7800,3300,0.7027027027027027,144,78,66,166.5901629110351,0.4667173366005611,0.84779072037483,0.09728562469746478,2134241.8195507377,-12591.261517899955,2121650.5580328377,3650,1,1092.9807162534435,93,270,57,39.59378875717459,0.5263142791551882,43.86081560283687,16664.7037982399,179.19036342193442,8
3652,64.7761402220173,5,0,368,0.01358695652173913,0.0,1.0,368,10250,7500,2750,0.7317073170731707,130,75,55,188.52487070828414,0.4676072641472179,0.8605606857338302,0.1075924767173538,2110514.387308579,-4273.109600935677,2106241.2777076433,3651,0,1079.116847826087,82,286,56,39.91642084562438,0.5181725543478262,44.72891566265059,16535.475553662494,201.6521408983231,8
3653,65.18732118212816,5,2,371,0.013404825737265416,0.005361930294906166,0.9946380697050938,373,12500,8800,3700,0.704,162,88,74,178.27443699435835,0.4682749454678236,0.8511978460131393,0.10350840068289413,2134757.8111540144,-10985.450619442689,2123772.3605345716,3652,0,1065.6380697050938,107,266,51,39.51549584181301,0.5265024575513851,44.07793209876541,16682.87403787203,155.91471063431803,8
3654,65.44959129098392,1,1,371,0.002688172043010753,0.002688172043010753,0.9973118279569892,372,10250,6900,3350,0.6731707317073171,136,69,67,189.21602780776198,0.46813788535296447,0.8598359143443126,0.11032298024962298,2145985.206165635,-3439.040711023197,2142546.1654546116,3653,0,1069.5,109,263,53,39.07501910608191,0.5280857974910393,43.920454545454554,16760.301587980997,153.76423475211925,0
3655,65.83692357981472,1,1,371,0.002688172043010753,0.002688172043010753,0.9973118279569892,372,11950,8900,3050,0.7447698744769874,150,89,61,189.04091479939126,0.46811463858215224,0.8602806189352215,0.11072396438250098,2161559.9323763456,-4625.346597972701,2156934.585778373,3654,0,1070.3440860215053,114,258,50,38.90582655826558,0.5298779121863799,43.75000000000001,16870.711667327574,147.9886988362068,0
3656,65.77114918940187,2,2,371,0.005361930294906166,0.005361930294906166,0.9946380697050938,373,11300,8400,2900,0.7433628318584071,142,84,58,190.25573934690013,0.4683070762105182,0.8577091876198499,0.11124505034554591,2158322.5538711427,-3773.349352832962,2154549.20451831,3655,0,1068.4611260053618,113,260,59,38.93987558107737,0.5288483020554067,43.813961988304044,16849.65012630865,149.11194802043053,8
3657,66.1498859565754,2,1,372,0.005361930294906166,0.002680965147453083,0.9973190348525469,373,10400,6900,3500,0.6634615384615384,139,69,70,190.98474703770574,0.4683593262033113,0.8669339245488408,0.1101679904684098,2162124.6237646514,-2413.4351332630176,2159711.1886313884,3656,0,1069.4343163538874,88,285,49,39.44047074082548,0.5217269883824844,44.32350187265917,16912.971192900142,192.19285446477434,8
3658,65.68381806106068,3,1,374,0.008,0.0026666666666666666,0.9973333333333333,375,11150,8500,2650,0.7623318385650224,138,85,53,188.66311410021993,0.46859090909090906,0.8665527709948748,0.10963313598310723,2151553.0422329134,-4966.260580107786,2146586.781652806,3657,0,1056.6506666666667,94,281,53,39.21714575390196,0.5241666666666667,44.04605263157894,16812.032510957604,178.85140969103836,0
3659,65.10876491899394,1,3,372,0.0026666666666666666,0.008,0.992,375,10600,7600,3000,0.7169811320754716,136,76,60,192.02295075640873,0.46878728461081404,0.8693089546814281,0.11195548370995877,2134787.278099206,-3614.3695244299106,2131172.908574776,3658,0,1057.4773333333333,96,279,55,39.004532556124005,0.5256388888888889,43.92182130584192,16672.933937482016,173.67639518210433,0
3660,65.50506237896847,4,5,371,0.010638297872340425,0.013297872340425532,0.9867021276595744,376,9650,6900,2750,0.7150259067357513,124,69,55,189.9620306687561,0.46904669030732865,0.8692107384388781,0.11166750636582766,2152935.643458097,-3054.7946539104705,2149880.848804186,3659,0,1052.776595744681,76,300,56,38.744371746165776,0.5280917553191489,43.61471861471863,16794.533850192332,220.98070855516227,0
3661,65.26035167608629,3,2,372,0.008021390374331552,0.0053475935828877,0.9946524064171123,374,12400,9100,3300,0.7338709677419355,157,91,66,189.99406774279774,0.46940470984884325,0.8681572281541603,0.11189786470546058,2146072.226426987,-5651.801606258275,2140420.4248207286,3660,0,1031.644385026738,80,294,55,38.671731354260714,0.5259302584670231,43.544238683127595,16736.393172897657,209.2049146612207,8
3662,65.68495238670826,1,1,372,0.002680965147453083,0.002680965147453083,0.9973190348525469,373,11200,7800,3400,0.6964285714285714,146,78,68,184.7621583107831,0.469513630641798,0.8620459934407667,0.10883127872473214,2160120.233022151,-5978.304707206293,2154141.9283149447,3661,0,1035.3914209115283,83,290,57,38.800761165643166,0.524016979445934,43.53918650793654,16845.616323282848,202.9592328106367,8
3663,65.4853514980257,1,3,370,0.002680965147453083,0.00804289544235925,0.9919571045576407,373,11650,8000,3650,0.6866952789699571,153,80,73,181.9152736206105,0.4695676823584806,0.8593890206731536,0.10766143602372932,2156503.2705967915,-7789.823493127682,2148713.447103664,3662,0,1036.3860589812332,88,285,48,38.69515893647106,0.525692582663092,43.363764044943856,16805.91411864732,190.97629680281045,0
3664,65.55723452316006,1,2,369,0.0026954177897574125,0.005390835579514825,0.9946091644204852,371,11800,8300,3500,0.7033898305084746,153,83,70,180.44880550014528,0.4694713581506034,0.8571222957034097,0.10408287101248255,2142707.758145568,-8670.188901348574,2134037.5692442195,3663,0,1042.8032345013478,93,278,48,39.712638696255176,0.5214791105121294,44.32624113475174,16761.264571346743,180.2286513048037,8
3665,65.97179912295174,1,3,367,0.002702702702702703,0.008108108108108109,0.9918918918918919,370,11600,7900,3700,0.6810344827586207,153,79,74,180.44282895814533,0.4694720635269416,0.8622183817099074,0.10254588090528602,2146760.0855745855,-8126.507412898154,2138633.578161687,3664,0,1045.7783783783784,105,265,52,40.28665896250644,0.5168074324324324,44.88993710691825,16830.069823426027,160.28637927072407,7
3666,66.19417293569784,4,4,367,0.01078167115902965,0.01078167115902965,0.9892183288409704,371,9600,6900,2700,0.71875,123,69,54,176.80988296828906,0.4699989072630582,0.8593900456601962,0.10243538912811637,2166346.2183266035,-7193.71573377548,2159152.502592828,3665,0,1042.6495956873316,88,283,54,39.636133857907474,0.5227425876010782,44.15964419475655,16935.140756102748,192.4447813193494,8
3667,65.82738199645121,3,3,367,0.008108108108108109,0.008108108108108109,0.9918918918918919,370,9600,6900,2700,0.71875,123,69,54,173.27522338636365,0.4701013513513514,0.856156868763337,0.10099091125450171,2158136.231819225,-8809.692466664274,2149326.539352561,3666,0,1046.3513513513512,95,275,57,39.49748047233636,0.524634009009009,43.93446180555554,16856.123998852476,177.4328841984471,0
3668,66.16320563853186,2,2,367,0.005420054200542005,0.005420054200542005,0.994579945799458,369,11300,8300,3000,0.7345132743362832,143,83,60,188.5451579499011,0.4702817544479793,0.867282919404536,0.10700005994134118,2152083.286223264,-3947.0233755390336,2148136.262847725,3667,0,1050.0975609756097,95,274,55,40.13461102129948,0.5131266937669376,44.94357638888887,16875.350604810345,177.63526952431943,8
3669,66.16810830961101,2,5,364,0.005420054200542005,0.013550135501355014,0.986449864498645,369,10550,8200,2350,0.7772511848341233,129,82,47,186.66127582680687,0.47037687541730494,0.8668320719671045,0.10646689698609998,2155492.62753123,-3880.5992219489135,2151612.028309281,3668,0,1050.5745257452575,76,293,58,39.986573387039755,0.5151309846431797,44.751082251082245,16889.33803552136,222.22813204633368,0
3670,66.03888684503976,7,3,368,0.018867924528301886,0.008086253369272238,0.9919137466307277,371,10950,8000,2950,0.730593607305936,139,80,59,185.13252060412816,0.4709322867341735,0.8658396033940627,0.10688918580314642,2159075.5386863397,-5206.98066965716,2153868.5580166825,3669,0,1042.876010781671,84,287,47,39.55517748170871,0.5183063791554358,44.28921568627449,16886.85555035036,201.0339946470281,0
3671,65.90481766244484,1,3,366,0.0027100271002710027,0.008130081300813009,0.991869918699187,369,11500,8300,3200,0.7217391304347827,147,83,64,184.37039252964257,0.47054655895290837,0.8657449573217872,0.10705034415385586,2158269.5564037752,-5715.798940211707,2152553.7574635637,3670,0,1049.5257452574526,85,284,51,39.3585731301371,0.5196476964769647,44.07703488372093,16866.556351620588,198.4300747249481,0
3672,65.78372648246666,4,2,368,0.010810810810810811,0.005405405405405406,0.9945945945945946,370,11050,7400,3650,0.669683257918552,147,74,73,197.02852474420797,0.47094976073634615,0.8725584892741649,0.11416292370827545,2152990.082964093,-209.90803293507633,2152780.174931158,3671,0,1047.2783783783784,89,281,51,39.11421812561262,0.5179898648648649,44.15509259259259,16830.431410820867,189.10597090809964,7
3673,65.53639734523333,3,0,371,0.008086253369272238,0.0,1.0,371,11300,8400,2900,0.7433628318584071,142,84,58,213.71860551908512,0.4711125883295695,0.8841037510709397,0.1226537814384644,2138835.1967753093,5921.775137992136,2144756.9719133014,3672,0,1043.9811320754718,71,300,48,39.056630707665576,0.5156951931716083,44.51678240740743,16743.449663186977,235.82323469277432,8
3674,64.96018235235113,8,4,375,0.021108179419525065,0.010554089709762533,0.9894459102902374,379,11000,8300,2700,0.7545454545454545,137,83,54,207.08326529476153,0.4722716654334948,0.8840731757640747,0.12066827320117106,2129564.9026466133,1399.450739436731,2130964.35338605,3673,0,1022.9234828496042,80,299,49,38.64038722314296,0.5189368953386104,43.94290123456791,16633.51582841652,207.91894785520648,0
3675,65.11604730642627,0,2,373,0.0,0.005333333333333333,0.9946666666666667,375,12250,9300,2950,0.7591836734693878,152,93,59,181.60589960752722,0.4719429590017825,0.867252800977796,0.10475950190051209,2128343.1065532295,-9946.067092183801,2118397.0394610455,3674,1,1034.8293333333334,79,296,48,39.67966999388877,0.5186944444444445,44.32291666666669,16648.68105350255,210.7427981456019,8
3676,65.42464907698717,0,2,371,0.0,0.005361930294906166,0.9946380697050938,373,11800,8000,3800,0.6779661016949152,156,80,76,182.02437915271278,0.4717534737236588,0.8670539576065566,0.10563147042169257,2142206.863335389,-8413.225136938836,2133793.63819845,3675,2,1039.4289544235926,83,290,49,39.439167797376754,0.5204144325290438,44.09722222222223,16742.349433937372,201.71505342093218,0
3677,65.78047285487395,1,0,372,0.002688172043010753,0.0,1.0,372,12450,9200,3250,0.7389558232931727,157,92,65,178.35458163531843,0.4716469401211489,0.8582522822619938,0.1029333380288872,2150364.806562913,-10144.516912432735,2140220.2896504803,3676,0,1041.970430107527,91,281,47,39.74435969534603,0.5222614247311828,44.30480072463765,16819.751115054376,184.83242983576238,8
3678,65.9097274518125,4,0,376,0.010638297872340425,0.0,1.0,376,12150,8900,3250,0.7325102880658436,154,89,65,177.02208180093666,0.4722223699763593,0.8592819127294267,0.10305184098776342,2160081.481990703,-10873.575839671996,2149207.906151031,3677,0,1031.875,99,277,55,39.44703257655893,0.5251274379432624,43.979166666666636,16874.263346985714,170.4471045150072,0
3679,65.77601484038843,2,3,375,0.005291005291005291,0.007936507936507936,0.9920634920634921,378,11450,7800,3650,0.6812227074235808,151,78,73,168.2514399874241,0.4722065796060049,0.85464530979495,0.10033019566947056,2170797.0095230076,-14002.055445471378,2156794.9540775362,3678,0,1027.4100529100529,96,282,50,38.761546982110005,0.5394345238095238,43.08419243986256,16898.897970806094,176.03018719589681,8
3680,65.2363009318823,3,1,377,0.007936507936507936,0.0026455026455026454,0.9973544973544973,378,10250,6900,3350,0.6731707317073171,136,69,67,171.82540847121462,0.47228932466001433,0.8577651525690302,0.10309122953216959,2156767.9872997864,-11732.491920914028,2145035.4953788724,3679,0,1025.957671957672,103,275,54,38.44023065737029,0.541032848324515,42.858573717948744,16774.955466989497,162.86364531057765,0
3681,65.30886516452188,3,1,379,0.007894736842105263,0.002631578947368421,0.9973684210526316,380,11400,7500,3900,0.6578947368421053,153,75,78,174.03698842469737,0.47255343586538906,0.8600812311219452,0.10502441467803751,2162732.8438842734,-12120.897816640565,2150611.9460676326,3680,0,1018.6578947368421,83,297,56,38.16742358534509,0.5431195175438597,42.64632936507933,16807.47617509062,202.49971295289902,0
3682,65.14230633437609,1,3,377,0.002631578947368421,0.007894736842105263,0.9921052631578947,380,11350,7500,3850,0.6607929515418502,152,75,77,172.4875904013224,0.47247300722121927,0.8586482241673725,0.10476843647357444,2161197.677215273,-12794.044055241578,2148403.6331600314,3681,0,1019.6,86,294,56,37.9658788075981,0.5449287280701754,42.409003831417586,16780.071581390683,195.11711141151957,0
3683,65.3623375422219,2,2,377,0.005277044854881266,0.005277044854881266,0.9947229551451188,379,10300,7400,2900,0.7184466019417476,132,74,58,214.87603305785166,0.47258926535531637,0.8810532768316417,0.1313131313131313,2172228.5639489586,7251.971343260999,2179480.53529222,3682,0,1022.9261213720316,81,298,46,36.64772727272728,0.5482354881266491,42.18749999999999,16851.227647604042,208.03984750128447,8
3684,65.18272884495548,1,2,376,0.0026455026455026454,0.005291005291005291,0.9947089947089947,378,12550,9200,3350,0.7330677290836654,159,92,67,210.14453719407976,0.47231987892907434,0.8779610821487323,0.12898345152589027,2168915.598498745,3007.1529319080037,2171922.751430653,3683,0,1026.6243386243386,88,290,48,36.608385130741205,0.5500992063492063,42.02949438202248,16815.22151769273,191.08206270105376,0
3685,64.74133148474006,1,1,376,0.002652519893899204,0.002652519893899204,0.9973474801061007,377,11500,8700,2800,0.7565217391304347,143,87,56,207.02093875644738,0.472136195609233,0.8762521637863008,0.12758067593622766,2156664.346790545,2394.9355310281862,2159059.2823215732,3684,0,1025.9920424403183,95,282,52,36.54013227958074,0.551945181255526,41.883680555555564,16710.79419877389,175.90309682919883,0
3686,64.65406246697569,2,1,377,0.005291005291005291,0.0026455026455026454,0.9973544973544973,378,12500,8900,3600,0.712,161,89,72,202.30183516941136,0.4718978206765563,0.8735292774519623,0.1256609376787468,2158495.7634920604,-766.4691680307005,2157729.2943240297,3685,0,1023.7698412698413,77,301,57,36.372411580271205,0.5540950176366843,41.59989316239319,16706.616648951935,216.96904738898616,0
3687,64.59055482018276,1,3,375,0.0026455026455026454,0.007936507936507936,0.9920634920634921,378,12700,9200,3500,0.7244094488188977,162,92,70,195.4326381694509,0.471700606758078,0.8690564965732743,0.12235068524053927,2161058.8281896315,-3831.7143935028726,2157227.1137961284,3686,0,1023.8174603174604,83,295,43,36.26398210290829,0.5564373897707231,41.319444444444464,16708.320604526547,201.30506752441622,0
3688,64.08828401938264,0,2,373,0.0,0.005333333333333333,0.9946666666666667,375,11200,8500,2700,0.7589285714285714,139,85,54,191.08337895543912,0.47127153891859774,0.864746749584647,0.12025330688853285,2147329.4803935117,-4136.205431155782,2143193.274962356,3687,1,1031.672,87,288,44,36.18749714207322,0.5581111111111111,41.133996212121225,16590.277973720233,190.69285027264635,0
3689,64.20444876822395,0,3,370,0.0,0.00804289544235925,0.9919571045576407,373,11100,7800,3300,0.7027027027027027,144,78,66,192.52991287488507,0.4709108675180413,0.8671750364748014,0.12275119282085731,2158871.5126352133,-2570.531152855372,2156300.9814823577,3688,2,1036.28418230563,105,268,48,35.68133660489844,0.5658791331546023,40.674135220125756,16649.874199534603,158.57023047175812,8
3690,63.97758264042457,1,0,371,0.0026954177897574125,0.0,1.0,371,10750,7500,3250,0.6976744186046512,140,75,65,189.24023341696557,0.470412022534664,0.86529836087945,0.12120304604872466,2153889.061873404,-3429.5062353653884,2150459.5556380386,3689,0,1042.7978436657681,84,287,48,35.6042001196436,0.5672731356693621,40.51470588235295,16601.241848386675,197.6338315284128,0
3691,63.621242400232376,0,3,368,0.0,0.008086253369272238,0.9919137466307277,371,11250,7800,3450,0.6933333333333334,147,78,69,187.44619353182787,0.4701270003156796,0.8619282425060981,0.1207779549178243,2145364.260678231,-5021.927119328171,2140342.3335589026,3690,1,1043.7978436657681,90,281,41,35.43659364393709,0.5689016172506738,40.30448717948719,16522.151171406553,183.5794574600728,0
3692,63.780515216460444,0,1,367,0.0,0.002717391304347826,0.9972826086956522,368,11200,7400,3800,0.6607142857142857,150,74,76,187.5191188480677,0.46963450963550923,0.8609955894978674,0.1212899525415354,2152952.3654239704,-4056.053902766642,2148896.3115212037,3691,2,1052.5027173913043,93,275,43,35.29835906512559,0.5706521739130435,40.1706560283688,16572.04942686562,178.1940798587701,0
3693,63.72950371568699,0,1,366,0.0,0.0027247956403269754,0.997275204359673,367,12600,9600,3000,0.7619047619047619,156,96,60,176.1245448890604,0.46936031824024854,0.8509313554017235,0.11333231584165708,2148247.228975714,-10328.18689749283,2137919.042078221,3692,3,1056.3378746594005,94,273,53,35.77781883445948,0.5676657584014533,40.35087719298248,16547.309736704825,176.03520996494495,7
3694,63.34092499622407,0,2,364,0.0,0.00546448087431694,0.994535519125683,366,11200,7200,4000,0.6428571428571429,152,72,80,178.42072292497608,0.4688084811737405,0.8528008174923649,0.11522984967755312,2137243.7057963735,-8134.286588990486,2129109.419207383,3693,4,1060.1830601092897,95,271,45,35.588573646325024,0.5689321493624773,40.223524305555586,16454.4822627454,173.2050764499516,0
3695,63.332884751288574,1,2,363,0.0027397260273972603,0.005479452054794521,0.9945205479452055,365,11250,8400,2850,0.7466666666666667,141,84,57,176.16361253336314,0.4682889884088514,0.8490346232652322,0.11413026852442472,2138771.7224346893,-8895.24939833973,2129876.4730363498,3694,0,1063.9205479452055,103,262,46,35.535940249996806,0.5708618721461187,40.114182692307715,16459.31851604266,159.79920889361804,0
3696,63.22933228921643,0,1,362,0.0,0.0027548209366391185,0.9972451790633609,363,11550,8000,3550,0.6926406926406926,151,80,71,181.06662174551633,0.4676403664977246,0.8514438008203167,0.11791872499400345,2138241.318254784,-6717.173605385233,2131524.144649399,3695,1,1070.595041322314,109,254,47,35.22477970360119,0.5725436179981634,39.933712121212125,16443.81773351092,150.86071315147635,0
3697,63.36700378152434,0,2,360,0.0,0.0055248618784530384,0.994475138121547,362,12200,10000,2200,0.819672131147541,144,100,44,177.6288447581235,0.4674046540456987,0.8480823409995082,0.11183333926832223,2123408.6300723213,-9164.275618165515,2114244.3544541555,3696,2,1074.4475138121547,96,266,48,36.520512714149376,0.5595649171270718,41.118986254295514,16404.514176988803,170.88035601030003,8
3698,63.040967893588316,0,0,360,0.0,0.0,1.0,360,10150,7500,2650,0.7389162561576355,128,75,53,177.3593002367875,0.4670412926854431,0.8472999722959504,0.11210514386598681,2114765.755871572,-7135.325074779959,2107630.4307967923,3697,3,1081.161111111111,99,261,50,36.38519129199172,0.5608217592592593,40.97916666666664,16328.924037937015,164.93862664582844,0
3699,63.140854620484454,0,3,357,0.0,0.008333333333333333,0.9916666666666667,360,10050,7300,2750,0.7263681592039801,128,73,55,175.04371956801901,0.4668904106055916,0.845319320009192,0.11091198126340276,2119528.355529669,-7847.974583641043,2111680.380946028,3698,4,1082.161111111111,104,256,53,36.357349337621564,0.5621527777777777,40.89285714285711,16360.246438271737,157.310061906459,0
3700,62.80630799324004,2,0,359,0.005571030640668524,0.0,1.0,359,11050,8400,2650,0.7601809954751131,137,84,53,203.80413079468383,0.46653783009912697,0.8656559338586423,0.1293296105303202,2109162.1063026334,3121.1899560179554,2112283.296258651,3699,0,1085.7270194986072,96,263,55,35.55798422630146,0.5597725162488394,40.83977663230239,16276.896808428395,169.55100842112913,7
3701,63.05755431767619,0,1,358,0.0,0.002785515320334262,0.9972144846796658,359,10500,7500,3000,0.7142857142857143,135,75,60,203.03297979687855,0.46640782641622963,0.8657367878021838,0.1294007151085651,2120098.818960627,3789.996135483527,2123888.8150961106,3700,1,1086.7270194986072,100,259,55,35.421969666838955,0.5611652739090065,40.6868811881188,16351.651074766129,163.5165107476613,0
3702,62.98700859480394,1,2,357,0.002785515320334262,0.005571030640668524,0.9944289693593314,359,10300,6800,3500,0.6601941747572816,138,68,70,202.15478084736625,0.4661844535047177,0.8642887770900356,0.12934866052715038,2119983.204350367,3612.9480151098796,2123596.1523654773,3701,0,1087.632311977716,81,278,56,35.30385004569787,0.5625870473537604,40.548780487804905,16342.056193347133,201.7537801647794,0
3703,63.43561457268513,2,1,358,0.005571030640668524,0.002785515320334262,0.9972144846796658,359,10300,7400,2900,0.7184466019417476,132,74,58,198.2845362254872,0.46597210334936173,0.861641130610469,0.12756384509392507,2138214.568491917,2694.9768128008072,2140909.545304718,3702,0,1088.1866295264624,85,274,58,35.210238228525256,0.5642409470752089,40.35852713178298,16470.516399952667,193.77078117591373,0
3704,63.6204816737534,0,2,356,0.0,0.00558659217877095,0.994413407821229,358,11700,8200,3500,0.7008547008547008,152,82,70,186.29656544915392,0.4655356556030233,0.8552045833405106,0.11694616656904885,2130183.163850672,-3930.8385594019765,2126252.32529127,3703,1,1091.9804469273743,93,265,50,36.40248515473334,0.5562150837988826,41.22340425531913,16463.49166717066,177.0267921201146,8
3705,63.69887368170966,0,4,352,0.0,0.011235955056179775,0.9887640449438202,356,11000,7600,3400,0.6909090909090909,144,76,68,174.90480097659244,0.4653320673102284,0.8484142926140703,0.10690209933416622,2117033.7799962265,-8144.125609807103,2108889.6543864193,3704,2,1098.9297752808989,96,260,48,37.67277227035431,0.5509714419475655,42.18213058419245,16422.707896805117,171.06987392505332,7
3706,63.92276506825638,0,4,348,0.0,0.011363636363636364,0.9886363636363636,352,9950,7000,2950,0.7035175879396985,129,70,59,168.78495199621665,0.464956725373392,0.84123159436352,0.10370094910584696,2127585.2596963895,-8529.124814857158,2119056.1348815323,3705,3,1107.559659090909,101,251,53,37.63870197382308,0.5526160037878788,41.993464052287585,16492.491183460297,163.29199191544848,0
3707,64.00701527037985,0,3,345,0.0,0.008620689655172414,0.9913793103448276,348,9850,7100,2750,0.7208121827411168,126,71,55,142.44328831738386,0.4644237829452229,0.8162773237145333,0.08473280900644416,2110928.463651985,-19312.48164692944,2091615.9820050555,3706,4,1120.117816091954,104,244,58,39.51629776988053,0.5397509578544062,43.174603174603185,16438.627096424607,158.06372208100584,8
3708,64.46585747907355,1,0,346,0.002890173410404624,0.0,1.0,346,10950,8300,2650,0.7579908675799086,136,83,53,143.41016978094478,0.46413985926112084,0.815335134498343,0.08565068714354883,2128511.6941737398,-19099.95531156335,2109411.7388621764,3707,0,1126.5838150289017,107,239,62,39.34136077018355,0.5416064547206165,43.026620370370374,16566.00926711957,154.8225165151362,0
3709,64.7120248769655,2,1,347,0.005747126436781609,0.0028735632183908046,0.9971264367816092,348,9950,6900,3050,0.6934673366834171,130,69,61,145.30334510751888,0.46432544414632265,0.8182818897521997,0.08727503097303244,2140110.469539934,-17356.957975243735,2122753.51156469,3708,0,1121.103448275862,113,235,66,39.08104171107794,0.5431633141762452,42.81798245614039,16642.769117206735,147.2811426301481,0
3710,65.11761453201028,0,3,344,0.0,0.008645533141210375,0.9913544668587896,347,11050,8100,2950,0.7330316742081447,140,81,59,147.8922854810532,0.4643392580500075,0.821121013330596,0.0890744323849844,2155211.3762485287,-16702.1727743667,2138509.203474162,3709,1,1125.2334293948127,116,231,64,38.91222287586225,0.5444584534101825,42.71723646723651,16753.63982145718,144.4279294953205,0
3711,64.76478856985203,3,1,346,0.008645533141210375,0.002881844380403458,0.9971181556195965,347,10200,7100,3100,0.696078431372549,133,71,62,144.00102208842725,0.4648396939359109,0.8168368622818023,0.08730015500177567,2147520.8688442726,-17750.95998603984,2129769.9088582327,3710,0,1125.8328530259366,94,253,64,38.76972806494646,0.5465297790585975,42.47807017543858,16678.353337187913,177.42929082114802,0
3712,65.08318109859869,1,2,345,0.002881844380403458,0.005763688760806916,0.9942363112391931,347,10250,7200,3050,0.7024390243902439,133,72,61,141.80094443141508,0.4650805417201113,0.813379043724682,0.08639275450284084,2161097.8066810016,-18360.85800079512,2142736.9486802067,3711,0,1125.4956772334294,98,249,55,38.64374081332684,0.5483009125840538,42.297979797979785,16772.067250282736,171.143543370232,0
3713,64.7348787615334,0,1,344,0.0,0.002898550724637681,0.9971014492753624,345,10900,7800,3100,0.7155963302752294,140,78,62,170.03431887914041,0.46488105269070895,0.8407534286773064,0.10226907571833196,2141700.8770576203,-7067.47002532892,2134633.4070322914,3712,1,1131.8869565217392,104,241,60,38.39402792240354,0.5415458937198068,42.76785714285718,16651.89158142683,160.11434212910413,8
3714,64.62630146052898,1,0,345,0.002898550724637681,0.0,1.0,345,11300,8200,3100,0.7256637168141593,144,82,62,165.477991740448,0.4649214273677115,0.8352209814258453,0.10010135899599643,2141600.9222143837,-9422.436056494329,2132178.4861578895,3713,0,1132.6550724637682,89,256,54,38.29776971032086,0.5432669082125604,42.557870370370374,16637.532678085037,186.93856941668582,0
3715,64.48531214559519,1,3,343,0.002890173410404624,0.008670520231213872,0.9913294797687862,346,11250,7900,3350,0.7022222222222222,146,79,67,164.24609707911247,0.4649247088883304,0.8347797254465794,0.099822980883611,2139766.9174819374,-10160.327028917827,2129606.59045302,3714,0,1130.378612716763,93,253,60,38.15577458023255,0.545008429672447,42.386968085106375,16612.256775805054,178.62641694414037,0
3716,64.61151708649741,2,1,344,0.005797101449275362,0.002898550724637681,0.9971014492753624,345,10400,7500,2900,0.7211538461538461,133,75,58,187.47485418321975,0.46486876474553424,0.8530739196611723,0.11096484612466374,2127799.738988483,381.7891595926849,2128181.5281480756,3715,0,1134.2202898550725,87,258,47,38.54800862506342,0.532457729468599,43.359375000000036,16581.94012727707,190.5970129572077,8
3717,64.52309544248244,5,1,348,0.014326647564469915,0.0028653295128939827,0.997134670487106,349,11650,8000,3650,0.6866952789699571,153,80,73,187.815629565613,0.4651899515858117,0.8559869009273307,0.1125002527831832,2132188.2954959306,-1358.3425857994025,2130829.9529101313,3716,0,1122.2005730659025,93,256,55,38.09049779444516,0.5351002865329513,42.918882978723424,16587.66945002395,178.36203709703173,0
3718,64.33156026975148,1,6,343,0.0028653295128939827,0.017191977077363897,0.9828080229226361,349,10350,7000,3350,0.6763285024154589,137,70,67,175.41019419856377,0.4653388444268792,0.8442873338365926,0.10354481363226305,2116930.655520484,-5883.756522051264,2111046.898998433,3717,0,1122.9799426934098,85,264,61,38.95931696569095,0.5308918338108882,43.45930232558141,16503.66335408604,194.16074534218868,8
3719,64.09270806440146,4,4,343,0.011527377521613832,0.011527377521613832,0.9884726224783862,347,10400,7100,3300,0.6826923076923077,137,71,66,171.7399981294589,0.4657680337381242,0.840056775607158,0.1021456129047282,2113668.63487068,-7199.710520202487,2106468.9243504778,3718,0,1127.8443804034582,94,253,50,38.769194916460265,0.5332612872238233,43.179824561403514,16460.30052943438,175.10958010036572,0
3720,64.30379022954511,1,2,342,0.0029069767441860465,0.005813953488372093,0.9941860465116279,344,10750,7800,2950,0.7255813953488373,137,78,59,172.9222633975053,0.46519167259927224,0.8413248727639404,0.10315464551757525,2122440.9542731172,-6146.541251906023,2116294.413021211,3719,0,1138.4767441860465,94,250,54,38.62728675884832,0.5348534399224807,43.0701754385965,16521.56154231037,175.7612930033018,0
3721,64.27310271578258,3,1,344,0.008695652173913044,0.002898550724637681,0.9971014492753624,345,10250,7700,2550,0.751219512195122,128,77,51,175.1693602279459,0.46545753286147623,0.8432217779256801,0.10531913835180667,2126201.971914877,-4760.912172854354,2121441.059742023,3720,0,1135.9652173913043,99,246,56,38.2755656123868,0.5372886473429952,42.78125000000002,16532.24713917533,166.99239534520538,0
3722,64.30539173222212,3,2,345,0.008645533141210375,0.005763688760806916,0.9942363112391931,347,10800,8200,2600,0.7592592592592593,134,82,52,202.38581533436908,0.4660092285652413,0.8642805104128974,0.11804141767129525,2108676.6968638045,5153.250514271932,2113829.9473780766,3721,0,1129.7838616714698,98,249,51,38.72488598545539,0.5260266570605188,43.90782828282825,16468.10742182801,168.04191246763273,8
3723,64.29167671201316,1,2,344,0.002890173410404624,0.005780346820809248,0.9942196531791907,346,11400,7600,3800,0.6666666666666666,152,76,76,197.1932615150973,0.4659045055988384,0.8606597741866076,0.1156244611390758,2111495.0096533326,2674.517525278993,2114169.5271786116,3722,0,1134.0057803468208,76,270,53,38.6555379607636,0.5278480250481696,43.7094155844156,16477.35139757977,216.80725523131275,0
3724,64.6895712704571,3,1,346,0.008645533141210375,0.002881844380403458,0.9971181556195965,347,10800,7500,3300,0.6944444444444444,141,75,66,188.3354064766397,0.4662951919286147,0.8546727048167984,0.11155250999001019,2130802.6003474547,61.114771584126174,2130863.7151190387,3723,0,1131.5504322766571,84,263,45,38.499391233766275,0.5299891930835735,43.33333333333335,16603.656626084066,197.66257888195318,0
3725,64.87486604201932,1,4,343,0.002881844380403458,0.011527377521613832,0.9884726224783862,347,11300,7500,3800,0.6637168141592921,151,75,76,194.13944166910852,0.4663677238982082,0.8595820680226147,0.11569270633211948,2140659.014614272,2417.269180232077,2143076.283794504,3724,0,1132.1815561959654,85,262,49,38.12075651845916,0.5320905379442844,43.108042635658926,16665.831321283822,196.06860377980968,0
3726,64.9831836922199,2,4,341,0.005797101449275362,0.011594202898550725,0.9884057971014493,345,10450,7700,2750,0.7368421052631579,132,77,55,194.58966883815228,0.4664261740253904,0.859848837247662,0.11655746048622993,2147389.992817851,4121.981513758234,2151511.974331609,3725,0,1139.3739130434783,88,257,54,37.9164769709386,0.533635265700483,42.91900749063673,16705.941360014313,189.84024272743537,0
3727,64.57099260647333,3,0,344,0.00872093023255814,0.0,1.0,344,10950,7600,3350,0.6940639269406392,143,76,67,191.86185631933046,0.466774407021945,0.8575243550173619,0.11592305387770396,2139042.949291896,2330.150199583304,2141373.0994914793,3726,0,1143.1366279069769,77,267,56,37.66300024212235,0.5359435562015504,42.601495726495706,16620.476916361644,215.85034956313822,0
3728,64.3296685939981,3,1,346,0.008645533141210375,0.002881844380403458,0.9971181556195965,347,11800,8800,3000,0.7457627118644068,148,88,60,174.31403080239312,0.4671267067570644,0.8434037374271253,0.1061184924187496,2135606.362479621,-6746.769349788261,2128859.5931298328,3727,0,1134.2449567723343,89,258,48,37.83477631047033,0.5413064361191162,42.326388888888886,16576.058008196494,186.24784278872465,8
3729,64.15687364179749,1,4,343,0.002881844380403458,0.011527377521613832,0.9884726224783862,347,10200,6800,3400,0.6666666666666666,136,68,68,172.27072932590275,0.4671780691087382,0.8415638628282083,0.10530944369074173,2132353.8902315595,-6131.568029776663,2126222.322201783,3728,0,1135.2420749279538,91,256,52,37.73462774288938,0.5429274735830931,42.17617753623188,16541.170399653183,181.77110329289212,0
3730,64.24764721052091,0,1,342,0.0,0.0029154518950437317,0.9970845481049563,343,10200,7500,2700,0.7352941176470589,129,75,54,175.11004691005058,0.46635899556146604,0.8417011128243821,0.10735245330896839,2137090.7914965483,-3954.7862500006377,2133136.0052465475,3729,1,1149.4256559766764,94,249,54,37.55579645453384,0.5440658406219631,42.07236842105263,16571.243479529414,176.2898242503129,0
3731,63.83353429129005,0,1,341,0.0,0.0029239766081871343,0.9970760233918129,342,10150,7700,2450,0.7586206896551724,126,77,49,175.54506812991917,0.46635890598114704,0.8427435866554256,0.10815754197648292,2126283.717386789,-3898.2759935599934,2122385.441393229,3730,2,1152.3859649122808,96,246,57,37.3612266833091,0.5456871345029239,41.89218213058419,16475.934242817373,171.62431502934763,0
3732,64.014955056848,0,1,340,0.0,0.002932551319648094,0.9970674486803519,341,10900,7900,3000,0.7247706422018348,139,79,60,176.04271453452137,0.4663151917658559,0.8429688176797814,0.10886750116005021,2134534.8841810883,-3946.136944026028,2130588.747237062,3731,3,1156.7272727272727,101,240,60,37.21242634555308,0.5473179374389052,41.758578431372555,16531.312995532262,163.67636629239863,0
3733,63.8646166629751,1,0,341,0.002932551319648094,0.0,1.0,341,11400,8300,3100,0.7280701754385965,145,83,62,176.15892081162772,0.46626595652923924,0.8412493060738648,0.10972500036178853,2133773.0569064147,-4423.368207688038,2129349.6886987267,3732,0,1157.258064516129,87,254,51,36.947255548432366,0.5492118768328446,41.500946969696955,16508.94292952229,189.75796470715278,0
3734,63.882907611626564,0,2,339,0.0,0.005865102639296188,0.9941348973607038,341,10850,7700,3150,0.7096774193548387,140,77,63,190.96755250591917,0.4662641596227934,0.8584705736250238,0.1139528443075698,2108727.125175874,1489.6915995369836,2110216.8167754114,3733,1,1158.258064516129,91,250,46,38.152596615696474,0.5320136852394917,43.059329710144965,16414.117101796437,180.37491320655425,8
3735,63.917995247083894,2,0,341,0.005865102639296188,0.0,1.0,341,10550,7300,3250,0.6919431279620853,138,73,65,192.91239305334676,0.4662602064286125,0.8619437857855954,0.11587093928466842,2113850.8813526332,2807.606415933572,2116658.4877685667,3734,0,1158.5190615835777,94,247,52,37.856622610672936,0.5338770772238515,42.817982456140385,16438.558975004067,174.87828696812838,0
3736,63.907566781179895,2,1,342,0.0058309037900874635,0.0029154518950437317,0.9970845481049563,343,11400,8000,3400,0.7017543859649122,148,80,68,188.09575796247412,0.46651066441614236,0.8587880988411047,0.1139309541405455,2118561.964906637,-301.4962840836506,2118260.4686225536,3735,0,1152.7580174927114,78,265,49,37.66728116891985,0.5361394557823129,42.510548523206744,16455.524315702514,210.96826045772454,0
3737,64.32127676557599,0,0,342,0.0,0.0,1.0,342,10400,6900,3500,0.6634615384615384,139,69,70,185.23440285376705,0.4663221061777938,0.8534311560126127,0.11295625370623652,2136339.9471888565,344.7308820343005,2136684.6780708907,3736,1,1155.672514619883,86,256,46,37.491192821084546,0.5417884990253412,42.26532567049805,16577.823319633306,192.7653874375966,7
3738,64.22313544837348,2,0,344,0.005813953488372093,0.0,1.0,344,10300,7700,2600,0.7475728155339806,129,77,52,196.088028545079,0.46647707047935455,0.8575262034366402,0.11985091822394532,2134465.625478307,4608.631299455777,2139074.2567777624,3737,0,1149.9476744186047,88,256,45,37.12613870225772,0.5428476259689923,42.181647940074896,16557.902945420963,188.1579880161473,8
3739,64.48560565609813,0,0,344,0.0,0.0,1.0,344,10200,6800,3400,0.6666666666666666,136,68,68,197.2068234708208,0.4663984987682781,0.8581074258665395,0.12105723769136248,2145792.5247899718,5632.985528252242,2151425.510318224,3738,1,1150.9476744186047,92,252,49,36.93764834433249,0.5442708333333333,42.02508960573475,16635.668340851742,180.82248196577982,0
3740,64.15970203863301,1,3,342,0.002898550724637681,0.008695652173913044,0.991304347826087,345,11250,8500,2750,0.7555555555555555,140,85,55,194.7222950067013,0.46646970845972363,0.8583310496193215,0.12036366692388208,2139086.4216703176,3055.563449063041,2142141.9851193805,3739,0,1148.608695652174,95,250,53,36.746960528895976,0.5461050724637682,41.7751736111111,16567.627920088784,174.3960833693556,0
3741,64.18702767425394,2,1,343,0.005813953488372093,0.0029069767441860465,0.997093023255814,344,11100,7900,3200,0.7117117117117117,143,79,64,203.07633081151647,0.4663522385698466,0.8655985317567123,0.12169408724724426,2121346.064320526,6259.035024733808,2127605.09934526,3740,0,1151.2063953488373,90,254,48,37.68189744731376,0.5335513565891472,42.90293040293044,16502.2967211969,183.35885245774335,8
3742,64.04523525152528,1,0,344,0.0029069767441860465,0.0,1.0,344,10600,7900,2700,0.7452830188679245,133,79,54,211.75223307605944,0.4664539403801388,0.8713329011593391,0.12776154759577688,2120780.880044586,10416.017442890297,2131196.8974874765,3741,0,1152.1540697674418,74,270,50,37.20339287963015,0.5357315891472868,42.65277777777778,16481.863388548783,222.72788362903762,0
3743,64.49497753443143,2,1,345,0.005780346820809248,0.002890173410404624,0.9971098265895953,346,12200,8700,3500,0.7131147540983607,157,87,70,209.23590944584646,0.46663996397754876,0.8693835527895271,0.12716667894475628,2140089.909759916,8156.731712898545,2148246.6414728146,3742,0,1146.4884393063585,80,266,49,36.99663871139512,0.538084055876686,42.38683127572014,16614.755529445993,207.6844441180749,0
3744,64.49245415054595,2,0,347,0.005763688760806916,0.0,1.0,347,9800,7300,2500,0.7448979591836735,123,73,50,201.45628812180703,0.4666769391370014,0.8676373747859225,0.11957385424951344,2125592.129906571,6442.780110380778,2132034.9100169516,3743,0,1144.164265129683,77,270,48,38.083604247941054,0.5316102305475504,43.25587606837607,16558.058641082345,215.03972261145904,8
3745,64.15519208479643,1,1,347,0.0028735632183908046,0.0028735632183908046,0.9971264367816092,348,10350,7500,2850,0.7246376811594203,132,75,57,203.25580563609742,0.4670708218777259,0.8662978257639837,0.11961235007240724,2109237.4564590976,5792.951698085493,2115030.408157183,3744,0,1141.8735632183907,76,272,54,38.36212960520532,0.5281669061302682,43.57413419913421,16451.050675964812,216.46119310480017,8
3746,64.31943139663578,2,0,349,0.0057306590257879654,0.0,1.0,349,10800,7800,3000,0.7222222222222222,138,78,60,200.41226254788117,0.4676511433872366,0.8646785658241156,0.11904005474229569,2120330.604589969,4388.050763078352,2124718.6553530474,3745,0,1135.3438395415474,79,270,46,38.0831643002028,0.5302948901623687,43.229166666666664,16515.353999240328,209.05511391443451,0
3747,64.30909217753364,0,0,349,0.0,0.0,1.0,349,11200,8500,2700,0.7589285714285714,139,85,54,200.03847762673414,0.4677245605945833,0.8646611045216077,0.11954992631263146,2123735.1063868613,3965.747512815429,2127700.853899677,3746,1,1136.3438395415474,84,265,50,37.86151113442372,0.5321155682903533,43.002450980392155,16527.279069302167,196.75332225359722,0
3748,63.79517954247346,1,3,347,0.002857142857142857,0.008571428571428572,0.9914285714285714,350,12300,8600,3700,0.6991869918699187,160,86,74,202.49712121478944,0.4676028448628735,0.866100289884554,0.1218018016043568,2110649.2609901773,3180.079848927311,2113829.3408391047,3747,0,1134.0942857142857,90,260,52,37.55664456508842,0.5344345238095238,42.76556776556778,16410.316788901913,182.33685321002125,0
3749,63.80015465260818,1,4,344,0.0028735632183908046,0.011494252873563218,0.9885057471264368,348,11150,8000,3150,0.7174887892376681,143,80,63,198.86517510969435,0.467382400598452,0.8630899594662509,0.12020878190328786,2113778.666966427,3321.392949882511,2117100.0599163095,3748,0,1131.7327586206898,75,273,50,37.46588972898141,0.5361290708812261,42.584978070175424,16423.118209027263,218.97490945369685,0
3750,64.13479473677147,2,2,344,0.005780346820809248,0.005780346820809248,0.9942196531791907,346,11500,8900,2600,0.7739130434782608,141,89,52,205.8098035936854,0.46734226215408675,0.8701687197718746,0.12212026220283043,2113616.3979155496,6300.595145479105,2119916.993061029,3749,0,1135.8988439306358,81,265,44,37.98346528121391,0.5304371387283238,43.26727642276425,16465.500528838405,203.277784306647,8
3751,64.4920047118631,2,2,344,0.005780346820809248,0.005780346820809248,0.9942196531791907,346,10150,7000,3150,0.6896551724137931,133,70,63,203.58926039756935,0.4676356426796236,0.8691160045004573,0.12148351563470203,2128828.6028241683,7331.328152432937,2136159.9309766013,3750,0,1136.864161849711,85,261,48,37.82856228099124,0.5321531791907514,43.05959302325583,16570.60193741228,194.9482580872033,0
3752,64.91886157379619,2,1,345,0.005780346820809248,0.002890173410404624,0.9971098265895953,346,11300,8900,2400,0.7876106194690266,137,89,48,183.6796776059233,0.4677277931361872,0.8507034826505637,0.10715685598636966,2128943.296071071,-2291.276347275846,2126652.0197237954,3751,0,1137.5028901734104,97,249,55,39.194751113693556,0.5270953757225434,43.89880952380949,16625.797733408017,171.39997663307233,8
3753,64.74760871896737,1,0,346,0.002890173410404624,0.0,1.0,346,10350,7400,2950,0.714975845410628,133,74,59,186.00267778809476,0.4677140054731786,0.8532992434474447,0.10920419072115171,2127271.1375002023,-414.3744087267132,2126856.7630914757,3752,0,1138.4971098265896,81,265,57,38.893104630226134,0.5289318400770713,43.661077235772375,16597.332270579904,204.90533667382599,0
3754,65.20835724010878,5,4,347,0.014245014245014245,0.011396011396011397,0.9886039886039886,351,10400,7100,3300,0.6826923076923077,137,71,66,177.2388083844532,0.4686270519603853,0.8466292874074424,0.1049863221130703,2147928.734314919,-4460.734127058809,2143468.0001878603,3753,0,1123.2649572649573,91,260,45,38.781899289779005,0.5316654795821463,43.33106884057973,16736.959355480496,183.92263028000545,0
3755,65.29946362585615,0,0,347,0.0,0.0,1.0,347,11050,7900,3150,0.7149321266968326,142,79,63,191.21548902226874,0.4684291588234968,0.8588150505227314,0.11070963578558463,2136657.5995287793,1262.4055534085292,2137920.0050821877,3754,1,1129.6051873198846,83,264,49,39.292430154959874,0.5242855427473583,44.18402777777778,16704.645773038028,201.2607924462413,8
3756,64.91330090827712,3,5,345,0.008571428571428572,0.014285714285714285,0.9857142857142858,350,10550,7900,2650,0.7488151658767772,132,79,53,183.06281798702466,0.46887842816209574,0.855446053510569,0.10427555641274411,2113776.086311329,-3159.2386092530032,2110616.847702076,3755,0,1120.9142857142858,102,248,50,40.13004940424291,0.5206547619047619,44.80177993527507,16565.75885031816,162.4094004933153,7
3757,64.57724412837335,0,3,342,0.0,0.008695652173913044,0.991304347826087,345,11250,8000,3250,0.7111111111111111,145,80,65,204.81052892560274,0.4686422171666105,0.8653598164180216,0.11566270948869052,2097409.583195025,5664.313221559938,2103073.896416585,3756,1,1137.5014492753623,88,257,47,39.91110243693358,0.5146739130434783,45.13108614232208,16458.73207092055,187.03104626046078,8
3758,64.22023440318608,1,1,342,0.0029154518950437317,0.0029154518950437317,0.9970845481049563,343,11700,8200,3500,0.7008547008547008,152,82,70,210.79735953806522,0.468314706835115,0.870791946122077,0.12164361389857216,2099292.563909634,8205.06587400959,2107497.6297836434,3757,0,1142.1224489795918,81,262,44,38.919043124006365,0.5228377065111759,44.30894308943091,16420.53960959523,202.72271122957076,8
3759,64.0911165033442,3,1,344,0.008695652173913044,0.002898550724637681,0.9971014492753624,345,10650,7500,3150,0.704225352112676,138,75,63,180.75107302101176,0.4687391163914167,0.8548773243330239,0.10595166924600734,2104723.47324515,-3563.794759686134,2101159.678485464,3758,0,1135.7652173913043,70,275,59,39.088380657965025,0.5254227053140097,43.72065727699528,16425.229211860475,234.64613159800678,8
3760,64.50347547661391,4,2,346,0.011494252873563218,0.005747126436781609,0.9942528735632183,348,10250,7000,3250,0.6829268292682927,135,70,65,172.2772874030198,0.4692841349498162,0.8488319670782478,0.10174051547185399,2122860.1867564996,-6705.881097944694,2116154.3056585547,3759,0,1125.4281609195402,77,271,61,39.022944753873624,0.5275383141762452,43.442841880341874,16548.828357121096,214.91984879378046,0
3761,64.0750438755437,0,2,344,0.0,0.005780346820809248,0.9942196531791907,346,10950,7500,3450,0.684931506849315,144,75,69,170.73731015869075,0.4691062103822848,0.8467982021722593,0.10125925425619078,2111345.142485629,-8052.921911077103,2103292.2205745517,3760,1,1132.7601156069363,82,264,52,38.90257068361449,0.5293232177263969,43.28564257028113,16448.98371579124,200.59736238769807,0
3762,64.50904919661599,0,3,341,0.0,0.00872093023255814,0.9912790697674418,344,10150,7200,2950,0.7093596059113301,131,72,59,168.75756496973992,0.46914091633331073,0.843944712593242,0.10027075048650486,2126782.109995817,-7167.885979180048,2119614.2240166366,3761,2,1139.5726744186047,85,259,55,38.88364779874215,0.5303415697674418,43.2170542635659,16564.823679363646,194.88027858074878,0
3763,64.32479689728642,1,0,342,0.0029239766081871343,0.0,1.0,342,11550,8000,3550,0.6926406926406926,151,80,71,168.42108644138023,0.4687596465503936,0.8432948668325349,0.10064933134403518,2124223.80910142,-8397.183645298403,2115826.6254561218,3762,0,1144.7573099415204,87,255,58,38.675911212442216,0.5322551169590644,43.00426136363636,16531.19869125217,190.0137780603698,0
3764,64.58822119746003,2,1,343,0.005813953488372093,0.0029069767441860465,0.997093023255814,344,11800,8900,2900,0.7542372881355932,147,89,58,160.4634321892318,0.4688354577711484,0.8323708802205887,0.09518445244100583,2128373.200652321,-12294.786248749268,2116078.4144035717,3763,0,1139.0959302325582,94,250,50,39.159067612010446,0.5331274224806202,43.278508771929836,16581.184461580462,176.39557937851555,8
3765,64.63947986034255,3,2,344,0.008670520231213872,0.005780346820809248,0.9942196531791907,346,10000,7000,3000,0.7,130,70,60,186.20555356792184,0.4689098670799475,0.8556256312181709,0.10657296576547015,2107855.142383444,-701.1332742998511,2107154.009109144,3764,0,1133.2312138728323,78,268,55,39.86494045160402,0.5184549614643545,44.620253164556964,16507.614002309005,211.63607695267956,8
3766,64.5039462703332,1,0,345,0.002898550724637681,0.0,1.0,345,11450,8200,3250,0.7161572052401747,147,82,65,181.73532418158433,0.46903016514998314,0.8477194994524915,0.10027902766966622,2080319.9045826101,-4836.477547854564,2075483.4270347555,3765,0,1137.2376811594204,101,244,51,41.41178944334981,0.5078804347826087,46.02736928104577,16382.236926030737,162.20036560426473,7
3767,64.59509817098484,7,0,352,0.019886363636363636,0.0,1.0,352,9750,7000,2750,0.717948717948718,125,70,55,173.91518595959948,0.47004449543512045,0.8450248004250909,0.09679377972669567,2088750.62462997,-7496.909338849478,2081253.7152911206,3766,0,1115.6022727272727,88,264,57,41.27009695630833,0.5103870738636364,45.692883895131104,16426.99313037414,186.6703764815243,0
3768,64.21561684718871,3,1,354,0.008450704225352112,0.0028169014084507044,0.9971830985915493,355,10150,7100,3050,0.6995073891625616,132,71,61,199.90855106704362,0.4709848545131429,0.8655523837872898,0.10965792663619256,2067265.9544280153,1502.8283239868306,2068768.7827520021,3767,0,1107.1661971830986,80,275,52,41.18519081648166,0.5026995305164319,46.25771604938272,16294.217284103439,203.67771605129298,8
3769,64.09933962759091,9,2,361,0.024793388429752067,0.005509641873278237,0.9944903581267217,363,11450,8100,3350,0.7074235807860262,148,81,67,195.06165075848395,0.47248254772739956,0.8644593824574021,0.10868686433076691,2073439.492688831,-3160.2939616567464,2070279.1987271742,3768,0,1083.7382920110192,78,285,53,40.687316398824954,0.506112258953168,45.64873417721518,16303.748172682315,209.0224124702861,0
3770,63.746821537497475,8,4,365,0.02168021680216802,0.01084010840108401,0.989159891598916,369,9850,6900,2950,0.700507614213198,128,69,59,192.43158093806989,0.473481501119359,0.8722178596826355,0.10785226868870568,2065711.9958722359,-4148.35497431399,2061563.6408979218,3769,0,1067.0433604336044,75,294,46,40.52326729119558,0.5073396567299007,45.422149122807014,16228.528827268045,216.38038436357394,8
3771,63.44367276695022,4,4,365,0.01084010840108401,0.01084010840108401,0.989159891598916,369,11900,8600,3300,0.7226890756302521,152,86,66,188.255364493424,0.47385155237421944,0.8696602026321265,0.10640935616690267,2061150.7929207417,-8095.461240559381,2053055.3316801824,3770,0,1068.0189701897018,81,288,51,40.29785042692448,0.5094850948509485,45.09654471544715,16172.011404238094,199.6544617807172,0
3772,63.787844939855006,2,2,365,0.005449591280653951,0.005449591280653951,0.9945504087193461,367,12050,9500,2550,0.7883817427385892,146,95,51,187.53999467536818,0.4738833425152494,0.868662394443587,0.10648592874637589,2075148.9250390856,-7615.316329515385,2067533.6087095703,3771,0,1074.7711171662124,86,281,55,40.13966469520591,0.5112397820163488,44.92337164750956,16270.788417129592,189.19521415266968,0
3773,63.57155466489892,8,3,370,0.021447721179624665,0.00804289544235925,0.9919571045576407,373,10700,8200,2500,0.7663551401869159,132,82,50,182.90384854243325,0.4746998928574861,0.867125733744448,0.10553885847692876,2078038.99440755,-9283.734100322024,2068755.260307228,3772,0,1058.3646112600536,75,298,53,39.635318949343365,0.5144381143878463,44.31195175438598,16254.486736207435,216.72648981609913,0
3774,64.00073669540153,1,3,368,0.0026954177897574125,0.008086253369272238,0.9919137466307277,371,10900,7800,3100,0.7155963302752294,140,78,62,182.67160301687736,0.4744539350671426,0.8659384457891595,0.10604471156050999,2095802.2638308762,-8531.288171922277,2087270.975658954,3773,0,1063.4824797843667,77,294,55,39.40900650559238,0.5160882749326146,44.08386752136754,16378.821010870535,212.71196118013683,0
3775,64.40711288995938,1,3,366,0.0027100271002710027,0.008130081300813009,0.991869918699187,369,13100,9700,3400,0.7404580152671756,165,97,68,186.99761566205214,0.47416790630768624,0.8673802372664048,0.1088928838717293,2111028.3273826474,-7948.547236879211,2103079.780145768,3774,0,1070.1165311653117,90,279,54,39.179743968048186,0.5233739837398375,43.96749084249085,16490.31472080727,183.22571912008078,8
3776,64.44941962431734,4,2,368,0.010810810810810811,0.005405405405405406,0.9945945945945946,370,12200,9300,2900,0.7622950819672131,151,93,58,186.52086646796738,0.4741406040186528,0.8673046034210676,0.10967883967284862,2118432.160352949,-7173.639579471968,2111258.520773477,3775,0,1068.0648648648648,77,293,54,38.820761063944296,0.5262387387387387,43.60309829059829,16524.631508644077,214.60560400836465,0
3777,64.78992762138157,2,3,367,0.005405405405405406,0.008108108108108109,0.9918918918918919,370,12100,9100,3000,0.7520661157024794,151,91,60,175.66121238802154,0.474145944725213,0.8582325133692581,0.10338958930961445,2130202.4255644586,-11261.211858687788,2118941.2137057707,3776,0,1066.8108108108108,85,285,53,39.06380386692495,0.5278997747747748,43.5683139534884,16614.19037878246,195.46106327979365,8
3778,64.95660976901779,0,5,362,0.0,0.013623978201634877,0.9863760217983651,367,12050,9100,2950,0.7551867219917012,150,91,59,174.54054026898478,0.47403409965108717,0.8557672464790229,0.10315620467137196,2138248.00830674,-10807.807480211559,2127440.2008265285,3777,1,1076.1035422343325,89,278,43,38.93589208654733,0.529319936421435,43.41435185185188,16666.933819089933,187.2689193156172,0
3779,64.97539436441966,3,3,362,0.00821917808219178,0.00821917808219178,0.9917808219178083,365,11850,8300,3550,0.70042194092827,154,83,71,163.58429841604186,0.4739271288072658,0.846539056338532,0.09756164041481206,2144465.864749621,-14689.811207556393,2129776.053542065,3778,0,1082.9013698630138,89,276,58,38.87587470342677,0.5359303652968037,43.07870370370371,16693.562547469795,187.56811851089657,8
3780,64.87356010045285,1,1,362,0.0027548209366391185,0.0027548209366391185,0.9972451790633609,363,10800,7800,3000,0.7222222222222222,138,78,60,161.53401774433405,0.47331901384513136,0.8433286141082259,0.09672860463688893,2143584.711208497,-14147.629844632422,2129437.0813638647,3779,0,1089.771349862259,93,270,59,38.77740897203783,0.537448347107438,42.9299645390071,16677.048395504335,179.32310102692833,0
3781,64.62182023022619,2,4,360,0.005494505494505495,0.01098901098901099,0.989010989010989,364,11900,8700,3200,0.7310924369747899,151,87,64,161.40571500897133,0.47344653452607993,0.8432030524100453,0.09712768997512174,2138264.131650941,-15674.389790568319,2122589.7418603725,3780,0,1084.9505494505495,100,264,58,38.59741878148849,0.539463141025641,42.74958745874589,16623.989913392557,166.23989913392558,0
3782,64.21735162574927,2,1,361,0.0055248618784530384,0.0027624309392265192,0.9972375690607734,362,13000,9900,3100,0.7615384615384615,161,99,62,163.28008912799288,0.4731343707116002,0.842526537729249,0.09898050047815224,2129322.678398096,-15864.800657781334,2113457.8777403147,3781,0,1091.7651933701657,86,276,60,38.27606781972598,0.5417529926335175,42.48084291187737,16537.198261094378,192.29300303598114,0
3783,64.64291906496717,4,3,362,0.010958904109589041,0.00821917808219178,0.9917808219178083,365,10150,7500,2650,0.7389162561576355,128,75,53,177.31235305086454,0.47306845551708565,0.850077234005161,0.1063156254527661,2136761.815249695,-7375.146925767187,2129386.6683239276,3782,0,1081.5561643835617,107,258,57,38.322923700202566,0.5418949771689499,42.881944444444464,16620.86165541964,155.3351556581275,8
3784,64.23991813771619,4,8,358,0.01092896174863388,0.02185792349726776,0.9781420765027322,366,9800,6900,2900,0.7040816326530612,127,69,58,174.15212376712373,0.4731605721486139,0.8521997048510184,0.10587433002438909,2131799.527055496,-8748.516983507052,2123051.0100719887,3783,0,1079.0765027322404,90,276,46,37.8898034598181,0.5442566029143898,42.37637362637362,16549.72066858332,183.88578520648133,8
3785,64.0449510717256,2,1,359,0.005555555555555556,0.002777777777777778,0.9972222222222222,360,10900,7900,3000,0.7247706422018348,139,79,60,175.60564572369066,0.472598299030228,0.8507200761970255,0.10757752547847917,2129911.057870731,-8095.118669716844,2121815.9392010146,3784,0,1097.0055555555555,93,267,51,37.56995767627725,0.5458622685185186,42.098847517730476,16517.26669206847,177.60501819428464,0
3786,63.990001821133944,1,1,359,0.002777777777777778,0.002777777777777778,0.9972222222222222,360,10900,7600,3300,0.6972477064220184,142,76,66,171.31000459475777,0.4723718147116476,0.8465062142828601,0.10545363456272133,2130961.8024822366,-9888.984765102916,2121072.8177171336,3785,0,1097.9694444444444,100,260,55,37.503413526222545,0.5477430555555556,41.92450495049505,16514.25139820786,165.1425139820786,0
3787,64.21951692198718,0,0,359,0.0,0.0,1.0,359,11350,7900,3450,0.6960352422907489,148,79,69,174.57403264293208,0.4721711068922052,0.8499298159987043,0.1080615683336218,2141920.444071196,-8365.262095629665,2133555.1819755663,3786,1,1101.674094707521,107,252,54,37.215718126820505,0.5495879758588672,41.72453703703706,16586.325464284237,155.01238751667512,0
3788,64.6618355215015,2,1,360,0.00554016620498615,0.002770083102493075,0.997229916897507,361,11300,7800,3500,0.6902654867256637,148,78,70,178.69061583819035,0.4719814430081051,0.8552760558931631,0.11158776812079516,2161940.763967633,-6236.2946961867465,2155704.469271446,3787,0,1096.5650969529086,84,277,56,36.78854082744893,0.5517659279778393,41.40931372549021,16720.948423274618,199.0589098008883,0
3789,64.25977590361848,3,2,361,0.008264462809917356,0.005509641873278237,0.9944903581267217,363,11250,8100,3150,0.72,144,81,63,206.05332139411001,0.47202753298936123,0.8752090191012352,0.12838190148418893,2147144.216123867,4635.239448895747,2151779.4555727625,3788,0,1090.4380165289256,76,287,45,36.16413295654754,0.5501033057851239,41.49080086580089,16611.743205387647,218.57556849194273,8
3790,63.96373050860319,1,5,357,0.0027624309392265192,0.013812154696132596,0.9861878453038674,362,10650,7800,2850,0.7323943661971831,135,78,57,203.39231883926905,0.47177834361273935,0.8734670927569472,0.1273959202616209,2140373.925984391,4017.1231978155374,2144391.0491822064,3789,0,1094.1933701657458,79,283,44,36.040366418361195,0.5517092541436464,41.30208333333335,16547.28382480383,209.4592889215675,0
3791,63.77276097499785,1,2,356,0.002793296089385475,0.00558659217877095,0.994413407821229,358,11600,8300,3300,0.7155172413793104,149,83,66,206.0529805652935,0.47109584057086523,0.873519728544701,0.12958442999995157,2136352.5191264306,4840.360820835198,2141192.8799472656,3790,0,1107.1536312849162,81,277,45,35.82503108231909,0.5533054003724395,41.158536585365866,16507.03477676017,203.79055279950828,0
3792,63.521968190050465,0,1,355,0.0,0.0028089887640449437,0.9971910112359551,356,11250,8100,3150,0.72,144,81,63,205.17379842115216,0.4707814066044205,0.8719007194463761,0.1296543734740177,2130758.839521033,4985.176924795284,2135744.0164458286,3791,1,1113.8988764044943,88,268,48,35.67357659286035,0.5550971441947565,40.987827715355806,16452.962968701046,186.9654882806937,0
3793,63.7740311591317,2,3,354,0.0056022408963585435,0.008403361344537815,0.9915966386554622,357,10100,7000,3100,0.693069306930693,132,70,62,204.6465410701356,0.4705810226712408,0.8722742731434978,0.12992055652954165,2141913.218430887,6167.026284856294,2148080.244715743,3792,0,1111.7507002801121,93,264,50,35.52053047146687,0.5566059757236228,40.824468085106375,16528.668448024906,177.7276177206979,0
3794,63.67913052870127,0,0,354,0.0,0.0,1.0,354,10800,7600,3200,0.7037037037037037,140,76,64,205.15915337616678,0.4701882705675859,0.8732907831595873,0.13082454017316905,2141302.376576375,6261.556540156397,2147563.9331165315,3793,1,1122.0225988700565,95,259,48,35.34797768479777,0.5579684557438795,40.66840277777777,16514.010629730437,173.83169083926776,0
3795,63.7974114168261,0,3,351,0.0,0.00847457627118644,0.9915254237288136,354,10500,6500,4000,0.6190476190476191,145,65,80,206.68131926033274,0.47004572723441257,0.8733752286490912,0.1326041099127394,2148832.290337541,7524.698527232253,2156356.9888647734,3794,2,1123.0225988700565,72,282,49,35.08943134128684,0.5592926082862524,40.45376712328764,16558.37780052283,229.97746945170599,0
3796,64.04085552920564,0,0,351,0.0,0.0,1.0,351,9450,6300,3150,0.6666666666666666,126,63,63,200.686957465279,0.46943969610636277,0.8682543922127262,0.12947545642921116,2160258.240148593,7057.130710943027,2167315.3708595363,3795,3,1132.8945868945868,76,275,45,35.047092013888836,0.5606600189933524,40.25974025974023,16633.988449144166,218.86826906768638,0
3797,63.83537580913003,1,1,351,0.002840909090909091,0.002840909090909091,0.9971590909090909,352,10850,7600,3250,0.7004608294930875,141,76,65,201.1638507475885,0.46950356260252096,0.8677183913281119,0.13036462535460522,2155907.1739161606,5488.117791864425,2161395.291708025,3796,0,1130.6732954545455,81,271,47,34.87600200400802,0.5622928503787878,40.10416666666664,16590.548192060232,204.82158261802755,0
3798,63.53038632549721,0,3,348,0.0,0.008547008547008548,0.9914529914529915,351,10650,7600,3050,0.7136150234741784,137,76,61,199.0063498481201,0.4689814814814815,0.8657993173027585,0.1294456385983257,2147731.9273852054,4632.458264238862,2152364.385649444,3797,1,1134.8603988603988,84,267,49,34.80083733936594,0.5638354700854701,39.97549019607841,16519.457561941064,196.66020907072695,0
3799,63.10829022396426,2,2,348,0.005714285714285714,0.005714285714285714,0.9942857142857143,350,11650,8700,2950,0.7467811158798283,146,87,59,199.77020788520153,0.4686814367580843,0.866561563354173,0.13077384613504367,2137081.500097174,3735.0431084063657,2140816.5432055807,3798,0,1137.5171428571427,90,260,53,34.55611758668716,0.5660416666666667,39.755036630036635,16423.614677676633,182.48460752974037,0
3800,62.90070847886258,0,1,347,0.0,0.0028735632183908046,0.9971264367816092,348,9350,6300,3050,0.6737967914438503,124,63,61,217.70600806262829,0.46832196743847093,0.8738210078410067,0.13605380046202298,2103493.165816189,12638.620023373067,2116131.785839562,3799,1,1144.2385057471265,76,272,49,35.75231905284998,0.5507363505747127,41.38257575757577,16267.219209827135,214.04235802404125,8
3801,62.87066425914998,0,0,347,0.0,0.0,1.0,347,9700,7500,2200,0.7731958762886598,119,75,44,213.35984178849245,0.46808072773511467,0.87101277550486,0.13388380599503413,2104856.4292201977,10718.36694518294,2115574.7961653806,3800,2,1148.2968299711815,79,268,41,35.716015448095426,0.5522034101825168,41.236979166666686,16268.603005496021,205.93168361387367,0
3802,62.640372204266114,0,0,347,0.0,0.0,1.0,347,10300,7200,3100,0.6990291262135923,134,72,62,216.2708850934045,0.46796446835801503,0.8741428753586042,0.13649839825121302,2100478.3175754175,11154.460972308962,2111632.7785477266,3801,3,1149.2968299711815,81,266,47,35.43076948232449,0.5537644092219021,41.03150406504068,16221.88297454497,200.2701601795675,0
3803,63.18746031630864,0,1,346,0.0,0.002881844380403458,0.9971181556195965,347,10350,8300,2050,0.8019323671497585,124,83,41,218.62320419519395,0.46776248938048676,0.8753246655271485,0.1385304379189456,2121115.491297171,12995.013035090315,2134110.504332261,3802,4,1150.2968299711815,85,262,48,35.22675922463225,0.5550852545629203,40.891472868217065,16372.409775756772,192.6165855971385,0
3804,63.32393972353639,3,1,348,0.008595988538681949,0.0028653295128939827,0.997134670487106,349,9500,6100,3400,0.6421052631578947,129,61,68,215.6416831986574,0.4680858144232564,0.8761464194888424,0.13767892081145083,2130071.390407439,12566.435992153172,2142637.826399592,3803,0,1144.6848137535817,92,257,52,35.03179384203478,0.5570379656160458,40.62500000000001,16424.6468657923,178.5287702803511,0
3805,63.842778658817714,0,3,345,0.0,0.008620689655172414,0.9913793103448276,348,12400,9900,2500,0.7983870967741935,149,99,50,226.80833585483916,0.46781526383782174,0.8775124602188638,0.144045002361046,2144444.828735957,15275.59258762414,2159720.421323581,3804,1,1148.882183908046,83,265,50,34.93238959858381,0.5518438697318008,40.811011904761926,16547.34519776734,199.36560479237758,8
3806,63.559762938587866,2,1,346,0.005763688760806916,0.002881844380403458,0.9971181556195965,347,11150,8600,2550,0.7713004484304933,137,86,51,194.17648361340312,0.46786521408383447,0.861580169383759,0.12061382925957406,2121962.2371227923,1857.0331129865572,2123819.2702357788,3805,0,1152.4956772334294,77,270,54,36.58237075128775,0.5466798751200769,41.59989316239316,16423.849533904046,213.29674719355904,8
3807,63.13003136122021,0,1,345,0.0,0.002890173410404624,0.9971098265895953,346,9750,6900,2850,0.7076923076923077,126,69,57,191.17130943727378,0.4676939348244953,0.8583011202020563,0.1194333878671328,2110978.011545924,1761.6861321050528,2112739.697678029,3806,1,1156.8063583815028,83,263,53,36.45004155877373,0.5483501926782274,41.393849206349195,16325.814409807548,196.6965591543078,0
3808,62.758021218856875,0,0,345,0.0,0.0,1.0,345,9000,5900,3100,0.6555555555555556,121,59,62,195.32750250011728,0.4675327912594091,0.8649908551259426,0.12063298354040973,2091848.2866504248,3719.1002881153217,2095567.38693854,3807,2,1156.7420289855072,81,264,53,36.763171381713825,0.5423309178743961,41.80640243902439,16203.719274304693,200.0459169667246,8
3809,62.97430025646666,1,1,345,0.002890173410404624,0.002890173410404624,0.9971098265895953,346,9350,6600,2750,0.7058823529411765,121,66,55,194.81747391603287,0.46759270894417915,0.8600090036241099,0.11690066822175388,2082059.3003587383,2574.3066878549917,2084633.6070465932,3808,0,1154.3959537572255,92,254,53,37.844288120335705,0.5341401734104047,42.85394265232976,16193.593025178861,176.01731549107458,8
3810,63.123983300155544,3,2,346,0.008620689655172414,0.005747126436781609,0.9942528735632183,348,11100,8200,2900,0.7387387387387387,140,82,58,193.1516640720435,0.4677928356907041,0.8596458951671118,0.11694369275445698,2092334.0379163695,127.56024362434073,2092461.5981599938,3809,0,1148.692528735632,79,269,53,37.5528893159367,0.5364583333333333,42.52604166666664,16252.781846058173,205.73141577288825,0
3811,63.32254664764744,1,0,347,0.002881844380403458,0.0,1.0,347,10900,7600,3300,0.6972477064220184,142,76,66,192.03124875050116,0.4677007157413114,0.8577576542652894,0.11697662510792287,2102538.68939729,450.62601424002605,2102989.31541153,3810,0,1152.5706051873199,84,263,49,37.3553515946991,0.5381544188280499,42.303921568627416,16317.971947386231,194.26157080221705,0
3812,62.955276379452215,0,1,346,0.0,0.002881844380403458,0.9971181556195965,347,11550,9000,2550,0.7792207792207793,141,90,51,208.57055336256764,0.4675497520725403,0.8662165201336849,0.1265266788800595,2087900.2877623688,6144.903676891766,2094045.1914392605,3811,1,1153.5706051873199,77,270,48,37.08295523290985,0.5391750720461095,42.454594017093996,16213.842213911968,210.56937940145414,8
3813,62.87570858934524,0,2,344,0.0,0.005780346820809248,0.9942196531791907,346,11150,8100,3050,0.726457399103139,142,81,61,207.09445709022663,0.46763616626176313,0.8655306563936087,0.12642149142815914,2088955.6653398105,6172.227879819847,2095127.8932196305,3812,2,1157.849710982659,79,267,44,36.88821749086559,0.5409742292870905,42.226562499999986,16207.687538323731,205.1606017509333,0
3814,62.43791588683412,1,2,343,0.002898550724637681,0.005797101449275362,0.9942028985507246,345,11200,8200,3000,0.7321428571428571,142,82,60,202.5700475262712,0.4673930597685653,0.8614372363861345,0.1243027176590405,2077435.499082829,3965.2415563939176,2081400.740639223,3813,0,1153.1971014492754,83,262,46,36.81316700317275,0.5430253623188406,42.03869047619046,16106.56654610512,194.0550186277725,0
3815,62.91096014413596,1,3,341,0.0029069767441860465,0.00872093023255814,0.9912790697674418,344,10200,7600,2600,0.7450980392156863,128,76,52,200.94642630076447,0.46705055568739123,0.8610506878371271,0.1239930164804679,2096426.8188730006,5253.895450721124,2101680.714323722,3814,0,1157.3982558139535,90,254,51,36.6507042669859,0.544906734496124,41.838369963369935,16241.196017979453,180.45773353310503,0
3816,62.59019531202621,2,0,343,0.0058309037900874635,0.0,1.0,343,11300,8400,2900,0.7433628318584071,142,84,58,197.46723279948688,0.4669262441818833,0.8590664977729081,0.12247526830734448,2088729.0539310137,2591.1092695295047,2091320.1632005433,3815,0,1160.930029154519,77,266,51,36.551811406909636,0.5471331389698737,41.653311965811966,16169.969662274934,209.99960600357056,0
3817,62.24058211726308,0,1,342,0.0,0.0029154518950437317,0.9970845481049563,343,10850,8300,2550,0.7649769585253456,134,83,51,195.84406985455428,0.4668346035155917,0.8588972190622386,0.1220133138131515,2079639.601182858,2007.0166652708176,2081646.6178481288,3816,1,1161.930029154519,77,266,53,36.43035034698904,0.5485908649173955,41.493055555555564,16089.622703577248,208.95613900749672,0
3818,61.83686637601555,0,3,339,0.0,0.008771929824561403,0.9912280701754386,342,10250,6900,3350,0.6731707317073171,136,69,67,168.26475771542925,0.4666200774010621,0.8402639118283419,0.10334257093669157,2057942.7002538955,-9394.15402990886,2048548.5462239867,3817,2,1164.8947368421052,100,242,54,37.66590045972412,0.549098440545809,42.00701320132012,15953.477850619043,159.53477850619043,8
3819,61.67242657941577,0,0,339,0.0,0.0,1.0,339,11050,7700,3350,0.6968325791855203,144,77,67,166.14528453969706,0.46624142535476776,0.837007471380264,0.10252783352090417,2055202.8816387365,-10557.546488665377,2044645.3351500712,3818,3,1175.929203539823,104,235,56,37.54603299645186,0.5509771386430679,41.835317460317455,15921.642429326723,153.0927156666031,0
3820,61.61426302119472,2,0,341,0.005865102639296188,0.0,1.0,341,8950,6400,2550,0.7150837988826816,115,64,51,162.16777797067985,0.4664607411879708,0.8339760846213216,0.10078210145658179,2057297.9263350663,-10424.513332511026,2046873.4130025553,3819,0,1170.0263929618768,85,256,54,37.39117061167094,0.552755376344086,41.581879844961236,15922.242024675235,187.32049440794395,0
3821,61.26041226723508,3,3,341,0.00872093023255814,0.00872093023255814,0.9912790697674418,344,11700,9100,2600,0.7777777777777778,143,91,52,163.23657983686968,0.4669172486270256,0.8350259550146637,0.10232297849801475,2050349.5820590076,-13561.589350946651,2036787.992708061,3820,0,1160.8139534883721,92,252,47,37.05129731445804,0.5549297480620154,41.274641577060926,15849.622120977376,172.27850131497146,0
3822,61.13593491031413,1,2,340,0.0029239766081871343,0.005847953216374269,0.9941520467836258,342,9450,7000,2450,0.7407407407407407,119,70,49,173.10439837948118,0.46657345240749315,0.8468186219407694,0.11017640645175795,2054733.5979379488,-6713.315339769475,2048020.2825981793,3821,0,1167.830409356725,94,248,55,36.246651864382855,0.5595455653021443,40.734649122807,15850.429615727717,168.62159165667785,8
3823,61.31659928764165,0,2,338,0.0,0.0058823529411764705,0.9941176470588236,340,9650,6900,2750,0.7150259067357513,124,69,55,204.8136171115412,0.46606494736537685,0.8655647749333548,0.1249928316289041,2036989.8840674558,5790.653235094324,2042780.5373025502,3822,1,1175.6882352941177,83,257,44,36.95776804900733,0.5437806372549019,42.237103174603156,15805.144255864487,190.42342476945166,8
3824,61.26716453825647,0,2,336,0.0,0.005917159763313609,0.9940828402366864,338,10650,7500,3150,0.704225352112676,138,75,63,203.27077244513944,0.46577258148531825,0.8625939706887382,0.12465857002510658,2038142.5382089196,4608.961619004883,2042751.4998279244,3823,2,1182.914201183432,89,249,46,36.817022645008834,0.5454881656804733,42.06018518518518,15803.241075226657,177.56450646322085,0
3825,61.68731372352043,0,0,336,0.0,0.0,1.0,336,10750,8300,2450,0.772093023255814,132,83,49,204.05866269481754,0.46568533819000235,0.8630486381733895,0.12559384522125705,2054192.2740718299,5885.145673024458,2060077.4197448543,3824,4,1190.6369047619048,90,246,50,36.66380202557846,0.5466269841269842,41.929945054945044,15919.6484420417,176.88498268935223,0
3826,61.70023512935829,2,1,337,0.005917159763313609,0.0029585798816568047,0.9970414201183432,338,9950,6900,3050,0.6934673366834171,130,69,61,200.4163537148175,0.46562168952176947,0.8627826777318814,0.12440258352208057,2059481.0616218532,5000.736982994637,2064481.7986048479,3825,0,1184.585798816568,74,264,52,36.44674246089343,0.5489706607495068,41.62500000000001,15941.798251547969,215.42970610199959,0
3827,61.451981330965175,2,3,336,0.0058997050147492625,0.008849557522123894,0.9911504424778761,339,10750,7700,3050,0.7162790697674418,138,77,61,196.01102031933988,0.46571741925724225,0.8606910853703844,0.12226379309214237,2053970.7343719387,1970.1798700619065,2055940.9142420006,3826,0,1180.825958702065,76,263,58,36.38235576252268,0.5506698623402163,41.450216450216466,15888.396471826469,209.05784831350616,0
3828,61.114374357320145,1,3,334,0.002967359050445104,0.008902077151335312,0.9910979228486647,337,11750,9300,2450,0.7914893617021277,142,93,49,191.87608245909922,0.465200134826433,0.8562613257214478,0.12036722893777056,2045891.6035933017,-638.4667933101773,2045253.1367999916,3827,0,1184.8842729970327,81,256,47,36.28261696695962,0.5524851632047478,41.24745934959351,15813.499635216724,195.22839055823115,0
3829,61.0612576519331,0,2,332,0.0,0.005988023952095809,0.9940119760479041,334,9750,7000,2750,0.717948717948718,125,70,55,194.14311047182386,0.46446146745547945,0.8572023397121129,0.12187640380343717,2044514.88172521,2835.695708813172,2047350.5774340231,3828,3,1196.5209580838323,81,253,47,36.19805728732021,0.5532060878243513,41.22205284552847,15801.306905837568,195.0778630350317,0
3830,61.30602380940467,0,0,332,0.0,0.0,1.0,332,11100,8200,2900,0.7387387387387387,140,82,58,195.23518461985344,0.4640495516810444,0.8562313617936008,0.12314386420947801,2055378.6000088048,2756.4440872830382,2058135.0440960878,3829,4,1204.1024096385543,84,248,48,35.99838302571382,0.5550326305220883,41.05392156862746,15874.954449665735,188.98755297221112,0
3831,61.44019770272391,0,0,332,0.0,0.0,1.0,332,11300,8100,3200,0.7168141592920354,145,81,64,194.8571635012208,0.4640230104708866,0.8538347808945126,0.1186732666340954,2039917.7507593525,1798.5173377506972,2041716.268097103,3830,5,1205.1024096385543,83,249,47,37.29026307346806,0.5454317269076305,42.31150793650791,15832.43189809761,190.75219154334468,8
3832,61.71240185807201,0,2,330,0.0,0.006024096385542169,0.9939759036144579,332,9550,6900,2650,0.7225130890052356,122,69,53,192.2454480732108,0.4637272655576991,0.852238168267246,0.11767986168713693,2051891.5746732203,2943.363034139111,2054834.9377073594,3831,6,1206.1024096385543,85,247,49,37.169445749177996,0.5470005020080322,42.126937984496095,15913.96603147215,187.2231297820253,0
3833,61.39999870518705,1,3,328,0.0030211480362537764,0.00906344410876133,0.9909365558912386,331,11150,8500,2650,0.7623318385650224,138,85,53,191.6646891709553,0.46379009124477405,0.85168729056052,0.11809950797113805,2045272.796053344,1051.3149450739056,2046324.1109984177,3832,0,1206.5770392749246,88,243,52,36.94196934657414,0.5487789526686808,41.88904494382019,15848.012306243838,180.09104893458905,0
3834,61.421261861616955,1,4,325,0.00303951367781155,0.0121580547112462,0.9878419452887538,329,10250,7800,2450,0.7609756097560976,127,78,49,206.5533888623141,0.4637625256381743,0.8587311452162549,0.12671223169761542,2043452.1848562623,8366.394752031705,2051818.579608294,3833,0,1211.7355623100304,89,240,49,36.720537757437015,0.5502469604863223,42.04861111111109,15843.699804512142,178.0190989271027,8
3835,61.94658957320068,0,1,324,0.0,0.003076923076923077,0.9969230769230769,325,10300,7800,2500,0.7572815533980582,128,78,50,192.5170936862377,0.4630448717948718,0.8532837844925127,0.11730403566033192,2057007.4777224525,3901.820260396712,2060909.2979828492,3834,1,1226.753846153846,82,243,44,37.332899094185265,0.5469871794871795,42.294176706827294,15963.99686616587,194.6828886117789,8
3836,61.64512636358746,2,1,325,0.006134969325153374,0.003067484662576687,0.9969325153374233,326,9250,6000,3250,0.6486486486486487,125,60,65,188.6006758041552,0.46317288028944475,0.8507784895628072,0.11569512982701273,2050880.9967979637,2909.50839799843,2053790.5051959623,3835,0,1213.8803680981596,86,240,49,37.18485038371082,0.5490158486707566,42.04980842911875,15901.372154898432,184.8996762197492,0
3837,61.51654022741988,0,0,325,0.0,0.0,1.0,325,10650,8000,2650,0.7511737089201878,133,80,53,190.08307337376814,0.4630278569167458,0.8508240578657063,0.11705538812467085,2048814.8359676073,2239.004158898848,2051053.8401265063,3836,1,1218.5846153846153,93,232,51,37.004615714899074,0.5507371794871795,41.910460992907794,15876.775508606002,170.7180162215699,0
3838,61.90488273926351,2,0,327,0.0061162079510703364,0.0,1.0,327,8600,6200,2400,0.7209302325581395,110,62,48,175.25386358501564,0.4632374783462474,0.8380061532789138,0.10452732879870355,2043159.3204458514,-2385.6870344256167,2040773.6334114259,3837,0,1212.125382262997,98,229,50,38.57391746525789,0.5370158002038736,43.076599326599336,15904.812991659735,162.2940101189769,8
3839,62.24637936231645,1,1,327,0.003048780487804878,0.003048780487804878,0.9969512195121951,328,10650,7700,2950,0.7230046948356808,136,77,59,175.4855853687628,0.4632215602545933,0.8384868528389389,0.10493625097792325,2055953.2507758483,-4091.9680593577114,2051861.2827164906,3838,0,1209.4268292682927,102,226,52,38.4710854909368,0.5386814024390244,42.98139158576052,15998.477802527417,156.84782159340605,0
3840,62.174003585854884,1,1,327,0.003048780487804878,0.003048780487804878,0.9969512195121951,328,10600,7900,2700,0.7452830188679245,133,79,54,179.0611454142156,0.4631730004226648,0.8437047102285411,0.10767304470037399,2056838.5018037409,-2540.028386992062,2054298.4734167487,3839,0,1210.4146341463415,106,222,54,38.17060593444859,0.5402693089430894,42.77647975077883,15992.616070341403,150.87373651265474,0
3841,62.39270400254615,0,0,327,0.0,0.0,1.0,327,10200,7500,2700,0.7352941176470589,129,75,54,179.48239975504495,0.4631018492461054,0.8442182473747439,0.10828509215027245,2066024.9879246764,-1436.9754426786785,2064588.0124819977,3840,1,1214.1162079510702,77,250,58,38.03602317938071,0.5419215086646278,42.654914529914514,16056.455744244913,208.52539927590797,0
3842,62.33631859779551,1,2,326,0.003048780487804878,0.006097560975609756,0.9939024390243902,328,10150,7600,2550,0.7487684729064039,127,76,51,177.25874080877787,0.4631226924367868,0.8420544034531798,0.10753272624647336,2067377.894863687,-2457.8395161127273,2064920.0553475742,3841,0,1211.4115853658536,81,247,51,37.88904508237149,0.543603912601626,42.454268292682904,16054.452785209573,198.20312080505644,0
3843,62.68130062701316,1,2,325,0.0030581039755351682,0.0061162079510703364,0.9938837920489296,327,9950,7500,2450,0.7537688442211056,124,75,49,174.39240490961532,0.4634407265654803,0.8387899711238276,0.10630972856639576,2081677.0426216156,-2744.266858417076,2078932.7757631985,3842,0,1215.8440366972477,86,241,46,37.7828106852497,0.5452025993883792,42.27729885057468,16154.394109152827,187.84179196689334,0
3844,62.3589174973723,0,1,324,0.0,0.003076923076923077,0.9969230769230769,325,9250,6200,3050,0.6702702702702703,123,62,61,186.80662309225056,0.4629198322253878,0.8459512038316885,0.11158967774831705,2059055.4133393378,2679.0377051483756,2061734.4510444861,3843,1,1224.0676923076924,96,229,50,38.21919835631708,0.5367948717948718,43.01975945017184,16025.009618901724,166.9271835302263,6
3845,62.10462565412564,1,2,323,0.003076923076923077,0.006153846153846154,0.9938461538461538,325,9400,6700,2700,0.7127659574468085,121,67,54,186.40447241003125,0.46312638493194047,0.8472290842036647,0.11193984139887658,2053764.2420047494,2166.1679970972154,2055930.4100018465,3844,0,1224.803076923077,97,228,54,38.03140283805197,0.5390705128205129,42.825255102040835,15971.741259583123,164.65712638745487,0
3846,62.44345334189435,2,0,325,0.006153846153846154,0.0,1.0,325,9200,6300,2900,0.6847826086956522,121,63,58,185.68219270674086,0.4633368945868946,0.8469201122387551,0.11183161744567613,2066686.2219539583,2549.365865844811,2069235.587819803,3845,0,1219.7969230769231,103,222,56,37.941087255550826,0.5409935897435898,42.71834935897438,16065.554747528571,155.9762596847434,0
3847,62.062896986306136,2,1,326,0.0061162079510703364,0.0030581039755351682,0.9969418960244648,327,10100,7400,2700,0.7326732673267327,128,74,54,183.48331648481084,0.46358769066246414,0.8453677160218454,0.11136611582085033,2058609.6441547114,44.10497142416534,2058653.7491261356,3846,0,1213.3302752293578,83,244,54,37.70963729738404,0.5429090214067278,42.43551587301585,15985.198045703988,192.59274753860225,0
3848,62.17339376289098,2,4,324,0.006097560975609756,0.012195121951219513,0.9878048780487805,328,11650,8500,3150,0.7296137339055794,148,85,63,180.43319271022654,0.463778055928495,0.8433753663085,0.11024732409711596,2066156.6056849502,-2689.3533993885076,2063467.2522855618,3847,0,1210.4451219512196,90,238,48,37.54153346357638,0.5452553353658536,42.193223443223424,16028.722233606006,178.0969137067334,0
3849,62.27898982694769,1,1,324,0.003076923076923077,0.003076923076923077,0.9969230769230769,325,10900,8600,2300,0.7889908256880734,132,86,46,177.63915561148823,0.46361308958531183,0.8394933023723263,0.10584432372609484,2054917.4387770665,-2893.240264862957,2052024.1985122035,3848,0,1215.8523076923077,89,236,53,38.55011451528123,0.5346794871794871,43.11342592592597,15998.636333438935,179.75995880268468,8
3850,62.27827564146402,1,1,324,0.003076923076923077,0.003076923076923077,0.9969230769230769,325,10600,8300,2300,0.7830188679245284,129,83,46,200.51708201330135,0.46348725862614754,0.8486235324882672,0.11637486722454188,2039245.6042998256,6180.715616530439,2045426.3199163561,3849,0,1216.4646153846154,90,235,56,38.96204225562114,0.5282371794871794,44.093406593406584,15937.421362643834,177.08245958493148,8
3851,62.72677417006263,2,2,324,0.006134969325153374,0.006134969325153374,0.9938650306748467,326,9750,6800,2950,0.6974358974358974,127,68,59,198.45362973390755,0.46398733679408527,0.8567020312476494,0.11177600944291961,2035681.5433828833,5847.678253330346,2041529.2216362136,3850,0,1213.70245398773,84,242,48,40.176896435614935,0.5148261758691206,45.23284313725487,15980.721914478161,190.24668945807335,8
3852,62.8192964302351,4,0,328,0.012195121951219513,0.0,1.0,328,9350,6500,2850,0.6951871657754011,122,65,57,190.2312712807888,0.46455268236742,0.8521480026089976,0.10800640091940551,2043596.7412359419,2801.201214117158,2046397.942450059,3851,0,1207.2713414634147,92,236,55,40.07377157159796,0.5171811483739837,44.92607526881717,16023.564489311453,174.16917923164624,0
3853,63.132779163318794,4,0,332,0.012048192771084338,0.0,1.0,332,9800,7200,2600,0.7346938775510204,124,72,52,182.84031470853378,0.465266845326927,0.8491410615536867,0.1048003206302106,2059619.3170821366,-883.7111769852927,2058735.6059051515,3852,0,1193.7138554216867,77,255,56,39.89424853174397,0.5198606927710843,44.56463675213676,16126.344378429487,209.43304387570763,0
3854,63.21935834951886,2,4,330,0.005988023952095809,0.011976047904191617,0.9880239520958084,334,11150,8700,2450,0.7802690582959642,136,87,49,180.99483340369744,0.46562842782902664,0.8465072066945236,0.10569647557333073,2073818.1600466513,-2879.9255225603792,2070938.2345240908,3853,0,1187.559880239521,102,232,57,39.22526684302655,0.5269461077844311,43.86124595469251,16192.927679189232,158.75419293322776,8
3855,63.26832146088169,1,1,330,0.0030211480362537764,0.0030211480362537764,0.9969788519637462,331,9500,6400,3100,0.6736842105263158,126,64,62,177.50213112126193,0.4649714669352132,0.8424395493053589,0.10421043484195983,2078652.0430485427,-1906.9664998636626,2076745.076548679,3854,0,1199.1963746223564,82,249,57,39.1120971032232,0.528417673716012,43.66214859437752,16218.065585322682,197.78128762588636,0
3856,63.73838406159731,3,0,333,0.009009009009009009,0.0,1.0,333,9750,6900,2850,0.7076923076923077,126,69,57,171.6209165490632,0.46567086664978236,0.8377456231665683,0.10136419514369713,2097748.200295826,-4346.506235216325,2093401.6940606097,3855,0,1192.6996996996997,86,247,60,39.03556872627718,0.5305618118118118,43.43869731800767,16352.802845688573,190.14887029870434,0
3857,64.16386697778016,2,7,328,0.005970149253731343,0.020895522388059702,0.9791044776119403,335,9700,6000,3700,0.6185567010309279,134,60,74,167.41502536458515,0.4663311436827837,0.8347272597824038,0.09942511077450397,2115108.0304301865,-5879.8270873384545,2109228.203342848,3856,0,1186.5731343283583,90,245,48,38.936256371390755,0.532276119402985,43.23489010989012,16475.04235552415,183.05602617249056,0
3858,63.682635953411975,0,0,328,0.0,0.0,1.0,328,10100,7500,2600,0.7425742574257426,127,75,52,169.83085849547692,0.46509538704905395,0.8349139891750308,0.10128708750356274,2101799.3090343084,-4309.923792300532,2097489.3852420077,3857,1,1211.371951219512,89,239,53,38.715387272126655,0.5343940548780488,43.07870370370371,16361.42538071576,183.83624023276136,0
3859,63.61691381080991,3,0,331,0.00906344410876133,0.0,1.0,331,10900,8000,2900,0.7339449541284404,138,80,58,167.14854523391077,0.4659773719063749,0.8330462206259215,0.10046109929479094,2104282.13435949,-6754.460496020264,2097527.67386347,3858,0,1201.3836858006043,96,235,57,38.49508719190569,0.5366943605236656,42.79424398625431,16362.63641197075,170.44412929136197,0
3860,63.272972678329886,0,1,330,0.0,0.0030211480362537764,0.9969788519637462,331,9550,6800,2750,0.7120418848167539,123,68,55,169.31776455218565,0.4660059812627788,0.8349049612346677,0.10207273720098246,2094707.593684822,-4815.758569360205,2089891.8351154618,3859,1,1202.3836858006043,83,248,60,38.32670682730924,0.5381419939577039,42.68353174603171,16281.177865517495,196.1587694640662,0
3861,63.78735175911362,3,1,332,0.009009009009009009,0.003003003003003003,0.996996996996997,333,11750,9100,2650,0.774468085106383,144,91,53,166.37719691318972,0.4662399598393574,0.8330465720193807,0.10109023980760383,2116441.681028807,-7924.473136038261,2108517.207892769,3860,0,1195.8168168168168,86,247,56,38.11110465566653,0.5403215715715716,42.39703065134097,16431.811220034946,191.06757232598775,0
3862,63.76658926204393,3,2,333,0.008955223880597015,0.005970149253731343,0.9940298507462687,335,12150,9400,2750,0.7736625514403292,149,94,55,181.4870713543778,0.46640785592993117,0.8440581067861193,0.10809653945436647,2103774.631256518,-2788.4206767225714,2100986.2105797953,3861,0,1180.4119402985075,91,244,52,38.46535644495383,0.5324004975124378,43.12726449275366,16379.89821770844,179.99888151327957,8
3863,63.944815820212504,3,2,334,0.008928571428571428,0.005952380952380952,0.9940476190476191,336,8800,5900,2900,0.6704545454545454,117,59,58,184.16495280775206,0.46684860666903577,0.8472126893158252,0.11057997567424431,2114536.452619767,1884.7012013989606,2116421.1538211657,3862,0,1177.6904761904761,93,243,57,38.09406465003375,0.5346912202380952,42.83023049645393,16444.673545430927,176.82444672506372,0
3864,64.17764689248887,0,4,330,0.0,0.011976047904191617,0.9880239520958084,334,8950,6000,2950,0.6703910614525139,119,60,59,187.45050698983425,0.4665468237698777,0.8494708850209798,0.11296816533043853,2124465.811053577,3896.4386729119833,2128362.2497264887,3863,1,1185.7305389221558,78,256,55,37.87195517747939,0.5358969560878244,42.69514767932487,16513.219955960158,211.70794815333537,0
3865,64.03170754959584,2,0,332,0.006024096385542169,0.0,1.0,332,10900,7400,3500,0.6788990825688074,144,74,70,186.1891289809602,0.46631844598939565,0.8471808673360044,0.11286306462511982,2123140.915927853,1761.1515680886796,2124902.0674959417,3864,0,1188.4246987951808,82,250,53,37.68773250808191,0.5377761044176708,42.48242971887549,16489.28974912338,201.08889937955342,0
3866,63.60652492721821,2,3,331,0.005988023952095809,0.008982035928143712,0.9910179640718563,334,9250,6800,2450,0.7351351351351352,117,68,49,182.15840442302903,0.4665149805494117,0.8442996840107251,0.1110500571814809,2112437.280035387,909.6408749937555,2113346.920910381,3865,0,1182.302395209581,88,246,48,37.580608537692974,0.5395147205588822,42.275280898876396,16392.97376986589,186.28379283938511,0
3867,64.11133671312412,1,1,331,0.0030120481927710845,0.0030120481927710845,0.9969879518072289,332,9900,7200,2700,0.7272727272727273,126,72,54,183.72527528695377,0.4661550279668523,0.8457736777339833,0.1097746878559083,2117061.237589018,1491.5317350764271,2118552.7693240945,3866,0,1189.8403614457832,85,247,52,38.289608568600634,0.5329442771084337,43.01114341085272,16475.899116307613,193.83410725067782,8
3868,63.79084168739894,0,1,330,0.0,0.0030211480362537764,0.9969788519637462,331,9600,7300,2300,0.7604166666666666,119,73,46,213.49166150496475,0.46602352833470656,0.867146028158359,0.12615652114257953,2099774.8240261446,13856.88319352816,2113631.707219673,3867,1,1193.404833836858,78,253,39,37.94259725576853,0.5310611782477341,43.42035864978906,16367.431281581052,209.83886258437246,8
3869,64.04325819663218,0,0,330,0.0,0.0,1.0,330,11000,8600,2400,0.7818181818181819,134,86,48,216.2460631117986,0.4659645466826318,0.8670383676397413,0.1284236823786407,2111125.6196427993,14304.520796443125,2125430.1404392426,3868,2,1197.2242424242424,84,246,41,37.682858438335266,0.5328598484848485,43.235294117647086,16444.048354606,195.76248041197618,0
3870,63.900779769540044,1,3,328,0.0030211480362537764,0.00906344410876133,0.9909365558912386,331,10550,7400,3150,0.7014218009478673,137,74,63,212.36484414292744,0.46615551283225004,0.8642810415838507,0.12675980465490902,2109502.9761122596,12846.854148225188,2122349.830260485,3869,0,1194.6042296072508,91,240,44,37.59125025704302,0.5347117321248741,43.04800724637684,16419.43270029389,180.43332637685594,0
3871,63.70017389831629,3,0,331,0.00906344410876133,0.0,1.0,331,9200,6000,3200,0.6521739130434783,124,60,64,207.40406495221572,0.46616733803289695,0.8630184384304493,0.1245505423558924,2106528.10453187,11980.498363199968,2118508.6028950703,3870,0,1192.700906344411,97,234,49,37.49134635255218,0.5368202416918428,42.82525510204084,16382.07597225529,168.88738115727102,0
3872,63.30217556806581,1,2,330,0.0030120481927710845,0.006024096385542169,0.9939759036144579,332,11000,8100,2900,0.7363636363636363,139,81,58,210.51822646931177,0.46616943605236655,0.8656835434222456,0.12734144468248507,2097694.7949624322,10920.597581879058,2108615.3925443115,3871,0,1190.105421686747,76,256,49,37.13993256262042,0.5387801204819277,42.55952380952379,16296.542222135888,214.42818713336695,0
3873,62.920992546511,0,2,328,0.0,0.006060606060606061,0.9939393939393939,330,11700,8600,3100,0.7350427350427351,148,86,62,210.02805323157085,0.46601290258205147,0.8646265454784494,0.12785741391804198,2088827.6229300604,10042.479836065435,2098870.102766126,3872,1,1197.9121212121213,81,249,43,36.915384868204804,0.540625,42.3272357723577,16213.026077406266,200.16081577044773,0
3874,63.203702250580875,0,2,326,0.0,0.006097560975609756,0.9939024390243902,328,11600,8200,3400,0.7068965517241379,150,82,68,219.17363772142383,0.4656303221575793,0.8692543398165211,0.13407700644723566,2101095.4957513423,14900.948600783391,2115996.4443521257,3873,2,1206.1189024390244,83,245,44,36.498911893425664,0.5424606199186992,42.1502976190476,16297.055814686502,196.3500700564639,0
3875,63.57881053441342,1,1,326,0.0030581039755351682,0.0030581039755351682,0.9969418960244648,327,10750,8200,2550,0.7627906976744186,133,82,51,178.39239069500462,0.4655470816682614,0.8376095688641982,0.10757724497063208,2105021.3513511284,-1046.0417336884902,2103975.3096174398,3874,0,1210.691131498471,85,242,49,38.08146034361026,0.5396279306829765,42.671996124031004,16360.608403629012,192.4777459250472,8
3876,63.6799747161773,3,2,327,0.00911854103343465,0.0060790273556231,0.993920972644377,329,10100,7000,3100,0.693069306930693,132,70,62,173.3601967836421,0.4659749765240813,0.8348820829413801,0.1053597415235178,2113030.036072843,-2636.9394273331254,2110393.09664551,3875,0,1204.310030395137,90,239,46,37.92185069984448,0.5417299898682877,42.38782051282051,16404.73707632291,182.27485640358788,0
3877,63.83782136810879,1,1,327,0.003048780487804878,0.003048780487804878,0.9969512195121951,328,10200,7800,2400,0.7647058823529411,126,78,48,172.6788060350346,0.4660803746798936,0.8331428391669988,0.10536487482620374,2120651.524275522,-2561.6853543456346,2118089.8389211767,3876,0,1203.2225609756097,93,235,49,37.79198910862711,0.543381605691057,42.242907801418426,16454.65120813612,176.93173342081852,0
3878,63.7983899898086,0,0,327,0.0,0.0,1.0,327,10300,7100,3200,0.6893203883495146,135,71,64,171.61728367245593,0.4656385433669162,0.831457357368371,0.10503437410445297,2121145.346201898,-2894.959482072013,2118250.386719826,3877,1,1207.8256880733945,95,232,50,37.70780734974402,0.544947757390418,42.13324652777777,16451.483703426627,173.1735126676487,0
3879,64.14526445129904,1,0,328,0.003048780487804878,0.0,1.0,328,9750,6800,2950,0.6974358974358974,127,68,59,170.99519270402627,0.46582941746848666,0.8325759248539404,0.10509133121524153,2135175.2427716292,-2329.059581079673,2132846.1831905497,3878,0,1205.1402439024391,98,230,53,37.57034499632989,0.5464303861788617,41.98232323232324,16550.61210937245,168.88379703441277,0
3880,64.17466347167348,2,2,328,0.006060606060606061,0.006060606060606061,0.9939393939393939,330,9500,6500,3000,0.6842105263157895,125,65,60,170.10190881084011,0.46593115808541335,0.8337879306825531,0.1051462681209698,2139592.0216749366,-2710.2626073300144,2136881.7590676066,3879,0,1198.830303030303,105,225,59,37.38230359883798,0.5485164141414142,41.77476415094338,16571.517610506646,157.82397724292045,0
3881,64.18137523889415,3,0,331,0.00906344410876133,0.0,1.0,331,9250,6700,2550,0.7243243243243244,118,67,51,163.37060779204938,0.4660826543379413,0.8271924942964346,0.10152152123390468,2142966.3056086637,-5430.458434966575,2137535.8471736973,3880,0,1194.8942598187311,88,243,62,37.362991983332535,0.5506986404833837,41.58473782771533,16585.446908936476,188.47098760155086,0
3882,64.15334929372449,1,0,332,0.0030120481927710845,0.0,1.0,332,10000,6900,3100,0.69,131,69,62,162.21822753158577,0.4662122811487643,0.8234270556893679,0.10134879195582515,2145217.9568374343,-6801.309074581245,2138416.647762853,3881,0,1192.2921686746988,94,238,55,37.1974595434951,0.5525225903614458,41.39254385964908,16590.53446373322,176.49504748652362,0
3883,64.05005749348759,0,1,331,0.0,0.0030120481927710845,0.9969879518072289,332,10850,8000,2850,0.7373271889400922,137,80,57,161.62896527650238,0.4658408937866269,0.8234994248601399,0.10157548088993351,2145229.295367356,-7903.761741787456,2137325.5336255683,3882,1,1193.2921686746988,96,236,50,37.0001936295866,0.5543109939759037,41.18341924398623,16577.2168776904,172.67934247594167,0
3884,64.09754493823765,2,4,329,0.006006006006006006,0.012012012012012012,0.987987987987988,333,9250,5900,3350,0.6378378378378379,126,59,67,173.3040180150241,0.46560792720431277,0.8413734300495326,0.10897284064714345,2147145.39323673,-1428.2152179251188,2145717.1780188046,3883,0,1190.3723723723724,86,247,50,36.6780576371542,0.5576826826826826,41.16379310344828,16590.765403194713,192.91587678133388,8
3885,64.31891590454627,0,1,328,0.0,0.00303951367781155,0.9969604863221885,329,10200,6800,3400,0.6666666666666666,136,68,68,171.06771799906645,0.4651343996342699,0.835977745290857,0.1079444770780133,2156631.858236501,-2213.9818894794234,2154417.8763470217,3884,1,1204.3951367781156,92,237,52,36.609447087658594,0.5592071935157041,41.039426523297486,16656.063348041072,181.0441668265334,0
3886,64.3415607708012,0,1,327,0.0,0.003048780487804878,0.9969512195121951,328,10150,7700,2450,0.7586206896551724,126,77,49,175.5929233861241,0.4646769955371572,0.8387753263077058,0.11152321619049059,2161224.5039145257,149.14574721547888,2161373.649661741,3885,2,1208.9817073170732,95,233,56,36.25825937399701,0.5609438516260163,40.80946180555556,16676.72376445453,175.54446067846874,0
3887,64.11297778209256,2,0,329,0.0060790273556231,0.0,1.0,329,10750,7100,3650,0.6604651162790698,144,71,73,177.86360719970347,0.4648181697432476,0.8408161093649109,0.11352730797634171,2156449.398408104,160.77374889832572,2156610.1721570026,3886,0,1204.9908814589667,105,224,54,36.0216645196327,0.5627532928064842,40.63482704402513,16628.673571174833,158.3683197254746,0
3888,63.78466590652909,1,2,328,0.0030303030303030303,0.006060606060606061,0.9939393939393939,330,11850,8600,3250,0.7257383966244726,151,86,65,176.89578658186133,0.4646973150962513,0.8381709843199174,0.11359144081855567,2148899.645212085,-1823.7413949442598,2147075.9038171405,3887,0,1202.3363636363636,87,243,54,35.831974782251805,0.5646780303030303,40.42376893939397,16556.983175476948,190.31015144226376,0
3889,63.62170283336651,2,5,325,0.006060606060606061,0.015151515151515152,0.9848484848484849,330,9550,6900,2650,0.7225130890052356,122,69,53,177.91525374784607,0.46477176783027846,0.8366840042213186,0.11245586793495818,2134243.490417099,392.89443144856705,2134636.3848485476,3888,0,1203.2575757575758,96,234,53,36.37100953565503,0.5601957070707071,40.97938144329894,16479.332821529042,171.6597168909275,8
3890,63.832995298544176,1,0,326,0.003067484662576687,0.0,1.0,326,9500,6900,2600,0.7263157894736842,121,69,52,177.0535461717438,0.46397396570709454,0.8365222354117294,0.1125409322218091,2144608.644204975,1242.11312141274,2145850.757326388,3889,0,1217.9018404907974,99,227,59,36.19169010782932,0.5620526584867076,40.781249999999986,16546.709250044412,167.13847727317588,0
3891,63.96688355060185,1,2,325,0.0030581039755351682,0.0061162079510703364,0.9938837920489296,327,8650,6500,2150,0.7514450867052023,108,65,43,175.64232834954228,0.4639121060893166,0.837159033688269,0.11214087117701574,2151698.5389653197,1535.8682580356945,2153234.4072233555,3890,0,1215.1743119266055,96,231,56,36.06927710843371,0.5637423547400612,40.62500000000001,16591.410420937405,172.82719188476463,0
3892,63.80631863508681,1,0,326,0.003067484662576687,0.0,1.0,326,10150,7400,2750,0.729064039408867,129,74,55,171.46042806263551,0.4636976954538304,0.8327969746797859,0.1100267136707474,2149237.0344709065,-1648.1796123090571,2147588.8548585973,3891,0,1219.840490797546,87,239,61,35.99714393213847,0.5656633435582822,40.44744318181821,16561.093142892525,190.35739244704052,0
3893,63.86483045738071,3,0,329,0.00911854103343465,0.0,1.0,329,8950,6400,2550,0.7150837988826816,115,64,51,164.40622900821222,0.46375711999901154,0.8271037519477107,0.10633579885232428,2155774.495494117,-3865.448920746073,2151909.046573371,3892,0,1209.70820668693,91,238,53,35.90036895009006,0.5676608409321175,40.172101449275374,16593.864689039605,182.35016141801765,0
3894,63.41048806433743,0,0,329,0.0,0.0,1.0,329,9650,6600,3050,0.6839378238341969,127,66,61,164.00811668992603,0.4635833673116367,0.8282503139578627,0.10669394117352744,2143749.539405004,-5131.535077457515,2138618.004327547,3893,1,1210.70820668693,93,236,55,35.70650436820796,0.5692755825734549,39.97118794326243,16488.553883307697,177.29627831513653,0
3895,63.637168838190036,0,1,328,0.0,0.00303951367781155,0.9969604863221885,329,9600,6100,3500,0.6354166666666666,131,61,70,160.71655159006323,0.4632914627968468,0.824505961053094,0.1049545975645257,2153610.3312925487,-6175.83481718492,2147434.4964753636,3894,2,1211.70820668693,97,232,56,35.65720842185543,0.5708270010131713,39.83843537414968,16555.945413303074,170.67984962168117,0
3896,63.736839884164304,0,2,326,0.0,0.006097560975609756,0.9939024390243902,328,9300,6800,2500,0.7311827956989247,118,68,50,160.30680421019022,0.4628756200119341,0.8246430483841962,0.10496060968967227,2158477.4466732377,-5696.275712807856,2152781.17096043,3895,3,1216.3628048780488,100,228,61,35.576338802145294,0.5721227134146342,39.74834983498352,16587.61775615734,165.8761775615734,0
3897,63.28304145990734,0,0,326,0.0,0.0,1.0,326,11300,8500,2800,0.7522123893805309,141,85,56,171.98812406427845,0.46212678936605317,0.836471625594114,0.11106419591523643,2135232.4815718196,-3053.0742106694206,2132179.4073611503,3896,4,1224.4969325153374,88,238,50,35.75927386047914,0.5695935582822086,40.22705992509365,16439.221736922398,186.8093379195727,8
3898,63.6210036627483,2,0,328,0.006097560975609756,0.0,1.0,328,9900,6600,3300,0.6666666666666666,132,66,66,171.14024695128873,0.4618653812684916,0.836390508849534,0.11123426896476982,2150354.3967548776,-1897.5635013156489,2148456.833253562,3897,0,1218.0243902439024,96,232,53,35.552538102515385,0.5713922764227642,40.00214776632304,16541.324309265558,172.30546155484956,0
3899,63.423271936817656,0,1,327,0.0,0.003048780487804878,0.9969512195121951,328,9750,6700,3050,0.6871794871794872,128,67,61,173.55098098899035,0.4615297357102011,0.8376066900533079,0.11327546077011234,2146066.928211833,-859.595868160407,2145207.3323436724,3898,1,1219.0243902439024,98,230,53,35.34209337755489,0.5729166666666667,39.856902356902395,16499.126424304533,168.35843290106666,0
3900,63.87218487749021,0,0,327,0.0,0.0,1.0,327,10050,7300,2750,0.7263681592039801,128,73,55,174.22135404602432,0.4612964578525731,0.8388836300857911,0.11427952430862558,2164106.5425932556,-43.28556990800462,2164063.2570233475,3899,2,1223.5810397553516,101,226,56,35.15022230940238,0.5744457186544343,39.68545751633989,16626.85858381574,164.62236221599744,0
3901,64.13089467588186,0,0,327,0.0,0.0,1.0,327,10600,7700,2900,0.7264150943396226,135,77,58,174.31829403662798,0.4607449516269238,0.8388314389587135,0.11510330102418505,2176673.8037478873,-113.18717129053675,2176560.6165765966,3900,3,1224.5810397553516,82,245,52,34.91610468850351,0.5764844546381244,39.457831325301186,16708.802377902855,203.76588265735188,0
3902,64.53599230344139,0,2,325,0.0,0.0061162079510703364,0.9938837920489296,327,11000,7500,3500,0.6818181818181818,145,75,70,187.1468354457442,0.4604717391168396,0.8403988953290031,0.11973963581638765,2172087.687451966,4899.867403460446,2176987.554855427,3901,4,1225.5810397553516,83,244,52,35.69508173214802,0.5667048929663608,40.550595238095255,16743.824788846818,201.73282878128697,8
3903,64.18850432274269,1,1,325,0.003067484662576687,0.003067484662576687,0.9969325153374233,326,9600,7200,2400,0.75,120,72,48,180.63901818124728,0.46037616013843,0.8328654975189089,0.11620119711818205,2163538.8693999196,3363.907433074528,2166902.776832994,3902,0,1228.8803680981596,90,236,55,35.671641242688786,0.5684112985685071,40.36172161172165,16665.79275467569,185.17547505195213,0
3904,64.43176440290473,0,3,322,0.0,0.009230769230769232,0.9907692307692307,325,9550,7100,2450,0.743455497382199,120,71,49,179.47784190778393,0.46000079138968025,0.8299480455712662,0.11565795559960852,2172767.8598923725,3442.7372920161906,2176210.597184389,3903,1,1233.5261538461539,92,233,41,35.63914287357317,0.5693589743589744,40.30017921146956,16732.917668523336,181.87953987525364,0
3905,64.8967191935329,1,3,320,0.0030959752321981426,0.009287925696594427,0.9907120743034056,323,10250,7400,2850,0.7219512195121951,131,74,57,182.9398778685737,0.4598032004563839,0.8322347193374338,0.11846106845588068,2191289.5196007327,5324.847418089383,2196614.367018822,3904,0,1241.092879256966,94,229,45,35.37754922644164,0.5707881836945304,40.131578947368446,16864.607948319564,179.41072285446344,0
3906,65.19705648787283,1,1,320,0.003115264797507788,0.003115264797507788,0.9968847352024922,321,11150,8300,2850,0.7443946188340808,140,83,57,183.93173103981295,0.4595798448857736,0.8312846314726479,0.11966348193763054,2204190.267208583,5734.106277757144,2209924.3734863405,3905,0,1243.1214953271028,99,222,51,35.1859502063054,0.5725272585669782,39.96875000000002,16953.272094862314,171.2451726753769,0
3907,64.648327958813,1,2,319,0.003115264797507788,0.006230529595015576,0.9937694704049844,321,9750,6800,2950,0.6974358974358974,127,68,59,182.4733307324897,0.4594415238836968,0.8298903763058061,0.11924804308019939,2188246.010267307,5909.307591112278,2194155.3178584194,3906,0,1244.0716510903426,103,218,57,35.06599588097165,0.5741497923156802,39.81370192307695,16820.609128466564,163.30688474239383,0
3908,65.03013870879279,0,1,318,0.0,0.003134796238244514,0.9968652037617555,319,9450,7300,2150,0.7724867724867724,116,73,43,181.97962722020503,0.4590496704192215,0.8288734546458194,0.11924572999887202,2202739.9959627395,6920.7606656679545,2209660.7566284076,3907,1,1252.6426332288402,105,214,58,34.98436280802438,0.575169801462905,39.720911949685565,16925.985198910246,161.19985903724043,0
3909,64.8123165875182,0,0,318,0.0,0.0,1.0,318,10000,7600,2400,0.76,124,76,48,180.0327032665783,0.458786555363768,0.8277941340001986,0.11848338332539551,2197883.054952267,5538.165569372028,2203421.220521639,3908,2,1257.2075471698113,87,231,56,34.88293145766102,0.576749213836478,39.5714962121212,16878.974635913597,194.01120271165055,0
3910,64.8620662125676,0,0,318,0.0,0.0,1.0,318,9700,6900,2800,0.711340206185567,125,69,56,180.80334691270824,0.4584236470712722,0.8255266325362669,0.11942154475187214,2201665.785889683,6313.708574410068,2207979.494464093,3909,3,1258.2075471698113,91,227,53,34.73658670838404,0.5781905136268344,39.44746376811593,16899.975856924804,185.7140204057671,0
3911,65.10583547987319,0,0,318,0.0,0.0,1.0,318,9850,6800,3050,0.6903553299492385,129,68,61,183.02945714255242,0.45824343293057956,0.8289263644706151,0.12125240670154462,2211669.1986833774,7510.122562784007,2219179.3212461616,3910,4,1259.2075471698113,91,227,58,34.574817557881964,0.5796318134171907,39.345561594202884,16970.124983946473,186.48488993347772,0
3912,64.81430723180397,0,3,315,0.0,0.009433962264150943,0.9905660377358491,318,9650,6500,3150,0.6735751295336787,128,65,63,180.5273361449616,0.4580888455713615,0.8275445509364483,0.12012187888526028,2204302.127301381,6337.3582200778055,2210639.4855214586,3911,5,1260.2075471698113,93,225,47,34.48724417534167,0.5808110587002097,39.19547872340424,16903.86436946476,181.76198246736303,0
3913,65.16609223593095,0,0,315,0.0,0.0,1.0,315,8200,6200,2000,0.7560975609756098,102,62,40,187.10707773385832,0.4576416270683787,0.8353047062619157,0.12241170142817065,2206419.551530427,11367.342908342427,2217786.894438769,3912,6,1269.304761904762,102,213,50,34.90650058943168,0.5730820105820106,39.77548543689323,16957.814718069927,166.2530854712738,8
3914,65.53310597901175,2,1,316,0.006309148264984227,0.0031545741324921135,0.9968454258675079,317,10300,7900,2400,0.7669902912621359,127,79,48,183.93148386591236,0.45786538819896444,0.8385879177987297,0.1129316271502386,2180776.2197462395,6522.681215483176,2187298.9009617227,3913,0,1262.2902208201892,94,223,51,37.27243426272245,0.5493888012618297,42.017543859649095,16906.391638971185,179.85523020182112,8
3915,65.85352612836935,2,2,316,0.006289308176100629,0.006289308176100629,0.9937106918238994,318,9650,6500,3150,0.6735751295336787,128,65,63,196.6365446518896,0.4579598849936181,0.8511637705424993,0.12214790037305004,2198570.12834575,13213.846642553677,2211783.9749883036,3914,0,1259.2924528301887,75,243,49,36.51701099736556,0.5514609538784068,41.598135964912274,17016.673904853964,226.88898539805285,0
3916,65.73830251383713,0,0,316,0.0,0.0,1.0,316,10800,7600,3200,0.7037037037037037,140,76,64,195.91880874619795,0.45742687194427706,0.8500497527205904,0.12254921404226457,2198936.797639449,12162.615580339985,2211099.413219789,3915,1,1267.6772151898733,78,238,53,36.28277511555194,0.553632647679325,41.35021097046413,17003.198076363766,217.9897189277406,0
3917,65.20793017884523,0,3,313,0.0,0.00949367088607595,0.990506329113924,316,8950,6400,2550,0.7150837988826816,115,64,51,192.61724723088057,0.45761712209497024,0.8476071471565962,0.1208677787881053,2183106.1066466817,11950.777735041895,2195056.8843817236,3916,2,1268.6772151898733,79,237,46,36.252757090860285,0.5550501054852321,41.23697916666667,16873.400995367097,213.58735437173542,0
3918,64.78689150693809,0,0,313,0.0,0.0,1.0,313,8800,6300,2500,0.7159090909090909,113,63,50,191.10846875412878,0.4573387707872532,0.8442032977121663,0.12048142595368981,2171786.34236826,11609.352470225664,2183395.6948384857,3917,3,1270.741214057508,83,230,49,36.12308429118773,0.5565761448349308,41.07142857142857,16775.17726518932,202.1105694601123,0
3919,64.71571942696986,1,0,314,0.0031847133757961785,0.0,1.0,314,9800,7100,2700,0.7244897959183674,125,71,54,193.86655912738763,0.45747356246989956,0.8468826514570584,0.12276387343894102,2172033.405219739,11616.928515938513,2183650.3337356774,3918,0,1267.6910828025477,89,225,50,35.89154753927483,0.5583200636942676,40.91435185185185,16766.914113110157,188.3922934057321,0
3920,65.03392590550602,0,1,313,0.0,0.0031847133757961785,0.9968152866242038,314,10550,7600,2950,0.7203791469194313,135,76,59,192.61012984145728,0.45712274373740863,0.8477597666922412,0.12282076518954704,2186851.614920672,10891.954698774116,2197743.569619446,3919,1,1268.6910828025477,94,220,51,35.67387918763121,0.5600782908704883,40.6688596491228,16865.3221665693,179.41832092095,0
3921,64.8753459188083,1,1,313,0.0031847133757961785,0.0031847133757961785,0.9968152866242038,314,9550,6800,2750,0.7120418848167539,123,68,55,188.72726010920115,0.45682873432232424,0.8442958718378246,0.12086257956235229,2184055.250550404,10088.152672698241,2194143.4032231024,3920,0,1269.5509554140128,77,237,55,35.62103276719849,0.5617038216560509,40.518162393162385,16833.973974391585,218.62303862846215,0
3922,64.6753404622894,0,1,312,0.0,0.003194888178913738,0.9968051118210862,313,9900,7300,2600,0.7373737373737373,125,73,52,193.6875193716578,0.456578875508588,0.8459985748962535,0.12121439840203942,2163680.4234278523,11315.57878535237,2174996.0022132047,3921,1,1273.3578274760384,80,233,44,36.32223409896923,0.5547124600638977,41.33230452674899,16729.42127132841,209.11776589160513,8
3923,64.94602033570273,1,0,313,0.003194888178913738,0.0,1.0,313,9600,6900,2700,0.71875,123,69,54,186.46031748467036,0.4565464487589088,0.8413772591130069,0.1147539078642431,2162662.5515140584,8450.14919350288,2171112.7007075613,3922,0,1273.8785942492013,93,220,51,37.120691629451535,0.5486222044728435,41.93262411347515,16760.449042307504,180.2198821753495,8
3924,65.24731322855772,2,0,315,0.006349206349206349,0.0,1.0,315,9550,7500,2050,0.7853403141361257,116,75,41,185.0446626376375,0.4570623967916962,0.8418763569478653,0.11442557710041601,2175580.095146466,7965.896949506946,2183545.992095973,3923,0,1266.784126984127,98,217,57,36.98279550177238,0.5505621693121694,41.76136363636362,16849.377194533685,171.93242035238453,0
3925,65.61119645326083,0,1,314,0.0,0.0031746031746031746,0.9968253968253968,315,10700,8300,2400,0.7757009345794392,131,83,48,179.30659528764818,0.4567919489097833,0.837155910556584,0.11157993272471409,2191553.528898585,4892.000331487599,2196445.5292300726,3924,1,1267.784126984127,78,237,52,36.90035880692448,0.5523809523809524,41.53481012658229,16958.210349114244,217.41295319377235,0
3926,66.02133638001193,0,0,314,0.0,0.0,1.0,314,10700,8800,1900,0.822429906542056,126,88,38,172.36014319871651,0.4566318094869864,0.8308676921261073,0.10293920014753491,2179859.9474939657,1644.1945406422205,2181504.142034608,3925,2,1272.7611464968154,97,217,53,38.598024211339094,0.5403065286624205,43.02721088435377,16965.686950714124,174.90398918261982,8
3927,65.99082997958466,2,1,315,0.006329113924050633,0.0031645569620253164,0.9968354430379747,316,11350,8900,2450,0.7841409691629956,138,89,49,173.59812512329324,0.45703109302792844,0.8342384366005364,0.10441416643445284,2183262.535068839,1252.056547976802,2184514.591616816,3926,0,1265.6993670886077,105,211,56,38.301784077017125,0.5425896624472574,42.76729559748431,16974.999661415422,161.66666344205163,0
3928,65.98596369978218,1,3,313,0.0031645569620253164,0.00949367088607595,0.990506329113924,316,9150,6900,2250,0.7540983606557377,114,69,45,174.4842926628896,0.4571853442502177,0.834453708903963,0.10544115623205172,2186020.5386482626,3935.2494865174285,2189955.7881347802,3927,0,1257.110759493671,82,234,57,38.10407524784659,0.5444686181434599,42.59538152610439,16985.091810774604,207.13526598505615,0
3929,65.62552022927012,2,0,315,0.006349206349206349,0.0,1.0,315,9950,6600,3350,0.6633165829145728,133,66,67,175.06505180752933,0.4574352104606882,0.8331731736988119,0.10642781529438669,2177771.8891939297,3300.3497213428236,2181072.2389152725,3928,0,1259.9968253968254,87,228,56,37.866813698462245,0.546494708994709,42.376893939393916,16906.65035830759,194.32931446330562,0
3930,65.36109102118742,0,4,311,0.0,0.012698412698412698,0.9873015873015873,315,9200,6600,2600,0.717391304347826,118,66,52,175.0795193549213,0.4573016715532639,0.8325612350813301,0.10691045736146207,2171715.307564694,3844.574444830201,2175559.8820095244,3929,1,1260.9968253968254,92,223,48,37.70222318777605,0.5482804232804233,42.21550179211469,16849.076051216674,183.1421309914856,0
3931,65.47155045305784,1,2,310,0.003205128205128205,0.00641025641025641,0.9935897435897436,312,10300,8200,2100,0.7961165048543689,124,82,42,179.95728929112926,0.4567436515788606,0.8355281656754447,0.11045800013442147,2178542.608301724,5708.92447904044,2184251.532780764,3930,0,1263.8589743589744,94,218,50,37.386123744350456,0.5502136752136753,42.02850877192981,16889.79350338906,179.678654291373,0
3932,65.7485550567665,0,1,309,0.0,0.0032258064516129032,0.9967741935483871,310,8700,6700,2000,0.7701149425287356,107,67,40,180.75676687954186,0.4563380833072346,0.8354743051495996,0.11127723883963617,2189570.6579606603,8455.942597455705,2198026.600558116,3931,1,1272.8806451612904,97,213,52,37.25683003844039,0.5512096774193549,41.921768707482975,16968.27079908887,174.9306267947306,0
3933,65.33755716733324,1,0,310,0.0032258064516129032,0.0,1.0,310,9050,6600,2450,0.7292817679558011,115,66,49,184.35631744269816,0.4563894108640429,0.8402375540442621,0.11406903365003229,2178956.6602586946,9290.885150506236,2188247.5454092007,3932,0,1273.6967741935484,99,211,55,36.978389397545,0.5532258064516129,41.73958333333332,16874.10473801756,170.44550240421776,0
3934,64.95058703509704,2,0,312,0.00641025641025641,0.0,1.0,312,11250,8200,3050,0.7288888888888889,143,82,61,174.9899748928547,0.456781225094127,0.829209213550012,0.10842953518220547,2166918.1168915844,2187.7893739451774,2169105.9062655293,3933,0,1266.525641025641,97,215,56,37.167722821167004,0.5531183226495726,41.68792517006799,16777.520898457762,172.96413297379135,8
3935,65.34795003905643,2,1,313,0.006369426751592357,0.0031847133757961785,0.9968152866242038,314,9450,6600,2850,0.6984126984126984,123,66,57,199.2943927289704,0.45722152411767497,0.8512021205327911,0.11627134044716442,2143041.8545059697,13169.244997306283,2156211.099503276,3934,0,1259.4522292993631,91,223,50,38.79320666990874,0.5299562101910829,43.89719202898549,16735.79350015184,183.90981868298726,8
3936,65.25152240175464,1,0,314,0.0031847133757961785,0.0,1.0,314,10200,8200,2000,0.803921568627451,122,82,40,201.94292463306175,0.4576560730008208,0.8533097184603773,0.11849528005644629,2143471.171782296,13571.767459275303,2157042.9392415714,3935,0,1250.5414012738854,76,238,49,38.506205907707496,0.5320793524416136,43.682359307359334,16725.11627362087,220.06731938974832,0
3937,64.8612143268155,2,0,316,0.006329113924050633,0.0,1.0,316,8200,6100,2100,0.7439024390243902,103,61,42,180.47315070309983,0.4581518736186458,0.8374611263636147,0.103325836831115,2115291.339639208,4950.65854393342,2120241.9981831415,3936,0,1243.620253164557,84,232,50,39.998700415866914,0.5264042721518987,44.60784313725489,16565.045423662126,197.2029217102634,8
3938,64.59954286772152,3,0,319,0.009404388714733543,0.0,1.0,319,10800,7700,3100,0.7129629629629629,139,77,62,176.21571589146566,0.4590242043072232,0.8328996633070991,0.10021391372903428,2102547.497243949,-499.61751546974756,2102047.8797284793,3937,0,1232.9153605015674,101,218,49,40.36724139081238,0.5221068443051202,44.863153594771234,16481.723646489812,163.185382638513,7
3939,64.71812460313882,3,3,319,0.009316770186335404,0.009316770186335404,0.9906832298136646,322,10050,7500,2550,0.746268656716418,126,75,51,175.340135840518,0.45973818553562557,0.8343008387925104,0.10045806732600662,2111068.6389941056,-418.9876140238175,2110649.6513800817,3938,0,1222.4192546583852,88,234,54,40.10247216239745,0.5243918219461698,44.58099250936327,16530.239152788927,187.8436267362378,0
3940,64.46328123796404,6,7,318,0.018461538461538463,0.021538461538461538,0.9784615384615385,325,10200,7500,2700,0.7352941176470589,129,75,54,170.93839829766875,0.4605310224754669,0.8313582954723486,0.09874206301665249,2107865.709652976,-3136.9623530689723,2104728.7472999073,3939,0,1211.6307692307691,97,228,48,39.89943991853359,0.5272435897435898,44.27083333333331,16485.141191583356,169.94990919158099,0
3941,64.4980121726833,3,1,320,0.009345794392523364,0.003115264797507788,0.9968847352024922,321,10400,7800,2600,0.75,130,78,52,175.36409264696653,0.4604073370976116,0.8349297932949986,0.10161323326943814,2110930.317381753,-563.7240502757577,2110366.593331477,3940,0,1221.417445482866,97,224,53,39.66728984905136,0.528848650051921,44.15391156462584,16501.56412623808,170.11921779626888,0
3942,64.31609101788366,2,2,320,0.006211180124223602,0.006211180124223602,0.9937888198757764,322,9650,7000,2650,0.7253886010362695,123,70,53,158.6811045239779,0.46077620402082003,0.8192476091631742,0.09063908898378653,2096067.614799663,-7528.735145330583,2088538.8796543323,3941,0,1218.608695652174,86,236,64,40.644687270396595,0.5230978260869565,44.695881226053615,16420.16294030557,190.93212721285548,8
3943,64.43176001264965,6,3,323,0.018404907975460124,0.009202453987730062,0.99079754601227,326,10200,7500,2700,0.7352941176470589,129,75,54,154.128492983297,0.4615929290545855,0.8141779514794958,0.08881696382152805,2105331.245860015,-10501.693568990868,2094829.5522910242,3942,0,1204.5889570552147,96,230,51,40.42200518098436,0.5257860429447853,44.36211340206181,16471.198959418994,171.57498916061454,0
3944,64.88272026815527,3,1,325,0.009202453987730062,0.003067484662576687,0.9969325153374233,326,8650,5900,2750,0.6820809248554913,114,59,55,156.85120062107765,0.4615248938178386,0.8186020988656764,0.09075797410305775,2122639.1430501677,-7262.300385458387,2115376.8426647093,3943,0,1205.579754601227,97,229,55,40.19491481404528,0.5272558793456033,44.207057823129205,16596.541913830024,171.09837024567034,0
3945,64.56044796514406,0,0,325,0.0,0.0,1.0,325,10200,7100,3100,0.696078431372549,133,71,62,154.74005327992,0.4614969135802469,0.8158062832689723,0.0897979679270075,2113910.226223647,-9778.683793037937,2104131.542430609,3944,1,1209.9876923076922,98,227,58,40.13738127544101,0.528878205128205,44.097222222222186,16521.19796885781,168.58365274344703,0
3946,64.36685866419089,3,3,325,0.009146341463414634,0.009146341463414634,0.9908536585365854,328,8850,6200,2650,0.7005649717514124,115,62,53,155.76466042392158,0.4623010600805549,0.81967915777144,0.0909919351164167,2111658.721602012,-8665.639259690808,2102993.082342321,3945,0,1199.9115853658536,104,224,62,39.85928221017299,0.5309006605691057,43.84920634920633,16487.621931640806,158.53482626577699,0
3947,64.76251353027806,3,2,326,0.009146341463414634,0.006097560975609756,0.9939024390243902,328,12050,9200,2850,0.7634854771784232,149,92,57,162.70825445690414,0.46271886887446856,0.8294913924419591,0.0974892959637083,2140276.998561615,-8001.853101955106,2132275.14545966,3946,0,1186.844512195122,98,230,57,38.72515415677608,0.5432545731707317,42.90824915824918,16649.907992411878,169.89702033073345,7
3948,65.03456078476977,1,0,327,0.0030581039755351682,0.0,1.0,327,9100,6100,3000,0.6703296703296703,121,61,60,171.94371089297084,0.46288413913435017,0.8322343814132027,0.1008406020647251,2136024.2262816215,-1044.813595169815,2134979.412686452,3947,0,1180.119266055046,85,242,61,39.29465973534973,0.5379714576962283,43.70155038759692,16668.257100360177,196.09714235717854,7
3949,65.38272833917577,3,2,328,0.00909090909090909,0.006060606060606061,0.9939393939393939,330,10100,7200,2900,0.7128712871287128,130,72,58,165.85763315009154,0.4634851555064321,0.8276914089124003,0.09780362746387587,2150869.119908738,-4752.387711262565,2146116.732197475,3948,0,1170.3818181818183,90,240,56,39.24388983101273,0.5398358585858586,43.498168498168525,16770.78956758545,186.34210630650497,0
3950,65.28341962031249,1,3,326,0.00303951367781155,0.00911854103343465,0.9908814589665653,329,8700,5800,2900,0.6666666666666666,116,58,58,159.19535044009186,0.4631265908023822,0.8194740065121968,0.09447507365846586,2151563.4520910196,-5996.220450054879,2145567.2316409647,3949,0,1174.90273556231,95,234,52,39.174564684501924,0.5415716818642351,43.261718750000014,16760.752947441644,176.42897839412257,0
3951,65.21481156190399,0,2,324,0.0,0.006134969325153374,0.9938650306748467,326,10400,7700,2700,0.7403846153846154,131,77,54,166.29075129794307,0.4625764904829322,0.8262828454714162,0.09905144751225375,2151592.0280954046,-4042.029032269582,2147549.999063135,3950,1,1186.506134969325,94,232,53,38.85340632603409,0.5431045501022496,43.12500000000002,16752.05471996422,178.21334808472574,0
3952,64.74102317210775,1,2,323,0.003076923076923077,0.006153846153846154,0.9938461538461538,325,9350,6500,2850,0.6951871657754011,122,65,57,173.8656600880676,0.4625557929724597,0.8325050529069065,0.10524757266420844,2145820.940461188,266.9148488169658,2146087.855310005,3951,0,1190.56,88,237,56,38.05630057277935,0.5495192307692307,42.532771535580544,16668.691804073453,189.4169523190165,8
3953,64.92119058724299,2,2,323,0.006153846153846154,0.006153846153846154,0.9938461538461538,325,10750,8300,2450,0.772093023255814,132,83,49,165.9698367393201,0.46246715732826843,0.8236611031975407,0.10118860023681989,2156144.6221076846,-4179.005816484357,2151965.6162912003,3952,0,1191.4830769230769,97,228,49,37.99503546830539,0.5515384615384615,42.272534013605465,16731.973938870047,172.49457668938194,0
3954,64.45490342942853,1,1,323,0.0030864197530864196,0.0030864197530864196,0.9969135802469136,324,9950,7000,2950,0.7035175879396985,129,70,59,170.49590227419955,0.4623814722445183,0.8266047320868113,0.10268904790703065,2133281.178629325,-2006.8601290056486,2131274.318500319,3953,0,1196.111111111111,119,205,50,38.33044440320748,0.5501221707818931,42.71701388888888,16583.15002382659,139.35420188089572,7
3955,64.01606329711126,4,2,325,0.012232415902140673,0.0061162079510703364,0.9938837920489296,327,10750,8200,2550,0.7627906976744186,133,82,51,166.42320032807254,0.4626832360868777,0.8309031873907382,0.10113853986979932,2124151.0411363407,-5448.397150777796,2118702.643985563,3954,0,1186.1009174311926,84,243,51,38.1024729239015,0.5502994393476045,42.38970588235289,16491.196894222478,196.3237725502676,8
3956,63.537073949473104,2,2,325,0.0061162079510703364,0.0061162079510703364,0.9938837920489296,327,9850,7000,2850,0.7106598984771574,127,70,57,172.1623899295626,0.4624283940889164,0.8337369590237709,0.10550678181881729,2113237.960019261,-2485.9804626435725,2110751.9795566173,3955,0,1187.0703363914374,91,236,54,37.64528183853547,0.5525293068297655,42.085597826086904,16387.126443557758,180.07831256656877,0
3957,63.91941145934579,0,2,323,0.0,0.006153846153846154,0.9938461538461538,325,9950,7000,2950,0.7035175879396985,129,70,59,198.4590127429903,0.46193534346312126,0.8499891092060678,0.12269522240144873,2131180.4789071158,9640.394764207971,2140820.8736713235,3956,1,1195.356923076923,101,224,51,36.64395976693296,0.5545192307692308,41.7687908496732,16505.986909324114,163.4256129636051,8
3958,64.36281289288058,0,0,323,0.0,0.0,1.0,323,11000,7600,3400,0.6909090909090909,144,76,68,185.8795230117028,0.46134678127543927,0.8467816882989208,0.11281197232964736,2134851.554697077,3765.037737576554,2138616.5924346535,3957,2,1203.6656346749226,80,243,52,37.65072648292387,0.5450206398348814,42.43827160493825,16577.397333058183,207.2174666632273,8
3959,64.04563394559041,1,1,323,0.0030864197530864196,0.0030864197530864196,0.9969135802469136,324,10000,7400,2600,0.74,126,74,52,162.38143152213368,0.4616283810470257,0.823514268839046,0.09581443597801544,2107270.187378391,-6363.690073915799,2100906.4973044754,3958,0,1200.9475308641975,86,238,63,39.30912096460526,0.537037037037037,43.474616858237574,16429.33078644978,191.03873007499743,8
3960,63.700995092149604,4,1,326,0.012232415902140673,0.0030581039755351682,0.9969418960244648,327,10200,6900,3300,0.6764705882352942,135,69,66,171.44577731086497,0.46225915086020897,0.8318256454770083,0.1023861995895358,2103207.3404090893,-3482.796535528818,2099724.5438735606,3959,0,1190.5902140672783,93,234,57,38.62405127431115,0.5400101936799184,43.029698581560304,16369.263909484345,176.01359042456286,0
3961,63.69521657627215,2,0,328,0.006097560975609756,0.0,1.0,328,9050,6900,2150,0.7624309392265194,112,69,43,169.78344699726736,0.4623049448671092,0.8312461470369714,0.10193613179641467,2106231.842922255,-3129.339506649786,2103102.503415605,3960,0,1187.9542682926829,99,229,61,38.46706902138695,0.5419524898373984,42.83333333333336,16380.286529531473,165.4574396922371,0
3962,63.73562398375621,2,2,328,0.006060606060606061,0.006060606060606061,0.9939393939393939,330,11250,8000,3250,0.7111111111111111,145,80,65,165.96128742671982,0.46251592674465014,0.8308837149341699,0.09678486657614337,2089917.4725906416,-7880.921126652698,2082036.5514639888,3961,0,1181.7484848484848,108,222,54,39.662400019902734,0.5345012626262626,43.912461773700294,16321.89904331714,151.12869484552908,8
3963,63.56917392533498,5,2,331,0.015015015015015015,0.006006006006006006,0.993993993993994,333,10300,7500,2800,0.7281553398058253,131,75,56,167.28518552307372,0.46261359250817086,0.8345475439338235,0.0985914816806208,2090877.5489184954,-6945.432264627314,2083932.116653868,3962,0,1172.018018018018,89,244,52,39.22796329723224,0.5370995995995995,43.51851851851854,16304.31590492401,183.19456072948324,0
3964,64.08557697111374,2,5,328,0.006006006006006006,0.015015015015015015,0.984984984984985,333,9650,6400,3250,0.6632124352331606,129,64,65,164.08549319798556,0.4624654775257185,0.831439477747083,0.0973330036038636,2111809.5845473707,-6946.536555861208,2104863.0479915095,3963,0,1167.009009009009,94,239,48,39.06608152166177,0.5391641641641642,43.27850877192987,16452.14488623587,175.02281793867948,0
3965,64.56787491882255,1,2,327,0.00303951367781155,0.0060790273556231,0.993920972644377,329,9250,6800,2450,0.7351351351351352,117,68,49,166.22925170395706,0.46176012244544934,0.8325493776509052,0.09891016560665439,2129600.2103138412,-4249.630122187038,2125350.580191654,3964,0,1182.1185410334347,95,234,51,38.89469792986904,0.5403368794326241,43.164062500000036,16583.350687158738,174.5615861806183,0
3966,64.93594217549742,1,3,325,0.003048780487804878,0.009146341463414634,0.9908536585365854,328,9050,6500,2550,0.7182320441988951,116,65,51,164.1010251471199,0.4619143295790756,0.8300392374157335,0.09794951941819309,2143664.703530218,-4294.484915798208,2139370.21861442,3965,0,1181.4878048780488,100,228,55,38.832082363329896,0.5419207317073171,43.04867986798682,16685.37606601027,166.8537606601027,0
3967,64.90706562423526,4,0,329,0.0121580547112462,0.0,1.0,329,9500,7200,2300,0.7578947368421053,118,72,46,163.13260635126295,0.46261189673066944,0.8304866101602058,0.09807268483234911,2147114.9026530636,-5247.109958913176,2141867.7926941505,3966,0,1177.3768996960487,108,221,62,38.58876710632236,0.5440729483282675,42.784785932721725,16695.08477901665,154.58411832422826,0
3968,64.74175514580715,1,1,329,0.0030303030303030303,0.0030303030303030303,0.996969696969697,330,10350,7700,2650,0.7439613526570048,130,77,53,160.8945323937277,0.4628216051088392,0.8290078736522624,0.09728700482045535,2145165.8671169635,-7320.90818064672,2137844.958936317,3967,0,1174.8060606060606,84,246,60,38.43167825065851,0.5457070707070707,42.57352941176468,16666.241526872724,198.40763722467528,0
3969,64.62344604265137,2,1,330,0.006042296072507553,0.0030211480362537764,0.9969788519637462,331,10500,7000,3500,0.6666666666666666,140,70,70,155.84145619068894,0.46311948793066615,0.823353987107299,0.09474251250749947,2144526.887706862,-9858.761395935733,2134668.126310926,3968,0,1172.1480362537764,90,241,47,38.36152951805446,0.5478033736153072,42.37637362637361,16648.526518268143,184.98362798075715,0
3970,64.28315817346164,0,2,328,0.0,0.006060606060606061,0.9939393939393939,330,10100,7100,3000,0.7029702970297029,131,71,60,180.9007350799887,0.4628356129685917,0.8402962861547187,0.1072482929402796,2117982.8302225643,528.9301748117732,2118511.760397376,3969,1,1176.7,96,234,46,38.65522855310128,0.5399305555555556,43.298969072164965,16501.552974424798,171.89117681692497,8
3971,63.86399555109845,3,1,330,0.00906344410876133,0.0030211480362537764,0.9969788519637462,331,10650,7800,2850,0.7323943661971831,135,78,57,177.06693717885702,0.46299322530440357,0.8389010241677863,0.10589681921583176,2109467.326009213,-2146.616300935074,2107320.709708278,3970,0,1173.9848942598187,104,227,52,38.425148602748216,0.5421701913393756,42.97619047619048,16414.56742795497,157.83237911495164,0
3972,64.18540141549329,3,1,332,0.009009009009009009,0.003003003003003003,0.996996996996997,333,10050,7000,3050,0.6965174129353234,131,70,61,178.29425252081285,0.4629885910006392,0.8433762142528844,0.10732739887880878,2124031.31383604,-909.4849137599558,2123121.82892228,3971,0,1167.9099099099099,108,225,55,38.15015168400202,0.5443881381381381,42.737003058104,16512.52872806859,152.89378451915363,0
3973,64.46762816844225,3,2,333,0.008955223880597015,0.005970149253731343,0.9940298507462687,335,10350,7600,2750,0.7342995169082126,131,76,55,173.35107665709495,0.4633844251794918,0.8397372357001325,0.10498211499608005,2137025.0805300395,-3258.880289381097,2133766.2002406586,3972,0,1157.7432835820896,86,249,59,38.05326280709909,0.5465796019900497,42.51676245210726,16599.33361784412,193.01550718423397,0
3974,64.17702718849142,0,0,333,0.0,0.0,1.0,333,11050,8700,2350,0.7873303167420814,134,87,47,172.63703861230334,0.4631159774232063,0.8373149452520128,0.10497549910701054,2129840.0378948837,-4112.144627982567,2125727.893266901,3973,1,1165.012012012012,91,242,47,37.92098825115001,0.5481731731731732,42.368659420289845,16534.013548991486,181.692456582324,0
3975,64.08574764733635,0,3,330,0.0,0.009009009009009009,0.990990990990991,333,9100,6200,2900,0.6813186813186813,120,62,58,159.3067532271326,0.4629569328364509,0.8258182158506708,0.09645455720963333,2124227.2484324356,-8019.250787124914,2116207.9976453106,3974,2,1166.012012012012,90,243,55,38.42343543917365,0.5472034534534534,42.52518315018314,16500.46613818144,183.33851264646046,8
3976,63.81044700344392,0,1,329,0.0,0.0030303030303030303,0.996969696969697,330,9450,6600,2850,0.6984126984126984,123,66,57,156.83060437119693,0.46261244665499984,0.8208175287955191,0.0953744747647498,2117739.6024263804,-9024.723650130381,2108714.87877625,3975,3,1175.4848484848485,96,234,49,38.324180595501105,0.5486742424242423,42.36469072164948,16439.824248922057,171.24816925960477,0
3977,64.22025379382856,1,1,329,0.0030303030303030303,0.0030303030303030303,0.996969696969697,330,9450,6500,2950,0.6878306878306878,124,65,59,191.8104603240838,0.4623816048018176,0.8521909002855466,0.11177343950670393,2105334.0012820405,5315.016784369965,2110649.0180664104,3976,0,1176.3454545454545,97,233,55,39.0298533277985,0.5293876262626263,43.94132653061222,16444.152996315017,169.5273504774744,8
3978,64.35252745225414,4,0,333,0.012012012012012012,0.0,1.0,333,10450,7500,2950,0.7177033492822966,134,75,59,225.9028898820138,0.4633892175307838,0.8718429094868148,0.12881721928423187,2096192.3792527465,17657.183244370408,2113849.562497117,3977,0,1163.4594594594594,66,267,49,38.994639702747165,0.517235985985986,44.7605721393035,16425.30228830318,248.86821648944215,8
3979,64.45602099965453,2,2,333,0.005970149253731343,0.005970149253731343,0.9940298507462687,335,10750,8800,1950,0.8186046511627907,127,88,39,224.1263807961015,0.46421187475794684,0.8704481430595543,0.12312840498142508,2075972.2645463345,15306.030057171583,2091278.294603506,3978,0,1157.5074626865671,76,259,47,40.51023399605566,0.4998445273631841,46.19859307359308,16359.02881459038,215.2503791393471,8
3980,64.53880606870237,7,1,339,0.020588235294117647,0.0029411764705882353,0.9970588235294118,340,9950,7300,2650,0.7336683417085427,126,73,53,223.05196000222014,0.4656454248366013,0.8728105117565701,0.12454940305962639,2089015.3812585562,15241.795052900587,2104257.1763114566,3979,0,1138.0264705882353,73,267,49,39.8906754264638,0.5034926470588235,45.56587837837836,16420.874432598375,224.94348537805993,0
3981,64.76770559404764,1,3,337,0.0029411764705882353,0.008823529411764706,0.9911764705882353,340,11800,8700,3100,0.7372881355932204,149,87,62,222.26207703935586,0.46587877407600203,0.8716221535616222,0.12503652968550957,2101159.9354825835,13601.634290447035,2114761.5697730305,3980,0,1138.8882352941177,76,264,46,39.617190681041635,0.5056678921568627,45.27867965367963,16497.715484717464,217.07520374628243,0
3982,65.01422865916064,3,1,339,0.008823529411764706,0.0029411764705882353,0.9970588235294118,340,10700,7600,3100,0.7102803738317757,138,76,62,221.4441539605088,0.4662344915842443,0.8705206185876835,0.12505908452460957,2111616.9848524397,14821.047339856921,2126438.032192297,3981,0,1139.7382352941177,79,261,50,39.48626579476175,0.5074448529411765,45.13020833333331,16570.162913729167,209.74889764214137,0
3983,64.57955757416457,2,0,341,0.005865102639296188,0.0,1.0,341,11100,8000,3100,0.7207207207207207,142,80,62,218.43151190352455,0.4666296503938819,0.8692380284450862,0.1238969254353831,2100248.3426265353,12452.084170556169,2112700.4267970915,3982,0,1137.3284457478005,84,257,52,39.39242868354873,0.509652981427175,44.96323529411762,16470.161429852025,196.07335035538125,0
3984,64.98672821734584,6,2,345,0.01729106628242075,0.005763688760806916,0.9942363112391931,347,10150,7000,3150,0.6896551724137931,133,70,63,225.85698367085013,0.4681053677822014,0.8831657229982828,0.12778806095791218,2111901.373949858,15847.534826127812,2127748.9087759857,3983,0,1118.6455331412103,73,274,47,39.30110384112784,0.504803073967339,45.05912162162162,16567.7735746671,226.95580239269998,8
3985,65.17971009808122,2,3,344,0.005763688760806916,0.008645533141210375,0.9913544668587896,347,10150,7700,2450,0.7586206896551724,126,77,49,208.42205633141884,0.4683028352018124,0.8677682011843797,0.11787916301811238,2117933.3811990004,8734.806096489996,2126668.1872954904,3984,0,1119.6051873198846,84,263,49,39.7602994904336,0.507144572526417,45.0735294117647,16616.033449268187,197.80992201509747,8
3986,65.05923940432125,4,0,348,0.011494252873563218,0.0,1.0,348,11050,7500,3550,0.6787330316742082,146,75,71,205.70873023737656,0.46862888800556496,0.8673364190388022,0.11741725714591295,2119834.2183515183,6563.681074166547,2126397.899425685,3985,0,1117.3505747126437,75,273,53,39.47186800894851,0.5107758620689655,44.72313596491228,16608.11861164314,221.44158148857522,7
3987,65.40219444988264,4,2,350,0.011363636363636364,0.005681818181818182,0.9943181818181818,352,10950,8300,2650,0.7579908675799086,136,83,53,203.67955693618137,0.4693319074829492,0.8686915441444059,0.112068619653432,2107448.624000501,4498.840400437434,2111947.4644009382,3986,0,1105.6420454545455,81,271,49,40.96756571924206,0.49712949810606055,46.13821138211382,16603.11806258201,204.97676620471617,8
3988,65.36886690316413,7,2,355,0.0196078431372549,0.0056022408963585435,0.9943977591036415,357,10100,7200,2900,0.7128712871287128,130,72,58,204.4402696706589,0.4706842943169777,0.8715128255088471,0.1140063710227473,2115034.8607372423,4979.65945839263,2120014.520195635,3987,0,1091.1148459383753,76,281,53,40.41626781535845,0.5000875350140056,45.61688311688309,16628.736109944366,218.79915934137324,0
3989,65.19663417604342,4,7,352,0.011142061281337047,0.019498607242339833,0.9805013927576601,359,10350,7100,3250,0.6859903381642513,136,71,65,203.61259076395928,0.4713589891224849,0.8713428961399925,0.1146125448509935,2115451.2685292684,3996.502684029185,2119447.7712132977,3988,0,1085.3955431754875,82,277,45,40.069116004860874,0.5026984679665738,45.256024096385524,16608.449805538683,202.54207079925223,0
3990,64.64273995096116,6,1,357,0.01675977653631285,0.002793296089385475,0.9972067039106145,358,10150,7300,2850,0.7192118226600985,130,73,57,204.10723756191123,0.4713794735771404,0.8732660754434454,0.11569077269082419,2101860.616577587,4050.9928379644552,2105911.6094155516,3989,0,1089.2765363128492,83,275,52,39.7851423199118,0.504306331471136,44.99007936507933,16484.539984518247,198.60891547612346,0
3991,64.31218419736464,1,3,355,0.002793296089385475,0.008379888268156424,0.9916201117318436,358,10500,8000,2500,0.7619047619047619,130,80,50,209.8371026154205,0.4714696167107439,0.8775221979001626,0.11645608296990934,2077806.7073591556,5100.187853426466,2082906.895212582,3990,0,1090.2430167597765,67,291,50,40.46869350367606,0.4985160614525139,45.802696078431374,16347.983832277412,243.99975869070764,8
3992,63.99604069059266,8,1,362,0.02203856749311295,0.0027548209366391185,0.9972451790633609,363,12000,8800,3200,0.7333333333333333,152,88,64,199.50138943571653,0.4726949936329645,0.8734544398880075,0.11292351373323029,2079967.9276446444,-1608.7016906336594,2078359.2259540108,3991,0,1075.5840220385676,86,277,47,39.95667793744716,0.5054235537190083,45.04310344827584,16316.231926071257,189.72362704734022,8
3993,64.03481543008364,6,6,362,0.016304347826086956,0.016304347826086956,0.9836956521739131,368,10600,7100,3500,0.6698113207547169,141,71,70,194.97851546543117,0.47350466349761083,0.8733825755783693,0.11129518988368384,2086470.2065758784,-2836.6273117968076,2083633.5792640815,3992,0,1061.953804347826,74,294,51,39.74485400797965,0.5080672554347826,44.722222222222214,16346.665383401878,220.90088355948484,0
3994,63.69003738127676,1,0,363,0.0027548209366391185,0.0,1.0,363,12400,9300,3100,0.75,155,93,62,195.2143023005707,0.47277458157669106,0.8714884888919425,0.11205054957432395,2078668.2379000487,-3842.84604479691,2074825.3918552517,3993,0,1077.435261707989,77,286,51,39.52371151534162,0.5096992653810836,44.51121794871795,16272.09007934302,211.32584518627297,0
3995,63.3819534743138,5,5,363,0.01358695652173913,0.01358695652173913,0.9864130434782609,368,11200,8300,2900,0.7410714285714286,141,83,58,194.5951697422844,0.47361603705129723,0.8711384567238905,0.11335168637488069,2077613.1337803546,-3941.3039146423916,2073671.8298657122,3994,0,1063.7826086956522,90,278,55,38.973552247257985,0.519333106884058,43.956043956043956,16228.566109357278,180.31740121508088,8
3996,63.57233824021297,2,1,364,0.005479452054794521,0.0027397260273972603,0.9972602739726028,365,9600,6200,3400,0.6458333333333334,130,62,68,221.15698352768223,0.4730693963570676,0.8804023754849954,0.12859692844275689,2082776.2255122773,9524.101479493282,2092300.3269917706,3995,0,1072.86301369863,87,278,45,38.36112716763005,0.5159817351598174,44.02225378787879,16273.103864164364,187.04717085246395,8
3997,63.835200424077165,6,2,368,0.016216216216216217,0.005405405405405406,0.9945945945945946,370,13050,9500,3550,0.7279693486590039,166,95,71,232.6786419386742,0.47389706779950685,0.8933407379982721,0.13233464465898023,2077718.2815068478,9638.133614434058,2087356.415121282,3996,0,1056.0,75,295,46,38.923639090339314,0.5033783783783784,44.860197368421055,16286.900437146345,217.1586724952846,8
3998,63.93332822706573,9,6,371,0.023872679045092837,0.015915119363395226,0.9840848806366048,377,11700,8600,3100,0.7350427350427351,148,86,62,216.96922716904334,0.47510969862859076,0.887610472963428,0.12568792484374067,2092287.044434589,3692.380609354738,2095979.4250439438,3997,0,1037.3315649867375,72,305,45,38.612954803205255,0.5071010167992926,44.163812785388124,16356.458929552793,227.17304068823324,0
3999,63.71120820788717,1,1,371,0.002688172043010753,0.002688172043010753,0.9973118279569892,372,11400,8400,3000,0.7368421052631579,144,84,60,248.857581060385,0.47426491899255135,0.8988753581444242,0.14480548822306882,2087754.941961388,18110.728940675297,2105865.6709020636,3998,0,1052.1317204301076,71,301,49,37.625094188565534,0.5147849462365591,43.99594907407408,16310.327390604256,229.72292099442615,8
4000,63.82958778309406,1,3,369,0.002688172043010753,0.008064516129032258,0.9919354838709677,372,12000,8200,3800,0.6833333333333333,158,82,76,249.639171296482,0.47450433054130564,0.9004570268641652,0.14628407042742256,2095934.3390215882,18245.462297037433,2114179.8013186255,3999,0,1053.0698924731182,60,312,49,37.335493436396305,0.5170250896057348,43.73292349726774,16357.42185554797,272.62369759246616,0
4001,63.787125897893375,3,3,369,0.008064516129032258,0.008064516129032258,0.9919354838709677,372,10500,7400,3100,0.7047619047619048,136,74,62,244.48943890598343,0.4749404339236201,0.898052886237432,0.14429670806019795,2098907.0789189734,17732.12280813913,2116639.2017271128,4000,0,1053.2016129032259,65,307,49,37.19392149624706,0.5192372311827957,43.465909090909086,16363.57235391979,251.7472669833814,0
4002,63.648113941271305,1,3,367,0.002702702702702703,0.008108108108108109,0.9918918918918919,370,12000,8300,3700,0.6916666666666667,157,83,74,238.79017013232527,0.4746267609072487,0.8946509988249118,0.14155087404751227,2096984.3821580836,14147.851476071533,2111132.2336341552,4001,0,1059.8513513513512,69,301,38,37.173913043478244,0.5210022522522523,43.30357142857142,16338.243534031679,236.78613817437216,0
4003,63.23324184316697,1,0,368,0.002717391304347826,0.0,1.0,368,11600,7600,4000,0.6551724137931034,156,76,80,238.73229840007812,0.4746237980294594,0.8947565415787961,0.14196773966163406,2085228.447884707,14362.276010548676,2099590.7238952555,4002,0,1065.5217391304348,71,297,41,37.054778604022296,0.5228147644927537,43.18576388888888,16239.196700782033,228.7210802927047,0
4004,62.874910663156655,2,2,368,0.005405405405405406,0.005405405405405406,0.9945945945945946,370,11450,8100,3350,0.7074235807860262,148,81,67,201.5986718555896,0.4748362691960253,0.876947226070619,0.11848620664799994,2066380.6892510687,-2134.079499789551,2064246.6097512792,4003,0,1060.7567567567567,72,298,51,38.45302035212703,0.521311936936937,43.62157534246573,16119.77054630321,223.88570203198904,8
4005,63.35125262480758,1,2,367,0.0027100271002710027,0.005420054200542005,0.994579945799458,369,13000,9000,4000,0.6923076923076923,170,90,80,189.49225026295284,0.4746947537410157,0.8668176704120214,0.11114318993373017,2080795.9000844078,-7941.060511015369,2072854.8395733924,4004,0,1064.040650406504,79,290,49,38.84119081487507,0.5288504968383017,43.697916666666686,16237.058029514583,205.53238012043775,8
4006,63.49172919117644,2,6,363,0.005420054200542005,0.016260162601626018,0.983739837398374,369,11650,8200,3450,0.703862660944206,151,82,69,182.58136011036424,0.47464473852166056,0.8610289350875044,0.10786184192946748,2089765.530490194,-9139.553426268496,2080625.9770639255,4005,0,1064.9674796747968,87,282,41,38.74591503267978,0.5309959349593496,43.43039772727274,16290.047706187921,187.2419276573324,0
4007,63.72418006092799,3,3,363,0.00819672131147541,0.00819672131147541,0.9918032786885246,366,12350,8800,3550,0.7125506072874493,159,88,71,183.79021949498005,0.4744674314444694,0.8598259551878469,0.10911632142065662,2100426.8287354484,-8342.41842271337,2092084.410312735,4006,0,1072.8879781420765,90,276,45,38.52745578837866,0.5330999544626593,43.246336996337,16361.416652548263,181.79351836164736,0
4008,63.39666997443217,2,1,364,0.005479452054794521,0.0027397260273972603,0.9972602739726028,365,13100,9700,3400,0.7404580152671756,165,97,68,186.85568717893247,0.4742081263485373,0.8634095575753848,0.11161234134200111,2093285.6572451252,-7871.534010731292,2085414.1232343938,4007,0,1076.7835616438356,92,273,51,38.22017245637741,0.5352739726027398,43.02195340501793,16291.552410656392,177.08209142017816,0
4009,63.132535399943436,0,2,362,0.0,0.005494505494505495,0.9945054945054945,364,12000,8600,3400,0.7166666666666667,154,86,68,188.7746762044536,0.4740147794125067,0.865265528758387,0.11329319289202713,2087388.358191118,-5990.787713904413,2081397.5704772137,4008,1,1080.7032967032967,96,268,54,37.99355842311871,0.536944826007326,42.84793814432992,16234.661648271689,169.11105883616344,0
4010,62.83676736798707,1,0,363,0.0027548209366391185,0.0,1.0,363,11650,7700,3950,0.6609442060085837,156,77,79,189.03363580895274,0.4736066085262469,0.8663818164568966,0.11392443516579871,2080090.1890004112,-5608.597752544367,2074481.5912478669,4009,0,1084.5179063360881,74,289,53,37.83050397639355,0.5385961891643709,42.694444444444436,16168.249336935076,218.48985590452804,0
4011,63.008153447664874,2,3,362,0.005479452054794521,0.00821917808219178,0.9917808219178083,365,11850,9000,2850,0.759493670886076,147,90,57,182.68161135598703,0.4736655752922876,0.8618143593679615,0.11096596842502504,2090424.2616614045,-8473.585492409955,2081950.6761689945,4010,0,1079.5698630136985,82,283,54,37.70138043036944,0.5408675799086757,42.40712851405619,16230.451173610785,197.93233138549738,0
4012,62.88167775410541,2,1,363,0.005494505494505495,0.0027472527472527475,0.9972527472527473,364,11150,8100,3050,0.726457399103139,142,81,61,206.21079508559674,0.47358023920523923,0.8784338196762023,0.12752148724916307,2096735.4720744947,2523.897756130421,2099259.369830625,4011,0,1078.467032967033,89,275,47,36.434056412095146,0.5448431776556777,41.75925925925924,16238.611042240618,182.4563038454002,8
4013,63.26355236607069,0,3,360,0.0,0.008264462809917356,0.9917355371900827,363,11500,9200,2300,0.8,138,92,46,200.46132201781492,0.47361104769442286,0.8713274631641974,0.12062847974054564,2093313.8453388491,-174.30783303509452,2093139.537505814,4012,1,1082.3608815426996,99,264,50,37.593132491091694,0.5362431129476584,42.75000000000002,16274.54884617181,164.38938228456374,8
4014,63.784970233306396,2,0,362,0.0055248618784530384,0.0,1.0,362,10850,7300,3550,0.6728110599078341,144,73,71,198.71221733945825,0.4735039064293476,0.8674533073484407,0.1206545452243449,2115954.4601282286,843.2005122791288,2116797.660640508,4013,0,1085.4834254143645,79,283,53,37.30348296431101,0.5386452578268877,42.42187499999999,16429.613035875842,207.96978526425116,0
4015,63.53119423597494,1,7,356,0.0027548209366391185,0.01928374655647383,0.9807162534435262,363,10600,7500,3100,0.7075471698113207,137,75,62,213.53185883142007,0.47369222105535513,0.8790494294869196,0.12722371650175382,2096201.801456216,6321.173430144208,2102522.97488636,4014,0,1083.4903581267217,86,277,45,37.630117299774746,0.532483930211203,43.11542145593872,16320.184055709453,189.76958204313317,8
4016,63.56713213580774,1,2,355,0.0028011204481792717,0.0056022408963585435,0.9943977591036415,357,11500,8700,2800,0.7565217391304347,143,87,56,179.22455391854905,0.47374146287728575,0.8564590390958189,0.1071370650164983,2099380.2352325586,-7647.902767004591,2091732.332465554,4015,0,1098.484593837535,94,263,52,38.387232106034084,0.5341970121381886,42.9934210526316,16337.17116371939,173.79969323105735,8
4017,63.66538279107415,1,2,354,0.0028089887640449437,0.0056179775280898875,0.9943820224719101,356,10750,7500,3250,0.6976744186046512,140,75,65,177.31450709772542,0.47363028828401116,0.8550902206143725,0.10652112415071084,2105603.316084019,-7279.197173044781,2098324.1189109744,4016,0,1102.4494382022472,100,256,56,38.25114288005774,0.5363120318352059,42.811468646864704,16374.006298071658,163.74006298071657,0
4018,63.78333866692771,0,1,353,0.0,0.002824858757062147,0.9971751412429378,354,11400,8700,2700,0.7631578947368421,141,87,54,175.22686325856847,0.4732046875583511,0.8522981904115718,0.105746828202422,2112239.162594696,-8175.791417325994,2104063.37117737,4017,1,1109.4745762711864,81,273,54,38.13526292841039,0.537694209039548,42.6448170731707,16414.97279031092,202.6539850655669,0
4019,63.55506912624983,1,0,354,0.002824858757062147,0.0,1.0,354,12300,9600,2700,0.7804878048780488,150,96,54,175.87803553957164,0.473206688166536,0.8530759255768277,0.10671372831204565,2107901.6034897137,-8953.281373504069,2098948.3221162097,4018,0,1110.4406779661017,83,271,54,37.918141220087634,0.5395774482109228,42.44791666666663,16368.740459859453,197.21374048023438,0
4020,63.764921398941425,1,1,354,0.0028169014084507044,0.0028169014084507044,0.9971830985915493,355,11300,9100,2200,0.8053097345132744,135,91,44,191.07619565324612,0.47310084613140235,0.8640536349346886,0.11415784187264473,2105574.5737083848,-1834.9641583184293,2103739.6095500663,4019,0,1108.3098591549297,91,264,47,38.103649894993495,0.534712441314554,43.0140398550725,16386.689549272993,180.07351153047244,7
4021,63.67012839209161,2,0,356,0.0056179775280898875,0.0,1.0,356,10550,7700,2850,0.7298578199052133,134,77,57,189.05781608606395,0.4731172851717044,0.8643211186834601,0.11373075334573415,2106578.9288727073,-2096.9576588802875,2104481.971213827,4020,0,1106.1797752808989,97,259,50,37.898184303678974,0.5366631554307116,42.76147959183677,16378.409621779623,168.84958372968683,0
4022,63.51074497269666,0,1,355,0.0,0.0028089887640449437,0.9971910112359551,356,12100,8900,3200,0.7355371900826446,153,89,64,212.56839158819227,0.4731664095057235,0.8783700947520181,0.12327231965695917,2079121.6816228481,5091.110355741415,2084212.7919785895,4021,1,1107.1797752808989,80,276,46,38.68380492871626,0.5214477996254682,44.122942386831284,16250.942550434003,203.13678188042505,8
4023,63.540541334104844,1,3,353,0.0028089887640449437,0.008426966292134831,0.9915730337078652,356,12500,9000,3500,0.72,160,90,70,207.87325754035274,0.4730353563327531,0.8761967556631365,0.1214393273608674,2084587.5982966807,2966.002937230658,2087553.6012339115,4022,0,1108.0674157303372,85,271,50,38.52216127608598,0.5237008426966292,43.846899224806215,16276.106687665404,191.48360809018124,0
4024,63.787749882685716,1,6,348,0.002824858757062147,0.01694915254237288,0.9830508474576272,354,10650,7700,2950,0.7230046948356808,136,77,59,206.8300468150838,0.4731366668800649,0.875521383642307,0.12128613923506862,2095000.8964013963,5211.826696068682,2100212.723097465,4023,0,1111.129943502825,70,284,51,38.4050556223405,0.525570856873823,43.70598591549295,16348.418466852041,233.54883524074344,0
4025,63.79716436901715,3,5,346,0.008547008547008548,0.014245014245014245,0.9857549857549858,351,11150,8300,2850,0.7443946188340808,140,83,57,196.697205987379,0.4726919685253019,0.865791892875122,0.11619460278815849,2099785.5379758673,1254.3896985127467,2101039.92767438,4024,0,1121.042735042735,81,270,44,38.38580606030602,0.5278371320037987,43.43241869918703,16368.284156009338,202.0775821729548,0
4026,64.13474412769675,4,4,346,0.011428571428571429,0.011428571428571429,0.9885714285714285,350,12100,8800,3300,0.7272727272727273,154,88,66,185.22105281985338,0.4728680583981444,0.859311166266312,0.11085895687174319,2118878.3886016784,-3607.822813192741,2115270.5657884856,4025,0,1117.9057142857143,86,264,55,38.18664896672726,0.5354761904761904,42.9477969348659,16485.977271043103,191.69741012840817,8
4027,64.28495740213975,4,3,347,0.011428571428571429,0.008571428571428572,0.9914285714285714,350,9750,7300,2450,0.7487179487179487,122,73,49,180.5528300941498,0.47260796152271795,0.8554814980453236,0.10885461383515509,2128259.472131658,-2897.345826389381,2125362.1263052686,4026,0,1118.6771428571428,74,276,57,38.03458016228565,0.537172619047619,42.68055555555556,16541.76952485339,223.5374260115323,0
4028,63.88578038391164,1,2,346,0.0028735632183908046,0.005747126436781609,0.9942528735632183,348,12100,8600,3500,0.7107438016528925,156,86,70,184.68678916588274,0.47230624151180894,0.8570938344672623,0.1120378964788938,2118760.283785025,-3438.5932351101064,2115321.690549915,4027,0,1125.7959770114942,77,271,57,37.698070607553376,0.5391223659003832,42.454594017094,16453.489245509223,213.6816785131068,0
4029,63.785095637256475,1,2,345,0.002881844380403458,0.005763688760806916,0.9942363112391931,347,10450,7300,3150,0.6985645933014354,136,73,63,180.8535176618079,0.47224177230653047,0.8529382245411434,0.11030633600054589,2118648.096125822,-3217.0078256308916,2115431.0883001913,4028,0,1129.9106628242075,80,267,47,37.59687988557361,0.54091618635927,42.25823045267488,16440.083420291776,205.5010427536472,0
4030,63.88036085120747,1,1,345,0.002890173410404624,0.002890173410404624,0.9971098265895953,346,12150,9400,2750,0.7736625514403292,149,94,55,179.1342867847075,0.4718209837759348,0.8521087386583519,0.1098841727929423,2125224.2112054117,-5209.89533362588,2120014.315871786,4029,0,1134.170520231214,83,263,55,37.430341890614194,0.5425397398843931,42.051091269841244,16477.869370857592,198.52854663683846,0
4031,64.32803120346587,2,1,346,0.005763688760806916,0.002881844380403458,0.9971181556195965,347,11500,8000,3500,0.6956521739130435,150,80,70,168.71388375868005,0.4715698972197698,0.8422703699913912,0.10375948889568778,2141664.5536638596,-8634.291088614184,2133030.2625752455,4030,0,1131.8876080691643,92,255,56,37.60435657030411,0.5428974543707973,41.95788530465949,16599.341205930148,180.42762180358858,8
4032,64.1377683503911,1,0,347,0.002881844380403458,0.0,1.0,347,9850,6600,3250,0.6700507614213198,131,66,65,178.15919538869713,0.4712055021572188,0.8523927339220583,0.10825623577703876,2128108.897015377,-3421.5662416432624,2124687.3307737336,4031,0,1132.8703170028818,82,265,59,37.80510084770533,0.5394452449567724,42.394578313252985,16522.236861949255,201.49069343840554,8
4033,63.78664911213673,0,2,345,0.0,0.005763688760806916,0.9942363112391931,347,10950,7900,3050,0.7214611872146118,140,79,61,176.3308992518529,0.47117808576679826,0.8513098366113645,0.10750029566298681,2118435.421203476,-5640.875434443487,2112794.5457690326,4032,1,1133.8703170028818,83,264,49,37.72980520938588,0.540886167146974,42.27430555555552,16439.458438709356,198.06576432179946,0
4034,63.73847797147465,0,0,345,0.0,0.0,1.0,345,10200,7400,2800,0.7254901960784313,130,74,56,175.99578506682997,0.4709885125266824,0.8499596677254335,0.10760753624007549,2118563.875564859,-4628.337501148091,2113935.5380637106,4033,2,1141.286956521739,84,261,50,37.63140279164092,0.5421195652173914,42.16911764705879,16433.748015218636,195.6398573240314,0
4035,63.42689704331671,0,1,344,0.0,0.002898550724637681,0.9971014492753624,345,11250,8100,3150,0.72,144,81,63,176.196336278656,0.47073257218290077,0.850575483338297,0.10835706069555066,2111640.5569222765,-5837.334066575509,2105803.222855701,4034,3,1142.286956521739,88,257,54,37.41268653331518,0.5439613526570048,41.959269662921315,16366.722836071962,185.98548677354503,0
4036,63.031734285483985,0,2,342,0.0,0.005813953488372093,0.9941860465116279,344,11100,8000,3100,0.7207207207207207,142,80,62,195.54491960202486,0.4705490273351866,0.862642406553054,0.11780389058951318,2086318.9436974367,1693.814021899826,2088012.7577193365,4035,4,1146.5639534883721,93,251,52,37.677125506072905,0.5355196220930232,42.70833333333335,16217.539967202749,174.38215018497579,8
4037,62.98481822315769,2,1,343,0.005813953488372093,0.0029069767441860465,0.997093023255814,344,10600,7800,2800,0.7358490566037735,134,78,56,191.76715277007696,0.47091946205392454,0.8590722085283224,0.11623874902543707,2088400.1828095189,697.311380377404,2089097.4941898964,4036,0,1146.1889534883721,78,266,52,37.54586960232118,0.5381843507751938,42.48417721518985,16219.587287688058,207.94342676523152,0
4038,62.96482155227202,2,1,344,0.005797101449275362,0.002898550724637681,0.9971014492753624,345,10500,7800,2700,0.7428571428571429,132,78,54,206.03517513809393,0.4710657510392091,0.8702927888282568,0.12412362990026665,2084104.165626397,6379.753354173452,2090483.9189805703,4037,0,1142.7971014492753,68,277,52,37.407219973009425,0.5323369565217391,42.70833333333334,16200.32387855337,238.24005703754958,7
4039,62.51696499096098,0,0,344,0.0,0.0,1.0,344,10850,8600,2250,0.7926267281105991,131,86,45,207.91463622411285,0.47080345842655996,0.8711840679797738,0.1258691055265781,2072153.6719846085,6516.215382227872,2078669.8873668364,4038,1,1147.1162790697674,69,275,51,37.176578815551196,0.534156976744186,42.529761904761905,16096.257861214392,233.27909943788973,0
4040,62.359944696784815,4,0,348,0.011494252873563218,0.0,1.0,348,11550,8800,2750,0.7619047619047619,143,88,55,198.09446093358036,0.4713677098170415,0.8640487290975487,0.1181676523482065,2058265.6885724617,396.20640717017704,2058661.894979632,4039,0,1134.9195402298851,88,260,48,37.98154306365405,0.530621408045977,43.07116104868917,16022.068188013043,182.0689566819664,8
4041,62.91704879239143,3,1,350,0.008547008547008548,0.002849002849002849,0.9971509971509972,351,11250,8600,2650,0.7644444444444445,139,86,53,196.92267686893967,0.47152014652014657,0.8648451405090476,0.11859763732772895,2082341.59749934,562.0563070235412,2082903.6538063637,4040,0,1126.210826210826,92,259,50,37.653098244086465,0.5330306267806268,42.719534050179234,16187.327629494217,175.9492133640676,0
4042,62.553617951450825,3,1,352,0.0084985835694051,0.0028328611898017,0.9971671388101983,353,11600,8400,3200,0.7241379310344828,148,84,64,196.13275938458335,0.4717324180187141,0.8650494672132238,0.11916911308874402,2075504.32571987,-785.121896384403,2074719.2038234854,4041,0,1120.7790368271956,76,277,46,37.34475107656757,0.53532223796034,42.39718614718615,16113.988000967629,212.02615790746881,0
4043,62.959126896104614,1,1,352,0.0028328611898017,0.0028328611898017,0.9971671388101983,353,10550,7200,3350,0.6824644549763034,139,72,67,196.4013983870075,0.47152451390677314,0.8646489767107965,0.12010934190424657,2092783.8408606122,1055.134573350917,2093838.9754339631,4042,0,1121.5524079320114,79,274,49,37.09747331919331,0.5374468838526912,42.161458333333314,16233.289463498133,205.48467675314092,0
4044,62.82881569119716,0,2,350,0.0,0.005681818181818182,0.9943181818181818,352,11450,8700,2750,0.759825327510917,142,87,55,186.69211923924243,0.47126243740827073,0.8576226975985055,0.11087268061715783,2071094.9399576113,-4518.579302728103,2066576.360654883,4043,1,1125.6079545454545,86,266,45,38.44155591824041,0.530954071969697,43.23515325670499,16132.231232013028,187.58408409317474,7
4045,63.35496999822986,2,0,352,0.005681818181818182,0.0,1.0,352,10350,7000,3350,0.6763285024154589,137,70,67,185.68079485904275,0.4711501365147199,0.8577671279491821,0.11393108905048095,2107906.7517464613,-2470.439769395325,2105436.311977066,4044,0,1126.5852272727273,88,264,52,37.251398971566815,0.5423177083333333,42.041198501872636,16342.972129693073,185.71559238287583,8
4046,63.568410956414,4,1,355,0.011235955056179775,0.0028089887640449437,0.9971910112359551,356,12050,8500,3550,0.7053941908713693,156,85,71,181.6380150733244,0.47144145302526774,0.8561949149008299,0.11222440472675888,2119102.035063084,-6268.102522660021,2112833.932540424,4045,0,1114.9157303370787,99,257,58,37.10162175246085,0.5447389981273408,41.791666666666664,16413.89344570406,165.7969034919602,0
4047,63.105856972682766,0,0,355,0.0,0.0,1.0,355,11950,8400,3550,0.702928870292887,155,84,71,184.8095744007203,0.47134061430731283,0.8590338850076586,0.11466953513672105,2106166.6495505366,-5102.047575914736,2101064.601974622,4046,1,1118.4084507042253,75,280,56,36.864500442086666,0.5467136150234742,41.639254385964925,16304.076260075031,217.38768346766707,0
4048,62.85577077530448,0,1,354,0.0,0.0028169014084507044,0.9971830985915493,355,13750,10600,3150,0.7709090909090909,169,106,63,178.90338377882566,0.4712331901010583,0.8542967711931964,0.11155152165032682,2100676.503365028,-9586.373064664751,2091090.1303003635,4047,2,1119.4084507042253,81,274,55,36.838107638888886,0.548268779342723,41.463414634146346,16250.51634678607,200.62365860229716,0
4049,63.28364883610314,0,2,352,0.0,0.005649717514124294,0.9943502824858758,354,10900,8000,2900,0.7339449541284404,138,80,58,181.07498498051325,0.4709876802547974,0.8562595863799263,0.11082159566710083,2104025.3162730066,-5502.72949144976,2098522.5867815567,4048,3,1116.8022598870057,86,268,50,37.464305613595215,0.541637241054614,42.133620689655146,16318.725394913077,189.75262087108229,8
4050,63.228043752755454,1,1,352,0.0028328611898017,0.0028328611898017,0.9971671388101983,353,12000,8800,3200,0.7333333333333333,152,88,64,179.56876691601923,0.4707411848656537,0.8555994386509436,0.11056588040299165,2105738.553850892,-6975.024887495414,2098763.528963397,4049,0,1120.356940509915,87,266,55,37.280850112369826,0.5438208215297451,41.91524621212118,16318.194104418966,187.56544947608006,0
4051,63.11999040901028,0,3,349,0.0,0.008522727272727272,0.9914772727272727,352,11600,8700,2900,0.75,145,87,58,182.7618415879358,0.47050836894586895,0.8577815122281802,0.112920178743236,2104160.971464355,-5087.933171543599,2099073.0382928113,4050,1,1124.3039772727273,91,261,56,37.07214243952348,0.5456321022727273,41.79121376811592,16298.136110478563,179.10039681844574,0
4052,63.323518196358094,2,1,350,0.005698005698005698,0.002849002849002849,0.9971509971509972,351,10800,7300,3500,0.6759259259259259,143,73,70,180.99780352109167,0.4705419888753222,0.8562943135402297,0.11239033570420431,2113879.620044946,-4478.486372772331,2109401.133672174,4051,0,1127.5897435897436,75,276,58,36.935073201782295,0.5477801519468186,41.611842105263186,16362.047218170941,218.16062957561255,0
4053,63.25979405585268,1,3,348,0.002849002849002849,0.008547008547008548,0.9914529914529915,351,11200,8100,3100,0.7232142857142857,143,81,62,179.61582030913218,0.4702940577940578,0.8553779591040427,0.1121751632496663,2115114.226243081,-5418.404641166205,2109695.8216019147,4052,0,1128.5527065527065,79,272,58,36.761497146693564,0.5494123931623931,41.40625000000003,16358.587369130779,207.07072619152885,0
4054,63.025443670254425,1,1,348,0.0028653295128939827,0.0028653295128939827,0.997134670487106,349,10350,7500,2850,0.7246376811594203,132,75,57,175.19065159161576,0.47010478762528957,0.8512745334228633,0.1100354766738361,2110581.0253263223,-6199.1869872354355,2104381.838339087,4053,0,1129.570200573066,80,269,52,36.669834525939166,0.55106852913085,41.20370370370374,16310.75139429287,203.88439242866087,0
4055,63.134106070446805,1,1,348,0.0028653295128939827,0.0028653295128939827,0.997134670487106,349,10800,7600,3200,0.7037037037037037,140,76,64,174.97560766480467,0.4698368491255805,0.8501376811437014,0.1105946304905305,2117870.1190172904,-6484.8777939628035,2111385.241223328,4054,0,1130.2349570200572,84,265,54,36.4481808289175,0.5528593600764088,40.98039215686277,16352.971395894296,194.67823090350353,0
4056,62.774406031793234,1,1,348,0.0028653295128939827,0.0028653295128939827,0.997134670487106,349,10750,7900,2850,0.7348837209302326,136,79,57,174.40945261860884,0.46964026940684384,0.8492361432963076,0.11083047572380532,2108888.938913467,-6987.966906131883,2101900.972007335,4055,0,1131.051575931232,87,262,58,36.269864827838155,0.5547695797516714,40.790719696969724,16271.708608951478,187.03113343622388,0
4057,62.7780721520668,0,1,347,0.0,0.0028735632183908046,0.9971264367816092,348,10400,6600,3800,0.6346153846153846,142,66,76,173.16138652519172,0.46935832035951286,0.8465978365629985,0.11052046455833259,2111521.206191118,-6873.212051719431,2104647.9941393984,4056,1,1134.3275862068965,89,259,55,36.14540102934837,0.5562140804597702,40.636574074074105,16282.33586638517,182.94759400432775,0
4058,62.46618096604937,0,1,346,0.0,0.002881844380403458,0.9971181556195965,347,9300,6200,3100,0.6666666666666666,124,62,62,172.89736736924903,0.46913782045942926,0.8466268509693542,0.11075768673422591,2103117.4828842534,-5975.304788214189,2097142.1780960392,4057,2,1138.2449567723343,79,268,60,36.0212608928362,0.5575468299711815,40.5078125,16209.485943651027,205.18336637532946,0
4059,62.61653118691362,0,2,344,0.0,0.005780346820809248,0.9942196531791907,346,12000,8900,3100,0.7416666666666667,151,89,62,169.2980397858533,0.4689709516628969,0.8431318157731469,0.1090356184405298,2111230.281731156,-9714.570353276085,2101515.71137788,4058,3,1140.1618497109826,81,265,50,35.92379251867071,0.5590980250481696,40.32012195121951,16260.253182455395,200.7438664500666,0
4060,62.50725342624607,0,1,343,0.0,0.0029069767441860465,0.997093023255814,344,10450,7500,2950,0.7177033492822966,134,75,59,168.05343161802753,0.4685056331502701,0.840850620610186,0.10855847483706635,2109239.8895933903,-8356.99968964027,2100882.88990375,4059,4,1147.6802325581396,83,261,50,35.85001074036948,0.5603803294573644,40.21577380952381,16238.398462629335,195.64335497143776,0
4061,62.63567851697303,1,0,344,0.0029069767441860465,0.0,1.0,344,9850,6700,3150,0.6802030456852792,130,67,63,168.46819890389253,0.46825932407846854,0.8413199511726321,0.10948954272823488,2117009.692629328,-7320.2380041308825,2109689.454625197,4060,0,1137.1482558139535,88,256,54,35.62458734731848,0.5623485949612403,40.004681647940075,16284.98317621768,185.05662700247365,0
4062,63.0733867523757,2,0,346,0.005780346820809248,0.0,1.0,346,9600,6100,3500,0.6354166666666666,131,61,70,164.95511480016663,0.4682683044315992,0.8393597123662802,0.10774964585428204,2134673.344492059,-8374.942679691372,2126298.4018123676,4061,0,1131.5693641618498,92,254,60,35.538107743527966,0.5641558285163777,39.82974910394265,16409.818856229642,178.36759626336567,0
4063,63.365843887987445,0,0,346,0.0,0.0,1.0,346,11250,7800,3450,0.6933333333333334,147,78,69,187.35644859157432,0.468174408701237,0.8553061607843204,0.11703248272954209,2118775.371998368,-1056.7541878183147,2117718.6178105497,4062,1,1132.5693641618498,73,273,61,36.554159182044145,0.5477179672447013,41.399211711711736,16386.45717998629,224.47201616419574,8
4064,63.86620206347219,1,1,346,0.002881844380403458,0.002881844380403458,0.9971181556195965,347,10600,7000,3600,0.660377358490566,142,70,72,187.25965340822083,0.46817442932262776,0.8562372672133343,0.11746287350152104,2137971.009545108,71.14204884869105,2138042.1515939566,4063,0,1130.3025936599424,74,273,52,36.40465646806226,0.5492014889529299,41.25000000000002,16525.379783923538,223.31594302599376,0
4065,63.84760835200235,1,1,346,0.002881844380403458,0.002881844380403458,0.9971181556195965,347,11400,8200,3200,0.7192982456140351,146,82,64,189.56036765153866,0.46803977667094226,0.8576672354887169,0.1160148234757361,2122775.579897631,-321.1761265799887,2122454.4037710507,4064,0,1131.299711815562,86,261,49,37.245496122951195,0.544338376560999,42.133620689655146,16464.15159335563,191.44362317855382,8
4066,63.74462194812231,2,1,347,0.005747126436781609,0.0028735632183908046,0.9971264367816092,348,10650,7300,3350,0.6854460093896714,140,73,67,189.04260543051228,0.46780698267580906,0.8570808585916188,0.11630740165548953,2122474.4315027273,-2.3807018171446543,2122472.05080091,4065,0,1129.0086206896551,93,255,53,37.06534225104132,0.546036877394636,41.94370567375882,16449.700923159366,176.8785045501007,0
4067,63.292121541671484,0,1,346,0.0,0.002881844380403458,0.9971181556195965,347,9550,6700,2850,0.7015706806282722,124,67,57,177.2372682054848,0.4677538133075689,0.8477295102898903,0.10655217944495643,2093692.8218167988,-4733.920759950157,2088958.9010568487,4066,1,1121.7118155619596,108,239,51,38.22597374450435,0.5392951488952931,42.78478593272175,16279.696591113496,150.73793139919903,8
4068,63.30336761689815,5,1,350,0.014245014245014245,0.002849002849002849,0.9971509971509972,351,11000,8300,2700,0.7545454545454545,137,83,54,169.3006985683011,0.46829466829466826,0.8431803723065852,0.10257630560314747,2098704.4595239824,-10137.573782836078,2088566.8857411463,4067,0,1109.9116809116808,89,262,57,38.14050701186623,0.5415479582146249,42.50000000000001,16300.61716135132,183.15300181293617,0
4069,62.95439325354677,2,4,348,0.005681818181818182,0.011363636363636364,0.9886363636363636,352,11150,7900,3250,0.7085201793721974,144,79,65,164.06538837778126,0.46823368568160234,0.8386212452922615,0.10002261562497619,2090795.1498476386,-12944.576344372912,2077850.5735032656,4068,0,1107.747159090909,95,257,51,38.04591894015942,0.5434422348484849,42.274305555555564,16224.964719599053,170.78910231156897,0
4070,63.088975576261596,2,0,350,0.005714285714285714,0.0,1.0,350,12150,9000,3150,0.7407407407407407,153,90,63,166.46767482086403,0.4677280324737345,0.8404597825499001,0.1020049023670306,2098265.1570145176,-12291.33563083169,2085973.8213836858,4069,0,1114.88,95,255,54,37.7964733476377,0.545625,42.08984375,16271.287548526057,171.2767110371164,0
4071,63.30187503822284,0,4,346,0.0,0.011428571428571429,0.9885714285714285,350,10650,7400,3250,0.6948356807511737,139,74,65,196.45499291564036,0.4676488948014736,0.8642937149968883,0.11913327306242703,2099177.4517507777,1828.7782824734622,2101006.230033251,4070,1,1115.88,77,273,53,37.40860298693213,0.5369345238095238,42.46794871794869,16302.261728593465,211.71768478692812,8
4072,63.80097854370378,4,1,349,0.011428571428571429,0.002857142857142857,0.9971428571428571,350,10950,8000,2950,0.730593607305936,139,80,59,194.66830028959663,0.46773945968072045,0.860315565031984,0.12121539144426582,2131458.862343289,2035.494773913194,2133494.357117202,4071,0,1112.4314285714286,80,270,49,36.48041044776121,0.5498809523809524,41.512345679012356,16491.76528714569,206.1470660893211,8
4073,64.1549458002081,2,1,350,0.005698005698005698,0.002849002849002849,0.9971509971509972,351,9850,6700,3150,0.6802030456852792,130,67,63,193.9025085261802,0.46755901505901504,0.8601219081518194,0.12147730128748248,2146895.920097488,3207.7008903047763,2150103.620987793,4072,0,1110.2564102564102,83,268,45,36.27828108522674,0.5512820512820513,41.294642857142854,16597.22816572346,199.96660440630674,0
4074,63.96447358712294,1,2,349,0.002849002849002849,0.005698005698005698,0.9943019943019943,351,10750,8400,2350,0.7813953488372093,131,84,47,191.96664511364438,0.467449124949125,0.8584481732144282,0.12082863564665805,2143275.8108419375,1337.4933921102238,2144613.304234048,4073,0,1111.2535612535612,88,263,46,36.15880353859603,0.5525878442545109,41.12827715355804,16558.593478464158,188.16583498254724,0
4075,63.67810407105394,2,1,350,0.005698005698005698,0.002849002849002849,0.9971509971509972,351,10900,7400,3500,0.6788990825688074,144,74,70,192.78150210242575,0.4675176366843034,0.8596646683139575,0.12220526978767424,2137821.3403512053,1326.481843904544,2139147.82219511,4074,0,1111.945868945869,94,257,52,35.88178458587225,0.5548433048433048,40.87719298245612,16500.449072446674,175.536692260071,0
4076,64.14783412782613,0,4,346,0.0,0.011428571428571429,0.9885714285714285,350,10800,7700,3100,0.7129629629629629,139,77,62,193.34163235341134,0.46747697503069996,0.8597510537171558,0.12309880908832249,2156160.7669014805,2575.1284578227705,2158735.8953593033,4075,1,1114.9314285714286,95,255,54,35.70974576271182,0.5563988095238095,40.722656249999986,16632.080039978275,175.07452673661342,0
4077,64.43365444813591,2,1,347,0.005747126436781609,0.0028735632183908046,0.9971264367816092,348,12250,8800,3450,0.7183673469387755,157,88,69,189.2498650115735,0.467121716519262,0.8543125347670313,0.11803622370885389,2153578.5723062935,-337.10917984306616,2153241.4631264503,4076,0,1121.051724137931,82,266,51,36.56032069640631,0.5522030651340997,41.45331325301206,16659.107872565943,203.15985210446271,8
4078,64.54474230820568,0,1,346,0.0,0.002881844380403458,0.9971181556195965,347,10850,8100,2750,0.7465437788018433,136,81,55,182.99163282194277,0.4667803579261826,0.8472652100325073,0.11476421259090828,2160574.632209497,-1176.584043663739,2159398.048165833,4077,1,1124.6167146974065,93,254,45,36.521862106871076,0.5538244476464937,41.256648936170194,16700.522918376377,179.5755152513589,0
4079,64.19863470100603,0,3,343,0.0,0.008670520231213872,0.9913294797687862,346,10150,7300,2850,0.7192118226600985,130,73,57,187.1300047530667,0.4662699659322555,0.8480426940940131,0.11798827278934614,2152141.7556596035,1196.0593931702588,2153337.815052774,4078,2,1127.4739884393064,98,248,47,36.22150432768499,0.555665944123314,41.06691919191917,16623.15026680391,169.62398231432562,0
4080,64.46342792160198,2,1,344,0.005797101449275362,0.002898550724637681,0.9971014492753624,345,11350,8700,2650,0.7665198237885462,140,87,53,189.03975938889,0.4661660206718346,0.8528710494810539,0.11724719806298778,2151236.0862715635,983.8304274950569,2152219.9166990584,4079,0,1127.6550724637682,79,266,53,36.76987257026694,0.5515398550724637,41.65364583333334,16653.891580631633,210.80875418521055,8
4081,64.67260632001273,0,4,340,0.0,0.011627906976744186,0.9883720930232558,344,10150,7200,2950,0.7093596059113301,131,72,59,190.70432375208293,0.46567228427916013,0.8541500377643072,0.11885985975700994,2161145.426590034,3477.955421552263,2164623.382011586,4080,1,1131.6656976744187,82,262,52,36.54829522468727,0.553203730620155,41.47841365461849,16719.264778940134,203.89347291390408,0
4082,64.50220406874057,0,3,337,0.0,0.008823529411764706,0.9911764705882353,340,11450,9300,2150,0.8122270742358079,136,93,43,189.43645033896115,0.46545654028573086,0.8507595996540771,0.11865054857300733,2158372.281632164,2324.876708480673,2160697.1583406446,4081,2,1142.9323529411765,85,255,48,36.402636014608156,0.5553002450980392,41.30329457364343,16686.507685321798,196.31185512143293,0
4083,64.29615707130066,0,4,333,0.0,0.011869436201780416,0.9881305637982196,337,10900,7500,3400,0.6880733944954128,143,75,68,199.19666415769143,0.46504411297159814,0.8586071349866482,0.124015987685273,2147910.155526548,7271.307578263833,2155181.463104812,4082,3,1152.9643916913947,76,261,52,36.368979082709636,0.5517124134520277,41.51785714285716,16619.40845726932,218.67642706933316,8
4084,63.87257980740791,1,0,334,0.0029940119760479044,0.0,1.0,334,10250,7200,3050,0.7024390243902439,133,72,61,194.675915499301,0.46463229696762626,0.853807820600408,0.1218769386949411,2137036.9531012936,6155.925060166657,2143192.87816146,4083,0,1162.622754491018,80,254,46,36.283557046979844,0.5535803393213573,41.31944444444446,16522.594429346915,206.53243036683642,0
4085,63.82280779923938,0,2,332,0.0,0.005988023952095809,0.9940119760479041,334,9750,6700,3050,0.6871794871794872,128,67,61,191.76744577655944,0.4645766649883416,0.8507647486043719,0.12058256668986816,2137942.223553405,5447.5438857389945,2143389.767439144,4084,1,1163.622754491018,86,248,46,36.200157276343774,0.5552956586826348,41.16379310344828,16519.653484242797,192.08899400282323,0
4086,63.380892129903714,0,1,331,0.0,0.0030120481927710845,0.9969879518072289,332,10450,7500,2950,0.7177033492822966,134,75,59,195.55515547329156,0.4641159047064391,0.8533551794451348,0.12368399017217961,2126533.4056206755,6320.914151059891,2132854.3197717355,4085,2,1170.2861445783133,90,242,51,35.89123950508179,0.5571034136546185,40.95695970695971,16418.378993815484,182.4264332646165,0
4087,63.801329236579726,0,1,330,0.0,0.0030211480362537764,0.9969788519637462,331,9150,6600,2550,0.7213114754098361,117,66,51,183.12713134983582,0.46389155909548657,0.8447595903513649,0.11116752635324695,2116367.7587958337,2162.871309911995,2118530.6301057455,4086,3,1174.773413897281,85,246,59,37.712937926169765,0.5433345921450151,42.42974806201549,16433.324445444065,193.33322876993017,8
4088,63.4065551903002,4,0,334,0.011976047904191617,0.0,1.0,334,9700,6800,2900,0.7010309278350515,126,68,58,186.04107815616888,0.4644755159350968,0.8469505018702865,0.11398468870308023,2108754.6370101236,1962.9972472367945,2110717.6342573604,4087,0,1154.7215568862275,94,240,47,37.2961927639131,0.545876996007984,42.094298245614034,16352.912112182583,173.96715012960195,0
4089,63.15303603379826,3,2,335,0.008902077151335312,0.005934718100890208,0.9940652818991098,337,8450,5600,2850,0.6627218934911243,113,56,57,185.40386014776988,0.4647482602091282,0.8481456385947901,0.11235505269647979,2093837.3234305752,1791.1044571001175,2095628.4278876754,4088,0,1145.433234421365,86,251,52,37.718533500720646,0.5458704253214639,42.492816091954005,16262.360464306657,189.0972147012402,8
4090,62.891958206031056,0,0,335,0.0,0.0,1.0,335,11000,8000,3000,0.7272727272727273,140,80,60,175.05329792233348,0.46440402776536477,0.8419999719183964,0.10608988351849429,2085221.8800383282,-4995.00659989706,2080226.8734384312,4089,1,1153.265671641791,85,250,56,37.98251803073064,0.5464241293532338,42.490310077519354,16195.288656252525,190.53280772061794,8
4091,62.88749914045967,2,3,334,0.005934718100890208,0.008902077151335312,0.9910979228486647,337,9650,6700,2950,0.694300518134715,126,67,59,202.40514343329798,0.46461394894258395,0.8531167922794767,0.12068362077739203,2075404.456110897,6964.507324247152,2082368.9634351442,4090,0,1147.4154302670622,95,242,44,37.888078796581794,0.538946587537092,43.088107638888914,16156.54641003339,170.06890957929883,8
4092,63.183801163765025,3,2,335,0.008902077151335312,0.005934718100890208,0.9940652818991098,337,9550,7000,2550,0.7329842931937173,121,70,51,201.32365594833516,0.4649591104987989,0.8592194834736704,0.1199850914056161,2084914.950029851,6998.54001627056,2091913.4900461214,4091,0,1144.2373887240356,91,246,47,37.932707846680486,0.5367828882294758,43.10461956521741,16231.62663728119,178.36952348660648,8
4093,63.01153042308418,0,1,334,0.0,0.0029850746268656717,0.9970149253731343,335,10150,7500,2650,0.7389162561576355,128,75,53,199.75041965942282,0.46481849733369085,0.8571442470083148,0.11939128479743559,2080952.111229405,5984.21150184729,2086936.3227312523,4092,1,1151.3223880597016,96,239,49,37.86466168031647,0.5383706467661691,42.99828178694159,16194.071585967089,168.68824568715718,0
4094,62.57895353220196,3,1,336,0.008902077151335312,0.002967359050445104,0.9970326409495549,337,11050,7400,3650,0.669683257918552,147,74,73,196.50113719654786,0.4652185336300692,0.8568844921729453,0.11798501756994487,2069359.4296094375,2876.296237331082,2072235.7258467686,4093,0,1142.706231454006,101,236,53,37.777479945993186,0.5404920870425322,42.83088235294119,16093.37426315274,159.34033923913603,0
4095,62.596847919305674,3,1,338,0.008849557522123894,0.0029498525073746312,0.9970501474926253,339,10200,7400,2800,0.7254901960784313,130,74,56,196.00831738586993,0.4653017780570538,0.8587185451259844,0.11843284391555808,2073667.8240560656,3291.2282020888306,2076959.0522581544,4094,0,1136.9469026548672,76,263,52,37.554856256898084,0.5424963126843658,42.6001082251082,16112.421879878528,212.00555105103325,0
4096,62.20057395718988,2,1,339,0.0058823529411764705,0.0029411764705882353,0.9970588235294118,340,10800,7700,3100,0.7129629629629629,139,77,62,192.76293412385377,0.4652508459135867,0.8567868674916284,0.11733222058988443,2064837.8458109489,804.8403296982106,2065642.6861406472,4095,0,1134.5794117647058,82,258,45,37.36494000941664,0.5446384803921569,42.331827309236914,16027.108231865608,195.4525394129952,0
4097,62.65048413602303,1,2,338,0.0029411764705882353,0.0058823529411764705,0.9941176470588236,340,11050,8500,2550,0.7692307692307693,136,85,51,191.87788658223138,0.4650225576956446,0.856637889582218,0.11729789470963059,2082299.4421977345,859.4432400512724,2083158.8854377856,4096,0,1135.5764705882352,85,255,46,37.22830342322024,0.5460171568627451,42.17538759689919,16152.836789236582,190.0333739910186,0
4098,62.87351652675747,1,1,338,0.0029498525073746312,0.0029498525073746312,0.9970501474926253,339,11350,8000,3350,0.7048458149779736,147,80,67,191.03439310907342,0.4646708616245716,0.8556441659177478,0.11732910192407815,2092453.5254352249,796.1178680909816,2093249.6433033159,4097,0,1139.8879056047197,91,248,49,37.077774364375756,0.5475356440511308,42.00634057971011,16220.96860936005,178.2524023006599,0
4099,63.36657705958316,1,0,339,0.0029498525073746312,0.0,1.0,339,9000,6500,2500,0.7222222222222222,115,65,50,191.86641360374796,0.4643646762435054,0.8571871336442651,0.11843057992430517,2111810.3043258707,4237.093860488409,2116047.398186359,4098,0,1140.843657817109,97,242,51,36.87261551868473,0.5491027531956736,41.82610544217685,16359.595984270898,168.65562870382368,0
4100,63.40484185646265,0,1,338,0.0,0.0029498525073746312,0.9970501474926253,339,10250,7200,3050,0.7024390243902439,133,72,61,192.08640966527352,0.4641752194934632,0.8583859567431114,0.11932141948663597,2116818.938842708,3272.4299747500027,2120091.368817458,4099,1,1141.843657817109,75,264,53,36.63458733358086,0.5507620452310718,41.59813596491228,16383.929324559906,218.4523909941321,0
4101,63.7309087614837,1,1,338,0.0029498525073746312,0.0029498525073746312,0.9970501474926253,339,10800,7500,3300,0.6944444444444444,141,75,66,190.39043623196565,0.46413849179335903,0.8559026307048425,0.11517768897543258,2111961.618847105,1819.45878349319,2113781.0776305986,4100,0,1142.8171091445429,81,258,50,37.654404750156274,0.5435103244837758,42.55589430894307,16407.146810978396,202.55736803677033,8
4102,64.07348608048642,3,3,338,0.008797653958944282,0.008797653958944282,0.9912023460410557,341,10800,7600,3200,0.7037037037037037,140,76,64,185.34115266160964,0.46475619573342536,0.8513055706754988,0.11295396735278067,2127752.264594248,-127.98854035062868,2127624.2760538976,4101,0,1137.0439882697947,88,253,44,37.51050229347383,0.5454239980449658,42.286985018726575,16512.571278162726,187.64285543366734,0
4103,63.58495257554159,1,3,336,0.0029498525073746312,0.008849557522123894,0.9911504424778761,339,10550,7500,3050,0.7109004739336493,136,75,61,188.8526039226212,0.46407630925159854,0.8536727133427984,0.1152969766084358,2112577.489707352,1443.151983909268,2114020.6416912614,4102,0,1144.6489675516225,87,252,48,37.354825810105496,0.544954523107178,42.22301136363635,16390.737597509033,188.39928272998887,8
4104,63.71300798429105,0,0,336,0.0,0.0,1.0,336,9700,6000,3700,0.6185567010309279,134,60,74,192.13349176249494,0.46360996357498224,0.8544601054412411,0.1176453134215199,2118582.1156378407,4510.115892613617,2123092.2315304545,4103,1,1154.3988095238096,87,249,46,37.16167110376693,0.5439918154761905,42.116477272727245,16430.53494253968,188.8567234774676,8
4105,63.306876929459236,0,0,336,0.0,0.0,1.0,336,10950,8000,2950,0.730593607305936,139,80,59,217.90532006989878,0.4634863258114191,0.8724085270591173,0.1317808364232249,2097719.4946031,13270.847577671258,2110990.3421807713,4104,2,1155.3988095238096,73,263,45,36.957977909011376,0.5376054067460317,42.56756756756758,16297.243317651386,223.24990846097788,8
4106,63.654831642882364,0,1,335,0.0,0.002976190476190476,0.9970238095238095,336,9300,6800,2500,0.7311827956989247,118,68,50,206.51435459127794,0.4634189543354655,0.8642895299145308,0.12203120953120955,2095286.5072892997,10041.348147332363,2105327.855436632,4105,3,1156.3988095238096,75,261,47,38.12232905982908,0.5316530257936508,43.421052631578945,16332.4896978448,217.76652930459733,7
4107,63.99867357442684,0,1,334,0.0,0.0029850746268656717,0.9970149253731343,335,9650,6900,2750,0.7150259067357513,124,69,55,205.10267476928428,0.4634551791938511,0.862571523720141,0.12182604657982854,2109756.620767003,9893.345206304308,2119649.9659733074,4106,4,1158.0,81,254,49,37.96272819472618,0.5332089552238806,43.229166666666686,16432.992745933654,202.8764536535019,0
4108,64.48290869990652,1,3,332,0.0029850746268656717,0.008955223880597015,0.991044776119403,335,11850,8900,2950,0.7510548523206751,148,89,59,205.97257666997535,0.4634555515834004,0.8665803604670228,0.1220448601935811,2124225.2407462266,8656.429252779206,2132881.6699990057,4107,0,1158.9582089552239,74,261,44,38.0325289035586,0.5306902985074626,43.31944444444442,16551.50882893007,223.66903822878473,8
4109,64.85256134439335,0,0,332,0.0,0.0,1.0,332,10150,7600,2550,0.7487684729064039,127,76,51,203.59909520672798,0.4633987232919594,0.8637496709604182,0.12123149263939333,2139423.6216583974,10566.94272670964,2149990.564385107,4108,1,1169.4307228915663,79,253,46,37.90833417819909,0.5319088855421688,43.138020833333314,16658.157260948436,210.86275013858778,0
4110,64.55301820902625,0,1,331,0.0,0.0030120481927710845,0.9969879518072289,332,10800,8100,2700,0.75,135,81,54,204.66971693345369,0.46334184927019256,0.8643307295114533,0.12221092021616961,2131256.530602467,10040.734166196133,2141297.264768663,4109,2,1170.4307228915663,82,250,48,37.77533577533581,0.5333521586345382,43.03463855421686,16587.889656498613,202.29133727437335,0
4111,64.60136129825234,0,2,329,0.0,0.006042296072507553,0.9939577039274925,331,10850,7800,3050,0.7188940092165899,139,78,61,205.4263265077035,0.46329266990143125,0.8647457343914593,0.12314556997399066,2135254.0056237183,10677.477307227668,2145931.4829309457,4110,3,1173.6978851963747,85,246,49,37.60830349711845,0.5352152567975831,42.89001937984495,16609.654751429232,195.40770295799098,0
4112,64.7715000793647,3,2,330,0.009036144578313253,0.006024096385542169,0.9939759036144579,332,12000,9100,2900,0.7583333333333333,149,91,58,218.70890300428783,0.4634146480180541,0.8697132591888501,0.1349537712562482,2158429.1707121427,16013.535227781103,2174442.705939924,4111,0,1171.078313253012,84,248,48,36.19200765847021,0.5427648092369478,41.83823529411764,16721.524763135938,199.06577098971354,8
4113,64.45644622175051,2,2,330,0.006024096385542169,0.006024096385542169,0.9939759036144579,332,9850,7200,2650,0.7309644670050761,125,72,53,218.2980261960123,0.4636140862543831,0.8699051324253964,0.13530112876058753,2150593.5599734904,17644.06585841286,2168237.6258319034,4112,0,1171.6475903614457,89,243,50,36.03912772376298,0.544898343373494,41.67824074074071,16650.502583602272,187.08429869216036,0
4114,64.78126084506334,0,0,330,0.0,0.0,1.0,330,9950,7000,2950,0.7035175879396985,129,70,59,219.82787097343376,0.4634498480243161,0.8705736391904764,0.13663317134304437,2163119.1796827493,19152.77678629216,2182271.9564690413,4113,1,1179.1060606060605,69,261,52,35.896531536719266,0.5465909090909091,41.57738095238096,16740.943092788293,242.62236366359846,0
4115,64.55155020802874,1,3,328,0.0030211480362537764,0.00906344410876133,0.9909365558912386,331,10000,7100,2900,0.71,129,71,58,201.91680890012202,0.4637054075498184,0.861936344969833,0.12400201766917118,2148246.5864900267,10553.41909492946,2158800.005584956,4114,0,1176.5407854984894,78,253,50,36.80023169443593,0.5442157603222557,42.00949367088608,16653.68712249858,213.50880926280232,8
4116,64.39784585859728,0,2,326,0.0,0.006097560975609756,0.9939024390243902,328,10800,8000,2800,0.7407407407407407,136,80,56,199.97361770458778,0.46355312678700183,0.8593917874349164,0.12310032392931516,2144554.1933901687,9370.85208315546,2153925.045473324,4115,1,1186.1432926829268,80,248,51,36.763026543086845,0.5457634654471545,41.92386831275721,16619.546948178147,207.74433685222684,0
4117,64.0563516258497,1,1,326,0.0030581039755351682,0.0030581039755351682,0.9969418960244648,327,11650,8300,3350,0.7124463519313304,150,83,67,181.97463961652812,0.46368227925679945,0.8471505140570101,0.11247301184234416,2135582.8191538397,674.3827773537614,2136257.2019311935,4116,0,1190.0489296636085,92,235,56,37.07970055810993,0.5468590723751274,41.778673835125446,16540.71606611042,179.79039202293936,8
4118,64.11769523364012,1,2,325,0.0030581039755351682,0.0061162079510703364,0.9938837920489296,327,9450,6400,3050,0.6772486772486772,125,64,61,199.39937135730187,0.46388474575211225,0.8556374614348319,0.12228342601661107,2132964.9748414783,10212.375022106346,2143177.3498635846,4117,0,1190.4281345565748,81,246,53,36.91716941639987,0.542940876656473,42.06046747967478,16538.48833484572,204.17886833142862,7
4119,64.15410454916166,3,1,327,0.009146341463414634,0.003048780487804878,0.9969512195121951,328,9700,6800,2900,0.7010309278350515,126,68,58,190.59399361543095,0.4638398240347082,0.8459582683316276,0.1168252302834472,2133877.984596321,6040.865394451317,2139918.849990772,4118,0,1187.5701219512196,85,243,56,37.162659278043904,0.5449377540650406,42.078488372093,16546.72362245442,194.6673367347579,8
4120,63.94746500693917,0,2,325,0.0,0.0061162079510703364,0.9938837920489296,327,10400,8100,2300,0.7788461538461539,127,81,46,182.65934237622525,0.4636775889132787,0.8428496013807893,0.1113761839001579,2123871.6974670263,1789.0015101604413,2125660.698977187,4119,1,1191.8318042813455,89,238,44,37.560812226812786,0.5462856778797146,42.268518518518505,16481.27489322355,185.18286396880396,8
4121,64.4030310256135,0,2,323,0.0,0.006153846153846154,0.9938461538461538,325,10400,8000,2400,0.7692307692307693,128,80,48,184.55606205964608,0.46313588160810387,0.8439631068544966,0.11311611501324112,2142114.447369889,3668.041377532357,2145782.488747421,4120,2,1200.116923076923,92,233,46,37.32104341280525,0.5479807692307692,42.08109318996416,16610.75935737905,180.55173214542447,0
4122,64.34857193394967,2,0,325,0.006153846153846154,0.0,1.0,325,10250,7800,2450,0.7609756097560976,127,78,49,184.79154297439487,0.46323915796138015,0.8439031548055755,0.11396872084800957,2144039.509677066,3990.073838258433,2148029.5835153246,4121,0,1200.403076923077,98,227,49,37.085778919051116,0.5503205128205129,41.856060606060616,16611.193853404122,169.50197809596042,0
4123,64.50720854402118,2,0,327,0.0061162079510703364,0.0,1.0,327,10000,7000,3000,0.7,130,70,60,184.62293965172555,0.46333011263078244,0.8462459958745339,0.11467167624179717,2153551.7771323146,4119.011957273461,2157670.789089588,4122,0,1194.0550458715597,80,247,49,36.8317531810415,0.5523381753312946,41.60236625514405,16668.510047261116,208.35637559076395,0
4124,64.36393027061143,2,1,328,0.0060790273556231,0.00303951367781155,0.9969604863221885,329,9200,6300,2900,0.6847826086956522,121,63,58,178.91282524713517,0.4634072979217634,0.8415787219296402,0.11184739109655681,2152622.517863862,2026.3552723251023,2154648.8731361874,4123,0,1187.790273556231,87,242,55,36.743529452148834,0.5540463525835866,41.37073863636364,16646.395744348854,191.33788211895234,0
4125,64.58679412007243,1,2,327,0.00303951367781155,0.0060790273556231,0.993920972644377,329,9550,6800,2750,0.7120418848167539,123,68,55,179.5467624710191,0.4635609725208194,0.8417164647853099,0.1127553668318,2162782.120877761,2314.105546761257,2165096.226424522,4124,0,1188.5410334346504,90,239,46,36.56227883934891,0.5557877406281662,41.20879120879121,16714.494522282486,185.71660580313875,0
4126,64.89446248443566,0,2,325,0.0,0.0061162079510703364,0.9938837920489296,327,11050,7700,3350,0.6968325791855203,144,77,67,182.33532023920702,0.46312061062018844,0.8431848355926854,0.11501801551460403,2175741.8763934146,2892.918358009464,2178634.794751424,4125,1,1196.7278287461775,92,235,52,36.329065559352365,0.5573713047910296,41.05062724014338,16804.380355932703,182.65630821665982,0
4127,64.55419362571305,0,0,325,0.0,0.0,1.0,325,10350,7000,3350,0.6763285024154589,137,70,67,181.7256953073463,0.4626523425134536,0.8426275622429777,0.11521389983621283,2167320.6757259523,3421.5713500571865,2170742.2470760094,4126,2,1204.7569230769232,96,229,55,36.162971404890136,0.5589423076923077,40.87199312714776,16727.799529515185,174.2479117657832,0
4128,64.06856087330507,1,1,325,0.003067484662576687,0.003067484662576687,0.9969325153374233,326,10300,8600,1700,0.8349514563106796,120,86,34,180.34055888439704,0.462798883120969,0.8425221755340615,0.11487322604302135,2153761.2815805823,2182.1026447632676,2155943.3842253457,4127,0,1202.058282208589,101,225,58,36.030589470920276,0.5606467280163598,40.70669934640522,16612.548616964996,164.48067937589104,0
4129,63.99752013926969,0,2,323,0.0,0.006153846153846154,0.9938461538461538,325,9050,6200,2850,0.6850828729281768,119,62,57,183.32602549176664,0.46242679645457424,0.8449269196459193,0.11743341404358365,2154650.733703392,4950.711066552878,2159601.444769945,4128,1,1206.716923076923,80,245,54,35.752118644067764,0.5618910256410257,40.509259259259274,16606.763906509645,207.58454883137057,0
4130,64.4331743655516,1,2,322,0.0030864197530864196,0.006172839506172839,0.9938271604938271,324,9600,6800,2800,0.7083333333333334,124,68,56,177.26135467959762,0.4622467001745467,0.8391590616841136,0.11412916573400225,2172301.6726397057,2613.027452974443,2174914.7000926803,4129,0,1208.432098765432,84,240,58,35.72795239668381,0.5639146090534979,40.330882352941195,16731.30553470197,199.182208746452,0
4131,64.56778417864086,0,0,322,0.0,0.0,1.0,322,8300,5000,3300,0.6024096385542169,116,50,66,168.95106325120426,0.4618823487677612,0.829886056834302,0.10576017144739555,2160231.069884858,294.6672250669544,2160525.737109925,4130,1,1215.916149068323,87,235,49,36.95302132430332,0.5588121118012422,41.32339015151516,16702.175516759515,191.97902892827028,8
4132,64.91934969073138,1,1,322,0.0030959752321981426,0.0030959752321981426,0.9969040247678018,323,9650,7000,2650,0.7253886010362695,123,70,53,191.13670059402583,0.4619204661269542,0.8504928588498464,0.11835693651176624,2165481.150904876,8530.584476501097,2174011.7353813774,4131,0,1213.1486068111456,92,231,54,36.77462778259611,0.549890350877193,41.71146953405014,16767.923430423878,182.26003728721608,8
4133,64.71017145140026,4,1,325,0.012269938650306749,0.003067484662576687,0.9969325153374233,326,9750,7100,2650,0.7282051282051282,124,71,53,188.2793068078617,0.4627282916470033,0.8509437672221569,0.11438952971392967,2147016.1582265818,5897.742795235319,2152913.9010218172,4132,0,1202.6625766871166,80,246,53,37.549610603564496,0.5438075153374233,42.399691358024675,16669.360138155756,208.36700172694697,8
4134,64.19284126595852,0,3,322,0.0,0.009230769230769232,0.9907692307692307,325,11000,7900,3100,0.7181818181818181,141,79,62,188.245683736716,0.4624825894270339,0.8498436662932858,0.11466178060415237,2131389.22739275,4244.964483923336,2135634.191876673,4133,1,1206.9907692307693,82,243,44,37.45576226886802,0.5455128205128206,42.30672690763051,16542.063374923713,201.7324801819965,0
4135,64.3062949676708,0,1,321,0.0,0.003105590062111801,0.9968944099378882,322,9000,6500,2500,0.7222222222222222,115,65,50,191.11727584878034,0.4621217984688119,0.850383702016333,0.11671404025688671,2136721.2575677703,8272.869198905912,2144994.126766676,4134,2,1218.5962732919254,83,239,45,37.28553332050539,0.546777950310559,42.21230158730157,16577.371773163843,199.72737076101015,0
4136,64.26911759371087,1,0,322,0.003105590062111801,0.0,1.0,322,10400,7800,2600,0.75,130,78,52,173.71257197938792,0.46217299394361566,0.8367239045846717,0.10382356046210005,2122455.4739735215,-1060.5601408650118,2121394.9138326566,4135,0,1219.5621118012423,99,223,49,38.53558690012975,0.5409549689440993,43.00000000000002,16517.163221583825,166.84003254125076,8
4137,64.02093180479368,2,1,323,0.006172839506172839,0.0030864197530864196,0.9969135802469136,324,9450,6800,2650,0.7195767195767195,121,68,53,173.47490721012778,0.4623541993145536,0.8384049275019472,0.10422294495418094,2117411.364001443,-786.4520208354234,2116624.9119806075,4136,0,1213.0277777777778,103,221,52,38.3468663187683,0.5426311728395061,42.808493589743605,16465.639892663297,159.86058148216793,0
4138,64.27707404609025,2,1,324,0.006153846153846154,0.003076923076923077,0.9969230769230769,325,9500,7400,2100,0.7789473684210526,116,74,42,178.98972353234603,0.46237456473567584,0.8426212207030543,0.1067471230560614,2121405.126284125,1441.9434107395791,2122847.0696948646,4137,0,1210.1507692307691,86,239,53,38.480889023518785,0.5366987179487179,43.07950191570882,16514.097879322406,192.02439394560938,8
4139,64.36173482582818,0,2,322,0.0,0.006172839506172839,0.9938271604938271,324,7450,4900,2550,0.6577181208053692,100,49,51,176.095503557022,0.4620749006230172,0.8394515570097552,0.10538682399617118,2126318.2625290807,2637.01703251025,2128955.279561591,4138,1,1214.8827160493827,89,235,56,38.42487842766452,0.5379050925925926,42.9513888888889,16544.094545680815,185.88870276045859,0
4140,64.73400259467039,1,1,322,0.0030959752321981426,0.0030959752321981426,0.9969040247678018,323,10650,7700,2950,0.7230046948356808,136,77,59,190.67658744891048,0.4619817606676538,0.8470178150795564,0.11512605763933667,2144015.2973646987,6512.704067951691,2150528.0014326503,4139,0,1218.8080495356037,76,247,54,37.71966710468681,0.5401186790505677,42.627164502164476,16660.77380091443,219.2207079067688,0
4141,65.17839397922761,1,2,321,0.0030959752321981426,0.006191950464396285,0.9938080495356038,323,10650,8100,2550,0.7605633802816901,132,81,51,191.8585503582927,0.4619765526347839,0.8481881713902979,0.11646255197945549,2162018.359149077,7710.341646871061,2169728.700795948,4140,0,1215.3095975232197,78,245,57,37.489761441589,0.5421504127966976,42.431434599156105,16787.9054323606,215.2295568251359,0
4142,65.43644098739479,2,3,320,0.006191950464396285,0.009287925696594427,0.9907120743034056,323,10400,7400,3000,0.7115384615384616,134,74,60,184.86187293517327,0.46214320968662065,0.8416261720621461,0.1129524928501737,2174590.296768086,5399.767025439887,2179990.063793526,4141,0,1214.3746130030959,86,237,51,37.42762709765309,0.5448271413828689,42.19348659003829,16869.940700916824,196.16210117345145,0
4143,65.68639691483702,1,1,320,0.003115264797507788,0.003115264797507788,0.9968847352024922,321,10100,7400,2700,0.7326732673267327,128,74,54,183.40454524244336,0.4619933638369678,0.8395854172081734,0.11257085997462153,2185674.846731948,5872.5402625432025,2191547.3869944913,4142,0,1222.4610591900312,88,233,54,37.29819805513961,0.5466640706126688,42.02949438202244,16945.153024343508,192.55855709481258,0
4144,65.68416177901622,2,2,320,0.006211180124223602,0.006211180124223602,0.9937888198757764,322,8950,6100,2850,0.6815642458100558,118,61,57,184.7619623018411,0.46242191682307493,0.8416191274592408,0.11406411023490094,2189148.73373983,7544.283163271801,2196693.016903102,4143,0,1219.6242236024846,94,228,58,37.0499943373255,0.5487512939958592,41.82017543859647,16958.32536456914,180.40771664435255,0
4145,65.26777393672477,1,0,321,0.003115264797507788,0.0,1.0,321,8800,6300,2500,0.7159090909090909,113,63,50,185.95520765259153,0.46240751557632404,0.8428544060845822,0.11541945815497427,2178525.721442957,8021.64058148756,2186547.3620244446,4144,0,1223.342679127726,78,243,56,36.82253125797394,0.5502985462097612,41.627109704641356,16863.423395175694,216.19773583558583,0
4146,65.33276559242883,1,4,318,0.003105590062111801,0.012422360248447204,0.9875776397515528,322,9850,7600,2250,0.7715736040609137,121,76,45,186.49149571452458,0.46265713382738977,0.8431948896792576,0.11629109894059586,2183501.498509574,7190.8920703913855,2190692.3905799654,4145,0,1220.5403726708075,80,242,56,36.639371103594655,0.55175983436853,41.460905349794245,16891.074067260695,211.13842584075869,0
4147,65.1892785937224,0,4,314,0.0,0.012578616352201259,0.9874213836477987,318,8750,6300,2450,0.72,112,63,49,181.50953654633906,0.462166397172126,0.8361899679703535,0.11360837228849976,2180954.6502720187,6822.813559891412,2187777.46383191,4146,1,1234.688679245283,85,233,45,36.63236717237937,0.5530987945492662,41.32751937984496,16862.67240367652,198.38438121972376,0
4148,64.9995401181436,0,2,312,0.0,0.006369426751592357,0.9936305732484076,314,9800,6500,3300,0.6632653061224489,131,65,66,181.1960249952471,0.46179827774499227,0.8336927436469215,0.11378657508292786,2176579.718539217,6277.518616915613,2182857.2371561327,4147,2,1247.7388535031846,88,226,46,36.52103779415979,0.5549363057324841,41.21020599250935,16821.21759775593,191.1501999744992,0
4149,65.06401950580909,2,0,314,0.006369426751592357,0.0,1.0,314,10150,7000,3150,0.6896551724137931,133,70,63,177.3725756096491,0.46191274428006485,0.8303681144673274,0.11202911952531835,2182181.597448537,4461.834077484813,2186643.431526022,4148,0,1234.595541401274,92,222,52,36.41197797286969,0.5569930997876857,41.00582437275985,16851.202094901644,183.1652401619744,0
4150,64.97980991879756,0,1,313,0.0,0.0031847133757961785,0.9968152866242038,314,9150,6800,2350,0.7431693989071039,115,68,47,178.82724016699163,0.4618228668525264,0.8327951351919591,0.11328921407898117,2181153.3852391667,6059.928052642085,2187213.3132918086,4149,1,1235.595541401274,94,220,53,36.26569332769077,0.5582537154989384,40.899122807017534,16836.32574979365,179.1098484020601,0
4151,65.34620014979494,1,1,313,0.0031847133757961785,0.0031847133757961785,0.9968152866242038,314,10200,7300,2900,0.7156862745098039,131,73,58,183.56969319123485,0.4616312413938124,0.8389393741123421,0.11702139497405455,2197176.1152799204,7666.98907380856,2204843.104353729,4150,0,1236.5382165605095,95,219,51,35.91891048439963,0.5599787685774946,40.679253472222214,16945.625405598348,178.3750042694563,0
4152,65.51760008285777,0,0,313,0.0,0.0,1.0,313,10000,7300,2700,0.73,127,73,54,188.22027544613712,0.4614262479178613,0.841415896456571,0.1204839520981424,2205410.239680989,10420.58455689749,2215830.824237887,4151,1,1241.182108626198,79,234,54,35.65017522289691,0.5614350372736954,40.533854166666664,16999.59917774878,215.18479971833898,0
4153,65.0628687532536,0,0,313,0.0,0.0,1.0,313,9350,6600,2750,0.7058823529411765,121,66,55,187.4940940536413,0.46125558081428686,0.8414472647212057,0.12054556594760835,2192690.327924744,10273.297314886182,2202963.62523963,4152,2,1242.182108626198,80,233,53,35.512949111683504,0.5627995207667731,40.380658436213984,16891.579145970685,211.14473932463358,0
4154,65.27641282875283,1,0,314,0.0031847133757961785,0.0,1.0,314,11250,8300,2950,0.7377777777777778,142,83,59,181.4854835600823,0.46129144536469885,0.8369021166419,0.11405551121296287,2186310.1079846965,5306.7094319802245,2191616.817416677,4153,0,1239.2229299363057,83,231,50,36.48588352259113,0.5525145966029724,41.18303571428573,16894.64300779895,203.54991575661384,8
4155,65.21129720861468,0,1,313,0.0,0.0031847133757961785,0.9968152866242038,314,8950,6600,2350,0.7374301675977654,113,66,47,182.6632063759663,0.461073958948061,0.8382628952599762,0.11519753586036194,2186222.6646410227,8118.488355028308,2194341.152996051,4154,1,1240.2229299363057,83,231,54,36.32912895295564,0.553775212314225,41.05902777777781,16885.876699071126,203.4442975791702,0
4156,65.18531445908205,0,1,312,0.0,0.003194888178913738,0.9968051118210862,313,8400,5700,2700,0.6785714285714286,111,57,54,185.58316382637605,0.46093429999180796,0.8411292602077949,0.11732630526650624,2186817.0368869808,10167.284882981829,2196984.3217699626,4155,2,1244.338658146965,83,230,54,36.16510277033068,0.5550452609158679,40.97222222222224,16884.80714808178,203.43141142267206,0
4157,65.36796528215146,0,1,311,0.0,0.003205128205128205,0.9967948717948718,312,9200,6800,2400,0.7391304347826086,116,68,48,185.73742394296693,0.4605780824882513,0.8406325978742619,0.11776365305169614,2194674.070629941,9926.621654646813,2204600.692284588,4156,3,1236.0352564102564,84,228,56,36.057085993536695,0.5565237713675213,40.87009803921571,16938.794434940002,201.65231470166668,0
4158,65.54308584435714,1,0,312,0.003205128205128205,0.0,1.0,312,10000,7000,3000,0.7,130,70,60,189.61420239724626,0.46034018846016433,0.8441902063159141,0.12102149420449819,2204521.593850963,11201.720737112071,2215723.314588075,4157,0,1236.8108974358975,89,223,56,35.718675160277904,0.5587940705128205,40.636574074074105,16999.4792903497,191.0053852848281,0
4159,65.68800402586446,1,2,311,0.003194888178913738,0.006389776357827476,0.9936102236421726,313,9950,6800,3150,0.6834170854271356,131,68,63,184.67065452398623,0.4602678449523498,0.8402476607799851,0.11841310001394059,2212162.5628658435,9154.301679578432,2221316.864545422,4158,0,1233.8562300319488,75,238,58,35.681553120323905,0.5604699148029819,40.474232456140335,17047.72966323654,227.3030621764872,0
4160,65.84209259708342,0,1,310,0.0,0.003215434083601286,0.9967845659163987,311,8650,6000,2650,0.6936416184971098,113,60,53,183.33726858486284,0.4600849669812952,0.8380594946127353,0.11783478806467165,2218757.2374534607,10506.1783135224,2229263.4157669833,4159,1,1239.6816720257234,75,236,57,35.6324133713461,0.5618301178992497,40.391995614035075,17093.13426372467,227.9084568496623,0
4161,65.46856721151411,0,0,310,0.0,0.0,1.0,310,9900,6700,3200,0.6767676767676768,131,67,64,183.34713622035306,0.4599220952082681,0.8375881913923218,0.11831790973742067,2208565.9925836604,9086.849978774957,2217652.842562435,4160,2,1243.967741935484,77,233,48,35.48864610111397,0.5632056451612903,40.25106837606837,17005.390388140306,220.84922582000397,0
4162,65.76102882377137,0,1,309,0.0,0.0032258064516129032,0.9967741935483871,310,9550,7300,2250,0.7643979057591623,118,73,45,191.06429186940517,0.45985706580366775,0.8393885776073926,0.11888055297782614,2196476.256001463,12383.63609217624,2208859.8920936394,4161,3,1244.967741935484,81,229,54,36.60137946852783,0.5551075268817205,41.53963414634146,16996.619568704926,209.83480949018426,8
4163,65.39547256676455,2,2,309,0.006430868167202572,0.006430868167202572,0.9935691318327974,311,9750,6800,2950,0.6974358974358974,127,68,59,188.85028972861522,0.46010441517131695,0.8388076064804693,0.11255964099936536,2157941.335935098,9555.569301740099,2167496.9052368384,4162,0,1241.2926045016077,89,222,52,38.25032288099957,0.5405278670953912,43.10185185185187,16799.97579967494,188.7637730300555,8
4164,65.33501586842894,0,0,309,0.0,0.0,1.0,309,9550,7300,2250,0.7643979057591623,118,73,45,188.07996404886177,0.4600749169923927,0.8373682811620342,0.11252294986106241,2158274.0333989603,9835.620521854366,2168109.6539208144,4163,1,1250.0550161812298,93,216,54,38.128862182941766,0.5418352211434736,42.963209219858186,16793.50280439079,180.575298971944,0
4165,65.4770332899001,2,1,310,0.006430868167202572,0.003215434083601286,0.9967845659163987,311,9100,6800,2300,0.7472527472527473,114,68,46,183.96503298796813,0.4601519551913702,0.8346920674473302,0.1105002334485772,2165429.522271116,8372.66269954589,2173802.1849706615,4164,0,1243.0096463022508,95,216,58,38.085569431552884,0.543843783494105,42.8168402777778,16839.590310733784,177.2588453761451,0
4166,65.30687697183657,1,0,311,0.003215434083601286,0.0,1.0,311,9900,7300,2600,0.7373737373737373,125,73,52,184.09851111378427,0.4597673132109394,0.8343508251630638,0.11128925910565356,2163734.344936591,7568.054269717098,2171302.399206308,4165,0,1243.604501607717,82,229,58,37.84381957648739,0.5456524651661308,42.5828313253012,16811.11136507704,205.0135532326468,0
4167,65.26215271686198,1,0,312,0.003205128205128205,0.0,1.0,312,10250,7200,3050,0.7024390243902439,133,72,61,182.8575670114207,0.4600131915244456,0.832165343138626,0.11104661519832647,2165060.690566588,6529.546061814695,2171590.236628403,4166,0,1240.6153846153845,88,224,59,37.70560705198111,0.5472088675213675,42.41573033707866,16810.503944202956,191.02845391139724,0
4168,64.74401442556888,2,2,312,0.006369426751592357,0.006369426751592357,0.9936305732484076,314,10050,7600,2450,0.7562189054726368,125,76,49,178.33162374072583,0.4600261662020173,0.8350536780688436,0.10896244388153448,2151579.5085917953,3888.9334748888123,2155468.4420666844,4167,0,1233.7070063694268,86,228,52,37.59598117530493,0.5516188959660298,42.19348659003828,16691.428623220017,194.08637933976763,8
4169,64.61855690503884,0,1,311,0.0,0.003205128205128205,0.9967948717948718,312,9400,6800,2600,0.723404255319149,120,68,52,181.37882687949863,0.45951807994613464,0.8377894537046626,0.11137559369542711,2150403.2673170813,6207.52438876225,2156610.7917058435,4168,1,1242.6121794871794,86,226,53,37.334567070435156,0.5528846153846154,42.01388888888887,16670.690201542915,193.8452349016618,0
4170,64.56882568770109,0,0,311,0.0,0.0,1.0,311,8250,5600,2650,0.6787878787878788,109,56,53,189.09562358796646,0.4592314075303392,0.8458813112006063,0.11787762684080484,2157780.7711058287,11155.380095676592,2168936.151201505,4169,2,1247.379421221865,74,237,54,36.583575086852186,0.5594520364415863,41.47222222222225,16692.835018762187,225.57885160489442,8
4171,65.04012400118442,0,0,311,0.0,0.0,1.0,311,10200,6900,3300,0.6764705882352942,135,69,66,206.8971790820956,0.4590274176261107,0.8551278700299876,0.13127076645811847,2184080.181161188,17976.005674272757,2202056.186835461,4170,3,1248.379421221865,84,227,54,35.483756561214385,0.5622320471596999,40.84558823529413,16855.435076630536,200.65994138845878,8
4172,64.9343095642491,0,0,311,0.0,0.0,1.0,311,9400,7000,2400,0.7446808510638298,118,70,48,202.92691731427496,0.4589967327040763,0.8512883330384813,0.12644875672199493,2169752.8371298444,16460.250914532207,2186213.0880443766,4171,4,1249.379421221865,80,231,46,36.24069329751598,0.5584472132904609,41.48662551440329,16786.3874853464,209.82984356683,8
4173,65.278311604089,1,1,311,0.003205128205128205,0.003205128205128205,0.9967948717948718,312,9900,6700,3200,0.6767676767676768,131,67,64,188.4295769694611,0.45919516242064473,0.8370559841416649,0.1166984684511143,2177547.502673169,9762.870951921857,2187310.373625091,4172,0,1246.371794871795,105,207,54,36.838951453355676,0.5576923076923077,41.70597484276728,16860.99785968815,160.58093199702998,8
4174,65.6909659576597,3,2,312,0.009554140127388535,0.006369426751592357,0.9936305732484076,314,9550,6900,2650,0.7225130890052356,122,69,53,186.7974635413412,0.4593944805084688,0.8375845051750828,0.11661978172946263,2196190.692547226,9698.570164184779,2205889.2627114104,4173,0,1239.3280254777071,83,231,56,36.58841677856638,0.5597133757961783,41.4186507936508,16986.458608000026,204.65612780722924,0
4175,65.51346337939009,0,2,310,0.0,0.00641025641025641,0.9935897435897436,312,9000,5600,3400,0.6222222222222222,124,56,68,187.88546471364492,0.45943735056476215,0.8371007860397783,0.11777428536325671,2192698.9080921724,10995.250664800282,2203694.1587569728,4174,1,1246.1826923076924,84,228,48,36.413433908045995,0.5612980769230769,41.27450980392158,16950.002927275604,201.78574913423338,0
4176,65.85315137308653,1,1,310,0.003215434083601286,0.003215434083601286,0.9967845659163987,311,9200,6500,2700,0.7065217391304348,119,65,54,183.24458702249788,0.45895524323202985,0.8313724825022684,0.11543222098299814,2207050.24951316,9486.002301988165,2216536.251815148,4175,0,1251.0192926045015,89,222,54,36.35532619547885,0.5631028938906752,41.099537037037045,17049.411378062232,191.56641997822732,0
4177,65.34038944267272,0,0,310,0.0,0.0,1.0,310,9350,6900,2450,0.7379679144385026,118,69,49,198.8871379845213,0.458600628110102,0.8428876529477194,0.12694375844946812,2197721.793914306,16069.719535564796,2213791.513449871,4176,1,1256.0,98,212,51,35.47709601081811,0.5654233870967742,40.63552188552189,16946.97600759559,172.92832660811825,7
4178,65.03035833958478,0,1,309,0.0,0.0032258064516129032,0.9967741935483871,310,10200,7700,2500,0.7549019607843137,127,77,50,195.67460743640171,0.45829331523819467,0.8410231594780022,0.12563990438217143,2190819.336361639,13537.54272132914,2204356.8790829685,4177,2,1257.0,83,227,49,35.34739473851839,0.5671370967741935,40.426587301587325,16880.152043206825,203.37532582176897,0
4179,64.87586419498295,0,1,308,0.0,0.003236245954692557,0.9967637540453075,309,9400,6800,2600,0.723404255319149,120,68,52,186.08433628697864,0.45820812143627676,0.8322563797210192,0.11805410717498849,2178506.6517804204,9877.192878665619,2188383.844659086,4178,3,1262.0258899676376,92,217,56,36.02662042039449,0.5642866774541532,40.84901433691757,16812.644151874134,182.7461320855884,8
4180,64.43347535397619,1,1,308,0.003236245954692557,0.003236245954692557,0.9967637540453075,309,10800,8000,2800,0.7407407407407407,136,80,56,185.73350404957722,0.45797871222628506,0.8333484682778154,0.1186282302488077,2167613.981838599,7919.708054747662,2175533.6898933463,4179,0,1262.977346278317,78,231,57,35.794106682933474,0.5665453074433657,40.611814345991554,16713.282267450115,214.2728495826938,0
4181,64.853477755308,0,0,308,0.0,0.0,1.0,308,9150,6300,2850,0.6885245901639344,120,63,57,183.06316304207465,0.4575709984911939,0.8298234071361834,0.11738796048178236,2184086.5115630156,9215.1570328513,2193301.6685958668,4180,1,1268.0551948051948,81,227,58,35.72156958720834,0.5678436147186148,40.47256097560976,16831.25699366036,207.79329621802916,0
4182,64.665157145216,1,0,309,0.003236245954692557,0.0,1.0,309,10200,7200,3000,0.7058823529411765,132,72,60,180.29283064404063,0.4574345220583085,0.8281527739314225,0.11644221487092811,2181942.3965234077,6677.714194289859,2188620.1107176975,4181,0,1264.9482200647249,87,222,49,35.53893648045201,0.5699838187702265,40.2225378787879,16798.550410853684,193.08678633165155,0
4183,64.14850024152379,0,4,305,0.0,0.012944983818770227,0.9870550161812298,309,8850,6200,2650,0.7005649717514124,115,62,53,178.46004982474767,0.457356592975525,0.8263934253062992,0.11572848220948234,2166868.2424206673,6689.882901211508,2173558.125321879,4182,1,1265.9482200647249,89,220,52,35.44250307996023,0.5711637001078749,40.08101851851853,16673.41284634151,187.34171737462373,0
4184,63.79251336897865,0,3,302,0.0,0.009836065573770493,0.9901639344262295,305,8700,6000,2700,0.6896551724137931,114,60,54,179.38323983086408,0.45672454702329596,0.82574654575766,0.11665302870764653,2156452.762202159,7666.296605208169,2164119.058807367,4183,2,1282.9573770491804,90,215,54,35.31972265023116,0.572438524590164,39.98397435897437,16587.075791853895,184.30084213170994,0
4185,63.901242121955896,0,1,301,0.0,0.0033112582781456954,0.9966887417218543,302,8550,6200,2350,0.7251461988304093,109,62,47,177.67188061541037,0.456213834679105,0.8222996732250933,0.11590008146920396,2161917.6297401,7872.394202307149,2169790.023942407,4184,3,1293.9172185430464,95,207,56,35.254635423184425,0.5739514348785872,39.87630208333334,16622.22740223148,174.9708147603314,0
4186,63.578239898152965,0,1,300,0.0,0.0033222591362126247,0.9966777408637874,301,8550,6000,2550,0.7017543859649122,111,60,51,177.70834334477064,0.4559962163159838,0.8225944013570152,0.11640894850562011,2153374.559624468,7784.525118328365,2161159.084742796,4185,4,1299.1860465116279,97,204,59,35.106965885267755,0.575235326688815,39.732142857142875,16547.37225920689,170.59146658976178,0
4187,63.292980940803886,0,0,300,0.0,0.0,1.0,300,9000,6200,2800,0.6888888888888889,118,62,56,179.20441973414202,0.45558992939427717,0.824298728561808,0.11779156430689734,2145655.040079811,7902.173281428698,2153557.21336124,4186,5,1304.4766666666667,100,200,57,34.94804663260323,0.5768055555555556,39.614273927392766,16480.58879757108,164.8058879757108,0
4188,63.03892084711815,1,0,301,0.0033222591362126247,0.0,1.0,301,9750,7400,2350,0.7589743589743589,121,74,47,178.37496091833512,0.4555320228866741,0.8306297260525328,0.11686686302286871,2135210.798652123,6223.628552396169,2141434.4272045195,4187,0,1301.139534883721,94,207,55,35.0832385446069,0.5736434108527132,39.725877192982466,16407.399826184745,174.54680666153985,8
4189,63.07126694009921,1,0,302,0.0033112582781456954,0.0,1.0,302,9550,6900,2650,0.7225130890052356,122,69,53,176.38321159679876,0.45550015401201294,0.8294818401314954,0.1158996004825919,2137955.7941136765,5469.901843551488,2143425.695957228,4188,0,1297.8278145695365,98,204,53,35.03285042700504,0.5752621412803531,39.62542087542089,16422.15458438243,167.57300596308605,0
4190,62.990424716255156,1,0,303,0.0033003300330033004,0.0,1.0,303,9900,7800,2100,0.7878787878787878,120,78,42,174.5858902930271,0.4553622166852447,0.8285766914493058,0.11549917895393212,2139032.645344775,4188.983750672796,2143221.629095448,4189,0,1294.5412541254125,81,222,52,34.84295028028271,0.5769045654565457,39.39278455284551,16415.759185136798,202.66369364366417,0
4191,63.20251663827034,1,2,302,0.003289473684210526,0.006578947368421052,0.993421052631579,304,8350,6200,2150,0.7425149700598802,105,62,43,170.91914792141623,0.4551537801806496,0.8225458397291685,0.11347761995949679,2148244.0080371727,4285.207076199882,2152529.2151133725,4190,0,1291.279605263158,89,215,45,34.814472632840605,0.5801809210526316,39.27083333333332,16478.739494332287,185.1543763408122,8
4192,63.17777924103139,0,2,300,0.0,0.006622516556291391,0.9933774834437086,302,8750,6000,2750,0.6857142857142857,115,60,55,168.2376167466921,0.4544424673457863,0.8184298682194819,0.11204654457917115,2149156.7103567035,3163.8005931142634,2152320.510949818,4191,2,1300.8245033112582,91,211,45,34.77616623981712,0.581298289183223,39.16440217391303,16479.0138176589,181.08806393031756,0
4193,63.61434010642323,1,0,301,0.0033222591362126247,0.0,1.0,301,10250,7600,2650,0.7414634146341463,129,76,53,167.52741183271743,0.45406053894425985,0.8180383313900366,0.11200060741149152,2166163.4834789834,2128.3523987554263,2168291.835877739,4192,0,1306.0232558139535,92,209,47,34.66261069859932,0.5828142303433002,39.0344982078853,16601.148187046965,180.4472629026844,0
4194,63.545383156295294,0,0,301,0.0,0.0,1.0,301,8350,5900,2450,0.7065868263473054,108,59,49,169.48119471839053,0.45388842746400887,0.8204375582148766,0.1137453835579002,2165988.1591238254,4868.8521908383245,2170857.0113146636,4193,1,1307.0232558139535,94,207,48,34.47841424491851,0.5840254706533776,38.90350877192981,16591.476575851913,176.50506995587142,0
4195,63.18410310510045,0,1,300,0.0,0.0033222591362126247,0.9966777408637874,301,9250,6600,2650,0.7135135135135136,119,66,53,172.79169470650945,0.4536701734957549,0.8239003918477132,0.11631548308095829,2155347.235129753,5035.220287811349,2160382.4554175646,4194,2,1308.0232558139535,95,206,50,34.28880026586904,0.5855827796234774,38.802083333333314,16503.55609750399,173.72164313162097,0
4196,63.494434957644216,1,1,300,0.0033222591362126247,0.0033222591362126247,0.9966777408637874,301,9550,7100,2450,0.743455497382199,120,71,49,173.25719963187024,0.4536064968623108,0.825525765828605,0.11735010544313405,2169381.1036914815,5422.17899197587,2174803.2826834572,4195,0,1308.0564784053156,98,203,48,34.06523372511132,0.5872439091915835,38.594276094276076,16597.80873408778,169.36539524579368,0
4197,63.72114992208939,0,0,300,0.0,0.0,1.0,300,9300,6400,2900,0.6881720430107527,122,64,58,173.38312008871213,0.4531284838350056,0.8254913627639167,0.11792768350681307,2179467.450122002,6276.5733267882915,2185744.0234487904,4196,1,1312.93,82,218,54,33.91904590531029,0.5889583333333333,38.45381526104417,16666.02364930145,203.24419084513963,0
4198,63.856151244572786,1,1,300,0.0033222591362126247,0.0033222591362126247,0.9966777408637874,301,8250,5900,2350,0.7151515151515152,106,59,47,172.2919506689875,0.4526545773348099,0.8239092727930697,0.11790505461325637,2187505.890780607,6927.9314044979465,2194433.8221851047,4197,0,1309.5647840531562,88,213,56,33.73930572944612,0.5908084163898117,38.24906367041197,16714.407378670632,189.93644748489353,0
4199,63.80261223685937,0,2,298,0.0,0.006666666666666667,0.9933333333333333,300,9250,6300,2950,0.6810810810810811,122,63,59,169.9673427727735,0.4521088814567076,0.8215268854799473,0.11689277938033756,2188432.8034946145,5142.421689350358,2193575.2251839647,4198,1,1314.0266666666666,90,210,48,33.63207100505513,0.5926388888888889,38.08379120879121,16710.938308053803,185.67709231170892,0
4200,64.17181896768031,0,0,298,0.0,0.0,1.0,298,9600,7000,2600,0.7291666666666666,122,70,52,185.53308224119425,0.45188249949155984,0.8311596170328042,0.1207320260462113,2169656.8874007375,11308.62594505943,2180965.513345797,4199,4,1323.1208053691275,90,208,51,35.13649836392718,0.5754684004474273,39.961080586080605,16687.170461181355,185.4130051242373,8
4201,64.2862687761119,0,1,297,0.0,0.003355704697986577,0.9966442953020134,298,9600,7700,1900,0.8020833333333334,115,77,38,186.49722687027523,0.45185448820795576,0.8324552139079464,0.12167414962626096,2175024.990532127,11927.225821558291,2186952.2163536856,4200,5,1324.1208053691275,93,205,52,35.02012865297779,0.5769015659955257,39.87145390070924,16722.693630878348,179.8139100094446,0
4202,63.872520136405896,1,1,297,0.003355704697986577,0.003355704697986577,0.9966442953020134,298,9100,6600,2500,0.7252747252747253,116,66,50,185.82599060017122,0.45158920487499904,0.8326192220192938,0.12168313650892133,2163137.7164760972,11693.441793753189,2174831.1582698505,4201,0,1324.8422818791946,96,202,55,34.9081906333815,0.5784046420581656,39.74441580756016,16623.180041943815,173.15812543691473,0
4203,63.69276206334685,1,1,297,0.003355704697986577,0.003355704697986577,0.9966442953020134,298,8850,6000,2850,0.6779661016949152,117,60,57,184.52759660867451,0.4516835958390768,0.8322545111800044,0.1215414291340417,2160385.516486624,11280.149421093241,2171665.665907717,4202,0,1325.1442953020135,77,221,55,34.73712377582935,0.5800475391498882,39.543269230769226,16589.20858068178,215.44426728158157,0
4204,63.6361561567813,0,0,297,0.0,0.0,1.0,297,8050,5800,2250,0.7204968944099379,103,58,45,185.8998371613258,0.4512500189583523,0.8311422882992485,0.12276175687380855,2159933.207194973,12856.246299376753,2172789.4534943495,4203,1,1330.5084175084176,80,217,54,34.611200230338945,0.5814744668911336,39.45473251028805,16580.099327885597,207.25124159856995,0
4205,63.53712141639037,0,0,297,0.0,0.0,1.0,297,7700,5100,2600,0.6623376623376623,103,51,52,184.86368466961216,0.4510665968999303,0.830757629900013,0.12261708263703246,2159070.0598810534,12726.729345890506,2171796.789226944,4204,2,1331.5084175084176,81,216,54,34.484536919728406,0.5825617283950617,39.30386178861789,16563.882186320683,204.4923726706257,0
4206,63.796592548373205,0,0,297,0.0,0.0,1.0,297,9250,6600,2650,0.7135135135135136,119,66,53,181.91253274189665,0.45085473731307063,0.8272344162600678,0.12123325522680026,2170577.443892346,10321.048066177464,2180898.4919585236,4205,3,1332.5084175084176,84,213,48,34.39682576967649,0.5839646464646464,39.14215686274509,16641.84153167485,198.11716109136728,0
4207,64.28919743623904,0,1,296,0.0,0.003367003367003367,0.9966329966329966,297,8250,5700,2550,0.6909090909090909,108,57,51,184.02569467372305,0.4508334091667425,0.8285448230392249,0.12303754727326538,2189175.7851917734,12922.918926561464,2202098.7041183347,4206,4,1333.5084175084176,86,211,50,34.2300957362207,0.5851571268237935,39.032567049808414,16777.386821363267,195.0858932716659,0
4208,64.47432636835374,0,1,295,0.0,0.0033783783783783786,0.9966216216216216,296,9050,7300,1750,0.8066298342541437,108,73,35,188.38209873442065,0.45028224728966254,0.8323373939907628,0.1264247982664748,2197626.0726543777,14548.68236002278,2212174.7550144005,4207,6,1339.0,85,211,52,33.98647708294676,0.5864653716216216,38.90503875968992,16833.921744140418,198.04613816635785,0
4209,64.23476499018142,0,0,295,0.0,0.0,1.0,295,9700,7700,2000,0.7938144329896907,117,77,40,183.63493890216003,0.4498717283523579,0.8281224641955054,0.11556582672953508,2152237.4430847485,10345.19827276187,2162582.6413575104,4208,7,1343.7389830508475,87,208,49,36.38031193317788,0.5627118644067797,41.13399621212122,16628.196917261837,191.12870019841193,8
4210,63.799969894656016,0,1,294,0.0,0.003389830508474576,0.9966101694915255,295,9350,6500,2850,0.6951871657754011,122,65,57,183.1434813093214,0.4497718013759176,0.8281760701804908,0.11557993917427442,2139310.461205861,10010.153093338533,2149320.6142991995,4209,8,1344.7389830508475,88,207,51,36.29186251468864,0.5640889830508475,41.03464419475657,16521.981904133485,187.74979436515324,0
4211,63.650352833047876,0,0,294,0.0,0.0,1.0,294,7950,5600,2350,0.7044025157232704,103,56,47,175.8576367228784,0.44977672525210316,0.8227433892320408,0.11028763421168811,2130622.7485494236,8187.256261581223,2138810.0048110047,4210,9,1349.5034013605443,83,211,48,36.70725497244187,0.5600907029478458,41.25744047619048,16469.055206616395,198.4223518869445,8
4212,64.11052029566117,3,1,296,0.010101010101010102,0.003367003367003367,0.9966329966329966,297,8600,6700,1900,0.7790697674418605,105,67,38,173.44992317091305,0.4503035232201899,0.8222205369148512,0.10951228783499911,2149991.423918474,6583.169459356641,2156574.5933778305,4211,0,1336.861952861953,89,208,53,36.52648671195329,0.5620791245791246,41.01851851851853,16603.437524719,186.55547780583146,0
4213,63.92879178552953,1,1,296,0.003367003367003367,0.003367003367003367,0.9966329966329966,297,9400,7000,2400,0.7446808510638298,118,70,48,175.00109448892005,0.4505656224406224,0.8248111450725817,0.11118756407427455,2147571.058724137,6365.457153891348,2153936.5158780282,4212,0,1337.6026936026935,90,207,58,36.260617234881934,0.5637275533108866,40.79670329670333,16570.553585068064,184.11726205631183,0
4214,64.00158088773128,0,0,296,0.0,0.0,1.0,296,7700,5100,2600,0.6623376623376623,103,51,52,173.35358144074166,0.4504571308596732,0.8222491245474146,0.11043818679716318,2151591.7116644527,7697.2258030504145,2159288.937467503,4213,1,1342.9695945945946,94,202,54,36.20672643211551,0.5652449324324325,40.70175438596494,16595.497640713642,176.54784724163449,0
4215,63.76453090169685,0,0,296,0.0,0.0,1.0,296,9600,6500,3100,0.6770833333333334,127,65,62,175.26197503189405,0.4503903267674454,0.8237683016960256,0.11202417468412848,2145546.1417398215,6406.530864675952,2151952.6726044975,4214,2,1343.9695945945946,78,218,57,36.03889227745589,0.5663710585585586,40.58544303797468,16541.447533755014,212.06984017634633,0
4216,63.80762869310925,1,0,297,0.003367003367003367,0.0,1.0,297,9250,6400,2850,0.6918918918918919,121,64,57,177.42563417725665,0.4505689401522735,0.824115035282261,0.11415478017957933,2150805.92938899,7671.621202809288,2158477.5505917994,4215,0,1340.4410774410774,84,213,53,35.748631236135374,0.5681818181818181,40.355392156862756,16567.30672942291,197.22984201693941,0
4217,63.84860988163077,2,2,297,0.006688963210702341,0.006688963210702341,0.9933110367892977,299,9450,7400,2050,0.783068783068783,115,74,41,182.8009168227039,0.4510560930169918,0.8310761714437984,0.11667454208441295,2147536.5704821628,9264.330798885707,2156800.9012810485,4216,0,1332.468227424749,93,206,54,35.894885352132754,0.5653219063545151,40.63608156028371,16560.025645828704,178.06479189063123,8
4218,63.93518942486451,0,1,296,0.0,0.003367003367003367,0.9966329966329966,297,10100,7400,2700,0.7326732673267327,128,74,54,181.17730408393572,0.4509135082051749,0.8276853849645627,0.1163897582192777,2154215.1399459876,8558.978294442502,2162774.11824043,4217,1,1340.828282828283,81,216,53,35.70584577114429,0.56709455667789,40.40904471544715,16596.996899099406,204.90119628517786,0
4219,64.35631922554317,0,2,294,0.0,0.006756756756756757,0.9932432432432432,296,9300,6800,2500,0.7311827956989247,118,68,50,178.10903481426624,0.45003578790655063,0.8244196603135161,0.11480878781517906,2170390.844898771,8813.24371092764,2179204.0886096987,4218,2,1346.3513513513512,83,213,44,35.66451200878578,0.568552927927928,40.29017857142856,16713.96817386591,201.37311052850492,0
4220,63.903946383383044,0,1,293,0.0,0.003401360544217687,0.9965986394557823,294,8850,6700,2150,0.7570621468926554,110,67,43,181.11175366696278,0.44958300441906,0.8270137507123827,0.11692610971299977,2156034.9545356752,10446.654316644832,2166481.60885232,4219,3,1356.2414965986395,82,212,44,35.53131139884686,0.5696924603174602,40.23594377510038,16599.948321325985,202.438394162512,0
4221,64.23997062039005,0,1,292,0.0,0.0034129692832764505,0.9965870307167235,293,8800,6200,2600,0.7045454545454546,114,62,52,180.04693461292422,0.44927688687331496,0.8258121844110897,0.11659652539395612,2169157.4628348732,10710.030375233091,2179867.493210106,4220,4,1361.1467576791808,83,210,47,35.45006998791119,0.5710324232081911,40.12896825396824,16694.107444455447,201.13382463199335,0
4222,64.50608440029853,0,1,291,0.0,0.003424657534246575,0.9965753424657534,292,8600,6300,2300,0.7325581395348837,109,63,46,193.08875446816086,0.44918277001051327,0.8373405236948954,0.1189206054661611,2148454.0187705345,15968.462103302656,2164422.480873837,4221,5,1364.8390410958905,86,206,52,36.922627883961155,0.5525827625570776,41.906130268199206,16648.62494411904,193.58866214091907,8
4223,64.50202702367777,3,0,294,0.01020408163265306,0.0,1.0,294,8150,5300,2850,0.6503067484662577,110,53,57,200.17711434684622,0.44962508609814805,0.841302987231006,0.1244951786018091,2154159.066404671,19292.66915139694,2173451.735556068,4222,0,1356.5272108843537,74,220,57,36.38208924476928,0.5548823696145124,41.55555555555557,16670.19053967501,225.2728451307434,0
4224,64.1525108251086,1,0,295,0.003389830508474576,0.0,1.0,295,8850,5900,2950,0.6666666666666666,118,59,59,199.17415116851188,0.4501325954110458,0.8407325719795047,0.12461715001456689,2146042.713682193,17637.247173804455,2163679.960855997,4223,0,1352.9254237288135,79,216,43,36.18933006124675,0.5568502824858756,41.34114583333334,16593.61494193732,210.04575875870026,0
4225,63.87454137869581,2,3,294,0.006734006734006734,0.010101010101010102,0.98989898989899,297,9350,5800,3550,0.6203208556149733,129,58,71,200.2221271505182,0.45050732550732553,0.8414295911182588,0.1261387317636854,2140792.366629834,16976.80028684387,2157769.1669166777,4224,0,1344.8080808080808,83,214,49,35.91240380623943,0.5590277777777778,41.09623015873017,16537.359559826593,199.24529590152522,0
4226,63.53398514779255,0,0,294,0.0,0.0,1.0,294,8500,6700,1800,0.788235294117647,103,67,36,201.15245067160717,0.44949134375024186,0.841927632844832,0.12740458694125653,2132494.5060849977,18491.29918854768,2150985.8052735454,4225,1,1358.4625850340135,84,210,54,35.69514079399615,0.560374149659864,40.90686274509806,16461.219534248023,195.96689921723836,0
4227,63.37082292517729,1,2,293,0.003389830508474576,0.006779661016949152,0.9932203389830508,295,8550,5800,2750,0.6783625730994152,113,58,55,203.21618868306777,0.44970502325223877,0.8440947273652479,0.12917294436255017,2129090.7898309734,18983.14313393551,2148073.932964909,4226,0,1354.8542372881357,86,209,56,35.51289453425715,0.5618290960451977,40.7806513409962,16426.943442649692,191.0109702633685,0
4228,62.9495765055148,1,1,293,0.003401360544217687,0.003401360544217687,0.9965986394557823,294,8400,5800,2600,0.6904761904761905,110,58,52,201.6846597616696,0.44956631685666304,0.8419232717189697,0.1285137405375565,2116344.9689422585,18166.862999888926,2134511.8319421476,4227,0,1359.7721088435374,89,205,56,35.464649169791144,0.5639172335600907,40.69444444444447,16323.174907749612,183.4064596376361,0
4229,62.83513169983975,1,0,294,0.003401360544217687,0.0,1.0,294,8200,5500,2700,0.6707317073170732,109,55,54,200.836134398833,0.4494582104741783,0.8416269404582932,0.12863840519486042,2115464.7583169113,17972.352903465857,2133437.111220377,4228,0,1360.2380952380952,73,221,53,35.3009384832375,0.5654407596371882,40.512387387387385,16304.938312990493,223.35531935603416,0
4230,63.29318960416649,0,0,294,0.0,0.0,1.0,294,9400,6800,2600,0.723404255319149,120,68,52,198.06358241190205,0.4490601274639549,0.8423802510695004,0.12808111662636268,2136372.2053852025,16427.506472761383,2152799.711857964,4229,1,1361.2380952380952,76,218,47,35.032455135547885,0.5704010770975056,40.17857142857141,16444.926941796744,216.38061765522033,8
4231,63.807671464518336,0,1,293,0.0,0.003401360544217687,0.9965986394557823,294,7900,5600,2300,0.7088607594936709,102,56,46,197.70412103253057,0.44885020276597554,0.8422983004732061,0.12817180558078242,2155192.9885849883,18518.107092733146,2173711.0956777213,4230,2,1362.2380952380952,77,217,49,34.9523002089542,0.5715348639455782,40.090811965811945,16584.20008069509,215.37922182720894,0
4232,63.840347892308394,1,1,293,0.003401360544217687,0.003401360544217687,0.9965986394557823,294,9250,6600,2650,0.7135135135135136,119,66,53,194.05310428182378,0.44856312832300155,0.8387903494007047,0.12632655902681925,2158678.767878533,15729.66321081812,2174408.431089351,4231,0,1363.2210884353742,82,212,52,34.9008855750205,0.5731292517006803,39.947289156626496,16601.855530578785,202.4616528119364,0
4233,63.77850078228265,0,1,292,0.0,0.0034129692832764505,0.9965870307167235,293,8400,5900,2500,0.7023809523809523,109,59,50,195.86946025083103,0.44811634095407293,0.8393113352124919,0.12785722331502555,2158152.60582336,17543.237208308943,2175695.843031669,4232,1,1368.863481228669,84,209,54,34.75745477670999,0.5742676336746302,39.85294117647058,16591.78939468496,197.5213023176781,0
4234,63.41637884254787,0,0,292,0.0,0.0,1.0,292,8850,6200,2650,0.7005649717514124,115,62,53,194.61461823159505,0.44758175242040515,0.8382492583493464,0.12781060858197718,2149349.1713512656,16408.9536857839,2165758.1250370494,4233,2,1374.5342465753424,85,207,53,34.5769849577421,0.5758418949771689,39.64389534883719,16510.841366528075,194.2451925473891,0
4235,63.06892597964181,0,0,292,0.0,0.0,1.0,292,7850,5000,2850,0.6369426751592356,107,50,57,199.51918726191565,0.4474292512043183,0.8419990140272879,0.13159496285121078,2139993.5892046904,19143.95633276594,2159137.5455374564,4234,3,1375.5342465753424,71,221,57,34.29898367210929,0.577054794520548,39.49652777777778,16429.674207023014,231.40386207074667,0
4236,63.53272415654912,0,0,292,0.0,0.0,1.0,292,7650,5800,1850,0.7581699346405228,95,58,37,199.2359702625819,0.44735005845062686,0.8416325663961146,0.1315130276592271,2156183.413604722,19867.858894724577,2176051.2724994463,4235,4,1376.5342465753424,72,220,51,34.27846697338152,0.5778039383561644,39.46917808219178,16552.23284318314,229.89212282198807,0
4237,63.80169461011948,0,0,292,0.0,0.0,1.0,292,9150,6500,2650,0.7103825136612022,118,65,53,197.87405401791008,0.4471267005601845,0.8398211377663429,0.13117346229929008,2167743.6591605055,18238.04518194152,2185981.704342447,4236,5,1377.5342465753424,75,217,55,34.16479353979355,0.5791238584474886,39.322916666666664,16631.639662689995,221.75519550253327,0
4238,63.50717215856252,0,1,291,0.0,0.003424657534246575,0.9965753424657534,292,9350,6700,2650,0.7165775401069518,120,67,53,197.10139382098873,0.44670499301730765,0.8388506715351716,0.13125084632518688,2160280.114032305,17408.844303906473,2177688.9583362113,4237,6,1378.5342465753424,77,215,46,34.028328895943226,0.5807648401826484,39.16933760683761,16564.617780834466,215.12490624460344,0
4239,63.677897319997854,0,0,291,0.0,0.0,1.0,291,8550,6600,1950,0.7719298245614035,105,66,39,196.9909611932161,0.4461927756053245,0.838273956849436,0.1315395491952972,2167646.0522037274,18651.335870058803,2186297.388073786,4238,7,1384.1855670103093,79,212,47,33.93554443834523,0.5820088774341352,39.07552083333334,16615.122192648963,210.31800243859448,0
4240,64.02322034390603,0,4,287,0.0,0.013745704467353952,0.9862542955326461,291,9000,6800,2200,0.7555555555555555,112,68,44,192.41061381561295,0.4460747718924043,0.8364269862934219,0.12304668905317034,2154541.5154928085,15711.331097437796,2170252.8465902465,4239,8,1385.1855670103093,72,219,56,35.57617384448967,0.5700887743413516,40.567922374429195,16609.677070099115,230.68995930693214,8
4241,64.495440590934,1,0,288,0.003472222222222222,0.0,1.0,288,10250,7400,2850,0.7219512195121951,131,74,57,191.84216752699044,0.4457858473674023,0.8347161600004827,0.12332328670966382,2173482.9876851346,15543.137488110246,2189026.125173245,4240,0,1397.6805555555557,73,215,58,35.40520116033183,0.5714699074074074,40.38569819819817,16743.938778414784,229.36902436184636,0
4242,64.78783797358778,1,2,287,0.0034602076124567475,0.006920415224913495,0.9930795847750865,289,9100,6700,2400,0.7362637362637363,115,67,48,188.44105427394675,0.44606091006664106,0.8308870483329245,0.12171887428623487,2186149.941407963,15492.079951968297,2201642.0213599317,4241,0,1393.840830449827,81,208,48,35.323145884270566,0.5728806228373702,40.218495934959336,16830.68199390072,207.78619745556443,0
4243,64.34892690213037,1,0,288,0.003472222222222222,0.0,1.0,288,7700,5600,2100,0.7272727272727273,98,56,42,187.21227587724633,0.4454060100496838,0.8297206820323262,0.12153508363210705,2174264.253214753,16109.791840574944,2190374.045055328,4242,0,1399.6145833333333,85,203,51,35.17690181095271,0.5741825810185186,40.04360465116279,16727.91508204361,196.79900096521897,0
4244,64.6343072459039,0,1,287,0.0,0.003472222222222222,0.9965277777777778,288,7800,5900,1900,0.7564102564102564,97,59,38,208.88630755757507,0.4455090979481224,0.8445813585740731,0.13341934105245873,2174385.1273738695,25439.856093047034,2199824.9834669167,4243,1,1400.6145833333333,73,215,50,35.19264078073842,0.5680700231481481,40.61092342342342,16765.433271681737,229.66346947509228,8
4245,64.52383806079041,2,1,288,0.006920415224913495,0.0034602076124567475,0.9965397923875432,289,9450,6300,3150,0.6666666666666666,126,63,63,190.2236883401457,0.44591923779315645,0.8331045871377107,0.11950536952615422,2160896.9515161505,14960.757648075865,2175857.7091642264,4244,0,1396.4809688581315,83,206,47,36.27236064526435,0.5594002306805075,41.19543650793651,16699.063744155475,201.19353908621054,8
4246,64.5299632991022,2,1,289,0.006896551724137931,0.0034482758620689655,0.996551724137931,290,8550,5700,2850,0.6666666666666666,114,57,57,188.32753842277768,0.4461738853756512,0.8297894544791118,0.11912284056862363,2165136.9920905777,15000.984013702735,2180137.9761042804,4245,0,1392.2896551724139,94,196,51,36.07539682539681,0.5614942528735631,40.953947368421034,16716.23226909297,177.8322581818401,0
4247,64.85889257208919,1,0,290,0.0034482758620689655,0.0,1.0,290,8700,6400,2300,0.735632183908046,110,64,46,189.82205459474835,0.4465228890744939,0.8324996969119671,0.12074623344988548,2179513.7509329747,16043.955643920095,2195557.706576895,4245,0,1378.6482758620689,95,195,54,35.83417043361793,0.5635057471264369,40.755208333333314,16814.330092581862,176.99294834296697,0
4248,64.69029304520613,1,1,290,0.003436426116838488,0.003436426116838488,0.9965635738831615,291,9050,6900,2150,0.7624309392265194,112,69,43,183.1370591912194,0.4468687048228463,0.8282288203088857,0.11339111592537408,2157775.9119512187,11783.746981680197,2169559.658932899,4246,0,1374.9072164948454,106,185,50,36.98519342153206,0.5604596219931272,41.715342679127744,16708.510171168007,157.6274544449812,8
4249,64.9803291707605,0,1,289,0.0,0.0034482758620689655,0.996551724137931,290,9450,7200,2250,0.7619047619047619,117,72,45,182.45769992815653,0.4465721075448435,0.8269115631129864,0.11341177483476765,2169797.530984223,11729.253362635063,2181526.784346858,4247,1,1380.5241379310344,79,211,51,36.860367225945154,0.5618534482758621,41.57552083333334,16792.507722032384,212.56338888648588,0
4250,65.07731907395686,1,1,289,0.0034482758620689655,0.0034482758620689655,0.996551724137931,290,9000,6700,2300,0.7444444444444445,113,67,46,181.75187239723098,0.4463859225231675,0.8260152791839923,0.11351916734601297,2175936.6372435284,12096.111607349649,2188032.748850878,4248,0,1381.510344827586,82,208,55,36.703065598964635,0.5631106321839081,41.40311244979922,16828.792162636677,205.22917271508143,0
4251,64.88181760346781,1,1,289,0.0034482758620689655,0.0034482758620689655,0.996551724137931,290,8200,6200,2000,0.7560975609756098,102,62,40,188.4679931759655,0.4466586127351549,0.8307995095596994,0.11374515432308219,2148656.4960300685,14790.595566257289,2163447.091596326,4249,0,1382.4931034482759,78,212,52,37.79203811865969,0.5473419540229885,42.64240506329112,16697.828533550608,214.07472478911035,8
4252,64.8663642167635,0,4,285,0.0,0.01384083044982699,0.986159169550173,289,8200,5900,2300,0.7195121951219512,105,59,46,189.50578668989104,0.4462771730424196,0.831141124419541,0.11490957838684415,2151007.238995186,15525.663800286253,2166532.902795472,4250,1,1388.273356401384,78,211,54,37.59066782721486,0.5488033448673587,42.47099156118142,16704.9704577743,214.16628792018332,0
4253,64.71742420924704,4,1,288,0.01384083044982699,0.0034602076124567475,0.9965397923875432,289,7800,5400,2400,0.6923076923076923,102,54,48,185.3485541876646,0.44746461697424067,0.825746701618786,0.11330641368290029,2150997.844466836,14136.868106541251,2165134.7125733774,4251,0,1387.681660899654,85,204,47,37.39664568260827,0.5514345444059977,42.17538759689919,16685.744812475994,196.3028801467764,0
4254,64.35314252494432,1,0,289,0.0034602076124567475,0.0,1.0,289,9450,7600,1850,0.8042328042328042,113,76,37,187.95775419883194,0.4473289520056389,0.8273881436288324,0.11551515727106819,2142088.8998714862,13274.443782817587,2155363.343654304,4252,0,1388.6782006920416,88,201,50,37.133042262039766,0.5532006920415224,41.982677902621695,16604.2255028369,188.6843807140557,0
4255,64.16860310857302,2,1,290,0.006872852233676976,0.003436426116838488,0.9965635738831615,291,9850,7300,2550,0.7411167512690355,124,73,51,202.25718888302694,0.44754858395544495,0.8389047434066566,0.12119608677255768,2120701.4718255415,17735.423630307072,2138436.8954558484,4253,0,1380.127147766323,89,202,52,37.705163267756134,0.5420604238258877,42.90509259259262,16497.421074661397,185.3642817377685,7
4256,64.51215045133114,1,0,291,0.003436426116838488,0.0,1.0,291,8550,6300,2250,0.7368421052631579,108,63,45,204.0682522250809,0.4479959118378955,0.8404635697093636,0.12293867877950035,2135319.9798639724,20400.20324642748,2155720.1831104,4254,0,1380.1237113402062,91,200,52,37.457827260458835,0.5439934135166093,42.70833333333334,16598.438709873797,182.40042538322854,0
4257,64.4190135660338,0,0,291,0.0,0.0,1.0,291,8200,5500,2700,0.6707317073170732,109,55,54,205.45776027443094,0.44797319982620376,0.8415131397928781,0.12433371678462891,2134964.131793872,21328.989756922092,2156293.121550794,4255,1,1381.1237113402062,75,216,52,37.25422345258373,0.5452104810996563,42.54385964912278,16585.07059792173,221.1342746389564,0
4258,64.55840922596296,1,0,292,0.003424657534246575,0.0,1.0,292,7750,5000,2750,0.6451612903225806,105,50,55,205.3584602316745,0.44837367995731925,0.8433555468165499,0.12517395974576212,2143955.4535137415,21905.878147775944,2165861.3316615173,4256,0,1377.390410958904,77,215,47,36.98850485369816,0.5470890410958904,42.28098290598288,16637.929770868377,216.07701001127762,0
4259,64.1736659433645,1,0,293,0.0034129692832764505,0.0,1.0,293,8350,6000,2350,0.718562874251497,107,60,47,205.82680943957303,0.44857607882556455,0.8445053986334163,0.12612695465657991,2134361.143107629,20911.74885552816,2155272.891963157,4257,0,1373.6860068259386,78,215,49,36.78009969325147,0.5487770193401593,42.08860759493669,16551.119539190444,212.19384024603133,0
4260,64.30489267639994,0,0,293,0.0,0.0,1.0,293,8250,5300,2950,0.6424242424242425,112,53,59,189.91448383057897,0.44858776707653464,0.8338522389272744,0.11538298530816787,2133569.4301621076,14189.147409187106,2147758.5775712947,4258,1,1374.6860068259386,80,213,55,37.507488392990844,0.5494880546075085,42.39969135802466,16564.96020062957,207.06200250786964,7
4261,64.48319983795825,0,1,292,0.0,0.0034129692832764505,0.9965870307167235,293,9550,7000,2550,0.7329842931937173,121,70,51,178.39857514751017,0.4483953979459847,0.8229027567858598,0.11026836887743884,2149844.051837741,8555.823127440828,2158399.8749651816,4259,2,1375.6860068259386,103,190,56,37.170178619913926,0.5568828213879409,41.776842948717956,16651.055438926345,161.66073241676062,8
4262,64.57184272383421,2,1,293,0.006802721088435374,0.003401360544217687,0.9965986394557823,294,8250,5900,2350,0.7151515151515152,106,59,47,168.11451666523368,0.44835102698644874,0.8097351255337426,0.10581435553532596,2163620.6514709876,5697.208013792741,2169317.85948478,4260,0,1371.9727891156463,90,204,55,36.77666003390082,0.5629606009070295,41.12866300366301,16715.79925823617,185.73110286929077,8
4263,64.64233814118386,0,1,292,0.0,0.0034129692832764505,0.9965870307167235,293,9500,6600,2900,0.6947368421052632,124,66,58,172.57923095959828,0.44829702183365283,0.8161507697166488,0.10911694376598978,2168665.323048612,6753.318732096018,2175418.641780708,4261,1,1377.655290102389,90,203,58,36.49805927497164,0.5645620022753128,40.96840659340661,16744.407850238786,186.0489761137643,0
4264,64.84927281171291,0,0,292,0.0,0.0,1.0,292,8600,5600,3000,0.6511627906976745,116,56,60,170.59613273834293,0.4479066143357027,0.8123242720846866,0.10819806753800167,2177448.5393402833,7292.860009640834,2184741.399349924,4262,2,1383.3424657534247,97,195,59,36.43799562482909,0.5658889840182648,40.858843537414955,16805.115552184892,173.24861394005043,0
4265,64.84644866278985,1,1,292,0.0034129692832764505,0.0034129692832764505,0.9965870307167235,293,8700,6200,2500,0.7126436781609196,112,62,50,175.30302369887704,0.4479507573986629,0.8184401402601895,0.11185918567479068,2180941.5592308315,9165.129968741314,2190106.689199573,4263,0,1379.617747440273,101,192,59,36.098860712973156,0.5677616609783845,40.6454248366013,16818.223143792962,166.5170608296333,0
4266,64.68595252042763,0,2,290,0.0,0.00684931506849315,0.9931506849315068,292,8850,6700,2150,0.7570621468926554,110,67,43,174.7613548521166,0.44769159252459634,0.8178360800218429,0.11177567425439168,2176926.783776329,8838.53482932282,2185765.3186056516,4264,1,1382.9520547945206,83,209,56,36.02903980051941,0.56949200913242,40.56299603174605,16781.92972073258,202.19192434617565,0
4267,65.00820073332665,0,0,290,0.0,0.0,1.0,290,8850,5500,3350,0.6214689265536724,122,55,67,228.53785010259395,0.44727309788012565,0.8509502473794424,0.14079995526326364,2165378.5105144405,32124.189890264865,2197502.7004047055,4265,2,1393.0689655172414,86,204,48,35.99546164432279,0.5558908045977011,41.89415708812259,16778.996446459718,195.10460984255485,8
4268,65.16634429845045,2,1,291,0.00684931506849315,0.003424657534246575,0.9965753424657534,292,9200,7100,2100,0.7717391304347826,113,71,42,228.27704603134418,0.4475064825275777,0.8530600621393281,0.14126991064276392,2173355.0165501256,31625.4126310927,2204980.429181218,4266,0,1384.5205479452054,93,199,53,35.837516805400575,0.5577554223744292,41.73315602836878,16830.306075129436,180.9710330659079,0
4269,65.3494847223879,1,0,292,0.003424657534246575,0.0,1.0,292,8750,6400,2350,0.7314285714285714,111,64,47,223.46382175307122,0.4476820305512404,0.8488408621824381,0.13887436830544667,2182011.3102157908,30370.117297849734,2212381.4275136404,4267,0,1378.4965753424658,73,219,51,35.807504448560124,0.5593250570776256,41.58220720720722,16887.46960210587,231.33520002884754,0
4270,65.40089139322231,0,0,292,0.0,0.0,1.0,292,8900,6400,2500,0.7191011235955056,114,64,50,222.63132518742123,0.4474277801314943,0.8486438270153731,0.1388684688962795,2185959.085680892,30032.593610124444,2215991.679291017,4268,1,1379.4965753424658,76,216,51,35.694088356355536,0.5609303652968036,41.45021645021646,16909.38631368057,222.4919251800075,0
4271,65.72034942298288,3,1,294,0.010169491525423728,0.003389830508474576,0.9966101694915255,295,10050,7100,2950,0.7064676616915423,130,71,59,218.91724417470107,0.4479394865290749,0.8461158192090383,0.13760512490981236,2201290.5965898796,27330.094206628208,2228620.690796508,4269,0,1366.457627118644,84,211,44,35.51037720959593,0.5629943502824859,41.1764705882353,17009.97279183089,202.49967609322488,0
4272,65.44980002713841,0,4,290,0.0,0.013605442176870748,0.9863945578231292,294,8150,5900,2250,0.7239263803680982,104,59,45,225.87529552306464,0.44767844566723164,0.8502187199666194,0.1426241151731348,2194954.158640223,32207.1838484877,2227161.342488711,4270,1,1372.1054421768708,87,207,46,35.16580777610189,0.5642715419501134,41.01562499999999,16950.475553903383,194.83305234371704,0
4273,64.99915179755027,0,0,290,0.0,0.0,1.0,290,7950,5600,2350,0.7044025157232704,103,56,47,185.02564300296856,0.44721045619058986,0.8270752110223707,0.11624714536255476,2176853.0902543394,14604.72854946168,2191457.818803801,4271,2,1389.4724137931034,87,203,46,36.404592023417514,0.5622844827586206,41.19318181818182,16822.223661240998,193.3588926579425,8
4274,64.65305826715226,0,0,290,0.0,0.0,1.0,290,9450,6900,2550,0.7301587301587301,120,69,51,186.94156712728164,0.44740459571252433,0.8278950304707966,0.11793062274270362,2167683.2548608147,13596.020939849248,2181279.275800664,4272,3,1390.4724137931034,90,200,49,36.207655527068034,0.5636853448275863,41.04853479853479,16742.004168034724,186.02226853371914,0
4275,64.67141202205006,1,1,290,0.003436426116838488,0.003436426116838488,0.9965635738831615,291,7550,5400,2150,0.7152317880794702,97,54,43,191.4596288457087,0.44723851562191413,0.8329503293947815,0.1214221367588902,2171436.093480433,17398.469703987394,2188834.56318442,4273,0,1386.6907216494844,96,195,51,35.89979348832069,0.5653994845360825,40.86125429553263,16758.86859433077,174.57154785761216,0
4276,64.64479720110295,0,0,290,0.0,0.0,1.0,290,9400,7400,2000,0.7872340425531915,114,74,40,201.03098074316716,0.4471940500338066,0.8399582080603778,0.12296405468979106,2148931.507918904,19000.361717365664,2167931.8696362698,4274,1,1384.606896551724,78,212,51,36.97104321145487,0.549066091954023,42.15453586497889,16668.367738232642,213.69702228503388,8
4277,64.85757193566938,0,0,290,0.0,0.0,1.0,290,7550,4600,2950,0.609271523178808,105,46,59,203.01749715351434,0.4472116990812552,0.8422169653339169,0.12449618430460949,2157548.419201534,22054.01601076329,2179602.435212297,4275,2,1385.606896551724,78,212,51,36.825648365879424,0.550323275862069,42.06223628691983,16729.217064946766,214.47714185829187,0
4278,65.27026213021482,2,1,291,0.00684931506849315,0.003424657534246575,0.9965753424657534,292,8200,5600,2600,0.6829268292682927,108,56,52,187.04417006790297,0.44752511611668155,0.8343000802763871,0.112946625226474,2161851.13644745,14272.330325433555,2176123.4667728837,4276,0,1377.109589041096,72,220,56,37.80862486370606,0.5470533675799087,42.62271689497718,16799.082734627413,233.32059353649186,8
4279,64.79153133550113,1,0,292,0.003424657534246575,0.0,1.0,292,8800,6400,2400,0.7272727272727273,112,64,48,183.15729853463884,0.447600631188313,0.8307997562225569,0.11113040996979048,2148910.7741092914,11517.738435567768,2160428.512544859,4277,0,1378.0753424657535,75,217,58,37.73066228513648,0.548765696347032,42.44791666666668,16687.193877815327,222.49591837087104,0
4280,64.54208379008223,2,2,292,0.006802721088435374,0.006802721088435374,0.9931972789115646,294,8900,6100,2800,0.6853932584269663,117,61,56,178.30833588409337,0.4481135315332048,0.8265443551157843,0.10896620526250167,2144968.543926992,8793.1543182698,2153761.698245262,4278,0,1369.6938775510205,81,213,47,37.590488215488215,0.5507723922902494,42.18750000000001,16639.755977130604,205.42908613741486,0
4281,64.61355947676601,3,0,295,0.010169491525423728,0.0,1.0,295,8500,6400,2100,0.7529411764705882,106,64,42,175.77764552888536,0.448587570621469,0.8249434232513719,0.10796031862068203,2150371.567258543,8097.4502209930215,2158469.017479536,4279,0,1366.0372881355931,85,210,52,37.47085289514863,0.5538841807909605,42.005813953488364,16669.922684776084,196.11673746795393,8
4282,64.37026781077198,2,0,297,0.006734006734006734,0.0,1.0,297,10000,7000,3000,0.7,130,70,60,178.27770084261633,0.4489370999787667,0.8278977410232076,0.11008032527252012,2145463.715575231,7097.667690801544,2152561.383266032,4280,0,1357.8316498316499,91,206,55,37.2109755295356,0.5558361391694725,41.813858695652165,16619.51106079063,182.63198967901792,0
4283,64.6764491239383,2,0,299,0.006688963210702341,0.0,1.0,299,9150,6900,2250,0.7540983606557377,114,69,45,194.06203727405946,0.4495241408722588,0.8360408428049095,0.11785582090330633,2145655.3082239735,14328.048080368222,2159983.356304342,4281,0,1349.742474916388,84,215,53,37.4154534785987,0.5498188405797102,42.41421568627449,16659.7338742163,198.33016516924167,8
4284,64.58313107655546,1,3,297,0.0033333333333333335,0.01,0.99,300,8900,6100,2800,0.6853932584269663,117,61,56,190.0413608017504,0.44987899479747306,0.8335569843092241,0.11594706168277083,2145347.347515622,12640.945862858269,2157988.2933784802,4282,0,1346.24,87,213,49,37.348306544202075,0.5512847222222222,42.24668560606059,16646.516088920296,191.33926538988845,0
4285,64.2821413526307,0,0,297,0.0,0.0,1.0,297,8700,6000,2700,0.6896551724137931,114,60,54,181.39631719525417,0.4493404389237723,0.8243961312782817,0.11087120075408004,2136426.6956356247,9407.986909185385,2145834.68254481,4283,2,1360.8181818181818,88,209,50,37.50491798317294,0.5511363636363636,42.181647940074896,16573.115750418354,188.33086080020857,8
4286,64.69924639431535,0,0,297,0.0,0.0,1.0,297,9050,6400,2650,0.7071823204419889,117,64,53,180.41164068249446,0.4488138706888707,0.8244315868278169,0.11060449553258249,2152122.650417523,9203.595662356292,2161326.2460798793,4284,3,1361.8181818181818,89,208,52,37.4184335502206,0.5525042087542087,42.071759259259245,16687.7627997374,187.5029528060382,0
4287,64.79656209590142,0,0,297,0.0,0.0,1.0,297,10400,7500,2900,0.7211538461538461,133,75,58,180.50696056316443,0.4486626778293445,0.8248813395068066,0.11115022408595432,2158012.4699204336,8107.254360548362,2166119.724280982,4285,4,1362.8181818181818,92,205,56,37.25443393223967,0.5543981481481481,41.91308243727597,16723.144979992736,181.77331499992104,0
4288,65.04106745274524,1,0,298,0.003355704697986577,0.0,1.0,298,8800,6600,2200,0.75,110,66,44,180.8505417012875,0.44905783223736245,0.8266236340684345,0.11168339117335908,2167899.5516949543,10013.161655601456,2177912.713350556,4286,0,1359.241610738255,94,204,57,37.13981611245593,0.5559633668903803,41.809210526315766,16793.004553835293,178.6489846152691,0
4289,65.28060193374502,0,1,297,0.0,0.003355704697986577,0.9966442953020134,298,8850,5800,3050,0.655367231638418,119,58,61,181.47782695442805,0.44877442395619127,0.8281411719679086,0.11245029408710655,2177931.8810525476,10599.269005636343,2188531.150058184,4287,1,1360.241610738255,98,200,56,36.99991513917176,0.5574314876957495,41.68771043771041,16862.781749509904,172.06920152561128,0
4290,65.21570606167448,0,2,295,0.0,0.006734006734006734,0.9932659932659933,297,10750,8000,2750,0.7441860465116279,135,80,55,189.69360750989293,0.4487347195680529,0.8315036194813707,0.1178264857803926,2177232.1640177025,12451.404715818091,2189683.5687335203,4288,2,1365.7205387205388,78,219,58,36.699069585480764,0.5596590909090908,41.600738396624486,16851.690291279538,216.04731142666074,8
4291,65.61728692660027,0,0,295,0.0,0.0,1.0,295,7900,5000,2900,0.6329113924050633,108,50,58,187.45555379029958,0.44855346093239556,0.8288106800309654,0.11699929641749603,2193565.2032855176,15339.195991403569,2208904.399276921,4289,3,1368.9627118644069,82,213,58,36.58114109595691,0.5612641242937852,41.428212851405625,16966.779148453144,206.91194083479445,0
4292,65.99580484358275,1,0,296,0.0033783783783783786,0.0,1.0,296,10100,7400,2700,0.7326732673267327,128,74,54,217.61812654617333,0.4484828313482974,0.8539331455203212,0.13488113014067094,2201960.7265105853,26537.31360629634,2228498.0401168815,4290,0,1365.3344594594594,92,204,50,36.05630952897136,0.5540892454954955,41.67786738351253,17048.1770509357,185.30627229277937,8
4293,65.79016069656682,0,0,296,0.0,0.0,1.0,296,9900,7100,2800,0.7171717171717171,127,71,56,212.60938500742196,0.44852219804550314,0.8498768465349045,0.13230446964591225,2197534.4732746524,24343.290579107168,2221877.7638537595,4291,1,1366.3344594594594,70,226,55,36.03940795822221,0.5556728603603603,41.534624413145565,17004.478594357763,242.92112277653948,0
4294,65.20108322027016,1,3,294,0.003367003367003367,0.010101010101010102,0.98989898989899,297,10050,8000,2050,0.7960199004975125,121,80,41,202.95967654743208,0.4490238344405011,0.8419437125990981,0.1272356157576276,2182301.290020185,19133.832790308843,2201435.1228104937,4292,0,1362.7306397306397,78,219,45,36.01994360072028,0.5576599326599326,41.27109704641353,16869.404732966144,216.2744196534121,0
4295,64.67214875634984,0,3,291,0.0,0.01020408163265306,0.9897959183673469,294,7850,5500,2350,0.7006369426751592,102,55,47,204.70136898283283,0.44775801389953024,0.8418388734838964,0.12873326523283027,2166476.2003147844,22046.128814633114,2188522.3291294174,4293,3,1377.5748299319728,79,215,48,35.860340476549794,0.5587089002267573,41.15885416666669,16739.81308759751,211.89636819743686,0
4296,64.26187546690554,0,2,289,0.0,0.006872852233676976,0.993127147766323,291,8500,5600,2900,0.6588235294117647,114,56,58,202.88948526161087,0.44694375320930596,0.8385057428710805,0.1281326549648859,2155218.575498771,20754.237481842338,2175972.812980613,4294,4,1391.4570446735395,83,208,50,35.754778150187555,0.5601374570446735,41.00942460317463,16643.22010325314,200.52072413558002,0
4297,64.24446210029785,0,1,288,0.0,0.0034602076124567475,0.9965397923875432,289,10150,7800,2350,0.7684729064039408,125,78,47,201.97574271889886,0.4467337282135076,0.8373165651384398,0.1280148412484543,2156749.392224469,19172.21207061492,2175921.6042950843,4295,5,1401.8581314878893,84,205,53,35.64880501954851,0.561815167243368,40.8823529411765,16646.873855989095,198.1770697141559,0
4298,64.08610871457519,1,0,289,0.0034602076124567475,0.0,1.0,289,8100,5800,2300,0.7160493827160493,104,58,46,204.09858903739436,0.44711519207356143,0.8387615112437197,0.12983296229690774,2153569.4820894757,22008.098537691752,2175577.5806271676,4296,0,1402.3010380622836,88,201,55,35.46256583897666,0.5635813148788927,40.75374531835209,16614.083661374705,188.79640524289437,0
4299,63.752175062934086,0,1,288,0.0,0.0034602076124567475,0.9965397923875432,289,8750,6400,2350,0.7314285714285714,111,64,47,219.6528164834066,0.44695199362424703,0.8518521803362393,0.1372704443515297,2131967.4737187265,27108.53205066647,2159076.005769393,4297,1,1403.3010380622836,76,213,50,35.7019711949225,0.5607698961937716,41.382575757575765,16487.42330462816,216.9397803240547,8
4300,63.74224886550854,1,0,289,0.0034602076124567475,0.0,1.0,289,8600,5900,2700,0.686046511627907,113,59,54,188.7224281664743,0.44728289600153787,0.8324766108107073,0.1109184123934256,2094885.714442933,12670.383752185251,2107556.0981951184,4298,0,1400.60553633218,72,217,51,38.78313945937918,0.5390715109573241,43.621575342465725,16342.13734826746,226.97412983704805,8
4301,63.731959290234116,3,0,292,0.010273972602739725,0.0,1.0,292,10050,7600,2450,0.7562189054726368,125,76,49,183.2837608326893,0.44837735763937925,0.8299737512985426,0.10882685564451099,2100745.678815415,8556.513713261562,2109302.1925286767,4299,0,1387.2054794520548,77,215,52,38.536573736953414,0.5417023401826484,43.24252136752135,16363.657175668186,212.515028255431,0
4302,63.50331158282925,2,0,294,0.006802721088435374,0.0,1.0,294,8200,5600,2600,0.6829268292682927,108,56,52,198.93283071955977,0.4489689504925975,0.8375300943284543,0.11648627529330788,2084778.1431887285,15946.163489359307,2100724.306678088,4300,0,1378.7619047619048,102,192,50,38.662660667534894,0.5381235827664399,43.760113268608386,16272.081367052253,159.53020948090443,8
4303,63.48449730297727,2,2,294,0.006756756756756757,0.006756756756756757,0.9932432432432432,296,8450,6700,1750,0.7928994082840237,102,67,35,194.37222373804534,0.4492548957856161,0.835338188271449,0.1146156811528622,2088410.308043158,13535.791130361755,2101946.0991735198,4301,0,1370.4391891891892,82,214,52,38.51332892977137,0.5400830518018018,43.49899598393577,16283.837297668933,198.58338167888942,0
4304,63.390213482861824,4,0,298,0.013422818791946308,0.0,1.0,298,10400,8500,1900,0.8173076923076923,123,85,38,192.91986549987132,0.45025502037526643,0.8384462737711382,0.11241011907701548,2078069.6856120324,10180.184849526635,2088249.8704615592,4302,0,1347.7281879194632,90,208,54,39.0047796802122,0.5353397651006712,43.94459706959707,16231.406655198458,180.34896283553843,8
4305,63.06206258805691,4,3,299,0.013245033112582781,0.009933774834437087,0.9900662251655629,302,9550,7200,2350,0.7539267015706806,119,72,47,191.0700973786566,0.45080049577200354,0.8401478818393289,0.11275777267424344,2074990.0436602104,9343.709940380033,2084333.7536005904,4303,0,1330.864238410596,77,225,52,38.56802150033839,0.5380794701986755,43.46955128205129,16177.339212793644,210.0953144518655,0
4306,62.87819973091623,5,1,303,0.01644736842105263,0.003289473684210526,0.9967105263157895,304,8150,5800,2350,0.7116564417177914,105,58,47,183.96485774991808,0.45176886109663594,0.8352755487373129,0.10961544480255277,2074699.579990576,7384.362621356749,2082083.9426119328,4304,0,1322.9013157894738,84,220,53,38.38692236745858,0.5403645833333333,43.112745098039234,16152.608122052381,192.29295383395691,0
4307,62.57739120705955,1,1,303,0.003289473684210526,0.003289473684210526,0.9967105263157895,304,8750,6000,2750,0.6857142857142857,115,60,55,183.58662654463558,0.4519782981587632,0.8347521852334023,0.10998098076234533,2067966.4444218122,6380.196667781159,2074346.6410895933,4305,0,1323.8947368421052,85,219,56,38.19449352179032,0.5421463815789473,42.91424418604652,16087.755915332375,189.2677166509691,0
4308,62.99164389526983,2,0,305,0.006557377049180328,0.0,1.0,305,9650,6600,3050,0.6839378238341969,127,66,61,200.0301918169659,0.45191032139775666,0.846496517406732,0.12201377593661274,2092347.3116298772,13056.526818607006,2105403.8384484844,4306,0,1320.527868852459,84,221,44,37.099221820717645,0.5523565573770493,42.2549019607843,16235.787431437617,193.28318370759067,8
4309,63.289260471907355,2,1,306,0.006514657980456026,0.003257328990228013,0.996742671009772,307,8900,6200,2700,0.6966292134831461,116,62,54,194.9035540878134,0.4520701603116817,0.8468350872426578,0.11746326495024872,2095075.2985217934,11367.52435269663,2106442.82287449,4307,0,1312.9185667752442,72,235,52,37.67907978408753,0.5445168295331162,42.69406392694063,16284.702409095751,226.1764223485521,8
4310,63.20556049206728,3,1,308,0.009708737864077669,0.003236245954692557,0.9967637540453075,309,9000,6800,2200,0.7555555555555555,112,68,44,191.8380674929894,0.452651952955351,0.842549957974603,0.11214770270476791,2074009.2660908722,8774.785913884512,2082784.0520047566,4308,0,1305.401294498382,101,208,47,38.90700784001061,0.5356661272923409,43.82148692810455,16191.906504733362,160.31590598745905,8
4311,63.7334598758648,1,1,308,0.003236245954692557,0.003236245954692557,0.9967637540453075,309,8950,6000,2950,0.6703910614525139,119,60,59,187.51120400044016,0.4523586243853234,0.8397942786596715,0.11026118240748727,2094898.7885168511,7813.398818771919,2102712.187335623,4309,0,1306.388349514563,77,232,51,38.79536911644702,0.5373516720604099,43.6030982905983,16341.06164739224,212.22157983626286,0
4312,63.35421932958338,3,3,308,0.00964630225080386,0.00964630225080386,0.9903536977491961,311,10500,7600,2900,0.7238095238095238,134,76,58,199.24944267863762,0.45262248037893715,0.8426688527653994,0.11823323591871274,2087920.7060091249,10503.407405901393,2098424.113415026,4310,0,1298.951768488746,85,226,45,38.150083349059564,0.5407288317256163,43.265503875969,16265.213576911998,191.3554538460235,8
4313,63.486663786126975,4,1,311,0.01282051282051282,0.003205128205128205,0.9967948717948718,312,10100,7500,2600,0.7425742574257426,127,75,52,198.98602853745405,0.4528525383378679,0.8445905172413783,0.11922716585921922,2098119.9167913618,10999.309927530096,2109119.226718892,4311,0,1295.576923076923,93,219,52,37.79202586206901,0.5434361645299146,42.90780141843974,16321.925973383837,175.504580358966,0
4314,63.35404227230219,4,2,313,0.012698412698412698,0.006349206349206349,0.9936507936507937,315,8850,6500,2350,0.7344632768361582,112,65,47,196.2210694929867,0.45359333400734675,0.8457086203091606,0.11864358016144252,2099164.6207629656,10530.065385589296,2109694.686148555,4312,0,1284.2126984126985,77,238,55,37.52356125060524,0.5457671957671958,42.5747863247863,16308.927869135801,211.8042580407247,0
4315,63.69979753770395,3,2,314,0.00949367088607595,0.006329113924050633,0.9936708860759493,316,9200,6100,3100,0.6630434782608695,123,61,62,191.5559134045711,0.45378260833165895,0.8426149550165989,0.11675870233787,2115430.783511374,8644.655195933261,2124075.4387073074,4313,0,1275.243670886076,82,234,48,37.34487866244622,0.5479628164556962,42.281626506024075,16416.608213312516,200.202539186738,0
4316,63.90396336466495,2,2,314,0.006329113924050633,0.006329113924050633,0.9936708860759493,316,8450,5800,2650,0.6863905325443787,111,58,53,217.02650829548577,0.4541300398499766,0.8648763554611241,0.12984267077920852,2111009.1742388913,19978.990012961247,2130988.164251853,4314,0,1276.2215189873418,85,231,48,37.3843028917896,0.5407766350210971,42.96269379844963,16425.70259885612,193.2435599865426,8
4317,64.00213387903696,2,1,315,0.006329113924050633,0.0031645569620253164,0.9968354430379747,316,11150,8300,2850,0.7443946188340808,140,83,57,216.10784859575972,0.4545457018953854,0.8664434586408667,0.13024708282082373,2118694.7137663313,17223.31128464997,2135918.0250509814,4315,0,1274.4177215189873,66,250,47,37.13217522658609,0.5430841244725738,42.69278606965174,16468.210754012136,249.51834475775965,0
4318,63.5455756763412,0,2,313,0.0,0.006349206349206349,0.9936507936507937,315,9700,6600,3100,0.6804123711340206,128,66,62,213.57467979305093,0.454371398240825,0.8644393061001081,0.1291445191429469,2105548.856829428,17238.384577193854,2122787.241406622,4316,1,1279.4285714285713,68,247,50,37.074463406052075,0.5445767195767196,42.57246376811594,16358.380984797244,240.5644262470183,0
4319,63.60874205553212,0,1,312,0.0,0.003194888178913738,0.9968051118210862,313,10600,8300,2300,0.7830188679245284,129,83,46,215.3342136089805,0.45438452322437944,0.8648952907325782,0.1307484822988045,2110114.5832314827,17675.972880998022,2127790.556112481,4317,2,1287.5015974440894,68,245,53,36.87495115851988,0.5457933972310969,42.421497584541044,16384.2445191951,240.94477234110443,0
4320,63.142578352645195,0,2,310,0.0,0.00641025641025641,0.9935897435897436,312,10650,7800,2850,0.7323943661971831,135,78,57,209.4700543651354,0.45412724668150717,0.8604138204664629,0.1278161532248774,2097565.489254356,14825.431413708033,2112390.920668064,4318,3,1292.6153846153845,75,237,47,36.843073132688126,0.547409188034188,42.24232456140349,16275.4842173772,217.006456231696,0
4321,62.847149406346034,0,2,308,0.0,0.0064516129032258064,0.9935483870967742,310,9850,7800,2050,0.7918781725888325,119,78,41,210.57503385606492,0.4538117235619585,0.8604875041970068,0.1289696948555176,2089938.2019165896,16167.761525133868,2106105.9634417235,4319,4,1301.8967741935485,77,233,47,36.67679690331937,0.5489247311827957,42.107371794871796,16207.816535602946,210.4911238389993,0
4322,62.93667330277054,4,1,311,0.01282051282051282,0.003205128205128205,0.9967948717948718,312,9100,6500,2600,0.7142857142857143,117,65,52,207.09095540550973,0.4541910143045593,0.8593721809666084,0.12796420253143898,2098105.5608330634,15399.737026906187,2113505.2978599695,4320,0,1294.4647435897436,85,227,51,36.4404493854958,0.551181891025641,41.78779069767441,16251.01745964703,191.18844070172977,0
4323,62.78493496019004,0,1,310,0.0,0.003215434083601286,0.9967845659163987,311,9950,7000,2950,0.7035175879396985,129,70,59,186.85993966883527,0.4538490128963109,0.8430403389509216,0.11425297134554648,2086884.3436723002,5841.01651088846,2092725.3601831887,4321,1,1299.6012861736335,80,231,52,37.35036660182553,0.5482315112540193,42.1682098765432,16187.952173570557,202.34940216963196,8
4324,62.867442390210876,0,1,309,0.0,0.0032258064516129032,0.9967741935483871,310,9250,6400,2850,0.6918918918918919,121,64,57,187.31184026975777,0.4536877544628876,0.8384351159352987,0.11271698991190865,2080213.7208871653,6679.732042755737,2086893.452929921,4322,2,1304.7903225806451,100,210,53,37.93098264042016,0.5434139784946237,42.7495874587459,16172.67549029544,161.7267549029544,8
4325,62.66243653266689,2,1,310,0.006430868167202572,0.003215434083601286,0.9967845659163987,311,9350,6500,2850,0.6951871657754011,122,65,57,185.5873882405336,0.453549942951976,0.8361343952567042,0.11225552158850813,2076467.0092111572,5523.217801426092,2081990.2270125833,4323,0,1301.5819935691318,84,227,57,37.783536440234215,0.5452840300107181,42.56127450980392,16131.737797080063,192.04449758428646,0
4326,62.431725569484584,1,1,310,0.003215434083601286,0.003215434083601286,0.9967845659163987,311,9850,7600,2250,0.7715736040609137,121,76,45,189.65992647058764,0.45346048127787575,0.8376796860223188,0.1151506696428572,2071024.8725414504,6508.085008994203,2077532.9575504446,4324,0,1302.498392282958,87,224,55,37.53906250000001,0.5469922293676313,42.424242424242436,16080.899010321851,184.83791965887184,0
4327,62.761902061791126,0,2,308,0.0,0.0064516129032258064,0.9935483870967742,310,9800,6800,3000,0.6938775510204082,128,68,60,187.54497901784578,0.45334520826808644,0.8378522253480707,0.11459232324066781,2085711.930691474,6432.96005576046,2092144.8907472345,4325,1,1307.6580645161291,88,222,48,37.35831782206683,0.5490927419354839,42.19335205992508,16180.435588893586,183.8685862374271,0
4328,63.29084200062697,1,0,309,0.003236245954692557,0.0,1.0,309,10200,7400,2800,0.7254901960784313,130,74,56,224.95003401610043,0.45332485745107104,0.8604665963705054,0.13477024240431695,2091586.7890431797,22100.503868577565,2113687.2929117572,4326,0,1312.7961165048544,81,228,47,37.128380604143985,0.5406216289104638,42.91158536585365,16271.342230801372,200.88076828149843,8
4329,62.8971809356274,3,0,312,0.009615384615384616,0.0,1.0,312,9750,6700,3050,0.6871794871794872,128,67,61,191.02243870439528,0.4540892437546376,0.8398162185651461,0.11550424143421256,2084047.3876112925,7469.9628714070495,2091517.3504826997,4327,0,1301.1634615384614,84,228,48,37.65610619188167,0.5449051816239316,42.57352941176472,16191.399298208271,192.75475355009846,8
4330,62.72642091282936,2,1,313,0.006369426751592357,0.0031847133757961785,0.9968152866242038,314,8650,6200,2450,0.7167630057803468,111,62,49,197.32588862640333,0.4548300214349186,0.8489583056282237,0.1184944929996269,2074307.208786318,10412.902651583297,2084720.1114379014,4328,0,1293.8694267515923,96,218,50,37.75176075942322,0.5411690552016986,42.826460481099666,16131.575687504755,168.0372467448412,8
4331,62.8834745616927,1,0,314,0.0031847133757961785,0.0,1.0,314,8700,6400,2300,0.735632183908046,110,64,46,197.23777286428447,0.4548100957788133,0.8504929509449133,0.1187203635074435,2080895.728259178,10586.247800929257,2091481.9760601074,4329,0,1294.8407643312103,97,217,49,37.66608650442785,0.5425623673036093,42.74022108843539,16177.388762932158,166.77720374156863,0
4332,63.03450675250163,1,1,314,0.0031746031746031746,0.0031746031746031746,0.9968253968253968,315,9300,6400,2900,0.6881720430107527,122,64,58,193.42002979162834,0.45493167189027056,0.8471330926266558,0.11721427276251309,2089914.5983384005,8546.26877451377,2098460.867112914,4330,0,1291.7269841269842,81,234,51,37.5116648578429,0.5444113756613757,42.49237804878046,16231.865934704638,200.39340660129182,0
4333,63.11972713177655,3,3,314,0.00946372239747634,0.00946372239747634,0.9905362776025236,317,10250,7900,2350,0.7707317073170732,126,79,47,190.38707619726307,0.45566874975042926,0.8460138562590531,0.11642367472568113,2098083.7210553708,6239.605053760746,2104323.3261091313,4331,0,1282.2839116719242,87,230,43,37.25495822238543,0.5468914300736067,42.16382575757574,16274.548962882905,187.06378118256214,0
4334,63.295230905820475,1,1,314,0.0031746031746031746,0.0031746031746031746,0.9968253968253968,315,9900,6900,3000,0.696969696969697,129,69,60,176.16680633887682,0.45562169312169315,0.8328148184650417,0.10530053022193941,2090351.0373988114,750.0932771417574,2091101.130675953,4332,0,1290.6507936507937,93,222,53,38.468904507301396,0.5413359788359788,42.996453900709234,16267.098793969366,174.91504079536952,8
4335,62.937770881791586,2,3,313,0.006329113924050633,0.00949367088607595,0.990506329113924,316,9650,7200,2450,0.7461139896373057,121,72,49,175.18654458374706,0.45567317996115464,0.8307760405079689,0.10535938947762019,2082196.8396127904,104.5738949933857,2082301.4135077838,4333,0,1286.6993670886077,99,217,52,38.264524445884355,0.5435126582278481,42.77083333333336,16189.430355780993,163.52959955334336,0
4336,62.49350703312627,2,1,314,0.006349206349206349,0.0031746031746031746,0.9968253968253968,315,10550,8200,2350,0.7772511848341233,129,82,47,173.86584198631658,0.4555176423010818,0.8289471955433494,0.10508300722163558,2070407.6257662398,-1555.3669782521156,2068852.2587879878,4334,0,1291.6507936507937,87,228,52,38.114480824059534,0.5452380952380953,42.589962121212125,16086.456012575365,184.9017932479927,0
4337,63.02936989252979,0,1,313,0.0,0.0031847133757961785,0.9968152866242038,314,8350,5800,2550,0.6946107784431138,109,58,51,171.45177750843405,0.45535974712222654,0.8251896033513457,0.1038730873970438,2089583.4221464011,502.55839583156194,2090085.9805422327,4335,1,1296.5477707006369,90,224,57,38.08744535822771,0.5463773885350318,42.50228937728939,16229.918449318482,180.3324272146498,0
4338,63.55151963109174,2,2,313,0.006349206349206349,0.006349206349206349,0.9936507936507937,315,9250,6600,2650,0.7135135135135136,119,66,53,167.0266448543457,0.45562295689684223,0.8196604024800069,0.10170637851284633,2109915.645137473,-1767.5737733988672,2108148.071364074,4336,0,1292.2920634920636,95,220,44,38.01372747178706,0.5479828042328042,42.317708333333336,16376.101217438902,172.38001281514633,0
4339,63.93130064654947,0,3,310,0.0,0.009584664536741214,0.9904153354632588,313,10150,7400,2750,0.729064039408867,129,74,55,170.24374760777792,0.4548367910488518,0.8222526621460511,0.10408315347756986,2124930.140332932,-398.785900999982,2124531.3544319323,4337,1,1301.4984025559106,98,215,45,37.78235186092067,0.5493543663471778,42.17171717171718,16483.297464678573,168.1969129048834,0
4340,63.70873808816364,0,0,310,0.0,0.0,1.0,310,9600,7000,2600,0.7291666666666666,122,70,52,176.55087315407357,0.45448594146918603,0.828900759848822,0.10794446807413421,2117561.7991993977,3171.4769212723713,2120733.27612067,4338,2,1313.832258064516,88,222,50,37.617931665834405,0.5448252688172043,42.169943820224695,16426.027520413685,186.6594036410646,8
4341,63.51466885679287,0,1,309,0.0,0.0032258064516129032,0.9967741935483871,310,9650,6800,2850,0.7046632124352331,125,68,57,177.73491907025448,0.45438415631415946,0.8296463064381681,0.10926358431864033,2114347.9477400677,3508.6922755872774,2117856.640015655,4339,3,1314.832258064516,91,219,53,37.38632125148102,0.5464381720430107,41.972373188405776,16388.5392728424,180.0938381631033,0
4342,63.83682853348037,0,1,308,0.0,0.003236245954692557,0.9967637540453075,309,9100,5900,3200,0.6483516483516484,123,59,64,201.0916818658245,0.45432129898149315,0.8473174561633088,0.1251011586469095,2132119.1689431043,14850.285924227015,2146969.4548673313,4340,4,1319.9870550161813,76,233,53,36.34759661519676,0.5514091154261057,41.544913419913435,16498.953045618873,217.09148744235358,8
4343,63.977029134538604,2,1,309,0.0064516129032258064,0.0032258064516129032,0.9967741935483871,310,9600,6500,3100,0.6770833333333334,127,65,62,195.70105748911294,0.45420929463757526,0.8432223848537261,0.12254785777085826,2140671.757590666,12186.345339514595,2152858.1029301807,4341,0,1316.7096774193549,81,229,44,36.24840404635633,0.5533602150537634,41.31097560975611,16550.15525020008,204.3229043234578,0
4344,64.17551560709822,1,1,309,0.0032258064516129032,0.0032258064516129032,0.9967741935483871,310,9100,6400,2700,0.7032967032967034,118,64,54,198.121308615812,0.45425366252566374,0.8465735385654809,0.12466290761164568,2150159.8447942063,14098.496436759946,2164258.341230966,4342,0,1317.7064516129033,82,228,46,36.01098128575585,0.5549731182795699,41.13955823293173,16612.502320682863,202.59149171564468,0
4345,64.20334218060621,0,1,308,0.0,0.003236245954692557,0.9967637540453075,309,9100,6400,2700,0.7032967032967034,118,64,54,203.4944961967014,0.454105899494249,0.8492064948227431,0.12854349305207663,2153387.1553103207,16740.486857264572,2170127.6421675854,4343,1,1319.3300970873786,82,227,49,35.73102921936328,0.5562297734627832,41.0015060240964,16628.56893299669,202.78742601215478,0
4346,63.69967465482127,1,0,309,0.003236245954692557,0.0,1.0,309,8350,5700,2650,0.6826347305389222,110,57,53,205.654130746413,0.45421141021869177,0.8552120035854147,0.12836894866707607,2129510.959681214,17438.545065640126,2146949.504746854,4344,0,1320.1747572815534,68,241,55,36.10742157091702,0.5537014563106797,41.42512077294686,16471.135680673004,242.22258353930889,8
4347,63.633702449321085,3,0,312,0.009615384615384616,0.0,1.0,312,9050,6800,2250,0.7513812154696132,113,68,45,196.30863652741297,0.4546579994228708,0.8482368570396743,0.12350049665079119,2131903.3756923396,12252.208978071245,2144155.584670411,4345,0,1308.4711538461538,73,239,53,36.06430248155603,0.5556891025641026,41.145833333333364,16471.849019433772,225.6417673895037,0
4348,63.73057833279989,0,2,310,0.0,0.00641025641025641,0.9935897435897436,312,9150,6200,2950,0.6775956284153005,121,62,59,196.91085647869124,0.45468655529447327,0.8500915656503572,0.12462883213148948,2138675.4222197086,12675.68182384236,2151351.104043551,4346,1,1309.4711538461538,77,235,55,35.8308310565837,0.557124732905983,40.93215811965814,16510.54339046464,214.42264143460574,0
4349,63.90556211612579,1,0,311,0.003215434083601286,0.0,1.0,311,10250,7200,3050,0.7024390243902439,133,72,61,195.64720323102517,0.45472893544929643,0.8484962212304781,0.12442971656661433,2147375.3781801066,11575.597405621305,2158950.975585728,4347,0,1312.9614147909967,83,228,56,35.6894781950092,0.5593850482315113,40.761408730158756,16566.78789729192,199.59985418424,0
4350,63.60349444502522,0,0,311,0.0,0.0,1.0,311,9600,6500,3100,0.6770833333333334,127,65,62,211.86416803301395,0.4545227846350655,0.857075158226384,0.1319025304205537,2124770.7152069393,18232.555967645843,2143003.271174585,4348,1,1313.9614147909967,76,235,47,36.04154672807523,0.5542939442658092,41.51785714285714,16440.367537352482,216.32062549148003,8
4351,63.72596651870843,2,3,310,0.006389776357827476,0.009584664536741214,0.9904153354632588,313,9350,6200,3150,0.6631016042780749,125,62,63,212.52248986105343,0.45513204513803557,0.8576181470156801,0.13309783331397695,2132343.592286668,18684.193894404947,2151027.7861810727,4349,0,1306.55910543131,80,233,39,35.808767481938105,0.5560103833865815,41.30658436213991,16485.487943548545,206.06859929435683,0
4352,63.63697674639551,2,2,310,0.00641025641025641,0.00641025641025641,0.9935897435897436,312,8900,6400,2500,0.7191011235955056,114,64,50,210.51075359544575,0.4548392111193558,0.856961661100734,0.1328152804717788,2133687.45676271,18532.83089205382,2152220.287654764,4350,0,1311.5224358974358,81,231,43,35.59290941051428,0.5578258547008548,41.04420731707318,16479.163757307877,203.44646613960342,0
4353,63.473330012696934,1,3,308,0.003215434083601286,0.00964630225080386,0.9903536977491961,311,9750,7500,2250,0.7692307692307693,120,75,45,222.57039091749604,0.45458242575113234,0.8645234808010667,0.14015562918684238,2127086.1756297178,22735.28032502198,2149821.45595474,4351,0,1316.710610932476,76,235,44,35.34993293968055,0.5535905680600215,41.112012987013,16432.4826359982,216.21687678945,8
4354,63.547671456134516,1,0,309,0.003236245954692557,0.0,1.0,309,9050,6100,2950,0.6740331491712708,120,61,59,182.7418190837613,0.45435369646534696,0.8344697736154962,0.11362162492176126,2122130.901375415,6710.412250240743,2128841.3136256556,4352,0,1319.3948220064724,81,228,55,36.84235319176824,0.5499595469255664,41.565040650406495,16422.939889527395,202.75234431515304,8
4355,63.39651070741395,1,2,308,0.0032258064516129032,0.0064516129032258064,0.9935483870967742,310,9100,6600,2500,0.7252747252747253,116,66,50,194.80430098923364,0.4543554476806904,0.8444208720626121,0.12157208702213135,2119258.4931597826,11468.133875098118,2130726.6270348807,4353,0,1316.1354838709678,79,231,54,36.395281498640344,0.552016129032258,41.432291666666686,16392.290489945746,207.4973479739968,8
4356,63.01800694516346,2,0,310,0.0064516129032258064,0.0,1.0,310,10650,8000,2650,0.7511737089201878,133,80,53,206.6138782410854,0.4546107805268469,0.8535648243270999,0.13030215619305743,2112692.140186735,14652.303322688707,2127344.4435094236,4354,0,1316.7129032258065,83,227,46,35.70894792714269,0.554771505376344,41.0590277777778,16317.94398588749,196.6017347697288,0
4357,62.74975785827488,2,0,312,0.00641025641025641,0.0,1.0,312,9650,7000,2650,0.7253886010362695,123,70,53,208.52633101955504,0.4549240199109572,0.856988866032969,0.12672825647938085,2082146.2936335793,14786.465451474913,2096932.7590850543,4355,0,1309.2660256410256,74,238,41,37.01701890590182,0.5418336004273504,42.388888888888886,16165.034843823347,218.4464168084236,8
4358,63.24020668405139,2,1,313,0.006369426751592357,0.0031847133757961785,0.9968152866242038,314,9450,6900,2550,0.7301587301587301,120,69,51,205.596324129985,0.4552811043731304,0.8557675053110703,0.1259134445181961,2102976.3775440585,14222.842591049488,2117199.220135108,4356,0,1301.9203821656051,79,235,47,36.807238547241525,0.5438893312101911,42.10937499999998,16309.056426879097,206.44375223897592,0
4359,63.62036045071418,3,1,315,0.00949367088607595,0.0031645569620253164,0.9968354430379747,316,9600,6800,2800,0.7083333333333334,124,68,56,201.00190024262503,0.4558276404795392,0.8519088909395884,0.12404786203428418,2120164.949316551,12431.436728085937,2132596.386044637,4357,0,1294.636075949367,87,229,53,36.64316827143509,0.5459520042194093,41.832386363636324,16424.71663624596,188.78984639363173,0
4360,63.166707923700564,0,0,315,0.0,0.0,1.0,315,8750,6500,2250,0.7428571428571429,110,65,45,202.25594629440252,0.45579103899167595,0.8533590535312428,0.12527607293772447,2107177.292389922,13487.82745647929,2120665.1198464013,4358,1,1299.6507936507937,88,227,48,36.477543915295925,0.547255291005291,41.701779026217196,16315.848281462224,185.407366834798,0
4361,63.18728366492238,4,1,318,0.012539184952978056,0.003134796238244514,0.9968652037617555,319,9800,7800,2000,0.7959183673469388,118,78,40,223.02301714977247,0.45666817820363687,0.8718705815973002,0.13793230652989832,2106985.521340261,20381.253612039123,2127366.7749523004,4359,0,1284.3416927899686,81,238,47,35.99614467017563,0.5434626436781609,41.75558943089433,16317.762825510887,201.4538620433443,8
4362,62.89761882651012,2,3,317,0.00625,0.009375,0.990625,320,9750,6900,2850,0.7076923076923077,126,69,57,210.08481994459947,0.45699308548850576,0.8597631578947378,0.1256804653320958,2077722.266691035,13549.581658533567,2091271.8483495684,4360,0,1281.315625,76,244,54,37.565460526315746,0.52919921875,42.96536796536794,16166.86631092645,212.72192514376908,8
4363,62.7786495004525,2,1,318,0.006269592476489028,0.003134796238244514,0.9968652037617555,319,9000,6500,2500,0.7222222222222222,115,65,50,209.2602819732253,0.45685342363123754,0.859907125867845,0.12611853769277434,2078185.817760492,14176.35004346384,2092362.1678039557,4361,0,1286.1347962382445,68,251,54,37.30882813111163,0.5310214211076281,42.69323671497585,16153.371106366463,237.54957509362447,0
4364,62.79437477971241,2,0,320,0.00625,0.0,1.0,320,11150,8200,2950,0.7354260089686099,141,82,59,207.96366999365046,0.45744718194879835,0.8595907996695327,0.12599138322604678,2081782.3107718977,11437.017895197641,2093219.3286670954,4362,0,1280.753125,70,250,54,37.147930792167585,0.53359375,42.502934272300486,16169.367249981487,230.99096071402124,0
4365,63.053265061647274,0,0,320,0.0,0.0,1.0,320,10350,8000,2350,0.7729468599033816,127,80,47,207.51515285362004,0.4575159597048067,0.859801795957388,0.1263240729293491,2093202.0221300507,12524.227515165088,2105726.249645216,4363,1,1281.753125,73,247,46,36.98118683419831,0.5353190104166667,42.32826576576578,16247.04415756556,222.5622487337748,0
4366,62.6551412959183,2,2,320,0.006211180124223602,0.006211180124223602,0.9937888198757764,322,11500,8500,3000,0.7391304347826086,145,85,60,203.8768297741681,0.4579076449759099,0.8588523946063884,0.12519048307620442,2085063.9043975763,9119.243741025683,2094183.148138602,4364,0,1274.7857142857142,77,245,49,36.754149842978926,0.5377199792960663,42.0138888888889,16164.156244051199,209.9241070656,0
4367,62.42416817425568,2,1,321,0.006211180124223602,0.003105590062111801,0.9968944099378882,322,8500,5500,3000,0.6470588235294118,115,55,60,201.45440320331213,0.4578790238836968,0.8573707831726369,0.12422499357715948,2079824.6453715775,10897.96654017456,2090722.611911752,4365,0,1275.7639751552795,79,243,53,36.66167507356034,0.5392727743271222,41.86197916666668,16114.051224669574,203.9753319578427,0
4368,62.34388858159994,2,2,321,0.006191950464396285,0.006191950464396285,0.9938080495356038,323,10950,8600,2350,0.7853881278538812,133,86,47,201.58985299078603,0.4584719471312553,0.857296663402952,0.12490037981598423,2079899.6137075436,8307.331472579217,2088206.9451801227,4366,0,1272.139318885449,84,239,53,36.483932694436525,0.5416021671826625,41.69117647058823,16103.976513761794,191.71400611621183,0
4369,62.03682937137396,0,3,318,0.0,0.009345794392523364,0.9906542056074766,321,9900,7200,2700,0.7272727272727273,126,72,54,196.47190347976334,0.4582059644340602,0.8523877560473305,0.1222440060925773,2072079.2106714419,7321.069336293322,2079400.2800077351,4367,1,1279.981308411215,73,248,51,36.461964217635206,0.5429646936656283,41.5399774774775,16034.040316551305,219.6443878979631,0
4370,62.25714905990342,2,0,320,0.00625,0.0,1.0,320,8700,6300,2400,0.7241379310344828,111,63,48,195.10832845367216,0.45824455492424243,0.8501803691275163,0.12214765100671175,2082988.170149331,8581.66801332264,2091569.8381626536,4368,0,1283.153125,74,246,45,36.27237136465327,0.5449544270833333,41.31944444444448,16104.713906121002,217.63126900163516,0
4371,62.42184386299972,1,2,319,0.003115264797507788,0.006230529595015576,0.9937694704049844,321,9800,7200,2600,0.7346938775510204,124,72,52,195.15072450951214,0.45832846573208724,0.8511373581720996,0.12284224553335708,2091630.6902779504,7636.64892281538,2099267.339200766,4369,0,1280.1526479750778,76,245,47,36.07358730490525,0.5465018172377986,41.125541125541154,16159.421051980153,212.62396121026518,0
4372,62.86897636179815,0,2,317,0.0,0.006269592476489028,0.9937304075235109,319,9650,7100,2550,0.7357512953367875,122,71,51,197.5481596195552,0.45812631848741153,0.8527301345762412,0.12482935168844447,2108826.5203329166,9868.959609736696,2118695.4799426533,4370,1,1289.0815047021943,79,240,48,35.87288021985388,0.547675026123302,40.98958333333337,16283.719762876335,206.12303497311817,0
4373,63.29531101154473,0,0,317,0.0,0.0,1.0,317,10050,7700,2350,0.7661691542288557,124,77,47,202.45105953348778,0.45752929960468,0.8575325086615249,0.12839964903873477,2125262.338733229,12602.322452632641,2137864.6611858616,4371,2,1298.186119873817,79,238,50,35.61304559005794,0.5489616193480547,40.85937500000002,16402.386455101194,207.62514500128094,0
4374,63.429229595727456,2,1,318,0.006269592476489028,0.003134796238244514,0.9968652037617555,319,10050,7000,3050,0.6965174129353234,131,70,61,191.7268104500422,0.45771639623298704,0.8502352015012622,0.12256161989945366,2134327.2194004785,7991.5500464714205,2142318.76944695,4372,0,1291.0407523510971,71,248,57,35.60785092855947,0.5560344827586207,40.581597222222186,16454.709431148407,231.75647086124516,7
4375,63.35907363287744,0,0,318,0.0,0.0,1.0,318,9150,5900,3250,0.644808743169399,124,59,65,185.5517421890569,0.45734422223544896,0.8453690857506602,0.11626387781628465,2120354.1405891776,5937.080968820848,2126291.2215579986,4373,1,1295.9119496855346,79,239,48,36.48863598235106,0.5510351153039832,41.289062500000014,16391.685338693325,207.48968783156107,8
4376,63.697779522759504,1,0,319,0.003134796238244514,0.0,1.0,319,10000,7200,2800,0.72,128,72,56,194.09798275899112,0.45750732766835567,0.8485955552536613,0.11784142154227975,2113004.0374293397,8225.964245327144,2121230.001674667,4374,0,1292.846394984326,80,239,53,37.42594071929035,0.5434299895506792,42.42541152263372,16406.929347496676,205.08661684370844,8
4377,63.25232644442217,2,2,319,0.006230529595015576,0.006230529595015576,0.9937694704049844,321,9450,6800,2650,0.7195767195767195,121,68,53,193.8430642357364,0.45799949701453785,0.8503800592711925,0.11815278492374097,2100570.545927431,7786.206253181042,2108356.752180612,4375,0,1285.785046728972,82,239,46,37.28593458323185,0.5450415368639667,42.28162650602408,16301.286690966415,198.79617915812702,0
4378,62.94862702653383,0,0,319,0.0,0.0,1.0,319,8300,5800,2500,0.6987951807228916,108,58,50,203.34940182744444,0.4573101706722396,0.8571108362344699,0.1209033656069972,2075728.5477084932,12319.631706535329,2088048.1794150285,4376,2,1294.846394984326,85,234,40,37.97067100587998,0.5368012016718913,43.192829457364375,16165.65879622802,190.18422113209434,8
4379,63.49218216008893,1,1,319,0.003125,0.003125,0.996875,320,9150,6100,3050,0.6666666666666666,122,61,61,199.03565925153993,0.45774004865464996,0.856356004070556,0.1155033707625083,2078931.875223855,9606.315264844401,2088538.1904886994,4377,0,1291.796875,77,243,51,39.00384441429215,0.52470703125,44.097222222222236,16247.825781939491,211.0107244407726,8
4380,63.27462058492954,1,0,320,0.003125,0.0,1.0,320,8900,5600,3300,0.6292134831460674,122,56,66,201.9250864580501,0.45824271812957157,0.857893303312028,0.11780104196417152,2075022.205258482,10899.807639839044,2085922.012898321,4378,0,1292.659375,83,237,54,38.7274840209181,0.5264322916666666,43.89880952380954,16204.705658729807,195.23741757505792,0
4381,63.49806465698964,1,2,319,0.003115264797507788,0.006230529595015576,0.9937694704049844,321,10550,8000,2550,0.7582938388625592,131,80,51,202.14398740939487,0.4585207359813084,0.8594742939389903,0.11863142774704513,2085964.230403635,9583.02542543198,2095547.255829067,4379,0,1289.6292834890967,70,251,50,38.49522065136514,0.5281347352024922,43.67664319248826,16276.03708365998,232.51481548085684,0
4382,63.14652925264404,2,3,318,0.006230529595015576,0.009345794392523364,0.9906542056074766,321,10050,7500,2550,0.746268656716418,126,75,51,194.94613539000434,0.45887647650571134,0.853863401354108,0.11526615636152135,2078924.2017482533,6805.6477799144195,2085729.8495281676,4380,0,1289.5046728971963,76,245,47,38.39591680725431,0.5305360851505712,43.3982683982684,16203.50875086787,213.20406251141935,0
4383,63.41657173432471,3,0,321,0.009345794392523364,0.0,1.0,321,10050,7100,2950,0.7064676616915423,130,71,59,189.51110966528768,0.4591283748701973,0.8497828423968006,0.11278056860057001,2091719.1664294838,5030.804067640503,2096749.9704971244,4381,0,1290.361370716511,80,241,50,38.29100323786635,0.5325480269989615,43.15843621399177,16288.011454191534,203.60014317739416,0
4384,63.1975543293619,2,0,323,0.006191950464396285,0.0,1.0,323,10600,8100,2500,0.7641509433962265,131,81,50,201.42946976801656,0.4595415969591498,0.8587154745287358,0.11881829693853353,2079179.7942957142,8561.616703471587,2087741.4109991859,4382,0,1283.3653250773993,74,249,53,38.319165448409045,0.5325722394220846,43.4861111111111,16211.050429291397,219.06824904447834,8
4385,63.37882352839942,1,1,323,0.0030864197530864196,0.0030864197530864196,0.9969135802469136,324,8700,6700,2000,0.7701149425287356,107,67,40,199.33679975615107,0.45968005867064177,0.858186718093261,0.11800763754138183,2087315.8924397123,9715.774015816845,2097031.6664555292,4383,0,1280.4012345679012,75,249,46,38.236593235425,0.533982767489712,43.35252192982454,16266.015221618307,216.88020295491077,0
4386,63.72400328286192,0,1,322,0.0,0.0030959752321981426,0.9969040247678018,323,10850,7800,3050,0.7188940092165899,139,78,61,196.85331703113044,0.4594891160125378,0.8559969985938651,0.1170685152207166,2101438.4852787955,7285.027272800736,2108723.5125515964,4384,1,1285.359133126935,80,243,47,38.12865131029877,0.5358939628482973,43.18415637860081,16365.333662020941,204.56667077526177,0
4387,63.41536398446254,4,1,325,0.012269938650306749,0.003067484662576687,0.9969325153374233,326,8850,6000,2850,0.6779661016949152,117,60,57,192.65843237925685,0.46017264432908606,0.8540601296265051,0.11536395334727377,2095390.0848789946,6688.913795165218,2102078.99867416,4385,0,1274.506134969325,88,238,52,37.97805499908941,0.5380879345603272,42.930711610486895,16302.142492447761,185.25161923236092,0
4388,63.76967511702532,3,2,326,0.009146341463414634,0.006097560975609756,0.9939024390243902,328,10500,7900,2600,0.7523809523809524,131,79,52,189.24211358485314,0.46063623480271504,0.8536719039197149,0.11427756960877603,2112168.9111428787,3842.261798579436,2116011.172941458,4386,0,1265.2378048780488,71,257,54,37.75084317032041,0.5403963414634146,42.621527777777786,16412.941555727462,231.1681909257389,0
4389,63.315816471887,4,0,330,0.012121212121212121,0.0,1.0,330,10600,7200,3400,0.6792452830188679,140,72,68,185.95963481418985,0.4608501427650364,0.8498170133243776,0.11094108931040698,2089880.9793401163,1126.7007446427278,2091007.680084759,4387,0,1258.5,89,241,53,38.28921535504603,0.5357323232323232,43.06712962962966,16267.914465965681,182.7855557973672,8
4390,63.358429262158914,1,4,327,0.0030211480362537764,0.012084592145015106,0.9879154078549849,331,10650,7800,2850,0.7323943661971831,135,78,57,203.80099050459322,0.4610054472214593,0.8565309502224192,0.11949890947414209,2080844.8939009295,7965.650092687074,2088810.5439936165,4388,0,1255.6948640483383,76,255,51,38.48618808832585,0.527095921450151,43.709415584415595,16238.168863252225,213.6601166217398,7
4391,63.488602252926796,2,1,328,0.0060790273556231,0.00303951367781155,0.9969604863221885,329,10000,7000,3000,0.7,130,70,60,201.1666113639104,0.4605735846492203,0.8518954843296207,0.11851043819159615,2087974.620297021,8206.155795800125,2096180.776092821,4389,0,1263.4772036474164,81,248,54,38.37480599996704,0.5286854103343466,43.534044715447166,16282.665026477935,201.02055588244363,0
4392,63.828172033412876,1,4,325,0.00303951367781155,0.0121580547112462,0.9878419452887538,329,10000,7000,3000,0.7,130,70,60,196.59675881412556,0.46056161501964565,0.8481438324129056,0.11652855715278013,2102860.6217926536,6883.116496458824,2109743.738289112,4390,0,1264.4620060790273,86,243,49,38.26049100548848,0.5305851063829787,43.306992337164765,16384.245452877694,190.51448201020574,0
4393,63.79176425869909,1,1,325,0.003067484662576687,0.003067484662576687,0.9969325153374233,326,9700,6900,2800,0.711340206185567,125,69,56,197.08142596658772,0.4605696476325311,0.8487680168440737,0.11749864287205042,2105191.6987156807,8078.8363831822935,2113270.535098863,4391,0,1276.7085889570553,86,240,54,38.028285252675886,0.5321766359918201,43.091475095785455,16388.648056739865,190.56567507837053,0
4394,63.690350609426645,2,0,327,0.0061162079510703364,0.0,1.0,327,11750,8400,3350,0.7148936170212766,151,84,67,232.39827788303432,0.46086103762906266,0.8764038862277075,0.1376620316501798,2097936.68318185,20361.374455820685,2118298.0576376705,4392,0,1273.532110091743,71,256,42,37.365483437611545,0.5287334352701325,43.33043981481479,16347.374278961663,230.24470815438963,8
4395,63.28267832384949,4,2,329,0.012084592145015106,0.006042296072507553,0.9939577039274925,331,9800,7300,2500,0.7448979591836735,123,73,50,231.1201849581551,0.46150057981628984,0.8773568932561708,0.13857854004980769,2091799.2653337733,20691.40661985414,2112490.6719536274,4393,0,1259.129909365559,77,254,48,36.93942718883636,0.5313129405840886,42.881944444444414,16271.119200975736,211.31323637630825,0
4396,63.2484344181792,3,0,332,0.009036144578313253,0.0,1.0,332,9600,6500,3100,0.6770833333333334,127,65,62,228.46802353953197,0.4618722245477378,0.876169630252323,0.13814289895876816,2095671.6363328174,19758.791348162827,2115430.4276809804,4394,0,1256.039156626506,69,263,47,36.69305306665124,0.5336031626506024,42.57440476190475,16281.765877977377,235.967621419962,0
4397,63.71973261486291,1,2,331,0.003003003003003003,0.006006006006006006,0.993993993993994,333,9950,6800,3150,0.6834170854271356,131,68,63,230.49691493336812,0.4620659816442949,0.873612331827744,0.13655538519320393,2098991.690931469,20212.221846095148,2119203.9127775645,4395,0,1253.2642642642643,75,258,41,37.40883261244904,0.5257132132132132,43.3251096491228,16355.255382107116,218.0700717614282,6
4398,63.879001738043634,3,0,334,0.008982035928143712,0.0,1.0,334,10050,6900,3150,0.6865671641791045,132,69,63,237.9027459236783,0.4626284218350087,0.8772840281030965,0.13871317855263146,2094502.5497249672,22807.581584743202,2117310.1313097104,4396,0,1250.491017964072,85,249,47,37.82734998265696,0.5221432135728543,43.91957364341086,16358.16200031154,192.44896470954754,8
4399,63.73098601768291,6,1,339,0.01764705882352941,0.0029411764705882353,0.9970588235294118,340,11150,8200,2950,0.7354260089686099,141,82,59,230.94642995181636,0.46376453236161724,0.8766706479546138,0.13621690628894484,2096672.7670968312,17693.818067641278,2114366.5851644725,4397,0,1229.4058823529413,71,269,51,37.56556683587141,0.5251838235294117,43.489583333333314,16347.661777973262,230.24875743624312,0
4400,63.507297607398165,2,6,335,0.005865102639296188,0.017595307917888565,0.9824046920821115,341,9900,7300,2600,0.7373737373737373,125,73,52,235.43378939262453,0.4640942153987695,0.8771041654565785,0.13968673769760012,2092887.6451627929,20447.29381473619,2113334.9389775293,4398,0,1226.7096774193549,75,266,43,37.22600012457067,0.5271566471163245,43.27028508771929,16304.210409596642,217.38947212795523,0
4401,63.55119924865982,3,1,337,0.008875739644970414,0.0029585798816568047,0.9970414201183432,338,10400,7600,2800,0.7307692307692307,132,76,56,238.37515903181236,0.4636557044112397,0.8793259363573793,0.1419043989916181,2096347.510965899,21943.43426248744,2118290.9452283867,4399,0,1238.5680473372781,75,263,46,37.02419067947349,0.5282914201183432,43.14692982456138,16323.320640349197,217.64427520465597,0
4402,63.891340007146944,1,2,336,0.0029585798816568047,0.005917159763313609,0.9940828402366864,338,9600,7000,2600,0.7291666666666666,122,70,52,238.3877951361622,0.4635721194084011,0.8786682493720137,0.1425992447269043,2110492.7165874,23423.141071639962,2133915.85765904,4400,0,1239.5295857988165,79,259,48,36.84143870314082,0.5301097140039448,42.96875,16422.070986211987,207.8743162811644,0
4403,63.68030508154951,0,4,332,0.0,0.011904761904761904,0.9880952380952381,336,8950,6300,2650,0.7039106145251397,116,63,53,236.1878508982816,0.46335509950248754,0.8772282579649715,0.1418996666214745,2106141.613020999,23339.012253374385,2129480.625274373,4401,1,1246.9404761904761,82,254,52,36.73418972332016,0.531312003968254,42.80873493975904,16378.018223345845,199.7319295529981,0
4404,63.28712365652394,1,1,332,0.003003003003003003,0.003003003003003003,0.996996996996997,333,9700,7300,2400,0.7525773195876289,121,73,48,234.9122996015313,0.4632301729440284,0.8768496675473416,0.14188154395853161,2096291.4396063134,22188.92854258475,2118480.3681488982,4402,0,1257.6726726726727,66,267,53,36.56876069666768,0.5329391891891893,42.61504975124378,16289.1531737213,246.8053511169894,0
4405,62.84155340762595,1,3,330,0.003003003003003003,0.009009009009009009,0.990990990990991,333,10450,7500,2950,0.7177033492822966,134,75,59,232.5413533628032,0.4632908510920559,0.8757038315784289,0.14137221927809931,2085397.5262100857,19938.232608867263,2105335.758818953,4403,0,1258.6456456456456,68,265,40,36.385389198163885,0.5347535035035035,42.37620772946861,16189.479301043782,238.0805779565262,0
4406,63.27936672521475,0,3,327,0.0,0.00909090909090909,0.990909090909091,330,10750,8000,2750,0.7441860465116279,135,80,55,226.60266412940237,0.4631804365846919,0.8722999893584984,0.13680026446417878,2095762.671767382,18231.080961088817,2113993.7527284706,4404,2,1267.460606060606,67,263,51,36.79970686268678,0.5378156565656566,42.63174019607844,16286.100495562729,243.0761267994437,8
4407,62.919809142360094,2,3,326,0.0060790273556231,0.00911854103343465,0.9908814589665653,329,10100,7200,2900,0.7128712871287128,130,72,58,220.696734231974,0.4632937794993452,0.8684270453601011,0.1344203144517777,2089087.4043288638,16310.953532106196,2105398.35786097,4405,0,1267.5258358662613,72,257,44,36.62162910460159,0.540210233029382,42.30878995433789,16213.881753736838,225.19280213523385,0
4408,63.098121297583376,1,0,327,0.0030581039755351682,0.0,1.0,327,8200,5900,2300,0.7195121951219512,105,59,46,218.20861462176688,0.4627660988224111,0.8657433348109373,0.13350109485786274,2097649.3571687276,17945.032038004985,2115594.3892067326,4406,0,1276.1834862385322,75,252,47,36.519793493860625,0.5416985219164119,42.14638157894735,16270.078892152273,216.93438522869698,0
4409,62.73173311399805,2,1,328,0.0060790273556231,0.00303951367781155,0.9969604863221885,329,10900,8100,2800,0.7431192660550459,137,81,56,216.37271459589584,0.4628933760842168,0.8665841960316869,0.13323154942545026,2089228.6532901046,13710.415024781436,2102939.068314886,4407,0,1269.419452887538,79,250,49,36.32978701040981,0.5437879939209727,41.91406249999999,16190.17815172595,204.9389639458981,0
4410,62.71845959406419,1,1,328,0.00303951367781155,0.00303951367781155,0.9969604863221885,329,10200,7200,3000,0.7058823529411765,132,72,60,190.57510957117077,0.46272811797266905,0.8511775588551203,0.11790159088282721,2091536.407866315,3718.9560202425937,2095255.3638865575,4408,0,1270.386018237082,93,236,55,36.822525566759644,0.55012031408308,41.74423758865246,16197.403599730209,174.1656301046259,8
4411,62.29366538784245,1,2,327,0.00303951367781155,0.0060790273556231,0.993920972644377,329,10250,7000,3250,0.6829268292682927,135,70,65,191.91192476595677,0.4625026255961648,0.8529714878491217,0.119030861135687,2078839.059749779,3740.8010470466497,2082579.8607968257,4409,0,1271.2279635258358,75,254,57,36.69497276601767,0.5520516717325228,41.6529605263158,16093.384030913458,214.57845374551277,0
4412,62.42585058006878,3,5,325,0.00909090909090909,0.015151515151515152,0.9848484848484849,330,10300,7400,2900,0.7184466019417476,132,74,58,168.9074744611886,0.4623570430751282,0.8316864604389678,0.10072972853398132,2060280.937336885,-6700.630038778877,2053580.3072981061,4410,0,1268.3272727272727,94,236,55,38.741588778399,0.5391098484848484,43.081140350877206,16038.378343657881,170.6210462091264,8
4413,62.073862393345685,2,0,327,0.0061162079510703364,0.0,1.0,327,9900,6900,3000,0.696969696969697,129,69,60,169.9719590145301,0.4619151923353533,0.8330300487890419,0.1020845180983288,2052820.1161528046,-5515.628670614133,2047304.4874821904,4411,0,1280.3241590214068,101,226,56,38.44934247971518,0.5415073904179408,42.820669934640534,15964.114344890017,158.060538068218,0
4414,62.43257111913674,3,1,329,0.00909090909090909,0.0030303030303030303,0.996969696969697,330,9500,6900,2600,0.7263157894736842,121,69,52,171.14181364704538,0.4622570691719628,0.8339789276863077,0.10382277841874729,2070574.8505016626,-4627.612958637938,2065947.2375430246,4412,0,1269.6757575757576,85,245,61,38.04628345012457,0.5434974747474748,42.45397286821702,16079.260655355993,189.16777241595287,0
4415,62.820061711025296,0,0,329,0.0,0.0,1.0,329,9500,7000,2500,0.7368421052631579,120,70,50,184.28731845794752,0.4619609033286381,0.8468895221898931,0.10871498164245863,2066806.8046843125,877.2567611827335,2067684.0614454953,4413,1,1274.5197568389058,81,248,56,38.75595297050132,0.5314083080040527,43.483231707317096,16114.399214059238,198.94320017357083,8
4416,62.91373322674859,2,1,330,0.006042296072507553,0.0030211480362537764,0.9969788519637462,331,9200,6400,2800,0.6956521739130435,120,64,56,178.78848036967833,0.4621753791693369,0.8403997561130263,0.10740051181312525,2080710.3193377282,-998.5927832196912,2079711.7265545086,4414,0,1267.8126888217523,98,233,62,38.21535477096373,0.5397155085599195,42.8135521885522,16180.559567144597,165.10775068514894,7
4417,62.60125887080696,2,1,331,0.006024096385542169,0.0030120481927710845,0.9969879518072289,332,9750,6600,3150,0.676923076923077,129,66,63,177.76775454615105,0.46229347146895744,0.8426480047801084,0.10880530392194673,2081379.4485548725,-2149.5698143790514,2079229.8787404934,4415,0,1264.987951807229,82,250,52,37.546945215035464,0.5440198293172691,42.13102409638553,16142.922515291988,196.86490872307303,8
4418,63.0592159273039,2,1,332,0.006006006006006006,0.003003003003003003,0.996996996996997,333,10500,7800,2700,0.7428571428571429,132,78,54,173.91461722536232,0.4621628405513947,0.8389501609232555,0.1071352476277777,2100394.2076373287,-4042.1490712777495,2096352.0585660508,4416,0,1262.1831831831832,89,244,57,37.409379671150944,0.545827077077077,41.898148148148124,16275.700407162798,182.87303828272806,0
4419,62.86765015918128,4,2,334,0.011904761904761904,0.005952380952380952,0.9940476190476191,336,9600,7200,2400,0.75,120,72,48,174.61865894812053,0.4627258054963279,0.8404537198284725,0.10857096569806192,2099422.056585521,-3480.347182585805,2095941.709402935,4417,0,1251.735119047619,81,255,59,37.0522840477127,0.5481770833333333,41.56504065040652,16247.198613292589,200.58269892953814,0
4420,63.33094251368544,1,4,331,0.0029850746268656717,0.011940298507462687,0.9880597014925373,335,10600,7200,3400,0.6792452830188679,140,72,68,183.20228434868534,0.46284818422855784,0.8490368419977172,0.10854151562860134,2086214.08410696,-1160.16283024091,2085053.921276719,4418,0,1249.910447761194,82,253,49,38.62091726970468,0.5296952736318408,43.32329317269077,16255.577764682437,198.2387532278346,8
4421,63.47708615948428,1,2,330,0.0030120481927710845,0.006024096385542169,0.9939759036144579,332,9500,6600,2900,0.6947368421052632,124,66,58,189.09328329875143,0.46264078216188015,0.8516493213551151,0.11280805461177161,2095190.5649889058,3337.2926140635263,2098527.8576029693,4419,0,1252.30421686747,83,249,53,38.20954397734766,0.531281375502008,43.06795634920635,16309.297471953796,196.49755990305778,0
4422,63.110156958929565,0,1,329,0.0,0.0030303030303030303,0.996969696969697,330,9600,6600,3000,0.6875,126,66,60,187.0064899945916,0.46232634091676644,0.8490944326990844,0.10866593337523574,2067224.3519178869,1716.8740167017313,2068941.2259345886,4420,1,1259.1151515151514,90,240,53,39.26114341085272,0.5218118686868687,44.04761904761905,16153.19493591651,179.47994373240567,7
4423,63.226225663392626,3,1,331,0.009036144578313253,0.0030120481927710845,0.9969879518072289,332,9250,6700,2550,0.7243243243243244,118,67,51,181.48700613877193,0.46292932303231055,0.8457356668922136,0.10623846826474684,2075497.4562899452,-314.83608186053425,2075182.6202080846,4421,0,1252.4909638554218,96,236,56,39.12126292260406,0.5238767570281124,43.77147766323023,16200.362374662172,168.7537747360643,0
4424,63.398314805413214,4,0,335,0.011940298507462687,0.0,1.0,335,10650,7600,3050,0.7136150234741784,137,76,61,173.76962043814908,0.46364658742217063,0.8393930616079537,0.10247616964685906,2085629.7976659015,-5166.1803370201205,2080463.6173288813,4422,0,1242.2507462686567,85,250,60,39.038372999008345,0.5265547263681591,43.49563953488374,16261.944193728748,191.31699051445585,0
4425,63.27570138693215,3,3,335,0.008875739644970414,0.008875739644970414,0.9911242603550295,338,10100,7200,2900,0.7128712871287128,130,72,58,172.8389204369438,0.4640985037369995,0.8385853522534019,0.10270981462680802,2086202.3685880601,-5584.606960048044,2080617.7616280122,4423,0,1232.215976331361,90,248,49,38.77370020356916,0.5291235207100592,43.21199633699637,16248.441039526855,180.5382337725206,0
4426,63.44957064700377,4,2,337,0.011799410029498525,0.0058997050147492625,0.9941002949852508,339,9350,6900,2450,0.7379679144385026,118,69,49,173.32135417321655,0.4640592181436293,0.8399205233737252,0.10372451319406527,2096171.050755209,-4487.758980881717,2091683.2917743274,4424,0,1229.283185840708,93,246,56,38.496939127435766,0.5311270894788593,42.952127659574494,16309.577135725995,175.37179715834404,0
4427,63.101269141183714,3,1,339,0.008823529411764706,0.0029411764705882353,0.9970588235294118,340,9400,6800,2600,0.723404255319149,120,68,52,171.3493325871648,0.46392937706055876,0.8379136959961868,0.10301819873979709,2087412.6940244015,-5864.645608987858,2081548.0484154136,4425,0,1226.514705882353,97,243,57,38.375337479510165,0.5333333333333333,42.782738095238116,16230.735671210854,167.32717186815313,0
4428,63.027661032407835,1,1,339,0.0029411764705882353,0.0029411764705882353,0.9970588235294118,340,10200,7600,2600,0.7450980392156863,128,76,52,171.5003840166854,0.46405156457863384,0.8383800487682027,0.10369552379819658,2088345.3080471372,-6569.595542094608,2081775.7125050426,4426,0,1216.520588235294,85,255,59,38.16024992550072,0.5354779411764705,42.5750968992248,16224.889533936072,190.88105334042436,0
4429,62.72304151224684,2,1,340,0.005865102639296188,0.002932551319648094,0.9970674486803519,341,10950,7900,3050,0.7214611872146118,140,79,61,169.48982730437118,0.4643220631361049,0.8369502265662694,0.10302790910788484,2081393.4435166768,-8594.996941181776,2072798.446575495,4427,0,1213.8269794721407,88,253,47,38.014231520603346,0.5373594819159335,42.38061797752809,16158.671192954876,183.62126355630542,0
4430,62.61925047693281,3,3,340,0.008746355685131196,0.008746355685131196,0.9912536443148688,343,11200,7600,3600,0.6785714285714286,148,76,72,170.79101129488478,0.46473397211850487,0.838955047916397,0.10453200507185613,2081960.3899415354,-8683.975905198498,2073276.4140363368,4428,0,1201.9533527696792,93,250,51,37.72794012319151,0.5395711856171039,42.13209219858156,16147.495108579646,173.62897966214672,0
4431,62.40304572266554,2,3,339,0.005847953216374269,0.008771929824561403,0.9912280701754386,342,9750,6500,3250,0.6666666666666666,130,65,65,169.47976229956708,0.4646927323603894,0.8421016205907055,0.10401580244059001,2076377.2345588373,-7769.215968547939,2068608.0185902894,4429,0,1205.2923976608188,93,249,53,37.66032869395882,0.538468567251462,42.03235815602834,16097.966548957384,173.0964145049181,8
4432,62.083066016002554,2,1,340,0.005865102639296188,0.002932551319648094,0.9970674486803519,341,10050,7100,2950,0.7064676616915423,130,71,59,174.49467201188395,0.4645028319245587,0.8468690484555126,0.10760052480981509,2068459.9336569386,-6062.9524613627955,2062396.9811955758,4430,0,1209.7595307917888,95,246,56,37.35760823875576,0.5397727272727273,41.86197916666663,16025.99978863585,168.69473461721947,0
4433,61.76948212624785,1,1,340,0.002932551319648094,0.002932551319648094,0.9970674486803519,341,11200,8400,2800,0.75,140,84,56,173.9232054571887,0.46458081766430914,0.8464431252609903,0.10806762478094506,2062374.3494364163,-7661.048458666581,2054713.3009777498,4431,0,1209.4486803519062,79,262,54,37.09416675064667,0.5418804985337243,41.588541666666686,15961.941956738565,202.04989818656412,0
4434,62.04638260594336,0,2,338,0.0,0.0058823529411764705,0.9941176470588236,340,10900,8100,2800,0.7431192660550459,137,81,56,174.15423680664716,0.46458984036092316,0.8462111724912795,0.10859791491193704,2073666.531160532,-6672.437574849716,2066994.0935856823,4432,1,1201.6470588235295,80,260,57,36.958337478445415,0.5431372549019609,41.46090534979425,16041.41558526094,200.51769481576176,0
4435,62.19207614756706,2,1,339,0.0058823529411764705,0.0029411764705882353,0.9970588235294118,340,10100,6800,3300,0.6732673267326733,134,68,66,172.10380193211793,0.4645448334200937,0.8435389917854066,0.10816217763780926,2083020.0048407235,-6400.86753325006,2076619.1373074735,4433,0,1201.8882352941177,85,255,50,36.72781729689253,0.545373774509804,41.182170542635674,16096.418157960516,189.36962538777078,0
4436,62.65655909565215,1,3,337,0.0029411764705882353,0.008823529411764706,0.9911764705882353,340,11400,8700,2700,0.7631578947368421,141,87,54,206.5548063675495,0.46469395280235987,0.8693892950566773,0.1266773183107276,2084384.802797564,6707.939867462378,2091092.7426650263,4434,0,1202.229411764706,84,256,47,36.730924553401756,0.5393995098039216,42.058823529411754,16161.706566731398,192.40126865156427,8
4437,62.57159487927931,1,1,337,0.0029585798816568047,0.0029585798816568047,0.9970414201183432,338,10300,7600,2700,0.7378640776699029,130,76,54,225.83824775583523,0.464448573092433,0.8776304384682687,0.13540380982656744,2068260.8589593447,15518.481657871736,2083779.3406172164,4435,0,1210.1715976331361,82,256,48,37.077374269862226,0.5314657297830374,42.884036144578324,16088.155927356918,196.19702350435267,8
4438,62.34475254873409,1,2,336,0.0029585798816568047,0.005917159763313609,0.9940828402366864,338,9800,6500,3300,0.6632653061224489,131,65,66,230.16038504093484,0.4643082892911699,0.8802443317400186,0.13857001729929405,2063208.8933345203,17573.79066195152,2080782.6839964718,4436,0,1211.1627218934912,89,249,47,36.81017935336813,0.5330374753451677,42.7314814814815,16039.342125616571,180.21732725411877,0
4439,62.60989159394044,0,1,335,0.0,0.002976190476190476,0.9970238095238095,336,10650,7000,3650,0.6572769953051644,143,70,73,209.65994466690037,0.4640525053304904,0.8682994997722913,0.1281488245724259,2080861.1793087972,9404.647942676787,2090265.827251474,4437,1,1219.3005952380952,78,258,45,36.77547349937774,0.5394965277777778,42.18090717299578,16142.02545274681,206.94904426598472,8
4440,63.09303121182533,2,3,334,0.005934718100890208,0.008902077151335312,0.9910979228486647,337,10200,7600,2600,0.7450980392156863,128,76,52,207.76846333186015,0.46412343683764307,0.8660806316084044,0.12309016174678003,2078347.5202218613,8763.014109214837,2087110.534331076,4438,0,1216.4985163204747,75,262,49,37.992214894715296,0.5297663204747775,43.32510964912278,16194.396868199605,215.92529157599472,8
4441,62.842907881058835,1,1,334,0.0029850746268656717,0.0029850746268656717,0.9970149253731343,335,10750,8000,2750,0.7441860465116279,135,80,55,206.37568853098998,0.4641191497601811,0.8639630743620319,0.12279820380916337,2072706.744778131,7801.256315282443,2080508.0010934134,4439,0,1224.1074626865673,79,256,51,37.863593155893554,0.5313432835820895,43.16406249999999,16140.317160857841,204.30781216275747,0
4442,62.61680643823118,5,0,339,0.014749262536873156,0.0,1.0,339,11950,8800,3150,0.7364016736401674,151,88,63,205.04339723357145,0.46509050287130616,0.8636079566981956,0.12296942779424823,2069916.0248881946,5134.5227462577,2075050.5476344523,4440,0,1210.6253687315634,87,252,56,37.601855261946426,0.5343534906588003,42.87405303030305,16100.405651648533,185.06213392699462,0
4443,62.21348999708472,2,2,339,0.005865102639296188,0.005865102639296188,0.9941348973607038,341,11200,7600,3600,0.6785714285714286,148,76,72,185.43293522712574,0.46528772066011154,0.8538137952896219,0.11097737595572667,2055359.62387117,-3173.7263996494994,2052185.8974715206,4441,0,1204.5190615835777,85,256,52,38.18403857632015,0.5320136852394917,42.95058139534884,15991.941433116934,188.14048744843453,7
4444,61.95095142470515,2,3,338,0.005865102639296188,0.008797653958944282,0.9912023460410557,341,10500,7400,3100,0.7047619047619048,136,74,62,223.78371077008865,0.46531826806969123,0.8713934878150049,0.13697002994319243,2059757.8936856226,13488.052947389073,2073245.9466330116,4442,0,1205.2434017595308,82,259,46,36.3603364643662,0.540536412512219,42.13102409638551,15975.228400143124,194.81985853833078,8
4445,62.17830544495916,0,3,335,0.0,0.008875739644970414,0.9911242603550295,338,10750,7800,2950,0.7255813953488373,137,78,59,223.66453231779383,0.46480723871730495,0.8706451540319962,0.13741788874823407,2069519.4027987763,14225.617869916608,2083745.020668693,4443,2,1215.7218934911243,85,253,48,36.223015742609874,0.5418515779092703,41.99370155038756,16042.394431723107,188.7340521379189,0
4446,62.45683333365938,1,1,335,0.002976190476190476,0.002976190476190476,0.9970238095238095,336,11150,7500,3650,0.672645739910314,148,75,73,221.234090532258,0.46457241323146176,0.86849897917855,0.13631332572794955,2080450.251542043,13703.303859501333,2094153.5554015443,4444,0,1223.8809523809523,92,244,50,36.180422958977026,0.5434337797619048,41.890681003584206,16120.690718423326,175.22489911329703,0
4447,62.87833554036922,0,1,334,0.0,0.0029850746268656717,0.9970149253731343,335,10750,7900,2850,0.7348837209302326,136,79,57,209.6015151146142,0.4642703399171806,0.8576149532499748,0.12462062039988922,2073410.6886639637,9168.004359760507,2082578.6930237242,4445,1,1228.5223880597016,85,250,46,37.81011225356096,0.5310634328358209,43.19282945736434,16147.607438552668,189.9718522182667,8
4448,62.999193816308164,1,4,331,0.0029850746268656717,0.011940298507462687,0.9880597014925373,335,9350,6300,3050,0.6737967914438503,124,63,61,209.3905316451409,0.46462113087258317,0.8575141132503985,0.12504942923388612,2080049.8602971951,10758.549219206205,2090808.4095164014,4446,0,1229.4328358208954,90,245,50,37.64811350171498,0.5329912935323383,43.02884615384616,16188.975526354225,179.87750584838028,0
4449,63.036485574648545,1,1,331,0.0030120481927710845,0.0030120481927710845,0.9969879518072289,332,10050,7300,2750,0.7263681592039801,128,73,55,211.8834500246532,0.4643625483808345,0.8578394071101021,0.12714114599231574,2084115.2742963405,11867.906913397183,2095983.1812097377,4447,0,1240.9849397590363,92,240,53,37.405443273223575,0.5348581827309237,42.853942652329756,16209.583734574204,176.1911275497196,0
4450,63.41550759764726,0,0,331,0.0,0.0,1.0,331,10350,7300,3050,0.7053140096618358,134,73,61,210.17588538298094,0.4640864841771186,0.8562625575824687,0.12635605790016696,2097782.5307970275,11630.6601502435,2109413.190947271,4448,1,1244.3111782477342,95,236,51,37.3782341981298,0.5363796576032225,42.78428819444446,16311.464926239534,171.69963080252143,0
4451,63.81317745383003,1,2,330,0.0030120481927710845,0.006024096385542169,0.9939759036144579,332,10500,7600,2900,0.7238095238095238,134,76,58,222.05915849325615,0.4641176109270921,0.8678621697522348,0.13286415871051455,2108058.100039133,16722.7215499171,2124780.82158905,4449,0,1241.5602409638554,86,246,47,37.25195640022365,0.5360504518072289,42.95977011494256,16402.55380242858,190.72736979568117,8
4452,64.28580605631603,2,1,331,0.006024096385542169,0.0030120481927710845,0.9969879518072289,332,9800,6600,3200,0.673469387755102,130,66,64,218.02884426223176,0.46411097562455256,0.8660551870971367,0.13126611999623322,2127445.2355375146,16568.885187088203,2144014.1207246026,4450,0,1239.9728915662652,89,243,49,37.12228570571656,0.5378388554216867,42.73148148148151,16538.71408587739,185.82824815592573,0
4453,64.4608072617085,1,2,330,0.0030120481927710845,0.006024096385542169,0.9939759036144579,332,9750,6900,2850,0.7076923076923077,126,69,57,215.58544131110557,0.4641066152828838,0.865165378797697,0.13036464129765415,2135894.3460898115,15943.545039132234,2151837.891128944,4451,0,1240.882530120482,75,257,52,37.02148333510807,0.5396272590361446,42.57127192982452,16594.063623758135,221.25418165010845,0
4454,64.4863410182249,1,0,331,0.0030211480362537764,0.0,1.0,331,9800,6700,3100,0.6836734693877551,129,67,62,212.3091012598712,0.4641189081143764,0.8631897160722082,0.1293155434946478,2141118.230997109,14915.777462823606,2156034.0084599326,4452,0,1245.5649546827794,77,254,48,36.836650082918716,0.5411002014098691,42.30769230769228,16617.63403161935,215.81342898206947,0
4455,64.29131301098232,1,5,327,0.0030120481927710845,0.015060240963855422,0.9849397590361446,332,9450,6500,2950,0.6878306878306878,124,65,59,214.0373219442376,0.46401201482667837,0.8650151344293446,0.1310300855086845,2137687.4357975363,15658.978782388716,2153346.414579925,4453,0,1242.8102409638554,81,251,49,36.604474548440045,0.5429216867469879,42.123983739837364,16579.187679407096,204.68132937539625,0
4456,63.8845480226329,1,0,328,0.003048780487804878,0.0,1.0,328,10550,7300,3250,0.6919431279620853,138,73,65,222.94955281929472,0.46365413123741334,0.8648604951958601,0.13419039122519918,2113994.3715306967,18112.81995905564,2132107.1914897524,4454,0,1256.5731707317073,92,236,48,37.00637843956811,0.5403010670731707,42.74193548387099,16434.81517679037,178.6392953998953,8
4457,63.55203798968746,0,0,328,0.0,0.0,1.0,328,9650,6300,3350,0.6528497409326425,130,63,67,227.97882119961784,0.46369336758161156,0.8658977361726117,0.13508104906246232,2093545.9151857903,20206.825974267515,2113752.741160058,4455,1,1257.5731707317073,79,249,41,37.4685592417863,0.5323615345528455,43.32031250000004,16312.517251181325,206.48756014153577,8
4458,63.37991030936674,0,0,328,0.0,0.0,1.0,328,10100,7800,2300,0.7722772277227723,124,78,46,229.6546483194095,0.46380388975908104,0.8670664612812127,0.1364573461737609,2089570.60752808,20275.920602088394,2109846.5281301686,4456,2,1258.5731707317073,79,249,42,37.318985261058465,0.5338541666666667,43.21614583333337,16274.937645977036,206.01186893641818,0
4459,63.35144238783704,1,0,329,0.00303951367781155,0.0,1.0,329,9850,6500,3350,0.6598984771573604,132,65,67,225.93242178030619,0.46362236513702526,0.8656717994026566,0.13501221190816326,2092052.7976362626,18882.511012445993,2110935.3086487087,4457,0,1255.7446808510638,83,246,45,37.19962362478289,0.5357776089159068,43.00595238095241,16280.943601755282,196.15594700909978,0
4460,63.4328670498551,1,0,330,0.0030303030303030303,0.0,1.0,330,9950,7200,2750,0.7236180904522613,127,72,55,225.83879267485216,0.4638186577016364,0.8646523627687681,0.13578461498423472,2098410.3046142873,18830.489946112084,2117240.7945603994,4458,0,1252.9363636363637,85,245,44,36.97200508570354,0.5380050505050504,42.78100775193799,16316.138137969067,191.95456632904785,0
4461,63.29578836420963,2,1,331,0.006024096385542169,0.0030120481927710845,0.9969879518072289,332,10300,7300,3000,0.7087378640776699,133,73,60,226.2146661032185,0.4638368428396365,0.8641659791791825,0.13696169037125017,2098028.7606606227,18220.975113558274,2116249.735774181,4459,0,1246.382530120482,79,253,50,36.70160311520176,0.5402233935742972,42.52604166666666,16297.017175961952,206.29135665774623,0
4462,63.29746390270034,3,1,333,0.008982035928143712,0.0029940119760479044,0.9970059880239521,334,11000,7800,3200,0.7090909090909091,142,78,64,221.83656941747873,0.46413853973734215,0.8621768768013081,0.1356787992730868,2104093.7919455497,15552.989707562565,2119646.7816531123,4460,0,1239.6916167664672,86,248,44,36.43767897221576,0.5429141716566867,42.157567049808414,16320.772092249108,189.7764196773152,0
4463,63.64418688259836,1,1,333,0.0029940119760479044,0.0029940119760479044,0.9970059880239521,334,10200,6900,3300,0.6764705882352942,135,69,66,226.1291757865509,0.46423631715547886,0.864323559554734,0.1391218571560961,2119118.159388287,18838.888555356843,2137957.0479436438,4461,0,1240.688622754491,89,245,46,36.109055435952634,0.5446606786427146,41.944444444444436,16423.736003870472,184.53635959405025,0
4464,63.60550400019528,3,1,335,0.008928571428571428,0.002976190476190476,0.9970238095238095,336,10750,8100,2650,0.7534883720930232,134,81,53,226.7074476047947,0.4646177594171997,0.8734344925706212,0.13596187677723284,2102599.2778946515,17384.98312543658,2119984.261020088,4462,0,1234.2857142857142,87,249,50,37.044816315256426,0.5353422619047619,42.874053030303045,16354.625448535142,187.9842005578752,8
4465,63.292808860385776,1,0,336,0.002976190476190476,0.0,1.0,336,11750,9000,2750,0.7659574468085106,145,90,55,223.161814725329,0.4646695836294717,0.8721268160575661,0.13466334356186507,2095943.8735608505,14596.927677255131,2110540.8012381056,4463,0,1235.2113095238096,68,268,51,36.90483173970004,0.5376984126984127,42.647946859903385,16288.534309223998,239.53726925329408,0
4466,63.09271781094039,1,1,336,0.002967359050445104,0.002967359050445104,0.9970326409495549,337,10100,7400,2700,0.7326732673267327,128,74,54,202.60332737260217,0.4645793591917479,0.8593477154274607,0.12128894611712994,2084581.4660710762,6968.628241052138,2091550.0943121284,4464,0,1232.5430267062316,98,239,51,37.73168992946124,0.5410793768545994,42.93981481481483,16218.625724317064,165.49618086037822,8
4467,63.54668828907451,4,2,338,0.011764705882352941,0.0058823529411764705,0.9941176470588236,340,10600,7500,3100,0.7075471698113207,137,75,62,195.98614636161295,0.4652615102088033,0.8576839684419635,0.11815812176598897,2103811.879765234,3863.5965969932186,2107675.476362227,4465,0,1222.270588235294,75,265,56,37.637823585810125,0.5434436274509804,42.680921052631554,16351.77530070006,218.0236706760008,0
4468,63.49570612380104,1,1,338,0.0029498525073746312,0.0029498525073746312,0.9970501474926253,339,12300,8900,3400,0.7235772357723578,157,89,68,192.09505733315592,0.465278505058968,0.8547529034572836,0.11658423661419438,2106090.471225803,813.9139637862227,2106904.385189589,4466,0,1221.3598820058996,80,259,53,37.490638106650685,0.5454768928220255,42.438271604938244,16354.063814910964,204.42579768638706,0
4469,63.3365621386255,2,7,333,0.0058823529411764705,0.020588235294117647,0.9794117647058823,340,10000,7500,2500,0.75,125,75,50,187.3218870774396,0.46510805280814393,0.849756717990982,0.11425557664550788,2103770.8655867106,816.4657040481143,2104587.3312907587,4467,0,1218.1941176470589,89,251,47,37.42885288966727,0.5472120098039216,42.256944444444436,16324.559053993606,183.42201184262478,0
4470,63.63380354812736,1,0,334,0.0029940119760479044,0.0,1.0,334,10200,7200,3000,0.7058823529411765,132,72,60,189.97271141300266,0.46445509881138625,0.8498710711903557,0.11669004436779319,2117822.246337684,3465.686885508504,2121287.9332231926,4468,0,1240.5,89,245,49,37.10106283552404,0.5487150698602794,42.002314814814795,16417.37401494557,184.46487657242213,0
4471,64.01047106856387,1,1,334,0.0029850746268656717,0.0029850746268656717,0.9970149253731343,335,10700,8200,2500,0.7663551401869159,132,82,50,191.26103977234953,0.4646166621979921,0.8538486762889999,0.11828947109487219,2134439.2454431853,3947.0138828737136,2138386.259326059,4469,0,1237.7940298507463,93,242,56,36.81610453141089,0.5508084577114427,41.75531914893614,16530.363672227344,177.74584593792844,0
4472,64.31775834753755,2,1,335,0.005952380952380952,0.002976190476190476,0.9970238095238095,336,8600,5500,3100,0.6395348837209303,117,55,62,188.5444475950475,0.4643612295664534,0.852822376961816,0.11716601895046277,2147525.1509822616,5180.788657684745,2152705.9396399464,4470,0,1235.0505952380952,75,261,56,36.71214773169266,0.5524553571428572,41.58442982456142,16620.71019578507,221.60946927713425,0
4473,64.58670435320856,0,0,335,0.0,0.0,1.0,335,9900,7400,2500,0.7474747474747475,124,74,50,187.42848025183093,0.4639344445437483,0.8513855970688973,0.11681392532887826,2158253.3734803833,4003.6299579636325,2162257.003438347,4471,1,1239.6089552238807,77,258,57,36.63429417639567,0.5537935323383085,41.47970085470087,16696.97413020055,216.8438198727344,0
4474,64.37394704314664,3,1,337,0.008875739644970414,0.0029585798816568047,0.9970414201183432,338,10250,7400,2850,0.7219512195121951,131,74,57,183.61594348734053,0.46431871455410606,0.8492525722085169,0.1152400416176132,2155290.9869072502,1299.1576101474166,2156590.1445173975,4472,0,1229.5976331360946,85,253,49,36.47920177245213,0.5557507396449703,41.23062015503877,16658.006354527482,195.97654534738214,0
4475,64.14995002099329,0,1,336,0.0,0.002967359050445104,0.9970326409495549,337,9350,6400,2950,0.6844919786096256,123,64,59,184.34810350977355,0.4638139689604823,0.8500588899545432,0.11609206368736792,2149788.807511491,2511.8979222568305,2152300.7054337477,4473,1,1234.246290801187,87,250,51,36.337739853382715,0.5569362017804154,41.11032196969699,16607.759906595104,190.89379202982877,0
4476,64.01772332283667,0,1,335,0.0,0.002976190476190476,0.9970238095238095,336,10050,7500,2550,0.746268656716418,126,75,51,215.75712446972324,0.4635396307154703,0.870943886798655,0.13698731388202295,2150154.0990394945,15532.213115110091,2165686.3121546046,4474,2,1238.375,84,252,49,35.22910854729143,0.5563926091269842,40.821078431372555,16592.044492091612,197.5243391915668,7
4477,64.31213273927942,0,1,334,0.0,0.0029850746268656717,0.9970149253731343,335,10950,7300,3650,0.6666666666666666,146,73,73,215.94633855428958,0.46326004707003904,0.8715582547654428,0.1375982493721679,2162140.6688686777,15431.272176302677,2177571.94104498,4475,3,1243.0597014925372,88,247,50,35.09563303994585,0.5578669154228856,40.69522471910112,16676.443127794162,189.50503554311547,0
4478,63.859517899804835,0,1,333,0.0,0.0029940119760479044,0.9970059880239521,334,11000,8200,2800,0.7454545454545455,138,82,56,213.17467727546907,0.4630217792642943,0.8696287590014429,0.13633482478431797,2149073.0453832,13825.59057819414,2162898.6359613943,4476,4,1247.7425149700598,69,265,52,35.034989101755194,0.5594436127744511,40.56547619047617,16567.36361704153,240.10671908755842,0
4479,63.55658671471352,0,1,332,0.0,0.003003003003003003,0.996996996996997,333,10250,7000,3250,0.6829268292682927,135,70,65,210.57724521164096,0.4626900997382925,0.8673374534213085,0.1348897667898558,2139805.509628013,13268.869901230912,2153074.379529244,4477,5,1252.3273273273273,71,262,51,35.04497472494795,0.5609672172172172,40.50925925925923,16492.345765553997,232.2865600782253,0
4480,63.93285994852536,1,2,331,0.003003003003003003,0.006006006006006006,0.993993993993994,333,9900,7500,2400,0.7575757575757576,123,75,48,212.51763365247564,0.46262753717572996,0.868407193988588,0.136834652285766,2155458.8035063683,15114.600871313423,2170573.4043776817,4478,0,1253.1381381381382,73,260,53,34.81093357546842,0.5628128128128128,40.329391891891866,16601.484620923988,227.41759754690395,0
4481,64.38110233477371,0,0,331,0.0,0.0,1.0,331,10200,7300,2900,0.7156862745098039,131,73,58,212.42549035894527,0.46230393054411184,0.8681017362151049,0.13708700899561665,2171898.499173025,15873.320739336852,2187771.819912362,4479,1,1260.3111782477342,74,257,44,34.73224788792642,0.5644826283987916,40.24999999999998,16722.991331457364,225.98636934401844,0
4482,64.27428291806984,1,0,332,0.0030120481927710845,0.0,1.0,332,8850,6300,2550,0.711864406779661,114,63,51,213.58857916923276,0.4624472209078004,0.8642086440247112,0.13163500511816606,2141137.324095072,16214.495771935199,2157351.8198670074,4480,0,1257.512048192771,91,241,52,36.36868337939199,0.5495105421686747,41.881793478260846,16590.36263228291,182.31167727783418,8
4483,63.880078883833626,0,1,331,0.0,0.0030120481927710845,0.9969879518072289,332,9100,6200,2900,0.6813186813186813,120,62,58,211.8752424060943,0.4623325249639039,0.8636148172069038,0.13116427555246368,2130658.805113887,14786.770163636196,2145445.575277523,4481,1,1258.512048192771,95,237,51,36.24862587348933,0.5510479417670683,41.72092013888887,16498.887995571633,173.6725052165435,0
4484,63.50740349922158,2,1,332,0.006006006006006006,0.003003003003003003,0.996996996996997,333,10050,7000,3050,0.6965174129353234,131,70,61,205.1950710445325,0.4625035426993258,0.8616167313607435,0.12103896034264229,2089370.8711696966,9095.720869608691,2098466.5920393053,4482,0,1255.6036036036037,78,255,50,38.22275196189304,0.5334396896896897,43.48628691983123,16290.519879665857,208.85281897007508,8
4485,64.02335437709438,1,2,331,0.003003003003003003,0.006006006006006006,0.993993993993994,333,11100,7500,3600,0.6756756756756757,147,75,72,200.46966712715198,0.4626561802766622,0.8571881034418016,0.11913333536535291,2110872.443370634,6933.179214077756,2117805.6225847118,4483,0,1253.966966966967,84,249,48,38.06293945467849,0.5356919419419419,43.21078431372549,16440.506956098478,195.72032090593424,0
4486,64.35473272814795,6,4,333,0.017804154302670624,0.011869436201780416,0.9881305637982196,337,11150,8500,2650,0.7623318385650224,138,85,53,180.2343631683827,0.463230726885215,0.8484931967023881,0.11178691104496256,2147614.3242106303,-1135.2199889195253,2146479.104221711,4484,0,1239.5489614243324,77,260,57,36.997016886361685,0.5502287339268052,41.65331196581199,16625.832059642493,215.91989687847393,8
4487,64.50154849895578,2,3,332,0.005970149253731343,0.008955223880597015,0.991044776119403,335,9600,6700,2900,0.6979166666666666,125,67,58,177.66382550845077,0.462912980010129,0.845760156091651,0.1107465390448494,2155506.747799471,-8.885055333040327,2155497.862744138,4485,0,1247.6567164179105,80,255,59,36.88068944933594,0.5518034825870647,41.47376543209877,16675.34245723393,208.44178071542416,0
4488,64.67336863969581,0,1,331,0.0,0.0030120481927710845,0.9969879518072289,332,10800,7600,3200,0.7037037037037037,140,76,64,178.32112753924898,0.46243508778315684,0.8441507276916651,0.11166362151367612,2163966.2806996806,-23.818573743300476,2163942.4621259375,4486,1,1259.2409638554218,84,248,47,36.698307988693614,0.553714859437751,41.31127450980394,16730.271306560608,199.1698965066739,0
4489,64.75670372263824,0,3,328,0.0,0.00906344410876133,0.9909365558912386,331,11150,8300,2850,0.7443946188340808,140,83,57,182.01341087319304,0.4618492325063322,0.8462338347411154,0.11448741109182853,2169424.2847054475,1622.8627380755252,2171047.147443523,4487,2,1263.9818731117825,84,247,49,36.440579332765225,0.5556080060422961,41.151960784313744,16762.145784676122,199.54935457947764,0
4490,64.79181907220726,1,2,327,0.00303951367781155,0.0060790273556231,0.993920972644377,329,9700,6700,3000,0.6907216494845361,127,67,60,218.24615436904304,0.4615960226851508,0.8688132466749767,0.13193611322137794,2146689.3504232867,18201.33907097201,2164890.6894942587,4488,0,1272.176291793313,73,256,50,36.96358752118992,0.5421099290780143,42.581644144144136,16678.603538477637,228.47402107503612,8
4491,64.76312756269647,4,2,329,0.012084592145015106,0.006042296072507553,0.9939577039274925,331,10700,7800,2900,0.7289719626168224,136,78,58,218.51301060834223,0.46220627727425306,0.868908327635195,0.12958873195970752,2133995.094144837,16361.13852900478,2150356.232673842,4489,0,1264.773413897281,80,251,46,37.67752479711455,0.5309038267875126,43.28703703703706,16625.534367368255,207.81917959210318,8
4492,64.3271495609878,3,1,331,0.009036144578313253,0.0030120481927710845,0.9969879518072289,332,8550,5300,3250,0.6198830409356725,118,53,65,211.21155282266642,0.46234598514905545,0.8643115688122955,0.12591855366409194,2122838.7460241057,14723.61358797507,2137562.3596120807,4490,0,1261.8524096385543,83,249,52,37.66658018374607,0.5323795180722892,43.09275793650795,16526.110583519225,199.1097660664967,0
4493,64.48193937644682,2,0,333,0.006006006006006006,0.0,1.0,333,10700,7800,2900,0.7289719626168224,136,78,58,215.69753735049267,0.46236108096047857,0.8672596989428665,0.1295351156737295,2132400.224330097,14690.695406728913,2147090.919736826,4491,0,1258.7657657657658,89,244,56,37.27685268526856,0.5345658158158157,42.824074074074105,16583.202464637303,186.3281175801944,0
4494,64.19251069120932,2,0,335,0.005970149253731343,0.0,1.0,335,10250,6900,3350,0.6731707317073171,136,69,67,215.8077260139934,0.4626124616438764,0.8685012046855869,0.13076418456356342,2128228.867219701,14607.646454404083,2142836.513674105,4492,0,1252.244776119403,73,262,52,36.94007498314475,0.53681592039801,42.49718468468468,16529.752225144868,226.43496198828586,0
4495,64.3311448558034,4,2,337,0.011799410029498525,0.0058997050147492625,0.9941002949852508,339,9800,6800,3000,0.6938775510204082,128,68,60,213.55808198118018,0.4633883012456872,0.8706632711920457,0.13091224198163148,2139817.535273466,13795.06572453935,2153612.6009980054,4493,0,1238.457227138643,78,261,45,36.5672341223182,0.5393620943952802,42.075421940928265,16592.5833929901,212.72542811525767,0
4496,64.61228041005872,3,2,338,0.008823529411764706,0.0058823529411764705,0.9941176470588236,340,11000,8000,3000,0.7272727272727273,140,80,60,211.21977034756833,0.4632372823760773,0.86971702380753,0.13033262103520316,2153123.3745153435,11956.444939021585,2165079.819454365,4494,0,1235.8029411764705,84,256,52,36.38534842874773,0.5415747549019607,41.83823529411762,16680.42033233191,198.57643252776083,0
4497,64.18684172755758,2,4,336,0.0058823529411764705,0.011764705882352941,0.9882352941176471,340,9850,7200,2650,0.7309644670050761,125,72,53,197.45637946628077,0.4630892474984094,0.8602385872158833,0.12178977054688565,2138700.3472610107,6610.005466686856,2145310.3527276977,4495,0,1236.7529411764706,94,246,51,36.75579436208922,0.5417892156862745,41.85307017543858,16569.63612710395,176.272724756425,8
4498,64.42262440519198,1,2,335,0.002967359050445104,0.005934718100890208,0.9940652818991098,337,9600,7200,2400,0.75,120,72,48,199.10123138536616,0.4625882406622392,0.8613784523987333,0.1232601483167638,2148773.3139608246,8564.682555522339,2157337.996516347,4496,0,1248.706231454006,97,240,49,36.577422596265926,0.543026706231454,41.71981292517005,16639.08748322436,171.53698436313775,0
4499,64.8686192613049,2,0,337,0.005934718100890208,0.0,1.0,337,10200,7200,3000,0.7058823529411765,132,72,60,192.23641804500735,0.4627118806226744,0.8563464073889775,0.11989095690287921,2168076.5202946933,5756.6528617875365,2173833.173156481,4497,0,1249.685459940653,78,259,53,36.48553311573507,0.5451285855588526,41.45569620253166,16771.41200521721,215.0181026309899,0
4500,65.23899795350692,0,0,337,0.0,0.0,1.0,337,11550,8600,2950,0.7445887445887446,145,86,59,187.2421877855087,0.46252862853845794,0.8525069936999721,0.11576686056321334,2175210.7936956226,2508.2455812443495,2177719.0392768667,4498,1,1250.685459940653,103,234,58,36.93161249450518,0.548837784371909,41.76682692307693,16846.87344989302,163.56187815430118,8
4501,65.64460536041811,4,2,339,0.011730205278592375,0.005865102639296188,0.9941348973607038,341,9700,6500,3200,0.6701030927835051,129,65,64,181.64166772308735,0.4629438358921281,0.8501620516864099,0.11359820880660984,2195693.3685006527,1865.88105259644,2197559.249553249,4499,0,1237.0029325513196,83,258,56,36.6586058237842,0.5512585532746823,41.35664682539683,16978.54084824209,204.5607331113505,0
4502,66.04620293100457,0,3,336,0.0,0.008849557522123894,0.9911504424778761,339,10350,8300,2050,0.8019323671497585,124,83,41,183.4084399530709,0.4622446515741274,0.8505581797690887,0.11540426285754907,2212831.1015296285,3020.380042236692,2215851.4815718653,4500,1,1245.268436578171,86,253,45,36.392133055812515,0.5525749754178958,41.13984674329502,17096.730212743256,198.7991885202704,0
4503,65.8299555530213,0,1,335,0.0,0.002976190476190476,0.9970238095238095,336,9750,6900,2850,0.7076923076923077,126,69,57,184.74390838924015,0.46190642768301354,0.8508962002496179,0.11675620713363843,2208239.1001825235,4641.744405131841,2212880.8445876553,4501,2,1256.2529761904761,86,250,50,36.199036194702536,0.5539744543650793,40.98419540229886,17050.998904196767,198.26742911856707,0
4504,66.21049677643511,1,3,333,0.002976190476190476,0.008928571428571428,0.9910714285714286,336,11050,7600,3450,0.6877828054298643,145,76,69,181.02775780521327,0.461696539623312,0.8479070018775747,0.11481339402936808,2223150.3526716875,2240.384721605098,2225390.7373932926,4502,0,1257.2380952380952,88,248,55,36.16791247007813,0.5552765376984127,40.85908239700375,17157.84888959568,194.97555556358728,0
4505,66.1643273785759,2,1,334,0.005970149253731343,0.0029850746268656717,0.9970149253731343,335,10150,7700,2450,0.7586206896551724,126,77,49,201.89471511568888,0.4615299252241785,0.8564455454628881,0.12410888325131837,2202517.6244411017,11785.333664763242,2214302.958105865,4503,0,1261.7283582089551,87,248,56,36.76503196011865,0.5435634328358209,41.97443181818179,17072.088165224723,196.2308984508589,8
4506,65.99297853194356,2,2,334,0.005952380952380952,0.005952380952380952,0.9940476190476191,336,8950,6100,2850,0.6815642458100558,118,61,57,195.6076724191814,0.4616445303245676,0.8521549700113138,0.12088662525406906,2200084.646258852,9920.687355973338,2210005.3336148253,4504,0,1258.9464285714287,89,247,60,36.731473180935296,0.5451388888888888,41.782407407407376,17040.548044532927,191.4668319610441,0
4507,66.28539086940543,3,0,337,0.008902077151335312,0.0,1.0,337,11200,7900,3300,0.7053571428571429,145,79,66,195.04437792152925,0.4619045411191183,0.8517143846766344,0.12133377839650812,2213873.223978923,7760.705153620218,2221633.9291325435,4505,0,1256.0979228486647,77,260,61,36.5054836459464,0.5475086547972305,41.54647435897437,17131.692968691343,222.48951907391353,0
4508,66.21814362916815,1,0,338,0.0029585798816568047,0.0,1.0,338,9400,6900,2500,0.7340425531914894,119,69,50,194.82530534950055,0.4618499391310964,0.852123822323311,0.12207078554634132,2216016.034084524,9347.20009998197,2225363.234184506,4506,0,1253.378698224852,82,256,45,36.24983829759709,0.5491555719921104,41.2901606425703,17131.285300849413,208.91811342499284,0
4509,66.42140166074313,1,1,338,0.0029498525073746312,0.0029498525073746312,0.9970501474926253,339,10800,8200,2600,0.7592592592592593,134,82,52,189.7817346775271,0.46198792131399347,0.8487509801725102,0.11953223152240633,2226003.3127119727,5890.954016880204,2231894.266728853,4507,0,1250.6784660766962,88,251,51,36.19151220614826,0.5510078662733531,41.104868913857686,17196.17748988345,195.41110783958464,0
4510,66.53336212847614,0,4,334,0.0,0.011834319526627219,0.9881656804733728,338,9200,7000,2200,0.7608695652173914,114,70,44,189.74875303642634,0.46162094914520163,0.8495236885093327,0.12008931148546972,2232698.562197548,7930.353616641326,2240628.9158141892,4508,1,1255.310650887574,90,248,52,36.01832213974318,0.5524223372781065,40.934065934065934,17236.52760636071,191.51697340400787,0
4511,66.56335323229438,2,0,336,0.005952380952380952,0.0,1.0,336,10500,8000,2500,0.7619047619047619,130,80,50,190.5658436643751,0.46126380745084106,0.8501406234245119,0.12105089728897414,2235944.80122731,7518.9414865716935,2243463.742713882,4509,0,1263.7380952380952,92,244,56,35.8648250579779,0.5538504464285714,40.80421146953407,17252.940828276587,187.53196552474552,0
4512,66.87699432323205,1,0,337,0.002967359050445104,0.0,1.0,337,9550,7100,2450,0.743455497382199,120,71,49,174.47752923788497,0.4613187232113419,0.8385846272394852,0.10803725727549908,2230759.0315256473,893.4648291390131,2231652.496354786,4510,0,1260.9851632047478,112,225,57,37.2062261322674,0.5514033135509397,41.71275811209441,17273.474409500857,154.2274500848291,8
4513,66.56827706919915,0,1,336,0.0,0.002967359050445104,0.9970326409495549,337,10450,7400,3050,0.7081339712918661,135,74,61,175.08585073313046,0.4612057545570157,0.8393925162720826,0.10884369246036461,2222901.476395031,-10.280781889488935,2222891.1956131416,4511,1,1261.9851632047478,86,251,56,37.04615301457868,0.5527942631058358,41.570881226053615,17203.1811812929,200.03699048015002,0
4514,66.81104428074,1,1,336,0.002967359050445104,0.002967359050445104,0.9970326409495549,337,11150,8400,2750,0.7533632286995515,139,84,55,171.76731083684518,0.46140482961235924,0.8360528604746416,0.10754638944065117,2235416.7816988216,-1755.6941616085878,2233661.0875372128,4512,0,1257.7715133531158,91,246,57,36.87231912286076,0.5544015825914936,41.31567028985504,17282.97020699785,189.92274952744887,0
4515,66.39307888313476,0,1,335,0.0,0.002976190476190476,0.9970238095238095,336,11050,8000,3050,0.7239819004524887,141,80,61,182.37737192836238,0.4612125384979862,0.8493121210413368,0.1107923411612733,2202788.9022523593,2097.7701811488123,2204886.672433508,4513,1,1262.5059523809523,81,255,59,37.705477200249874,0.5411086309523809,42.40345528455282,17102.627713315487,211.1435520162406,7
4516,66.75659447957577,2,2,335,0.005934718100890208,0.005934718100890208,0.9940652818991098,337,10600,7500,3100,0.7075471698113207,137,75,62,181.4417923207447,0.4617621343789742,0.8450703926090253,0.10495254593339427,2183733.5430024243,1244.1055986575502,2184977.6486010817,4514,0,1259.572700296736,90,247,45,39.57839188483625,0.5249752720079129,44.21932234432233,17075.04697397107,189.72274415523412,8
4517,66.29801030774433,4,3,336,0.011799410029498525,0.008849557522123894,0.9911504424778761,339,10600,8000,2600,0.7547169811320755,132,80,52,191.69079468564286,0.46190246577414723,0.8585756060146954,0.11389788480790844,2185766.814451639,5398.275531948101,2191165.089983587,4515,0,1252.2005899705014,83,256,49,38.29446765184072,0.5363507866273354,43.21676587301587,17024.21750300673,205.11105425309313,8
4518,65.8575927082115,1,3,334,0.002967359050445104,0.008902077151335312,0.9910979228486647,337,11150,7700,3450,0.6905829596412556,146,77,69,153.2533478266603,0.4618820945786821,0.823205770277246,0.09184362584746296,2176598.7204094613,-11835.791844404666,2164762.9285650565,4516,0,1260.0919881305638,102,235,62,38.96034930375269,0.5415121167161226,42.90048543689322,16931.955115576082,165.99955995662825,8
4519,65.66628277164254,0,2,332,0.0,0.005988023952095809,0.9940119760479041,334,9850,6700,3150,0.6802030456852792,130,67,63,153.76590261125517,0.4612719006431581,0.8229568976184911,0.09256007276293558,2173023.116992896,-9822.627804092459,2163200.4891888034,4517,1,1272.314371257485,105,229,62,38.781999248761714,0.5429141716566867,42.73781446540882,16893.451421765316,160.89001354062205,0
4520,65.94867353537984,0,0,332,0.0,0.0,1.0,332,10350,7200,3150,0.6956521739130435,135,72,63,157.98960453262185,0.46075237505914896,0.8262036699046651,0.09564241269660559,2185882.0084205177,-7680.673186934304,2178201.3352335836,4518,2,1279.9759036144578,87,245,57,38.463030435382244,0.5448669678714859,42.530776515151494,16979.753765009915,195.16958350586108,0
4521,65.58548136112033,3,1,334,0.008955223880597015,0.0029850746268656717,0.9970149253731343,335,10500,7800,2700,0.7428571428571429,132,78,54,179.4368087775917,0.4613988441028391,0.8477028520163081,0.10664937341427683,2162465.44282695,105.17963053849144,2162570.6224574884,4519,0,1269.5044776119403,87,248,48,38.59765372914172,0.5341417910447761,43.20549242424245,16841.991390248062,193.58610793388578,7
4522,65.61569768606016,2,1,335,0.005952380952380952,0.002976190476190476,0.9970238095238095,336,9600,7100,2500,0.7395833333333334,121,71,50,182.24983989598,0.4618353544776119,0.8510420599958026,0.10898502016961986,2167261.663974129,2196.6182543964587,2169458.2822285257,4520,0,1266.0744047619048,91,245,51,38.295888399412625,0.5358692956349207,42.98007246376813,16864.541864510582,185.32463587374266,0
4523,65.71547989993343,0,0,335,0.0,0.0,1.0,335,10900,7800,3100,0.7155963302752294,140,78,62,184.77614542732124,0.4618051211010814,0.8529601550607935,0.11101396736274183,2173463.6031101616,2420.8453618548456,2175884.4484720165,4521,1,1270.4776119402984,93,242,52,38.055773981357824,0.5375621890547264,42.80806737588654,16901.49127878504,181.73646536328002,0
4524,65.42989279461068,2,0,337,0.005934718100890208,0.0,1.0,337,10200,7500,2700,0.7352941176470589,129,75,54,189.32393673772737,0.4621842029343884,0.8555713867808807,0.10963130662074859,2141022.2246649223,3469.3512433058554,2144491.5759082283,4522,0,1263.9317507418398,89,248,47,39.33492248412734,0.5256862017804154,44.17824074074073,16738.39028286199,188.0718009310336,8
4525,65.71854883921937,5,2,340,0.014619883040935672,0.005847953216374269,0.9941520467836258,342,10700,7800,2900,0.7289719626168224,136,78,58,189.89531530177445,0.46314017366648946,0.8588987436537365,0.11090224673462734,2155846.538095724,2777.0316187842,2158623.569714508,4523,0,1246.438596491228,95,247,54,38.99449998587927,0.5278996101364523,43.858506944444414,16833.247221121906,177.19207601180955,0
4526,65.15524032558278,3,2,341,0.008746355685131196,0.0058309037900874635,0.9941690962099126,343,10900,8000,2900,0.7339449541284404,138,80,58,196.32084393010717,0.46315121704487977,0.8599739420284302,0.11197647168298883,2122497.4350131196,3838.097536253007,2126335.5325493724,4524,0,1243.6297376093294,76,267,55,39.740013956610845,0.5182215743440233,44.75108225108226,16630.804578775686,218.8263760365222,8
4527,64.7484261581801,2,1,342,0.0058309037900874635,0.0029154518950437317,0.9970845481049563,343,11050,7900,3150,0.7149321266968326,142,79,63,170.8212338404399,0.4633817394961326,0.842114253532716,0.09651751196005105,2103294.5274519175,-7792.526738163708,2095502.0007137537,4525,0,1244.6180758017492,100,243,54,40.757347387445684,0.5180697278911565,45.11138613861386,16503.63659316484,165.0363659316484,8
4528,64.62990343711732,4,0,346,0.011560693641618497,0.0,1.0,346,10400,7100,3300,0.6826923076923077,137,71,66,173.12668873194693,0.46409273686855995,0.8474934089066819,0.09874316203701991,2105358.951375026,-6701.2352312550875,2098657.7161437706,4526,0,1234.7976878612717,79,267,59,40.333590521858945,0.5204720616570327,44.752604166666686,16496.61454528409,208.81790563650748,0
4529,64.99049598848416,4,6,344,0.011428571428571429,0.017142857142857144,0.9828571428571429,350,11450,8400,3050,0.7336244541484717,145,84,61,181.49197573046743,0.46471841315322693,0.8535584269738024,0.10525549561291263,2127593.0992359105,-4221.784973833084,2123371.314262077,4527,0,1221.6742857142858,86,264,55,39.47717311621668,0.5249702380952381,44.12116858237549,16629.6921667852,193.36851356726976,8
4530,65.03312513801173,1,1,344,0.002898550724637681,0.002898550724637681,0.9971014492753624,345,11850,8700,3150,0.7341772151898734,150,87,63,186.26150382805986,0.4640921666104932,0.8526016159090537,0.10864598077412511,2132592.2905187206,-1406.030583172168,2131186.2599355485,4528,0,1240.2521739130434,100,245,53,39.13463345549242,0.5297403381642511,43.904702970297,16654.677498988774,166.54677498988775,8
4531,65.29155006123486,1,1,344,0.002898550724637681,0.002898550724637681,0.9971014492753624,345,10150,7500,2650,0.7389162561576355,128,75,53,186.32683844094728,0.46407426131895296,0.8541447762670238,0.10920944813091865,2144084.556605116,750.09935645918,2144834.655961575,4529,0,1241.2463768115942,80,265,52,38.94917536464608,0.531280193236715,43.72427983539098,16732.639012606767,209.15798765758458,0
4532,65.67642072281085,5,0,349,0.014326647564469915,0.0,1.0,349,9850,7000,2850,0.7106598984771574,127,70,57,177.63954855681493,0.46490931945679503,0.847940120591812,0.10475012520596427,2160523.949743727,-2891.1001842668047,2157632.8495594603,4530,0,1226.865329512894,86,263,55,38.942083274984846,0.5335482330468004,43.498563218390835,16846.0962780746,195.88484044272792,0
4533,66.01514002258067,1,4,346,0.002857142857142857,0.011428571428571429,0.9885714285714285,350,10100,6800,3300,0.6732673267326733,134,68,66,174.2968610316594,0.46496418338108886,0.8452958967637854,0.10333834815140731,2175079.314429753,-4278.100599999234,2170801.213829754,4531,0,1224.357142857143,91,259,47,38.82285050576335,0.5350595238095238,43.29710144927539,16946.277792028563,186.22283287943475,0
4534,65.97415082118678,3,0,349,0.008595988538681949,0.0,1.0,349,10900,7900,3000,0.7247706422018348,139,79,60,181.59774912498693,0.4646437824545225,0.8508059152949985,0.108471678161276,2178391.131878291,-1581.8147474132693,2176809.3171308776,4532,0,1228.6446991404011,92,257,55,38.35528992139943,0.5373089780324738,43.021953405017946,16953.908403791465,184.28161308468984,0
4535,65.94517883265799,1,1,349,0.002857142857142857,0.002857142857142857,0.9971428571428571,350,9650,6900,2750,0.7150259067357513,124,69,55,191.78766370361149,0.46470528039295944,0.8577260060471943,0.11359044491517913,2172123.001984166,3667.2791654841385,2175790.28114965,4533,0,1226.1314285714286,92,258,40,38.413066404829486,0.5319047619047619,43.33557347670253,16925.781507060557,183.9758859463104,8
4536,65.51355309014805,1,0,350,0.002857142857142857,0.0,1.0,350,10650,7700,2950,0.7230046948356808,136,77,59,189.79106251129784,0.46480880747714554,0.8569545695939735,0.11299632876678797,2161156.0662687593,1383.6212139779818,2162539.6874827375,4534,0,1227.1257142857144,95,255,43,38.26743269122451,0.533422619047619,43.14236111111114,16827.656561957494,177.13322696797363,0
4537,65.30977840864448,1,0,351,0.002849002849002849,0.0,1.0,351,11600,8400,3200,0.7241379310344828,148,84,64,186.13618990829568,0.46510785510785513,0.8551579880591211,0.11150099919749497,2158221.7215806223,-1455.3663535309024,2156766.3552270913,4535,0,1224.6267806267806,99,252,46,38.13141545110754,0.5353157644824311,42.9166666666667,16790.055532555896,169.59652053086765,0
4538,65.31419461661613,2,0,353,0.0056657223796034,0.0,1.0,353,10900,7700,3200,0.7064220183486238,141,77,64,192.2597855668937,0.4657176179285776,0.8601371863564822,0.11365147911348515,2150144.5305674444,1177.2652769456545,2151321.79584439,4536,0,1218.6827195467422,84,269,46,38.47360859044168,0.5292728989612843,43.40686274509806,16759.174103954865,199.5139774280341,8
4539,65.39177925199367,3,4,352,0.008426966292134831,0.011235955056179775,0.9887640449438202,356,12300,9400,2900,0.7642276422764228,152,94,58,185.74329869737116,0.4664869836999525,0.8558297785415876,0.11080287614757682,2158351.628446465,-3320.12975670183,2155031.4986897632,4537,0,1209.4044943820224,94,262,54,38.297876123819236,0.5318352059925093,43.0701754385965,16801.098370972824,178.7350890529024,0
4540,65.7473192643746,1,2,351,0.0028328611898017,0.0056657223796034,0.9943342776203966,353,11450,7900,3550,0.6899563318777293,150,79,71,194.48971489012126,0.4664674140484162,0.8617659678977629,0.1152051953053206,2165684.054010704,2190.6548413251458,2167874.7088520294,4538,0,1219.7110481586403,86,267,45,38.338989441930636,0.5303057129367328,43.330938697318025,16875.302718754865,196.22445021807982,8
4541,65.63895046686497,2,1,352,0.0056657223796034,0.0028328611898017,0.9971671388101983,353,10750,7700,3050,0.7162790697674418,138,77,61,195.98390720139122,0.4667591504635591,0.863977728538605,0.11705396731165249,2167265.698514571,3599.839907688035,2170865.538422259,4539,0,1220.6798866855524,91,262,53,37.98907296439901,0.5321352691218131,43.02536231884059,16867.545513994268,185.357643010926,0
4542,65.62730904997876,0,1,351,0.0,0.002840909090909091,0.9971590909090909,352,11350,8900,2450,0.7841409691629956,138,89,49,184.80137482559346,0.4668319479517396,0.8569349285582044,0.10688717151991438,2146741.1077668467,-2405.8583780135314,2144335.249388833,4540,1,1223.7414772727273,85,267,48,39.49557820713172,0.5203302556818181,44.222383720930246,16785.996671613473,197.4823137836879,8
4543,65.69447185434893,7,2,356,0.019553072625698324,0.00558659217877095,0.994413407821229,358,11400,8000,3400,0.7017543859649122,148,80,68,183.87960996497938,0.4680762901063591,0.862442902534883,0.10567976104152575,2144901.5730387936,-4119.267067270637,2140782.305971523,4541,0,1204.2094972067039,75,283,55,39.76390974755064,0.514548417132216,44.46271929824564,16787.38669479837,223.8318225973116,8
4544,65.55181597210898,1,1,356,0.0028011204481792717,0.0028011204481792717,0.9971988795518207,357,11150,7900,3250,0.7085201793721974,144,79,65,182.33936772676466,0.4682962604517462,0.8609427785965091,0.10527262156371471,2143127.8400344523,-4394.684938097587,2138733.155096355,4542,0,1203.6134453781513,78,279,50,39.62802299798897,0.5165149393090569,44.29061181434602,16762.21475668673,214.90018918829142,0
4545,65.00017425323118,3,0,359,0.008356545961002786,0.0,1.0,359,10050,7100,2950,0.7064676616915423,130,71,59,181.27489788182507,0.4687213084141237,0.8612000987532074,0.10553956302250354,2130343.307273636,-4614.446904148039,2125728.860369488,4543,0,1197.8885793871866,87,272,57,39.333813013392465,0.5225452646239555,43.97490530303031,16641.6757685031,191.28362952302413,8
4546,65.00411918722419,6,3,362,0.01643835616438356,0.00821917808219178,0.9917808219178083,365,11350,7900,3450,0.6960352422907489,148,79,69,190.8494218551045,0.46956602187766566,0.8635859681818121,0.11449998985119722,2149063.956636835,-2320.4772692428296,2146743.479367592,4544,0,1179.1808219178083,95,270,53,37.95274566067461,0.5346746575342466,42.86024305555557,16715.143408190623,175.9488779809539,8
4547,64.52629065346225,2,1,363,0.005494505494505495,0.0027472527472527475,0.9972527472527473,364,12650,10000,2650,0.7905138339920948,153,100,53,176.19720088570836,0.46937043385907024,0.8580656963105897,0.10467382742922185,2127249.0401908644,-10486.934706311895,2116762.1054845527,4545,0,1183.392857142857,86,278,52,38.698844384345165,0.5300766941391941,43.22318007662836,16568.855715447262,192.661112970317,8
4548,64.55890686657376,1,4,360,0.0027472527472527475,0.01098901098901099,0.989010989010989,364,11800,8200,3600,0.6949152542372882,154,82,72,174.47041636230747,0.4693690148235603,0.8564449064449058,0.10411944202266792,2131103.961717303,-10237.080897563423,2120866.8808197393,4546,0,1184.1291208791208,89,275,54,38.572635135135144,0.5317078754578755,43.05555555555557,16588.05245877252,186.38261189632044,0
4549,64.53142658241076,0,4,356,0.0,0.011111111111111112,0.9888888888888889,360,12050,8800,3250,0.7302904564315352,153,88,65,173.92227038388958,0.4686134646136387,0.8545060958714308,0.10409377675214959,2131968.673134105,-9890.63359623697,2122078.039537868,4547,1,1198.1916666666666,90,270,56,38.478023690773036,0.53359375,42.94871794871797,16587.885935607,184.30984372896665,0
4550,64.98540045437865,0,3,353,0.0,0.008426966292134831,0.9915730337078652,356,12550,9400,3150,0.749003984063745,157,94,63,166.24771671206432,0.4680345650683125,0.8461086616413025,0.09979916124812462,2148807.760004366,-12303.12324922101,2136504.6367551447,4548,2,1212.0477528089887,95,261,55,38.56329113924053,0.5386821161048689,42.83854166666669,16711.740351223827,175.91305632867187,8
4551,65.381309456697,2,2,353,0.005633802816901409,0.005633802816901409,0.9943661971830986,355,11600,8400,3200,0.7241379310344828,148,84,64,163.40196134963128,0.4679968701095462,0.8434589029939097,0.09857318319556727,2164923.217431967,-11849.460020053313,2153073.757411914,4549,0,1215.7267605633804,83,272,56,38.45372333590342,0.5405223004694836,42.65873015873013,16825.30919947126,202.71456866832844,0
4552,65.51518037868966,0,3,350,0.0,0.0084985835694051,0.9915014164305949,353,10500,7600,2900,0.7238095238095238,134,76,58,183.67421475529565,0.4678466231006953,0.8573003598499342,0.109612031386225,2162670.764333194,-1654.6291173729696,2161016.135215821,4550,1,1222.841359773371,89,264,48,38.33614864864862,0.5352927289896128,43.05555555555556,16833.76162508,189.14338904584267,8
4553,65.32754669196858,1,2,349,0.002849002849002849,0.005698005698005698,0.9943019943019943,351,11500,8500,3000,0.7391304347826086,145,85,60,181.23173038254765,0.4674514991181658,0.8546343814298596,0.10877869506331116,2160033.672481187,-3406.6719703323706,2156627.0005108546,4551,0,1230.5698005698005,99,252,54,38.18326278338127,0.537096391263058,42.84375000000002,16799.38692900668,169.69077706067353,0
4554,64.9809067885633,1,1,349,0.002857142857142857,0.002857142857142857,0.9971428571428571,350,11850,8600,3250,0.7257383966244726,151,86,65,177.47938638699907,0.4673650907354346,0.8525273824766779,0.10738410347710353,2153481.8127284353,-5410.273856279662,2148071.538872156,4552,0,1220.3257142857142,78,272,54,37.98090055484419,0.5392559523809524,42.55010548523204,16729.32759818945,214.47855895114682,0
4555,64.66116092187258,1,3,347,0.002857142857142857,0.008571428571428572,0.9914285714285714,350,10800,7900,2900,0.7314814814814815,137,79,58,177.30404916174223,0.4674179628871606,0.8464692241066218,0.10332295456621543,2119805.191476828,-5629.991223416428,2114175.2002534117,4553,0,1221.24,103,247,55,39.40026240302493,0.5305654761904761,43.940304487179446,16557.117177159904,160.74871045786315,8
4556,65.08388882906506,5,1,351,0.014204545454545454,0.002840909090909091,0.9971590909090909,352,9950,7400,2550,0.7437185929648241,125,74,51,173.88861251816522,0.467934048012173,0.8451937385105885,0.10220908207113641,2139033.3786714715,-5959.290730554423,2133074.087940917,4554,0,1197.7869318181818,86,266,55,39.16010912374101,0.5334102746212122,43.61829501915711,16686.318384779464,194.0269579625519,0
4557,65.08367740095935,1,3,349,0.002840909090909091,0.008522727272727272,0.9914772727272727,352,11100,7700,3400,0.6936936936936937,145,77,68,170.35400275671665,0.4677306923400673,0.8426771910289421,0.10062867406170858,2142102.9181895056,-8516.838713914323,2133586.0794755914,4555,0,1198.7698863636363,88,264,61,39.06328406550798,0.5349491003787878,43.43398876404496,16698.259507331906,189.75294894695347,0
4558,65.52500097289513,4,3,350,0.0113314447592068,0.0084985835694051,0.9915014164305949,353,8950,5800,3150,0.6480446927374302,121,58,63,164.62181099613542,0.46818664692248263,0.8425893114101533,0.09664847627467929,2152794.226211307,-8670.62315581346,2144123.6030554934,4556,0,1195.512747875354,82,271,58,39.442268461852294,0.5302171860245515,43.662148594377534,16796.537962743398,204.83582881394386,8
4559,65.61586980174057,1,0,351,0.002849002849002849,0.0,1.0,351,11200,8000,3200,0.7142857142857143,144,80,64,161.77975306461653,0.4679290462623796,0.8381600216225522,0.09548177582833328,2159081.6591541814,-11540.860467138069,2147540.798687043,4557,0,1203.2136752136753,87,264,63,39.315706902916155,0.5324074074074074,43.465909090909115,16832.707508798936,193.47939665286134,0
4560,65.7953019005558,2,3,350,0.0056657223796034,0.0084985835694051,0.9915014164305949,353,12250,8500,3750,0.6938775510204082,160,85,75,178.9074092146173,0.46822152116061466,0.8491388696759135,0.10503252075760841,2161657.2016622284,-5502.7020880973105,2156154.4995741313,4558,0,1197.3909348441925,83,270,60,39.077139067614866,0.5301286591123702,43.66319444444448,16865.75750975203,203.2018977078558,8
4561,65.66344167498234,2,0,352,0.005681818181818182,0.0,1.0,352,10750,8000,2750,0.7441860465116279,135,80,55,181.493907321154,0.4679337107722525,0.8512131019784956,0.10743777695191878,2162517.600146107,-2653.246219742603,2159864.3539263643,4559,0,1201.75,86,266,47,38.6969325868906,0.5319898200757576,43.3548850574713,16852.201536198074,195.95583181625668,0
4562,65.22221644488526,2,4,350,0.005649717514124294,0.011299435028248588,0.9887005649717514,354,11050,8500,2550,0.7692307692307693,136,85,51,188.78877131580035,0.46855977550508693,0.8596484749627491,0.10851922289774125,2129587.6282272823,-1441.5536515281683,2128146.0745757543,4560,0,1195.954802259887,86,268,44,39.63204173109061,0.5206567796610169,44.45641762452108,16667.118840794887,193.80370745110332,8
4563,65.34546505214756,4,0,354,0.011299435028248588,0.0,1.0,354,10900,7700,3200,0.7064220183486238,141,77,64,186.12205673544696,0.4682611847334923,0.8579144348672383,0.10787661736218669,2138840.031017448,-2082.9388797848424,2136757.092137663,4561,0,1196.7824858757062,89,265,51,39.381465062275744,0.5230991054613936,44.143518518518526,16719.060769013617,187.85461538217547,0
4564,65.32802403716542,1,2,353,0.0028169014084507044,0.005633802816901409,0.9943661971830986,355,10550,7100,3450,0.6729857819905213,140,71,69,196.08496459808381,0.46829460757009095,0.8686174187985056,0.11172282866635033,2127449.350494173,1882.1661151736207,2129331.5166093465,4562,0,1194.4084507042253,97,258,51,39.78741496598643,0.5158450704225352,44.79166666666667,16672.25613448495,171.87892922149433,8
4565,65.68073080591383,4,1,356,0.011204481792717087,0.0028011204481792717,0.9971988795518207,357,10150,7100,3050,0.6995073891625616,132,71,61,191.56370812737572,0.4687303292103358,0.8667661084923199,0.10999390347818001,2143863.1214957265,587.2738542505585,2144450.395349977,4563,0,1188.593837535014,77,280,53,39.60336957279254,0.5177696078431373,44.49786324786326,16781.567064352916,217.94242940718073,0
4566,65.85373853592688,7,4,359,0.01928374655647383,0.011019283746556474,0.9889807162534435,363,10400,6800,3600,0.6538461538461539,140,68,72,190.0257248882382,0.4697318488754953,0.8686188484168273,0.11066203978785684,2158476.673051278,-966.7811098151469,2157509.891941463,4564,0,1169.922865013774,86,277,51,39.10020342312007,0.52097681359045,43.965517241379324,16860.82788376756,196.05613818334373,0
4567,65.89716479392945,3,0,362,0.008287292817679558,0.0,1.0,362,11000,8000,3000,0.7272727272727273,140,80,60,192.52966674569672,0.46991201287604006,0.8707578786378005,0.11294724046416418,2164543.0184258916,-52.250801148319624,2164490.7676247433,4565,0,1173.4668508287293,69,293,54,38.75575747019664,0.5233080110497237,43.69047619047617,16890.070928729667,244.78363664825605,0
4568,65.43983354933955,4,2,364,0.01092896174863388,0.00546448087431694,0.994535519125683,366,10300,7800,2500,0.7572815533980582,128,78,50,188.06988040372636,0.47010426803403443,0.8682266594916392,0.11164774038731,2156924.410565685,-2369.496813007221,2154554.913752678,4566,0,1161.6311475409836,76,290,52,38.42075451815163,0.5258709016393442,43.24945887445885,16801.71267495816,221.07516677576524,0
4569,65.0140598090586,0,1,363,0.0,0.0027472527472527475,0.9972527472527473,364,10650,7900,2750,0.7417840375586855,134,79,55,193.02195975058783,0.46986693861693857,0.8705099271149261,0.11531578924186675,2146797.9852668503,-574.1691390365977,2146223.816127814,4567,1,1168.8296703296703,77,287,54,38.05512610646294,0.5273580586080586,43.01549145299142,16707.60620867658,216.9818988139816,0
4570,64.49000847622327,1,1,363,0.0027472527472527475,0.0027472527472527475,0.9972527472527473,364,12500,8600,3900,0.688,164,86,78,192.44525815916379,0.469878133230406,0.8708598212208325,0.11581746628733128,2133962.4105260745,-3165.8106008726663,2130796.599925202,4568,0,1169.8104395604396,82,282,53,37.79525238234622,0.5294471153846154,42.74598393574294,16590.313676526257,202.32089849422266,0
4571,64.81365758228281,2,1,364,0.005479452054794521,0.0027397260273972603,0.9972602739726028,365,11000,8300,2700,0.7545454545454545,137,83,54,190.87312828821544,0.4702716518641176,0.8705583442476437,0.11575203325519633,2149329.628865211,-1950.1460031895422,2147379.4828620213,4569,0,1167.2,68,297,56,37.55117044766205,0.5312214611872146,42.46678743961353,16691.669454954168,245.46572727873777,0
4572,64.75828042064934,0,0,364,0.0,0.0,1.0,364,11500,8600,2900,0.7478260869565218,144,86,58,194.12678625576822,0.47023304977850433,0.872449439475453,0.11816533480076509,2149759.7791842506,-834.8085690102798,2148924.9706152403,4570,1,1171.39010989011,68,296,50,37.32887079134444,0.5326808608058609,42.330917874396135,16686.206676021182,245.38539229442915,0
4573,65.099729148182,1,3,362,0.0027397260273972603,0.00821917808219178,0.9917808219178083,365,11450,8300,3150,0.7248908296943232,146,83,63,193.28339719014627,0.47025848010437055,0.8717609340442665,0.11838102981910792,2164855.646691644,-763.8692362335087,2164091.7774554105,4571,0,1169.1780821917807,70,295,51,37.122160276102676,0.5346746575342466,42.106807511737095,16788.776980145918,239.8396711449417,0
4574,65.39755069723259,2,1,363,0.005494505494505495,0.0027472527472527475,0.9972527472527473,364,10900,7500,3400,0.6880733944954128,143,75,68,200.44069533864734,0.4704503198821381,0.872761500373824,0.11912061463900377,2156203.6236835606,2738.190724568649,2158941.814408129,4572,0,1172.9093406593406,78,286,49,38.0622593068036,0.52569826007326,43.20938818565401,16793.477054702053,215.30098788079553,8
4575,65.49144835699171,1,3,361,0.0027472527472527475,0.008241758241758242,0.9917582417582418,364,10950,8000,2950,0.730593607305936,139,80,59,200.1638808833747,0.470363443374807,0.8723121784944228,0.11964261391505432,2162873.0332560213,2835.812038904912,2165708.8452949263,4573,0,1173.9038461538462,82,282,52,37.852715922778955,0.5274439102564102,42.99698795180724,16831.499491145598,205.26218891640974,0
4576,65.69611952580296,2,1,362,0.005509641873278237,0.0027548209366391185,0.9972451790633609,363,11600,8700,2900,0.75,145,87,58,201.49044403500722,0.47051504497511526,0.8742083063120867,0.12126676976291777,2173901.657362745,3404.0820460914783,2177305.7394088367,4574,0,1177.0936639118456,86,277,51,37.56079540165689,0.5294708448117539,42.74425287356322,16900.70431191813,196.51981758044337,0
4577,65.79712254688584,1,3,360,0.0027548209366391185,0.008264462809917356,0.9917355371900827,363,12800,9200,3600,0.71875,164,92,72,196.1909740012434,0.4708362505009918,0.8705040664135684,0.11912817364799222,2182727.311376001,246.27943959442382,2182973.590815596,4575,0,1177.6887052341597,75,288,53,37.36702717323826,0.5314221763085399,42.420504385964904,16947.989638481675,225.97319517975566,0
4578,66.1008873360048,1,0,361,0.002770083102493075,0.0,1.0,361,11950,9000,2950,0.7531380753138075,149,90,59,196.3823992741396,0.47087693649327994,0.8690360424816188,0.11681503001673209,2179964.18261224,1471.3193026153303,2181435.501914855,4576,0,1179.3019390581717,77,284,51,38.13217158060768,0.5259695290858726,43.175747863247835,16976.310955645,220.47157085253247,8
4579,66.05466483283037,4,0,365,0.010958904109589041,0.0,1.0,365,10650,7900,2750,0.7417840375586855,134,79,55,191.11905097961494,0.47168197099703946,0.866612264554796,0.11431419871677856,2181899.543195045,-249.4859943419051,2181650.0572007033,4577,0,1167.3671232876711,82,283,55,38.05959065755207,0.5280821917808219,42.97188755020079,16977.905820486445,207.04763195715176,0
4580,65.60998011242617,0,4,361,0.0,0.010958904109589041,0.989041095890411,365,11800,7800,4000,0.6610169491525424,158,78,80,191.9348220464099,0.4716136032916855,0.867580166763126,0.11520973160495648,2169409.024965294,-1522.9729694826237,2167886.0519958115,4578,1,1168.3671232876711,85,280,56,37.90580401299982,0.5300228310502283,42.84156976744185,16872.159493300805,198.495994038833,0
4581,65.14982548086886,4,2,363,0.010958904109589041,0.005479452054794521,0.9945205479452055,365,10500,7000,3500,0.6666666666666666,140,70,70,186.4199329518594,0.4719457198053088,0.8639232450749927,0.11268595947115728,2158494.944219019,-3022.7034443530356,2155472.240774666,4579,0,1168.4630136986302,75,290,61,37.78624895727951,0.5322773972602739,42.584978070175424,16770.543754882023,223.60725006509364,0
4582,64.75834998481248,2,3,362,0.005479452054794521,0.00821917808219178,0.9917808219178083,365,11900,8300,3600,0.6974789915966386,155,83,72,184.44560053348152,0.4718036529680365,0.8618908690613343,0.11221887660760069,2149472.873303777,-5607.837010611523,2143865.0362931658,4580,0,1169.345205479452,80,285,46,37.59597787205722,0.5341894977168951,42.34825102880657,16685.102134075536,208.5637766759442,0
4583,64.39020161067268,2,1,363,0.005494505494505495,0.0027472527472527475,0.9972527472527473,364,10750,7600,3150,0.7069767441860465,139,76,63,187.04397131259861,0.4718567417431054,0.8635884770819655,0.11412244496250852,2138960.3708792613,-3534.071550095191,2135426.2993291663,4581,0,1173.2554945054944,80,284,49,37.42422541535696,0.5357715201465201,42.24537037037036,16596.872567936072,207.4609070992009,0
4584,64.46517560769355,0,2,361,0.0,0.005509641873278237,0.9944903581267217,363,11050,8000,3050,0.7239819004524887,141,80,61,203.68711328156675,0.47165591119634315,0.8737790608133371,0.12330067239105522,2136683.105062113,3392.9627335192845,2140076.0677956324,4582,1,1177.3774104683196,76,287,51,37.28818568726353,0.5315656565656566,42.53246753246753,16597.689693799013,218.3906538657765,8
4585,64.04561670672618,0,1,360,0.0,0.002770083102493075,0.997229916897507,361,10100,7000,3100,0.693069306930693,132,70,62,206.08214289492503,0.4714989227454602,0.8725881860964415,0.12157445419146017,2107139.367418582,4548.759243175316,2111688.1266617575,4583,2,1184.8891966759002,73,288,57,38.19617836433809,0.524036241920591,43.48254504504503,16428.81859862987,225.0523095702722,8
4586,64.49568258658351,5,4,361,0.0136986301369863,0.010958904109589041,0.989041095890411,365,11500,8400,3100,0.7304347826086957,146,84,62,205.64330651391327,0.47235561242410556,0.8708766064671014,0.12257323384848381,2128272.330994488,3032.99186155628,2131305.3228560444,4584,0,1169.1671232876713,84,281,49,37.81752373229023,0.5268550228310502,43.10049019607844,16568.909240962672,197.2489195352699,0
4587,64.17351896831252,3,1,363,0.008241758241758242,0.0027472527472527475,0.9972527472527473,364,10950,7200,3750,0.6575342465753424,147,72,75,201.07835391792423,0.47246613865932047,0.8682029314792767,0.12053431831733438,2121088.4733628063,1550.9957476156906,2122639.469110422,4585,0,1173.2637362637363,90,274,55,37.721587789205024,0.5287603021978022,42.89148351648353,16499.558259469726,183.32842510521917,0
4588,64.35146145868917,1,2,362,0.0027472527472527475,0.005494505494505495,0.9945054945054945,364,11450,8300,3150,0.7248908296943232,146,83,63,205.49628849096692,0.47245904348177076,0.8708337485053816,0.12393994899611385,2130691.189221957,3319.826261102966,2134011.0154830604,4586,0,1174.142857142857,74,290,52,37.37856217616579,0.5309065934065934,42.66666666666665,16559.776082035936,223.7807578653505,0
4589,64.09141728073108,1,1,362,0.0027548209366391185,0.0027548209366391185,0.9972451790633609,363,11800,8700,3100,0.7372881355932204,149,87,62,212.82786398087757,0.47216768387034586,0.8741322356899508,0.12920399787847514,2126021.094324049,6095.305656654384,2132116.3999807034,4587,0,1178.3305785123966,77,286,57,36.94603230155026,0.5326274104683195,42.42788461538459,16508.16192699588,214.39171333760882,0
4590,64.03418427861416,3,1,364,0.00821917808219178,0.0027397260273972603,0.9972602739726028,365,11350,8400,2950,0.7400881057268722,143,84,59,206.7238116818673,0.47240328164985695,0.8775217770810708,0.12270037911651355,2110488.1174142165,2907.6296282302555,2113395.747042447,4588,0,1172.5342465753424,77,288,45,37.94836367576939,0.5257420091324201,43.25587606837605,16440.400544288845,213.51169538037462,8
4591,63.90125799569252,0,2,362,0.0,0.005494505494505495,0.9945054945054945,364,10950,7400,3550,0.6757990867579908,145,74,71,209.96406708462428,0.4720927746495928,0.8767941594164927,0.12538545815929666,2109802.0640621018,4846.524422802847,2114648.5884849047,4589,1,1176.7527472527472,83,281,47,37.63532316700448,0.5275011446886446,43.030753968253975,16420.65808763323,197.83925406787023,0
4592,64.08827519204327,2,4,360,0.005494505494505495,0.01098901098901099,0.989010989010989,364,10250,6700,3550,0.6536585365853659,138,67,71,208.98231548288518,0.4721284082079537,0.8767818821451077,0.12533169124569993,2118558.1854659966,5498.23901678127,2124056.4244827777,4590,0,1167.6648351648353,87,277,50,37.500575453457316,0.5292754120879121,42.874053030303045,16478.75844840875,189.41101664837643,0
4593,64.14931148173802,1,2,359,0.002770083102493075,0.00554016620498615,0.9944598337950139,361,11200,7300,3900,0.6517857142857143,151,73,78,208.09911243299533,0.47183748845798706,0.8743423560523185,0.12532742265708668,2123119.16431533,4963.8427367008335,2128083.007052031,4591,0,1168.2825484764544,89,272,49,37.36593151588766,0.5313365650969529,42.71990740740742,16504.340797772682,185.44203143564812,0
4594,64.09506947564786,2,2,359,0.00554016620498615,0.00554016620498615,0.9944598337950139,361,10150,7400,2750,0.729064039408867,129,74,55,211.1163565942063,0.47180927464860983,0.8757823404729441,0.12836845130843041,2127095.8297432614,7462.944340424857,2134558.7740836865,4592,0,1169.0360110803324,76,285,43,36.93114191696418,0.5332987072945521,42.370129870129844,16512.804424976042,217.2737424338953,0
4595,63.82375890876979,0,1,358,0.0,0.002785515320334262,0.9972144846796658,359,10750,7400,3350,0.6883720930232559,141,74,67,208.99908172635585,0.47165692773740425,0.874269153934893,0.12772166105499425,2121095.9915664583,6111.422898167904,2127207.414464626,4593,1,1175.9025069637883,81,278,46,36.799242424242415,0.5352251624883937,42.18749999999997,16454.56284366707,203.14275115638358,0
4596,64.17126636811342,1,0,359,0.002785515320334262,0.0,1.0,359,12800,10300,2500,0.8046875,153,103,50,206.34829718390574,0.47161802389214813,0.8733178645696831,0.12676541291545768,2135788.666345308,3543.270889007108,2139331.937234315,4594,0,1176.6100278551532,84,275,49,36.67371237670007,0.5370241411327763,41.99754901960782,16556.344005488732,197.09933339867538,0
4597,64.46682888189767,1,1,359,0.002777777777777778,0.002777777777777778,0.9972222222222222,360,12000,8300,3700,0.6916666666666667,157,83,74,200.1029903514494,0.47157678221396887,0.8713696012690177,0.12165897437664872,2139369.4527052403,1618.8449905722064,2140988.297695813,4595,0,1174.338888888889,80,280,40,37.21879731775901,0.536400462962963,42.37397119341563,16608.333114596862,207.60416393246078,8
4598,64.73697786418786,2,2,359,0.00554016620498615,0.00554016620498615,0.9944598337950139,361,11800,8800,3000,0.7457627118644068,148,88,60,197.52536320489264,0.4716669231558428,0.8697357788157711,0.12068954591174291,2151343.3179719322,988.9740521647855,2152332.292024097,4596,0,1168.152354570637,84,277,43,37.101297713552285,0.5383483379501385,42.19362745098038,16689.605432952387,198.6857789637189,0
4599,64.93306610872119,2,3,358,0.00554016620498615,0.008310249307479225,0.9916897506925207,361,12050,8100,3950,0.6721991701244814,160,81,79,196.1707276653551,0.47135496819534217,0.8685654468790713,0.1205357734596498,2161257.4268940887,545.0884211933317,2161802.515315282,4597,0,1168.9612188365652,89,272,47,36.929354327411914,0.5404259002770083,41.99074074074074,16753.332288143665,188.2396886308277,0
4600,65.03268604872825,3,1,360,0.008310249307479225,0.002770083102493075,0.997229916897507,361,11300,8100,3200,0.7168141592920354,145,81,64,189.71815458799745,0.4711045706371191,0.8645469664077035,0.11722680244112782,2167966.8783409647,-1239.464926650312,2166727.4134143144,4598,0,1169.8504155124654,93,268,53,36.8898241134143,0.5420994921514313,41.788563829787236,16792.183262648698,180.56111035106127,0
4601,65.22857378057354,1,2,359,0.002770083102493075,0.00554016620498615,0.9944598337950139,361,11300,7600,3700,0.672566371681416,150,76,74,178.44740458920037,0.4709923566225505,0.8515976360416992,0.10900067579684251,2167500.57676796,-6143.029526032836,2161357.547241927,4599,0,1170.753462603878,92,269,48,37.60400373653112,0.5424168975069252,42.20430107526881,16815.6457676263,182.77875834376414,8
4602,65.49564445836239,1,3,357,0.002777777777777778,0.008333333333333333,0.9916666666666667,360,11650,8100,3550,0.6952789699570815,152,81,71,208.51474267459105,0.47073339007531206,0.869261323638177,0.1252997747667226,2166309.2380219847,6691.482663949164,2173000.7206859337,4600,0,1174.8138888888889,100,260,51,37.4381800197824,0.5336805555555555,42.80115511551157,16845.40409965608,168.4540409965608,8
4603,65.23147276231131,2,1,358,0.005571030640668524,0.002785515320334262,0.9972144846796658,359,10200,7800,2400,0.7647058823529411,126,78,48,204.43037913529037,0.47074203897646577,0.8668886115389909,0.1234167474399557,2160424.4077614225,6331.27615435978,2166755.6839157823,4601,0,1176.3370473537605,80,279,51,37.3697721481037,0.5353992571959145,42.63117283950614,16788.547638787604,209.85684548484505,0
4604,65.37725057372691,3,4,357,0.008310249307479225,0.0110803324099723,0.9889196675900277,361,12250,9500,2750,0.7755102040816326,150,95,55,193.09709433506112,0.4713690751000308,0.8634651877592399,0.11493591300714077,2156504.6581607903,-1167.0433178251187,2155337.6148429653,4602,0,1170.8033240997229,93,268,46,38.19192769005094,0.5315096952908587,43.15159574468086,16792.042484461967,180.55959660711792,7
4605,64.81666875164312,2,3,356,0.005571030640668524,0.008356545961002786,0.9916434540389972,359,10250,7600,2650,0.7414634146341463,129,76,53,197.67716007874452,0.47123741460605967,0.8668383209651089,0.11833988478029489,2141540.752405411,2616.738825680528,2144157.491231092,4603,0,1177.350974930362,98,261,50,37.85832207714243,0.5333971680594243,42.93981481481483,16661.78487238429,170.01821298351317,0
4606,64.69042075636956,0,1,355,0.0,0.0028089887640449437,0.9971910112359551,356,10050,7000,3050,0.6965174129353234,131,70,61,192.40356914285533,0.47126374821965505,0.862229333460953,0.11342541502374967,2127920.835273543,633.912712015881,2128554.7479855586,4604,1,1187.8258426966293,81,275,51,38.57365286513797,0.525251638576779,43.50863821138214,16592.534114480048,204.84610017876602,8
4607,65.1401257560057,4,4,355,0.011142061281337047,0.011142061281337047,0.9888579387186629,359,10200,7400,2800,0.7254901960784313,130,74,56,168.53905397009373,0.47187187148244397,0.8482749980758961,0.1007633437310529,2151415.0992410206,-9480.50689538783,2141934.5923456326,4605,0,1178.5097493036212,92,267,59,38.65670124059387,0.5333101207056639,42.988351254480314,16741.771120041692,181.97577304393144,8
4608,65.01508277473764,2,4,353,0.0056022408963585435,0.011204481792717087,0.988795518207283,357,11900,8600,3300,0.7226890756302521,152,86,66,171.38132054674594,0.47188585171896474,0.849643022664673,0.1028545639551984,2149632.1354922308,-9618.641185923174,2140013.4943063078,4606,0,1186.078431372549,96,261,62,38.44083215011555,0.5351890756302521,42.84793814432992,16718.762587241006,174.15377695042716,0
4609,64.50404000168162,2,1,354,0.005633802816901409,0.0028169014084507044,0.9971830985915493,355,10550,8000,2550,0.7582938388625592,131,80,51,219.8117494384196,0.47194835680751174,0.8728561956509366,0.13494479840851992,2146456.371154805,12813.266007355409,2159269.6371621606,4607,0,1191.7718309859156,84,271,46,36.35140056687724,0.5398767605633803,42.02205882352939,16640.61943719843,198.10261234760037,8
4610,64.06127637375549,1,1,354,0.0028169014084507044,0.0028169014084507044,0.9971830985915493,355,10150,6900,3250,0.6798029556650246,134,69,65,223.3174147186939,0.47218276703535716,0.876077517738008,0.1379105167000035,2135250.1418889374,14217.708292871781,2149467.850181809,4608,0,1192.7661971830985,87,268,48,36.04285103001406,0.5417840375586854,41.8087121212121,16540.063450098794,190.11567184021604,0
4611,63.63690576354614,1,1,354,0.0028169014084507044,0.0028169014084507044,0.9971830985915493,355,8900,5800,3100,0.651685393258427,120,58,62,217.41015758716742,0.472096893981592,0.877864916773367,0.13229639376580876,2112346.5399866244,11949.118827440318,2124295.6588140647,4609,0,1193.5352112676057,73,282,43,36.740603146853154,0.5367370892018779,42.342342342342356,16396.536079616457,224.6100832824172,8
4612,64.03277814327208,1,1,354,0.0028169014084507044,0.0028169014084507044,0.9971830985915493,355,9500,6000,3500,0.631578947368421,130,60,70,215.0392817059483,0.4720130102649797,0.8764262341727131,0.13141289437585735,2128042.4620978795,11022.544497857298,2139065.006595737,4610,0,1194.374647887324,77,278,44,36.64351851851851,0.5383509389671362,42.1875,16508.45061506234,214.3954625332771,0
4613,64.51167852878446,3,2,355,0.008403361344537815,0.0056022408963585435,0.9943977591036415,357,10900,7500,3400,0.6880733944954128,143,75,68,215.03073294192646,0.47227631689379873,0.8747684135895022,0.13020705185679432,2138408.8048743047,9664.722528317685,2148073.527402622,4611,0,1188.6666666666667,77,280,47,36.98478561549101,0.535860177404295,42.52136752136751,16610.378766492522,215.71920475964313,5
4614,64.27390829116435,0,1,354,0.0,0.0028169014084507044,0.9971830985915493,355,11200,8300,2900,0.7410714285714286,141,83,58,215.77866275996377,0.4720716957109891,0.8747438339354905,0.1312985294801401,2133467.7209380134,9871.362373110307,2143339.083311124,4612,1,1196.0028169014086,79,276,41,36.784077892325286,0.5371772300469484,42.34374999999999,16560.574183145283,209.6275213056365,0
4615,64.14155048382776,1,0,355,0.0028169014084507044,0.0,1.0,355,12250,8800,3450,0.7183673469387755,157,88,69,196.90402248697944,0.4719072438396859,0.8654101218288246,0.11858716590437642,2122872.354878715,350.42118040532114,2123222.77605912,4613,0,1196.9887323943663,94,261,52,37.65333773724289,0.5336854460093896,42.71929824561405,16502.38312009366,175.55726723503892,8
4616,64.62668504139,0,2,353,0.0,0.005633802816901409,0.9943661971830986,355,10750,7300,3450,0.6790697674418604,142,73,69,196.73590464870156,0.4718747513328559,0.865214620531005,0.11896051889291842,2141361.0553569095,2506.5208810280265,2143867.5762379374,4614,1,1197.9887323943663,76,279,49,37.50853959745648,0.5352992957746479,42.57305194805195,16636.65029291952,218.9032933278884,0
4617,64.82086661530512,2,1,354,0.005633802816901409,0.0028169014084507044,0.9971830985915493,355,10150,7200,2950,0.7093596059113301,131,72,59,199.72303712857888,0.4719354261160182,0.8664351509216979,0.12170315119608449,2152493.069615334,4830.490652358075,2157323.560267692,4615,0,1198.2732394366196,79,276,45,37.14463756399891,0.5376467136150235,42.29166666666666,16704.877500652547,211.45414557788033,0
4618,65.08904899609475,1,0,355,0.0028169014084507044,0.0,1.0,355,10250,7400,2850,0.7219512195121951,131,74,57,199.03779263911315,0.47186778865282086,0.8651876749251828,0.12203245643236466,2165133.0062296204,4938.658866005359,2170071.665095626,4616,0,1199.2591549295776,87,268,47,36.935329661924406,0.5393485915492957,42.06912878787876,16788.475113931006,192.97097832104606,0
4619,65.318447928223,3,1,357,0.008379888268156424,0.002793296089385475,0.9972067039106145,358,12300,8600,3700,0.6991869918699187,160,86,74,196.1288084181889,0.47183670954415285,0.8648662209381097,0.12119226736919161,2177514.8413173407,1514.678228097775,2179029.5195454387,4617,0,1190.2011173184358,94,264,53,36.72298540631589,0.5418703445065176,41.78728070175436,16866.054059887167,179.42610702007624,0
4620,65.05331990655945,0,3,354,0.0,0.008403361344537815,0.9915966386554622,357,11700,8100,3600,0.6923076923076923,153,81,72,181.09001502479393,0.47155210398766245,0.8493728317741038,0.11017227229873995,2159235.764739302,-4896.792584257235,2154338.972155045,4618,1,1190.0504201680671,92,265,45,37.68412453448105,0.544467787114846,42.34991039426525,16760.993703075677,182.18471416386606,8
4621,64.65832223892528,2,2,354,0.0056179775280898875,0.0056179775280898875,0.9943820224719101,356,12050,8900,3150,0.7385892116182573,152,89,63,174.1290351563368,0.4718718679115894,0.8434920930300764,0.10676836337725032,2150849.108965584,-8344.943977790641,2142504.1649877937,4619,0,1193.1488764044943,98,258,55,37.57512713823393,0.5466994382022472,42.06649831649833,16677.54746806634,170.1790557965953,0
4622,64.25852875835567,1,0,355,0.0028169014084507044,0.0,1.0,355,11750,9100,2650,0.774468085106383,144,91,53,176.33383882413864,0.47201964138882263,0.845678593326348,0.1086221554581428,2140322.6220355015,-7267.739146866402,2133054.882888635,4620,0,1195.5887323943662,102,253,61,37.34808262476659,0.5485915492957747,41.899271844660205,16585.173062722497,162.59973590904409,0
4623,63.99646218772963,0,3,352,0.0,0.008450704225352112,0.9915492957746479,355,10400,7100,3300,0.6826923076923077,137,71,66,175.30334134165534,0.4719291265483674,0.8456690220502554,0.108276553774183,2133184.8497224827,-6609.113628849877,2126575.736093633,4621,1,1196.5887323943662,106,249,62,37.276679109167226,0.5497359154929577,41.80295950155765,16523.6971392424,155.8839352758717,0
4624,64.49218646024983,2,1,353,0.005649717514124294,0.002824858757062147,0.9971751412429378,354,10850,7800,3050,0.7188940092165899,139,78,61,195.7838243624003,0.47185577748969015,0.8644146275630149,0.1169748416741567,2129612.707881769,1738.7440719727783,2131351.4519537417,4622,0,1200.8587570621469,88,266,47,37.98124364287778,0.534957627118644,43.01264044943823,16573.676710062246,188.33723534161643,8
4625,64.73129661238686,2,2,353,0.005633802816901409,0.005633802816901409,0.9943661971830986,355,11000,8300,2700,0.7545454545454545,137,83,54,191.39287480152095,0.4722815707806159,0.8631230525815121,0.11523280553402865,2142204.501455804,0.5355892776433393,2142205.0370450816,4623,0,1198.3352112676057,93,262,50,37.80654146565592,0.5371478873239437,42.730496453900734,16653.38854336421,179.06869401466892,0
4626,64.44570309768378,2,1,354,0.005633802816901409,0.0028169014084507044,0.9971830985915493,355,10100,7100,3000,0.7029702970297029,131,71,60,172.83882653547585,0.472187077265855,0.8513309287940853,0.1028689015862869,2125724.6426073094,-7618.449446841466,2118106.193160468,4624,0,1199.256338028169,90,265,55,38.715478949401316,0.5338615023474178,43.15476190476191,16552.571956339652,183.9174661815517,7
4627,64.27283165935837,1,0,355,0.0028169014084507044,0.0,1.0,355,10300,6900,3400,0.6699029126213593,137,69,68,171.22678245721468,0.47202262539455186,0.8502421372340507,0.10237248524977609,2122783.90105192,-8604.508554180567,2114179.3924977393,4625,0,1200.2507042253521,96,259,56,38.58680134820823,0.535475352112676,42.987542955326475,16518.91838599046,172.07206652073396,0
4628,63.94869840907173,1,1,355,0.0028089887640449437,0.0028089887640449437,0.9971910112359551,356,11100,7700,3400,0.6936936936936937,145,77,68,174.19481482125818,0.471901540328111,0.8540338263375311,0.1048236734882191,2115991.2795202225,-8581.058180114698,2107410.2213401077,4626,0,1197.876404494382,100,256,55,38.26841866121428,0.5373946629213483,42.7495874587459,16450.829047210103,164.50829047210104,0
4629,63.70961934596277,4,0,359,0.011142061281337047,0.0,1.0,359,10950,7500,3450,0.684931506849315,144,75,69,188.5563082742927,0.4720239206776531,0.8612745386660958,0.1126966526010335,2103985.6598373763,-3406.046263801756,2100579.6135735745,4627,0,1183.2144846796657,92,267,52,38.15364640081354,0.5291898792943361,42.999551971326184,16373.400715648811,177.9717469092262,8
4630,64.06463461530852,4,1,362,0.011019283746556474,0.0027548209366391185,0.9972451790633609,363,11500,9100,2400,0.7913043478260869,139,91,48,185.91265482242147,0.4724796939764293,0.8618930839568804,0.1122004159561873,2121580.69612172,-5214.260072802606,2116366.4360489175,4628,0,1171.1652892561983,79,284,56,37.85864111645163,0.5317665289256198,42.64322916666664,16487.46748921306,208.70212011662102,0
4631,63.61363416475787,0,0,362,0.0,0.0,1.0,362,10950,7800,3150,0.7123287671232876,141,78,63,184.4221712353588,0.4725014730414288,0.8605952058990738,0.11161220883107197,2108316.723939054,-5585.93042386847,2102730.793515186,4629,1,1175.3701657458564,80,282,56,37.79304029304029,0.5331203959484346,42.541152263374464,16377.892952397686,204.72366190497107,0
4632,63.94910895421995,2,4,360,0.005494505494505495,0.01098901098901099,0.989010989010989,364,10200,7000,3200,0.6862745098039216,134,70,64,203.8009670046745,0.4725413475413476,0.8644669099575808,0.1242841621271084,2124007.7465323266,3574.9665337404786,2127582.713066067,4630,0,1169.9065934065934,88,276,44,37.010883550550226,0.5386904761904762,42.26357677902618,16482.014610028786,187.29562056850892,8
4633,64.32126754685216,0,0,360,0.0,0.0,1.0,360,11500,8500,3000,0.7391304347826086,145,85,60,206.48268191737284,0.47194560507582795,0.8657600772788971,0.12616349610524008,2137532.973229296,4772.708199838771,2142305.6814291347,4631,1,1183.736111111111,88,272,47,36.870091251645675,0.5403356481481482,42.19335205992505,16582.45037751042,188.43693610807296,0
4634,64.59759499572439,2,3,359,0.0055248618784530384,0.008287292817679558,0.9917127071823204,362,10350,6700,3650,0.6473429951690821,140,67,73,205.01075884782017,0.472199531432536,0.8671576416026126,0.1261317183960141,2150875.470350681,5440.5224727499535,2156315.992823431,4632,0,1178.1906077348067,93,269,51,36.653274001230976,0.5424436003683242,41.94370567375883,16669.81598698376,179.24533319337374,0
4635,64.31261373501572,0,3,356,0.0,0.008356545961002786,0.9916434540389972,359,10300,7700,2600,0.7475728155339806,129,77,52,205.51653777976094,0.471930875647749,0.866706037613822,0.1270103589436684,2144064.3714951505,6028.137281323736,2150092.5087764743,4633,1,1188.598885793872,98,261,54,36.47560884506197,0.543958913649025,41.78240740740738,16606.64829199292,169.45559481625426,0
4636,63.94718197226031,0,0,356,0.0,0.0,1.0,356,10050,6800,3250,0.6766169154228856,133,68,65,207.9791524235719,0.47143007859893443,0.8671606725688903,0.12909307221767335,2134463.615245702,7534.786715551061,2141998.4019612535,4634,2,1199.4494382022472,76,280,54,36.25244340890446,0.5454705056179776,41.62608225108226,16522.283935175907,217.39847283126193,0
4637,63.72999509482163,1,1,356,0.0028011204481792717,0.0028011204481792717,0.9971988795518207,357,10300,8000,2300,0.7766990291262136,126,80,46,203.39572799569575,0.47163603269022963,0.8707569921523994,0.12117752388354472,2102726.2019468457,3837.1053241209256,2106563.3072709665,4635,0,1197.0868347338935,83,274,47,37.89268042481292,0.5304038281979458,43.11755952380953,16371.116671493473,197.24236953606595,7
4638,63.833979513384406,2,1,357,0.00558659217877095,0.002793296089385475,0.9972067039106145,358,10300,7400,2900,0.7184466019417476,132,74,58,222.1342892316308,0.47201455069923687,0.883682155867572,0.1332424716025754,2110257.109577734,11852.09262640934,2122109.202204143,4636,0,1189.4245810055866,84,274,50,37.15585581291901,0.5325884543761639,42.867647058823536,16413.781349875426,195.4021589270884,7
4639,64.31518836651507,2,2,357,0.005571030640668524,0.005571030640668524,0.9944289693593314,359,10600,7000,3600,0.660377358490566,142,70,72,221.80898337191988,0.4722437274033499,0.8839649046943217,0.13396744690704637,2130344.5475119976,12105.911663110099,2142450.4591751075,4637,0,1186.807799442897,66,293,51,36.906020336252915,0.5349640204271123,42.61504975124379,16553.7615579549,250.8145690599227,0
4640,63.82523341576168,0,1,356,0.0,0.0028011204481792717,0.9971988795518207,357,10900,7300,3600,0.6697247706422018,145,73,72,205.21869729373083,0.47219861727462525,0.8727286630099935,0.11968025556987529,2092862.7451916155,3598.9132365605765,2096461.658428176,4638,1,1193.7310924369747,89,268,48,38.656633221850576,0.5237511671335201,43.912037037037024,16344.874011077969,183.65026978739292,8
4641,63.34350530879549,2,1,357,0.00558659217877095,0.002793296089385475,0.9972067039106145,358,11850,8700,3150,0.7341772151898734,150,87,63,207.96416658649233,0.4723485530152471,0.8749245563051609,0.12194536492883284,2080381.4656614983,3078.959537655568,2083460.4251991538,4639,0,1191.2932960893854,73,285,49,38.377810274436584,0.525925279329609,43.70777027027027,16234.448214488146,222.38970156833076,0
4642,62.952182563689874,1,0,358,0.002793296089385475,0.0,1.0,358,11750,8600,3150,0.7319148936170212,149,86,63,206.85011049986286,0.4723527912095937,0.8734243581316921,0.12208990045141765,2071471.6097460678,2346.826274661128,2073818.436020729,4640,0,1192.282122905028,79,279,49,38.15708219131731,0.5280202513966481,43.463541666666686,16149.529959242514,204.4244298638293,0
4643,63.40970302428893,4,2,360,0.011049723756906077,0.0055248618784530384,0.994475138121547,362,11050,8800,2250,0.7963800904977375,133,88,45,239.59598683100023,0.47284486386801544,0.8874520366215384,0.14178872495017786,2088109.8296909714,16610.547051263427,2104720.376742235,4641,0,1180.096685082873,75,287,42,37.21738588620665,0.5267322744014733,43.366228070175424,16273.071264073198,216.97428352097597,8
4644,63.52280331093914,0,2,358,0.0,0.005555555555555556,0.9944444444444445,360,11250,8100,3150,0.72,144,81,63,207.22467540530957,0.4725617069018879,0.8702833523049178,0.12040885800867929,2080713.1078296541,2985.0196763146814,2083698.1275059688,4642,1,1187.6444444444444,86,274,50,38.74540004054203,0.5270254629629629,44.049329501915715,16258.704099352828,189.05469882968404,8
4645,63.545709946571186,1,2,357,0.002785515320334262,0.005571030640668524,0.9944289693593314,359,10250,7600,2650,0.7414634146341463,129,76,53,205.78526612364124,0.4723354756384121,0.8693862280803424,0.12031949343625437,2085263.5835946144,3773.3042975905155,2089036.887892205,4643,0,1191.7130919220056,94,265,51,38.54389587970095,0.5290738161559889,43.81578947368419,16279.407534996473,173.18518654251568,0
4646,63.26769905191051,3,0,360,0.008333333333333333,0.0,1.0,360,11200,7800,3400,0.6964285714285714,146,78,68,203.85188744475175,0.4726197384710616,0.8693941808461418,0.12020402444567309,2081270.6956414825,1654.1919179937195,2082924.8875594763,4644,0,1189.1583333333333,78,282,53,38.27066090919995,0.5311342592592593,43.49947257383966,16228.198175854628,208.05382276736702,0
4647,63.617333846548846,0,2,358,0.0,0.005555555555555556,0.9944444444444445,360,11100,8100,3000,0.7297297297297297,141,81,60,196.30737528476368,0.47263763153822347,0.8643720123586336,0.1147735758566748,2087590.875948098,-1138.1028948415988,2086452.7730532563,4645,1,1190.1583333333333,92,268,47,38.78814707939843,0.5254340277777778,43.81720430107527,16297.666439720722,177.14854825783394,8
4648,64.02124053747134,5,3,360,0.013774104683195593,0.008264462809917356,0.9917355371900827,363,10900,7800,3100,0.7155963302752294,140,78,62,189.26621755714064,0.4732752563302538,0.8630336846373987,0.10888681288701119,2090904.322310971,-4352.489528465321,2086551.8327825058,4646,0,1181.2534435261707,84,279,43,39.58682969711499,0.5152662993572085,44.42401960784313,16362.291316286284,194.78918233674148,7
4649,64.0716870193185,0,2,358,0.0,0.005555555555555556,0.9944444444444445,360,11400,8200,3200,0.7192982456140351,146,82,64,175.55064109257592,0.4732021497472403,0.8521288214210405,0.09730246934769397,2069223.6122753804,-10749.293660232353,2058474.318615148,4647,1,1191.6527777777778,107,253,57,41.39104996837442,0.5048900462962963,45.85262345679012,16283.651166657415,152.1836557631534,8
4650,64.31908450023208,5,2,361,0.013774104683195593,0.005509641873278237,0.9944903581267217,363,11800,8900,2900,0.7542372881355932,147,89,58,171.19642544951947,0.47375627191046576,0.8493675035855526,0.0958203255805648,2083398.420788334,-13065.92751477266,2070332.4932735614,4648,0,1182.0853994490358,89,274,45,41.1171520925227,0.5078627180899908,45.474537037037045,16370.84475977555,183.94207595253425,0
4651,64.59047366973452,7,1,367,0.019021739130434784,0.002717391304347826,0.9972826086956522,368,12250,8900,3350,0.726530612244898,156,89,67,181.73022910765496,0.47434706097223867,0.8603013883932564,0.10320858223925665,2101390.938106011,-9472.748674648767,2091918.1894313623,4649,0,1166.9809782608695,100,268,57,40.27977129071821,0.5111526268115942,44.915429042904286,16476.0332639598,164.76033263959798,0
4652,64.35271443978291,1,2,366,0.002717391304347826,0.005434782608695652,0.9945652173913043,368,11000,7600,3400,0.6909090909090909,144,76,68,180.90033302107668,0.4748820242467322,0.8604438535170278,0.10321216904962739,2096543.2327655936,-8746.926199923557,2087796.30656567,4650,0,1167.5978260869565,79,289,57,40.12191389512341,0.5129076086956521,44.73958333333334,16426.700701530055,207.93292027253236,0
4653,64.8051542210296,6,2,370,0.016129032258064516,0.005376344086021506,0.9946236559139785,372,11100,8300,2800,0.7477477477477478,139,83,56,175.25642966349886,0.47574652324918604,0.8564054207839236,0.10111229531721984,2118277.3338344335,-11251.655487012327,2107025.6783474213,4651,0,1155.7903225806451,89,283,52,39.83612293090702,0.5156530017921147,44.317129629629626,16569.567846027345,186.17491961828478,0
4654,64.37745979453737,5,3,372,0.013333333333333334,0.008,0.992,375,12250,8700,3550,0.710204081632653,158,87,71,173.37577188363827,0.476688651218063,0.8561446060307303,0.10120654770243467,2111560.3652245705,-14031.31836005847,2097529.046864512,4652,0,1146.9253333333334,98,277,60,39.435697559773274,0.5188055555555555,43.87626262626263,16488.595605204435,168.25097556331056,0
4655,64.54980270616603,0,1,371,0.0,0.002688172043010753,0.9973118279569892,372,11400,8300,3100,0.7280701754385965,145,83,62,158.38633475392325,0.47655593354201087,0.8401585831674394,0.09228341543712354,2116051.42587112,-18769.274101093142,2097282.151770027,4653,1,1154.3682795698924,105,267,60,39.891003991403096,0.5217013888888888,43.94654088050311,16528.20026839462,157.4114311275678,8
4656,64.64252058044855,4,3,372,0.010666666666666666,0.008,0.992,375,12450,8800,3650,0.7068273092369478,161,88,73,151.1677046339818,0.4769465240641711,0.8345730589659337,0.08875155694399245,2123814.006774189,-23239.582305288437,2100574.4244689005,4654,0,1145.9653333333333,93,282,62,39.78633494725922,0.5240833333333333,43.661347517730526,16570.376618649734,178.17609267365305,0
4657,64.72268410326295,1,1,372,0.002680965147453083,0.002680965147453083,0.9973190348525469,373,11250,7400,3850,0.6577777777777778,151,74,77,151.45136348847007,0.4767271325203955,0.8333089312997943,0.08936741336016552,2129563.15019136,-21344.95145374295,2108218.198737617,4655,0,1152.5361930294905,97,276,61,39.588512748266666,0.52577636282395,43.47363945578234,16603.07459766331,171.16571750168362,0
4658,64.33035991546438,2,3,371,0.0053475935828877,0.008021390374331552,0.9919786096256684,374,12900,9400,3500,0.7286821705426356,164,94,70,184.10729087944617,0.47676720883332613,0.8624047889801958,0.10885606913985772,2117890.750424942,-9716.17431212477,2108174.576112817,4656,0,1150.2192513368984,85,289,46,38.67452403430102,0.5255403297682709,43.39874031007755,16507.251390614416,194.20295753664018,8
4659,64.71980640065692,6,6,371,0.015915119363395226,0.015915119363395226,0.9840848806366048,377,10900,7800,3100,0.7155963302752294,140,78,62,184.44162810152397,0.4768565875613748,0.8647077619314787,0.11031302532714743,2137766.8890703465,-7441.358895666457,2130325.53017468,4657,0,1139.7294429708222,93,284,54,38.23366675289588,0.528238284703802,42.974290780141864,16634.654140700877,178.8672488247406,0
4660,64.97083211178739,1,4,368,0.002688172043010753,0.010752688172043012,0.989247311827957,372,11550,8500,3050,0.7359307359307359,146,85,61,183.04151319678837,0.47641509433962265,0.8631575314757698,0.1100522056335117,2149283.37852144,-7268.3836213454015,2142014.994900095,4658,0,1155.6559139784947,99,273,59,38.07307907774137,0.5301299283154122,42.78125000000002,16711.716222253937,168.8052143662014,0
4661,65.36262648325136,0,1,367,0.0,0.002717391304347826,0.9972826086956522,368,12550,9100,3450,0.7250996015936255,160,91,69,162.91855081957314,0.47603632937448165,0.84761127011087,0.09915853064993324,2169758.4972155625,-15451.218001037629,2154307.2792145247,4659,1,1168.6059782608695,91,277,49,38.136846171873884,0.5371659873188406,42.33469202898549,16841.681282601265,185.073420687926,8
4662,65.05279416307545,1,2,366,0.002717391304347826,0.005434782608695652,0.9945652173913043,368,13050,9900,3150,0.7586206896551724,162,99,63,199.88205232016503,0.47603740917347864,0.8714943059787217,0.12101114513160018,2156229.517524751,-451.6837527668431,2155777.833771984,4660,0,1166.1657608695652,80,288,49,37.38189484374738,0.5336843297101449,42.52829218106995,16749.254011560326,209.36567514450408,8
4663,64.5793096251289,0,0,366,0.0,0.0,1.0,366,12600,9200,3400,0.7301587301587301,160,92,68,195.2101545960656,0.4756942884946478,0.8669712977928665,0.11875193473834474,2143447.4550175364,-2115.458187496405,2141331.99683004,4661,1,1173.0273224043715,87,279,45,37.32369291555635,0.53551912568306,42.3532196969697,16638.651199107,191.24886435755172,0
4664,64.90153870007256,2,3,365,0.005434782608695652,0.008152173913043478,0.9918478260869565,368,10600,7200,3400,0.6792452830188679,140,72,68,191.12335475971793,0.4759138493168266,0.8649703557312247,0.11679760568649461,2156914.5399285643,-1752.6514397675737,2155161.8884887965,4662,0,1167.6467391304348,91,277,49,37.26010101010098,0.5373358242753623,42.18750000000001,16732.4279461125,183.87283457266483,0
4665,64.79653688496147,0,0,365,0.0,0.0,1.0,365,11900,8400,3500,0.7058823529411765,154,84,70,185.3995274975942,0.4754318455517086,0.8550699361593099,0.11317181800462771,2152740.6762436577,-5076.579159915695,2147664.097083742,4663,1,1172.2438356164384,88,277,48,37.44939232957985,0.5444349315068493,42.22846441947562,16702.702813136406,189.80344105836824,7
4666,64.74703032928069,0,2,363,0.0,0.005479452054794521,0.9945205479452055,365,12600,9200,3400,0.7301587301587301,160,92,68,196.90214313088924,0.4752107481559536,0.8713802063624201,0.1180108871082491,2139940.45855822,-1328.2275074769132,2138612.2310507433,4664,2,1173.2438356164384,98,267,50,37.835328422345015,0.5370148401826484,42.897727272727295,16646.608649999856,169.8633535714271,8
4667,65.07473121474874,3,3,363,0.00819672131147541,0.00819672131147541,0.9918032786885246,366,11650,8700,2950,0.7467811158798283,146,87,59,175.34686264904263,0.4748780472590264,0.8558834037516538,0.10423068498715707,2145697.4549147324,-9601.73661733228,2136095.7182974,4665,0,1170.9918032786886,92,274,52,38.698277867434356,0.5331853369763206,43.201164874552006,16711.115172049314,181.64255621792734,8
4668,64.86049542999108,1,1,363,0.0027472527472527475,0.0027472527472527475,0.9972527472527473,364,11300,7200,4100,0.6371681415929203,154,72,82,176.8580194258538,0.47464609254381984,0.8567130272432388,0.10571693576508687,2142063.391484639,-8331.782219478977,2133731.6092651603,4666,0,1178.357142857143,97,267,54,38.44998931579747,0.5349988553113554,42.99532312925173,16669.45066966168,171.85000690372866,0
4669,64.34423647574688,0,4,359,0.0,0.011019283746556474,0.9889807162534435,363,11700,8000,3700,0.6837606837606838,154,80,74,177.19031155665897,0.474510930500383,0.8569310115519126,0.10641983343504378,2127902.7581513403,-8891.249464177134,2119011.5086871632,4667,1,1182.5619834710744,101,262,59,38.263701372619124,0.5369318181818181,42.82066993464055,16548.007630399814,163.84165970692885,0
4670,63.85152868575564,2,0,361,0.00554016620498615,0.0,1.0,361,11400,8900,2500,0.7807017543859649,139,89,50,179.8142032504048,0.47414877654662974,0.8591045664699717,0.1086114803100459,2115030.2190870154,-7537.505260868412,2107492.713826147,4668,0,1180.9058171745153,75,286,61,37.98419555531883,0.5393582640812558,42.61239035087716,16434.59234086891,219.12789787825213,0
4671,63.45631165088798,1,1,361,0.0027624309392265192,0.0027624309392265192,0.9972375690607734,362,11800,8900,2900,0.7542372881355932,147,89,58,202.2914165273312,0.47432651398050224,0.8697895482466655,0.1194869525590376,2088504.6004577524,297.3108100906029,2088801.9112678429,4669,0,1178.6408839779006,82,280,42,38.24618043666131,0.5279408379373849,43.43624497991973,16280.589596876556,198.54377557166532,8
4672,63.48772779080759,0,0,361,0.0,0.0,1.0,361,12100,8400,3700,0.6942148760330579,158,84,74,197.61644142205506,0.47433569303375395,0.8654816523675366,0.11732495450229623,2092633.0730307875,-1592.2597811101678,2091040.8132496774,4670,1,1179.5124653739613,90,271,45,38.172462475850814,0.5296052631578947,43.246336996337035,16300.706666069516,181.11896295632795,0
4673,63.040140029646025,3,1,363,0.008241758241758242,0.0027472527472527475,0.9972527472527473,364,10750,7000,3750,0.6511627906976745,145,70,75,190.39064891561668,0.47467510393646756,0.8617150144166084,0.1139452119796324,2082673.7929623823,-4245.6770156670555,2078428.1159467152,4671,0,1170.782967032967,98,266,49,38.056351480420304,0.5317364926739927,42.95033670033675,16204.446768984431,165.3514976426983,0
4674,63.006092177640106,2,1,364,0.005479452054794521,0.0027397260273972603,0.9972602739726028,365,13400,10900,2500,0.8134328358208955,159,109,50,188.65632312093874,0.47452581664910437,0.8626864163579613,0.11362193714570258,2085303.0140141693,-7718.880156613985,2077584.1338575555,4672,0,1168.5150684931507,100,265,51,37.86487145567764,0.5341324200913242,42.718646864686505,16210.29265123177,162.1029265123177,0
4675,62.91810604678589,0,1,363,0.0,0.0027472527472527475,0.9972527472527473,364,11150,8200,2950,0.7354260089686099,141,82,59,187.91313937309553,0.4743797868797868,0.8614870258946339,0.11355623124755958,2084386.805304444,-5613.266349477457,2078773.5389549665,4673,1,1172.6016483516485,82,282,55,37.75841053144807,0.5357142857142857,42.595381526104404,16195.411082072947,197.50501319601156,0
4676,63.02217593406244,0,0,363,0.0,0.0,1.0,363,12350,9500,2850,0.7692307692307693,152,95,57,175.59211398798408,0.47427343500296787,0.8526563164698646,0.10589506331825016,2086628.1957549318,-11670.908800092117,2074957.2869548397,4674,2,1176.7878787878788,80,283,59,38.151236881559214,0.5368457300275482,42.66975308641973,16217.512094143278,202.71890117679098,8
4677,63.537756524431586,1,2,362,0.0027472527472527475,0.005494505494505495,0.9945054945054945,364,11600,8400,3200,0.7241379310344828,148,84,64,177.40803441194748,0.47432318313000127,0.8581694090095315,0.10609098992970971,2098635.7579713087,-9937.031046336657,2088698.726924972,4675,0,1174.5521978021977,95,269,52,38.41985230998715,0.5352277930402931,42.97960069444444,16330.499552888572,171.8999952935639,8
4678,63.68930305401016,1,1,362,0.0027548209366391185,0.0027548209366391185,0.9972451790633609,363,11400,8100,3300,0.7105263157894737,147,81,66,193.1210570650889,0.47428580125717246,0.8655949834801349,0.11655076924859464,2109151.120898561,-2535.7012044106086,2106615.4196941503,4676,0,1178.7658402203856,79,284,49,37.673128004047555,0.5420684113865932,42.64322916666666,16390.87337060556,207.47940975450078,8
4679,64.04053341706394,3,3,362,0.00821917808219178,0.00821917808219178,0.9917808219178083,365,11350,8500,2850,0.748898678414097,142,85,57,185.61715119257565,0.4744634075969692,0.860833741739832,0.11290427289154267,2125501.381680474,-5444.097735318108,2120057.2839451563,4677,0,1173.295890410959,85,280,44,37.57477904188803,0.5440353881278539,42.35707364341083,16499.590435009162,194.11282864716662,0
4680,63.874996654660045,0,1,361,0.0,0.0027624309392265192,0.9972375690607734,362,11800,8900,2900,0.7542372881355932,147,89,58,186.08568839550347,0.4740942389413487,0.8598743976494208,0.11384211088368022,2123444.4355845563,-5171.476086929165,2118272.9594976273,4678,1,1183.7983425414366,92,270,47,37.35004633450621,0.5458103130755064,42.14829749103943,16470.276635158265,179.02474603432896,0
4681,63.54272409162462,1,2,360,0.0027624309392265192,0.0055248618784530384,0.994475138121547,362,12250,9100,3150,0.7428571428571429,154,91,63,183.894473331176,0.47380648571851264,0.8584901187432266,0.11541139545043227,2127443.4720454575,-6404.980633270367,2121038.491412187,4679,0,1184.7900552486187,90,272,44,36.47307868117609,0.5502129373848987,41.231684981684985,16442.843644863413,182.69826272070458,7
4682,63.41545692306354,0,4,356,0.0,0.011111111111111112,0.9888888888888889,360,10800,7600,3200,0.7037037037037037,140,76,64,181.52764669171526,0.4735445360053647,0.8558056733866843,0.11438392661613281,2125520.965560972,-5631.836225562635,2119889.1293354095,4680,1,1191.8166666666666,91,269,48,36.38927457325696,0.5517650462962963,41.08922101449276,16418.945351672286,180.42797089749766,0
4683,63.77302410847648,0,3,353,0.0,0.008426966292134831,0.9915730337078652,356,11850,9100,2750,0.7679324894514767,146,91,55,184.01312102500222,0.47313327530727434,0.8570725333390943,0.11650769881832095,2140310.8730439465,-4280.943257487072,2136029.9297864595,4681,2,1204.4494382022472,91,265,51,36.15196078431376,0.5536048689138577,40.91938405797103,16522.354366510037,181.5643336979125,0
4684,64.13354138896996,0,1,352,0.0,0.0028328611898017,0.9971671388101983,353,11400,8300,3100,0.7280701754385965,145,83,62,184.76680593643212,0.4726139985191862,0.8564633062452716,0.1173299640331795,2154138.2495348016,-2397.3512175911746,2151740.8983172104,4682,3,1215.4957507082154,92,261,54,36.02654134255261,0.5550342304060434,40.815412186379945,16622.425489928013,180.67853793400013,0
4685,64.17163011414584,1,0,353,0.0028328611898017,0.0,1.0,353,12400,9500,2900,0.7661290322580645,153,95,58,180.8180374148771,0.47239704051849946,0.8565270216994605,0.11128070053103742,2136871.755032762,-5723.008609539056,2131148.746423223,4683,0,1216.4447592067988,89,264,54,37.266551180278334,0.5475684608120869,41.932870370370345,16560.588387211785,186.0740268226043,8
4686,63.699994930340736,1,1,353,0.002824858757062147,0.002824858757062147,0.9971751412429378,354,12050,8600,3450,0.7136929460580913,155,86,69,182.01139835119952,0.4724732985494257,0.853739491056501,0.10925456547989454,2106262.708219688,-6177.23583638948,2100085.4723832984,4684,0,1214.0056497175142,101,253,58,38.160509577326835,0.5401365348399247,42.84109477124184,16381.020959363952,162.18832633033617,8
4687,63.97398500437742,2,1,354,0.005633802816901409,0.0028169014084507044,0.9971830985915493,355,11750,8100,3650,0.6893617021276596,154,81,73,179.81710263996032,0.4727596748096867,0.8534425899090596,0.10874346717394087,2119807.643837703,-6514.466266213616,2113293.1775714895,4685,0,1211.5070422535211,81,274,54,37.93954066946297,0.5423122065727699,42.568597560975576,16468.912679289806,203.3199096208618,0
4688,63.94569282617371,4,1,357,0.0111731843575419,0.002793296089385475,0.9972067039106145,358,11100,7900,3200,0.7117117117117117,143,79,64,162.6889975790298,0.47304801808991753,0.841123608427579,0.09561485766445044,2101553.694644562,-14320.067211953025,2087233.627432609,4686,0,1201.9972067039107,89,269,54,39.4517083502626,0.5307844506517692,43.622685185185226,16394.225020747614,184.20477551401814,8
4689,64.39082382607481,2,1,358,0.005571030640668524,0.002785515320334262,0.9972144846796658,359,9650,7100,2550,0.7357512953367875,122,71,51,162.39989823504953,0.47308956183895884,0.8404085935721906,0.09602992961008291,2119936.7051128605,-12594.498964984385,2107342.206147876,4687,0,1199.350974930362,93,266,44,39.22813381700927,0.5323816155988859,43.39539007092202,16522.982230902104,177.6664756010979,0
4690,64.34400350877166,3,0,361,0.008310249307479225,0.0,1.0,361,10450,7900,2550,0.7559808612440191,130,79,51,161.8851092852749,0.4732735072329948,0.8399972952661701,0.09649870186302037,2123314.1844198736,-13903.410241642097,2109410.7741782316,4688,0,1193.6703601108034,98,263,50,38.93877648536481,0.5343951985226223,43.09764309764313,16530.12615393716,168.67475667282815,0
4691,64.01120368988622,1,0,362,0.0027624309392265192,0.0,1.0,362,11000,8200,2800,0.7454545454545455,138,82,56,159.459782705774,0.47339741382388806,0.8381455551215409,0.09546954458114763,2114982.62555509,-15949.06602049874,2099033.5595345916,4689,0,1191.3701657458564,104,258,56,38.837379077904764,0.53611302946593,42.93650793650797,16454.943551709872,158.2206110741334,0
4692,64.25346449920224,4,0,366,0.01092896174863388,0.0,1.0,366,11600,8300,3300,0.7155172413793104,149,83,66,162.83044281688368,0.47367661002570055,0.8441221932271574,0.09815958054916216,2127153.500765004,-15526.930706190287,2111626.570058814,4690,0,1179.3387978142077,86,280,59,38.49450545189459,0.5385359744990892,42.68438697318006,16533.419606709147,192.2490651942924,0
4693,64.6794191682079,0,0,366,0.0,0.0,1.0,366,11650,8400,3250,0.721030042918455,149,84,65,162.573452979197,0.47362748583975844,0.8430366371196831,0.09857301769245005,2144772.6057019364,-15113.382327169116,2129659.223374767,4691,1,1180.3387978142077,92,274,58,38.28641483994433,0.5402151639344263,42.4731182795699,16656.689129877253,181.05096880301363,0
4694,64.99404929311004,0,0,366,0.0,0.0,1.0,366,12250,8100,4150,0.6612244897959184,164,81,83,169.5552197296846,0.4735538775357437,0.847901827269588,0.10349568672702228,2159276.635857114,-12226.675110014328,2147049.9607471,4692,2,1181.3387978142077,97,269,50,37.8593923961899,0.5420366575591986,42.23001700680273,16753.514980944066,172.71664928808315,0
4695,64.71862604398203,4,4,366,0.010810810810810811,0.010810810810810811,0.9891891891891892,370,10000,7200,2800,0.72,128,72,56,170.99923907620175,0.47368633877780214,0.8509760712159511,0.1052331016344751,2155058.733228697,-10297.319290673222,2144761.4139380236,4693,0,1169.5567567567568,104,266,55,37.521623803482846,0.5443412162162162,41.934523809523824,16701.64304843368,160.59272161955462,0
4696,64.88123763634414,2,3,365,0.005434782608695652,0.008152173913043478,0.9918478260869565,368,11100,7700,3400,0.6936936936936937,145,77,68,179.50052029136202,0.47352595096355093,0.8589805399719479,0.11129032258064507,2164960.7419627453,-6977.6840814623865,2157983.057881283,4694,0,1176.2010869565217,111,257,56,37.029569892473106,0.5465070199275363,41.66666666666668,16760.986389388996,150.99987738188284,0
4697,64.3386519257368,3,3,365,0.008152173913043478,0.008152173913043478,0.9918478260869565,368,11000,7900,3100,0.7181818181818181,141,79,62,177.59398865707112,0.47343231696481464,0.8569520952193581,0.11112194647002449,2152306.064148403,-8152.676251416875,2144153.3878969857,4695,0,1176.9483695652175,88,280,46,36.74528657616893,0.5486865942028986,41.33895131086142,16641.90317835652,189.1125361176877,0
4698,64.68535739403663,1,1,365,0.00273224043715847,0.00273224043715847,0.9972677595628415,366,11600,8100,3500,0.6982758620689655,151,81,70,186.65849514407984,0.47310895276592557,0.8624644816098785,0.11450751118293628,2152046.879024706,-4460.433616347381,2147586.4454083582,4696,0,1184.0218579234972,89,277,52,37.23372930407864,0.5399020947176685,42.048611111111086,16685.677780565762,187.4795256243344,8
4699,64.52729422298702,1,1,365,0.00273224043715847,0.00273224043715847,0.9972677595628415,366,11900,8400,3500,0.7058823529411765,154,84,70,186.24989767855976,0.4728848529081518,0.8618169858261593,0.1149185053311269,2150257.2916628476,-5002.959889044024,2145254.3317738036,4697,0,1185.0109289617487,95,271,55,37.03205559291636,0.5418658925318761,41.84027777777775,16658.34835235777,175.35103528797654,0
4700,64.82006883884785,1,0,366,0.00273224043715847,0.0,1.0,366,10900,7600,3300,0.6972477064220184,142,76,66,183.3932789369304,0.472681182473738,0.8605289280479429,0.11367147735137532,2162748.6526816264,-4773.286613658127,2157975.3660679683,4698,0,1185.9371584699454,101,265,57,36.939406667984414,0.5435735428051002,41.676879084967304,16744.522480378324,165.78735129087448,0
4701,64.29598566333296,1,1,366,0.0027247956403269754,0.0027247956403269754,0.997275204359673,367,11800,8200,3600,0.6949152542372882,154,82,72,179.29872444037008,0.47269341582168223,0.8584202718476655,0.11183778542858926,2149020.494174666,-8136.673319653323,2140883.8208550126,4699,0,1183.7029972752043,81,286,55,36.81495561669862,0.5452713442325159,41.45071138211384,16623.68135424062,205.23063400297062,0
4702,63.86453160392605,0,1,365,0.0,0.00273224043715847,0.9972677595628415,366,11050,8500,2550,0.7692307692307693,136,85,51,177.99683830791423,0.4724728335454251,0.8567581952328098,0.11146055354024854,2136902.6514377203,-8177.616854456999,2128725.034583263,4700,1,1187.2978142076502,84,282,48,36.706696985488,0.546875,41.31127450980394,16521.034284648063,196.6789795791436,0
4703,64.00163426735885,2,3,364,0.005449591280653951,0.008174386920980926,0.9918256130790191,367,10600,7200,3400,0.6792452830188679,140,72,68,192.88732300987783,0.4725423484859765,0.8667724336039508,0.12002010581586757,2137736.871682366,-1531.5315043354985,2136205.3401780305,4701,0,1184.9700272479563,80,287,50,36.552662785683474,0.5459241598546776,41.538065843621396,16541.986181910714,206.77482727388391,8
4704,64.38132552384683,0,2,362,0.0,0.005494505494505495,0.9945054945054945,364,10350,7200,3150,0.6956521739130435,135,72,63,196.2890154194468,0.47227693392466125,0.866306180316416,0.12278826198704239,2153582.276484852,1394.9089351958855,2154977.185420048,4702,1,1195.4505494505495,84,280,55,36.27098534382008,0.5476476648351649,41.34803921568625,16652.35608463602,198.242334340905,0
4705,64.46755967250388,0,0,362,0.0,0.0,1.0,362,13500,10100,3400,0.7481481481481481,169,101,68,198.24053093406337,0.47176973492906443,0.8666216636657567,0.1243592485926272,2158141.8703809096,-333.7619569319795,2157808.1084239776,4703,2,1202.4779005524863,86,276,42,36.11808415467431,0.5495798802946593,41.24760536398465,16681.13544160044,193.96669118140045,0
4706,64.65940410544391,0,1,361,0.0,0.0027624309392265192,0.9972375690607734,362,11450,8100,3350,0.7074235807860262,148,81,67,211.18922212790804,0.47158177866882967,0.8802196482635176,0.1308173680164898,2157009.1602243995,7257.417334112143,2164266.577558512,4704,3,1203.4779005524863,94,268,46,36.244534533259774,0.5458678637200737,41.69956140350876,16701.552439823852,177.67608978536012,7
4707,64.67464411445357,2,2,361,0.005509641873278237,0.005509641873278237,0.9944903581267217,363,11750,8700,3050,0.7404255319148936,148,87,61,211.1725755186531,0.4716029582616725,0.8806449165652386,0.13206551744655318,2163244.3120604353,7013.574570775682,2170257.886631211,4705,0,1200.771349862259,73,290,49,35.89515075650376,0.5479511019283747,41.35698198198198,16727.645143003516,229.1458238767605,0
4708,64.99075827558372,1,1,361,0.0027624309392265192,0.0027624309392265192,0.9972375690607734,362,10350,7400,2950,0.714975845410628,133,74,59,210.63702184100674,0.47161159022155563,0.8797989114448779,0.1325645464729245,2177593.137579182,8986.346656218218,2186579.4842354003,4706,0,1203.5441988950276,77,285,44,35.67977025725685,0.5498100828729282,41.13247863247863,16823.996506596075,218.49346112462436,0
4709,64.90659731896827,0,1,360,0.0,0.002770083102493075,0.997229916897507,361,10900,7800,3100,0.7155963302752294,140,78,62,213.06389589473696,0.4714857776751821,0.8804537143527444,0.13468379011857518,2177396.3860102855,9684.911382094517,2187081.29739238,4707,1,1206.8393351800555,82,279,45,35.457548007816925,0.5513331024930748,40.97640562248996,16812.34013637284,205.02853824844928,0
4710,64.61131335398738,1,2,359,0.002770083102493075,0.00554016620498615,0.9944598337950139,361,12250,9000,3250,0.7346938775510204,155,90,65,213.91637981324635,0.47137612855237504,0.8815869750188463,0.13611317578889934,2171369.602970882,8448.304940811839,2179817.9079116937,4708,0,1207.05540166205,86,275,50,35.198836958697015,0.5534106648199446,40.744731800766296,16750.823372292805,194.77701595689308,0
4711,64.8278123179551,1,1,359,0.002777777777777778,0.002777777777777778,0.9972222222222222,360,10100,7200,2900,0.7128712871287128,130,72,58,219.43208044513852,0.47106110724233985,0.8842551034469184,0.1401600685845915,2180915.784470261,13612.577572389706,2194528.3620426506,4709,0,1210.5583333333334,67,293,50,34.91782564617411,0.5551215277777778,40.609681372549005,16815.7068930749,250.98069989664032,0
4712,64.87852186356801,1,2,358,0.002777777777777778,0.005555555555555556,0.9944444444444445,360,11100,8000,3100,0.7207207207207207,142,80,62,224.08945919292597,0.47087121505209945,0.8853399307147589,0.14417082905597947,2186873.7424763814,14911.070854948186,2201784.8133313297,4710,0,1211.525,69,291,49,34.538820113097955,0.5567997685185185,40.35714285714285,16845.244783862083,244.1339823748128,0
4713,65.26143873461643,1,1,358,0.002785515320334262,0.002785515320334262,0.9972144846796658,359,11150,7700,3450,0.6905829596412556,146,77,69,197.99793917548502,0.4706363501968534,0.8660117091721837,0.12442967343495893,2185793.252759435,3606.5119020103903,2189399.7646614457,4711,0,1214.9693593314764,81,278,50,36.059438500049076,0.5454387186629526,41.183943089430926,16890.70824160428,208.52726224202814,6
4714,64.76047908580402,1,1,358,0.002785515320334262,0.002785515320334262,0.9972144846796658,359,11050,8000,3050,0.7239819004524887,141,80,61,197.73842486106167,0.4705238532443214,0.8657188647519143,0.1248522895903449,2171811.0868662014,3040.1006825432687,2174851.1875487445,4712,0,1215.9637883008356,84,275,53,35.89607091594503,0.5469765552460539,41.01715686274512,16771.85299657238,199.66491662586165,0
4715,64.26087057549809,1,0,359,0.002785515320334262,0.0,1.0,359,10900,7800,3100,0.7155963302752294,140,78,62,191.28005250408808,0.4703432745625911,0.8604818547791757,0.121372768741384,2157964.0406423593,-144.90500079858248,2157819.135641561,4713,0,1210.557103064067,90,269,55,35.88532464664312,0.5490366759517178,40.84249084249086,16653.68715463927,185.04096838488076,0
4716,64.30987182350238,1,1,359,0.002777777777777778,0.002777777777777778,0.9972222222222222,360,10950,7700,3250,0.7031963470319634,142,77,65,194.08739800882475,0.4702459248942536,0.8624245892905982,0.12368063174517807,2162115.026400621,977.855933975774,2163092.882334597,4714,0,1208.1916666666666,92,268,54,35.659366766014394,0.5507523148148148,40.69220430107528,16676.051104232858,181.26142504600932,0
4717,63.985433449735616,0,1,358,0.0,0.002785515320334262,0.9972144846796658,359,10850,8300,2550,0.7649769585253456,134,83,51,193.68225752770027,0.47006705726127307,0.8623115428941812,0.12379633034085322,2152970.8535515806,748.4510614427054,2153719.304613023,4715,1,1212.381615598886,79,280,56,35.561547374056815,0.552141364902507,40.58593750000002,16598.721232019412,210.11039534201788,0
4718,63.597945142044246,0,0,358,0.0,0.0,1.0,358,10500,7400,3100,0.7047619047619048,136,74,62,213.53463445081175,0.46998429259972146,0.8760265212579308,0.1313934113932296,2117669.138514207,8339.14107607878,2126008.279590286,4716,2,1216.3519553072626,87,271,48,36.42842262587343,0.540473696461825,41.93892045454544,16412.15438022845,188.64545264630402,8
4719,63.967100126455506,5,0,363,0.013774104683195593,0.0,1.0,363,11400,8400,3000,0.7368421052631579,144,84,60,191.51555711059808,0.470682147948597,0.866188125897392,0.11734367149397307,2127421.725955171,-2513.128588901607,2124908.597366269,4717,0,1200.5840220385676,87,276,52,37.15347897925465,0.540461432506887,42.09280303030301,16497.575491893964,189.62730450452833,8
4720,63.699732661834844,0,0,363,0.0,0.0,1.0,363,11500,8100,3400,0.7043478260869566,149,81,68,191.0989961016207,0.4703409661659285,0.8661740168248497,0.11747922908442973,2120508.560452607,-3054.5885745233863,2117453.9718780834,4718,1,1201.5840220385676,91,272,55,37.04149114338786,0.5420397153351699,41.97237318840578,16436.290847266155,180.6185807391885,0
4721,63.308484633464104,0,0,363,0.0,0.0,1.0,363,11900,8800,3100,0.7394957983193278,150,88,62,192.7324365626731,0.4702854765637287,0.8677553941339355,0.11884667355692011,2109287.9641463556,-3194.358251550786,2106093.605894805,4719,2,1202.5840220385676,95,268,55,36.88682219419928,0.5437040863177227,41.86197916666666,16342.326925239859,172.02449394989324,0
4722,62.879241471134904,0,1,362,0.0,0.0027548209366391185,0.9972451790633609,363,12450,9200,3250,0.7389558232931727,157,92,65,194.55851052483285,0.470136130262951,0.8697186368279319,0.12037657576322468,2096949.5803793827,-3454.122599143233,2093495.4577802394,4720,3,1203.5840220385676,97,266,53,36.7164241813118,0.5451101928374655,41.74107142857141,16239.125531719332,167.41366527545702,0
4723,62.94951868213342,1,0,363,0.0027548209366391185,0.0,1.0,363,11250,8000,3250,0.7111111111111111,145,80,65,191.70032450977362,0.46999629646540747,0.867084287485304,0.11930379153367261,2102703.5529421116,-3232.2093106282773,2099471.343631483,4721,0,1204.5592286501378,76,287,51,36.576533549670266,0.5469754361799817,41.5313852813853,16270.474890974654,214.08519593387703,0
4724,62.50448366072361,2,1,364,0.005479452054794521,0.0027397260273972603,0.9972602739726028,365,9600,7200,2400,0.75,120,72,48,187.24079081643683,0.4697071478749561,0.8645678170029683,0.11734922833785351,2091887.2841899823,-4262.674121883307,2087624.610068099,4722,0,1198.9534246575342,80,285,47,36.436586638830896,0.5486586757990868,41.28086419753088,16171.10599648206,202.13882495602576,0
4725,62.9490461011531,0,3,361,0.0,0.008241758241758242,0.9917582417582418,364,11200,7800,3400,0.6964285714285714,146,78,68,186.08631178848742,0.46954071812026354,0.862757948649385,0.11702956100411957,2108768.149784047,-5517.422517930636,2103250.7272661165,4723,1,1203.1016483516485,85,279,49,36.34124941506785,0.5502804487179487,41.157945736434115,16293.860406754417,191.69247537358137,0
4726,62.56963733699093,0,0,361,0.0,0.0,1.0,361,10650,7700,2950,0.7230046948356808,136,77,59,188.86451817015697,0.46932229147429977,0.865141658112184,0.11739789697484691,2089319.3153144487,-3930.3428419065413,2085388.9724725422,4724,2,1213.2963988919666,78,283,49,36.69362382434479,0.5445810249307479,41.57436708860761,16169.598129848238,207.30254012625946,8
4727,63.03955978249029,0,0,361,0.0,0.0,1.0,361,12550,9800,2750,0.7808764940239044,153,98,55,199.55699747284962,0.46937198625218013,0.8716352647604204,0.12001191199907993,2085543.6816497622,-1513.0329582999166,2084030.6486914624,4725,3,1214.2963988919666,97,264,50,37.638946280991746,0.5317982456140351,42.772108843537424,16215.533022281787,167.17044352867822,8
4728,63.333870316186,3,1,363,0.008241758241758242,0.0027472527472527475,0.9972527472527473,364,11550,8400,3150,0.7272727272727273,147,84,63,192.42219071849567,0.4696022096590278,0.8680619111266223,0.11678277683969701,2100722.5357679836,-3504.8735151628425,2097217.662252821,4726,0,1205.2802197802198,80,284,54,37.48221240263632,0.5345409798534799,42.438271604938244,16312.381104585416,203.9047638073177,0
4729,63.56238847516101,1,4,360,0.0027472527472527475,0.01098901098901099,0.989010989010989,364,11250,7900,3350,0.7022222222222222,146,79,67,189.9264242973143,0.4695345689663872,0.8660880525687604,0.1157566465131461,2110822.09353169,-3869.82148955184,2106952.272042138,4727,0,1206.2527472527472,85,279,40,37.38969897071955,0.5360004578754578,42.28439922480618,16381.019132582256,192.71787214802654,0
4730,63.89931232665204,1,1,360,0.002770083102493075,0.002770083102493075,0.997229916897507,361,10150,7300,2850,0.7192118226600985,130,73,57,188.51602303903695,0.46922290191853905,0.8646448944875431,0.11526132992965901,2123902.7871548524,-2272.0586488089534,2121630.7285060436,4728,0,1215.2853185595568,86,275,41,37.309022940466235,0.5378000923361035,42.16954022988503,16475.189076174724,191.57196600203167,0
4731,63.470629155795194,1,2,359,0.002770083102493075,0.00554016620498615,0.9944598337950139,361,10600,7400,3200,0.6981132075471698,138,74,64,185.90980364096788,0.4692023827844465,0.8642593646639212,0.11436087273363747,2113252.7807252933,-4225.11809832683,2109027.6626269664,4729,0,1216.1662049861495,91,270,49,37.15232072601756,0.5396756694367497,41.94972826086954,16378.613101106394,179.98475935281752,0
4732,63.47849244889966,0,1,358,0.0,0.002785515320334262,0.9972144846796658,359,11650,8300,3350,0.7124463519313304,150,83,67,182.59477745774504,0.46892944398624364,0.8615777381625167,0.11275578372615892,2115792.1328261374,-6183.481271953221,2109608.651554184,4730,1,1223.4512534818941,93,266,54,37.096325664906914,0.5411153667595172,41.81072695035459,16389.46581966871,176.23081526525493,0
4733,63.945855520143944,1,0,359,0.002785515320334262,0.0,1.0,359,10950,7200,3750,0.6575342465753424,147,72,75,183.48606621506244,0.46871644543346663,0.861986938261385,0.11359306810088639,2132871.008418692,-4479.577784220454,2128391.4306344716,4731,0,1224.367688022284,97,262,53,36.98073137440498,0.5426241875580315,41.71981292517006,16515.947526402775,170.26750027219356,0
4734,63.87486386022161,2,2,359,0.00554016620498615,0.00554016620498615,0.9944598337950139,361,10550,7200,3350,0.6824644549763034,139,72,67,176.53133144290004,0.4688910690468862,0.8584341740778532,0.10634936308877276,2114226.11178836,-8104.569902930027,2106121.54188543,4732,0,1218.578947368421,103,258,57,38.1663292847504,0.5343663434903048,42.708333333333364,16434.470180703043,159.55796291944702,8
4735,63.52419118750183,1,1,359,0.002777777777777778,0.002777777777777778,0.9972222222222222,360,12200,8400,3800,0.6885245901639344,160,84,76,170.00855953745273,0.4691012521923037,0.8517214900107326,0.10317845497541546,2107027.8667375045,-12557.445494137137,2094470.4212433673,4733,0,1222.9305555555557,84,276,54,38.059963362991844,0.536255787037037,42.43872549019607,16361.37164445738,194.77823386258785,0
4736,63.11723558438962,3,0,362,0.008287292817679558,0.0,1.0,362,12850,9000,3850,0.7003891050583657,167,90,77,194.2527731679607,0.4694131874831015,0.8675737078535657,0.11676992544366274,2087847.95154656,-4135.949091806084,2083712.002454754,4734,0,1214.4226519337017,103,259,49,37.79205607476641,0.532947744014733,42.78846153846156,16234.481268100355,157.61632299126558,8
4737,63.03292892329879,3,0,365,0.00821917808219178,0.0,1.0,365,11150,8000,3150,0.7174887892376681,143,80,63,193.46844172202566,0.4696563425159315,0.8683898448291316,0.11721085048714386,2089696.8255730472,-3291.922296984205,2086404.903276063,4735,0,1205.4328767123288,80,285,50,37.5208094025204,0.5350171232876713,42.50257201646089,16230.817076018591,202.88521345023238,0
4738,63.114463922417656,1,2,364,0.00273224043715847,0.00546448087431694,0.994535519125683,366,10500,7200,3300,0.6857142857142857,138,72,66,194.44615154854023,0.4698354105846246,0.8690347135763097,0.11834218327110536,2095102.850728805,-2223.062715482395,2092879.7880133225,4736,0,1203.136612021858,83,283,41,37.326138223120616,0.5364014116575593,42.3363095238095,16262.305696676372,195.93139393585992,0
4739,63.14031927064438,2,1,365,0.00546448087431694,0.00273224043715847,0.9972677595628415,366,12300,8700,3600,0.7073170731707317,159,87,72,192.1131315996586,0.46966963595079475,0.8676698474838926,0.11777010596986567,2100226.3194493507,-4803.78894051239,2095422.5305088384,4737,0,1203.9562841530055,91,275,45,37.11918349429324,0.5385359744990892,42.07427536231883,16285.512601735438,178.96167694214768,0
4740,63.641730080082276,1,1,365,0.00273224043715847,0.00273224043715847,0.9972677595628415,366,11100,8000,3100,0.7207207207207207,142,80,62,187.01887999606254,0.4695514260049405,0.8648159412114138,0.11480208802622466,2117705.990346634,-5089.799504884318,2112616.1908417493,4738,0,1204.948087431694,89,277,50,37.20085206454604,0.5387067395264117,42.02546296296295,16417.94585364522,184.47130172635076,8
4741,63.98754712202487,0,1,364,0.0,0.0027397260273972603,0.9972602739726028,365,11600,8500,3100,0.7327586206896551,147,85,62,187.0306764074898,0.4693452380952381,0.8651480312826203,0.11523890126027203,2131438.649705483,-4871.117524903985,2126567.532180579,4739,1,1209.2465753424658,92,273,54,37.06324495168661,0.5404680365296803,41.89068100358421,16515.782211916816,179.51937186866104,0
4742,63.91484658984684,0,1,363,0.0,0.0027472527472527475,0.9972527472527473,364,10400,7400,3000,0.7115384615384616,134,74,60,191.13261760760525,0.46900873747464655,0.8682748643052651,0.11828527785416415,2131628.018090917,-1715.2714273151087,2129912.7466636016,4740,2,1213.5412087912089,94,270,52,36.79612097025274,0.5421531593406593,41.73245614035085,16507.13044492584,175.60777069070042,0
4743,64.03870175283348,1,1,363,0.0027472527472527475,0.0027472527472527475,0.9972527472527473,364,11250,7700,3550,0.6844444444444444,148,77,71,187.86789233112313,0.46874668891714344,0.866452232680188,0.11705143640545981,2139757.3543192954,-3651.6591488024733,2136105.695170493,4741,0,1214.5164835164835,76,288,53,36.63424302684597,0.5441563644688645,41.490800865800885,16554.593503718912,217.82359873314357,0
4744,63.963825664497335,1,2,362,0.0027472527472527475,0.005494505494505495,0.9945054945054945,364,11500,8600,2900,0.7478260869565218,144,86,58,189.18141251892254,0.4687403820926548,0.8668639263321178,0.1186511851583764,2141153.899667646,-3286.696168095242,2137867.2034995505,4742,0,1215.357142857143,80,284,47,36.3601722995361,0.5459878663003663,41.255144032921805,16550.31085866363,206.87888573329536,0
4745,64.08985617065787,1,2,361,0.0027548209366391185,0.005509641873278237,0.9944903581267217,363,10550,7200,3350,0.6824644549763034,139,72,67,187.91959870397278,0.4685763968159749,0.8657606026563338,0.11838821308815765,2148008.7669844218,-2419.410899134329,2145589.3560852874,4743,0,1214.9724517906336,83,280,49,36.23092090557841,0.5476641414141414,41.09623015873016,16593.105371168098,199.91693218274816,0
4746,64.34152110509001,0,2,359,0.0,0.00554016620498615,0.9944598337950139,361,11300,7900,3400,0.6991150442477876,147,79,68,191.3798322080111,0.4682851133682158,0.8662220639333851,0.12115496809002171,2159307.9803677527,-850.4002063600246,2158457.5801613927,4744,1,1221.5373961218836,86,275,50,35.96614366700557,0.5490246999076639,40.92432950191571,16669.322721167828,193.82933396706775,0
4747,64.62429647570922,2,1,360,0.00554016620498615,0.002770083102493075,0.997229916897507,361,11700,8300,3400,0.7094017094017094,151,83,68,189.29707187139917,0.468530701754386,0.864246304062988,0.12058963164069605,2172498.374089697,-1650.4838278886355,2170847.8902618084,4745,0,1221.0692520775624,92,269,53,35.794996400287964,0.5513619575253924,40.70340501792115,16756.86002926377,182.13978292678013,0
4748,64.61674160680198,3,2,361,0.008264462809917356,0.005509641873278237,0.9944903581267217,363,12150,8500,3650,0.6995884773662552,158,85,73,187.6895856338376,0.468486979285573,0.8621512166143483,0.11678592235507317,2158282.247665688,-3732.5798509519227,2154549.667814736,4746,0,1215.046831955923,80,283,51,36.68700451122833,0.5486398071625345,41.538065843621396,16700.96801457696,208.762100182212,8
4749,65.03151036458434,0,1,360,0.0,0.002770083102493075,0.997229916897507,361,10050,6700,3350,0.6666666666666666,134,67,67,185.65487131902748,0.46812256335282654,0.8600158282872583,0.11598701876833446,2174560.7514712587,-1506.4407020390227,2173054.31076922,4747,1,1222.6842105263158,83,278,53,36.59270004155875,0.5499480609418282,41.39384920634921,16817.548575682584,202.6210671768986,0
4750,65.36579059514307,0,2,358,0.0,0.005555555555555556,0.9944444444444445,360,11350,8000,3350,0.7048458149779736,147,80,67,184.75956337647855,0.46792417853089857,0.8590821018574868,0.11583941982051532,2187884.1099368543,-2503.4974259461715,2185380.6125109084,4748,2,1227.0444444444445,85,275,46,36.48661696549786,0.5514756944444444,41.26695736434108,16912.289884966685,198.9681162937257,0
4751,64.80185252132979,0,2,356,0.0,0.00558659217877095,0.994413407821229,358,11950,9000,2950,0.7531380753138075,149,90,59,185.24892171257258,0.4677822246216923,0.8585089456191222,0.11667728212648343,2171726.8045490123,-3087.9902406011097,2168638.8143084114,4749,3,1230.1927374301677,88,270,50,36.308864526823406,0.5531890130353818,41.10486891385767,16776.884103134504,190.6464102628921,0
4752,64.83850259750747,1,1,356,0.0028011204481792717,0.0028011204481792717,0.9971988795518207,357,12100,9000,3100,0.743801652892562,152,90,62,188.35788647633638,0.46743009001353353,0.8613486364189702,0.1197571177693902,2178543.097296038,-1430.8453191408535,2177112.2519768975,4750,0,1234.5350140056023,91,266,54,35.889431826454135,0.5549719887955182,40.77219202898552,16807.94290047487,184.7026692359876,0
4753,64.52111242216503,0,0,356,0.0,0.0,1.0,356,11800,9100,2700,0.7711864406779662,145,91,54,191.1082281323274,0.4672693464155721,0.8630797034618338,0.12185809735921095,2169583.6539211865,-74.94242285187829,2169508.7114983345,4751,1,1238.0112359550562,91,265,52,35.71428571428572,0.5562968164794008,40.67028985507248,16732.24138266846,183.87078442492813,0
4754,64.97594862565956,0,0,356,0.0,0.0,1.0,356,11500,8800,2700,0.7652173913043478,142,88,54,189.4640216538938,0.46710252149601733,0.8610051588091276,0.1214605151361778,2188055.689709852,211.56611502293617,2188267.255824875,4752,2,1239.0112359550562,79,277,53,35.564834094291975,0.5579939138576779,40.48177083333334,16862.443125755522,213.4486471614623,0
4755,64.81455336324116,0,2,354,0.0,0.0056179775280898875,0.9943820224719101,356,10150,7500,2650,0.7389162561576355,128,75,53,191.20455406290534,0.4667990386137047,0.8622313891290934,0.12321728047769498,2185688.052022413,2232.701861513611,2187920.7538839267,4753,3,1240.0112359550562,79,277,58,35.33388693908249,0.5593691479400749,40.29947916666668,16832.37326601367,213.0680160254895,0
4756,64.51378086119749,1,0,355,0.0028169014084507044,0.0,1.0,355,10150,7100,3050,0.6995073891625616,132,71,61,180.03352852131295,0.4663967799262619,0.850973068343676,0.1164645229960256,2177786.1124461307,-2735.09636232091,2175051.01608381,4754,0,1243.3718309859155,92,263,44,35.48788329453689,0.5623532863849765,40.16577060931904,16762.88853514877,182.20531016466055,8
4757,64.49433273814982,1,0,356,0.0028089887640449437,0.0,1.0,356,11150,8300,2850,0.7443946188340808,140,83,57,184.473824467334,0.46629328875876985,0.8560965182040463,0.12014860393568254,2181073.08307022,-1879.8213846543968,2179193.2616855656,4755,0,1240.876404494382,95,261,47,35.13295505117936,0.5642848782771536,39.93055555555559,16773.005285025993,176.55795036869466,0
4758,64.32292589827593,0,0,356,0.0,0.0,1.0,356,10950,7900,3050,0.7214611872146118,140,79,61,187.2175167891353,0.46604453500026377,0.8580536518190038,0.12236071278643437,2177289.742486953,-624.6442162261483,2176665.098270727,4756,1,1241.876404494382,100,256,50,34.939022778922926,0.5657186329588015,39.81023102310235,16736.167229390754,167.36167229390753,0
4759,64.20907703900785,1,1,356,0.0028011204481792717,0.0028011204481792717,0.9971988795518207,357,10150,6000,4150,0.5911330049261084,143,60,83,194.79639173301186,0.4656954542116472,0.8642306619756128,0.12804460039610405,2176730.737209469,3253.858676549955,2179984.595886019,4757,0,1239.3949579831933,104,253,50,34.540852287880575,0.5675186741363212,39.613095238095276,16719.20282780619,160.7615656519826,0
4760,63.82314846556493,0,0,356,0.0,0.0,1.0,356,11450,8600,2850,0.7510917030567685,143,86,57,195.19451899211765,0.4652356319565332,0.8643655265463726,0.12893520231610991,2166437.2530817403,1925.3355083785546,2168362.588590119,4758,1,1243.8426966292134,82,274,51,34.35939582229501,0.5689665262172285,39.445281124497974,16629.4225061946,202.79783544139758,0
4761,63.72115808312474,0,1,355,0.0,0.0028089887640449437,0.9971910112359551,356,10800,7800,3000,0.7222222222222222,138,78,60,165.93629277815722,0.46488731075592127,0.8433448573898024,0.10613582547473628,2144482.805224616,-10830.494674904454,2133652.310549712,4759,2,1244.8426966292134,81,275,59,36.25645718062976,0.5586961610486891,40.56148373983743,16531.722707465287,204.09534206747267,8
4762,63.2986427196224,1,2,354,0.0028089887640449437,0.0056179775280898875,0.9943820224719101,356,13100,9800,3300,0.7480916030534351,164,98,66,165.40131415199087,0.4645955319934589,0.8416464430400419,0.10664326282130074,2134860.130175033,-13678.265787671131,2121181.864387362,4760,0,1245.8342696629213,87,269,50,35.98594906035885,0.5609784644194756,40.28172348484851,16439.81439288882,188.96338382630827,0
4763,63.43773305230787,0,1,353,0.0,0.002824858757062147,0.9971751412429378,354,11150,7900,3250,0.7085201793721974,144,79,65,167.6266073825942,0.46406490906568926,0.8421615673770273,0.10855841406291905,2142095.9848597776,-10135.543474015361,2131960.4413857623,4761,6,1253.5593220338983,89,265,54,35.771157157915056,0.5625882768361582,40.12731481481483,16485.7340303643,185.23296663330675,0
4764,63.6727910970781,2,0,355,0.005633802816901409,0.0,1.0,355,10650,7400,3250,0.6948356807511737,139,74,65,197.00086193848384,0.4640046019999469,0.861843616133702,0.12326262545257317,2130019.968488305,2273.153947675464,2132293.1224359805,4762,0,1250.9802816901408,85,270,40,36.24400023413722,0.5492077464788732,41.33963178294574,16469.6275905778,193.76032459503293,7
4765,63.96013866606174,1,0,356,0.0028089887640449437,0.0,1.0,356,12950,10000,2950,0.7722007722007722,159,100,59,194.89991170791797,0.46390383499498866,0.8623394585504327,0.12277432061375432,2143606.449478427,-592.258452026319,2143014.191026401,4763,0,1248.4634831460673,89,267,45,36.053569299775,0.5513810861423221,41.09953703703704,16559.309511818687,186.05965743616503,0
4766,63.940439805694204,1,2,355,0.0028011204481792717,0.0056022408963585435,0.9943977591036415,357,11000,8000,3000,0.7272727272727273,140,80,60,193.45704619970726,0.4638765618606993,0.8622437301768959,0.12245926323478992,2145796.466859009,623.8892448623201,2146420.3561038715,4764,0,1245.9635854341736,92,265,49,35.915477734543906,0.5531629318394025,40.927419354838705,16565.214748047758,180.05668204399737,0
4767,64.29378707694228,1,2,354,0.0028089887640449437,0.0056179775280898875,0.9943820224719101,356,10550,7900,2650,0.7488151658767772,132,79,53,191.3058176306184,0.4637070079653954,0.8591592158935759,0.12188048212424551,2161441.4214333156,949.2636775973442,2162390.685110913,4765,0,1249.5168539325844,96,260,46,35.73961525718544,0.5550093632958801,40.70017182130584,16671.367942008645,173.66008272925671,0
4768,64.48133254481621,1,1,354,0.0028169014084507044,0.0028169014084507044,0.9971830985915493,355,11400,7900,3500,0.6929824561403509,149,79,70,187.36555975976393,0.4634197368770059,0.8550224661856767,0.12008097869736709,2171232.3486137497,-1037.1671266945395,2170195.181487055,4766,0,1253.7352112676056,85,270,46,35.62947296771685,0.5570422535211268,40.4917635658915,16733.436891626716,196.86396343090254,0
4769,64.23698654469136,1,0,355,0.0028169014084507044,0.0,1.0,355,11200,7500,3700,0.6696428571428571,149,75,74,187.26764019644264,0.46317836396912554,0.8546179344438647,0.12071527085228463,2166380.1906515355,-1061.4187856723802,2165318.7718658634,4767,0,1254.619718309859,89,266,43,35.42581183059261,0.5588908450704225,40.28935185185189,16683.029410605883,187.44976865849307,0
4770,63.89934699926313,1,1,355,0.0028089887640449437,0.0028089887640449437,0.9971910112359551,356,10600,7300,3300,0.6886792452830188,139,73,66,188.7944225123574,0.4630957561850504,0.8544561032176687,0.12234859329047712,2158067.6679367013,-313.77217785931316,2157753.895758842,4768,0,1252.0926966292134,93,263,46,35.197478289913185,0.5605688202247191,40.1041666666667,16607.174037829525,178.5717638476293,0
4771,64.31322117005243,1,1,355,0.0028089887640449437,0.0028089887640449437,0.9971910112359551,356,10100,7300,2800,0.7227722772277227,129,73,56,192.01245606261512,0.462922172548399,0.8590725494198717,0.1252436484787864,2175804.18340383,2256.3010333373786,2178060.4844371676,4769,0,1253.0842696629213,94,262,52,34.88474616757299,0.5621196161048689,39.87938596491231,16729.19458132861,177.97015512051715,0
4772,64.28607268108506,0,0,355,0.0,0.0,1.0,355,10200,8100,2100,0.7941176470588235,123,81,42,184.77528789822205,0.462652515848386,0.8552547480565309,0.11758852193332045,2160527.070106122,-1357.597721846898,2159169.4723842754,4770,1,1257.1690140845071,90,265,60,35.948974936347476,0.5547241784037559,40.7394688644689,16666.84134791566,185.18712608795175,7
4773,63.93445732734188,0,1,354,0.0,0.0028169014084507044,0.9971830985915493,355,10550,7000,3550,0.6635071090047393,141,70,71,204.59378311094056,0.4625918410652237,0.8654509921925317,0.124419773383895,2121849.223861101,5273.431980150849,2127122.655841252,4771,2,1258.1690140845071,87,268,41,37.09400604946781,0.538849765258216,42.365056818181806,16471.750280890035,189.33046299873604,8
4774,63.811067396153994,0,1,353,0.0,0.002824858757062147,0.9971751412429378,354,11650,7600,4050,0.6523605150214592,157,76,81,195.56359941420925,0.4625146044397497,0.8594674928660035,0.12044732717934639,2125317.9519284614,676.9657157524816,2125994.917644214,4772,3,1262.0677966101696,95,259,53,36.85799069480648,0.5445503766478343,41.90538194444443,16469.293067327588,173.36097965607988,8
4775,63.55228518147246,0,0,353,0.0,0.0,1.0,353,10800,7800,3000,0.7222222222222222,138,78,60,191.12660591570494,0.4621614516267491,0.8538058572400848,0.11762643510842558,2116255.7367854915,-505.4447557100393,2115750.2920297813,4773,4,1266.6203966005667,97,256,52,37.00003947169707,0.5472438621340887,41.93239795918367,16400.78584099667,169.08026640202752,8
4776,63.95825430740102,1,0,354,0.002824858757062147,0.0,1.0,354,11200,8200,3000,0.7321428571428571,142,82,60,194.51296157167914,0.46219217308728516,0.8562671421501087,0.12022146744903257,2132306.8995237974,952.2660012199885,2133259.1655250173,4774,0,1264.0395480225989,101,253,54,36.7562701865401,0.548728813559322,41.77900326797386,16515.364176497547,163.518457193045,0
4777,63.675010518706294,1,0,355,0.0028169014084507044,0.0,1.0,355,9400,6800,2600,0.723404255319149,120,68,52,194.2672614428394,0.46230869207713327,0.8582874341985429,0.12048835913275452,2124920.254217396,2160.487714246963,2127080.741931643,4775,0,1261.4760563380282,81,274,53,36.63514571142909,0.5504401408450704,41.65396341463414,16450.18659703923,203.0887234202374,0
4778,63.84869701357236,2,1,356,0.0056022408963585435,0.0028011204481792717,0.9971988795518207,357,10250,7200,3050,0.7024390243902439,133,72,61,187.2430053313248,0.4624878041104082,0.8530524315342607,0.11703342529030594,2135282.182784433,-1686.66937300258,2133595.5134114306,4776,0,1255.4033613445379,89,268,55,36.534785932721675,0.552141690009337,41.3773148148148,16512.72146722533,185.53619626095875,0
4779,63.87231506641339,0,0,356,0.0,0.0,1.0,356,12800,9600,3200,0.75,160,96,64,182.55739218436,0.46237900247929525,0.8587236936833975,0.11280216906093214,2129284.0865159025,-6256.689989200325,2123027.396526702,4777,1,1259.5505617977528,93,263,56,37.07472318784598,0.5467579588014981,41.788563829787215,16492.562204814818,177.3393785463959,8
4780,63.40648744976713,1,0,357,0.0028011204481792717,0.0,1.0,357,11850,8600,3250,0.7257383966244726,151,86,65,180.55375211577774,0.46244223344768615,0.8578987337184725,0.11187565390078548,2115395.741786195,-6861.472322153153,2108534.269464042,4778,0,1257.0196078431372,95,262,57,37.02445461928366,0.5486402894491129,41.688368055555536,16378.633249014174,172.40666577909656,0
4781,63.181945722846365,0,3,354,0.0,0.008403361344537815,0.9915966386554622,357,11000,7200,3800,0.6545454545454545,148,72,76,170.34915947719975,0.4622192978314921,0.8483475203237747,0.09945280804332703,2072427.2305180414,-11792.752640718849,2060634.4778773226,4779,1,1258.0196078431372,102,255,60,39.50822935586614,0.526202147525677,43.87135922330095,16182.705879619672,158.65397921195756,8
4782,63.41534861314309,4,0,358,0.0111731843575419,0.0,1.0,358,9350,6000,3350,0.6417112299465241,127,60,67,169.12381578591717,0.46254642452884315,0.8477950453623675,0.09963905607821463,2085599.1324165405,-10405.103305182787,2075194.0291113576,4780,0,1254.796089385475,85,273,59,39.194491672176554,0.5283985102420856,43.53197674418607,16264.009102891245,191.3412835634264,0
4783,63.193710820833175,3,4,357,0.008310249307479225,0.0110803324099723,0.9889196675900277,361,9700,6200,3500,0.6391752577319587,132,62,70,164.46737774053665,0.4630232379193598,0.8453724702215748,0.0976285748038091,2082844.9242189142,-13387.991414705322,2069456.932804209,4781,0,1245.360110803324,89,272,49,39.02965296247877,0.5302400738688827,43.25231481481483,16224.838971510995,182.30156147765163,0
4784,63.42518062004952,2,0,359,0.005571030640668524,0.0,1.0,359,10450,7700,2750,0.7368421052631579,132,77,55,206.69998501241076,0.46289480918960696,0.8753520912900841,0.11753158199409017,2064226.6026941468,3085.121567819464,2067311.7242619663,4782,0,1252.2869080779944,93,266,48,39.59568511198944,0.5123317084493965,44.86923758865247,16181.714687670574,173.99693212549005,8
4785,63.896244625749574,2,0,361,0.00554016620498615,0.0,1.0,361,11050,8300,2750,0.751131221719457,138,83,55,223.80938352371737,0.46362823176361956,0.8843323435990957,0.12407589868607123,2063684.9909754314,9124.413123473023,2072809.4040989045,4783,0,1246.3434903047091,90,271,47,40.15654791394558,0.4988457987072945,45.844780219780255,16239.564095988264,180.43960106653626,8
4786,63.72619711735297,7,6,362,0.019021739130434784,0.016304347826086956,0.9836956521739131,368,9150,6200,2950,0.6775956284153005,121,62,59,217.61579591881969,0.46527181317379457,0.8807546129106636,0.12233553330037397,2066927.2766704261,7209.204883789686,2074136.4815542158,4784,0,1223.616847826087,80,288,44,39.76352772868803,0.5018115942028986,45.3060699588477,16230.67559039559,202.88344487994488,0
4787,63.993853264863574,2,2,362,0.005494505494505495,0.005494505494505495,0.9945054945054945,364,10900,7800,3100,0.7155963302752294,140,78,62,211.56039097216248,0.4649843527684437,0.8778273738994629,0.1257738148526811,2110139.4095838224,5584.383699464066,2115723.7932832865,4785,0,1236.4642857142858,78,286,46,37.76325135209147,0.5230940934065934,43.19620253164557,16433.864533049607,210.69057093653342,8
4788,63.75885267911265,2,0,364,0.005494505494505495,0.0,1.0,364,11400,7800,3600,0.6842105263157895,150,78,72,209.15651975497957,0.4651885362112635,0.8768522124965845,0.12491961140016204,2105179.6138639916,3862.408298985006,2109042.0221629767,4786,0,1237.456043956044,81,283,49,37.65113409791226,0.5249542124542125,43.025914634146346,16384.372851191205,202.2762080393976,0
4789,64.01368948023377,3,0,367,0.008174386920980926,0.0,1.0,367,11550,8000,3550,0.6926406926406926,151,80,71,211.24412546324606,0.4652818103760615,0.8794983514285115,0.12731342535325896,2119066.269702197,4578.060188380942,2123644.329890578,4787,0,1228.3324250681198,69,298,51,37.258002718177096,0.5277020890099909,42.693452380952394,16471.14144051676,238.71219479009795,0
4790,63.98040757319778,2,2,367,0.005420054200542005,0.005420054200542005,0.994579945799458,369,11950,9000,2950,0.7531380753138075,149,90,59,209.52568104417307,0.4657411089509446,0.877916919205872,0.12685130879153797,2120692.8368714754,3117.922186199441,2123810.759057675,4788,0,1222.669376693767,74,295,53,37.13307350667097,0.5297256097560976,42.527777777777786,16473.177716554776,222.61050968317264,0
4791,64.01051124442579,4,5,366,0.01078167115902965,0.013477088948787063,0.9865229110512129,371,11500,8700,2800,0.7565217391304347,143,87,56,203.3278702365929,0.4664217114688813,0.8745409082932682,0.12414581659739535,2126771.9195021903,786.4009742736325,2127558.320476464,4789,0,1216.44474393531,80,291,45,36.9782572545107,0.532625786163522,42.219650205761305,16500.651979096063,206.25814973870078,0
4792,63.66480379720365,2,2,366,0.005434782608695652,0.005434782608695652,0.9945652173913043,368,10400,7000,3400,0.6730769230769231,138,70,68,197.8308907534984,0.4657910422343324,0.8700107601691989,0.11949393044258343,2108845.1082514273,-561.0587546931984,2108284.049496734,4790,0,1225.1603260869565,75,293,55,37.520468342297214,0.5342504528985508,42.61239035087716,16386.53166814251,218.4870889085668,8
4793,63.703735287109716,3,3,366,0.008130081300813009,0.008130081300813009,0.991869918699187,369,11150,7900,3250,0.7085201793721974,144,79,65,188.2753813547947,0.46578468049173244,0.862931920639064,0.11457278995613712,2114592.043812869,-5324.875308263718,2109267.1685046055,4791,0,1222.79945799458,84,285,46,37.48959571938168,0.5363313008130082,42.340686274509785,16413.860715826882,195.40310375984384,0
4794,63.237204638817595,0,1,365,0.0,0.00273224043715847,0.9972677595628415,366,10300,7100,3200,0.6893203883495146,135,71,64,185.3431293957699,0.46522085610200364,0.8595881231305345,0.11309713405986685,2100724.335580739,-5629.0355291237,2095095.3000516156,4792,1,1233.7650273224044,86,280,48,37.464000371609075,0.5373121584699454,42.241379310344804,16299.934643970953,189.53412376710412,0
4795,63.29284076077026,0,1,364,0.0,0.0027397260273972603,0.9972602739726028,365,10650,7000,3650,0.6572769953051644,143,70,73,184.41620158631994,0.46507507903055845,0.8586062063482596,0.11284286061910495,2104207.1638300535,-6040.0214991479115,2098167.1423309054,4793,2,1238.1150684931506,89,276,49,37.385869727845375,0.538384703196347,42.141203703703695,16320.615732745331,183.3777048623071,0
4796,63.11418622250058,1,3,362,0.0027397260273972603,0.00821917808219178,0.9917808219178083,365,11250,8300,2950,0.7377777777777778,142,83,59,180.7489373597709,0.4652745371067289,0.8563244001163111,0.11112658846962961,2101069.762549211,-8296.77462009708,2092772.9879291137,4794,0,1232.5945205479452,92,273,54,37.305204670747045,0.5402397260273972,41.96908602150536,16285.411156000653,177.01533865218101,0
4797,63.52052977531364,1,1,362,0.0027548209366391185,0.0027548209366391185,0.9972451790633609,363,11100,7500,3600,0.6756756756756757,147,75,72,181.59888286628774,0.4650247451917467,0.8581503886096205,0.11148792175968203,2113741.5991961868,-6929.377383594989,2106812.221812592,4795,0,1239.1460055096418,93,270,54,37.33641179839633,0.5438762626262627,42.02127659574465,16386.94518139724,176.20371162792733,7
4798,63.24335340494245,0,3,359,0.0,0.008287292817679558,0.9917127071823204,362,11050,7500,3550,0.6787330316742082,146,75,71,180.82613683221174,0.4644247741336476,0.8577961196652093,0.11146446942045216,2106905.380259286,-7253.287883342774,2099652.0923759434,4796,1,1243.5662983425414,94,268,55,37.20742534301856,0.5455801104972375,41.87499999999998,16324.690597650644,173.6669212516026,0
4799,63.40762400363292,0,3,356,0.0,0.008356545961002786,0.9916434540389972,359,12050,8900,3150,0.7385892116182573,152,89,63,185.51628999707515,0.4639662859277011,0.859238811142804,0.11474526085004197,2114382.111879018,-5399.534993605404,2108982.576885413,4797,2,1254.050139275766,96,263,52,36.961666943890016,0.5475278551532033,41.75257731958761,16374.855477226727,170.57141122111173,0
4800,63.304703325770824,0,2,354,0.0,0.0056179775280898875,0.9943820224719101,356,10200,7400,2800,0.7254901960784313,130,74,56,172.75448061406084,0.4637124479084243,0.8426757099756856,0.10678966231309119,2110608.02701465,-8476.601302643212,2102131.4257120066,4798,3,1264.4634831460673,116,240,56,37.31252585850227,0.5508251404494382,41.77350427350428,16346.9517028193,140.9219974380974,7
4801,63.069449795579196,0,1,353,0.0,0.002824858757062147,0.9971751412429378,354,10550,7400,3150,0.7014218009478673,137,74,63,180.45214802947262,0.4634097098851384,0.854799645107813,0.11068702728698909,2098216.689227128,-5624.458279535889,2092592.230947592,4799,4,1272.5254237288136,88,266,51,37.39819184173511,0.5449329096045198,42.05290262172282,16268.581508014498,184.87024440925566,8
4802,62.7947733353502,1,0,354,0.002824858757062147,0.0,1.0,354,12200,9300,2900,0.7622950819672131,151,93,58,182.46178067515157,0.4635177427271224,0.8556323333907092,0.1123539377422984,2091344.0392555033,-6681.928518616132,2084662.1107368872,4800,0,1273.497175141243,92,262,53,37.20398258253042,0.5465218926553672,41.91308243727596,16206.509489170327,176.1577118388079,0
4803,62.53911489997648,0,0,354,0.0,0.0,1.0,354,11800,8700,3100,0.7372881355932204,149,87,62,182.13291191081734,0.46348823375639525,0.8558180046749524,0.11254389773255816,2084860.48240451,-6655.657882375899,2078204.8245221341,4801,1,1274.497175141243,94,260,56,37.084377255934456,0.54784604519774,41.787280701754355,16148.39492082817,171.79143532795925,0
4804,62.63452925434641,1,0,355,0.0028169014084507044,0.0,1.0,355,10900,7900,3000,0.7247706422018348,139,79,60,185.52833043952455,0.46356960027585475,0.8591847115352009,0.11546268017516592,2092181.9571807426,-4268.194901711201,2087913.7622790313,4802,0,1271.9042253521127,76,279,54,36.73606022540911,0.5498826291079812,41.53138528138532,16189.060009923638,213.01394749899524,0
4805,62.43457496168229,1,0,356,0.0028089887640449437,0.0,1.0,356,10000,6600,3400,0.66,134,66,68,186.1332362836972,0.46364469589069995,0.8593965419214091,0.11628789574805057,2087732.9547720111,-3480.7017264314227,2084252.2530455797,4803,0,1269.3286516853932,79,277,60,36.579697648658176,0.5512055243445693,41.393229166666686,16146.003819192434,204.37979517965107,0
4806,62.337803547295,0,3,353,0.0,0.008426966292134831,0.9915730337078652,356,9350,5900,3450,0.6310160427807486,128,59,69,164.27884044023565,0.4635025979849132,0.8409188414956459,0.10341465889313763,2088844.8602633814,-11919.397699277326,2076925.462564104,4804,1,1270.3286516853932,93,263,54,36.870879885278896,0.5561797752808989,41.12367021276595,16137.781789321307,173.5245353690463,8
4807,62.27058642528201,1,1,353,0.002824858757062147,0.002824858757062147,0.9971751412429378,354,10500,7400,3100,0.7047619047619048,136,74,62,161.90688371388237,0.46321748478204045,0.8377454914467173,0.10227528081224188,2088572.7482796893,-13669.138983259565,2074903.6092964297,4805,0,1278.183615819209,96,258,56,36.80748472786581,0.557909604519774,41.0008591065292,16128.028387080578,168.00029569875602,0
4808,62.54306506475062,0,2,351,0.0,0.0056657223796034,0.9943342776203966,353,11250,8000,3250,0.7111111111111111,145,80,65,165.0730714546178,0.4629860261610439,0.839925861658112,0.1047958736100556,2100562.760363591,-12500.73067271802,2088062.0296908729,4806,1,1282.014164305949,98,255,59,36.54663310598683,0.5600507554296505,40.824915824915834,16209.604152724558,165.40412400739345,0
4809,62.62839313394978,0,1,350,0.0,0.002849002849002849,0.9971509971509972,351,10650,7600,3050,0.7136150234741784,137,76,61,166.85455217537313,0.46245522995523,0.8417136678731107,0.10647063203608381,2106355.5525345705,-10558.997511947227,2095796.5550226232,4807,2,1289.6552706552707,105,246,55,36.31719207840757,0.5617283950617284,40.6446540880503,16243.00856516504,154.69531966823848,0
4810,62.36514131543883,1,0,351,0.002849002849002849,0.0,1.0,351,10350,7900,2450,0.7632850241545893,128,79,49,175.0585638314783,0.46235347985347985,0.8478618536851938,0.11245903023880068,2101314.3596684337,-6979.385207596495,2094334.9744608372,4808,0,1289.945868945869,81,270,60,35.8646827338716,0.5634496676163343,40.409044715447145,16189.426610530863,199.86946432754152,0
4811,62.47657832453071,0,1,350,0.0,0.002849002849002849,0.9971509971509972,351,10650,7700,2950,0.7230046948356808,136,77,59,199.47172353210095,0.46240978157644824,0.8635614106056995,0.12216772264288411,2077607.5241882012,2034.790734615597,2079642.3149228168,4809,1,1290.945868945869,84,267,51,36.96362383577263,0.5437440645773979,42.107843137254875,16112.219537517314,191.8121373513966,8
4812,62.10619393066654,1,2,349,0.002849002849002849,0.005698005698005698,0.9943019943019943,351,10850,7900,2950,0.728110599078341,138,79,59,198.85410941834147,0.4623158323158323,0.8637202584377945,0.12264169734714805,2069325.3879774208,1248.7714246019623,2070574.1594020228,4810,0,1291.7863247863247,87,264,55,36.72276228906821,0.5455840455840456,41.85606060606058,16032.33756202609,184.2797420922539,0
4813,62.36687127850368,1,1,349,0.002857142857142857,0.002857142857142857,0.9971428571428571,350,10650,8100,2550,0.7605633802816901,132,81,51,198.14081310553223,0.4620384772820303,0.8642389476351737,0.12299010831505605,2081732.5898580004,1845.237604550326,2083577.8274625507,4811,0,1296.3857142857144,74,276,55,36.50553674138579,0.5471428571428572,41.625000000000014,16114.040366583456,217.75730225112778,0
4814,62.75778478201863,2,4,347,0.005698005698005698,0.011396011396011397,0.9886039886039886,351,9950,6500,3450,0.6532663316582915,134,65,69,177.1782210771098,0.46226190476190476,0.8522607429697884,0.10946509429084265,2092058.725696207,-6016.551318460234,2086042.1743777469,4812,0,1293.3304843304843,98,253,56,37.21806234718824,0.5490562678062678,41.79292929292929,16204.503772629789,165.35207931254885,8
4815,62.46618174264997,2,0,349,0.0057306590257879654,0.0,1.0,349,10550,7500,3050,0.7109004739336493,136,75,61,178.63940067853056,0.46263956130817113,0.8524961628144687,0.11107878523394353,2086056.3092318801,-5819.630227429833,2080236.6790044503,4813,0,1299.9885386819485,79,270,54,36.94578798871425,0.5513968481375358,41.56250000000001,16143.603844116122,204.34941574830535,0
4816,62.39183858703713,2,0,351,0.005698005698005698,0.0,1.0,351,11900,8800,3100,0.7394957983193278,150,88,62,179.02838812116187,0.46251492334825667,0.8531888880831973,0.11219793515685816,2088095.0604852452,-7334.341415513107,2080760.7190697321,4814,0,1293.5754985754986,83,268,46,36.65045974532267,0.553656220322887,41.28224206349207,16141.876592774785,194.48044087680464,0
4817,62.51958136122065,3,2,352,0.00847457627118644,0.005649717514124294,0.9943502824858758,354,10600,7200,3400,0.6792452830188679,140,72,68,180.80124869927113,0.46309528096541347,0.8524466921815197,0.11209677419354835,2086156.864171291,-5964.046795054705,2080192.8173762362,4815,0,1283.6045197740114,106,248,51,36.995967741935495,0.5516419491525424,41.66666666666667,16150.891851648707,152.36690426083686,8
4818,62.872949346237775,1,0,353,0.0028328611898017,0.0,1.0,353,10700,7200,3500,0.6728971962616822,142,72,70,184.61649580553103,0.4629850201734054,0.8588943699369258,0.11146085312799732,2082343.2393260116,-4413.017618258846,2077930.2217077527,4816,0,1285.1303116147308,78,275,56,37.87773024574348,0.5380960812086875,42.62921940928269,16181.6600512818,207.45718014463847,8
4819,62.59694657508884,4,3,354,0.011204481792717087,0.008403361344537815,0.9915966386554622,357,10100,7400,2700,0.7326732673267327,128,74,54,174.15333274219086,0.4635365850460034,0.852085092717962,0.10614967414510018,2078796.5838620565,-9094.12936546834,2069702.454496588,4817,0,1271.719887955182,87,270,46,37.79395553922469,0.5402077497665734,42.28219696969697,16132.347547737145,185.42928215789823,0
4820,63.090350475762975,2,1,355,0.0056179775280898875,0.0028089887640449437,0.9971910112359551,356,11350,8100,3250,0.7136563876651982,146,81,65,192.5819353267164,0.4633837434720684,0.8653681657798149,0.11585410214112782,2087413.7468777,-2150.3641597395253,2085263.3827179605,4818,0,1276.2780898876404,99,257,51,37.80644698656947,0.5395306647940075,42.760416666666686,16229.335468739358,163.93268150241775,8
4821,63.447276802457516,3,0,358,0.008379888268156424,0.0,1.0,358,10400,7500,2900,0.7211538461538461,133,75,58,185.6133188929323,0.4634713289412599,0.8609349248364386,0.11245190572445307,2103433.4781854423,-3914.9462086993763,2099518.5319767427,4819,0,1269.9972067039107,80,278,55,37.723076795019054,0.5414920856610801,42.502572016460896,16337.510589192427,204.21888236490534,0
4822,63.31603390044284,1,1,358,0.002785515320334262,0.002785515320334262,0.9972144846796658,359,10300,7400,2900,0.7184466019417476,132,74,58,181.06983472081365,0.46360739795521394,0.8576493933019165,0.11067165147697197,2104317.9682616536,-5894.298657365151,2098423.6696042884,4820,0,1267.456824512535,88,271,46,37.5133353005266,0.5436107242339833,42.181647940074896,16324.035519182462,185.50040362707344,0
4823,63.05069079968844,1,1,358,0.002785515320334262,0.002785515320334262,0.9972144846796658,359,10450,7200,3250,0.6889952153110048,137,72,65,179.94906935953736,0.4635801652635347,0.8568257839014195,0.11052074108966042,2098349.9497564887,-6730.775870138012,2091619.1738863506,4821,0,1268.4512534818941,91,268,53,37.36376868837589,0.5449454503249768,42.006340579710134,16266.678448388755,178.75470822405225,0
4824,63.33360261345662,0,2,356,0.0,0.00558659217877095,0.994413407821229,358,11400,8300,3100,0.7280701754385965,145,83,62,178.06906840205303,0.4632879455320303,0.8558337408455157,0.11005909659359028,2111486.998298432,-7801.895453990527,2103685.102844442,4822,1,1272.977653631285,92,266,58,37.18055073595329,0.5466422253258845,41.77867383512544,16354.086857645878,177.7618136700639,0
4825,63.57990991096924,0,0,356,0.0,0.0,1.0,356,11050,7600,3450,0.6877828054298643,145,76,69,199.4647130819142,0.46305520388247084,0.8645440602807313,0.12293271453658611,2118016.950607708,2243.9286711197237,2120260.879278828,4823,2,1280.1713483146068,101,255,50,36.732566765578625,0.5499765917602997,41.8811274509804,16411.17466298768,162.48687785136318,7
4826,63.95957351211249,1,0,357,0.0028011204481792717,0.0,1.0,357,11150,7800,3350,0.6995515695067265,145,78,67,199.7166755608461,0.4629900649398336,0.8658560461053904,0.12348915002160869,2132598.3685656516,2633.0912952834806,2135231.459860935,4824,0,1277.5826330532213,106,251,51,36.60661552187791,0.5515581232492996,41.76401869158879,16516.66322996786,155.81757764120624,0
4827,64.30279148667269,0,3,354,0.0,0.008403361344537815,0.9915966386554622,357,10600,7100,3500,0.6698113207547169,141,71,70,200.1590342501458,0.46274385222253694,0.8672748402523283,0.12598806434744028,2154625.677579481,4253.558958975326,2158879.2365384563,4825,1,1278.5826330532213,84,273,49,35.94588303982831,0.5544759570494864,41.12745098039217,16646.227541231365,198.16937549084957,8
4828,64.508395944173,0,0,354,0.0,0.0,1.0,354,12250,9000,3250,0.7346938775510204,155,90,65,201.2927029610969,0.46225019072464696,0.8667975269752455,0.12708584836685774,2163307.793302593,4041.614610137305,2167349.4079127302,4826,6,1290.3672316384182,86,268,50,35.80703883495146,0.5561440677966102,41.02011494252875,16706.37696686385,194.26019728911453,0
4829,64.51111779283913,1,3,352,0.0028169014084507044,0.008450704225352112,0.9915492957746479,355,10550,7800,2750,0.7393364928909952,133,78,55,199.86419613935573,0.46229111959894964,0.865328310356084,0.1268109723932086,2166327.2680926328,5044.251602420627,2171371.5196950533,4827,0,1287.7295774647887,89,266,52,35.66532498176352,0.5576584507042254,40.84490740740742,16718.38470485494,187.84701915567348,0
4830,64.00067854047658,1,0,353,0.0028328611898017,0.0,1.0,353,11600,8600,3000,0.7413793103448276,146,86,60,226.68791079370843,0.46226171506137864,0.8761573507944929,0.13966787838827924,2131851.2627130193,14452.98177346873,2146304.244486488,4828,0,1295.4645892351275,96,257,48,36.041189931350125,0.5505783758262512,41.89218213058419,16519.075480244337,172.07370291921185,8
4831,64.01573766111078,2,0,355,0.005633802816901409,0.0,1.0,355,10700,8400,2300,0.7850467289719626,130,84,46,191.0191669317635,0.4624277207501127,0.8582332187290744,0.1178218272129629,2133011.732133856,-210.77517442260796,2132800.9569594334,4829,0,1289.1605633802817,100,255,48,36.92119456652018,0.5505868544600939,41.8523102310231,16525.51478607261,165.2551478607261,8
4832,64.26876986202392,2,2,355,0.0056022408963585435,0.0056022408963585435,0.9943977591036415,357,10550,8200,2350,0.7772511848341233,129,82,47,170.91205093858594,0.46280712659595674,0.846678482559478,0.1024025833930927,2123946.9564323374,-9348.373918276018,2114598.5825140616,4830,0,1282.9327731092437,108,249,58,38.51502676380935,0.5432422969187676,42.90902140672784,16522.920936813603,152.99000867420003,8
4833,63.77180821091116,2,0,357,0.0056022408963585435,0.0,1.0,357,10200,7600,2600,0.7450980392156863,128,76,52,173.9087675588834,0.46256386449710973,0.8522210503634631,0.10476942826108418,2110815.0212345426,-8182.152222463852,2102632.8690120787,4831,0,1283.9159663865546,112,245,56,38.23380566801619,0.5450221755368814,42.70833333333335,16407.95482093248,146.49959661546856,0
4834,63.87475308860348,2,2,357,0.005571030640668524,0.005571030640668524,0.9944289693593314,359,11400,8000,3400,0.7017543859649122,148,80,68,215.9988905415898,0.46277744925641784,0.8688232096584576,0.13083433381579776,2117484.5045215357,8274.860743131541,2125759.365264667,4832,0,1277.757660167131,83,276,49,36.94816348808839,0.5410283194057568,42.50992063492062,16447.115242209267,198.15801496637673,8
4835,63.78616448560773,1,4,354,0.002793296089385475,0.0111731843575419,0.9888268156424581,358,11100,8200,2900,0.7387387387387387,140,82,58,210.81248483998922,0.4625130079964947,0.8643681720335123,0.12829708959835592,2117372.9700292647,6573.7314289801,2123946.7014582446,4833,0,1281.7402234636872,89,269,41,36.90612553529182,0.5430924115456238,42.337962962962976,16435.27307614127,184.66598961956484,0
4836,64.26740465204136,0,2,352,0.0,0.005649717514124294,0.9943502824858758,354,9950,7300,2650,0.7336683417085427,126,73,53,212.89940939810407,0.46178638306045033,0.8654830954953765,0.1301668376026845,2136124.4592699204,10205.927155882046,2146330.3864258025,4834,2,1296.0762711864406,90,264,46,36.681151216480195,0.5446092278719397,42.17032967032967,16570.043754379352,184.1115972708817,0
4837,64.64485158718789,0,1,351,0.0,0.002840909090909091,0.9971590909090909,352,11550,8500,3050,0.7359307359307359,146,85,61,205.47556722707725,0.46139850697142365,0.8657131831794873,0.12188410294369631,2130235.007102569,5592.2492822764325,2135827.2563848454,4835,3,1304.3892045454545,83,269,45,38.003775802659966,0.5341500946969697,43.27876984126988,16595.705822891625,199.9482629264051,8
4838,64.12123662947492,0,2,349,0.0,0.005698005698005698,0.9943019943019943,351,10400,7300,3100,0.7019230769230769,135,73,62,204.23327005253762,0.4612176095509429,0.8641101195553011,0.1215980288815258,2115242.5015797694,5800.578610350406,2121043.08019012,4836,4,1304.6239316239316,88,263,47,37.89547829520946,0.5359093067426401,43.1413857677903,16470.091983502738,187.16013617616747,0
4839,63.81061506121853,1,0,350,0.002857142857142857,0.0,1.0,350,11200,8200,3000,0.7321428571428571,142,82,60,199.95517806313575,0.46071479738027016,0.8611271907676752,0.11973567941942907,2108462.3480850896,3119.592850155286,2111581.940935245,4837,0,1309.317142857143,93,257,50,37.7897160674771,0.5378869047619048,42.92996453900713,16403.79707657544,176.38491480188645,0
4840,64.19424270873121,0,0,350,0.0,0.0,1.0,350,10750,7900,2850,0.7348837209302326,136,79,57,203.42541630161895,0.46063992359121303,0.8638180171229857,0.12227032951790376,2123407.3298107516,5641.004008933536,2129048.333819685,4838,1,1310.317142857143,98,252,53,37.56025431240202,0.5396428571428571,42.79250841750846,16511.24014115065,168.4820422566393,0
4841,63.79055884709855,1,0,351,0.002849002849002849,0.0,1.0,351,9200,6700,2500,0.7282608695652174,117,67,50,202.38725702271904,0.4609466151132818,0.863140337389048,0.12218651564786297,2112718.1009818707,6117.444263993002,2118835.5452458635,4839,0,1307.5811965811965,79,272,54,37.42137171574085,0.5413698955365622,42.63020833333331,16417.762840777865,207.8197827946565,0
4842,64.10692475793957,0,2,349,0.0,0.005698005698005698,0.9943019943019943,351,10550,7200,3350,0.6824644549763034,139,72,67,207.7872216892763,0.4610385293718627,0.8711989213741029,0.1215237232035,2103850.4493113607,6680.647942428137,2110531.0972537887,4840,1,1308.5811965811965,93,258,50,38.4820115489424,0.5288758309591644,43.805407801418426,16423.84744546539,176.60051016629453,8
4843,64.01680796484916,1,0,350,0.002857142857142857,0.0,1.0,350,10250,7000,3250,0.6829268292682927,135,70,65,208.20814974046803,0.4610538613726293,0.8713272794722489,0.12204497566190119,2102276.528088118,7292.221231208275,2109568.749319326,4841,0,1300.86,71,279,55,38.385128523578345,0.5300297619047619,43.72106481481482,16406.159379186036,231.07266731247938,0
4844,64.21624646676128,1,2,349,0.002849002849002849,0.005698005698005698,0.9943019943019943,351,11750,9000,2750,0.7659574468085106,145,90,55,206.3039774089178,0.4611206077872745,0.8703491791815887,0.12142938793079978,2111362.15245468,5166.4819604108525,2116528.6344150905,4842,0,1298.1509971509972,73,278,53,38.276689813544145,0.5316358024691358,43.5670045045045,16467.164440948614,225.57759508148786,0
4845,63.86701897699237,3,2,350,0.008522727272727272,0.005681818181818182,0.9943181818181818,352,10500,7500,3000,0.7142857142857143,135,75,60,200.7638674072814,0.46169747016101187,0.8669068600899326,0.11905792673019693,2104443.603325545,3599.247308830274,2108042.850634375,4843,0,1295.0738636363637,78,274,49,38.13466279726744,0.5339429450757576,43.288502109704645,16395.39810737165,210.19741163296987,0
4846,63.43524727351628,3,1,352,0.0084985835694051,0.0028328611898017,0.9971671388101983,353,12350,9600,2750,0.7773279352226721,151,96,55,201.2693695204637,0.46192537986093224,0.8671123567167265,0.12020897773928155,2094494.8622699457,1361.5320785845533,2095856.3943485303,4844,0,1292.328611898017,81,272,54,37.85381341967805,0.5358238904627006,43.025914634146346,16301.214648068628,201.24956355640282,0
4847,63.365083361456655,2,0,354,0.005649717514124294,0.0,1.0,354,9850,7500,2350,0.7614213197969543,122,75,47,200.06923701414934,0.46216433129004547,0.8675530380980836,0.12017982617103776,2095616.1332217243,3203.664169642704,2098819.797391367,4845,0,1289.6271186440679,87,267,57,37.669384099660974,0.5375765065913372,42.814867424242436,16296.557364990222,187.31675132172668,0
4848,63.464673061328426,1,0,355,0.0028169014084507044,0.0,1.0,355,11650,9100,2550,0.7811158798283262,142,91,51,199.84769422741815,0.46208290231028354,0.8682517767806999,0.12080268893740345,2102663.743583116,1392.5001781349574,2104056.243761251,4846,0,1286.9915492957746,75,280,53,37.44059821095789,0.5395833333333333,42.584978070175424,16336.76020785093,217.8234694380124,0
4849,63.78261407079003,1,0,356,0.0028089887640449437,0.0,1.0,356,11250,8600,2650,0.7644444444444445,139,86,53,198.39823210173586,0.46227383024740204,0.8692085265353413,0.12062087284823736,2116655.256092442,1538.1321555172108,2118193.3882479593,4847,0,1284.373595505618,77,279,44,37.263220759248725,0.5409644194756554,42.3744658119658,16432.030021896437,213.40298729735633,8
4850,63.96454825070907,2,1,357,0.00558659217877095,0.002793296089385475,0.9972067039106145,358,11350,8300,3050,0.7312775330396476,144,83,61,200.12840208747588,0.4625218104001377,0.8703499319991232,0.12266146111839218,2127534.488838775,2206.0155274590625,2129740.504366234,4848,0,1278.1927374301677,82,276,49,36.919128022967236,0.5432669925512104,42.08082329317267,16497.683623246907,201.191263698133,0
4851,64.08874609860572,0,2,355,0.0,0.0056022408963585435,0.9943977591036415,357,11500,8800,2700,0.7652173913043478,142,88,54,192.52476746125592,0.46245272453550706,0.8643180705319866,0.11405763828314663,2111139.0134066674,-1610.6904730992328,2109528.322933568,4849,1,1282.7619047619048,80,277,49,38.383999699383764,0.5340802987861811,43.32561728395062,16449.93934390525,205.62424179881563,8
4852,64.45581738106037,5,2,358,0.013888888888888888,0.005555555555555556,0.9944444444444445,360,11900,8500,3400,0.7142857142857143,153,85,68,186.6575088059317,0.4630883756318993,0.8603259672931791,0.11153238228005742,2128467.7628910257,-4441.101961004774,2124026.660930021,4850,0,1272.5083333333334,89,271,54,38.21233411397345,0.5366898148148148,43.00925925925928,16564.54825380874,186.1185197057162,0
4853,64.1648416672668,3,0,361,0.008310249307479225,0.0,1.0,361,11100,8700,2400,0.7837837837837838,135,87,48,183.4355657886947,0.46341085718682673,0.8586915478308064,0.11044528488301955,2123476.8333920036,-5395.765125509413,2118081.068266494,4851,0,1269.4016620498614,98,263,57,38.01011887721022,0.5391851338873499,42.729377104377136,16507.728783736948,168.44621207894843,0
4854,64.55951464969453,0,0,361,0.0,0.0,1.0,361,12400,9400,3000,0.7580645161290323,154,94,60,177.95357535044664,0.4634791474299784,0.8537086966383276,0.10758371240682167,2139024.3850991298,-8470.592581964389,2130553.792517165,4852,1,1270.4016620498614,80,281,51,37.99884681354178,0.5407144506001846,42.57973251028804,16618.927530130222,207.73659412662778,0
4855,64.75595546126131,1,5,357,0.0027624309392265192,0.013812154696132596,0.9861878453038674,362,12600,8900,3700,0.7063492063492064,163,89,74,189.74463970746922,0.4634432247746438,0.8671051346986487,0.11499749325238466,2147045.1259625116,-3521.9392277133456,2143523.1867347984,4853,0,1267.889502762431,75,287,56,37.602902561918924,0.5415227900552486,42.48903508771929,16675.368574646032,222.3382476619471,8
4856,64.61439006415455,5,3,359,0.013812154696132596,0.008287292817679558,0.9917127071823204,362,10300,7100,3200,0.6893203883495146,135,71,64,183.18105283372103,0.46376700693285994,0.8607468817129196,0.11207654936534724,2148086.118828399,-4002.2646351030344,2144083.8541932963,4854,0,1266.657458563536,84,278,50,37.42118562172262,0.5442564456721914,42.14460784313722,16661.168888968903,198.34724867820123,0
4857,65.0104843966431,1,3,357,0.002777777777777778,0.008333333333333333,0.9916666666666667,360,10700,7400,3300,0.6915887850467289,140,74,66,184.17462837906717,0.4635527893840916,0.8554395715226013,0.10865680161303994,2138919.9980147965,-3913.0408466134377,2135006.9571681833,4855,0,1274.6666666666667,84,276,56,38.75595181221734,0.5283275462962963,43.48039215686276,16676.46396311938,198.52933289427833,8
4858,65.24598940297376,4,2,359,0.0110803324099723,0.00554016620498615,0.9944598337950139,361,11000,7900,3100,0.7181818181818181,141,79,62,178.69113937757447,0.46389946906740537,0.8515496872810984,0.10627117908466943,2151650.8575331974,-6303.8113449312295,2145347.046188266,4856,0,1268.792243767313,89,272,53,38.59377581985061,0.5305574792243768,43.18287037037038,16756.287718317028,188.27289571142728,0
4859,64.77732533107688,1,2,358,0.002777777777777778,0.005555555555555556,0.9944444444444445,360,10850,7700,3150,0.7096774193548387,140,77,63,184.9487587149781,0.463990605333746,0.8570248431211194,0.10552020441890146,2110365.973468024,-4788.086554553007,2105577.886913471,4857,0,1272.8166666666666,80,280,57,40.01922850857303,0.5192418981481481,44.74022633744854,16535.045402476047,206.6880675309506,8
4860,64.9110023473366,4,6,356,0.011049723756906077,0.016574585635359115,0.9834254143646409,362,9650,6500,3150,0.6735751295336787,128,65,63,179.80937767053726,0.4647093389551226,0.8540710660309427,0.10352905349187541,2120466.116132895,-5794.061457337146,2114672.0546755577,4858,0,1253.488950276243,88,274,44,39.79768609673823,0.5216102670349908,44.39372659176028,16591.659413196074,188.54158424086447,0
4861,64.579857310737,3,1,358,0.008356545961002786,0.002785515320334262,0.9972144846796658,359,10950,7700,3250,0.7031963470319634,142,77,65,191.62493746460325,0.4646701213281254,0.8603097651250702,0.11141063253196135,2115705.7671093517,-1665.6029368350737,2114040.1641725167,4859,0,1264.175487465181,93,266,53,39.12195874280271,0.524025069637883,44.02703900709217,16530.69729632866,177.74943329385655,0
4862,64.6356331651538,2,2,358,0.005555555555555556,0.005555555555555556,0.9944444444444445,360,10650,7800,2850,0.7323943661971831,135,78,57,179.0489523860565,0.4649642461054369,0.8524913730909989,0.10436765883953189,2119134.0820639906,-6764.252528171974,2112369.8295358187,4860,0,1260.388888888889,103,257,54,39.34538710266237,0.5275173611111111,43.93028846153843,16551.22793970655,160.69153339520923,7
4863,64.90128518407315,1,3,356,0.002785515320334262,0.008356545961002786,0.9916434540389972,359,10750,7600,3150,0.7069767441860465,139,76,63,219.02769008825246,0.46504035625547896,0.8791754311080484,0.12493913941493186,2114281.4072701023,10067.234566182164,2124348.6418362847,4861,0,1264.8607242339833,70,289,52,39.15691937770626,0.5154363974001857,44.74765258215963,16566.205393669406,236.6600770524201,8
4864,64.49034289685379,2,0,358,0.00558659217877095,0.0,1.0,358,10350,7500,2850,0.7246376811594203,132,75,57,217.46620580337088,0.46497132372502076,0.8787618423169967,0.1251516291211356,2106429.712060281,9665.45545464781,2116095.167514929,4862,0,1268.9134078212292,73,285,44,38.85341511997206,0.517516294227188,44.41159909909912,16482.983614557736,225.794296089832,0
4865,64.69990992498172,5,1,362,0.013774104683195593,0.0027548209366391185,0.9972451790633609,363,11250,7900,3350,0.7022222222222222,146,79,67,211.73881214878318,0.4655783728799801,0.8780294078979929,0.12343062392409404,2121281.924123593,5981.542969323058,2127263.4670929164,4863,0,1252.4214876033059,81,282,50,38.50580414723686,0.5202881083562902,43.927845528455286,16567.845328604948,204.5413003531475,0
4866,64.46876177728319,2,1,363,0.005494505494505495,0.0027472527472527475,0.9972527472527473,364,9900,6500,3400,0.6565656565656566,133,65,68,207.15820697513877,0.46554755219527943,0.875273087124286,0.12122287147260498,2116066.8248984804,4972.121857108692,2121038.946755589,4864,0,1249.7664835164835,89,275,54,38.47701246781406,0.5221211080586081,43.78472222222222,16517.881706755994,185.59417648040443,0
4867,64.72853616134846,2,2,363,0.005479452054794521,0.005479452054794521,0.9945205479452055,365,10600,7000,3600,0.660377358490566,142,70,72,201.54296659924535,0.46612568367705354,0.8721179041300093,0.11884253801925215,2129326.773427471,2230.1669551543746,2131556.9403826254,4865,0,1247.213698630137,78,287,52,38.32988485066571,0.5240867579908676,43.49947257383967,16602.90366490921,212.8577392937078,0
4868,64.32363737707324,1,2,362,0.0027472527472527475,0.005494505494505495,0.9945054945054945,364,11450,7700,3750,0.6724890829694323,152,77,75,200.22315723997133,0.46609939933803574,0.8705612569248937,0.11868317214280137,2119210.5696873926,613.0062238255941,2119823.5759112183,4866,0,1250.6016483516485,81,283,44,38.16576557628544,0.5260130494505495,43.30538617886179,16511.53125607874,203.84606488986097,0
4869,63.863104327876,2,3,361,0.005494505494505495,0.008241758241758242,0.9917582417582418,364,11100,7700,3400,0.6936936936936937,145,77,68,190.7820468371547,0.46613755562619197,0.8654112668742622,0.11114749875444432,2093478.4891103636,-4020.3777675942874,2089458.1113427693,4867,0,1251.5384615384614,103,261,50,39.06535231836437,0.5258413461538461,43.95032051282051,16352.127394208941,158.75851839037807,7
4870,63.805656477833544,3,0,364,0.008241758241758242,0.0,1.0,364,10900,8500,2400,0.7798165137614679,133,85,48,191.86337241319265,0.4659896605919333,0.8687920291697375,0.112320188895633,2094559.655981761,-3326.1441365447226,2091233.5118452162,4868,0,1252.5027472527472,109,255,52,38.852803853450645,0.5275011446886446,43.76893939393939,16348.99103198122,149.99074341267175,0
4871,63.91792609838987,3,4,363,0.008174386920980926,0.010899182561307902,0.989100817438692,367,11950,8900,3050,0.7447698744769874,150,89,61,164.57326832066798,0.46633555932758597,0.8434780321188089,0.09717450893969042,2103487.0974670565,-16114.450699896981,2087372.6467671595,4869,0,1243.2561307901908,89,278,60,39.226931637041766,0.5328962306993642,43.44907407407412,16398.203123807067,184.249473301203,8
4872,64.1650640955658,1,4,360,0.0027472527472527475,0.01098901098901099,0.989010989010989,364,11850,8700,3150,0.7341772151898734,150,87,63,160.71341757111924,0.46585564057154966,0.8379182300744823,0.09535031133862203,2114541.3490177705,-16682.966640780833,2097858.38237699,4870,0,1251.6703296703297,97,267,50,39.14571516305779,0.5350560897435898,43.27168367346943,16472.988872238802,169.82462754885364,0
4873,63.95930602262127,2,1,361,0.0055248618784530384,0.0027624309392265192,0.9972375690607734,362,10750,7400,3350,0.6883720930232559,141,74,67,166.1984079953763,0.4656373231712605,0.8447420648390553,0.09443140049558912,2081144.728931031,-13973.411848739412,2067171.3170822915,4871,0,1259.475138121547,107,255,57,40.65800376825837,0.5173802946593002,44.89776234567899,16316.162085188042,152.48749612325273,8
4874,64.3390591561469,4,2,363,0.010958904109589041,0.005479452054794521,0.9945205479452055,365,11050,7900,3150,0.7149321266968326,142,79,63,168.27917743721142,0.4666099026544232,0.8470262946677061,0.09659127436962588,2099857.9292530403,-13377.526986058838,2086480.4022669815,4872,0,1250.1041095890412,88,277,59,40.21141600623024,0.5198059360730594,44.51076779026216,16437.936824900797,186.79473664659997,0
4875,64.01156239498691,8,7,364,0.0215633423180593,0.018867924528301886,0.9811320754716981,371,10350,7600,2750,0.7342995169082126,131,76,55,169.70939640862474,0.46728072412034677,0.8478377966248603,0.09857588344585962,2096506.8165831708,-13390.618718221449,2083116.1978649492,4873,0,1230.6253369272238,99,272,54,39.71900013566679,0.5226864330637915,44.06249999999997,16382.959250466778,165.4844368734018,0
4876,63.91013606869264,3,2,365,0.008174386920980926,0.005449591280653951,0.9945504087193461,367,11350,8400,2950,0.7400881057268722,143,84,59,172.57528585433496,0.4671064059995136,0.8498006689031428,0.10071465827914855,2096082.4555725602,-12403.59421106195,2083678.8613614982,4874,0,1244.057220708447,99,268,62,39.46551192364531,0.5241257947320618,43.885416666666664,16368.317870009825,165.33654414151337,0
4877,64.40267679012516,1,3,363,0.00273224043715847,0.00819672131147541,0.9918032786885246,366,11100,7800,3300,0.7027027027027027,144,78,66,174.3514327539395,0.4672588080445143,0.8500880705104048,0.10148809239622884,2110635.2015521917,-10701.54571769584,2099933.655834496,4875,0,1248.3551912568305,111,255,50,39.51881334689574,0.528716985428051,43.982514880952365,16488.211346742588,148.54244456524853,8
4878,64.35976963809647,3,2,364,0.00819672131147541,0.00546448087431694,0.994535519125683,366,10100,7300,2800,0.7227722772277227,129,73,56,177.98546449756702,0.4671752189535145,0.8559313175563448,0.10428282566849709,2113264.083017119,-8073.942115633934,2105190.1409014855,4876,0,1249.3005464480875,84,282,53,39.17664945084724,0.5307661657559198,43.73774509803925,16492.97969242953,196.34499633844678,0
4879,64.44205913798923,3,2,365,0.008174386920980926,0.005449591280653951,0.9945504087193461,367,11200,7600,3600,0.6785714285714286,148,76,72,179.45224392618897,0.46749291503501533,0.8568737285147574,0.10589402381203615,2120353.207193966,-8499.571810589852,2111853.6353833764,4877,0,1246.7602179836513,89,278,54,38.86877368706008,0.5329529972752043,43.47222222222224,16531.17822609264,185.7435755740746,0
4880,64.42320130399773,5,6,364,0.013513513513513514,0.016216216216216217,0.9837837837837837,370,11600,7900,3700,0.6810344827586207,153,79,74,179.21308801515002,0.46809233013501306,0.8603668138052079,0.10600909782591106,2121218.193671131,-9569.987431655347,2111648.206239476,4878,0,1237.072972972973,84,286,48,38.78342884431708,0.5294763513513514,43.38235294117648,16532.130334628873,196.8110754122485,8
4881,64.54167510683669,2,0,366,0.00546448087431694,0.0,1.0,366,11700,9100,2600,0.7777777777777778,143,91,52,182.11142607107132,0.4676929722783641,0.8579110420550795,0.10354124285541816,2100508.948719386,-8394.6639747335,2092114.2847446525,4879,0,1251.568306010929,102,264,55,40.22641085609334,0.5176172586520947,44.87257281553397,16466.35151618289,161.43481878610677,8
4882,64.54241887482392,3,1,368,0.008130081300813009,0.0027100271002710027,0.997289972899729,369,10950,8000,2950,0.730593607305936,139,80,59,177.17123603703942,0.4680488664035191,0.8546833751961609,0.10123256798643593,2103640.9595386665,-10209.066204078932,2093431.8933345876,4880,0,1242.3848238482385,86,283,56,40.16044128681293,0.5195912375790425,44.68390804597698,16478.718152379424,191.61300177185376,0
4883,64.7219877845919,7,5,370,0.018666666666666668,0.013333333333333334,0.9866666666666667,375,10850,7600,3250,0.7004608294930875,141,76,65,186.8599867432256,0.46905080213903744,0.8603314587169659,0.1065733100661824,2108342.91635454,-7057.014119963924,2101285.9022345757,4881,0,1223.4373333333333,81,294,55,39.98402221337446,0.5165277777777777,44.75355691056908,16520.057171694556,203.9513231073402,7
4884,64.84840646536858,2,2,370,0.005376344086021506,0.005376344086021506,0.9946236559139785,372,9900,6700,3200,0.6767676767676768,131,67,64,184.6304516205484,0.46866063579012457,0.8564735911135453,0.10572757485954028,2115001.9541119793,-6201.2468067935915,2108800.707305186,4882,0,1234.1075268817203,86,286,60,39.88463581954276,0.5175851254480286,44.60009578544058,16562.276799721763,192.58461395025307,0
4885,64.93014282073682,2,2,370,0.005376344086021506,0.005376344086021506,0.9946236559139785,372,10800,7800,3000,0.7222222222222222,138,78,60,182.09362392315623,0.469093267252123,0.854539212568751,0.10498325248916385,2121922.7628830294,-7922.278884319478,2114000.48399871,4883,0,1234.4086021505377,92,280,48,39.68829864914201,0.5199372759856631,44.34363799283151,16599.804098155255,180.43265324081798,0
4886,65.17564923461424,1,7,364,0.0026954177897574125,0.018867924528301886,0.9811320754716981,371,10350,6800,3550,0.6570048309178744,139,68,71,227.9834646330933,0.46912836016609605,0.8809241721126571,0.1343968821897854,2143865.561479147,13203.179682717979,2157068.741161865,4884,0,1235.9083557951483,77,294,45,37.66205873164639,0.5277403414195867,43.5096153846154,16716.92733974368,217.10295246420364,8
4887,64.76422444906567,2,3,363,0.00546448087431694,0.00819672131147541,0.9918032786885246,366,11800,9000,2800,0.7627118644067796,146,90,56,224.37799555840144,0.46887101704219375,0.8783300539712553,0.1331564752062676,2134445.343970502,10784.513581813093,2145229.857552315,4885,0,1253.5956284153006,78,288,43,37.5014979542225,0.5292292805100183,43.26213080168777,16627.42898533438,213.1721664786459,0
4888,65.2220347736079,0,3,360,0.0,0.008264462809917356,0.9917355371900827,363,11400,8700,2700,0.7631578947368421,141,87,54,228.26715288049925,0.468507272625806,0.880424760376405,0.1357544835619386,2150858.4392713797,14194.066436294539,2165052.505707674,4886,1,1264.9338842975208,78,285,46,37.32072872276701,0.5303317263544536,43.18301687763714,16750.12620365985,214.74520773922885,0
4889,65.524375128316,4,3,361,0.01098901098901099,0.008241758241758242,0.9917582417582418,364,11250,7800,3450,0.6933333333333334,147,78,69,190.693370348337,0.4687097939938849,0.8645358706334303,0.11169183120402634,2151298.3318495997,-2002.3340949687008,2149295.997754631,4887,0,1261.9835164835165,92,272,53,38.863482384823826,0.52847413003663,43.75000000000001,16790.621126631024,182.50675137642418,8
4890,65.26908426429452,2,0,363,0.005509641873278237,0.0,1.0,363,10250,7100,3150,0.6926829268292682,134,71,63,189.17374212966197,0.4689299448528479,0.8625240614590186,0.1079344083079313,2126408.5745098614,-2397.8665326741057,2124010.7079771874,4888,0,1265.6969696969697,78,285,55,39.91005475489436,0.5161845730027548,44.738924050632896,16660.656675533643,213.59816250684156,8
4891,65.18668241644292,2,1,364,0.005479452054794521,0.0027397260273972603,0.9972602739726028,365,10200,6500,3700,0.6372549019607843,139,65,74,184.90744167248388,0.4691937628581464,0.8606431932270502,0.10602519944659179,2126863.7072161357,-4545.414622521932,2122318.2925936137,4889,0,1259.7561643835616,81,284,59,39.82684991794721,0.5180079908675799,44.55030487804878,16651.91814929178,205.57923641100965,0
4892,65.20711272039563,3,3,364,0.008174386920980926,0.008174386920980926,0.9918256130790191,367,10550,7100,3450,0.6729857819905213,140,71,69,177.57315996240493,0.46939537082533017,0.8553626471032294,0.10262130211795241,2132474.365684476,-8215.957669316711,2124258.4080151594,4890,0,1253.809264305177,90,277,51,39.71229448273803,0.5206062670299727,44.25366300366299,16676.480224348386,185.29422471498208,0
4893,64.97642601007875,3,1,366,0.008174386920980926,0.0027247956403269754,0.997275204359673,367,11100,8100,3000,0.7297297297297297,141,81,60,179.36412899033107,0.46969006069991015,0.8573361440306662,0.10440223322525559,2129416.282012791,-8111.820663790017,2121304.4613490007,4891,0,1254.0544959128065,97,270,56,39.391832046278566,0.5228485467756585,43.98384353741494,16635.01484777575,171.49499843067784,0
4894,64.70307385433988,6,0,372,0.016129032258064516,0.0,1.0,372,11100,7500,3600,0.6756756756756757,147,75,72,169.65240963046628,0.47047312914819,0.8514285090032547,0.09956140578480176,2125538.467306493,-13379.45545184068,2112159.0118546523,4892,0,1237.5537634408602,85,287,61,39.328749645591174,0.5253416218637993,43.67732558139537,16584.86493344902,195.1160580405767,0
4895,64.22860299736,0,1,371,0.0,0.002688172043010753,0.9973118279569892,372,10650,8100,2550,0.7605633802816901,132,81,51,169.0991678220147,0.47058513631664883,0.8507183178077105,0.09962957882924875,2112376.4173287153,-13609.781140572715,2098766.6361881425,4893,1,1238.5537634408602,89,283,57,39.19320780119443,0.5268537186379929,43.53009259259261,16472.70386364015,185.08656026561965,0
4896,63.96883329476796,1,1,371,0.002688172043010753,0.002688172043010753,0.9973118279569892,372,11700,8800,2900,0.7521367521367521,146,88,58,183.3672317418367,0.4707421274961598,0.8625574476564337,0.1077669618815896,2102309.5686929193,-9001.062824880004,2093308.5058680393,4894,0,1239.489247311828,81,291,55,38.921852806130914,0.5270217293906809,43.622967479674834,16400.139653900173,202.47085992469349,8
4897,64.02824829553039,2,4,369,0.005361930294906166,0.010723860589812333,0.9892761394101877,373,12150,9700,2450,0.7983539094650206,146,97,49,178.98904973982445,0.4707964580510633,0.8599380139903177,0.10589893875559045,2108342.6262765634,-11275.95135935747,2097066.674917206,4895,0,1237.1554959785524,85,288,47,38.78120034297765,0.5289041554959786,43.374515503876,16431.280240278764,193.3091792973972,0
4898,64.06149181983436,0,7,362,0.0,0.018970189701897018,0.981029810298103,369,11400,7700,3700,0.6754385964912281,151,77,74,176.74939399316824,0.4703412817642669,0.8565987416687009,0.10481717548618719,2110854.0247381665,-10581.566063897244,2100272.4586742693,4896,1,1250.9647696476966,87,282,48,38.75098945604898,0.530346657633243,43.288352272727295,16445.331120936997,189.0267944935287,0
4899,63.752532095432095,2,3,361,0.005494505494505495,0.008241758241758242,0.9917582417582418,364,12750,10000,2750,0.7843137254901961,155,100,55,175.01487768577618,0.4703869362960272,0.8541367508015949,0.10426782126621675,2103462.9487621496,-11922.537861166042,2091540.4109009835,4897,0,1263.0796703296703,88,276,55,38.62215995383026,0.5322229853479854,43.117977528089895,16376.879382379997,186.10090207249996,0
4900,63.96418261899124,1,1,361,0.0027624309392265192,0.0027624309392265192,0.9972375690607734,362,11700,8800,2900,0.7521367521367521,146,88,58,219.3710659319118,0.47025333124174207,0.8814942986213705,0.12742191702002587,2094955.0340672538,7814.50378055197,2102769.537847806,4898,0,1271.0193370165746,79,283,49,38.447971781305135,0.5198837476979743,44.062500000000014,16370.832989048136,207.225734038584,8
4901,64.43321515897276,1,0,362,0.0027624309392265192,0.0,1.0,362,11550,8300,3250,0.7186147186147186,148,83,65,240.9280190362873,0.4702796355529708,0.8905583254727572,0.1411149825783972,2115473.3336373726,17985.359919468945,2133458.6935568415,4899,0,1272.013812154696,82,280,47,37.576219512195124,0.5222145488029466,43.75000000000001,16511.01138448681,201.35379737179036,8
4902,64.26968218541168,0,0,362,0.0,0.0,1.0,362,10950,7900,3050,0.7214611872146118,140,79,61,238.2704526245351,0.4703918672808803,0.8892681634604809,0.13994834938161815,2111820.094505595,17286.86595588728,2129106.9604614824,4900,1,1273.013812154696,69,293,48,37.53767100094813,0.5236533149171271,43.64583333333333,16475.8008185727,238.7797220083,0
4903,63.84316071938135,5,8,359,0.013623978201634877,0.021798365122615803,0.9782016348773842,367,10650,7400,3250,0.6948356807511737,139,74,65,226.94568737267497,0.47083655941196034,0.8840139162805685,0.13434522077316866,2102577.0865803063,11384.160433601563,2113961.247013908,4901,0,1256.6566757493188,78,289,41,37.529969858884776,0.5258571752951862,43.354430379746866,16385.064349183154,210.06492755363018,0
4904,63.70252988257102,5,3,361,0.013736263736263736,0.008241758241758242,0.9917582417582418,364,11800,8600,3200,0.7288135593220338,150,86,64,224.3325529364398,0.4707711795779978,0.8823122462251609,0.13340648156752125,2100712.6093230112,9651.644527040911,2110364.253850052,4902,0,1265.6593406593406,82,282,46,37.42404991122189,0.527672847985348,43.18524096385545,16359.749861785422,199.50914465591978,0
4905,63.92177384018748,2,1,362,0.005509641873278237,0.0027548209366391185,0.9972451790633609,363,10600,7100,3500,0.6698113207547169,141,71,70,222.89992695397916,0.47078298048288003,0.8820713275258729,0.13302092414995648,2110072.057947952,10866.981516847043,2120939.0394647988,4903,0,1269.0413223140497,83,280,50,37.328265765765806,0.529040404040404,43.055555555555586,16424.344667270547,197.8836706900066,0
4906,63.99891381372758,0,0,362,0.0,0.0,1.0,362,10500,7600,2900,0.7238095238095238,134,76,58,222.35747904982702,0.4706770697826275,0.8812397014636029,0.1331098881435273,2114499.752957408,11134.966903818882,2125634.7198612266,4904,1,1273.4585635359117,84,278,53,37.22528127383676,0.5303579650092081,42.94117647058825,16451.48549211713,195.85101776329918,0
4907,64.3409709438846,2,1,363,0.005494505494505495,0.0027472527472527475,0.9972527472527473,364,10450,7300,3150,0.6985645933014354,136,73,63,215.2148005044799,0.47095786158286157,0.8799225064958975,0.1277862802501271,2120820.043608258,8036.372518210266,2128856.416126468,4905,0,1267.456043956044,77,287,47,37.71672041332916,0.5261275183150182,43.242521367521356,16520.025472317317,214.54578535477035,8
4908,64.16409819084319,1,2,362,0.0027472527472527475,0.005494505494505495,0.9945054945054945,364,11500,7700,3800,0.6695652173913044,153,77,76,212.49520739155682,0.4712334698130152,0.8791262371379391,0.12669083907029002,2117491.580741379,5691.362519902527,2123182.9432612816,4906,0,1268.1126373626373,78,286,49,37.63151816875383,0.5279590201465201,43.090717299578046,16484.3524413289,211.337851811909,0
4909,64.03876835438393,0,2,360,0.0,0.0055248618784530384,0.994475138121547,362,11600,7800,3800,0.6724137931034483,154,78,76,212.1921351244858,0.47104261999867364,0.87860852648144,0.12694056284744312,2115415.567602704,5774.909193038155,2121190.476795742,4907,1,1276.0994475138123,80,282,50,37.51146578609429,0.5293508287292817,42.96553497942385,16460.17056454558,205.75213205681976,0
4910,64.18775533459824,0,3,357,0.0,0.008333333333333333,0.9916666666666667,360,10450,7800,2650,0.7464114832535885,131,78,53,183.92905133028705,0.47075628030537503,0.8588790528233139,0.10763307877156116,2106861.733304515,-4947.38402184308,2101914.349282672,4908,2,1271.1833333333334,92,268,55,39.07103825136609,0.5259259259259259,43.78360215053764,16445.95545787341,178.7603854116675,8
4911,63.991338334252156,1,4,354,0.002793296089385475,0.0111731843575419,0.9888268156424581,358,11300,8200,3100,0.7256637168141593,144,82,62,180.97611428766845,0.470454080142299,0.8562452246803838,0.1066686863925346,2104810.6072866344,-6715.910996359063,2098094.6962902755,4909,0,1278.7234636871508,79,279,51,38.87387044369989,0.528078445065177,43.515625000000014,16412.778418074275,207.75668883638323,0
4912,64.30535877656807,1,1,354,0.0028169014084507044,0.0028169014084507044,0.9971830985915493,355,10550,7600,2950,0.7203791469194313,135,76,59,199.5628985895315,0.4703094745497467,0.8635840398970702,0.11492429244719121,2100798.952432453,2298.305660253989,2103097.258092707,4910,0,1282.0478873239438,89,266,45,39.28547845445628,0.5204518779342723,44.38657407407406,16437.3130622743,184.6889108120708,8
4913,64.60957185045446,2,1,355,0.0056179775280898875,0.0028089887640449437,0.9971910112359551,356,11500,8000,3500,0.6956521739130435,150,80,70,197.20714630200234,0.470781571451179,0.8601318027094451,0.1100273213594117,2090782.5745040358,-236.54698882127195,2090546.0275152144,4911,0,1279.3848314606741,83,273,54,40.58072345438298,0.5097729400749064,45.597718253968246,16436.822501389757,198.03400604084044,8
4914,64.28805711475047,5,2,358,0.013888888888888888,0.005555555555555556,0.9944444444444445,360,11250,7800,3450,0.6933333333333334,147,78,69,206.73263764715793,0.4717460409573919,0.8656309248494707,0.11842160650615316,2096923.003307379,3450.484683346205,2100373.4879907253,4912,0,1265.425,86,274,49,39.30792549534342,0.5189236111111111,44.588122605363964,16419.933361731884,190.9294576945568,8
4915,64.47538327060361,2,0,360,0.005555555555555556,0.0,1.0,360,10600,8000,2600,0.7547169811320755,132,80,52,205.31653657950278,0.47149295883627357,0.8652019378792009,0.11827389219861412,2106544.2556425314,3901.6741439934904,2110445.9297865247,4913,0,1266.4194444444445,89,271,46,39.12659603368648,0.5203703703703704,44.37499999999998,16481.519848547923,185.18561627581937,0
4916,64.61921856160969,2,3,359,0.0055248618784530384,0.008287292817679558,0.9917127071823204,362,9050,6000,3050,0.6629834254143646,121,60,61,203.8823874552535,0.47176144508552564,0.8678308427211017,0.1183397463087726,2115959.3811459714,4831.370077275443,2120790.751223247,4914,0,1260.4171270718232,91,271,51,38.8721130873374,0.5221282228360957,44.089673913043455,16536.725293585714,181.72225597346937,0
4917,64.11917497576981,2,3,358,0.00554016620498615,0.008310249307479225,0.9916897506925207,361,11000,8000,3000,0.7272727272727273,140,80,60,213.79536995060468,0.4717791371704114,0.8727239953913581,0.12361457207713945,2097196.206410538,6474.1677617089645,2103670.374172247,4915,0,1264.7396121883658,87,274,47,38.76719157371837,0.5189866112650046,44.23532196969696,16399.420143246378,188.4990821062802,8
4918,63.98562112945159,4,1,361,0.011049723756906077,0.0027624309392265192,0.9972375690607734,362,10950,8300,2650,0.7579908675799086,136,83,53,211.00278253336907,0.47201444473352616,0.8720293236254972,0.12157429887531339,2090668.9206419971,4877.391922299352,2095546.3125642964,4916,0,1260.9226519337017,80,282,49,38.97336251131905,0.5186464088397791,44.367283950617285,16356.818117428484,204.46022646785605,8
4919,64.15267523868955,3,0,364,0.008241758241758242,0.0,1.0,364,11550,8900,2650,0.7705627705627706,142,89,53,204.2979355453032,0.47269728377682924,0.8680493472464279,0.11868812215372784,2101240.0888273483,1505.8024464906903,2102745.891273839,4917,0,1254.978021978022,91,273,52,38.82681744451817,0.5210908882783882,44.05570652173911,16419.511138706606,180.43418833743524,0
4920,64.56232500778948,2,2,364,0.00546448087431694,0.00546448087431694,0.994535519125683,366,10150,7200,2950,0.7093596059113301,131,72,59,193.46009817939284,0.47302489582553586,0.8658497120097728,0.10919758784445208,2096606.1917596443,-2228.0720597306827,2094378.1196999135,4918,0,1249.1147540983607,89,277,48,40.220141317347185,0.51135587431694,45.15046296296298,16453.678638269976,184.8727936884267,8
4921,64.32941618202061,0,0,364,0.0,0.0,1.0,364,11400,8000,3400,0.7017543859649122,148,80,68,200.96135020709866,0.47294072720209085,0.8696054472976871,0.11388491474341246,2091547.6987341645,-135.95008796637194,2091411.748646198,4919,1,1256.9587912087911,90,274,48,39.873150184794504,0.5129063644688645,44.99771062271063,16404.14840071972,182.26831556355245,0
4922,64.56315864967793,4,0,368,0.010869565217391304,0.0,1.0,368,10000,6900,3100,0.69,131,69,62,200.62097228977362,0.47339884319590886,0.8710961887121926,0.11463274629200439,2104324.623795891,834.3304078487581,2105158.9542037398,4920,0,1244.2853260869565,76,292,53,39.561255938819116,0.5152570199275363,44.683441558441565,16484.04346855214,216.89530879673868,0
4923,64.44584966388517,4,2,370,0.010752688172043012,0.005376344086021506,0.9946236559139785,372,10750,7600,3150,0.7069767441860465,139,76,63,195.7277450137569,0.4737432252267919,0.8664419003266384,0.11276500099814406,2105661.048482724,-2722.7422434344517,2102938.3062392897,4921,0,1231.8951612903227,83,289,46,39.36665211345041,0.517641129032258,44.37003968253969,16474.289992204023,198.48542159281956,0
4924,64.25446230274831,2,4,368,0.005376344086021506,0.010752688172043012,0.989247311827957,372,10850,8000,2850,0.7373271889400922,137,80,57,193.09066507909785,0.47399471302012386,0.8646006478687127,0.1118397462928999,2102710.2255545,-4047.2568158124704,2098662.968738687,4922,0,1232.3897849462367,86,286,49,39.22920469259451,0.5195452508960574,44.16906130268199,16438.279406403504,191.1427837953896,0
4925,63.86367859507014,2,2,368,0.005405405405405406,0.005405405405405406,0.9945945945945946,370,9950,7200,2750,0.7236180904522613,127,72,55,210.07913369429434,0.47367489440660177,0.8789961389961396,0.11969625059326058,2079761.9941781044,3432.919605450782,2083194.9137835552,4923,0,1239.8027027027026,70,300,50,39.43027210884357,0.5120495495495496,44.791666666666664,16298.542974783511,232.83632821119303,8
4926,63.64727063896445,2,2,368,0.005405405405405406,0.005405405405405406,0.9945945945945946,370,11400,7900,3500,0.6929824561403509,149,79,70,195.8307441735727,0.47401227446959154,0.8704403124351976,0.1096988839138496,2062152.9436229141,-4633.410890120119,2057519.532732794,4924,0,1237.6810810810812,87,283,41,40.457693947144115,0.5071790540540541,45.442708333333336,16201.87683583016,186.22846937735815,8
4927,63.37529060447038,1,4,365,0.0027100271002710027,0.01084010840108401,0.989159891598916,369,12350,9300,3050,0.7530364372469636,154,93,61,193.19612525954713,0.47401479223125564,0.8681271166700404,0.10881865683759365,2056749.9311479721,-6678.776534874067,2050071.1546130981,4925,0,1242.0189701897018,89,280,42,40.3094524198922,0.5090898825654924,45.23148148148149,16146.028897981538,181.4160550335004,0
4928,63.33456636355896,2,0,367,0.005449591280653951,0.0,1.0,367,11950,8700,3250,0.7280334728033473,152,87,65,195.6769611159729,0.473918395100331,0.8692767240961734,0.11074882766039815,2058413.4806250923,-4793.181078226038,2053620.2995468662,4926,0,1249.1689373297004,93,274,47,40.05769077527128,0.5108707992733879,45.046542553191486,16147.366670283682,173.6275986052009,0
4929,63.39650637822532,5,0,372,0.013440860215053764,0.0,1.0,372,10850,7700,3150,0.7096774193548387,140,77,63,194.19776295854342,0.47421570829589693,0.8701153746385288,0.11091277420122755,2066023.1694571518,-5006.584454180485,2061016.5850029713,4927,0,1233.3655913978494,79,293,50,39.742662059468515,0.5136648745519714,44.700520833333314,16185.095059347095,204.87462100439362,0
4930,63.51295805921799,2,1,373,0.0053475935828877,0.00267379679144385,0.9973262032085561,374,11400,8000,3400,0.7017543859649122,148,80,68,192.38466720446903,0.4745739905760013,0.8701043956311625,0.11075260844282597,2074701.921623491,-6371.832251999134,2068330.089371492,4928,0,1227.764705882353,84,290,45,39.4821482795544,0.5156807040998217,44.399509803921546,16233.94321373897,193.26122873498775,0
4931,63.37911071773256,3,3,373,0.007978723404255319,0.007978723404255319,0.9920212765957447,376,10900,6600,4300,0.6055045871559633,152,66,86,199.36749227902823,0.47507594562647754,0.8750428223606137,0.11589356898822217,2076270.3085410069,-3311.8390585556053,2072958.4694824512,4929,0,1219.752659574468,91,285,51,38.92991293257248,0.5181183510638299,44.03306159420288,16222.956929299926,178.27425197032886,0
4932,63.07147080450652,4,1,376,0.010610079575596816,0.002652519893899204,0.9973474801061007,377,11100,8500,2600,0.7657657657657657,137,85,52,204.64732656007314,0.4752331536768441,0.8813473926434694,0.1201518352871101,2072207.7933016866,-1685.6430047727436,2070522.150296914,4930,0,1217.4880636604776,69,308,53,38.41479933433959,0.5203636162687887,43.66071428571428,16167.695774976586,234.3144315213998,0
4933,63.07955489270096,4,5,375,0.010526315789473684,0.013157894736842105,0.9868421052631579,380,10650,7100,3550,0.6666666666666666,142,71,71,194.69682508107113,0.4755750069434801,0.875486871178254,0.11513202409306372,2076788.5519871484,-5781.17251267746,2071007.3794744709,4931,0,1208.8552631578948,78,302,43,38.39794974564515,0.5223958333333334,43.39398734177215,16186.59306127181,207.5204238624591,0
4934,63.44470354150386,0,1,374,0.0,0.0026666666666666666,0.9973333333333333,375,9600,6200,3400,0.6458333333333334,130,62,68,219.04219398485606,0.47504872251931074,0.8791615288467878,0.12819205323645838,2082525.2629007332,6632.180522932196,2089157.4434236654,4932,1,1225.8053333333332,102,273,48,38.168048154726634,0.5196944444444445,43.78033980582522,16255.780382524135,159.37039590709938,8
4935,63.48380578709938,2,6,370,0.005319148936170213,0.015957446808510637,0.9840425531914894,376,11200,7400,3800,0.6607142857142857,150,74,76,203.21657243857834,0.4754895094562648,0.8798120122960493,0.118603765504106,2082135.4052504825,-1775.115918397014,2080360.2893320855,4933,0,1223.534574468085,85,291,51,38.67851935051624,0.519032579787234,43.88323643410854,16259.266877037582,191.28549267103037,8
4936,63.37740431905928,0,1,369,0.0,0.002702702702702703,0.9972972972972973,370,11550,8100,3450,0.7012987012987013,150,81,69,202.59254937009558,0.474828792206841,0.8771194895519216,0.11854868156571327,2080232.238232909,-1262.0895149066428,2078970.1487180023,4934,1,1242.7027027027027,87,283,48,38.59479671979673,0.520945945945946,43.785511363636374,16238.209238707892,186.64608320353898,0
4937,63.56237191106053,6,7,368,0.016,0.018666666666666668,0.9813333333333333,375,12500,9400,3100,0.752,156,94,62,192.40856683274407,0.47521004159239455,0.8722632157658798,0.11368548154240565,2092187.1856086985,-6989.052414239626,2085198.133194459,4935,0,1227.0986666666668,79,296,45,38.487746341876,0.5236666666666667,43.42447916666667,16308.54867848242,206.43732504408126,0
4938,63.88603922584145,1,1,368,0.0027100271002710027,0.0027100271002710027,0.997289972899729,369,12100,8600,3500,0.7107438016528925,156,86,70,195.17507880977178,0.47437809296571226,0.8728366225895909,0.1159912926402282,2106368.018571339,-3677.89119459185,2102690.1273767473,4936,0,1247.2682926829268,78,291,50,38.19747539580658,0.5251806684733513,43.209388185653985,16405.33509919901,210.32480896408984,0
4939,64.00449722504844,1,1,368,0.0027100271002710027,0.0027100271002710027,0.997289972899729,369,12700,9600,3100,0.7559055118110236,158,96,62,191.04515053914113,0.4742357183535604,0.8701255543101896,0.11415324037321194,2113559.6269618412,-5742.936578725194,2107816.6903831162,4937,0,1248.1815718157181,82,287,53,38.099860005534644,0.5267897470641373,43.009538152610425,16448.545302175076,200.59201588018385,0
4940,64.2097126420384,0,2,366,0.0,0.005434782608695652,0.9945652173913043,368,11500,7900,3600,0.6869565217391305,151,79,72,189.7448494805831,0.47410040402993325,0.8689311551042993,0.11400444191379845,2123690.0788967637,-4508.1491272654,2119181.9297694983,4938,1,1252.5271739130435,84,284,55,37.926255936214446,0.5283344655797102,42.80637254901959,16514.328911990844,196.5991537141767,0
4941,63.85799170387588,1,1,366,0.0027247956403269754,0.0027247956403269754,0.997275204359673,367,10750,7300,3450,0.6790697674418604,142,73,69,188.60462971829512,0.47399966746574157,0.8680608794265103,0.11354768523856484,2113269.653878275,-4435.511887076005,2108834.141991199,4939,0,1256.732970027248,85,282,55,37.88037507846828,0.5294334695731153,42.732558139534866,16428.58216800286,193.27743727062187,0
4942,63.44551460381718,3,1,368,0.008130081300813009,0.0027100271002710027,0.997289972899729,369,12000,9300,2700,0.775,147,93,54,191.42364195315142,0.4745922685676132,0.8691741319116095,0.11414263763607209,2093855.3776441787,-5637.315577632118,2088218.0620665466,4940,0,1250.880758807588,79,290,53,38.16799494872705,0.525829945799458,43.08593749999999,16300.04490426972,206.3296823325281,8
4943,63.96345506663758,0,1,367,0.0,0.002717391304347826,0.9972826086956522,368,11500,7700,3800,0.6695652173913044,153,77,76,189.93782695662256,0.47459695731153495,0.8680219561242757,0.11375471453451201,2113605.894902336,-4809.257855908563,2108796.6370464275,4941,1,1254.7771739130435,81,287,55,38.04144841956153,0.5276268115942029,42.92428861788617,16443.450713713682,203.00556436683559,0
4944,63.833511952926955,2,1,368,0.005420054200542005,0.0027100271002710027,0.997289972899729,369,11650,8200,3450,0.703862660944206,151,82,69,184.40632657607358,0.47468248006755426,0.865321476242479,0.11059663320227511,2110156.9597553248,-7624.741310516578,2102532.2184448084,4942,0,1251.959349593496,94,275,54,38.13121890547264,0.5313911472448059,42.87280701754388,16413.331746668286,174.60991219859878,8
4945,63.75376298552643,1,1,368,0.0027100271002710027,0.0027100271002710027,0.997289972899729,369,11500,8300,3200,0.7217391304347827,147,83,64,182.85484940779267,0.4745256838890853,0.8643602796566754,0.11061393354030744,2112691.5449214843,-8036.821141653612,2104654.7237798306,4943,0,1252.891598915989,75,294,52,37.850106035599545,0.5335648148148149,42.55756578947366,16412.923933074744,218.83898577432993,0
4946,64.16979467030417,3,3,368,0.008086253369272238,0.008086253369272238,0.9919137466307277,371,12000,9100,2900,0.7583333333333333,149,91,58,177.5311220168478,0.4746776426021709,0.8613116355992383,0.10806408408463178,2130227.1274594325,-10563.677582280834,2119663.4498771518,4944,0,1247.121293800539,79,292,49,37.75629769063621,0.5353773584905661,42.33072916666664,16534.58420222188,209.29853420534025,0
4947,63.968396784007986,2,2,368,0.005405405405405406,0.005405405405405406,0.9945945945945946,370,10750,7300,3450,0.6790697674418604,142,73,69,174.72560546054152,0.4744492968578335,0.8589823107779322,0.10705459726339012,2127455.438823437,-10405.812072251,2117049.626751186,4945,0,1251.3702702702703,82,288,54,37.58708434712087,0.5371903153153152,42.09337349397588,16497.873417562183,201.19357826295345,0
4948,64.37641877043905,1,1,368,0.0027100271002710027,0.0027100271002710027,0.997289972899729,369,11600,8500,3100,0.7327586206896551,147,85,62,173.49318190915332,0.47448824918502813,0.857804259871088,0.10683323524933566,2144030.2914565797,-11005.07252511826,2133025.218931461,4946,0,1253.111111111111,88,281,55,37.434810212688774,0.5389848690153568,41.912453183520576,16614.751993292837,188.80399992378224,0
4949,64.39334815026325,1,1,368,0.0027100271002710027,0.0027100271002710027,0.997289972899729,369,10050,7100,2950,0.7064676616915423,130,71,59,173.83803291970543,0.4744170618789521,0.8587539141635896,0.10744402174077347,2146817.9889595504,-9210.276752527607,2137607.7122070226,4947,0,1254.0975609756097,92,277,59,37.289805095283484,0.5404810298102981,41.77867383512542,16627.735755557267,180.736258212579,0
4950,64.10183756195251,1,1,368,0.0027100271002710027,0.0027100271002710027,0.997289972899729,369,10550,7600,2950,0.7203791469194313,135,76,59,174.49591724333922,0.47421761468520485,0.8592104100003248,0.10830996176244895,2139625.7931386405,-9678.806933752581,2129946.9862048877,4948,0,1254.878048780488,76,293,60,37.11756287414697,0.5424006323396567,41.62608225108227,16562.242905786512,217.92424876034883,0
4951,63.89484471215685,0,2,366,0.0,0.005434782608695652,0.9945652173913043,368,11400,8200,3200,0.7192982456140351,146,82,64,175.7098507478837,0.4740160254511709,0.8600516103600315,0.10946944257891247,2134913.3451946955,-9974.938951234293,2124938.406243461,4949,1,1259.266304347826,77,291,59,36.950833892993096,0.5441576086956521,41.493055555555586,16517.261072292073,214.5098840557412,0
4952,63.87018674117604,1,1,366,0.0027247956403269754,0.0027247956403269754,0.997275204359673,367,10950,7100,3850,0.6484018264840182,148,71,77,174.85133049794794,0.4741082374195342,0.8584443590043622,0.10961833411986811,2137776.5073397816,-9591.386676875998,2128185.1206629057,4950,0,1262.7629427792915,83,284,49,36.74591002044992,0.5456119436875568,41.269841269841294,16525.14355366948,199.09811510445158,0
4953,63.80338752757739,2,0,368,0.005434782608695652,0.0,1.0,368,10500,7400,3100,0.7047619047619048,136,74,62,175.4188012039673,0.47411922338388024,0.8596540515113247,0.11067554937104533,2139269.464866798,-9046.383004162062,2130223.081862636,4951,0,1260.070652173913,86,282,53,36.50148726958878,0.5474128170289856,41.04406130268202,16522.2661092727,192.11937336363604,0
4954,63.81713959934675,0,3,365,0.0,0.008152173913043478,0.9918478260869565,368,11900,8800,3100,0.7394957983193278,150,88,62,173.66653400641906,0.47391097643446667,0.8583563352079155,0.10995196499272543,2141765.9222907866,-11109.38712453877,2130656.5351662477,4952,1,1261.070652173913,87,281,56,36.421591584045345,0.5486582880434783,40.92092803030305,16533.685303159473,190.0423598064307,0
4955,63.36235834446937,0,1,364,0.0,0.0027397260273972603,0.9972602739726028,365,11550,8600,2950,0.7445887445887446,145,86,59,174.66144312971423,0.47344259621656887,0.8577782616367033,0.11084167060527497,2127863.449703606,-10218.859818358917,2117644.589885247,4953,2,1272.3616438356164,87,278,58,36.311508480253366,0.5500285388127855,40.8380681818182,16421.11119310867,188.74840451849047,0
4956,63.733226821555114,0,2,362,0.0,0.005494505494505495,0.9945054945054945,364,10700,8300,2400,0.7757009345794392,131,83,48,173.61466566638165,0.47325338802611533,0.857108898518044,0.11059390907409776,2142514.4859158564,-9105.612768467188,2133408.8731473894,4954,3,1275.2252747252746,90,274,57,36.20338895756079,0.5516254578754578,40.70512820512823,16525.698877768784,183.61887641965316,0
4957,63.79041537569103,1,1,362,0.0027548209366391185,0.0027548209366391185,0.9972451790633609,363,11000,7900,3100,0.7181818181818181,141,79,62,175.07971178913198,0.47309832377009675,0.8582589261670375,0.11212701007770698,2147553.583413607,-8401.387512845937,2139152.195900761,4955,0,1277.5895316804408,76,287,60,35.97375006516866,0.5536903122130394,40.51677489177487,16552.542712677525,217.79661464049374,0
4958,63.871973520289885,1,3,360,0.0027548209366391185,0.008264462809917356,0.9917355371900827,363,10350,6900,3450,0.6666666666666666,138,69,69,173.4011086992525,0.47310561668924306,0.8565568510126695,0.11149450842806757,2152606.4945085123,-8297.129451802784,2144309.3650567094,4956,0,1277.5123966942149,79,284,60,35.8757230386011,0.5553546831955922,40.37760416666665,16582.59479194079,209.90626318912393,0
4959,63.82775917708451,0,2,358,0.0,0.005555555555555556,0.9944444444444445,360,12450,9400,3050,0.7550200803212851,155,94,61,191.02780009447235,0.47279431677499223,0.8610887626860171,0.12049007211929005,2139923.651009481,-2693.0185155051076,2137230.632493976,4957,1,1288.1138888888888,84,276,51,36.107331598043864,0.5467303240740741,41.053921568627466,16527.947933968164,196.76128492819242,8
4960,63.424757717983034,0,2,356,0.0,0.00558659217877095,0.994413407821229,358,11750,8300,3450,0.7063829787234043,152,83,69,192.79288422366812,0.47244211930582286,0.8629546125031948,0.12211319250527496,2128844.167363758,-1264.7985822412575,2127579.368781517,4958,2,1290.2150837988827,88,270,52,35.9107489723088,0.5487953910614525,40.90589887640451,16432.98058992271,186.73841579457624,0
4961,63.76535105084242,1,1,356,0.0028011204481792717,0.0028011204481792717,0.9971988795518207,357,12050,8800,3250,0.7302904564315352,153,88,65,194.33877901840754,0.4722199272967614,0.863820977598579,0.12375506560432899,2143405.144440487,-140.6522575318395,2143264.492182955,4959,0,1292.1120448179272,90,267,55,35.67769266993364,0.5509161998132586,40.716575091575116,16533.298610950595,183.70331789945106,0
4962,63.88555129354916,1,1,356,0.0028011204481792717,0.0028011204481792717,0.9971988795518207,357,11000,7800,3200,0.7090909090909091,142,78,64,191.25764176270545,0.47217107816909537,0.8627168403003791,0.12243639940058017,2150512.0296199275,-139.62812651260265,2150372.401493415,4960,0,1291.3529411764705,77,280,55,35.56898407878256,0.5529295051353875,40.5315170940171,16576.28707374957,215.27645550324115,0
4963,63.43561749458614,0,1,355,0.0,0.0028089887640449437,0.9971910112359551,356,9750,6700,3050,0.6871794871794872,128,67,61,189.1797610663034,0.4717058672258269,0.8610631584219577,0.12171890936675206,2138273.777771639,-46.3755253634954,2138227.4022462755,4961,1,1295.8960674157304,80,276,57,35.442979197622584,0.5546875,40.35493827160495,16470.74482016074,205.88431025200924,0
4964,62.98325105148161,3,2,356,0.008379888268156424,0.00558659217877095,0.994413407821229,358,10350,7000,3350,0.6763285024154589,137,70,67,185.4479446984943,0.4719798301070894,0.8585461785660773,0.12015919664553866,2127030.436993781,-3059.315429671995,2123971.121564109,4962,0,1288.5810055865923,86,272,52,35.29054946404989,0.5567679236499069,40.110153256705004,16368.707463164159,190.33380771121116,0
4965,62.70725241035044,0,0,356,0.0,0.0,1.0,356,11800,8500,3300,0.7203389830508474,151,85,66,206.71757454330404,0.4716732275676531,0.8728935920360832,0.13307048758827314,2114011.497606733,4400.665868383895,2118412.1634751167,4963,1,1296.3370786516855,75,281,53,34.969484032726314,0.5571453651685394,40.33717105263156,16282.7425563882,217.103234085176,8
4966,62.973952061953945,1,0,357,0.0028011204481792717,0.0,1.0,357,10350,7200,3150,0.6956521739130435,135,72,63,203.37795943472562,0.4714744043684889,0.8707204930970165,0.13158026482160154,2125867.3371394365,4720.912211270124,2130588.2493507066,4964,0,1293.703081232493,80,277,45,34.877505567928715,0.5589110644257703,40.162037037037024,16363.023423505329,204.5377927938166,0
4967,63.44470430850794,0,1,356,0.0,0.0028011204481792717,0.9971988795518207,357,11500,8200,3300,0.7130434782608696,148,82,66,203.28875032573004,0.4713422822312445,0.871050973848051,0.13214725574201883,2144472.41050393,4289.423287869869,2148761.8337918,4965,1,1294.703081232493,82,275,47,34.71193142507763,0.560515873015873,39.99748995983935,16495.78236896782,201.16807767033924,0
4968,63.078693096076684,0,0,356,0.0,0.0,1.0,356,11150,8400,2750,0.7533632286995515,139,84,55,222.76361322047302,0.4711683019465105,0.8769877831719664,0.14079820438826646,2116006.3751178007,11923.845143760109,2127930.2202615608,4966,2,1299.311797752809,81,275,50,35.2106833415073,0.5515566479400749,40.980691056910594,16338.599494779133,201.71110487381645,8
4969,63.260671007227586,2,1,357,0.00558659217877095,0.002793296089385475,0.9972067039106145,358,9850,7100,2750,0.7208121827411168,126,71,55,220.59674191990317,0.47133040832720424,0.8771829880640094,0.14018071545449967,2125224.8772822754,12313.536755119605,2137538.414037395,4967,0,1293.0474860335196,87,271,54,35.072647425944545,0.5531017225325885,40.79071969696971,16397.75300327031,188.47991957781966,0
4970,63.3448162026142,0,2,355,0.0,0.0056022408963585435,0.9943977591036415,357,11300,8000,3300,0.7079646017699115,146,80,66,220.09424261361258,0.4710629570180132,0.8761828588048319,0.14020176557040387,2129457.3190491055,11036.25916282554,2140493.578211931,4968,1,1297.5238095238096,90,267,49,34.9981973629996,0.5548552754435108,40.70512820512821,16424.9859961266,182.49984440140668,0
4971,63.771851275340794,0,2,353,0.0,0.005633802816901409,0.9943661971830986,355,10450,7700,2750,0.7368421052631579,132,77,55,210.19452616089762,0.4708300177714119,0.8709001491834611,0.1314642338683908,2133094.038506385,8222.938136097586,2141316.9766424824,4969,2,1304.7521126760564,79,276,45,35.91757282856761,0.5489730046948357,41.354166666666686,16494.323616320013,208.78890653569636,8
4972,63.76846016563722,0,0,353,0.0,0.0,1.0,353,9850,7000,2850,0.7106598984771574,127,70,57,222.80090928289178,0.47066372381749505,0.8773500052509626,0.1373015435748523,2124239.4268685733,14206.495168176756,2138445.9220367502,4970,3,1313.087818696884,85,268,47,36.13385734396991,0.5398666194523135,41.8846899224806,16459.615868819277,193.64253963316796,8
4973,63.36519874462754,0,0,353,0.0,0.0,1.0,353,10150,7300,2850,0.7192118226600985,130,73,57,223.68903441041104,0.47042094546742214,0.8782673355159871,0.13841621517947555,2113224.095727951,13791.011493239264,2127015.10722119,4971,4,1314.087818696884,88,265,48,35.95982884679293,0.5417256846081209,41.73689138576777,16364.893205746042,185.9646955198414,0
4974,63.51913903514588,0,0,353,0.0,0.0,1.0,353,10900,8300,2600,0.7614678899082569,135,83,52,211.60866282317608,0.4703404664563482,0.8696708543196323,0.1250887732035519,2091048.830820186,6996.8093975659085,2098045.640217752,4972,5,1315.087818696884,81,272,42,37.97728229120255,0.5265875826251181,43.40701219512198,16298.56566782168,201.21686009656395,8
4975,63.998392884950995,1,0,354,0.002824858757062147,0.0,1.0,354,9950,7000,2950,0.7035175879396985,129,70,59,209.95331934693613,0.4703053061464018,0.8736225040746373,0.12483577364463797,2110373.668734448,7865.991362634534,2118239.6600970826,4973,0,1312.370056497175,81,273,46,37.79926790660865,0.5303083804143126,43.19105691056913,16435.359636206547,202.90567452106848,7
4976,64.47169534177645,0,1,353,0.0,0.002824858757062147,0.9971751412429378,354,11400,8200,3200,0.7192982456140351,146,82,64,211.75515968902292,0.4702214473199853,0.8746247319325777,0.12649320880616588,2128820.1616739575,7957.730656897044,2136777.8923308547,4974,1,1313.370056497175,86,268,48,37.57794421407389,0.5319856403013183,43.0196360153257,16567.95973563891,192.65069460045243,0
4977,64.81945200722376,2,0,355,0.005633802816901409,0.0,1.0,355,10300,6800,3500,0.6601941747572816,138,68,70,192.107118669719,0.47044010768945116,0.8641216495257162,0.11136711008323348,2121743.7354775504,220.41511562390406,2121964.150593174,4975,0,1309.369014084507,88,267,52,39.22091090678988,0.5207453051643193,44.136235955056186,16584.9489738989,188.46532924885113,7
4978,64.34159615211121,1,1,355,0.0028089887640449437,0.0028089887640449437,0.9971910112359551,356,12500,9500,3000,0.76,155,95,60,189.5309458616386,0.4707022801603629,0.8620053131047751,0.11045637058252192,2109375.013917982,-3741.6316870438995,2105633.3822309384,4976,0,1306.688202247191,99,257,54,39.084323217530425,0.5230278558052435,43.937499999999986,16475.469964699885,166.4188885323221,0
4979,64.77710821997277,3,0,358,0.008379888268156424,0.0,1.0,358,10700,7600,3100,0.7102803738317757,138,76,62,184.66881782323352,0.4713995234965495,0.8561242416481267,0.10652796267819499,2117274.231051225,-4101.094148835749,2113173.1369023896,4977,0,1299.6703910614526,90,268,47,39.60077528056351,0.5210370111731844,44.3223443223443,16562.059171260298,184.02287968066997,8
4980,64.24020702734747,3,1,360,0.008310249307479225,0.002770083102493075,0.997229916897507,361,10850,7600,3250,0.7004608294930875,141,76,65,208.34932625793388,0.47204524469067405,0.8700674832169684,0.12092091501665046,2103489.405056432,4602.1200668410165,2108091.525123273,4978,0,1289.8614958448754,87,274,47,38.76147717285719,0.5242093721144967,44.09327651515149,16439.500896356665,188.95978041789272,8
4981,64.34047325535066,3,1,362,0.008264462809917356,0.0027548209366391185,0.9972451790633609,363,12950,9100,3850,0.7027027027027027,168,91,77,202.53945146990205,0.4722450522299844,0.8673556337312065,0.1182359982374356,2110375.488849515,-63.14121857900318,2110312.347630936,4979,0,1283.7410468319558,91,272,53,38.68699622769402,0.5264290633608815,43.87454710144926,16479.23285223369,181.09047090366693,0
4982,64.29972310232095,3,2,363,0.00821917808219178,0.005479452054794521,0.9945205479452055,365,11850,8900,2950,0.7510548523206751,148,89,59,232.61636801805622,0.4723835240102363,0.8854630954814962,0.13499075844827405,2105373.281838632,13098.85722871211,2118472.1390673444,4980,0,1277.2301369863014,80,285,43,38.14450474898238,0.5180936073059361,44.097222222222236,16454.477752225946,205.68097190282433,8
4983,64.67397782313911,5,1,367,0.01358695652173913,0.002717391304347826,0.9972826086956522,368,13450,9600,3850,0.7137546468401487,173,96,77,227.30020219879378,0.47307459498282195,0.8820995405454999,0.13327583808118124,2124042.0834819493,9509.039010839095,2133551.1224927884,4981,0,1266.3994565217392,77,291,48,37.88445755823041,0.5213145380434783,43.709935897435905,16575.29792206017,215.2636093774048,0
4984,64.81090434639131,1,1,367,0.002717391304347826,0.002717391304347826,0.9972826086956522,368,11950,8100,3850,0.6778242677824268,158,81,77,234.19300307012574,0.47320710174544883,0.8839306601077395,0.1381801842912427,2132417.2534716656,14329.440077817,2146746.6935494826,4982,0,1267.3804347826087,79,289,46,37.46896308140029,0.5229279891304348,43.476562500000036,16625.515970420176,210.44956924582502,0
4985,64.39713408407472,1,0,368,0.002717391304347826,0.0,1.0,368,10650,7700,2950,0.7230046948356808,136,77,59,230.1848253909324,0.4731932186154879,0.8831836385854765,0.13653669317068978,2122051.9971754444,13442.833688062852,2135494.8308635075,4983,0,1267.2771739130435,81,287,42,37.37067436950539,0.5246829710144927,43.279979674796785,16532.033570948686,204.09917988825538,0
4986,64.40088663960593,2,2,368,0.005405405405405406,0.005405405405405406,0.9945945945945946,370,11050,8200,2850,0.7420814479638009,139,82,57,229.97312639873334,0.4736620767108572,0.8826197054277038,0.1369307099814621,2124501.0256635854,12665.628581835246,2137166.654245421,4984,0,1261.4216216216216,86,284,44,37.23226355288311,0.5266328828828829,43.13936781609199,16542.052455453566,192.3494471564368,0
4987,63.93078376220675,1,3,366,0.0027100271002710027,0.008130081300813009,0.991869918699187,369,11000,7400,3600,0.6727272727272727,146,74,72,219.85801035352853,0.4731979792624013,0.8784315441265789,0.1295406290736912,2102605.3387969513,7654.925269321999,2110260.2640662733,4985,0,1265.821138211382,79,290,50,37.88991766935747,0.52636630532972,43.52864583333337,16396.4146844297,207.54955296746454,7
4988,63.640568275858634,4,4,366,0.010810810810810811,0.010810810810810811,0.9891891891891892,370,10000,7400,2600,0.74,126,74,52,218.90370686159048,0.473486901535682,0.878733063772432,0.13013126744069944,2098452.12837034,7871.78991437304,2106323.918284713,4986,0,1263.035135135135,84,286,43,37.5770500278374,0.5292229729729729,43.198529411764724,16342.991522311599,194.5594228846619,0
4989,63.767076975691516,1,2,365,0.0027247956403269754,0.005449591280653951,0.9945504087193461,367,11650,8000,3650,0.6866952789699571,153,80,73,216.74883926710675,0.47354987765717205,0.8774449312451496,0.12965521476159758,2106387.994056971,6261.430551604261,2112649.424608575,4987,0,1273.4904632152588,91,276,47,37.397627490712615,0.530909400544959,42.96875000000002,16390.131503908346,180.111335207784,0
4990,64.07813815444283,2,3,364,0.005449591280653951,0.008174386920980926,0.9918256130790191,367,11800,8400,3400,0.711864406779661,152,84,68,214.2557327552343,0.4731342098340803,0.8776828527766742,0.12900189415410712,2120607.459821191,5670.461038042196,2126277.9208592335,4988,0,1274.2888283378747,98,269,49,37.21720652188734,0.5329246139872843,42.729377104377136,16485.422516985484,168.21859711209677,0
4991,64.4535512960977,3,1,366,0.008174386920980926,0.0027247956403269754,0.997275204359673,367,11300,7600,3700,0.672566371681416,150,76,74,209.20627785152578,0.4729629795069559,0.8762471327575962,0.12703900024338,2138193.6632379545,4764.707522345665,2142958.3707603,4989,0,1274.9346049046321,78,289,49,37.029477007081326,0.5348830608537694,42.41824894514766,16602.05860455249,212.84690518657038,0
4992,64.57073529593033,1,0,367,0.0027247956403269754,0.0,1.0,367,11450,8700,2750,0.759825327510917,142,87,55,200.21933197704988,0.47293320031963,0.8756341996667114,0.12116365759848248,2139992.4678923693,843.5724714653788,2140836.0403638347,4990,0,1275.8937329700273,75,292,51,37.3890900056786,0.5378633060853769,42.5438596491228,16624.132288908353,221.6550971854447,8
4993,64.19036609564725,1,1,367,0.002717391304347826,0.002717391304347826,0.9972826086956522,368,10450,7700,2750,0.7368421052631579,132,77,55,194.48508112377945,0.4728860929293528,0.8724628409950603,0.11831377600120317,2130552.925341381,-1177.848295295158,2129375.077046086,4991,0,1273.4239130434783,78,290,43,37.34145769361993,0.5396569293478262,42.35232067510548,16538.49885955889,212.03203666101143,0
4994,64.23985935090572,2,6,363,0.005420054200542005,0.016260162601626018,0.983739837398374,369,11700,8300,3400,0.7094017094017094,151,83,68,192.97843928535752,0.4728270074820313,0.8718077823659434,0.11821421507562799,2136362.4265800053,-3045.622634142441,2133316.8039458627,4992,0,1270.9674796747968,83,286,47,37.12379389655561,0.5415819783197833,42.100694444444436,16567.415115585096,199.60741103114574,0
4995,63.91058377174647,0,2,361,0.0,0.005509641873278237,0.9944903581267217,363,10350,7300,3050,0.7053140096618358,134,73,61,192.88823999473203,0.47237061727267654,0.8694684119780038,0.11852429773568773,2127251.9916236503,-885.6214620853298,2126366.370161565,4993,1,1280.388429752066,83,280,50,37.01236021660419,0.5426710284664831,41.9890873015873,16489.628050036637,198.67021747032092,0
4996,63.86848978472471,0,3,358,0.0,0.008310249307479225,0.9916897506925207,361,10150,7100,3050,0.6995073891625616,132,71,61,191.72693190550902,0.47236200882322765,0.868728344380713,0.11833865980850274,2128508.2782766684,-731.5276541071999,2127776.750622561,4994,2,1284.180055401662,83,278,52,36.878022079190494,0.5442636195752539,41.82787698412699,16489.06360153999,198.66341688602398,0
4997,63.7941350103837,1,5,354,0.002785515320334262,0.013927576601671309,0.9860724233983287,359,11700,9000,2700,0.7692307692307693,144,90,54,189.390841751918,0.47216235352702257,0.86675133211835,0.11760437983820787,2129601.903567535,-2834.580577370987,2126767.3229901637,4995,0,1292.1782729805013,74,285,52,36.71746219451015,0.5460190343546889,41.611111111111136,16483.695662960927,222.75264409406657,0
4998,63.47351205283107,0,0,354,0.0,0.0,1.0,354,11600,8900,2700,0.7672413793103449,143,89,54,182.0122611643685,0.47176841759895005,0.8549190876482038,0.11155008877301276,2111160.9680273035,-5548.563705479566,2105612.4043218237,4996,1,1307.997175141243,89,265,47,37.388933764135686,0.5469632768361582,42.0833333333333,16370.876650292497,183.9424342729494,8
4999,63.12020547016104,0,1,353,0.0,0.002824858757062147,0.9971751412429378,354,11050,7700,3350,0.6968325791855203,144,77,67,184.2837113018656,0.47163537715465503,0.8558151554097002,0.11341506278068354,2101867.7228029724,-4382.003075253951,2097485.7197277183,4997,2,1308.997175141243,97,257,49,37.17663241209825,0.5487876647834276,41.93239795918365,16289.280066007963,167.930722329979,0
5000,63.4024265796086,4,2,355,0.011204481792717087,0.0056022408963585435,0.9943977591036415,357,10300,7200,3100,0.6990291262135923,134,72,62,180.76602510401366,0.4716327542252856,0.854898259702211,0.11215338736561839,2116026.830917036,-5198.8481523370565,2110827.982764699,4998,0,1297.0504201680671,82,275,52,36.971323553223925,0.5509161998132586,41.641566265060234,16380.551626102151,199.76282470856282,0
