period,mktsize,entries,exits,surviv,entryrate,exitrate,survivrate,firms,totresinv,totinninv,totimiinv,costshareinn,firmsres,firmsinn,firmsimi,hindex,div,gini,pcm,cs,totprofits,ts,maxage,minage,avgage,actfirms,inactfirms,profitablefirms,wmc,avgproxopt,price,totoutput,avgoutput,magtechshock
1,4,40,0,40,1.0,0.0,1.0,40,0,0,0,0,0,0,0,396.8403041443023,0.4964476495726496,0.4373994147768847,0.17331651621893293,119176.5943877548,9458.81519274373,128635.40958049853,0,0,0.0,34,6,34,46.20570186133464,0.4984375,55.892857142857125,976.4285714285688,28.718487394957908,0
2,4,30,0,70,0.42857142857142855,0.0,1.0,70,1050,700,350,0.6666666666666666,14,7,7,285.4581174267896,0.49903381642512074,0.5518718179095536,0.13753891112381658,123442.38281249974,5997.52604166664,129439.90885416638,1,0,0.5714285714285714,47,23,42,44.470649895178155,0.5098214285714286,51.562499999999986,993.7499999999978,21.14361702127655,0
3,4,29,0,99,0.29292929292929293,0.0,1.0,99,1050,600,450,0.5714285714285714,15,6,9,238.46253183668148,0.49861282896997183,0.6139523165136691,0.12088477905548099,125571.88918155221,4938.838124349596,130510.7273059018,2,0,1.1111111111111112,61,38,54,43.45357829332617,0.5175715488215489,49.428763440860195,1002.2849462365544,16.430900757976303,0
4,4,15,0,114,0.13157894736842105,0.0,1.0,114,1200,600,600,0.5,18,6,12,224.91738321470507,0.4982113284686643,0.6392298469820092,0.11696405697471066,126620.55679902055,4495.832859284906,131116.38965830544,3,0,1.8333333333333333,68,46,61,42.725395492090165,0.5226608187134503,48.38466183574878,1006.4613526570013,14.800902244955902,0
5,4,20,0,134,0.14925373134328357,0.0,1.0,134,1700,1200,500,0.7058823529411765,22,12,10,205.50040978698001,0.49821381812740806,0.6635793707593824,0.10924708483833638,127515.23269862372,3540.886514729869,131056.11921335358,4,0,2.41044776119403,76,58,65,42.30835342441286,0.527207711442786,47.49729437229438,1010.0108225108241,13.289616085668738,0
6,4,16,0,150,0.10666666666666667,0.0,1.0,150,1700,1100,600,0.6470588235294118,23,11,12,189.9139483901305,0.49772371364653245,0.6776103352459313,0.10276714360161901,128227.80957842809,3170.4499220914195,131398.25950051952,5,0,3.046666666666667,75,75,64,41.984004546930834,0.53125,46.79276315789474,1012.828947368422,13.504385964912293,0
7,4,11,0,161,0.06832298136645963,0.0,1.0,161,1500,1000,500,0.6666666666666666,20,10,10,178.33969730569729,0.4972890786749482,0.6795086167372362,0.09769031816218007,128714.93830830469,3090.9966273249242,131805.9349356296,6,0,3.770186335403727,86,75,75,41.788001069787924,0.5339673913043479,46.312260536398476,1014.7509578544089,11.799429742493126,0
8,4,10,0,171,0.05847953216374269,0.0,1.0,171,2700,1900,800,0.7037037037037037,35,19,16,178.43564016414456,0.49710612315101477,0.6996026476317154,0.09875943115611331,129124.9755055006,1908.0995331007175,131033.07503860131,7,0,4.491228070175438,96,75,77,41.374607300339555,0.5364278752436646,45.90850515463919,1016.3659793814476,10.587145618556745,0
9,4,8,0,179,0.0446927374301676,0.0,1.0,179,1550,1200,350,0.7741935483870968,19,12,7,178.7206707571436,0.4970314690435838,0.7124536510604644,0.09947090526942005,129345.24749836922,3073.33387843143,132418.58137680066,8,0,5.245810055865922,80,99,74,41.146860514117094,0.5377094972067039,45.69187242798352,1017.2325102880596,12.715406378600745,0
10,4,6,0,185,0.032432432432432434,0.0,1.0,185,2200,1600,600,0.7272727272727273,28,16,12,187.1726482497483,0.4964686153544849,0.7295046719582037,0.10533356146272403,129779.68606519687,2658.241505968751,132437.92757116564,9,0,6.043243243243243,87,98,72,40.49721189591079,0.5399774774774775,45.2651515151515,1018.9393939393896,11.711947056774592,0
11,4,9,0,194,0.04639175257731959,0.0,1.0,194,2700,1900,800,0.7037037037037037,35,19,16,193.1158217829884,0.4963371125117961,0.7494288055612448,0.10962923037737946,130120.11254000348,2325.65049273156,132445.76303273503,10,0,6.716494845360825,96,98,75,40.005490765689885,0.5420425257731959,44.93127147766324,1020.2749140893503,10.627863688430732,0
12,4,6,0,200,0.03,0.0,1.0,200,2200,1400,800,0.6363636363636364,30,14,16,190.2226753577728,0.49609401172529316,0.7551606241395135,0.10879139359700445,130408.84094238284,2761.3437228732646,133170.1846652561,11,0,7.485,79,121,66,39.79107176244622,0.5436458333333334,44.6484375,1021.4062500000002,12.929193037974686,0
13,4,5,0,205,0.024390243902439025,0.0,1.0,205,2250,1400,850,0.6222222222222222,31,14,17,187.27279802584854,0.4959220070141878,0.7557198074977638,0.10773997800907728,130638.16350682366,2642.9948817762083,133281.15838859987,12,0,8.278048780487804,84,121,66,39.637776712219285,0.5448678861788618,44.42401960784312,1022.3039215686224,12.170284780578838,0
14,4,11,0,216,0.05092592592592592,0.0,1.0,216,2200,1200,1000,0.5454545454545454,32,12,20,187.15144058350015,0.49550674705713466,0.7655509883135123,0.1090469060466517,131128.00598144394,2708.1590440537625,133836.1650254977,13,0,8.805555555555555,95,121,76,39.15321213662172,0.5475501543209876,43.94531249999997,1024.2187499999893,10.781249999999888,0
15,4,6,0,222,0.02702702702702703,0.0,1.0,222,1600,1100,500,0.6875,21,11,10,188.01454659598699,0.4952568518744989,0.7731083415021269,0.1100626452191616,131307.19037683014,3337.532372698478,134644.72274952862,14,0,9.54054054054054,101,121,89,38.952936096718474,0.548704954954955,43.77042483660128,1024.9183006535834,10.147705947065182,0
16,4,7,0,229,0.03056768558951965,0.0,1.0,229,2100,1700,400,0.8095238095238095,25,17,8,186.15340898571426,0.49499237084705944,0.7758289057434462,0.1098242152448978,131604.61841599405,2799.7296712802854,134404.34808727432,15,0,10.218340611353712,84,145,67,38.705192209694886,0.5502183406113537,43.48039215686275,1026.0784313725505,12.215219421101793,0
17,4,3,0,232,0.01293103448275862,0.0,1.0,232,1650,900,750,0.5454545454545454,24,9,15,187.95073206654604,0.49475940127879786,0.7828580091782344,0.11167393127142117,131874.67969153548,3307.1885178130774,135181.86820934855,16,0,11.073275862068966,87,145,75,38.39108045606108,0.551409841954023,43.21732954545455,1027.1306818181827,11.806099791013594,0
18,4,1,0,233,0.004291845493562232,0.0,1.0,233,2500,1800,700,0.72,32,18,14,190.57706355003586,0.49457275788071625,0.7881220276070036,0.11373147340889268,132040.8950617289,2532.793209876563,134573.68827160547,17,0,12.021459227467812,89,144,72,38.15878378378376,0.5521727467811159,43.055555555555564,1027.7777777777817,11.54806491885148,0
19,4,3,0,236,0.012711864406779662,0.0,1.0,236,1900,1600,300,0.8421052631578947,22,16,6,191.76590992214517,0.49432361161197264,0.7929477879610034,0.11497035250681195,132215.58998698537,3170.888583949515,135386.47857093488,18,0,12.85593220338983,93,143,79,37.95506134528634,0.5530985169491525,42.88563829787235,1028.457446808513,11.058682223747452,0
20,4,3,0,239,0.012552301255230125,0.0,1.0,239,1500,1100,400,0.7333333333333333,19,11,8,191.0954299149866,0.4942146314592783,0.7945702951056439,0.11485386805254372,132309.60185320565,3556.7520496038346,135866.3539028095,19,0,13.682008368200837,96,143,85,37.87915953404867,0.553739539748954,42.79424398625431,1028.823024054988,10.716906500572792,0
21,4,6,0,245,0.024489795918367346,0.0,1.0,245,2200,1500,700,0.6818181818181818,29,15,14,194.38566632742405,0.49376812200289955,0.8040828557973982,0.11772503966145394,132596.6054145703,2954.9758992531297,135551.58131382344,20,0,14.322448979591837,80,165,62,37.510301168714406,0.5551870748299319,42.515432098765416,1029.9382716049333,12.874228395061667,0
22,4,2,0,247,0.008097165991902834,0.0,1.0,247,2400,1800,600,0.75,30,18,12,191.89413713118805,0.4936932896656902,0.8034703492479782,0.11660210357474095,132721.1065648129,2693.6804446702226,135414.78700948312,21,0,15.19838056680162,82,165,66,37.451281301763636,0.5557523616734144,42.394578313253,1030.4216867469834,12.566118131060772,0
23,4,0,0,247,0.0,0.0,1.0,247,1850,1400,450,0.7567567567567568,23,14,9,193.77439516611918,0.49364185949551803,0.8059839050487798,0.11798860858691418,132798.7098998399,3296.5979379364617,136095.30783777634,22,1,16.19838056680162,82,165,71,37.32608448600557,0.5560053981106612,42.319277108433724,1030.7228915662615,12.569791360564166,0
24,4,6,0,253,0.023715415019762844,0.0,1.0,253,1200,600,600,0.5,18,6,12,186.54321427168236,0.493359448522492,0.8032053229988458,0.11423827635525931,133013.03606622273,3762.5358575656546,136775.57192378837,23,0,16.790513833992094,88,165,78,37.30068681734292,0.557229907773386,42.11142322097377,1031.5543071160996,11.722208035410222,0
25,4,2,0,255,0.00784313725490196,0.0,1.0,255,1950,1200,750,0.6153846153846154,27,12,15,188.3773288903401,0.49321252122896403,0.8071704606947046,0.11568523810709756,133117.60459854535,3065.267756510879,136182.87235505623,24,0,17.650980392156864,90,165,76,37.150127932085056,0.5577614379084967,42.010073260073256,1031.9597069597055,11.46621896621895,0
26,4,1,0,256,0.00390625,0.0,1.0,256,2100,1300,800,0.6190476190476191,29,13,16,197.62808507114806,0.49312991472630724,0.8160450456748718,0.12179852542219344,133250.0170759975,3166.7891420854003,136416.8062180829,25,0,18.578125,91,165,81,36.78065279057188,0.5583089192708333,41.88179347826085,1032.47282608695,11.345855231724725,0
27,4,2,0,258,0.007751937984496124,0.0,1.0,258,1800,1200,600,0.6666666666666666,24,12,12,201.3486072648764,0.4930115675806111,0.8218617690811323,0.12452834245490052,133380.6303757348,3571.2008324530593,136951.83120818785,26,0,19.426356589147286,93,165,82,36.55559846664378,0.5589470284237725,41.75531914893615,1032.9787234042487,11.107298101120954,0
28,4,1,0,259,0.003861003861003861,0.0,1.0,259,1600,1100,500,0.6875,21,11,10,205.85257290825035,0.49290153941316733,0.8277999954792186,0.1277301811198343,133501.71395769427,3896.334261170508,137398.04821886477,27,0,20.347490347490346,72,187,67,36.319682241614196,0.559443371943372,41.638127853881265,1033.4474885844709,14.353437341450984,0
29,4,3,0,262,0.011450381679389313,0.0,1.0,262,1900,1200,700,0.631578947368421,26,12,14,205.1935878150358,0.4927277402435339,0.828700736165336,0.12800171430366494,133698.92659279756,3586.832486919034,137285.7590797166,28,0,21.103053435114504,75,187,62,36.14203420978225,0.5602735368956743,41.44736842105262,1034.2105263157875,13.7894736842105,0
30,4,3,0,265,0.011320754716981131,0.0,1.0,265,1700,1100,600,0.6470588235294118,23,11,12,204.6294477851865,0.49255407852105965,0.830254072663628,0.12818741269301923,133853.99975965408,3778.094010931309,137632.0937705854,29,0,21.852830188679246,78,187,66,36.0036527353041,0.5610062893081761,41.297468354430386,1034.81012658228,13.266796494644614,0
31,4,1,0,266,0.0037593984962406013,0.0,1.0,266,1450,1000,450,0.6896551724137931,19,10,9,211.97785979629612,0.4923552986239183,0.8364867757362422,0.13345610539803598,134037.9245334206,4232.614474826414,138270.539008247,30,0,22.76691729323308,79,187,74,35.63210441605472,0.5616384711779449,41.11979166666668,1035.520833333337,13.107858649789074,0
32,4,0,0,266,0.0,0.0,1.0,266,1700,1400,300,0.8235294117647058,20,14,6,220.08437848466335,0.49228702652858564,0.8420975149380019,0.13912102132810283,134186.28234863246,4206.460910373248,138392.7432590057,31,1,23.76691729323308,79,187,70,35.275861274485194,0.5620692355889725,40.97656249999999,1036.0937499999973,13.115110759493636,0
33,4,2,0,268,0.007462686567164179,0.0,1.0,268,1400,900,500,0.6428571428571429,19,9,10,221.40561322568257,0.49213611250861794,0.8439969271290606,0.14044385913569407,134313.65258774528,4547.559323154203,138861.2119108995,32,0,24.582089552238806,81,187,72,35.11601307189543,0.5626554726368159,40.853658536585364,1036.5853658536578,12.79735019572417,0
34,4,3,0,271,0.01107011070110701,0.0,1.0,271,1950,1300,650,0.6666666666666666,26,13,13,225.05303812909722,0.4919593640380848,0.8495763206994023,0.1433375129661474,134461.79474240617,4102.207083813889,138564.00182622005,33,0,25.29889298892989,84,187,77,34.8754017392948,0.5634225092250922,40.710784313725476,1037.1568627450933,12.34710550887016,0
35,4,0,0,271,0.0,0.0,1.0,271,1900,1600,300,0.8421052631578947,22,16,6,227.08988003828375,0.4918893216709945,0.8516651893035663,0.14493758206062185,134538.06708958047,4210.446703191057,138748.51379277153,34,1,26.29889298892989,84,187,75,34.74738943488941,0.5636531365313653,40.63725490196077,1037.4509803921533,12.350606909430397,0
36,4,3,0,274,0.010948905109489052,0.0,1.0,274,1450,900,550,0.6206896551724138,20,9,11,229.2215832551347,0.49167413081646655,0.8546827217847863,0.14705211869291218,134725.14886114016,4726.382385246859,139451.53124638702,35,0,27.0,61,213,58,34.50770326255825,0.5644008515815084,40.45698924731183,1038.1720430107537,17.01921381984842,0
37,4,1,0,275,0.0036363636363636364,0.0,1.0,275,2050,1400,650,0.6829268292682927,27,14,13,228.74040471037807,0.49150851581508515,0.8552614248766646,0.14754403307874764,134922.53833346907,4122.447204589849,139044.9855380589,36,0,27.89818181818182,63,212,52,34.32578226177046,0.5649621212121212,40.266927083333336,1038.9322916666674,16.490988756613767,0
38,4,4,0,279,0.014336917562724014,0.0,1.0,279,2000,1500,500,0.75,25,15,10,222.52175173216435,0.4911280652897037,0.8529992895741416,0.144588023369001,135187.25520232663,4016.420967896999,139203.67617022363,37,0,28.483870967741936,67,212,58,34.226962055149656,0.5660468936678614,40.0122549019608,1039.9509803921615,15.521656423763604,0
39,4,0,0,279,0.0,0.0,1.0,279,1450,700,750,0.4827586206896552,22,7,15,227.2540802569341,0.49106574955089694,0.8565782610228398,0.14812080724308993,135298.7925504917,4699.440532187156,139998.23308267884,38,1,29.483870967741936,67,212,62,33.99426006635649,0.5663082437275986,39.90502450980393,1040.3799019607866,15.528058238220694,0
40,4,2,0,281,0.0071174377224199285,0.0,1.0,281,2150,1700,450,0.7906976744186046,26,17,9,228.67016081794864,0.4909189120488053,0.8583156048722935,0.14940467457926088,135385.7780612247,4041.7375283446827,139427.51558956938,39,0,30.26690391459075,69,212,58,33.871920994433,0.5667630486358244,39.82142857142858,1040.7142857142874,15.082815734989673,0
41,4,0,0,281,0.0,0.0,1.0,281,2050,1300,750,0.6341463414634146,28,13,15,230.0195390586666,0.4908580113540078,0.8593909280137699,0.15067572052944106,135478.71492346932,4182.550311791379,139661.2652352607,40,1,31.26690391459075,69,212,58,33.745473603964165,0.56698546856465,39.732142857142854,1041.071428571428,15.087991718426492,0
42,4,1,0,282,0.0035460992907801418,0.0,1.0,282,1450,1000,450,0.6896551724137931,19,10,9,230.19389172610994,0.49083319662132036,0.8601501096764694,0.1510562283575479,135542.000044083,4790.188096497606,140332.1881405806,41,0,32.152482269503544,70,212,62,33.67875525999396,0.5672650709219857,39.671361502347416,1041.3145539906104,14.875922199865864,0
43,4,0,0,282,0.0,0.0,1.0,282,1600,1200,400,0.75,20,12,8,235.73048003002395,0.49074485962831155,0.8634246366228095,0.1552569713301193,135673.14049586785,4796.458907254366,140469.5994031222,42,1,33.152482269503544,54,228,48,33.40574704285438,0.5675605791962175,39.54545454545455,1041.8181818181824,19.292929292929305,0
44,4,1,0,283,0.0035335689045936395,0.0,1.0,283,1650,1200,450,0.7272727272727273,21,12,9,234.32298623818645,0.4906805252737889,0.8631555683606573,0.15466200496003912,135749.96290834004,4711.867338081036,140461.83024642107,43,0,34.03180212014134,55,228,48,33.36694987862344,0.5678371613663133,39.471726190476176,1042.1130952380922,18.94751082251077,0
45,4,2,0,285,0.007017543859649123,0.0,1.0,285,1450,700,750,0.4827586206896552,22,7,15,228.28639265045774,0.4905748085001236,0.8607091272791008,0.15137400590778388,135914.44711260544,4755.483768083612,140669.93088068906,44,0,34.785964912280704,57,228,50,33.362828682971625,0.5684210526315789,39.313936781609186,1042.7442528735612,18.29375882234318,0
46,4,0,0,285,0.0,0.0,1.0,285,1400,900,500,0.6428571428571429,19,9,10,229.6548235978351,0.4905325961617659,0.8612271318740972,0.152734416900658,136020.16664372428,4847.537475262508,140867.7041189868,45,1,35.785964912280704,58,227,49,33.22346151242299,0.568640350877193,39.21257062146891,1043.1497175141212,17.98533995714002,0
47,4,0,0,285,0.0,0.0,1.0,285,1900,1500,400,0.7894736842105263,23,15,8,232.9066658783496,0.4904682480850013,0.8626113259871835,0.15546046559847565,136149.117530882,4442.007405279458,140591.12493616148,46,2,36.785964912280704,58,227,47,33.01219154599178,0.5688961988304093,39.08898305084746,1043.6440677966107,17.9938632378726,0
48,4,1,0,286,0.0034965034965034965,0.0,1.0,286,2000,1600,400,0.8,24,16,8,233.12605214364976,0.4903148386701018,0.8631340726312788,0.15620692157004998,136285.5034722224,4354.340277777783,140639.84375000017,47,0,37.65384615384615,59,227,50,32.872772013833455,0.5693108974358974,38.958333333333336,1044.1666666666679,17.69774011299437,0
49,4,2,0,288,0.006944444444444444,0.0,1.0,288,1200,700,500,0.5833333333333334,17,7,10,231.43959665963237,0.49021043037811335,0.8633097012258322,0.15567843055274666,136422.3741771082,5114.707850979855,141537.08202808804,48,0,38.385416666666664,61,227,55,32.78271416318216,0.5698784722222222,38.827284946236546,1044.6908602150504,17.126079675656563,0
50,4,2,0,290,0.006896551724137931,0.0,1.0,290,1800,1400,400,0.7777777777777778,22,14,8,227.92093841562868,0.48996639223640776,0.8623998162179114,0.15439216330212585,136669.85882653098,4429.984495374872,141099.84332190585,49,0,39.11379310344827,63,227,53,32.63242481788184,0.5706896551724138,38.59049479166666,1045.6380208333308,16.597428902116363,0
51,4,0,0,290,0.0,0.0,1.0,290,1150,700,450,0.6086956521739131,16,7,9,228.09161759337167,0.4899378057511037,0.8626047534001926,0.15473242166469256,136720.92013888876,5086.9791666666615,141807.89930555542,50,1,40.11379310344827,54,236,51,32.57802124833997,0.5707974137931034,38.541666666666664,1045.8333333333323,19.367283950617267,0
52,4,1,0,291,0.003436426116838488,0.0,1.0,291,1800,1300,500,0.7222222222222222,23,13,10,225.6316357854459,0.48980181301102027,0.8620431900865011,0.15381630942402105,136892.9863034779,4377.477685441667,141270.46398891957,51,0,40.97250859106529,56,235,52,32.47415479184129,0.571270045819015,38.37719298245614,1046.4912280701747,18.687343358395974,0
53,4,0,0,291,0.0,0.0,1.0,291,1650,1100,550,0.6666666666666666,22,11,11,228.61986129201426,0.48978156969625153,0.8632218888752095,0.15610909841871015,136950.3657375346,4611.914723761156,141562.28046129574,52,1,41.97250859106529,56,235,48,32.33989803757246,0.5713774341351661,38.32236842105263,1046.7105263157891,18.691259398496236,0
54,4,0,0,291,0.0,0.0,1.0,291,1850,1300,550,0.7027027027027027,24,13,11,228.83659226949518,0.4897460204605601,0.863462278481985,0.15668524606444806,137046.0248452517,4422.229061933602,141468.2539071853,53,2,42.97250859106529,56,235,49,32.24076142604488,0.5715564146620848,38.23099415204679,1047.076023391814,18.69778613199668,0
55,4,0,0,291,0.0,0.0,1.0,291,1600,1000,600,0.625,22,10,12,227.76851875233203,0.48969862147963816,0.8626264196123807,0.15629632838522123,137122.57617728563,4646.441212680849,141769.0173899665,54,3,43.97250859106529,56,235,47,32.19395589056394,0.5716995990836198,38.15789473684212,1047.3684210526342,18.70300751879704,0
56,4,0,0,291,0.0,0.0,1.0,291,1650,1000,650,0.6060606060606061,23,10,13,230.110589539295,0.4896364103171782,0.8645164909615806,0.1584248410401662,137237.44325177005,4665.957794706081,141903.40104647612,55,4,44.97250859106529,56,235,50,32.020458350774376,0.5719143757159222,38.048245614035096,1047.8070175438615,18.710839598997527,0
57,4,1,0,292,0.003424657534246575,0.0,1.0,292,1200,1000,200,0.8333333333333334,14,10,4,226.77515354382518,0.4895156639834299,0.862806008510367,0.15676597895144714,137379.11281316096,5030.833880383832,142409.9466935448,56,0,45.81506849315068,57,235,51,31.969594440256753,0.5723458904109588,37.91307471264369,1048.3477011494283,18.39206493244611,0
58,4,1,0,293,0.0034129692832764505,0.0,1.0,293,1750,1300,450,0.7428571428571429,22,13,9,233.32271124784975,0.4893242437701622,0.8667752103301465,0.16245121104594912,137627.18098646635,4672.309401832175,142299.49038829852,57,0,46.65529010238908,58,235,54,31.555951900210886,0.5729877701934016,37.67655367231639,1049.2937853107355,18.091272160529922,0
59,4,0,0,293,0.0,0.0,1.0,293,1400,900,500,0.6428571428571429,19,9,10,235.05555138747727,0.489257036327084,0.8674535354908393,0.16418541897666675,137738.3574324111,5075.2331106961765,142813.59054310728,58,1,47.65529010238908,58,235,54,31.402073241837087,0.5732010807736063,37.57062146892656,1049.7175141242956,18.098577829729233,0
60,4,1,0,294,0.003401360544217687,0.0,1.0,294,1400,900,500,0.6428571428571429,19,9,10,234.50001135541322,0.4891315599049631,0.8677174520074951,0.1643396945100479,137852.27559687823,5065.27203856752,142917.54763544575,59,0,48.48979591836735,54,240,49,31.305607656422822,0.5735898526077097,37.462121212121225,1050.151515151518,19.447250280583667,0
61,4,0,0,294,0.0,0.0,1.0,294,1500,800,700,0.5333333333333333,22,8,14,236.0125622099032,0.48904546175694397,0.8690829272885625,0.16636007433820016,138051.23966942154,5016.3653581267245,143067.60502754827,60,1,49.48979591836735,54,240,46,31.07203359284889,0.5739441609977325,37.27272727272727,1050.9090909090912,19.461279461279467,0
62,4,0,0,294,0.0,0.0,1.0,294,750,400,350,0.5333333333333333,11,4,7,237.16906095284492,0.48900458932150787,0.869920941349513,0.16746670334456587,138110.9568698346,5801.1291896235,143912.0860594581,61,2,50.48979591836735,54,240,51,30.983483483483486,0.5740504535147393,37.215909090909086,1051.1363636363626,19.465488215488197,0
63,4,0,0,294,0.0,0.0,1.0,294,1500,1000,500,0.6666666666666666,20,10,10,236.53420816282636,0.4889538010881258,0.8695280835873511,0.16740735722039074,138190.59989095485,5037.360824150583,143227.96071510544,62,3,51.48979591836735,54,240,44,30.92261690323509,0.5741921768707483,37.14015151515151,1051.4393939393926,19.47109988776653,0
64,4,0,0,294,0.0,0.0,1.0,294,1850,1500,350,0.8108108108108109,22,15,7,234.55147892740382,0.4889097846191947,0.868246095528177,0.1663913225318929,138270.2658689164,4636.299070247931,142906.56493916435,63,4,52.48979591836735,54,240,47,30.897200412975092,0.5743339002267573,37.06439393939394,1051.742424242424,19.47671156004489,0
65,4,1,0,295,0.003389830508474576,0.0,1.0,295,1250,900,350,0.72,16,9,7,232.84054302700733,0.4888288366193935,0.8675511405110037,0.16570700145671416,138379.48822921093,5194.07103661777,143573.5592658287,64,0,53.30847457627119,55,240,49,30.835940998986395,0.5747175141242937,36.960565476190474,1052.1577380952378,19.130140692640687,0
66,4,0,0,295,0.0,0.0,1.0,295,1400,1100,300,0.7857142857142857,17,11,6,235.13709008637878,0.48877166685883394,0.8687437017332595,0.16772638120382394,138457.7848473374,5111.312125761767,143569.09697309916,65,1,54.30847457627119,55,240,46,30.699378461175918,0.5748587570621468,36.886160714285715,1052.4553571428573,19.13555194805195,0
67,4,0,0,295,0.0,0.0,1.0,295,1900,1400,500,0.7368421052631579,24,14,10,235.01603042921533,0.4886765440639533,0.8688773701507118,0.1683171489187376,138594.85721371882,4614.4026360544185,143209.25984977323,66,2,55.30847457627119,55,240,44,30.56929527039756,0.5751059322033898,36.75595238095238,1052.9761904761906,19.145021645021647,0
68,4,2,0,297,0.006734006734006734,0.0,1.0,297,1450,1200,250,0.8275862068965517,17,12,5,234.11227275662952,0.48848185306518643,0.8695272418676676,0.1682854101815305,138719.15873959602,5045.171505482911,143764.33024507895,67,0,55.92929292929293,57,240,52,30.47230178214221,0.5757225028058361,36.63793103448277,1053.4482758620713,18.481548699334585,0
69,4,0,0,297,0.0,0.0,1.0,297,1300,1000,300,0.7692307692307693,16,10,6,235.896198741582,0.488443936360603,0.8707619784794582,0.16994722215822866,138794.84781675294,5248.235400977698,144043.08321773063,68,1,56.92929292929293,57,240,51,30.351786201254427,0.5758627946127945,36.566091954023,1053.735632183911,18.48659003831423,0
70,4,0,0,297,0.0,0.0,1.0,297,1650,1100,550,0.6666666666666666,22,11,11,236.95605233938352,0.4883572018988686,0.8716905332051068,0.17138490584975616,138928.02958585773,4933.967489990779,143861.9970758485,69,2,57.92929292929293,55,242,50,30.194512080363207,0.5761083052749719,36.43973214285714,1054.2410714285709,19.16801948051947,0
71,4,0,0,297,0.0,0.0,1.0,297,1850,1300,550,0.7027027027027027,24,13,11,237.3534204238319,0.48828373828373833,0.8720840342481033,0.1724735746462666,139084.9549862261,4752.457959095084,143837.41294532118,70,3,58.92929292929293,55,242,48,30.03169746772942,0.5763888888888888,36.29092261904761,1054.8363095238083,19.17884199134197,0
72,4,1,0,298,0.003355704697986577,0.0,1.0,298,1650,1200,450,0.7272727272727273,21,12,9,237.28537739467043,0.48815970103721784,0.8726143436498268,0.17280409370911565,139158.97466314424,4954.077964159911,144113.05262730416,71,0,59.72818791946309,56,242,47,29.96166458824072,0.5767267897091722,36.22076023391813,1055.1169590643276,18.84137426900585,0
73,4,0,0,298,0.0,0.0,1.0,298,1650,1100,550,0.6666666666666666,22,11,11,238.14347944114238,0.48812062647353477,0.8731804866166921,0.17382788453848402,139236.11378287332,4981.634520023248,144217.74830289657,72,1,60.72818791946309,56,242,49,29.864189407581826,0.576866610738255,36.14766081871345,1055.409356725146,18.846595655806176,0
74,4,0,0,298,0.0,0.0,1.0,298,2000,1400,600,0.7,26,14,12,239.27853723230098,0.48802788323202195,0.8737822039402472,0.17546282989125958,139390.45614462547,4670.6288900858235,144061.0850347113,73,2,61.72818791946309,56,242,46,29.684543587613646,0.5771462527964206,36.00146198830409,1055.994152046782,18.85703842940682,0
75,4,0,0,298,0.0,0.0,1.0,298,1600,1200,400,0.75,20,12,8,239.55613558266796,0.48799445800284724,0.8741357608973317,0.17607254115816623,139467.65938664865,5082.066704285059,144549.72609093372,74,3,62.72818791946309,56,242,48,29.602364475201824,0.5772860738255033,35.928362573099406,1056.2865497076007,18.862259816207153,0
76,4,0,0,298,0.0,0.0,1.0,298,1450,1100,350,0.7586206896551724,18,11,7,240.12815762252308,0.4879699775533109,0.8742330547593795,0.17669715549698045,139506.26902294692,5249.8766714544445,144756.14569440135,75,4,63.72818791946309,56,242,47,29.549831626533816,0.5773559843400448,35.891812865497066,1056.4327485380093,18.864870509607307,0
77,4,1,0,299,0.0033444816053511705,0.0,1.0,299,1150,900,250,0.782608695652174,14,9,5,238.86397251928267,0.4878159300576867,0.8740728684641053,0.17651459707062792,139647.77239500737,5521.364333548009,145169.13672855537,76,0,64.51170568561874,57,242,51,29.446110582478074,0.5778288740245262,35.75790229885057,1056.968390804596,18.54330510183502,0
78,4,0,0,299,0.0,0.0,1.0,299,1700,1100,600,0.6470588235294118,23,11,12,241.97409617202263,0.4877490591307341,0.8759133706558089,0.1795291681276297,139780.6843704584,5064.660952569688,144845.34532302807,77,1,65.51170568561874,57,242,50,29.23516757246376,0.5780727424749164,35.632183908045974,1057.4712643678156,18.552127445049397,0
79,4,0,0,299,0.0,0.0,1.0,299,1600,1200,400,0.75,20,12,8,242.56584063807063,0.48768592923465987,0.8763650197886566,0.18048418410285927,139875.66020218135,5185.811420349438,145061.47162253078,78,2,66.51170568561874,57,242,49,29.127546689303905,0.578246934225195,35.54238505747126,1057.830459770113,18.558429118773912,0
80,4,0,0,299,0.0,0.0,1.0,299,1500,1200,300,0.8,18,12,6,247.25012007980953,0.48761344676138957,0.8785282194206494,0.18482667221735047,140029.4819046421,5424.46124312727,145453.94314776937,79,3,67.51170568561874,52,247,46,28.854700537275004,0.578525641025641,35.39701257861636,1058.4119496855367,20.35407595549109,0
81,4,0,0,299,0.0,0.0,1.0,299,1100,800,300,0.7272727272727273,14,8,6,249.29699491624032,0.48756013707137136,0.8795484999498373,0.18694498482917205,140133.511827064,5886.972677109307,146020.4845041733,80,4,68.51170568561874,52,247,47,28.69981932481933,0.5786998327759197,35.29874213836479,1058.8050314465424,20.361635220125816,0
82,4,0,0,299,0.0,0.0,1.0,299,1150,500,650,0.43478260869565216,18,5,13,248.28691495618955,0.4875161799585494,0.879085272364732,0.1866585557081355,140216.7635773903,5812.797530754337,146029.5611081446,81,5,69.51170568561874,52,247,46,28.645987975059402,0.5788391861761427,35.22012578616353,1059.119496855347,20.367682631833596,0
83,4,0,0,299,0.0,0.0,1.0,299,1600,1000,600,0.625,22,10,12,248.82968576427402,0.4874979424330168,0.8794720713198168,0.1873034182116106,140258.39872334962,5380.090656026269,145638.48937937588,82,6,70.51170568561874,52,247,45,28.5913302162189,0.5789088628762542,35.180817610062896,1059.276729559749,20.37070633768748,0
84,4,0,0,299,0.0,0.0,1.0,299,1650,1300,350,0.7878787878787878,20,13,7,248.22111288388282,0.48743528016580245,0.8789841468942168,0.18767632208567753,140404.1704058881,5320.255886337588,145724.42629222566,83,7,71.51170568561874,52,247,46,28.46645278540169,0.5791527313266444,35.0432389937107,1059.8270440251592,20.38128930817614,0
85,4,0,0,299,0.0,0.0,1.0,299,1050,800,250,0.7619047619047619,13,8,5,248.55800824316927,0.4873483011978781,0.8793378085115668,0.18876973058467722,140550.01779992887,5936.966496578464,146486.98429650735,84,8,72.51170568561874,52,247,50,28.316528272044298,0.5793965997770345,34.905660377358494,1060.3773584905666,20.391872278664742,0
86,4,0,0,299,0.0,0.0,1.0,299,1750,1400,350,0.8,21,14,7,249.8374310411785,0.4872524372816173,0.879953804270379,0.19059107585645588,140695.94090547258,5280.222486748951,145976.16339222153,85,9,73.51170568561874,52,247,43,28.141595652710876,0.5796404682274248,34.76808176100629,1060.9276729559756,20.402455249153377,0
87,4,0,0,299,0.0,0.0,1.0,299,1750,1200,550,0.6857142857142857,23,12,11,254.267240220833,0.48716826408685177,0.8822143485469551,0.19471707375050856,140821.07811325695,5411.237379356036,146232.31549261298,86,10,74.51170568561874,52,247,42,27.903180011357204,0.5798494983277591,34.6501572327044,1061.399371069182,20.41152636671504,0
88,4,1,0,300,0.0033333333333333335,0.0,1.0,300,1550,1400,150,0.9032258064516129,17,14,3,257.1264396176334,0.48696070234113714,0.8836951204746337,0.19806074098135,141010.82107457888,5701.522074093124,146712.343148672,87,0,75.26,53,247,48,27.644009565322687,0.5804166666666667,34.47145061728395,1062.1141975308637,20.03989051945026,0
89,4,0,0,300,0.0,0.0,1.0,300,1150,800,350,0.6956521739130435,15,8,7,256.16667914823944,0.4868947417316982,0.8834209851863246,0.1980798947087989,141134.98347323659,6080.816005596124,147215.79947883272,88,1,76.26,50,250,42,27.54962453226716,0.580625,34.354575163398685,1062.5816993464036,21.251633986928073,0
90,4,0,0,300,0.0,0.0,1.0,300,1100,700,400,0.6363636363636364,15,7,8,256.4635311252699,0.48687221293199556,0.8836577241396979,0.19870959359193804,141200.10015512214,6142.535256204892,147342.63541132704,89,2,77.26,50,250,45,27.47889281779281,0.5807291666666667,34.29330065359478,1062.8267973856223,21.256535947712447,0
91,4,0,0,300,0.0,0.0,1.0,300,1550,900,650,0.5806451612903226,22,9,13,258.42606915481707,0.48681043292456333,0.8846011012933801,0.2010409617483528,141330.3785736788,5754.690837391594,147085.0694110704,90,3,78.26,50,250,44,27.3010308618261,0.5809375,34.170751633986924,1063.3169934640514,21.266339869281026,0
92,4,0,0,300,0.0,0.0,1.0,300,1150,1000,150,0.8695652173913043,13,10,3,259.2004226028498,0.48676073021181715,0.8850554318047981,0.202188753856591,141417.26422663298,6181.082930176433,147598.3471568094,91,4,79.26,50,250,45,27.196629285403382,0.5810763888888889,34.0890522875817,1063.6437908496737,21.272875816993473,0
93,4,0,0,300,0.0,0.0,1.0,300,1200,900,300,0.75,15,9,6,258.64243399300585,0.4867247305834262,0.8848476936466496,0.20216337187616545,141482.44598765415,6118.672839506158,147601.1188271603,92,5,80.26,50,250,48,27.14860748476935,0.5811805555555556,34.02777777777777,1063.8888888888875,21.27777777777775,0
94,4,0,0,300,0.0,0.0,1.0,300,950,500,450,0.5263157894736842,14,5,9,258.64302003013546,0.4867035953177257,0.8848749840051178,0.20257518556178675,141547.64276693793,6372.061960677518,147919.70472761546,93,6,81.26,50,250,48,27.085732565578997,0.5812847222222222,33.966503267973856,1064.1339869281046,21.28267973856209,0
95,4,0,0,300,0.0,0.0,1.0,300,1400,1000,400,0.7142857142857143,18,10,8,261.18665825558156,0.48663461538461533,0.8860343769183547,0.20554254410547973,141699.82698961967,6002.020857362577,147701.84784698224,94,7,82.26,50,250,45,26.871355125844076,0.5815277777777778,33.82352941176472,1064.7058823529433,21.294117647058865,0
96,4,0,0,300,0.0,0.0,1.0,300,1850,1300,550,0.7027027027027027,24,13,11,264.0288447023843,0.4865124489037533,0.8869846138117876,0.20920195580853562,141917.3748611645,5644.056105557691,147561.4309667222,95,8,83.26,50,250,45,26.586061698103563,0.5818749999999999,33.619281045751634,1065.5228758169935,21.31045751633987,0
97,4,0,0,300,0.0,0.0,1.0,300,1450,900,550,0.6206896551724138,20,9,11,267.6659227722345,0.4864388238573021,0.8885061435103592,0.21310388201677158,142069.75765864618,6155.446556345846,148225.20421499203,96,9,84.26,50,250,45,26.34237617186502,0.5821180555555556,33.47630718954248,1066.0947712418294,21.32189542483659,0
98,4,0,0,300,0.0,0.0,1.0,300,1250,700,550,0.56,18,7,11,267.6000323487137,0.4863960888145671,0.8884892361909145,0.21363811756867035,142156.8702542292,6358.236615724729,148515.10686995392,97,10,85.26,50,250,44,26.260246686585475,0.5822569444444444,33.39460784313726,1066.4215686274513,21.328431372549026,0
99,4,0,0,300,0.0,0.0,1.0,300,1300,700,600,0.5384615384615384,19,7,12,266.6922176099165,0.4863431345224824,0.8882126928723786,0.21351347002662158,142245.86386656846,6287.17297608268,148533.03684265114,98,11,86.26,46,254,40,26.19878666999086,0.5823958333333333,33.31117021276595,1066.755319148935,23.190333024976848,0
100,4,0,0,300,0.0,0.0,1.0,300,1000,400,600,0.4,16,4,12,267.5245946035045,0.48631990895577853,0.8885182107741301,0.21450089913745343,142293.15304970826,6613.383616895524,148906.5366666038,99,12,87.26,46,254,41,26.13107602825094,0.5824652777777778,33.266843971631204,1066.9326241134752,23.19418748072772,0
101,4,0,0,300,0.0,0.0,1.0,300,1350,1000,350,0.7407407407407407,17,10,7,268.63482302832034,0.48630783166109254,0.8890318739442276,0.21571430051980592,142340.45009211046,6297.5203240531055,148637.97041616356,100,13,88.26,46,254,41,26.055945556755574,0.5825347222222222,33.22251773049645,1067.1099290780135,23.198041936478553,0
102,4,0,0,300,0.0,0.0,1.0,300,900,600,300,0.6666666666666666,12,6,6,269.1797180667378,0.4862997027127462,0.8893537132414022,0.21631411522612734,142364.10156053505,6764.305744177844,149128.4073047129,101,14,89.26,46,254,45,26.018649277288585,0.5825694444444445,33.20035460992907,1067.1985815602827,23.199969164353973,0
103,4,0,0,300,0.0,0.0,1.0,300,1200,900,300,0.75,15,9,6,270.98657991057775,0.4862411742846526,0.8900680950008306,0.21842171320503184,142458.72708239008,6520.880646094249,148979.60772848432,102,15,90.26,46,254,37,25.879387421801475,0.5827083333333334,33.11170212765957,1067.5531914893606,23.207678075855664,0
104,4,0,0,300,0.0,0.0,1.0,300,1450,1100,350,0.7586206896551724,18,11,7,271.9513068433604,0.4861852006688963,0.8905572618355886,0.22002668861933905,142577.0531930611,6304.803188345645,148881.85638140675,103,16,91.26,46,254,41,25.73981074126338,0.5828819444444444,33.00088652482269,1067.9964539007083,23.21731421523279,0
105,4,0,0,300,0.0,0.0,1.0,300,1450,800,650,0.5517241379310345,21,8,13,268.79881544739254,0.4861403753251579,0.8892071922544953,0.21796942975377387,142648.07243725157,6218.726579397409,148866.799016649,104,17,92.26,46,254,37,25.75570539419088,0.5829861111111111,32.934397163120565,1068.2624113475172,23.223095898859068,0
106,4,0,0,300,0.0,0.0,1.0,300,950,600,350,0.631578947368421,13,6,7,268.1866519559176,0.48611064659977704,0.8889401482464874,0.2178022593916926,142695.4284241234,6703.801839696181,149399.2302638196,105,18,93.26,46,254,42,25.726539163624295,0.5830555555555555,32.89007092198581,1068.4397163120557,23.226950354609905,0
107,4,0,0,300,0.0,0.0,1.0,300,1700,1300,400,0.7647058823529411,21,13,8,269.23265586377295,0.4860405053883315,0.889308895892077,0.2196486714753298,142837.54354031486,5991.306240883255,148828.8497811981,106,19,94.26,46,254,40,25.562040415768237,0.5832638888888889,32.75709219858156,1068.9716312056737,23.23851372186247,0
108,4,0,0,300,0.0,0.0,1.0,300,1350,1200,150,0.8888888888888888,15,12,3,270.2016753598918,0.48598337049424006,0.8896064776432873,0.22111076039287728,142932.32624742202,6374.110803028005,149306.43705045004,107,20,95.26,46,254,39,25.445096169789426,0.5834027777777777,32.66843971631205,1069.3262411347507,23.246222633364145,0
109,4,0,0,300,0.0,0.0,1.0,300,1250,900,350,0.72,16,9,7,269.9381441305588,0.48593180973615757,0.8895851287150593,0.2219082781585547,143074.5592525527,6474.256199386349,149548.81545193904,108,21,96.26,46,254,41,25.315572864876803,0.5836111111111111,32.5354609929078,1069.8581560283687,23.25778600061671,0
110,4,0,0,300,0.0,0.0,1.0,300,1250,1000,250,0.8,15,10,5,269.66898793011245,0.4859185711631364,0.8894647443864445,0.2218565109290067,143098.2716302627,6467.8332170162585,149566.10484727894,109,22,97.26,46,254,40,25.300011047587482,0.5836458333333333,32.51329787234043,1069.9468085106394,23.25971322849216,0
111,4,0,0,300,0.0,0.0,1.0,300,1100,700,400,0.6363636363636364,15,7,8,271.53682248172913,0.48589395206243036,0.8902363792008394,0.22373522076293195,143145.7022801293,6673.865829812389,149819.5681099417,110,23,98.26,46,254,41,25.20451909535251,0.5837152777777778,32.468971631205676,1070.1241134751776,23.263567684242993,0
112,4,0,0,300,0.0,0.0,1.0,300,1050,600,450,0.5714285714285714,15,6,9,273.6746953349706,0.4858475009290227,0.8911561076604553,0.2261890449123732,143240.58715765065,6790.264809994474,150030.8519676451,111,24,99.26,46,254,45,25.056245686680466,0.5838541666666667,32.380319148936174,1070.4787234042562,23.271276595744702,0
113,4,0,0,300,0.0,0.0,1.0,300,1050,700,350,0.6666666666666666,14,7,7,274.24869713314325,0.48582520438498694,0.891408186359747,0.22701175567354182,143288.04138530523,6809.311732935986,150097.3531182412,112,25,100.26,46,254,45,24.99534238635423,0.5839236111111111,32.335992907801426,1070.6560283687957,23.275131051495556,0
114,4,0,0,300,0.0,0.0,1.0,300,1000,800,200,0.8,12,8,4,276.6659306571793,0.4857799145299145,0.8922201550387598,0.2299068608588294,143408.25953220163,6935.235917480567,150343.4954496822,113,26,101.26,45,255,43,24.81527484143765,0.5840972222222223,32.22373188405797,1071.1050724637673,23.802334943639273,0
115,4,0,0,300,0.0,0.0,1.0,300,1550,1200,350,0.7741935483870968,19,12,7,279.13776084475245,0.4857046636937941,0.8931857918976314,0.2328459706922373,143525.43041251678,6462.673453925846,149988.10386644263,114,27,102.26,46,254,42,24.63666197843413,0.5843055555555556,32.11436170212765,1071.542553191488,23.29440333024974,0
116,4,0,0,300,0.0,0.0,1.0,300,1350,1000,350,0.7407407407407407,17,10,7,280.3522793277058,0.48566541248606465,0.8937314585056522,0.23440242441714798,143596.68543458564,6701.531613097924,150298.21704768357,115,28,103.26,46,254,39,24.535773366418535,0.5844097222222222,32.04787234042553,1071.8085106382969,23.300185013876018,0
117,4,0,0,300,0.0,0.0,1.0,300,1900,1300,600,0.6842105263157895,25,13,12,279.1276016100574,0.48558389074693425,0.8933804524537765,0.23464952026941338,143763.01592129393,6125.64516686784,149888.66108816178,116,29,104.26,46,254,36,24.409116585379294,0.5846527777777778,31.89273049645389,1072.4290780141823,23.313675609003962,0
118,4,0,0,300,0.0,0.0,1.0,300,1350,800,550,0.5925925925925926,19,8,11,282.077613821924,0.4855341880341881,0.8944525245847448,0.237869073509345,143858.1051396434,6765.830205346808,150623.9353449902,117,30,105.26,46,254,42,24.238871443131416,0.5847916666666666,31.804078014184395,1072.7836879432623,23.321384520505703,0
119,4,0,0,300,0.0,0.0,1.0,300,850,500,350,0.5882352941176471,12,5,7,283.0124982034967,0.4855074786324786,0.8946607182198718,0.2392167093753576,143929.4426839694,7296.76622780542,151226.20891177483,118,31,106.26,46,254,43,24.14542713152677,0.5848958333333334,31.73758865248226,1073.0496453900691,23.327166204131938,0
120,4,0,0,300,0.0,0.0,1.0,300,1100,600,500,0.5454545454545454,16,6,10,281.09033238498574,0.485491220735786,0.8939280797400746,0.23796360586382057,143977.01087093187,6994.1091683013765,150971.12003923324,119,32,107.26,46,254,42,24.151419406354982,0.5849652777777778,31.69326241134751,1073.2269503546086,23.331020659882796,0
121,4,0,0,300,0.0,0.0,1.0,300,1100,600,500,0.5454545454545454,16,6,10,285.0614858276957,0.4854213117800074,0.8952150937164567,0.2422722564813486,144095.96572261176,7115.242018132869,151211.20774074463,120,33,108.26,46,254,40,23.930896155010604,0.5851388888888889,31.58244680851063,1073.6702127659553,23.340656799259897,0
122,4,0,0,300,0.0,0.0,1.0,300,1750,1500,250,0.8571428571428571,20,15,5,287.3332653145697,0.48537160906726123,0.8960525519328659,0.24497132366544733,144191.1649706376,6536.183652105006,150727.3486227426,121,34,109.26,46,254,40,23.77871784289448,0.5852777777777778,31.493794326241126,1074.024822695034,23.348365710761605,0
123,4,0,0,300,0.0,0.0,1.0,300,1350,900,450,0.6666666666666666,18,9,9,287.36689283980587,0.48529984206614646,0.8961145025573336,0.24635512553070169,144357.83930008524,6946.7327473466885,151304.57204743192,122,35,110.26,46,254,40,23.618214816036947,0.5855208333333333,31.33865248226949,1074.6453900709198,23.36185630588956,0
124,4,0,0,300,0.0,0.0,1.0,300,1200,700,500,0.5833333333333334,17,7,10,286.3817366351368,0.48526848755109625,0.895650034364261,0.24609344838419767,144429.30062779758,7072.382786957369,151501.68341475495,123,36,111.26,46,254,42,23.576288659793814,0.5856250000000001,31.272163120567363,1074.911347517728,23.367637989515828,0
125,4,0,0,300,0.0,0.0,1.0,300,1200,800,400,0.6666666666666666,16,8,8,286.76656477183,0.4852403846153846,0.8957287278854262,0.2470188043426428,144501.81569654468,7087.657858118032,151589.47355466272,124,37,112.26,45,255,42,23.496559955068804,0.5857291666666666,31.20471014492753,1075.1811594202886,23.892914653784192,0
126,4,0,0,300,0.0,0.0,1.0,300,900,800,100,0.8888888888888888,10,8,2,289.03764639602343,0.4851999721293199,0.8964106451069558,0.24978406210381243,144599.22170368626,7458.923742386055,152058.1454460723,125,38,113.26,45,255,42,23.342316545954734,0.5858680555555555,31.11413043478261,1075.54347826087,23.900966183574887,0
127,4,0,0,300,0.0,0.0,1.0,300,1400,1100,300,0.7857142857142857,17,11,6,289.03764639602343,0.4851999721293199,0.8964106451069558,0.24978406210381243,144599.22170368626,6958.923742386055,151558.1454460723,126,39,114.26,45,255,40,23.342316545954734,0.5858680555555555,31.11413043478261,1075.54347826087,23.900966183574887,0
128,4,0,0,300,0.0,0.0,1.0,300,650,200,450,0.3076923076923077,11,2,9,289.8439180375762,0.48516768859160164,0.8965796637759251,0.25109235700454335,144672.29774633728,7736.477122059428,152408.77486839672,127,40,115.26,45,255,44,23.250733209845354,0.5859722222222222,31.046195652173907,1075.8152173913031,23.90700483091785,0
129,4,0,0,300,0.0,0.0,1.0,300,850,600,250,0.7058823529411765,11,6,5,289.6992182490896,0.4851521274619101,0.8966531963854742,0.25117133681479464,144696.66052956312,7533.701887733668,152230.3624172968,128,41,116.26,45,255,41,23.23132401638884,0.5860069444444445,31.02355072463768,1075.9057971014493,23.90901771336554,0
130,4,0,0,300,0.0,0.0,1.0,300,850,600,250,0.7058823529411765,11,6,5,289.2254313230959,0.4851124117428465,0.8964607356283147,0.2513743489063424,144769.76118626597,7524.219324327869,152293.98051059383,129,42,117.26,45,255,40,23.17416813960666,0.5861111111111111,30.955615942028984,1076.1775362318838,23.91505636070853,0
131,4,0,0,300,0.0,0.0,1.0,300,1100,800,300,0.7272727272727273,14,8,6,287.85526396424547,0.4850982441471572,0.8959148291533419,0.2503877193574789,144794.13217417547,7235.950627494215,152030.0828016697,130,43,118.26,45,255,38,23.187734949222918,0.5861458333333334,30.93297101449275,1076.268115942028,23.91706924315618,0
132,4,0,0,300,0.0,0.0,1.0,300,1350,800,550,0.5925925925925926,19,8,11,290.5711895907207,0.48498025826830177,0.8967014239264495,0.25482836184460544,145037.95486767488,7078.770216341111,152116.72508401598,131,44,119.26,45,255,39,22.881629106402066,0.5864930555555555,30.706521739130437,1077.1739130434785,23.937198067632856,0
133,4,0,0,300,0.0,0.0,1.0,300,1400,1300,100,0.9285714285714286,15,13,2,290.1179774476861,0.48494100706057225,0.896431834103965,0.255059374851458,145111.14167355865,7019.8701854915,152131.01185905017,132,45,120.26,45,255,41,22.82392812105927,0.5865972222222222,30.638586956521742,1077.4456521739135,23.943236714975853,0
134,4,0,0,300,0.0,0.0,1.0,300,1300,500,800,0.38461538461538464,21,5,16,293.5063565975616,0.4848838721664808,0.8973182620388274,0.25889044752812324,145208.7527977971,7223.938395951475,152432.69119374856,133,46,121.26,45,255,38,22.63941997926997,0.5867361111111111,30.54800724637681,1077.8079710144918,23.951288244766484,0
135,4,0,0,300,0.0,0.0,1.0,300,1800,1400,400,0.7777777777777778,22,14,8,293.79697939057064,0.48483788554440727,0.8974054160015683,0.2600048658502573,145306.39674077125,6738.116089713284,152044.51283048454,134,47,122.26,45,255,37,22.538348175529972,0.586875,30.45742753623188,1078.1702898550716,23.959339774557147,0
136,4,0,0,300,0.0,0.0,1.0,300,1200,700,500,0.5833333333333334,17,7,10,293.42255981390065,0.48480188591601636,0.8975995296489172,0.2603195974027047,145379.65123529706,7331.533882062582,152711.18511735965,135,48,123.26,45,255,42,22.478512234727603,0.5869791666666666,30.389492753623184,1078.442028985506,23.965378421900137,0
137,4,0,0,300,0.0,0.0,1.0,300,1350,800,550,0.5925925925925926,19,8,11,291.3741472493349,0.48474916387959865,0.8968071530518007,0.2595779706721636,145501.78308292635,7129.091593809071,152630.87467673543,136,49,124.26,45,255,37,22.417215878879464,0.5871527777777779,30.276268115942027,1078.8949275362315,23.97544283413848,0
138,4,0,0,300,0.0,0.0,1.0,300,1000,500,500,0.5,15,5,10,290.3304335711451,0.4847198996655518,0.8964903886510538,0.2590791352159586,145550.65018017468,7451.556674674424,153002.2068548491,137,50,125.26,45,255,42,22.398762556311034,0.5872222222222222,30.23097826086956,1079.0760869565204,23.979468599033787,0
139,4,0,0,300,0.0,0.0,1.0,300,1000,700,300,0.7,13,7,6,291.6072339577614,0.4846827387588257,0.89698467169984,0.26065750912666175,145600.06858710572,7491.606652949257,153091.675240055,138,51,126.26,44,256,38,22.31719000228781,0.5872916666666667,30.18518518518519,1079.25925925926,24.528619528619547,0
140,4,0,0,300,0.0,0.0,1.0,300,1300,1000,300,0.7692307692307693,16,10,6,290.8800596085047,0.48464070048309177,0.8967804557280499,0.260674144118029,145675.02679183817,7174.7920953360845,152849.81888717425,139,52,127.26,44,256,42,22.265345798667706,0.5873958333333333,30.115740740740744,1079.5370370370374,24.534932659932668,0
141,4,0,0,300,0.0,0.0,1.0,300,900,500,400,0.5555555555555556,13,5,8,289.82991506050485,0.484623745819398,0.8963522012578611,0.2599551392004223,145700.01714677658,7545.6447187928825,153245.66186556945,140,53,128.26,44,256,39,22.26986849628359,0.5874305555555556,30.0925925925926,1079.629629629631,24.537037037037067,0
142,4,0,0,300,0.0,0.0,1.0,300,850,400,450,0.47058823529411764,13,4,9,288.1297265516307,0.4845793849869937,0.8956337706136215,0.25909460298933484,145775.0010716737,7550.422239369016,153325.42331104272,141,54,129.26,44,256,42,22.24431249821372,0.5875347222222222,30.023148148148156,1079.9074074074088,24.543350168350198,0
143,4,0,0,300,0.0,0.0,1.0,300,1400,1000,400,0.7142857142857143,18,10,8,290.63056781193666,0.4845301467855816,0.8962106796948652,0.2622418278934159,145875.00964506186,7079.147376543221,152954.1570216051,142,55,130.26,44,256,41,22.081511956801233,0.5876736111111112,29.93055555555556,1080.2777777777787,24.5517676767677,0
144,4,0,0,300,0.0,0.0,1.0,300,1300,800,500,0.6153846153846154,18,8,10,289.97957983359885,0.4844913600891862,0.89598114824336,0.26233036408202326,145950.038580247,7164.506172839523,153114.54475308652,143,56,131.26,44,256,34,22.027634961439603,0.5877777777777777,29.861111111111118,1080.5555555555563,24.558080808080827,0
145,4,0,0,300,0.0,0.0,1.0,300,1200,800,400,0.6666666666666666,16,8,8,288.917614945593,0.4844709215904868,0.8956140050262735,0.261820372798522,146000.06858710566,7236.398319615917,153236.4669067216,144,57,132.26,44,256,40,22.0086888850811,0.5878472222222222,29.814814814814817,1080.740740740741,24.56228956228957,0
146,4,0,0,300,0.0,0.0,1.0,300,1250,1000,250,0.8,15,10,5,289.11798052235673,0.48441773504273505,0.8957372041905736,0.2631356709711272,146125.18111282593,7199.483453360779,153324.66456618672,145,58,133.26,44,256,38,21.884188290371384,0.5880208333333333,29.69907407407408,1081.2037037037048,24.572811447811475,0
147,4,0,0,300,0.0,0.0,1.0,300,1150,1000,150,0.8695652173913043,13,10,3,288.260017898513,0.48438707729468594,0.8955501327168425,0.26280942615431174,146175.24112654323,7277.295524691359,153452.53665123458,146,59,134.26,44,256,39,21.85974826611868,0.5880902777777778,29.65277777777778,1081.388888888889,24.577020202020204,0
148,4,0,0,300,0.0,0.0,1.0,300,1200,1000,200,0.8333333333333334,14,10,4,285.27804192947207,0.4843396971386102,0.8943801534993865,0.26099478182161506,146275.38687414274,7145.831189986294,153421.21806412903,147,60,135.26,44,256,38,21.845131102171248,0.5882291666666667,29.56018518518519,1081.75925925926,24.585437710437727,0
149,4,1,0,301,0.0033222591362126247,0.0,1.0,301,1600,1300,300,0.8125,19,13,6,284.9699184608683,0.48418050941306756,0.8947654601864314,0.2612406505000053,146333.6395731594,6740.137067449057,153073.77664060844,148,0,135.80730897009965,45,256,40,21.798084972791976,0.5886973975636767,29.50634057971014,1081.9746376811584,24.043880837359076,0
150,4,0,0,301,0.0,0.0,1.0,301,1650,1300,350,0.7878787878787878,20,13,7,286.4231034172971,0.484124677002584,0.8953389669105885,0.26346956603027577,146431.6609315926,6738.282152515223,153169.94308410783,149,1,136.80730897009965,45,256,38,21.6656031188105,0.5888358250276855,29.415760869565215,1082.3369565217388,24.05193236714975,0
151,4,0,0,301,0.0,0.0,1.0,301,1250,1000,250,0.8,15,10,5,290.38395439727145,0.48407761166482094,0.8966753507493015,0.2682573254146045,146554.2337809809,7261.399587796681,153815.63336877758,150,2,137.80730897009965,45,256,43,21.4419162344543,0.5890088593576965,29.30253623188406,1082.7898550724638,24.061996779388082,0
152,4,0,0,301,0.0,0.0,1.0,301,1150,900,250,0.782608695652174,14,9,5,293.22302664134514,0.4840540789959395,0.8975879442785235,0.27134477604674323,146603.27727893303,7447.49133585382,154050.76861478685,151,3,138.80730897009965,45,256,42,21.318445410951266,0.589078073089701,29.257246376811597,1082.971014492754,24.06602254428342,0
153,4,0,0,301,0.0,0.0,1.0,301,1350,1100,250,0.8148148148148148,16,11,5,292.6942298833667,0.4840240863787375,0.897473899611047,0.2715539406652586,146676.85790964353,7236.293993515023,153913.15190315855,152,4,139.80730897009965,45,256,39,21.26283900549098,0.5891818936877076,29.189311594202902,1083.242753623189,24.07206119162642,0
154,4,0,0,301,0.0,0.0,1.0,301,1100,700,400,0.6363636363636364,15,7,8,289.0647885948638,0.483969638242894,0.8961010575366235,0.2693641947224749,146801.71467764056,7387.041323731135,154188.7560013717,153,5,140.80730897009965,44,257,39,21.24255952380952,0.5893549280177187,29.074074074074073,1083.7037037037035,24.629629629629623,0
155,4,0,0,301,0.0,0.0,1.0,301,750,600,150,0.8,9,6,3,289.0647885948638,0.483969638242894,0.8961010575366235,0.2693641947224749,146801.71467764056,7737.041323731134,154538.7560013717,154,6,141.80730897009965,44,257,42,21.24255952380952,0.5893549280177187,29.074074074074073,1083.7037037037035,24.629629629629623,0
156,4,0,0,301,0.0,0.0,1.0,301,1600,1100,500,0.6875,21,11,10,290.9481265510586,0.4839013473606497,0.8970241523416114,0.2725602049530316,146952.26766117965,6951.097393689983,153903.36505486962,155,7,142.80730897009965,44,257,37,21.04860518075719,0.5895625692137321,28.935185185185183,1084.259259259259,24.642255892255886,0
157,4,0,0,301,0.0,0.0,1.0,301,1150,800,350,0.6956521739130435,15,8,7,291.5025615956584,0.48387735326688813,0.8972811252965087,0.27380669638892924,147027.57308813444,7421.782836076818,154449.35592421127,156,8,143.80730897009965,44,257,40,20.96210762969919,0.5896663898117387,28.86574074074074,1084.5370370370372,24.648569023569028,0
158,4,0,0,301,0.0,0.0,1.0,301,600,500,100,0.8333333333333334,7,5,2,290.3948406225676,0.4838635105204873,0.8968051971772433,0.27300844005238817,147052.67918381342,7940.66786694101,154993.34705075444,157,9,144.80730897009965,44,257,39,20.968321381822314,0.5897009966777409,28.84259259259259,1084.6296296296296,24.650673400673398,0
159,4,0,0,301,0.0,0.0,1.0,301,1300,900,400,0.6923076923076923,17,9,8,293.274437766782,0.483827980804725,0.8976836045746135,0.27669805650170304,147153.125,7331.249999999998,154484.375,158,10,145.80730897009965,44,257,38,20.794930875576043,0.5898394241417497,28.75,1085.0,24.65909090909091,0
160,4,0,0,301,0.0,0.0,1.0,301,900,500,400,0.5555555555555556,13,5,8,292.42874288943784,0.48381736803248426,0.8973354171988068,0.27614604656900277,147178.24181241437,7707.829646776412,154886.07145919077,159,11,146.80730897009965,44,257,42,20.794045282589526,0.5898740310077519,28.726851851851855,1085.0925925925933,24.6611952861953,0
161,4,0,0,301,0.0,0.0,1.0,301,1450,1100,350,0.7586206896551724,18,11,7,293.406558435359,0.4837366186784791,0.8976701683797437,0.27855804839308385,147328.98769718804,7195.458247599466,154524.4459447875,160,12,147.80730897009965,44,257,40,20.624555792466236,0.5900816722037652,28.58796296296297,1085.6481481481492,24.67382154882157,0
162,4,0,0,301,0.0,0.0,1.0,301,1200,900,300,0.75,15,9,6,293.95158494776547,0.4836969361387966,0.8979521422452672,0.2798266386580678,147404.38957476002,7465.950788751724,154870.34036351173,161,13,148.80730897009965,44,257,38,20.53827734197364,0.5901854928017718,28.518518518518523,1085.9259259259265,24.680134680134696,0
163,4,0,0,301,0.0,0.0,1.0,301,1550,1100,450,0.7096774193548387,20,11,9,295.2153060936962,0.4836323366555925,0.8981754332910579,0.28229512521575717,147530.10223765453,7160.628858024708,154690.73109567925,162,14,149.80730897009965,44,257,36,20.384812068524674,0.5903585271317829,28.402777777777786,1086.3888888888905,24.690656565656603,0
164,4,0,0,301,0.0,0.0,1.0,301,1300,1100,200,0.8461538461538461,15,11,4,297.7795632890204,0.4835658914728682,0.8991117810852556,0.28603408460609836,147655.86848422498,7493.780006858706,155149.64849108367,163,15,150.80730897009965,44,257,38,20.19598029192934,0.5905315614617941,28.287037037037035,1086.8518518518517,24.70117845117845,0
165,4,0,0,301,0.0,0.0,1.0,301,1200,900,300,0.75,15,9,6,297.1793162797178,0.48351328903654484,0.8989601422281177,0.28623317083184313,147731.353952332,7580.540552126207,155311.8945044582,164,16,151.80730897009965,44,257,41,20.140781591573695,0.5906699889258029,28.217592592592595,1087.12962962963,24.707491582491592,0
166,4,0,0,301,0.0,0.0,1.0,301,700,600,100,0.8571428571428571,8,6,2,296.971565302917,0.48345745662606127,0.8987920214864882,0.28707251312615295,147832.03124999997,8080.381944444446,155912.4131944444,165,17,152.80730897009965,43,258,39,20.051085568326947,0.5908084163898117,28.125,1087.4999999999998,25.2906976744186,0
167,4,0,0,301,0.0,0.0,1.0,301,900,600,300,0.6666666666666666,12,6,6,297.11270698978865,0.4834288482834994,0.898920520294965,0.28799340608218127,147907.5617283951,7889.043209876547,155796.60493827166,166,18,153.80730897009965,44,257,40,19.97574055158325,0.5909122369878184,28.055555555555557,1087.777777777778,24.72222222222223,0
168,4,0,0,301,0.0,0.0,1.0,301,1100,700,400,0.6363636363636364,15,7,8,296.313816778574,0.483390550018457,0.8987436143838463,0.2880052655885049,147983.1114969136,7669.88811728395,155652.99961419756,167,19,154.80730897009965,44,257,41,19.925963747766133,0.591016057585825,27.98611111111111,1088.0555555555557,24.728535353535356,0
169,4,0,0,301,0.0,0.0,1.0,301,1350,900,450,0.6666666666666666,18,9,9,297.99618713873093,0.48335732742709486,0.8993719847593877,0.29016977526441623,148033.48872599445,7472.68304183813,155506.1717678326,168,20,155.80730897009965,44,257,38,19.83252502907059,0.5910852713178294,27.939814814814813,1088.2407407407404,24.7327441077441,0
170,4,0,0,301,0.0,0.0,1.0,301,1600,1200,400,0.75,20,12,8,300.39858551852626,0.48330749354005165,0.899992285644772,0.29358156026112303,148134.2689043208,7299.864969135783,155434.1338734566,169,21,156.80730897009965,44,257,37,19.671791273283997,0.5912236987818383,27.847222222222214,1088.6111111111097,24.741161616161584,0
171,4,0,0,301,0.0,0.0,1.0,301,1000,800,200,0.8,12,8,4,301.9341027787781,0.483296880767811,0.9004333799169186,0.2953528436333502,148159.46930727008,7946.87928669409,156106.34859396415,170,22,157.80730897009965,44,257,41,19.60615467483132,0.5912583056478405,27.82407407407407,1088.7037037037026,24.743265993265968,0
172,4,0,0,301,0.0,0.0,1.0,301,1500,800,700,0.5333333333333333,22,8,14,302.93367346938794,0.48327703949796974,0.9007305580039331,0.296875,148209.8765432098,7479.552469135795,155689.4290123456,171,23,158.80730897009965,44,257,37,19.531249999999996,0.591327519379845,27.777777777777775,1088.8888888888882,24.747474747474733,0
173,4,0,0,301,0.0,0.0,1.0,301,1100,900,200,0.8181818181818182,13,9,4,302.98402512223726,0.4832631967515688,0.9008409742092021,0.2971972576699441,148235.0833762001,7882.572445130301,156117.6558213304,172,24,159.80730897009965,44,257,39,19.506029816058724,0.5913621262458472,27.754629629629623,1088.9814814814802,24.749579124579096,0
174,4,0,0,301,0.0,0.0,1.0,301,1000,700,300,0.7,13,7,6,304.01342236851644,0.48321474713916573,0.9015706611143208,0.2995830760123924,148361.14969135803,8020.756172839507,156381.90586419753,173,25,160.80730897009965,44,257,43,19.358745537990817,0.5915351605758583,27.63888888888889,1089.4444444444446,24.760101010101014,0
175,4,0,0,301,0.0,0.0,1.0,301,1150,600,550,0.5217391304347826,17,6,11,306.9210618653233,0.4831584533038022,0.9024267365796508,0.3038492699088915,148487.26959019198,7964.7740912208465,156452.04368141282,174,26,161.80730897009965,44,257,41,19.16025967773907,0.5917081949058693,27.523148148148145,1089.907407407407,24.770622895622886,0
176,4,0,0,301,0.0,0.0,1.0,301,1000,700,300,0.7,13,7,6,307.999282910649,0.48311507936507936,0.9025540255092175,0.3057658985657655,148562.96724965697,8151.457475994509,156714.42472565148,175,27,162.80730897009965,44,257,41,19.059297321782466,0.591812015503876,27.453703703703702,1090.1851851851845,24.776936026936013,0
177,4,0,0,301,0.0,0.0,1.0,301,1550,900,650,0.5806451612903226,22,9,13,307.05477615941373,0.48304448135843486,0.9024784391586618,0.3065343443354149,148714.42043895752,7582.694615912213,156297.11505486973,176,28,163.80730897009965,44,257,36,18.94188596491228,0.5920196566998892,27.314814814814817,1090.740740740741,24.789562289562298,0
178,4,0,0,301,0.0,0.0,1.0,301,1050,700,350,0.6666666666666666,14,7,7,307.1560912538301,0.48297665190107053,0.9022167657800262,0.3080710242916077,148840.69037208517,8093.464934842259,156934.15530692742,177,29,164.80730897009965,44,257,40,18.819827464290775,0.5921926910299004,27.19907407407408,1091.2037037037046,24.800084175084194,0
179,4,0,0,301,0.0,0.0,1.0,301,1050,700,350,0.6666666666666666,14,7,7,306.04245982115367,0.48294573643410854,0.9018534130314753,0.3075296226693893,148891.21334876545,8063.406635802471,156954.61998456792,178,30,165.80730897009965,44,257,40,18.80249427335201,0.5922619047619048,27.15277777777778,1091.388888888889,24.80429292929293,0
180,4,0,0,301,0.0,0.0,1.0,301,1300,900,400,0.6923076923076923,17,9,8,309.3303121179031,0.48287606127722404,0.903157472724754,0.3129400913436953,149072.8143215551,7922.548036476164,156995.36235803127,179,31,166.80730897009965,42,259,39,18.54129695356403,0.5925041528239203,26.986434108527128,1092.0542635658908,26.001291989664065,0
181,4,0,0,301,0.0,0.0,1.0,301,1100,600,500,0.5454545454545454,16,6,10,312.2986745956871,0.4828640642303433,0.9039610100233675,0.3165675053995128,149125.7286220779,8214.353479358202,157340.0821014361,180,32,167.80730897009965,42,259,39,18.410293943695297,0.5925733665559247,26.937984496124027,1092.2480620155031,26.00590623846436,0
182,4,0,0,301,0.0,0.0,1.0,301,800,300,500,0.375,13,3,10,313.20166165812714,0.48280361757105944,0.9039709187419491,0.31874205206290984,149231.5853915029,8547.916103299072,157779.50149480195,181,33,168.80730897009965,42,259,40,18.285702672342424,0.5927117940199336,26.841085271317827,1092.6356589147283,26.015134736064958,0
183,4,0,0,301,0.0,0.0,1.0,301,1050,800,250,0.7619047619047619,13,8,5,314.86453774961046,0.48275055370985603,0.904563393887986,0.3217094190050364,149337.47971876676,8354.215304068253,157691.69502283502,182,34,169.80730897009965,42,259,39,18.14032949172577,0.5928502214839424,26.744186046511622,1093.0232558139523,26.024363233665532,0
184,4,0,0,301,0.0,0.0,1.0,301,950,500,450,0.5263157894736842,14,5,9,313.61985232275623,0.4827260981912145,0.904099730202639,0.3210761500821538,149390.44096658845,8420.361606874574,157810.802573463,183,35,170.80730897009965,42,259,39,18.12437215623707,0.5929194352159468,26.69573643410852,1093.2170542635652,26.028977482465837,0
185,4,0,0,301,0.0,0.0,1.0,301,1050,800,250,0.7619047619047619,13,8,5,312.69698340980403,0.48271225544481355,0.9037540085442985,0.3204505053417634,149416.92511154662,8294.444350549831,157711.36946209645,184,36,171.80730897009965,42,259,39,18.124612248515476,0.592954042081949,26.67151162790697,1093.3139534883708,26.03128460686597,0
186,4,0,0,301,0.0,0.0,1.0,301,1450,1200,250,0.8275862068965517,17,12,5,312.69698340980403,0.48271225544481355,0.9037540085442985,0.3204505053417634,149416.92511154662,7894.444350549831,157311.36946209645,185,37,172.80730897009965,42,259,36,18.124612248515476,0.592954042081949,26.67151162790697,1093.3139534883708,26.03128460686597,0
187,4,0,0,301,0.0,0.0,1.0,301,1500,1300,200,0.8666666666666667,17,13,4,312.2833722251202,0.4826933370247324,0.9037716546675754,0.32066586492815985,149469.90044355782,7835.392911333431,157305.29335489124,186,38,173.80730897009965,42,259,36,18.08595480726628,0.5930232558139534,26.623062015503866,1093.5077519379827,26.035898855666254,0
188,4,0,0,301,0.0,0.0,1.0,301,1400,1100,300,0.7857142857142857,17,11,6,312.2833722251202,0.4826933370247324,0.9037716546675754,0.32066586492815985,149469.90044355782,7935.392911333431,157405.29335489124,187,39,174.80730897009965,42,259,37,18.08595480726628,0.5930232558139534,26.623062015503866,1093.5077519379827,26.035898855666254,0
189,4,0,0,301,0.0,0.0,1.0,301,950,600,350,0.631578947368421,13,6,7,312.60550870542727,0.4826324289405685,0.9038615510624783,0.32243025326474073,149587.92470156102,8402.401859504125,157990.32656106513,188,40,175.80730897009965,43,258,40,17.965864496768233,0.5931962901439646,26.515151515151512,1093.9393939393935,25.44045102184636,0
190,4,0,0,301,0.0,0.0,1.0,301,1050,600,450,0.5714285714285714,15,6,9,314.21690995333506,0.48260520487264674,0.9039546787955686,0.3247282806440815,149639.72555813805,8353.866434228636,157993.59199236668,189,41,176.80730897009965,43,258,40,17.872958859846513,0.593265503875969,26.467803030303024,1094.1287878787866,25.444855532064807,0
191,4,0,0,301,0.0,0.0,1.0,301,1000,700,300,0.7,13,7,6,316.4620657023649,0.48259136212624587,0.9044566575284174,0.32736966599738815,149665.62934924522,8472.698845701325,158138.32819494655,190,42,177.80730897009965,43,258,40,17.78712317899899,0.5933001107419712,26.444128787878785,1094.2234848484845,25.44705778717406,0
192,4,0,0,301,0.0,0.0,1.0,301,950,500,450,0.5263157894736842,14,5,9,316.9633825358356,0.482530915466962,0.9048449684257478,0.32918056951767505,149769.2669324639,8544.274689365247,158313.54162182915,191,43,178.80730897009965,43,258,42,17.675710845805575,0.5934385382059801,26.34943181818182,1094.6022727272732,25.455866807611006,0
193,4,0,0,301,0.0,0.0,1.0,301,1250,1000,250,0.8,15,10,5,317.3181990601133,0.4825064599483204,0.9048872929119873,0.3301994328833455,149821.0991753472,8258.192274305555,158079.29144965275,192,44,179.80730897009965,43,258,36,17.617150333016177,0.5935077519379846,26.302083333333332,1094.7916666666663,25.46027131782945,0
194,4,0,0,301,0.0,0.0,1.0,301,1350,1200,150,0.8888888888888888,15,12,3,315.9082428453777,0.4824986157253599,0.9045503428710491,0.3293820569901805,149872.94038574665,8119.21944946625,157992.1598352129,193,45,180.80730897009965,43,258,38,17.606896278359134,0.593576965669989,26.254734848484848,1094.9810606060605,25.46467582804792,0
195,4,0,0,301,0.0,0.0,1.0,301,1200,800,400,0.6666666666666666,16,8,8,318.23578790830373,0.4824640088593577,0.9052752534066446,0.3324658434651791,149924.7905636621,8342.286770402883,158267.077334065,194,46,181.80730897009965,43,258,35,17.494325551232176,0.5936461794019934,26.20738636363636,1095.1704545454538,25.46908033826637,0
196,4,0,0,301,0.0,0.0,1.0,301,1100,700,400,0.6363636363636364,15,7,8,318.66524052248906,0.482438169066076,0.9054985887723379,0.3332443193384363,149950.71901543828,8456.816388314952,158407.53540375322,195,47,182.80730897009965,43,258,37,17.458138797625224,0.5937153931339978,26.183712121212114,1095.2651515151501,25.471282593375584,0
197,4,0,0,301,0.0,0.0,1.0,301,1400,1100,300,0.7857142857142857,17,11,6,317.42181856483677,0.4823717238833518,0.9053049902801675,0.33326410533531386,150054.45524133372,8126.111613292003,158180.56685462574,196,48,183.80730897009965,43,258,41,17.394482857966004,0.5938538205980066,26.08901515151515,1095.6439393939388,25.48009161381253,0
198,4,0,0,301,0.0,0.0,1.0,301,1050,800,250,0.7619047619047619,13,8,5,321.1483151847186,0.4823338870431894,0.9060631963599088,0.3381924995101647,150132.88432936723,8592.98457123971,158725.86890060693,197,49,184.80730897009965,42,259,41,17.21853816681402,0.5939576411960132,26.017441860465116,1095.9302325581396,26.09357696566999,0
199,4,0,0,301,0.0,0.0,1.0,301,1250,1100,150,0.88,14,11,3,324.11897768126005,0.48230066445182723,0.9068633785542777,0.34201808540395623,150185.98641908527,8485.625676041098,158671.61209512636,198,50,185.80730897009965,42,259,39,17.087127239509663,0.5940614617940199,25.968992248062012,1096.124031007751,26.098191214470262,0
200,4,0,0,301,0.0,0.0,1.0,301,850,700,150,0.8235294117647058,10,7,3,325.9044557360156,0.48227713178294573,0.9074359993821786,0.34460588899039973,150239.09789826316,8942.718286160673,159181.81618442383,199,51,186.80730897009965,42,259,39,16.988170997584113,0.5941652823920266,25.920542635658908,1096.3178294573631,26.10280546327055,0
201,4,0,0,301,0.0,0.0,1.0,301,1200,900,300,0.75,15,9,6,325.3526156953864,0.4822383720930232,0.907309938859511,0.3450811201335227,150318.7827222673,8581.321829367223,158900.10455163452,200,52,187.80730897009965,42,259,39,16.928256899649487,0.5942691029900332,25.847868217054263,1096.608527131783,26.109726836471022,0
202,4,0,0,301,0.0,0.0,1.0,301,950,700,250,0.7368421052631579,12,7,5,327.07963060903705,0.4822268364710225,0.907747574058082,0.3472689736616398,150345.34902499843,8884.980244576644,159230.32926957507,201,53,188.80730897009965,42,259,39,16.855893267361722,0.5943037098560354,25.82364341085271,1096.7054263565885,26.112033960871155,0
203,4,0,0,301,0.0,0.0,1.0,301,750,600,150,0.8,9,6,3,329.0877977832008,0.48221714654854186,0.9082103739368643,0.34976007353127225,150371.9176750946,9147.112647226728,159519.0303223213,202,54,189.80730897009965,42,259,40,16.7758120564243,0.5943383167220376,25.799418604651162,1096.802325581395,26.11434108527131,0
204,4,0,0,301,0.0,0.0,1.0,301,1000,600,400,0.6,14,6,8,328.49111613330183,0.482202842377261,0.9080420976016343,0.34948490926964054,150398.4886725557,8880.913481761909,159279.4021543176,203,55,190.80730897009965,42,259,35,16.767152532391048,0.59437292358804,25.77519379844961,1096.8992248062011,26.116648209671457,0
205,4,0,0,301,0.0,0.0,1.0,301,1200,800,400,0.6666666666666666,16,8,8,328.10328409655676,0.48215393133997786,0.9077897778402415,0.35015207217957695,150478.21574912858,8674.479354455854,159152.69510358444,204,56,191.80730897009965,42,259,35,16.70272895875651,0.5945113510520488,25.702519379844958,1097.1899224806195,26.123569582871895,0
206,4,0,0,301,0.0,0.0,1.0,301,850,500,350,0.5882352941176471,12,5,7,328.6332526510187,0.48214285714285715,0.908025291885872,0.351079523869824,150504.79613604938,9042.176138753668,159546.97227480303,205,57,192.80730897009965,42,259,38,16.663171140939596,0.594545957918051,25.678294573643406,1097.2868217054254,26.125876707272035,0
207,4,0,0,301,0.0,0.0,1.0,301,950,700,250,0.7368421052631579,12,7,5,328.80719413472644,0.48211378737541527,0.9080925727004516,0.35199151992154143,150557.9639519859,8950.908336337943,159508.87228832385,206,58,193.80730897009965,42,259,36,16.608356877979865,0.5946151716500554,25.629844961240302,1097.4806201550375,26.13049095607232,0
208,4,0,0,301,0.0,0.0,1.0,301,800,500,300,0.625,11,5,6,329.0279371242902,0.4821017903285345,0.9082775492773425,0.35259218957491323,150584.5513810017,9109.304860735527,159693.8562417372,207,59,194.80730897009965,42,259,40,16.577278479150117,0.5946497785160576,25.605620155038757,1097.5775193798445,26.132798080472487,0
209,4,0,0,301,0.0,0.0,1.0,301,800,400,400,0.5,12,4,8,328.7843083488291,0.4820542635658915,0.9083027155729797,0.3534275344964168,150664.3277522384,9107.213358572193,159771.5411108106,208,60,195.80730897009965,42,259,38,16.508899676375403,0.5947535991140642,25.532945736434105,1097.8682170542631,26.13971945367293,0
210,4,0,0,301,0.0,0.0,1.0,301,1050,800,250,0.7619047619047619,13,8,5,325.88791527019947,0.4820127353266888,0.907420278825867,0.35140701653255646,150744.12524975953,8775.137743374788,159519.26299313433,209,61,196.80730897009965,42,259,37,16.513353333921586,0.5948574197120708,25.460271317829452,1098.1589147286813,26.146640826873366,0
211,4,0,0,301,0.0,0.0,1.0,301,1150,700,450,0.6086956521739131,16,7,9,326.38616352796396,0.4819818198597268,0.9075212711333891,0.3530451860451335,150823.94387356524,8695.369681809982,159519.3135553752,210,62,197.80730897009965,42,259,38,16.42462802869913,0.5949612403100775,25.387596899224803,1098.4496124031004,26.15356220007382,0
212,4,0,0,301,0.0,0.0,1.0,301,1350,1000,350,0.7407407407407407,17,10,7,326.91988050582887,0.4819006090808416,0.907250712475004,0.35556749890066935,150963.67730034707,8520.605468749987,159484.28276909707,211,63,198.80730897009965,43,258,39,16.27863349131121,0.5951688815060908,25.26041666666666,1098.9583333333323,25.557170542635635,0
213,4,0,0,301,0.0,0.0,1.0,301,1150,800,350,0.6956521739130435,15,8,7,327.0849591123021,0.4818646179401993,0.9072377624779333,0.3568423125353009,151041.73840679514,8730.696166207517,159772.43457300265,212,64,199.80730897009965,43,258,35,16.200752354697904,0.5952727021040974,25.189393939393934,1099.2424242424236,25.56377730796334,0
214,4,0,0,301,0.0,0.0,1.0,301,1050,500,550,0.47619047619047616,16,5,11,327.0849591123021,0.4818646179401993,0.9072377624779333,0.3568423125353009,151041.73840679514,8830.696166207517,159872.43457300265,213,65,200.80730897009965,43,258,39,16.200752354697904,0.5952727021040974,25.189393939393934,1099.2424242424236,25.56377730796334,0
215,4,0,0,301,0.0,0.0,1.0,301,1300,800,500,0.6153846153846154,18,8,10,327.4769490034445,0.4818323181985973,0.9074766138536863,0.35837274786795414,151119.81969015437,8597.65149721648,159717.47118737086,214,66,201.80730897009965,43,258,36,16.116631498866017,0.5953765227021042,25.11837121212121,1099.526515151515,25.57038407329105,0
216,4,0,0,301,0.0,0.0,1.0,301,1250,1000,250,0.8,15,10,5,329.2437359007668,0.481797249907715,0.9079167255466107,0.361421242793148,151197.92115042472,8706.193683999081,159904.11483442382,215,67,202.80730897009965,43,258,34,15.994704666781466,0.5954803433001108,25.047348484848484,1099.8106060606062,25.576990838618748,0
217,4,0,0,301,0.0,0.0,1.0,301,1600,1300,300,0.8125,19,13,6,329.7176308539945,0.4817686415651532,0.907882814859559,0.3626893939393939,151250.0,8373.958333333332,159623.95833333334,216,68,203.80730897009965,42,259,37,15.932765151515149,0.5955495570321152,25.0,1100.0,26.19047619047619,0
218,4,0,0,301,0.0,0.0,1.0,301,900,600,300,0.6666666666666666,12,6,6,329.7176308539945,0.4817686415651532,0.907882814859559,0.3626893939393939,151250.0,9073.958333333332,160323.95833333334,217,69,204.80730897009965,42,259,37,15.932765151515149,0.5955495570321152,25.0,1100.0,26.19047619047619,0
219,4,0,0,301,0.0,0.0,1.0,301,750,600,150,0.8,9,6,3,328.6756358434347,0.4817271133259506,0.9075809242931605,0.36269308503422765,151329.9524236075,9197.69366699719,160527.64609060469,218,70,205.80730897009965,42,259,40,15.886356964626453,0.5956533776301218,24.927325581395355,1100.2906976744196,26.197397563676656,0
220,4,0,0,301,0.0,0.0,1.0,301,850,400,450,0.47058823529411764,13,4,9,329.8588310943845,0.4817049649317091,0.9077235723602781,0.36477183493076215,151383.26577617045,9137.021419235638,160520.2871954061,219,71,206.80730897009965,42,259,38,15.8037627307681,0.5957225913621262,24.878875968992254,1100.4844961240321,26.202011812476957,0
221,4,0,0,301,0.0,0.0,1.0,301,1350,1200,150,0.8888888888888888,15,12,3,332.4405499900813,0.4816629752676264,0.9085033456553275,0.36880123514524665,151463.2534102519,8720.505453398246,160183.75886365015,220,72,207.80730897009965,42,259,38,15.657643779342731,0.5958264119601329,24.806201550387602,1100.7751937984503,26.208933185677388,0
222,4,0,0,301,0.0,0.0,1.0,301,1300,1100,200,0.8461538461538461,15,11,4,330.62874406181595,0.481609911406423,0.9078327433721456,0.3683593183841648,151569.9364521365,8722.675545339844,160292.61199747634,221,73,208.80730897009965,42,259,35,15.607400563181972,0.5959648394241417,24.709302325581405,1101.162790697676,26.218161683277998,0
223,4,0,0,301,0.0,0.0,1.0,301,1050,900,150,0.8571428571428571,12,9,3,330.01599332937036,0.4815988372093023,0.907690306399112,0.3680698492824629,151596.61308101998,8955.861370260216,160552.4744512802,222,74,209.80730897009965,42,259,38,15.599244757295791,0.5959994462901439,24.685077519379853,1101.259689922482,26.220468807678145,0
224,4,0,0,301,0.0,0.0,1.0,301,800,400,400,0.5,12,4,8,329.21562966162435,0.4815388519748985,0.9076988219699837,0.3687539402584247,151703.3430702033,9188.622322126092,160891.96539232938,223,75,210.80730897009965,42,259,38,15.52119066467295,0.5961378737541528,24.588178294573652,1101.6472868217068,26.229697305278734,0
225,4,0,0,301,0.0,0.0,1.0,301,1400,1100,300,0.7857142857142857,17,11,6,329.06407151648614,0.48147932816537464,0.9078915776320298,0.37057175736916054,151836.80837239386,8592.807673817711,160429.61604621157,224,76,211.80730897009965,42,259,37,15.400254967469671,0.5963109080841639,24.467054263565906,1102.1317829457391,26.241232927279505,0
226,4,0,0,301,0.0,0.0,1.0,301,1050,400,650,0.38095238095238093,17,4,13,327.1270815159012,0.48145118124769287,0.9072804668918892,0.3691862777108033,151890.21092482447,8887.480282134513,160777.691206959,225,77,212.80730897009965,42,259,39,15.403590893108307,0.5963801218161684,24.418604651162802,1102.3255813953506,26.245847176079774,0
227,4,0,0,301,0.0,0.0,1.0,301,900,500,400,0.5555555555555556,13,5,8,326.8781461147152,0.4814304171280916,0.9071466822083063,0.36970373225578856,151943.62286671493,9033.409951325059,160977.03281804,226,78,213.80730897009965,42,259,39,15.360417765278019,0.5964493355481728,24.370155038759698,1102.5193798449627,26.250461424880065,0
228,4,0,0,301,0.0,0.0,1.0,301,600,400,200,0.6666666666666666,8,4,4,326.7435419666945,0.4814184200812108,0.9072053520517342,0.36995171781482794,151970.33235870762,9331.064933747995,161301.3972924556,227,79,214.80730897009965,42,259,40,15.339111521223312,0.596483942414175,24.34593023255815,1102.616279069769,26.252768549280216,0
229,4,0,0,301,0.0,0.0,1.0,301,1000,700,300,0.7,13,7,6,327.3105785125637,0.48138658176448873,0.9074983922904676,0.37139797547871295,152023.7583847877,8951.796860915827,160975.55524570355,228,80,215.80730897009965,42,259,35,15.273445508596202,0.5965531561461794,24.297480620155046,1102.810077519381,26.2573827980805,0
230,4,0,0,301,0.0,0.0,1.0,301,900,500,400,0.5555555555555556,13,5,8,325.1132508843518,0.48134551495016614,0.9069212953775536,0.37010892480674634,152103.91502914502,8990.19965747252,161094.11468661754,229,81,216.80730897009965,42,259,40,15.258989224642777,0.596656976744186,24.224806201550393,1103.1007751937996,26.26430417128094,0
231,4,0,0,301,0.0,0.0,1.0,301,750,500,250,0.6666666666666666,10,5,5,325.1132508843518,0.48134551495016614,0.9069212953775536,0.37010892480674634,152103.91502914502,9140.19965747252,161244.11468661754,230,82,217.80730897009965,42,259,37,15.258989224642777,0.596656976744186,24.224806201550393,1103.1007751937996,26.26430417128094,0
232,4,0,0,301,0.0,0.0,1.0,301,650,500,150,0.7692307692307693,8,5,3,324.756684220476,0.48132844222960497,0.9067876677834239,0.3705089786106555,152157.36452887452,9232.824236824716,161390.18876569922,231,83,218.80730897009965,42,259,39,15.218799402775339,0.5967261904761905,24.17635658914729,1103.2945736434112,26.26891842008122,0
233,4,0,0,301,0.0,0.0,1.0,301,700,500,200,0.7142857142857143,9,5,4,323.7127096004742,0.4813113695090439,0.9063946850856035,0.3697208248967505,152184.09279978686,9152.78500766182,161336.87780744868,232,84,219.80730897009965,42,259,40,15.222585697140019,0.5967607973421927,24.152131782945744,1103.3914728682184,26.271225544481393,0
234,4,0,0,301,0.0,0.0,1.0,301,1150,600,550,0.5217391304347826,17,6,11,325.5968782690643,0.4812873754152824,0.9068883567491977,0.3726857132267714,152237.55638370608,8763.614622769084,161001.17100647517,233,85,220.80730897009965,42,259,36,15.120584189422548,0.5968300110741971,24.103682170542644,1103.5852713178308,26.275839793281687,0
235,4,0,0,301,0.0,0.0,1.0,301,750,600,150,0.8,9,6,3,326.31258010247785,0.4812726098191214,0.9068802058861538,0.37432292043779736,152291.029357085,9188.895743194531,161479.92510027954,234,86,221.80730897009965,42,259,37,15.050807655166363,0.5968992248062015,24.05523255813954,1103.7790697674427,26.28045404208197,0
236,4,0,0,301,0.0,0.0,1.0,301,500,300,200,0.6,7,3,4,325.52026826434445,0.48126338132152086,0.9066629493448799,0.3738232758132475,152317.76936482196,9416.504229012688,161734.27359383466,235,87,222.80730897009965,42,259,37,15.047657713014978,0.5969338316722037,24.031007751937988,1103.875968992249,26.282761166482118,0
237,4,0,0,301,0.0,0.0,1.0,301,800,700,100,0.875,9,7,2,325.0063487838934,0.48125092284976007,0.9065961992748941,0.37364251581179625,152344.51171992382,9102.58670227151,161447.09842219533,236,88,223.80730897009965,42,259,40,15.036828169343753,0.5969684385382059,24.00678294573644,1103.9728682170553,26.28506829088227,0
238,4,0,0,301,0.0,0.0,1.0,301,1450,1000,450,0.6896551724137931,19,10,9,327.1267214756156,0.48121954595791805,0.9070729486011873,0.3773214694267328,152424.75286941908,8522.441935580813,160947.1948049999,237,89,224.80730897009965,42,259,35,14.903255528255535,0.5970722591362126,23.93410852713179,1104.2635658914742,26.291989664082717,0
239,4,0,0,301,0.0,0.0,1.0,301,650,500,150,0.7692307692307693,8,5,3,327.1267214756156,0.48121954595791805,0.9070729486011873,0.3773214694267328,152424.75286941908,9322.441935580813,161747.1948049999,238,90,225.80730897009965,42,259,38,14.903255528255535,0.5970722591362126,23.93410852713179,1104.2635658914742,26.291989664082717,0
240,4,0,0,301,0.0,0.0,1.0,301,1100,900,200,0.8181818181818182,13,9,4,329.43275034802264,0.4812070874861572,0.9075577095680303,0.3803997016936593,152451.5046139807,8944.503691935597,161396.0083059163,239,91,226.80730897009965,42,259,39,14.814571085958297,0.5971068660022149,23.90988372093024,1104.3604651162802,26.294296788482864,0
241,4,0,0,301,0.0,0.0,1.0,301,1500,1300,200,0.8666666666666667,17,13,4,333.16902246767745,0.48112864525655225,0.9084266267910099,0.3868424841320224,152585.29854726285,8667.338951986061,161252.6374992489,240,92,227.80730897009965,42,259,38,14.586256797053142,0.5972799003322259,23.788759689922482,1104.8449612403106,26.305832410483585,0
242,4,0,0,301,0.0,0.0,1.0,301,800,500,300,0.625,11,5,6,333.724532459672,0.48111849390919154,0.9086353972828156,0.38791649782238946,152612.06437601414,9386.077966318137,161998.14234233228,241,93,228.80730897009965,42,259,37,14.545879739249909,0.5973145071982282,23.764534883720934,1104.9418604651169,26.308139534883736,0
243,4,0,0,301,0.0,0.0,1.0,301,1300,900,400,0.6923076923076923,17,9,8,334.8146565004043,0.4810991140642304,0.9091279834425949,0.3900471049425036,152665.60307561146,8922.936290637585,161588.53936624905,242,94,229.80730897009965,42,259,35,14.465694870670758,0.5973837209302326,23.71608527131783,1105.1356589147288,26.31275378368402,0
244,4,0,0,301,0.0,0.0,1.0,301,400,100,300,0.25,7,1,6,334.97690653836094,0.48105897009966775,0.9091527540270159,0.3915385809210677,152745.92873024454,9833.271738477255,162579.2004687218,243,95,230.80730897009965,42,259,42,14.386103319308088,0.5974875415282392,23.643410852713178,1105.4263565891472,26.319675156884458,0
245,4,0,0,301,0.0,0.0,1.0,301,750,400,350,0.5333333333333333,11,4,7,334.97690653836094,0.48105897009966775,0.9091527540270159,0.3915385809210677,152745.92873024454,9483.271738477255,162229.2004687218,244,96,231.80730897009965,42,259,37,14.386103319308088,0.5974875415282392,23.643410852713178,1105.4263565891472,26.319675156884458,0
246,4,0,0,301,0.0,0.0,1.0,301,950,700,250,0.7368421052631579,12,7,5,337.634122102554,0.4810257475083057,0.9098535509974492,0.3959653614914945,152826.27551116215,9369.873073282852,162196.148584445,245,97,232.80730897009965,42,259,42,14.237541261356004,0.5975913621262459,23.570736434108525,1105.7170542635656,26.326596530084895,0
247,4,0,0,301,0.0,0.0,1.0,301,700,300,400,0.42857142857142855,11,3,8,338.2407452978979,0.4809763750461425,0.910203532760083,0.3980082336938358,152906.6434183643,9643.851406165497,162550.4948245298,246,98,233.80730897009965,42,259,39,14.145639857484955,0.5976951827242525,23.498062015503876,1106.0077519379847,26.33351790328535,0
248,4,0,0,301,0.0,0.0,1.0,301,1100,800,300,0.7272727272727273,14,8,6,337.08370988654815,0.4809293097083795,0.9099527224803481,0.3979818733996609,152987.03245185086,9213.887292680727,162200.9197445316,247,99,234.80730897009965,42,259,37,14.102507955972087,0.5977990033222591,23.425387596899224,1106.2984496124031,26.34043927648579,0
249,4,0,0,301,0.0,0.0,1.0,301,1250,1100,150,0.88,14,11,3,335.5835615766117,0.4808780915466962,0.9096269876826231,0.39754816112084074,153067.44261162184,9023.38351060633,162090.82612222817,248,100,235.80730897009965,42,259,37,14.068884997081147,0.5979028239202657,23.35271317829457,1106.5891472868211,26.347360649686216,0
250,4,0,0,301,0.0,0.0,1.0,301,1400,1100,300,0.7857142857142857,17,11,6,334.0242458192241,0.48085271317829453,0.9090513020446305,0.39704047450499447,153147.87389767735,8831.020615497859,161978.8945131752,249,101,236.80730897009965,42,259,33,14.036921124047973,0.5980066445182723,23.28003875968992,1106.8798449612398,26.35428202288666,0
251,4,0,0,301,0.0,0.0,1.0,301,800,600,200,0.75,10,6,4,333.5857933859818,0.4808471760797342,0.9090345440501777,0.3969670941293182,153174.68902109243,9419.380032750425,162594.06905384286,250,102,237.80730897009965,42,259,38,14.024021066760033,0.5980412513842747,23.255813953488367,1106.976744186046,26.35658914728681,0
252,4,0,0,301,0.0,0.0,1.0,301,1200,600,600,0.5,18,6,12,332.8574424584274,0.48083379475821336,0.9088427342846974,0.3965481001134024,153201.50649187228,8998.852326332539,162200.3588182048,251,103,238.80730897009965,42,259,33,14.019146608315104,0.5980758582502769,23.231589147286815,1107.0736434108512,26.358896271686934,0
253,4,0,0,301,0.0,0.0,1.0,301,950,700,250,0.7368421052631579,12,7,5,334.0313366735892,0.48079918789221116,0.9089925426503884,0.399300221287215,153281.97298840203,9290.196465056179,162572.16945345822,252,104,239.80730897009965,42,259,38,13.911554952747636,0.5981796788482835,23.158914728682166,1107.3643410852706,26.365817644887393,0
254,4,0,0,301,0.0,0.0,1.0,301,850,600,250,0.7058823529411765,11,6,5,332.51508478325644,0.4807779623477298,0.9085841014059297,0.398390714787486,153335.62905624643,9347.28193918633,162682.91099543276,253,105,240.80730897009965,42,259,37,13.903470399533397,0.5982488925802879,23.110465116279062,1107.5581395348822,26.370431893687673,0
255,4,0,0,301,0.0,0.0,1.0,301,700,500,200,0.7142857142857143,9,5,4,332.51508478325644,0.4807779623477298,0.9085841014059297,0.398390714787486,153335.62905624643,9497.28193918633,162832.91099543276,254,106,241.80730897009965,42,259,39,13.903470399533397,0.5982488925802879,23.110465116279062,1107.5581395348822,26.370431893687673,0
256,4,0,0,301,0.0,0.0,1.0,301,800,600,200,0.75,10,6,4,331.5388562227695,0.4807350498338871,0.9084757131000236,0.39812523154818263,153389.2945135507,9370.902251968017,162760.19676551872,255,107,242.80730897009965,42,259,39,13.880445241427571,0.5983527131782946,23.062015503875962,1107.7519379844948,26.37504614248797,0
257,4,0,0,301,0.0,0.0,1.0,301,1100,900,200,0.8181818181818182,13,9,4,331.1020845647557,0.4807050572166851,0.9086172440183935,0.3985074984119384,153442.96936031483,9061.057403401232,162504.02676371607,256,108,243.80730897009965,42,259,36,13.842487318523698,0.598421926910299,23.013565891472865,1107.945736434108,26.379660391288287,0
258,4,0,0,301,0.0,0.0,1.0,301,850,700,150,0.8235294117647058,10,7,3,333.22411475056424,0.48064645625692143,0.9090168094053894,0.40243761355883867,153523.4992356979,9381.546425244867,162905.04566094276,257,109,244.80730897009965,42,259,40,13.708613855614812,0.5985603543743079,22.940891472868213,1108.2364341085265,26.386581764488728,0
259,4,0,0,301,0.0,0.0,1.0,301,850,400,450,0.47058823529411764,13,4,9,332.39412989829236,0.4806298449612403,0.9087212796153987,0.4023661552929165,153577.83687838548,9359.674292170555,162937.51117055604,258,110,245.80730897009965,41,260,36,13.68095333989677,0.5986295681063123,22.891865079365072,1108.4325396825386,27.03493999225704,0
260,4,0,0,301,0.0,0.0,1.0,301,1450,1200,250,0.8275862068965517,17,12,5,332.37140003438833,0.4806118493909191,0.908817158008596,0.402811065508053,153605.32899502368,8760.803650163749,162366.13264518743,259,111,246.80730897009965,41,260,33,13.655957281785092,0.5986641749723145,22.867063492063483,1108.5317460317442,27.037359659310834,0
261,4,0,0,301,0.0,0.0,1.0,301,1000,800,200,0.8,12,8,4,333.4351296801768,0.48058785529715764,0.9089838928696274,0.4050511966636581,153660.32060972528,9247.149785840253,162907.47039556553,260,112,247.80730897009965,41,260,38,13.57522071104748,0.5987333887043189,22.817460317460313,1108.730158730158,27.04219899341849,0
262,4,0,0,301,0.0,0.0,1.0,301,800,500,300,0.625,11,5,6,333.9058289387741,0.48055786267995565,0.9093003639683785,0.4065794505313307,153715.32206632648,9465.288407029468,163180.61047335595,261,113,248.80730897009965,41,260,38,13.510914295938445,0.5988026024363233,22.76785714285714,1108.9285714285709,27.04703832752612,0
263,4,0,0,301,0.0,0.0,1.0,301,950,700,250,0.7368421052631579,12,7,5,337.0994725974799,0.48052602436323366,0.9100369308280152,0.4119245030723958,153797.84270479018,9419.03433248298,163216.87703727317,262,114,249.80730897009965,41,260,37,13.345463285931485,0.59890642303433,22.693452380952376,1109.22619047619,27.054297328687557,0
264,4,0,0,301,0.0,0.0,1.0,301,950,600,350,0.631578947368421,13,6,7,339.9457072335099,0.4804868032484311,0.9108230077139154,0.4168807883442513,153880.3854875282,9512.195294784568,163392.58078231275,263,115,250.80730897009965,41,260,36,13.18960121602289,0.5990102436323367,22.619047619047613,1109.5238095238083,27.061556329848983,0
265,4,0,0,301,0.0,0.0,1.0,301,750,500,250,0.6666666666666666,10,5,5,340.9740158655713,0.4804706533776301,0.9111182067820423,0.41863824011596196,153907.9046693908,9745.719265715528,163653.62393510633,264,116,251.80730897009965,41,260,39,13.135430636268806,0.5990448504983389,22.594246031746025,1109.623015873015,27.063975996902805,0
266,4,0,0,301,0.0,0.0,1.0,301,1350,1100,250,0.8148148148148148,16,11,5,340.6536379906421,0.48039221114802505,0.9110222404318047,0.42074108268380583,154045.5374858275,9145.234552154177,163190.77203798166,265,117,252.80730897009965,41,260,36,13.016085790884715,0.5992178848283499,22.470238095238088,1110.1190476190463,27.076074332171864,0
267,4,0,0,301,0.0,0.0,1.0,301,1800,1400,400,0.7777777777777778,22,14,8,342.3012832399653,0.4803331487633813,0.9114291768786908,0.4248027233468039,154155.6880275258,8753.537966112366,162909.22599363816,266,118,253.80730897009965,41,260,33,12.867756536239648,0.5993563122923589,22.371031746031743,1110.5158730158728,27.08575300038714,0
268,4,0,0,301,0.0,0.0,1.0,301,250,100,150,0.4,4,1,3,343.5962721272005,0.48029392764857887,0.9116155014025842,0.4271475565208208,154195.4031082866,10346.193137431634,164541.59624571825,267,119,254.80730897009965,42,259,41,12.794814750189028,0.5994255260243633,22.335271317829452,1110.658914728681,26.444259874492406,0
269,4,0,0,301,0.0,0.0,1.0,301,600,300,300,0.5,9,3,6,341.9113761992395,0.48026624215577707,0.9112078139163937,0.4260513061682695,154249.21879694716,9947.912535304351,164197.1313322515,268,120,255.80730897009965,42,259,40,12.791492207490109,0.5994947397563677,22.286821705426348,1110.8527131782935,26.4488741232927,0
270,4,0,0,301,0.0,0.0,1.0,301,950,700,250,0.7368421052631579,12,7,5,341.0447086159132,0.4802376338132152,0.9111491261467533,0.4259715282124245,154303.0438750674,9574.847327384154,163877.89120245157,269,121,256.80730897009965,42,259,36,12.765458747601599,0.5995639534883721,22.238372093023248,1111.0465116279056,26.45348837209299,0
271,4,0,0,301,0.0,0.0,1.0,301,1000,700,300,0.7,13,7,6,337.82742440953217,0.4801684200812108,0.91040906944883,0.4239475446364697,154410.72219968736,9432.83531638722,163843.55751607456,270,122,257.80730897009965,42,259,34,12.754649811101421,0.5997023809523809,22.141472868217047,1111.4341085271305,26.462716869693583,0
272,4,0,0,301,0.0,0.0,1.0,301,950,500,450,0.5263157894736842,14,5,9,336.32080850786554,0.4801375046142488,0.9100516873091558,0.42305617491252534,154464.57544618697,9439.93017997715,163904.50562616411,271,123,258.80730897009965,42,259,38,12.74643334495583,0.5997715946843853,22.093023255813947,1111.627906976743,26.467331118493878,0
273,4,0,0,301,0.0,0.0,1.0,301,1000,600,400,0.6,14,6,8,336.68161696207727,0.48012181616832783,0.910209236013602,0.424011876114809,154491.50559048422,9402.889981821996,163894.3955723062,272,124,259.80730897009965,42,259,38,12.711365815392663,0.5998062015503876,22.068798449612398,1111.7248062015494,26.469638242894035,0
274,4,0,0,301,0.0,0.0,1.0,301,1050,800,250,0.7619047619047619,13,8,5,335.6311572428653,0.4801042820228867,0.9098438358687011,0.423190318484026,154518.43808214646,9322.240437774166,163840.67851992062,273,125,260.80730897009965,42,259,36,12.715523502411248,0.5998408084163898,22.04457364341085,1111.8217054263562,26.471945367294193,0
275,4,0,0,301,0.0,0.0,1.0,301,1200,800,400,0.6666666666666666,16,8,8,335.13605878081074,0.48008951642672576,0.9098021844396669,0.42306779697577584,154545.37292117352,9158.745436722542,163704.11835789605,274,126,261.80730897009965,42,259,38,12.704248366013061,0.599875415282392,22.020348837209298,1111.9186046511622,26.47425249169434,0
276,4,0,0,301,0.0,0.0,1.0,301,1100,700,400,0.6363636363636364,15,7,8,335.5765543853814,0.48005860095976377,0.9101253358295145,0.42513771426439373,154626.19152244448,9277.784913767198,163903.97643621167,275,127,262.80730897009965,42,259,36,12.616890282859963,0.5999792358803987,21.94767441860465,1112.209302325581,26.48117386489478,0
277,4,0,0,301,0.0,0.0,1.0,301,1050,700,350,0.6666666666666666,14,7,7,333.9659034345446,0.48001984126984126,0.9096687001516433,0.4241071428571428,154680.0823267832,9281.574687518774,163961.65701430195,276,128,263.80730897009965,42,259,35,12.611607142857142,0.6000830564784053,21.89922480620155,1112.4031007751935,26.485788113695083,0
278,4,0,0,301,0.0,0.0,1.0,301,1000,800,200,0.8,12,8,4,330.6605877421347,0.4799824658545589,0.9087476706140494,0.42141792775171283,154760.93613852834,9234.668420617752,163995.6045591461,277,129,264.80730897009965,42,259,36,12.628450753287467,0.6001868770764119,21.8265503875969,1112.6937984496126,26.49270948689554,0
279,4,0,0,301,0.0,0.0,1.0,301,950,600,350,0.631578947368421,13,6,7,329.54699103087097,0.47995801033591734,0.9084904909914278,0.42100636173409917,154814.85041651636,9253.753624331464,164068.60404084783,278,130,265.80730897009965,42,259,39,12.609381802350901,0.6002560908084165,21.778100775193796,1112.8875968992243,26.497323735695815,0
280,4,0,0,301,0.0,0.0,1.0,301,950,500,450,0.5263157894736842,14,5,9,326.9873832256113,0.47991925064599483,0.9077193940347412,0.4192445377785516,154895.73943873562,9179.790502373653,164075.52994110927,279,131,266.80730897009965,42,259,38,12.605544916434544,0.6003599114064231,21.705426356589147,1113.1782945736431,26.504245108896264,0
281,4,0,0,301,0.0,0.0,1.0,301,1400,1200,200,0.8571428571428571,16,12,4,324.9690009324338,0.4798947951273533,0.9071392428487586,0.41766150119839635,154949.67719037316,8670.768358271736,163620.4455486449,280,132,267.80730897009965,42,259,35,12.611691325790545,0.6004291251384275,21.656976744186046,1113.3720930232557,26.508859357696565,0
282,4,0,0,301,0.0,0.0,1.0,301,1550,1100,450,0.7096774193548387,20,11,9,323.5302423759712,0.4798809523809524,0.9066503295515687,0.41631422342018876,154976.64958723937,8477.926600715107,163454.5761879545,281,133,268.80730897009965,42,259,34,12.6267296144809,0.6004637320044297,21.632751937984498,1113.4689922480622,26.51116648209672,0
283,4,0,0,301,0.0,0.0,1.0,301,1050,800,250,0.7619047619047619,13,8,5,322.36532770447366,0.47986480251015134,0.9062112253735946,0.4153164064999788,155003.6243314705,8943.558830599122,163947.18316206962,282,134,269.80730897009965,42,259,38,12.634151293653552,0.6004983388704319,21.608527131782946,1113.5658914728683,26.513473606496866,0
284,4,0,0,301,0.0,0.0,1.0,301,1550,1300,250,0.8387096774193549,18,13,5,320.83884539533284,0.47978682170542636,0.9060631084764703,0.4163662578279391,155165.5220915211,8406.625390601539,163572.14748212264,283,135,270.80730897009965,42,259,36,12.526635066968167,0.6007059800664452,21.46317829457365,1114.1472868217065,26.527316352897774,0
285,4,0,0,301,0.0,0.0,1.0,301,1050,700,350,0.6666666666666666,14,7,7,320.18853698421236,0.47976928755998527,0.9058976383617354,0.4160280211052497,155192.51326730673,8888.17275479239,164080.6860220991,284,136,271.80730897009965,42,259,37,12.519748094037165,0.6007405869324474,21.438953488372096,1114.2441860465121,26.529623477297907,0
286,4,0,0,301,0.0,0.0,1.0,301,1350,1000,350,0.7407407407407407,17,10,7,320.62178056476785,0.4797014581026209,0.9060726161238588,0.4196534226846024,155354.50961668475,8612.007898413567,163966.51751509833,285,137,272.80730897009965,42,259,39,12.35767057800957,0.6009482281284606,21.293604651162795,1114.8255813953492,26.54346622369879,0
287,4,0,0,301,0.0,0.0,1.0,301,1150,800,350,0.6956521739130435,15,8,7,319.35212680628734,0.47966223698781835,0.905824866018381,0.4195324515167531,155435.5394808006,8777.734022895273,164213.27350369588,286,138,273.80730897009965,42,259,37,12.318061348627046,0.6010520487264673,21.220930232558146,1115.1162790697686,26.550387596899252,0
288,4,0,0,301,0.0,0.0,1.0,301,900,600,300,0.6666666666666666,12,6,6,318.91590605110804,0.47962624584717606,0.9057092109627332,0.41947464717053734,155462.55413023557,9015.896261492702,164478.4503917283,287,139,274.80730897009965,42,259,38,12.30522489645785,0.6011212624584718,21.19670542635659,1115.2131782945737,26.552694721299375,0
289,4,0,0,301,0.0,0.0,1.0,301,850,600,250,0.7058823529411765,11,6,5,318.91590605110804,0.4796073274270949,0.9057092109627332,0.41947464717053734,155462.55413023557,9065.896261492704,164528.4503917283,288,140,275.80730897009965,42,259,39,12.30522489645785,0.601155869324474,21.19670542635659,1115.2131782945737,26.552694721299375,0
290,4,0,0,301,0.0,0.0,1.0,301,1100,900,200,0.8181818181818182,13,9,4,317.91491703282225,0.4796004060538945,0.9053949909222372,0.41867284840363683,155489.57112703568,8786.490820864137,164276.0619478998,289,141,276.80730897009965,42,259,37,12.308137851143936,0.6011904761904762,21.172480620155042,1115.3100775193802,26.55500184569953,0
291,4,0,0,301,0.0,0.0,1.0,301,850,500,350,0.5882352941176471,12,5,7,316.73116513523547,0.479578257659653,0.9050893593049807,0.41814325378862754,155543.61216273066,9003.10190192898,164546.71406465964,290,142,277.80730897009965,42,259,39,12.291159949038692,0.6012596899224807,21.12403100775194,1115.5038759689928,26.55961609449983,0
292,4,0,0,301,0.0,0.0,1.0,301,1000,600,400,0.6,14,6,8,314.07739109049226,0.4795219638242894,0.9041644923566694,0.4172121468499652,155678.75583085453,8779.035495913706,164457.79132676823,291,143,278.80730897009965,42,259,37,12.24023906688663,0.6014327242524917,21.002906976744185,1115.9883720930231,26.57115171650055,0
293,4,0,0,301,0.0,0.0,1.0,301,1200,1000,200,0.8333333333333334,14,10,4,313.0821932617983,0.47949750830564786,0.9038840638563643,0.41692413689972896,155732.82972965867,8551.435178925545,164284.2649085842,292,144,279.80730897009965,42,259,39,12.218038313511016,0.6015019379844961,20.954457364341085,1116.1821705426355,26.575765965300846,0
294,4,0,0,301,0.0,0.0,1.0,301,1200,900,300,0.75,15,9,6,313.1755621403651,0.479468899963086,0.9040253231063538,0.41808756099874234,155786.91301792263,8557.730811700018,164344.64382962266,293,145,280.80730897009965,42,259,40,12.165465960709422,0.6015711517165006,20.906007751937985,1116.3759689922483,26.58038021410115,0
295,4,0,0,301,0.0,0.0,1.0,301,800,400,400,0.5,12,4,8,312.15192693250174,0.47942321889996303,0.9038280359002338,0.4182835820895523,155868.05555555545,8930.902777777766,164798.9583333332,294,146,281.80730897009965,41,260,39,12.119092039800993,0.6016749723145072,20.83333333333333,1116.6666666666658,27.235772357723558,0
296,4,0,0,301,0.0,0.0,1.0,301,900,500,400,0.5555555555555556,13,5,8,308.7147477151062,0.4793858434846807,0.9024789028135185,0.41527112837806207,155951.15194515296,8728.88410572561,164680.03605087858,295,147,282.80730897009965,41,260,37,12.138344879651829,0.6017787929125138,20.758928571428566,1116.9642857142849,27.243031358885,0
297,4,0,0,301,0.0,0.0,1.0,301,700,600,100,0.8571428571428571,8,6,2,308.7147477151062,0.4793858434846807,0.9024789028135185,0.41527112837806207,155951.15194515296,8928.88410572561,164880.03605087858,296,148,283.80730897009965,41,260,37,12.138344879651829,0.6017787929125138,20.758928571428566,1116.9642857142849,27.243031358885,0
298,4,0,0,301,0.0,0.0,1.0,301,1000,400,600,0.4,16,4,12,306.94781846316516,0.479359080841639,0.901802917840983,0.4139568124208026,156006.5618405926,8577.174764581747,164583.73660517434,297,149,284.80730897009965,41,260,39,12.136559068170381,0.6018480066445182,20.709325396825392,1117.1626984126976,27.247870692992624,0
299,4,0,0,301,0.0,0.0,1.0,301,1150,800,350,0.6956521739130435,15,8,7,306.94781846316516,0.479359080841639,0.901802917840983,0.4139568124208026,156006.5618405926,8427.174764581747,164433.73660517434,298,150,285.80730897009965,41,260,37,12.136559068170381,0.6018480066445182,20.709325396825392,1117.1626984126976,27.247870692992624,0
300,4,0,0,301,0.0,0.0,1.0,301,550,100,450,0.18181818181818182,10,1,9,306.0546463101408,0.4793489294942783,0.9014278457353133,0.4132838641180821,156034.27047902488,9001.00269274376,165035.27317176864,299,151,286.80730897009965,41,260,40,12.135943882081328,0.6018826135105204,20.684523809523807,1117.2619047619044,27.25029036004645,0
301,4,0,0,301,0.0,0.0,1.0,301,1300,900,400,0.6923076923076923,17,9,8,305.4331195601498,0.4793383167220377,0.9012510607897026,0.4129763776237654,156061.981577932,8233.299575617273,164295.28115354927,300,152,287.80730897009965,41,260,37,12.127744976175673,0.6019172203765226,20.659722222222218,1117.3611111111104,27.252710027100253,0
302,4,0,0,301,0.0,0.0,1.0,301,850,400,450,0.47058823529411764,13,4,9,303.1694084499111,0.4793055555555556,0.9004373698124095,0.41086401735050804,156111.60992616112,8615.652886695498,164727.2628128566,301,153,288.80730897009965,42,259,40,12.14522096014336,0.6019864341085271,20.615310077519375,1117.5387596899213,26.608065706902888,0
303,4,0,0,301,0.0,0.0,1.0,301,400,300,100,0.75,5,3,2,303.1694084499111,0.4793055555555556,0.9004373698124095,0.41086401735050804,156111.60992616112,9065.6528866955,165177.2628128566,302,154,289.80730897009965,42,259,41,12.14522096014336,0.6019864341085271,20.615310077519375,1117.5387596899213,26.608065706902888,0
304,4,0,0,301,0.0,0.0,1.0,301,950,700,250,0.7368421052631579,12,7,5,303.1694084499111,0.47928617571059434,0.9004373698124095,0.41086401735050804,156111.60992616112,8515.652886695498,164627.2628128566,303,155,290.80730897009965,42,259,40,12.14522096014336,0.6020210409745294,20.615310077519375,1117.5387596899213,26.608065706902888,0
305,4,0,0,301,0.0,0.0,1.0,301,850,500,350,0.5882352941176471,12,5,7,301.35912351084295,0.4792358803986711,0.8999687818229576,0.40996212839871243,156192.836968932,8564.027289525855,164756.86425845788,304,156,291.80730897009965,42,259,39,12.120933021266756,0.602124861572536,20.542635658914723,1117.82945736434,26.614987080103333,0
306,4,0,0,301,0.0,0.0,1.0,301,550,400,150,0.7272727272727273,7,4,3,301.2985441303454,0.4792211148025101,0.9000025053007272,0.41039920940162844,156219.91734458558,8863.766732017299,165083.6840766029,305,157,292.80730897009965,42,259,40,12.097671260581896,0.6021594684385382,20.518410852713174,1117.9263565891465,26.617294204503487,0
307,4,0,0,301,0.0,0.0,1.0,301,750,600,150,0.8,9,6,3,300.9535878054986,0.4792077334809893,0.8999371713517488,0.41044946762409484,156247.00006760407,8654.619050838286,164901.61911844235,306,158,293.80730897009965,42,259,39,12.082358294331767,0.6021940753045405,20.494186046511626,1118.0232558139533,26.61960132890365,0
308,4,0,0,301,0.0,0.0,1.0,301,1150,700,450,0.6086956521739131,16,7,9,300.71268386460554,0.47916528239202655,0.899964045562246,0.4116874358815436,156328.26232084908,8251.978265278522,164580.24058612762,307,159,294.80730897009965,42,259,40,12.014231868988821,0.6022978959025471,20.421511627906973,1118.313953488372,26.626522702104094,0
309,4,0,0,301,0.0,0.0,1.0,301,600,400,200,0.6666666666666666,8,4,4,300.51917486656066,0.4791389811738649,0.9000562104486967,0.4124723942312378,156382.44889317043,8799.18490099753,165181.63379416795,308,160,295.80730897009965,42,259,40,11.969736348147503,0.6023671096345515,20.373062015503873,1118.507751937984,26.63113695090438,0
310,4,0,0,301,0.0,0.0,1.0,301,800,600,200,0.75,10,6,4,298.63469456235543,0.4791131413805832,0.8992079239261657,0.41093415360219204,156436.6448549515,8543.481930923615,164980.12678587512,309,161,296.80730897009965,42,259,39,11.97253500793995,0.602436323366556,20.324612403100772,1118.7015503875962,26.63575119970467,0
311,4,0,0,301,0.0,0.0,1.0,301,1350,900,450,0.6666666666666666,18,9,9,297.5571524720447,0.4790826873385013,0.8988548031488817,0.410500888840466,156490.85020619244,7962.994355056782,164453.84456124922,310,162,297.80730897009965,42,259,41,11.9527799428423,0.6025055370985604,20.276162790697672,1118.8953488372088,26.64036544850497,0
312,4,0,0,301,0.0,0.0,1.0,301,750,400,350,0.5333333333333333,11,4,7,297.5571524720447,0.4790826873385013,0.8988548031488817,0.410500888840466,156490.85020619244,8562.994355056782,165053.84456124922,311,163,298.80730897009965,42,259,42,11.9527799428423,0.6025055370985604,20.276162790697672,1118.8953488372088,26.64036544850497,0
313,4,0,0,301,0.0,0.0,1.0,301,850,800,50,0.9411764705882353,9,8,1,296.8701052182731,0.47907069029162047,0.898591693546624,0.41007846591634156,156517.95640286032,8443.100437173236,164961.05684003356,312,164,299.80730897009965,42,259,38,11.947054323981066,0.6025401439645626,20.25193798449612,1118.9922480620148,26.642672572905116,0
314,4,0,0,301,0.0,0.0,1.0,301,1050,700,350,0.6666666666666666,14,7,7,296.8701052182731,0.47907069029162047,0.898591693546624,0.41007846591634156,156517.95640286032,8243.100437173236,164761.05684003356,313,165,300.80730897009965,42,259,39,11.947054323981066,0.6025401439645626,20.25193798449612,1118.9922480620148,26.642672572905116,0
315,4,0,0,301,0.0,0.0,1.0,301,800,500,300,0.625,11,5,6,295.75412754633544,0.4790430047988188,0.898164559692799,0.4095875507386299,156572.17583829086,8461.373452617023,165033.5492909079,314,166,301.80730897009965,42,259,39,11.928391053391055,0.602609357696567,20.20348837209302,1119.1860465116272,26.64728682170541,0
316,4,0,0,301,0.0,0.0,1.0,301,1050,700,350,0.6666666666666666,14,7,7,296.55229922652524,0.4790134736064969,0.8986279575928804,0.41175146161836784,156626.4046631813,8239.584084490114,164865.98874767142,315,167,302.80730897009965,42,259,39,11.856172091412743,0.6026785714285714,20.155038759689923,1119.3798449612405,26.651901070505726,0
317,4,0,0,301,0.0,0.0,1.0,301,700,300,400,0.42857142857142855,11,3,8,296.55229922652524,0.4790134736064969,0.8986279575928804,0.41175146161836784,156626.4046631813,8589.584084490114,165215.98874767142,316,168,303.80730897009965,42,259,38,11.856172091412743,0.6026785714285714,20.155038759689923,1119.3798449612405,26.651901070505726,0
318,4,0,0,301,0.0,0.0,1.0,301,650,500,150,0.7692307692307693,8,5,3,295.8330324270948,0.4790028608342562,0.898315520008466,0.41128267432373344,156653.52259667384,8618.657326032087,165272.17992270592,317,169,304.80730897009965,42,259,39,11.851358954384139,0.6027131782945736,20.13081395348837,1119.4767441860463,26.654208194905863,0
319,4,0,0,301,0.0,0.0,1.0,301,600,300,300,0.5,9,3,6,295.20635884181166,0.4789760981912145,0.8981358834175996,0.4114727957077364,156707.76550575384,8652.22577143801,165359.99127719185,318,170,305.80730897009965,42,259,41,11.819017741237555,0.602782392026578,20.08236434108527,1119.6705426356589,26.658822443706164,0
320,4,0,0,301,0.0,0.0,1.0,301,800,500,300,0.625,11,5,6,295.9380994235964,0.4789470284237726,0.8985249192432596,0.4135618639707985,156762.01780429363,8478.370722162128,165240.38852645576,319,171,306.80730897009965,42,259,39,11.748651610856331,0.6028516057585824,20.03391472868217,1119.8643410852715,26.663436692506462,0
321,4,0,0,301,0.0,0.0,1.0,301,1150,800,350,0.6956521739130435,15,8,7,296.01706939886924,0.4789267257290513,0.8986575865532151,0.4142088726528002,156789.14747461083,8132.45278979628,164921.6002644071,320,172,307.80730897009965,42,259,37,11.721498817557823,0.6028862126245846,20.009689922480618,1119.961240310077,26.6657438169066,0
322,4,0,0,301,0.0,0.0,1.0,301,1000,700,300,0.7,13,7,6,296.43188539409255,0.47889027316352895,0.8988487050086795,0.4158680333926832,156843.41385734032,8298.677776275468,165142.09163361578,321,173,308.80730897009965,42,259,42,11.659998558246828,0.6029554263565892,19.96124031007752,1120.1550387596901,26.670358065706907,0
323,4,0,0,301,0.0,0.0,1.0,301,1150,1000,150,0.8695652173913043,13,10,3,295.20638393602144,0.47885382059800663,0.8983569140082799,0.4157699655849231,156924.83103667162,8115.042384021402,165039.873420693,322,174,309.80730897009965,42,259,41,11.619497535241717,0.6030592469545958,19.888565891472872,1120.4457364341094,26.67727943890737,0
324,4,0,0,301,0.0,0.0,1.0,301,750,500,250,0.6666666666666666,10,5,5,295.24588828197005,0.47883213362864524,0.8984648197924372,0.41636871366984163,156951.97479117842,8517.885042966172,165469.8598341446,323,175,310.80730897009965,42,259,40,11.593450939697913,0.603093853820598,19.86434108527132,1120.5426356589148,26.679586563307495,0
325,4,0,0,301,0.0,0.0,1.0,301,1250,900,350,0.72,16,9,7,295.55528265677805,0.4788242894056847,0.8986221170819855,0.41735004199336245,156979.12089305028,8029.201689351601,165008.3225824019,324,176,311.80730897009965,42,259,40,11.559842916846813,0.6031284606866002,19.84011627906977,1120.639534883721,26.68189368770764,0
326,4,0,0,301,0.0,0.0,1.0,301,1050,400,650,0.38095238095238093,17,4,13,296.7067895689667,0.47880121816168325,0.8988131260111896,0.42007434944237926,157033.4201388889,8268.57638888889,165301.9965277778,325,177,312.80730897009965,41,260,40,11.477695167286251,0.6031976744186047,19.791666666666668,1120.8333333333335,27.337398373983742,0
327,4,0,0,301,0.0,0.0,1.0,301,950,500,450,0.5263157894736842,14,5,9,296.4008799709176,0.47879106681432265,0.8987359302369688,0.42020496145437874,157061.21981489361,8360.616752488042,165421.83656738166,326,178,313.80730897009965,41,260,38,11.460730300616575,0.6032322812846069,19.766865079365083,1120.93253968254,27.33981804103756,0
328,4,0,0,301,0.0,0.0,1.0,301,1050,800,250,0.7619047619047619,13,8,5,295.8120447959903,0.4787790697674419,0.8984364801693465,0.4199341841953127,157089.02195137317,8243.764959687582,165332.78691106074,327,179,314.80730897009965,41,260,38,11.45169616519174,0.6032668881506091,19.742063492063494,1121.0317460317463,27.34223770809137,0
329,4,0,0,301,0.0,0.0,1.0,301,750,500,250,0.6666666666666666,10,5,5,296.2719658708965,0.4787463086009598,0.898776037640121,0.4217211282459539,157144.63360575723,8561.509904887895,165706.14351064514,328,180,315.80730897009965,41,260,37,11.38773373444228,0.6033361018826136,19.692460317460323,1121.2301587301595,27.34707704219901,0
330,4,0,0,301,0.0,0.0,1.0,301,650,400,250,0.6153846153846154,9,4,5,296.1524244842026,0.4787149317091177,0.8987698471478647,0.4226902785819983,157200.2551020409,8661.047335600913,165861.3024376418,329,181,316.80730897009965,41,260,37,11.340012384996456,0.603405315614618,19.642857142857146,1121.428571428572,27.351916376306633,0
331,4,0,0,301,0.0,0.0,1.0,301,850,500,350,0.5882352941176471,12,5,7,298.21404526397174,0.47869601328903655,0.8994301088476231,0.42678582224740086,157255.88644022436,8529.18280738222,165785.0692476066,330,182,317.80730897009965,41,260,40,11.231130962910546,0.6034745293466224,19.593253968253972,1121.626984126985,27.35675571041427,0
332,4,0,0,301,0.0,0.0,1.0,301,500,200,300,0.4,8,2,6,296.9364467577228,0.4786627906976744,0.8989549044747678,0.4261113375553719,157311.52762030743,8842.305209120696,166153.83282942814,331,183,318.80730897009965,41,260,39,11.215879613253158,0.6035437430786268,19.543650793650798,1121.825396825397,27.36159504452188,0
333,4,0,0,301,0.0,0.0,1.0,301,1050,800,250,0.7619047619047619,13,8,5,296.9364467577228,0.4786627906976744,0.8989549044747678,0.4261113375553719,157311.52762030743,8292.305209120694,165603.83282942814,332,184,319.80730897009965,41,260,39,11.215879613253158,0.6035437430786268,19.543650793650798,1121.825396825397,27.36159504452188,0
334,4,0,0,301,0.0,0.0,1.0,301,550,400,150,0.7272727272727273,7,4,3,298.00462050890764,0.4786129568106312,0.8995377151750972,0.4293923901371026,157395.0078439942,8830.887916509213,166225.8957605034,333,185,320.80730897009965,41,260,40,11.109299944007313,0.6036475636766334,19.46924603174604,1122.1230158730166,27.36885404568333,0
335,4,0,0,301,0.0,0.0,1.0,301,850,700,150,0.8235294117647058,10,7,3,298.00462050890764,0.4786129568106312,0.8995377151750972,0.4293923901371026,157395.0078439942,8530.887916509213,165925.8957605034,334,186,321.80730897009965,41,260,38,11.109299944007313,0.6036475636766334,19.46924603174604,1122.1230158730166,27.36885404568333,0
336,4,0,0,301,0.0,0.0,1.0,301,850,500,350,0.5882352941176471,12,5,7,298.59059926481876,0.4785852713178294,0.899778075556507,0.4314119347998589,157450.6736288266,8552.658198696148,166003.33182752275,335,187,322.80730897009965,41,260,40,11.041777159020594,0.6037167774086378,19.419642857142858,1122.321428571429,27.37369337979095,0
337,4,0,0,301,0.0,0.0,1.0,301,700,500,200,0.7142857142857143,9,5,4,298.59059926481876,0.4785852713178294,0.899778075556507,0.4314119347998589,157450.6736288266,8702.658198696148,166153.33182752275,336,188,323.80730897009965,41,260,37,11.041777159020594,0.6037167774086378,19.419642857142858,1122.321428571429,27.37369337979095,0
338,4,0,0,301,0.0,0.0,1.0,301,600,200,400,0.3333333333333333,10,2,8,298.59059926481876,0.4785852713178294,0.899778075556507,0.4314119347998589,157450.6736288266,8802.658198696148,166253.33182752275,337,189,324.80730897009965,41,260,40,11.041777159020594,0.6037167774086378,19.419642857142858,1122.321428571429,27.37369337979095,0
339,4,0,0,301,0.0,0.0,1.0,301,1050,600,450,0.5714285714285714,15,6,9,297.9030620219982,0.47855712440014764,0.8995959033691161,0.4321885961334529,157534.1907596373,8335.98356009071,165870.17431972802,338,190,325.80730897009965,41,260,40,10.984446800989742,0.6038205980066444,19.3452380952381,1122.6190476190484,27.3809523809524,0
340,4,0,0,301,0.0,0.0,1.0,301,950,600,350,0.631578947368421,13,6,7,297.9030620219982,0.47855712440014764,0.8995959033691161,0.4321885961334529,157534.1907596373,8435.98356009071,165970.17431972802,339,191,326.80730897009965,41,260,38,10.984446800989742,0.6038205980066444,19.3452380952381,1122.6190476190484,27.3809523809524,0
341,4,0,0,301,0.0,0.0,1.0,301,650,500,150,0.7692307692307693,8,5,3,297.9030620219982,0.47855712440014764,0.8995959033691161,0.4321885961334529,157534.1907596373,8735.98356009071,166270.17431972802,340,192,327.80730897009965,41,260,40,10.984446800989742,0.6038205980066444,19.3452380952381,1122.6190476190484,27.3809523809524,0
342,4,0,0,301,0.0,0.0,1.0,301,400,100,300,0.25,7,1,6,297.9030620219982,0.47855712440014764,0.8995959033691161,0.4321885961334529,157534.1907596373,8985.98356009071,166520.17431972802,341,193,328.80730897009965,41,260,41,10.984446800989742,0.6038205980066444,19.3452380952381,1122.6190476190484,27.3809523809524,0
343,4,0,0,301,0.0,0.0,1.0,301,450,400,50,0.8888888888888888,5,4,1,298.8542862739823,0.47853959025470655,0.8999379700136532,0.43416353758185605,157562.03472419063,8967.617886274884,166529.6526104655,342,194,329.80730897009965,41,260,39,10.932207446025153,0.6038552048726467,19.32043650793651,1122.7182539682542,27.3833720480062,0
344,4,0,0,301,0.0,0.0,1.0,301,700,500,200,0.7142857142857143,9,5,4,298.8542862739823,0.47853959025470655,0.8999379700136532,0.43416353758185605,157562.03472419063,8717.617886274884,166279.6526104655,343,195,330.80730897009965,41,260,41,10.932207446025153,0.6038552048726467,19.32043650793651,1122.7182539682542,27.3833720480062,0
345,4,0,0,301,0.0,0.0,1.0,301,1250,800,450,0.64,17,8,9,297.7065341231787,0.4785091362126246,0.8994384827322657,0.4336860051145766,157617.73003472222,8134.765624999997,165752.49565972222,344,196,331.80730897009965,41,260,36,10.91334260977118,0.6039244186046512,19.270833333333332,1122.9166666666665,27.388211382113816,0
346,4,0,0,301,0.0,0.0,1.0,301,800,500,300,0.625,11,5,6,296.1592728089999,0.47849252491694355,0.8989422772149371,0.43202615569560304,157645.58138070046,8537.640148652057,166183.2215293525,345,197,332.80730897009965,41,260,39,10.931242638398116,0.6039590254706534,19.246031746031747,1123.0158730158732,27.39063104916764,0
347,4,0,0,301,0.0,0.0,1.0,301,1200,900,300,0.75,15,9,6,295.206042732112,0.47846576227390186,0.8987090740295416,0.4314922120186522,157685.74346681405,8109.956864821837,165795.7003316359,346,198,333.80730897009965,42,259,38,10.921188853420755,0.6040282392026578,19.210271317829463,1123.1589147286832,26.741878922111503,0
348,4,0,0,301,0.0,0.0,1.0,301,600,400,200,0.6666666666666666,8,4,4,294.2362620326433,0.478454226651901,0.8983237379886235,0.43065489261141454,157712.95294753928,8680.973949882828,166393.92689742212,347,199,334.80730897009965,42,259,41,10.923481711525193,0.60406284606866,19.18604651162791,1123.255813953489,26.744186046511643,0
349,4,0,0,301,0.0,0.0,1.0,301,1200,1100,100,0.9166666666666666,13,11,2,296.1295375368741,0.4784306939830196,0.8989086461837008,0.4345982098990531,157767.37895108465,8143.916193437896,165911.29514452256,348,200,335.80730897009965,42,259,37,10.820431545052042,0.6041320598006645,19.137596899224807,1123.4496124031007,26.74880029531192,0
350,4,0,0,301,0.0,0.0,1.0,301,1000,700,300,0.7,13,7,6,296.3452444795168,0.47839885566629753,0.8990991280072518,0.4360938394650352,157821.81434409006,8353.948831200058,166175.7631752901,349,201,336.80730897009965,42,259,40,10.764487754398068,0.604201273532669,19.08914728682171,1123.6434108527142,26.753414544112243,0
351,4,0,0,301,0.0,0.0,1.0,301,950,500,450,0.5263157894736842,14,5,9,296.3452444795168,0.47839885566629753,0.8990991280072518,0.4360938394650352,157821.81434409006,8403.948831200058,166225.7631752901,350,202,337.80730897009965,42,259,38,10.764487754398068,0.604201273532669,19.08914728682171,1123.6434108527142,26.753414544112243,0
352,4,0,0,301,0.0,0.0,1.0,301,800,600,200,0.75,10,6,4,294.9702215678518,0.47836332595053527,0.8986826966123505,0.4358419872567535,157903.4850388349,8515.365193648226,166418.85023248312,351,203,338.80730897009965,42,259,38,10.728295542719202,0.6043050941306756,19.016472868217058,1123.9341085271324,26.760335917312677,0
353,4,0,0,301,0.0,0.0,1.0,301,650,200,450,0.3076923076923077,11,2,9,295.3235731272294,0.4783485603543743,0.8988641310573944,0.43695834799437006,157930.7132984797,8678.13251156782,166608.84581004753,352,204,339.80730897009965,42,259,42,10.693426724137934,0.6043397009966778,18.992248062015506,1124.0310077519384,26.76264304171282,0
354,4,0,0,301,0.0,0.0,1.0,301,700,400,300,0.5714285714285714,10,4,6,294.087196624018,0.4783107235142119,0.8985127435354541,0.43631709146187425,157985.1768598642,8592.283554173433,166577.46041403763,353,205,340.80730897009965,42,259,40,10.67829540883756,0.6044089147286822,18.943798449612405,1124.2248062015506,26.767257290513108,0
355,4,0,0,301,0.0,0.0,1.0,301,900,600,300,0.6666666666666666,12,6,6,294.087196624018,0.4783107235142119,0.8985127435354541,0.43631709146187425,157985.1768598642,8392.283554173433,166377.46041403763,354,206,341.80730897009965,42,259,37,10.67829540883756,0.6044089147286822,18.943798449612405,1124.2248062015506,26.767257290513108,0
356,4,0,0,301,0.0,0.0,1.0,301,450,100,350,0.2222222222222222,8,1,7,295.61750133329207,0.4782668881506091,0.8989337566434443,0.44039038549073906,158066.88980717817,8895.467801664572,166962.35760884275,355,207,342.80730897009965,42,259,42,10.560462444348698,0.6045127353266888,18.871124031007756,1124.51550387597,26.77417866371357,0
357,4,0,0,301,0.0,0.0,1.0,301,1100,800,300,0.7272727272727273,14,8,6,295.4146862339179,0.47823966408268737,0.8988532810564829,0.4412970737602427,158121.37684221202,8242.275385343433,166363.65222755546,356,208,343.80730897009965,42,259,39,10.516283277332645,0.6045819490586932,18.822674418604652,1124.7093023255816,26.778792912513847,0
358,4,0,0,301,0.0,0.0,1.0,301,1000,700,300,0.7,13,7,6,294.8918638302157,0.47822489848652644,0.8986407586931684,0.4411217468223125,158148.62388077646,8327.348491677189,166475.97237245366,357,209,344.80730897009965,42,259,39,10.506044681828628,0.6046165559246954,18.798449612403104,1124.806201550388,26.781100036914,0
359,4,0,0,301,0.0,0.0,1.0,301,850,500,350,0.5882352941176471,12,5,7,294.1015089163236,0.47819582871908456,0.898461917066568,0.4411522633744856,158203.12500000003,8455.555555555555,166658.6805555556,358,210,345.80730897009965,42,259,40,10.478395061728392,0.6046857696566998,18.75,1125.0000000000002,26.785714285714292,0
360,4,0,0,301,0.0,0.0,1.0,301,600,300,300,0.5,9,3,6,294.6567920125338,0.4781796788482835,0.8987416274691977,0.44259508564780475,158230.3790806593,8724.731179766846,166955.11026042615,359,211,346.80730897009965,42,259,38,10.437839118077687,0.604720376522702,18.72577519379845,1125.0968992248067,26.788021410114446,0
361,4,0,0,301,0.0,0.0,1.0,301,1250,900,350,0.72,16,9,7,295.7471957823719,0.4781510705057217,0.899202491880305,0.4454620213515803,158284.89428407245,8112.462723844717,166397.35700791716,360,212,347.80730897009965,42,259,39,10.357286374465396,0.6047895902547065,18.677325581395348,1125.2906976744184,26.792635658914726,0
362,4,0,0,301,0.0,0.0,1.0,301,1050,700,350,0.6666666666666666,14,7,7,296.20334273824295,0.4780887781469177,0.8995334766868457,0.44863027804304667,158393.9528592783,8333.363661288384,166727.31652056667,361,213,348.80730897009965,42,259,40,10.244684514074201,0.6049280177187154,18.580426356589147,1125.6782945736436,26.801864156515325,0
363,4,0,0,301,0.0,0.0,1.0,301,1000,700,300,0.7,13,7,6,295.24411884074283,0.47803202288667407,0.8992160383346388,0.44904930116877373,158475.77143801452,8357.807899164709,166833.57933717922,362,214,349.80730897009965,42,259,38,10.196858864027538,0.605031838316722,18.507751937984494,1125.9689922480618,26.808785529715756,0
364,4,0,0,301,0.0,0.0,1.0,301,500,300,200,0.6,7,3,4,294.9115564336291,0.478014950166113,0.8990774805949013,0.44917001275428625,158503.04899232322,8848.876175560363,167351.92516788357,363,215,350.80730897009965,42,259,41,10.181281014255797,0.6050664451827242,18.483527131782946,1126.0658914728685,26.811092654115917,0
365,4,0,0,301,0.0,0.0,1.0,301,450,300,150,0.6666666666666666,6,3,3,294.9115564336291,0.478014950166113,0.8990774805949013,0.44917001275428625,158503.04899232322,8898.876175560363,167401.92516788357,364,216,351.80730897009965,42,259,40,10.181281014255797,0.6050664451827242,18.483527131782946,1126.0658914728685,26.811092654115917,0
366,4,0,0,301,0.0,0.0,1.0,301,1000,600,400,0.6,14,6,8,295.66771769998934,0.47799464747139164,0.8994060411260347,0.45095147179911743,158530.32889399672,8374.460106063334,166904.78900006006,365,217,352.80730897009965,42,259,41,10.135052773475591,0.6051010520487264,18.459302325581394,1126.1627906976742,26.81339977851605,0
367,4,0,0,301,0.0,0.0,1.0,301,1150,800,350,0.6956521739130435,15,8,7,296.9645705328913,0.4779817275747508,0.899808290527174,0.4535636272409718,158557.6111430352,8267.19857956252,166824.8097225977,366,218,353.80730897009965,42,259,39,10.073596891221426,0.6051356589147288,18.435077519379842,1126.25968992248,26.81570690291619,0
368,4,0,0,301,0.0,0.0,1.0,301,750,400,350,0.5333333333333333,11,4,7,297.70708395047615,0.4779761904761905,0.9001121519687771,0.4553351505053068,158584.89573943857,8692.369373835694,167277.26511327425,367,219,354.80730897009965,42,259,40,10.027744322092225,0.605170265780731,18.41085271317829,1126.3565891472856,26.818014027316323,0
369,4,0,0,301,0.0,0.0,1.0,301,750,500,250,0.6666666666666666,10,5,5,297.34826222684705,0.4779595791805094,0.8999489872468118,0.45542470993242407,158612.18268320715,8682.611377771771,167294.79406097892,368,220,355.80730897009965,42,259,39,10.012903225806449,0.6052048726467332,18.386627906976745,1126.453488372093,26.820321151716502,0
370,4,0,0,301,0.0,0.0,1.0,301,950,900,50,0.9473684210526315,10,9,1,297.34826222684705,0.4779595791805094,0.8999489872468118,0.45542470993242407,158612.18268320715,8482.611377771771,167094.79406097892,369,221,356.80730897009965,42,259,40,10.012903225806449,0.6052048726467332,18.386627906976745,1126.453488372093,26.820321151716502,0
371,4,0,0,301,0.0,0.0,1.0,301,800,300,500,0.375,13,3,10,297.15854088446537,0.47793420081210775,0.8999421954912483,0.45641510632281107,158666.76361283872,8629.836792410308,167296.60040524905,370,222,357.80730897009965,42,259,41,9.968356698489153,0.6052740863787376,18.33817829457364,1126.6472868217052,26.82493540051679,0
372,4,0,0,301,0.0,0.0,1.0,301,850,600,250,0.7058823529411765,11,6,5,296.23346088566706,0.4779208194905869,0.8995825176255734,0.45563527555271627,158694.05759870188,8552.097980890563,167246.15557959245,371,223,358.80730897009965,42,259,42,9.969470244238044,0.6053086932447398,18.31395348837209,1126.7441860465108,26.827242524916922,0
373,4,0,0,301,0.0,0.0,1.0,301,750,500,250,0.6666666666666666,10,5,5,296.23346088566706,0.4779208194905869,0.8995825176255734,0.45563527555271627,158694.05759870188,8652.097980890563,167346.15557959245,372,224,359.80730897009965,42,259,38,9.969470244238044,0.6053086932447398,18.31395348837209,1126.7441860465108,26.827242524916922,0
374,4,0,0,301,0.0,0.0,1.0,301,1050,1000,50,0.9523809523809523,11,10,1,298.46580839868443,0.4779000553709856,0.900288233832196,0.46036569650884585,158748.6526125232,8426.208986839727,167174.86159936292,373,225,360.80730897009965,42,259,39,9.856692462023501,0.6053779069767442,18.26550387596899,1126.9379844961234,26.831856773717224,0
375,4,0,0,301,0.0,0.0,1.0,301,400,200,200,0.5,6,2,4,298.46580839868443,0.4779000553709856,0.900288233832196,0.46036569650884585,158748.6526125232,9076.208986839727,167824.86159936292,374,226,361.80730897009965,42,259,42,9.856692462023501,0.6053779069767442,18.26550387596899,1126.9379844961234,26.831856773717224,0
376,4,0,0,301,0.0,0.0,1.0,301,700,600,100,0.8571428571428571,8,6,2,298.46580839868443,0.4779000553709856,0.900288233832196,0.46036569650884585,158748.6526125232,8776.208986839727,167524.86159936292,375,227,362.80730897009965,42,259,40,9.856692462023501,0.6053779069767442,18.26550387596899,1126.9379844961234,26.831856773717224,0
377,4,0,0,301,0.0,0.0,1.0,301,900,700,200,0.7777777777777778,11,7,4,299.30402943830876,0.47786590992986344,0.9006252656207869,0.4629660200035117,158803.2570158043,8606.090942551522,167409.34795835582,376,228,363.80730897009965,42,259,40,9.783177154974778,0.6054471207087486,18.21705426356589,1127.1317829457362,26.83647102251753,0
378,4,0,0,301,0.0,0.0,1.0,301,850,500,350,0.5882352941176471,12,5,7,299.30402943830876,0.47786590992986344,0.9006252656207869,0.4629660200035117,158803.2570158043,8656.090942551522,167459.34795835582,377,229,364.80730897009965,42,259,39,9.783177154974778,0.6054471207087486,18.21705426356589,1127.1317829457362,26.83647102251753,0
379,4,0,0,301,0.0,0.0,1.0,301,900,600,300,0.6666666666666666,12,6,6,299.43989836328603,0.4778525286083426,0.9007077757085256,0.463832801286299,158830.56273849215,8612.041512679516,167442.60425117167,378,230,365.80730897009965,42,259,39,9.754398406831145,0.6054817275747508,18.192829457364336,1127.2286821705418,26.83877814691766,0
380,4,0,0,301,0.0,0.0,1.0,301,600,400,200,0.6666666666666666,8,4,4,299.2959968158394,0.4778354558877815,0.9006429202526443,0.46426795026072987,158857.8708085451,8909.104959137065,167766.97576768216,379,231,366.80730897009965,42,259,40,9.733503810669875,0.605516334440753,18.168604651162788,1127.3255813953485,26.841085271317823,0
381,4,0,0,301,0.0,0.0,1.0,301,800,600,200,0.75,10,6,4,299.2959968158394,0.4778354558877815,0.9006429202526443,0.46426795026072987,158857.8708085451,8709.104959137065,167566.97576768216,380,232,367.80730897009965,42,259,37,9.733503810669875,0.605516334440753,18.168604651162788,1127.3255813953485,26.841085271317823,0
382,4,0,0,301,0.0,0.0,1.0,301,1000,600,400,0.6,14,6,8,299.14563976739106,0.47782761166482096,0.9005535194959642,0.464694194752149,158885.181225963,8505.961837479717,167391.14306344272,381,233,368.80730897009965,42,259,38,9.712791863629853,0.6055509413067552,18.14437984496124,1127.422480620155,26.843392395717977,0
383,4,0,0,301,0.0,0.0,1.0,301,700,500,200,0.7142857142857143,9,5,4,297.89633551521166,0.4778165374677003,0.9001449277017488,0.46341200000735316,158912.4939907457,8767.88992548524,167680.38391623093,382,234,369.80730897009965,42,259,41,9.723057751804747,0.6055855481727574,18.120155038759687,1127.5193798449607,26.84569952011811,0
384,4,0,0,301,0.0,0.0,1.0,301,800,500,300,0.625,11,5,6,297.4601884012959,0.47779669619785897,0.8999573761889628,0.463392799521537,158939.80910289343,8655.653112042535,167595.46221493598,383,235,370.80730897009965,42,259,39,9.710406462146594,0.6056201550387597,18.095930232558135,1127.6162790697672,26.848006644518268,0
385,4,0,0,301,0.0,0.0,1.0,301,800,700,100,0.875,9,7,2,297.4601884012959,0.47779669619785897,0.8999573761889628,0.463392799521537,158939.80910289343,8655.653112042535,167595.46221493598,384,236,371.80730897009965,42,259,39,9.710406462146594,0.6056201550387597,18.095930232558135,1127.6162790697672,26.848006644518268,0
386,4,0,0,301,0.0,0.0,1.0,301,750,400,350,0.5333333333333333,11,4,7,297.4601884012959,0.47779669619785897,0.8999573761889628,0.463392799521537,158939.80910289343,8705.653112042535,167645.46221493598,385,237,372.80730897009965,42,259,39,9.710406462146594,0.6056201550387597,18.095930232558135,1127.6162790697672,26.848006644518268,0
387,4,0,0,301,0.0,0.0,1.0,301,1450,1100,350,0.7586206896551724,18,11,7,296.56884237669686,0.47776762643041715,0.8997296579063578,0.4633241283788422,158994.44636928357,7980.559780812443,166975.00615009601,386,238,373.80730897009965,42,259,37,9.685647392387665,0.6056893687707641,18.047480620155035,1127.810077519379,26.85262089331855,0
388,4,0,0,301,0.0,0.0,1.0,301,600,500,100,0.8333333333333334,7,5,2,296.56884237669686,0.47776762643041715,0.8997296579063578,0.4633241283788422,158994.44636928357,8830.559780812442,167825.00615009601,387,239,374.80730897009965,42,259,41,9.685647392387665,0.6056893687707641,18.047480620155035,1127.810077519379,26.85262089331855,0
389,4,0,0,301,0.0,0.0,1.0,301,750,500,250,0.6666666666666666,10,5,5,296.56884237669686,0.47776762643041715,0.8997296579063578,0.4633241283788422,158994.44636928357,8680.559780812442,167675.00615009601,388,240,375.80730897009965,42,259,37,9.685647392387665,0.6056893687707641,18.047480620155035,1127.810077519379,26.85262089331855,0
390,4,0,0,301,0.0,0.0,1.0,301,1150,600,550,0.5217391304347826,17,6,11,296.6595222068705,0.47775055370985603,0.8997876494160357,0.46412860732365224,159021.7685235262,8285.064374136167,167306.83289766236,389,241,376.80730897009965,42,259,37,9.658147193585336,0.6057239756367663,18.023255813953487,1127.9069767441858,26.85492801771871,0
391,4,0,0,301,0.0,0.0,1.0,301,900,500,400,0.5555555555555556,13,5,8,297.0165618425602,0.47773763381321516,0.8999683499237003,0.46535259709411075,159049.09302513365,8548.042954900542,167597.1359800342,390,242,377.80730897009965,42,259,41,9.623135183117144,0.6057585825027685,17.999031007751935,1128.0038759689917,26.85723514211885,0
392,4,0,0,301,0.0,0.0,1.0,301,1300,800,500,0.6153846153846154,18,8,10,299.1966618002408,0.47769472129937246,0.900862589136826,0.4714675408205417,159158.41450521298,8223.933263475748,167382.34776868872,391,243,378.80730897009965,42,259,40,9.461857735795043,0.6058970099667774,17.902131782945734,1128.3914728682166,26.866463639719445,0
393,4,0,0,301,0.0,0.0,1.0,301,750,500,250,0.6666666666666666,10,5,5,299.1966618002408,0.47769472129937246,0.900862589136826,0.4714675408205417,159158.41450521298,8773.93326347575,167932.34776868872,392,244,379.80730897009965,42,259,39,9.461857735795043,0.6058970099667774,17.902131782945734,1128.3914728682166,26.866463639719445,0
394,4,0,0,301,0.0,0.0,1.0,301,550,500,50,0.9090909090909091,6,5,1,299.1966618002408,0.47769472129937246,0.900862589136826,0.4714675408205417,159158.41450521298,8973.93326347575,168132.34776868872,393,245,380.80730897009965,42,259,38,9.461857735795043,0.6058970099667774,17.902131782945734,1128.3914728682166,26.866463639719445,0
395,4,0,0,301,0.0,0.0,1.0,301,550,300,250,0.5454545454545454,8,3,5,299.0199031114838,0.47766011443337025,0.9008311210135809,0.472548821104403,159213.08932944224,8971.57650907396,168184.6658385162,394,246,381.80730897009965,42,259,40,9.416945708480004,0.6059662236987818,17.85368217054263,1128.5852713178288,26.871077888519732,0
396,4,0,0,301,0.0,0.0,1.0,301,550,300,250,0.5454545454545454,8,3,5,299.0199031114838,0.47766011443337025,0.9008311210135809,0.472548821104403,159213.08932944224,8971.57650907396,168184.6658385162,395,247,382.80730897009965,42,259,40,9.416945708480004,0.6059662236987818,17.85368217054263,1128.5852713178288,26.871077888519732,0
397,4,0,0,301,0.0,0.0,1.0,301,750,600,150,0.8,9,6,3,299.0199031114838,0.47766011443337025,0.9008311210135809,0.472548821104403,159213.08932944224,8771.57650907396,167984.6658385162,396,248,383.80730897009965,42,259,39,9.416945708480004,0.6059662236987818,17.85368217054263,1128.5852713178288,26.871077888519732,0
398,4,0,0,301,0.0,0.0,1.0,301,1150,700,450,0.6086956521739131,16,7,9,297.4802261968356,0.477625968992248,0.9002689176279361,0.4721586696448409,159295.11917102328,8327.42961660957,167622.54878763284,397,249,384.80730897009965,42,259,36,9.385550786838339,0.6060700442967885,17.78100775193798,1128.8759689922474,26.877999261720177,0
399,4,0,0,301,0.0,0.0,1.0,301,1050,800,250,0.7619047619047619,13,8,5,297.4802261968356,0.477625968992248,0.9002689176279361,0.4721586696448409,159295.11917102328,8427.42961660957,167722.54878763284,398,250,385.80730897009965,42,259,36,9.385550786838339,0.6060700442967885,17.78100775193798,1128.8759689922474,26.877999261720177,0
400,4,0,0,301,0.0,0.0,1.0,301,950,400,550,0.42105263157894735,15,4,11,297.4802261968356,0.477625968992248,0.9002689176279361,0.4721586696448409,159295.11917102328,8527.42961660957,167822.54878763284,399,251,386.80730897009965,42,259,35,9.385550786838339,0.6060700442967885,17.78100775193798,1128.8759689922474,26.877999261720177,0
401,4,0,0,301,0.0,0.0,1.0,301,950,600,350,0.631578947368421,13,6,7,296.28125211558785,0.47754152823920265,0.8997220507837294,0.47442504294458054,159461.19658801018,8499.07259778911,167960.2691857993,400,252,387.80730897009965,41,260,37,9.267951251646902,0.6062776854928018,17.63392857142857,1129.4642857142856,27.5479094076655,0
402,4,0,0,301,0.0,0.0,1.0,301,650,300,350,0.46153846153846156,10,3,7,296.28125211558785,0.47754152823920265,0.8997220507837294,0.47442504294458054,159461.19658801018,8799.07259778911,168260.2691857993,401,253,388.80730897009965,41,260,38,9.267951251646902,0.6062776854928018,17.63392857142857,1129.4642857142856,27.5479094076655,0
403,4,0,0,301,0.0,0.0,1.0,301,850,700,150,0.8235294117647058,10,7,3,296.2189522209473,0.47752906976744186,0.8997188947433843,0.47503506901235293,159489.2103253338,8598.745354623332,168087.95567995714,402,254,389.80730897009965,41,260,39,9.244174131974942,0.606312292358804,17.609126984126984,1129.5634920634918,27.55032907471931,0
404,4,0,0,301,0.0,0.0,1.0,301,750,600,150,0.8,9,6,3,295.2583885649694,0.4774898486526393,0.899345000332576,0.47491561143755234,159545.24518140592,8671.414399092972,168216.65958049888,403,255,390.80730897009965,41,260,41,9.22023182297155,0.6063815060908084,17.55952380952381,1129.7619047619048,27.555168408826948,0
405,4,0,0,301,0.0,0.0,1.0,301,1050,700,350,0.6666666666666666,14,7,7,295.2583885649694,0.4774898486526393,0.899345000332576,0.47491561143755234,159545.24518140592,8371.414399092972,167916.65958049888,404,256,391.80730897009965,41,260,38,9.22023182297155,0.6063815060908084,17.55952380952381,1129.7619047619048,27.555168408826948,0
406,4,0,0,301,0.0,0.0,1.0,301,650,400,250,0.6153846153846154,9,4,5,295.2583885649694,0.4774898486526393,0.899345000332576,0.47491561143755234,159545.24518140592,8771.414399092972,168316.65958049888,405,257,392.80730897009965,41,260,41,9.22023182297155,0.6063815060908084,17.55952380952381,1129.7619047619048,27.555168408826948,0
407,4,0,0,301,0.0,0.0,1.0,301,1250,900,350,0.72,16,9,7,295.72038234630793,0.4774773901808786,0.8995379058128301,0.47637332878954763,159573.26630015433,8187.813464506171,167761.0797646605,406,258,393.80730897009965,41,260,38,9.181648227822167,0.6064161129568106,17.53472222222222,1129.861111111111,27.55758807588076,0
408,4,0,0,301,0.0,0.0,1.0,301,900,500,400,0.5555555555555556,13,5,8,296.52190380002526,0.4774441675895164,0.8998469521072081,0.4798263534218591,159657.34441924913,8568.379944570417,168225.72436381955,407,259,394.80730897009965,41,260,39,9.082397003745315,0.6065199335548173,17.46031746031746,1130.15873015873,27.56484707704219,0
409,4,0,0,301,0.0,0.0,1.0,301,800,700,100,0.875,9,7,2,296.52190380002526,0.4774441675895164,0.8998469521072081,0.4798263534218591,159657.34441924913,8668.379944570417,168325.72436381955,408,260,395.80730897009965,41,260,37,9.082397003745315,0.6065199335548173,17.46031746031746,1130.15873015873,27.56484707704219,0
410,4,0,0,301,0.0,0.0,1.0,301,550,200,350,0.36363636363636365,9,2,7,295.8696236867409,0.47742894056847546,0.8995743437495725,0.4794939719293085,159685.3753798973,8899.210384385235,168584.58576428253,409,261,396.80730897009965,41,260,40,9.075291114426983,0.6065545404208195,17.435515873015873,1130.2579365079364,27.56726674409601,0
411,4,0,0,301,0.0,0.0,1.0,301,350,300,50,0.8571428571428571,4,3,1,295.8696236867409,0.47742894056847546,0.8995743437495725,0.4794939719293085,159685.3753798973,9099.210384385235,168784.58576428253,410,262,397.80730897009965,41,260,41,9.075291114426983,0.6065545404208195,17.435515873015873,1130.2579365079364,27.56726674409601,0
412,4,0,0,301,0.0,0.0,1.0,301,500,300,200,0.6,7,3,4,295.8696236867409,0.47742894056847546,0.8995743437495725,0.4794939719293085,159685.3753798973,8949.210384385235,168634.58576428253,411,263,398.80730897009965,41,260,41,9.075291114426983,0.6065545404208195,17.435515873015873,1130.2579365079364,27.56726674409601,0
413,4,0,0,301,0.0,0.0,1.0,301,900,700,200,0.7777777777777778,11,7,4,296.5697142228068,0.4774150978220746,0.8998651152293828,0.48135545923855555,159713.40880102038,8573.232001133783,168286.64080215417,412,264,399.80730897009965,41,260,40,9.029971915043003,0.6065891472868217,17.410714285714285,1130.3571428571427,27.56968641114982,0
414,4,0,0,301,0.0,0.0,1.0,301,600,300,300,0.5,9,3,6,295.6326926450001,0.47739617940199336,0.899494590942288,0.4805612742781422,159741.44468261843,8844.958683704965,168586.4033663234,413,265,400.80730897009965,41,260,41,9.030916337574954,0.6066237541528239,17.3859126984127,1130.4563492063494,27.572106078203642,0
415,4,0,0,301,0.0,0.0,1.0,301,650,300,350,0.46153846153846156,10,3,7,294.1460558168176,0.47738372093023257,0.8990261780959461,0.47886977886977883,159769.48302469135,8749.112654320987,168518.59567901233,414,266,401.80730897009965,41,260,38,9.04739967239967,0.6066583610188261,17.36111111111111,1130.5555555555554,27.57452574525745,0
416,4,0,0,301,0.0,0.0,1.0,301,950,400,550,0.42105263157894735,15,4,11,294.0113706652136,0.47736849390919156,0.898998599911325,0.4793773378356853,159797.52382723926,8446.457801870753,168243.98162911,415,267,402.80730897009965,41,260,40,9.025675616390275,0.6066929678848283,17.336309523809526,1130.6547619047622,27.57694541231127,0
417,4,0,0,301,0.0,0.0,1.0,301,700,400,300,0.5714285714285714,10,4,6,292.7838548218255,0.4773504983388704,0.8985547968723318,0.4781017732462994,159825.5670902621,8658.869126354253,168484.43621661636,416,268,403.80730897009965,41,260,39,9.034845294496108,0.6067275747508305,17.31150793650794,1130.7539682539689,27.579365079365093,0
418,4,0,0,301,0.0,0.0,1.0,301,650,400,250,0.6153846153846154,9,4,5,292.7838548218255,0.4773504983388704,0.8985547968723318,0.4781017732462994,159825.5670902621,8708.869126354253,168534.43621661636,417,269,404.80730897009965,41,260,39,9.034845294496108,0.6067275747508305,17.31150793650794,1130.7539682539689,27.579365079365093,0
419,4,0,0,301,0.0,0.0,1.0,301,450,300,150,0.6666666666666666,6,3,3,292.7838548218255,0.4773504983388704,0.8985547968723318,0.4781017732462994,159825.5670902621,8908.869126354253,168734.43621661636,418,270,405.80730897009965,41,260,37,9.034845294496108,0.6067275747508305,17.31150793650794,1130.7539682539689,27.579365079365093,0
420,4,0,0,301,0.0,0.0,1.0,301,500,400,100,0.8,6,4,2,292.7838548218255,0.4773504983388704,0.8985547968723318,0.4781017732462994,159825.5670902621,8858.869126354253,168684.43621661636,419,271,406.80730897009965,41,260,40,9.034845294496108,0.6067275747508305,17.31150793650794,1130.7539682539689,27.579365079365093,0
421,4,0,0,301,0.0,0.0,1.0,301,750,300,450,0.4,12,3,9,292.7838548218255,0.4773504983388704,0.8985547968723318,0.4781017732462994,159825.5670902621,8608.869126354253,168434.43621661636,420,272,407.80730897009965,41,260,38,9.034845294496108,0.6067275747508305,17.31150793650794,1130.7539682539689,27.579365079365093,0
422,4,0,0,301,0.0,0.0,1.0,301,800,400,400,0.5,12,4,8,292.36469392626066,0.4773421926910299,0.8983803731690634,0.47814421033937515,159853.61281375983,8547.110516660374,168400.7233304202,421,273,408.80730897009965,41,260,39,9.021167792496419,0.6067621816168327,17.28670634920635,1130.853174603175,27.5817847464189,0
423,4,0,0,301,0.0,0.0,1.0,301,650,300,350,0.46153846153846156,10,3,7,292.36469392626066,0.4773421926910299,0.8983803731690634,0.47814421033937515,159853.61281375983,8697.110516660374,168550.7233304202,422,274,409.80730897009965,41,260,40,9.021167792496419,0.6067621816168327,17.28670634920635,1130.853174603175,27.5817847464189,0
424,4,0,0,301,0.0,0.0,1.0,301,400,200,200,0.5,6,2,4,290.85318559556794,0.4773343484680694,0.8978877426123453,0.4763974591651544,159881.66099773243,8900.418083900227,168782.07908163266,423,275,410.80730897009965,41,260,39,9.03837719298246,0.6067967884828349,17.261904761904763,1130.952380952381,27.584204413472705,0
425,4,0,0,301,0.0,0.0,1.0,301,1000,700,300,0.7,13,7,6,290.2542570395658,0.4773057401255076,0.8976614815492538,0.4768701784964164,159937.7647471026,8284.523415847825,168222.28816295043,424,276,411.80730897009965,41,260,39,9.00426825703093,0.6068660022148394,17.21230158730159,1131.150793650794,27.58904374758034,0
426,4,0,0,301,0.0,0.0,1.0,301,850,700,150,0.8235294117647058,10,7,3,290.2542570395658,0.4773057401255076,0.8976614815492538,0.4768701784964164,159937.7647471026,8434.523415847825,168372.28816295043,425,277,412.80730897009965,41,260,38,9.00426825703093,0.6068660022148394,17.21230158730159,1131.150793650794,27.58904374758034,0
427,4,0,0,301,0.0,0.0,1.0,301,750,400,350,0.5333333333333333,11,4,7,290.62333601267096,0.4772928202288667,0.8978298244647984,0.47820748925721296,159965.82031249997,8547.960069444443,168513.7803819444,426,278,413.80730897009965,41,260,41,8.968308778391654,0.6069006090808416,17.1875,1131.2499999999998,27.59146341463414,0
428,4,0,0,301,0.0,0.0,1.0,301,650,400,250,0.6153846153846154,9,4,5,291.25694603270773,0.47727528608342557,0.8980960227279351,0.4799847127972541,159993.8783383724,8669.865677752587,168663.74401612498,427,279,414.80730897009965,41,260,38,8.924865544253478,0.6069352159468439,17.162698412698415,1131.3492063492065,27.593883081687963,0
429,4,0,0,301,0.0,0.0,1.0,301,850,600,250,0.7058823529411765,11,6,5,291.88371775225676,0.47725775193798453,0.8983377052379835,0.4817559769847306,160021.93882471975,8491.55968521668,168513.49850993644,428,280,415.80730897009965,41,260,40,8.881612596814257,0.6069698228128461,17.137896825396826,1131.448412698413,27.59630274874178,0
430,4,0,0,301,0.0,0.0,1.0,301,650,400,250,0.6153846153846154,9,4,5,292.3033553525801,0.4772240679217423,0.8984784361878395,0.4839338714814052,160078.06717883915,8708.271230946084,168786.33840978524,429,281,416.80730897009965,41,260,39,8.818689547353964,0.6070390365448505,17.088293650793652,1131.6468253968255,27.601142082849403,0
431,4,0,0,301,0.0,0.0,1.0,301,1000,800,200,0.8,12,8,4,292.3033553525801,0.4772240679217423,0.8984784361878395,0.4839338714814052,160078.06717883915,8358.271230946084,168436.33840978524,430,282,417.80730897009965,41,260,38,8.818689547353964,0.6070390365448505,17.088293650793652,1131.6468253968255,27.601142082849403,0
432,4,0,0,301,0.0,0.0,1.0,301,650,400,250,0.6153846153846154,9,4,5,293.1808637033336,0.4772097637504615,0.898793409532507,0.48613478097785334,160106.13504661122,8738.01099143361,168844.14603804483,431,283,418.80730897009965,41,260,39,8.768335086489014,0.6070736434108528,17.063492063492063,1131.7460317460316,27.60356174990321,0
433,4,0,0,301,0.0,0.0,1.0,301,500,300,200,0.6,7,3,4,293.1808637033336,0.4772097637504615,0.898793409532507,0.48613478097785334,160106.13504661122,8888.01099143361,168994.14603804483,432,284,419.80730897009965,41,260,39,8.768335086489014,0.6070736434108528,17.063492063492063,1131.7460317460316,27.60356174990321,0
434,4,0,0,301,0.0,0.0,1.0,301,500,200,300,0.4,8,2,6,292.2496032418049,0.47716731266149875,0.8983929070014911,0.4868409084076257,160190.3534127772,8863.11344560973,169053.46685838694,433,285,420.80730897009965,41,260,38,8.718104606666081,0.6071774640088594,16.989087301587304,1132.0436507936513,27.610820751064665,0
435,4,0,0,301,0.0,0.0,1.0,301,800,600,200,0.75,10,6,4,293.13108961130405,0.4771331672203765,0.8987291696564474,0.48982505501227125,160246.51129259577,8594.646892321749,168841.15818491753,434,286,421.80730897009965,41,260,38,8.642100382604632,0.6072466777408638,16.93948412698413,1132.2420634920638,27.615660085172287,0
436,4,0,0,301,0.0,0.0,1.0,301,750,300,450,0.4,12,3,9,293.13108961130405,0.4771331672203765,0.8987291696564474,0.48982505501227125,160246.51129259577,8644.646892321749,168891.15818491753,435,287,422.80730897009965,41,260,38,8.642100382604632,0.6072466777408638,16.93948412698413,1132.2420634920638,27.615660085172287,0
437,4,0,0,301,0.0,0.0,1.0,301,500,200,300,0.4,8,2,6,293.13108961130405,0.4771331672203765,0.8987291696564474,0.48982505501227125,160246.51129259577,8894.646892321749,169141.15818491753,436,288,423.80730897009965,41,260,38,8.642100382604632,0.6072466777408638,16.93948412698413,1132.2420634920638,27.615660085172287,0
438,4,0,0,301,0.0,0.0,1.0,301,550,400,150,0.7272727272727273,7,4,3,294.7803043237936,0.4771156330749354,0.8992151039086467,0.49334639201638997,160274.59392321744,8899.158714411693,169173.75263762914,437,289,424.80730897009965,41,260,40,8.569884936627536,0.607281284606866,16.91468253968254,1132.3412698412699,27.618079752226095,0
439,4,0,0,301,0.0,0.0,1.0,301,500,200,300,0.4,8,2,6,294.7803043237936,0.4771156330749354,0.8992151039086467,0.49334639201638997,160274.59392321744,8949.158714411693,169223.75263762914,438,290,425.80730897009965,41,260,39,8.569884936627536,0.607281284606866,16.91468253968254,1132.3412698412699,27.618079752226095,0
440,4,0,0,301,0.0,0.0,1.0,301,750,500,250,0.6666666666666666,10,5,5,294.7803043237936,0.4771156330749354,0.8992151039086467,0.49334639201638997,160274.59392321744,8699.158714411693,168973.75263762914,439,291,426.80730897009965,41,260,40,8.569884936627536,0.607281284606866,16.91468253968254,1132.3412698412699,27.618079752226095,0
441,4,0,0,301,0.0,0.0,1.0,301,850,600,250,0.7058823529411765,11,6,5,294.267281956894,0.477077796234773,0.8990377787659447,0.4940228368852794,160330.7665658856,8586.019778281683,168916.78634416728,440,292,427.80730897009965,41,260,39,8.533345012847464,0.6073504983388704,16.865079365079364,1132.5396825396824,27.622919086333717,0
442,4,0,0,301,0.0,0.0,1.0,301,750,600,150,0.8,9,6,3,294.27166250463796,0.47705887781469175,0.8990591345830679,0.4948011149949118,160358.8565779321,8687.813464506173,169046.6700424383,441,293,428.80730897009965,41,260,38,8.507689556509302,0.6073851052048727,16.84027777777778,1132.638888888889,27.625338753387535,0
443,4,0,0,301,0.0,0.0,1.0,301,550,300,250,0.5454545454545454,8,3,5,294.5400533328326,0.47704457364341085,0.8992026927233268,0.4960263022056465,160386.9490504535,8898.076105442175,169285.02515589568,442,294,429.80730897009965,41,260,39,8.47455771588719,0.6074197120708749,16.81547619047619,1132.7380952380952,27.627758420441346,0
444,4,0,0,301,0.0,0.0,1.0,301,850,400,450,0.47058823529411764,13,4,9,294.7862385405518,0.4770168881506091,0.8993186750528013,0.49799687043389057,160443.141376921,8609.286029226498,169052.4274061475,443,295,430.80730897009965,41,260,40,8.416520723876245,0.6074889258028793,16.765873015873012,1132.936507936507,27.632597754548954,0
445,4,0,0,301,0.0,0.0,1.0,301,1050,900,150,0.8571428571428571,12,9,3,293.4117808919172,0.47699935400516796,0.8988268681489853,0.49645273326912404,160471.24123086734,8366.830534297045,168838.07176516438,444,296,431.80730897009965,41,260,40,8.429920760003503,0.6075235326688815,16.741071428571427,1133.0357142857142,27.635017421602786,0
446,4,0,0,301,0.0,0.0,1.0,301,900,500,400,0.5555555555555556,13,5,8,293.4117808919172,0.47699935400516796,0.8988268681489853,0.49645273326912404,160471.24123086734,8516.830534297047,168988.07176516438,445,297,432.80730897009965,41,260,39,8.429920760003503,0.6075235326688815,16.741071428571427,1133.0357142857142,27.635017421602786,0
447,4,0,0,301,0.0,0.0,1.0,301,1400,1100,300,0.7857142857142857,17,11,6,293.65374847147154,0.4769864341085271,0.8989215310431404,0.4976428954066986,160499.34354528846,8026.246771856885,168525.59031714534,446,298,433.80730897009965,41,260,37,8.397536917060645,0.6075581395348837,16.71626984126984,1133.1349206349203,27.637437088656593,0
448,4,0,0,301,0.0,0.0,1.0,301,1200,1000,200,0.8333333333333334,14,10,4,295.19896193771615,0.4769555186415651,0.8995016611295674,0.5018382352941176,160555.55555555553,8279.16666666666,168834.7222222222,447,299,434.80730897009965,41,260,38,8.302696078431369,0.6076273532668881,16.666666666666664,1133.3333333333333,27.642276422764226,0
449,4,0,0,301,0.0,0.0,1.0,301,550,200,350,0.36363636363636365,9,2,7,296.7167262555308,0.47692598744924325,0.9000327399246228,0.506012733462044,160611.77740772237,8981.240158100281,169593.01756582267,448,300,435.80730897009965,41,260,39,8.20861777233211,0.6076965669988925,16.617063492063494,1133.5317460317463,27.64711575687186,0
450,4,0,0,301,0.0,0.0,1.0,301,900,600,300,0.6666666666666666,12,6,6,296.7167262555308,0.47692598744924325,0.9000327399246228,0.506012733462044,160611.77740772237,8631.240158100281,169243.01756582267,449,301,436.80730897009965,41,260,39,8.20861777233211,0.6076965669988925,16.617063492063494,1133.5317460317463,27.64711575687186,0
451,4,0,0,301,0.0,0.0,1.0,301,1000,700,300,0.7,13,7,6,296.7167262555308,0.47692598744924325,0.9000327399246228,0.506012733462044,160611.77740772237,8531.240158100281,169143.01756582267,450,302,437.80730897009965,41,260,41,8.20861777233211,0.6076965669988925,16.617063492063494,1133.5317460317463,27.64711575687186,0
452,4,0,0,301,0.0,0.0,1.0,301,750,700,50,0.9333333333333333,8,7,1,294.6952562888908,0.47690245478036175,0.8992938018993974,0.5041582917469225,160668.00910178886,8719.620023935497,169387.62912572437,451,303,438.80730897009965,41,260,39,8.21483782522459,0.6077657807308969,16.567460317460316,1133.7301587301586,27.651955090979477,0
453,4,0,0,301,0.0,0.0,1.0,301,700,500,200,0.7142857142857143,9,5,4,293.9990768870427,0.47688076781100036,0.8991166801824189,0.5045659833061409,160724.25063775506,8750.556264172335,169474.8069019274,452,304,439.80730897009965,41,260,38,8.183508311461068,0.6078349944629015,16.517857142857142,1133.9285714285713,27.656794425087107,0
454,4,0,0,301,0.0,0.0,1.0,301,750,500,250,0.6666666666666666,10,5,5,293.5469953835405,0.47684569952011807,0.8989396204394497,0.5053959715699747,160780.50201562096,8689.326656588551,169469.82867220952,453,305,440.80730897009965,41,260,39,8.145264753907158,0.6079042081949059,16.468253968253965,1134.1269841269834,27.661633759194718,0
455,4,0,0,301,0.0,0.0,1.0,301,150,100,50,0.6666666666666666,2,1,1,293.5469953835405,0.47684569952011807,0.8989396204394497,0.5053959715699747,160780.50201562096,9289.326656588551,170069.82867220952,454,306,441.80730897009965,41,260,40,8.145264753907158,0.6079042081949059,16.468253968253965,1134.1269841269834,27.661633759194718,0
456,4,0,0,301,0.0,0.0,1.0,301,600,500,100,0.8333333333333334,7,5,2,293.17624594964326,0.47682908822443704,0.8988145000788934,0.5055632005946109,160808.63139526642,8829.054173752831,169637.68556901926,455,307,442.80730897009965,41,260,40,8.130247966413014,0.6079388150609081,16.44345238095238,1134.2261904761904,27.664053426248547,0
457,4,0,0,301,0.0,0.0,1.0,301,600,500,100,0.8333333333333334,7,5,2,293.17624594964326,0.47680970837947584,0.8988145000788934,0.5055632005946109,160808.63139526642,8829.054173752831,169637.68556901926,456,308,443.80730897009965,41,260,40,8.130247966413014,0.6079734219269103,16.44345238095238,1134.2261904761904,27.664053426248547,0
458,4,0,0,301,0.0,0.0,1.0,301,650,400,250,0.6153846153846154,9,4,5,293.17624594964326,0.47680970837947584,0.8988145000788934,0.5055632005946109,160808.63139526642,8779.054173752831,169587.68556901926,457,309,444.80730897009965,41,260,39,8.130247966413014,0.6079734219269103,16.44345238095238,1134.2261904761904,27.664053426248547,0
459,4,0,0,301,0.0,0.0,1.0,301,600,500,100,0.8333333333333334,7,5,2,291.8758866095996,0.47679817275747505,0.8984187908293608,0.503937924579937,160830.22072742024,8788.492653686677,169618.7133811069,458,310,445.80730897009965,42,259,39,8.147531180591148,0.6080080287929125,16.424418604651162,1134.3023255813955,27.007198228128466,0
460,4,0,0,301,0.0,0.0,1.0,301,500,300,200,0.6,7,3,4,291.8758866095996,0.47679817275747505,0.8984187908293608,0.503937924579937,160830.22072742024,8888.492653686677,169718.7133811069,459,311,446.80730897009965,42,259,39,8.147531180591148,0.6080080287929125,16.424418604651162,1134.3023255813955,27.007198228128466,0
461,4,0,0,301,0.0,0.0,1.0,301,1000,700,300,0.7,13,7,6,293.5341364205188,0.47675849021779254,0.8989580948181677,0.5091838819774598,160912.6660525959,8446.672093774408,169359.33814637028,460,312,447.80730897009965,42,259,40,8.025699604292994,0.6081118493909192,16.35174418604651,1134.5930232558133,27.014119601328886,0
462,4,0,0,301,0.0,0.0,1.0,301,300,200,100,0.6666666666666666,4,2,2,294.2534536233967,0.47673864894795126,0.899259797259917,0.5112326323338242,160940.1525223844,9171.439141277559,170111.59166366194,461,313,448.80730897009965,42,259,41,7.980358667805293,0.6081464562569214,16.327519379844958,1134.6899224806195,27.016426725729037,0
463,4,0,0,301,0.0,0.0,1.0,301,650,500,150,0.7692307692307693,8,5,3,293.0786477722771,0.47671788482835,0.8988295355674072,0.5099916855960087,160967.64133953792,8785.23573177694,169752.87707131487,462,314,449.80730897009965,42,259,40,7.988749893262747,0.6081810631229236,16.303294573643413,1134.7868217054267,27.01873385012921,0
464,4,0,0,301,0.0,0.0,1.0,301,500,400,100,0.8,6,4,2,294.0545484618082,0.47670496493170916,0.8991555924695454,0.5124950701762944,160995.1325040563,8968.270198605853,169963.40270266216,463,315,450.80730897009965,42,259,40,7.936126764571949,0.6082156699889258,16.27906976744186,1134.8837209302328,27.021040974529352,0
465,4,0,0,301,0.0,0.0,1.0,301,1000,600,400,0.6,14,6,8,293.4064298222035,0.4766897379106681,0.8988961635891406,0.5121713133394141,161022.62601593952,8449.014763986535,169471.64077992606,464,316,451.80730897009965,42,259,42,7.9295796693132985,0.608250276854928,16.25484496124031,1134.9806201550387,27.023348098929493,0
466,4,0,0,301,0.0,0.0,1.0,301,500,300,200,0.6,7,3,4,293.4064298222035,0.4766897379106681,0.8988961635891406,0.5121713133394141,161022.62601593952,8949.014763986535,169971.64077992606,465,317,452.80730897009965,42,259,41,7.9295796693132985,0.608250276854928,16.25484496124031,1134.9806201550387,27.023348098929493,0
467,4,0,0,301,0.0,0.0,1.0,301,1000,700,300,0.7,13,7,6,293.4064298222035,0.4766897379106681,0.8988961635891406,0.5121713133394141,161022.62601593952,8449.014763986535,169471.64077992606,466,318,453.80730897009965,42,259,39,7.9295796693132985,0.608250276854928,16.25484496124031,1134.9806201550387,27.023348098929493,0
468,4,0,0,301,0.0,0.0,1.0,301,650,300,350,0.46153846153846156,10,3,7,292.48261646761927,0.4766818936877077,0.8985392156473482,0.5113643834778644,161050.12187518776,8770.872205696774,169820.99408088453,467,319,454.80730897009965,42,259,39,7.930859085993967,0.6082848837209303,16.23062015503876,1135.0775193798447,27.025655223329636,0
469,4,0,0,301,0.0,0.0,1.0,301,1150,900,250,0.782608695652174,14,9,5,291.55270218551317,0.47666805094130676,0.8981579398873867,0.5105440816297886,161077.62008180097,8242.523079292108,169320.1431610931,468,320,455.80730897009965,42,259,37,7.932316118935835,0.6083194905869325,16.20639534883721,1135.174418604651,27.027962347729787,0
470,4,0,0,301,0.0,0.0,1.0,301,1150,800,350,0.6956521739130435,15,8,7,291.15550327828,0.4766505167958656,0.8980205959649685,0.5106553707198098,161105.12063577908,8231.328495883656,169336.44913166272,469,321,456.80730897009965,42,259,38,7.918658245134855,0.6083540974529347,16.182170542635657,1135.2713178294573,27.030269472129937,0
471,4,0,0,301,0.0,0.0,1.0,301,550,300,250,0.5454545454545454,8,3,5,290.7520258367061,0.47663067552602434,0.8978588908922693,0.5107558450867593,161132.62353712218,8819.927344360312,169952.5508814825,470,322,457.80730897009965,42,259,41,7.905180506955704,0.6083887043189369,16.157945736434108,1135.3682170542636,27.032576596530085,0
472,4,0,0,301,0.0,0.0,1.0,301,700,300,400,0.42857142857142855,11,3,8,290.7520258367061,0.47663067552602434,0.8978588908922693,0.5107558450867593,161132.62353712218,8669.927344360312,169802.5508814825,471,323,458.80730897009965,42,259,40,7.905180506955704,0.6083887043189369,16.157945736434108,1135.3682170542636,27.032576596530085,0
473,4,0,0,301,0.0,0.0,1.0,301,600,300,300,0.5,9,3,6,290.3422730928252,0.4766163713547435,0.8976728309061397,0.5108454588741326,161160.12878583008,8758.319624722066,169918.44841055214,472,324,459.80730897009965,42,259,42,7.891882858280708,0.6084233111849391,16.133720930232556,1135.4651162790692,27.034883720930218,0
474,4,0,0,301,0.0,0.0,1.0,301,900,500,400,0.5555555555555556,13,5,8,291.00332289022913,0.47660114433370243,0.897950030886606,0.5128222467594876,161187.63638190302,8481.227559191142,169668.86394109417,473,325,460.80730897009965,42,259,40,7.848188127542169,0.6084579180509413,16.109496124031004,1135.5620155038753,27.037190845330365,0
475,4,0,0,301,0.0,0.0,1.0,301,850,800,50,0.9411764705882353,9,8,1,290.85006814290205,0.4765891472868217,0.8979346433390405,0.5133678913606644,161215.14632534093,8527.887258878663,169743.0335842196,474,326,461.80730897009965,42,259,40,7.827609499431171,0.6084925249169435,16.085271317829452,1135.6589147286813,27.03949796973051,0
476,4,0,0,301,0.0,0.0,1.0,301,800,600,200,0.75,10,6,4,290.85006814290205,0.4765891472868217,0.8979346433390405,0.5133678913606644,161215.14632534093,8577.887258878663,169793.0335842196,475,327,462.80730897009965,42,259,40,7.827609499431171,0.6084925249169435,16.085271317829452,1135.6589147286813,27.03949796973051,0
477,4,0,0,301,0.0,0.0,1.0,301,750,500,250,0.6666666666666666,10,5,5,290.85006814290205,0.4765891472868217,0.8979346433390405,0.5133678913606644,161215.14632534093,8627.887258878663,169843.0335842196,476,328,463.80730897009965,42,259,39,7.827609499431171,0.6084925249169435,16.085271317829452,1135.6589147286813,27.03949796973051,0
478,4,0,0,301,0.0,0.0,1.0,301,1000,600,400,0.6,14,6,8,289.71709705137687,0.4765531561461794,0.8974895148458675,0.5130005757758669,161270.1732543116,8344.54528724235,169614.71854155397,477,329,464.80730897009965,42,259,39,7.8099229369277126,0.6085617386489479,16.036821705426355,1135.8527131782944,27.04411221853082,0
479,4,0,0,301,0.0,0.0,1.0,301,1300,1000,300,0.7692307692307693,16,10,6,289.63542927105084,0.4765236249538575,0.8974831988447474,0.5144978443596662,161325.20957274194,8045.099265368661,169370.3088381106,478,330,465.80730897009965,42,259,38,7.762389116342551,0.6086309523809523,15.988372093023253,1136.0465116279063,27.0487264673311,0
480,4,0,0,301,0.0,0.0,1.0,301,650,400,250,0.6153846153846154,9,4,5,289.63542927105084,0.4765236249538575,0.8974831988447474,0.5144978443596662,161325.20957274194,8695.09926536866,170020.3088381106,479,331,466.80730897009965,42,259,41,7.762389116342551,0.6086309523809523,15.988372093023253,1136.0465116279063,27.0487264673311,0
481,4,0,0,301,0.0,0.0,1.0,301,800,500,300,0.625,11,5,6,289.63542927105084,0.4765236249538575,0.8974831988447474,0.5144978443596662,161325.20957274194,8545.09926536866,169870.3088381106,480,332,467.80730897009965,42,259,40,7.762389116342551,0.6086309523809523,15.988372093023253,1136.0465116279063,27.0487264673311,0
482,4,0,0,301,0.0,0.0,1.0,301,850,600,250,0.7058823529411765,11,6,5,289.63542927105084,0.4765236249538575,0.8974831988447474,0.5144978443596662,161325.20957274194,8495.09926536866,169820.3088381106,481,333,468.80730897009965,42,259,39,7.762389116342551,0.6086309523809523,15.988372093023253,1136.0465116279063,27.0487264673311,0
483,4,0,0,301,0.0,0.0,1.0,301,600,400,200,0.6666666666666666,8,4,4,289.63542927105084,0.4765236249538575,0.8974831988447474,0.5144978443596662,161325.20957274194,8745.09926536866,170070.3088381106,482,334,469.80730897009965,42,259,41,7.762389116342551,0.6086309523809523,15.988372093023253,1136.0465116279063,27.0487264673311,0
484,4,0,0,301,0.0,0.0,1.0,301,550,400,150,0.7272727272727273,7,4,3,289.63542927105084,0.4765236249538575,0.8974831988447474,0.5144978443596662,161325.20957274194,8795.09926536866,170120.3088381106,483,335,470.80730897009965,42,259,40,7.762389116342551,0.6086309523809523,15.988372093023253,1136.0465116279063,27.0487264673311,0
485,4,0,0,301,0.0,0.0,1.0,301,450,200,250,0.4444444444444444,7,2,5,290.8729364843149,0.47650055370985606,0.8979154708025945,0.518355023284966,161380.2552806321,8938.229748813163,170318.48502944526,484,336,471.80730897009965,42,259,39,7.677383592017737,0.6087001661129567,15.939922480620151,1136.2403100775189,27.0533407161314,0
486,4,0,0,301,0.0,0.0,1.0,301,650,500,150,0.7692307692307693,8,5,3,290.8729364843149,0.47650055370985606,0.8979154708025945,0.518355023284966,161380.2552806321,8738.229748813163,170118.48502944526,485,337,472.80730897009965,42,259,37,7.677383592017737,0.6087001661129567,15.939922480620151,1136.2403100775189,27.0533407161314,0
487,4,0,0,301,0.0,0.0,1.0,301,300,100,200,0.3333333333333333,5,1,4,290.8729364843149,0.47650055370985606,0.8979154708025945,0.518355023284966,161380.2552806321,9088.229748813163,170468.48502944526,486,338,473.80730897009965,42,259,41,7.677383592017737,0.6087001661129567,15.939922480620151,1136.2403100775189,27.0533407161314,0
488,4,0,0,301,0.0,0.0,1.0,301,450,400,50,0.8888888888888888,5,4,1,290.8729364843149,0.47650055370985606,0.8979154708025945,0.518355023284966,161380.2552806321,8938.229748813163,170318.48502944526,487,339,474.80730897009965,42,259,40,7.677383592017737,0.6087001661129567,15.939922480620151,1136.2403100775189,27.0533407161314,0
489,4,0,0,301,0.0,0.0,1.0,301,550,400,150,0.7272727272727273,7,4,3,290.8729364843149,0.47650055370985606,0.8979154708025945,0.518355023284966,161380.2552806321,8838.229748813163,170218.48502944526,488,340,475.80730897009965,42,259,39,7.677383592017737,0.6087001661129567,15.939922480620151,1136.2403100775189,27.0533407161314,0
490,4,0,0,301,0.0,0.0,1.0,301,550,300,250,0.5454545454545454,8,3,5,290.6750645925075,0.4764922480620155,0.8978270039863141,0.5188350810466265,161407.78165562468,8833.44347169641,170241.2251273211,489,341,476.80730897009965,42,259,39,7.658075381598018,0.608734772978959,15.915697674418604,1136.3372093023256,27.055647840531563,0
491,4,0,0,301,0.0,0.0,1.0,301,700,500,200,0.7142857142857143,9,5,4,290.6750645925075,0.4764922480620155,0.8978270039863141,0.5188350810466265,161407.78165562468,8683.44347169641,170091.2251273211,490,342,477.80730897009965,42,259,41,7.658075381598018,0.608734772978959,15.915697674418604,1136.3372093023256,27.055647840531563,0
492,4,0,0,301,0.0,0.0,1.0,301,900,700,200,0.7777777777777778,11,7,4,291.38727361658925,0.4764502583979328,0.8980975605611308,0.5226257980921395,161490.37486479178,8511.248009434525,170001.6228742263,491,343,478.80730897009965,42,259,39,7.563050582551867,0.6088385935769657,15.843023255813954,1136.627906976744,27.062569213732,0
493,4,0,0,301,0.0,0.0,1.0,301,1000,600,400,0.6,14,6,8,291.70128979068136,0.4764359542266519,0.8982526633156163,0.5240348898215135,161517.91062924408,8422.996570969299,169940.90720021338,492,344,479.80730897009965,42,259,38,7.529196146961047,0.6088732004429679,15.818798449612407,1136.7248062015508,27.064876338132162,0
494,4,0,0,301,0.0,0.0,1.0,301,1100,1000,100,0.9090909090909091,12,10,2,292.30981107824607,0.47640550018456995,0.8984166814615213,0.5268311848511613,161572.98920024338,8345.873989694126,169918.8631899375,493,345,480.80730897009965,42,259,39,7.462037273786187,0.6089424141749723,15.770348837209301,1136.918604651163,27.06949058693245,0
495,4,0,0,301,0.0,0.0,1.0,301,1100,800,300,0.7272727272727273,14,8,6,292.89233969372987,0.476375046142488,0.898678032463865,0.5295980903398955,161628.07716070255,8367.92513595938,169996.00229666193,494,346,481.80730897009965,42,259,39,7.395611418832553,0.6090116279069768,15.721899224806203,1137.1124031007755,27.07410483573275,0
496,4,0,0,301,0.0,0.0,1.0,301,1200,800,400,0.6666666666666666,16,8,8,292.89233969372987,0.476375046142488,0.898678032463865,0.5295980903398955,161628.07716070255,8267.92513595938,169896.00229666193,495,347,482.80730897009965,42,259,38,7.395611418832553,0.6090116279069768,15.721899224806203,1137.1124031007755,27.07410483573275,0
497,4,0,0,301,0.0,0.0,1.0,301,450,300,150,0.6666666666666666,6,3,3,291.5697984472954,0.4763528977482466,0.8982090031326102,0.5289265416346068,161683.17451062138,8978.38612087615,170661.56063149753,496,348,483.80730897009965,42,259,40,7.383346113430462,0.6090808416389812,15.673449612403102,1137.3062015503876,27.078719084533038,0
498,4,0,0,301,0.0,0.0,1.0,301,400,300,100,0.75,5,3,2,291.5697984472954,0.4763528977482466,0.8982090031326102,0.5289265416346068,161683.17451062138,9028.386120876152,170711.56063149753,497,349,484.80730897009965,42,259,41,7.383346113430462,0.6090808416389812,15.673449612403102,1137.3062015503876,27.078719084533038,0
499,4,0,0,301,0.0,0.0,1.0,301,550,300,250,0.5454545454545454,8,3,5,291.5697984472954,0.4763528977482466,0.8982090031326102,0.5289265416346068,161683.17451062138,8878.38612087615,170561.56063149753,498,350,485.80730897009965,42,259,42,7.383346113430462,0.6090808416389812,15.673449612403102,1137.3062015503876,27.078719084533038,0
500,4,0,0,301,0.0,0.0,1.0,301,400,200,200,0.5,6,2,4,291.5697984472954,0.4763528977482466,0.8982090031326102,0.5289265416346068,161683.17451062138,9028.38612087615,170711.56063149753,499,351,486.80730897009965,42,259,40,7.383346113430462,0.6090808416389812,15.673449612403102,1137.3062015503876,27.078719084533038,0
