period,mktsize,entries,exits,surviv,entryrate,exitrate,survivrate,firms,totresinv,totinninv,totimiinv,costshareinn,firmsres,firmsinn,firmsimi,hindex,div,gini,pcm,cs,totprofits,ts,maxage,minage,avgage,actfirms,inactfirms,profitablefirms,wmc,avgproxopt,price,totoutput,avgoutput,magtechshock
1,32,40,9,31,1.0,0.225,0.775,40,0,0,0,0,0,0,0,367.66636654498916,0.49771634615384613,0.377577608427659,0.16232988563488046,957264.8435095401,62390.81736688192,1019655.660876422,0,0,0.0,37,3,31,46.40710803541408,0.5121058558558558,55.4002192982456,7827.192982456128,211.54575628259806,0
2,32,31,15,47,0.5,0.24193548387096775,0.7580645161290323,62,1050,500,550,0.47619047619047616,16,5,11,260.45234211865807,0.49884871320289087,0.42520956326038073,0.12425364610833338,984168.1015184416,37815.77741579022,1021983.8789342318,1,0,0.5,53,9,42,45.52732298877396,0.5269261006289307,51.98688271604938,7936.419753086413,149.74376892615874,0
3,32,19,13,53,0.2878787878787879,0.19696969696969696,0.803030303030303,66,1600,1300,300,0.8125,19,13,6,243.37035125589261,0.497217365967366,0.4107624250976172,0.1212651692691159,998846.486686395,33817.92406311666,1032664.4107495117,2,0,1.0909090909090908,64,2,39,44.06348213713041,0.53759765625,50.14423076923079,7995.384615384652,124.92788461538518,0
4,32,18,7,64,0.2535211267605634,0.09859154929577464,0.9014084507042254,71,1800,1100,700,0.6111111111111112,25,11,14,222.24273565901916,0.49494466800804826,0.4007128976422014,0.11439894504362627,1009618.9802060942,28876.096826853962,1038495.0770329481,3,0,1.6338028169014085,65,6,41,43.21777875513111,0.5506410256410257,48.80050505050502,8038.38383838378,123.66744366744277,0
5,32,4,7,61,0.058823529411764705,0.10294117647058823,0.8970588235294118,68,1850,1000,850,0.5405405405405406,27,10,17,232.4666569308407,0.49435725782850454,0.4045293405633894,0.12070886913143929,1012474.5603221575,31623.315253123008,1044097.8755752805,4,0,2.5294117647058822,64,4,43,42.59770975345605,0.5548502604166667,48.445512820512825,8049.743589743597,125.7772435897437,0
6,32,7,8,60,0.10294117647058823,0.11764705882352941,0.8823529411764706,68,2700,1700,1000,0.6296296296296297,37,17,20,247.40242663724956,0.4909642961662277,0.45976307189542553,0.13194796087319952,1021163.4349030446,34227.662357648325,1055391.0972606929,5,0,3.1323529411764706,56,12,39,41.1182544849537,0.5714285714285714,47.36842105263157,8084.210526315769,144.36090225563873,8
7,32,7,2,65,0.1044776119402985,0.029850746268656716,0.9701492537313433,67,1800,1000,800,0.5555555555555556,26,10,16,233.82583631758214,0.4890980702547867,0.42105733017157143,0.12687304506075725,1026690.9148301213,32813.37235996341,1059504.2871900848,6,0,3.746268656716418,54,13,45,40.76246105919003,0.580054012345679,46.68560606060607,8106.0606060606215,150.11223344556706,0
8,32,2,2,65,0.029850746268656716,0.029850746268656716,0.9701492537313433,67,1900,1100,800,0.5789473684210527,27,11,16,228.87796172276848,0.48888135082164935,0.40509514683392256,0.12515241736755672,1029156.8559556813,31810.264696829967,1060967.1206525113,7,0,4.582089552238806,56,11,47,40.576812220781065,0.5814732142857143,46.38157894736843,8115.789473684232,144.92481203007557,0
9,32,3,2,66,0.04411764705882353,0.029411764705882353,0.9705882352941176,68,2200,1700,500,0.7727272727272727,27,17,10,223.61959701499532,0.4880011706175007,0.3986030014959214,0.12334492704130316,1031917.3611111142,30351.388888889087,1062268.7500000033,8,0,5.279411764705882,59,9,45,40.362660650806646,0.5826271186440678,46.04166666666668,8126.6666666666915,137.7401129943507,0
10,32,2,0,68,0.029411764705882353,0.0,1.0,68,2400,1500,900,0.625,33,15,18,219.29702851817925,0.4876856526192566,0.4003977829482126,0.11948662965282805,1028020.9717350481,29088.38887117345,1057109.3606062215,9,0,6.132352941176471,55,13,41,40.96287089356914,0.5808712121212121,46.52157738095238,8111.309523809523,147.47835497835496,8
11,32,7,6,69,0.09333333333333334,0.08,0.92,75,2400,1500,900,0.625,33,15,18,199.79337909802177,0.4873648648648649,0.4004048427390927,0.11056272389575436,1032949.3247138179,23875.287204318887,1056824.6119181367,10,0,6.466666666666667,63,12,46,40.83825774560675,0.5811838624338624,45.914713541666686,8130.729166666706,129.05919312169374,0
12,32,2,1,70,0.028169014084507043,0.014084507042253521,0.9859154929577465,71,2650,1700,950,0.6415094339622641,36,17,19,203.2342818583602,0.4855717639168344,0.3772248560980951,0.11331007221418188,1035306.2500000019,25231.944444444554,1060538.1944444464,11,0,7.464788732394366,59,12,47,40.45522795522794,0.586864406779661,45.62500000000001,8140.000000000015,137.9661016949155,0
13,32,8,3,75,0.10256410256410256,0.038461538461538464,0.9615384615384616,78,3200,2400,800,0.75,40,24,16,190.4153185246194,0.485563048063048,0.39373043118012574,0.10801446807892374,1040725.0253808714,20833.99744088858,1061559.02282176,12,0,7.589743589743589,67,11,45,40.10382255190501,0.5884639303482587,44.96017156862748,8161.274509803988,121.81006731050728,0
14,32,1,1,75,0.013157894736842105,0.013157894736842105,0.9868421052631579,76,2700,1800,900,0.6666666666666666,36,18,18,197.177050535024,0.48536549707602344,0.400176914238096,0.11229854632267733,1041971.8053323664,23190.58546321815,1065162.3907955845,13,0,8.776315789473685,65,11,48,39.77563805223986,0.5911858974358974,44.8074494949495,8166.161616161635,125.63325563325591,0
15,32,3,4,74,0.038461538461538464,0.05128205128205128,0.9487179487179487,78,3050,2200,850,0.7213114754098361,39,22,17,193.75092828970327,0.4846472971472971,0.40563883904741793,0.11146968991212772,1045113.0177514764,21848.323471400225,1066961.3412228767,14,0,9.474358974358974,64,14,43,39.471250313518944,0.595703125,44.42307692307691,8178.461538461515,127.78846153846118,0
16,32,3,2,75,0.03896103896103896,0.025974025974025976,0.974025974025974,77,2100,1400,700,0.6666666666666666,28,14,14,194.67269759477782,0.4832179881521987,0.4016215468939328,0.11305174474867664,1047998.4385272856,23303.336620644397,1071301.77514793,15,0,10.090909090909092,64,13,39,39.08826445418496,0.5992838541666667,44.070512820512825,8189.743589743597,127.9647435897437,0
17,32,1,3,73,0.013157894736842105,0.039473684210526314,0.9605263157894737,76,2950,2000,950,0.6779661016949152,39,20,19,193.70832557580886,0.4820504385964912,0.39072023893808194,0.11311801854870891,1049705.3295529298,22517.332347140316,1072222.6619000703,16,0,10.881578947368421,64,12,43,38.900576654361934,0.6013997395833333,43.8621794871795,8196.410256410289,128.06891025641076,0
18,32,3,2,74,0.039473684210526314,0.02631578947368421,0.9736842105263158,76,2900,2000,900,0.6896551724137931,38,20,18,189.20007563717633,0.4800511695906433,0.3776424314973874,0.11148593558532317,1052465.5489809369,21725.31229454323,1074190.8612754801,17,0,11.394736842105264,64,12,46,38.6731442139465,0.6048177083333333,43.525641025641036,8207.179487179514,128.2371794871799,0
19,32,1,2,73,0.013333333333333334,0.02666666666666667,0.9733333333333334,75,2250,1400,850,0.6222222222222222,31,14,17,188.86012776104766,0.4783483483483484,0.3682966106984573,0.1121055245224068,1054702.666831038,22588.256081525724,1077290.9229125637,18,0,12.24,64,11,48,38.404281880032485,0.6075846354166667,43.25320512820515,8215.897435897481,128.37339743589814,0
20,32,2,2,73,0.02666666666666667,0.02666666666666667,0.9733333333333334,75,2400,1400,1000,0.5833333333333334,34,14,20,185.62984832849895,0.47725225225225226,0.3569934720772705,0.11120723057826161,1057495.4126173388,21860.54261044819,1079355.955227787,19,0,12.826666666666666,65,10,44,38.14121748828455,0.6104166666666666,42.91351010101012,8226.767676767708,126.56565656565704,0
21,32,0,1,72,0.0,0.0136986301369863,0.9863013698630136,73,1900,1300,600,0.6842105263157895,25,13,12,188.23810623355956,0.47669330289193307,0.3484707493353847,0.11295694288046806,1057996.860618022,23331.06508875786,1081327.9257067798,20,1,13.698630136986301,64,9,45,38.01206946694914,0.6116536458333333,42.85256410256413,8228.71794871801,128.5737179487189,0
22,32,1,3,70,0.0136986301369863,0.0410958904109589,0.9589041095890412,73,1450,700,750,0.4827586206896552,22,7,15,185.71030503696113,0.4764634069000508,0.3394154511674321,0.11187913498568237,1059184.027777786,23290.277777778276,1082474.3055555641,21,0,14.452054794520548,65,8,47,37.930161943319845,0.6125,42.708333333333364,8233.333333333398,126.66666666666765,0
23,32,1,1,70,0.014084507042253521,0.014084507042253521,0.9859154929577465,71,2450,1600,850,0.6530612244897959,33,16,17,249.60710131909707,0.4755700871898055,0.48031657880776457,0.14451711740419962,1047068.9863040075,35621.17091049349,1082690.157214501,22,0,15.211267605633802,59,12,42,37.79867944802622,0.6015183615819208,44.18402777777776,8186.111111111073,138.74764595103514,8
24,32,1,0,71,0.014084507042253521,0.0,1.0,71,1950,800,1150,0.41025641025641024,31,8,23,243.224864334429,0.4744382964453387,0.46552350390815267,0.1416317809550003,1048834.768650999,34870.538862874215,1083705.3075138733,23,0,15.887323943661972,61,10,42,37.741089200953674,0.6022882513661203,43.96841397849462,8193.010752688162,134.3116516834125,0
25,32,2,1,72,0.0273972602739726,0.0136986301369863,0.9863013698630136,73,2450,1700,750,0.6938775510204082,32,17,15,239.66737431214256,0.47394247843734144,0.46522967765835865,0.14082686068681763,1051605.419876674,33357.101958852036,1084962.521835526,24,0,16.424657534246574,60,13,40,37.4861231377251,0.6064236111111111,43.63046448087431,8203.825136612006,136.73041894353344,0
26,32,1,1,72,0.0136986301369863,0.0136986301369863,0.9863013698630136,73,2550,1500,1050,0.5882352941176471,36,15,21,240.61611866408137,0.4734271943176053,0.4647504075317801,0.142016525546264,1052968.3751372965,33522.23270031201,1086490.6078376085,25,0,17.205479452054796,61,12,41,37.29172124347807,0.6074112021857924,43.4643817204301,8209.139784946216,134.5760620482986,0
27,32,4,0,76,0.05263157894736842,0.0,1.0,76,2500,1700,800,0.68,33,17,16,231.49810733132796,0.47301900584795326,0.4571350975950861,0.13782271103498628,1055602.8973602136,31174.01456647108,1086776.9119266847,26,0,17.38157894736842,66,10,44,37.197480983798386,0.6074810606060606,43.14365671641791,8219.402985074625,124.53640886476704,0
28,32,2,5,73,0.02564102564102564,0.0641025641025641,0.9358974358974359,78,2550,2100,450,0.8235294117647058,30,21,9,229.21392567225377,0.47300616050616046,0.4655404011426816,0.13718191607808236,1057196.2334301788,30314.81977409004,1087511.053204269,27,0,17.91025641025641,68,10,35,37.057932499363744,0.6083026960784313,42.94987922705312,8225.60386473425,120.96476271668016,0
29,32,0,1,72,0.0,0.0136986301369863,0.9863013698630136,73,2600,1800,800,0.6923076923076923,34,18,16,236.9724970908273,0.47149289700659563,0.45262535724230313,0.14170637242142747,1056942.1597633127,32893.24457593682,1089835.4043392495,28,1,19.589041095890412,64,9,36,36.89012033919441,0.6103515625,42.980769230769226,8224.615384615377,128.50961538461527,0
30,32,1,2,71,0.0136986301369863,0.0273972602739726,0.9726027397260274,73,2200,1300,900,0.5909090909090909,31,13,18,233.60356253091996,0.47077149923896494,0.44679107967598464,0.14054739077010198,1058788.2314266912,32667.340565417355,1091455.5719921086,29,0,20.301369863013697,64,9,42,36.74710835617577,0.6126302083333333,42.75641025641025,8231.794871794858,128.62179487179466,0
31,32,0,2,69,0.0,0.028169014084507043,0.971830985915493,71,2550,1900,650,0.7450980392156863,32,19,13,233.81075947387689,0.46919014084507044,0.43569208579059326,0.1415160506056868,1060590.4597405174,32845.49217653599,1093435.9519170534,30,1,21.380281690140844,60,11,39,36.517819636974664,0.6175347222222223,42.537568306010954,8238.797814207694,137.31329690346155,0
32,32,0,2,67,0.0,0.028985507246376812,0.9710144927536232,69,2400,1700,700,0.7083333333333334,31,17,14,236.4496731327749,0.4679418868996874,0.4277768333011547,0.1439204968898937,1062279.4098435384,34035.12384663673,1096314.533690175,31,2,22.17391304347826,60,9,39,36.240114211235564,0.6196180555555555,42.332650273224075,8245.355191256893,137.42258652094822,0
33,32,2,2,67,0.028985507246376812,0.028985507246376812,0.9710144927536232,69,1850,1500,350,0.8108108108108109,22,15,7,233.06031815795274,0.4670538505257175,0.4212537728269601,0.1428227123370355,1064308.37831686,33959.60985374054,1098267.9881706005,32,0,22.55072463768116,61,8,45,36.07575782250888,0.6214139344262295,42.08669354838711,8253.225806451634,135.29878371232186,0
34,32,0,3,64,0.0,0.04477611940298507,0.9552238805970149,67,2400,1700,700,0.7083333333333334,31,17,14,233.6096869574651,0.4652872003618272,0.40463697139303445,0.14375980735844035,1065556.7117585866,33984.87397386995,1099541.5857324565,33,1,23.28358208955224,61,6,36,35.90684678819446,0.6229508196721312,41.93548387096775,8258.064516129047,135.37810682178764,0
35,32,1,0,65,0.015384615384615385,0.0,1.0,65,2450,1700,750,0.6938775510204082,32,17,15,237.45942338183323,0.4637319711538461,0.40005205622071793,0.14667509720787827,1066666.9557174235,35208.02404902294,1101874.9797664464,34,0,24.446153846153845,61,4,39,35.66989849036956,0.6243169398907105,41.8010752688172,8262.365591397845,135.4486162524237,0
36,32,0,0,65,0.0,0.0,1.0,65,2100,1300,800,0.6190476190476191,29,13,16,236.65724922525487,0.4634415064102564,0.39862077938976026,0.14638465101977421,1067083.4462437849,35406.60661637182,1102490.0528601566,35,1,25.446153846153845,61,4,40,35.63901448615356,0.6248292349726776,41.75067204301075,8263.978494623652,135.47505728891232,0
37,32,2,1,66,0.029850746268656716,0.014925373134328358,0.9850746268656716,67,1500,800,700,0.5333333333333333,22,8,14,231.0399717626948,0.46344037388813514,0.40186367442507276,0.14358636109588735,1068483.7232001536,34472.48984741243,1102956.213047566,36,0,25.65671641791045,60,7,41,35.6107788717813,0.6272569444444445,41.581284153005456,8269.398907103812,137.82331511839686,0
38,32,1,1,66,0.014925373134328358,0.014925373134328358,0.9850746268656716,67,2000,1200,800,0.6,28,12,16,228.2884063961634,0.4631482737826021,0.39545289206829026,0.142419232024899,1069613.7211099134,33436.08237033032,1103049.8034802438,37,0,26.19402985074627,60,7,43,35.54215375470575,0.6286458333333333,41.44467213114753,8273.770491803252,137.89617486338753,0
39,32,0,1,65,0.0,0.015151515151515152,0.9848484848484849,66,2800,1900,900,0.6785714285714286,37,19,18,231.68233939243987,0.46251942501942506,0.39687488123028447,0.14509118476461633,1070744.3162307015,33614.50961509742,1104358.825845799,38,1,27.439393939393938,60,6,41,35.314624727704796,0.6300347222222222,41.30806010928961,8278.142076502723,137.96903460837873,0
40,32,1,0,66,0.015151515151515152,0.0,1.0,66,1900,1300,600,0.6842105263157895,25,13,12,227.92082181734827,0.46205322455322456,0.38695692159438333,0.14328477379865373,1071875.5085625108,33760.549359491015,1105636.057922002,39,0,27.863636363636363,60,6,44,35.27220646126102,0.6314236111111111,41.171448087431685,8282.513661202169,138.04189435336949,0
41,32,0,0,66,0.0,0.0,1.0,66,2650,1900,750,0.7169811320754716,34,19,15,228.75356040454565,0.4613927738927739,0.3914280659334184,0.14445866995641407,1073201.3139163477,33249.724317840155,1106451.0382341878,40,1,28.863636363636363,61,5,39,35.08696886149856,0.6323428961748634,41.01142473118279,8287.634408602142,135.86285915741217,0
42,32,0,3,63,0.0,0.045454545454545456,0.9545454545454546,66,2650,2100,550,0.7924528301886793,32,21,11,228.83686952273598,0.46046037296037295,0.3945327235005671,0.14513075146047158,1074454.850271704,33324.97687593917,1107779.827147643,41,2,29.863636363636363,61,5,40,34.93014133817427,0.6338797814207651,40.860215053763426,8292.47311827954,135.94218226687772,0
43,32,0,1,62,0.0,0.015873015873015872,0.9841269841269842,63,2450,1700,750,0.6938775510204082,32,17,15,262.1561532271016,0.45857868236900495,0.4393078057217723,0.1552606442173573,1054012.159576365,40213.15464182613,1094225.3142181912,42,5,31.38095238095238,52,11,43,36.608692600250144,0.6159855769230769,43.33726415094341,8213.207547169837,157.94629898403534,8
44,32,0,1,61,0.0,0.016129032258064516,0.9838709677419355,62,2000,1300,700,0.65,27,13,14,262.6996314608764,0.45817909395381634,0.43275804599829515,0.15607870327586912,1054980.920701321,41028.619813298814,1096009.5405146198,43,6,32.79032258064516,52,10,42,36.47372113790026,0.6171875,43.21933962264153,8216.981132075502,158.01886792452888,0
45,32,1,1,61,0.016129032258064516,0.016129032258064516,0.9838709677419355,62,1650,1000,650,0.6060606060606061,23,10,13,258.29072315558756,0.4581460426582055,0.4230601569311234,0.15414123801220594,1056327.1604938305,40517.901234568155,1096845.0617283985,44,0,33.62903225806452,53,9,38,36.41891891891892,0.6179245283018868,43.05555555555557,8222.222222222248,155.136268343816,0
46,32,2,0,63,0.031746031746031744,0.0,1.0,63,2100,1600,500,0.7619047619047619,26,16,10,254.33618106325412,0.458194657791432,0.42195626207563963,0.15276453589855646,1058281.442366883,39131.85210834112,1097413.294475224,45,0,34.06349206349206,56,7,40,36.276913238115554,0.6177455357142857,42.817982456140356,8229.824561403517,146.96115288220565,0
47,32,0,1,62,0.0,0.015873015873015872,0.9841269841269842,63,1600,1200,400,0.75,20,12,8,254.14283731209952,0.45808798429766173,0.42233995047294237,0.15287669136774007,1058732.6869806107,39613.865804863155,1098346.5527854739,46,1,35.06349206349206,56,7,40,36.22566780335323,0.6183035714285714,42.76315789473685,8231.578947368433,146.9924812030077,0
48,32,0,0,62,0.0,0.0,1.0,62,1650,1100,550,0.6666666666666666,22,11,11,254.01688074606446,0.45720958928256655,0.4159925709894181,0.153441193277235,1059993.2755824518,39801.237095051496,1099794.5126775033,47,2,35.95161290322581,52,10,39,36.07192399714925,0.6233974358974359,42.61006289308175,8236.477987421373,158.393807450411,0
49,32,1,0,63,0.015873015873015872,0.0,1.0,63,2500,2100,400,0.84,29,21,8,250.3659924625611,0.45722392899812253,0.4157668457558208,0.15240399675405558,1062305.010330578,38093.00964187326,1100398.0199724513,48,0,36.36507936507937,54,9,41,35.87835354649025,0.6244212962962963,42.32954545454545,8245.454545454542,152.69360269360263,0
50,32,0,0,63,0.0,0.0,1.0,63,2050,1400,650,0.6829268292682927,27,14,13,251.1285307932365,0.45656255333674683,0.42120910060682504,0.15366808749437788,1063867.2233700622,38783.48255280062,1102650.7059228627,49,1,37.36507936507937,54,9,41,35.66455502509488,0.6263503086419753,42.14015151515151,8251.515151515136,152.80583613916917,0
51,32,2,2,63,0.03076923076923077,0.03076923076923077,0.9692307692307692,65,1600,1000,600,0.625,22,10,12,245.7119695259352,0.4572816506410256,0.4221272951126829,0.15128024858987496,1065700.2452437542,37771.061236622874,1103471.3064803772,50,0,37.184615384615384,57,8,39,35.57672233820459,0.6260964912280702,41.91810344827585,8258.620689655148,144.88808227465174,0
52,32,0,2,61,0.0,0.031746031746031744,0.9682539682539683,63,1900,1500,400,0.7894736842105263,23,15,8,247.43219530418537,0.4556238265915686,0.4101366178240258,0.15270749773098385,1066418.5614804532,38273.25715604787,1104691.8186365012,51,1,38.19047619047619,56,7,39,35.443211580661135,0.6277901785714286,41.831140350877185,8261.403508771913,147.5250626566413,0
53,32,1,0,62,0.016129032258064516,0.0,1.0,62,1800,1100,700,0.6111111111111112,25,11,14,249.67421798460947,0.45440573770491804,0.4004936969755082,0.15456179250006477,1067324.6094952268,39096.68744228975,1106421.2969375164,52,0,39.17741935483871,56,6,43,35.27294275808391,0.62890625,41.721491228070164,8264.912280701734,147.58771929824525,0
54,32,1,0,63,0.015873015873015872,0.0,1.0,63,2650,2100,550,0.7924528301886793,32,21,11,244.78715452309575,0.4544504181600956,0.3958961789844151,0.1523886229566312,1068986.6967613949,37084.84234465295,1106071.5391060477,53,0,39.53968253968254,56,7,43,35.19322091817498,0.6309523809523809,41.5204678362573,8271.345029239752,147.70258980785272,0
55,32,1,0,64,0.015625,0.0,1.0,64,2750,2100,650,0.7636363636363637,34,21,13,241.70560822693975,0.4543547453703704,0.39818957721968196,0.15141993490163946,1070844.9489690056,36215.84594145992,1107060.7949104656,54,0,39.90625,58,6,43,35.04288086626174,0.6316451149425287,41.295903954802256,8278.531073446322,142.73329436976417,0
56,32,0,1,63,0.0,0.015625,0.984375,64,2050,1800,250,0.8780487804878049,23,18,5,240.54196158864227,0.45358486276455023,0.39722672237380596,0.15121548700212226,1071868.3168948884,36715.86150212249,1108584.178397011,55,1,40.90625,58,6,45,34.946424511141394,0.6329022988505747,41.17231638418078,8282.485875706203,142.8014806156242,0
57,32,0,1,62,0.0,0.015873015873015872,0.9841269841269842,63,1950,1600,350,0.8205128205128205,23,16,7,241.76633960897678,0.4530956647892132,0.3936670860868108,0.152561437672728,1072980.4599765486,37332.11165609723,1110312.5716326458,56,2,41.98412698412698,57,6,41,34.77724703516194,0.6350511695906433,41.03807471264368,8286.781609195397,145.3821334946561,0
58,32,0,1,61,0.0,0.016129032258064516,0.9838709677419355,62,1850,1300,550,0.7027027027027027,24,13,11,261.8167265278164,0.45155230918385336,0.439238400760412,0.15691664735607494,1057625.2582644597,41130.79660238729,1098756.054866847,57,3,42.854838709677416,54,8,36,36.16635972989564,0.6186342592592593,42.89772727272726,8227.272727272702,152.35690235690188,8
59,32,1,1,61,0.016129032258064516,0.016129032258064516,0.9838709677419355,62,1350,600,750,0.4444444444444444,21,6,15,259.3745603862542,0.45162942887361185,0.4340917378748903,0.1563412405422118,1059345.8526165897,41203.47296388593,1100549.3255804756,58,0,43.79032258064516,52,10,39,36.014678174966896,0.6225961538461539,42.68867924528302,8233.962264150945,158.34542815674894,0
60,32,3,0,64,0.046875,0.0,1.0,64,2050,1200,850,0.5853658536585366,29,12,17,254.74106750647266,0.4511873759920635,0.4435087633798811,0.15563587004390705,1063401.1800639527,39328.39035942686,1102729.5704233795,59,0,42.5,56,8,41,35.629327048037595,0.6240699404761905,42.19663742690059,8249.707602339191,147.3162071846284,0
61,32,0,0,64,0.0,0.0,1.0,64,1850,1400,450,0.7567567567567568,23,14,9,259.13034831716766,0.4508308531746032,0.4514909841292336,0.15887774700905757,1064456.7772989983,40516.61109401187,1104973.3883930102,60,1,43.5,56,8,37,35.38493103774031,0.6253720238095238,42.0687134502924,8253.801169590646,147.38930659983296,0
62,32,1,1,64,0.015384615384615385,0.015384615384615385,0.9846153846153847,65,2300,1700,600,0.7391304347826086,29,17,12,255.13700983634695,0.45032051282051283,0.4475415441427888,0.15748706183355426,1066464.6224344855,39118.91897283667,1105583.541407322,61,0,43.815384615384616,58,7,41,35.23857963482185,0.626257183908046,41.82556497175141,8261.581920903955,142.44106760179233,0
63,32,0,1,63,0.0,0.015625,0.984375,64,1850,1100,750,0.5945945945945946,26,11,15,254.74726333321073,0.4494874338624339,0.4391037899860917,0.1576276095839747,1067183.9906196333,39722.44021667332,1106906.4308363067,62,1,45.46875,57,7,41,35.1593648585999,0.6279239766081872,41.73850574712644,8264.367816091959,144.98890905424489,0
64,32,2,0,65,0.03076923076923077,0.0,1.0,65,1750,1300,450,0.7428571428571429,22,13,9,250.12931273250206,0.44865785256410257,0.43659555033600794,0.15603304746646546,1069591.4127423812,38757.23299476747,1108348.6457371486,63,0,45.01538461538462,56,9,42,34.980209216850405,0.6316964285714286,41.44736842105262,8273.684210526306,147.74436090225547,0
65,32,0,0,65,0.0,0.0,1.0,65,2100,1500,600,0.7142857142857143,27,15,12,252.51114814648054,0.44814703525641025,0.4393598347960779,0.15808471039422467,1070650.07716049,38970.21604938245,1109620.2932098724,64,1,46.01538461538462,56,9,40,34.78747203579419,0.6329985119047619,41.31944444444443,8277.777777777748,147.8174603174598,0
66,32,0,0,65,0.0,0.0,1.0,65,2500,1900,600,0.76,31,19,12,251.10341555360617,0.44797676282051285,0.43593039491054975,0.15752650690400985,1071255.2633716331,38299.17111247888,1109554.434484112,65,2,47.01538461538462,56,9,40,34.74895237422606,0.6337425595238095,41.246345029239755,8280.116959064308,147.85923141186262,0
67,32,1,0,66,0.015151515151515152,0.0,1.0,66,2100,1400,700,0.6666666666666666,28,14,14,250.689910792098,0.44773698523698524,0.4382512475591245,0.15798743196244555,1072599.5932283162,38477.97926840928,1111077.5724967255,66,0,47.28787878787879,58,8,43,34.59327764518696,0.6338002873563218,41.08403954802259,8285.310734463255,142.85018507695267,0
68,32,2,1,67,0.029411764705882353,0.014705882352941176,0.9852941176470589,68,1900,1300,600,0.6842105263157895,25,13,12,250.45250994536246,0.4471941761779339,0.45533341973948604,0.15937041983368588,1075430.328831366,38368.84502543635,1113799.1738568023,67,0,46.86764705882353,61,7,40,34.24944106020347,0.6350751366120219,40.74260752688171,8296.236559139772,136.0038780186848,0
69,32,1,2,66,0.014705882352941176,0.029411764705882353,0.9705882352941176,68,2350,1500,850,0.6382978723404256,32,15,17,249.53380574351266,0.4473313579163008,0.45549592099613445,0.15974827750869808,1077192.3783287467,37809.182736455834,1115001.5610652026,68,0,47.838235294117645,54,14,40,34.055656934306576,0.6427469135802469,40.53030303030305,8303.03030303034,153.75982042648778,0
70,32,0,0,66,0.0,0.0,1.0,66,1600,1100,500,0.6875,21,11,10,251.95728923098545,0.4465083527583527,0.4450431900246299,0.1612257961773268,1077058.8646117686,39474.566373957074,1116533.4309857257,69,1,50.13636363636363,52,14,42,34.00926066207106,0.6444310897435898,40.54638364779876,8302.515723270477,159.66376390904765,0
71,32,0,0,66,0.0,0.0,1.0,66,1900,1200,700,0.631578947368421,26,12,14,252.65815656609536,0.4462752525252525,0.4478057099052313,0.16185568370413234,1077385.2460840195,39342.03403741969,1116727.2801214391,70,2,51.13636363636363,52,14,40,33.95077507637152,0.6448317307692308,40.50707547169813,8303.773584905692,159.6879535558787,0
72,32,0,1,65,0.0,0.015151515151515152,0.9848484848484849,66,2400,2000,400,0.8333333333333334,28,20,8,252.0823352004394,0.4456196581196581,0.4487460038723037,0.16219064205535016,1078648.9292790773,38781.668190824894,1117430.5974699021,71,3,52.13636363636363,53,13,41,33.809744923229346,0.645440251572327,40.35493827160496,8308.641975308674,156.76682972280517,0
73,32,0,0,65,0.0,0.0,1.0,65,1600,1300,300,0.8125,19,13,6,251.75383209434946,0.4447916666666667,0.43985691919134084,0.1621583773997196,1078969.5025529673,39726.941396128816,1118696.4439490961,72,4,52.87692307692308,53,12,41,33.77872282474124,0.6458333333333333,40.31635802469137,8309.876543209897,156.79012345679052,0
74,32,0,1,64,0.0,0.015384615384615385,0.9846153846153847,65,2200,1900,300,0.8636363636363636,25,19,6,251.48486366635055,0.44453125,0.44093883844440573,0.1627041841299592,1080252.271947877,39133.41906721563,1119385.6910150927,73,5,53.87692307692308,53,12,42,33.627505567928736,0.6474056603773585,40.16203703703705,8314.814814814841,156.88329839273285,0
75,32,1,0,65,0.015384615384615385,0.0,1.0,65,1550,1000,550,0.6451612903225806,21,10,11,251.94112543464996,0.4438100961538462,0.44282153958164083,0.16439008825866624,1082703.311524336,40005.49816345282,1122708.8096877888,74,0,54.43076923076923,54,11,37,33.31361485256644,0.6494984567901234,39.86742424242425,8324.242424242439,154.1526374859711,0
76,32,0,0,65,0.0,0.0,1.0,65,1900,1300,600,0.6842105263157895,25,13,12,252.381270328719,0.44354967948717944,0.4440568092121837,0.16522015414897256,1083649.4547750251,39798.56519742904,1123448.0199724543,75,1,55.43076923076923,54,11,37,33.18566091744902,0.6506558641975309,39.75378787878789,8327.878787878804,154.2199775533112,0
77,32,0,0,65,0.0,0.0,1.0,65,2450,1900,550,0.7755102040816326,30,19,11,283.6741171179405,0.4428786057692307,0.506699060345136,0.17806133357286463,1071424.0477070995,45337.054158448285,1116761.1018655477,76,2,56.43076923076923,51,14,36,33.885211849099434,0.6384803921568627,41.22596153846153,8280.769230769223,162.36802413272986,8
78,32,0,1,64,0.0,0.015384615384615385,0.9846153846153847,65,2100,1600,500,0.7619047619047619,26,16,10,285.81517167234745,0.4418569711538462,0.5096687827602822,0.18052292889847488,1073249.5133238821,46250.19877958574,1119499.712103468,77,3,57.43076923076923,51,14,35,33.6031563410421,0.6407271241830066,41.00560897435897,8287.82051282051,162.50628456510805,0
79,32,2,0,66,0.030303030303030304,0.0,1.0,66,1850,1700,150,0.918918918918919,20,17,3,279.15718806778665,0.4429584304584305,0.5058474696946726,0.17793236422059797,1075916.918832325,45019.98833115777,1120936.9071634826,78,0,57.15151515151515,52,14,37,33.44496867262897,0.6430288461538461,40.68396226415094,8298.11320754717,159.5791001451379,0
80,32,0,0,66,0.0,0.0,1.0,66,1950,1400,550,0.717948717948718,25,14,11,278.3734887469772,0.44247766122766125,0.5046647578143637,0.1778341703765905,1076575.7828185766,44788.031312743195,1121363.8141313198,79,1,58.15151515151515,50,16,39,33.383694225721804,0.6458333333333333,40.60457516339871,8300.653594771262,166.01307189542524,0
81,32,2,1,67,0.029411764705882353,0.014705882352941176,0.9852941176470589,68,2750,2400,350,0.8727272727272727,31,24,7,272.09789950509935,0.4437371963710857,0.5076016558723369,0.17548920165738885,1079344.57324671,42387.47824453171,1121732.0514912417,80,0,57.411764705882355,52,16,36,33.2040610417455,0.6472355769230769,40.271226415094354,8311.320754717004,159.83309143686546,0
82,32,0,1,66,0.0,0.014925373134328358,0.9850746268656716,67,2450,1700,750,0.6938775510204082,32,17,15,270.36902078820475,0.44282375998793905,0.4983320294375633,0.17496567909157423,1080324.9043253846,42567.27730311318,1122892.1816284978,81,1,58.28358208955224,52,15,40,33.12785215440083,0.6484375,40.15330188679246,8315.094339622658,159.9056603773588,0
83,32,0,0,66,0.0,0.0,1.0,66,1650,1000,650,0.6060606060606061,23,10,13,269.73382281255647,0.4416860916860917,0.4900372029945659,0.1752474954894157,1081469.1863454788,43491.76357739032,1124960.949922869,82,2,59.95454545454545,52,14,41,33.003067987098085,0.6498397435897436,40.01572327044026,8319.496855345928,159.99032414126785,0
84,32,0,0,66,0.0,0.0,1.0,66,1900,1300,600,0.6842105263157895,25,13,12,274.2748111755877,0.44162781662781664,0.4946048560875125,0.17870401655768373,1082286.901477396,44268.80710810502,1126555.708585501,83,3,60.95454545454545,52,14,36,32.78404367868207,0.6508413461538461,39.91745283018869,8322.641509433977,160.0507982583457,0
85,32,0,0,66,0.0,0.0,1.0,66,1700,1300,400,0.7647058823529411,21,13,8,272.8745286351474,0.4409430846930847,0.49252703501239137,0.17822076356911531,1082980.687252325,44203.56891098924,1127184.2561633142,84,4,61.95454545454545,53,13,36,32.73484034008058,0.6507468553459119,39.83410493827161,8325.308641975313,157.08129513160966,0
86,32,0,0,66,0.0,0.0,1.0,66,1400,900,500,0.6428571428571429,19,9,10,271.5551865286367,0.44046231546231546,0.49003526742592673,0.17765661815088812,1083462.5295305608,44243.97386069208,1127706.5033912528,85,5,62.95454545454545,53,13,36,32.709723251791445,0.6513364779874213,39.77623456790124,8327.160493827172,157.11623573258817,0
87,32,1,1,66,0.014925373134328358,0.014925373134328358,0.9850746268656716,67,1750,900,850,0.5142857142857142,26,9,17,267.26695841178366,0.4409109754259008,0.4817775893610039,0.1714213224348062,1077736.7891190061,42458.68671926402,1120195.47583827,86,0,63.0,51,16,41,33.52822373160438,0.6462418300653594,40.46474358974361,8305.128205128247,162.84565108094603,8
88,32,1,0,67,0.014925373134328358,0.0,1.0,67,1700,1300,400,0.7647058823529411,21,13,8,265.0804539189132,0.440034675109302,0.47807252888466034,0.17060441130570825,1078735.2327827127,42090.32503287339,1120825.557815586,87,0,63.8955223880597,51,16,42,33.46159286118398,0.6474673202614378,40.3445512820513,8308.974358974388,162.9210658622429,0
89,32,1,3,65,0.014705882352941176,0.04411764705882353,0.9558823529411765,68,1600,900,700,0.5625,23,9,14,261.1757685454406,0.4395119988293825,0.477847200288267,0.16920760350202696,1080651.7802401043,41248.01184684172,1121899.792086946,88,0,63.94117647058823,52,16,43,33.32640096801029,0.648838141025641,40.11399371069184,8316.352201257885,159.9298500241901,0
90,32,0,0,65,0.0,0.0,1.0,65,1800,1400,400,0.7777777777777778,22,14,8,257.77299546675977,0.43828125,0.44526337420371154,0.16732894445616883,1081214.8491083714,40941.59807956131,1122156.4471879327,89,1,65.66153846153846,53,12,44,33.34539180765803,0.6485849056603774,40.04629629629631,8318.518518518547,156.95317959468957,0
91,32,1,0,66,0.015151515151515152,0.0,1.0,66,1750,900,850,0.5142857142857142,26,9,17,254.78707351725834,0.43870920745920744,0.4485528063509703,0.1661560146099733,1082545.6611570292,40213.728191001224,1122759.3893480306,90,0,65.65151515151516,54,12,41,33.25900441726131,0.6493055555555556,39.886363636363654,8323.636363636397,154.14141414141474,0
92,32,0,0,66,0.0,0.0,1.0,66,1600,700,900,0.4375,25,7,18,257.1729120686459,0.43834498834498836,0.4557949389814877,0.1681722341223765,1083334.027777779,40920.83333333342,1124254.8611111124,91,1,66.65151515151516,54,12,41,33.099813183880435,0.6502700617283951,39.79166666666667,8326.666666666675,154.1975308641977,0
93,32,1,1,66,0.014925373134328358,0.014925373134328358,0.9850746268656716,67,1500,1100,400,0.7333333333333333,19,11,8,253.76000000000028,0.43815015829941206,0.45707462686567224,0.1669473684210527,1085069.444444443,40169.444444444365,1125238.8888888874,92,0,66.64179104477611,53,14,43,32.97500000000001,0.6533018867924528,39.58333333333333,8333.333333333323,157.23270440251554,0
94,32,0,0,66,0.0,0.0,1.0,66,2200,1700,500,0.7727272727272727,27,17,10,253.0592559710176,0.4366744366744367,0.4487179487179491,0.1671428542983145,1086194.993379438,39574.339372808936,1125769.332752247,93,1,68.57575757575758,53,13,40,32.854800597221185,0.6546776729559749,39.4483024691358,8337.654320987645,157.314232471465,0
95,32,0,0,66,0.0,0.0,1.0,66,2000,1500,500,0.75,25,15,10,252.21796967483468,0.43577602952602956,0.4473581542393983,0.16734049387115255,1087482.0494684451,39656.502914951634,1127138.5523833968,94,2,69.57575757575758,53,13,43,32.71850721420645,0.65625,39.29398148148146,8342.592592592555,157.4074074074067,0
96,32,0,0,66,0.0,0.0,1.0,66,1550,900,650,0.5806451612903226,22,9,13,251.41523559560233,0.43519813519813516,0.4466419240104633,0.16737495817272896,1088447.8416495153,39980.47410836727,1128428.3157578825,95,3,70.57575757575758,53,13,43,32.620784335478135,0.6574292452830188,39.17824074074072,8346.29629629626,157.47728860936337,0
97,32,0,1,65,0.0,0.015151515151515152,0.9848484848484849,66,1700,1100,600,0.6470588235294118,23,11,12,250.5414832003666,0.43491161616161617,0.4460104780527585,0.16755193901224666,1089736.2313766922,39704.82634125868,1129441.0577179508,96,4,71.57575757575758,53,13,43,32.485386330598445,0.659001572327044,39.0239197530864,8351.234567901207,157.57046354530578,0
98,32,0,0,65,0.0,0.0,1.0,65,1500,1100,400,0.7333333333333333,19,11,8,251.9355710122312,0.43469551282051283,0.44150241894680753,0.16867591347681776,1090058.4478833214,40424.89950083798,1130483.3473841595,97,5,72.27692307692308,53,12,45,32.40945175276526,0.6593946540880503,38.98533950617282,8352.469135802436,157.59375727929122,0
99,32,0,0,65,0.0,0.0,1.0,65,2000,1300,700,0.65,27,13,14,251.14736943951783,0.43450520833333334,0.4405671904748376,0.16853146481724668,1090703.023786386,39785.4390527356,1130488.4628391217,98,6,73.27692307692308,53,12,40,32.350926610023365,0.660180817610063,38.90817901234566,8354.938271604913,157.6403447472625,0
100,32,0,1,64,0.0,0.015384615384615385,0.9846153846153847,65,2100,1100,1000,0.5238095238095238,31,11,20,249.28575205764383,0.43415464743589743,0.436490040270592,0.1680476326588682,1091992.7471517276,39343.64664304205,1131336.3937947697,99,7,74.27692307692308,53,12,42,32.24136392724409,0.6617531446540881,38.75385802469135,8359.876543209857,157.73351968320486,0
101,32,0,0,64,0.0,0.0,1.0,64,1800,1200,600,0.6666666666666666,24,12,12,247.8501789915753,0.433604083994709,0.42460141718334854,0.16755859406077112,1092799.2112482816,39570.09602194759,1132369.3072702293,100,8,75.953125,53,11,42,32.18002657218776,0.6627358490566038,38.65740740740739,8362.962962962934,157.79175401816858,0
102,32,0,1,63,0.0,0.015625,0.984375,64,1800,1300,500,0.7222222222222222,23,13,10,279.6148005572889,0.4328187003968254,0.4962583358593511,0.17842344816992198,1076243.127249714,45586.70147541637,1121829.8287251303,101,9,76.953125,52,12,39,33.39269475598667,0.6434294871794872,40.644654088050316,8299.371069182394,159.60328979196913,8
103,32,1,0,64,0.015625,0.0,1.0,64,1900,1400,500,0.7368421052631579,24,14,10,273.7213864180062,0.43300471230158727,0.4828424678319978,0.16555923504489994,1060385.0625000005,43350.013888888905,1103735.0763888895,102,0,77.1875,49,15,39,35.51588505840144,0.6269132653061225,42.5625,8238.000000000004,168.12244897959192,8
104,32,0,0,64,0.0,0.0,1.0,64,2550,2100,450,0.8235294117647058,30,21,9,274.55482014806626,0.4318731398809524,0.48673349056603765,0.16698334143431565,1062044.7530864195,42967.901234567835,1105012.6543209874,103,1,78.1875,50,14,37,35.28751123090744,0.6279166666666667,42.36111111111111,8244.444444444442,164.88888888888883,0
105,32,3,0,67,0.04477611940298507,0.0,1.0,67,2000,1400,600,0.7,26,14,12,264.7163098794237,0.4342774762550882,0.49020813535319685,0.16215213637553366,1064179.8037190079,40941.15013774104,1105120.953856749,104,0,75.64179104477611,54,13,39,35.275299258280114,0.6267361111111112,42.10227272727273,8252.72727272727,152.8282828282828,0
106,32,1,2,66,0.014705882352941176,0.029411764705882353,0.9705882352941176,68,2450,1600,850,0.6530612244897959,33,16,17,261.2934701229541,0.43478380158033364,0.4906975533576263,0.1610986584673387,1066116.6309719242,39663.86281248943,1105780.4937844137,105,0,75.51470588235294,56,12,38,35.12286135693217,0.6274181547619048,41.86769005847954,8260.233918128664,147.50417710944043,0
107,32,1,0,67,0.014925373134328358,0.0,1.0,67,1750,1300,450,0.7428571428571429,22,13,9,267.26163819597184,0.4328923563998191,0.4961877450869705,0.1651027503248013,1066701.66015625,41867.686631944445,1108569.3467881945,106,0,77.59701492537313,55,12,39,34.89609598251807,0.6289772727272727,41.796875,8262.5,150.22727272727272,0
108,32,1,0,68,0.014705882352941176,0.0,1.0,68,1950,1400,550,0.717948717948718,25,14,11,264.21005952472916,0.4355748829382499,0.49814330823641084,0.1639035332480771,1067946.629768463,40882.44852407179,1108829.078292535,107,0,77.44117647058823,50,18,41,34.820275647613784,0.6352083333333334,41.64624183006535,8267.320261437893,165.34640522875787,0
109,32,0,0,68,0.0,0.0,1.0,68,2250,1500,750,0.6666666666666666,30,15,15,266.13639278642023,0.43504901960784315,0.5018661225552177,0.16575896590083306,1069128.9674911334,41056.825366311896,1110185.7928574453,108,1,78.44117647058823,50,18,39,34.62372919300465,0.6366666666666667,41.5032679738562,8271.89542483658,165.4379084967316,0
110,32,1,1,68,0.014492753623188406,0.014492753623188406,0.9855072463768116,69,2200,1400,800,0.6363636363636364,30,14,16,288.17467605346394,0.435466396703609,0.5359098228663446,0.17610674647711685,1063476.5625,45293.402777777774,1108769.9652777778,109,0,78.28985507246377,53,16,37,34.75799663299664,0.6267688679245282,42.1875,8250.0,155.66037735849056,8
111,32,1,0,69,0.014492753623188406,0.0,1.0,69,2050,1300,750,0.6341463414634146,28,13,15,286.8869543691696,0.4331397414038079,0.537413468359385,0.1766565082326556,1065743.394168961,45299.575298438824,1111042.9694673999,110,0,79.2463768115942,54,15,33,34.5086959712336,0.6286651234567902,41.91287878787878,8258.787878787867,152.9405162738494,0
112,32,1,0,70,0.014285714285714285,0.0,1.0,70,2150,2000,150,0.9302325581395349,23,20,3,284.8391865399517,0.43455831608005524,0.5411785894388015,0.1759614040214094,1066701.66015625,44617.68663194444,1111319.3467881945,111,0,79.1,55,15,34,34.442238191292645,0.6289772727272727,41.796875,8262.5,150.22727272727272,0
113,32,2,1,71,0.027777777777777776,0.013888888888888888,0.9861111111111112,72,1800,1100,700,0.6111111111111112,25,11,14,281.9423232629006,0.4352381651017214,0.5487259621606235,0.17315856849322356,1064964.4623705624,43851.710942636455,1108816.1733131988,112,0,77.875,51,21,34,34.733302922069534,0.6305147058823529,42.00721153846154,8255.769230769232,161.87782805429867,8
114,32,0,1,70,0.0,0.014084507042253521,0.9859154929577465,71,2650,1800,850,0.6792452830188679,35,18,17,284.6327084934663,0.4340710932260228,0.5470722570765252,0.1753731612497289,1065921.2869516015,43829.21258917524,1109750.4995407767,113,1,79.87323943661971,50,21,34,34.54472316741844,0.6327083333333333,41.891339869281055,8259.47712418302,165.1895424836604,0
115,32,1,0,71,0.014084507042253521,0.0,1.0,71,1900,1300,600,0.6842105263157895,25,13,12,280.90709975299006,0.4333249496981892,0.541123309371486,0.17387659905106195,1067290.4120189082,43861.89084688111,1111152.3028657893,114,0,80.83098591549296,52,19,36,34.47051847906045,0.632411858974359,41.725628930817614,8264.779874213842,158.93807450411234,0
116,32,0,0,71,0.0,0.0,1.0,71,1650,1000,650,0.6060606060606061,23,10,13,281.70572493678003,0.4331740442655936,0.543012774968306,0.17456192092617154,1067615.3101637594,44300.6689806574,1111915.9791444167,115,1,81.83098591549296,52,19,36,34.40947652742905,0.6328125,41.68632075471698,8266.037735849057,158.9622641509434,0
117,32,0,0,71,0.0,0.0,1.0,71,2350,1800,550,0.7659574468085106,29,18,11,277.19037714778136,0.4322853789403085,0.5351070065730794,0.17247086004926954,1068832.4598546908,42704.014530982546,1111536.4743856734,116,2,82.83098591549296,48,23,36,34.37482864506224,0.6384548611111112,41.53911564625851,8270.748299319732,172.30725623582774,0
118,32,0,0,71,0.0,0.0,1.0,71,1800,1100,700,0.6111111111111112,25,11,14,274.3764323132296,0.431631455399061,0.530514541133227,0.17160621698583106,1070362.6736111122,42736.45833333341,1113099.1319444457,117,3,83.83098591549296,49,22,37,34.25753456839844,0.6392431972789115,41.35416666666667,8276.666666666675,168.9115646258505,0
119,32,1,0,72,0.013888888888888888,0.0,1.0,72,1950,1300,650,0.6666666666666666,26,13,13,275.4408849866046,0.4322672143974961,0.5398030643039551,0.17338151761723733,1072253.6121897574,42718.496774325904,1114972.1089640833,118,0,83.65277777777777,51,21,37,33.99534744254432,0.6395016339869282,41.12580128205127,8283.974358974338,162.43086978381055,0
120,32,0,0,72,0.0,0.0,1.0,72,1800,1200,600,0.6666666666666666,24,12,12,277.09873814092316,0.43196563641105895,0.5427432247750201,0.17481968706430986,1072917.494914939,43260.81679404988,1116178.3117089889,119,1,84.65277777777777,51,21,38,33.87008135427144,0.6403186274509804,41.04567307692307,8286.538461538448,162.48114630467546,0
121,32,0,1,71,0.0,0.013888888888888888,0.9861111111111112,72,2200,1600,600,0.7272727272727273,28,16,12,293.87946893065356,0.43138693270735523,0.5707367607810094,0.17799284833395607,1060792.7110460056,45749.03971354159,1106541.750759547,120,2,85.65277777777777,47,25,36,34.94600716392754,0.6296542553191489,42.51302083333333,8239.583333333323,175.31028368794304,8
122,32,2,0,73,0.0273972602739726,0.0,1.0,73,2600,2000,600,0.7692307692307693,32,20,12,283.2701730580862,0.43170503551496703,0.560227469834389,0.17339690621858028,1063972.4135539937,43078.329943293895,1107050.7434972876,121,0,83.83561643835617,51,22,37,34.82264235221007,0.6292892156862745,42.12740384615385,8251.923076923074,161.80241327300146,0
123,32,0,1,72,0.0,0.0136986301369863,0.9863013698630136,73,1800,1100,700,0.6111111111111112,25,11,14,282.9403280275806,0.43121353373921867,0.5599057115565036,0.1736751927711718,1064799.088798488,43854.92069362264,1108654.0094921107,122,1,84.83561643835617,51,22,32,34.72815395765388,0.6303104575163399,42.02724358974359,8255.128205128207,161.8652589240825,0
124,32,0,1,71,0.0,0.013888888888888888,0.9861111111111112,72,2050,1500,550,0.7317073170731707,26,15,11,288.78906330563484,0.4308041536254565,0.5619998065185656,0.1776319876243129,1065415.2516126267,45086.05450894948,1110501.306121576,123,2,87.0,50,22,33,34.500488100891786,0.6320833333333333,41.95261437908496,8257.516339869273,165.15032679738545,0
125,32,0,1,70,0.0,0.014084507042253521,0.9859154929577465,71,1900,1300,600,0.6842105263157895,25,13,12,285.1911758049373,0.4301727028839705,0.5508567583015695,0.17611634847827087,1066596.1876308233,44736.764171899464,1111332.9518027229,124,3,87.49295774647888,50,21,35,34.44627930279775,0.6335416666666667,41.8096405228758,8262.091503267955,165.2418300653591,0
126,32,0,0,70,0.0,0.0,1.0,70,1750,1000,750,0.5714285714285714,25,10,15,283.8329336270775,0.42929175293305727,0.5427080037962673,0.17557649768986106,1067102.50331069,44825.766799094104,1111928.270109784,125,4,89.08571428571429,50,20,36,34.41833412422228,0.6341666666666667,41.74836601307188,8264.052287581679,165.28104575163357,0
127,32,2,2,70,0.027777777777777776,0.027777777777777776,0.9722222222222222,72,2000,1400,600,0.7,26,14,12,278.4401811263475,0.4316599830464267,0.546555713620837,0.17312548460892713,1068622.171226876,43109.47018240829,1111731.6414092844,126,0,87.58333333333333,50,22,37,34.36866092362813,0.6360416666666666,41.56454248366012,8269.934640522857,165.39869281045713,0
128,32,0,0,70,0.0,0.0,1.0,70,2050,1300,750,0.6341463414634146,28,13,15,280.68863278909066,0.43037439613526574,0.5393038433647575,0.17514462652314744,1069673.0625,43999.0138888889,1113672.076388889,127,1,88.35714285714286,49,21,39,34.17994453844706,0.6383928571428572,41.4375,8274.0,168.85714285714286,0
129,32,0,0,70,0.0,0.0,1.0,70,1750,1000,750,0.5714285714285714,25,10,15,282.725012959473,0.4306418219461698,0.5429925097012918,0.17689869387938548,1070481.011576742,44780.351574180735,1115261.3631509226,128,2,89.35714285714286,50,20,39,34.026900400084244,0.6383333333333333,41.33986928104574,8277.124183006521,165.54248366013042,0
130,32,0,1,69,0.0,0.014285714285714285,0.9857142857142858,70,1500,1000,500,0.6666666666666666,20,10,10,285.3745326787082,0.43055124223602487,0.5456759348034521,0.17865884608877108,1070650.0771604935,45607.25308641974,1116257.3302469132,129,3,90.35714285714286,50,20,38,33.93736017897092,0.6385416666666667,41.31944444444444,8277.777777777776,165.55555555555551,0
131,32,0,0,69,0.0,0.0,1.0,69,1800,1000,800,0.5555555555555556,26,10,16,295.33466809206925,0.4296142369991475,0.5541402322698408,0.17512578345671245,1054386.6944444468,46679.38888888909,1101066.0833333358,130,4,90.79710144927536,49,20,35,35.71017962451984,0.6194727891156462,43.29166666666668,8214.666666666686,167.64625850340175,8
132,32,2,2,69,0.028169014084507043,0.028169014084507043,0.971830985915493,71,2300,1500,800,0.6521739130434783,31,15,16,289.38743606710756,0.4323859825620389,0.5552925968814795,0.17285247723058203,1056596.511461179,44653.151081840326,1101249.6625430193,131,0,89.21126760563381,52,19,31,35.586201402167,0.6191907051282051,43.02279874213838,8223.270440251594,158.13981615868448,0
133,32,3,1,71,0.041666666666666664,0.013888888888888888,0.9861111111111112,72,2450,1800,650,0.7346938775510204,31,18,13,287.698815276338,0.433318661971831,0.5589521168695193,0.173231414304689,1059028.0991735563,44086.22589531704,1103114.3250688734,132,0,88.93055555555556,54,18,36,35.325566843345115,0.6203703703703703,42.72727272727274,8232.727272727294,152.45791245791284,0
134,32,0,0,71,0.0,0.0,1.0,71,2250,1700,550,0.7555555555555555,28,17,11,283.4595364522784,0.4323021462105969,0.5466520807694064,0.17174313090932172,1060900.0,43694.444444444445,1104594.4444444445,133,1,89.40845070422536,49,22,35,35.200916936353835,0.6275510204081632,42.5,8240.0,168.16326530612244,0
135,32,4,0,75,0.05333333333333334,0.0,1.0,75,2200,1300,900,0.5909090909090909,31,13,18,275.85181637201646,0.4365915915915916,0.5578860382434911,0.16996979591376962,1065933.3368764145,41607.92942176854,1107541.266298183,134,0,85.58666666666667,55,20,36,34.76986643605266,0.628030303030303,41.88988095238094,8259.52380952379,150.1731601731598,0
136,32,0,0,75,0.0,0.0,1.0,75,2050,1500,550,0.7317073170731707,26,15,11,275.45029380514194,0.43654654654654657,0.5581064861491198,0.17060226493212277,1067470.2602395099,41756.99936224474,1109227.2596017546,135,1,86.58666666666667,55,20,38,34.58909453166258,0.6299242424242424,41.70386904761904,8265.47619047617,150.28138528138493,0
137,32,0,1,74,0.0,0.013333333333333334,0.9866666666666667,75,1900,1300,600,0.6842105263157895,25,13,12,273.8005198676458,0.43641891891891893,0.5550508354250663,0.17003568420878268,1068265.2547861997,41598.31642340071,1109863.5712096004,136,2,87.58666666666667,52,23,39,34.53290991607717,0.633613782051282,41.60770440251571,8268.55345911947,159.0106434446052,0
138,32,1,0,75,0.013333333333333334,0.0,1.0,75,2250,1500,750,0.6666666666666666,30,15,15,271.92992329414943,0.4362162162162162,0.5525688375509796,0.16999172734573426,1070216.275315452,40954.76593093609,1111171.041246388,137,0,88.52,52,23,40,34.338982192162526,0.6360176282051282,41.37185534591194,8276.100628930799,159.15578132559227,0
139,32,0,0,75,0.0,0.0,1.0,75,2050,1400,650,0.6829268292682927,27,14,13,271.41452479977903,0.43593843843843844,0.5521554594702058,0.17028785947915018,1071288.889841486,41102.67299192187,1112391.562833408,138,1,89.52,53,22,40,34.21922369663535,0.6363993710691824,41.24228395061728,8280.246913580235,156.2310738411365,0
140,32,1,0,76,0.013157894736842105,0.0,1.0,76,2100,1200,900,0.5714285714285714,30,12,18,275.6533480591009,0.43675073099415207,0.5669246564194161,0.16736949313304406,1061539.6388675307,41223.39111025682,1102763.0299777875,139,0,89.32894736842105,50,26,39,35.32217244204795,0.6272916666666667,42.42238562091504,8242.483660130729,164.84967320261458,7
141,32,0,0,76,0.0,0.0,1.0,76,2700,2200,500,0.8148148148148148,32,22,10,236.32735329115616,0.4364327485380117,0.4947589400664867,0.13302519947893043,1038306.4114317576,31176.041223780987,1069482.4526555387,140,1,90.32894736842105,55,21,45,39.23641535840329,0.59375,45.256696428571416,8151.785714285694,148.21428571428535,8
142,32,7,2,81,0.08433734939759036,0.024096385542168676,0.9759036144578314,83,2000,1600,400,0.8,24,16,8,221.51855838729858,0.44354858458223134,0.5028581832008421,0.12683888052222175,1043635.2981576019,27636.917345994,1071272.2155035958,141,0,83.62650602409639,60,23,46,38.94632588927518,0.5965277777777778,44.60382513661201,8172.677595628398,136.2112932604733,0
143,32,2,0,83,0.024096385542168676,0.0,1.0,83,2400,1600,800,0.6666666666666666,32,16,16,221.09664356690416,0.44329145851699486,0.5022538381783022,0.12714937789399477,1044984.0705934153,27208.494117816732,1072192.564711232,142,0,84.60240963855422,61,22,48,38.788472706155666,0.5975068306010929,44.43884408602148,8177.956989247265,134.06486867618466,0
144,32,2,0,85,0.023529411764705882,0.0,1.0,85,2600,1700,900,0.6538461538461539,35,17,18,215.69709635203435,0.4453314659197012,0.5017541495406885,0.12470434775849337,1046624.9084472599,25550.7907443573,1072175.6991916173,143,0,83.58823529411765,63,22,48,38.721575240761965,0.5982142857142857,44.23828124999998,8184.3749999999545,129.91071428571357,0
145,32,2,2,85,0.022988505747126436,0.022988505747126436,0.9770114942528736,87,2550,2000,550,0.7843137254901961,31,20,11,211.20853460314643,0.4477802281030028,0.5056921300115509,0.12330330651412645,1049620.3383314025,24387.75470972648,1074008.093041129,144,0,82.64367816091954,67,20,41,38.46291866028705,0.599502487562189,43.87254901960781,8196.078431372482,122.32952882645495,0
146,32,1,2,84,0.011627906976744186,0.023255813953488372,0.9767441860465116,86,3050,2300,750,0.7540983606557377,38,23,15,219.2798199856067,0.4466028271773826,0.5205869870291622,0.12890631234392638,1051745.5171847406,25875.313535787445,1077620.830720528,145,0,84.54651162790698,60,26,41,37.99134696505484,0.6065972222222222,43.61338797814205,8204.371584699402,136.7395264116567,0
147,32,2,2,84,0.023255813953488372,0.023255813953488372,0.9767441860465116,86,2750,2500,250,0.9090909090909091,30,25,5,217.52980750330198,0.44756896944824437,0.5179251634872122,0.1285247879566298,1053287.2034473952,25874.272522320403,1079161.4759697157,146,0,85.45348837209302,60,26,43,37.844287298946185,0.6085069444444444,43.42554644808741,8210.38251366116,136.83970856101934,0
148,32,6,5,85,0.06666666666666667,0.05555555555555555,0.9444444444444444,90,2300,1300,1000,0.5652173913043478,33,13,20,214.5418571192596,0.45033291718684976,0.5269637024711924,0.12919805223314063,1059066.5462563268,25142.820729342257,1084209.3669856691,147,0,80.91111111111111,72,18,41,37.20292567942318,0.6085069444444444,42.72260273972601,8232.876712328718,114.34550989345442,8
149,32,1,1,85,0.011627906976744186,0.011627906976744186,0.9883720930232558,86,2650,1700,950,0.6415094339622641,36,17,19,222.83871510283706,0.44618388052895575,0.5253892652142862,0.13455032735805889,1059864.8029170497,27385.782172951334,1087250.585090001,148,0,85.47674418604652,62,24,42,36.890364683712356,0.615255376344086,42.625661375661366,8235.978835978822,132.83836832223906,0
150,32,2,0,87,0.022988505747126436,0.0,1.0,87,2150,1600,550,0.7441860465116279,27,16,11,219.52710456239157,0.44684464938073604,0.5245592053894068,0.1332572470157208,1061463.3560180645,27053.995429144878,1088517.3514472095,149,0,85.44827586206897,63,24,43,36.777317008952096,0.6165674603174602,42.43164062499999,8242.187499999985,130.82837301587278,0
151,32,1,1,87,0.011363636363636364,0.011363636363636364,0.9886363636363636,88,3000,1700,1300,0.5666666666666667,43,17,26,220.239904422614,0.4474676724137931,0.5291814174069884,0.13441547530007947,1063085.9733700617,26226.790633608707,1089312.7640036705,150,0,85.4659090909091,65,23,41,36.557831251530764,0.6173076923076923,42.23484848484848,8248.48484848483,126.89976689976662,0
152,32,0,0,87,0.0,0.0,1.0,87,2250,1600,650,0.7111111111111111,29,16,13,223.11703354220236,0.4459257774213668,0.530492442501953,0.13680261542330505,1064468.380177518,27850.205456936364,1092318.5856344542,151,1,87.37931034482759,64,23,37,36.312389976183056,0.61962890625,42.0673076923077,8253.846153846178,128.96634615384653,0
153,32,1,2,86,0.011363636363636364,0.022727272727272728,0.9772727272727273,88,2700,1600,1100,0.5925925925925926,38,16,22,220.41282235776652,0.44597918843608503,0.5301476432108583,0.1359974551228211,1066343.0748456789,26707.137345679042,1093050.212191358,152,0,87.375,65,23,39,36.150106478368116,0.6213141025641026,41.84027777777778,8261.11111111111,127.09401709401708,0
154,32,0,1,85,0.0,0.011627906976744186,0.9883720930232558,86,2900,1900,1000,0.6551724137931034,39,19,20,227.7880666693477,0.4440292977656179,0.5331086805484295,0.1408451077854978,1066970.638699003,28508.63579644105,1095479.274495444,153,1,90.25581395348837,63,23,39,35.8820223538804,0.6233465608465609,41.76432291666667,8263.541666666677,131.1673280423282,0
155,32,0,1,84,0.0,0.011764705882352941,0.9882352941176471,85,2800,2100,700,0.75,35,21,14,228.93502709094204,0.442827964519141,0.5314375654243262,0.1418090005239769,1067504.4266677862,29077.83096777806,1096582.2576355643,154,2,92.27058823529411,62,23,40,35.78633764349421,0.6246639784946236,41.69973544973545,8265.608465608464,133.31626557433006,0
156,32,1,1,84,0.011764705882352941,0.011764705882352941,0.9882352941176471,85,3050,2000,1050,0.6557377049180327,41,20,21,227.84385090214388,0.44280462184873953,0.528974486761089,0.1415417063583942,1068361.6617191702,28633.92703246167,1096995.5887516318,155,0,93.12941176470588,58,27,40,35.70846998269109,0.6285919540229885,41.5960451977401,8268.926553672285,142.56769920124628,0
157,32,1,0,85,0.011764705882352941,0.0,1.0,85,2650,1700,950,0.6415094339622641,36,17,19,228.65161735443385,0.44293884220354807,0.5312618239511575,0.14267588138711887,1069675.9841121626,29266.62876248824,1098942.6128746509,156,0,94.02352941176471,58,27,42,35.52506543757824,0.6302083333333333,41.437146892655356,8274.011299435013,142.65536723163817,0
158,32,1,1,85,0.011627906976744186,0.011627906976744186,0.9883720930232558,86,1850,1200,650,0.6486486486486487,25,12,13,223.44389847393523,0.4433253533971728,0.5263269946820563,0.14023972796640355,1071391.9419875105,28829.1984622498,1100221.1404497602,157,0,93.9186046511628,61,25,43,35.44777734493355,0.6301229508196722,41.22983870967741,8280.645161290304,135.74828133262793,0
159,32,0,0,85,0.0,0.0,1.0,85,2450,1500,950,0.6122448979591837,34,15,19,223.3499938435303,0.4427696078431373,0.51786795699248,0.14067635573620244,1072430.1006410774,28455.451275160158,1100885.5519162375,158,1,94.23529411764706,62,23,44,35.32206646229833,0.6307123655913979,41.10449735449735,8284.65608465607,133.62348523638823,0
160,32,1,1,85,0.011627906976744186,0.011627906976744186,0.9883720930232558,86,2800,2200,600,0.7857142857142857,34,22,12,223.64993462234446,0.4424703602371181,0.5215655710522904,0.14167462432364072,1074110.9254625076,28044.967651367002,1102155.8931138746,159,0,94.12790697674419,63,23,40,35.10696075967922,0.6321097883597884,40.90169270833332,8291.145833333308,131.60548941798902,0
161,32,0,0,85,0.0,0.0,1.0,85,2350,1700,650,0.723404255319149,30,17,13,225.75050937478582,0.4415091036414566,0.5225645933014362,0.14332277174766136,1074760.054484754,29175.52595112103,1103935.580435875,160,3,96.23529411764706,62,23,40,34.9724880382775,0.6335685483870968,40.82341269841269,8293.650793650773,133.7685611879157,0
162,32,0,0,85,0.0,0.0,1.0,85,3200,2600,600,0.8125,38,26,12,226.19780290989485,0.44111227824463123,0.5348700997666944,0.1391513247936437,1065455.408758157,28000.734511911996,1093456.143270069,161,4,97.23529411764706,62,23,39,36.110666154076156,0.622143817204301,41.94775132275134,8257.671957671986,133.18825738180624,8
163,32,1,0,86,0.011627906976744186,0.0,1.0,86,2150,1400,750,0.6511627906976745,29,14,15,226.97710718002043,0.4416866165070679,0.541729182295573,0.14072580645161292,1067777.7777777796,29122.222222222303,1096900.0000000019,162,0,97.09302325581395,63,23,41,35.80309139784946,0.6243386243386244,41.66666666666667,8266.66666666668,131.21693121693144,0
164,32,0,1,85,0.0,0.011627906976744186,0.9883720930232558,86,2400,1500,900,0.625,33,15,18,224.62860265704288,0.44111947104423166,0.5368119432638743,0.1398785138001132,1069069.8350694424,28428.732638888738,1097498.5677083312,163,1,98.09302325581395,59,27,41,35.704001276109885,0.628707627118644,41.51041666666666,8271.66666666665,140.19774011299407,0
165,32,2,0,87,0.022988505747126436,0.0,1.0,87,2750,1700,1050,0.6181818181818182,38,17,21,219.48657967123586,0.44306892096587364,0.5305662315633566,0.13736647888692438,1070557.3621227862,26844.59475083811,1097401.9568736244,164,0,97.28735632183908,61,26,40,35.65319996535899,0.6290983606557377,41.33064516129031,8277.41935483869,135.69539925965066,0
166,32,1,0,88,0.011363636363636364,0.0,1.0,88,2400,1500,900,0.625,33,15,18,218.25909318344432,0.44298861459421807,0.5323833271412655,0.13737280874881977,1072222.4977281336,26804.46200900593,1099026.9597371395,165,0,97.17045454545455,63,25,45,35.47947448391488,0.6297949735449735,41.12955729166666,8283.854166666648,131.48974867724837,0
167,32,0,0,88,0.0,0.0,1.0,88,2450,1700,750,0.6938775510204082,32,17,15,219.59874782612113,0.44246614855451066,0.5357556635396274,0.13887301094919488,1073614.792899408,27102.892833662037,1100717.68573307,166,1,98.17045454545455,64,24,36,35.27308628227337,0.630859375,40.96153846153846,8289.230769230766,129.51923076923072,0
168,32,1,1,88,0.011235955056179775,0.011235955056179775,0.9887640449438202,89,2500,2100,400,0.84,29,21,8,215.38587962976058,0.4431658580183861,0.532811913495344,0.1369092173491038,1075116.213862279,26012.970285388892,1101129.1841476678,167,0,98.0561797752809,66,23,39,35.197250044982894,0.6314709595959596,40.780472636815915,8295.024875621879,125.68219508517998,0
169,32,2,3,87,0.022222222222222223,0.03333333333333333,0.9666666666666667,90,2350,1500,850,0.6382978723404256,32,15,17,211.7231572103732,0.443414481897628,0.529755178907722,0.13562380527590143,1077367.1124828495,25270.713305898265,1102637.8257887478,168,0,97.92222222222222,62,28,42,35.01523936961047,0.636760752688172,40.509259259259245,8303.703703703675,133.93070489844638,0
170,32,0,0,87,0.0,0.0,1.0,87,2950,1900,1050,0.6440677966101694,40,19,21,216.17589710695668,0.4403624253764591,0.5247358259461481,0.13863635717940354,1077703.515625,26244.704861111113,1103948.220486111,169,1,102.05747126436782,59,28,42,34.85830992039601,0.6393008474576272,40.46875,8305.0,140.76271186440678,0
171,32,0,0,87,0.0,0.0,1.0,87,3350,2400,950,0.7164179104477612,43,24,19,216.0407113514091,0.44000601443464316,0.5242352848695659,0.13914998295302317,1078958.9911986017,25869.81359550891,1104828.8047941106,170,2,103.05747126436782,60,27,45,34.70742640450668,0.6401041666666667,40.31762295081967,8309.836065573763,138.49726775956273,0
172,32,0,0,87,0.0,0.0,1.0,87,2900,2300,600,0.7931034482758621,35,23,12,237.65441636794023,0.43979439543793997,0.5528451213923555,0.1419656612990849,1056625.458682952,29922.34134056075,1086547.8000235127,171,3,104.05747126436782,66,21,34,36.91201827091775,0.6087436868686869,43.019278606965166,8223.383084577103,124.59671340268338,8
173,32,1,0,88,0.011363636363636364,0.0,1.0,88,2750,1900,850,0.6909090909090909,36,19,17,238.21325695805828,0.4404769679554162,0.5613004235525083,0.14344983480845291,1059059.7359331571,30106.413801955547,1089166.1497351127,172,0,103.86363636363636,68,20,38,36.59476098267028,0.6106004901960784,42.72342995169081,8232.850241545866,121.07132708155686,0
174,32,1,0,89,0.011235955056179775,0.0,1.0,89,2650,1900,750,0.7169811320754716,34,19,15,231.65806437727065,0.44086227442969017,0.5537418386289044,0.1404327162673245,1061060.9436035138,28710.664876301984,1089771.6084798158,173,0,103.68539325842697,63,26,37,36.514821135128315,0.6160714285714286,42.48046874999999,8240.624999999985,130.8035714285712,0
175,32,1,1,89,0.011111111111111112,0.011111111111111112,0.9888888888888889,90,1900,1200,700,0.631578947368421,26,12,14,234.92926745380038,0.4410424469413234,0.5638757633535039,0.14334606744032377,1063013.8724523368,30046.61406969113,1093060.486522028,174,0,103.52222222222223,64,26,39,36.18813727928373,0.6178385416666667,42.24358974358975,8248.205128205149,128.87820512820545,0
176,32,0,1,88,0.0,0.011235955056179775,0.9887640449438202,89,2750,2300,450,0.8363636363636363,32,23,9,237.06294928608466,0.44117083758937686,0.5592873260025626,0.1451518324034066,1064053.8329806188,29899.54796910965,1093953.3809497284,175,1,103.76404494382022,66,23,40,36.00409959606923,0.6178977272727273,42.117537313432834,8252.238805970144,125.03392130257794,0
177,32,1,1,88,0.011235955056179775,0.011235955056179775,0.9887640449438202,89,2100,1500,600,0.7142857142857143,27,15,12,232.61985817691198,0.44168688287368063,0.5502409583105969,0.14289983379739088,1065033.9710378274,29649.61025928241,1094683.5812971098,176,0,102.82022471910112,68,21,38,35.99717183538131,0.617953431372549,41.99879227053139,8256.038647342972,121.41233304916135,0
178,32,0,0,88,0.0,0.0,1.0,88,3450,2900,550,0.8405797101449275,40,29,11,229.9030675613152,0.4408633751306165,0.5399093142337574,0.1416451440034525,1065906.617569838,27961.040222642307,1093867.6577924802,177,1,104.5909090909091,68,20,41,35.95915950166696,0.6190257352941176,41.893115942028984,8259.42028985507,121.46206308610397,0
179,32,0,1,87,0.0,0.011363636363636364,0.9886363636363636,88,3150,2600,550,0.8253968253968254,37,26,11,228.8612203364557,0.43983477011494254,0.539974012308281,0.14153651609094037,1067029.1167821886,28090.31716026045,1095119.433942449,178,2,105.5909090909091,68,20,42,35.84707120308663,0.6204044117647058,41.757246376811594,8263.76811594203,121.52600170502986,0
180,32,1,1,87,0.011363636363636364,0.011363636363636364,0.9886363636363636,88,3300,2500,800,0.7575757575757576,41,25,16,228.19495723146653,0.4404334291187739,0.5392852077719477,0.14201258988870896,1068889.177939647,27883.024049023126,1096772.2019886703,179,0,105.98863636363636,61,27,41,35.63415453284801,0.6270491803278688,41.532258064516135,8270.967741935492,135.5896351136966,0
181,32,0,0,87,0.0,0.0,1.0,87,2200,1300,900,0.5909090909090909,31,13,18,227.99054768777637,0.4401229617749265,0.5322309605431197,0.14228607173215252,1069723.1074401678,29177.35142791083,1098900.4588680787,180,1,107.45977011494253,61,26,45,35.53633311674247,0.6280737704918034,41.43145161290323,8274.193548387108,135.6425171866739,0
182,32,0,0,87,0.0,0.0,1.0,87,1900,1100,800,0.5789473684210527,27,11,16,254.1030198328044,0.43979439543793997,0.5871831123841704,0.15006461359937304,1053147.0034936834,34221.56678312276,1087368.5702768061,181,2,108.45977011494253,60,27,39,36.92342252396165,0.6083333333333334,43.44262295081967,8209.836065573762,136.83060109289602,8
183,32,0,0,87,0.0,0.0,1.0,87,3150,2000,1150,0.6349206349206349,43,20,23,255.62746606651385,0.43966631025572483,0.5899139679653085,0.15183655514553138,1054900.1736111087,33382.291666666504,1088282.4652777752,182,3,109.45977011494253,61,26,37,36.66539891818797,0.6098019125683061,43.22916666666666,8216.666666666646,134.69945355191223,0
184,32,3,1,89,0.03333333333333333,0.011111111111111112,0.9888888888888889,90,1900,1300,600,0.6842105263157895,25,13,12,250.42276413888715,0.4415496254681648,0.5945518525338072,0.1502813295069943,1058014.8430326008,33090.200298439064,1091105.0433310398,183,0,106.77777777777777,65,25,38,36.41076689375806,0.6110576923076922,42.850378787878796,8228.787878787896,126.59673659673686,0
185,32,0,1,88,0.0,0.011235955056179775,0.9887640449438202,89,2850,2300,550,0.8070175438596491,34,23,11,250.7917648255171,0.44066011235955055,0.5907693644864505,0.15095857884932112,1058928.0316390698,32464.085975594753,1091392.1176146646,184,1,108.93258426966293,66,23,39,36.28754457001268,0.611584595959596,42.73942786069652,8232.338308457724,124.73239861299581,0
186,32,1,0,89,0.011235955056179775,0.0,1.0,89,2450,1700,750,0.6938775510204082,32,17,15,246.7111320813537,0.4405271109976166,0.5814660002641749,0.1495579897237999,1061060.9436035154,32105.109320746535,1093166.052924262,185,0,109.33707865168539,63,26,39,36.12717524122531,0.6160714285714286,42.48046875,8240.624999999998,130.8035714285714,0
187,32,1,0,90,0.011111111111111112,0.0,1.0,90,2250,1700,550,0.7555555555555555,28,17,11,246.77413615999566,0.4408369746150645,0.588377556661138,0.15030788293381583,1062485.2071005935,32188.773833004703,1094673.9809335982,186,0,109.11111111111111,64,26,38,35.94851264510778,0.6171875,42.307692307692314,8246.15384615386,128.84615384615407,0
188,32,0,0,90,0.0,0.0,1.0,90,2650,1700,950,0.6415094339622641,36,17,19,248.45153790285912,0.4407589471493966,0.5910629498115723,0.1517654233397645,1063346.3581522296,32188.007601265224,1095534.365753495,187,1,110.11111111111111,65,25,38,35.79828374352069,0.6176282051282052,42.20328282828283,8249.494949494952,126.91530691530696,0
189,32,2,2,90,0.021739130434782608,0.021739130434782608,0.9782608695652174,92,1800,900,900,0.5,27,9,18,244.391943088873,0.4424047419971333,0.5933103027064168,0.1498183117213275,1064410.8708779674,31826.688195757248,1096237.5590737248,188,0,108.69565217391305,68,24,35,35.77077846063799,0.6171875,42.07427536231884,8253.623188405803,121.37681159420299,0
190,32,3,2,91,0.03225806451612903,0.021505376344086023,0.978494623655914,93,2750,2000,750,0.7272727272727273,35,20,15,243.66125168595772,0.44214099267570517,0.5984557540365198,0.15013514779726236,1065933.3368764166,30595.330215419446,1096528.667091836,189,0,108.49462365591398,69,24,37,35.6007374843855,0.6185084541062802,41.88988095238095,8259.523809523806,119.70324361628704,0
191,32,2,1,92,0.021505376344086023,0.010752688172043012,0.989247311827957,93,3000,2100,900,0.7,39,21,18,245.57773349005927,0.4423990961508493,0.6041393329473008,0.1520095084514419,1067292.6998611393,30820.664440476972,1098113.3643016163,190,0,109.47311827956989,70,23,40,35.38270184806482,0.6196428571428572,41.725352112676056,8264.78873239437,118.06841046277673,0
192,32,1,0,93,0.010752688172043012,0.0,1.0,93,3250,2200,1050,0.676923076923077,43,22,21,240.7435948419145,0.4424331852890759,0.5947221139034942,0.1500113984482469,1069262.968192624,29633.642158805374,1098896.6103514293,191,0,109.96774193548387,57,36,39,35.263535732481124,0.6304824561403508,41.487068965517224,8272.413793103417,145.13006654567397,0
193,32,1,0,94,0.010638297872340425,0.0,1.0,94,3050,2400,650,0.7868852459016393,37,24,13,240.2894458360564,0.4426427972241287,0.5976806986214867,0.15068214928230156,1071137.289931048,29626.597162373037,1100763.887093421,192,0,109.7872340425532,58,36,41,35.04335835323551,0.6320043103448276,41.260593220338954,8279.661016949101,142.75277615429485,0
194,32,3,2,95,0.030927835051546393,0.020618556701030927,0.979381443298969,97,2750,2100,650,0.7636363636363637,34,21,13,223.83269422524492,0.44473976231386025,0.5800313595976272,0.13660820486123693,1063085.9733700645,25440.679522497707,1088526.6528925623,193,0,107.36082474226804,65,32,44,36.46522165074699,0.6173076923076923,42.234848484848484,8248.48484848485,126.89976689976692,8
195,32,1,1,95,0.010416666666666666,0.010416666666666666,0.9895833333333334,96,2850,2000,850,0.7017543859649122,37,20,17,223.4056926169214,0.4431926169590643,0.5747867434289848,0.1368483614892721,1064182.1365807762,25498.869458676654,1089681.0060394527,194,0,109.16666666666667,66,30,44,36.34040169600512,0.6180555555555556,42.10199004975124,8252.736318407948,125.04145936981739,0
196,32,2,1,96,0.020618556701030927,0.010309278350515464,0.9896907216494846,97,2200,1400,800,0.6363636363636364,30,14,16,222.10576175556997,0.44361218499427263,0.5772400025804847,0.1369558752347095,1066156.010787884,25759.878585264578,1091915.8893731486,195,0,108.96907216494846,68,29,40,36.12954948632472,0.6193321078431373,41.86292270531401,8260.38647342996,121.47627166808765,0
197,32,2,1,97,0.02040816326530612,0.01020408163265306,0.9897959183673469,98,2900,1800,1100,0.6206896551724138,40,18,22,220.65863299943595,0.44437066063538816,0.5808923185396995,0.1371875271989336,1068598.0410682813,24659.076593600494,1093257.1176618817,196,0,108.8265306122449,62,36,42,35.86492322456813,0.626008064516129,41.56746031746032,8269.841269841285,133.3845366103433,0
198,32,1,0,98,0.01020408163265306,0.0,1.0,98,2500,1500,1000,0.6,35,15,20,216.90218876472042,0.4437745459008346,0.5737062796917825,0.13533810568406732,1069662.2890896278,24302.418348524356,1093964.707438152,197,0,109.75510204081633,63,35,40,35.83055310755801,0.6266534391534391,41.438802083333336,8273.958333333341,131.3326719576721,0
199,32,0,2,96,0.0,0.02040816326530612,0.9795918367346939,98,2650,1400,1250,0.5283018867924528,39,14,25,236.38324050534573,0.44346553054211374,0.609053312955137,0.14135667964887697,1056947.8904116824,27718.953476160714,1084666.8438878432,198,1,110.75510204081633,68,30,38,36.90455212922174,0.6079963235294117,42.98007246376813,8224.637681159453,120.95055413469784,8
200,32,0,0,96,0.0,0.0,1.0,96,3400,2600,800,0.7647058823529411,42,26,16,235.83107286405814,0.4426740679824561,0.6010288216872168,0.14131608623768216,1057568.8026558424,27281.51707157717,1084850.3197274196,199,2,113.78125,68,28,39,36.8414807202975,0.6087622549019608,42.90458937198069,8227.053140096654,120.98607558965668,0
201,32,1,1,96,0.010309278350515464,0.010309278350515464,0.9896907216494846,97,3000,2000,1000,0.6666666666666666,40,20,20,234.3410945051439,0.4423772193585338,0.6039917606353771,0.14138414918586154,1059627.6805472998,27262.862085480316,1086890.54263278,200,0,113.5979381443299,57,40,40,36.62379033196082,0.6186038011695907,42.65445402298851,8235.05747126438,144.47469247832245,0
202,32,0,1,95,0.0,0.010416666666666666,0.9895833333333334,96,3800,2800,1000,0.7368421052631579,48,28,20,228.7797079379859,0.4420275950292398,0.5898391740158682,0.13873046945769085,1061153.293805431,25554.06812684775,1086707.3619322788,201,1,114.53125,60,36,38,36.57748159936344,0.6182291666666666,42.469262295081975,8240.983606557396,137.3497267759566,0
203,32,0,0,95,0.0,0.0,1.0,95,3300,2500,800,0.7575757575757576,41,25,16,225.98391778799785,0.4412327360955581,0.580243011585436,0.13742117564157733,1061997.8248454742,25698.88582818257,1087696.7106736568,202,2,116.65263157894736,60,35,41,36.54470736395576,0.6192708333333333,42.366803278688536,8244.262295081986,137.40437158469976,0
204,32,0,0,95,0.0,0.0,1.0,95,2900,2200,700,0.7586206896551724,36,22,14,226.5631555085503,0.4407754759238522,0.582314338914731,0.1382273350544082,1062983.5356385685,26266.58081758195,1089250.1164561503,203,3,117.65263157894736,60,35,41,36.407540523828466,0.6204861111111111,42.247267759562845,8248.087431693995,137.4681238615666,0
205,32,1,0,96,0.010416666666666666,0.0,1.0,96,3200,2100,1100,0.65625,43,21,22,224.13783699760546,0.4410704495614035,0.5828700440058106,0.13769475624057645,1065045.8413818222,25343.41423812339,1090389.2556199457,204,0,117.41666666666667,62,34,41,36.21453900709221,0.6216397849462365,41.99735449735451,8256.084656084673,133.16265574330117,0
206,32,1,0,97,0.010309278350515464,0.0,1.0,97,3000,1900,1100,0.6333333333333333,41,19,22,226.0642592647691,0.44138835194730813,0.5894120644030965,0.13965278072337617,1066701.6601562516,25828.624131944554,1092530.2842881961,205,0,117.19587628865979,63,34,43,35.959825180702666,0.623015873015873,41.79687500000001,8262.500000000013,131.15079365079384,0
207,32,0,2,95,0.0,0.020618556701030927,0.979381443298969,97,2900,2100,800,0.7241379310344828,37,21,16,226.7998658978828,0.44104381443298973,0.5908033000603437,0.14055215430165174,1067643.2334052206,26128.26843261723,1093771.5018378377,206,1,118.19587628865979,63,34,43,35.824315313044735,0.6241732804232805,41.682942708333336,8266.145833333343,131.20866402116417,0
208,32,0,0,95,0.0,0.0,1.0,95,2950,2200,750,0.7457627118644068,37,22,15,226.54383337188727,0.4404628592758492,0.5821205103493918,0.14073410633408048,1068361.6617191713,26456.149254684016,1094817.8109738554,207,2,120.33684210526316,58,37,42,35.74206294980413,0.6285919540229885,41.596045197740104,8268.926553672296,142.56769920124648,0
209,32,1,0,96,0.010416666666666666,0.0,1.0,96,3200,2400,800,0.75,40,24,16,224.75994231576198,0.4401452850877193,0.583765438313868,0.14057403948867397,1070362.673611109,25714.93055555539,1096077.6041666644,208,0,120.07291666666667,59,37,44,35.54084440864544,0.6302966101694916,41.35416666666666,8276.666666666648,140.2824858757059,0
210,32,0,0,96,0.0,0.0,1.0,96,2550,1600,950,0.6274509803921569,35,16,19,228.53059460414906,0.43999908625730993,0.5897379442617829,0.14328108756355165,1071081.254822528,27204.967206789956,1098286.2220293179,209,1,121.07291666666667,59,37,43,35.35452873023327,0.6311793785310734,41.2673611111111,8279.444444444422,140.3295668549902,0
211,32,2,1,97,0.02040816326530612,0.01020408163265306,0.9897959183673469,98,2550,1900,650,0.7450980392156863,32,19,13,224.0851777782883,0.4402855214250649,0.589786016551668,0.1415350897064152,1073252.1485960605,25949.97970381547,1099202.1282998759,210,0,119.58163265306122,62,36,40,35.20160346441946,0.6317204301075269,41.00529100529099,8287.830687830661,133.67468851339777,0
212,32,0,1,96,0.0,0.010309278350515464,0.9896907216494846,97,2850,1900,950,0.6666666666666666,38,19,19,225.26625847675763,0.44007284507445593,0.5884208910703221,0.14269851049309595,1074110.9254625095,26142.18987358935,1100253.115336099,211,1,120.94845360824742,63,34,41,35.065082082207866,0.6321097883597884,40.90169270833333,8291.145833333323,131.60548941798925,0
213,32,1,0,97,0.010309278350515464,0.0,1.0,97,3000,2000,1000,0.6666666666666666,40,20,20,222.05572048692022,0.4398356958762886,0.5814929975915277,0.1414512424204082,1075741.2886259044,25374.901380670613,1101116.190006575,212,0,121.64948453608247,64,33,44,34.94733724763081,0.6334635416666667,40.705128205128204,8297.435897435898,129.6474358974359,0
214,32,1,0,98,0.01020408163265306,0.0,1.0,98,2700,1700,1000,0.6296296296296297,37,17,20,220.77170139384106,0.4407764394417561,0.5832130531214013,0.14141155122940757,1077349.6384297565,25269.662534435567,1102619.300964192,213,0,121.39795918367346,54,44,44,34.78258886212686,0.6429398148148149,40.511363636363654,8303.636363636397,153.7710437710444,0
215,32,1,0,99,0.010101010101010102,0.0,1.0,99,2850,2100,750,0.7368421052631579,36,21,15,214.9372270200152,0.441631450560022,0.5773242041685629,0.13834056007804696,1078752.1595406847,23722.79956270573,1102474.9591033903,214,0,121.16161616161617,58,41,46,34.76150812538247,0.6413433908045977,40.3425141242938,8309.039548022627,143.25930255211426,0
216,32,0,1,98,0.0,0.010101010101010102,0.98989898989899,99,3600,2800,800,0.7777777777777778,44,28,16,210.99285621291483,0.4413351199065485,0.5643797525819996,0.129505960020341,1064784.7090947297,21532.393404747014,1086317.1024994769,215,1,122.16161616161617,68,31,41,36.58598139044945,0.6176470588235294,42.02898550724638,8255.072463768129,121.39812446717836,6
217,32,1,1,98,0.010101010101010102,0.010101010101010102,0.98989898989899,99,2900,2300,600,0.7931034482758621,35,23,12,209.86819227477724,0.4407166907166907,0.5622610462035227,0.12932438202067123,1065959.3038473432,22042.1904273845,1088001.4942747278,216,0,123.14141414141415,70,29,42,36.469760700278535,0.6180059523809525,41.88673708920189,8259.62441314556,117.99463447350801,0
218,32,0,1,97,0.0,0.01020408163265306,0.9897959183673469,98,2300,1600,700,0.6956521739130435,30,16,14,211.6787879001576,0.4401321095448489,0.5602283190807853,0.13070608103392947,1066565.2896250791,23253.8495448437,1089819.1391699228,217,1,125.09183673469387,70,28,43,36.34811721028909,0.61875,41.81338028169016,8261.971830985953,118.02816901408504,0
219,32,1,0,98,0.01020408163265306,0.0,1.0,98,2350,1800,550,0.7659574468085106,29,18,11,210.36304664256795,0.43912397433200084,0.5572711298400916,0.1301625908359269,1067179.8676751156,22949.041655950114,1090128.9093310656,218,0,126.04081632653062,71,27,46,36.30614764812425,0.6189847417840375,41.73900462962964,8264.351851851883,116.39932185706877,0
220,32,1,0,99,0.010101010101010102,0.0,1.0,99,2500,1800,700,0.72,32,18,14,210.66818987928136,0.439565725280011,0.5634881712267461,0.1310237523402689,1068705.3295529264,22728.443458251204,1091433.7730111775,219,0,125.75757575757575,64,35,44,36.10986234265516,0.6248372395833333,41.55448717948718,8270.256410256416,129.2227564102565,0
221,32,2,1,100,0.019801980198019802,0.009900990099009901,0.9900990099009901,101,2850,2200,650,0.7719298245614035,35,22,13,206.0938719380558,0.44088283828382835,0.562743692215157,0.1291547088371733,1070945.9740544492,21093.08048587078,1092039.05454032,220,0,124.24752475247524,67,34,45,35.951716600548664,0.6257773631840796,41.283700980392155,8278.921568627444,123.56599356160363,0
222,32,0,0,100,0.0,0.0,1.0,100,2600,1700,900,0.6538461538461539,35,17,18,210.75664047729768,0.43983164983164985,0.5688589959164065,0.13273523363191975,1072409.6557015907,22603.491250216524,1095013.1469518072,221,1,126.34,66,34,50,35.65062254784212,0.6281565656565656,41.10696517412935,8284.577114427855,125.52389567314933,0
223,32,0,1,99,0.0,0.01,0.99,100,2500,1800,700,0.72,32,18,14,211.130225530023,0.4396843434343434,0.5690961254066855,0.13322719158585422,1072976.0826665205,22807.536464340512,1095783.619130861,222,2,127.34,67,33,39,35.57114512471655,0.6282649253731343,41.038602941176464,8286.764705882337,123.68305531167667,0
224,32,0,0,99,0.0,0.0,1.0,99,2650,1500,1150,0.5660377358490566,38,15,23,213.98623397331514,0.43907184085755513,0.5724268045559355,0.13549790996595595,1073991.8578491458,23513.894595828602,1097505.7524449744,223,3,128.25252525252526,67,32,39,35.37201413114174,0.6295087064676617,40.91605392156863,8290.686274509813,123.74158618671363,0
225,32,0,0,99,0.0,0.0,1.0,99,3400,2400,1000,0.7058823529411765,44,24,20,216.45426444006742,0.4386166082594654,0.578112757592576,0.1374401722111797,1074801.1940192755,23329.060374149754,1098130.2543934253,224,4,129.25252525252526,69,30,39,35.208357256320475,0.6293780193236715,40.81845238095239,8293.809523809534,120.20013802622513,0
226,32,0,1,98,0.0,0.010101010101010102,0.98989898989899,99,2550,1300,1250,0.5098039215686274,38,13,25,216.0728973066077,0.4378349824778396,0.5777926160091758,0.13777908457234725,1076035.7461734693,24150.43225623578,1100186.178429705,225,5,130.25252525252526,69,30,41,35.06621669440138,0.6308876811594203,40.669642857142854,8298.571428571428,120.26915113871634,0
227,32,0,0,98,0.0,0.0,1.0,98,3450,2500,950,0.7246376811594203,44,25,19,219.30319969804864,0.43739918647871523,0.5717247258952054,0.13434937271003464,1064213.2971938772,23627.076247165518,1087840.3734410426,226,6,132.51020408163265,69,29,42,36.44234560421598,0.6163949275362319,42.098214285714285,8252.85714285714,119.60662525879913,8
228,32,2,0,100,0.02,0.0,1.0,100,3600,2600,1000,0.7222222222222222,46,26,20,214.36172449957468,0.43843223905723905,0.5721250840618695,0.13226385241944708,1066343.0748456793,22116.62808641979,1088459.702932099,227,0,130.84,71,29,40,36.30632145258911,0.6179577464788732,41.84027777777778,8261.111111111113,116.35367762128328,0
229,32,1,0,101,0.009900990099009901,0.0,1.0,101,2950,2200,750,0.7457627118644068,37,22,15,221.51935138237806,0.438976897689769,0.5947519920479147,0.12933483975554588,1049649.0362811796,23353.51473922903,1073002.5510204087,228,0,130.53465346534654,69,32,40,38.19525137500969,0.5984299516908212,43.86904761904762,8196.190476190479,118.78536922015186,8
230,32,2,1,102,0.019417475728155338,0.009708737864077669,0.9902912621359223,103,2000,1100,900,0.55,29,11,18,217.24846592063756,0.4394354019925122,0.5952083185903883,0.12752756407298926,1051303.019407352,23078.793636796327,1074381.8130441483,229,0,128.98058252427185,62,41,44,38.09854006751379,0.6046706989247312,43.667328042328045,8202.645502645508,132.30073391363723,0
231,32,8,3,107,0.07272727272727272,0.02727272727272727,0.9727272727272728,110,3400,2500,900,0.7352941176470589,43,25,18,206.88143491771473,0.4456769530164026,0.5999040331993255,0.12403685073325187,1057734.9931946928,18365.14663095951,1076100.1398256524,230,0,119.75454545454545,70,40,42,37.56514503090822,0.6078869047619048,42.884389671361504,8227.699530516436,117.53856472166338,0
232,32,0,1,106,0.0,0.009345794392523364,0.9906542056074766,107,3400,2300,1100,0.6764705882352942,45,23,22,213.77086283767383,0.44256597895726796,0.6021734813769768,0.12851898239337645,1058562.6414852163,20457.969847604436,1079020.6113328207,231,1,122.1214953271028,68,39,43,37.28528387525922,0.6099877450980392,42.783816425120776,8230.917874396142,121.04290991759032,0
233,32,1,1,106,0.009345794392523364,0.009345794392523364,0.9906542056074766,107,2900,1800,1100,0.6206896551724138,40,18,22,210.0226902574888,0.4420369717275025,0.5941598838482995,0.12709923474540838,1060545.796765208,20247.73627558018,1080793.5330407883,232,0,122.75700934579439,62,45,42,37.135808019180985,0.6160954301075269,42.54298941798942,8238.624338624337,132.88103771974735,0
234,32,2,0,108,0.018518518518518517,0.0,1.0,108,2950,2000,950,0.6779661016949152,39,20,19,210.3389619094908,0.44348534671743395,0.5983918674240851,0.12800264305756223,1062220.9237343858,20135.289283366234,1082356.213017752,233,0,122.57407407407408,64,44,44,36.92014450387693,0.6168619791666667,42.33974358974359,8245.128205128209,128.83012820512826,0
235,32,2,0,110,0.01818181818181818,0.0,1.0,110,3500,2500,1000,0.7142857142857143,45,25,20,209.4205437752244,0.4444762996941896,0.6002888003551092,0.12833680830022923,1064310.4479158958,19077.69454964001,1083388.1424655358,234,0,121.32727272727273,66,44,45,36.68520304619527,0.6182133838383839,42.08644278606966,8253.233830845791,125.04899743705744,0
236,32,1,1,110,0.009009009009009009,0.009009009009009009,0.990990990990991,111,3800,2700,1100,0.7105263157894737,49,27,22,209.1626653534146,0.44499726999726996,0.6042216550691117,0.12893161312083662,1066056.2500000042,18595.833333333558,1084652.0833333377,235,0,121.22522522522523,69,42,43,36.47598870056497,0.6186594202898551,41.875000000000014,8260.000000000033,119.7101449275367,0
237,32,0,0,110,0.0,0.0,1.0,110,3850,2700,1150,0.7012987012987013,50,27,23,217.04527283975614,0.44475083402835697,0.6137929950653247,0.13423391535499388,1067039.8100907023,20469.189342403595,1087508.9994331058,236,1,123.31818181818181,69,41,43,36.15088740348047,0.619867149758454,41.75595238095238,8263.80952380952,119.76535541752926,0
238,32,0,0,110,0.0,0.0,1.0,110,3650,2900,750,0.7945205479452054,44,29,15,221.94125077575328,0.4442903808729497,0.6234141151436345,0.13786173008606925,1068333.405596018,21771.450456699888,1090104.856052718,237,2,124.31818181818181,61,49,43,35.86448851322061,0.6263661202185793,41.59946236559138,8268.817204301038,135.55438039837767,0
239,32,1,1,110,0.009009009009009009,0.009009009009009009,0.990990990990991,111,3650,2500,1150,0.684931506849315,48,25,23,219.36682797916177,0.44425675675675674,0.6209891656325761,0.13717013703044076,1070296.355193947,21107.503287310676,1091403.8584812577,238,0,124.1891891891892,64,47,42,35.68852365904536,0.6267903645833333,41.36217948717947,8276.410256410221,129.3189102564097,0
240,32,0,0,110,0.0,0.0,1.0,110,3150,2000,1150,0.6349206349206349,43,20,23,220.69337560313485,0.4436579093689186,0.620569005423123,0.13824808546221923,1070826.960059167,22114.883300459944,1092941.8433596268,239,1,126.15454545454546,64,46,42,35.58869685519005,0.62744140625,41.298076923076906,8278.4615384615,129.35096153846095,0
241,32,0,0,110,0.0,0.0,1.0,110,3000,2000,1000,0.6666666666666666,40,20,20,222.81040001118683,0.44319745621351125,0.6232732225674278,0.14014149458647523,1072021.3017751458,22771.499013806588,1094792.8007889525,240,2,127.15454545454546,64,46,44,35.38648464586429,0.62890625,41.153846153846146,8283.076923076906,129.42307692307665,0
242,32,1,1,110,0.009009009009009009,0.009009009009009009,0.990990990990991,111,3500,2200,1300,0.6285714285714286,48,22,26,224.27342371713252,0.4437653562653563,0.6316571103460293,0.14162042048066667,1073182.6099601474,22437.26764188994,1095619.8776020373,241,0,127.0,66,45,39,35.20530675951497,0.6291035353535354,41.013681592039795,8287.56218905471,125.56912407658652,0
243,32,1,0,111,0.009009009009009009,0.0,1.0,111,3000,1900,1100,0.6333333333333333,41,19,22,225.61406476419853,0.44354695604695604,0.6340837417280472,0.1429689735117922,1074213.6487958226,23271.54154600138,1097485.190341824,242,0,127.990990990991,66,45,41,35.043401736069434,0.6303661616161615,40.88930348258707,8291.54228855722,125.62942861450334,0
244,32,1,0,112,0.008928571428571428,0.0,1.0,112,2800,1800,1000,0.6428571428571429,38,18,20,223.3935722560306,0.4436149318961819,0.6330645671750119,0.14231776430477372,1075770.6208249254,22864.048382833666,1098634.669207759,243,0,127.83928571428571,67,45,43,34.90903339831827,0.6316853233830846,40.70159313725491,8297.54901960786,123.84401521802778,0
245,32,1,1,112,0.008849557522123894,0.008849557522123894,0.9911504424778761,113,3350,2200,1150,0.6567164179104478,45,22,23,208.63108019812307,0.44350834913611464,0.6098327967513881,0.12404478355257897,1055201.5693535162,18079.568648195465,1073281.1380017116,244,0,127.69911504424779,70,43,41,37.83468540524068,0.6047619047619048,43.19248826291077,8217.840375586798,117.39771965123998,8
246,32,1,1,112,0.008849557522123894,0.008849557522123894,0.9911504424778761,113,2950,2000,950,0.6779661016949152,39,20,19,205.90722031522665,0.4440021860514117,0.6052902752163762,0.12299114861216869,1056600.9394351565,17962.35248430965,1074563.291919466,245,0,128.1504424778761,72,41,41,37.730903066985015,0.60546875,43.02226027397257,8223.287671232802,114.21232876712224,0
247,32,0,1,111,0.0,0.008928571428571428,0.9910714285714286,112,2250,1300,950,0.5777777777777777,32,13,19,208.60756384505473,0.4433183183183183,0.6073177523048525,0.12518537822350026,1058009.5057703073,19491.75710473061,1077501.262875038,246,1,129.98214285714286,72,40,42,37.48670532526865,0.6072048611111112,42.85102739726025,8228.767123287624,114.28843226788366,0
248,32,0,1,110,0.0,0.009009009009009009,0.990990990990991,111,2900,1900,1000,0.6551724137931034,39,19,20,211.1254979107662,0.443526481026481,0.6083897308387107,0.1270456943568293,1058840.999999998,19609.66666666652,1078450.6666666644,247,2,131.45045045045046,74,37,43,37.318796566245545,0.6072635135135135,42.74999999999999,8231.999999999984,111.24324324324303,0
249,32,2,1,111,0.017857142857142856,0.008928571428571428,0.9910714285714286,112,3400,2300,1100,0.6764705882352942,45,23,22,205.1231280894262,0.4433099394036894,0.601000514119157,0.12435358479305252,1061076.723045224,17730.27531478284,1078806.9983600068,248,0,131.21428571428572,67,45,45,37.19619346459659,0.6136504975124378,42.47855392156863,8240.686274509811,122.99531752999718,0
250,32,2,1,112,0.017699115044247787,0.008849557522123894,0.9911504424778761,113,2750,2000,750,0.7272727272727273,35,20,15,203.1713301779351,0.4448976769911504,0.6054885839732627,0.11990655806016445,1052944.7314342344,17435.63633786816,1070380.3677721026,249,0,130.12389380530973,69,44,40,38.25525214146218,0.602506038647343,43.467261904761884,8209.047619047571,118.97170462387784,8
251,32,0,0,112,0.0,0.0,1.0,112,3950,3100,850,0.7848101265822784,48,31,17,203.0806516760261,0.4444511475761476,0.6025454556435073,0.12029562074739084,1054068.210010495,16462.171799982403,1070530.3818104775,250,1,132.27678571428572,71,41,42,38.11797766003419,0.6028462441314554,43.33043981481479,8213.425925925867,115.68205529473052,0
252,32,1,2,111,0.008849557522123894,0.017699115044247787,0.9823008849557522,113,2700,1600,1100,0.5925925925925926,38,16,22,204.6387232953745,0.44467051201011376,0.6077844526265193,0.12189350039767885,1055756.249999993,17909.72222222186,1073665.9722222148,251,0,132.09734513274336,74,39,38,37.86834279535012,0.6034628378378378,43.12499999999998,8219.999999999945,111.08108108108034,0
253,32,3,0,114,0.02631578947368421,0.0,1.0,114,3350,2500,850,0.746268656716418,42,25,17,204.11874884754783,0.44548433214304195,0.6107503962398242,0.12270059621734497,1058524.408284013,17062.935568704248,1075587.3438527172,252,0,129.7719298245614,77,37,43,37.538291796469366,0.6055194805194806,42.788461538461505,8230.769230769145,106.89310689310578,0
254,32,1,1,114,0.008695652173913044,0.008695652173913044,0.991304347826087,115,2700,1700,1000,0.6296296296296297,37,17,20,217.46923783287403,0.4463513857106534,0.6389333333333329,0.12833485065244715,1052921.029182446,20095.586742902393,1073016.6159253484,253,0,129.63478260869564,66,49,41,37.89141414141413,0.6041666666666667,43.47014925373134,8208.955223880597,124.37810945273633,8
255,32,3,2,115,0.02564102564102564,0.017094017094017096,0.9829059829059829,117,3300,2200,1100,0.6666666666666666,44,22,22,218.46905178379336,0.44716757540033397,0.6386900392250738,0.13331999898539287,1063052.969125393,19748.834832154105,1082801.8039575473,254,0,128.3846153846154,70,47,41,36.60756635740986,0.6144345238095238,42.238849765258216,8248.356807511731,117.83366867873902,8
256,32,0,0,115,0.0,0.0,1.0,115,4350,3100,1250,0.7126436781609196,56,31,25,221.6708892300797,0.445617213323163,0.6379377383785074,0.13576762686015104,1064142.3797086093,19827.877515483997,1083970.2572240932,255,1,131.4695652173913,70,45,44,36.390066181211346,0.6157738095238094,42.10680751173708,8252.582159624395,117.89403085177707,0
257,32,0,0,115,0.0,0.0,1.0,115,2600,1800,800,0.6923076923076923,34,18,16,223.8750545694316,0.445416984490211,0.6424951723330798,0.13747038474800605,1064909.3364197507,22081.32716049364,1086990.6635802444,256,2,132.4695652173913,71,44,36,36.238223418573334,0.6161971830985915,42.01388888888888,8255.555555555537,116.27543035993713,0
258,32,1,2,114,0.008620689655172414,0.017241379310344827,0.9827586206896551,116,2650,1500,1150,0.5660377358490566,38,15,23,222.4443222347093,0.4457817966016992,0.6442178943250878,0.13705440498977262,1065916.7275383507,21571.42480318162,1087488.1523415323,257,0,132.31896551724137,73,43,37,36.15042357475275,0.6164383561643836,41.891891891891895,8259.459459459471,113.1432802665681,0
259,32,2,0,116,0.017241379310344827,0.0,1.0,116,3000,2100,900,0.7,39,21,18,225.67637877211212,0.4446167541229385,0.6521134593993321,0.13991935483870968,1067777.7777777794,21994.44444444452,1089772.2222222239,258,0,133.25,64,52,39,35.83669354838708,0.6236979166666667,41.66666666666667,8266.666666666679,129.16666666666686,0
260,32,0,0,116,0.0,0.0,1.0,116,3850,2800,1050,0.7272727272727273,49,28,21,224.3095254712609,0.4445292978510745,0.6504169200034742,0.13957818434496988,1068854.43793403,20900.846354166802,1089755.2842881968,259,1,134.25,63,53,40,35.73887489504618,0.6256613756613756,41.53645833333334,8270.833333333352,131.28306878306907,0
261,32,0,0,116,0.0,0.0,1.0,116,3700,2400,1300,0.6486486486486487,50,24,26,219.1387079996627,0.444484007996002,0.6418265393903584,0.13699257450486255,1070221.1308197833,20005.37517635713,1090226.5059961404,260,2,135.25,66,50,40,35.703712052900535,0.6254734848484849,41.371268656716424,8276.119402985089,125.3957485300771,0
262,32,0,1,115,0.0,0.008620689655172414,0.9913793103448276,116,3750,2800,950,0.7466666666666667,47,28,19,234.28883482368607,0.44415448525737133,0.6605660180499755,0.13971934303361327,1056114.1161419307,22537.149142348182,1078651.265284279,261,3,136.25,66,50,35,37.06215330307616,0.6081123737373737,43.081467661691555,8221.393034825898,124.56656113372573,8
263,32,1,0,116,0.008620689655172414,0.0,1.0,116,3900,2700,1200,0.6923076923076923,51,27,24,233.50388956964997,0.44462300099950025,0.6585277600879986,0.13970601609063246,1057102.214427436,22267.495748299232,1079369.7101757352,262,0,136.56896551724137,69,47,36,36.959356124201555,0.6076388888888888,42.96130952380952,8225.238095238083,119.20634920634902,0
264,32,1,1,116,0.008547008547008548,0.008547008547008548,0.9914529914529915,117,3550,2500,1050,0.704225352112676,46,25,21,232.29057791378779,0.4451259946949602,0.6592217274852001,0.13982888031988602,1058942.4531343016,22246.470883202375,1081188.9240175039,263,0,136.39316239316238,70,47,39,36.7617146659063,0.609375,42.73767605633804,8232.394366197206,117.60563380281724,0
265,32,0,1,115,0.0,0.008620689655172414,0.9913793103448276,116,3500,2400,1100,0.6857142857142857,46,24,22,230.86428756165105,0.4443684407796102,0.6555812347192447,0.13973267216246593,1060590.4597405165,22270.49217653589,1082860.9519170523,264,1,136.3448275862069,60,56,39,36.593680219318614,0.6175347222222223,42.53756830601095,8238.797814207686,137.31329690346143,0
266,32,1,0,116,0.008620689655172414,0.0,1.0,116,3600,2600,1000,0.7222222222222222,46,26,20,228.06664484019112,0.4445667791104448,0.6515020219526286,0.13852047797135822,1061635.8418367344,21624.74489795919,1083260.5867346937,265,0,137.20689655172413,62,54,43,36.53596187175042,0.6174395161290323,42.410714285714285,8242.857142857141,132.94930875576034,0
267,32,2,1,117,0.01694915254237288,0.00847457627118644,0.9915254237288136,118,3150,2200,950,0.6984126984126984,41,22,19,223.99397792499272,0.44583725674827374,0.6502593785029791,0.13691546796570234,1063542.6692965163,20895.430637738365,1084438.0999342548,266,0,135.864406779661,64,54,44,36.40446295375435,0.6184895833333333,42.17948717948718,8250.256410256417,128.91025641025652,0
268,32,1,0,118,0.00847457627118644,0.0,1.0,118,3250,2300,950,0.7076923076923077,42,23,19,224.82519072488103,0.44599721135738085,0.6507740055104416,0.13789555413369667,1064567.0937909933,21018.29998019837,1085585.3937711916,267,0,136.39830508474577,66,52,35,36.25610270628653,0.6185290404040404,42.05534825870646,8254.228855721376,125.064073571536,0
269,32,0,2,116,0.0,0.01694915254237288,0.9830508474576272,118,2900,1900,1000,0.6551724137931034,39,19,20,222.696712049323,0.4460636076102178,0.6480837394222712,0.13709039584022992,1065657.2535240054,20963.67330626166,1086620.926830267,268,1,137.39830508474577,68,50,39,36.17602612849762,0.618719362745098,41.92330917874397,8258.454106280213,121.44785450412077,0
270,32,0,0,116,0.0,0.0,1.0,116,3450,2300,1150,0.6666666666666666,46,23,23,226.983498387044,0.445007183908046,0.648760088899285,0.1399049695537738,1066031.3105323366,21744.303250951103,1087775.6137832876,269,2,140.73275862068965,68,48,40,36.01907630522086,0.6191789215686274,41.8780193236715,8259.903381642527,121.46916737709599,0
271,32,1,2,115,0.008547008547008548,0.017094017094017096,0.9829059829059829,117,3550,2400,1150,0.676056338028169,47,24,23,232.1800208116543,0.44545448963552414,0.6590846429556103,0.14395161290322583,1067777.7777777794,22633.33333333342,1090411.1111111129,270,0,140.52136752136752,69,48,43,35.66868279569892,0.6207729468599034,41.66666666666667,8266.666666666679,119.80676328502433,0
272,32,0,0,115,0.0,0.0,1.0,115,3100,2400,700,0.7741935483870968,38,24,14,233.9500701854393,0.4447813374014747,0.6572077024609322,0.14552583621765536,1068750.2213044872,23906.837856977763,1092657.059161465,271,1,141.6782608695652,61,54,42,35.502597564410934,0.6268784153005464,41.54905913978495,8270.43010752689,135.58082143486706,0
273,32,0,1,114,0.0,0.008695652173913044,0.991304347826087,115,3600,2800,800,0.7777777777777778,44,28,16,234.55742747494583,0.4446923468090516,0.6579821475707439,0.14686679574478612,1070694.2965154534,23627.859960552483,1094322.156476006,272,2,142.6782608695652,64,51,40,35.24643270144138,0.6272786458333333,41.314102564102576,8277.948717948742,129.3429487179491,0
274,32,1,0,115,0.008695652173913044,0.0,1.0,115,3500,2500,1000,0.7142857142857143,45,25,20,239.65487680196395,0.4443840579710145,0.665860846933684,0.15129220863383155,1073103.0282823932,24934.874807766384,1098037.9030901596,273,0,143.30434782608697,67,48,35,34.81678102448836,0.6284203980099503,41.0232843137255,8287.2549019608,123.69037167105671,0
275,32,0,0,115,0.0,0.0,1.0,115,4200,3500,700,0.8333333333333334,49,35,14,243.0948713416324,0.4438087973557081,0.671531570897967,0.15406331018148064,1074245.8767361126,25028.732638888974,1099274.6093750016,274,1,144.30434782608697,67,48,36,34.58647403685091,0.6298196517412935,40.88541666666667,8291.666666666679,123.75621890547282,0
276,32,0,0,115,0.0,0.0,1.0,115,3650,2400,1250,0.6575342465753424,49,24,25,241.74153810949363,0.44362445969997455,0.6708091892918158,0.15394552899631334,1075654.569680744,25356.07802982594,1101010.6477105701,275,2,145.30434782608697,68,47,37,34.44759825327511,0.6309742647058824,40.715579710144944,8297.101449275398,122.01619778346173,0
277,32,0,0,115,0.0,0.0,1.0,115,2750,1500,1250,0.5454545454545454,40,15,25,239.5122659311944,0.4434560132214595,0.6668762004539894,0.15291936978683976,1076406.2500000019,25812.500000000116,1102218.7500000019,276,3,146.30434782608697,69,46,38,34.412650602409634,0.6313405797101449,40.62500000000001,8300.000000000015,120.28985507246398,0
278,32,0,0,115,0.0,0.0,1.0,115,4200,3400,800,0.8095238095238095,50,34,16,237.73585770106584,0.4429506737859141,0.6646240723429431,0.152989114074429,1078704.0244208416,24089.325290255943,1102793.3497110975,277,4,147.30434782608697,63,52,38,34.175455504711756,0.6377314814814814,40.34830729166666,8308.854166666646,131.88657407407374,0
279,32,1,0,116,0.008620689655172414,0.0,1.0,116,3850,2600,1250,0.6753246753246753,51,26,25,234.52107345175295,0.4430862693653173,0.6619653006281794,0.15187988154769608,1080539.5635318388,23631.859669314872,1104171.4232011538,278,0,147.02586206896552,66,50,40,34.03292950443712,0.6380997474747474,40.12748756218904,8315.920398009916,125.99879390924114,0
280,32,0,0,116,0.0,0.0,1.0,116,3200,1800,1400,0.5625,46,18,28,232.35381029620837,0.4427661169415293,0.6582465823656893,0.15074106652901664,1081047.4135919118,23837.097131788138,1104884.5107236998,279,1,148.02586206896552,68,48,40,34.02676946606267,0.6375612745098039,40.066425120772934,8317.874396135234,122.32168229610637,0
281,32,1,0,117,0.008547008547008548,0.0,1.0,117,3350,2400,950,0.7164179104477612,43,24,19,229.6970573334459,0.4426576775714706,0.6547922335674681,0.15009018477344604,1083114.1445700799,23007.626352795905,1106121.7709228757,280,0,147.75213675213675,70,47,34,33.84177286568175,0.6389880952380953,39.81807511737089,8325.821596244123,118.94030851777318,0
282,32,2,1,118,0.01680672268907563,0.008403361344537815,0.9915966386554622,119,3550,2200,1350,0.6197183098591549,49,22,27,229.69368492827002,0.443766913545079,0.6620134719131945,0.15099218811483875,1084837.975308641,22486.086419753017,1107324.0617283941,281,0,146.25210084033614,74,45,38,33.630142770784424,0.6390765765765766,39.61111111111111,8332.444444444436,112.60060060060049,0
283,32,1,0,119,0.008403361344537815,0.0,1.0,119,4200,2800,1400,0.6666666666666666,56,28,28,229.65411317330367,0.44388263780088305,0.6609878427738105,0.1520225693950886,1086831.43130528,21919.06170505722,1108750.4930103372,282,0,147.21848739495798,68,51,37,33.38655101173925,0.6446078431372548,39.3719806763285,8340.096618357478,122.64847968172762,0
284,32,0,1,118,0.0,0.008403361344537815,0.9915966386554622,119,3500,2300,1200,0.6571428571428571,47,23,24,224.8825691809676,0.4435532687651332,0.6574070992268113,0.14303319597304207,1075294.9298469343,21063.01729024917,1096357.9471371835,283,1,148.21848739495798,69,50,38,34.92904875342021,0.629981884057971,40.758928571428555,8295.71428571425,120.22774327122102,8
285,32,1,3,116,0.008403361344537815,0.025210084033613446,0.9747899159663865,119,3400,2400,1000,0.7058823529411765,44,24,20,225.68130074236774,0.443271376347149,0.6644900917521874,0.13986600571867303,1067658.1823613236,20990.09746870702,1088648.2798300306,284,0,149.19327731092437,71,48,40,35.85136049659291,0.6195715962441315,41.68113425925925,8266.203703703688,116.42540427751673,8
286,32,0,0,116,0.0,0.0,1.0,116,4500,3100,1400,0.6888888888888889,59,31,28,228.3645895241329,0.4402533108445777,0.6574169531638714,0.1422517236606599,1069167.1183084717,21131.982021042688,1090299.1003295144,285,1,153.81896551724137,61,55,40,35.5954005806144,0.6273907103825136,41.49865591397848,8272.043010752663,135.6072624713551,0
287,32,0,0,116,0.0,0.0,1.0,116,3250,2300,950,0.7076923076923077,42,23,19,227.00797371482147,0.4395536606696651,0.6548783663548974,0.14190230929695155,1070201.0260687922,22138.833279079834,1092339.859347872,286,2,154.81896551724137,63,53,40,35.5026746381372,0.6273148148148149,41.373697916666664,8276.041666666659,131.36574074074062,0
288,32,1,0,117,0.008547008547008548,0.0,1.0,117,2700,1900,800,0.7037037037037037,35,19,16,222.48308917514672,0.4396950830140485,0.6500606032170531,0.13959472816787347,1071303.410525712,21569.37844352618,1092872.788969238,287,0,154.48717948717947,65,52,44,35.483569685879836,0.6274038461538461,41.240530303030305,8280.303030303034,127.38927738927744,0
289,32,0,1,116,0.0,0.008547008547008548,0.9914529914529915,117,2950,2100,850,0.711864406779661,38,21,17,223.0825657535476,0.43964596227527264,0.6511112049254619,0.1402196625447461,1071826.2206981431,21471.148671053947,1093297.3693691972,288,1,155.48717948717947,65,52,41,35.403517999064995,0.6280448717948718,41.17739898989899,8282.323232323231,127.4203574203574,0
290,32,0,0,116,0.0,0.0,1.0,116,3550,2700,850,0.7605633802816901,44,27,17,224.82190850917752,0.4394974387806097,0.6520466050373184,0.14177996540024063,1072796.0980235648,21487.613239771323,1094283.711263336,289,2,157.3706896551724,66,50,42,35.238792154508154,0.6286300505050505,41.06032338308458,8286.0696517413,125.54650987486818,0
291,32,0,0,116,0.0,0.0,1.0,116,2700,1900,800,0.7037037037037037,35,19,16,221.7521149999461,0.438800912043978,0.647871935371729,0.14039807159419054,1073955.8426771592,21730.39590604182,1095686.238583201,290,3,158.3706896551724,66,50,37,35.17525304048647,0.630050505050505,40.92039800995024,8290.547263681576,125.61435248002387,0
292,32,0,1,115,0.0,0.008620689655172414,0.9913793103448276,116,3350,2300,1050,0.6865671641791045,44,23,21,223.73264795515865,0.4385916416791604,0.6520372415447542,0.142277580930752,1075245.1826687455,21563.490383901353,1096808.673052647,291,4,159.3706896551724,66,50,40,34.964990404222135,0.6316287878787878,40.764925373134325,8295.522388059699,125.68973315241968,0
293,32,0,1,114,0.0,0.008695652173913044,0.991304347826087,115,3600,2600,1000,0.7222222222222222,46,26,20,225.1802074998186,0.43741100940757693,0.6509087402225384,0.14364172242082135,1076148.180892801,21865.45413479871,1098013.6350275995,292,8,161.72173913043477,66,49,41,34.816183082549,0.6327335858585859,40.65609452736319,8299.004975124388,125.74249962309679,0
294,32,0,0,114,0.0,0.0,1.0,114,3500,2500,1000,0.7142857142857143,45,25,20,227.27655633850836,0.4373431273611758,0.6501923856162737,0.14567363250427326,1077540.4283869357,22679.93557586089,1100220.3639627965,293,9,162.16666666666666,60,54,40,34.59029742712378,0.6383680555555555,40.488387978142086,8304.371584699475,138.40619307832458,0
295,32,0,3,111,0.0,0.02631578947368421,0.9736842105263158,114,3950,2800,1150,0.7088607594936709,51,28,23,238.3589660151117,0.43673504373026967,0.6642850288326478,0.14569601235756538,1063542.6692965163,23950.986193293917,1087493.6554898103,294,10,163.16666666666666,64,50,40,36.03410409414885,0.6184895833333333,42.17948717948718,8250.256410256417,128.91025641025652,8
296,32,2,1,112,0.017699115044247787,0.008849557522123894,0.9911504424778761,113,3200,2400,800,0.75,40,24,16,259.79195135517136,0.4369666561314791,0.6863917641047945,0.15196831051281123,1050230.8062130192,28768.302103879094,1078999.1083168983,295,0,164.34513274336283,64,49,36,37.142157169366776,0.60205078125,43.79807692307693,8198.46153846155,128.10096153846172,8
297,32,1,0,113,0.008849557522123894,0.0,1.0,113,3250,2000,1250,0.6153846153846154,45,20,25,257.09385420371814,0.4370357932996207,0.6846293753549535,0.15142705001185489,1052334.0277777766,28259.722222222186,1080593.7499999988,296,0,164.9646017699115,54,59,38,36.948280530733825,0.6120756172839505,43.541666666666664,8206.666666666659,151.97530864197518,0
298,32,2,1,114,0.017391304347826087,0.008695652173913044,0.991304347826087,115,2900,1900,1000,0.6551724137931034,39,19,20,248.69949078506818,0.4390287312484109,0.678238526284225,0.14765221875633736,1054757.5279706758,26563.53202160473,1081321.0599922806,297,0,163.0782608695652,59,56,41,36.86108199788129,0.6110522598870056,43.246527777777764,8216.111111111086,139.25612052730654,0
299,32,1,1,114,0.008695652173913044,0.008695652173913044,0.991304347826087,115,2900,1900,1000,0.6551724137931034,39,19,20,251.48748898822853,0.43962941774726677,0.6800985958338432,0.1500584537298857,1056281.1136041707,27228.296985200377,1083509.410589371,298,0,162.37391304347827,61,54,32,36.59946544170533,0.6115095628415301,43.06115591397848,8222.043010752664,134.7875903402076,0
300,32,2,2,114,0.017241379310344827,0.017241379310344827,0.9827586206896551,116,3800,2800,1000,0.7368421052631579,48,28,20,248.801201206365,0.4398066591704148,0.6804637351556522,0.14929017006681947,1057978.3164130305,25645.2551947699,1083623.5716078004,299,0,161.95689655172413,63,53,36,36.457014684473684,0.6122685185185186,42.85481770833333,8228.645833333323,130.61342592592575,0
301,32,0,3,111,0.0,0.02631578947368421,0.9736842105263158,114,2900,1800,1100,0.6206896551724138,40,18,22,251.4008945248006,0.43828598043782024,0.6794146070560252,0.15099107617267962,1058260.6180144632,27509.533201840848,1085770.1512163042,300,1,165.52631578947367,64,50,36,36.35499750747757,0.6119791666666667,42.82051282051282,8229.743589743583,128.58974358974348,0
302,32,0,0,111,0.0,0.0,1.0,111,2950,2200,750,0.7457627118644068,37,22,15,249.98965954084252,0.4368072618072618,0.6694869004364066,0.15075393558863387,1059484.9750778005,27822.057641667416,1087307.0327194678,301,2,169.67567567567568,56,55,37,36.23884430556541,0.6192336309523809,42.67178362573099,8234.502923976599,147.0446950710107,0
303,32,1,1,111,0.008928571428571428,0.008928571428571428,0.9910714285714286,112,3350,2500,850,0.746268656716418,42,25,17,247.31793937297715,0.4366855694980695,0.6693714265792776,0.15017078266245723,1061551.2493394106,26758.133505086484,1088309.382844497,302,0,169.15178571428572,57,55,38,36.050585692372046,0.6209795321637427,42.42097701149425,8242.528735632182,144.60576729179266,0
304,32,2,0,113,0.017699115044247787,0.0,1.0,113,3900,3100,800,0.7948717948717948,47,31,16,242.68047240940064,0.4374637852928782,0.6661615707330346,0.14851115990986774,1063892.429760667,25137.183489420797,1089029.6132500877,303,0,168.1946902654867,61,52,39,35.87926765702372,0.6209016393442623,42.13709677419355,8251.612903225814,135.27234267583302,0
305,32,1,1,113,0.008771929824561403,0.008771929824561403,0.9912280701754386,114,3800,2600,1200,0.6842105263157895,50,26,24,236.37004223706637,0.4377846348910625,0.6596762541718564,0.14531477854368088,1065262.167159763,23759.212689020394,1089021.3798487834,304,0,167.71052631578948,64,50,40,35.87212491977727,0.62060546875,41.97115384615385,8256.923076923074,129.01442307692304,0
306,32,2,0,115,0.017391304347826087,0.0,1.0,115,3000,2100,900,0.7,39,21,18,228.49118543346623,0.4378782100177981,0.6509380529092663,0.1415399977594286,1067516.8509590845,22783.63814916835,1090300.4891082528,305,0,167.22608695652173,65,50,43,35.79626461362987,0.6227564102564103,41.69823232323232,8265.656565656556,127.16394716394701,0
307,32,1,0,116,0.008620689655172414,0.0,1.0,116,3550,2400,1150,0.676056338028169,47,24,23,225.4417536582632,0.43809813843078466,0.6499829670502066,0.14043104541643883,1069167.1183084755,21456.982021042913,1090624.1003295183,306,0,166.77586206896552,61,55,45,35.670956280601416,0.6273907103825136,41.498655913978496,8272.043010752692,135.6072624713556,0
308,32,1,0,117,0.008547008547008548,0.0,1.0,117,3600,2900,700,0.8055555555555556,43,29,14,221.91793162470157,0.43779779447882894,0.6478517753685538,0.13893181433647284,1070650.0771604935,20519.290123456758,1091169.3672839503,307,0,166.34188034188034,62,55,43,35.57885906040267,0.6285282258064516,41.31944444444444,8277.777777777776,133.51254480286735,0
309,32,0,0,117,0.0,0.0,1.0,117,3600,2600,1000,0.7222222222222222,46,26,20,269.8734425813683,0.43781314470969646,0.709256267086632,0.16085483637853001,1055952.775538234,29994.722147570705,1085947.4976858047,308,1,167.34188034188034,60,57,34,36.168073650624834,0.6118055555555555,43.101092896174855,8220.765027322386,137.0127504553731,8
310,32,2,0,119,0.01680672268907563,0.0,1.0,119,3400,2300,1100,0.6764705882352942,45,23,22,260.28068106006424,0.43914981246735985,0.7012068464900201,0.15638613392057507,1058380.1439073319,27895.18093532966,1086275.3248426616,309,0,165.51260504201682,63,56,37,36.111726363751416,0.6127645502645502,42.80598958333332,8230.208333333308,130.63822751322712,0
311,32,0,0,119,0.0,0.0,1.0,119,4000,2800,1200,0.7,52,28,24,262.1466291671532,0.43916761619902195,0.7037737185936774,0.15830239419156966,1059898.84741512,27769.782021604715,1087668.6294367248,310,1,166.51260504201682,59,60,36,35.87443788645308,0.6174081920903955,42.621527777777764,8236.111111111084,139.59510357815395,0
312,32,0,0,119,0.0,0.0,1.0,119,4100,2900,1200,0.7073170731707317,53,29,24,265.7646651078959,0.43910233584959407,0.7094850073497558,0.1612523029396987,1061329.2100694436,28512.76041666663,1089841.9704861103,311,2,167.51260504201682,59,60,36,35.60309234917426,0.6191737288135593,42.447916666666664,8241.66666666666,139.68926553672307,0
313,32,1,1,119,0.008333333333333333,0.008333333333333333,0.9916666666666667,120,3400,2500,900,0.7352941176470589,43,25,18,263.7784506875891,0.43923757002801117,0.7083311600817153,0.16067648437832566,1062506.5217077115,28653.264828303872,1091159.7865360153,312,0,167.10833333333332,61,59,39,35.50767157821533,0.6191939890710383,42.30510752688172,8246.236559139783,135.18420588753742,0
314,32,3,5,117,0.02459016393442623,0.040983606557377046,0.9590163934426229,122,3050,2100,950,0.6885245901639344,40,21,19,258.54588994817493,0.43972700176127894,0.7058998742360392,0.15875999688553213,1064909.3364197526,27615.586419753035,1092524.9228395056,313,0,164.45901639344262,65,57,34,35.343764019739766,0.6195512820512821,42.013888888888886,8255.555555555553,127.00854700854697,0
315,32,0,0,117,0.0,0.0,1.0,117,3800,2700,1100,0.7105263157894737,49,27,22,265.8913195624361,0.4393942184890461,0.7008249795135035,0.1636817205746744,1065659.1715976363,29469.904667981787,1095129.0762656182,314,1,169.2051282051282,64,53,34,35.06103556052327,0.62109375,41.923076923076934,8258.461538461563,129.03846153846192,0
316,32,1,1,117,0.00847457627118644,0.00847457627118644,0.9915254237288136,118,4000,2900,1100,0.725,51,29,22,272.6074929527757,0.43999287749287747,0.7109547583845297,0.16865113837760026,1067135.2542325705,30581.81325957293,1097717.0674921435,315,0,168.76271186440678,66,52,35,34.70416190074853,0.6216856060606061,41.744402985074636,8264.17910447763,125.21483491632772,0
317,32,0,1,116,0.0,0.008547008547008548,0.9914529914529915,117,4050,3000,1050,0.7407407407407407,51,30,21,273.4340216065653,0.43922843599567735,0.710340711204642,0.16970502949576366,1068085.3396045917,30960.173965419464,1099045.5135700111,316,1,171.15384615384616,55,62,37,34.564734821214294,0.6306818181818181,41.629464285714285,8267.857142857141,150.3246753246753,0
318,32,0,1,115,0.0,0.008620689655172414,0.9913793103448276,116,3050,2100,950,0.6885245901639344,40,21,19,274.6451486552694,0.43826524237881065,0.7106567057527498,0.17116673883457117,1069316.0297973368,32486.49199263045,1101802.5217899673,317,2,173.56896551724137,55,61,35,34.3805463615868,0.6321969696969697,41.480654761904766,8272.619047619057,150.41125541125558,0
319,32,0,1,114,0.0,0.008695652173913044,0.991304347826087,115,3300,2500,800,0.7575757575757576,41,25,16,272.2042610404346,0.4382023900330536,0.7056371792137168,0.17029288103661092,1070441.0525711663,31975.723140495866,1102416.7757116621,318,3,175.7913043478261,54,61,38,34.30398940714163,0.6344521604938271,41.34469696969697,8276.969696969698,153.27721661054997,0
320,32,1,0,115,0.008695652173913044,0.0,1.0,115,4100,3200,900,0.7804878048780488,50,32,18,264.51454422703057,0.43803076531909485,0.6963037143839632,0.166494001768053,1072236.4455344158,29624.42693882937,1101860.8724732453,319,0,174.0695652173913,57,58,35,34.28032930946765,0.6341374269005848,41.12787356321839,8283.908045977003,145.3317201048597,0
321,32,1,1,115,0.008620689655172414,0.008620689655172414,0.9913793103448276,116,3900,3300,600,0.8461538461538461,45,33,12,261.1105582125114,0.4381184407796102,0.6945193991507532,0.16556228512659046,1074389.834104937,29006.905864197448,1103396.7399691346,320,0,173.56034482758622,59,57,35,34.10184688909733,0.6352401129943503,40.86805555555555,8292.222222222212,140.54613935969851,0
322,32,0,0,115,0.0,0.0,1.0,115,3600,2800,800,0.7777777777777778,44,28,16,277.993234493939,0.43761759471141626,0.7153035363368534,0.17022195539865584,1064069.3174874524,32560.81425881918,1096630.1317462716,321,1,176.0608695652174,57,58,37,34.94665076490938,0.6240862573099415,42.11566091954025,8252.29885057474,144.7771728171007,7
323,32,0,1,114,0.0,0.008695652173913044,0.991304347826087,115,3300,2700,600,0.8181818181818182,39,27,12,275.14773296495537,0.43747775235189423,0.7117175683068888,0.16903557088020765,1065052.6668595737,32309.365354938658,1097362.0322145124,322,2,177.0608695652174,59,56,36,34.897620729874625,0.6237641242937852,41.9965277777778,8256.111111111157,139.93408662900265,0
324,32,1,1,114,0.008695652173913044,0.008695652173913044,0.991304347826087,115,3900,2900,1000,0.7435897435897436,49,29,20,274.8974440487488,0.4379576659038902,0.7115951458233141,0.16995871741871585,1066944.6070354974,31760.069083131097,1098704.6761186286,323,0,177.96521739130435,61,54,38,34.668726957276064,0.6246584699453552,41.767473118279575,8263.440860215069,135.4662436100831,0
325,32,0,0,114,0.0,0.0,1.0,114,3700,2800,900,0.7567567567567568,46,28,18,271.15614647474655,0.43763423122703515,0.7048892850115163,0.1682055931815379,1067934.3491735545,31415.3925619835,1099349.741735538,324,1,180.5,54,60,38,34.64234660215526,0.6313657407407407,41.64772727272727,8267.272727272732,153.09764309764319,0
326,32,0,0,114,0.0,0.0,1.0,114,3900,2800,1100,0.717948717948718,50,28,22,271.34287092691926,0.437322103193086,0.7045464184231744,0.16921432302527958,1069500.6944444429,31340.27777777771,1100840.9722222206,325,2,181.5,54,60,35,34.44298952457698,0.6332947530864197,41.45833333333333,8273.333333333321,153.20987654320965,0
327,32,0,0,114,0.0,0.0,1.0,114,2950,2300,650,0.7796610169491526,36,23,13,301.3813639226853,0.43728652383170313,0.7289087229029281,0.1821500564511035,1060155.162226574,38152.2017523042,1098307.3639788781,326,3,182.5,52,62,37,34.83256343691941,0.6235977564102564,42.59040880503145,8237.106918239,158.40590227382694,8
328,32,1,1,114,0.008695652173913044,0.008695652173913044,0.991304347826087,115,3200,2300,900,0.71875,41,23,18,293.5878027681655,0.4375031782354437,0.7229347826086954,0.17824973739495806,1061524.3342516096,36130.11937557411,1097654.4536271838,327,0,181.90434782608696,54,61,39,34.86213235294119,0.6234567901234568,42.424242424242436,8242.424242424264,152.6374859708197,0
329,32,0,0,114,0.0,0.0,1.0,114,3150,2100,1050,0.6666666666666666,42,21,21,295.145452205146,0.43736576877296485,0.7231635686054534,0.1796623658725284,1062305.0103305783,36756.898530762155,1099061.9088613405,328,1,183.3421052631579,54,60,37,34.72451917187308,0.6244212962962963,42.32954545454545,8245.454545454544,152.69360269360266,0
330,32,1,0,115,0.008695652173913044,0.0,1.0,115,2950,1900,1050,0.6440677966101694,40,19,21,294.4102366593193,0.4384344012204424,0.7239197063491103,0.1800065314089095,1063624.7357643035,36678.402034615014,1100303.1377989184,329,0,182.7391304347826,57,58,38,34.578747561994994,0.6235380116959064,42.169540229885065,8250.57471264369,144.74692478322265,0
331,32,0,1,114,0.0,0.008695652173913044,0.991304347826087,115,3400,2400,1000,0.7058823529411765,44,24,20,294.38256683614577,0.4383517670989067,0.7254096658016456,0.18085239048168533,1065052.6668595697,36306.58757716061,1101359.2544367304,330,1,183.7391304347826,59,56,33,34.40135533723618,0.6237641242937852,41.996527777777786,8256.111111111126,139.93408662900214,0
332,32,0,1,113,0.0,0.008771929824561403,0.9912280701754386,114,4050,3100,950,0.7654320987654321,50,31,19,298.439482871163,0.43763908295813275,0.7288176160842501,0.18421614850253398,1066464.622434489,36805.030083948004,1103269.652518437,331,2,186.32456140350877,58,56,34,34.120620483712884,0.626257183908046,41.825564971751426,8261.58192090398,142.44106760179275,0
333,32,4,0,117,0.03418803418803419,0.0,1.0,117,3150,2400,750,0.7619047619047619,39,24,15,289.8151374565164,0.4391087041949111,0.7288977317630609,0.1814048894801741,1070594.8042509027,35504.91607084146,1106099.7203217442,332,0,182.4957264957265,51,66,37,33.82936123802886,0.6374591503267975,41.32612179487179,8277.564102564093,162.30517848164888,0
334,32,2,0,119,0.01680672268907563,0.0,1.0,119,3300,2300,1000,0.696969696969697,43,23,20,282.20460504714566,0.44040200826093145,0.7275237540082826,0.17847326657068763,1073629.0258290786,33496.61104024925,1107125.6368693279,333,0,180.41176470588235,55,64,35,33.649588300062234,0.6375,40.959821428571416,8289.285714285692,150.7142857142853,0
335,32,0,0,119,0.0,0.0,1.0,119,4000,2600,1400,0.65,54,26,28,283.0597138651441,0.4401319849973888,0.7303406706733699,0.1797111628151291,1074767.147451774,33044.65624587109,1107811.803697645,334,1,181.41176470588235,57,62,35,33.48628819901599,0.6372441520467836,40.82255747126435,8293.678160919517,145.50312563016695,0
336,32,1,0,120,0.008333333333333333,0.0,1.0,120,3200,1900,1300,0.59375,45,19,26,283.50793873914364,0.4409051120448179,0.732759923977367,0.18066315138315175,1075848.5265637632,33802.319632327366,1109650.8461960906,335,0,180.89166666666668,61,59,37,33.340622435315964,0.6355874316939891,40.692204301075265,8297.84946236558,136.03031905517346,0
337,32,0,0,120,0.0,0.0,1.0,120,3900,2900,1000,0.7435897435897436,49,29,20,281.4470734342989,0.4407387955182073,0.7310910307898253,0.17969313150036034,1076406.250000002,32690.277777777897,1109096.52777778,336,1,181.89166666666668,63,57,37,33.32496653279785,0.6349206349206349,40.62500000000001,8300.000000000016,131.746031746032,0
338,32,0,0,120,0.0,0.0,1.0,120,3750,3100,650,0.8266666666666667,44,31,13,280.075143934355,0.44054767740429507,0.7297204341789723,0.17962080017742413,1077711.6770005156,32618.05061113101,1110329.7276116465,337,2,182.89166666666668,52,68,37,33.19891455256847,0.6452323717948718,40.46776729559749,8305.03144654089,159.71214320270943,0
339,32,0,1,119,0.0,0.008333333333333333,0.9916666666666667,120,3400,2500,900,0.7352941176470589,43,25,18,279.7661443625822,0.4403302987861812,0.7293734522040616,0.18000250014915675,1078648.929279074,32953.8904130469,1111602.819692121,338,3,183.89166666666668,53,67,38,33.09094848935118,0.645440251572327,40.354938271604944,8308.641975308648,156.7668297228047,0
340,32,0,0,119,0.0,0.0,1.0,119,3700,2600,1100,0.7027027027027027,48,26,22,278.6148029774325,0.4397610739210938,0.7253674660665304,0.18031970339263145,1080353.575672857,32700.49972641157,1113054.0753992687,339,4,183.89915966386553,56,63,38,32.910044072485185,0.6449032738095238,40.14985380116959,8315.204678362576,148.48579782790313,0
341,32,0,2,117,0.0,0.01680672268907563,0.9831932773109243,119,3500,2300,1200,0.6571428571428571,47,23,24,271.55777755993455,0.43985899444523574,0.7101112128019529,0.17014476137440043,1070885.682612199,30861.467198184335,1101747.1498103833,340,5,184.89915966386553,60,59,36,34.26553905390537,0.6302083333333333,41.29098360655737,8278.688524590149,137.97814207650248,8
342,32,0,1,116,0.0,0.008547008547008548,0.9914529914529915,117,2850,2000,850,0.7017543859649122,37,20,17,272.39887503771166,0.43937886825817857,0.7051617464175333,0.17111883818740664,1071656.2934027754,32133.59374999982,1103789.8871527752,341,6,184.33333333333334,59,58,37,34.148177030925076,0.631885593220339,41.19791666666666,8281.666666666648,140.36723163841776,0
343,32,1,0,117,0.008547008547008548,0.0,1.0,117,2950,1900,1050,0.6440677966101694,40,19,21,271.80649570499156,0.4390933539640436,0.7045420214768681,0.17145065311441274,1072865.791752513,31972.37824360222,1104838.1699961151,342,0,185.27350427350427,60,57,40,34.01353534687418,0.6326388888888889,41.051912568306,8286.338797814187,138.10564663023646,0
344,32,0,1,116,0.0,0.008547008547008548,0.9914529914529915,117,3600,2400,1200,0.6666666666666666,48,24,24,273.8798961893551,0.43879248943904114,0.7082855103159673,0.17317566258008868,1073573.4168308994,31806.03519065961,1105379.452021559,343,1,186.27350427350427,60,57,31,33.87212406882456,0.6335069444444444,40.96653005464481,8289.071038251364,138.15118397085607,0
345,32,1,0,117,0.008547008547008548,0.0,1.0,117,3650,2700,950,0.7397260273972602,46,27,19,275.68387434284557,0.43801883780332057,0.7114668000218507,0.17499180932251615,1074706.10219027,32205.828406342258,1106911.9305966124,344,0,187.25641025641025,60,57,32,33.68501680173946,0.6348958333333333,40.82991803278688,8293.442622950808,138.2240437158468,0
346,32,1,0,118,0.00847457627118644,0.0,1.0,118,3350,2200,1150,0.6567164179104478,45,22,23,264.77122888398117,0.43846425467188177,0.7101682214502998,0.16009841637774014,1060296.0736263513,29197.17887898176,1089493.2525053332,345,0,186.66101694915255,53,65,36,35.75738416385662,0.6228380503144655,42.5733024691358,8237.654320987644,155.4274400186348,8
347,32,1,2,117,0.008403361344537815,0.01680672268907563,0.9831932773109243,119,3850,3000,850,0.7792207792207793,47,30,17,257.9228604297016,0.43887978920381715,0.7042609071358183,0.1566542004925659,1061635.8418367326,27114.030612244766,1088749.8724489773,346,0,186.08403361344537,55,64,39,35.76689774696709,0.6227272727272728,42.41071428571428,8242.857142857127,149.87012987012957,0
348,32,3,2,118,0.025,0.016666666666666666,0.9833333333333333,120,3500,2500,1000,0.7142857142857143,45,25,20,249.6481695077612,0.4392623716153128,0.6970413302075187,0.1533438916384476,1065001.806567236,25675.150306393996,1090676.9568736302,347,0,184.925,61,59,37,35.56183250846576,0.6222677595628415,42.00268817204302,8255.913978494646,135.3428521064696,0
349,32,0,0,118,0.0,0.0,1.0,118,2850,2000,850,0.7017543859649122,37,20,17,254.23286826088176,0.4377384229079144,0.6983233998044927,0.15659684531770923,1065834.2185512788,27744.018094577492,1093578.2366458564,348,1,188.61864406779662,61,57,38,35.34017923013498,0.6232923497267759,41.90188172043011,8259.139784946245,135.39573417944663,0
350,32,0,0,118,0.0,0.0,1.0,118,3150,2100,1050,0.6666666666666666,42,21,21,252.4333776574484,0.43737626152880393,0.696598258322378,0.15592428246944004,1066666.9557174246,27102.468493467517,1093769.424210892,349,2,189.61864406779662,61,57,38,35.283272601075836,0.6243169398907105,41.80107526881721,8262.365591397855,135.44861625242385,0
351,32,1,0,119,0.008403361344537815,0.0,1.0,119,3400,2400,1000,0.7058823529411765,44,24,20,248.12103255183072,0.43717953283008115,0.6943149537042543,0.15414900704230605,1068382.1517731943,25817.616531582313,1094199.7683047766,350,0,189.01680672268907,56,63,38,35.18196016030174,0.6302083333333333,41.593567251461984,8269.005847953209,147.66081871345017,0
352,32,1,0,120,0.008333333333333333,0.0,1.0,120,3850,3100,750,0.8051948051948052,46,31,15,244.82701433322165,0.4375043767507003,0.6920125614418351,0.15299599428127278,1070114.271122603,24548.57639886376,1094662.8475214667,351,0,188.43333333333334,58,62,40,35.05256690333153,0.6307471264367817,41.38418079096046,8275.706214689273,142.68458990843575,0
353,32,1,0,121,0.008264462809917356,0.0,1.0,121,3100,2200,900,0.7096774193548387,40,22,18,244.4417080507518,0.43739095500459135,0.6945496639307478,0.1536707992088449,1071875.5085625146,25102.216026157934,1096977.7245886724,352,0,187.86776859504133,60,61,43,34.844598755250594,0.6314236111111111,41.1714480874317,8282.513661202198,138.04189435336997,0
354,32,1,1,121,0.00819672131147541,0.00819672131147541,0.9918032786885246,122,3700,2300,1400,0.6216216216216216,51,23,28,237.05122684293468,0.4372756062864111,0.6872923701708484,0.15038663747654393,1074544.875904013,22844.436226167167,1097389.3121301802,353,0,187.31967213114754,64,58,37,34.70616123513286,0.6319986979166667,40.849358974358985,8292.820512820532,129.5753205128208,0
355,32,0,1,120,0.0,0.008264462809917356,0.9917355371900827,121,3600,2400,1200,0.6666666666666666,48,24,24,233.72208550599314,0.4371556473829201,0.6801447342916855,0.14889776971621982,1075770.6208249275,22486.27060505599,1098256.8914299835,354,1,189.47107438016528,67,54,38,34.64121669522066,0.6316853233830846,40.70159313725492,8297.549019607877,123.84401521802802,0
356,32,1,1,120,0.008264462809917356,0.008264462809917356,0.9917355371900827,121,3300,2300,1000,0.696969696969697,43,23,20,231.1773424982419,0.43650424701561064,0.6771093473342709,0.1478853627189807,1076973.2645420898,22294.363447699325,1099267.627989789,355,0,190.43801652892563,60,61,41,34.558952587814574,0.6376736111111111,40.55669398907104,8302.185792349737,138.36976320582895,0
357,32,0,0,120,0.0,0.0,1.0,120,3250,2300,950,0.7076923076923077,42,23,19,226.05628030043027,0.4361534197012138,0.6644794636258053,0.13480537909113266,1056104.1302151114,20497.79425726969,1076601.9244723811,356,1,192.16666666666666,63,57,40,37.274904973075685,0.6099537037037037,43.08268229166665,8221.354166666637,130.4976851851847,8
358,32,0,0,120,0.0,0.0,1.0,120,4200,3000,1200,0.7142857142857143,54,30,24,225.60410203604533,0.43578139589169,0.6644651539708268,0.13514342811285412,1057469.4444444424,19513.888888888745,1076983.3333333312,357,2,193.16666666666666,64,56,42,37.11676121015667,0.6110026041666667,42.91666666666666,8226.66666666665,128.5416666666664,0
359,32,0,0,120,0.0,0.0,1.0,120,4100,3200,900,0.7804878048780488,50,32,18,227.34350669573294,0.43584267040149394,0.6647435897435892,0.13696060037523458,1059184.0277777803,20059.72222222238,1079243.7500000028,358,3,194.16666666666666,60,60,44,36.85897435897434,0.6157986111111111,42.70833333333334,8233.333333333354,137.22222222222257,0
360,32,3,0,123,0.024390243902439025,0.0,1.0,123,3400,2500,900,0.7352941176470589,43,25,18,223.9819936654985,0.43860233684304056,0.6652931951972989,0.13624511964283892,1062088.794378703,19577.753122945705,1081666.5475016488,359,0,190.40650406504065,64,59,42,36.58500238435862,0.61669921875,42.35576923076925,8244.615384615421,128.82211538461596,0
361,32,1,0,124,0.008064516129032258,0.0,1.0,124,3400,2500,900,0.7352941176470589,43,25,18,222.13572072708283,0.4394369044496897,0.6636630400740748,0.13577871938139421,1063540.6959295594,19050.075802579348,1082590.7717321387,360,0,189.86290322580646,66,58,44,36.45261713803292,0.6172664141414141,42.179726368159216,8250.24875621893,125.00376903362016,0
362,32,2,0,126,0.015873015873015872,0.0,1.0,126,3400,2200,1200,0.6470588235294118,46,22,24,202.36903862193404,0.4413849206349207,0.6441747208009032,0.11844684212353748,1050408.7664014024,13914.042443340993,1064322.8088447433,361,0,187.83333333333334,78,48,44,38.59119836695485,0.5950854700854701,43.7763713080169,8199.156118143512,105.11738613004502,8
363,32,0,0,126,0.0,0.0,1.0,126,3400,2600,800,0.7647058823529411,42,26,16,204.71404383209386,0.4413201058201058,0.6470277586165005,0.12029252222687242,1051615.5715419247,14456.095241429102,1066071.6667833538,362,1,188.83333333333334,68,58,42,38.380957288109,0.6014093137254901,43.62922705314009,8203.864734299505,120.64506962205154,0
364,32,1,0,127,0.007874015748031496,0.0,1.0,127,3750,2900,850,0.7733333333333333,46,29,17,200.1514162907561,0.442246802483023,0.6409923879334662,0.11828341779128772,1053355.3595732546,13016.113415208916,1066371.4729884635,363,0,188.33858267716536,71,56,42,38.28170519687997,0.6019659624413145,43.41724537037035,8210.648148148108,115.64293166405785,0
365,32,2,3,126,0.015503875968992248,0.023255813953488372,0.9767441860465116,129,4950,3700,1250,0.7474747474747475,62,37,25,193.3355002489219,0.4428244105297157,0.6330801767378984,0.11483662846110587,1054900.1736111038,10039.93055555511,1064940.1041666588,364,0,186.4031007751938,75,54,44,38.264874915483425,0.6019444444444444,43.22916666666664,8216.666666666608,109.55555555555478,0
366,32,1,0,127,0.007874015748031496,0.0,1.0,127,3250,2200,1050,0.676923076923077,43,22,21,194.8669727348285,0.4422832562596342,0.6308912383924898,0.11624947871148344,1056217.3580292496,12514.375821827358,1068731.733851077,365,0,188.1259842519685,77,50,35,38.062171890430925,0.6026785714285714,43.068910256410234,8221.794871794813,106.776556776556,0
367,32,1,1,127,0.0078125,0.0078125,0.9921875,128,3750,2700,1050,0.72,48,27,21,232.31850171474417,0.44252763082349084,0.691808287368165,0.1369832252069283,1052665.7910695286,19560.74787752783,1072226.5389470563,366,0,187.6484375,66,62,40,37.54230310744736,0.6038510101010102,43.50124378109453,8207.960199004981,124.3630333182573,8
368,32,2,1,128,0.015503875968992248,0.007751937984496124,0.9922480620155039,129,4600,3600,1000,0.782608695652174,56,36,20,227.22166493063068,0.44387667554909566,0.6881677204343417,0.1349366647046149,1054838.1525823253,17536.416252421357,1072374.5688347467,367,0,187.1627906976744,68,61,41,37.402496864220765,0.6053921568627452,43.236714975845416,8216.425120772958,120.82978118783761,0
369,32,3,1,130,0.022900763358778626,0.007633587786259542,0.9923664122137404,131,3000,1800,1200,0.6,42,18,24,222.06471042362026,0.4448693482090429,0.687314137751659,0.13309652509066303,1057636.0790948647,17772.729927554854,1075408.8090224196,368,0,185.25954198473283,71,60,38,37.18704865605012,0.6072476525821596,42.89641203703704,8227.314814814818,115.87767344809602,0
370,32,0,1,129,0.0,0.007692307692307693,0.9923076923076923,130,3950,2600,1350,0.6582278481012658,53,26,27,225.04880391178875,0.4443935102365335,0.6880821671340238,0.1351449292144486,1058217.894514979,17680.134287729634,1075898.0288027087,369,1,187.6769230769231,70,60,38,37.03802745925798,0.6084821428571429,42.82570422535212,8229.577464788748,117.56539235412498,0
371,32,1,0,130,0.007692307692307693,0.0,1.0,130,4050,3000,1050,0.7407407407407407,51,30,21,226.3217167779665,0.4449500596302922,0.6878967397307041,0.13684693545666932,1060290.947652907,17943.373511388556,1078234.3211642958,370,0,188.15384615384616,61,69,39,36.74781360135753,0.6164617486338797,42.57392473118279,8237.634408602144,135.04318702626466,0
372,32,0,1,129,0.0,0.007692307692307693,0.9923076923076923,130,3400,2200,1200,0.6470588235294118,46,22,24,224.575219285942,0.4448929139336116,0.6850248648865642,0.13622926539114402,1061259.976767547,18266.538400393154,1079526.5151679402,371,1,189.15384615384616,61,69,42,36.672524300345735,0.6176571038251366,42.45631720430108,8241.397849462377,135.10488277807175,0
373,32,1,3,127,0.007692307692307693,0.023076923076923078,0.9769230769230769,130,3900,2300,1600,0.5897435897435898,55,23,32,221.33717946836308,0.445102862254025,0.6819630656572775,0.13532235661745784,1063610.8440822996,17183.32485622808,1080794.1689385278,372,0,187.36923076923077,63,67,41,36.46451455084907,0.619212962962963,42.17122395833332,8250.52083333331,130.96064814814778,0
374,32,0,1,126,0.0,0.007874015748031496,0.9921259842519685,127,3750,2700,1050,0.72,48,27,21,223.76941970733165,0.4441450027079948,0.6784960360849586,0.1372026213405523,1064468.3801775132,18489.09434582501,1082957.4745233383,373,1,190.96850393700788,64,63,35,36.29556280418348,0.61962890625,42.067307692307686,8253.846153846142,128.96634615384596,0
375,32,3,0,129,0.023255813953488372,0.0,1.0,129,3500,2600,900,0.7428571428571429,44,26,18,219.24539009572104,0.4450879158591731,0.677501077232884,0.13552693585784978,1066891.523842991,17482.209666954896,1084373.733509946,374,0,188.87596899224806,67,62,38,36.11240879159991,0.6208022388059702,41.77389705882352,8263.235294117632,123.3318700614572,0
376,32,2,0,131,0.015267175572519083,0.0,1.0,131,3850,2600,1250,0.6753246753246753,51,26,25,215.38615298359565,0.445671853591701,0.6782839710035153,0.13426976664016638,1069392.9714626751,16016.487630208405,1085409.4590928836,375,0,186.9770992366412,63,68,39,35.90300512045664,0.6263227513227514,41.47135416666667,8272.916666666679,131.31613756613777,0
377,32,0,1,130,0.0,0.007633587786259542,0.9923664122137404,131,4350,3200,1150,0.735632183908046,55,32,23,212.18098126494453,0.44524124094734785,0.6735045176349961,0.13285591154300763,1070694.2965154506,14886.193293885533,1085580.4898093361,376,1,187.9770992366412,64,67,41,35.82527980836737,0.6272786458333333,41.31410256410256,8277.948717948719,129.34294871794873,0
378,32,0,0,130,0.0,0.0,1.0,130,3150,2300,850,0.7301587301587301,40,23,17,213.92125502151228,0.4445885509838998,0.6745431497868761,0.13427295829399993,1071413.6801825617,16689.631822374082,1088103.312004936,377,2,190.37692307692308,63,67,46,35.691513617208656,0.62880291005291,41.227213541666664,8280.729166666659,131.44014550264538,0
379,32,1,0,131,0.007633587786259542,0.0,1.0,131,3750,2400,1350,0.64,51,24,27,209.49514822061812,0.44477392836171464,0.6700566843208116,0.13220755353861152,1073003.0098969494,15007.784919906138,1088010.7948168556,378,0,189.91603053435114,65,66,40,35.61016983585241,0.6294871794871795,41.035353535353536,8286.868686868687,127.4902874902875,0
380,32,1,0,132,0.007575757575757576,0.0,1.0,132,4250,3100,1150,0.7294117647058823,54,31,23,207.94212904242346,0.4448974477600432,0.6703775390063043,0.13196830052758873,1074652.7376659878,14043.115650306772,1088695.8533162945,379,0,189.46969696969697,68,64,41,35.44724859711464,0.6297487745098039,40.836352657004824,8293.236714975828,121.95936345552688,0
381,32,0,0,132,0.0,0.0,1.0,132,3800,2500,1300,0.6578947368421053,51,25,26,205.80997806767917,0.44467335569434807,0.6671275426440715,0.13106845971678513,1075665.306122449,14076.530612244886,1089741.836734694,380,1,190.46969696969697,69,63,42,35.37792699724519,0.6304347826086957,40.714285714285715,8297.142857142857,120.24844720496894,0
382,32,0,0,132,0.0,0.0,1.0,132,3950,2600,1350,0.6582278481012658,53,26,27,209.43200360451027,0.4445540808851878,0.6720338031332489,0.13401992641727295,1077071.4168310266,14764.64497041385,1091836.0618014403,381,2,191.46969696969697,64,68,42,35.111051060325316,0.6350911458333333,40.544871794871774,8302.564102564058,129.7275641025634,0
383,32,1,1,132,0.007518796992481203,0.007518796992481203,0.9924812030075187,133,3550,2100,1450,0.5915492957746479,50,21,29,208.35446826988016,0.44481706159337736,0.6733935141805902,0.1339887022298479,1078503.2299000039,14792.193398632458,1093295.4232986365,382,0,191.02255639097746,65,68,42,34.96301925025331,0.6362179487179487,40.372474747474726,8308.080808080758,127.81662781662705,0
384,32,1,1,132,0.007518796992481203,0.007518796992481203,0.9924812030075187,133,4000,2900,1100,0.725,51,29,22,207.8750134189603,0.44514695830485307,0.6723626159005387,0.13420308053338362,1079634.7243880036,14285.816563946066,1093920.5409519495,383,0,191.77443609022558,66,67,45,34.836480528289826,0.6369949494949495,40.23631840796018,8312.437810945223,125.94602743856399,0
385,32,0,3,129,0.0,0.022727272727272728,0.9772727272727273,132,4900,4200,700,0.8571428571428571,56,42,14,210.98598775942625,0.4449287724573984,0.6733814912085141,0.13688299298990445,1081056.7846402277,14317.56670626942,1095374.3513464972,384,1,193.9469696969697,66,66,44,34.581040532727236,0.6387310606060606,40.06529850746267,8317.910447761164,126.02894617819945,0
386,32,0,0,129,0.0,0.0,1.0,129,4300,3100,1200,0.7209302325581395,55,31,24,212.60924866646573,0.443881722383721,0.6693888074191268,0.13841021692127056,1082046.5107195706,15910.619133251788,1097957.1298528223,385,2,198.29457364341084,65,64,44,34.417357022920825,0.6405448717948719,39.94633838383839,8321.71717171718,128.02641802641816,0
387,32,1,0,130,0.007692307692307693,0.0,1.0,130,3900,3100,800,0.7948717948717948,47,31,16,248.79449176156243,0.4442046809779368,0.7152992196060475,0.15987211153032393,1078280.3288966035,23754.04128086412,1102034.3701774676,386,0,197.76153846153846,59,71,41,33.940583272030125,0.6400070621468927,40.39930555555555,8307.222222222212,140.8003766478341,8
388,32,0,0,130,0.0,0.0,1.0,130,3500,2200,1300,0.6285714285714286,48,22,26,242.7772472175305,0.4440568475452196,0.7075454144836704,0.15669805068970385,1079564.9792838912,22918.76277259848,1102483.7420564897,387,1,198.76153846153846,62,68,39,33.93844154466366,0.6394489247311828,40.24470899470898,8312.169312169284,134.06724697047233,0
389,32,0,0,130,0.0,0.0,1.0,130,3750,2700,1050,0.72,48,27,21,245.06958695936262,0.44358477439872784,0.7041291320695602,0.15832785157506152,1079839.870104418,23177.18218974814,1103017.052294166,388,2,199.76153846153846,62,68,43,33.84501760862183,0.6397849462365591,40.2116402116402,8313.227513227494,134.0843147294757,8
390,32,0,1,129,0.0,0.007692307692307693,0.9923076923076923,130,5100,3500,1600,0.6862745098039216,67,35,32,243.48706423165908,0.44336364539852907,0.7029362747459187,0.15794022809827743,1081004.2487250415,21542.110188802028,1102546.3589138435,389,3,200.76153846153846,63,67,43,33.742694635775436,0.640542328042328,40.07161458333333,8317.708333333318,132.02711640211615,0
391,32,0,0,129,0.0,0.0,1.0,129,4150,2900,1250,0.6987951807228916,54,29,25,247.88783101385593,0.4431928294573643,0.7041104942409531,0.1620252344742742,1083200.5917159782,23752.449046679914,1106953.0407626582,390,4,202.5891472868217,64,65,41,33.35784162765871,0.642578125,39.807692307692314,8326.15384615386,130.09615384615407,0
392,32,0,0,129,0.0,0.0,1.0,129,4200,2800,1400,0.6666666666666666,56,28,28,245.31694454539203,0.44258468588501293,0.7002423522049599,0.1612467891383924,1084810.3388530023,23224.471547734163,1108034.8104007365,391,5,203.5891472868217,66,63,45,33.22672856460471,0.6433080808080809,39.61442786069653,8332.33830845774,126.24755012814758,0
393,32,0,1,128,0.0,0.007751937984496124,0.9922480620155039,129,4200,3400,800,0.8095238095238095,50,34,16,244.75654243719816,0.44186551195090434,0.6998614790490405,0.1619545001051611,1086716.3811682523,23196.188812921177,1109912.5699811736,392,6,204.5891472868217,57,72,44,33.00707222107366,0.6518640350877193,39.38577586206897,8339.655172413795,146.3097398669087,0
394,32,0,0,128,0.0,0.0,1.0,128,3650,2500,1150,0.684931506849315,48,25,23,245.78991940630755,0.4405053006069554,0.6995901074676227,0.16306610923683523,1087465.4016382592,24207.606685163024,1111673.0083234222,393,7,206.9921875,57,71,47,32.888134931569745,0.6527777777777778,39.295977011494244,8342.528735632168,146.3601532567047,0
395,32,0,1,127,0.0,0.0078125,0.9921875,128,3850,2900,950,0.7532467532467533,48,29,19,245.86074062733434,0.4401169824475066,0.6995847295559163,0.1635970657904044,1088308.67566791,24064.47540617305,1112373.151074083,394,8,207.9921875,58,70,42,32.782742124740466,0.6530172413793103,39.19491525423728,8345.762711864394,143.8924605493861,0
396,32,0,1,126,0.0,0.007874015748031496,0.9921259842519685,127,3950,2800,1150,0.7088607594936709,51,28,23,247.21931052648176,0.4389737741115694,0.6980998441184691,0.16475711831433287,1088750.763070954,24482.042596316292,1113232.8056672702,395,12,210.56692913385828,58,69,46,32.69303440496332,0.6535560344827587,39.14194915254236,8347.457627118623,143.92168322618315,0
397,32,1,0,127,0.007874015748031496,0.0,1.0,127,3450,2500,950,0.7246376811594203,44,25,19,247.0523214065297,0.4385389326334208,0.6998114541719305,0.16573861088128264,1090626.4043790493,25038.356997820098,1115664.7613768694,396,0,209.96850393700788,60,67,40,32.467242243879014,0.6543402777777778,38.91734972677595,8354.644808743165,139.24408014571944,0
398,32,0,0,127,0.0,0.0,1.0,127,4400,3100,1300,0.7045454545454546,57,31,26,244.74462479372113,0.43791921843102943,0.6970884170736698,0.16487389195375943,1091800.2803792323,23642.44999421885,1115442.730373451,397,1,210.96850393700788,61,66,42,32.3835863133522,0.6550546448087431,38.7768817204301,8359.139784946217,137.03507844174126,0
399,32,0,1,126,0.0,0.007874015748031496,0.9921259842519685,127,4350,3200,1150,0.735632183908046,55,32,23,245.17783267316267,0.4377707994833979,0.6971892244942797,0.16584101251329553,1092950.4564073326,23843.444824218575,1116793.901231551,398,2,211.96850393700788,63,64,43,32.23133848133846,0.6550925925925926,38.63932291666666,8363.541666666646,132.7546296296293,0
400,32,0,2,124,0.0,0.015873015873015872,0.9841269841269842,126,3000,1800,1200,0.6,42,18,24,249.04366597355573,0.4371256613756614,0.7012268386770373,0.1689458382685475,1093767.3611111124,26279.16666666675,1120046.5277777791,399,3,212.5952380952381,64,62,43,32.030212483399744,0.6554361979166667,38.54166666666667,8366.666666666677,130.72916666666683,0
401,32,0,0,124,0.0,0.0,1.0,124,3250,2300,950,0.7076923076923077,42,23,19,247.98709879491267,0.43586223664656004,0.6961356380050641,0.16897725569048672,1095012.7551020386,26259.807256235654,1121272.5623582744,400,4,216.6290322580645,55,69,42,31.905337504740224,0.6636363636363636,38.39285714285713,8371.428571428554,152.2077922077919,0
402,32,0,0,124,0.0,0.0,1.0,124,3750,2400,1350,0.64,51,24,27,246.93961561148592,0.4357010555992657,0.6940489507750027,0.16866999919785428,1095688.519422897,25563.78036324153,1121252.2997861383,401,5,217.6290322580645,58,66,42,31.850037107003075,0.6619971264367817,38.312146892655356,8374.011299435011,144.37950516267261,0
403,32,0,0,124,0.0,0.0,1.0,124,3950,2900,1050,0.7341772151898734,50,29,21,247.4532508433898,0.43541420797272484,0.6963192776110336,0.16952964877180693,1096528.9400077148,25517.930169753003,1122046.8701774678,402,6,218.6290322580645,59,65,42,31.73377158078564,0.6622528248587571,38.21180555555555,8377.222222222212,141.9868173258002,0
404,32,1,1,124,0.008,0.008,0.992,125,3150,1900,1250,0.6031746031746031,44,19,25,243.7137382947041,0.43611021505376346,0.6943417136993331,0.16784384308705919,1097988.4957798575,25368.976182217477,1123357.471962075,403,0,217.872,61,64,43,31.653251667521804,0.662568306010929,38.037634408602145,8382.79569892472,137.4228803102413,0
405,32,0,0,124,0.0,0.0,1.0,124,3350,2600,750,0.7761194029850746,41,26,15,240.6044079561828,0.4349456901827083,0.6889796660905809,0.16671364039734748,1099679.2259220686,24767.533818938362,1124446.759741007,404,1,220.30645161290323,61,63,39,31.528240622062718,0.6646174863387978,37.83602150537633,8389.24731182793,137.5286444561956,0
406,32,0,0,124,0.0,0.0,1.0,124,3550,2300,1250,0.647887323943662,48,23,25,240.20894616734176,0.43443756010140744,0.6893994840173456,0.1673867083371633,1101250.354308389,24556.037414965886,1125806.3917233548,405,2,221.30645161290323,62,62,41,31.346899224806176,0.6658266129032258,37.64880952380952,8395.238095238086,135.4070660522272,0
407,32,0,0,124,0.0,0.0,1.0,124,3550,2200,1350,0.6197183098591549,49,22,27,238.88715059254957,0.4340359734242503,0.6878390123150215,0.1668998126072657,1101969.760738703,24299.283236404623,1126269.0439751076,406,3,222.30645161290323,65,59,41,31.29385173602759,0.6647435897435898,37.56313131313132,8397.979797979819,129.19968919968952,0
408,32,0,0,124,0.0,0.0,1.0,124,3650,2600,1050,0.7123287671232876,47,26,21,241.17843380512295,0.4337518576798671,0.6901819486741805,0.1686626305373926,1102234.8644271002,24717.055657586043,1126951.9200846863,407,4,223.30645161290323,65,59,41,31.201393064742458,0.6650641025641026,37.53156565656566,8398.989898989905,129.2152292152293,0
409,32,0,0,124,0.0,0.0,1.0,124,3600,2700,900,0.75,45,27,18,244.19252644983925,0.43320684718943964,0.6941448749761394,0.17130336100764293,1103093.3001372598,25473.427974082017,1128566.7281113418,408,5,224.30645161290323,58,66,39,31.017600188273263,0.6709770114942528,37.429378531073475,8402.259887005703,144.86654977596038,0
410,32,0,0,124,0.0,0.0,1.0,124,3700,2900,800,0.7837837837837838,45,29,16,241.9249855828578,0.4330320067313576,0.6918152515924376,0.17042871889384598,1104250.6944444473,24929.166666666846,1129179.861111114,409,6,225.30645161290323,59,65,41,30.936095691250326,0.6716101694915254,37.29166666666668,8406.66666666669,142.48587570621507,0
411,32,0,0,124,0.0,0.0,1.0,124,4050,2800,1250,0.691358024691358,53,28,25,245.5355902080479,0.43256895270565604,0.6956330738346523,0.1741750123513302,1106148.847415128,25469.782021605308,1131618.6294367334,410,7,226.30645161290323,59,65,40,30.610006052602643,0.6739053672316384,37.06597222222224,8413.888888888923,142.60828625235465,0
412,32,0,0,124,0.0,0.0,1.0,124,3500,2400,1100,0.6857142857142857,46,24,22,232.48126381140557,0.4323176195471632,0.6775426778479539,0.149817085839046,1079109.7683376712,21874.56054687486,1100984.328884546,411,8,227.30645161290323,63,61,42,34.26192863708532,0.6382275132275133,40.29947916666666,8310.416666666646,131.91137566137533,8
413,32,1,0,125,0.008,0.0,1.0,125,3000,1800,1200,0.6,42,18,24,229.83374312077305,0.43252688172043013,0.6766010362694297,0.148567170792423,1080000.591715975,21644.115713346397,1101644.7074293212,412,0,226.48,64,61,44,34.221050250842985,0.638671875,40.192307692307686,8313.846153846143,129.903846153846,0
414,32,0,2,123,0.0,0.016,0.984,125,3550,2700,850,0.7605633802816901,44,27,17,229.7696745352071,0.43226075268817205,0.6773619382282228,0.14914341299062012,1081200.0369822497,21135.396120973106,1102335.4331032229,413,1,227.48,64,61,45,34.075170047058336,0.64013671875,40.04807692307693,8318.461538461546,129.97596153846166,0
415,32,1,1,123,0.008064516129032258,0.008064516129032258,0.9919354838709677,124,4050,3000,1050,0.7407407407407407,51,30,21,227.66840699459982,0.4309421168808462,0.6724438141211988,0.14834905808082285,1082309.2071280987,20431.522612488512,1102740.7297405873,414,0,228.24193548387098,65,59,38,33.99345378967172,0.6408653846153847,39.91477272727273,8322.72727272727,128.041958041958,0
416,32,1,0,124,0.008064516129032258,0.0,1.0,124,3400,2200,1200,0.6470588235294118,46,22,24,227.92531642161734,0.4308806495323018,0.6728063110466109,0.1487558694647161,1082772.8668060382,21158.26965590171,1103931.13646194,415,0,229.23387096774192,67,57,39,33.929798217720716,0.6402363184079602,39.85906862745099,8324.509803921585,124.24641498390424,0
417,32,0,1,123,0.0,0.008064516129032258,0.9919354838709677,124,3500,2500,1000,0.7142857142857143,45,25,20,227.8655689796112,0.4305596533787919,0.6747034327160337,0.14945173092108963,1084188.987053377,21109.868083269368,1105298.8551366464,416,1,230.23387096774192,68,56,39,33.757418469330545,0.641390931372549,39.68900966183576,8329.951690821285,122.49928957090124,0
418,32,3,0,126,0.023809523809523808,0.0,1.0,126,3050,2300,750,0.7540983606557377,38,23,15,222.4148370473576,0.4313293650793651,0.6708326255010952,0.14687329084955164,1086138.0834977066,20064.644970414676,1106202.7284681213,417,0,227.52380952380952,64,62,42,33.66022368475009,0.6461588541666667,39.45512820512823,8337.435897435957,130.27243589743682,0
419,32,0,0,126,0.0,0.0,1.0,126,4250,3100,1150,0.7294117647058823,54,31,23,222.54390653166774,0.431191798941799,0.671489499515169,0.14756152967417,1087306.4969454703,18944.687085501842,1106251.1840309722,418,1,228.52380952380952,65,61,42,33.51363998708403,0.6469551282051282,39.315025252525274,8341.919191919236,128.337218337219,0
420,32,0,1,125,0.0,0.007936507936507936,0.9920634920634921,126,3750,2500,1250,0.6666666666666666,50,25,25,227.5002900954229,0.4307592592592593,0.6772948793274236,0.15151934763520927,1088570.3981646528,20580.01627434987,1109150.4144390025,419,2,229.52380952380952,66,60,40,33.229520573801445,0.647885101010101,39.16355721393036,8346.766169154254,126.46615407809476,0
421,32,0,0,125,0.0,0.0,1.0,125,4050,3100,950,0.7654320987654321,50,31,19,228.40546452006149,0.42987365591397847,0.6768542914171656,0.15257485029940124,1089414.0625000019,20715.62500000014,1110129.687500002,420,3,231.952,69,56,41,33.102544910179645,0.6471920289855073,39.06250000000001,8350.000000000015,121.0144927536234,0
422,32,0,0,125,0.0,0.0,1.0,125,3900,3000,900,0.7692307692307693,48,30,18,227.4187442539617,0.4298521505376344,0.6744053215077614,0.1521748570601433,1089897.3336762676,20672.616598079505,1110569.950274347,421,4,232.952,71,54,43,33.06910569105692,0.6467136150234742,39.004629629629626,8351.851851851843,117.6317162232654,0
423,32,0,0,125,0.0,0.0,1.0,125,3650,2800,850,0.7671232876712328,45,28,17,229.46593123113257,0.4297661290322581,0.6760753713145642,0.15380695628285881,1090380.712019891,21391.045096021975,1111771.757115913,422,5,233.952,71,54,36,32.95647676051133,0.647300469483568,38.94675925925926,8353.703703703708,117.6577986437142,0
424,32,0,2,123,0.0,0.016,0.984,125,4250,3100,1150,0.7294117647058823,54,31,23,242.48505108437357,0.42966129032258066,0.694133958070523,0.15238386732357778,1071765.7398641144,22727.434036286388,1094493.1739004008,423,6,234.952,66,59,39,34.908817404537366,0.6273674242424243,41.18470149253732,8282.089552238824,125.48620533695187,6
425,32,0,0,123,0.0,0.0,1.0,123,3750,2400,1350,0.64,51,24,27,254.2710576225372,0.4287229552623395,0.7073472668718697,0.14914518139462532,1051066.8567925107,25101.17626172561,1076168.0330542363,424,7,239.6747967479675,57,66,38,37.17905484315512,0.6080043859649122,43.69612068965518,8201.724137931049,143.88989715668507,8
426,32,2,0,125,0.016,0.0,1.0,125,3150,2400,750,0.7619047619047619,39,24,15,251.9467530749435,0.43028494623655916,0.7078173577758231,0.14916014620372028,1053901.856674384,24955.43016975315,1078857.2868441371,425,0,236.824,59,66,40,36.88449852307831,0.6099929378531073,43.35069444444445,8212.777777777788,139.1996233521659,0
427,32,0,1,124,0.0,0.008,0.992,125,4400,3100,1300,0.7045454545454546,57,31,26,250.12263396899004,0.4304274193548387,0.7066989361702118,0.1488071366650956,1055391.3225238163,23395.451491534674,1078786.774015351,426,1,237.824,60,65,41,36.74548426418438,0.6111111111111112,43.16939890710383,8218.579234972696,136.97632058287826,0
428,32,2,1,125,0.015873015873015872,0.007936507936507936,0.9920634920634921,126,3500,2500,1000,0.7142857142857143,45,25,20,248.19505737651895,0.43154761904761907,0.7068953576152974,0.1487408780534737,1057601.2861604202,23798.282380013115,1081399.5685404332,427,0,235.515873015873,64,62,39,36.51956201043029,0.6111653645833333,42.90064102564102,8227.179487179481,128.5496794871794,0
429,32,2,1,126,0.015748031496062992,0.007874015748031496,0.9921259842519685,127,4400,3300,1100,0.75,55,33,22,244.47211157696776,0.4325631171103612,0.7053623542891323,0.14799239531452602,1060638.1517523734,22059.28971559922,1082697.4414679727,428,0,234.64566929133858,58,69,41,36.23739971199341,0.619073275862069,42.53177966101696,8238.983050847484,142.05143191116352,0
430,32,1,0,127,0.007874015748031496,0.0,1.0,127,4100,3300,800,0.8048780487804879,49,33,16,228.21713778456473,0.432888597258676,0.6875768300634808,0.1319734917528756,1046696.8003765271,18274.82958203847,1064971.6299585656,429,0,235.61417322834646,62,65,42,38.392376150149786,0.5989583333333333,44.22949735449735,8184.656084656068,132.01058201058174,8
431,32,5,1,131,0.03787878787878788,0.007575757575757576,0.9924242424242424,132,3150,2200,950,0.6984126984126984,41,22,19,218.35281094404917,0.4373819299868918,0.6849730729041086,0.12742880762524186,1049511.1649338328,16282.742596093029,1065793.907529926,430,0,227.65151515151516,68,64,39,38.293545534924874,0.5988051470588236,43.88586956521738,8195.652173913008,120.5242966751913,0
432,32,4,0,135,0.02962962962962963,0.0,1.0,135,4050,3200,850,0.7901234567901234,49,32,17,213.5477778864292,0.4397065597936245,0.6845747659442527,0.12594125765844436,1052728.616042076,13911.571334648168,1066640.187376724,431,0,223.56296296296296,64,71,44,38.015952351201626,0.6051432291666667,43.49358974358974,8208.205128205114,128.2532051282049,0
433,32,1,0,136,0.007352941176470588,0.0,1.0,136,4150,3300,850,0.7951807228915663,50,33,17,213.7429078087131,0.4397263071895425,0.6871644195203426,0.12695813680686233,1054900.1736111129,13745.486111111179,1068645.659722224,432,0,222.91176470588235,67,69,44,37.74087221095333,0.6060323383084577,43.22916666666667,8216.66666666668,122.63681592039822,0
434,32,0,1,135,0.0,0.007352941176470588,0.9926470588235294,136,4150,3000,1150,0.7228915662650602,53,30,23,213.03043515191138,0.4394562454611474,0.6854787406910572,0.12681944799421346,1055582.5252631344,13624.240939111824,1069206.7662022463,433,1,223.91176470588235,68,68,46,37.674366208220675,0.6063112745098039,43.14613526570049,8219.323671497592,120.87240693378811,0
435,32,3,1,137,0.021739130434782608,0.007246376811594203,0.9927536231884058,138,4800,3100,1700,0.6458333333333334,65,31,34,215.36804999198898,0.44094026587679397,0.6923830489818386,0.12928629140856435,1058112.2504340233,13176.714409721922,1071288.9648437453,434,0,221.02173913043478,71,67,43,37.30010548523205,0.6078345070422535,42.83854166666665,8229.166666666631,115.90375586854411,0
436,32,1,3,135,0.007246376811594203,0.021739130434782608,0.9782608695652174,138,4750,3700,1050,0.7789473684210526,58,37,21,215.83523182833991,0.44098434359462607,0.6938428357427764,0.1303125497429751,1059843.8527284672,13400.328731097929,1073244.1814595652,435,0,221.97101449275362,64,74,42,37.073215026982126,0.6139322916666667,42.628205128205124,8235.897435897428,128.68589743589732,0
437,32,2,1,136,0.014598540145985401,0.0072992700729927005,0.9927007299270073,137,3950,3000,950,0.759493670886076,49,30,19,211.71626051778796,0.4412569772434521,0.6847527081963232,0.12856659157120268,1061581.7271301893,13600.82270040368,1075182.549830593,436,0,221.61313868613138,67,70,43,36.96383437407077,0.6142723880597014,42.4172794117647,8242.64705882352,123.02458296751523,0
438,32,0,0,136,0.0,0.0,1.0,136,3300,2100,1200,0.6363636363636364,45,21,24,209.2920773627642,0.43987608932461875,0.6795210462497825,0.12758639520752268,1062740.0829081659,13984.615929705364,1076724.6988378712,437,1,224.1985294117647,69,67,44,36.882843024039126,0.6145833333333333,42.27678571428572,8247.142857142877,119.52380952380982,0
439,32,1,1,136,0.0072992700729927005,0.0072992700729927005,0.9927007299270073,137,4000,2700,1300,0.675,53,27,26,207.51946015349185,0.440134356662373,0.6804936278290008,0.12704874786199732,1064021.3065364065,12761.025424849866,1076782.3319612565,438,0,223.55474452554745,70,67,47,36.7699977242988,0.615625,42.121478873239454,8252.112676056377,117.88732394366252,0
440,32,0,1,135,0.0,0.007352941176470588,0.9926470588235294,136,3450,2700,750,0.782608695652174,42,27,15,207.94078970790667,0.4395538307915759,0.6801161149173038,0.12766867479831867,1064868.9633891028,13635.938636514173,1078504.902025617,439,1,225.68382352941177,70,66,38,36.654297467394635,0.6166666666666667,42.01877934272302,8255.3990610329,117.93427230047,0
441,32,0,0,135,0.0,0.0,1.0,135,4250,3100,1150,0.7294117647058823,54,31,23,206.62800706143074,0.43914916159941036,0.676141654919048,0.12705424263990123,1065318.8775510227,12774.943310657765,1078093.8208616804,440,4,228.34814814814814,69,66,38,36.6325451749327,0.6177536231884058,41.96428571428572,8257.142857142875,119.66873706004166,0
442,32,0,0,135,0.0,0.0,1.0,135,4050,3100,950,0.7654320987654321,50,31,19,215.3770824287957,0.43878063386769856,0.686130250887961,0.12585698420740057,1049913.3150077106,14175.45331790093,1064088.7683256115,441,5,229.34814814814814,71,64,43,38.31963741104708,0.5977112676056338,43.836805555555536,8197.222222222179,115.45383411580534,8
443,32,6,2,139,0.0425531914893617,0.014184397163120567,0.9858156028368794,141,2600,1700,900,0.6538461538461539,35,17,18,204.77064008853148,0.4429795677136103,0.681440092270154,0.12099572914346948,1053311.238662125,12337.443310657189,1065648.6819727824,442,0,220.54609929078015,69,72,47,38.16866759463322,0.6029589371980677,43.42261904761902,8210.47619047614,118.99240855762521,0
444,32,2,0,141,0.014184397163120567,0.0,1.0,141,3750,2500,1250,0.6666666666666666,50,25,25,203.10660130502907,0.4426523978385681,0.6762677639349268,0.12047319693679254,1054478.2918953404,10884.300403358704,1065362.592298699,443,0,221.4468085106383,70,71,47,38.06637425229548,0.6038690476190476,43.28051643192486,8215.023474178352,117.35747820254788,0
445,32,1,1,141,0.007042253521126761,0.007042253521126761,0.9929577464788732,142,4050,2800,1250,0.691358024691358,53,28,25,202.86039142916192,0.4435891352845203,0.679931318369638,0.12079688740047367,1055662.416468582,10380.418204373933,1066042.834672956,444,0,220.88028169014083,72,70,51,37.92567079606685,0.6043113425925926,43.13641552511413,8219.63470319629,114.16159309994848,0
446,32,1,1,141,0.007042253521126761,0.007042253521126761,0.9929577464788732,142,4600,3500,1100,0.7608695652173914,57,35,22,199.36847700638623,0.44305638797322944,0.6747789266779995,0.1194011714009559,1057402.6706068025,9162.552004272397,1066565.2226110748,445,0,221.78169014084506,76,66,41,37.79951411180692,0.604577850877193,42.92478354978353,8226.406926406864,108.24219640009032,0
447,32,0,0,141,0.0,0.0,1.0,141,4350,2700,1650,0.6206896551724138,60,27,33,200.48290472982652,0.44234422492401215,0.6755657734354288,0.12033405544708731,1058070.503855807,9875.009604392446,1067945.5134601993,446,1,224.3404255319149,76,65,42,37.6880688095113,0.6054002192982456,42.8436147186147,8229.004329004289,108.27637275005642,0
448,32,1,2,140,0.007042253521126761,0.014084507042253521,0.9859154929577465,142,4750,3600,1150,0.7578947368421053,59,36,23,199.4226059680977,0.44274423134551993,0.6774553709729787,0.12043769072441013,1059929.9319995802,9124.79783658891,1069054.7298361692,447,0,223.75352112676057,68,74,42,37.48496979294974,0.6116727941176471,42.617753623188406,8236.231884057972,121.12105711849959,0
449,32,0,2,138,0.0,0.014285714285714285,0.9857142857142858,140,3950,3000,950,0.759493670886076,49,30,19,203.09549479235008,0.4409215484755053,0.6793807178043632,0.12280795663826792,1060302.9825666887,11118.551774837271,1071421.534341526,448,1,227.87857142857143,68,72,40,37.344226483696936,0.6121323529411764,42.572463768115945,8237.681159420297,121.14236999147496,0
450,32,1,0,139,0.007194244604316547,0.0,1.0,139,3850,2400,1450,0.6233766233766234,53,24,29,197.96453935434556,0.4401739477982831,0.671609807624518,0.12083364843016024,1063118.5197241516,10441.953607253117,1073560.4733314046,449,0,228.94244604316546,71,68,45,37.12798871863948,0.6139964788732395,42.23090277777778,8248.611111111113,116.17762128325512,8
451,32,1,2,138,0.007142857142857143,0.014285714285714285,0.9857142857142858,140,3450,2500,950,0.7246376811594203,44,25,19,195.55639970628602,0.4406164354230901,0.6697862342769094,0.11991449612488045,1064494.4868853828,10183.741872498982,1074678.2287578818,450,0,228.3,75,65,38,37.02004401579963,0.61375,42.06414473684209,8253.947368421013,110.05263157894684,0
452,32,0,1,137,0.0,0.007246376811594203,0.9927536231884058,138,4500,3300,1200,0.7333333333333333,57,33,24,197.70481587693354,0.4388421665079869,0.669076993427222,0.12155424113974958,1065286.5424938384,10022.455947983664,1075308.9984418221,451,2,232.57246376811594,75,63,39,36.866788838131654,0.6147222222222222,41.968201754385944,8257.017543859603,110.09356725146138,0
453,32,0,1,136,0.0,0.0072992700729927005,0.9927007299270073,137,3600,2200,1400,0.6111111111111112,50,22,28,199.46220791220478,0.4382827035923859,0.6690153102312497,0.12316202061854509,1066563.7355951832,11547.831516180755,1078111.5671113639,452,3,235.1167883211679,77,60,41,36.66372480560011,0.6153950216450217,41.81356837606837,8261.96581196579,107.29825729825703,0
454,32,1,0,137,0.0072992700729927005,0.0,1.0,137,3550,2700,850,0.7605633802816901,44,27,17,201.49497183567775,0.4383319021039072,0.6706892124857857,0.12503208658432893,1068027.3897873939,12090.429764988745,1080117.8195523827,453,0,236.08759124087592,68,69,42,36.43057827899183,0.6216299019607843,41.63647342995169,8267.632850241553,121.58283603296401,0
455,32,0,1,136,0.0,0.0072992700729927005,0.9927007299270073,137,3300,1800,1500,0.5454545454545454,48,18,30,203.95862697193908,0.43819101545727784,0.6738071025316015,0.1272030388026741,1069525.674461482,12927.797614880257,1082453.4720763625,454,1,237.08759124087592,68,69,42,36.18207209311379,0.623468137254902,41.45531400966184,8273.42995169083,121.66808752486516,0
456,32,2,0,138,0.014492753623188406,0.0,1.0,138,4800,3500,1300,0.7291666666666666,61,35,26,198.6479868036007,0.4381578599386438,0.6683331753896147,0.12502315961578675,1072207.5168520627,10198.372931669875,1082405.8897837326,455,0,236.268115942029,71,67,42,35.988992436520796,0.6251467136150235,41.131365740740726,8283.796296296268,116.67318727177843,0
457,32,1,2,137,0.007194244604316547,0.014388489208633094,0.9856115107913669,139,4750,3400,1350,0.7157894736842105,61,34,27,196.6410158510304,0.438568710249192,0.6669347767578615,0.12470863608934478,1074447.4197530858,9706.086419753017,1084153.5061728389,456,0,235.5611510791367,74,65,39,35.76537767534925,0.6264076576576576,40.86111111111111,8292.44444444444,112.06006006006,0
458,32,1,1,137,0.007246376811594203,0.007246376811594203,0.9927536231884058,138,4650,3400,1250,0.7311827956989247,59,34,25,197.38723429984066,0.43849064670827603,0.6664345290997331,0.12578798929814217,1075859.1149032384,10222.171037404942,1086081.2859406434,457,0,235.52173913043478,78,60,42,35.57249822027863,0.6263354700854701,40.69092827004219,8297.89029535865,106.38320891485448,0
459,32,0,2,135,0.0,0.014598540145985401,0.9854014598540146,137,3500,2400,1100,0.6857142857142857,46,24,22,197.8395692308257,0.43800987548303993,0.663579352692133,0.12636726685962946,1076531.5555788886,11696.107843823416,1088227.6634227121,458,1,237.7007299270073,68,69,43,35.478140883870715,0.632046568627451,40.609903381642496,8300.483091787402,122.06592782040298,0
460,32,0,0,135,0.0,0.0,1.0,135,3750,2600,1150,0.6933333333333334,49,26,23,200.36749757574677,0.436318407960199,0.6632765074377929,0.1282575858783742,1077158.1928691405,12415.49831968047,1089573.691188821,459,2,242.06666666666666,68,67,45,35.335573398498866,0.6328125,40.534420289855056,8302.898550724602,122.10144927536179,0
461,32,3,0,138,0.021739130434782608,0.0,1.0,138,4050,2400,1650,0.5925925925925926,57,24,33,192.96026906394042,0.43752203885891605,0.6572444255423544,0.12420580177419513,1078776.2746033147,9982.192041449798,1088758.4666447644,460,0,237.7826086956522,72,66,47,35.329198036306316,0.6326678240740741,40.33961187214609,8309.132420091255,115.40461694571188,0
462,32,0,0,138,0.0,0.0,1.0,138,4200,2900,1300,0.6904761904761905,55,29,26,193.35123648610102,0.43716280545858455,0.6588540255423692,0.12479574560608626,1079563.1220325006,9946.972901955716,1089510.0949344563,461,1,238.7826086956522,73,65,44,35.22253608266043,0.6331335616438356,40.244932432432414,8312.162162162123,113.86523509811128,0
463,32,0,1,137,0.0,0.007246376811594203,0.9927536231884058,138,4050,2800,1250,0.691358024691358,53,28,25,196.6529418056946,0.43704489756338377,0.6654594991940979,0.1261513946090858,1077785.0124857049,10739.918667880227,1088524.931153585,462,2,239.7826086956522,68,70,42,35.354985846129956,0.633578431372549,40.45893719806763,8305.31400966183,122.13697073032102,8
464,32,0,2,135,0.0,0.014598540145985401,0.9854014598540146,137,4150,2800,1350,0.6746987951807228,55,28,27,197.24613228859832,0.43622531129240016,0.6644287442913459,0.1271897473723033,1079290.1234567922,11027.160493827256,1090317.2839506194,463,3,242.5182481751825,68,69,39,35.15485739750447,0.6354166666666667,40.277777777777786,8311.111111111128,122.22222222222247,0
465,32,0,1,134,0.0,0.007407407407407408,0.9925925925925926,135,4250,3200,1050,0.7529411764705882,53,32,21,199.8066078065779,0.4354477611940299,0.6652595169309992,0.12920014773188623,1080096.6012170827,11912.08759852003,1092008.6888156028,464,4,245.24444444444444,67,68,44,34.989399701275495,0.6369713930348259,40.18075980392158,8314.215686274532,124.09277143693332,0
466,32,0,0,134,0.0,0.0,1.0,134,4300,3000,1300,0.6976744186046512,56,30,26,195.5851109033739,0.43452731642539183,0.6553278901658963,0.12699757201191936,1081298.571728629,11197.180214240776,1092495.7519428697,465,5,248.044776119403,68,66,47,34.951727642276445,0.6378676470588236,40.036231884057976,8318.840579710151,122.33589087809047,0
467,32,1,0,135,0.007407407407407408,0.0,1.0,135,3150,2200,950,0.6984126984126984,41,22,19,194.42931090812274,0.4349709784411277,0.6553796730704828,0.12670527576630056,1082342.9846938818,11937.840136054632,1094280.8248299365,466,0,247.2,69,66,43,34.8538162261128,0.6385869565217391,39.9107142857143,8322.857142857176,120.62111801242284,0
468,32,0,0,135,0.0,0.0,1.0,135,3750,2100,1650,0.56,54,21,33,191.23880518753074,0.4347590749953934,0.649647300639904,0.12491999395885853,1083020.8366823166,10673.122160065363,1093693.958842382,467,1,248.2,71,64,43,34.8538086896884,0.6383509389671361,39.82928240740742,8325.462962962989,117.26004173187309,0
469,32,0,0,135,0.0,0.0,1.0,135,3300,2200,1100,0.6666666666666666,44,22,22,190.51090230820046,0.43481665745347337,0.648474844012368,0.1248691832196872,1083999.5028512785,11002.744677967688,1095002.2475292461,468,2,249.2,72,63,45,34.752983206330036,0.6390335648148149,39.71175799086759,8329.223744292263,115.68366311517032,0
470,32,1,0,136,0.007352941176470588,0.0,1.0,136,4650,3300,1350,0.7096774193548387,60,33,27,189.54481858834393,0.43514660493827156,0.6493171308742858,0.12491688646725857,1085565.532879824,9302.664399093224,1094868.1972789173,469,0,248.36029411764707,69,67,46,34.58661829677026,0.642512077294686,39.52380952380954,8335.238095238137,120.80055210490055,0
471,32,0,1,135,0.0,0.007352941176470588,0.9926470588235294,136,4950,3400,1550,0.6868686868686869,65,34,31,188.5998140903263,0.4347199527959332,0.6486946501185475,0.12482440750747271,1086781.778306778,8843.368269082708,1095625.1465758607,470,1,249.36029411764707,70,66,45,34.46260695789236,0.6434523809523809,39.377934272300486,8339.906103286421,119.14151576123459,0
472,32,0,0,135,0.0,0.0,1.0,135,3000,1700,1300,0.5666666666666667,43,17,26,187.6526984487862,0.43441358024691357,0.6447004958684468,0.12466142956662332,1087844.1713016608,10827.378847308284,1098671.550148969,471,2,249.82222222222222,71,64,44,34.35754545118276,0.6442194835680751,39.250578703703724,8343.981481481529,117.52086593635957,0
473,32,0,0,135,0.0,0.0,1.0,135,4000,2800,1200,0.7,52,28,24,188.630679788454,0.43399898654873775,0.6467360845171435,0.12560947890175486,1088520.6241790268,10065.677060528691,1098586.3012395555,472,3,250.82222222222222,72,63,47,34.249457483086246,0.64453125,39.169520547945226,8346.575342465803,115.92465753424727,0
474,32,0,1,134,0.0,0.007407407407407408,0.9925925925925926,135,4300,3300,1000,0.7674418604651163,53,33,20,190.6779084407694,0.4333978256863829,0.6498485287480011,0.12755530713814592,1089820.0030864275,10260.9197530868,1100080.9228395142,473,4,251.82222222222222,74,61,45,34.03746030901318,0.6451295045045045,39.013888888888914,8351.555555555615,112.85885885885966,0
475,32,1,0,135,0.007407407407407408,0.0,1.0,135,3850,3000,850,0.7792207792207793,47,30,17,221.69577736067916,0.432716049382716,0.6972827121792649,0.14246767320317544,1078298.356797954,16960.838487412777,1095259.1952853668,474,0,252.68148148148148,63,72,40,34.641849529780536,0.6372354497354498,40.39713541666664,8307.291666666619,131.8617724867717,8
476,32,0,0,135,0.0,0.0,1.0,135,4000,2500,1500,0.625,55,25,30,224.1929697384881,0.43241662060070024,0.6996984834165887,0.14482795454848893,1079814.8785838124,17417.380879501754,1097232.2594633142,475,1,253.68148148148148,65,70,42,34.39044147428107,0.6378205128205128,40.21464646464644,8313.131313131269,127.89432789432722,0
477,32,0,0,135,0.0,0.0,1.0,135,4500,2800,1700,0.6222222222222222,62,28,34,224.3371545047239,0.4323521282476506,0.6994323446594535,0.1454481992277073,1080864.7714518837,16995.625446382484,1097860.3968982662,476,2,254.68148148148148,65,70,43,34.25760059914174,0.639102564102564,40.088383838383805,8317.171717171648,127.9564879564869,0
478,32,1,2,134,0.007352941176470588,0.014705882352941176,0.9852941176470589,136,3000,1700,1300,0.5666666666666667,43,17,26,223.57276023546402,0.43283632897603486,0.6991594443420006,0.145550429622679,1082052.221172018,18183.480361268368,1100235.7015332864,477,0,253.8014705882353,68,68,37,34.13154533844187,0.6387867647058824,39.945652173913025,8321.739130434746,122.37851662404037,0
479,32,1,1,134,0.007407407407407408,0.007407407407407408,0.9925925925925926,135,3850,3100,750,0.8051948051948052,46,31,15,222.25844189158693,0.43182927952828454,0.6961302185278404,0.145215493200018,1083086.224489789,17295.011337868098,1100381.2358276572,478,0,256.6148148148148,69,66,40,34.03874018149927,0.6394927536231885,39.82142857142855,8325.714285714232,120.6625258799164,0
480,32,1,1,134,0.007407407407407408,0.007407407407407408,0.9925925925925926,135,3400,2300,1100,0.6764705882352942,45,23,22,221.22001785958278,0.4315828266077022,0.694893394042259,0.14498205898954006,1083969.3712942728,17559.144735391805,1101528.5160296645,479,0,257.2518518518518,70,65,41,33.95735866072936,0.6400297619047619,39.71537558685445,8329.107981220634,118.98725687458048,0
481,32,1,2,133,0.007407407407407408,0.014814814814814815,0.9851851851851852,135,3900,2900,1000,0.7435897435897436,49,29,20,223.60371792374562,0.4314169891284319,0.6996967997688985,0.14762102658427487,1086065.8023903386,17669.670264863227,1103735.4726552018,480,0,257.9111111111111,60,75,41,33.638111467960094,0.6487847222222223,39.46379781420766,8337.158469945367,138.95264116575612,0
482,32,0,1,132,0.0,0.007518796992481203,0.9924812030075187,133,3600,2500,1100,0.6944444444444444,47,25,22,219.33543681219388,0.43070745044429254,0.6887545290964541,0.1454516734865049,1087340.9311308374,17498.479618672074,1104839.4107495095,481,1,258.85714285714283,64,69,43,33.59306161758981,0.6476236979166667,39.310897435897445,8342.051282051301,130.34455128205158,0
483,32,0,0,132,0.0,0.0,1.0,132,4050,3200,850,0.7901234567901234,49,32,17,222.11595633819675,0.42948208227311285,0.6889109447152553,0.14826854797630964,1089213.3505917198,17936.33300460247,1107149.6835963223,482,2,261.70454545454544,64,68,42,33.29123415842595,0.64990234375,39.086538461538474,8349.230769230799,130.45673076923123,0
484,32,0,1,131,0.0,0.007575757575757576,0.9924242424242424,132,3050,1800,1250,0.5901639344262295,43,18,25,219.9574144766978,0.4294591911481225,0.6859851741038034,0.14717446393457306,1089882.462195927,18495.545693622815,1108378.00788955,483,3,262.70454545454544,64,68,44,33.265662736911054,0.6507161458333333,39.00641025641027,8351.794871794898,130.4967948717953,0
485,32,0,0,131,0.0,0.0,1.0,131,4200,3200,1000,0.7619047619047619,52,32,20,214.90769708534566,0.42879477392836174,0.6759516925093212,0.1445460478497687,1091355.2309336017,16508.127876397455,1107863.3588099992,484,4,265.39694656488547,64,67,37,33.21738663557711,0.6525065104166667,38.830128205128226,8357.43589743594,130.58493589743657,0
486,32,0,1,130,0.0,0.007633587786259542,0.9923664122137404,131,3050,2200,850,0.7213114754098361,39,22,17,215.9785952174107,0.42887796046192994,0.6773851331071421,0.14589790293817556,1092579.2369719972,17944.74575298471,1110523.9827249818,485,5,266.39694656488547,65,66,39,33.0398396448632,0.6533653846153846,38.68371212121214,8362.121212121247,128.6480186480192,0
487,32,0,0,130,0.0,0.0,1.0,130,4600,3700,900,0.8043478260869565,55,37,18,215.94369810546547,0.4279454879745577,0.6756582889364722,0.14614808272679283,1093107.2124336825,16609.922775737334,1109717.1352094198,486,6,265.9230769230769,65,65,41,32.97625696918463,0.6540064102564103,38.62058080808082,8364.141414141432,128.67909867909896,0
488,32,0,1,129,0.0,0.007692307692307693,0.9923076923076923,130,4100,3300,800,0.8048780487804879,49,33,16,215.6561467065698,0.4272212283840191,0.676198837520368,0.14644061658069563,1094044.0540928293,17087.46500657867,1111131.519099408,487,7,266.9230769230769,62,68,42,32.869375065865746,0.6570900537634409,38.50859788359788,8367.724867724859,134.9633043181429,0
489,32,0,1,128,0.0,0.007751937984496124,0.9922480620155039,129,3500,2900,600,0.8285714285714286,41,29,12,217.70589963958787,0.4269924903100775,0.6751933574138849,0.14812428500639283,1094597.5450365308,18360.068657092354,1112957.613693623,488,8,268.6434108527132,62,67,42,32.748198369049895,0.6577620967741935,38.44246031746031,8369.841269841252,134.99743983614923,0
490,32,0,1,127,0.0,0.0078125,0.9921875,128,2900,2000,900,0.6896551724137931,38,20,18,215.56405349812155,0.4266065862860893,0.6696025946285289,0.14707539914182327,1095376.9271860616,18724.778106508817,1114101.7052925704,489,9,268.6171875,64,64,41,32.70911169637205,0.6573893229166667,38.34935897435897,8372.82051282051,130.82532051282047,0
491,32,0,0,127,0.0,0.0,1.0,127,3300,2500,800,0.7575757575757576,41,25,16,216.5250616026091,0.42547285755947173,0.6691322188523128,0.1479436927184354,1095779.503616042,18752.744904668,1114532.24852071,490,10,267.9212598425197,64,63,42,32.63484894876505,0.6578776041666667,38.30128205128205,8374.358974358973,130.84935897435895,0
492,32,1,0,128,0.0078125,0.0,1.0,128,3100,2400,700,0.7741935483870968,38,24,14,215.96017274070581,0.425663344816273,0.6690762114271938,0.1483117212795442,1097203.3465972855,18690.44485256603,1115893.7914498516,491,0,266.8203125,65,63,41,32.47599244615876,0.658974358974359,38.13131313131313,8379.797979797975,128.91996891996885,0
493,32,0,0,128,0.0,0.0,1.0,128,4600,3400,1200,0.7391304347826086,58,34,24,214.7413814091346,0.42537242659120733,0.6664410513854784,0.14823914731172974,1098643.084991352,16984.826749327352,1115627.9117406793,492,1,267.8203125,67,61,42,32.332466191199956,0.6595149253731343,37.95955882352942,8385.294117647078,125.15364354697131,0
494,32,0,0,128,0.0,0.0,1.0,128,3550,2800,750,0.7887323943661971,43,28,15,217.00871636256863,0.42506484785104987,0.6698195052413305,0.15010778221063467,1099205.3636024212,18557.428994842536,1117762.7925972638,493,2,268.8203125,68,60,37,32.20455112698229,0.6596200980392157,37.8925120772947,8387.439613526596,123.34470019892053,0
495,32,0,0,128,0.0,0.0,1.0,128,4100,2800,1300,0.6829268292682927,54,28,26,219.80321331747845,0.4246547428641732,0.6724228448275853,0.1525826595702533,1100192.1812039225,18665.15533907775,1118857.3365430003,494,3,269.8203125,71,57,37,32.01109195402299,0.6591842723004695,37.774884259259274,8391.203703703739,118.18596765779914,0
496,32,0,0,128,0.0,0.0,1.0,128,4150,2600,1550,0.6265060240963856,57,26,31,223.33383281269866,0.42380377501640415,0.6775882940766174,0.15566551892158145,1101317.884607584,19442.30886291716,1120760.193470501,495,4,270.8203125,73,55,39,31.781396430232153,0.6595319634703196,37.64076576576578,8395.495495495521,115.00678760952769,0
497,32,0,0,128,0.0,0.0,1.0,128,3300,2300,1000,0.696969696969697,43,23,20,223.55017999835246,0.42366664616141736,0.6788728947650708,0.15621699984592569,1102027.0777534326,20371.67031896784,1122398.7480724005,496,5,271.8203125,73,55,40,31.689372809840524,0.6603881278538812,37.55630630630632,8398.198198198226,115.04381093422228,0
498,32,0,1,127,0.0,0.0078125,0.9921875,128,3500,2400,1100,0.6857142857142857,46,24,22,225.92252238190827,0.4234244279035433,0.6821352326266201,0.15838140845469603,1102910.1943969708,20734.45061577679,1123644.6450127475,497,6,272.8203125,63,65,41,31.519602525158597,0.6671626984126984,37.45117187499999,8401.562499999985,133.35813492063468,0
499,32,0,0,127,0.0,0.0,1.0,127,3750,2600,1150,0.6933333333333334,49,26,23,223.41030040061776,0.42314762737991085,0.6756825196081591,0.156923471610155,1103442.5090401028,20154.084483892053,1123596.5935239948,498,7,272.1102362204724,64,63,41,31.52079392201134,0.6671549479166667,37.387820512820504,8403.589743589726,131.30608974358947,0
500,32,0,1,126,0.0,0.007874015748031496,0.9921259842519685,127,3950,2900,1050,0.7341772151898734,50,29,21,222.07246184355586,0.4226034245719285,0.6735253868164408,0.15656247528970543,1104459.8254065458,19704.02248706695,1124163.8478936127,499,8,273.1102362204724,66,61,40,31.432209992701733,0.6671401515151515,37.266791044776106,8407.462686567136,127.38579828132025,0
501,32,0,1,125,0.0,0.007936507936507936,0.9920634920634921,126,3000,2100,900,0.7,39,21,18,220.28185924986732,0.421755291005291,0.6683507289894617,0.1558687184688026,1105461.5449887023,20502.624891868265,1125964.1698805706,500,9,275.1825396825397,67,59,40,31.357511607125513,0.6677549751243781,37.14767156862744,8411.274509803892,125.54141059408795,0
502,32,0,0,125,0.0,0.0,1.0,125,3950,3000,950,0.759493670886076,49,30,19,220.82089480939047,0.42151075268817206,0.6672395153774473,0.15691445041753313,1106621.491733944,19923.02960399821,1126544.5213379422,501,10,274.56,67,58,43,31.20243087915499,0.6691542288557214,37.00980392156861,8415.68627450977,125.60725782850402,0
503,32,0,0,125,0.0,0.0,1.0,125,3850,2800,1050,0.7272727272727273,49,28,21,221.37599969320698,0.4212983870967742,0.6690970851503333,0.1578617398794271,1107578.2982099885,20188.250600947234,1127766.5488109358,502,11,275.56,68,57,43,31.0716471578303,0.6697303921568627,36.896135265700465,8419.323671497548,123.8135834043757,0
504,32,0,0,125,0.0,0.0,1.0,125,4150,3000,1150,0.7228915662650602,53,30,23,220.5291090576418,0.42101881720430107,0.6683208651541337,0.15767523664348443,1108299.8612764184,19732.47619519913,1128032.3374716176,503,12,276.56,70,55,40,31.00635022390693,0.6694940476190476,36.81044600938966,8422.0657276995,120.31522468142144,0
505,32,0,0,125,0.0,0.0,1.0,125,3200,2300,900,0.71875,41,23,18,218.92208718166233,0.4204327956989247,0.6661284945669372,0.15709026982550942,1109277.0493827176,20369.04938271614,1129646.0987654338,504,13,277.56,74,51,41,30.930104265569522,0.6686373873873874,36.69444444444445,8425.77777777779,113.86186186186202,0
506,32,0,0,125,0.0,0.0,1.0,125,3950,2900,1050,0.7341772151898734,50,29,21,219.0749784544673,0.4202983870967742,0.666874576271187,0.1576271186440678,1110012.7551020398,19685.20408163258,1129697.9591836724,505,14,278.56,76,49,43,30.83686440677966,0.6685855263157895,36.607142857142854,8428.57142857142,110.90225563909763,0
507,32,0,0,125,0.0,0.0,1.0,125,3300,2200,1100,0.6666666666666666,44,22,22,220.55888754670036,0.41963978494623655,0.6692553353272175,0.15896840243455437,1110479.128428847,20685.20824201911,1131164.3366708662,506,15,279.56,77,48,43,30.741232405670758,0.6686958874458875,36.55181623931624,8430.341880341874,109.48495948495939,0
508,32,0,0,125,0.0,0.0,1.0,125,3100,2400,700,0.7741935483870968,38,24,14,221.80849137842807,0.4191290322580645,0.670123964868256,0.16041866390980714,1111406.805520564,21203.893368046956,1132610.698888611,507,16,280.56,62,63,45,30.595854245085746,0.6780913978494624,36.44179894179895,8433.862433862449,136.03003925584594,0
509,32,0,0,125,0.0,0.0,1.0,125,3500,2600,900,0.7428571428571429,44,26,18,222.88192025352174,0.41875,0.6699011050064818,0.16168670963666829,1112228.3977932413,21079.120212131143,1133307.5180053725,508,17,281.56,63,62,43,30.467994423524082,0.6784060846560847,36.34440104166667,8436.979166666677,133.9203042328044,0
510,32,0,0,125,0.0,0.0,1.0,125,3500,2300,1200,0.6571428571428571,47,23,24,216.11458856109994,0.41758870967741935,0.6582631517826021,0.1575751669855751,1113593.9452374163,19632.779459823592,1133226.72469724,509,18,282.56,67,58,45,30.48111911121434,0.6775497512437811,36.18259803921571,8442.156862745156,126.00234123500233,0
511,32,0,1,124,0.0,0.008,0.992,125,3700,2800,900,0.7567567567567568,46,28,18,217.45853654039857,0.4171559139784946,0.6585112607383321,0.15901424734796243,1114370.0139369501,19765.85447904668,1134135.868415997,510,19,283.56,67,58,47,30.35175296029721,0.6784825870646767,36.090686274509814,8445.098039215709,126.04623939127924,0
512,32,0,0,124,0.0,0.0,1.0,124,4000,3100,900,0.775,49,31,18,220.3362965606373,0.41647406897456074,0.6586570493865054,0.1617426067938308,1115405.192714341,20352.849865436387,1135758.0425797773,511,20,282.8467741935484,67,57,49,30.150556973775814,0.679726368159204,35.96813725490196,8449.01960784314,126.10477026631553,0
513,32,0,0,124,0.0,0.0,1.0,124,3750,2700,1050,0.72,48,27,21,222.32532914050267,0.4159222287787394,0.6618881652589792,0.1639003007849754,1116544.4444444457,21097.222222222284,1137641.666666668,512,21,283.8467741935484,69,55,42,29.960239221871724,0.6799516908212561,35.833333333333336,8453.333333333341,122.51207729468611,0
514,32,0,0,124,0.0,0.0,1.0,124,4050,2800,1250,0.691358024691358,53,28,25,224.24559692981782,0.4155848413322843,0.6637128993942685,0.16600627283509548,1117654.4614374188,21275.81837326165,1138930.2798106805,513,22,284.8467741935484,72,52,44,29.775289745527846,0.6796875,35.70205479452055,8457.53424657535,117.46575342465763,0
515,32,0,0,124,0.0,0.0,1.0,124,3450,2400,1050,0.6956521739130435,45,24,21,224.21553053057082,0.41539497552233584,0.6658843277494919,0.16667545472959117,1118758.8295643607,21918.620901306655,1140677.4504656673,514,23,285.8467741935484,73,51,45,29.642611569514685,0.68050799086758,35.571509009009006,8461.711711711703,115.91385906454389,0
516,32,0,0,124,0.0,0.0,1.0,124,3700,2900,800,0.7837837837837838,45,29,16,226.24277008055967,0.41504666054725065,0.6705806108259356,0.1685607315548664,1119354.4684887636,22149.171130590257,1141503.6396193537,515,24,286.8467741935484,73,51,45,29.517030335284716,0.6812214611872146,35.50112612612614,8463.963963963997,115.94471183512324,0
517,32,0,0,124,0.0,0.0,1.0,124,3950,3200,750,0.810126582278481,47,32,15,224.43782563858673,0.4148404034443571,0.667667615264995,0.16751725556201807,1119831.0937626858,21516.491153315714,1141347.5849160014,516,25,287.8467741935484,73,51,45,29.507200879713388,0.6817922374429224,35.444819819819834,8465.765765765798,115.96939405158628,0
518,32,0,0,124,0.0,0.0,1.0,124,3250,2400,850,0.7384615384615385,41,24,17,222.57164362299855,0.4143076864236384,0.659354186754324,0.14956368989991561,1091096.3086419809,20519.419753086695,1111615.7283950676,517,26,288.8467741935484,74,50,37,33.048899939722716,0.646677927927928,38.86111111111113,8356.444444444489,112.92492492492552,8
519,32,0,0,124,0.0,0.0,1.0,124,4100,3100,1000,0.7560975609756098,51,31,20,182.7725602423909,0.4138569258676457,0.594844690777145,0.11912906963913467,1082391.9144481672,10666.308277870798,1093058.222726038,518,27,289.8467741935484,80,44,42,35.151009476720226,0.6334635416666667,39.904835390946495,8323.04526748969,104.03806584362113,8
520,32,0,0,124,0.0,0.0,1.0,124,2900,1800,1100,0.6206896551724138,40,18,22,183.08347398757667,0.4139443460966868,0.5940232737229421,0.11979286314712466,1083501.236371181,11974.234084933794,1095475.4704561147,519,28,290.8467741935484,82,42,42,35.00723414516519,0.6340193089430894,39.77158634538151,8327.30923694774,101.55255167009439,0
521,32,0,0,124,0.0,0.0,1.0,124,4650,3600,1050,0.7741935483870968,57,36,21,185.01553112014673,0.4137094042311391,0.5988888647014772,0.12154313516841425,1084651.1447395878,10685.461524813507,1095336.6062644012,520,29,291.8467741935484,82,42,43,34.81635013978598,0.6354166666666667,39.633534136546146,8331.726907630418,101.60642570280999,0
522,32,0,0,124,0.0,0.0,1.0,124,3300,2300,1000,0.696969696969697,43,23,20,189.2756428639183,0.41331464725937583,0.6070521655882299,0.12472241043640409,1085526.3638811912,12992.74007386873,1098519.10395506,521,30,292.8467741935484,75,49,43,34.59841787693817,0.6394444444444445,39.528508771929815,8335.087719298223,111.1345029239763,0
523,32,0,0,124,0.0,0.0,1.0,124,4000,3000,1000,0.75,50,30,20,191.1595003922363,0.4129130605822187,0.6097528606571514,0.12640938743754382,1086535.4876454724,12740.316195348682,1099275.8038408211,522,31,293.8467741935484,76,48,38,34.42599370122344,0.6402138157894737,39.407467532467535,8338.961038961046,109.72317156527693,0
524,32,0,0,124,0.0,0.0,1.0,124,2750,1800,950,0.6545454545454545,37,18,19,190.43150264048683,0.4127477817116881,0.6083162404322453,0.12611644509787506,1086962.1850801725,13848.3684436408,1100810.5535238134,523,32,294.8467741935484,77,47,43,34.39282633943055,0.6402867965367965,39.356303418803414,8340.59829059828,108.31945831945818,0
525,32,0,1,123,0.0,0.008064516129032258,0.9919354838709677,124,2650,1900,750,0.7169811320754716,34,19,15,189.98193265614836,0.41263577454322925,0.6082105579657249,0.126262328694484,1087964.8919753048,13888.73456790108,1101853.626543206,524,33,295.8467741935484,77,47,40,34.282068353306705,0.641504329004329,39.2361111111111,8344.444444444414,108.36940836940798,0
526,32,0,1,122,0.0,0.008130081300813009,0.991869918699187,123,2550,1800,750,0.7058823529411765,33,18,15,187.56147888562032,0.4123350659736105,0.5975640578323604,0.12497570686406928,1088698.5286590434,13689.581219177688,1102388.109878221,525,34,297.4715447154472,78,45,42,34.25563193988103,0.6419604700854701,39.14820675105484,8347.257383966218,107.01612030725921,0
527,32,0,0,122,0.0,0.0,1.0,122,3550,2700,850,0.7605633802816901,44,27,17,185.93296987178084,0.41227334823646294,0.5908103792282917,0.12437212817411808,1089799.4473152433,12575.929560789671,1102375.376876033,526,35,298.4918032786885,78,44,39,34.16380370164537,0.6432959401709402,39.01635021097046,8351.476793248932,107.07021529806323,0
528,32,0,0,122,0.0,0.0,1.0,122,3450,2600,850,0.7536231884057971,43,26,17,184.42504501346616,0.4115973445332611,0.5867494979239027,0.12379726894862084,1090793.436859669,12383.925738647416,1103177.3625983163,527,36,299.4918032786885,81,41,35,34.08197106808083,0.6432613168724279,38.89735772357722,8355.284552845493,103.15166114624066,0
529,32,0,0,122,0.0,0.0,1.0,122,3150,2200,950,0.6984126984126984,41,22,19,184.26184220874367,0.41169048909361877,0.5872116156698961,0.1239201574736522,1091324.1978361052,12667.881428051864,1103992.0792641572,528,37,300.4918032786885,81,41,37,34.021545713961444,0.6439043209876543,38.83384146341462,8357.3170731707,103.17675398976172,0
530,32,0,0,122,0.0,0.0,1.0,122,3250,2300,950,0.7076923076923077,42,23,19,183.49043676137222,0.4117568193108432,0.5864718665847795,0.12387389407820232,1092402.743504134,12439.091304978865,1104841.8348091128,529,38,301.4918032786885,82,40,40,33.91030259365996,0.6448170731707317,38.70481927710843,8361.445783132507,101.96885101381106,0
531,32,0,1,121,0.0,0.00819672131147541,0.9918032786885246,122,2600,2000,600,0.7692307692307693,32,20,12,183.86276315076344,0.41176810956058346,0.5882756945517391,0.12436540278199544,1092947.2534602035,13190.46039984598,1106137.7138600496,530,39,302.4918032786885,84,38,41,33.83426329691624,0.6447172619047619,38.63970588235293,8363.529411764674,99.56582633053183,0
532,32,0,1,120,0.0,0.008264462809917356,0.9917355371900827,121,3800,2700,1100,0.7105263157894737,49,27,22,182.56380787779153,0.4115530303030303,0.5814524087604456,0.123943420885795,1093985.253906252,11944.422743055666,1105929.6766493078,531,40,303.1900826446281,79,42,41,33.74186667994557,0.6479430379746836,38.51562500000001,8367.500000000016,105.91772151898755,0
533,32,0,0,120,0.0,0.0,1.0,120,3750,3000,750,0.8,45,30,15,182.00587983913798,0.41093604108309995,0.5767108909576675,0.12380467688211232,1094530.0808376784,12092.182074653063,1106622.2629123314,532,41,306.01666666666665,79,41,38,33.690166525613606,0.6486023206751055,38.45052083333335,8369.58333333337,105.94409282700468,0
534,32,0,0,120,0.0,0.0,1.0,120,3850,3000,850,0.7792207792207793,47,30,17,183.61906980628066,0.4105406746031746,0.5809804066119482,0.1253303325511041,1095489.5748657961,12380.555343867312,1107870.1302096634,533,42,307.01666666666665,80,40,39,33.53125358365691,0.6493489583333334,38.33590534979426,8373.251028806635,104.66563786008294,0
535,32,0,0,120,0.0,0.0,1.0,120,2400,1500,900,0.625,33,15,18,182.57509276529515,0.41044438608776845,0.5786069896171089,0.12495404970224769,1096243.4694067736,13629.350624058501,1109872.820030832,534,43,308.01666666666665,80,40,46,33.466906586747925,0.6502604166666667,38.24588477366258,8376.131687242872,104.7016460905359,0
536,32,0,0,120,0.0,0.0,1.0,120,2850,2200,650,0.7719298245614035,35,22,13,182.9212709126846,0.4102284663865546,0.5790199400815268,0.12552949096910002,1096997.6232662785,13282.839887212713,1110280.4631534913,535,44,309.01666666666665,80,40,44,33.36617798732873,0.651171875,38.15586419753089,8379.012345679075,104.73765432098844,0
537,32,0,2,118,0.0,0.016666666666666666,0.9833333333333333,120,2650,2000,650,0.7547169811320755,33,20,13,180.30806882939254,0.4096040499533147,0.5707247337161914,0.12431188785994034,1098291.0617665064,12956.148071940663,1111247.2098384472,536,45,310.01666666666665,80,40,44,33.27749963186571,0.652734375,38.001543209876566,8383.950617284008,104.7993827160501,0
538,32,0,0,118,0.0,0.0,1.0,118,2750,1500,1250,0.5454545454545454,40,15,25,180.2840395199922,0.40870515234922017,0.5635118736088964,0.12450885340669393,1098768.4068056475,13268.081375174012,1112036.4881808215,537,46,310.3898305084746,81,37,47,33.22017346130853,0.6529063786008231,37.94461382113824,8385.77235772365,103.5280537990574,0
539,32,0,0,118,0.0,0.0,1.0,118,3300,2100,1200,0.6363636363636364,45,21,24,179.2141673988077,0.4083113018494375,0.5633601731419102,0.12440202038640255,1100181.9426299667,12533.638167126774,1112715.5807970935,538,47,311.3898305084746,82,36,37,33.076680705784774,0.6542174796747968,37.77610441767071,8391.164658634607,102.33127632481228,0
540,32,0,1,117,0.0,0.00847457627118644,0.9915254237288136,118,2750,1900,850,0.6909090909090909,36,19,17,201.0492108922086,0.4083188468781689,0.6184215184943522,0.13256904874061196,1085717.3437848054,17306.523043983896,1103023.8668287892,539,48,312.3898305084746,66,52,41,34.26837759872676,0.6444128787878788,39.505597014925364,8335.820895522373,126.30031659882383,7
541,32,0,0,117,0.0,0.0,1.0,117,2300,1300,1000,0.5652173913043478,33,13,20,200.47543305912768,0.4080029963650653,0.6141135558095643,0.1323106274821502,1085976.5576656484,17842.32413801618,1103818.8818036646,540,49,312.22222222222223,66,51,44,34.25160629388712,0.6447285353535354,39.47450248756218,8336.815920397983,126.31539273330277,0
542,32,0,1,116,0.0,0.008547008547008548,0.9914529914529915,117,3150,2200,950,0.6984126984126984,41,22,19,204.17736090540154,0.4076745014245014,0.619762081978559,0.13541271737677768,1087368.4550413275,17853.204296424272,1105221.6593377518,541,50,313.22222222222223,67,50,45,33.984849375171365,0.6458333333333333,39.30759803921568,8342.156862745078,124.50980392156832,0
543,32,1,0,117,0.008547008547008548,0.0,1.0,117,3450,2200,1250,0.6376811594202898,47,22,25,225.19301162999176,0.4084113125061401,0.6448779136035097,0.14191693820171916,1072595.290873699,21458.192762398867,1094053.4836360977,542,0,311.53846153846155,67,50,45,35.25396402792569,0.6277985074626866,41.0845588235294,8285.29411764703,123.66110623353777,8
544,32,0,2,115,0.0,0.017094017094017096,0.9829059829059829,117,2350,1500,850,0.6382978723404256,32,15,17,227.1578998083971,0.40834377149032325,0.6451187199076232,0.14375106789401573,1073814.062499996,23035.0694444442,1096849.1319444403,543,1,312.53846153846155,69,48,40,35.052690658088714,0.6281702898550725,40.937499999999986,8289.999999999969,120.14492753623144,0
545,32,0,0,115,0.0,0.0,1.0,115,3250,2300,950,0.7076923076923077,42,23,19,228.10678768550338,0.4076786168319349,0.6415636401750926,0.14514523210580066,1075418.3815192687,22812.04648526043,1098230.428004529,544,2,315.4,69,46,43,34.83024337045115,0.630132850241546,40.7440476190476,8296.190476190432,120.23464458247003,0
546,32,0,0,115,0.0,0.0,1.0,115,3000,2300,700,0.7666666666666667,37,23,14,228.5137996154687,0.4070397915077549,0.6432782618265009,0.14571964190215822,1076050.971101514,23178.499197264136,1099229.4702987783,545,3,316.4,72,43,45,34.741709768533795,0.6293402777777778,40.66780821917806,8298.630136986256,115.25875190258688,0
547,32,1,0,116,0.008620689655172414,0.0,1.0,116,3900,2500,1400,0.6410256410256411,53,25,28,225.46092109127085,0.4073338330834582,0.6427994620784794,0.1448198240227412,1078163.151211204,21516.731431748824,1099679.8826429527,546,0,314.66379310344826,63,53,44,34.56074832277884,0.6370701058201058,40.413411458333314,8306.770833333296,131.8535052910047,0
548,32,0,0,116,0.0,0.0,1.0,116,3050,2000,1050,0.6557377049180327,41,20,21,222.82639130644924,0.40709801349325336,0.6382619446879871,0.14350869812121195,1078934.9769888187,21833.037475344907,1100768.0144641637,547,1,315.66379310344826,64,52,45,34.534168518061385,0.6373697916666667,40.3205128205128,8309.743589743555,129.83974358974305,0
549,32,0,0,116,0.0,0.0,1.0,116,3650,2700,950,0.7397260273972602,46,27,19,222.76070172849842,0.40661388055972014,0.6383755753507421,0.1439950756149282,1080000.5917159708,21266.337935568357,1101266.929651539,548,2,316.66379310344826,64,52,45,34.40481330701541,0.638671875,40.19230769230767,8313.84615384611,129.90384615384548,0
550,32,0,0,116,0.0,0.0,1.0,116,2600,1800,800,0.6923076923076923,34,18,16,222.08847878453074,0.40684032983508245,0.6381047690650854,0.1441790927686872,1081243.1666906946,22226.330017300977,1103469.4967079957,549,3,317.66379310344826,67,49,47,34.269544293851915,0.6383706467661692,40.04289215686274,8318.627450980382,124.15861867134899,0
551,32,1,1,116,0.008547008547008548,0.008547008547008548,0.9914529914529915,117,2600,1600,1000,0.6153846153846154,36,16,20,221.09702146626978,0.40860472541507026,0.640248026677041,0.14416436533929738,1082503.4749774067,21867.658808878237,1104371.1337862848,550,0,315.94017094017096,70,47,40,34.140508958956104,0.6382440476190476,39.891431924882625,8323.474178403749,118.90677397719641,0
552,32,0,0,116,0.0,0.0,1.0,116,3700,2900,800,0.7837837837837838,45,29,16,225.16705973476667,0.40701211894052974,0.6454473292378684,0.14717929119485595,1083210.1225907037,21880.647675736967,1105090.7702664407,551,5,319.66379310344826,69,47,40,33.94784815556192,0.6396437198067633,39.80654761904762,8326.19047619048,120.66942719116639,0
553,32,0,0,116,0.0,0.0,1.0,116,3300,2100,1200,0.6363636363636364,45,21,24,227.22544722180123,0.4067341329335332,0.6497278937635922,0.14917628320891363,1084466.7118109164,22783.686717678458,1107250.398528595,552,6,320.66379310344826,71,45,40,33.73998564416042,0.6401115023474178,39.655671296296305,8331.018518518538,117.33828899321885,0
554,32,0,0,116,0.0,0.0,1.0,116,3100,2300,800,0.7419354838709677,39,23,16,242.92505470705774,0.4068465767116442,0.6678114814235716,0.14699580663679496,1060515.264772427,25225.145742502318,1085740.4105149293,553,7,321.66379310344826,57,59,43,36.29250959190792,0.6197002923976609,42.54669540229885,8238.505747126437,144.53518854607785,8
555,32,2,0,118,0.01694915254237288,0.0,1.0,118,3050,2100,950,0.6885245901639344,40,21,19,238.59169869442957,0.4093510068086339,0.6665219973502661,0.14511068887808742,1062044.7530864198,24029.012345678944,1086073.7654320986,554,0,317.1949152542373,59,59,43,36.21406109613655,0.6200564971751412,42.36111111111111,8244.444444444443,139.73634651600753,0
556,32,0,0,118,0.0,0.0,1.0,118,2900,2200,700,0.7586206896551724,36,22,14,234.86169322497074,0.4094279661016949,0.6607311449508992,0.1431408795428864,1062671.0510253909,23416.14447699653,1086087.1955023874,555,1,318.1949152542373,63,55,43,36.2324217927666,0.6180555555555556,42.28515625,8246.875000000002,130.9027777777778,0
557,32,1,0,119,0.008403361344537815,0.0,1.0,119,3850,2900,950,0.7532467532467533,48,29,19,227.273344339606,0.41053624839766417,0.650636090934837,0.13915773209896798,1064053.8329806188,20716.2146357763,1084770.0476163952,556,0,316.5126050420168,66,53,46,36.25655633930189,0.6178977272727273,42.117537313432834,8252.238805970144,125.03392130257794,0
558,32,0,1,118,0.0,0.008403361344537815,0.9915966386554622,119,2800,1700,1100,0.6071428571428571,39,17,22,217.93826041484706,0.41064010349902674,0.6425395307273911,0.12770696450663244,1050762.7733336154,19200.282185801378,1069963.0555194167,557,1,317.5126050420168,61,58,47,38.14816484188902,0.6046789617486339,43.733198924731155,8200.537634408547,134.43504318702537,8
559,32,3,0,121,0.024793388429752067,0.0,1.0,121,3350,2500,850,0.746268656716418,42,25,17,213.20733035057282,0.4131083562901745,0.6396161286188824,0.1257273415405475,1052696.7273747516,17338.53178247084,1070035.2591572225,558,0,313.2314049586777,65,56,47,38.028652883747654,0.6044871794871796,43.497474747474726,8208.08080808076,126.27816627816554,0
560,32,1,0,122,0.00819672131147541,0.0,1.0,122,3550,2300,1250,0.647887323943662,48,23,25,211.04466135451014,0.41366346023574047,0.6399501593070518,0.12517664688989968,1054466.064698119,16557.8867068072,1071023.9514049261,559,0,311.655737704918,68,54,48,37.86410859551111,0.6049325980392157,43.28200483091785,8214.975845410572,120.80846831486136,0
561,32,0,0,122,0.0,0.0,1.0,122,3300,2100,1200,0.6363636363636364,45,21,24,214.6164847184862,0.4134842275211128,0.6445295418132517,0.12775555246400963,1055563.3010701092,17608.25701470136,1073171.5580848106,560,1,312.655737704918,70,52,50,37.63601702176271,0.6052083333333333,43.14847417840374,8219.248826291041,117.4178403755863,0
562,32,0,0,122,0.0,0.0,1.0,122,3550,3000,550,0.8450704225352113,41,30,11,212.98560656735413,0.41338120399223227,0.6432088921581565,0.12728996486660982,1056769.5211763517,17065.339493927444,1073834.8606702792,561,2,313.655737704918,70,52,40,37.5280679720652,0.6066964285714286,43.00176056338027,8223.943661971814,117.48490945674021,0
563,32,1,1,122,0.008130081300813009,0.008130081300813009,0.991869918699187,123,4000,3000,1000,0.75,50,30,20,210.302818368705,0.41470078635212576,0.6414694531820411,0.1260965481797777,1057755.1118827118,15889.776234567627,1073644.8881172794,562,0,312.0975609756098,71,52,41,37.47467927076297,0.6073943661971831,42.88194444444443,8227.777777777745,115.88419405320766,0
564,32,0,1,121,0.0,0.00819672131147541,0.9918032786885246,122,3250,2400,850,0.7384615384615385,41,24,17,212.16521597022688,0.41394571647924855,0.6413953233153642,0.12771973660762131,1058955.336419752,17284.69753086413,1076240.0339506161,563,1,314.54918032786884,74,48,43,37.277866256365954,0.6074042792792793,42.73611111111111,8232.444444444436,111.24924924924913,0
565,32,2,0,123,0.016260162601626018,0.0,1.0,123,3500,2400,1100,0.6857142857142857,46,24,22,207.45428418912735,0.41512006308587673,0.6371884805547487,0.12563769257695914,1060767.952827094,15912.171268902439,1076680.1240959964,564,0,312.9349593495935,64,59,44,37.17441028194435,0.6150716145833333,42.516025641025664,8239.487179487229,128.74198717948795,0
566,32,1,0,124,0.008064516129032258,0.0,1.0,124,3000,2200,800,0.7333333333333333,38,22,16,229.91157192599158,0.41538268205262696,0.6711340365357694,0.13715148155302842,1056208.2080814815,20766.89788022927,1076975.1059617107,565,0,311.4032258064516,71,53,40,37.16290566285633,0.605487089201878,43.07002314814812,8221.759259259192,115.79942618674919,8
567,32,2,1,125,0.015873015873015872,0.007936507936507936,0.9920634920634921,126,4750,3600,1150,0.7578947368421053,59,36,23,223.36400804211408,0.4173465608465608,0.6671280006255398,0.13415057287736312,1058257.053506198,17325.307401995982,1075582.360908194,566,0,307.44444444444446,73,53,44,37.07649151614666,0.6070205479452055,42.82094594594591,8229.729729729645,112.73602369492664,0
568,32,4,0,129,0.031007751937984496,0.0,1.0,129,3550,2600,950,0.7323943661971831,45,26,19,225.79424111468217,0.420719274870801,0.6786886429661498,0.12700745715862916,1038087.3976551782,17528.831232853285,1055616.2288880316,567,0,301.2480620155039,71,58,43,39.53221439660725,0.5830399061032864,45.28356481481482,8150.925925925925,114.8017736045905,8
569,32,5,3,131,0.03731343283582089,0.022388059701492536,0.9776119402985075,134,4050,2500,1550,0.6172839506172839,56,25,31,219.7216834793036,0.4260511353009389,0.6812984077385902,0.12487979225595869,1041327.479338844,14910.445362718143,1056237.9247015622,568,0,290.97014925373134,76,58,37,39.280963870329145,0.584703947368421,44.88636363636364,8163.636363636371,107.41626794258383,0
570,32,4,1,134,0.02962962962962963,0.007407407407407408,0.9925925925925926,135,3950,2800,1150,0.7088607594936709,51,28,23,217.47173252723684,0.42788372950064496,0.6846690210993369,0.12527596986428222,1045506.2500000064,14523.611111111422,1060029.8611111178,569,0,289.7851851851852,69,66,38,38.815878837272486,0.5932971014492754,44.37500000000002,8180.000000000051,118.5507246376819,0
571,32,4,3,135,0.028985507246376812,0.021739130434782608,0.9782608695652174,138,3250,1900,1350,0.5846153846153846,46,19,27,215.34171673911396,0.4302756620473218,0.6874177272480972,0.1253724437916463,1048778.9647755937,14319.172550929758,1063098.1373265234,570,0,284.40579710144925,73,65,37,38.461943772450745,0.5953196347031964,43.97522522522525,8192.79279279285,112.2300382574363,0
572,32,1,0,136,0.007352941176470588,0.0,1.0,136,4000,2800,1200,0.7,52,28,24,216.25595599405045,0.42898397785039943,0.6911503963287435,0.12030892572240433,1034622.9672532851,13548.675775352016,1048171.6430286372,571,0,289.4117647058824,66,70,38,40.209759925002004,0.5814393939393939,45.708955223880594,8137.313432835816,123.29262777023963,8
573,32,1,1,136,0.0072992700729927005,0.0072992700729927005,0.9927007299270073,137,4500,3400,1100,0.7555555555555555,56,34,22,212.0845915104291,0.4299033025619006,0.6868972505493596,0.11859507815409107,1036237.9736163458,12054.021468403462,1048291.9950847493,572,0,288.2919708029197,70,67,41,40.113234559360436,0.58125,45.51056338028169,8143.661971830985,116.33802816901407,0
574,32,5,1,140,0.03546099290780142,0.0070921985815602835,0.9929078014184397,141,3450,2800,650,0.8115942028985508,41,28,13,217.27729748905836,0.4342768490374873,0.701400948344818,0.12339785729535724,1041093.536592988,13591.19801285001,1054684.7346058378,573,0,281.0567375886525,75,66,40,39.372604463310246,0.584861111111111,44.915021929824555,8162.719298245596,108.83625730994129,0
575,32,5,2,143,0.034482758620689655,0.013793103448275862,0.9862068965517241,145,4150,3100,1050,0.7469879518072289,52,31,21,206.74280017033317,0.4379809227330779,0.6947913185926531,0.11868775950077085,1044444.5027888644,10036.276225816307,1054480.7790146808,574,0,274.2068965517241,68,77,46,39.22265224927125,0.5925245098039216,44.5048309178744,8175.84541062803,120.23302074452985,0
576,32,1,0,144,0.006944444444444444,0.0,1.0,144,3600,2300,1300,0.6388888888888888,49,23,26,209.17254572090576,0.4368696985884486,0.6962361357222555,0.1203701971126761,1045185.1997712885,11324.80979719469,1056510.0095684833,575,0,277.03472222222223,68,76,44,39.06809903524316,0.5934436274509804,44.414251207729464,8178.743961352647,120.2756464904801,0
577,32,2,2,144,0.0136986301369863,0.0136986301369863,0.9863013698630136,146,4350,2700,1650,0.6206896551724138,60,27,33,204.49293550724934,0.43807569674067076,0.6911814724829495,0.11851619482588607,1047379.2712259439,9286.332352487167,1056665.603578431,576,0,274.2260273972603,70,76,41,38.91409580060022,0.5950892857142858,44.14612676056337,8187.323943661945,116.96177062374207,0
578,32,0,1,143,0.0,0.006944444444444444,0.9930555555555556,144,3900,2700,1200,0.6923076923076923,51,27,24,210.5354500812073,0.4372794450919451,0.6955655901190527,0.12237799428245945,1048286.1204937351,11440.278038406264,1059726.3985321412,577,1,278.9583333333333,72,72,41,38.646425651317536,0.5951967592592593,44.035388127853885,8190.86757990868,113.7620497209539,0
579,32,2,1,144,0.013793103448275862,0.006896551724137931,0.993103448275862,145,3950,2700,1250,0.6835443037974683,52,27,25,231.87099465686106,0.4385696040868455,0.7319898812926577,0.12943596663141915,1035695.4942294497,15079.548881722396,1050775.043111172,578,0,277.86206896551727,60,85,43,39.67785869297715,0.5866319444444444,45.57718579234973,8141.530054644818,135.69216757741364,8
580,32,3,0,147,0.02040816326530612,0.0,1.0,147,4000,2700,1300,0.675,53,27,26,229.5544758311482,0.4403694126052247,0.732795686308253,0.12935369923184983,1038647.6135253888,14285.241699218612,1052932.8552246073,579,0,275.03401360544217,63,84,43,39.36613645074742,0.5882936507936508,45.21484374999999,8153.124999999985,129.4146825396823,0
581,32,3,1,149,0.02,0.006666666666666667,0.9933333333333333,150,3750,2900,850,0.7733333333333333,46,29,17,225.51140607686574,0.44259041759880685,0.7334063442396204,0.12854762236277648,1042242.481674383,13257.513503086488,1055499.9951774694,580,0,270.5133333333333,59,91,41,39.018675033444445,0.5955155367231638,44.77430555555556,8167.222222222224,138.42749529190212,0
582,32,4,0,153,0.026143790849673203,0.0,1.0,153,4100,2500,1600,0.6097560975609756,57,25,32,215.2169753344777,0.4445770267171196,0.7256894906837039,0.12415877581818997,1045958.9682685017,10321.625094943616,1056280.5933634453,581,0,266.1764705882353,63,90,44,38.81698654699005,0.5973875661375662,44.319661458333336,8181.770833333343,129.86937830687847,0
583,32,4,4,153,0.025477707006369428,0.025477707006369428,0.9745222929936306,157,3900,2900,1000,0.7435897435897436,49,29,20,206.86749736857476,0.44690953508628667,0.7213128515986726,0.12045527849779761,1048821.1974310637,8093.403259935141,1056914.6006909988,582,0,260.36942675159236,70,87,38,38.673643344220984,0.596875,43.97007042253521,8192.957746478862,117.0422535211266,0
584,32,1,0,154,0.006493506493506494,0.0,1.0,154,4850,3400,1450,0.7010309278350515,63,34,29,215.5624487935292,0.4457344806609513,0.727854994798824,0.12569087744964855,1049243.7141063525,9585.508878796538,1058829.2229851491,583,0,266.4220779220779,67,87,42,38.39834948455663,0.5990360696517413,43.91850490196078,8194.607843137248,122.30757974831714,0
585,32,1,0,155,0.0064516129032258064,0.0,1.0,155,3500,2300,1200,0.6571428571428571,47,23,24,211.18381915526436,0.4455610249965089,0.7240493050091783,0.1236933797909408,1050625.000000002,9875.000000000124,1060500.0000000023,584,0,265.6967741935484,63,92,43,38.338414634146346,0.6031746031746033,43.75000000000001,8200.000000000016,130.1587301587304,0
586,32,2,0,157,0.012738853503184714,0.0,1.0,157,4500,3100,1400,0.6888888888888889,59,31,28,205.96167165789635,0.4471221895584953,0.7210146513528766,0.1214672997994213,1052728.6160420796,7464.349112426144,1060192.9651545058,585,0,263.29936305732485,64,93,45,38.21054083885209,0.6051432291666667,43.49358974358975,8208.205128205143,128.25320512820537,0
587,32,1,1,157,0.006329113924050633,0.006329113924050633,0.9936708860759493,158,5400,4000,1400,0.7407407407407407,68,40,28,202.3833213531823,0.447801607138058,0.7176028624734214,0.12013508874286306,1054708.5622880615,5691.0843790994495,1060399.646667161,586,0,262.626582278481,66,92,44,38.056346130555866,0.6063762626262627,43.25248756218905,8215.920398009945,124.48364239409007,0
588,32,6,0,163,0.03680981595092025,0.0,1.0,163,4950,3400,1550,0.6868686868686869,65,34,31,201.8935195970719,0.45027645232144214,0.7223992918291098,0.1199667920766122,1055019.052345886,5050.301944015354,1060069.3542899012,587,0,255.36196319018404,71,92,46,38.03037025560125,0.6040199530516432,43.21469907407405,8217.12962962957,115.73422013562774,7
589,32,2,7,158,0.012121212121212121,0.04242424242424243,0.9575757575757575,165,5150,3500,1650,0.6796116504854369,68,35,33,205.83167253359684,0.4506990638088199,0.7286655686128258,0.12298847850803861,1056705.5596885593,5350.694545249589,1062056.254233809,588,0,253.25454545454545,82,83,38,37.7198604938875,0.6012449186991871,43.00953815261046,8223.694779116511,100.28896072093306,8
590,32,0,2,156,0.0,0.012658227848101266,0.9873417721518988,158,5450,4300,1150,0.7889908256880734,66,43,23,228.85133119165513,0.44785115832191136,0.7453234283186745,0.13415310609399944,1050879.9905942993,11049.056954036201,1061929.0475483355,589,1,265.3354430379747,66,92,34,37.85387850845262,0.6016414141414141,43.71890547263684,8200.995024875678,124.2575003769042,7
591,32,1,0,157,0.006369426751592357,0.0,1.0,157,4600,3600,1000,0.782608695652174,56,36,20,226.10812137824428,0.4470439327127225,0.741366181864398,0.13324144551144657,1052482.7045263636,11594.97742071009,1064077.6819470737,590,0,267.86624203821657,68,89,36,37.72440991229618,0.6024816176470589,43.523550724637694,8207.246376811623,120.69479965899446,0
592,32,2,1,158,0.012578616352201259,0.006289308176100629,0.9937106918238994,159,5050,3600,1450,0.7128712871287128,65,36,29,222.1031357014143,0.44781632301037605,0.7400923904930012,0.13164459005379728,1054255.4139040073,9980.686651654609,1064236.1005556618,591,0,265.4842767295597,72,87,36,37.60643078177405,0.6025752314814814,43.30764840182649,8214.155251141568,114.08548959918845,0
593,32,1,1,158,0.006289308176100629,0.006289308176100629,0.9937106918238994,159,5000,3700,1300,0.74,63,37,26,222.91952180981679,0.44778978584507606,0.7427666755539581,0.1332699616635115,1056867.3529948893,10319.272989205598,1067186.6259840948,592,0,266.45283018867923,73,86,37,37.26060722240483,0.6053082191780822,42.98986486486488,8224.324324324345,112.66197704553898,0
594,32,0,3,155,0.0,0.0189873417721519,0.9810126582278481,158,4450,3600,850,0.8089887640449438,53,36,17,228.80239044740927,0.4470121475986992,0.7481633153065814,0.13753461427684494,1058515.8431485572,12388.191047769129,1070904.0341963263,593,1,269.0379746835443,76,82,38,36.90446448920915,0.6059484649122807,42.789502164502174,8230.735930735955,108.29915698336782,0
595,32,2,0,157,0.012738853503184714,0.0,1.0,157,4700,3800,900,0.8085106382978723,56,38,18,228.7307984204391,0.44666285589852467,0.7454437409589378,0.1385230960505541,1060767.9528270897,12426.060157791038,1073194.0129848807,594,0,271.47133757961785,64,93,39,36.62657413746605,0.6150716145833333,42.51602564102565,8239.487179487196,128.74198717948744,0
596,32,1,2,156,0.006329113924050633,0.012658227848101266,0.9873417721518988,158,3950,2600,1350,0.6582278481012658,53,26,27,226.81132575740583,0.44704574162165067,0.7441078981695903,0.13782630152689415,1061784.5277267622,12614.951280481566,1074399.4790072439,595,0,270.746835443038,65,93,41,36.549850916962825,0.6157051282051282,42.39267676767677,8243.434343434341,126.82206682206679,0
597,32,0,0,156,0.0,0.0,1.0,156,4700,3300,1400,0.7021276595744681,61,33,28,234.16266661342232,0.445972911497105,0.7484095931428352,0.1427522367125495,1062749.523339907,13871.252465483121,1076620.77580539,596,1,275.0833333333333,64,92,40,36.24069871077396,0.6175130208333333,42.27564102564102,8247.17948717948,128.86217948717936,0
598,32,2,0,158,0.012658227848101266,0.0,1.0,158,4200,2700,1500,0.6428571428571429,57,27,30,232.37934446964502,0.446275598645489,0.7509775837093089,0.142871502002704,1065283.2621531421,13709.965226726432,1078993.2273798685,597,0,272.5886075949367,68,90,36,35.97248225290586,0.6182598039215687,41.968599033816425,8257.004830917871,121.42654163114516,0
599,32,2,3,157,0.0125,0.01875,0.98125,160,4700,3600,1100,0.7659574468085106,58,36,22,231.4601285980403,0.4468831892033543,0.7531531007751926,0.14382638048722204,1068440.2736686429,12760.264628534082,1081200.5382971768,598,0,270.16875,64,96,36,35.605297157622736,0.62451171875,41.586538461538474,8269.230769230799,129.20673076923123,0
600,32,1,3,155,0.006329113924050633,0.0189873417721519,0.9810126582278481,158,4500,3200,1300,0.7111111111111111,58,32,26,232.21142169704547,0.4456247144508049,0.7519430066825985,0.14492646558715055,1069735.7452364573,13580.971648301333,1083316.7168847586,599,0,274.37974683544303,65,93,38,35.425631752426305,0.6254807692307692,41.42992424242425,8274.242424242439,127.29603729603751,0
601,32,0,0,155,0.0,0.0,1.0,155,5200,3700,1500,0.7115384615384616,67,37,30,231.8020906698709,0.44389924591537494,0.7471340813122034,0.14537733261063016,1071172.72791042,13460.015559636937,1084632.743470057,600,1,279.6709677419355,65,90,38,35.25858037493395,0.6272435897435897,41.25631313131314,8279.797979798,127.3815073815077,0
602,32,1,0,156,0.00641025641025641,0.0,1.0,156,4600,3400,1200,0.7391304347826086,58,34,24,233.31584745691413,0.4440498345740281,0.7534850948249554,0.13958048777924015,1057073.9686061747,13526.421761998376,1070600.3903681731,601,0,278.87179487179486,64,92,39,36.96770372217721,0.6105143229166667,42.96474358974357,8225.128205128163,128.51762820512755,8
603,32,2,0,158,0.012658227848101266,0.0,1.0,158,5100,3700,1400,0.7254901960784313,65,37,28,230.40889573083987,0.44526861780751964,0.7538067882165134,0.13901175018640902,1059627.6805473012,12129.528752147105,1071757.2092994484,602,0,276.32911392405066,57,101,42,36.72498371600717,0.6186038011695907,42.65445402298852,8235.05747126439,144.47469247832262,0
604,32,0,0,158,0.0,0.0,1.0,158,5800,3900,1900,0.6724137931034483,77,39,38,227.4583934431941,0.4448587707275122,0.7499141143204455,0.1379146461510003,1061121.516938377,10872.199098161811,1071993.7160365388,603,1,277.32911392405066,61,97,40,36.61545320111342,0.6174863387978142,42.4731182795699,8240.860215053784,135.09606909924236,0
605,32,2,0,160,0.0125,0.0,1.0,160,4500,3100,1400,0.6888888888888889,59,31,28,222.46674301566583,0.4463386071802935,0.7464982055612523,0.13574810940216125,1063027.6826378054,10797.661258384625,1073825.34389619,604,0,274.85,66,94,42,36.507655266702855,0.616635101010101,42.24191542288557,8248.258706467655,124.97361676466144,0
606,32,1,2,159,0.006211180124223602,0.012422360248447204,0.9875776397515528,161,6150,4500,1650,0.7317073170731707,78,45,33,224.80485027391336,0.44685397256728776,0.7508789736376131,0.13802181857320356,1064867.182243608,9527.46149317563,1074394.6437367836,605,0,274.1366459627329,67,94,35,36.2194569799893,0.6183146766169154,42.01899509803921,8255.392156862743,123.21480831138422,0
607,32,3,2,160,0.018518518518518517,0.012345679012345678,0.9876543209876543,162,3650,2500,1150,0.684931506849315,48,25,23,221.9352524904236,0.446435760294456,0.7496227570854435,0.13720136930767074,1066916.8402777766,11307.29166666658,1078224.131944443,606,0,273.25925925925924,69,93,39,36.03981780287751,0.6197161835748792,41.77083333333333,8263.333333333323,119.75845410628004,0
608,32,0,1,159,0.0,0.00625,0.99375,160,4850,3500,1350,0.7216494845360825,62,35,27,214.43133504761983,0.44500458595387843,0.7326124034193651,0.12775571117479648,1055825.6768170204,8430.421891486149,1064256.0987085064,607,1,277.65,73,87,36,37.60816802747183,0.6040239726027397,43.116554054054056,8220.270270270275,112.60644205849692,8
609,32,0,0,159,0.0,0.0,1.0,159,4500,3000,1500,0.6666666666666666,60,30,30,211.89773380051744,0.44438141867685693,0.7275351466694211,0.12671844647390695,1056957.5655675477,8493.382573414932,1065450.9481409625,608,2,280.38993710691824,76,83,38,37.53267715844693,0.604029605263158,42.9788961038961,8224.67532467531,108.2194121667804,0
610,32,1,1,159,0.00625,0.00625,0.99375,160,3850,2600,1250,0.6753246753246753,51,26,25,209.2036885202649,0.4447376179245283,0.7268911143574768,0.12585121058716744,1058749.8247476346,8448.873711477778,1067198.6984591123,609,0,279.63125,78,82,41,37.37954277512943,0.6053685897435898,42.76107594936708,8231.645569620237,105.53391755923381,0
611,32,1,0,160,0.00625,0.0,1.0,160,5350,3800,1550,0.7102803738317757,69,38,31,207.26557634383929,0.44460740959119494,0.725026794879537,0.1255036639791711,1060720.6543464293,6620.175552585505,1067340.8298990147,610,0,280.53125,66,94,41,37.18512871605983,0.6137941919191919,42.52176616915424,8239.303482587084,124.83793155434975,0
612,32,0,0,160,0.0,0.0,1.0,160,4700,3100,1600,0.6595744680851063,63,31,32,207.8522111525185,0.4445582743710692,0.7263589252308249,0.1263970271929685,1062002.0273322468,7447.893925893075,1069449.92125814,611,1,281.53125,66,94,42,37.01131997666605,0.6153724747474747,42.36629353233832,8244.278606965194,124.91331222674536,0
613,32,1,0,161,0.006211180124223602,0.0,1.0,161,4400,2800,1600,0.6363636363636364,60,28,32,205.47405079368454,0.44491459627329194,0.7251815579925329,0.12554133686596636,1063414.2898609096,7100.808361922225,1070515.0982228317,612,0,280.77639751552795,68,93,48,36.8978255353204,0.6159620098039216,42.19504830917875,8249.7584541063,121.31997726626912,0
614,32,0,1,160,0.0,0.006211180124223602,0.9937888198757764,161,4550,3200,1350,0.7032967032967034,59,32,27,207.10391878854622,0.4447900491718426,0.7277019905526732,0.12689716934067163,1064263.45976879,7332.626628314734,1071596.086397105,613,1,281.77639751552795,70,91,45,36.75076322126781,0.615922619047619,42.09213615023476,8253.051643192528,117.90073775989326,0
615,32,0,2,158,0.0,0.0125,0.9875,160,4150,2900,1250,0.6987951807228916,54,29,25,212.21678714207476,0.44414144392033544,0.7330651404556512,0.13053497886657428,1065419.8723963227,9069.996455453425,1074489.868851776,614,2,284.4375,72,88,39,36.47584420850846,0.6163194444444444,41.95205479452055,8257.534246575347,114.68797564687982,0
616,32,0,1,157,0.0,0.006329113924050633,0.9936708860759493,158,4650,3300,1350,0.7096774193548387,60,33,27,216.3490517253476,0.44324289822354807,0.7339290484825922,0.1333510104701748,1066032.9956223124,9877.045542163807,1075910.0411644762,615,5,288.8164556962025,73,85,40,36.293366326734635,0.6165810502283104,41.87781531531532,8259.909909909917,113.1494508206838,0
617,32,0,0,157,0.0,0.0,1.0,157,4100,2900,1200,0.7073170731707317,53,29,24,218.85761689564367,0.4427959469758833,0.7340913341677919,0.13537719655880243,1067089.0,11208.111111111133,1078297.1111111112,616,6,291.5668789808917,74,83,42,36.09800204367001,0.6173986486486487,41.75,8264.0,111.67567567567568,0
618,32,1,1,157,0.006329113924050633,0.006329113924050633,0.9936708860759493,158,4250,3200,1050,0.7529411764705882,53,32,21,214.89188818419865,0.44305309199387244,0.730928084280392,0.13365065486874586,1068705.3295529278,10081.221236029061,1078786.550788957,617,0,290.7151898734177,64,94,43,36.000702755213844,0.6248372395833333,41.55448717948719,8270.256410256427,129.22275641025666,0
619,32,0,0,157,0.0,0.0,1.0,157,3550,2200,1350,0.6197183098591549,49,22,27,213.8920753280833,0.4424778158854592,0.7281504400899856,0.13343411949827355,1069605.1582746678,10806.013416998409,1080411.1716916661,618,1,293.343949044586,65,92,42,35.91543564074392,0.6253205128205128,41.44570707070708,8273.73737373739,127.28826728826752,0
620,32,1,0,158,0.006329113924050633,0.0,1.0,158,4850,3400,1450,0.7010309278350515,63,34,29,209.6191520806413,0.4428280120400978,0.7240915516780371,0.13139915977900635,1071025.009335108,8451.470862797269,1079476.4801979053,619,0,292.4810126582278,68,90,44,35.85076535573966,0.6253063725490196,41.27415458937198,8279.227053140105,121.75333901676625,0
621,32,0,0,158,0.0,0.0,1.0,158,4400,3100,1300,0.7045454545454546,57,31,26,209.90138020875747,0.4428540474078852,0.7240546509408647,0.13197006948121506,1071905.3896934013,8998.88414997011,1080904.2738433713,620,1,293.4810126582278,70,88,45,35.73491762082909,0.625297619047619,41.16784037558685,8282.629107981207,118.32327297116011,0
622,32,1,2,157,0.006289308176100629,0.012578616352201259,0.9874213836477987,159,4850,3800,1050,0.7835051546391752,59,38,21,205.1804234710595,0.4429666560518006,0.7188233695001438,0.12956313431983915,1073180.8919753095,7389.141975308718,1080570.0339506182,621,0,292.62893081761007,74,85,40,35.70000089379886,0.6248592342342343,41.01388888888889,8287.555555555562,111.99399399399408,0
623,32,0,0,157,0.0,0.0,1.0,157,5550,3900,1650,0.7027027027027027,72,39,33,208.7124263922661,0.4425050356579019,0.7204289847652483,0.13253028821617635,1074814.1856147982,7915.415320098104,1082729.6009348964,622,1,295.7770700636943,75,82,41,35.40741230389565,0.6263888888888889,40.81688596491226,8293.859649122758,110.58479532163678,0
624,32,0,0,157,0.0,0.0,1.0,157,4200,2800,1400,0.6666666666666666,56,28,28,213.57633918668853,0.4421545810877021,0.727162472066208,0.13598867749560964,1075610.0705265007,10344.97225107688,1085955.0427775776,623,2,296.7770700636943,75,82,41,35.18335579989778,0.627361111111111,40.720942982456116,8296.929824561345,110.62573099415125,0
625,32,0,0,157,0.0,0.0,1.0,157,4500,3100,1400,0.6888888888888889,59,31,28,211.89676719624322,0.4419079018999401,0.7254933428165835,0.1353526764064044,1076545.7034411475,9723.310859636877,1086269.0143007843,624,3,297.7770700636943,61,96,42,35.111770516225135,0.636441256830601,40.60819892473118,8300.537634408589,136.07438744932114,0
626,32,0,0,157,0.0,0.0,1.0,157,4250,2900,1350,0.6823529411764706,56,29,27,213.1136857524521,0.44155744732974034,0.726602829463628,0.1367184475707594,1077801.1908891217,10288.836859752646,1088090.0277488744,625,4,298.7770700636943,61,96,42,34.92577248403244,0.6379781420765027,40.45698924731183,8305.376344086033,136.15371055878742,0
627,32,0,0,157,0.0,0.0,1.0,157,5450,3600,1850,0.6605504587155964,73,36,37,215.49032807395284,0.44138222004464045,0.7294332086271174,0.13869098819972783,1078740.516782846,9641.629573640232,1088382.1463564862,626,5,299.7770700636943,62,95,44,34.748577857021566,0.6384408602150538,40.34391534391535,8308.994708994718,134.0160436934632,0
628,32,0,0,157,0.0,0.0,1.0,157,5050,3800,1250,0.7524752475247525,63,38,25,212.8906838105832,0.4409671185148892,0.7260030845404501,0.13774180156842797,1080267.077580542,9545.759368836461,1089812.8369493785,627,6,300.7770700636943,64,93,43,34.628510340857716,0.6389973958333333,40.16025641025642,8314.871794871817,129.91987179487214,0
629,32,0,0,157,0.0,0.0,1.0,157,4200,3200,1000,0.7619047619047619,52,32,20,211.52483611378048,0.44076807392890194,0.7245916183773946,0.1372037229601366,1080996.0439304719,10131.502206407862,1091127.5461368798,628,7,301.7770700636943,65,92,44,34.574490962819034,0.6392628205128206,40.07260101010103,8317.676767676812,127.96425796425865,0
630,32,0,0,157,0.0,0.0,1.0,157,4800,3600,1200,0.75,60,36,24,211.54645220518194,0.4401930562360499,0.7255084002860632,0.13767805290209661,1081962.219375762,9577.053785797587,1091539.2731615596,629,8,302.7770700636943,66,91,41,34.455338993184256,0.6398358585858586,39.956467661691555,8321.3930348259,126.08171264887727,0
631,32,0,0,157,0.0,0.0,1.0,157,3850,2500,1350,0.6493506493506493,52,25,27,216.56881842831876,0.4397728509989656,0.7318633836547355,0.1416456551010074,1083385.8111494794,11675.517004529804,1095061.328154009,630,9,303.7770700636943,66,91,41,34.15001194957282,0.6415719696969697,39.78544776119404,8326.865671641814,126.16463138851233,0
632,32,0,2,155,0.0,0.012738853503184714,0.9872611464968153,157,4950,3700,1250,0.7474747474747475,62,37,25,216.66467977547083,0.4395618977625347,0.7319135320941799,0.1423028312861091,1084587.2449417054,10648.349622771135,1095235.5945644765,631,10,304.7770700636943,71,86,44,34.00014818107727,0.6402582159624413,39.64120370370372,8331.481481481514,117.3448095983312,0
633,32,0,1,154,0.0,0.0064516129032258064,0.9935483870967742,155,4250,3200,1050,0.7529411764705882,53,32,21,218.15256469668458,0.43875680770842057,0.7307194493114308,0.14366189710824182,1085349.4804312668,12104.354549659101,1097453.834980926,632,11,307.89032258064515,61,94,45,33.867941770954275,0.6471994535519126,39.54973118279571,8334.408602150561,136.62964921558296,0
634,32,0,0,154,0.0,0.0,1.0,154,3800,2400,1400,0.631578947368421,52,24,28,219.1476165462656,0.4388598873892992,0.7301551710855487,0.14520682991263772,1087104.9033270979,13047.289699978573,1100152.1930270765,633,12,309.77272727272725,63,91,45,33.62687324383394,0.6479828042328042,39.33919270833335,8341.145833333363,132.39914021164068,0
635,32,0,1,153,0.0,0.006493506493506494,0.9935064935064936,154,4650,3600,1050,0.7741935483870968,57,36,21,222.38016827495454,0.43855837789661317,0.7332698334664767,0.1478869014441503,1088143.1993754175,12946.293556870893,1101089.4929322884,634,13,310.77272727272725,64,90,44,33.41539666932955,0.6486002604166667,39.21474358974361,8345.128205128256,130.392628205129,0
636,32,0,0,153,0.0,0.0,1.0,153,3550,2200,1350,0.6197183098591549,49,22,27,221.61840530639793,0.4381915778007109,0.7307164233876817,0.1476979436654906,1088755.2290582669,14107.639526579354,1102862.8685848461,635,14,313.45098039215685,65,88,45,33.360307760567935,0.6487179487179487,39.14141414141417,8347.474747474806,128.4226884226893,0
637,32,0,1,152,0.0,0.006535947712418301,0.9934640522875817,153,3650,2700,950,0.7397260273972602,46,27,19,223.42474756343879,0.4378941635133586,0.7327681484569921,0.14962417578151474,1090128.187575803,14462.32302418262,1104590.5105999855,636,15,314.45098039215685,66,87,47,33.14509003911291,0.6497790404040404,38.976990049751244,8352.736318407962,126.55661088496913,0
638,32,1,1,152,0.006535947712418301,0.006535947712418301,0.9934640522875817,153,4400,3500,900,0.7954545454545454,53,35,18,229.5338645999242,0.4373889175553262,0.7409192318788695,0.15494431078375562,1092378.4102312794,15147.567621181483,1107525.977852461,637,0,315.1503267973856,68,85,43,32.71018700408288,0.6513480392156863,38.70772946859904,8361.352657004847,122.9610684853654,0
639,32,0,1,151,0.0,0.006578947368421052,0.993421052631579,152,4150,2800,1350,0.6746987951807228,55,28,27,233.2392096319192,0.43733752323690017,0.7429340327374612,0.1581533528741422,1093641.0563840505,16465.995122406806,1110107.0515064574,638,1,316.9407894736842,68,84,45,32.45888189552295,0.6528799019607843,38.55676328502417,8366.183574879258,123.03211139528321,0
640,32,0,0,151,0.0,0.0,1.0,151,2850,1700,1150,0.5964912280701754,40,17,23,232.3612952179572,0.43692972774098604,0.7411603285640906,0.15796089334848956,1094358.307199396,17807.302738676375,1112165.6099380723,639,2,319.43046357615896,58,93,44,32.39412453025495,0.6603807471264368,38.4710451977401,8368.926553672285,144.2918371322808,0
641,32,0,1,150,0.0,0.006622516556291391,0.9933774834437086,151,3750,2500,1250,0.6666666666666666,50,25,25,231.70792920498806,0.43651398086828547,0.7413615289396198,0.15808375740372882,1095365.7455632694,16810.985725308525,1112176.731288578,640,3,320.43046357615896,59,92,45,32.288072567624354,0.660840395480226,38.350694444444436,8372.777777777761,141.9114877589451,0
642,32,1,1,150,0.006622516556291391,0.006622516556291391,0.9933774834437086,151,4800,3800,1000,0.7916666666666666,58,38,20,230.4482425643161,0.4359988962472406,0.7405037812098847,0.15801576274579984,1096769.7602197703,15549.732748066326,1112319.4929678366,641,0,320.0198675496689,60,91,41,32.1495347421515,0.6618055555555555,38.183060109289606,8378.142076502707,139.6357012750451,0
643,32,0,1,149,0.0,0.006666666666666667,0.9933333333333333,150,4150,3000,1150,0.7228915662650602,53,30,23,230.020922238206,0.4349170395227442,0.7379496387499467,0.15857410527774457,1098270.193808532,16375.024569314326,1114645.2183778465,642,1,322.73333333333335,61,89,45,31.977576845795376,0.6629098360655737,38.00403225806451,8383.87096774193,137.4405076679005,0
644,32,0,0,149,0.0,0.0,1.0,149,4750,3900,850,0.8210526315789474,56,39,17,229.1531483910188,0.4346053268033134,0.7355164602225406,0.15880473430454506,1099723.9718932833,15851.042104084405,1115575.0139973678,643,2,324.38926174496646,62,87,39,31.822995501177274,0.663978494623656,37.83068783068783,8389.417989417985,135.31319337770944,0
645,32,0,1,148,0.0,0.006711409395973154,0.9932885906040269,149,4300,3000,1300,0.6976744186046512,56,30,26,228.0377760343552,0.4343408005320757,0.7285269267797079,0.1500937910786951,1085200.9719990285,15393.36324099567,1100594.3352400241,644,3,325.38926174496646,65,84,38,33.62870684604974,0.6443910256410257,39.5675505050505,8333.838383838367,128.21289821289795,8
646,32,0,0,148,0.0,0.0,1.0,148,3450,2000,1450,0.5797101449275363,49,20,29,227.40122635292641,0.4342911150946865,0.7265382191395859,0.14981565188139873,1085470.1224523317,16317.447403024204,1101787.569855356,645,8,328.56756756756755,64,84,40,33.612256198855604,0.6453450520833333,39.5352564102564,8334.871794871777,130.2323717948715,0
647,32,1,0,149,0.006711409395973154,0.0,1.0,149,4300,3100,1200,0.7209302325581395,55,31,24,223.0174431389186,0.4348906372815769,0.7213759454064033,0.1479076713693729,1087368.4550413277,14400.42651864652,1101768.8815599743,646,0,327.3557046979866,67,82,39,33.493702746111936,0.6458333333333333,39.30759803921568,8342.15686274508,124.50980392156835,0
648,32,0,0,149,0.0,0.0,1.0,149,4100,3300,800,0.8048780487804879,49,33,16,223.95529013743035,0.4345127426083802,0.7222749323380826,0.14890699314218506,1088090.8685150167,14836.741230833752,1102927.6097458506,647,1,328.3557046979866,68,81,40,33.3807311566516,0.6461397058823529,39.22101449275362,8344.927536231875,122.71952259164522,0
649,32,0,1,148,0.0,0.006711409395973154,0.9932885906040269,149,5250,4000,1250,0.7619047619047619,65,40,25,200.43686777386597,0.43432001632504985,0.6963063184121174,0.12802546874922152,1076529.7654478448,8105.2508503400895,1084635.0162981849,648,2,329.3557046979866,69,80,39,35.410989520585936,0.6314915458937198,40.610119047619044,8300.476190476182,120.29675638371278,8
650,32,0,0,148,0.0,0.0,1.0,148,4550,3400,1150,0.7472527472527473,57,34,23,224.9123951076995,0.43358632867561436,0.7241035653216963,0.1402722181502083,1069527.6260375974,13960.004001193567,1083487.630038791,649,12,332.56756756756755,63,85,41,35.64008236281609,0.6264880952380952,41.455078125,8273.437499999998,131.32440476190473,8
651,32,2,0,150,0.013333333333333334,0.0,1.0,150,3800,2600,1200,0.6842105263157895,50,26,24,220.60880686858317,0.43451342281879196,0.7223101059735959,0.13836997240316531,1071199.6325031244,13463.214568915868,1084662.8470720402,650,0,329.12,67,83,42,35.544878436248105,0.6260883084577115,41.2530637254902,8279.90196078432,123.58062628036299,0
652,32,0,0,150,0.0,0.0,1.0,150,4350,3100,1250,0.7126436781609196,56,31,25,221.75503368707325,0.43405574198359437,0.7247010569490462,0.13987116005396588,1072849.1445597846,13231.939638600608,1086081.0841983852,651,1,330.12,67,83,44,35.311661934059,0.6281094527363185,41.05392156862745,8286.274509803921,123.67573895229734,0
653,32,1,0,151,0.006622516556291391,0.0,1.0,151,3550,2400,1150,0.676056338028169,47,24,23,224.20346889145878,0.43430647534952166,0.729183202961404,0.14219410667970692,1074458.7748517713,14429.476900526792,1088888.251752298,652,0,328.92715231788077,70,81,40,35.04972730189285,0.628422619047619,40.85974178403756,8292.4882629108,118.46411804158285,0
654,32,1,1,151,0.006578947368421052,0.006578947368421052,0.993421052631579,152,4300,2900,1400,0.6744186046511628,57,29,28,222.33854378654559,0.43473880271871734,0.72896519601902,0.14184241981982137,1076175.7067901257,13155.067901234692,1089330.7746913603,653,0,327.75657894736844,74,78,41,34.886489405380324,0.6285191441441442,40.652777777777786,8299.111111111128,112.15015015015038,0
655,32,0,0,151,0.0,0.0,1.0,151,4200,2900,1300,0.6904761904761905,55,29,26,225.22390373670282,0.4340434142752023,0.7315789495897809,0.1440680095202852,1076955.2617857815,14111.213641835153,1091066.4754276166,654,1,330.9072847682119,62,89,40,34.7156278546088,0.6362567204301075,40.55886243386242,8302.11640211638,133.90510325994163,0
656,32,0,1,150,0.0,0.006622516556291391,0.9933774834437086,151,4600,3200,1400,0.6956521739130435,60,32,28,219.9450913214699,0.43406181015452544,0.7243518782570704,0.14130139245073386,1078213.6000655894,12629.55774609526,1090843.1578116848,655,2,331.9072847682119,66,85,42,34.69772514024476,0.6352588383838385,40.4073383084577,8306.965174129331,125.86310869892925,0
657,32,0,0,150,0.0,0.0,1.0,150,4800,3600,1200,0.75,60,36,24,220.40602633099883,0.4335206935123042,0.7235594133492973,0.14210276610804,1079247.0522078604,12774.510841315454,1092021.5630491758,656,3,334.79333333333335,66,84,39,34.55864012770627,0.6365214646464646,40.282960199004954,8310.945273631796,125.92341323684539,0
658,32,1,0,151,0.006622516556291391,0.0,1.0,151,4150,3100,1050,0.7469879518072289,52,31,21,217.34179604420362,0.43375275938189845,0.7207577952738944,0.14106326370467906,1081172.989013744,12646.81585334535,1093819.8048670895,657,0,333.56953642384104,68,83,42,34.40155738815649,0.6377144607843137,40.05132850241545,8318.35748792269,122.32878658709839,0
659,32,0,0,151,0.0,0.0,1.0,151,4450,3200,1250,0.7191011235955056,57,32,25,218.27055566745895,0.4335172921265637,0.7205722420180549,0.1421605619086318,1082177.85493827,12591.512345678919,1094769.367283949,658,1,334.56953642384104,71,80,40,34.25400534045395,0.6373239436619718,39.93055555555555,8322.22222222221,117.21439749608746,0
660,32,0,1,150,0.0,0.006622516556291391,0.9933774834437086,151,4200,3100,1100,0.7380952380952381,53,31,22,217.63724693963724,0.43356696100073583,0.7206261056972305,0.14214717258275059,1082987.111111112,12739.666666666724,1095726.7777777787,659,2,335.56953642384104,74,77,41,34.17113762545379,0.6368243243243243,39.833333333333336,8325.33333333334,112.50450450450458,0
661,32,0,0,150,0.0,0.0,1.0,150,4700,3500,1200,0.7446808510638298,59,35,24,219.82435255272867,0.43320935868754656,0.7197423205195734,0.14404639251125967,1083927.566655121,12954.735110803216,1096882.3017659243,660,3,338.1933333333333,75,75,42,33.99881516587678,0.6375,39.720394736842096,8328.947368421024,111.05263157894699,0
662,32,0,0,150,0.0,0.0,1.0,150,4150,3100,1050,0.7469879518072289,52,31,21,221.1281084571545,0.43347967934377335,0.7226507309429739,0.14531379509752623,1084743.9480251747,13823.475477430613,1098567.4235026052,661,4,339.1933333333333,79,71,43,33.86471512393524,0.6367352320675106,39.622395833333336,8332.083333333341,105.46940928270052,0
663,32,0,0,150,0.0,0.0,1.0,150,4900,3600,1300,0.7346938775510204,62,36,26,219.64563181733683,0.43327833706189406,0.7209226046211019,0.14476962889430225,1085595.6024895424,12789.26640138766,1098384.8688909302,662,5,340.1933333333333,65,85,44,33.79887703990951,0.6448717948717948,39.52020202020202,8335.353535353539,128.23620823620828,0
664,32,0,0,150,0.0,0.0,1.0,150,4500,2900,1600,0.6444444444444445,61,29,32,217.83330835282425,0.4329446308724832,0.719006796416436,0.14419763172558098,1086831.4313052795,12849.61726061273,1099681.0485658923,663,6,341.1933333333333,68,82,42,33.69463430645659,0.6446078431372548,39.3719806763285,8340.096618357475,122.64847968172757,0
665,32,1,0,151,0.006622516556291391,0.0,1.0,151,5250,3600,1650,0.6857142857142857,69,36,33,210.91035532359734,0.43235283296541577,0.710803850472495,0.14074426375679563,1089124.1512345742,10491.512345679339,1099615.6635802535,664,0,339.92715231788077,74,77,43,33.59451246561975,0.6442849099099099,39.09722222222224,8348.888888888938,112.82282282282348,0
666,32,0,0,151,0.0,0.0,1.0,151,4250,2800,1450,0.6588235294117647,57,28,29,208.48106232495218,0.43187270051508464,0.7051412900543148,0.13967172896267693,1090239.9705576105,11008.877450195303,1101248.8480078059,665,1,340.92715231788077,78,73,44,33.52149315552864,0.6438301282051282,38.96360759493673,8353.164556962083,107.09185329438569,0
667,32,0,2,149,0.0,0.013245033112582781,0.9867549668874173,151,3950,2600,1350,0.6582278481012658,53,26,27,210.37333443879714,0.43160412067696835,0.7093311943028733,0.14157330756964867,1091509.011583607,11774.87806736809,1103283.8896509751,666,2,341.92715231788077,80,71,43,33.31702363367802,0.64453125,38.81172839506175,8358.02469135808,104.475308641976,0
668,32,0,0,149,0.0,0.0,1.0,149,4450,3100,1350,0.6966292134831461,58,31,27,209.99915662989375,0.4311192484430739,0.7020214926497288,0.13609036254326823,1080733.5069444398,11140.624999999769,1091874.1319444396,667,3,344.4496644295302,77,72,39,34.64637608550432,0.632711038961039,40.10416666666665,8316.66666666663,108.00865800865753,8
669,32,0,0,149,0.0,0.0,1.0,149,4000,2800,1200,0.7,52,28,24,212.95204852710538,0.43096053268033135,0.7065974420666083,0.13829257538736475,1081336.7248838283,12254.574142320243,1093591.2990261486,668,4,345.4496644295302,78,71,44,34.49556620680324,0.6330128205128205,40.03164556962024,8318.987341772117,106.6536838688733,0
670,32,1,0,150,0.006666666666666667,0.0,1.0,150,4100,3100,1000,0.7560975609756098,51,31,20,215.34069860397233,0.43106357196122297,0.7131638559442195,0.14076392476948546,1083225.6103515604,12552.511935763778,1095778.1222873242,669,0,344.14,79,71,33,34.201623463277116,0.6348892405063291,39.80468749999999,8326.249999999984,105.39556962025296,0
671,32,0,0,150,0.0,0.0,1.0,150,4650,3400,1250,0.7311827956989247,59,34,25,218.53820325351413,0.4306441088739747,0.7204474675736061,0.14344887839299922,1084418.5004340264,12747.374131944349,1097165.8745659706,670,1,345.14,79,71,37,33.97206661998601,0.6363396624472574,39.66145833333333,8330.833333333321,105.45358649789014,0
672,32,0,0,150,0.0,0.0,1.0,150,4300,3000,1300,0.6976744186046512,56,30,26,217.16710269896072,0.43045488441461593,0.7192924753485777,0.14281963827707803,1084962.2797380085,12823.622965672304,1097785.9027036808,671,2,346.14,80,70,39,33.9410793948672,0.6365885416666667,39.59619341563784,8332.921810699545,104.16152263374431,0
673,32,0,0,150,0.0,0.0,1.0,150,3900,2800,1100,0.717948717948718,50,28,22,218.65151115106903,0.43039243102162567,0.7199588665447911,0.14409924891522194,1085565.532879813,13572.10884353711,1099137.6417233502,672,3,347.14,69,81,39,33.82845825716025,0.642512077294686,39.523809523809504,8335.238095238054,120.80055210489932,0
674,32,0,0,150,0.0,0.0,1.0,150,3350,2600,750,0.7761194029850746,41,26,15,218.54275190943983,0.43022184936614466,0.7192102438843877,0.14463001957739294,1086757.9866469437,14150.616212276862,1100908.6028592207,673,4,348.14,71,79,38,33.68514303689724,0.6428990610328639,39.380787037037024,8339.814814814783,117.46218049034906,0
675,32,0,1,149,0.0,0.006666666666666667,0.9933333333333333,150,4050,2900,1150,0.7160493827160493,52,29,23,218.15642099518527,0.4302898956002983,0.718049886621315,0.14482771432519065,1087651.6846238126,13405.639761382945,1101057.3243851955,674,5,349.14,73,77,38,33.585735881654244,0.6429794520547945,39.273648648648646,8343.24324324324,114.29100333209918,0
676,32,0,0,149,0.0,0.0,1.0,149,3900,2900,1000,0.7435897435897436,49,29,20,218.5275934122396,0.4296435697442409,0.7176119537042778,0.14561434137080925,1088708.940147916,13882.588923382686,1102591.5290712987,675,6,351.80536912751677,73,76,38,33.446600741100504,0.644263698630137,39.14695945945945,8347.297297297282,114.34653831914085,0
677,32,0,0,149,0.0,0.0,1.0,149,4700,3300,1400,0.7021276595744681,61,33,28,218.8849212757035,0.42919198560977084,0.7185515184242321,0.14648452423835567,1089936.0000000023,13214.111111111237,1103150.1111111136,676,7,352.80536912751677,74,75,37,33.28710355470414,0.6452702702702703,39.00000000000001,8352.000000000018,112.86486486486511,0
678,32,0,0,149,0.0,0.0,1.0,149,4450,3100,1350,0.6966292134831461,58,31,27,216.5812622660659,0.4290313803736623,0.7159445034194749,0.14532076311751657,1090673.335184866,12993.881530855771,1103667.2167157219,677,8,353.80536912751677,75,74,35,33.25704980138941,0.6456944444444445,38.911732456140356,8354.824561403522,111.39766081871363,0
679,32,0,0,149,0.0,0.0,1.0,149,4850,3600,1250,0.7422680412371134,61,36,25,217.51491816162408,0.42881031198984215,0.7171685038364883,0.14633433967963141,1091422.1985946754,12830.122041420163,1104252.3206360955,678,9,354.80536912751677,77,72,36,33.14110676484124,0.645698051948052,38.82211538461539,8357.692307692314,108.54145854145862,0
680,32,0,0,149,0.0,0.0,1.0,149,5050,3700,1350,0.7326732673267327,64,37,27,217.67677028155097,0.4281678910454078,0.717943663450676,0.1468595574780028,1092223.4267345006,12700.333591482988,1104923.7603259836,679,10,355.80536912751677,78,71,39,33.03894356127515,0.6462339743589743,38.72626582278482,8360.759493670908,107.18922427783215,0
681,32,0,0,149,0.0,0.0,1.0,149,4600,3500,1100,0.7608695652173914,57,35,22,216.02952407764056,0.4279619384485156,0.7164564935242954,0.146209597651199,1093113.8129340294,12828.971354166712,1105942.7842881961,680,11,356.80536912751677,79,70,39,32.973207465710196,0.6468881856540085,38.61979166666667,8364.166666666679,105.87552742616049,0
682,32,0,1,148,0.0,0.006711409395973154,0.9932885906040269,149,3450,2200,1250,0.6376811594202898,47,22,25,211.51085530834055,0.42767662797025213,0.7102806450528931,0.143866671551835,1094514.5124716624,13050.340136054845,1107564.8526077173,681,12,357.80536912751677,69,80,39,32.92036489151877,0.6533816425120773,38.45238095238098,8369.523809523864,121.29744651483861,0
683,32,0,0,148,0.0,0.0,1.0,148,4250,2800,1450,0.6588235294117647,57,28,29,212.58475224627009,0.4275353159281731,0.7112259669688441,0.14530618102429707,1095884.9525226795,12743.686224489997,1108628.6387471694,682,13,358.0405405405405,69,79,41,32.72510708667387,0.655042270531401,38.28869047619049,8374.761904761934,121.37336093857876,0
684,32,0,0,148,0.0,0.0,1.0,148,3950,3100,850,0.7848101265822784,48,31,17,214.1091413621057,0.42757649230863515,0.7112515424872403,0.14718199178127708,1097471.500281482,13445.736118930192,1110917.2364004122,683,14,359.0405405405405,72,76,42,32.49178199120994,0.6553819444444444,38.09931506849316,8380.821917808245,116.40030441400341,0
685,32,0,2,146,0.0,0.013513513513513514,0.9864864864864865,148,3950,2900,1050,0.7341772151898734,50,29,21,209.86019728545926,0.42782642336213766,0.7053940170095359,0.14487494848828283,1098653.361111114,12562.72222222237,1111216.0833333365,684,15,360.0405405405405,74,74,43,32.459121746965586,0.6558277027027026,37.95833333333334,8385.333333333358,113.31531531531564,0
686,32,0,0,146,0.0,0.0,1.0,146,3900,2600,1300,0.6666666666666666,52,26,26,210.16150807458624,0.42744548102660995,0.702348606218282,0.14532641329701448,1099119.2623456814,13098.512345679166,1112217.7746913605,685,16,362.86986301369865,74,72,36,32.394503029339575,0.6563907657657657,37.902777777777786,8387.11111111113,113.33933933933959,0
687,32,0,0,146,0.0,0.0,1.0,146,4450,3200,1250,0.7191011235955056,57,32,25,207.03790235024934,0.4271207290190521,0.6980334230465122,0.14391695277390792,1100569.028058885,11921.900592192957,1112490.928651078,686,17,363.86986301369865,76,70,37,32.29999484190438,0.6572094298245614,37.729978354978364,8392.640692640714,110.42948279790414,0
688,32,0,0,146,0.0,0.0,1.0,146,4250,3200,1050,0.7529411764705882,53,32,21,207.8885823174658,0.4267703904896867,0.698839255093421,0.14528543455557708,1102051.3277083756,12370.7776316749,1114422.1053400505,687,18,364.86986301369865,77,69,39,32.09745403351652,0.6585497835497836,37.55341880341879,8398.290598290574,109.06870906870876,0
689,32,0,1,145,0.0,0.00684931506849315,0.9931506849315068,146,4150,2800,1350,0.6746987951807228,55,28,27,205.2635376996908,0.42645154306408445,0.6954955962980134,0.14395323388595307,1103014.7659553995,11931.742599000243,1114946.5085543997,688,19,365.86986301369865,67,79,43,32.04929988331389,0.6648009950248757,37.43872549019607,8401.960784313707,125.40239976587623,0
690,32,0,1,144,0.0,0.006896551724137931,0.993103448275862,145,4050,2700,1350,0.6666666666666666,54,27,27,206.1785935369012,0.4257104086845466,0.6948455889304377,0.14479801839422735,1103400.919267827,12449.529928392782,1115850.4491962197,689,20,369.1310344827586,67,78,42,31.978370666355545,0.6652674129353233,37.39276960784313,8403.431372549,125.42434884401492,0
691,32,0,0,144,0.0,0.0,1.0,144,4400,3200,1200,0.7272727272727273,56,32,24,206.57679538798422,0.4245590925278426,0.6943311318311325,0.14624000861624625,1105590.3979238756,12477.864282968083,1118068.2622068436,690,21,371.93055555555554,67,77,38,31.702117327117335,0.667910447761194,37.13235294117647,8411.764705882353,125.54872695346796,0
692,32,0,0,144,0.0,0.0,1.0,144,3950,2900,1050,0.7341772151898734,50,29,21,206.99237002084075,0.4242474828412328,0.6943147519335982,0.14688976619551192,1106253.1887755068,13047.193877550842,1119300.3826530576,691,22,372.93055555555554,69,75,45,31.61078098471986,0.667572463768116,37.053571428571416,8414.285714285688,121.94616977225635,0
693,32,0,2,142,0.0,0.013888888888888888,0.9861111111111112,144,3650,2600,1050,0.7123287671232876,47,26,21,207.56814387290862,0.423806373025123,0.6945936253058964,0.14773402178197667,1107059.4988636589,13508.057067200418,1120567.5559308592,692,23,373.93055555555554,72,72,44,31.49784365845719,0.6669560185185186,36.95776255707762,8417.351598173507,116.90766108574316,0
694,32,0,0,142,0.0,0.0,1.0,142,3250,2300,950,0.7076923076923077,42,23,19,209.85418490792148,0.42239786235141347,0.6938531838400794,0.14965221557092556,1107590.3215292988,14836.492827286715,1122426.8143565855,693,24,377.4718309859155,73,69,47,31.373332530808053,0.6670947488584476,36.894707207207205,8419.369369369364,115.33382697766253,0
695,32,0,0,142,0.0,0.0,1.0,142,3650,2600,1050,0.7123287671232876,47,26,21,206.8002868261849,0.42178499483901044,0.6891932067338069,0.14788171454174348,1108341.0493827162,13791.049382716086,1122132.0987654324,694,25,378.4718309859155,74,68,36,31.36268689533862,0.6675112612612613,36.80555555555556,8422.222222222223,113.81381381381382,0
696,32,0,0,142,0.0,0.0,1.0,142,4650,3600,1050,0.7741935483870968,57,36,21,209.2896595212911,0.42132508407418506,0.6920844470413108,0.15028308472107854,1109466.097322667,13389.956351815299,1122856.0536744823,695,26,379.4718309859155,77,65,37,31.16082597964633,0.667478354978355,36.672008547008545,8426.495726495721,109.43500943500936,0
697,32,0,0,142,0.0,0.0,1.0,142,3600,2300,1300,0.6388888888888888,49,23,26,204.62477423521224,0.4212376802184264,0.6795094115156226,0.13771683876435922,1091533.8159288473,12670.972130907998,1104204.7880597552,696,27,380.4718309859155,77,65,37,33.46414084603061,0.6458333333333333,38.80876068376068,8358.119658119653,108.54700854700847,8
698,32,0,0,142,0.0,0.0,1.0,142,4750,3900,850,0.8210526315789474,56,39,17,205.2679650840722,0.4209182399360703,0.6801328780056368,0.13844375527435002,1092133.8568793416,11686.018880208372,1103819.87575955,697,28,381.4718309859155,79,63,37,33.37408630284909,0.645701476793249,38.73697916666667,8360.416666666677,105.8280590717301,0
699,32,0,0,142,0.0,0.0,1.0,142,5300,3800,1500,0.7169811320754716,68,38,30,204.36057123617857,0.4206851629873805,0.6805107856800416,0.13842687278954022,1093347.38804616,10987.419356139431,1104334.8074022995,698,29,382.4718309859155,82,60,39,33.249715940915706,0.6459603658536586,38.59186746987952,8365.060240963852,102.01292976785186,0
700,32,1,0,143,0.006993006993006993,0.0,1.0,143,2850,2200,650,0.7719298245614035,35,22,13,199.8545039787146,0.42056329820414323,0.6747434931308316,0.13580457113813346,1094238.507933612,12287.69884749631,1106526.2067811084,699,0,380.7902097902098,73,70,41,33.25887250152509,0.6509703196347032,38.48536036036037,8368.468468468489,114.63655436258205,0
701,32,0,1,142,0.0,0.006993006993006993,0.993006993006993,143,4350,3000,1350,0.6896551724137931,57,30,27,198.37869530179424,0.42001132670146757,0.6719440207812293,0.13545944387345737,1095602.925900281,10518.855801785421,1106121.7817020663,700,1,381.7902097902098,75,68,42,33.13124170682311,0.6516666666666666,38.322368421052644,8373.684210526346,111.64912280701795,0
702,32,0,0,142,0.0,0.0,1.0,142,4250,2900,1350,0.6823529411764706,56,29,27,200.25372111510083,0.4197590983251756,0.6731376742128163,0.13718960090740437,1096521.2853955086,11266.493536472917,1107787.7789319817,701,2,384.7676056338028,75,67,45,32.970331588132666,0.6527777777777778,38.212719298245624,8377.19298245616,111.69590643274879,0
703,32,0,0,142,0.0,0.0,1.0,142,4450,3400,1050,0.7640449438202247,55,34,21,199.55511478326096,0.4192388372789931,0.6726927324874958,0.13708260865771407,1097278.9232773054,10943.524296771373,1108222.4475740767,702,3,385.7676056338028,76,66,43,32.89639081172298,0.653234649122807,38.12229437229439,8380.086580086623,110.26429710640294,0
704,32,0,0,142,0.0,0.0,1.0,142,3700,2500,1200,0.6756756756756757,49,25,24,198.57704635973948,0.41911085306163215,0.6723243277392068,0.13693789358635255,1098353.265509716,11521.54946489886,1109874.814974615,703,4,386.7676056338028,77,65,44,32.79128863176854,0.6540854978354979,37.99412393162393,8384.188034188035,108.8855588855589,0
705,32,0,0,142,0.0,0.0,1.0,142,3450,2400,1050,0.6956521739130435,45,24,21,198.41316943567378,0.41905986747910634,0.6723597469869651,0.13721130596703826,1099137.1835963216,11766.658448389384,1110903.842044711,704,5,387.7676056338028,77,65,39,32.700244573524934,0.6550324675324675,37.900641025641036,8387.179487179514,108.92440892440926,0
706,32,0,0,142,0.0,0.0,1.0,142,4600,3300,1300,0.717391304347826,59,33,26,200.73958409114715,0.41895165318150035,0.6745405491652281,0.13936945383733712,1100232.6484148784,11172.048849260998,1111404.6972641393,705,6,388.7676056338028,80,62,40,32.506068853906136,0.655078125,37.77006172839507,8391.358024691379,104.89197530864223,0
707,32,0,0,142,0.0,0.0,1.0,142,4250,3300,950,0.7764705882352941,52,33,19,201.45669020608145,0.4184157843039324,0.6754457918923193,0.14027698566884328,1101042.1489197563,11712.461419753228,1112754.6103395096,706,7,389.7676056338028,83,59,40,32.38887050518422,0.6548694779116466,37.67361111111112,8394.44444444447,101.13788487282496,0
708,32,0,0,142,0.0,0.0,1.0,142,3750,2700,1050,0.72,48,27,21,201.07362661454016,0.41782892984383846,0.675202838616334,0.14070019522089325,1102399.4275810746,12182.690176304219,1114582.1177573788,707,8,390.7676056338028,86,56,42,32.23403123051892,0.6554021317829457,37.511973180076644,8399.616858237592,97.66996346787897,0
709,32,0,0,142,0.0,0.0,1.0,142,4050,2600,1450,0.6419753086419753,55,26,29,199.95613533587607,0.41753446209169914,0.6752051011653684,0.14068342378988394,1103900.4444444426,11696.33333333328,1115596.777777776,708,9,391.7676056338028,74,68,44,32.081152178511005,0.6621621621621622,37.33333333333333,8405.33333333332,113.58558558558539,0
710,32,0,0,142,0.0,0.0,1.0,142,3550,2200,1350,0.6197183098591549,49,22,27,200.7720152585017,0.417246237472114,0.6772516178149981,0.14176649932375127,1104887.6549586782,12416.10422405881,1117303.759182737,709,10,392.7676056338028,76,66,45,31.93993993993995,0.6624177631578947,37.21590909090909,8409.090909090914,110.64593301435413,0
711,32,0,0,142,0.0,0.0,1.0,142,4050,3000,1050,0.7407407407407407,51,30,21,198.6175311023708,0.4168695684746779,0.6738482101714127,0.14063264324528987,1105643.2628387732,11470.027029001258,1117113.2898677744,710,11,393.7676056338028,77,65,41,31.9049312470365,0.6628787878787878,37.12606837606837,8411.965811965792,109.246309246309,0
712,32,0,1,141,0.0,0.007042253521126761,0.9929577464788732,142,3700,2700,1000,0.7297297297297297,47,27,20,199.39236520174785,0.41681129923750543,0.6741766148883688,0.14173485802972358,1106712.8776549287,12034.019654969537,1118746.8973098982,711,12,394.7676056338028,78,64,46,31.754904909923457,0.6637286324786325,36.99894514767931,8416.033755274218,107.89786865736177,0
713,32,0,0,141,0.0,0.0,1.0,141,3950,3000,950,0.759493670886076,49,30,19,200.45978372373722,0.41681019925700774,0.6727090921024148,0.14298238085794376,1107646.617296003,12257.720269097046,1119904.3375651,712,13,393.5390070921986,79,62,48,31.613683789445894,0.6644251054852321,36.88802083333332,8419.583333333303,106.5770042194089,0
714,32,0,0,141,0.0,0.0,1.0,141,4400,3600,800,0.8181818181818182,52,36,16,200.71153235894297,0.4166518912529551,0.6746870981858404,0.14369934787881056,1108666.004610575,11904.410531930991,1120570.4151425061,713,14,394.5390070921986,80,61,40,31.483584933313782,0.665234375,36.76697530864197,8423.456790123437,105.29320987654296,0
715,32,0,0,141,0.0,0.0,1.0,141,4550,3300,1250,0.7252747252747253,58,33,25,203.2691266939218,0.41636482607227293,0.6771766956874954,0.14580439520153154,1109176.744771979,12342.277651801274,1121519.0224237803,714,15,395.5390070921986,83,58,41,31.354402160261234,0.6646586345381527,36.706349206349195,8425.396825396796,101.5108051252626,0
716,32,0,0,141,0.0,0.0,1.0,141,3900,2500,1400,0.6410256410256411,53,25,28,204.11865912579202,0.4160862039851401,0.6795511981685838,0.1468893157379221,1110056.0055819748,13216.628682784904,1123272.6342647597,715,16,396.5390070921986,86,55,43,31.225567071230515,0.6646075581395349,36.602011494252864,8428.735632183874,98.0085538626032,0
717,32,1,0,142,0.007042253521126761,0.0,1.0,142,4250,3000,1250,0.7058823529411765,55,30,25,204.30576768500973,0.41631913228781675,0.6838492139536261,0.14788999031485778,1111643.8810941018,12773.051303854738,1124416.9323979565,716,0,394.73943661971833,69,73,44,31.02847014433843,0.6740640096618358,36.41369047619047,8434.761904761886,122.24292615596937,0
718,32,0,0,142,0.0,0.0,1.0,142,3100,1900,1200,0.6129032258064516,43,19,24,204.51900914717066,0.4159112476276096,0.6853303671700095,0.14859702177519488,1112648.2461734663,14011.543367346741,1126659.789540813,717,1,395.73943661971833,69,73,44,30.90136702217708,0.6752717391304348,36.29464285714285,8438.571428571404,122.29813664596237,0
719,32,0,0,142,0.0,0.0,1.0,142,4150,3300,850,0.7951807228915663,50,33,17,204.499758125771,0.41556683481503676,0.6855560752019769,0.14891458693168214,1113247.8984824426,12981.785194736385,1126229.683677179,718,2,396.73943661971833,70,72,44,30.829370376550408,0.6754464285714286,36.22359154929577,8440.845070422523,120.58350100603604,0
720,32,0,0,142,0.0,0.0,1.0,142,3850,2800,1050,0.7272727272727273,49,28,21,203.56480579634885,0.415364973529118,0.6816474515372593,0.1490194749365879,1114666.7160493857,13131.382716049517,1127798.0987654352,719,3,397.73943661971833,74,68,44,30.682575598119694,0.6751126126126126,36.055555555555564,8446.222222222244,114.13813813813844,0
721,32,0,1,141,0.0,0.007042253521126761,0.9929577464788732,142,4350,3100,1250,0.7126436781609196,56,31,25,201.2138925814765,0.4149622914793727,0.677878419198457,0.1477536777804841,1115492.599932538,12140.521635651628,1127633.1215681897,720,4,398.73943661971833,76,66,42,30.644896164224487,0.6751644736842105,35.95779220779222,8449.350649350674,111.17566643882465,0
722,32,0,0,141,0.0,0.0,1.0,141,3850,3000,850,0.7792207792207793,47,30,17,200.56809016076386,0.41480496453900706,0.6749734147005164,0.14746853815549063,1115835.5382442253,12710.200567830561,1128545.738812056,721,5,400.0567375886525,76,65,44,30.62054966446392,0.6755756578947368,35.9172077922078,8450.649350649366,111.19275461380745,0
723,32,0,1,140,0.0,0.0070921985815602835,0.9929078014184397,141,4850,3600,1250,0.7422680412371134,61,36,25,201.10525884475717,0.41437225599459643,0.6732989138716574,0.1485017435399501,1116984.765625005,11876.302083333552,1128861.0677083384,722,6,401.0567375886525,79,62,39,30.467671988961175,0.6756329113924051,35.781250000000014,8455.000000000036,107.02531645569667,0
724,32,0,0,140,0.0,0.0,1.0,140,3200,1800,1400,0.5625,46,18,28,204.04602810380675,0.4137557810894142,0.6755690215784791,0.1510476396225776,1117645.4101562528,14410.221354166788,1132055.6315104195,723,7,404.3142857142857,79,61,39,30.310252241600153,0.6764240506329113,35.70312500000001,8457.500000000022,107.05696202531674,0
725,32,0,0,140,0.0,0.0,1.0,140,4000,2900,1100,0.725,51,29,22,204.59873070316118,0.41356307810894144,0.6774745339227364,0.15185837315956482,1118349.2382179936,13762.566924449862,1132111.8051424434,724,8,405.3142857142857,81,59,40,30.21073579345251,0.6764403292181069,35.619918699187,8460.162601626029,104.44645187192629,0
726,32,0,0,140,0.0,0.0,1.0,140,3900,2800,1100,0.717948717948718,50,28,22,202.14317968907062,0.41246360054813297,0.6749411048466076,0.15089443164341854,1119861.9377162647,13374.490580545982,1133236.4282968107,725,9,406.3142857142857,84,56,44,30.09330029028472,0.6770833333333333,35.44117647058824,8465.88235294119,100.78431372549035,0
727,32,0,0,140,0.0,0.0,1.0,140,3600,2400,1200,0.6666666666666666,48,24,24,203.13025359988873,0.41191974991435426,0.6776825507073818,0.15212316391180203,1120718.0268706735,13930.347402441288,1134648.3742731148,726,10,407.3142857142857,67,73,43,29.96402973124194,0.6861007462686567,35.34007352941176,8469.117647058814,126.40474100087782,0
728,32,0,0,140,0.0,0.0,1.0,140,4050,2900,1150,0.7160493827160493,52,29,23,202.11446974434713,0.4113908872901679,0.676810555465059,0.15201920237203462,1121859.6116595485,13298.812107633708,1135158.4237671823,727,11,408.3142857142857,68,72,44,29.85343025465601,0.6868872549019608,35.20531400966183,8473.42995169082,124.60926399545323,0
729,32,0,1,139,0.0,0.007142857142857143,0.9928571428571429,140,3750,2800,950,0.7466666666666667,47,28,19,201.1762304654596,0.41087058924289144,0.6749572552148646,0.15175572397880277,1122627.263763447,13419.18422833664,1136046.4479917837,728,12,409.3142857142857,68,72,44,29.78587237357042,0.6878063725490196,35.114734299516904,8476.328502415448,124.65188974140365,0
730,32,0,0,139,0.0,0.0,1.0,139,3800,2600,1200,0.6842105263157895,50,26,24,199.04588932692423,0.40971570569631255,0.669021523754662,0.15077874279128853,1123726.194019275,13134.61592970524,1136860.8099489803,729,13,413.0503597122302,69,70,44,29.7101067812155,0.6885567632850241,34.98511904761905,8480.476190476194,122.90545203588688,0
731,32,0,0,139,0.0,0.0,1.0,139,3350,2400,950,0.7164179104477612,43,24,19,200.14853209261784,0.409452872484621,0.6724919137290737,0.1451375527387092,1112121.5954271646,13367.900966649266,1125489.4963938138,730,14,414.0503597122302,71,68,44,31.08028544513343,0.67356220657277,36.35706018518517,8436.574074074038,118.82498695878927,8
732,32,0,0,139,0.0,0.0,1.0,139,3350,2300,1050,0.6865671641791045,44,23,21,198.30213216015358,0.4091900392729295,0.6686673384875934,0.14424314477434533,1112952.7408988546,12990.180302745914,1125942.9212016005,731,15,415.0503597122302,72,67,41,31.028512687334295,0.6740451388888888,36.25856164383561,8439.726027397253,117.21841704718408,0
733,32,0,0,139,0.0,0.0,1.0,139,3450,2700,750,0.782608695652174,42,27,15,198.7312478345881,0.40880773641956,0.6687771963185587,0.14494445921947502,1113675.4374648128,13014.421874022515,1126689.8593388353,732,16,416.0503597122302,72,67,48,30.92987722429553,0.6749131944444444,36.172945205479444,8442.465753424638,117.25646879756442,0
734,32,0,0,139,0.0,0.0,1.0,139,4250,3200,1050,0.7529411764705882,53,32,21,197.40304709141262,0.4084536718451326,0.6655622870124946,0.1442560728744939,1114197.5308641987,11939.197530864241,1126136.728395063,733,17,417.0503597122302,74,65,45,30.901864035087726,0.6745495495495495,36.111111111111114,8444.444444444453,114.11411411411423,0
735,32,0,0,139,0.0,0.0,1.0,139,3250,2200,1050,0.676923076923077,43,22,21,196.63088571067487,0.40826469259375103,0.6642009816032353,0.14389604576951517,1114578.3554468644,12782.105845092981,1127360.4612919574,734,18,418.0503597122302,76,63,47,30.876260037587578,0.6740679824561404,36.06601731601732,8445.887445887465,111.13009797220349,0
736,32,0,1,138,0.0,0.007194244604316547,0.9928057553956835,139,3350,2300,1050,0.6865671641791045,44,23,21,196.70406582811418,0.40802140895978867,0.6636566909968591,0.14423019188761754,1115099.8977281053,12718.936737526632,1127818.834465632,735,19,419.0503597122302,77,62,49,30.81137022797789,0.6742424242424243,36.00427350427351,8447.863247863266,109.71250971250996,0
737,32,0,0,138,0.0,0.0,1.0,138,3950,2800,1150,0.7088607594936709,51,28,23,198.82685164076798,0.40737067597588067,0.6659511997344565,0.1459384604540379,1115378.298874647,12803.4311107363,1128181.729985383,736,20,422.5217391304348,76,62,46,30.72172123447934,0.6750274122807017,35.97132034632035,8448.917748917753,111.16997038049675,0
738,32,0,1,137,0.0,0.007246376811594203,0.9927536231884058,138,3700,2500,1200,0.6756756756756757,49,25,24,198.0979828417492,0.4068604763919743,0.6640119904990527,0.145825676401572,1116153.1207133099,12921.5363511661,1129074.657064476,737,21,423.5217391304348,80,58,46,30.647458369851016,0.67421875,35.87962962962964,8451.851851851881,105.64814814814852,0
739,32,0,0,137,0.0,0.0,1.0,137,3850,3000,850,0.7792207792207793,47,30,17,200.46566939243118,0.4063126162873909,0.6655501878995389,0.14805059825078734,1117022.8221477119,13534.945553692882,1130557.7677014049,738,22,423.9124087591241,80,57,39,30.47997988254,0.6752604166666667,35.77674897119343,8455.144032921842,105.68930041152302,0
740,32,0,0,137,0.0,0.0,1.0,137,3000,1900,1100,0.6333333333333333,41,19,22,202.71879268626765,0.40594810004293685,0.6698089788160282,0.15014339985876998,1117784.0887440962,14919.168190824705,1132703.256934921,739,23,424.9124087591241,80,57,39,30.32860166399066,0.676171875,35.686728395061735,8458.024691358041,105.72530864197552,0
741,32,0,0,137,0.0,0.0,1.0,137,3250,1800,1450,0.5538461538461539,47,18,29,203.52163520591932,0.40559029268641766,0.6707921100808081,0.15119160121714822,1118582.3212528876,14881.140626764263,1133463.4618796518,740,24,425.9124087591241,82,55,40,30.21110214543384,0.6763211382113821,35.59236947791166,8461.044176706864,103.18346556959591,0
742,32,0,0,137,0.0,0.0,1.0,137,3100,2100,1000,0.6774193548387096,41,21,20,200.5566455958977,0.4052906290253328,0.666221768011555,0.14952714606383977,1119538.215613462,14406.16582797073,1133944.3814414327,741,25,426.9124087591241,82,55,41,30.1742816023786,0.677464430894309,35.47941767068274,8464.658634538184,103.2275443236364,0
743,32,0,0,137,0.0,0.0,1.0,137,3800,2400,1400,0.631578947368421,52,24,28,201.29268450662042,0.4050491090596822,0.6668486387598094,0.15059267179559216,1120447.4525226743,13907.575113378593,1134355.027636053,742,26,427.9124087591241,69,68,42,30.045256237230305,0.6846316425120773,35.3720238095238,8468.095238095228,122.72601794340909,0
744,32,0,0,137,0.0,0.0,1.0,137,3150,2500,650,0.7936507936507936,38,25,13,199.72251370606025,0.40505358165163874,0.6647136298174574,0.14991829193378906,1121329.7193877518,14240.958049886445,1135570.6774376382,743,27,428.9124087591241,69,68,39,29.98056023983513,0.6856884057971014,35.26785714285713,8471.428571428545,122.77432712215283,0
745,32,0,0,137,0.0,0.0,1.0,137,4000,3100,900,0.775,49,31,18,197.149926181174,0.4046711750393588,0.6581975037501171,0.14851961105648412,1122275.390624998,12851.302083333238,1135126.6927083312,744,28,429.9124087591241,71,66,42,29.934857423795457,0.6857394366197183,35.15624999999999,8474.999999999984,119.36619718309836,0
746,32,0,0,137,0.0,0.0,1.0,137,3700,2800,900,0.7567567567567568,46,28,18,198.30675371397567,0.4040539573493631,0.6600143960704941,0.14995003664400267,1123256.5077374808,13449.870327503295,1136706.378064984,745,29,430.9124087591241,71,66,40,29.786183611808827,0.6869131455399061,35.04050925925925,8478.703703703688,119.41836202399561,0
747,32,0,0,137,0.0,0.0,1.0,137,3050,2000,1050,0.6557377049180327,41,20,21,198.8133827782876,0.40402935809360235,0.6597181996024575,0.15072488864179243,1123938.8383269738,14240.81649673691,1138179.6548237107,746,30,431.9124087591241,72,65,45,29.690696672768375,0.6872106481481481,34.960045662100455,8481.278538812785,117.79553526128868,0
748,32,0,0,137,0.0,0.0,1.0,137,3350,2600,750,0.7761194029850746,41,26,15,247.7331113645988,0.40357315371404034,0.7297461084127022,0.17872852440595421,1110742.961962578,24283.561978664053,1135026.523941242,747,31,432.9124087591241,66,71,37,29.99326331110718,0.6747159090909092,36.52052238805971,8431.34328358211,127.74762550881984,8
749,32,0,0,137,0.0,0.0,1.0,137,3800,2600,1200,0.6842105263157895,50,26,24,250.26391128411183,0.40316391155002146,0.7325490331820406,0.18119966452201616,1111706.640625003,24444.010416666933,1136150.65104167,748,32,433.9124087591241,59,78,37,29.80944971349538,0.680614406779661,36.406250000000014,8435.000000000024,142.96610169491566,0
750,32,0,0,137,0.0,0.0,1.0,137,3000,2000,1000,0.6666666666666666,40,20,20,248.11226305649322,0.40296711750393593,0.7309536887264514,0.18021399652485331,1112563.8455910932,24808.14670488844,1137371.9922959816,749,33,434.9124087591241,60,77,37,29.7620396753443,0.6809027777777779,36.304644808743184,8438.251366120247,140.63752276867078,0
751,32,0,0,137,0.0,0.0,1.0,137,4050,3000,1050,0.7407407407407407,51,30,21,247.51661887222616,0.40262496421926436,0.730394939525667,0.17987760683500262,1112707.9460793156,23632.74172116257,1136340.6878004782,750,34,435.9124087591241,60,77,37,29.760247361264025,0.6810763888888889,36.287568306010954,8438.797814207695,140.64663023679492,0
752,32,0,0,137,0.0,0.0,1.0,137,3600,2700,900,0.75,45,27,18,243.97738974254688,0.4025288034921998,0.7256289599466443,0.1780131325158587,1113778.6989795952,23347.363945578447,1137126.0629251737,751,35,436.9124087591241,62,75,40,29.72363226170335,0.6809475806451613,36.1607142857143,8442.857142857169,136.1751152073737,0
753,32,1,0,138,0.007246376811594203,0.0,1.0,138,4050,2800,1250,0.691358024691358,53,28,25,241.1910217250167,0.40313039952043445,0.7234385889669221,0.1768588775940226,1115114.0001085098,22141.09700520852,1137255.0971137183,752,0,434.7391304347826,63,75,41,29.635224003288133,0.6818783068783069,36.00260416666668,8447.91666666669,134.0939153439157,0
754,32,0,0,138,0.0,0.0,1.0,138,3950,3000,950,0.759493670886076,49,30,19,238.89973044676435,0.40236454917310205,0.7201518288474797,0.17620859312818454,1116679.9186390578,21804.906311637365,1138484.824950695,753,1,435.7391304347826,64,74,36,29.505990294206843,0.68310546875,35.81730769230771,8453.846153846189,132.0913461538467,0
755,32,0,0,138,0.0,0.0,1.0,138,3850,3000,850,0.7792207792207793,47,30,17,234.29316415548297,0.4015998007687154,0.7146212285882416,0.1657841448868955,1105463.527284683,20350.509533201955,1125814.036817885,754,2,436.7391304347826,64,74,44,30.988980002438737,0.6695963541666667,37.147435897435905,8411.282051282065,131.42628205128227,8
756,32,0,0,138,0.0,0.0,1.0,138,4450,3000,1450,0.6741573033707865,59,30,29,236.73278822515073,0.40119538770760604,0.7171590981144162,0.168098168767431,1106421.3911784384,20335.244177124463,1126756.635355563,755,3,437.7391304347826,66,72,41,30.808304757400187,0.6695075757575757,37.03358208955225,8414.925373134345,127.49886928991432,0
757,32,0,0,138,0.0,0.0,1.0,138,3950,2300,1650,0.5822784810126582,56,23,33,236.4959268907698,0.4006433142917592,0.7157490229438348,0.16845062432580657,1107266.1694120066,20822.787809976995,1128088.9572219837,756,4,438.7391304347826,67,71,44,30.711788369339462,0.669931592039801,36.93321078431373,8418.137254901972,125.64383962540258,0
758,32,0,0,138,0.0,0.0,1.0,138,4350,3000,1350,0.6896551724137931,57,30,27,232.98445521942,0.4001419302514193,0.712234338429677,0.16693916554421845,1108884.2155612232,19720.55697278904,1128604.7725340123,757,5,439.7391304347826,69,69,39,30.60754762308517,0.6707427536231885,36.74107142857142,8424.285714285705,122.09109730848847,0
759,32,0,0,138,0.0,0.0,1.0,138,4050,2700,1350,0.6666666666666666,54,27,27,233.16373767631788,0.4000174106985437,0.7142741230354135,0.16762203664507713,1109783.1152604185,20102.23583283729,1129885.3510932557,758,6,440.7391304347826,70,68,40,30.493658663398502,0.6712797619047619,36.6343896713615,8427.699530516418,120.39570757880597,0
760,32,0,0,138,0.0,0.0,1.0,138,4000,3100,900,0.775,49,31,18,232.14551401877358,0.39925156035121123,0.7127430354648392,0.16750105609735452,1110772.5022868032,19972.17070025787,1130744.672987061,759,7,441.7391304347826,70,68,40,30.400379568275877,0.6724702380952381,36.51701877934272,8431.45539906103,120.44936284372899,0
761,32,0,0,138,0.0,0.0,1.0,138,4400,2900,1500,0.6590909090909091,59,29,30,212.436562745218,0.39903888536267146,0.6826372735257915,0.1531827845619705,1110600.267162492,15186.42066798415,1125786.687830476,760,8,442.7391304347826,78,60,35,30.94053934571176,0.6684027777777778,36.53744725738397,8430.801687763715,108.08720112517582,8
762,32,0,0,138,0.0,0.0,1.0,138,4400,3200,1200,0.7272727272727273,56,32,24,212.21295989203568,0.39849011777566207,0.6840063551974711,0.15389293338417578,1112133.6292402288,15201.833851308096,1127335.463091537,761,9,443.7391304347826,70,68,35,30.760758671860508,0.6741071428571428,36.3556338028169,8436.619718309848,120.52313883299783,0
763,32,0,0,138,0.0,0.0,1.0,138,3300,2100,1200,0.6363636363636364,45,21,24,209.48174126198774,0.3978653161253923,0.6798570760702602,0.15225012678323357,1112731.9637345634,15719.40586419727,1128451.3695987607,762,10,444.7391304347826,71,67,40,30.760368663594452,0.6742957746478873,36.28472222222221,8438.888888888856,118.85758998435008,0
764,32,0,0,138,0.0,0.0,1.0,138,4500,3500,1000,0.7777777777777778,55,35,20,205.9454496455548,0.3977606315455411,0.6737574534488358,0.15063030924421944,1114432.111111108,13802.444444444242,1128234.5555555522,763,11,445.7391304347826,74,64,41,30.64808967477105,0.6748310810810811,36.08333333333332,8445.333333333308,114.1261261261258,0
765,32,1,0,139,0.007194244604316547,0.0,1.0,139,4500,3400,1100,0.7555555555555555,56,34,22,204.4181776572159,0.39822707051749906,0.6702795140936431,0.15023504623000197,1115721.2196173228,13314.739697531895,1129035.9593148546,764,0,443.52517985611513,76,63,44,30.5326801571038,0.6754385964912281,35.93073593073593,8450.216450216445,111.18705855547954,0
766,32,0,0,139,0.0,0.0,1.0,139,3550,2900,650,0.8169014084507042,42,29,13,201.13228733688572,0.3979837868835367,0.6650344874237102,0.14835193542499142,1116679.9186390515,13570.077251807916,1130249.9958908595,765,1,444.52517985611513,77,62,33,30.503740774441418,0.6761363636363636,35.817307692307686,8453.84615384614,109.7902097902096,0
767,32,0,1,138,0.0,0.007194244604316547,0.9928057553956835,139,4100,3000,1100,0.7317073170731707,52,30,22,205.4422142490203,0.39784259548882633,0.6717623173361889,0.15230423928258816,1118035.1125903998,14038.321827744827,1132073.4344181446,766,2,445.52517985611513,77,62,35,30.226331211478215,0.6777597402597403,35.65705128205128,8458.974358974348,109.85680985680972,0
768,32,0,0,138,0.0,0.0,1.0,138,3900,2700,1200,0.6923076923076923,51,27,24,206.51424558532634,0.3962344405656053,0.6738354716804389,0.15375218494630832,1119165.0686682737,14724.705968295748,1133889.7746365694,767,15,449.7391304347826,77,61,39,30.061687874503463,0.6791125541125541,35.52350427350427,8463.247863247863,109.91230991230991,0
769,32,0,0,138,0.0,0.0,1.0,138,3650,2600,1050,0.7123287671232876,47,26,21,207.39813844552674,0.39614077541521214,0.6742460690699406,0.1546773774533149,1119622.934803899,15191.54248784936,1134814.4772917482,768,16,450.7391304347826,78,60,39,29.983094075034064,0.6792200854700854,35.46940928270043,8464.978902953613,108.52537055068736,0
770,32,0,1,137,0.0,0.007246376811594203,0.9927536231884058,138,4100,2900,1200,0.7073170731707317,53,29,24,205.8850516452547,0.39575619732712725,0.6721400696830986,0.15423673770672802,1120804.5187114226,14451.37924382734,1135255.89795525,769,17,451.7391304347826,71,67,39,29.880698589701545,0.6839788732394366,35.32986111111112,8469.444444444467,119.28794992175305,0
771,32,0,0,137,0.0,0.0,1.0,137,3550,2800,750,0.7887323943661971,43,28,15,211.1950151701464,0.39517138972377275,0.677116002466865,0.15850887561867696,1121294.702181929,16412.37032750351,1137707.0725094324,770,18,451.45255474452557,71,66,41,29.681067147593563,0.6845657276995305,35.27199074074075,8471.29629629631,119.31403234220156,0
772,32,0,0,137,0.0,0.0,1.0,137,3900,2900,1000,0.7435897435897436,49,29,20,214.78767469983848,0.3951602082438815,0.6827479520528528,0.1615807155787564,1121907.5822241514,16894.384162808623,1138801.96638696,771,19,452.45255474452557,71,66,39,29.51206769382068,0.6852992957746479,35.19965277777778,8473.611111111111,119.34663536776213,0
773,32,0,0,137,0.0,0.0,1.0,137,3800,3000,800,0.7894736842105263,46,30,16,213.76305993041976,0.3947934557034493,0.6806513099354319,0.16129082845912776,1122692.9759151062,16798.05717880051,1139491.0330939067,772,20,453.45255474452557,73,64,41,29.44454777340843,0.6852168949771689,35.10698198198199,8476.576576576592,116.11748735036427,0
774,32,0,0,137,0.0,0.0,1.0,137,4200,2900,1300,0.6904761904761905,55,29,26,213.08093974149944,0.3943909224273651,0.6806413309489594,0.16158280364046282,1124005.8925056811,16300.846370018633,1140306.7388756997,773,21,454.45255474452557,73,64,42,29.30447492343372,0.6867865296803652,34.95213963963964,8481.531531531531,116.1853634456374,0
775,32,0,0,137,0.0,0.0,1.0,137,3700,2400,1300,0.6486486486486487,50,24,26,210.89335269859254,0.39435961428366967,0.6768301427309991,0.16017992132741884,1124424.5956790124,16326.734567901256,1140751.3302469137,774,22,455.45255474452557,74,63,42,29.31205357922496,0.6867961711711712,34.90277777777778,8483.111111111111,114.63663663663664,0
776,32,0,0,137,0.0,0.0,1.0,137,3800,2600,1200,0.6842105263157895,50,26,24,210.27857840578758,0.3938318484328038,0.674582842873205,0.16014554836464706,1125131.6327160487,16118.216049382676,1141249.8487654314,775,23,456.45255474452557,74,63,45,29.243265420136556,0.6876407657657657,34.81944444444444,8485.777777777774,114.67267267267262,0
777,32,0,0,137,0.0,0.0,1.0,137,3200,2000,1200,0.625,44,20,24,210.65760258764837,0.3935031129240017,0.6747621049413386,0.16094240837696333,1125956.7901234564,16838.271604938265,1142795.0617283946,776,24,457.45255474452557,77,60,34,29.13394415357766,0.6872294372294372,34.72222222222222,8488.888888888887,110.24531024531022,0
778,32,0,0,137,0.0,0.0,1.0,137,2950,2000,950,0.6779661016949152,39,20,19,207.7249259717953,0.3931609596393302,0.6693485789564553,0.1590660734496351,1126553.8375260378,16452.662500667666,1143006.5000267054,777,25,458.45255474452557,78,59,34,29.139957264957257,0.6875,34.651898734177216,8491.139240506332,108.86075949367093,0
779,32,0,0,137,0.0,0.0,1.0,137,3400,2300,1100,0.6764705882352942,45,23,22,208.32589097629165,0.39300665521683126,0.6707569080293383,0.15989728761099598,1127157.9562100964,16163.237099696858,1143321.1933097932,778,26,459.45255474452557,80,57,36,29.051391378781243,0.6873697916666667,34.580761316872426,8493.41563786008,106.167695473251,0
780,32,0,1,136,0.0,0.0072992700729927005,0.9927007299270073,137,3000,1700,1300,0.5666666666666667,43,17,26,209.68172510208402,0.3928076248747674,0.6722379501222442,0.1611411083230533,1127485.6580975112,16882.62756354884,1144368.28566106,779,27,460.45255474452557,80,57,37,28.97601572845008,0.6877604166666667,34.54218106995884,8494.650205761307,106.18312757201633,0
781,32,0,0,136,0.0,0.0,1.0,136,4000,3000,1000,0.75,50,30,20,210.79520492950007,0.3919809822076979,0.6709710757989857,0.16255597096021832,1128379.2777817193,16371.388219639965,1144750.6660013592,780,28,460.2279411764706,83,53,40,28.839063351233566,0.6876255020080322,34.43700396825398,8498.01587301591,102.38573340983024,0
782,32,0,0,136,0.0,0.0,1.0,136,4250,2900,1350,0.6823529411764706,56,29,27,209.48528585735787,0.3914817084241104,0.6709892174481293,0.16210612322792486,1129275.203751927,15863.307773919629,1145138.5115258466,781,29,461.2279411764706,71,65,43,28.76623509230516,0.6941021126760563,34.331597222222214,8501.388888888874,119.73787167449119,0
783,32,0,0,136,0.0,0.0,1.0,136,4350,3400,950,0.7816091954022989,53,34,19,211.49711266831414,0.3912785947712418,0.6750080053796148,0.16420971934560133,1130136.3302683458,16254.11415466382,1146390.4444230096,782,30,462.2279411764706,71,65,39,28.60937216476137,0.6951291079812207,34.23032407407407,8504.62962962962,119.78351591027635,0
784,32,0,0,136,0.0,0.0,1.0,136,3500,2000,1500,0.5714285714285714,50,20,30,210.08907349513353,0.39074641430646334,0.6745144604291571,0.16372186141509087,1131090.5247232122,16825.952075644767,1147916.476798857,783,31,463.2279411764706,72,64,45,28.53226354675396,0.6957465277777778,34.11815068493151,8508.219178082189,118.16971080669707,0
785,32,0,0,136,0.0,0.0,1.0,136,4300,3300,1000,0.7674418604651163,53,33,20,210.53194477702687,0.39023011982570804,0.677403906841707,0.16461054742633285,1131940.5350180343,16161.92844185892,1148102.4634598931,784,32,464.2279411764706,72,64,42,28.418499642346198,0.6967592592592593,34.018264840182646,8511.415525114147,118.21410451547428,0
786,32,0,0,136,0.0,0.0,1.0,136,4550,3000,1550,0.6593406593406593,61,30,31,205.4425864947648,0.38973538489469867,0.6688037541590806,0.1617644567610039,1133740.9607438014,14833.735078053227,1148574.6958218548,785,33,465.2279411764706,76,60,39,28.338076603818315,0.6969572368421053,33.80681818181818,8518.181818181816,112.08133971291863,0
787,32,0,0,136,0.0,0.0,1.0,136,3450,2500,950,0.7246376811594203,44,25,19,205.3426330602523,0.38951184640522873,0.669867809942797,0.16205107072541627,1134317.2096662342,15934.73651168446,1150251.9461779187,786,34,466.2279411764706,76,60,34,28.27170765166142,0.6976425438596492,33.739177489177486,8520.34632034631,112.10982000455672,0
788,32,0,0,136,0.0,0.0,1.0,136,3950,2900,1050,0.7341772151898734,50,29,21,206.50803842760533,0.38877768700072624,0.6717064647641238,0.16345855706260282,1135078.958144171,15730.585821360472,1150809.5439655315,787,35,467.2279411764706,78,58,36,28.14944306930692,0.6976495726495726,33.64978902953586,8523.206751054842,109.27188142378003,0
789,32,0,0,136,0.0,0.0,1.0,136,3900,2600,1300,0.6666666666666666,52,26,26,205.2382447796912,0.38804693173565724,0.6713697714232176,0.16298701393600704,1135912.9732298607,15526.556969635389,1151439.530199496,788,36,468.2279411764706,80,56,39,28.083421818942334,0.6977864583333333,33.55195473251029,8526.337448559676,106.57921810699595,0
790,32,0,0,136,0.0,0.0,1.0,136,4200,3200,1000,0.7619047619047619,52,32,20,207.18406402218142,0.3875136165577342,0.6758812726446755,0.16490857509651655,1136493.0001129066,15692.647699230918,1152185.6478121374,789,37,469.2279411764706,82,54,39,27.962147610975084,0.6976626016260163,33.4839357429719,8528.514056224938,104.0062689783529,0
791,32,0,1,135,0.0,0.007352941176470588,0.9926470588235294,136,4000,3100,900,0.775,49,31,18,209.24156991997884,0.38681349854756714,0.6807061342916223,0.16732237998079794,1137670.6852510474,16409.6000467736,1154080.285297821,790,38,470.2279411764706,82,54,41,27.766370938642314,0.6990599593495934,33.345883534136554,8532.931726907653,104.06014301106893,0
792,32,0,0,135,0.0,0.0,1.0,135,3600,2500,1100,0.6944444444444444,47,25,22,210.9675011781447,0.38629307167864385,0.6817366600107595,0.1695625735126789,1138954.552485825,17456.479178681402,1156411.0316645065,791,39,469.2962962962963,67,68,41,27.56675709555796,0.7078669154228856,33.19546568627452,8537.745098039233,127.4290313140184,0
793,32,0,0,135,0.0,0.0,1.0,135,3600,2700,900,0.75,45,27,18,210.97152683885886,0.3860351022664455,0.6822367232034836,0.1697419411550156,1139216.1405769435,17468.433715398023,1156684.5742923415,792,40,470.2962962962963,67,68,42,27.535366075358333,0.7081778606965174,33.164828431372555,8538.725490196093,127.4436640327775,0
794,32,0,2,133,0.0,0.014814814814814815,0.9851851851851852,135,3900,3000,900,0.7692307692307693,48,30,18,209.63465853580047,0.3855491063202506,0.6794488528780764,0.16915055646228788,1139937.5318877564,16894.08304988671,1156831.614937643,793,41,471.2962962962963,69,66,44,27.484796324171633,0.7078804347826086,33.080357142857146,8541.428571428582,123.78881987577654,0
795,32,0,0,133,0.0,0.0,1.0,133,3950,2800,1150,0.7088607594936709,51,28,23,208.14982020681555,0.3843391622996886,0.6719471903562402,0.16843568599127812,1140659.0988615602,16935.59726906051,1157594.6961306208,794,42,476.17293233082705,70,63,45,27.438206311702103,0.7081845238095238,32.99589201877935,8544.131455399081,122.05902079141545,0
796,32,0,0,133,0.0,0.0,1.0,133,3550,2500,1050,0.704225352112676,46,25,21,208.23128972167373,0.38357968785600366,0.672096908939013,0.16918792289886037,1141677.6130606153,17396.600362794965,1159074.2134234102,795,43,477.17293233082705,72,61,46,27.314369658119652,0.7083333333333333,32.876712328767134,8547.94520547948,118.721461187215,0
797,32,0,0,133,0.0,0.0,1.0,133,3950,2900,1050,0.7341772151898734,50,29,21,206.67818263374863,0.3828463203463204,0.6688123185661994,0.16898980815347736,1143254.437869827,16707.149901380948,1159961.587771208,796,44,478.17293233082705,77,56,41,27.1676408872902,0.7077922077922079,32.69230769230771,8553.846153846189,111.08891108891154,0
798,32,0,0,133,0.0,0.0,1.0,133,3100,2400,700,0.7741935483870968,38,24,14,210.92933040984957,0.3827869864054074,0.6748559710965716,0.1727825366123238,1143711.4197530882,18548.45679012354,1162259.8765432118,797,45,479.17293233082705,77,56,41,26.999458874458885,0.7083333333333333,32.63888888888889,8555.55555555557,111.11111111111128,0
799,32,0,0,133,0.0,0.0,1.0,133,3300,2200,1100,0.6666666666666666,44,22,22,212.6303018699277,0.3822339940760993,0.6780013050703253,0.1746568673194085,1144397.0637920976,18766.69862663458,1163163.7624187323,798,46,480.17293233082705,77,56,42,26.872149538932717,0.7091450216450217,32.55876068376069,8558.119658119671,111.14441114441131,0
800,32,0,0,133,0.0,0.0,1.0,133,3750,2600,1150,0.6933333333333334,49,26,23,211.80651107279473,0.38196105794790003,0.6770863712995527,0.17465852012958788,1145362.3923563506,18169.042447797765,1163531.4348041483,799,47,481.17293233082705,80,53,44,26.779019466474423,0.708984375,32.445987654320994,8561.728395061748,107.02160493827185,0
801,32,0,1,132,0.0,0.007518796992481203,0.9924812030075187,133,3350,2500,850,0.746268656716418,42,25,17,214.89100720868237,0.38123718386876276,0.6814427247131951,0.1779133422450878,1146353.5474775166,19318.213686937866,1165671.7611644545,800,48,482.17293233082705,80,53,44,26.578264629576218,0.71015625,32.33024691358024,8565.432098765417,107.06790123456771,0
802,32,0,0,132,0.0,0.0,1.0,132,4050,3000,1050,0.7407407407407407,51,30,21,213.23727835936762,0.3806071208265865,0.6782084164529314,0.17745050033905602,1147616.5348629956,18492.925298878556,1166109.460161874,801,49,484.0378787878788,66,66,42,26.471975502147913,0.71875,32.18283582089551,8570.14925373132,129.85074626865637,0
803,32,0,0,132,0.0,0.0,1.0,132,3650,2900,750,0.7945205479452054,44,29,15,210.10107707791946,0.3803131505898682,0.6738994102931901,0.1756734244859928,1148784.6621491737,18222.178969627083,1167006.8411188007,802,50,485.0378787878788,67,65,45,26.416838173641274,0.7195273631840796,32.04656862745098,8574.509803921572,127.97775826748615,0
804,32,0,0,132,0.0,0.0,1.0,132,3500,2600,900,0.7428571428571429,44,26,18,208.8399553167307,0.37988183360320765,0.6716688228804604,0.17508733580147728,1149441.5046196156,18109.86249279113,1167551.3671124068,803,51,486.0378787878788,67,65,43,26.37243765597913,0.7203047263681592,31.969975490196074,8576.960784313711,128.01434006438376,0
805,32,0,0,132,0.0,0.0,1.0,132,4100,3100,1000,0.7560975609756098,51,31,20,209.43850009030817,0.3796854518467114,0.672257941769177,0.17602547672048174,1150049.0129582945,17672.908060864826,1167721.9210191593,804,52,487.0378787878788,68,64,43,26.28409069579744,0.7204350490196079,31.899154589371978,8579.227053140088,126.16510372264835,0
806,32,0,0,132,0.0,0.0,1.0,132,4000,2900,1100,0.725,51,29,22,207.4842115185222,0.3790541387153983,0.6696528390703156,0.17517109660989957,1151150.173611109,17369.097222222066,1168519.270833331,805,53,488.0378787878788,71,61,46,26.20550161812296,0.7200704225352113,31.770833333333325,8583.333333333316,120.89201877934248,0
807,32,0,0,132,0.0,0.0,1.0,132,3250,2100,1150,0.6461538461538462,44,21,23,206.1505451982372,0.37866860397871843,0.6683758987252442,0.17484620314961574,1152268.066406248,17858.138020833234,1170126.2044270812,806,54,489.0378787878788,71,61,41,26.10838185346918,0.7213908450704225,31.640624999999993,8587.499999999984,120.95070422535188,0
808,32,0,0,132,0.0,0.0,1.0,132,3950,2900,1050,0.7341772151898734,50,29,21,203.46887888682772,0.3783878864985735,0.6640278035983558,0.17315283307678234,1153084.1684167278,16573.348601980386,1169657.5170187082,807,55,490.0378787878788,73,59,42,26.083396693059253,0.7213184931506849,31.54560810810811,8590.540540540544,117.67863754165128,0
809,32,0,0,132,0.0,0.0,1.0,132,3350,2500,850,0.746268656716418,42,25,17,206.96842451131803,0.37783127072249206,0.6689469164127828,0.17676419860206918,1153953.3827160492,18016.382716049364,1171969.7654320986,808,56,491.0378787878788,74,58,42,25.88619242173492,0.7218468468468469,31.444444444444443,8593.777777777777,116.13213213213213,0
810,32,0,0,132,0.0,0.0,1.0,132,3350,2400,950,0.7164179104477612,43,24,19,205.30594154276466,0.3776023594725885,0.6660026763315454,0.1756042283722037,1154311.4845679007,17647.401234567842,1171958.8858024685,809,57,492.0378787878788,74,58,42,25.888317217367337,0.7222691441441442,31.402777777777775,8595.111111111106,116.15015015015008,0
811,32,0,0,132,0.0,0.0,1.0,132,3500,2700,800,0.7714285714285715,43,27,16,207.21644920062158,0.37709514033464414,0.6686994544765203,0.17750135342951381,1154669.6419753088,17953.308641975305,1172622.950617284,810,58,493.0378787878788,74,58,42,25.79447144383552,0.7226914414414414,31.36111111111111,8596.444444444445,116.16816816816818,0
812,32,0,0,132,0.0,0.0,1.0,132,3400,2500,900,0.7352941176470589,43,25,18,209.42251066642612,0.37603010062456627,0.6723044397462994,0.1801033591731265,1155625.0000000005,18602.777777777803,1174227.7777777782,811,59,494.0378787878788,66,66,44,25.621770025839783,0.728219696969697,31.25,8600.000000000004,130.30303030303037,0
813,32,0,0,132,0.0,0.0,1.0,132,3800,2800,1000,0.7368421052631579,48,28,20,209.16396538181652,0.3756337227234174,0.673183956147176,0.1804822000689807,1156427.3780351977,18176.587213187813,1174603.9652483854,812,60,495.0378787878788,66,66,43,25.533483691880644,0.7291666666666667,31.15671641791045,8602.98507462687,130.34825870646773,0
814,32,0,0,132,0.0,0.0,1.0,132,3750,2700,1050,0.72,48,27,21,205.39825658067565,0.3750313246973553,0.6662495471638432,0.178081787712793,1157573.2842365042,17402.706889308956,1174975.9911258132,813,61,496.0378787878788,68,64,44,25.49882135039568,0.7293198529411764,31.02355072463768,8607.246376811589,126.57715260017042,0
815,32,0,0,132,0.0,0.0,1.0,132,4650,3700,950,0.7956989247311828,56,37,19,201.51938466756351,0.3746277180198936,0.6593752189348729,0.17538881775535864,1158488.461425112,15641.576378172209,1174130.0378032844,814,62,497.0378787878788,71,61,41,25.494706256608787,0.7287265258215962,30.917245370370374,8610.648148148153,121.2767344809599,0
816,32,0,0,132,0.0,0.0,1.0,132,4100,2700,1400,0.6585365853658537,55,27,28,201.18204463288262,0.37404821111882186,0.6590827674922248,0.17610526108268787,1159859.1954946846,16168.568887174215,1176027.7643818588,815,63,498.0378787878788,71,61,42,25.34143829482356,0.7303403755868545,30.75810185185185,8615.74074074074,121.34846113719354,0
817,32,0,0,132,0.0,0.0,1.0,132,3200,2400,800,0.75,40,24,16,202.10950588268975,0.3734036452309353,0.6601224708674109,0.17742394483859913,1160538.8883676298,17311.18825712543,1177850.0766247553,816,64,499.0378787878788,72,60,46,25.235994842993886,0.7306134259259259,30.67922374429223,8618.264840182632,119.69812278031434,0
818,32,0,0,132,0.0,0.0,1.0,132,3250,2300,950,0.7076923076923077,42,23,19,201.3122444590972,0.37299521936926516,0.6580787524186147,0.1771962456266704,1161171.6615929885,17101.6146795167,1178273.2762725053,817,65,500.0378787878788,75,57,38,25.182576528449083,0.7298611111111111,30.605811403508767,8620.614035087707,114.94152046783609,0
819,32,0,0,132,0.0,0.0,1.0,132,3900,2600,1300,0.6666666666666666,52,26,26,200.8773829545171,0.37237595419847325,0.6574125447332655,0.17743266413529704,1161998.8962950134,16383.859456755908,1178382.7557517693,818,66,501.0378787878788,75,57,40,25.096421184687895,0.7308333333333333,30.50986842105263,8623.684210526311,114.98245614035082,0
820,32,0,0,132,0.0,0.0,1.0,132,3500,2300,1200,0.6571428571428571,47,23,24,203.3204121885274,0.37160247513300954,0.6606519151593202,0.18043234293073318,1163102.3341049377,17396.489197530864,1180498.8233024685,819,67,502.0378787878788,77,55,42,24.900059025541974,0.7311958874458875,30.381944444444443,8627.777777777774,112.049062049062,0
821,32,0,0,132,0.0,0.0,1.0,132,3550,2300,1250,0.647887323943662,48,23,25,202.13254381652928,0.37132778163312513,0.65890632667486,0.17972974272510694,1163563.265327089,17088.80054240638,1180652.0658694953,820,68,503.0378787878788,77,55,42,24.87758753033231,0.731737012987013,30.328525641025646,8629.48717948719,112.07126207126221,0
822,32,0,0,132,0.0,0.0,1.0,132,3050,2200,850,0.7213114754098361,39,22,17,213.47580966615922,0.3711265806924204,0.67438926290185,0.17424985908519833,1142828.4154086567,19343.244257771574,1162171.6596664283,821,69,504.0378787878788,73,59,47,27.03680782330841,0.709189497716895,32.74211711711713,8552.252252252289,117.15414044181217,8
823,32,0,0,132,0.0,0.0,1.0,132,3800,3000,800,0.7894736842105263,46,30,16,213.90187650403857,0.3706916493176035,0.6757812686970788,0.17518923417167825,1143671.2757943796,18726.68639923732,1162397.962193617,822,70,505.0378787878788,73,59,40,26.924777110865413,0.7101883561643836,32.643581081081095,8555.405405405438,117.19733432062243,0
824,32,0,0,132,0.0,0.0,1.0,132,3050,1900,1150,0.6229508196721312,42,19,23,212.42064111327488,0.3705012915413679,0.673465726130106,0.17433704279603662,1144186.777777785,19159.777777778192,1163346.5555555632,823,71,506.0378787878788,74,58,40,26.902851355562504,0.7103040540540541,32.58333333333336,8557.333333333389,115.63963963964038,0
825,32,0,0,132,0.0,0.0,1.0,132,4000,2800,1200,0.7,52,28,24,213.19078073893184,0.3707302027912715,0.6746181843025452,0.1754060403415264,1144806.1422745495,18412.423053247363,1163218.5653277969,824,72,507.0378787878788,75,57,41,26.80834528933527,0.7105555555555556,32.51096491228071,8559.649122807044,114.12865497076059,0
826,32,0,0,132,0.0,0.0,1.0,132,3200,2200,1000,0.6875,42,22,20,212.38202483801456,0.3699687716863289,0.6738586714688017,0.1753490973174402,1145667.6391781976,19063.842600010812,1164731.4817782084,825,73,508.0378787878788,78,54,41,26.727214119115676,0.7102029914529915,32.410337552742625,8562.86919831226,109.78037433733668,0
827,32,0,0,132,0.0,0.0,1.0,132,3950,3100,850,0.7848101265822784,48,31,17,213.69214349959168,0.3694338422391858,0.6760291470707775,0.17754075192925545,1147216.8425595898,18680.24522907842,1165897.0877886682,826,74,509.0378787878788,66,66,44,26.507431922429316,0.7182765151515151,32.2294776119403,8568.656716417909,129.828132066938,0
828,32,0,0,132,0.0,0.0,1.0,132,3450,2600,850,0.7536231884057971,43,26,17,214.5833730272011,0.3689422854499191,0.6768593859671921,0.17875132336258265,1147865.398074057,19412.56577998841,1167277.9638540454,827,75,510.0378787878788,67,65,41,26.406264893718433,0.7184390547263682,32.15379901960784,8571.078431372542,127.92654375182899,0
829,32,0,0,132,0.0,0.0,1.0,132,2950,2100,850,0.711864406779661,38,21,17,216.0895811928277,0.36865313439740915,0.6780755747559655,0.18019830740672294,1148128.0074070077,20269.700055267225,1168397.707462275,828,76,511.0378787878788,67,65,43,26.33462238615353,0.71875,32.123161764705884,8572.058823529416,127.9411764705883,0
830,32,0,0,132,0.0,0.0,1.0,132,2750,2000,750,0.7272727272727273,35,20,15,214.61166752496877,0.36823747975942633,0.6764277799688247,0.17942263244939557,1148754.2044446766,20157.211078438148,1168911.4155231148,829,77,512.0378787878788,68,64,44,26.29960373354366,0.7189031862745099,32.050120772946855,8574.396135265692,126.09406081273076,0
831,32,0,0,132,0.0,0.0,1.0,132,4300,3100,1200,0.7209302325581395,55,31,24,216.5195357964861,0.36780616277276584,0.6797817062012652,0.18130447167260463,1149142.570421712,19062.363182337933,1168204.93360405,830,78,513.0378787878788,68,64,45,26.202211957338136,0.7193627450980392,32.00483091787439,8575.84541062801,126.11537368570602,0
832,32,0,0,132,0.0,0.0,1.0,132,3300,2300,1000,0.696969696969697,43,23,20,218.39977936147798,0.3673242443519161,0.6817763739432858,0.18345994710979724,1149919.499288194,20528.432985600426,1170447.9322737944,831,79,514.0378787878788,68,64,41,26.059264369110632,0.720281862745098,31.914251207729457,8578.743961352628,126.1579994316563,0
833,32,0,0,132,0.0,0.0,1.0,132,3050,2100,950,0.6885245901639344,40,21,19,217.72782155882706,0.36689654175341196,0.681425564041257,0.18353090739631284,1150767.0209750528,20660.7993197277,1171427.8202947807,832,80,515.0378787878788,69,63,44,25.97635297599232,0.7207125603864735,31.81547619047618,8581.904761904734,124.37543133195267,0
834,32,0,0,132,0.0,0.0,1.0,132,3150,2000,1150,0.6349206349206349,43,20,23,222.49033839193206,0.3666435345824659,0.6868637834657267,0.18784020372433544,1151150.1736111073,21673.95833333313,1172824.1319444403,833,81,516.0378787878788,69,63,45,25.802993527508097,0.7211654589371981,31.77083333333332,8583.333333333305,124.39613526570007,0
835,32,0,0,132,0.0,0.0,1.0,132,3650,2700,950,0.7397260273972602,46,27,19,223.0312093447546,0.3665061878325237,0.6868326021062612,0.18877744305333014,1151771.1581843672,21326.182859653418,1173097.3410440206,834,82,517.0378787878788,71,61,44,25.714534465714014,0.7208039906103286,31.69849537037036,8585.648148148122,120.92462180490313,0
836,32,0,0,132,0.0,0.0,1.0,132,4200,3200,1000,0.7619047619047619,52,32,20,221.4752672786487,0.36587848908936693,0.6854353120831975,0.18835410162956276,1152926.805112484,20468.954463001042,1173395.759575485,835,83,518.0378787878788,72,60,37,25.618731837834,0.7216435185185186,31.56392694063926,8589.954337899519,119.30492135971554,0
837,32,0,0,132,0.0,0.0,1.0,132,3250,2100,1150,0.6461538461538462,44,21,23,221.83894860172356,0.3655796996684401,0.6854698905467016,0.18918449022131129,1153595.3364197542,21532.475308642028,1175127.8117283962,836,84,519.0378787878788,74,58,37,25.52942723150399,0.7214245495495495,31.486111111111114,8592.444444444453,116.11411411411423,0
838,32,0,0,132,0.0,0.0,1.0,132,3250,2400,850,0.7384615384615385,41,24,17,219.1409108021901,0.36543994332639373,0.6809318132847535,0.18729888895634753,1154132.426697534,20933.526234568035,1175065.9529321021,837,85,520.0378787878788,77,55,37,25.538003663003668,0.7206439393939394,31.42361111111112,8594.444444444469,111.61616161616193,0
839,32,0,0,132,0.0,0.0,1.0,132,3150,2200,950,0.6984126984126984,41,22,19,225.22164972601274,0.36551705027372966,0.693906683875005,0.17062792183242723,1123758.2145243937,21068.935793668512,1144827.1503180622,838,86,521.0378787878788,66,66,45,29.012549376197732,0.6903409090909092,34.98134328358209,8480.597014925379,128.49389416553603,8
840,32,1,0,133,0.007518796992481203,0.0,1.0,133,3350,2600,750,0.7761194029850746,41,26,15,227.06484937947198,0.36565846434267485,0.6998542788016473,0.17336221039924735,1125783.412629756,21175.16820453656,1146958.5808342926,839,0,518.1127819548872,67,66,36,28.71958496958495,0.6921641791044777,34.74264705882352,8488.235294117632,126.69007901668108,0
841,32,0,0,133,0.0,0.0,1.0,133,3700,2300,1400,0.6216216216216216,51,23,28,230.10680103639768,0.3655113161692109,0.7021198537566573,0.17608601984888267,1126377.9053287974,21537.443310657523,1147915.348639455,840,1,519.1127819548872,69,64,36,28.567255561787242,0.6917270531400966,34.672619047619044,8490.476190476184,123.0503795721186,0
842,32,0,0,133,0.0,0.0,1.0,133,3650,2600,1050,0.7123287671232876,47,26,21,230.38576714071024,0.36480168223589277,0.7026291535289841,0.17678115795450502,1127087.6337023803,21682.989825066063,1148770.6235274463,841,2,520.1127819548872,72,61,37,28.47435035842293,0.6909722222222222,34.5890410958904,8493.150684931486,117.96042617960399,0
843,32,0,0,133,0.0,0.0,1.0,133,2500,1400,1100,0.56,36,14,22,231.77134563368202,0.36463080048606367,0.7057202263923723,0.17825985471329667,1127693.6762421525,23173.41616104738,1150867.0924031998,842,3,521.1127819548872,72,61,37,28.36457493505329,0.6916956018518519,34.51769406392693,8495.433789954317,117.99213597158774,0
844,32,0,0,133,0.0,0.0,1.0,133,3450,2400,1050,0.6956521739130435,45,24,21,232.5997421741226,0.36422970304549257,0.7069267843707439,0.1794936361651918,1128556.7704726425,22450.402768159292,1151007.1732408018,843,4,522.1127819548872,75,58,39,28.238644182966066,0.6912499999999999,34.41611842105262,8498.684210526293,113.3157894736839,0
845,32,0,0,133,0.0,0.0,1.0,133,3800,2800,1000,0.7368421052631579,48,28,20,232.24994894431845,0.3635960165565429,0.7061774388931943,0.18008195129390836,1129791.8402777822,22078.819444444718,1151870.659722227,844,5,523.1127819548872,59,74,37,28.09927479419836,0.7023305084745763,34.27083333333335,8503.333333333369,144.12429378531132,0
846,32,0,0,133,0.0,0.0,1.0,133,2250,1200,1050,0.5333333333333333,33,12,21,231.21898693179173,0.36357702969545075,0.7047407118966849,0.17947436875907663,1130067.7507913085,23408.624100451172,1153476.3748917596,845,6,524.1127819548872,60,73,40,28.093474908436697,0.7019097222222221,34.23838797814209,8504.371584699484,141.73952641165806,0
847,32,0,0,133,0.0,0.0,1.0,133,4250,3300,950,0.7764705882352941,52,33,19,228.9462946499446,0.3639852472089314,0.7014486411888696,0.17865809106526284,1131437.429138325,20957.68140589587,1152395.1105442208,846,7,525.1127819548872,62,71,40,27.989181122924844,0.702116935483871,34.07738095238096,8509.523809523831,137.25038402457793,0
848,32,0,0,133,0.0,0.0,1.0,133,3950,3000,950,0.759493670886076,49,30,19,227.58125009238216,0.3638262322472849,0.6996442823600217,0.1778529511123686,1131813.3926391639,20965.901353624366,1152779.2939927883,847,8,526.1127819548872,63,70,39,27.980297513412083,0.7018849206349207,34.033203125000014,8510.937500000027,135.09424603174645,0
849,32,0,0,133,0.0,0.0,1.0,133,3250,2300,950,0.7076923076923077,42,23,19,229.42375891518435,0.3638689526847421,0.7011912603740793,0.17998395307357387,1132800.0690299496,22128.249987246403,1154928.319017196,848,9,527.1127819548872,65,68,43,27.812728611819608,0.7017628205128206,33.91729797979799,8514.646464646492,130.99456099456143,0
850,32,0,0,133,0.0,0.0,1.0,133,3100,2000,1100,0.6451612903225806,42,20,22,228.14220160149767,0.3634726019594441,0.699504285575818,0.17953799343422217,1133598.6159169558,22024.336793541013,1155622.9527104967,849,10,528.1127819548872,67,66,42,27.75092081031308,0.7014925373134329,33.82352941176471,8517.647058823535,127.12906057945575,0
851,32,0,0,133,0.0,0.0,1.0,133,3900,2400,1500,0.6153846153846154,54,24,30,227.3701328121744,0.363306466924888,0.6988245261039916,0.17936977144071564,1134225.000000002,21077.77777777786,1155302.7777777798,850,11,529.1127819548872,69,64,42,27.696270213875852,0.7010869565217391,33.75000000000001,8520.000000000016,123.47826086956546,0
852,32,0,1,132,0.0,0.007518796992481203,0.9924812030075187,133,3200,2500,700,0.78125,39,25,14,205.49879880608634,0.36318542568542567,0.6617578428830702,0.152249110064363,1117865.6684027764,16144.0104166666,1134009.6788194429,851,12,530.1127819548872,75,58,41,30.245279146141204,0.6784722222222221,35.67708333333333,8458.333333333321,112.77777777777762,8
853,32,0,0,132,0.0,0.0,1.0,132,4250,3200,1050,0.7529411764705882,53,32,21,202.56643572316798,0.36385804610995454,0.6538034597484101,0.15054614268612326,1118695.4072262512,14672.028260339921,1133367.4354865912,852,13,532.9848484848485,76,56,41,30.222722466659835,0.6790021929824561,35.57900432900433,8461.471861471859,111.33515607199814,0
854,32,1,0,133,0.007518796992481203,0.0,1.0,133,3200,2100,1100,0.65625,43,21,22,213.63722717060412,0.3656632110579479,0.6752983818116505,0.14936365797167847,1102163.4872205781,17292.630259697547,1119456.1174802757,853,0,529.9699248120301,77,56,40,31.932942807713847,0.658685064935065,37.5400641025641,8398.717948717946,109.07425907425903,8
855,32,0,0,133,0.0,0.0,1.0,133,3650,2700,950,0.7397260273972602,46,27,19,213.90631257705485,0.3651790461000987,0.6754717155519416,0.15006982658532098,1103116.2832826339,16942.707300138663,1120058.9905827725,854,1,530.9699248120301,70,63,41,31.810033338920867,0.6632440476190475,37.42664319248825,8402.347417840345,120.03353454057635,0
856,32,0,0,133,0.0,0.0,1.0,133,3550,2500,1050,0.704225352112676,46,25,21,216.91436423660883,0.36491797676008203,0.6804135401341989,0.15259009284589373,1103856.050524583,17738.446681654586,1121594.4972062376,855,2,531.9699248120301,70,63,38,31.641112290305138,0.6641369047619048,37.33861502347416,8405.164319248794,120.07377598926848,0
857,32,0,0,133,0.0,0.0,1.0,133,2950,1900,1050,0.6440677966101694,40,19,21,218.1849914882752,0.3650722450064556,0.683146248557347,0.15389818875791697,1104596.0657332067,18651.256639996263,1123247.322373203,856,3,532.9699248120301,70,63,39,31.517789007389183,0.6650297619047619,37.25058685446008,8407.981220657253,120.11401743796075,0
858,32,0,1,132,0.0,0.007518796992481203,0.9924812030075187,133,2800,2200,600,0.7857142857142857,34,22,12,216.9199376141823,0.36509123186754766,0.6823427889809384,0.1533505825738142,1105212.934492712,18548.544160109133,1123761.4786528212,857,4,533.9699248120301,70,63,40,31.476080160768102,0.6657738095238095,37.177230046948345,8410.328638497627,120.14755197853754,0
859,32,0,0,132,0.0,0.0,1.0,132,3100,2300,800,0.7419354838709677,39,23,16,216.83407841341383,0.36376648160999303,0.6802653714657845,0.1538545076212541,1106218.8842236379,18473.19045682935,1124692.0746804671,858,5,535.7424242424242,72,60,42,31.356162153361904,0.665943287037037,37.05764840182648,8414.155251141536,116.86326737696578,0
860,32,0,0,132,0.0,0.0,1.0,132,3400,2600,800,0.7647058823529411,42,26,16,216.02032056926802,0.3634845593337959,0.6795405083695787,0.1537149927706526,1106997.8213010295,18026.804845385872,1125024.6261464155,859,6,536.7424242424242,73,59,42,31.283001534125358,0.6663812785388128,36.96509009009009,8417.117117117108,115.30297420708368,0
861,32,0,1,131,0.0,0.007575757575757576,0.9924242424242424,132,3100,2200,900,0.7096774193548387,40,22,18,214.630430787192,0.36336407972858353,0.6783613928954688,0.15325826100594991,1107945.8977558638,18059.78106484863,1126005.6788207125,860,7,537.7424242424242,73,59,35,31.204530865518347,0.6675228310502284,36.85247747747748,8420.72072072072,115.35233864000985,0
862,32,0,0,131,0.0,0.0,1.0,131,2800,1800,1000,0.6428571428571429,38,18,20,214.66851458253672,0.36259786651008025,0.6761386040116109,0.1537065491833326,1108692.0030864186,18600.253086419718,1127292.2561728384,861,8,539.0229007633587,74,57,36,31.11303839321832,0.6679335585585586,36.763888888888886,8423.555555555547,113.83183183183172,0
863,32,0,0,131,0.0,0.0,1.0,131,4200,2700,1500,0.6428571428571429,57,27,30,216.32940492969783,0.36272019964768054,0.6799391092664522,0.15557581755722527,1109880.7325330835,17619.96768236362,1127500.7002154472,862,9,540.0229007633587,75,56,37,30.925183874549006,0.6688888888888889,36.62280701754385,8428.070175438568,112.37426900584758,0
864,32,0,0,131,0.0,0.0,1.0,131,3450,2700,750,0.782608695652174,42,27,15,215.64892104475692,0.3624461734194559,0.6793015075101114,0.15542365242137648,1110468.8934802553,18244.2837465564,1128713.1772268116,863,10,541.0229007633587,76,55,38,30.871824826264056,0.6691337719298245,36.5530303030303,8430.303030303017,110.92503987240812,0
865,32,0,0,131,0.0,0.0,1.0,131,4050,3000,1050,0.7407407407407407,51,30,21,214.4167360367829,0.3626957330201605,0.678220715481471,0.15537539010943144,1111932.9700094413,17433.407624222218,1129366.3776336634,864,11,542.0229007633587,65,66,38,30.726952743020203,0.6767628205128204,36.379419191919204,8435.858585858614,129.7824397824402,0
866,32,0,0,131,0.0,0.0,1.0,131,3650,2600,1050,0.7123287671232876,47,26,21,211.28017670347307,0.36240947347817576,0.6732429775742792,0.15378546659705836,1113131.5682073317,17186.526885012096,1130318.0950923439,865,12,543.0229007633587,65,66,41,30.664592308919747,0.6782051282051282,36.23737373737376,8440.404040404086,129.85236985237054,0
867,32,0,1,130,0.0,0.007633587786259542,0.9923664122137404,131,3700,2300,1400,0.6216216216216216,51,23,28,210.66950116275072,0.3623899001761597,0.6722480379418765,0.153569154467309,1113531.2444202178,17017.41435822912,1130548.658778447,866,13,544.0229007633587,65,66,42,30.632353674344422,0.6786858974358974,36.190025252525274,8441.919191919236,129.87567987568056,0
868,32,0,0,130,0.0,0.0,1.0,130,3950,3000,950,0.759493670886076,49,30,19,208.83228000367484,0.36210122242098985,0.6658811678066578,0.1528359833042218,1114597.398384099,16602.783198143385,1131200.1815822423,867,14,543.7461538461539,65,65,41,30.55192200362774,0.6799679487179487,36.063762626262644,8445.959595959637,129.93783993784058,0
869,32,0,0,130,0.0,0.0,1.0,130,3000,2100,900,0.7,39,21,18,210.13077299588443,0.36229999006161795,0.666874478425211,0.1543256980882007,1115534.6238526092,17881.630562764578,1133416.2544153738,868,15,544.7461538461539,67,63,41,30.404374794531144,0.6798818407960199,35.952818627450995,8449.509803921603,126.11208662569557,0
870,32,0,0,130,0.0,0.0,1.0,130,4250,2900,1350,0.6823529411764706,56,29,27,214.17555740063196,0.3624465811965812,0.6725302583169748,0.1578177799675645,1116418.6543367384,17571.917517006987,1133990.5718537455,869,16,545.7461538461539,69,61,43,30.19072869134136,0.6798007246376812,35.8482142857143,8452.85714285717,122.50517598343725,0
871,32,0,0,130,0.0,0.0,1.0,130,3300,2400,900,0.7272727272727273,42,24,18,213.34890633877075,0.36282920890479026,0.6718814968814963,0.1578781906906909,1117551.0204081675,18385.65759637214,1135936.6780045396,870,17,546.7461538461539,69,61,38,30.0757789039039,0.6811594202898551,35.71428571428573,8457.14285714289,122.56728778467956,0
872,32,0,0,130,0.0,0.0,1.0,130,3100,2200,900,0.7096774193548387,40,22,18,215.65039713557837,0.3624180083482409,0.674689413150952,0.15990077595015875,1118082.845665544,19123.001939650538,1137205.8476051947,871,18,547.7461538461539,70,60,38,29.950720575720588,0.68125,35.65140845070423,8459.154929577477,120.84507042253539,0
873,32,0,0,130,0.0,0.0,1.0,130,3700,3100,600,0.8378378378378378,43,31,12,218.29374523964077,0.36213227986483804,0.6785364621698395,0.16210151134719408,1118477.6107306706,19131.333322616767,1137608.9440532874,872,19,548.7461538461539,71,59,38,29.833162334701317,0.6811913145539906,35.60474537037038,8460.648148148175,119.16405842462218,0
874,32,0,0,130,0.0,0.0,1.0,130,4200,3000,1200,0.7142857142857143,54,30,24,218.00814422451128,0.36208879944345057,0.6790799520413948,0.1626388787084947,1119701.9977334144,18620.830922068155,1138322.8286554825,873,20,549.7461538461539,71,59,39,29.69288351107465,0.6826584507042254,35.46006944444446,8465.277777777808,119.22926447574378,0
875,32,0,1,129,0.0,0.007692307692307693,0.9923076923076923,130,2750,1800,950,0.6545454545454545,37,18,19,216.69043338086644,0.362032896044524,0.6771653543307086,0.16188050023158881,1120069.4444444478,19791.66666666687,1139861.1111111147,874,21,550.7461538461539,71,59,40,29.68339895013125,0.6830985915492958,35.41666666666668,8466.666666666692,119.24882629108016,0
876,32,0,0,129,0.0,0.0,1.0,129,3350,2800,550,0.835820895522388,39,28,11,216.05363931377667,0.3612044775516796,0.6744554904513593,0.1618073516074975,1120727.7086272617,19277.46002574196,1140005.1686530036,875,22,552.7829457364342,66,63,40,29.62083161996513,0.6867108585858586,35.33893034825871,8469.154228855721,128.32051861902607,0
877,32,0,0,129,0.0,0.0,1.0,129,3150,1900,1250,0.6031746031746031,44,19,25,215.92531507253625,0.3610783066860465,0.6745752278548907,0.16195349843281917,1121122.7599564346,19465.757035716793,1140588.5169921515,876,23,553.7829457364342,66,63,42,29.57657895767258,0.6871843434343434,35.29228855721392,8470.646766169137,128.3431328207445,0
878,32,0,0,129,0.0,0.0,1.0,129,3350,2400,950,0.7164179104477612,43,24,19,213.46496865020262,0.36125999273255816,0.6704693180294548,0.16065167231415123,1122015.7549079682,18752.211589292598,1140767.9664972608,877,24,554.7829457364342,67,62,42,29.534054973872458,0.6876554726368159,35.18688725490196,8474.01960784314,126.47790459467373,0
879,32,0,0,129,0.0,0.0,1.0,129,3950,2900,1050,0.7341772151898734,50,29,21,215.4743804895249,0.3611741965439277,0.6727810733114665,0.1626450659888849,1122794.752168637,18636.700728085336,1141431.4528967224,878,25,555.7829457364342,67,62,42,29.38695088571482,0.6885883084577115,35.09497549019608,8476.960784313726,126.52180275095112,0
880,32,0,0,129,0.0,0.0,1.0,129,3700,2600,1100,0.7027027027027027,48,26,22,214.2996083495352,0.36095213582041347,0.6709583066738054,0.16241174573213718,1123852.3951247162,18668.225623582744,1142520.620748299,879,26,556.7829457364342,69,60,43,29.290660677522002,0.688707729468599,34.970238095238095,8480.952380952378,122.91235334713592,0
881,32,0,0,129,0.0,0.0,1.0,129,3650,3000,650,0.821917808219178,43,30,13,216.81772898023473,0.3607048409237726,0.6735575682661756,0.1648758633052,1124736.0012755087,19322.541099773174,1144058.542375282,880,27,557.7829457364342,69,60,43,29.11749780172493,0.6897644927536232,34.86607142857142,8484.285714285703,122.96066252587975,0
882,32,0,0,129,0.0,0.0,1.0,129,3350,2200,1150,0.6567164179104478,45,22,23,242.3888517275923,0.360031088501292,0.7057270101149695,0.16936488863184695,1102000.0566893423,24272.505668934267,1126272.5623582765,881,28,558.7829457364342,69,60,38,31.19825924245862,0.66243961352657,37.55952380952381,8398.095238095237,121.71152518978604,8
883,32,0,0,129,0.0,0.0,1.0,129,3950,2700,1250,0.6835443037974683,52,27,25,239.3999571735435,0.35998819040697677,0.6999539198628457,0.16799649887258647,1103183.6997138087,23070.42609320723,1126254.125807016,882,29,559.7829457364342,63,66,39,31.13242267402216,0.6674933862433863,37.41861979166665,8402.604166666633,133.37466931216878,0
884,32,0,0,129,0.0,0.0,1.0,129,3350,2000,1350,0.5970149253731343,47,20,27,238.33179172417718,0.35994529231266154,0.7004138433158564,0.1679141619476183,1104278.0600653724,23486.9137234156,1127764.973788788,883,30,560.7829457364342,63,66,40,31.027159097949315,0.6688161375661376,37.28841145833332,8406.77083333331,133.44080687830652,0
885,32,0,0,129,0.0,0.0,1.0,129,4500,3400,1100,0.7555555555555555,56,34,22,235.8145309597165,0.3600134245801034,0.6965720531742357,0.16667162858833606,1105153.1093765937,21822.232425262708,1126975.3418018564,884,31,561.7829457364342,65,64,37,30.98676835615342,0.6685897435897437,37.18434343434343,8410.101010101005,129.3861693861693,0
886,32,0,0,129,0.0,0.0,1.0,129,3850,2800,1050,0.7272727272727273,49,28,21,237.2621389631777,0.3599225815568476,0.6977162983344434,0.16826521809227646,1106082.4509297512,22836.2976354453,1128918.7485651965,885,32,562.7829457364342,65,64,39,30.835621886067592,0.6697115384615384,37.07386363636363,8413.636363636357,129.44055944055933,0
887,32,0,0,129,0.0,0.0,1.0,129,2950,1900,1050,0.6440677966101694,40,19,21,220.54384824393748,0.3599276283914729,0.677910355596939,0.1399456277180889,1074610.462814601,18649.745366466064,1093260.208181067,886,33,563.7829457364342,76,53,38,35.12586782899203,0.6256853070175439,40.84145021645021,8293.073593073581,109.11938938254711,8
888,32,1,0,130,0.007692307692307693,0.0,1.0,130,3200,2200,1000,0.6875,42,22,20,216.17207043419424,0.3619769926455973,0.6745512457362903,0.13775559867478646,1075852.1012537424,17313.835241799934,1093165.9364955423,887,0,560.4384615384615,77,53,40,35.08625388405348,0.6267586580086579,40.6917735042735,8297.863247863235,107.7644577644576,0
889,32,0,1,129,0.0,0.007692307692307693,0.9923076923076923,130,4450,3700,750,0.8314606741573034,52,37,15,218.6041712941815,0.36187885112303714,0.6785994898080352,0.1400814145534899,1077470.6155489846,16657.91420118362,1094128.5297501683,888,1,561.4384615384615,64,66,39,34.82394656127133,0.6355794270833333,40.49679487179488,8304.102564102592,129.751602564103,0
890,32,0,0,129,0.0,0.0,1.0,129,3450,2000,1450,0.5797101449275363,49,20,29,216.68742875540602,0.3620927204457364,0.6736219158034353,0.13944008798041505,1078696.0694204154,17497.97553825456,1096194.04495867,889,2,564.3643410852713,67,62,41,34.72295968534905,0.6352611940298507,40.349264705882355,8308.823529411768,124.01229148375772,0
891,32,2,0,131,0.015267175572519083,0.0,1.0,131,3200,2400,800,0.75,40,24,16,211.0101453037143,0.3657565081229203,0.6690002534758088,0.13637108222767066,1079940.5431021191,16175.682183870102,1096116.2252859892,890,0,556.7328244274809,70,61,44,34.71747703486181,0.6351190476190476,40.19953051643193,8313.615023474185,118.76592890677408,0
892,32,0,0,131,0.0,0.0,1.0,131,3500,2600,900,0.7428571428571429,44,26,18,208.1092788274083,0.36570268154237623,0.6639138305287346,0.13483793295210209,1080674.1708106592,15279.66446696279,1095953.8352776219,891,1,557.7328244274809,72,59,43,34.70277640513187,0.6349826388888888,40.111301369863014,8316.438356164386,115.50608828006092,0
893,32,0,0,131,0.0,0.0,1.0,131,3450,2300,1150,0.6666666666666666,46,23,23,207.74058840310988,0.36571246819338427,0.6646411817018709,0.13511916017543116,1081787.3955036115,15296.230013797598,1097083.625517409,892,2,558.7328244274809,73,58,35,34.57575429478851,0.6358447488584476,39.97747747747748,8320.72072072072,113.98247562631123,0
894,32,1,1,131,0.007575757575757576,0.007575757575757576,0.9924242424242424,132,3750,2300,1450,0.6133333333333333,52,23,29,206.60786418446094,0.3664399240496569,0.6662097187435645,0.1350098824720696,1083128.6098847727,14606.57774507543,1097735.187629848,893,0,555.4924242424242,75,57,39,34.44073864334756,0.6365277777777778,39.81633771929825,8325.87719298246,111.01169590643279,0
895,32,1,0,132,0.007575757575757576,0.0,1.0,132,3350,2300,1050,0.6865671641791045,44,23,21,206.69359745413067,0.36795073829902075,0.659175213377055,0.12886208491996737,1069418.61929957,14458.396321491446,1083877.0156210614,894,0,552.4469696969697,62,70,46,36.124568303914,0.627016129032258,41.46825396825396,8273.015873015862,133.4357398873526,8
896,32,0,0,132,0.0,0.0,1.0,132,3700,2200,1500,0.5945945945945946,52,22,30,206.62624695825787,0.368495306114581,0.6603906619247961,0.12929844029659907,1070513.2135158558,14139.225525600921,1084652.4390414567,895,1,553.4469696969697,62,70,46,35.991301244353515,0.6283602150537635,41.33597883597882,8277.248677248652,133.50401092336534,0
897,32,1,0,133,0.007518796992481203,0.0,1.0,133,4000,2600,1400,0.65,54,26,28,203.57394486612668,0.370419419761525,0.6584015304842088,0.12786914179864142,1071623.1139053223,13030.908941485679,1084654.022846808,896,0,550.2781954887218,64,69,45,35.933468532623266,0.62841796875,41.201923076923066,8281.538461538437,129.39903846153808,0
898,32,0,1,132,0.0,0.007518796992481203,0.9924812030075187,133,3550,2400,1150,0.676056338028169,47,24,23,204.62246674276838,0.3709320650110124,0.6608127559711121,0.12907500237787772,1072872.2236570243,13756.752180899846,1086628.9758379243,897,1,551.2781954887218,65,68,50,35.752460839885394,0.6293269230769231,41.05113636363636,8286.363636363632,127.48251748251742,0
899,32,0,0,132,0.0,0.0,1.0,132,3650,2400,1250,0.6575342465753424,49,24,25,204.93314649527903,0.3709470660806539,0.6587735475023921,0.12963538674655772,1073698.0674983258,13957.26467166633,1087655.3321699922,898,2,553.25,66,66,41,35.642729964390014,0.6297348484848485,40.95149253731342,8289.552238805943,125.5992763455446,0
900,32,1,2,131,0.007518796992481203,0.015037593984962405,0.9849624060150376,133,3900,2800,1100,0.717948717948718,50,28,22,220.2641977321936,0.3723845598845599,0.6894043983679325,0.13501550195718157,1064384.546716923,16389.16165222956,1080773.7083691524,899,0,550.0827067669173,70,63,36,36.396354759196065,0.6160714285714286,42.0774647887324,8253.521126760577,117.90744466800825,8
901,32,0,1,130,0.0,0.007633587786259542,0.9923664122137404,131,3550,2500,1050,0.704225352112676,46,25,21,220.11121140247087,0.37016050107653165,0.6849522181776337,0.13541941416748038,1065482.716049383,17154.938271604893,1082637.6543209879,900,1,556.2519083969465,74,57,37,36.264352350197335,0.615427927927928,41.94444444444444,8257.77777777778,111.59159159159161,0
902,32,0,0,130,0.0,0.0,1.0,130,3650,2600,1050,0.7123287671232876,47,26,21,219.9511832637141,0.36969414629298347,0.6834301540396599,0.13560221414717066,1066100.9474382054,17248.03297352,1083348.9804117254,901,2,558.9615384615385,76,54,39,36.19197980539103,0.6152686403508771,41.86958874458875,8260.17316017317,108.68648894964697,0
903,32,2,0,132,0.015151515151515152,0.0,1.0,132,3750,3000,750,0.8,45,30,15,230.25744880330402,0.3725253489089367,0.6905573286660478,0.1321959215171121,1044465.0741598126,17949.17266803869,1062414.2468278513,902,0,551.4772727272727,71,61,39,38.61929029822574,0.590962441314554,44.50231481481483,8175.925925925963,115.15388628064737,8
904,32,0,0,132,0.0,0.0,1.0,132,3800,2700,1100,0.7105263157894737,49,27,22,230.01055058366336,0.37269642994833835,0.6912176773107104,0.13261065055020987,1045766.6250053628,17907.471439900793,1063674.0964452636,903,1,552.4772727272727,71,61,38,38.46279450323506,0.5925762910798122,44.34317129629631,8181.018518518554,115.22561293688103,0
905,32,0,0,132,0.0,0.0,1.0,132,3300,2400,900,0.7272727272727273,42,24,18,230.62235689596793,0.3724759522707996,0.6899442365544048,0.13346718055775594,1046934.5527960409,18589.302816329884,1065523.855612371,904,2,553.4772727272727,73,59,43,38.30114094944601,0.5930365296803652,44.200450450450454,8185.585585585599,112.13130939158354,0
906,32,3,4,131,0.022222222222222223,0.02962962962962963,0.9703703703703703,135,3700,2500,1200,0.6756756756756757,49,25,24,222.75402383915952,0.37745761931085314,0.6848996827968661,0.1297650172115662,1048961.6977989578,16032.087807575068,1064993.7856065328,905,0,542.1555555555556,76,59,34,38.2493703879819,0.5941611842105263,43.95292207792209,8193.506493506522,107.80929596719108,0
907,32,2,1,132,0.015037593984962405,0.007518796992481203,0.9924812030075187,133,3800,2800,1000,0.7368421052631579,48,28,20,228.2635845222817,0.37520648211437685,0.6934908250487037,0.1337537286859718,1050754.4231774793,17569.794217426643,1068324.2173949059,906,0,551.1804511278195,65,68,40,37.88460255383796,0.6020833333333333,43.73421717171716,8200.50505050503,126.16161616161584,0
908,32,4,0,136,0.029411764705882353,0.0,1.0,136,4250,3600,650,0.8470588235294118,49,36,13,223.48246140369181,0.3812965232389252,0.6925137177602794,0.13242353063388088,1054166.6702097487,15667.552437641543,1069834.2226473903,907,0,539.8529411764706,69,67,43,37.582069975070986,0.6040157004830917,43.31845238095237,8213.809523809508,119.04071773636969,0
909,32,4,3,137,0.02857142857142857,0.02142857142857143,0.9785714285714285,140,2550,1700,850,0.6666666666666666,34,17,17,248.69471611395562,0.3880727560808496,0.7277043019235998,0.14526396937119607,1049781.5479517053,21665.024809903825,1071446.5727616092,908,0,525.4,80,60,35,37.482637145630434,0.5934895833333333,43.85288065843623,8196.707818930074,102.45884773662593,8
910,32,1,0,138,0.007246376811594203,0.0,1.0,138,3300,2200,1100,0.6666666666666666,44,22,22,246.15272503568224,0.38681172643605205,0.7213263519699336,0.14454130730403314,1051401.658631774,20861.076675849567,1072262.7353076234,909,0,527.7753623188406,65,73,36,37.34530845954935,0.6028846153846155,43.65530303030304,8203.030303030317,126.20046620046641,0
911,32,1,0,139,0.007194244604316547,0.0,1.0,139,3300,2700,600,0.8181818181818182,39,27,12,248.28854446186986,0.38881286275327565,0.7278181091270242,0.14658351599875938,1053048.659841343,21191.98379990608,1074240.643641249,910,0,524.9712230215828,66,73,38,37.08487364402157,0.604324494949495,43.45460199004976,8209.452736318428,124.38564751997617,0
912,32,2,1,140,0.014184397163120567,0.0070921985815602835,0.9929078014184397,141,4200,2400,1800,0.5714285714285714,60,24,36,241.20779444719196,0.392080378250591,0.7248256123017873,0.14341376474197204,1055201.569353526,18504.568648196073,1073706.138001722,911,0,518.5106382978723,70,71,36,36.998090912553316,0.6047619047619048,43.19248826291081,8217.840375586875,117.39771965124108,0
913,32,0,0,140,0.0,0.0,1.0,140,3150,2000,1150,0.6349206349206349,43,20,23,246.75416310704938,0.3908701610140459,0.7305879425275159,0.14700301605448587,1055804.4899876597,20954.830666314123,1076759.3206539738,912,1,523.0642857142857,70,70,32,36.780489081805534,0.6055059523809524,43.11913145539907,8220.187793427252,117.4312541918179,0
914,32,0,0,140,0.0,0.0,1.0,140,3800,2300,1500,0.6052631578947368,53,23,30,232.93369931990065,0.3910960517300445,0.7196902747092411,0.13194442769740547,1040278.5749716604,16663.18735827691,1056941.7623299372,913,2,524.0642857142857,69,71,41,39.07541824725222,0.5868055555555556,45.01488095238097,8159.523809523849,118.25396825396884,8
915,32,2,1,141,0.014084507042253521,0.007042253521126761,0.9929577464788732,142,3700,2600,1100,0.7027027027027027,48,26,22,198.56756853722317,0.3938136799520527,0.6756459867496005,0.11505238529950912,1047299.7132737437,9491.9515188998,1056791.6647926436,914,0,517.669014084507,76,66,39,39.07560896080093,0.5921052631578947,44.15584415584417,8187.012987013022,107.72385509227661,8
916,32,1,0,142,0.007042253521126761,0.0,1.0,142,3050,1900,1150,0.6229508196721312,42,19,23,196.89084724529826,0.39535781473712245,0.6732738280082307,0.11443248882412403,1048247.654400118,9828.073759547322,1058075.7281596654,915,0,516.2464788732394,78,64,40,39.00046792362116,0.5924145299145299,44.04008438818567,8190.717299578092,105.00919614843708,0
917,32,1,0,143,0.006993006993006993,0.0,1.0,143,3950,2700,1250,0.6835443037974683,52,27,25,195.1946972274862,0.3964468629961588,0.6743777319413189,0.11421183198088737,1050312.5232376605,8453.086993522622,1058765.6102311832,916,0,513.6293706293707,81,62,43,38.78698952187354,0.59375,43.788109756097576,8198.780487804914,101.21951219512239,0
918,32,2,1,144,0.013793103448275862,0.006896551724137931,0.993103448275862,145,3950,2800,1150,0.7088607594936709,51,28,23,190.1625980337938,0.39959091634738186,0.6690487698538756,0.1119519047164924,1052189.5491690289,7067.419658797475,1059256.9688278264,917,0,507.5310344827586,70,75,45,38.68272879836758,0.6010416666666667,43.55927230046946,8206.10328638492,117.23004694835599,0
919,32,3,1,146,0.02040816326530612,0.006802721088435374,0.9931972789115646,147,3750,2300,1450,0.6133333333333333,52,23,29,190.9365802564986,0.40115087130742705,0.6743880073504109,0.11379091649435695,1055913.9861543851,7172.521112264862,1063086.50726665,918,0,501.5374149659864,75,72,41,38.200761617670594,0.6031944444444444,43.105811403508746,8220.614035087652,109.60818713450203,0
920,32,0,1,145,0.0,0.00684931506849315,0.9931506849315068,146,3300,1800,1500,0.5454545454545454,48,18,30,208.67564222059272,0.3997697213037317,0.7020646543790918,0.11947253801860346,1043602.4605920837,11054.882737408927,1054657.3433294927,919,1,505.8972602739726,67,79,42,39.278430902111346,0.592039800995025,44.60784313725492,8172.549019607874,121.97834357623692,8
921,32,2,2,145,0.013605442176870748,0.013605442176870748,0.9863945578231292,147,4700,3400,1300,0.723404255319149,60,34,26,211.32617800565856,0.4002675271021651,0.7068312686811515,0.12187965976217643,1045871.4604591884,10104.003684807505,1055975.464143996,920,0,503.42857142857144,69,78,44,38.92738829714997,0.59375,44.33035714285716,8181.42857142861,118.57142857142912,0
922,32,2,1,146,0.013605442176870748,0.006802721088435374,0.9931972789115646,147,3800,2600,1200,0.6842105263157895,50,26,24,205.01026653277475,0.4009839095455534,0.6973242246782398,0.1189562638568708,1047742.7803077213,9759.60532973556,1057502.385637457,921,0,504.15646258503403,76,71,38,38.85555438077115,0.5926535087719298,44.10173160173162,8188.744588744636,107.74663932558731,8
923,32,1,1,146,0.006802721088435374,0.006802721088435374,0.9931972789115646,147,3600,2600,1000,0.7222222222222222,46,26,20,206.6617337400113,0.39995884198428233,0.7008474212367399,0.12022758039642775,1048545.3677450921,10338.840720651862,1058884.208465744,922,0,505.1496598639456,77,70,39,38.713276209852744,0.5932088744588744,44.00373931623933,8191.88034188038,106.38805638805688,0
924,32,2,0,148,0.013513513513513514,0.0,1.0,148,4300,2900,1400,0.6744186046511628,57,29,28,202.11331237005345,0.4000965250965251,0.6949691623108893,0.11834042449394422,1050520.8359153024,8564.849172120159,1059085.6850874226,923,0,502.64864864864865,81,67,42,38.583806372184526,0.5940072016460906,43.762703252032544,8199.593495935018,101.22954933253108,0
925,32,0,1,147,0.0,0.006756756756756757,0.9932432432432432,148,4650,3400,1250,0.7311827956989247,59,34,25,199.23104174723662,0.4003091101305387,0.6910866920175285,0.11732788857181072,1052286.5360296592,7679.628557955823,1059966.164587615,924,1,503.64864864864865,71,77,42,38.43812290796946,0.6006455399061033,43.54745370370369,8206.481481481445,115.58424621804852,0
926,32,0,0,147,0.0,0.0,1.0,147,3700,2500,1200,0.6756756756756757,49,25,24,205.95095220736198,0.39951231634206197,0.6973692539103271,0.12161599185791368,1053117.7963445203,10278.122588734488,1063395.9189332547,925,2,508.0204081632653,71,76,41,38.162430214853664,0.6016725352112676,43.44618055555555,8209.722222222212,115.62989045383397,0
927,32,1,1,147,0.006756756756756757,0.006756756756756757,0.9932432432432432,148,3900,2500,1400,0.6410256410256411,53,25,28,202.84281762358,0.40100815100815096,0.6948804545306364,0.12034636655233677,1054553.2145320938,9281.709073938457,1063834.9236060323,926,0,505.5810810810811,73,75,42,38.0638410644442,0.6024543378995434,43.271396396396376,8215.315315315269,112.53856596322287,0
928,32,1,0,148,0.006756756756756757,0.0,1.0,148,3900,2600,1300,0.6666666666666666,52,26,26,203.6333343595815,0.4016257967150824,0.695316387415754,0.12117767712175807,1055463.3426871623,9485.503953138848,1064948.8466403012,927,0,506.5337837837838,75,73,46,37.93053035558639,0.602638888888889,43.160635964912245,8218.859649122722,109.58479532163629,0
929,32,2,1,149,0.013333333333333334,0.006666666666666667,0.9933333333333333,150,3850,2600,1250,0.6753246753246753,51,26,25,201.73135269775037,0.403806860551827,0.6954103405826846,0.12079098440403302,1057339.279673834,8809.69662981322,1066148.9763036473,928,0,500.76666666666665,78,72,37,37.74663178771713,0.6036324786324787,42.93248945147677,8226.160337552685,105.46359407118827,0
930,32,2,0,151,0.013245033112582781,0.0,1.0,151,5400,4100,1300,0.7592592592592593,67,41,26,202.75697028307331,0.40408756438557764,0.7021476258144093,0.12214871136565619,1059184.0277777764,7351.388888888814,1066535.416666665,929,0,498.43046357615896,67,84,42,37.49156545209177,0.611318407960199,42.70833333333333,8233.333333333321,122.8855721393033,0
931,32,1,1,151,0.006578947368421052,0.006578947368421052,0.993421052631579,152,4150,3000,1150,0.7228915662650602,53,30,23,202.58471677348564,0.40539313930521664,0.7025512004307137,0.12269245202420778,1060777.384495464,8429.457199546427,1069206.8416950104,930,0,496.14473684210526,69,83,43,37.29862596081605,0.6121678743961353,42.51488095238095,8239.523809523802,119.41338854382322,0
932,32,1,0,152,0.006578947368421052,0.0,1.0,152,3700,2900,800,0.7837837837837838,45,29,16,205.0728282314166,0.40516258568606944,0.7076017982281371,0.12504388662066304,1062810.953652276,9490.729628160327,1072301.6832804363,931,0,497.00657894736844,70,82,45,36.98281341910023,0.6141369047619047,42.26819248826292,8247.417840375605,117.82025486250865,0
933,32,1,0,153,0.006535947712418301,0.0,1.0,153,3100,1800,1300,0.5806451612903226,44,18,26,203.21290854191508,0.4060403766769866,0.7058752180165402,0.12447554989623631,1064173.4671749459,9550.757091551033,1073724.224266497,932,0,494.7516339869281,73,80,46,36.862241416953204,0.6142979452054795,42.10304054054054,8252.702702702707,113.0507219548316,0
934,32,2,2,153,0.012903225806451613,0.012903225806451613,0.9870967741935484,155,4100,2600,1500,0.6341463414634146,56,26,30,201.0836913774422,0.40807848065912583,0.7060562619730257,0.12396043775577449,1066077.4949618108,7774.159596267471,1073851.6545580782,933,0,489.35483870967744,80,75,40,36.681903480802404,0.6135416666666667,41.87242798353909,8260.082304526743,103.25102880658429,0
935,32,1,0,154,0.006493506493506494,0.0,1.0,154,4700,3300,1400,0.7021276595744681,61,33,28,204.80523123997065,0.4071165082194494,0.7106805815543673,0.12684283285398765,1067458.871551595,8224.232205456654,1075683.1037570515,934,0,493.4415584415584,80,74,44,36.41523525018672,0.615234375,41.705246913580254,8265.43209876545,103.31790123456813,0
936,32,0,0,154,0.0,0.0,1.0,154,3700,2600,1100,0.7027027027027027,48,26,22,204.16328669309442,0.4073127988569165,0.7093056514921756,0.12704855604635298,1068869.6060360628,9144.786362935225,1078014.3923989981,935,1,494.4415584415584,70,84,43,36.25771035552782,0.621577380952381,41.53462441314555,8270.892018779365,118.15560026827664,0
937,32,1,1,154,0.0064516129032258064,0.0064516129032258064,0.9935483870967742,155,4700,3600,1100,0.7659574468085106,58,36,22,202.63298003107218,0.4081081552855746,0.7087411647647881,0.12658798680121103,1070020.2019609723,7664.276443360499,1077684.478404333,936,0,492.2451612903226,72,83,44,36.15536886828891,0.6219618055555556,41.39554794520549,8275.342465753456,114.93531202435355,0
938,32,1,1,154,0.0064516129032258064,0.0064516129032258064,0.9935483870967742,155,4800,3100,1700,0.6458333333333334,65,31,34,205.03660838075123,0.4083141321044547,0.7118792986000813,0.1288101477728331,1071674.0196461729,8146.481255603624,1079820.5009017766,937,0,493.19354838709677,72,83,42,35.88934222859348,0.6239872685185186,41.19577625570777,8281.735159817366,115.02409944190786,0
939,32,3,1,156,0.01910828025477707,0.006369426751592357,0.9936305732484076,157,5050,4000,1050,0.7920792079207921,61,40,21,206.4510536004975,0.4096864962708912,0.7173571089337032,0.1310943392741909,1074814.1856148043,7929.30420898737,1082743.4898237917,938,0,487.7070063694268,75,82,41,35.466023268112124,0.6263888888888889,40.81688596491228,8293.859649122805,110.5847953216374,0
940,32,2,1,157,0.012658227848101266,0.006329113924050633,0.9936708860759493,158,4700,3400,1300,0.723404255319149,60,34,26,205.62002405789445,0.410027647880889,0.7185622118713488,0.13150984620258663,1076914.888504419,7987.053056516568,1084901.9415609357,939,0,485.60759493670884,67,91,46,35.22919618957644,0.6330845771144278,40.56372549019607,8301.960784313707,123.90986245244339,0
941,32,1,1,157,0.006329113924050633,0.006329113924050633,0.9936708860759493,158,4700,3100,1600,0.6595744680851063,63,31,32,206.0925507374328,0.40935996667472924,0.7203522167904575,0.1327217508511636,1078913.7472578117,8171.217239608804,1087084.9644974205,940,0,486.44303797468353,68,90,45,34.971319496928466,0.6349571078431373,40.32306763285024,8309.661835748786,122.20090934924686,0
942,32,1,0,158,0.006329113924050633,0.0,1.0,158,4600,3300,1300,0.717391304347826,59,33,26,203.25219577431386,0.4088535367787363,0.7160016235001643,0.13171798141738023,1080733.5069444461,7732.291666666757,1088465.7986111129,941,0,487.1392405063291,69,89,47,34.82172678690712,0.6366243961352658,40.10416666666667,8316.66666666668,120.53140096618378,0
943,32,0,0,158,0.0,0.0,1.0,158,4050,2900,1150,0.7160493827160493,52,29,23,203.6155590640596,0.4091281679163643,0.7161155103466348,0.1324285707630214,1081770.898768985,8403.077266415476,1090173.9760354005,942,1,488.1392405063291,70,88,40,34.68503733378473,0.6373511904761905,39.97946009389672,8320.657276995318,118.86653252850455,0
944,32,1,2,157,0.006289308176100629,0.012578616352201259,0.9874213836477987,159,4450,3400,1050,0.7640449438202247,55,34,21,201.71493363925745,0.4098300294562535,0.7164951067035494,0.13198423104290022,1083502.6878911622,7461.73455718462,1090964.4224483469,943,0,486.062893081761,71,88,42,34.52221280183841,0.63893779342723,39.771412037037045,8327.314814814827,117.2861241523215,0
945,32,0,0,157,0.0,0.0,1.0,157,4100,2500,1600,0.6097560975609756,57,25,32,205.9525187336615,0.4085228509989656,0.719492405103831,0.12995996002958374,1072976.0826665224,8696.425353229499,1081672.5080197519,944,1,493.0063694267516,67,90,37,35.70522774327121,0.6282649253731343,41.03860294117647,8286.764705882351,123.68305531167688,7
946,32,0,0,157,0.0,0.0,1.0,157,3750,2700,1050,0.72,48,27,21,204.62654973229638,0.40874231041428494,0.7171789413457426,0.1296017772786106,1074060.8028628093,8806.271258503311,1082867.0741213125,945,2,494.0063694267516,69,88,38,35.606022533647305,0.6284722222222222,40.90773809523809,8290.952380952362,120.15873015872988,0
947,32,0,2,155,0.0,0.012738853503184714,0.9872611464968153,157,3450,2300,1150,0.6666666666666666,46,23,23,205.67947167137737,0.4086759622189558,0.7186404690523411,0.13078680300503698,1075222.2150549383,9380.227424365523,1084602.4424793038,946,3,495.0063694267516,72,85,42,35.43581769141847,0.6283275462962963,40.76769406392693,8295.43378995432,115.21435819381001,0
948,32,1,1,155,0.00641025641025641,0.00641025641025641,0.9935897435897436,156,3800,2800,1000,0.7368421052631579,48,28,20,202.41609006306354,0.4073976426799007,0.7124652455977751,0.12923488827103272,1076406.2499999984,8576.388888888796,1084982.6388888871,947,0,498.84615384615387,67,89,43,35.37483266398928,0.6324626865671642,40.62499999999999,8299.999999999987,123.88059701492519,0
949,32,1,1,155,0.00641025641025641,0.00641025641025641,0.9935897435897436,156,5050,3700,1350,0.7326732673267327,64,37,27,211.03142981264875,0.40775692721257234,0.7252982060674371,0.12649249176195274,1057657.276224431,8389.785450678623,1066047.0616751097,948,0,499.79487179487177,72,84,40,37.46808746808747,0.6067708333333333,42.89383561643835,8227.397260273963,114.26940639269394,8
950,32,0,0,155,0.0,0.0,1.0,155,4550,2900,1650,0.6373626373626373,62,29,33,212.5227913847068,0.4069700460829493,0.7252663461334805,0.12793368034739477,1058952.246165085,9460.297459621906,1068412.5436247068,949,1,504.01290322580644,73,82,43,37.26905048515358,0.6078767123287672,42.73648648648649,8232.43243243244,112.77304701962248,0
951,32,1,0,156,0.00641025641025641,0.0,1.0,156,4550,3700,850,0.8131868131868132,54,37,17,210.1414563815035,0.4082971464019851,0.7237279678131652,0.1273099836934362,1060873.9900584149,8836.721061626493,1069710.7111200413,950,0,501.77564102564105,65,91,44,37.09208039636328,0.6145833333333333,42.503156565656575,8239.89898989901,126.76767676767707,0
952,32,0,0,156,0.0,0.0,1.0,156,3950,2700,1250,0.6835443037974683,52,27,25,215.62410457748237,0.40826785221946515,0.7293284412242964,0.1312353391539706,1062258.3947488933,10659.703039528802,1072918.0977884221,951,1,502.77564102564105,66,90,44,36.77932480540642,0.6156881313131313,42.33519900497513,8245.273631840804,124.92838836122431,0
953,32,2,0,158,0.012658227848101266,0.0,1.0,158,4150,2500,1650,0.6024096385542169,58,25,33,209.35214393194272,0.4104030610873713,0.7242730305422229,0.12811884685751548,1063900.2402521607,8795.959245300015,1072696.1994974606,952,0,497.3987341772152,70,88,44,36.73771525565165,0.6154761904761905,42.136150234741805,8251.64319248831,117.8806170355473,0
954,32,1,2,157,0.006289308176100629,0.012578616352201259,0.9874213836477987,159,4300,2800,1500,0.6511627906976745,58,28,30,208.09896619402164,0.41105239763288487,0.7246987063788128,0.12788549149221864,1065148.2258444803,8231.248928326617,1073379.474772807,953,0,495.2641509433962,71,88,40,36.61568726402753,0.6164906103286385,41.98495370370371,8256.481481481493,116.28847157016187,0
955,32,0,0,157,0.0,0.0,1.0,157,4350,3400,950,0.7816091954022989,53,34,19,215.53475744982995,0.40960653818934073,0.7303154646339163,0.13261446942506447,1065506.6102162632,10180.741758830583,1075687.3519750938,954,2,502.5668789808917,71,86,41,36.37949440301995,0.616930751173709,41.941550925925924,8257.870370370367,116.30803338549812,0
956,32,2,1,158,0.012578616352201259,0.006289308176100629,0.9937106918238994,159,5000,3700,1300,0.74,63,37,26,212.3439125910506,0.4112779635379349,0.7302191113816183,0.1316532258064516,1067777.7777777796,8547.22222222232,1076325.0000000019,955,0,497.2327044025157,74,85,45,36.18111559139785,0.6182432432432432,41.66666666666667,8266.66666666668,111.7117117117119,0
957,32,0,2,156,0.0,0.012658227848101266,0.9873417721518988,158,4550,3200,1350,0.7032967032967034,59,32,27,214.79096524796205,0.4104206979494209,0.7317476255534892,0.1334202360869811,1068333.4055960213,9743.672678922296,1078077.0782749436,956,1,501.3481012658228,61,97,44,36.04925227568271,0.6263661202185793,41.59946236559139,8268.817204301065,135.55438039837813,0
958,32,0,0,156,0.0,0.0,1.0,156,4150,2700,1450,0.6506024096385542,56,27,29,217.44544342109532,0.40921646677695067,0.7298842643035277,0.13561526771669016,1069527.6260375977,11162.781778971355,1080690.407816569,957,2,508.44871794871796,63,93,46,35.833136606861835,0.6264880952380952,41.455078125,8273.4375,131.32440476190476,0
959,32,0,0,156,0.0,0.0,1.0,156,4750,3600,1150,0.7578947368421053,59,36,23,215.51515511398853,0.4088813068651778,0.7278128145021219,0.13484489039606706,1070478.4883109317,10190.86749090363,1080669.3558018354,958,3,509.44871794871796,66,90,45,35.76566287992626,0.6257891414141414,41.34017412935323,8277.114427860686,125.41082466455585,0
960,32,0,1,155,0.0,0.00641025641025641,0.9935897435897436,156,4150,3000,1150,0.7228915662650602,53,30,23,219.11400081281897,0.4089898676592225,0.7312886857242835,0.13458329389777976,1064990.0847770544,11320.847660296931,1076310.9324373512,959,4,510.44871794871796,70,86,39,36.351056771869956,0.6168154761904762,42.00410798122067,8255.86854460097,117.94097920858528,8
961,32,0,0,155,0.0,0.0,1.0,155,3050,2400,650,0.7868852459016393,37,24,13,200.40265432098786,0.408048806032677,0.7077534050179215,0.11928729423868295,1055545.1304184622,8256.809178290545,1063801.9395967529,960,5,514.5419354838709,72,83,49,38.00335648148145,0.6041666666666667,43.15068493150684,8219.178082191758,114.1552511415522,8
962,32,5,1,159,0.03125,0.00625,0.99375,160,4700,3400,1300,0.723404255319149,60,34,26,195.70671144326238,0.4114452306079665,0.71228966693651,0.11809322636775225,1059674.1638322,4777.069160997771,1064451.2329931979,961,0,499.43125,69,91,42,37.61227400639913,0.6108091787439613,42.648809523809526,8235.238095238099,119.35127674258115,0
963,32,1,0,160,0.00625,0.0,1.0,160,5000,3400,1600,0.68,66,34,32,194.1233037105015,0.4119300314465409,0.7097848218737886,0.11777248768641492,1061299.8093503055,4204.6050436813375,1065504.4143939868,962,0,500.13125,72,88,40,37.45186713945371,0.611255787037037,42.45148401826484,8241.552511415526,114.46600710299342,0
964,32,2,0,162,0.012345679012345678,0.0,1.0,162,5250,3700,1550,0.7047619047619048,68,37,31,190.15147189141058,0.4140794737111162,0.7065607799235012,0.11613866821675403,1063309.158374095,2787.960308090279,1066097.1186821854,963,0,494.94444444444446,76,86,44,37.305835432409786,0.611842105263158,42.20779220779222,8249.350649350663,108.5440874914561,0
965,32,1,1,162,0.006134969325153374,0.006134969325153374,0.9938650306748467,163,4300,2700,1600,0.627906976744186,59,27,32,185.95194746038248,0.4149640864449999,0.7016569717028747,0.11407268573745569,1064619.076470117,2693.5981146184286,1067312.6745847354,964,0,492.90184049079755,78,85,37,37.25240249450497,0.6125801282051282,42.049050632911396,8254.430379746836,105.82603050957482,0
966,32,0,0,162,0.0,0.0,1.0,162,4350,3000,1350,0.6896551724137931,57,30,27,187.44973668944704,0.4142320374204432,0.7031178723057896,0.11515946617904,1065054.4812307542,3178.836413324334,1068233.3176440785,965,2,496.94444444444446,78,84,42,37.16003560416348,0.6131143162393162,41.99630801687765,8256.118143459948,105.84766850589676,0
967,32,1,1,162,0.006134969325153374,0.006134969325153374,0.9938650306748467,163,4700,3200,1500,0.6808510638297872,62,32,30,186.06572167190444,0.41486467721982373,0.7021560828435147,0.11495355193626569,1066727.9004726056,2396.2993257982776,1069124.1997984038,966,0,494.88957055214723,81,82,43,36.98936501689136,0.6139403292181069,41.79369918699188,8262.601626016287,102.00742748168256,0
968,32,0,1,161,0.0,0.006172839506172839,0.9938271604938271,162,4950,3900,1050,0.7878787878787878,60,39,21,189.23445634116746,0.4145611277253789,0.7048159996746888,0.1173733547626499,1067899.0644768497,3066.6597787037713,1070965.7242555534,967,1,498.9259259259259,70,92,45,36.76316088363906,0.6203869047619048,41.651995305164334,8267.136150234775,118.10194500335393,0
969,32,2,1,162,0.012269938650306749,0.006134969325153374,0.9938650306748467,163,4200,3100,1100,0.7380952380952381,53,31,22,184.31328240728877,0.4161996011007599,0.6964707370759897,0.11520972244733632,1070190.2500000086,2650.0555555560168,1072840.3055555646,968,0,496.680981595092,74,89,48,36.608197733741484,0.6211993243243243,41.37500000000003,8276.000000000067,111.83783783783875,0
970,32,0,0,162,0.0,0.0,1.0,162,4050,2200,1850,0.5432098765432098,59,22,37,182.13633567520054,0.41557076400071574,0.6908968768846542,0.11405577967928873,1070725.7160857283,2553.6116882123097,1073279.3277739405,969,1,500.64814814814815,75,87,43,36.59862774186715,0.6213888888888889,41.31030701754389,8278.070175438672,110.37426900584896,0
971,32,0,0,162,0.0,0.0,1.0,162,5100,3700,1400,0.7254901960784313,65,37,28,182.11427311677375,0.41527042915931806,0.6917937545388504,0.11444145956560012,1071755.8349769986,1536.406969099759,1073292.2419460984,970,2,501.64814814814815,77,85,46,36.47252321981424,0.6217532467532467,41.185897435897466,8282.051282051358,107.55910755910854,0
972,32,0,0,162,0.0,0.0,1.0,162,5000,3400,1600,0.68,66,34,32,182.44419770621445,0.4150851161720727,0.692338988226574,0.1152428560360222,1073274.4167751821,1762.5379774309395,1075036.954752613,971,3,502.64814814814815,79,83,36,36.277346957585515,0.6227584388185654,41.00260416666669,8287.916666666733,104.91033755274346,0
973,32,0,1,161,0.0,0.006172839506172839,0.9938271604938271,162,4850,3000,1850,0.6185567010309279,67,30,37,185.65432648708693,0.41507473225468394,0.6983600019124625,0.11772342573857959,1074403.8792426845,2643.5457151830083,1077047.4249578675,972,4,503.64814814814815,81,81,39,36.0554336813896,0.6233281893004115,40.8663617886179,8292.276422764266,102.3737829970897,0
974,32,1,2,160,0.006172839506172839,0.012345679012345678,0.9876543209876543,162,4800,3400,1400,0.7083333333333334,62,34,28,186.88664862133552,0.41576725966822586,0.6994882255544634,0.11903250482109355,1075702.6344007351,3006.89205125936,1078709.5264519944,973,0,504.37654320987656,85,77,41,35.86399892558509,0.623406862745098,40.70978682170545,8297.28682170549,97.6151390788881,0
975,32,0,0,160,0.0,0.0,1.0,160,5200,3700,1500,0.7115384615384616,67,37,30,189.35405097837335,0.41404775943396227,0.7000062760005719,0.12076734577952883,1076097.4923823786,3552.683886054844,1079650.1762684335,974,1,511.4375,83,77,42,35.75153612585477,0.6246234939759037,40.66220238095241,8298.809523809594,99.9856569133686,0
976,32,1,0,161,0.006211180124223602,0.0,1.0,161,4250,3000,1250,0.7058823529411765,55,30,25,193.64862864889557,0.4145073110766046,0.7029151743210782,0.11864875726698831,1064253.2479314804,4768.236399412686,1069021.484330893,975,0,509.2546583850932,82,79,44,37.09904703974046,0.6105182926829269,42.09337349397589,8253.012048192735,100.64648839259434,7
977,32,1,1,161,0.006172839506172839,0.006172839506172839,0.9938271604938271,162,4250,2800,1450,0.6588235294117647,57,28,29,196.01821255932865,0.4151969429747207,0.7070007094672357,0.1206961846090159,1065728.4974174825,5130.439027462669,1070858.9364449452,976,0,507.10493827160496,83,79,38,36.85574027804473,0.6119477911646587,41.91468253968253,8258.730158730135,99.50277299674862,0
978,32,1,0,162,0.006172839506172839,0.0,1.0,162,3850,2700,1150,0.7012987012987013,50,27,23,198.32360138715282,0.4157097487411497,0.711260623878083,0.12263312599535842,1066986.098266317,6071.70512764044,1073057.8033939574,977,0,508.08024691358025,86,76,39,36.64099205613257,0.6124031007751938,41.762452107279685,8263.601532567025,96.08838991357005,0
979,32,1,0,163,0.006134969325153374,0.0,1.0,163,4600,3100,1500,0.6739130434782609,61,31,30,197.24429968606415,0.4162958544775177,0.7121628808473355,0.1226236112348353,1068581.6327160574,4954.327160494246,1073535.9598765515,978,0,505.95705521472394,74,89,38,36.47204904964084,0.6192286036036037,41.56944444444447,8269.77777777784,111.75375375375458,0
980,32,0,0,163,0.0,0.0,1.0,163,4600,3300,1300,0.717391304347826,59,33,26,197.3870026185881,0.41630058825014515,0.7116005066674882,0.12317915330465384,1069704.81602513,5029.165464374035,1074733.981489504,979,1,506.95705521472394,75,88,42,36.329898842653954,0.6201388888888889,41.433662280701775,8274.122807017597,110.32163742690129,0
981,32,3,0,166,0.018072289156626505,0.0,1.0,166,5000,3300,1700,0.66,67,33,34,191.34655481089817,0.4182768954606304,0.7091053123189506,0.12050812073690141,1072403.372661783,2840.138145284322,1075243.5108070672,980,0,498.77710843373495,81,85,47,36.15390906117112,0.6208847736625515,41.107723577235795,8284.552845528513,102.27843019171004,0
982,32,1,1,166,0.005988023952095809,0.005988023952095809,0.9940119760479041,167,5550,4500,1050,0.8108108108108109,66,45,21,194.5778561716691,0.41876638289685686,0.7142664262169314,0.12305591394399082,1073629.0258290872,2830.886833900526,1076459.9126629878,981,0,496.78443113772454,83,84,42,35.91947316769592,0.6216114457831325,40.959821428571445,8289.285714285757,99.87091222031033,0
983,32,0,1,165,0.0,0.006024096385542169,0.9939759036144579,166,4000,2600,1400,0.65,54,26,28,200.0339963833135,0.41788365583546305,0.7239933823830396,0.11885719923697863,1055007.1641710051,5007.459852430494,1060014.6240234356,982,1,500.7710843373494,79,87,42,38.079595777766514,0.6003428270042195,43.21614583333333,8217.08333333332,104.0137130801686,8
984,32,2,2,165,0.011976047904191617,0.011976047904191617,0.9880239520958084,167,5000,3600,1400,0.72,64,36,28,196.3208624259578,0.4187754010052185,0.7197580220567066,0.1171060808736659,1056189.5775874597,3070.409751455707,1059259.9873389155,983,0,498.7544910179641,82,85,37,38.02826217923671,0.600609756097561,43.07228915662651,8221.686746987963,100.26447252424346,0
985,32,0,1,164,0.0,0.006060606060606061,0.9939393939393939,165,5050,3100,1950,0.6138613861386139,70,31,39,198.5145621355769,0.41721637102734666,0.7212782071413744,0.11870781346860826,1056939.0215576962,3913.557413706138,1060852.5789714023,984,4,505.8,83,82,41,37.87895236257197,0.6011546184738956,42.98115079365079,8224.603174603166,99.09160451329116,0
986,32,2,0,166,0.012048192771084338,0.0,1.0,166,4950,3500,1450,0.7070707070707071,64,35,29,202.4472651377034,0.4187264208348546,0.7295333374794337,0.12221391558312943,1059805.5963966516,4760.948913627053,1064566.5453102787,985,0,503.2710843373494,68,98,42,37.42252268105738,0.6115196078431373,42.6328502415459,8235.748792270553,121.11395282750813,0
987,32,1,1,166,0.005988023952095809,0.005988023952095809,0.9940119760479041,167,4250,3000,1250,0.7058823529411765,55,30,25,211.72209626127827,0.4197673929249934,0.7404255079102273,0.1270452262189639,1057987.6603719743,7149.873054504049,1065137.5334264785,986,0,501.251497005988,85,82,40,37.40932642487048,0.6017156862745099,42.85368217054264,8228.682170542648,96.80802553579586,8
988,32,1,1,166,0.005988023952095809,0.005988023952095809,0.9940119760479041,167,5150,3500,1650,0.6796116504854369,68,35,33,214.690572428439,0.41997180338118945,0.7474761028829364,0.129905990435513,1060503.8831360936,6986.037146613993,1067489.9202827075,987,0,497.52095808383234,64,103,42,37.02082684925823,0.61474609375,42.54807692307692,8238.46153846153,128.7259615384614,0
989,32,1,0,167,0.005988023952095809,0.0,1.0,167,4600,3300,1300,0.717391304347826,59,33,26,212.96693118231903,0.42012210518721593,0.7430932632208909,0.12962888053168495,1062283.3210090876,7246.2437842935215,1069529.5647933811,988,0,498.1317365269461,71,96,40,36.844703350177795,0.6129694835680751,42.332175925925924,8245.370370370369,116.13197704746997,0
990,32,3,0,170,0.01764705882352941,0.0,1.0,170,3750,2600,1150,0.6933333333333334,49,26,23,206.97856927744806,0.42209435549367674,0.7394547536238145,0.12665227958258185,1063867.2233700606,6289.543158861154,1070156.7665289217,989,0,490.3235294117647,76,94,45,36.80300526380215,0.6125274122807017,42.1401515151515,8251.515151515123,108.57256778309372,0
991,32,0,2,168,0.0,0.011764705882352941,0.9882352941176471,170,4300,3000,1300,0.6976744186046512,56,30,26,207.69759921457117,0.4218934911242604,0.7396502434108576,0.12767818372334439,1065240.1135263667,5949.562833296497,1071189.6763596633,990,1,491.3235294117647,77,93,37,36.61468307368491,0.613771645021645,41.97382478632477,8256.83760683757,107.23165723165674,0
992,32,1,1,168,0.005917159763313609,0.005917159763313609,0.9940828402366864,169,4850,3200,1650,0.6597938144329897,65,32,33,194.63732910001502,0.42095631398516015,0.7220910002156926,0.11381736654117874,1050128.4501569967,2228.839350099456,1052357.2895070962,991,0,495.2130177514793,85,84,45,38.82415922021026,0.5920343137254902,43.81056201550389,8198.062015503914,96.4477884176931,8
993,32,1,1,168,0.005917159763313609,0.005917159763313609,0.9940828402366864,169,6100,4800,1300,0.7868852459016393,74,48,26,195.32582648354898,0.42117497886728655,0.7217973748235378,0.1152071491534693,1052761.5017360991,1226.3020833326336,1053987.8038194317,992,0,496.1183431952663,71,98,45,38.47927241962773,0.6012323943661972,43.48958333333329,8208.33333333324,115.61032863849633,0
994,32,3,1,170,0.017543859649122806,0.005847953216374269,0.9941520467836258,171,5150,4100,1050,0.7961165048543689,62,41,21,195.15431475293389,0.42296611627106984,0.7234821322677474,0.11604259346626167,1055229.3926692915,1836.5138067058547,1057065.9064759973,993,0,490.8070175438597,77,94,49,38.17732709308372,0.601461038961039,43.18910256410255,8217.948717948679,106.72660672660622,0
995,32,1,2,169,0.005847953216374269,0.011695906432748537,0.9883040935672515,171,4750,3600,1150,0.7578947368421053,59,36,23,191.56965992446132,0.42293028322440085,0.718025302412904,0.11443156199361826,1056612.673611105,1532.9861111107944,1058145.6597222157,994,0,491.6140350877193,79,92,40,38.09789217673286,0.6023206751054853,43.020833333333314,8223.333333333285,104.09282700421879,0
996,32,0,2,167,0.0,0.011834319526627219,0.9881656804733728,169,4150,2800,1350,0.6746987951807228,55,28,27,236.95641962710036,0.4214450079834695,0.7597956819498228,0.13566406002826367,1043602.4605920858,11507.660515186833,1055110.1211072726,995,1,498.42011834319527,67,102,42,38.556162028151014,0.592039800995025,44.607843137254925,8172.54901960789,121.97834357623717,8
997,32,1,1,167,0.005952380952380952,0.005952380952380952,0.9940476190476191,168,4500,3400,1100,0.7555555555555555,56,34,22,231.68537336912993,0.4211658528181732,0.7514206207388012,0.13315217157555823,1044782.6880173514,10312.173432580868,1055094.8614499322,996,0,502.2857142857143,72,96,40,38.54306269078998,0.5908564814814814,44.463470319634716,8177.168949771722,113.57179096905169,0
998,32,5,2,170,0.029069767441860465,0.011627906976744186,0.9883720930232558,172,5300,3500,1800,0.660377358490566,71,35,36,223.65560917994776,0.4248365179745229,0.7479948991576886,0.12962405736343274,1047383.8327191215,7150.65383040499,1054534.4865495265,997,0,491.3720930232558,78,94,35,38.42324177145608,0.5913461538461539,44.145569620253184,8187.341772151946,104.96592015579418,0
999,32,0,1,169,0.0,0.0058823529411764705,0.9941176470588236,170,4800,3200,1600,0.6666666666666666,64,32,32,230.18202227655016,0.4236599373477201,0.7656416635800098,0.12754720747213447,1033365.5540386001,8772.434595906523,1042137.9886345066,998,1,498.15294117647056,68,102,38,40.013761831214616,0.5787377450980392,45.86352657004831,8132.367149758449,119.59363455527131,8
1000,32,4,0,173,0.023121387283236993,0.0,1.0,173,3850,2400,1450,0.6233766233766234,53,24,29,267.4883507877623,0.42766304834879243,0.7958822191947441,0.14952378850792558,1036127.8322007966,16980.42500813826,1053108.2572089348,999,0,490.1329479768786,63,110,38,38.71715435454644,0.5851521164021164,45.524088541666686,8143.229166666702,129.2576058201064,8
1001,32,3,1,175,0.017045454545454544,0.005681818181818182,0.9943181818181818,176,5550,4200,1350,0.7567567567567568,69,42,27,260.34848555568374,0.42973079004329007,0.7940447658816261,0.1467426757115453,1038725.6741697936,13336.131235582627,1052061.8054053762,1000,0,482.7613636363636,67,109,32,38.57172738932646,0.585976368159204,45.20526960784315,8153.431372549045,121.6930055604335,0
1002,32,1,2,174,0.005681818181818182,0.011363636363636364,0.9886363636363636,176,5150,3800,1350,0.7378640776699029,65,38,27,258.8740563801574,0.43013663419913417,0.7949209526538368,0.14652425530099927,1040035.7461734719,13497.654478458226,1053533.4006519301,1001,0,483.7556818181818,69,107,34,38.44451010720056,0.5865036231884058,45.04464285714287,8158.571428571448,118.24016563147026,0
1003,32,1,1,174,0.005714285714285714,0.005714285714285714,0.9942857142857143,175,4650,3400,1250,0.7311827956989247,59,34,25,256.8610369584839,0.42978106185002735,0.7932115091128451,0.14602284514406194,1041401.6108139976,13849.099528783974,1055250.7103427816,1002,0,487.0342857142857,72,103,37,38.32417454369186,0.5866608796296297,44.87728310502284,8163.926940639292,113.38787417554573,0
1004,32,2,0,176,0.011363636363636364,0.0,1.0,176,5250,3800,1450,0.7238095238095238,67,38,29,248.21303109938793,0.43026785714285715,0.7890090741714884,0.1425537680120656,1044571.9158284216,11405.27228581355,1055977.1881142352,1003,0,485.2386363636364,61,115,40,38.14713747150623,0.5969945355191257,44.48924731182797,8176.344086021522,134.0384276396971,0
1005,32,2,0,178,0.011235955056179775,0.0,1.0,178,5200,3900,1300,0.75,65,39,26,239.12934382101975,0.432038738652955,0.7818249360032965,0.13798584740196634,1046030.6747205788,9227.325772518123,1055258.000493097,1004,0,480.7752808988764,64,114,43,38.19662070406352,0.5968424479166667,44.31089743589744,8182.051282051284,127.84455128205131,0
1006,32,3,3,178,0.016574585635359115,0.016574585635359115,0.9834254143646409,181,5600,4400,1200,0.7857142857142857,68,44,24,230.57495392525945,0.4346288622877021,0.7775282977751039,0.13434496027228873,1049016.3167460146,6575.37778011159,1055591.6945261261,1005,0,473.7900552486188,68,113,36,38.04229801701941,0.5981924019607843,43.94625603864734,8193.719806763282,120.49587951122473,0
1007,32,2,1,179,0.011111111111111112,0.005555555555555556,0.9944444444444445,180,5250,3800,1450,0.7238095238095238,67,38,29,237.4091267602633,0.43424374094765156,0.7846568954030646,0.1393084829035008,1051185.1839409953,8662.191316551649,1059847.375257547,1006,0,477.4,60,120,38,37.59646346879856,0.6059027777777778,43.681693989071036,8202.185792349725,136.7030965391621,0
1008,32,1,1,179,0.005555555555555556,0.005555555555555556,0.9944444444444445,180,5050,3200,1850,0.6336633663366337,69,32,37,236.27278573129695,0.4349698686116284,0.7850736278447126,0.13947057210378266,1053006.8128713889,8709.370614231442,1061716.1834856202,1007,0,475.18888888888887,60,120,41,37.398350307306586,0.6081597222222221,43.459699453551906,8209.289617486325,136.8214936247721,0
1009,32,1,2,178,0.005555555555555556,0.011111111111111112,0.9888888888888889,180,5250,3700,1550,0.7047619047619048,68,37,31,225.40479840893295,0.4351619077177737,0.771678274184388,0.13396250832784504,1055076.0513750724,6313.840933258112,1061389.8923083306,1008,0,476.02222222222224,72,108,41,37.419542305697554,0.603587962962963,43.207762557077615,8217.35159817349,114.12988330796514,8
1010,32,3,1,180,0.016574585635359115,0.0055248618784530384,0.994475138121547,181,4900,2900,2000,0.5918367346938775,69,29,40,212.88066956572877,0.4356404747288725,0.7627393399249107,0.12514200108116166,1051739.4258033987,3678.998634740381,1055418.4244381392,1009,0,474.24309392265195,68,113,39,38.156170876759106,0.6015625,43.614130434782595,8204.347826086927,120.65217391304304,8
1011,32,4,0,184,0.021739130434782608,0.0,1.0,184,4200,2600,1600,0.6190476190476191,58,26,32,206.8582243517195,0.4374133800586046,0.7586170325911725,0.12251428651347854,1054021.0046965133,2606.582692186808,1056627.5873887,1010,0,467.48369565217394,72,112,43,38.02688515779913,0.6022858796296297,43.33618721461183,8213.242009132333,114.07280568239351,0
1012,32,2,0,186,0.010752688172043012,0.0,1.0,186,5600,3700,1900,0.6607142857142857,75,37,38,205.9477016464617,0.4384771868642836,0.7599883674108552,0.12287382606825396,1056252.0318751829,706.535664819382,1056958.5675400023,1011,0,463.4462365591398,75,111,40,37.773169387247016,0.6036111111111111,43.06469298245611,8221.929824561328,109.62573099415104,0
1013,32,0,2,184,0.0,0.010752688172043012,0.989247311827957,186,4950,3600,1350,0.7272727272727273,63,36,27,205.21423545142153,0.43856921437566604,0.7585571867569267,0.12261267470717871,1056688.5759938655,1219.5076465660322,1057908.0836404315,1012,1,464.4462365591398,78,108,41,37.737835642209646,0.6028311965811965,43.01160337552739,8223.628691983042,105.43113707670567,0
1014,32,1,1,184,0.005405405405405406,0.005405405405405406,0.9945945945945946,185,4100,2600,1500,0.6341463414634146,56,26,30,203.68284108270484,0.43733475323149235,0.7544865594831847,0.12212724196092468,1057755.1118827087,1989.3132716045948,1059744.4251543134,1013,0,467.8702702702703,83,102,42,37.644890839522816,0.6021586345381527,42.88194444444442,8227.77777777772,99.12985274430987,0
1015,32,0,1,183,0.0,0.005434782608695652,0.9945652173913043,184,5850,4000,1850,0.6837606837606838,77,40,37,208.811959340779,0.4376379731923656,0.7594826530768408,0.12595218184440587,1059556.9470699409,1599.6324301615641,1061156.5795001024,1014,1,471.20652173913044,68,116,46,37.28954006805116,0.6112132352941176,42.66304347826086,8234.782608695634,121.09974424552402,0
1016,32,0,2,181,0.0,0.01092896174863388,0.9890710382513661,183,5000,3100,1900,0.62,69,31,38,206.6016384206357,0.4372197702115735,0.7561914814597634,0.12497969989312162,1060427.3473418283,2217.2054773741133,1062644.5528192024,1015,2,474.75409836065575,68,115,45,37.23856017514027,0.6122855392156863,42.557367149758456,8238.16425120773,121.14947428246663,0
1017,32,1,1,181,0.005494505494505495,0.005494505494505495,0.9945054945054945,182,4250,2100,2150,0.49411764705882355,64,21,43,202.19187563814262,0.4375695667132131,0.7503411116877736,0.12292354829253684,1061925.4791720246,2292.540884344949,1064218.0200563695,1016,0,474.4065934065934,71,111,45,37.16662220849478,0.6125293427230047,42.3755787037037,8243.981481481478,116.1124152321335,0
1018,32,0,0,181,0.0,0.0,1.0,181,5500,3700,1800,0.6727272727272727,73,37,36,202.24051181056242,0.43700890116635976,0.74883946702196,0.12337285933246166,1062946.8767592416,1294.1840766456094,1064241.0608358872,1017,1,477.48618784530385,72,109,47,37.03899776707448,0.61328125,42.25171232876712,8247.94520547945,114.5547945205479,0
1019,32,1,2,180,0.005494505494505495,0.01098901098901099,0.989010989010989,182,5500,3400,2100,0.6181818181818182,76,34,42,201.23511895135678,0.4377150243862951,0.7490035661841836,0.12346046487015654,1064648.7603305762,948.9439853075573,1065597.7043158838,1018,0,475.85714285714283,76,106,38,36.85450318159571,0.6134868421052632,42.04545454545454,8254.545454545438,108.61244019138734,0
1020,32,1,0,181,0.0055248618784530384,0.0,1.0,181,4500,2500,2000,0.5555555555555556,65,25,40,229.39996309367643,0.4373746674851647,0.7807975125442395,0.13545597542786428,1053102.3040210966,7616.325935260999,1060718.6299563576,1019,0,479.16574585635357,68,113,40,37.56276725118672,0.6032475490196079,43.44806763285024,8209.661835748786,120.73032111395274,8
1021,32,1,1,181,0.005494505494505495,0.005494505494505495,0.9945054945054945,182,4800,3100,1700,0.6458333333333334,65,31,34,225.89971937016523,0.4376789761803574,0.7790432484534235,0.1343365466847506,1055256.8299093368,6476.444347993916,1061733.2742573307,1020,0,477.5274725274725,71,111,39,37.38433750211261,0.6043133802816901,43.18576388888889,8218.055555555558,115.74726134585293,0
1022,32,2,1,182,0.01092896174863388,0.00546448087431694,0.994535519125683,183,5050,4000,1050,0.7920792079207921,61,40,21,222.3585864008241,0.4379316039152105,0.7771009811139764,0.1328479471803184,1056669.7808642006,5341.919753086551,1062011.700617287,1021,0,475.8142076502732,74,109,36,37.29958204975771,0.6045889639639639,43.0138888888889,8223.55555555558,111.12912912912947,0
1023,32,0,1,181,0.0,0.005494505494505495,0.9945054945054945,182,4750,3400,1350,0.7157894736842105,61,34,27,225.07060234039707,0.4376890949750066,0.7790804503414468,0.1347334550556707,1057266.4936567068,6441.921312327189,1063708.414969034,1022,1,479.42857142857144,75,107,36,37.1557029236648,0.6048611111111111,42.94133771929826,8225.877192982492,109.6783625730999,0
1024,32,2,0,183,0.01092896174863388,0.0,1.0,183,4700,3100,1600,0.6595744680851063,63,31,32,221.9293184335924,0.43875102584118975,0.7783159623097593,0.13375925846102102,1059320.165308921,5718.840457993789,1065039.0057669147,1023,0,477.73224043715845,62,121,39,36.98137557297691,0.6145833333333333,42.691798941798936,8233.862433862425,132.80423280423267,0
1025,32,0,0,183,0.0,0.0,1.0,183,5200,3600,1600,0.6923076923076923,68,36,32,222.68034347956853,0.4387823014872195,0.7794055402887019,0.13469824972715136,1060409.5804988646,5426.473922902374,1065836.0544217671,1024,1,478.73224043715845,62,121,38,36.82683044315993,0.6159274193548387,42.5595238095238,8238.095238095226,132.87250384024557,0
1026,32,0,0,183,0.0,0.0,1.0,183,6650,4400,2250,0.6616541353383458,89,44,45,221.91108785076938,0.4391275846193879,0.777586625921314,0.13494637199174622,1062002.027332239,3884.0050370037416,1065886.0323692427,1025,2,479.73224043715845,66,117,37,36.649115925411856,0.6153724747474747,42.36629353233829,8244.278606965134,124.91331222674445,0
1027,32,2,1,184,0.010810810810810811,0.005405405405405406,0.9945945945945946,185,5750,3900,1850,0.6782608695652174,76,39,37,218.6439653083648,0.44034224441833136,0.7768344289951046,0.1336435805131083,1063538.8369623532,3757.2697145789793,1067296.1066769322,1026,0,475.53513513513514,68,117,43,36.54287192098998,0.6161151960784313,42.17995169082125,8250.241545893698,121.32708155726026,0
1028,32,0,1,183,0.0,0.005434782608695652,0.9945652173913043,184,5600,3900,1700,0.6964285714285714,73,39,34,217.83535110577674,0.43947864694701827,0.774248740684433,0.1334629198605356,1064241.8970621943,3965.901461604155,1068207.7985237984,1027,1,479.0271739130435,72,112,42,36.47666076500311,0.6148726851851851,42.09474885844748,8252.968036529664,114.624556062912,0
1029,32,0,2,181,0.0,0.01092896174863388,0.9890710382513661,183,4500,3000,1500,0.6666666666666666,60,30,30,216.87458385566873,0.4388023179006786,0.7711818530511354,0.13313669275132886,1064830.8032828756,5086.94746773423,1069917.75075061,1028,2,482.4808743169399,72,111,36,36.4285450891458,0.6155960648148149,42.02340182648402,8255.251141552511,114.65626585489599,0
1030,32,2,3,180,0.01092896174863388,0.01639344262295082,0.9836065573770492,183,5150,3300,1850,0.6407766990291263,70,33,37,210.87964985032568,0.43864969274805343,0.7654008827974554,0.13039656983360678,1066984.7964037042,3251.076052246982,1070235.8724559513,1029,0,479.10382513661204,75,108,39,36.31690860357729,0.6168055555555556,41.762609649122815,8263.596491228094,110.18128654970792,0
1031,32,0,1,179,0.0,0.005555555555555556,0.9944444444444445,180,5950,4200,1750,0.7058823529411765,77,42,35,211.0813793315653,0.4374185288640596,0.7502130388020172,0.12712210423421225,1059085.4508888638,2760.643560722994,1061846.0944495867,1030,1,485.02777777777777,86,94,38,37.28961125589475,0.6027131782945736,42.72030651340997,8232.950191570915,95.73197897175483,8
1032,32,2,0,181,0.011049723756906077,0.0,1.0,181,3950,2500,1450,0.6329113924050633,54,25,29,207.14998832887503,0.4372352670349908,0.7477257842580465,0.12560415577482015,1061128.901234568,3812.567901234517,1064941.4691358027,1031,0,483.29834254143645,74,107,41,37.13753460611943,0.6100788288288288,42.47222222222222,8240.88888888889,111.36336336336339,0
1033,32,1,1,181,0.005494505494505495,0.005494505494505495,0.9945054945054945,182,5200,3300,1900,0.6346153846153846,71,33,38,210.70569473409083,0.43742663873879345,0.7538512296018065,0.12850079692938232,1062862.8117913846,3190.2494331066355,1066053.0612244913,1032,0,481.6373626373626,76,106,42,36.83121632024633,0.6112938596491229,42.261904761904766,8247.619047619059,108.52130325814551,0
1034,32,0,0,181,0.0,0.0,1.0,181,3900,2200,1700,0.5641025641025641,56,22,34,209.98322465347232,0.4372557294863925,0.7523790941800936,0.128299144348228,1063420.7596606167,4560.104055396392,1067980.863716013,1033,1,484.75690607734805,76,105,42,36.7807760927743,0.6119791666666667,42.19426406926408,8249.783549783575,108.54978354978388,0
1035,32,2,1,182,0.01092896174863388,0.00546448087431694,0.994535519125683,183,4600,3100,1500,0.6739130434782609,61,31,30,210.20165546996782,0.4385233391380932,0.7569040379079175,0.12927864228621203,1065381.0932186786,3588.9739001939943,1068970.0671188727,1034,0,480.448087431694,78,105,37,36.532639243740434,0.6135149572649572,41.95675105485232,8257.383966244719,105.86389700313742,0
1036,32,0,2,180,0.0,0.01098901098901099,0.989010989010989,182,5800,4100,1700,0.7068965517241379,75,41,34,215.93579469352593,0.4377188189342886,0.7614856848692104,0.13321940557868348,1066308.0941403925,3850.8171392688982,1070158.9112796613,1035,1,484.0879120879121,81,101,38,36.27001115375784,0.6134259259259259,41.84451219512195,8260.975609756097,101.9873532068654,0
1037,32,2,2,180,0.01098901098901099,0.01098901098901099,0.989010989010989,182,5000,3800,1200,0.76,62,38,24,215.0092401130077,0.43807803614433444,0.7616663542113407,0.13353041196568385,1068277.0309692193,4537.886531774445,1072814.9175009937,1036,0,481.1703296703297,68,114,41,36.050576458674136,0.6219362745098039,41.60628019323672,8268.59903381644,121.59704461494763,0
1038,32,1,0,181,0.0055248618784530384,0.0,1.0,181,5750,4000,1750,0.6956521739130435,75,40,35,216.83106251309707,0.4373644362594639,0.7641541644992673,0.13518499601158235,1069424.65412942,4426.896806516639,1073851.5509359366,1037,0,484.76795580110496,67,114,43,35.86173737433589,0.6239116915422885,41.467524509803916,8273.039215686264,123.4781972490487,0
1039,32,1,0,182,0.005494505494505495,0.0,1.0,182,5500,3900,1600,0.7090909090909091,71,39,32,216.89626605147964,0.4377213486329508,0.7642222550370199,0.13608678208288685,1071297.8885637785,4572.102371663579,1075869.990935442,1038,0,483.0989010989011,70,112,41,35.62881536920491,0.6245535714285715,41.2411971830986,8280.281690140857,118.28973843058367,0
1040,32,1,0,183,0.00546448087431694,0.0,1.0,183,4350,2900,1450,0.6666666666666666,58,29,29,219.8873838069496,0.43802918393082324,0.767337886415034,0.1388082131726026,1073092.5941129245,6241.904620420719,1079334.4987333452,1039,0,481.4535519125683,72,111,39,35.329999816335146,0.6257233796296297,41.02454337899543,8287.214611872141,115.10020294266863,0
1041,32,0,0,183,0.0,0.0,1.0,183,5450,3900,1550,0.7155963302752294,70,39,31,224.1552948146453,0.4375788146279949,0.7717431091343536,0.14203189368857733,1074187.51838832,6106.963974109183,1080294.4823624291,1040,1,482.4535519125683,73,110,39,35.08442214012782,0.6265696347031964,40.89245495495495,8291.441441441435,113.58138960878678,0
1042,32,1,1,183,0.005434782608695652,0.005434782608695652,0.9945652173913043,184,5350,3700,1650,0.6915887850467289,70,37,33,226.95978709561564,0.4381991466698345,0.7728999717330396,0.1446228431142454,1075837.5203187498,6684.370912203571,1082521.8912309534,1041,0,480.82608695652175,75,109,40,34.80831659530982,0.6276388888888889,40.693530701754376,8297.807017543842,110.63742690058457,0
1043,32,1,0,184,0.005434782608695652,0.0,1.0,184,5350,3400,1950,0.6355140186915887,73,34,39,229.19362326597732,0.43802281321770814,0.7748213421423598,0.14666072296105068,1077061.3370128023,7221.118061932286,1084282.4550747345,1042,0,481.80434782608694,65,119,41,34.59956759332478,0.6344551282051283,40.54608585858585,8302.525252525233,127.73115773115742,0
1044,32,1,1,184,0.005405405405405406,0.005405405405405406,0.9945945945945946,185,5650,4300,1350,0.7610619469026548,70,43,27,227.33372555165005,0.4385441147669409,0.7744318724377408,0.14617812410423575,1078471.9166914178,6384.607744857709,1084856.5244362755,1043,0,480.1945945945946,66,119,42,34.474120206798816,0.635574494949495,40.37624378109452,8307.960199004969,125.87818483340861,0
1045,32,0,0,184,0.0,0.0,1.0,184,5650,4100,1550,0.7256637168141593,72,41,31,224.13114005782222,0.4374486467490299,0.7711088093373424,0.14490221338824638,1080043.0727671587,5964.257042171346,1086007.3298093302,1044,1,483.57608695652175,68,116,40,34.363984117760985,0.6363357843137255,40.18719806763285,8314.009661835746,122.26484796817273,0
1046,32,1,1,184,0.005405405405405406,0.005405405405405406,0.9945945945945946,185,5350,4300,1050,0.8037383177570093,64,43,21,223.20601655872636,0.4376493341167254,0.770410586425277,0.14507180193768077,1081575.9260598854,5932.850812328548,1087508.776872214,1045,0,481.95675675675676,71,114,47,34.19960167306586,0.6365903755868545,40.00289351851852,8319.90740740741,117.18179447052691,0
1047,32,0,1,183,0.0,0.005434782608695652,0.9945652173913043,184,5400,3600,1800,0.6666666666666666,72,36,36,224.75075429620864,0.43735460224122913,0.7724872953133821,0.14665939051532276,1082724.6165084017,6468.634851067422,1089193.251359469,1046,1,485.1195652173913,73,111,36,34.01830808080808,0.636986301369863,39.86486486486487,8324.324324324336,114.03184005923748,0
1048,32,1,1,183,0.005434782608695652,0.005434782608695652,0.9945652173913043,184,4800,3600,1200,0.75,60,36,24,223.0023679721024,0.43771654985348857,0.7710712945845408,0.14602176838146025,1083717.0522478952,6734.293772605387,1090451.3460205006,1047,0,482.9076086956522,76,108,37,33.9419378313754,0.6367872807017544,39.74567099567099,8328.13852813852,109.58077010708578,0
1049,32,1,1,183,0.005434782608695652,0.005434782608695652,0.9945652173913043,184,4850,3100,1750,0.6391752577319587,66,31,35,223.52882144367481,0.43719126178031203,0.7719325727945339,0.1469441996125681,1084846.8775111397,6848.908795383143,1091695.7863065228,1048,0,483.875,77,107,38,33.78957670872226,0.6377164502164503,39.61004273504273,8332.478632478627,108.21400821400815,0
1050,32,1,2,182,0.005434782608695652,0.010869565217391304,0.9891304347826086,184,4650,3100,1550,0.6666666666666666,62,31,31,225.53332447198656,0.4369740932129564,0.7744582540662439,0.14870376437768912,1085698.561372493,7522.241184158242,1093220.8025566512,1049,0,484.8423913043478,68,116,38,33.632884188158,0.6432291666666667,39.50785024154589,8335.748792270522,122.5845410628018,0
1051,32,0,0,182,0.0,0.0,1.0,182,5150,3800,1350,0.7378640776699029,65,38,27,228.56172360981094,0.4360953848177605,0.7747500978604376,0.1513662507910766,1086957.3422075137,8137.368725057437,1095094.7109325712,1050,1,490.5274725274725,68,114,41,33.39958007529684,0.6447610294117647,39.356884057970994,8340.579710144884,122.65558397271889,0
1052,32,1,0,183,0.00546448087431694,0.0,1.0,183,4750,3700,1050,0.7789473684210526,58,37,21,225.32279312314273,0.43637532776877036,0.7764692192907545,0.14288554249410773,1074420.9612906862,7068.3063976140475,1081489.2676883002,1051,0,488.8415300546448,73,110,37,35.02538387020843,0.6268550228310502,40.864301801801815,8292.342342342372,113.59373071701879,8
1053,32,1,0,184,0.005434782608695652,0.0,1.0,184,5550,4100,1450,0.7387387387387387,70,41,29,224.37781934926312,0.4368348825928566,0.7781833652389922,0.1429775670013043,1075837.5203187559,5928.815356648357,1081766.3356754042,1052,0,487.17934782608694,75,109,41,34.875268689324656,0.6276388888888889,40.6935307017544,8297.807017543892,110.63742690058523,0
1054,32,1,1,184,0.005405405405405406,0.005405405405405406,0.9945945945945946,185,5300,4000,1300,0.7547169811320755,66,40,26,222.57004083284295,0.43703363689776736,0.7778383718368891,0.14281871558354675,1077869.8882314253,5680.309007231981,1083550.1972386574,1053,0,485.5405405405405,64,121,41,34.67188400428088,0.6360677083333333,40.44871794871794,8305.641025641014,129.77564102564085,0
1055,32,0,3,181,0.0,0.016304347826086956,0.9836956521739131,184,5200,3900,1300,0.75,65,39,26,222.0056653160746,0.436359710342916,0.775225852642542,0.14281566297297546,1078601.0866067663,5891.1103685551825,1084492.1969753215,1054,1,489.0869565217391,66,118,40,34.596556886227546,0.6357323232323233,40.36069651741293,8308.45771144278,125.88572290064818,0
1056,32,0,0,181,0.0,0.0,1.0,181,4400,3000,1400,0.6818181818181818,58,30,28,228.5089487183664,0.4344472580315122,0.7765855877537973,0.14778798571909174,1080151.7289175987,8764.86720625716,1088916.5961238558,1055,2,497.38121546961327,66,115,41,34.23687569810117,0.6376262626262627,40.17412935323382,8314.427860696498,125.9761797075227,0
1057,32,0,0,181,0.0,0.0,1.0,181,5400,3900,1500,0.7222222222222222,69,39,30,226.4847763948887,0.4343513402905668,0.7740544245585359,0.14686961940454996,1080921.8454631388,7362.4684940139505,1088284.3139571527,1056,3,498.38121546961327,68,113,43,34.194763896149155,0.6374080882352942,40.08152173913044,8317.391304347831,122.31457800511517,0
1058,32,0,0,181,0.0,0.0,1.0,181,5250,4000,1250,0.7619047619047619,65,40,25,226.9531075824661,0.434286116226724,0.7737780740110778,0.14754449642613568,1081648.8268421153,7646.712512949285,1089295.5393550645,1057,4,499.38121546961327,70,111,36,34.093217469811535,0.637202380952381,39.99413145539906,8320.187793427218,118.85982562038883,0
1059,32,0,0,181,0.0,0.0,1.0,181,5550,3800,1750,0.6846846846846847,73,38,35,230.7935773402911,0.4339536013914467,0.7767181460063073,0.15056852396873813,1082659.518604249,8224.172668038202,1090883.6912722872,1058,5,500.38121546961327,71,110,37,33.8691138301817,0.6379107981220657,39.872685185185176,8324.074074074048,117.24047991653588,0
1060,32,0,0,181,0.0,0.0,1.0,181,4500,3200,1300,0.7111111111111111,58,32,26,234.26004613273233,0.433988131778187,0.7806475020965538,0.15323889641930974,1083427.798575604,10060.769215161159,1093488.5677907653,1059,6,501.38121546961327,73,108,38,33.68449998196835,0.6378424657534247,39.78040540540541,8327.02702702704,114.06886338393204,0
1061,32,0,2,179,0.0,0.011049723756906077,0.988950276243094,181,4000,2900,1100,0.725,51,29,22,236.53353264269293,0.43381036423163494,0.7827582503972381,0.15512536588652684,1084167.7559453533,11088.405858211114,1095256.1618035645,1060,7,502.38121546961327,76,105,38,33.534390915705245,0.6373355263157895,39.69155844155844,8329.870129870129,109.60355434039643,0
1062,32,0,0,179,0.0,0.0,1.0,179,4850,3800,1050,0.7835051546391752,59,38,21,240.68239724587278,0.4331766681313163,0.7832069740620027,0.14989216477127226,1069102.9750164438,10812.853385930759,1079915.8284023744,1061,9,508.8826815642458,64,115,36,35.28492457119243,0.6253255208333333,41.506410256410284,8271.794871794928,129.24679487179574,8
1063,32,0,0,179,0.0,0.0,1.0,179,5400,4300,1100,0.7962962962962963,65,43,22,239.38841890814973,0.4329255853367648,0.7814015777858063,0.14971675702842122,1070349.8056978865,10045.869532932844,1080395.6752308193,1062,10,509.8826815642458,66,113,37,35.16407690149878,0.6256313131313131,41.355721393034855,8276.616915422946,125.40328659731738,0
1064,32,1,0,180,0.005555555555555556,0.0,1.0,180,4900,3600,1300,0.7346938775510204,62,36,26,235.4918435269805,0.43350144837575005,0.7786639206943018,0.14805941209918055,1071905.3896934076,9584.995261081589,1081490.384954489,1063,0,508.0444444444444,70,110,38,35.07255413218456,0.625297619047619,41.16784037558687,8282.629107981256,118.3232729711608,0
1065,32,2,1,181,0.01098901098901099,0.005494505494505495,0.9945054945054945,182,4800,2900,1900,0.6041666666666666,67,29,38,235.7861679632091,0.43513789387408175,0.7820898187463867,0.14920522409801595,1073802.233194683,9437.542743062288,1083239.7759377453,1064,0,503.45054945054943,72,110,33,34.830625172128926,0.6265914351851851,40.938926940639284,8289.954337899575,115.13825469304965,0
1066,32,0,2,179,0.0,0.011049723756906077,0.988950276243094,181,4550,3200,1350,0.7032967032967034,59,32,27,232.10939439896592,0.43504834254143643,0.7768419782660942,0.14718917814297547,1074420.9612906864,9126.639730947369,1083547.6010216337,1065,1,506.62983425414365,73,108,33,34.84951880420808,0.6268550228310502,40.864301801801815,8292.342342342374,113.59373071701881,0
1067,32,0,1,178,0.0,0.00558659217877095,0.994413407821229,179,5150,4000,1150,0.7766990291262136,63,40,23,236.53029284778992,0.43396914820161947,0.7808150672488987,0.15053907182371995,1075484.2253086448,9926.919753086586,1085411.1450617313,1066,2,513.1229050279329,74,105,36,34.60373475473655,0.6276745495495495,40.73611111111112,8296.444444444467,112.11411411411441,0
1068,32,0,0,178,0.0,0.0,1.0,178,4950,3700,1250,0.7474747474747475,62,37,25,240.9412871849077,0.4337262479104509,0.7833129872422298,0.15371632103924554,1076187.379270592,11309.594482721688,1087496.9737533138,1067,3,513.1067415730337,78,100,38,34.40259206534815,0.6267361111111112,40.65137130801687,8299.156118143443,106.39943741209542,0
1069,32,0,0,178,0.0,0.0,1.0,178,4700,3400,1300,0.723404255319149,60,34,26,237.97312423407192,0.43369054042616223,0.7803435271863886,0.1524309168205624,1077352.0957099039,10976.168823242038,1088328.2645331458,1068,4,514.1067415730337,63,115,35,34.33592851617218,0.6360780423280423,40.51106770833332,8303.64583333331,131.80390211640176,0
1070,32,0,0,178,0.0,0.0,1.0,178,4400,3300,1100,0.75,55,33,22,235.15504572528758,0.4331946031443746,0.7761964859217567,0.15140938988834807,1078859.449642334,10739.84864236026,1089599.298284694,1069,5,515.1067415730337,66,112,39,34.223321558296405,0.6360479797979798,40.329601990049746,8309.452736318395,125.90079903512719,0
1071,32,0,0,178,0.0,0.0,1.0,178,3950,2600,1350,0.6582278481012658,53,26,27,238.71751759911075,0.43297242324213375,0.7791283860139095,0.15439936848546756,1080168.5898445696,12021.032871245512,1092189.622715815,1070,6,516.1067415730337,68,110,38,33.969554354773095,0.6364889705882353,40.17210144927536,8314.492753623183,122.27195225916445,0
1072,32,0,0,178,0.0,0.0,1.0,178,5850,4100,1750,0.7008547008547008,76,41,35,243.03793996459308,0.4325373209335788,0.7816738363863334,0.157906874270041,1081476.1940192732,11117.949263038523,1092594.1432823117,1071,7,517.1067415730337,69,109,40,33.69625617690267,0.637530193236715,40.01488095238095,8319.5238095238,120.57280883367827,0
1073,32,0,0,178,0.0,0.0,1.0,178,4450,2900,1550,0.651685393258427,60,29,31,240.90246343904843,0.43264841088469924,0.7788689296905966,0.15703206989511237,1082418.6733753392,12101.46497770896,1094520.1383530481,1072,8,518.1067415730337,71,107,34,33.63578633144214,0.6376173708920188,39.90162037037036,8323.14814814812,117.22743870631156,0
1074,32,1,0,179,0.00558659217877095,0.0,1.0,179,5550,4100,1450,0.7387387387387387,70,41,29,238.1545705381169,0.43275558136128717,0.7768206496469932,0.15630144503383936,1084375.1111111084,10299.77777777764,1094674.8888888862,1073,0,516.2067039106146,74,105,38,33.466709346991024,0.6385135135135135,39.66666666666666,8330.666666666644,112.57657657657627,0
1075,32,0,0,179,0.0,0.0,1.0,179,5300,3800,1500,0.7169811320754716,68,38,30,237.31756459775139,0.43249272906074115,0.7747018427539125,0.1563486979086845,1085470.1224523317,10420.22518080199,1095890.3476331336,1074,1,517.2067039106146,64,115,39,33.353970549026855,0.6453450520833333,39.5352564102564,8334.871794871777,130.2323717948715,0
1076,32,1,0,180,0.005555555555555556,0.0,1.0,180,5250,3800,1450,0.7238095238095238,67,38,29,239.28761697581012,0.43288136250775916,0.7767347858354536,0.15871735607003087,1087402.787059725,10790.40432167513,1098193.1913814002,1075,0,515.3277777777778,66,114,42,33.065337746501264,0.6464646464646464,39.30348258706467,8342.28855721392,126.39831147293819,0
1077,32,2,0,182,0.01098901098901099,0.0,1.0,182,4550,3100,1450,0.6813186813186813,60,31,29,233.64679783950683,0.43366307955396355,0.7726247710622713,0.15576453189300402,1088846.8809073681,9931.11741230803,1098777.9983196761,1076,0,510.65384615384613,68,114,42,33.035300925925924,0.6470588235294117,39.13043478260868,8347.82608695649,122.76214833759543,0
1078,32,0,2,180,0.0,0.01098901098901099,0.989010989010989,182,5700,4100,1600,0.7192982456140351,73,41,32,277.1386857099817,0.43379209418574055,0.8186517981682522,0.17266087992559098,1069213.4452160483,17164.081790123364,1086377.5270061716,1077,1,511.65384615384613,53,129,33,34.3288280725319,0.6338443396226415,41.49305555555555,8272.222222222214,156.07966457023045,7
1079,32,1,1,180,0.0055248618784530384,0.0055248618784530384,0.994475138121547,181,5450,4100,1350,0.7522935779816514,68,41,27,279.44351230552695,0.4335686515244526,0.8197346369829388,0.17449635934522137,1069890.981616628,18144.818737391615,1088035.8003540195,1078,0,515.4640883977901,52,129,36,34.18506625117174,0.6356169871794872,41.41116352201257,8274.842767295588,159.1315916787613,0
1080,32,0,0,180,0.0,0.0,1.0,180,5650,4000,1650,0.7079646017699115,73,40,33,281.2721026710768,0.4329305038278502,0.8189246719222996,0.17648968066113435,1071317.4127072706,18616.34026006235,1089933.752967333,1079,1,519.3,55,125,37,33.960609709342705,0.6346590909090909,41.238839285714285,8280.357142857143,150.55194805194805,0
1081,32,0,0,180,0.0,0.0,1.0,180,4450,3200,1250,0.7191011235955056,57,32,25,282.01611061403906,0.432992577074281,0.8194230693807116,0.17746593544415212,1072163.363299819,20023.468332136385,1092186.8316319552,1080,2,520.3,56,124,35,33.83633368631603,0.6348586309523809,41.13669590643275,8283.625730994154,147.92188805346703,0
1082,32,0,0,180,0.0,0.0,1.0,180,6100,4400,1700,0.7213114754098361,78,44,34,284.5171545803677,0.4332234119594455,0.8207085675754078,0.17959432505828032,1073071.847961767,18961.46976847588,1092033.317730243,1081,3,521.3,56,124,32,33.658822007385986,0.6359747023809523,41.027046783625735,8287.134502923986,147.98454469507118,0
1083,32,0,0,180,0.0,0.0,1.0,180,5750,4100,1650,0.7130434782608696,74,41,33,293.20344313789434,0.43310249844816884,0.8260068954709283,0.18594028728512277,1074435.2963304957,21255.625662597085,1095690.9219930929,1082,4,522.3,56,124,32,33.26457451810061,0.6376488095238095,40.86257309941521,8292.39766081872,148.07852965747716,0
1084,32,1,0,181,0.0055248618784530384,0.0,1.0,181,4550,3000,1550,0.6593406593406593,61,30,31,291.43018783373975,0.43351365868631064,0.8265956848668499,0.18569971354457063,1075829.9382716042,21955.864197530853,1097785.802469135,1083,0,520.4088397790056,59,122,33,33.13749776825568,0.637005649717514,40.69444444444444,8297.777777777774,140.64030131826735,0
1085,32,2,0,183,0.01092896174863388,0.0,1.0,183,5600,4100,1500,0.7321428571428571,71,41,30,282.94467072840035,0.43418102844332357,0.8233928928239436,0.1818693993017739,1078364.6871662552,18823.50826707836,1097188.1954333335,1084,0,515.7103825136612,52,131,34,33.04360032301208,0.6460336538461539,40.389150943396245,8307.547169811352,159.76052249637218,0
1086,32,1,0,184,0.005434782608695652,0.0,1.0,184,5700,3800,1900,0.6666666666666666,76,38,38,282.11287663345377,0.43448067632850246,0.8232376760898075,0.18277397984722682,1080654.7520661196,18473.324150597145,1099128.0762167168,1085,0,513.9021739130435,54,130,36,32.78190739931011,0.6469907407407407,40.11363636363638,8316.363636363667,154.00673400673458,0
1087,32,0,0,184,0.0,0.0,1.0,184,4850,3500,1350,0.7216494845360825,62,35,27,280.6658256529115,0.4341929743802962,0.8220846095128296,0.18233316558152035,1081442.4299816375,19054.78650137758,1100497.216483015,1086,1,514.9021739130435,54,130,37,32.722159491027405,0.6479552469135803,40.018939393939405,8319.393939393962,154.0628507295178,0
1088,32,0,0,184,0.0,0.0,1.0,184,4700,3200,1500,0.6808510638297872,62,32,30,281.08824791002326,0.43382483962936563,0.8225262914632676,0.18330797705585344,1082545.6611570292,19358.172635445688,1101903.8337924748,1087,2,515.9021739130435,54,130,34,32.57487500606767,0.6493055555555556,39.886363636363654,8323.636363636397,154.14141414141474,0
1089,32,0,0,184,0.0,0.0,1.0,184,4150,2900,1250,0.6987951807228916,54,29,25,280.6356628675334,0.4335513681001029,0.8221299375330204,0.18363390661912068,1083519.8988449567,19864.865008503548,1103384.76385346,1088,3,516.9021739130435,55,129,34,32.4663450083393,0.6496212121212122,39.76934523809525,8327.380952380969,151.40692640692671,0
1090,32,0,3,181,0.0,0.016304347826086956,0.9836956521739131,184,5100,3900,1200,0.7647058823529411,63,39,24,283.2694850805715,0.43334719252395665,0.8237917181897829,0.18575788070372642,1084139.5842191058,19520.732355442262,1103660.3165745481,1089,4,517.9021739130435,55,129,34,32.321292458672765,0.6503787878787879,39.69494047619048,8329.761904761916,151.45021645021666,0
1091,32,0,2,179,0.0,0.011049723756906077,0.988950276243094,181,6200,4900,1300,0.7903225806451613,75,49,26,289.92000000000013,0.432787241661551,0.8266519337016578,0.19073684210526312,1085069.4444444433,20516.66666666658,1105586.1111111098,1090,5,524.5414364640884,50,131,35,32.03333333333334,0.65625,39.58333333333333,8333.333333333325,166.6666666666665,0
1092,32,1,0,180,0.005555555555555556,0.0,1.0,180,4800,3300,1500,0.6875,63,33,30,291.3766079342772,0.43280118456445277,0.8269845001741551,0.1928405351266276,1086772.1816395414,22531.998376692824,1109304.1800162343,1091,0,527.7222222222222,50,130,35,31.785201149425294,0.6583333333333333,39.37908496732027,8339.869281045761,166.79738562091524,0
1093,32,0,0,180,0.0,0.0,1.0,180,5300,3900,1400,0.7358490566037735,67,39,28,283.60325078519134,0.43242357231533207,0.8199308257674018,0.1795222548073749,1073897.632674298,19612.171927390453,1093509.8046016884,1092,1,528.7222222222222,61,119,34,33.580036748811075,0.6331967213114754,40.92741935483871,8290.322580645165,135.90692755156007,8
1094,32,0,0,180,0.0,0.0,1.0,180,5800,4000,1800,0.6896551724137931,76,40,36,283.86655065827455,0.43209316159735156,0.8201434231820981,0.18056814771904883,1075325.792100691,19249.80468749982,1094575.5967881908,1093,2,529.7222222222222,63,117,36,33.39611585467939,0.6335978835978836,40.75520833333332,8295.833333333307,131.67989417989375,0
1095,32,1,0,181,0.0055248618784530384,0.0,1.0,181,5550,3600,1950,0.6486486486486487,75,36,39,278.9672800867351,0.43216057908737465,0.8179345720169489,0.1780310698701953,1076277.2115789189,18299.225266701167,1094576.43684562,1094,0,527.7900552486187,66,115,38,33.4052671542181,0.6328914141414141,40.64054726368158,8299.50248756217,125.7500376903359,0
1096,32,0,0,181,0.0,0.0,1.0,181,4150,2600,1550,0.6265060240963856,57,26,31,275.7622277445706,0.4321196541845713,0.8156698807498124,0.1768913802361513,1077771.814404432,19091.751308094776,1096863.5657125267,1095,1,528.7900552486187,56,125,37,33.30340797070835,0.6417410714285714,40.46052631578947,8305.263157894735,148.3082706766917,0
1097,32,0,0,181,0.0,0.0,1.0,181,5200,3800,1400,0.7307692307692307,66,38,28,271.24024135663075,0.4318063228974831,0.8122137855644516,0.17490319011617175,1079290.1234567869,17149.382716049164,1096439.506172836,1096,2,529.7900552486187,59,122,38,33.23306595365418,0.6412429378531073,40.277777777777764,8311.111111111086,140.86629001883196,0
1098,32,0,0,181,0.0,0.0,1.0,181,5850,3800,2050,0.6495726495726496,79,38,41,272.32822358143227,0.431787139349294,0.8128079363146186,0.176482835801473,1080733.5069444403,16812.847222221957,1097546.3541666623,1097,3,530.7900552486187,61,120,38,33.02646960587841,0.6415642076502732,40.10416666666665,8316.666666666633,136.3387978142071,0
1099,32,0,0,181,0.0,0.0,1.0,181,4500,3100,1400,0.6888888888888889,59,31,28,272.5097383193422,0.4319597912829957,0.8133591208633131,0.17734778367120652,1081952.111985946,18268.49738226978,1100220.6093682158,1098,4,531.7900552486187,63,118,34,32.871275896601354,0.6416997354497355,39.95768229166666,8321.354166666648,132.08498677248647,0
1100,32,0,1,180,0.0,0.0055248618784530384,0.994475138121547,181,5050,4000,1050,0.7920792079207921,61,40,21,272.62979441535464,0.43142393083691427,0.8137599423049728,0.17821470224946587,1083228.8956484008,17814.09422507896,1101042.9898734798,1099,5,532.7900552486187,65,116,34,32.71058271664847,0.6419871794871794,39.80429292929292,8326.262626262607,128.0963480963478,0
1101,32,0,1,179,0.0,0.005555555555555556,0.9944444444444445,180,6450,4800,1650,0.7441860465116279,81,48,33,276.584630193012,0.4314278139871715,0.8170998600248109,0.18188127095024542,1084939.8877812417,17565.539528724465,1102505.4273099662,1100,6,535.8277777777778,66,114,35,32.39658586582283,0.6434659090909092,39.59888059701492,8332.83582089551,126.25508819538652,0
1102,32,0,1,178,0.0,0.00558659217877095,0.994413407821229,179,4800,3400,1400,0.7083333333333334,62,34,28,277.7396908742031,0.4311366204255853,0.8155810362974938,0.1834181918941519,1086154.78515625,19733.658854166664,1105888.4440104167,1101,7,539.2178770949721,55,124,34,32.216704147926045,0.6528409090909091,39.453125,8337.5,151.5909090909091,0
1103,32,0,1,177,0.0,0.0056179775280898875,0.9943820224719101,178,4600,3200,1400,0.6956521739130435,60,32,28,277.95825546637985,0.4308002179479041,0.8149021758140993,0.18404088391186196,1086897.699292089,20222.437673130138,1107120.1369652192,1102,8,542.3876404494382,56,122,36,32.119443275837895,0.6529017857142857,39.364035087719294,8340.350877192976,148.9348370927317,0
1104,32,1,0,178,0.0056179775280898875,0.0,1.0,178,4950,3700,1250,0.7474747474747475,62,37,25,283.2716127894851,0.4305826667936266,0.8182405140036058,0.18836374252124682,1088117.3908211088,21096.55364043648,1109213.9444615452,1103,0,543.2808988764045,56,122,35,31.830617846297606,0.6543898809523809,39.21783625730995,8345.029239766094,149.0183792815374,0
1105,32,0,0,178,0.0,0.0,1.0,178,4250,3100,1150,0.7294117647058823,54,31,23,284.1702729946571,0.43035387439429523,0.8192670690397601,0.18926562325957735,1088574.951480798,22018.12822748882,1110593.0797082868,1104,1,544.2808988764045,56,122,37,31.750799878558574,0.6549479166666667,39.163011695906434,8346.783625730997,149.04970760233923,0
1106,32,0,1,177,0.0,0.0056179775280898875,0.9943820224719101,178,4200,3000,1200,0.7142857142857143,54,30,24,234.32022557464563,0.4302242694513214,0.7775941837409119,0.13966470327859015,1055954.8100597463,9686.31385796646,1065641.1239177128,1105,2,545.2808988764045,68,110,38,37.08117862529629,0.6067708333333333,43.100845410628025,8220.772946859915,120.89371980676346,8
1107,32,1,0,178,0.0056179775280898875,0.0,1.0,178,4400,3300,1100,0.75,55,33,22,232.04222671422158,0.43067061300493026,0.7752740393189834,0.13908638858738653,1057657.276224431,9084.229895123048,1066741.5061195542,1106,0,540.0955056179776,72,106,40,36.92788692788692,0.6067708333333333,42.89383561643835,8227.397260273963,114.26940639269394,0
1108,32,0,0,178,0.0,0.0,1.0,178,4850,3300,1550,0.6804123711340206,64,33,31,230.02393069893486,0.43069045049620175,0.7738309025165633,0.1383130907968922,1058612.3456790142,8251.234567901409,1066863.5802469156,1107,1,541.0955056179776,74,104,41,36.861051115910726,0.6069819819819819,42.777777777777786,8231.111111111126,111.23123123123143,0
1109,32,1,0,179,0.00558659217877095,0.0,1.0,179,4000,2500,1500,0.625,55,25,30,228.62865890370142,0.4319421777247714,0.7739430458615484,0.13805133723869956,1059875.784953465,8663.595863683804,1068539.3808171488,1108,0,539.0670391061452,61,118,41,36.739982483626015,0.6159494535519126,42.624327956989255,8236.02150537636,135.0167459897764,0
1110,32,0,0,179,0.0,0.0,1.0,179,4250,3200,1050,0.7529411764705882,53,32,21,225.44049293427838,0.43183625217081995,0.7707957733697988,0.13666358157878047,1061060.943603522,7791.220431858062,1068852.16403538,1109,1,540.0670391061452,63,116,43,36.67493574347954,0.6160714285714286,42.48046875000002,8240.62500000005,130.8035714285722,0
1111,32,1,2,178,0.005555555555555556,0.011111111111111112,0.9888888888888889,180,5850,4000,1850,0.6837606837606838,77,40,37,217.1491718934539,0.4320808762673288,0.764483286252355,0.12811801141713736,1052854.4423440415,3875.294055870431,1056729.736399912,1110,0,538.0611111111111,68,112,42,37.90791254708099,0.6029411764705883,43.478260869565204,8208.695652173883,120.71611253196886,7
1112,32,2,0,180,0.011111111111111112,0.0,1.0,180,4300,3100,1200,0.7209302325581395,55,31,24,216.72421760134472,0.4321578212290503,0.7645571658615151,0.12847054136162162,1054288.9030612223,5397.9875283445945,1059686.890589567,1111,0,538.5888888888888,69,111,42,37.740338164251234,0.6041666666666667,43.30357142857142,8214.285714285697,119.04761904761881,0
1113,32,0,0,180,0.0,0.0,1.0,180,5200,4000,1200,0.7692307692307693,64,40,24,215.3704237558784,0.4319088816470102,0.7629326047358846,0.12807505501140978,1055256.8299093316,4254.222125771321,1059511.0520351029,1112,1,539.5888888888888,71,109,47,37.65474480310967,0.6043133802816901,43.18576388888887,8218.055555555517,115.74726134585235,0
1114,32,0,0,180,0.0,0.0,1.0,180,5300,3700,1600,0.6981132075471698,69,37,32,212.38130021913895,0.4316450703496793,0.7597897897897907,0.12674367916303386,1056327.1604938211,3568.8271604935344,1059895.9876543146,1113,2,540.5888888888888,74,106,37,37.598536036036045,0.6041666666666667,43.055555555555536,8222.222222222175,111.11111111111047,0
1115,32,2,1,181,0.01098901098901099,0.005494505494505495,0.9945054945054945,182,6000,4400,1600,0.7333333333333333,76,44,32,208.94856593494686,0.4327726256248356,0.7590735846432055,0.12543264976337956,1058112.2504340245,1818.2074652776369,1059930.4578993022,1114,0,535.6373626373627,79,103,41,37.465189873417714,0.6041666666666667,42.83854166666666,8229.16666666664,104.16666666666633,0
1116,32,1,0,182,0.005494505494505495,0.0,1.0,182,4950,3600,1350,0.7272727272727273,63,36,27,212.93136821178499,0.4322527725497339,0.7636737382748635,0.12854298743889941,1059805.5963966518,3783.171135849284,1063588.7675325011,1115,0,536.6153846153846,68,114,38,37.15269630846237,0.6115196078431373,42.6328502415459,8235.748792270555,121.11395282750816,0
1117,32,2,2,182,0.010869565217391304,0.010869565217391304,0.9891304347826086,184,5100,3700,1400,0.7254901960784313,65,37,28,210.584055622961,0.43311331868218894,0.764561115668581,0.12807653219035833,1062044.753086421,2829.938271604965,1064874.691358026,1116,0,531.7717391304348,71,113,40,36.935646900269546,0.6126760563380282,42.361111111111114,8244.444444444453,116.11893583724581,0
1118,32,3,0,185,0.016216216216216217,0.0,1.0,185,4200,2300,1900,0.5476190476190477,61,23,38,205.86371070871724,0.43387803564433997,0.7608696158459203,0.12607115370842584,1064106.864197533,2612.197530864386,1066719.0617283974,1117,0,528.7567567567568,74,111,46,36.80211474938969,0.6137387387387387,42.11111111111112,8252.444444444463,111.51951951951978,0
1119,32,2,1,186,0.0106951871657754,0.0053475935828877,0.9946524064171123,187,5050,3700,1350,0.7326732673267327,64,37,27,208.6234399905091,0.43487052690088746,0.7664476955925696,0.12890888957911512,1066771.5214529387,2060.7088978845177,1068832.2303508231,1118,0,524.0909090909091,76,111,39,36.40152110511518,0.6160910087719298,41.78841991341993,8262.770562770602,108.72066529961319,0
1120,32,1,2,185,0.0053475935828877,0.0106951871657754,0.9893048128342246,187,4900,3100,1800,0.6326530612244898,67,31,36,210.69215939138542,0.4349879247886838,0.7684365564907554,0.13080171943103425,1068169.2277892574,2710.976239669453,1070880.2040289268,1119,0,525.0802139037434,65,122,42,36.175439802089066,0.6235576923076923,41.61931818181819,8268.181818181827,127.20279720279734,0
1121,32,2,0,187,0.0106951871657754,0.0,1.0,187,5100,3400,1700,0.6666666666666666,68,34,34,206.16112001441186,0.43559527916738544,0.7640330531753652,0.12887975315444322,1070221.130819779,1627.5973985790665,1071848.728218358,1120,0,525.9679144385027,66,121,46,36.03934976455266,0.6254734848484849,41.37126865671641,8276.119402985054,125.39574853007657,0
1122,32,0,0,187,0.0,0.0,1.0,187,4500,3000,1500,0.6666666666666666,60,30,30,207.77652898483734,0.4356994997412455,0.7653544066227889,0.13017324707483774,1070864.5825598363,2600.105195415855,1073464.6877552522,1121,1,526.9679144385027,66,121,44,35.918219150640994,0.6262626262626263,41.29353233830845,8278.60696517412,125.43343886627454,0
1123,32,1,2,186,0.005319148936170213,0.010638297872340425,0.9893617021276596,188,5100,3700,1400,0.7254901960784313,65,37,28,186.754186238303,0.43605050821102137,0.7390256720601371,0.11382463175838088,1062680.9937509445,-3007.975156226522,1059673.018594718,1122,0,525.1595744680851,80,108,42,37.47099550898203,0.609375,42.28395061728393,8246.91358024685,103.08641975308562,8
1124,32,3,1,188,0.015873015873015872,0.005291005291005291,0.9947089947089947,189,5150,3900,1250,0.7572815533980582,64,39,25,183.38558480345978,0.4360435663627153,0.7354715991079637,0.11248212597852675,1064576.0471125443,-3904.419806502426,1060671.6273060418,1123,0,523.1216931216932,85,104,37,37.32391059353869,0.6098039215686275,42.054263565891446,8254.263565891402,97.10898312813414,0
1125,32,1,1,188,0.005291005291005291,0.005291005291005291,0.9947089947089947,189,5450,3800,1650,0.6972477064220184,71,38,33,181.7585264230221,0.4358113812901047,0.7315631942093779,0.11198769902949916,1065919.3699243802,-4502.013207357884,1061417.3567170224,1124,0,524.1164021164021,87,102,38,37.20023121608194,0.6107519157088123,41.891571969696955,8259.469696969652,94.93643329850175,0
1126,32,1,1,188,0.005291005291005291,0.005291005291005291,0.9947089947089947,189,4750,3400,1350,0.7157894736842105,61,34,27,184.3357015172778,0.4358946395737176,0.7370083684339952,0.11403056578749655,1067108.129715358,-3208.7748628260965,1063899.3548525318,1125,0,524.952380952381,89,100,41,36.98717302320021,0.6115402621722846,41.74768518518517,8264.07407407403,92.85476487723628,0
1127,32,0,1,187,0.0,0.005319148936170213,0.9946808510638298,188,5350,3900,1450,0.7289719626168224,68,39,29,183.6991412572924,0.4351989465999166,0.7369519344155007,0.11419872431276862,1068571.0537136504,-3690.8830120800894,1064880.1707015703,1126,1,528.0159574468086,75,113,41,36.823400070715174,0.61875,41.570723684210556,8269.736842105325,110.26315789473767,0
1128,32,0,0,187,0.0,0.0,1.0,187,5500,4300,1200,0.7818181818181819,67,43,24,183.8892961137267,0.43498912272631435,0.7353541049297545,0.11485467755994988,1069958.9186205969,-3549.201516850646,1066409.7171037463,1127,2,531.807486631016,78,109,40,36.647630702291124,0.6191239316239316,41.40295358649791,8275.10548523211,106.09109596451424,0
1129,32,0,0,187,0.0,0.0,1.0,187,6000,4300,1700,0.7166666666666667,77,43,34,217.42810791797683,0.43522990819005997,0.7752442619861084,0.13236359997793543,1062327.0053615933,2795.950153188421,1065122.9555147816,1128,3,532.807486631016,70,117,39,36.72433999506542,0.6135416666666667,42.32687793427231,8245.53990610331,117.79342723004727,8
1130,32,0,0,187,0.0,0.0,1.0,187,5300,3500,1800,0.660377358490566,71,35,36,217.0524376788722,0.4350118835412953,0.7745491121325663,0.1328260955399557,1063888.6315183153,3483.924177977816,1067372.555696293,1129,4,533.807486631016,72,115,38,36.54058989541255,0.6144386574074074,42.137557077625566,8251.598173515968,114.60553018772177,0
1131,32,1,0,188,0.005319148936170213,0.0,1.0,188,5800,4000,1800,0.6896551724137931,76,40,36,212.1293663307813,0.435322799332499,0.7666461534904105,0.12730906500545489,1058033.8490027399,1488.0099890936003,1059521.8589918334,1130,0,531.9627659574468,81,107,38,37.393121490556375,0.6032664609053497,42.848069105691046,8228.86178861786,101.59088627923283,8
1132,32,3,1,190,0.015706806282722512,0.005235602094240838,0.9947643979057592,191,5550,4300,1250,0.7747747747747747,68,43,25,207.6686709401026,0.43659180674198583,0.7656355489197044,0.12544968139375626,1060006.580867786,276.03156731495665,1060282.6124351008,1131,0,524.5916230366493,72,119,38,37.263231326458936,0.6096643518518519,42.60844748858447,8236.529680365278,114.39624556062887,0
1133,32,0,0,190,0.0,0.0,1.0,190,5450,4000,1450,0.7339449541284404,69,40,29,206.0999569338066,0.43605251554812957,0.7616604604695516,0.12506274873627274,1061357.8271604895,299.16049382695064,1061656.9876543165,1132,1,528.0578947368421,74,116,41,37.13622555363819,0.6103603603603603,42.44444444444443,8241.777777777745,111.37537537537493,0
1134,32,1,1,190,0.005235602094240838,0.005235602094240838,0.9947643979057592,191,5750,3900,1850,0.6782608695652174,76,39,37,206.45964908550573,0.4370568108753559,0.762382070419277,0.12614684559124384,1063422.1723726592,-39.246292439028366,1063382.9260802201,1133,0,526.2879581151833,78,113,40,36.871441114293496,0.6111111111111112,42.19409282700421,8249.78902953585,105.76652601969039,0
1135,32,0,1,189,0.0,0.005263157894736842,0.9947368421052631,190,5200,3800,1400,0.7307692307692307,66,38,28,207.55412118370148,0.43657117330362943,0.7610840946656241,0.12711245900322796,1064121.1914062505,972.5477430555475,1065093.739149306,1134,1,529.9578947368421,79,111,41,36.75674879666092,0.6115506329113924,42.109375,8252.500000000004,104.46202531645574,0
1136,32,0,0,189,0.0,0.0,1.0,189,4700,3500,1200,0.7446808510638298,59,35,24,216.77819830538456,0.4366252016961237,0.7679820584255335,0.13352484881118495,1065830.914686469,3709.781076782252,1069540.695763251,1135,2,529.3809523809524,83,106,36,36.30728591104918,0.6120732931726908,41.902281746031726,8259.126984126926,99.50755402562561,0
1137,32,1,2,188,0.005263157894736842,0.010526315789473684,0.9894736842105263,190,4950,3400,1550,0.6868686868686869,65,34,31,214.97186811150016,0.4370625638169498,0.7690235648681811,0.13305791418698107,1067277.1904670643,2936.9142854994134,1070214.1047525636,1136,0,527.5894736842105,85,105,38,36.175090668917754,0.6131127450980391,41.72722868217053,8264.728682170502,97.23210214318237,0
1138,32,0,2,186,0.0,0.010638297872340425,0.9893617021276596,188,5150,4000,1150,0.7766990291262136,63,40,23,219.40911751418847,0.43623421322107175,0.7723886908206536,0.13620070386120525,1068141.6585388763,4122.003736031555,1072263.6622749078,1137,1,534.1489361702128,70,118,41,35.953618003899095,0.6206845238095238,41.622652582159645,8268.07511737094,118.11535881958486,0
1139,32,0,0,186,0.0,0.0,1.0,186,5300,4100,1200,0.7735849056603774,65,41,24,219.28291322070933,0.4363605541024896,0.7697538206587418,0.13660692076706965,1069193.7720231067,4391.185025333342,1073584.9570484401,1138,2,530.510752688172,72,114,40,35.826870354014886,0.6209490740740741,41.495433789954355,8272.146118721497,114.89091831557636,0
1140,32,0,0,186,0.0,0.0,1.0,186,5150,3000,2150,0.5825242718446602,73,30,43,216.20562439140184,0.4363708466531047,0.7661999218049316,0.1350396685858282,1069960.3734567983,3916.2901234572823,1073876.6635802556,1139,3,531.510752688172,74,112,42,35.811760388134026,0.6209177927927928,41.40277777777781,8275.111111111175,111.82582582582668,0
1141,32,1,0,187,0.0053475935828877,0.0,1.0,187,5450,4000,1450,0.7339449541284404,69,40,29,217.20825569046957,0.4368123838000499,0.7680361068802997,0.13631100770496554,1071359.4198009912,3691.6221585059634,1075051.0419594971,1140,0,529.663101604278,76,111,43,35.6131500069706,0.6217105263157895,41.233766233766275,8280.519480519582,108.95420369104714,0
1142,32,2,1,188,0.010582010582010581,0.005291005291005291,0.9947089947089947,189,4450,3200,1250,0.7191011235955056,57,32,25,216.01541598051938,0.4374589571841345,0.77050183730428,0.13632849517536763,1073016.2545176267,4107.610514697273,1077123.865032324,1141,0,525.047619047619,78,111,37,35.43968516632725,0.6228632478632479,41.03375527426164,8286.91983122371,106.2425619387655,0
1143,32,1,1,188,0.005291005291005291,0.005291005291005291,0.9947089947089947,189,5850,4600,1250,0.7863247863247863,71,46,25,218.49710087999367,0.43741674171638706,0.773571108292656,0.1386590391263649,1074636.1449815438,3310.976435864507,1077947.1214174083,1142,0,525.952380952381,82,107,39,35.17574656981438,0.6232215447154472,40.83835341365465,8293.17269076314,101.13625232637976,0
1144,32,0,0,188,0.0,0.0,1.0,188,5350,3800,1550,0.7102803738317757,69,38,31,218.5512767752227,0.4371474049000645,0.771146364095133,0.13933976524156982,1075994.5830184007,4081.9979843792753,1080076.58100278,1143,1,529.7393617021277,83,105,41,35.00701351695999,0.6244979919678715,40.6746031746032,8298.412698412762,99.9808758844911,0
1145,32,0,0,188,0.0,0.0,1.0,188,5000,3400,1600,0.68,66,34,32,220.67556387911253,0.4371011823491486,0.7733229221987434,0.14125701737021568,1077158.1928691405,4940.49831968046,1082098.691188821,1144,2,530.7393617021277,68,120,42,34.808648978879376,0.6328125,40.534420289855056,8302.898550724602,122.10144927536179,0
1146,32,0,0,188,0.0,0.0,1.0,188,5700,4600,1100,0.8070175438596491,68,46,22,221.06678570781364,0.437300294876171,0.773835919510862,0.14209141929167243,1078355.4884667879,4377.716337146142,1082733.204803934,1145,3,531.7393617021277,70,118,42,34.65114910049918,0.6331845238095238,40.39025821596242,8307.511737089151,118.67873910127359,0
1147,32,0,1,187,0.0,0.005319148936170213,0.9946808510638298,188,5200,3900,1300,0.75,65,39,26,219.66913248182505,0.4370674043311715,0.7730912282490059,0.14158996758280828,1079169.885036213,4612.062489282745,1083781.947525496,1146,4,532.7393617021277,71,117,43,34.58726765454106,0.633656103286385,40.29224537037034,8310.648148148073,117.05138236828272,0
1148,32,0,0,187,0.0,0.0,1.0,187,5350,4200,1150,0.7850467289719626,65,42,23,220.6575796139767,0.4367608724819351,0.7726822241979858,0.14276615009093477,1080265.2768900576,4923.744267916094,1085189.0211579737,1147,5,535.4385026737968,73,114,43,34.42691686079059,0.6339897260273972,40.16047297297295,8314.864864864801,113.9022584228055,0
1149,32,0,0,187,0.0,0.0,1.0,187,5150,3700,1450,0.7184466019417476,66,37,29,219.7624241373383,0.43685431161711996,0.7709874647533448,0.14247367004842068,1080847.4993507504,4955.933316019696,1085803.43266677,1148,6,536.4385026737968,75,112,42,34.37862548120021,0.63375,40.09046052631575,8317.105263157804,110.89473684210405,0
1150,32,1,2,186,0.005319148936170213,0.010638297872340425,0.9893617021276596,188,5050,3700,1350,0.7326732673267327,64,37,27,216.88735933909132,0.4374039993173285,0.7693056501169919,0.14098764604249484,1081622.222336352,4268.037521001617,1085890.2598573538,1149,0,534.5797872340426,77,111,38,34.35819978769667,0.6337932900432901,39.99732905982902,8320.08547008537,108.05305805305676,0
1151,32,0,0,186,0.0,0.0,1.0,186,5000,3300,1700,0.66,67,33,34,220.40959214192463,0.4363308873389518,0.7719484490973603,0.1438602823065492,1082791.9949001628,5531.548394096687,1088323.5432942596,1150,8,540.4677419354839,79,107,39,34.12296452942252,0.6343618143459915,39.8567708333333,8324.58333333325,105.37447257383862,0
1152,32,0,0,186,0.0,0.0,1.0,186,4800,3500,1300,0.7291666666666666,61,35,26,223.2163149732502,0.43611474377603415,0.775242578336143,0.14631165367248405,1084011.0983045693,6393.792550729802,1090404.890855299,1151,9,541.4677419354839,81,105,40,33.90027655767036,0.6350308641975309,39.7103658536585,8329.268292682838,102.83047274917084,0
1153,32,0,1,185,0.0,0.005376344086021506,0.9946236559139785,186,5100,3500,1600,0.6862745098039216,67,35,32,224.95999999999964,0.43591070909619295,0.7778924731182792,0.14800000000000008,1085069.444444447,6519.444444444578,1091588.8888888916,1152,10,542.4677419354839,64,122,41,33.72500000000001,0.6448567708333333,39.58333333333334,8333.333333333354,130.20833333333366,0
1154,32,0,0,185,0.0,0.0,1.0,185,5900,4300,1600,0.7288135593220338,75,43,32,221.58939190791494,0.4352587641989816,0.7723627002023434,0.14647987322383926,1086433.960459185,5248.448129251811,1091682.408588437,1153,11,546.172972972973,69,116,40,33.64545856889954,0.6435688405797102,39.41964285714286,8338.57142857144,120.84886128364406,0
1155,32,0,2,183,0.0,0.010810810810810811,0.9891891891891892,185,4700,3100,1600,0.6595744680851063,63,31,32,218.294341997282,0.4350506756756756,0.769663388073198,0.14501728440165912,1087844.1713016543,5794.045513974594,1093638.2168156288,1154,12,547.172972972973,71,114,40,33.55856636889899,0.6442194835680751,39.2505787037037,8343.981481481478,117.52086593635885,0
1156,32,0,1,182,0.0,0.00546448087431694,0.994535519125683,183,4750,3400,1350,0.7157894736842105,61,34,27,218.8631886696983,0.43473273083928826,0.7662991887740891,0.14561931195180486,1088282.4358593451,6286.992817080578,1094569.4286764257,1155,13,552.9071038251366,72,111,43,33.49006492677501,0.6442418981481481,39.198059360730596,8345.66210045663,115.91197361745319,0
1157,32,0,1,181,0.0,0.005494505494505495,0.9945054945054945,182,5300,3500,1800,0.660377358490566,71,35,36,216.45842064935755,0.4345446795377734,0.7652727971692557,0.1404469850917441,1081084.7460636313,5101.979344209074,1086186.7254078402,1156,14,555.7527472527472,73,109,43,34.435358677208555,0.6349885844748858,40.06193693693694,8318.01801801802,113.94545230161671,8
1158,32,0,0,181,0.0,0.0,1.0,181,4300,3100,1200,0.7209302325581395,55,31,24,216.33747838213182,0.4341850828729282,0.7636166509575102,0.14073211501981478,1081831.1234567899,6308.12345679014,1088139.24691358,1157,15,559.6022099447514,74,107,34,34.346846846846844,0.6354166666666667,39.97222222222222,8320.888888888887,112.44444444444441,0
1159,32,0,0,181,0.0,0.0,1.0,181,6100,4300,1800,0.7049180327868853,79,43,36,215.93164335572828,0.4341684571311643,0.7621085502610718,0.140838997233512,1082590.7029478434,4453.117913832028,1087043.8208616753,1158,16,560.6022099447514,76,105,34,34.26415903890159,0.6354166666666667,39.88095238095237,8323.809523809505,109.52380952380928,0
1160,32,0,0,181,0.0,0.0,1.0,181,3900,2400,1500,0.6153846153846154,54,24,30,217.50898949114531,0.434085328422345,0.7642576200285585,0.14197888214238685,1082815.9259571577,7004.4395719719105,1089820.3655291297,1159,17,561.6022099447514,76,105,34,34.195484486046105,0.6356907894736843,39.8538961038961,8324.675324675309,109.53520164046459,0
1161,32,0,1,180,0.0,0.0055248618784530384,0.994475138121547,181,6250,4900,1350,0.784,76,49,27,217.42739180911153,0.43391139758543074,0.7637644693827119,0.14228892772419405,1083550.8789062453,4668.728298610864,1088219.6072048561,1160,18,562.6022099447514,79,102,35,34.10741685846759,0.6352848101265822,39.765624999999986,8327.499999999964,105.41139240506283,0
1162,32,0,0,180,0.0,0.0,1.0,180,4150,2900,1250,0.6987951807228916,54,29,25,218.76726073535846,0.43373486964618246,0.7656770430364199,0.14387197994901757,1084962.279738008,7320.845187894523,1092283.1249259026,1161,19,562.5888888888888,80,100,36,33.899410670485786,0.6365885416666667,39.59619341563784,8332.921810699541,104.16152263374427,0
1163,32,0,1,179,0.0,0.005555555555555556,0.9944444444444445,180,5400,4100,1300,0.7592592592592593,67,41,26,217.75044271126083,0.4335505896958411,0.7649132434409953,0.14376939167830388,1086090.9265666993,5899.35601691625,1091990.2825836155,1162,20,563.5888888888888,67,113,34,33.7875313577924,0.6442786069651741,39.46078431372547,8337.25490196074,124.43664032777224,0
1164,32,0,0,179,0.0,0.0,1.0,179,4250,2700,1550,0.6352941176470588,58,27,31,220.63547589546394,0.43300404871006215,0.7642434808263987,0.14637549109637896,1087461.0587469882,7936.49764288502,1095397.5563898731,1163,21,566.3687150837989,68,111,40,33.54445345223618,0.6453737745098039,39.29649758454104,8342.51207729463,122.68400113668574,0
1165,32,0,0,179,0.0,0.0,1.0,179,6100,4900,1200,0.8032786885245902,73,49,24,218.46625829094353,0.43267711798798986,0.7610304600996032,0.14575427038028602,1089061.472790357,5684.637001866656,1094746.1097922237,1164,22,567.3687150837989,73,106,38,33.40504837955469,0.6446917808219178,39.104729729729726,8348.648648648641,114.36504998148823,0
1166,32,0,1,178,0.0,0.00558659217877095,0.994413407821229,179,4400,3300,1100,0.75,55,33,22,219.17270706374808,0.43266927165066016,0.762607494144353,0.1467112034070762,1090001.8388320734,7579.730744257654,1097581.569576331,1165,23,568.3687150837989,73,106,40,33.271536691475234,0.6458333333333333,38.99211711711711,8352.252252252238,114.41441441441421,0
1167,32,0,0,178,0.0,0.0,1.0,178,5300,4000,1300,0.7547169811320755,66,40,26,218.6169083585064,0.43225298355868724,0.7613466964150071,0.14688347309586636,1091052.5975197218,6804.50914525575,1097857.1066649775,1166,24,572.2584269662922,76,102,34,33.15751869312195,0.6456962719298245,38.86634199134198,8356.277056277038,109.95101389838209,0
1168,32,0,0,178,0.0,0.0,1.0,178,5000,3500,1500,0.7,65,35,30,222.81663424180582,0.4319792261791405,0.7654276848005328,0.15025721529377603,1092091.9882067705,8067.252218934811,1100159.2404257052,1167,25,573.2584269662922,77,101,36,32.92072407095026,0.6465097402597403,38.741987179487175,8360.2564102564,108.57475857475843,0
1169,32,0,0,178,0.0,0.0,1.0,178,5100,4000,1100,0.7843137254901961,62,40,22,221.923936806692,0.4318006887576969,0.7653133182432212,0.15007691407183338,1092884.9793702916,7807.467419751041,1100692.4467900426,1168,26,574.2584269662922,78,100,37,32.847106604106735,0.6470352564102564,38.64715189873417,8363.291139240495,107.22168127231404,0
1170,32,0,0,178,0.0,0.0,1.0,178,5200,3700,1500,0.7115384615384616,67,37,30,219.8377803526926,0.4313351689625256,0.7631272662160347,0.14913319694196195,1093767.3611111124,7290.27777777787,1101057.6388888904,1169,27,575.2584269662922,70,108,39,32.79382470119523,0.6519345238095238,38.54166666666667,8366.666666666677,119.52380952380967,0
1171,32,0,0,178,0.0,0.0,1.0,178,5050,3700,1350,0.7326732673267327,64,37,27,220.0648022884239,0.43081145919295794,0.7647127472655715,0.1500284431022187,1095157.1944502834,7551.110294289525,1102708.3047445728,1170,28,576.2584269662922,68,110,39,32.61817176380074,0.654718137254902,38.375603864734316,8371.980676328538,123.11736288718438,0
1172,32,1,0,179,0.00558659217877095,0.0,1.0,179,5100,4300,800,0.8431372549019608,59,43,16,216.26836787643802,0.4309509237754483,0.7614012778172163,0.14849990358738765,1097159.2614026088,6556.168552812244,1103715.429955421,1171,0,574.0335195530727,71,108,41,32.47329650092082,0.6555164319248826,38.13657407407408,8379.62962962965,118.02295252999507,0
1173,32,0,1,178,0.0,0.00558659217877095,0.994413407821229,179,5450,3800,1650,0.6972477064220184,71,38,33,213.00336635672772,0.43075476534220497,0.757657401304138,0.14683032054190456,1098247.3520818138,5536.076617157791,1103783.4286989716,1172,1,575.0335195530727,73,106,43,32.426212479403965,0.6558219178082192,38.006756756756765,8383.783783783801,114.84635320251783,0
1174,32,2,1,179,0.011111111111111112,0.005555555555555556,0.9944444444444445,180,5200,3600,1600,0.6923076923076923,68,36,32,210.5159133434164,0.43111938754396856,0.7567950285248577,0.14593391280924956,1099809.335963181,5105.473372781033,1104914.809335962,1173,0,571.3277777777778,77,103,38,32.30121740016298,0.6558441558441559,37.82051282051282,8389.74358974358,108.95770895770885,0
1175,32,0,0,179,0.0,0.0,1.0,179,5250,3600,1650,0.6857142857142857,69,36,33,215.89148261662686,0.4303611407528299,0.7611762736655041,0.15015781021713054,1100728.5602378517,6477.5841656428875,1107206.1444034947,1174,1,575.5195530726257,78,101,39,32.04837371807762,0.656517094017094,37.710970464135016,8393.248945147665,107.60575570702134,0
1176,32,0,0,179,0.0,0.0,1.0,179,5350,4000,1350,0.7476635514018691,67,40,27,224.58593625395667,0.4297648191157701,0.7708926269566039,0.1570231951810958,1102171.89941406,8356.46158854154,1110528.3610026015,1175,2,576.5195530726257,79,100,41,31.644558962147133,0.6578322784810127,37.53906249999999,8398.74999999998,106.31329113924025,0
1177,32,0,1,178,0.0,0.00558659217877095,0.994413407821229,179,4950,3700,1250,0.7474747474747475,62,37,25,219.32230981296215,0.42975566505555207,0.764150964302097,0.15401435739233335,1103375.1736111096,7648.958333333283,1111024.1319444429,1176,3,577.5195530726257,69,110,38,31.636338093349213,0.6641002415458936,37.39583333333333,8403.333333333321,121.78743961352639,0
1178,32,0,1,177,0.0,0.0056179775280898875,0.9943820224719101,178,5000,3400,1600,0.68,66,34,32,215.78391958821254,0.42938117607228254,0.7594942188915634,0.1521361587395946,1104472.7126451957,7065.49020256105,1111538.2028477567,1177,4,580.7752808988764,70,108,43,31.595864976546796,0.6648809523809525,37.26525821596243,8407.511737089182,120.10731052984546,0
1179,32,0,0,177,0.0,0.0,1.0,177,4400,3000,1400,0.6818181818181818,58,30,28,213.13194471769094,0.428684354134566,0.7549542768260362,0.15069778463551417,1105258.5727205419,7313.181803965618,1112571.7545245076,1178,5,584.8587570621469,72,105,41,31.57009519155944,0.6647858796296297,37.17180365296803,8410.502283105008,116.81253170979178,0
1180,32,0,0,177,0.0,0.0,1.0,177,4550,3200,1350,0.7032967032967034,59,32,27,211.14757285485751,0.42866161616161613,0.7532451762757864,0.14968811196039805,1105978.767253601,6754.9464669209765,1112733.713720522,1179,6,585.8587570621469,72,105,41,31.534825870646774,0.6656539351851851,37.08618721461187,8413.242009132413,116.8505834601724,0
1181,32,0,0,177,0.0,0.0,1.0,177,4550,3400,1150,0.7472527472527473,57,34,23,209.8822169853258,0.42847436226673513,0.7518663300362793,0.14915288930912296,1106642.3972536724,6502.911949111258,1113145.3092027835,1180,7,586.8587570621469,73,104,42,31.48757114310696,0.665953196347032,37.00731981981982,8415.765765765764,115.28446254473648,0
1182,32,0,0,177,0.0,0.0,1.0,177,5550,4300,1250,0.7747747747747747,68,43,25,202.63364201518561,0.4280423407806882,0.7465733301127357,0.13868136081238097,1096242.013762077,3477.1023557343215,1099719.1161178113,1181,8,587.8587570621469,73,104,42,32.942043111947676,0.6533961187214612,38.24605855855857,8376.126126126159,114.74145378255012,8
1183,32,0,0,177,0.0,0.0,1.0,177,4750,3100,1650,0.6526315789473685,64,31,33,201.8011593255114,0.427893875192604,0.7457301827397504,0.13853435677017242,1097095.4554526408,4129.026960218614,1101224.4824128593,1182,9,588.8587570621469,75,102,43,32.859907964756175,0.6534722222222222,38.14418859649123,8379.385964912291,111.72514619883056,0
1184,32,0,1,176,0.0,0.005649717514124294,0.9943502824858758,177,4850,3600,1250,0.7422680412371134,61,36,25,197.40297242124188,0.42752204245848313,0.7402608331741234,0.13620805097065666,1098516.2634193222,3120.075130409947,1101636.3385497322,1183,10,589.8587570621469,78,99,45,32.80222591250674,0.6538461538461539,37.974683544303794,8384.810126582266,107.49756572541366,0
1185,32,0,0,176,0.0,0.0,1.0,176,5650,4100,1550,0.7256637168141593,72,41,31,191.73718695058636,0.4272767857142857,0.7309679549405144,0.1328959813855443,1099767.3204210086,1323.2584635416902,1101090.5788845504,1184,11,592.9772727272727,79,97,42,32.79866112076813,0.6549314345991561,37.825520833333336,8389.583333333345,106.19725738396639,0
1186,32,0,1,175,0.0,0.005681818181818182,0.9943181818181818,176,5400,3900,1500,0.7222222222222222,69,39,30,190.58980867454477,0.42684929653679654,0.7301839998736548,0.13272771777967712,1101078.5834418419,1370.8713107639323,1102449.4547526059,1185,12,593.9772727272727,79,97,42,32.66951448520042,0.6565137130801688,37.669270833333336,8394.583333333345,106.2605485232069,0
1187,32,0,0,175,0.0,0.0,1.0,175,4650,3400,1250,0.7311827956989247,59,34,25,196.27255128315693,0.4260125889436234,0.7357615384076892,0.13712201143565153,1101959.9426958952,3606.8978729529304,1105566.8405688482,1186,13,598.0285714285715,80,95,44,32.41340798092157,0.6571614583333334,37.56430041152263,8397.942386831266,104.97427983539083,0
1188,32,0,0,175,0.0,0.0,1.0,175,4650,3000,1650,0.6451612903225806,63,30,33,195.9457296162299,0.42579091406677616,0.7355750761622419,0.13705715682922562,1102289.1667069923,3547.771003693649,1105836.937710686,1187,14,599.0285714285715,82,93,45,32.38201683083104,0.6567581300813008,37.52510040160644,8399.196787148623,102.42922911156857,0
1189,32,0,2,173,0.0,0.011428571428571429,0.9885714285714285,175,4350,3300,1050,0.7586206896551724,54,33,21,195.39674650023557,0.4256486042692939,0.735442789936924,0.13696403649200076,1102875.031887756,3749.638605442233,1106624.670493198,1188,15,600.0285714285715,69,106,45,32.32532024032194,0.6634963768115942,37.455357142857146,8401.428571428578,121.75983436853012,0
1190,32,0,0,173,0.0,0.0,1.0,173,4150,2900,1250,0.6987951807228916,54,29,25,193.72169642535863,0.4249577116099834,0.7303126915131395,0.13621389667740666,1103732.738764355,4013.395710727617,1107746.1344750826,1189,16,606.5491329479769,70,103,44,32.26524969277176,0.6639880952380952,37.35328638497653,8404.694835680753,120.06706908115362,0
1191,32,0,0,173,0.0,0.0,1.0,173,4750,3100,1650,0.6526315789473685,64,31,33,190.41838669168163,0.4243639938163732,0.7252406033849903,0.13448698374741733,1104951.361111112,2730.6111111111736,1107681.9722222232,1190,17,607.5491329479769,74,99,47,32.20429681306485,0.6634290540540541,37.208333333333336,8409.33333333334,113.63963963963973,0
1192,32,0,0,173,0.0,0.0,1.0,173,4650,3200,1450,0.6881720430107527,61,32,29,191.9929560696549,0.42404613075234127,0.727246099576734,0.1360978892582454,1105956.652527701,3217.177400738699,1109173.8299284398,1191,18,608.5491329479769,75,98,44,32.041106245438414,0.6641666666666667,37.088815789473685,8413.157894736845,112.17543859649128,0
1193,32,0,0,173,0.0,0.0,1.0,173,5350,4200,1150,0.7850467289719626,65,42,23,216.37037627550853,0.4239103038042748,0.7559300165152747,0.13769023944805203,1075445.8161865661,6588.923182442157,1082034.7393690082,1192,19,609.5491329479769,80,93,37,35.13113839285715,0.625,40.74074074074077,8296.296296296368,103.7037037037046,8
1194,32,1,2,172,0.005747126436781609,0.011494252873563218,0.9885057471264368,174,4400,2900,1500,0.6590909090909091,59,29,30,217.7635835995212,0.4240319026421279,0.7592591014513741,0.13909713354940212,1076539.2669296516,7686.209730440467,1084225.4766600921,1193,0,607.0402298850574,64,110,40,34.960382429259845,0.6344401041666667,40.60897435897436,8300.51282051282,129.69551282051282,0
1195,32,0,0,172,0.0,0.0,1.0,172,5200,3700,1500,0.7115384615384616,67,37,30,217.3417973483164,0.4238937338501292,0.7559870520856116,0.1393809690025142,1077697.0596334247,7245.723187544823,1084942.7828209696,1194,1,608.7790697674419,66,106,40,34.82884542422969,0.6346275252525253,40.46952736318408,8304.975124378107,125.83295642997132,0
1196,32,0,0,172,0.0,0.0,1.0,172,4800,3400,1400,0.7083333333333334,62,34,28,213.29421115941204,0.4239624416338003,0.7502497526488177,0.13707610908299406,1078314.2638948956,6799.638059880732,1085113.9019547764,1195,2,609.7790697674419,67,105,40,34.85800092445074,0.634794776119403,40.39522058823529,8307.352941176467,123.9903424056189,0
1197,32,0,0,172,0.0,0.0,1.0,172,5350,3400,1950,0.6355140186915887,73,34,39,211.61075212016928,0.4233355716487601,0.7487291007681882,0.13652903628044707,1079452.7100002181,5934.7599682601,1085387.4699684782,1196,3,610.7790697674419,70,102,39,34.761800534719065,0.6345238095238095,40.258215962441305,8311.737089201859,118.73910127431228,0
1198,32,0,0,172,0.0,0.0,1.0,172,3700,2400,1300,0.6486486486486487,50,24,26,211.05896262880972,0.4231676979917494,0.7481537250474521,0.1366633412667147,1080492.8760502352,7509.5411093961,1088002.4171596314,1197,4,611.7790697674419,71,101,42,34.64837805738036,0.6352699530516432,40.13310185185183,8315.740740740703,117.12310902451694,0
1199,32,2,1,173,0.011494252873563218,0.005747126436781609,0.9942528735632183,174,3850,2600,1250,0.6753246753246753,51,26,25,206.02285787559754,0.4241474818948907,0.7448323643105967,0.13430293768850027,1082433.9159500732,5951.225765101453,1088385.1417151745,1198,0,605.735632183908,78,96,37,34.54113014971779,0.6343482905982907,39.899789029535846,8323.206751054804,106.70777885967698,0
1200,32,0,0,173,0.0,0.0,1.0,173,4100,3000,1100,0.7317073170731707,52,30,22,206.02022749899345,0.4230729376708339,0.7446999505021104,0.13456979946575257,1083008.7917751686,5924.343532985848,1088933.1353081544,1199,1,610.2369942196532,79,94,39,34.47071593013359,0.6346255274261603,39.83072916666665,8325.416666666628,105.38502109704592,0
1201,32,0,0,173,0.0,0.0,1.0,173,4550,3300,1250,0.7252747252747253,58,33,25,208.59795687006397,0.42292870905587665,0.7476218266070167,0.13655321245661758,1083640.1768550542,6059.025374855701,1089699.2022299098,1200,2,611.2369942196532,84,89,40,34.326242387141335,0.6334325396825398,39.75490196078431,8327.84313725489,99.14098972922487,0
1202,32,0,1,172,0.0,0.005780346820809248,0.9942196531791907,173,5050,3600,1450,0.7128712871287128,65,36,29,213.52077693688173,0.4227522740511718,0.753814957135807,0.14032748069043083,1084770.13558594,6674.192429647177,1091444.328015587,1201,3,612.2369942196532,86,87,41,34.059582930979005,0.6340843023255813,39.61925287356321,8332.183908045956,96.8858593958832,0
1203,32,0,1,171,0.0,0.005813953488372093,0.9941860465116279,172,4950,3800,1150,0.7676767676767676,61,38,23,212.97266201778726,0.4227844927240582,0.7516793966206932,0.1404265264681063,1085707.814452371,6895.216683486897,1092603.031135858,1202,4,613.4127906976744,67,105,41,33.95894589826518,0.6438121890547264,39.50674019607842,8335.784313725466,124.41469124963382,0
1204,32,0,0,171,0.0,0.0,1.0,171,4500,3100,1400,0.6888888888888889,59,31,28,211.17232363395843,0.4221218896915491,0.7478136664101986,0.13960342697226186,1086453.7423568813,7185.792258862522,1093639.534615744,1203,5,616.953216374269,68,103,40,33.91448448332463,0.6441482843137255,39.417270531400966,8338.64734299517,122.62716680875249,0
1205,32,0,0,171,0.0,0.0,1.0,171,5650,4400,1250,0.7787610619469026,69,44,25,214.0804445735381,0.42192122463020293,0.7510669808300448,0.1422374482768413,1087883.2772653163,6728.907128215455,1094612.1843935319,1204,6,617.953216374269,70,101,40,33.6636564826797,0.6447916666666667,39.24589201877935,8344.131455399083,119.20187793427262,0
1206,32,1,0,172,0.005813953488372093,0.0,1.0,172,4950,3400,1550,0.6868686868686869,65,34,31,210.3957793018042,0.42211441475134864,0.748070989086884,0.140630604670993,1089588.027777782,6498.944444444693,1096086.9722222267,1205,0,615.3546511627907,74,98,43,33.55121347596996,0.644847972972973,39.04166666666668,8350.666666666699,112.84684684684728,0
1207,32,0,0,172,0.0,0.0,1.0,172,4350,2700,1650,0.6206896551724138,60,27,33,210.57099065962353,0.42173687610499117,0.7479217634063577,0.14129163626063063,1090680.5828170357,7183.138163399806,1097863.7209804356,1206,1,616.3546511627907,78,94,36,33.41308519771728,0.6443643162393162,38.91086497890296,8354.852320675116,107.11349129070662,0
1208,32,0,1,171,0.0,0.005813953488372093,0.9941860465116279,172,4750,3200,1550,0.6736842105263158,63,32,31,213.48440050405173,0.4209931320549436,0.7505450939256386,0.14355765580914848,1091294.0523971615,7444.851309929041,1098738.9037070905,1207,2,617.3546511627907,80,92,36,33.262035486836076,0.6442708333333333,38.83744855967078,8357.201646090534,104.46502057613168,0
1209,32,0,0,171,0.0,0.0,1.0,171,3550,2300,1250,0.647887323943662,48,23,25,215.03512875301334,0.4210253984634789,0.7512400419153067,0.14494255728632371,1091961.2814173165,9212.00694857584,1101173.2883658924,1208,3,620.7719298245614,81,90,37,33.1399931112732,0.6446759259259259,38.75762195121953,8359.756097561016,103.20686540198786,0
1210,32,0,0,171,0.0,0.0,1.0,171,4700,3300,1400,0.7021276595744681,61,33,28,213.00540773293142,0.42076883384932917,0.7493371625980731,0.14401953698978281,1092833.780647676,7655.901006235863,1100489.681653912,1209,4,621.7719298245614,83,88,38,33.086447212336886,0.6449548192771084,38.65327380952381,8363.09523809524,100.76018359150892,0
1211,32,0,0,171,0.0,0.0,1.0,171,4200,2900,1300,0.6904761904761905,55,29,26,214.03544574918726,0.42072296754959293,0.7513254595468892,0.1452632613714865,1093895.5307153529,8426.48350394104,1102322.0142192938,1210,5,622.7719298245614,67,104,38,32.92988507430626,0.6537624378109452,38.5263480392157,8367.156862745122,124.8829382499272,0
1212,32,0,1,170,0.0,0.005847953216374269,0.9941520467836258,171,5000,3700,1300,0.74,63,37,26,210.23617773714022,0.42033740396743496,0.7469317648805598,0.1433278111795694,1095157.1944502837,6848.332516511729,1102005.5269667953,1211,6,623.7719298245614,68,103,37,32.8753125601077,0.654718137254902,38.375603864734316,8371.98067632854,123.11736288718441,0
1213,32,0,1,169,0.0,0.0058823529411764705,0.9941176470588236,170,4550,3000,1550,0.6593406593406593,61,30,31,211.02181077959852,0.4200066713075763,0.7460483455034064,0.1442537110281991,1095915.6573082241,7702.421293379168,1103618.0786016034,1212,7,628.2176470588236,68,102,40,32.76226734348562,0.6556372549019608,38.28502415458938,8374.879227053158,123.15998863313467,0
1214,32,0,2,167,0.0,0.011834319526627219,0.9881656804733728,169,4500,3400,1100,0.7555555555555555,56,34,22,209.9451521599492,0.41970449422372497,0.7427076509326613,0.1441192721442611,1097084.132337063,7765.499019154289,1104849.6313562174,1213,8,629.1538461538462,70,99,43,32.64803245928581,0.655952380952381,38.1455399061033,8379.342723004731,119.70489604292473,0
1215,32,1,0,168,0.005952380952380952,0.0,1.0,168,4300,3100,1200,0.7209302325581395,55,31,24,206.52452419185266,0.41999780201501763,0.7369247643050494,0.1422096174101634,1097944.8556558467,7450.5077806433155,1105395.36343649,1214,0,630.9880952380952,70,98,42,32.63278260057875,0.6569940476190477,38.04284037558686,8382.62910798124,119.751844399732,0
1216,32,0,0,168,0.0,0.0,1.0,168,4900,3400,1500,0.6938775510204082,64,34,30,206.9701094945283,0.4192797440832621,0.7362454678262982,0.14323970944225237,1099352.2499999977,7006.611111111001,1106358.8611111087,1215,1,631.9880952380952,74,94,38,32.449796004874706,0.6566722972972974,37.87499999999999,8387.999999999982,113.3513513513511,0
1217,32,0,1,167,0.0,0.005952380952380952,0.9940476190476191,168,4350,3200,1150,0.735632183908046,55,32,23,206.69680646154606,0.41898346164813227,0.7354737581752337,0.14338573739576535,1100001.417233559,7523.356009070209,1107524.7732426294,1216,2,632.9880952380952,76,92,39,32.37797956867196,0.6565241228070176,37.797619047619044,8390.476190476182,110.40100250626556,0
1218,32,0,0,167,0.0,0.0,1.0,167,4650,3300,1350,0.7096774193548387,60,33,27,207.7902886413541,0.41799533463194094,0.7362445762698759,0.14464903783582336,1100969.2816840296,7704.144965277823,1108673.4266493074,1217,12,637.7664670658683,79,88,40,32.23158443363445,0.6563818565400844,37.68229166666667,8394.16666666668,106.25527426160355,0
1219,32,0,0,167,0.0,0.0,1.0,167,4900,3100,1800,0.6326530612244898,67,31,36,211.2965231652019,0.4178149724647091,0.7403571390724071,0.14739994694077063,1101551.4089490545,8250.796559733168,1109802.2055087877,1218,13,638.7664670658683,82,85,41,32.06880470655763,0.6558689024390244,37.61295180722893,8396.385542168715,102.39494563620384,0
1220,32,0,0,167,0.0,0.0,1.0,167,6300,5000,1300,0.7936507936507936,76,50,26,211.51576692858467,0.41720775316836206,0.7418970466067663,0.1478476539829953,1102102.3085973447,6922.403007346541,1109024.711604691,1219,14,639.7664670658683,87,80,41,31.99606109808167,0.6546934865900382,37.547348484848506,8398.484848484908,96.53430860327481,0
1221,32,0,0,167,0.0,0.0,1.0,167,4650,3500,1150,0.7526881720430108,58,35,23,208.16627086526523,0.4170920207777216,0.7366364327462833,0.14598499124551115,1103007.3047212248,7871.783472192683,1110879.0881934175,1220,15,640.7664670658683,68,99,42,31.973991873658353,0.6642156862745099,37.43961352657003,8401.932367149717,123.55782892867231,0
1222,32,0,0,167,0.0,0.0,1.0,167,5300,4200,1100,0.7924528301886793,64,42,22,210.3264123887803,0.4166050429261958,0.7398688579622268,0.14835508938442898,1104596.0657332044,7765.145528885039,1112361.2112620894,1221,16,641.7664670658683,70,97,42,31.724272712044183,0.6650297619047619,37.250586854460074,8407.981220657235,120.1140174379605,0
1223,32,0,0,167,0.0,0.0,1.0,167,5350,3800,1550,0.7102803738317757,69,38,31,210.89990430650244,0.4160384051174759,0.7396726276990155,0.14958958742699094,1106119.6327160466,7906.104938271457,1114025.737654318,1222,17,642.7664670658683,74,93,38,31.524241543852206,0.6648367117117118,37.069444444444436,8413.777777777757,113.69969969969942,0
1224,32,1,0,168,0.005952380952380952,0.0,1.0,168,4950,3200,1750,0.6464646464646465,67,32,35,209.1409361117202,0.41643498716852007,0.7392394322739897,0.14897269756880993,1107277.8925619829,7765.426997245137,1115043.319559228,1223,0,639.9345238095239,76,92,42,31.429985601151902,0.665296052631579,36.93181818181818,8418.181818181814,110.7655502392344,0
1225,32,0,1,167,0.0,0.005952380952380952,0.9940476190476191,168,4750,3300,1450,0.6947368421052632,62,33,29,208.0088326521929,0.41620627792034975,0.7371708627344338,0.14882696478147178,1108489.1243390446,7765.105752283058,1116254.2300913276,1224,1,640.9345238095239,78,90,38,31.312932070934774,0.6658653846153846,36.78797468354429,8422.784810126554,107.98442064264812,0
1226,32,0,0,167,0.0,0.0,1.0,167,4800,3400,1400,0.7083333333333334,62,34,28,205.60793440679927,0.41578289204723085,0.7327202081668232,0.1474848542617906,1109181.9688585042,7411.322699652601,1116593.2915581567,1225,2,638.502994011976,79,88,38,31.292190049948072,0.6662710970464135,36.70572916666666,8425.416666666644,106.65084388185626,0
1227,32,0,0,167,0.0,0.0,1.0,167,4750,3200,1550,0.6736842105263158,63,32,31,204.34773479504202,0.415471767308756,0.731155087072755,0.14730005964149281,1110508.317244998,7235.971820013774,1117744.2890650118,1226,3,639.502994011976,80,87,39,31.16477919880245,0.6674479166666667,36.548353909465014,8430.452674897104,105.38065843621379,0
1228,32,0,1,166,0.0,0.005988023952095809,0.9940119760479041,167,4400,3100,1300,0.7045454545454546,57,31,26,207.7416202178236,0.41517867878700426,0.7344901457740531,0.15037708700115687,1111643.8810941037,8386.940192743732,1120030.8212868473,1227,4,640.502994011976,69,98,43,30.93790577541919,0.6740640096618358,36.413690476190474,8434.761904761901,122.24292615596958,0
1229,32,0,0,166,0.0,0.0,1.0,166,4350,3100,1250,0.7126436781609196,56,31,25,208.66101000344958,0.41509979311184125,0.7351861885277375,0.15174801314284578,1112899.4083049938,8893.742913832506,1121793.1512188262,1228,5,643.9879518072289,69,97,44,30.761757320995333,0.6755736714975845,36.26488095238097,8439.52380952385,122.31193926846159,0
1230,32,0,0,166,0.0,0.0,1.0,166,4550,3500,1050,0.7692307692307693,56,35,21,206.95005945210494,0.414697426067908,0.7339765695232567,0.15106757942137863,1113904.3402777824,8354.513888889163,1122258.8541666716,1229,6,644.9879518072289,69,97,44,30.68536978549809,0.6767814009661836,36.14583333333335,8443.33333333337,122.36714975845464,0
1231,32,0,0,166,0.0,0.0,1.0,166,4150,3000,1150,0.7228915662650602,53,30,23,207.17226796409557,0.41449586223682605,0.7340691752597057,0.15187916325997822,1115052.8904374589,8851.607242369762,1123904.4976798287,1230,7,645.9879518072289,71,95,42,30.540693904020742,0.6770833333333333,36.00983796296297,8447.685185185199,118.98148148148168,0
1232,32,0,0,166,0.0,0.0,1.0,166,3800,2500,1300,0.6578947368421053,51,25,26,207.79453917435018,0.41411707435803824,0.7358052732896248,0.15278718857766016,1115844.9345562037,9373.296793227946,1125218.2313494317,1231,8,646.9879518072289,72,94,48,30.42857657462944,0.6775173611111112,35.916095890410965,8450.684931506863,117.37062404870643,0
1233,32,0,0,166,0.0,0.0,1.0,166,4250,2700,1550,0.6352941176470588,58,27,31,207.9527693850677,0.41361963003529273,0.735552406204649,0.1536198911502208,1117091.883902486,9010.470183021009,1126102.3540855069,1232,9,647.9879518072289,73,93,38,30.27381554880757,0.6785102739726028,35.76858108108109,8455.405405405423,115.8274713069236,0
1234,32,0,0,166,0.0,0.0,1.0,166,4100,2700,1400,0.6585365853658537,55,27,28,209.1193071684456,0.4132408421565048,0.7363862043289044,0.15506666964082297,1118097.542633309,9463.156692443736,1127560.6993257527,1233,10,648.9879518072289,75,91,38,30.12159528870914,0.67875,35.649671052631575,8459.21052631578,112.78947368421039,0
1235,32,0,0,166,0.0,0.0,1.0,166,5150,3700,1450,0.7184466019417476,66,37,29,209.1250802396303,0.4128886759157844,0.7378401597502016,0.15556329222032914,1118939.0317956028,8449.642961501979,1127388.6747571048,1234,11,649.9879518072289,77,89,41,30.01990539676128,0.6788419913419914,35.550213675213676,8462.393162393166,109.90120990120994,0
1236,32,0,0,166,0.0,0.0,1.0,166,4050,3000,1050,0.7407407407407407,51,30,21,209.3023103134115,0.4126285444809541,0.7386238362911697,0.15616581118757233,1119738.7396918444,9622.781032986346,1129361.5207248307,1235,12,650.9879518072289,79,87,43,29.918756460107318,0.6789293248945147,35.45572916666668,8465.416666666699,107.157172995781,0
1237,32,0,0,166,0.0,0.0,1.0,166,5050,4100,950,0.8118811881188119,60,41,19,208.18258085501597,0.4122071619812584,0.7385755874431601,0.15614610668006584,1121122.7599564344,8429.645924605684,1129552.40588104,1236,13,651.9879518072289,66,100,42,29.78153510317554,0.6871843434343434,35.29228855721392,8470.646766169135,128.34313282074447,0
1238,32,0,0,166,0.0,0.0,1.0,166,4000,2600,1400,0.65,54,26,28,207.8536682704339,0.41198354022149203,0.7376666215680714,0.15656405764140066,1122243.404892763,9452.481679852552,1131695.8865726155,1237,14,652.9879518072289,68,98,45,29.65522810617721,0.6873468137254901,35.16002415458937,8474.87922705314,124.63057686842852,0
1239,32,0,0,166,0.0,0.0,1.0,166,5000,3900,1100,0.78,61,39,22,209.4259624516037,0.41164278325422904,0.7392894655545263,0.15828706464365377,1123139.1776937607,8842.900651123637,1131982.0783448843,1238,15,653.9879518072289,68,98,43,29.50569800569801,0.6884191176470589,35.05434782608695,8478.260869565209,124.68030690537071,0
1240,32,0,1,165,0.0,0.006024096385542169,0.9939759036144579,166,4000,2800,1200,0.7,52,28,24,206.59556647740453,0.41160247048801263,0.7356321914664428,0.15680380981768935,1124238.0535193805,9252.519504458402,1133490.573023839,1239,16,654.9879518072289,71,95,45,29.448431757813907,0.6880868544600939,34.92476851851853,8482.407407407443,119.47052686489357,0
1241,32,0,1,164,0.0,0.006060606060606061,0.9939393939393939,165,3950,2500,1450,0.6329113924050633,54,25,29,204.8041631226394,0.410760039418576,0.7315741866137493,0.15566305637587624,1124606.2437039202,9114.808116855369,1133721.0518207755,1240,17,659.2181818181818,71,94,48,29.451625738972268,0.6885269953051643,34.88136574074075,8483.796296296314,119.49008868022977,0
1242,32,0,0,164,0.0,0.0,1.0,164,3850,2300,1550,0.5974025974025974,54,23,31,204.79234587068325,0.4103875193276472,0.7299322522390088,0.15597790801888461,1125149.3922145101,9434.396697316737,1134583.788911827,1241,18,660.170731707317,72,92,48,29.386613933132452,0.6886574074074074,34.81735159817352,8485.844748858466,117.85895484525648,0
1243,32,0,0,164,0.0,0.0,1.0,164,5550,3900,1650,0.7027027027027027,72,39,33,208.2627472225936,0.4097546947478677,0.7315837484634791,0.15945380930730657,1126514.500142033,8572.200917133288,1135086.7010591663,1242,19,661.170731707317,73,91,40,29.130415561450047,0.6897831050228311,34.65653153153153,8490.990990990984,116.31494508206828,0
1244,32,0,0,164,0.0,0.0,1.0,164,5600,4100,1500,0.7321428571428571,71,41,30,207.34080032056312,0.4093478789465809,0.731324180311058,0.15936735310185712,1127526.8015263963,8356.46188227359,1135883.26340867,1243,20,662.170731707317,76,88,41,29.033213575905826,0.6895559210526316,34.53733766233766,8494.8051948052,111.77375256322631,0
1245,32,0,0,164,0.0,0.0,1.0,164,4900,3400,1500,0.6938775510204082,64,34,30,210.9822897925091,0.4088483216120505,0.736831696647031,0.16281741548714151,1128565.7308103244,9921.476413543853,1138487.2072238682,1244,21,663.170731707317,77,87,42,28.811692311560325,0.6903409090909092,34.41506410256411,8498.717948717966,110.37296037296059,0
1246,32,0,0,164,0.0,0.0,1.0,164,4750,3700,1050,0.7789473684210526,58,37,21,233.6521712026763,0.4084843695446157,0.7601920948199907,0.16915498044825028,1111679.1831122548,14399.250962999402,1126078.4340752542,1245,22,664.170731707317,63,101,41,30.25065606668725,0.6777447089947091,36.40950520833335,8434.895833333369,133.887235449736,8
1247,32,0,0,164,0.0,0.0,1.0,164,5250,3600,1650,0.6857142857142857,69,36,33,233.11408204106533,0.4078718078208389,0.7606328218481191,0.16962791645601585,1113052.4741278787,13843.641153971552,1126896.1152818503,1246,23,665.170731707317,63,101,41,30.098284994343327,0.6793981481481481,36.24674479166668,8440.104166666692,133.9699074074078,0
1248,32,0,0,164,0.0,0.0,1.0,164,3950,2800,1150,0.7088607594936709,51,28,23,228.96382506777618,0.407426804329393,0.7549580516124461,0.16718532796915878,1113981.9457960913,14262.31347318356,1128244.259269275,1247,24,666.170731707317,67,97,40,30.095125786163532,0.6780161691542288,36.136642156862756,8443.627450980417,126.02429031314055,0
1249,32,0,0,164,0.0,0.0,1.0,164,5150,3800,1350,0.7378640776699029,65,38,27,228.5009116738476,0.4068524302957754,0.7531474387356341,0.16734719947443108,1114784.0277777812,12995.83333333354,1127779.8611111147,1248,25,667.170731707317,69,95,38,30.010194685609044,0.6778381642512077,36.04166666666668,8446.666666666693,122.41545893719845,0
1250,32,0,2,162,0.0,0.012195121951219513,0.9878048780487805,164,4500,3300,1200,0.7333333333333333,57,33,24,225.92507122419377,0.4068687964487007,0.7508008575002132,0.16604431837338837,1115726.0498633482,13114.097456413343,1128840.1473197616,1249,26,668.170731707317,70,94,38,29.964164675815354,0.678422619047619,35.930164319248846,8450.23474178408,120.717639168344,0
1251,32,0,0,162,0.0,0.0,1.0,162,3250,2100,1150,0.6461538461538462,44,21,23,228.42955961207008,0.4060590956726222,0.7493796484685771,0.16841562871757293,1116568.5693845004,15361.453316236188,1131930.0227007365,1250,27,675.925925925926,72,90,38,29.796066727884927,0.6783854166666667,35.830479452054796,8453.424657534251,117.40867579908682,0
1252,32,0,0,162,0.0,0.0,1.0,162,4600,3200,1400,0.6956521739130435,60,32,28,226.28501616525665,0.40583464330445,0.7464105653656288,0.14840409955868655,1084167.755945352,12066.18363598871,1096233.9395813406,1251,28,676.925925925926,76,86,33,33.80116845095797,0.6373355263157895,39.691558441558435,8329.870129870118,109.60355434039629,8
1253,32,0,0,162,0.0,0.0,1.0,162,3900,2700,1200,0.6923076923076923,51,27,24,226.7268011538103,0.4057196214502978,0.7476382519093763,0.14887664412311177,1084520.1117386774,12877.955144296448,1097398.0668829738,1252,29,677.925925925926,78,84,34,33.746412593905625,0.6368856837606838,39.649261603375514,8331.22362869195,106.8105593422045,0
1254,32,0,1,161,0.0,0.006172839506172839,0.9938271604938271,162,4750,3500,1250,0.7368421052631579,60,35,25,226.32800149728192,0.405334617744038,0.7475159117069539,0.1491583335168827,1085565.5328798133,11988.77551020378,1097554.3083900171,1253,30,678.925925925926,69,93,35,33.628503960999375,0.642512077294686,39.523809523809504,8335.238095238055,120.80055210489935,0
1255,32,0,0,161,0.0,0.0,1.0,161,4600,3400,1200,0.7391304347826086,58,34,24,225.46015762798476,0.40491394927536234,0.7446829487268234,0.14934843998578573,1087026.5076373725,12216.233551543886,1099242.7411889164,1254,31,680.2173913043479,70,91,35,33.471940785770556,0.64375,39.34859154929577,8340.845070422527,119.15492957746467,0
1256,32,0,0,161,0.0,0.0,1.0,161,4150,2500,1650,0.6024096385542169,58,25,33,233.4248556948736,0.4047327898550725,0.7489996895833875,0.1501768761859935,1078630.6122448952,14005.8390022674,1092636.4512471627,1255,32,681.2173913043479,69,92,40,34.29643321106526,0.6340579710144927,40.35714285714285,8308.571428571406,120.4140786749479,8
1257,32,0,0,161,0.0,0.0,1.0,161,5150,3500,1650,0.6796116504854369,68,35,33,231.95205515037196,0.40447884316770183,0.7469098500247227,0.1496711541971718,1079487.7902097525,12727.882289777099,1092215.6724995296,1256,33,682.2173913043479,72,89,40,34.22913347616695,0.6335358796296297,40.25399543378995,8311.872146118712,115.44266869609322,0
1258,32,1,0,162,0.006172839506172839,0.0,1.0,162,4550,3700,850,0.8131868131868132,54,37,17,229.43682957096644,0.40547200495871993,0.7460723916969758,0.1486869843583271,1080733.506944441,12642.013888888707,1093375.5208333298,1257,0,679.0,73,89,45,34.14119906479627,0.634560502283105,40.10416666666666,8316.666666666639,113.92694063926902,0
1259,32,0,0,162,0.0,0.0,1.0,162,4500,3200,1300,0.7111111111111111,58,32,26,228.0601988768755,0.4049224560999923,0.7454238687523955,0.14829854057568512,1081715.558641972,12439.253086419529,1094154.8117283916,1258,1,680.0,74,88,35,34.05622919003614,0.6352759009009009,39.9861111111111,8320.444444444418,112.43843843843808,0
1260,32,0,0,162,0.0,0.0,1.0,162,4900,3300,1600,0.673469387755102,65,33,32,230.85392891164963,0.4044783439409043,0.7483833498032293,0.1505130041093345,1082478.100227691,12678.864479676035,1095156.9647073671,1259,2,681.0,76,86,35,33.8898424091122,0.635279605263158,39.89448051948051,8323.376623376596,109.51811346548153,0
1261,32,0,0,162,0.0,0.0,1.0,162,4100,2100,2000,0.5121951219512195,61,21,40,230.86814146844495,0.40448393528103677,0.7479829314601074,0.1509353444256986,1083266.4422518273,13518.342047562532,1096784.78429939,1260,3,682.0,76,86,35,33.792589511628684,0.6362390350877193,39.799783549783534,8326.406926406891,109.55798587377488,0
1262,32,0,0,162,0.0,0.0,1.0,162,3950,3000,950,0.759493670886076,49,30,19,230.23496074211482,0.404320987654321,0.7485477627851047,0.15094213319288713,1084068.0730193886,13568.074046679489,1097636.1470660681,1261,4,683.0,77,85,35,33.71059078549072,0.6367694805194806,39.70352564102562,8329.487179487129,108.17515817515752,0
1263,32,0,0,162,0.0,0.0,1.0,162,4000,2600,1400,0.65,54,26,28,230.96725178659526,0.4041588387904813,0.7506288704897184,0.15189310093041475,1084958.1581242175,13717.960817079067,1098676.1189412966,1262,5,684.0,77,85,37,33.58222430210094,0.6378517316017316,39.59668803418801,8332.905982905933,108.21955821955757,0
1264,32,0,0,162,0.0,0.0,1.0,162,3850,2300,1550,0.5974025974025974,54,23,31,232.7006763170864,0.4040110676584106,0.7522459694147605,0.1537677516551649,1086327.8606268512,14307.84557399225,1100635.7062008434,1263,6,685.0,68,94,37,33.3689407106991,0.6439950980392157,39.43236714975845,8338.16425120772,122.62006251776059,0
1265,32,0,1,161,0.0,0.006172839506172839,0.9938271604938271,162,4500,3100,1400,0.6888888888888889,59,31,28,229.85462879307894,0.40374268333205526,0.7497059294075528,0.15234065579146278,1087178.603316326,13078.606859410404,1100257.2101757363,1264,7,686.0,69,93,36,33.33874474320183,0.6444746376811594,39.33035714285714,8341.428571428565,120.89026915113863,0
1266,32,0,0,161,0.0,0.0,1.0,161,4050,2900,1150,0.7160493827160493,52,29,23,228.66846639805337,0.4034873188405797,0.7475154038755982,0.15181887835393287,1087675.1736111096,13493.402777777756,1101168.5763888874,1265,8,687.1925465838509,69,92,38,33.308779464642434,0.6450785024154589,39.27083333333333,8343.333333333321,120.91787439613509,0
1267,32,0,0,161,0.0,0.0,1.0,161,4200,3000,1200,0.7142857142857143,54,30,24,225.6461083994787,0.4032980719461698,0.7447835388224604,0.15034735160541746,1088689.356674381,12731.703317901107,1101421.0599922822,1266,9,688.1925465838509,71,90,38,33.26331114808651,0.6452464788732395,39.14930555555555,8347.22222222221,117.56651017214381,0
1268,32,0,0,161,0.0,0.0,1.0,161,4200,3300,900,0.7857142857142857,51,33,18,225.6444147881361,0.4031444099378882,0.7443951624846665,0.15060219749404996,1089172.467099618,12753.136788408476,1101925.6038880264,1267,10,689.1925465838509,71,90,39,33.20417914310007,0.6458333333333333,39.09143518518517,8349.074074074037,117.59259259259207,0
1269,32,0,0,161,0.0,0.0,1.0,161,3800,2600,1200,0.6842105263157895,50,26,24,223.1617196099375,0.40290178571428575,0.741282790766544,0.14931943137090756,1089884.2708840584,12644.089613261855,1102528.3604973203,1268,11,690.1925465838509,73,88,41,33.181811031407875,0.6456906392694064,39.00619369369369,8351.801801801792,114.40824386029853,0
1270,32,0,0,161,0.0,0.0,1.0,161,3500,2300,1200,0.6571428571428571,47,23,24,225.47065551034163,0.4027869435817805,0.7435599111291513,0.15117782997450427,1090472.1740321377,13473.89517896256,1103946.0692111002,1269,12,691.1925465838509,73,88,32,33.04957942413456,0.6464041095890412,38.9358108108108,8354.054054054033,114.43909663087717,0
1271,32,0,0,161,0.0,0.0,1.0,161,4300,3200,1100,0.7441860465116279,54,32,22,224.92088303560973,0.402439182194617,0.7434012611308567,0.15120441057270487,1091212.3734567852,12587.2901234565,1103799.6635802416,1270,13,692.1925465838509,74,87,33,32.97335088372423,0.6468186936936937,38.84722222222221,8356.888888888852,112.93093093093043,0
1272,32,0,1,160,0.0,0.006211180124223602,0.9937888198757764,161,4900,3800,1100,0.7755102040816326,60,38,22,227.07510726917968,0.4023178700828158,0.7442030761861722,0.15314044164164436,1092113.1874343457,12498.34383734774,1104611.5312716935,1271,14,693.1925465838509,78,83,34,32.80687476868205,0.6461004273504274,38.739451476793235,8360.337552742583,107.18381477875107,0
1273,32,0,0,160,0.0,0.0,1.0,160,4550,3400,1150,0.7472527472527473,57,34,23,227.1058902852674,0.40214229559748427,0.7433981715006299,0.1538221481006294,1093326.1257321641,13110.160631309049,1106436.2863634732,1272,15,697.59375,78,82,34,32.657734342160566,0.6475694444444444,38.59440928270042,8364.978902953577,107.2433192686356,0
1274,32,1,0,161,0.006211180124223602,0.0,1.0,161,4400,2800,1600,0.6363636363636364,60,28,32,228.5061973952857,0.40285164337474116,0.7456695492638277,0.1551572763016279,1094027.5341266345,13398.414333803903,1107425.9484604383,1273,0,694.2546583850932,66,95,35,32.53537665735182,0.6545138888888888,38.5105721393035,8367.66169154232,126.78275290215636,0
1275,32,0,0,161,0.0,0.0,1.0,161,4150,2800,1350,0.6746987951807228,55,28,27,225.20746397494392,0.4022580227743271,0.7411963526497423,0.15338713712574753,1094888.1838151943,12965.398242630503,1107853.5820578248,1274,1,695.2546583850932,69,92,35,32.51648510533403,0.6538345410628019,38.4077380952381,8370.952380952393,121.3181504485854,0
1276,32,0,0,161,0.0,0.0,1.0,161,5400,3900,1500,0.7222222222222222,69,39,30,224.35684896214153,0.4020590709109731,0.7386693428083222,0.1534532988496824,1096068.4350619416,11582.092067472517,1107650.527129414,1275,2,696.2546583850932,71,90,36,32.39461841062774,0.6541960093896714,38.266782407407405,8375.462962962954,117.96426708398528,0
1277,32,0,0,161,0.0,0.0,1.0,161,2900,1700,1200,0.5862068965517241,41,17,24,223.934807396288,0.40171454451345756,0.7362717822048621,0.1536067207818502,1096873.6349586132,14025.637236504761,1110899.272195118,1276,3,697.2546583850932,72,89,37,32.30739186513344,0.6546585648148149,38.170662100456624,8378.538812785397,116.3685946220194,0
1278,32,0,1,160,0.0,0.006211180124223602,0.9937888198757764,161,4750,3800,950,0.8,57,38,19,211.04453640347828,0.40192481884057973,0.7205062556459929,0.13399813387914783,1074785.7666015765,8415.532769097897,1083201.2993706744,1277,4,698.2546583850932,79,82,39,35.35046680063639,0.6246044303797469,40.82031250000004,8293.75000000011,104.98417721519125,8
1279,32,0,0,160,0.0,0.0,1.0,160,4500,3100,1400,0.6888888888888889,59,31,28,219.88756042780062,0.4018573113207547,0.7347194240341308,0.13703184895788664,1069297.9262783567,10525.062475970944,1079822.9887543276,1278,5,702.61875,67,93,40,35.7983724421269,0.6237562189054726,41.48284313725491,8272.54901960786,123.47088088966956,8
1280,32,0,0,160,0.0,0.0,1.0,160,5350,3700,1650,0.6915887850467289,70,37,33,218.31254999857072,0.4018171842243186,0.7332189981317134,0.1362703118212656,1069775.4906765644,9359.083059114679,1079134.573735679,1279,6,703.61875,68,92,43,35.780106647983814,0.6237745098039216,41.42512077294687,8274.39613526572,121.68229610684884,0
1281,32,0,0,160,0.0,0.0,1.0,160,5050,3300,1750,0.6534653465346535,68,33,35,216.08114874480742,0.40216113076519916,0.7283807586127564,0.1354851400369988,1071101.7892573725,9238.981009070447,1080340.770266443,1280,7,704.61875,69,91,40,35.674102777937534,0.6248490338164252,41.26488095238096,8279.523809523833,119.9930986887512,0
1282,32,2,1,161,0.012345679012345678,0.006172839506172839,0.9938271604938271,162,5400,4300,1100,0.7962962962962963,65,43,22,211.99999999999937,0.40357254683945504,0.7269847020933977,0.1339560439560441,1073370.6679652676,7710.916321727392,1081081.584286995,1281,0,696.9074074074074,73,89,34,35.5,0.6255707762557078,40.99099099099101,8288.288288288328,113.53819572997709,0
1283,32,0,0,161,0.0,0.0,1.0,161,4750,3400,1350,0.7157894736842105,61,34,27,214.32781864328723,0.40252490942028984,0.7291060767502464,0.13558868499458313,1073720.708673202,9075.643464410485,1082796.3521376124,1282,1,702.2360248447205,73,88,35,35.39657256968974,0.6259988584474886,40.94876126126127,8289.639639639654,113.55670739232403,0
1284,32,0,0,161,0.0,0.0,1.0,161,4850,3800,1050,0.7835051546391752,59,38,21,227.2189707706795,0.402440799689441,0.745915954302987,0.15135729042082832,1088617.9198626808,12420.928662743318,1101038.8485254243,1283,2,703.2360248447205,70,91,38,33.23103567879708,0.6456845238095238,39.157863849765256,8346.948356807507,119.24211938296438,8
1285,32,0,0,161,0.0,0.0,1.0,161,3450,2400,1050,0.6956521739130435,45,24,21,227.4816189040936,0.40253623188405796,0.74736322602751,0.1517938322315755,1089107.8193535202,13900.40198152902,1103008.2213350493,1284,3,704.2360248447205,70,91,41,33.164164276743705,0.6462797619047619,39.09917840375586,8348.826291079788,119.26894701542554,0
1286,32,0,0,161,0.0,0.0,1.0,161,4150,3000,1150,0.7228915662650602,53,30,23,229.45054103417993,0.4025863742236025,0.7495783413969779,0.15359989650455017,1090018.168215231,13671.051686813877,1103689.2199020449,1285,4,705.2360248447205,71,90,41,33.001277183452494,0.6468603286384976,38.990162037037024,8352.314814814785,117.63823682837725,0
1287,32,0,0,161,0.0,0.0,1.0,161,4350,2900,1450,0.6666666666666666,58,29,29,228.80428309979595,0.4024343297101449,0.749366302687221,0.15356009286359276,1090743.3161061795,13363.348497513627,1104106.6646036932,1286,5,706.2360248447205,71,90,37,32.92935344747973,0.6477406103286385,38.903356481481474,8355.092592592577,117.67736045905038,0
1288,32,1,1,161,0.006172839506172839,0.006172839506172839,0.9938271604938271,162,5100,3300,1800,0.6470588235294118,69,33,36,225.089827670842,0.40344314725353375,0.7465297257572923,0.15206696975320982,1092605.63271605,11686.882716049397,1104292.5154320993,1287,0,702.8703703703703,74,88,39,32.798520683851535,0.6485078828828829,38.68055555555556,8362.222222222226,113.00300300300306,0
1289,32,0,1,160,0.0,0.006211180124223602,0.9937888198757764,161,4450,3000,1450,0.6741573033707865,59,30,29,225.55197536547004,0.40296325051759835,0.7464304273588875,0.1530095832884678,1093767.3611111126,12690.277777777856,1106457.6388888904,1288,1,708.1490683229814,75,86,41,32.64442231075698,0.6494444444444445,38.54166666666667,8366.666666666679,111.55555555555571,0
1290,32,0,0,160,0.0,0.0,1.0,160,3900,2400,1500,0.6153846153846154,54,24,30,221.38742275279327,0.402821999475891,0.7394944279346207,0.15074234673475317,1094808.2388121597,12575.35487982986,1107383.5936919895,1289,2,712.98125,66,94,41,32.62617632491331,0.6554608585858586,38.417288557213936,8370.646766169168,126.82798130559345,0
1291,32,0,0,160,0.0,0.0,1.0,160,3050,1800,1250,0.5901639344262295,43,18,25,218.87582667205373,0.4026369234800839,0.7361737922633544,0.14930933470060798,1095328.8633016527,12898.20208658217,1108227.0653882348,1290,3,713.98125,66,94,40,32.62832511339551,0.6560921717171717,38.35509950248757,8372.636815920412,126.8581335745517,0
1292,32,0,1,159,0.0,0.00625,0.99375,160,4500,3400,1100,0.7555555555555555,56,34,22,222.4964657215219,0.40226267688679246,0.73961161497952,0.15246449876426652,1096588.827013648,12297.427672049213,1108886.2546856974,1291,4,714.98125,67,93,42,32.379803003705874,0.6570273631840796,38.2046568627451,8377.450980392152,125.03658179689779,0
1293,32,0,1,158,0.0,0.006289308176100629,0.9937106918238994,159,4250,2400,1850,0.5647058823529412,61,24,37,222.21189650863377,0.4014359923572964,0.7366263379462661,0.1527310610392936,1097433.3706737584,12722.550117855531,1110155.9207916139,1292,5,719.0503144654089,68,91,44,32.28422104373221,0.6574754901960784,38.103864734299506,8380.676328502394,123.2452401250352,0
1294,32,0,0,158,0.0,0.0,1.0,158,3750,2400,1350,0.64,51,24,27,224.0631756182584,0.4006700327877664,0.7379394518962166,0.1543887360766905,1098129.340277779,13860.069444444482,1111989.4097222234,1293,6,724.5316455696203,69,89,41,32.15084493041748,0.6577596618357489,38.020833333333336,8383.333333333341,121.49758454106292,0
1295,32,1,1,158,0.006289308176100629,0.006289308176100629,0.9937106918238994,159,3650,2200,1450,0.6027397260273972,51,22,29,221.29217947818526,0.4012435979088714,0.7362809344670476,0.15301256196285523,1099099.84782236,13194.440157750394,1112294.2879801104,1294,0,720.9685534591194,71,88,35,32.10513726356079,0.6578638497652582,37.905092592592595,8387.037037037042,118.12728221178932,0
1296,32,0,0,158,0.0,0.0,1.0,158,3650,2800,850,0.7671232876712328,45,28,17,226.04340905466026,0.40031141659275976,0.7405105787427901,0.1568263900087302,1100036.5888602354,14481.204126165527,1114517.792986401,1295,8,726.5316455696203,70,88,39,31.86642047150104,0.6595238095238095,37.79342723004695,8390.610328638502,119.86586183769289,0
1297,32,0,0,158,0.0,0.0,1.0,158,3750,2500,1250,0.6666666666666666,50,25,25,229.24703677319076,0.3998982101104571,0.7425516442060771,0.1594320765390853,1100702.7878119736,15116.570494777076,1115819.3583067507,1296,9,727.5316455696203,72,86,40,31.70121320929221,0.6592881944444444,37.714041095890416,8393.150684931517,116.57153729071553,0
1298,32,0,0,158,0.0,0.0,1.0,158,3500,2200,1300,0.6285714285714286,48,22,26,229.32413072252805,0.3999074484667688,0.7437309919437762,0.1598408058491579,1101317.884607582,15411.75330736152,1116729.6379149435,1297,10,728.5316455696203,73,85,42,31.624235432986374,0.6595319634703196,37.64076576576577,8395.495495495506,115.00678760952749,0
1299,32,0,0,158,0.0,0.0,1.0,158,3900,2300,1600,0.5897435897435898,55,23,32,228.79186453423472,0.39970084522561744,0.7441184325692205,0.15988710299640593,1102039.5217759307,14927.535395506286,1116967.057171437,1298,11,729.5316455696203,75,83,43,31.550292458742415,0.6594444444444445,37.55482456140351,8398.245614035084,111.97660818713446,0
1300,32,0,0,158,0.0,0.0,1.0,158,4250,2900,1350,0.6823529411764706,56,29,27,229.06720256000017,0.399714282834798,0.7452698734177214,0.1604291815329448,1102641.1335486746,14665.783977916446,1117306.917526591,1299,12,730.5316455696203,61,97,43,31.469799999999996,0.6682035519125683,37.48319892473118,8400.53763440859,137.71373171161625,0
1301,32,0,0,158,0.0,0.0,1.0,158,4350,3300,1050,0.7586206896551724,54,33,21,228.73252121469264,0.39946652691553114,0.7446044068456099,0.1607503467909529,1103594.0212673603,14535.56857638884,1118129.589843749,1300,13,731.5316455696203,63,95,40,31.36258469674435,0.6679894179894179,37.369791666666664,8404.16666666666,133.3994708994708,0
1302,32,0,0,158,0.0,0.0,1.0,158,4500,3300,1200,0.7333333333333333,57,33,24,225.48349494315383,0.39949508183503996,0.7415553015442939,0.15925881493229058,1104962.3107910156,13730.15272352431,1118692.4635145399,1301,14,732.5316455696203,63,95,43,31.281483545976297,0.6696428571428572,37.20703125,8409.375,133.48214285714286,0
1303,32,0,0,158,0.0,0.0,1.0,158,3600,2100,1500,0.5833333333333334,51,21,30,224.98110826479004,0.39892398344486546,0.7415974492173874,0.15935190414402486,1105733.1360946738,14553.813280736365,1120286.94937541,1302,15,733.5316455696203,64,94,44,31.200977403885236,0.669921875,37.11538461538461,8412.307692307688,131.44230769230762,0
1304,32,0,0,158,0.0,0.0,1.0,158,5050,3600,1450,0.7128712871287128,65,36,29,224.1202306658141,0.3983881587787901,0.7406552142337159,0.15952419783907892,1107075.633183584,12973.609254721381,1120049.2424383054,1303,16,734.5316455696203,66,92,43,31.060494119037763,0.6702967171717171,36.955845771144276,8417.412935323378,127.5365596261118,0
1305,32,0,1,157,0.0,0.006329113924050633,0.9936708860759493,158,3650,2200,1450,0.6027397260273972,51,22,29,223.88397387640174,0.3979035649977156,0.7407155079996401,0.159650159440177,1107578.298209992,14343.806156503,1121922.104366495,1304,17,735.5316455696203,68,90,45,31.005661387805066,0.6697303921568627,36.89613526570048,8419.323671497576,123.81358340437612,0
1306,32,0,0,157,0.0,0.0,1.0,157,4550,3100,1450,0.6813186813186813,60,31,29,226.08915717337524,0.3970344057923676,0.7420400428670677,0.16197792616225604,1108849.6960255767,14189.778641275105,1123039.4746668518,1305,18,739.687898089172,68,89,37,30.79326279772146,0.6712622549019608,36.7451690821256,8424.154589371969,123.88462631429366,0
1307,32,0,0,157,0.0,0.0,1.0,157,4350,3600,750,0.8275862068965517,51,36,15,230.9091547758282,0.39711606510969566,0.7449370186731654,0.1575636799438843,1095409.986230719,14838.038810707465,1110248.0250414263,1306,19,740.687898089172,68,89,39,32.303566620509265,0.6550245098039216,38.34541062801933,8372.946859903395,123.13157146916758,8
1308,32,0,0,157,0.0,0.0,1.0,157,3800,2600,1200,0.6842105263157895,50,26,24,232.8397562819534,0.39717730959769176,0.7459757809713952,0.15948406032011145,1096469.5366053933,15860.339934757332,1112329.8765401507,1307,20,741.687898089172,70,87,38,32.12359188477273,0.6552083333333334,38.21889671361503,8376.995305164335,119.67136150234765,0
1309,32,0,0,157,0.0,0.0,1.0,157,3900,2500,1400,0.6410256410256411,53,25,28,236.30885827114935,0.3970156921988132,0.7500732271797883,0.16257503070192053,1097698.9002678068,16579.194769556485,1114278.0950373632,1308,21,742.687898089172,70,87,40,31.882596762448905,0.6566964285714285,38.07218309859156,8381.690140845092,119.73843058350131,0
1310,32,0,0,157,0.0,0.0,1.0,157,4000,3000,1000,0.75,50,30,20,237.01003780936767,0.39682345255593665,0.7506280803512742,0.1635556303755511,1098548.0683524106,16673.38384312248,1115221.452195533,1309,22,743.687898089172,72,85,38,31.760537493873546,0.6566840277777778,37.9708904109589,8384.931506849309,116.45738203957373,0
1311,32,0,0,157,0.0,0.0,1.0,157,3700,2400,1300,0.6486486486486487,50,24,26,234.5717712789066,0.39675880559638527,0.7481324296152512,0.16217942107099775,1099073.612252457,16462.328798393144,1115535.9410508503,1310,23,744.687898089172,73,84,35,31.760287430402634,0.6568207762557078,37.90822072072073,8386.936936936952,114.88954708132812,0
1312,32,0,0,157,0.0,0.0,1.0,157,3800,2600,1200,0.6842105263157895,50,26,24,232.7486653754331,0.39651042517284557,0.7468996708417037,0.16133025279558802,1099782.0825470763,15994.56238332939,1115776.6449304058,1311,24,745.687898089172,73,84,36,31.721644295302024,0.6576769406392694,37.82376126126127,8389.639639639656,114.92657040602268,0
1313,32,0,0,157,0.0,0.0,1.0,157,4200,2700,1500,0.6428571428571429,57,27,30,231.7672016545762,0.39636241766018837,0.7462928231933148,0.16102518650902903,1100428.6054362876,15408.651700523225,1115837.2571368108,1312,25,746.687898089172,75,82,36,31.668539423713444,0.6575,37.74671052631579,8392.105263157891,111.89473684210522,0
1314,32,0,1,156,0.0,0.006369426751592357,0.9936305732484076,157,4200,2900,1300,0.6904761904761905,55,29,26,233.0245048728346,0.39602727421198763,0.7475370542419697,0.1620473135033903,1100682.5677929586,15697.202076422884,1116379.7698693816,1313,26,747.687898089172,76,81,37,31.60460078399008,0.6573464912280702,37.71645021645022,8393.073593073601,110.43517885623159,0
1315,32,0,0,156,0.0,0.0,1.0,156,4100,2700,1400,0.6585365853658537,55,27,28,232.97061201670817,0.3954559553349876,0.7474648703462266,0.16248397636820228,1101490.6157544353,16022.988576594218,1117513.6043310296,1314,27,751.5448717948718,77,79,39,31.50751386980201,0.6578733766233766,37.6201923076923,8396.153846153828,109.0409590409588,0
1316,32,0,0,156,0.0,0.0,1.0,156,4550,3300,1250,0.7252747252747253,58,33,25,237.0638717201858,0.3949881100082713,0.7532818059133848,0.1666160415222753,1103611.3910584773,16575.277847764384,1120186.6689062417,1315,28,752.5448717948718,62,94,40,31.14166246957103,0.6686827956989247,37.36772486772485,8404.232804232775,135.55214200375445,0
1317,32,0,0,156,0.0,0.0,1.0,156,3550,2500,1050,0.704225352112676,46,25,21,236.13564701980224,0.39498380204025363,0.7521462650297199,0.16667740870355963,1104789.649079551,17426.04372123592,1122215.6928007868,1316,29,753.5448717948718,64,92,41,31.022570185603044,0.6687825520833333,37.227564102564095,8408.717948717933,131.3862179487177,0
1318,32,0,0,156,0.0,0.0,1.0,156,4150,3000,1150,0.7228915662650602,53,30,23,232.49973393020468,0.39473135511441965,0.7458652969702695,0.16473557660321578,1105829.9754512964,16071.035012894135,1121901.0104641905,1317,30,754.5448717948718,70,86,40,30.991545287125387,0.6665178571428572,37.10387323943661,8412.676056338005,120.18108651911436,0
1319,32,0,0,156,0.0,0.0,1.0,156,4300,2700,1600,0.627906976744186,59,27,32,229.99334979515558,0.3945736834849738,0.7409045708603361,0.16355269592967875,1106822.4100935142,15412.358745150977,1122234.7688386652,1318,31,755.5448717948718,76,80,44,30.93678205260089,0.6647478070175439,36.98593073593074,8416.45021645022,110.74276600592394,0
1320,32,0,0,156,0.0,0.0,1.0,156,4800,3200,1600,0.6666666666666666,64,32,32,230.69384851254384,0.3938335745795423,0.7427849646209539,0.16483150757027504,1108116.1082803702,15127.113923588264,1123243.2222039585,1319,32,756.5448717948718,77,79,35,30.76114719713115,0.6658549783549783,36.832264957264954,8421.367521367514,109.36840936840927,0
1321,32,0,0,156,0.0,0.0,1.0,156,3700,2600,1100,0.7027027027027027,48,26,22,226.4304122227676,0.39366901020126827,0.7385177887460423,0.16238907155226803,1109128.5230157394,15328.085734896518,1124456.608750636,1320,33,757.5448717948718,77,79,36,30.75043325724913,0.6670725108225108,36.71207264957264,8425.21367521365,109.41835941835909,0
1322,32,0,0,156,0.0,0.0,1.0,156,3900,2900,1000,0.7435897435897436,49,29,20,228.88226574101878,0.39380944995864353,0.7409286922777829,0.16428364155863348,1109353.5668465542,15682.271577543965,1125035.8384240982,1321,34,758.5448717948718,77,79,36,30.658558181603002,0.6673430735930737,36.68536324786324,8426.068376068364,109.42945942945927,0
1323,32,0,0,156,0.0,0.0,1.0,156,4500,3200,1300,0.7111111111111111,58,32,26,233.1882632627924,0.393943858560794,0.7457403992140483,0.1680082333836032,1110377.9470214858,16085.421006248871,1126463.3680277346,1322,35,759.5448717948718,78,78,37,30.420796002469274,0.6681356837606838,36.56381856540084,8429.95780590715,108.07638212701474,0
1324,32,0,0,156,0.0,0.0,1.0,156,4950,3800,1150,0.7676767676767676,61,38,23,234.9750207730288,0.3937267369727047,0.7478838392478131,0.1695087181940189,1110718.3837890602,16048.215060763774,1126766.598849824,1323,36,760.5448717948718,79,77,37,30.332396425335627,0.6681170886075949,36.52343749999999,8431.249999999982,106.72468354430357,0
1325,32,0,0,156,0.0,0.0,1.0,156,4300,3000,1300,0.6976744186046512,56,30,26,233.66607230981845,0.39370347394540944,0.747509669220962,0.1562885531478238,1089776.50583526,15428.759162808528,1105205.2649980686,1324,37,761.5448717948718,71,85,40,32.92085897222684,0.6465669014084507,39.019097222222214,8351.38888888887,117.6251956181531,8
1326,32,0,0,156,0.0,0.0,1.0,156,4850,3900,950,0.8041237113402062,58,39,19,233.87856403039677,0.3936655638268542,0.7481688931653889,0.15688049645829164,1090589.7736841557,14963.114043097146,1105552.887727253,1325,38,762.5448717948718,73,83,34,32.81567324454989,0.646546803652968,38.92173423423423,8354.504504504494,114.44526718499306,0
1327,32,1,1,156,0.006369426751592357,0.006369426751592357,0.9936305732484076,157,4500,3400,1100,0.7555555555555555,56,34,22,230.6351025919747,0.3947207251347378,0.7462537859375094,0.15546808672998624,1091980.3423369108,14469.799656658515,1106450.1419935692,1326,0,758.6815286624204,77,80,35,32.730123027638626,0.6463744588744589,38.755341880341874,8359.829059829044,108.56920856920837,0
1328,32,0,0,156,0.0,0.0,1.0,156,3950,2900,1050,0.7341772151898734,50,29,21,229.86672650497908,0.394178212020954,0.7433048217443554,0.15544825609195473,1092884.9793702941,15093.578530862249,1107978.5579011564,1327,1,762.5128205128206,78,78,35,32.63951953315506,0.6470352564102564,38.64715189873418,8363.291139240513,107.22168127231427,0
1329,32,0,0,156,0.0,0.0,1.0,156,4350,2900,1450,0.6666666666666666,58,29,29,233.27156659008682,0.39400933967466223,0.7467054769553647,0.1581252976728874,1093552.1796516501,15468.92601906913,1109021.1056707192,1328,2,763.5128205128206,80,76,37,32.468907308114844,0.6470052083333333,38.56738683127573,8365.843621399214,104.57304526749017,0
1330,32,0,0,156,0.0,0.0,1.0,156,4750,3600,1150,0.7578947368421053,59,36,23,236.22708522026932,0.3941118693134822,0.7501467936751072,0.1607184275821226,1094584.5709906712,15764.10454644119,1110348.6755371124,1329,3,764.5128205128206,63,93,37,32.26534951254928,0.6570767195767195,38.44401041666668,8369.791666666688,132.85383597883632,0
1331,32,0,0,156,0.0,0.0,1.0,156,3750,2800,950,0.7466666666666667,47,28,19,232.4279173738578,0.39393438103115525,0.7450044881551714,0.1586863982645989,1095562.4189013923,15977.858275663682,1111540.2771770558,1330,4,765.5128205128206,67,89,37,32.24519962533661,0.6557835820895522,38.32720588235297,8373.52941176477,124.97805092186223,0
1332,32,0,0,156,0.0,0.0,1.0,156,3950,2700,1250,0.6835443037974683,52,27,25,232.35952453429735,0.3939964157706093,0.7418598476909102,0.15945389959627385,1096993.1949917653,15829.363441129355,1112822.5584328948,1331,5,766.5128205128206,72,84,36,32.07220708446867,0.6548032407407407,38.15639269406393,8378.995433789963,116.37493658041616,0
1333,32,0,0,156,0.0,0.0,1.0,156,3650,2400,1250,0.6575342465753424,49,24,25,233.59999999999977,0.3934889371381307,0.750615384615384,0.1536842105263158,1085069.4444444457,15844.444444444507,1100913.8888888902,1332,6,767.5128205128206,60,96,38,33.49999999999999,0.6475694444444444,39.583333333333336,8333.333333333341,138.88888888888903,8
1334,32,0,0,156,0.0,0.0,1.0,156,4050,3000,1050,0.7407407407407407,51,30,21,229.8316140603529,0.39325372208436726,0.7463994755056853,0.1517240885157044,1086049.7284729457,14671.712408949072,1100721.440881895,1333,7,768.5128205128206,61,95,37,33.477824530857035,0.6480532786885246,39.465725806451616,8337.096774193555,136.6737176097304,0
1335,32,0,0,156,0.0,0.0,1.0,156,4250,2800,1450,0.6588235294117647,57,28,29,229.60036731940943,0.39345447339398953,0.7457665248036169,0.15206039215273076,1086969.1467285177,14463.703070746644,1101432.8497992645,1334,8,769.5128205128206,63,93,38,33.371060738520455,0.6478174603174602,39.35546875000001,8340.625000000016,132.39087301587327,0
1336,32,0,0,156,0.0,0.0,1.0,156,5200,3900,1300,0.75,65,39,26,228.33199028217507,0.3940438034188034,0.7449562835234325,0.1519431815731552,1088327.094184029,13299.978298611128,1101627.0724826402,1335,9,770.5128205128206,63,93,40,33.23764353469794,0.6494708994708995,39.192708333333336,8345.833333333341,132.4735449735451,0
1337,32,0,1,155,0.0,0.00641025641025641,0.9935897435897436,156,3800,2700,1100,0.7105263157894737,49,27,22,225.94134707950846,0.3935819892473118,0.7425034529788523,0.15082210216488268,1089213.3505917198,14219.66633793581,1103433.0169296556,1336,10,771.5128205128206,64,92,39,33.19142456442067,0.64990234375,39.086538461538474,8349.230769230799,130.45673076923123,0
1338,32,1,0,156,0.00641025641025641,0.0,1.0,156,3300,2500,800,0.7575757575757576,41,25,16,223.26919262051177,0.3942187069203198,0.7393463344167566,0.14954823279298435,1090181.6608996536,14180.795847750858,1104362.4567474045,1337,0,772.0,67,89,41,33.142605633802816,0.6492537313432836,38.970588235294116,8352.941176470586,124.67076382791919,0
1339,32,0,1,155,0.0,0.00641025641025641,0.9935897435897436,156,4150,3500,650,0.8433734939759037,48,35,13,212.3965037048935,0.3944875241246209,0.7250995538727085,0.13866848765759407,1082871.484567906,10649.623456790341,1093521.1080246964,1338,1,773.0,74,82,36,34.32166817931059,0.6366835585585586,39.847222222222236,8324.888888888925,112.49849849849899,8
1340,32,1,1,155,0.00641025641025641,0.00641025641025641,0.9935897435897436,156,3950,3100,850,0.7848101265822784,48,31,17,208.6125537650285,0.3948252688172043,0.7207214323328075,0.13669953057273618,1083927.5666551257,10074.17955524784,1094001.7462103735,1339,0,771.3782051282051,75,81,39,34.290635422152,0.6375,39.72039473684211,8328.94736842106,111.05263157894747,0
1341,32,0,0,155,0.0,0.0,1.0,155,3850,2800,1050,0.7272727272727273,49,28,21,211.92342704445332,0.3946393660103338,0.7226660180970779,0.13926090519331674,1084735.602605194,11126.177268244595,1095861.7798734386,1340,1,775.1225806451613,77,78,40,34.10540724213984,0.6375811688311688,39.62339743589744,8332.051282051283,108.20845820845823,0
1342,32,0,0,155,0.0,0.0,1.0,155,3550,2700,850,0.7605633802816901,44,27,17,210.96329115490988,0.39443513475771536,0.721891394961544,0.13910625514759947,1085717.3437848028,11259.300821761615,1096976.6446065644,1341,2,776.1225806451613,66,89,38,34.010121356808924,0.6444128787878788,39.50559701492536,8335.820895522353,126.30031659882353,0
1343,32,0,1,154,0.0,0.0064516129032258064,0.9935483870967742,155,4000,2900,1100,0.725,51,29,22,212.38659971431602,0.3946306381790253,0.7222832868711015,0.14035338232869082,1086346.3721885767,11145.08242022272,1097491.4546087994,1342,3,777.1225806451613,67,88,41,33.895992553399985,0.644589552238806,39.430147058823515,8338.235294117612,124.45127304653153,0
1344,32,0,0,154,0.0,0.0,1.0,154,3550,2300,1250,0.647887323943662,48,23,25,212.02812980090707,0.39360163257222086,0.7202847668913088,0.1406482698213582,1087426.8742913762,11763.01729024905,1099189.8915816252,1343,4,777.025974025974,69,85,42,33.7730345149076,0.6447765700483092,39.30059523809521,8342.380952380898,120.9040717736362,0
1345,32,0,0,154,0.0,0.0,1.0,154,3300,2200,1100,0.6666666666666666,44,22,22,210.3833644651598,0.3933770477888125,0.7179161149451496,0.1397209698533188,1087760.8609402871,11669.357931627164,1099430.2188719143,1344,5,778.025974025974,70,84,41,33.77503938780101,0.6446428571428571,39.26056338028168,8343.661971830967,119.19517102615667,0
1346,32,0,0,154,0.0,0.0,1.0,154,4200,2900,1300,0.6904761904761905,55,29,26,209.35411691263872,0.3932170090258325,0.7167005520777254,0.13933688267899508,1088373.0114450334,10571.074136524581,1098944.085581558,1345,6,779.025974025974,70,84,39,33.72698336802233,0.6453869047619047,39.18720657276993,8346.009389671313,119.22870556673304,0
1347,32,0,0,154,0.0,0.0,1.0,154,4450,3700,750,0.8314606741573034,52,37,15,211.3628244187052,0.3930366338454574,0.7184682106518143,0.1413709302813868,1089776.505835256,10817.6480516972,1100594.1538869534,1346,7,780.025974025974,71,83,42,33.50293114917677,0.6465669014084507,39.0190972222222,8351.38888888884,117.62519561815267,0
1348,32,0,0,154,0.0,0.0,1.0,154,4000,3100,900,0.775,49,31,18,211.97775434199875,0.3930419389978213,0.719528503852948,0.14216807160708153,1090546.2771835376,11434.310168678356,1101980.587352216,1347,8,781.025974025974,72,82,36,33.39277255502115,0.6469907407407407,38.92694063926938,8354.337899543321,116.03247082699058,0
1349,32,0,0,154,0.0,0.0,1.0,154,4050,2600,1450,0.6419753086419753,55,26,29,209.01095428717207,0.39290488922841865,0.7154201698955214,0.14050886569401794,1091212.373456785,10765.067901234283,1101977.4413580194,1348,9,782.025974025974,74,80,39,33.388843092414334,0.6468186936936937,38.84722222222221,8356.88888888885,112.93093093093042,0
1350,32,0,0,154,0.0,0.0,1.0,154,3200,2200,1000,0.6875,42,22,20,207.97206330013057,0.39283238547944427,0.7138972434106718,0.13992538999495338,1091444.5216049354,11397.993827160344,1102842.5154320959,1349,10,783.025974025974,74,80,40,33.38761854116812,0.6471002252252251,38.819444444444436,8357.777777777756,112.94294294294264,0
1351,32,0,0,154,0.0,0.0,1.0,154,3850,2300,1550,0.5974025974025974,54,23,31,205.6962870146173,0.39270771439889085,0.7106138838412239,0.1386023103786748,1091868.7021741904,10268.667588940027,1102137.3697631306,1350,11,784.025974025974,77,77,40,33.3952656646729,0.6462391774891775,38.76869658119658,8359.401709401705,108.5636585636585,0
1352,32,0,1,153,0.0,0.006493506493506494,0.9935064935064936,154,3500,2300,1200,0.6571428571428571,47,23,24,204.84814891993418,0.39270594601476955,0.7100227841183493,0.13842091590331296,1092664.4395707578,10466.0575673413,1103130.497138099,1351,12,785.025974025974,78,76,41,33.32029870326455,0.6467681623931624,38.67352320675105,8362.447257383952,107.21086227415323,0
1353,32,0,1,152,0.0,0.006535947712418301,0.9934640522875817,153,4100,2800,1300,0.6829268292682927,54,28,26,206.37945548466618,0.3930025226464855,0.71012764195002,0.13962436164286163,1093004.9072265627,10414.751519097224,1103419.65874566,1352,13,783.4248366013072,79,74,42,33.23873071621911,0.646756329113924,38.6328125,8363.750000000002,105.87025316455698,0
1354,32,0,1,151,0.0,0.006578947368421052,0.993421052631579,152,4200,2900,1300,0.6904761904761905,55,29,26,203.1965990523856,0.39276352097130246,0.7035134459131696,0.13779269373239866,1093662.360284509,9845.694424283276,1103508.0547087921,1353,14,788.0723684210526,82,70,42,33.24172747055806,0.6463414634146342,38.55421686746987,8366.265060240943,102.02762268586515,0
1355,32,0,0,151,0.0,0.0,1.0,151,4100,3000,1100,0.7317073170731707,52,30,22,202.78052392806157,0.3927189109639441,0.7013869685089509,0.1380509701629538,1094763.6196145131,10099.348072562458,1104862.9676870755,1354,15,789.1655629139073,69,82,40,33.118339211893655,0.6536835748792271,38.42261904761905,8370.476190476194,121.31124913733615,0
1356,32,0,1,150,0.0,0.006622516556291391,0.9933774834437086,151,3050,2000,1050,0.6557377049180327,41,20,21,203.13574574192072,0.3925239146431199,0.699728268939505,0.1389548199400258,1096100.8618219513,11281.453194912941,1107382.3150168643,1355,16,790.1655629139073,70,81,43,32.946094917787704,0.6547619047619048,38.26291079812207,8375.586854460113,119.65124077800161,0
1357,32,0,0,150,0.0,0.0,1.0,150,4550,3200,1350,0.7032967032967034,59,32,27,201.19090919815616,0.39222035794183446,0.6928381525672709,0.13833547880786765,1097539.3763696142,9612.989002516057,1107152.3653721302,1356,17,794.94,73,77,43,32.82184958257189,0.6549657534246576,38.09121621621622,8381.08108108109,114.80932987782316,0
1358,32,0,0,150,0.0,0.0,1.0,150,4050,2700,1350,0.6666666666666666,54,27,27,226.5600000000012,0.39232662192393736,0.7218133333333348,0.14905263157894721,1085069.444444437,15116.666666666188,1100186.1111111033,1357,18,795.94,67,83,43,33.68333333333332,0.6430348258706468,39.58333333333331,8333.333333333276,124.37810945273546,8
1359,32,0,0,150,0.0,0.0,1.0,150,3650,2400,1250,0.6575342465753424,49,24,25,228.88683161268625,0.3926631245339299,0.7215585009140772,0.15084469505076964,1085565.532879813,16044.331065759321,1101609.8639455724,1358,19,796.94,69,81,43,33.56185252894575,0.642512077294686,39.523809523809504,8335.238095238054,120.80055210489932,0
1360,32,0,2,148,0.0,0.013333333333333334,0.9866666666666667,150,4000,2900,1100,0.725,51,29,22,227.79923238699214,0.39255406413124533,0.721520968195891,0.15083314809373494,1086904.13952809,15519.185732548478,1102423.3252606385,1359,20,797.94,70,80,42,33.42597804672108,0.6436011904761905,39.36326291079811,8340.375586854443,119.14822266934918,0
1361,32,0,0,148,0.0,0.0,1.0,148,3550,2400,1150,0.676056338028169,47,24,23,226.28432193528707,0.392297910155053,0.7156749169813299,0.15034758893576972,1087886.5859102353,16084.335687038432,1103970.9215972738,1360,21,795.8851351351351,73,75,40,33.34502987115813,0.6432648401826484,39.2454954954955,8344.14414414415,114.30334444033082,0
1362,32,0,0,148,0.0,0.0,1.0,148,4550,3200,1350,0.7032967032967034,59,32,27,221.40203813399248,0.3919924388674389,0.7081845474858017,0.14766435011770315,1088968.0611485452,14069.949640221792,1103038.0107887671,1361,22,796.8851351351351,77,71,41,33.3398920740551,0.6427218614718615,39.115918803418786,8348.290598290561,108.41935841935793,0
1363,32,0,0,148,0.0,0.0,1.0,148,4350,3400,950,0.7816091954022989,53,34,19,220.5124824729588,0.39189380707237853,0.7061127107199854,0.14749770333903087,1089789.9308201587,14112.456603837061,1103902.3874239956,1362,23,797.8851351351351,80,68,42,33.26249958936959,0.6424479166666667,39.01748971193413,8351.440329218047,104.39300411522558,0
1364,32,0,1,147,0.0,0.006756756756756757,0.9932432432432432,148,3750,3000,750,0.8,45,30,15,217.92553918306436,0.39166685818471536,0.7034160852850007,0.14626784276376806,1090760.584471053,14190.917698097535,1104951.5021691506,1363,24,798.8851351351351,83,65,33,33.21128195994615,0.6424447791164658,38.90128968253967,8355.158730158699,100.66456301396022,0
1365,32,0,0,147,0.0,0.0,1.0,147,2900,2000,900,0.6896551724137931,38,20,18,219.28656428356598,0.39093902401143105,0.7046743110880285,0.14755954047733094,1091485.979229653,15569.64206979076,1107055.6212994438,1364,27,805.156462585034,83,64,33,33.08703668534166,0.6433232931726908,38.81448412698412,8357.936507936492,100.69803021610232,0
1366,32,0,0,147,0.0,0.0,1.0,147,3750,2300,1450,0.6133333333333333,52,23,29,206.4967999033936,0.3910089149815177,0.6902485269832215,0.1368896004657593,1087240.6684027752,11752.343749999887,1098993.0121527752,1365,28,806.156462585034,75,72,43,33.94001831501831,0.6415277777777777,39.32291666666666,8341.666666666646,111.22222222222194,8
1367,32,0,0,147,0.0,0.0,1.0,147,4750,3500,1250,0.7368421052631579,60,35,25,203.94711336664514,0.39099532507066753,0.6855768936005378,0.13564983752805998,1088187.7785082895,10236.551245525543,1098424.329753815,1366,29,807.156462585034,77,70,43,33.890652737948926,0.6417748917748918,39.2094017094017,8345.299145299132,108.3805083805082,0
1368,32,0,0,147,0.0,0.0,1.0,147,4050,3100,950,0.7654320987654321,50,31,19,200.37360116516427,0.39088078153635886,0.679555211136897,0.1339008783244764,1089522.7891710042,10212.32096354149,1099735.1101345457,1367,30,808.156462585034,79,68,40,33.82071960813665,0.6425369198312236,39.04947916666666,8350.416666666644,105.70147679324866,0
1369,32,1,0,148,0.006756756756756757,0.0,1.0,148,3600,2400,1200,0.6666666666666666,48,24,24,197.44182096144064,0.3916946283017712,0.67767740647051,0.13236687468683084,1090434.427340004,9859.471794611143,1100293.899134615,1368,0,803.6891891891892,80,68,35,33.78591954022988,0.6432291666666667,38.94032921810699,8353.90946502056,104.42386831275701,0
1370,32,0,1,147,0.0,0.006756756756756757,0.9932432432432432,148,5000,3800,1200,0.76,62,38,24,227.59383761452045,0.3916046148189005,0.7140262358961635,0.14173646206548093,1069093.7694240857,14063.830750600315,1083157.600174686,1369,1,804.6891891891892,71,77,35,35.624393668028596,0.6213321596244131,41.50752314814816,8271.759259259283,116.50365153886314,8
1371,32,1,0,148,0.006756756756756757,0.0,1.0,148,3850,2800,1050,0.7272727272727273,49,28,21,225.98667167073955,0.39248464025249735,0.711801685706323,0.14142391711007657,1070535.1111111182,14935.333333333769,1085470.444444452,1370,0,797.8918918918919,74,74,37,35.487811426116856,0.6216216216216216,41.33333333333336,8277.33333333339,111.85585585585663,0
1372,32,0,0,148,0.0,0.0,1.0,148,4150,2800,1350,0.6746987951807228,55,28,27,225.39392679381626,0.39243293037935895,0.7111469274450726,0.14161434043242732,1071705.4336021652,14561.179209172296,1086266.6128113375,1371,1,798.8918918918919,78,70,38,35.35860760138577,0.6212606837606838,41.19198312236287,8281.85654008439,106.17764794979988,0
1373,32,2,1,149,0.013333333333333334,0.006666666666666667,0.9933333333333333,150,3150,2100,1050,0.6666666666666666,42,21,21,220.76843481438004,0.39457774049217004,0.7100393948422559,0.139367860197241,1073099.8937323245,14231.316787752568,1087331.210520077,1372,0,789.2266666666667,80,70,34,35.306282484192444,0.6221354166666666,41.02366255144033,8287.242798353913,103.59053497942391,0
1374,32,0,0,149,0.0,0.0,1.0,149,4250,3200,1050,0.7529411764705882,53,32,21,222.52285858086555,0.3943633230545982,0.7134157016015019,0.14086978419292065,1073922.0079210105,13744.439019097397,1087666.446940108,1373,1,793.2684563758389,79,70,37,35.15945661825066,0.6235495780590717,40.92447916666668,8290.416666666695,104.94198312236323,0
1375,32,1,0,150,0.006666666666666667,0.0,1.0,150,4250,3000,1250,0.7058823529411765,55,30,25,224.61539514611007,0.39586222967934376,0.7176205178469324,0.14273675297279304,1075036.0054572364,14043.927432414657,1089079.932889651,1374,0,788.9733333333334,81,69,38,34.96788981458792,0.6240997942386831,40.79014227642277,8294.715447154487,102.40389440931466,0
1376,32,0,1,149,0.0,0.006666666666666667,0.9933333333333333,150,4400,3200,1200,0.7272727272727273,56,32,24,225.97335048930253,0.39572334079045485,0.7214715633766897,0.14407178979976487,1075994.583018391,14229.220206601061,1090223.803224992,1375,1,789.9733333333334,83,67,40,34.81454029584292,0.6244979919678715,40.67460317460317,8298.412698412687,99.9808758844902,0
1377,32,0,0,149,0.0,0.0,1.0,149,4350,3400,950,0.7816091954022989,53,34,19,225.1869058393702,0.39486403349658383,0.7188820540982657,0.1438968613996983,1076656.8684508358,14339.805771429692,1090996.6742222656,1376,2,796.2416107382551,68,81,41,34.753341480921065,0.6321997549019608,40.594806763285014,8300.966183574854,122.07303211139491,0
1378,32,1,0,150,0.006666666666666667,0.0,1.0,150,4950,3500,1450,0.7070707070707071,64,35,29,223.08651128913382,0.3960980611483967,0.7189769307923781,0.14349500113242955,1078568.7934027743,13172.829861110944,1091741.6232638853,1377,0,791.9266666666666,71,79,41,34.57246740220663,0.6329225352112676,40.36458333333332,8308.333333333305,117.01877934272261,0
1379,32,0,0,150,0.0,0.0,1.0,150,3700,2500,1200,0.6756756756756757,49,25,24,222.61816205772283,0.3959815436241611,0.7188915750915752,0.14347204495221494,1079132.0030858386,14346.87662892757,1093478.8797147663,1378,1,792.9266666666666,72,78,42,34.51533882783881,0.6331018518518519,40.29680365296803,8310.502283105008,115.4236428209029,0
1380,32,0,0,150,0.0,0.0,1.0,150,3050,2000,1050,0.6557377049180327,41,20,21,221.86666062174515,0.39595171513795674,0.7185270636490142,0.14322201028220743,1079606.3989491467,14855.733304142976,1094462.1322532897,1379,2,793.9266666666666,72,78,40,34.47651157254814,0.6336805555555556,40.23972602739726,8312.328767123292,115.44901065449017,0
1381,32,1,0,151,0.006622516556291391,0.0,1.0,151,4700,3300,1400,0.7021276595744681,61,33,28,220.28023983839466,0.39746136865342163,0.7170101792989958,0.14275303854462162,1080733.506944442,12712.847222222052,1093446.354166664,1380,0,789.6622516556291,77,74,39,34.37917501670003,0.632711038961039,40.10416666666666,8316.666666666646,108.00865800865775,0
1382,32,1,1,151,0.006578947368421052,0.006578947368421052,0.993421052631579,152,3850,2700,1150,0.7012987012987013,50,27,23,215.8740551611124,0.3977413006854886,0.7127999436117465,0.14053177181883106,1082038.5986717914,12466.81202722521,1094505.4106990166,1381,0,785.4605263157895,82,70,37,34.333425832086625,0.6322408536585367,39.947289156626496,8321.686746987918,101.48398471936486,0
1383,32,2,1,152,0.013071895424836602,0.006535947712418301,0.9934640522875817,153,4150,3200,950,0.7710843373493976,51,32,19,214.03191408210733,0.39900455796353634,0.7109269114638128,0.1399611836065711,1083334.0277777724,11623.611111110851,1094957.6388888832,1382,0,774.2418300653595,84,69,39,34.22237790232182,0.6330605158730158,39.79166666666665,8326.666666666624,99.12698412698361,0
1384,32,0,0,152,0.0,0.0,1.0,152,3550,2500,1050,0.704225352112676,46,25,21,212.87482815452387,0.39784568519809455,0.707261416615176,0.13948511467188096,1083912.3456790172,12197.53086419777,1096109.876543215,1383,1,780.3223684210526,89,63,39,34.18156350053362,0.6320224719101124,39.722222222222236,8328.888888888927,93.58302122347109,0
1385,32,0,0,152,0.0,0.0,1.0,152,4750,3600,1150,0.7578947368421053,59,36,23,214.17617157663142,0.3973600702916231,0.7120923186906996,0.14085844831444927,1084974.055820556,11325.11790712348,1096299.1737276793,1384,2,781.3223684210526,90,62,40,34.01752091667032,0.6329861111111111,39.594780219780226,8332.967032967053,92.58852258852282,0
1386,32,0,0,152,0.0,0.0,1.0,152,3800,2300,1500,0.6052631578947368,53,23,30,213.65617375742787,0.3968499477169745,0.7119810367536941,0.14068511486465393,1085317.4744897964,12176.955782312984,1097494.4302721093,1385,3,782.3223684210526,69,83,41,33.98897268883558,0.6422101449275363,39.55357142857143,8334.28571428572,120.78674948240173,0
1387,32,1,0,153,0.006535947712418301,0.0,1.0,153,3900,2700,1200,0.6923076923076923,51,27,24,216.09051196467746,0.3982018977181516,0.7187592772235805,0.14320328705991925,1087148.882634622,12484.511726068635,1099633.3943606906,1386,0,778.2026143790849,70,83,41,33.701173523948896,0.6438988095238095,39.33392018779344,8341.314553990638,119.16163648558054,0
1388,32,0,0,153,0.0,0.0,1.0,153,4150,2900,1250,0.6987951807228916,54,29,25,219.8255462132205,0.3981409815388144,0.7221985026122821,0.1460545582372927,1087883.2772653163,13078.90712821547,1100962.1843935319,1387,1,779.2026143790849,70,83,40,33.51385059734802,0.6447916666666667,39.24589201877935,8344.131455399083,119.20187793427262,0
1389,32,0,0,153,0.0,0.0,1.0,153,3250,2400,850,0.7384615384615385,41,24,17,219.11496029270535,0.39822339754615294,0.721928066514351,0.14605773933596186,1088810.1242337532,13864.917427554865,1102675.0416613081,1388,2,780.2026143790849,71,82,43,33.418892000813415,0.645393192488263,39.13483796296296,8347.685185185182,117.5730307772561,0
1390,32,0,0,153,0.0,0.0,1.0,153,3700,2400,1300,0.6486486486486487,50,24,26,220.77152562381713,0.398135606581814,0.722018734760181,0.14762622656482313,1089704.0123456812,13815.12345679028,1103519.1358024715,1389,3,781.2026143790849,74,79,46,33.26625421323399,0.6449887387387387,39.027777777777786,8351.111111111128,112.85285285285308,0
1391,32,0,0,153,0.0,0.0,1.0,153,4100,3000,1100,0.7317073170731707,52,30,22,219.44756754759896,0.39797256621947025,0.7206809711511695,0.14712487923544937,1090444.3224117036,13159.07081986763,1103603.3932315712,1390,4,782.2026143790849,75,78,35,33.2102277699025,0.6454166666666667,38.9391447368421,8353.947368421052,111.38596491228068,0
1392,32,0,0,153,0.0,0.0,1.0,153,4200,3100,1100,0.7380952380952381,53,31,22,218.36717236003932,0.3975784027061117,0.7200193217778803,0.14698047289432634,1091562.0743871192,12872.264727874874,1104434.339114994,1391,5,783.2026143790849,78,75,37,33.101746680801654,0.6454326923076923,38.80537974683545,8358.22784810128,107.15676728334974,0
1393,32,0,0,153,0.0,0.0,1.0,153,3550,2400,1150,0.676056338028169,47,24,23,221.78051637513275,0.3975389863547758,0.7230295245200169,0.14964844739932193,1092261.5354409078,14298.46546935611,1106560.000910264,1392,6,784.2026143790849,80,73,38,32.927064363177,0.6454427083333334,38.72170781893005,8360.90534979426,104.51131687242825,0
1394,32,0,0,153,0.0,0.0,1.0,153,4400,3200,1200,0.7272727272727273,56,32,24,220.69056149027574,0.39732040477009517,0.7219478214517194,0.14938840391970343,1093159.4029805893,13249.992488432148,1106409.3954690215,1393,7,785.2026143790849,85,68,39,32.8458063021316,0.6446078431372548,38.61434108527131,8364.341085271311,98.40401276789778,0
1395,32,1,1,153,0.006493506493506494,0.006493506493506494,0.9935064935064936,154,3450,2300,1150,0.6666666666666666,46,23,23,220.95722195034293,0.39822595704948643,0.725962467091404,0.15057890807932872,1095049.3950644047,14141.814446367152,1109191.2095107718,1394,0,781.0974025974026,67,87,41,32.60798493188118,0.6551616915422885,38.388480392156886,8371.56862745103,124.94878548434373,0
1396,32,0,0,153,0.0,0.0,1.0,153,4500,3400,1100,0.7555555555555555,56,34,22,219.17266222820024,0.3981284399724802,0.7217752801054074,0.14967577729254047,1095635.7178288037,12926.679421769051,1108562.3972505727,1395,1,784.124183006536,69,84,42,32.58310823618617,0.6547403381642511,38.3184523809524,8373.809523809567,121.35955831608068,0
1397,32,0,0,153,0.0,0.0,1.0,153,4550,3300,1250,0.7252747252747253,58,33,25,221.68416498812147,0.39786148377479646,0.7222585230094609,0.15188848790079795,1096553.1797893138,13467.69520533285,1110020.8749946468,1396,2,785.124183006536,71,82,42,32.405418163396895,0.6547828638497653,38.20891203703705,8377.314814814852,117.99034950443453,0
1398,32,0,1,152,0.0,0.006535947712418301,0.9934640522875817,153,3700,1900,1800,0.5135135135135135,55,19,36,219.17128243285788,0.3974279039101021,0.7185561231866244,0.15066178718249804,1097471.5002814862,13806.847230041523,1111278.3475115278,1397,3,786.124183006536,72,81,41,32.3592041698449,0.6553819444444444,38.099315068493176,8380.821917808278,116.40030441400387,0
1399,32,0,0,152,0.0,0.0,1.0,152,3650,2800,850,0.7671232876712328,45,28,17,220.11074704852246,0.39714857819216914,0.7181254577796361,0.1516653503635722,1098129.3402777873,14292.013888889422,1112421.3541666768,1398,4,785.4671052631579,73,79,44,32.25439032471837,0.6556792237442922,38.020833333333364,8383.333333333407,114.84018264840283,0
1400,32,0,0,152,0.0,0.0,1.0,152,4800,3400,1400,0.7083333333333334,62,34,28,219.03661582411672,0.397101378238643,0.7177850243383026,0.15157333815028912,1099320.4775022985,12958.287419651277,1112278.7649219497,1399,5,786.4671052631579,76,76,35,32.13737355491333,0.6557017543859649,37.87878787878789,8387.87878787881,110.36682615630014,0
1401,32,0,0,152,0.0,0.0,1.0,152,4050,2800,1250,0.691358024691358,53,28,25,212.63217991487699,0.39669200941094457,0.7120658756470002,0.14166175845978404,1088660.3734567924,11846.84567901248,1100507.219135805,1400,6,787.4671052631579,74,78,40,33.606326429192634,0.6437218468468469,39.152777777777786,8347.11111111113,112.79879879879904,8
1402,32,0,0,152,0.0,0.0,1.0,152,4300,3100,1200,0.7209302325581395,55,31,24,216.9276534143068,0.39662665562913907,0.7158751658558158,0.14502466717023887,1089642.9670667902,12574.738381040317,1102217.7054478305,1401,7,788.4671052631579,75,77,44,33.37403711484593,0.6444444444444444,39.03508771929825,8350.87719298246,111.34502923976613,0
1403,32,0,0,152,0.0,0.0,1.0,152,3900,2300,1600,0.5897435897435898,55,23,32,214.90164862158838,0.3966357325432787,0.712839611497573,0.14410628946029583,1090501.573350693,12570.117187500011,1103071.690538193,1402,8,789.4671052631579,79,73,37,33.32190357439737,0.6437236286919832,38.932291666666664,8354.166666666657,105.74894514767921,0
1404,32,1,0,153,0.006535947712418301,0.0,1.0,153,3800,2200,1600,0.5789473684210527,54,22,32,215.37876844137165,0.39766619367045064,0.7176047793212696,0.14510742697676882,1091831.4900548686,12631.464334705059,1104462.9543895738,1403,0,785.3006535947712,80,73,40,33.14687638458131,0.644921875,38.773148148148145,8359.259259259252,104.49074074074065,0
1405,32,0,0,153,0.0,0.0,1.0,153,4750,3700,1050,0.7789473684210526,58,37,21,217.00903401448946,0.39749240339410613,0.7194555229949418,0.1468254151544925,1093023.5004998662,12089.194799722329,1105112.6952995886,1404,1,786.3006535947712,81,72,40,32.95863710004049,0.6459619341563786,38.630589430894304,8363.82113821137,103.25705108902925,0
1406,32,0,0,153,0.0,0.0,1.0,153,4150,3200,950,0.7710843373493976,51,32,19,220.72347646749296,0.3971860308450866,0.7234993966346295,0.1500076110769525,1094280.0845828557,13556.660899654122,1107836.7454825097,1405,2,787.3006535947712,67,86,41,32.70804045610747,0.6542288557213931,38.480392156862756,8368.627450980415,124.9048873280659,0
1407,32,0,1,152,0.0,0.006535947712418301,0.9934640522875817,153,3800,2700,1100,0.7105263157894737,49,27,22,223.41170027181596,0.39708928161908036,0.7252195995170891,0.15250276931597906,1095511.1111111136,14550.000000000175,1110061.1111111138,1406,3,788.3006535947712,69,84,42,32.48739384288747,0.6545893719806763,38.33333333333334,8373.333333333354,121.35265700483122,0
1408,32,0,0,152,0.0,0.0,1.0,152,3350,2100,1250,0.6268656716417911,46,21,25,225.6899704553309,0.3973401010805158,0.727132608451966,0.15451882014059987,1096346.6381229528,15736.888073354374,1112083.526196307,1407,4,791.796052631579,70,82,43,32.325762246384926,0.6550595238095238,38.23356807511739,8376.525821596286,119.66465459423266,0
1409,32,0,0,152,0.0,0.0,1.0,152,3950,3000,950,0.759493670886076,49,30,19,225.09476499681514,0.3972084858254909,0.7267341258993432,0.15442627205884638,1096916.808663411,15032.046253429497,1111948.8549168406,1408,5,792.796052631579,71,81,40,32.27175194312446,0.6552230046948357,38.16550925925927,8378.70370370372,118.00991131977071,0
1410,32,0,0,152,0.0,0.0,1.0,152,3800,2900,900,0.7631578947368421,47,29,18,221.69171847641755,0.39714222435227137,0.7226247776498902,0.15275470464881954,1098129.3402777803,14489.23611111127,1112618.5763888916,1409,6,793.796052631579,73,79,42,32.21297216699803,0.6556792237442922,38.02083333333334,8383.333333333354,114.8401826484021,0
1411,32,1,2,151,0.006535947712418301,0.013071895424836602,0.9869281045751634,153,3550,2300,1250,0.647887323943662,48,23,25,221.05628151184112,0.3973060715514276,0.7214181235551098,0.15462654126683528,1102298.8597495721,14584.017410196979,1116882.8771597692,1410,0,789.6013071895425,86,67,37,31.721748319800522,0.655281007751938,37.52394636015328,8399.233716475164,97.66550833110657,8
1412,32,0,2,149,0.0,0.013245033112582781,0.9867549668874173,151,3250,2300,950,0.7076923076923077,42,23,19,218.78573507255302,0.3962840323767476,0.7136820594619271,0.15348365654098547,1103099.3965148772,14818.482464919422,1117917.8789797965,1411,8,798.2450331125827,72,79,38,31.68396645109866,0.662181712962963,37.42865296803653,8402.283105022836,116.6983764586505,0
1413,32,0,0,149,0.0,0.0,1.0,149,4000,2400,1600,0.6,56,24,32,216.9413626671644,0.3950492018864502,0.7074979559159194,0.1526337444479696,1103900.444444447,14096.333333333518,1117996.7777777805,1412,9,802.3557046979865,74,75,35,31.63500687394248,0.6621621621621622,37.33333333333334,8405.333333333354,113.58558558558586,0
1414,32,0,1,148,0.0,0.006711409395973154,0.9932885906040269,149,4400,3200,1200,0.7272727272727273,56,32,24,215.33799651523867,0.3950038545256666,0.7126774813665631,0.13647216976602766,1074245.8767361168,12065.190972222537,1086311.0677083393,1413,10,803.3557046979865,79,70,37,35.30569514237858,0.623945147679325,40.885416666666686,8291.666666666712,104.95780590717357,8
1415,32,1,0,149,0.006711409395973154,0.0,1.0,149,3900,2500,1400,0.6410256410256411,53,25,28,216.6674932562561,0.39441433883547977,0.716556037112619,0.13823386069749222,1076195.3863441139,12935.311322625712,1089130.6976667396,1414,0,804.0872483221476,81,68,40,35.03114387408567,0.6255144032921811,40.65040650406506,8299.18699186997,102.45909866506136,0
1416,32,0,0,149,0.0,0.0,1.0,149,4250,3200,1050,0.7529411764705882,53,32,21,212.24659340994071,0.39404211258238103,0.7111138137724355,0.13597193592514906,1077394.5719954686,11684.665532880052,1089079.2375283486,1415,1,805.0872483221476,69,80,41,34.99827961922238,0.6325483091787439,40.505952380952394,8303.809523809554,120.34506556245731,0
1417,32,0,0,149,0.0,0.0,1.0,149,3500,2700,800,0.7714285714285715,43,27,16,214.8180004929623,0.394159259931072,0.7135283092657507,0.13795916089734958,1078111.7372269607,13019.56153981793,1091131.2987667785,1416,2,806.0872483221476,70,79,41,34.843346709621514,0.6328869047619048,40.419600938967136,8306.572769953049,118.66532528504355,0
1418,32,1,1,149,0.006666666666666667,0.006666666666666667,0.9933333333333333,150,4100,2900,1200,0.7073170731707317,53,29,24,233.43577477075235,0.3950121178225205,0.735265905759507,0.15294615233361142,1083890.9237455328,16503.783510304936,1100394.7072558377,1417,0,801.7066666666667,80,70,38,33.64903980763212,0.6352864583333333,39.724794238683124,8328.806584362135,104.11008230452668,8
1419,32,0,0,149,0.0,0.0,1.0,149,4200,2900,1300,0.6904761904761905,55,29,26,235.71663092480983,0.39441622830884576,0.7385909477987302,0.15501941666113805,1084963.5865928014,17148.79226155061,1102112.378854352,1418,1,807.8523489932886,81,68,39,33.45788209180936,0.6361882716049383,39.59603658536585,8332.926829268288,102.87563986750973,0
1420,32,0,0,149,0.0,0.0,1.0,149,3900,2600,1300,0.6666666666666666,52,26,26,229.11373706460247,0.39441811778221175,0.7295820247326528,0.1512800632674785,1086106.1762085091,16068.368976015365,1102174.5451845245,1419,2,808.8523489932886,66,83,39,33.48960198114331,0.6448863636363636,39.458955223880594,8337.313432835817,126.3229308005427,0
1421,32,0,0,149,0.0,0.0,1.0,149,4450,3200,1250,0.7191011235955056,57,32,25,231.48679492335825,0.39446913356309327,0.732810813347726,0.1534558157074714,1087240.6684027791,16086.371527777825,1103327.039930557,1420,3,809.8523489932886,67,82,41,33.28858641358643,0.6456778606965174,39.32291666666667,8341.666666666677,124.5024875621892,0
1422,32,0,0,149,0.0,0.0,1.0,149,4000,2400,1600,0.6,56,24,32,229.6140721123204,0.39434253884757237,0.7301543797816634,0.15288685295928184,1088495.4622098773,16186.775110758343,1104682.2373206357,1421,4,810.8523489932886,70,79,41,33.18356958038027,0.6455357142857143,39.1725352112676,8346.478873239423,119.2354124748489,0
1423,32,0,0,149,0.0,0.0,1.0,149,4100,3300,800,0.8048780487804879,49,33,16,227.2967745701965,0.3942801862264949,0.7279433741814534,0.15173595491577951,1089230.3114461391,15615.707311159444,1104846.0187572986,1422,5,811.8523489932886,70,79,40,33.153982043784694,0.6464285714285714,39.08450704225351,8349.295774647868,119.27565392354097,0
1424,32,0,0,149,0.0,0.0,1.0,149,4000,3100,900,0.775,49,31,18,228.74272804718137,0.39409123888989656,0.7305777365934054,0.15296524986854362,1089720.3486962456,16053.12107386098,1105773.4697701065,1423,6,812.8523489932886,70,79,42,33.05622704444943,0.6470238095238094,39.02582159624413,8351.173708920182,119.30248155600259,0
1425,32,0,0,149,0.0,0.0,1.0,149,4550,3100,1450,0.6813186813186813,60,31,29,230.9196457363268,0.3940118810085253,0.7332495695542285,0.15509086244585452,1090945.9239789285,16034.169256540816,1106980.0932354692,1424,7,813.8523489932886,70,79,37,32.84931359328761,0.6485119047619048,38.879107981220656,8355.86854460094,119.3695506371563,0
1426,32,0,0,149,0.0,0.0,1.0,149,4550,3100,1450,0.6813186813186813,60,31,29,239.33243435836468,0.39389473365983435,0.7426762955612884,0.16151084969640483,1092294.8523496236,17934.317209989254,1110229.1695596129,1425,8,814.8523489932886,70,79,38,32.46439066389654,0.6501488095238095,38.71772300469484,8361.032863849778,119.44332662642539,0
1427,32,0,0,149,0.0,0.0,1.0,149,3750,2700,1050,0.72,48,27,21,235.34658332644221,0.39363020738859666,0.7375965774739357,0.15945353516801747,1093414.0675726405,17916.25299285778,1111330.3205654982,1426,9,815.8523489932886,73,76,38,32.43155771543448,0.6499714611872146,38.5838963963964,8365.315315315318,114.59336048377148,0
1428,32,0,1,148,0.0,0.006711409395973154,0.9932885906040269,149,3450,2200,1250,0.6376811594202898,47,22,25,235.35517402847807,0.39340536005804466,0.7359278524517834,0.16027127683215894,1094840.2736686396,18285.264628533863,1113125.5382971736,1427,10,816.8523489932886,64,85,38,32.256887010149256,0.65673828125,38.41346153846154,8370.769230769236,130.7932692307693,0
1429,32,0,0,148,0.0,0.0,1.0,148,3000,1700,1300,0.5666666666666667,43,17,26,235.4866934048874,0.3922078966721824,0.7348059895229699,0.16043759528970736,1094974.4247205807,18970.381328073763,1113944.8060486545,1428,14,823.3040540540541,64,84,38,32.237043616760594,0.6569010416666667,38.397435897435905,8371.282051282067,130.8012820512823,0
1430,32,0,0,148,0.0,0.0,1.0,148,4200,2600,1600,0.6190476190476191,58,26,32,231.67864894316781,0.39191008610651473,0.7297883375295446,0.15826359655078778,1095719.4128858228,16970.95863963785,1112690.3715254606,1429,15,824.3040540540541,66,82,39,32.2456234157161,0.6565656565656566,38.3084577114428,8374.129353233855,126.88074777627052,0
1431,32,0,0,148,0.0,0.0,1.0,148,4750,3100,1650,0.6526315789473685,64,31,33,232.78421781272277,0.39192828032113747,0.7252768931601055,0.15395866543613834,1086579.6313799594,16237.717916403974,1102817.3492963633,1430,16,825.3040540540541,68,80,38,33.33586780210869,0.6443014705882353,39.40217391304347,8339.130434782588,122.63427109974394,8
1432,32,0,0,148,0.0,0.0,1.0,148,3900,2800,1100,0.717948717948718,50,28,22,231.55880055818866,0.39219449040877613,0.7243441438356701,0.15387200842552654,1087923.5012755082,16883.652210884244,1104807.1534863925,1431,17,826.3040540540541,69,79,35,33.20296895508763,0.6453804347826086,39.24107142857142,8344.2857142857,120.93167701863332,0
1433,32,0,2,146,0.0,0.013513513513513514,0.9864864864864865,148,4750,4100,650,0.8631578947368421,54,41,13,238.8991257532661,0.3924626156769014,0.7313341840054082,0.1466417035963076,1064799.088798478,16525.914283365673,1081325.0030818437,1432,18,827.3040540540541,77,71,30,35.86429699228654,0.6132305194805194,42.027243589743556,8255.128205128127,107.20945720945619,8
1434,32,0,0,146,0.0,0.0,1.0,146,3250,2200,1050,0.676923076923077,43,22,21,215.5532423503093,0.3915810502283105,0.7047014365500586,0.1280334319020502,1054900.1736111024,13027.430555555056,1067927.6041666574,1433,19,832.0,71,75,42,37.69438810006759,0.6038732394366197,43.229166666666636,8216.666666666597,115.72769953051545,8
1435,32,2,0,148,0.013513513513513514,0.0,1.0,148,3350,2100,1250,0.6268656716417911,46,21,25,214.02065204998547,0.39449270699270694,0.7087869600837682,0.12805949587743468,1057126.6944444366,12299.388888888465,1069426.083333325,1434,0,821.7432432432432,74,74,36,37.45711082293185,0.605152027027027,42.95833333333331,8225.333333333272,111.15315315315233,0
1436,32,1,0,149,0.006711409395973154,0.0,1.0,149,4050,3100,950,0.7654320987654321,50,31,19,198.68517165814546,0.39593347542173046,0.6853800108833679,0.1185701830863119,1056327.160493821,8125.308641975004,1064452.469135796,1435,0,817.2214765100671,77,72,42,37.950450450450454,0.6028138528138528,43.055555555555536,8222.222222222174,106.78210678210615,8
1437,32,0,0,149,0.0,0.0,1.0,149,3800,2700,1100,0.7105263157894737,49,27,22,196.14868127784538,0.3957860964991837,0.6800947638889279,0.11744823987078792,1057339.2796738362,7879.1410742578155,1065218.420748094,1436,1,818.2214765100671,78,71,43,37.89014413212966,0.6036324786324787,42.932489451476776,8226.160337552701,105.46359407118848,0
1438,32,2,1,150,0.013245033112582781,0.006622516556291391,0.9933774834437086,151,4300,3000,1300,0.6976744186046512,56,30,26,195.39017251636025,0.3978955114054452,0.6847578743337117,0.11767034478805413,1059080.7003112785,6886.792148513418,1065967.492459792,1437,0,808.3708609271523,82,69,46,37.69390243902438,0.6041666666666667,42.720883534136526,8232.931726907576,100.40160642570216,0
1439,32,0,0,150,0.0,0.0,1.0,150,4250,3400,850,0.8,51,34,17,196.11698542168517,0.3974543251304996,0.6843575218055931,0.11859798775826871,1060327.8549382712,7339.660493827127,1067667.5154320984,1438,1,814.3266666666667,74,76,43,37.520793993345926,0.6090934684684685,42.56944444444444,8237.777777777776,111.32132132132129,0
1440,32,3,1,152,0.0196078431372549,0.006535947712418301,0.9934640522875817,153,4300,3500,800,0.813953488372093,51,35,16,196.2476382111371,0.4012942896456828,0.6896879112901617,0.11984081494430794,1063256.2213501702,6832.304450653784,1070088.525800824,1439,0,799.3398692810457,77,76,45,37.155224144778884,0.6113365800865801,42.2142094017094,8249.145299145288,107.13175713175698,0
1441,32,3,0,155,0.01935483870967742,0.0,1.0,155,4250,2900,1350,0.6823529411764706,56,29,27,192.0862943010598,0.4040287669319927,0.6874590441219695,0.11804734413158294,1065154.0527505092,5670.2989705201035,1070824.3517210293,1440,0,784.4258064516129,81,74,42,37.02811899955694,0.6120113168724279,41.98424796747967,8256.504065040628,101.93214895111886,0
1442,32,0,2,153,0.0,0.012903225806451613,0.9870967741935484,155,5000,3500,1500,0.7,65,35,30,206.4036591446303,0.4045349811478844,0.7093868865201698,0.12425942048148145,1058974.857888818,7715.257122083209,1066690.1150109011,1441,1,785.4258064516129,81,74,42,37.423670090196836,0.6044238683127572,42.73373983739836,8232.520325203215,101.63605339757056,8
1443,32,0,0,153,0.0,0.0,1.0,153,4450,3200,1250,0.7191011235955056,57,32,25,206.53935484705713,0.40262548732943465,0.7063878309117406,0.1248216101032218,1060137.1742112513,8742.009602194961,1068879.1838134462,1442,2,796.6535947712418,71,82,42,37.27611660671462,0.6103286384976525,42.5925925925926,8237.037037037062,116.01460615545157,0
1444,32,0,1,152,0.0,0.006535947712418301,0.9934640522875817,153,3950,2900,1050,0.7341772151898734,50,29,21,209.20724532036388,0.4026971534227726,0.7078781630616511,0.12693617522812278,1061329.2100694461,9857.552083333343,1071186.7621527794,1443,3,797.6535947712418,71,82,44,37.05974047859791,0.6117957746478873,42.44791666666667,8241.66666666668,116.07981220657297,0
1445,32,0,0,152,0.0,0.0,1.0,152,4600,3800,800,0.8260869565217391,54,38,16,206.12239005008172,0.40174149674683396,0.7010160052847114,0.12563109562760721,1062685.1801756301,8808.641841720515,1071493.8220173507,1444,4,803.8486842105264,75,77,42,36.97132771366272,0.6115277777777778,42.28344298245614,8246.929824561395,109.95906432748528,0
1446,32,1,0,153,0.006535947712418301,0.0,1.0,153,3800,2900,900,0.7631578947368421,47,29,18,209.11400194148544,0.4033152734778122,0.7030054129785825,0.1279547378588136,1063857.3323363399,10093.492851928902,1073950.8251882687,1445,0,799.5882352941177,78,75,40,36.74916479170929,0.6116452991452992,42.14135021097046,8251.476793248929,105.7881640160119,0
1447,32,2,1,154,0.012903225806451613,0.0064516129032258064,0.9935483870967742,155,4700,3300,1400,0.7021276595744681,61,33,28,208.05992743994085,0.40544442117022766,0.7086970287736605,0.12821525341255915,1065971.2722696397,8657.18111229649,1074628.453381936,1446,0,790.258064516129,80,75,38,36.51495524222342,0.6134114583333333,41.88528806584362,8259.670781892997,103.24588477366247,0
1448,32,0,1,153,0.0,0.006493506493506494,0.9935064935064936,154,4050,2800,1250,0.691358024691358,53,28,25,209.764841058562,0.40436313414254593,0.7096025822069787,0.12948995231971294,1066486.501736115,9892.274305555758,1076378.7760416707,1447,1,796.3831168831168,79,75,39,36.40726918162867,0.614451476793249,41.82291666666668,8261.666666666697,104.57805907173034,0
1449,32,1,0,154,0.006493506493506494,0.0,1.0,154,4650,3500,1150,0.7526881720430108,58,35,23,211.577304852824,0.40529860934272693,0.710876459784755,0.13149595752544047,1068495.4909336471,9763.87924382744,1078259.3701774746,1448,0,790.7792207792207,71,83,39,36.11227746053075,0.6205985915492958,41.57986111111113,8269.444444444485,116.4710485133026,0
1450,32,0,1,153,0.0,0.006493506493506494,0.9935064935064936,154,4850,3600,1250,0.7422680412371134,61,36,25,211.69468493778172,0.40576899951899953,0.7117891906145128,0.13223539806161175,1069989.8832531904,9652.234244379844,1079642.1174975703,1449,1,791.7792207792207,73,81,43,35.92477047157659,0.6214326484018264,41.39921171171173,8275.225225225262,113.35924966062002,0
1451,32,0,0,153,0.0,0.0,1.0,153,3900,2900,1000,0.7435897435897436,49,29,20,210.40741572107186,0.4057572956083018,0.7092545391218585,0.1319624981389507,1071179.6057440813,10576.826523546031,1081756.4322676274,1450,2,788.562091503268,75,78,40,35.81130592930042,0.6219444444444444,41.25548245614037,8279.824561403559,110.39766081871412,0
1452,32,1,1,153,0.006493506493506494,0.006493506493506494,0.9935064935064936,154,4000,2800,1200,0.7,52,28,24,212.4197179105591,0.4072049274255157,0.7109671235464194,0.13393840359570244,1072751.5049720635,10774.714414858929,1083526.2193869224,1451,0,784.4350649350649,77,77,45,35.565430140801475,0.6229707792207793,41.065705128205146,8285.89743589748,107.60905760905817,0
1453,32,0,0,153,0.0,0.0,1.0,153,4700,3400,1300,0.723404255319149,60,34,26,214.66820091160704,0.4066620800366931,0.7120703111744544,0.1357814383486619,1073671.965407967,10796.645836671616,1084468.6112446387,1452,1,789.4901960784314,78,75,40,35.39376124062576,0.6236645299145299,40.95464135021098,8289.451476793263,106.27501893324697,0
1454,32,1,1,153,0.006493506493506494,0.006493506493506494,0.9935064935064936,154,3850,2800,1050,0.7272727272727273,49,28,21,219.01405296739875,0.40760900319723853,0.7230527469818377,0.1394699979769689,1075649.8725043416,12466.487630208372,1088116.36013455,1453,0,785.3571428571429,79,75,42,35.03746505632833,0.6256592827004219,40.716145833333336,8297.083333333343,105.026371308017,0
1455,32,0,0,153,0.0,0.0,1.0,153,3350,2400,950,0.7164179104477612,43,24,19,218.86743762197426,0.40665133012269233,0.7223665905451877,0.1397384409432601,1076406.2499999963,13168.055555555318,1089574.3055555515,1454,1,791.3660130718954,63,90,43,34.948125836680035,0.6349206349206349,40.624999999999986,8299.99999999997,131.7460317460313,0
1456,32,1,0,154,0.006493506493506494,0.0,1.0,154,5000,3800,1200,0.76,62,38,24,212.53829260308484,0.407434817361288,0.7157032642149737,0.13654297312788377,1078213.6000655896,10032.33552387303,1088245.9355894628,1455,0,787.2207792207793,66,88,44,34.89000019963666,0.6352588383838385,40.4073383084577,8306.965174129333,125.86310869892928,0
1457,32,0,0,154,0.0,0.0,1.0,154,4650,3300,1350,0.7096774193548387,60,33,27,212.68459376717047,0.40728185213479334,0.7166238430829881,0.13712451327211778,1079247.052207862,10457.8441746489,1089704.896382511,1456,1,788.2207792207793,66,88,39,34.75917888855631,0.6365214646464646,40.28296019900496,8310.945273631809,125.92341323684559,0
1458,32,1,1,154,0.0064516129032258064,0.0064516129032258064,0.9935483870967742,155,3950,3100,850,0.7848101265822784,48,31,17,212.91042616129891,0.4086370618628683,0.7149360104797009,0.13782727211411944,1080419.645878549,11056.521447408228,1091476.1673259572,1457,0,784.1290322580645,68,87,45,34.60925850616779,0.6367953431372548,40.14190821256038,8315.458937198058,122.28616084114792,0
1459,32,2,2,154,0.01282051282051282,0.01282051282051282,0.9871794871794872,156,4050,3000,1050,0.7407407407407407,51,30,21,206.72876272909585,0.4109387923904053,0.7071141497764626,0.13438475867594868,1081623.7444225473,9470.547684576748,1091094.292107124,1458,0,774.6089743589744,72,84,39,34.622139289830415,0.6361400462962963,39.997146118721446,8320.09132420088,115.55682394723443,0
1460,32,0,0,154,0.0,0.0,1.0,154,4100,2500,1600,0.6097560975609756,57,25,32,209.97078434418174,0.40827303143479615,0.7098312875784085,0.1371823968551958,1083076.1790083938,10582.87096217805,1093659.0499705719,1459,2,785.6688311688312,73,81,42,34.35967059820739,0.6374143835616438,39.822635135135116,8325.675675675624,114.0503517215839,0
1461,32,0,0,154,0.0,0.0,1.0,154,4600,3400,1200,0.7391304347826086,58,34,24,210.53457641434935,0.408155433890728,0.7115330693529758,0.13795899261934008,1083927.5666551194,10240.846221914184,1094168.4128770337,1460,3,786.6688311688312,75,79,42,34.2406090925048,0.6375,39.72039473684209,8328.947368421012,111.05263157894682,0
1462,32,0,0,154,0.0,0.0,1.0,154,5150,3600,1550,0.6990291262135923,67,36,31,209.28000000000043,0.4076514444161503,0.7099740259740259,0.13768421052631558,1085069.4444444396,9466.666666666388,1094536.111111106,1461,4,787.6688311688312,67,87,44,34.133333333333304,0.6430348258706468,39.583333333333314,8333.333333333296,124.37810945273576,0
1463,32,0,0,154,0.0,0.0,1.0,154,4150,3100,1050,0.7469879518072289,52,31,21,214.70691507285002,0.407272126022126,0.707897733909588,0.13195304378597816,1065163.3463298301,10789.587227830503,1075952.9335576606,1462,5,788.6688311688312,78,76,39,36.44332157944945,0.6132478632478633,41.98312236286921,8256.540084388218,105.85307800497715,8
1464,32,2,0,156,0.01282051282051282,0.0,1.0,156,4450,3300,1150,0.7415730337078652,56,33,23,210.0952225082318,0.40829197684036395,0.7062297051120048,0.12998615420247803,1067155.3785422882,9190.849341139941,1076346.227883428,1463,0,779.5448717948718,82,74,46,36.3160899990281,0.6140752032520325,41.74196787148596,8264.2570281125,100.7836222940549,0
1465,32,0,0,156,0.0,0.0,1.0,156,4650,3500,1150,0.7526881720430108,58,35,23,212.74313160244148,0.4080188516680452,0.7109256757255593,0.13217475779164323,1068392.9457199648,9608.652210884968,1078001.5979308498,1464,1,780.5448717948718,69,87,44,36.09481476149343,0.6215277777777778,41.59226190476194,8269.047619047698,119.84126984127099,0
1466,32,0,0,156,0.0,0.0,1.0,156,4250,3100,1150,0.7294117647058823,54,31,23,214.79219552860877,0.4080016197959746,0.7133436062747591,0.13383680131718106,1069254.4784580546,10483.503401360813,1079737.9818594153,1465,2,781.5448717948718,69,87,43,35.93546127868602,0.6225845410628019,41.488095238095255,8272.380952380989,119.88957902001432,0
1467,32,1,0,157,0.006369426751592357,0.0,1.0,157,4100,3000,1100,0.7317073170731707,52,30,22,211.73496601300752,0.40890222657738584,0.7106341811055186,0.1322880991779981,1070051.363302688,9813.457808213621,1079864.8211109017,1466,0,777.5605095541401,71,86,46,35.91614219114225,0.622505868544601,41.391782407407426,8275.462962963,116.55581637976056,0
1468,32,1,0,158,0.006329113924050633,0.0,1.0,158,3650,2500,1150,0.684931506849315,48,25,23,208.5061641278375,0.4099562605821172,0.7056772654591912,0.13081093204771127,1071271.6221288953,9423.347333820824,1080694.969462716,1467,0,773.632911392405,73,85,46,35.849154970442115,0.6230022831050228,41.2443693693694,8280.180180180256,113.42712575589391,0
1469,32,0,0,158,0.0,0.0,1.0,158,4400,3200,1200,0.7272727272727273,56,32,24,206.40650835919396,0.4102695248461394,0.7027072216030867,0.13000375246404966,1072428.2982504338,8271.236101493318,1080699.534351927,1468,1,774.632911392405,75,83,48,35.76094772971924,0.6234722222222222,41.104714912280734,8284.649122807099,110.46198830409466,0
1470,32,1,1,158,0.006289308176100629,0.006289308176100629,0.9937106918238994,159,4750,3500,1250,0.7368421052631579,60,35,25,214.31500246120186,0.41096781041849106,0.7238711571556624,0.1338859286316571,1070020.2019609723,9314.2764433605,1079334.478404333,1469,0,770.7547169811321,72,87,37,35.85326656734536,0.6219618055555556,41.39554794520549,8275.342465753456,114.93531202435355,8
1471,32,1,0,159,0.006289308176100629,0.0,1.0,159,4400,3200,1200,0.7272727272727273,56,32,24,210.79220758634838,0.4108450760289786,0.718007045261513,0.13223425892109242,1071247.4027145354,8962.120977868033,1080209.5236924035,1470,0,771.7358490566038,76,83,42,35.7929889684739,0.6215734649122807,41.24729437229439,8280.086580086627,108.94850763271877,0
1472,32,0,1,158,0.0,0.006289308176100629,0.9937106918238994,159,4800,3700,1100,0.7708333333333334,59,37,22,211.22020072718018,0.41087658891277234,0.7189451796277153,0.13310397501536972,1072579.2251953953,8710.079848315096,1081289.3050437104,1471,1,772.7358490566038,78,81,47,35.61772170163646,0.6223290598290598,41.08649789029537,8285.232067510571,106.22092394244322,0
1473,32,1,2,157,0.006289308176100629,0.012578616352201259,0.9874213836477987,159,5300,4200,1100,0.7924528301886793,64,42,22,210.92835563564728,0.41184851259188493,0.7199887363129649,0.1335437665818907,1073952.660078921,8205.413724195305,1082158.073803116,1472,0,773.6792452830189,80,79,38,35.45606654753635,0.6231770833333333,40.920781893004126,8290.534979423894,103.63168724279868,0
1474,32,1,1,157,0.006329113924050633,0.006329113924050633,0.9936708860759493,158,4050,3000,1050,0.7407407407407407,51,30,21,221.1401520648258,0.41087085785697014,0.7329744546892392,0.1407718257006019,1075541.8402777817,11919.097222222463,1087460.9375000042,1473,0,779.5506329113924,79,79,41,34.99564751573594,0.6255274261603376,40.72916666666668,8296.666666666697,105.02109704641389,0
1475,32,0,0,157,0.0,0.0,1.0,157,3650,2300,1350,0.6301369863013698,50,23,27,225.66118313857282,0.41036869181773644,0.7356144582575737,0.14381264528464563,1075872.6227370503,13506.537790648505,1089379.1605276987,1474,1,785.4968152866242,80,77,42,34.83766448455993,0.6255208333333333,40.68930041152264,8297.942386831288,103.7242798353911,0
1476,32,1,0,158,0.006329113924050633,0.0,1.0,158,4350,3100,1250,0.7126436781609196,56,31,25,220.6697213490331,0.4110421873740224,0.7313037050725306,0.14126986834026878,1077192.3783287422,11590.748393021142,1088783.1267217633,1475,0,781.5189873417721,65,93,43,34.80459245742092,0.6346153846153846,40.53030303030303,8303.030303030304,127.73892773892776,0
1477,32,2,0,160,0.0125,0.0,1.0,160,3950,2500,1450,0.6329113924050633,54,25,29,217.19921520145087,0.41332055817610064,0.7281762295081964,0.1399348651646203,1079039.1986977537,10923.293425750984,1089962.4921235046,1476,0,772.7375,68,92,47,34.66748052552028,0.6351102941176471,40.30797101449276,8310.144927536241,122.20801364023885,0
1478,32,0,2,158,0.0,0.0125,0.9875,160,4950,3300,1650,0.6666666666666666,66,33,33,217.10639132170206,0.4133942610062893,0.7269142876749946,0.14078294474634334,1080911.5251193622,9984.56011134015,1090896.0852307023,1477,1,773.7375,72,88,44,34.439793210723764,0.6352719907407407,40.08276255707761,8317.351598173473,115.51877219685379,0
1479,32,0,2,156,0.0,0.012658227848101266,0.9873417721518988,158,5250,4400,850,0.8380952380952381,61,44,17,213.6131784939354,0.4127941156709398,0.7177402193748903,0.13431219390890356,1071923.8481190742,8945.412060033395,1080869.2601791075,1478,2,782.5316455696203,78,80,41,35.63656817795894,0.6215277777777778,41.16561181434601,8282.700421940966,106.1884669479611,8
1480,32,2,2,156,0.012658227848101266,0.012658227848101266,0.9873417721518988,158,4600,3400,1200,0.7391304347826086,58,34,24,208.43036692265088,0.41331482302668704,0.7120875144186172,0.1320583343634465,1074165.9045877228,8577.758725804328,1082743.6633135271,1479,0,779.5443037974684,80,78,34,35.4945279928529,0.6234375,40.895061728395085,8291.358024691417,103.64197530864271,0
1481,32,1,0,157,0.006369426751592357,0.0,1.0,157,5100,3800,1300,0.7450980392156863,64,38,26,206.93542547433543,0.4137065164135228,0.7111084952133313,0.131729481842871,1075541.8402777885,8013.541666667192,1083555.3819444557,1480,0,777.7834394904459,79,78,37,35.36393464577478,0.6255274261603376,40.7291666666667,8296.66666666675,105.02109704641455,0
1482,32,0,1,156,0.0,0.006369426751592357,0.9936305732484076,157,3300,2600,700,0.7878787878787878,40,26,14,209.40673475756793,0.41359253361641896,0.7156378236315661,0.13364859819404137,1076298.1797960168,10376.817491319958,1086674.9972873367,1481,1,778.7834394904459,79,78,41,35.20680631557812,0.6264504219409283,40.638020833333364,8299.58333333341,105.05801687763811,0
1483,32,0,0,156,0.0,0.0,1.0,156,5250,3800,1450,0.7238095238095238,67,38,29,208.08233206179924,0.4140164047422112,0.7128405958497022,0.1330748599583644,1076893.394305576,8366.497773809915,1085259.892079386,1482,2,782.025641025641,70,86,43,35.16795792569133,0.6313988095238094,40.56631455399059,8301.877934272246,118.59825620388924,0
1484,32,0,0,156,0.0,0.0,1.0,156,3950,2700,1250,0.6835443037974683,52,27,25,207.80755663480986,0.413802729528536,0.7133446505938712,0.13355654714380408,1078328.4036351107,9666.958161865234,1087995.3617969758,1483,3,783.025641025641,71,85,43,34.99869965819586,0.6326291079812207,40.3935185185185,8307.407407407361,117.00573813249805,0
1485,32,0,1,155,0.0,0.00641025641025641,0.9935897435897436,156,4400,2700,1700,0.6136363636363636,61,27,34,203.1767879692113,0.41356062172594427,0.7062411992228586,0.13106619909666073,1079405.558641968,8262.03086419709,1087667.5895061651,1484,4,784.025641025641,74,82,40,34.986654011371925,0.6324605855855856,40.263888888888864,8311.555555555498,112.31831831831755,0
1486,32,2,0,157,0.012738853503184714,0.0,1.0,157,3750,2600,1150,0.6933333333333334,49,26,23,197.42045253822687,0.4145911590179106,0.6989896940613665,0.1281356821826128,1081177.8189832987,7539.322859594837,1088717.1418428936,1485,0,779.8853503184713,77,80,43,34.918817963866765,0.6332521645021645,40.050747863247835,8318.376068375997,108.0308580308571,0
1487,32,0,0,157,0.0,0.0,1.0,157,3750,2600,1150,0.6933333333333334,49,26,23,197.7742656830529,0.4142356007403778,0.6986408444335361,0.12863154746931948,1081775.5345475157,7639.472395804963,1089415.0069433206,1486,1,780.8853503184713,78,79,36,34.836354800540846,0.6335470085470085,39.97890295358646,8320.675105485148,106.6753218651942,0
1488,32,0,1,156,0.0,0.006369426751592357,0.9936305732484076,157,4350,3000,1350,0.6896551724137931,57,30,27,202.13122772855266,0.4137269312428548,0.7050849251586797,0.13193008163308478,1082791.9949001651,8023.215060763459,1090815.2099609287,1487,2,781.8853503184713,79,78,38,34.59846380366051,0.6343618143459915,39.85677083333331,8324.583333333267,105.37447257383882,0
1489,32,0,0,156,0.0,0.0,1.0,156,4000,2700,1300,0.675,53,27,26,206.0738235800179,0.4123888544251448,0.7114058074939542,0.1350254739792439,1083905.2920921657,9472.901588009354,1093378.193680175,1488,3,787.8846153846154,81,75,38,34.359442871784815,0.6349022633744856,39.72306910569103,8328.861788617822,102.82545418046693,0
1490,32,1,0,157,0.006369426751592357,0.0,1.0,157,3650,2800,850,0.7671232876712328,45,28,17,204.76325995749986,0.41283208122380094,0.7109627592687864,0.1348261962602384,1085310.5843835748,9396.34666495211,1094706.931048527,1489,0,783.859872611465,71,86,40,34.221429100470324,0.6411384976525822,39.55439814814815,8334.25925925927,117.3839332290038,0
1491,32,1,0,158,0.006329113924050633,0.0,1.0,158,3900,2500,1400,0.6410256410256411,53,25,28,200.93721440960445,0.41389431992259934,0.7069051593785021,0.13268451307553963,1086125.4444901003,8148.604263046911,1094274.0487531472,1490,0,779.8924050632911,73,85,42,34.221358528283524,0.6411244292237444,39.45664414414415,8337.387387387404,114.21078612859456,0
1492,32,1,0,159,0.006289308176100629,0.0,1.0,159,3950,2300,1650,0.5822784810126582,56,23,33,198.63689685936663,0.41447403338375394,0.7053311953470724,0.13192720710087696,1087776.7587751409,7464.519967766984,1095241.2787429078,1491,0,775.9811320754717,76,83,43,34.07937290304726,0.6417214912280702,39.258658008658024,8343.722943722985,109.78582820688139,0
1493,32,1,1,159,0.00625,0.00625,0.99375,160,5300,3800,1500,0.7169811320754716,68,38,30,198.20955982079826,0.4149854232180294,0.707370458794401,0.13248110092581625,1089579.2190754693,5893.003480567597,1095472.222556037,1492,0,772.125,78,82,43,33.87029878901182,0.6430288461538461,39.04272151898734,8350.63291139241,107.05939629990269,0
1494,32,1,1,159,0.00625,0.00625,0.99375,160,4600,3100,1500,0.6739130434782609,61,31,30,200.14127088373638,0.41449488993710687,0.7087081383895599,0.1344316409293504,1090971.6533091147,7069.690638283411,1098041.3439473982,1493,0,772.63125,80,80,37,33.64986046129854,0.6438802083333333,38.87602880658436,8355.96707818929,104.44958847736612,0
1495,32,0,1,158,0.0,0.006289308176100629,0.9937106918238994,159,3900,2600,1300,0.6666666666666666,52,26,26,198.99276299270477,0.41395655866040393,0.7055740565196555,0.13392766611761048,1091536.538374148,7741.5743357128285,1099278.112709861,1494,2,778.4905660377359,81,78,37,33.610911839566796,0.6441615226337449,38.80843495934959,8358.130081300806,103.18679112717044,0
1496,32,0,1,157,0.0,0.006329113924050633,0.9936708860759493,158,4750,3400,1350,0.7157894736842105,61,34,27,210.79829845676332,0.41321320110725895,0.7233403907082896,0.13047207459548518,1067271.30190311,8645.794886581847,1075917.0967896918,1495,4,784.4050632911392,84,74,40,36.28361012257803,0.6134672619047619,41.72794117647057,8264.705882352908,98.38935574229652,7
1497,32,1,0,158,0.006329113924050633,0.0,1.0,158,4650,3800,850,0.8172043010752689,55,38,17,206.60512815805356,0.4127747991077428,0.715850308945847,0.1284101174091725,1068505.6012916293,7901.747338490957,1076407.3486301203,1496,0,785.0886075949367,70,88,40,36.23952064645547,0.6211309523809524,41.57863849765258,8269.483568075106,118.13547954393009,0
1498,32,1,0,159,0.006289308176100629,0.0,1.0,159,3900,2800,1100,0.717948717948718,50,28,22,204.27467816552752,0.4137376270466789,0.7127860077841874,0.12748849089532824,1069730.5216049433,8003.77160493856,1077734.293209882,1497,0,781.1446540880503,74,85,43,36.14863655082273,0.6206362612612613,41.43055555555557,8274.22222222226,111.81381381381433,0
1499,32,1,0,160,0.00625,0.0,1.0,160,4350,3400,950,0.7816091954022989,53,34,19,204.1719202443184,0.4146586740041929,0.714064238042269,0.12810108615129606,1071293.0931873305,7395.593596106724,1078688.6867834372,1498,0,777.25625,75,85,44,35.95865997492806,0.6220833333333333,41.24177631578949,8280.263157894766,110.4035087719302,0
1500,32,0,0,160,0.0,0.0,1.0,160,3750,2300,1450,0.6133333333333333,52,23,29,205.59974887351828,0.41469880110062896,0.715550526152894,0.12949177165893508,1072419.5636094664,8347.83859303081,1080767.4022024972,1499,1,778.25625,77,83,43,35.782910347673564,0.622564935064935,41.105769230769226,8284.615384615376,107.59240759240748,0
1501,32,0,1,159,0.0,0.00625,0.99375,160,3700,2700,1000,0.7297297297297297,47,27,20,204.31153978541334,0.41491090146750526,0.7139527502639644,0.12896071770206596,1073058.5964626765,8147.650824652899,1081206.2472873295,1500,2,779.25625,79,81,37,35.737562220322786,0.6224947257383966,41.02864583333334,8287.083333333358,104.89978902953617,0
1502,32,1,0,160,0.00625,0.0,1.0,160,3800,2700,1100,0.7105263157894737,49,27,22,205.0569540897639,0.4153482049266248,0.7149722984898998,0.12988638619921827,1074087.8858483713,8249.838059356221,1082337.7239077275,1501,0,780.19375,81,79,40,35.59153755638362,0.6229423868312758,40.90447154471545,8291.05691056911,102.35872729097667,0
1503,32,1,1,160,0.006211180124223602,0.006211180124223602,0.9937888198757764,161,3900,2600,1300,0.6666666666666666,52,26,26,203.09257611631318,0.4162461180124224,0.7147466145776169,0.12929705793488241,1075573.0779543933,7588.181440622207,1083161.2593950157,1502,0,776.3416149068323,82,79,41,35.45972699549836,0.624364837398374,40.72540160642572,8296.787148594422,101.18033108041978,0
1504,32,1,0,161,0.006211180124223602,0.0,1.0,161,4350,3500,850,0.8045977011494253,52,35,17,204.32385188673513,0.4163787525879917,0.718567493887188,0.1305074314074227,1076528.0257444456,7442.070576825305,1083970.096321271,1503,0,777.3105590062112,70,91,43,35.31037895927601,0.6309523809523809,40.610328638497634,8300.469483568033,118.57813547954333,0
1505,32,1,0,162,0.006172839506172839,0.0,1.0,162,4850,3300,1550,0.6804123711340206,64,33,31,198.30542052718155,0.41709480356823353,0.7111125364740214,0.12723023964616842,1077827.9520078716,5497.825055773943,1083325.7770636454,1504,0,773.5061728395061,72,90,44,35.306824637601494,0.6315104166666667,40.45376712328764,8305.479452054718,115.35388127853776,0
1506,32,2,0,164,0.012195121951219513,0.0,1.0,164,4850,3600,1250,0.7422680412371134,61,36,25,193.43563993940623,0.4183321175619732,0.7061144244471427,0.1246183294774535,1079024.3422254852,4094.3528297164567,1083118.6950552016,1505,0,765.060975609756,75,89,45,35.28642397213278,0.6315277777777778,40.3097587719298,8310.08771929819,110.80116959064253,0
1507,32,1,0,165,0.006060606060606061,0.0,1.0,165,4750,3400,1350,0.7157894736842105,61,34,27,191.11481871474223,0.41888088199063805,0.7049085483189181,0.12387644727218672,1080789.7621858616,3560.987893779886,1084350.7500796416,1506,0,761.4181818181818,76,89,45,35.130278818793826,0.6332236842105263,40.097402597402585,8316.883116883082,109.43267259056687,0
1508,32,0,0,165,0.0,0.0,1.0,165,4700,3200,1500,0.6808510638297872,62,32,30,194.42038534865122,0.4188839615668884,0.7105290550085501,0.12651578741602804,1081925.0244140585,4369.656032985859,1086294.6804470443,1507,1,762.4181818181818,79,86,37,34.90524802630477,0.6333069620253164,39.960937499999986,8321.249999999969,105.33227848101227,0
1509,32,0,0,165,0.0,0.0,1.0,165,4300,3200,1100,0.7441860465116279,54,32,22,192.64487898693383,0.41877617639812764,0.7072105065283867,0.1258443185916897,1083034.2199910157,4428.19924977518,1087462.419240791,1508,2,763.4181818181818,80,85,38,34.81558828860001,0.6342447916666667,39.827674897119316,8325.514403292114,104.06893004115143,0
1510,32,0,2,163,0.0,0.012121212121212121,0.9878787878787879,165,4250,2500,1750,0.5882352941176471,60,25,35,193.0889040713897,0.4184143261887164,0.708334812395728,0.12647076299918789,1083799.4910436808,4603.931191750451,1088403.4222354311,1509,3,764.4181818181818,81,84,40,34.71035890928021,0.6347736625514404,39.73577235772355,8328.455284552767,102.82043561176255,0
1511,32,0,0,163,0.0,0.0,1.0,163,4350,2700,1650,0.6206896551724138,60,27,33,194.66212361699712,0.41697278396324067,0.7091487938301357,0.12765237853309463,1084139.584219096,5258.182752267219,1089397.7669713632,1510,4,774.7484662576687,83,80,44,34.62778690867513,0.6344126506024097,39.69494047619045,8329.761904761841,100.35857716580531,0
1512,32,1,1,163,0.006097560975609756,0.006097560975609756,0.9939024390243902,164,4900,3700,1200,0.7551020408163265,61,37,24,195.31987598943442,0.41779748989974563,0.7115048077509147,0.1288796264910863,1085913.5514456872,4720.100040723564,1090633.6514864108,1511,0,771.0182926829268,71,93,43,34.39362701541991,0.6418720657276995,39.48206018518518,8336.574074074071,117.41653625456438,0
1513,32,1,0,164,0.006097560975609756,0.0,1.0,164,4700,3600,1100,0.7659574468085106,58,36,22,190.37838159713291,0.41723324729412936,0.7034204820370962,0.12619130170596604,1087210.910948479,3896.2907362231786,1091107.2016847022,1512,0,771.969512195122,72,92,47,34.36382380848113,0.6429398148148149,39.32648401826484,8341.552511415526,115.8548959918823,0
1514,32,0,0,164,0.0,0.0,1.0,164,4400,3600,800,0.8181818181818182,52,36,16,189.63170996132965,0.41713660905780836,0.7022099031300244,0.126183708350597,1088312.6049382715,4075.7160493826605,1092388.3209876542,1513,1,772.969512195122,74,90,48,34.24874409770297,0.6432995495495495,39.19444444444444,8345.777777777777,112.78078078078077,0
1515,32,0,0,164,0.0,0.0,1.0,164,3850,2500,1350,0.6493506493506493,52,25,27,190.82540910768358,0.4169861963190184,0.7055366567772676,0.127341218830829,1089124.1512345679,4916.512345679044,1094040.663580247,1514,2,773.969512195122,74,90,44,34.11853429154467,0.6442849099099099,39.09722222222222,8348.888888888889,112.82282282282281,0
1516,32,1,0,165,0.006060606060606061,0.0,1.0,165,4100,2800,1300,0.6829268292682927,54,28,26,189.01525899215437,0.4175089307711259,0.7062972086546,0.1268933396106984,1090826.5194852073,4136.571419201441,1094963.0909044086,1515,0,770.2727272727273,76,89,41,33.9580850733123,0.645422149122807,38.89339826839828,8355.411255411278,109.93962178172734,0
1517,32,0,1,164,0.0,0.006060606060606061,0.9939393939393939,165,4750,3300,1450,0.6947368421052632,62,33,29,186.88006945530222,0.4172117516629712,0.7035766783987456,0.1258851090098267,1091782.5029153118,3056.4779949795297,1094838.9809102914,1516,1,771.2727272727273,78,87,41,33.89730873420489,0.6456997863247863,38.77900843881857,8359.071729957826,107.1675862815106,0
1518,32,0,0,164,0.0,0.0,1.0,164,4200,2700,1500,0.6428571428571429,57,27,30,186.5328970970976,0.4172083083944336,0.7015299398707446,0.12597474701455308,1092507.683847842,3757.724673795591,1096265.4085216376,1517,2,774.0243902439024,82,82,42,33.818020267998655,0.644944105691057,38.69226907630522,8361.847389558241,101.97374865314929,0
1519,32,0,0,164,0.0,0.0,1.0,164,4300,3000,1300,0.6976744186046512,56,30,26,188.00716974529732,0.41623880866876156,0.7039906771755806,0.1278658038687033,1094483.8025948165,4054.160411584451,1098537.963006401,1518,3,775.0243902439024,72,92,43,33.538836452252355,0.6517650462962963,38.4560502283105,8369.406392694063,116.24175545408421,0
1520,32,0,0,164,0.0,0.0,1.0,164,5050,3800,1250,0.7524752475247525,63,38,25,188.90914345851553,0.4159138236321014,0.7061744364216442,0.1291249557051737,1095888.320753187,3554.6647999352062,1099442.9855531221,1519,4,776.0243902439024,73,91,47,33.34431475903614,0.6529680365296804,38.28828828828829,8374.774774774785,114.72294212020253,0
1521,32,0,1,163,0.0,0.006097560975609756,0.9939024390243902,164,5150,4100,1050,0.7961165048543689,62,41,21,187.87549980167867,0.41556156167389896,0.7053449805631267,0.12897453912005283,1097095.4554526387,3273.4714046629433,1100368.9268573017,1520,5,777.0243902439024,75,89,43,33.2245594521504,0.6534722222222222,38.144188596491226,8379.385964912277,111.72514619883036,0
1522,32,0,0,163,0.0,0.0,1.0,163,4250,3200,1050,0.7529411764705882,53,32,21,190.3708918816067,0.4144055012749628,0.7072118074963554,0.13090310805921612,1097554.8997047145,4938.501029162682,1102493.4007338772,1521,6,782.680981595092,75,88,46,33.10334789889581,0.6540277777777778,38.08936403508771,8381.140350877176,111.74853801169569,0
1523,32,0,0,163,0.0,0.0,1.0,163,4000,3100,900,0.775,49,31,18,192.35489536150214,0.4141751243404277,0.7101970641096127,0.13281449058925782,1098703.931137462,5668.21594144333,1104372.1470789053,1522,7,783.680981595092,75,88,48,32.91168689087647,0.6554166666666666,37.95230263157894,8385.526315789448,111.8070175438593,0
1524,32,0,0,163,0.0,0.0,1.0,163,4200,3000,1200,0.7142857142857143,54,30,24,191.74136721689632,0.41393685778484685,0.7091507492219435,0.13283003008901012,1099623.5891091467,5368.666079947602,1104992.2551890942,1523,8,784.680981595092,75,88,41,32.81601270455378,0.6565277777777778,37.842653508771924,8389.035087719281,111.85380116959041,0
1525,32,0,1,162,0.0,0.006134969325153374,0.9938650306748467,163,4800,3400,1400,0.7083333333333334,62,34,28,190.33623784968867,0.41365914312403745,0.7069757063422049,0.13235008166757417,1100658.66420437,4499.0458602646895,1105157.7100646347,1524,9,785.680981595092,75,88,42,32.72714604236344,0.6577777777777778,37.719298245614034,8392.982456140346,111.90643274853794,0
1526,32,0,0,162,0.0,0.0,1.0,162,4000,3000,1000,0.75,50,30,20,193.14260984899204,0.4124707652787363,0.7106365319055208,0.1347551820370885,1101591.0964936982,6152.835872641284,1107743.9323663395,1525,10,791.320987654321,76,86,43,32.54032188767442,0.6584429824561404,37.60822510822512,8396.53679653683,110.48074732285302,0
1527,32,0,0,162,0.0,0.0,1.0,162,4250,3100,1150,0.7294117647058823,54,31,23,195.0902335632038,0.41226069064233317,0.7135546023146313,0.13639443680575597,1102159.117262611,6354.0959221155845,1108513.2131847264,1526,11,792.320987654321,76,86,43,32.420257546861855,0.6591282894736843,37.540584415584426,8398.701298701324,110.50922761449111,0
1528,32,0,0,162,0.0,0.0,1.0,162,3750,2600,1150,0.6933333333333334,49,26,23,197.33816048188277,0.41224471538481205,0.7170604869301342,0.13863238118625187,1103486.1359077774,7401.984835460285,1110888.1207432377,1527,12,793.320987654321,70,92,44,32.20018621973928,0.6636904761904762,37.38262910798122,8403.755868544591,120.05365526492272,0
1529,32,0,0,162,0.0,0.0,1.0,162,4500,2900,1600,0.6444444444444445,61,29,32,195.06402685407318,0.4121225046647752,0.7135286109937553,0.13738059427633828,1104178.7207314263,6177.109526490172,1110355.8302579164,1528,13,794.320987654321,72,90,42,32.175900778562365,0.6634837962962963,37.30022831050228,8406.392694063918,116.75545408422107,0
1530,32,1,0,163,0.006134969325153374,0.0,1.0,163,4450,3400,1050,0.7640449438202247,55,34,21,193.19694424698523,0.41255775202605466,0.7139713881037508,0.13670202879590557,1105458.0625811603,5664.223936774465,1111122.2865179349,1529,0,790.4417177914111,73,90,44,32.069866920152045,0.6645262557077626,37.14808558558558,8411.261261261247,115.22275700357872,0
1531,32,0,0,163,0.0,0.0,1.0,163,4700,3500,1200,0.7446808510638298,59,35,24,193.00702357165028,0.4123226413188921,0.7138886359342433,0.13689831259778576,1106119.6327160466,5397.771604938116,1111517.4043209848,1530,1,791.4417177914111,74,89,44,31.9947000510626,0.6648367117117118,37.069444444444436,8413.777777777757,113.69969969969942,0
1532,32,0,1,162,0.0,0.006134969325153374,0.9938650306748467,163,3750,2300,1450,0.6133333333333333,52,23,29,191.96987242705484,0.4121143553232851,0.7127177586903426,0.13651271025727116,1106820.8919753074,6145.253086419713,1112966.1450617271,1531,2,792.4417177914111,74,89,46,31.937036841456784,0.6656813063063063,36.98611111111111,8416.444444444434,113.7357357357356,0
1533,32,0,0,162,0.0,0.0,1.0,162,4950,3700,1250,0.7474747474747475,62,37,25,193.18663194444545,0.411231884057971,0.7122788065843637,0.13799045138888874,1108033.2409972234,5461.44198214798,1113494.6829793714,1532,3,797.8765432098766,75,87,39,31.758246527777768,0.6666666666666667,36.842105263157876,8421.052631578897,112.2807017543853,0
1534,32,0,0,162,0.0,0.0,1.0,162,4300,3000,1300,0.6976744186046512,56,30,26,193.74418488613426,0.4110106267413031,0.7139062900685063,0.13891870278005752,1109072.2656249956,6275.260416666442,1115347.526041662,1533,4,798.8765432098766,75,87,41,31.61782888229476,0.6679166666666667,36.718749999999986,8424.999999999967,112.3333333333329,0
1535,32,0,1,161,0.0,0.006172839506172839,0.9938271604938271,162,3500,2300,1200,0.6571428571428571,47,23,24,192.06474703587048,0.41079975334202384,0.7119069557048816,0.13800793005038156,1109649.71193059,6724.918244074906,1116374.6301746648,1534,5,799.8765432098766,75,87,42,31.592198397002182,0.668611111111111,36.6502192982456,8427.192982456108,112.36257309941477,0
1536,32,0,0,161,0.0,0.0,1.0,161,4100,3100,1000,0.7560975609756098,51,31,20,202.32962513324097,0.41055577122153214,0.7191454849850005,0.13981944491659246,1098938.0667962187,8169.545419905428,1107107.612216124,1535,6,802.472049689441,80,81,44,32.62181657588693,0.653515625,37.92438271604938,8386.41975308641,104.83024691358011,8
1537,32,0,1,160,0.0,0.006211180124223602,0.9937888198757764,161,3950,2900,1050,0.7341772151898734,50,29,21,200.27995155467303,0.4107045807453416,0.717086488253537,0.13883398069857608,1099801.0365332193,7903.619663330534,1107704.6561965498,1536,7,803.472049689441,80,81,39,32.57059237095535,0.6545572916666667,37.82150205761317,8389.711934156388,104.87139917695485,0
1538,32,0,0,160,0.0,0.0,1.0,160,4150,2900,1250,0.6987951807228916,54,29,25,202.09857998679152,0.41070001310272536,0.7178436167083393,0.14064158089357182,1100880.2250038115,8347.26604176193,1109227.4910455735,1537,8,806.44375,80,80,40,32.39171201647303,0.655859375,37.692901234567906,8393.827160493836,104.92283950617295,0
1539,32,0,0,160,0.0,0.0,1.0,160,4750,3400,1350,0.7157894736842105,61,34,27,203.49819416343033,0.4100759958071279,0.7207118047151062,0.14206360922048003,1101753.1752966223,8090.95631733788,1109844.1316139603,1538,9,807.44375,81,79,41,32.24890472963161,0.6565072016460906,37.58892276422766,8397.154471544767,103.66857372277491,0
1540,32,0,0,160,0.0,0.0,1.0,160,3600,2000,1600,0.5555555555555556,52,20,32,203.50575432211397,0.4098966522536687,0.721153294443913,0.14234512862517412,1102289.1667069923,9264.437670360327,1111553.6043773526,1539,10,808.44375,82,78,42,32.183585158267206,0.6567581300813008,37.52510040160644,8399.196787148623,102.42922911156857,0
1541,32,0,0,160,0.0,0.0,1.0,160,4100,3000,1100,0.7317073170731707,52,30,22,202.73101683436235,0.4099179441823899,0.7202299848281501,0.14197799082511053,1102628.6802251495,8607.406706554968,1111236.0869317045,1540,11,809.44375,67,93,42,32.162681624555056,0.6643345771144278,37.484681372549005,8400.4901960784,125.3804506877373,0
1542,32,0,0,160,0.0,0.0,1.0,160,3850,2700,1150,0.7012987012987013,50,27,23,206.7610273619183,0.4093340539832285,0.7238440350082138,0.14559044339927954,1104125.5987811778,9808.028628117794,1113933.6274092956,1541,12,810.44375,69,91,42,31.875070809494133,0.665006038647343,37.30654761904761,8406.190476190464,121.82884748102123,0
1543,32,0,1,159,0.0,0.00625,0.99375,160,4100,2600,1500,0.6341463414634146,56,26,30,204.50447406029508,0.4089704533542977,0.7194073662507359,0.14470299523031002,1105458.0625811599,9114.223936774462,1114572.2865179344,1542,13,811.44375,73,87,43,31.772646334279408,0.6645262557077626,37.14808558558558,8411.261261261243,115.22275700357866,0
1544,32,0,0,159,0.0,0.0,1.0,159,3800,2600,1200,0.6842105263157895,50,26,24,206.77765040570512,0.40856619695884083,0.7209840925421964,0.14662843410317994,1106050.150657414,10141.290276763279,1116191.4409341773,1543,14,814.6729559748428,73,86,41,31.641057215262148,0.6652397260273972,37.0777027027027,8413.513513513511,115.2536097741577,0
1545,32,0,0,159,0.0,0.0,1.0,159,3650,2400,1250,0.6575342465753424,49,24,25,208.09724536810128,0.4081996523631346,0.7215891400460801,0.14801282945195926,1106879.3402777768,10617.708333333294,1117497.04861111,1544,15,815.6729559748428,75,84,42,31.505775577557745,0.6652777777777779,36.979166666666664,8416.66666666666,112.22222222222214,0
1546,32,0,0,159,0.0,0.0,1.0,159,3200,2100,1100,0.65625,43,21,22,210.21887622939863,0.40780491202929703,0.7249957154845827,0.14971172139038397,1107225.44737323,11551.937855878745,1118777.3852291089,1545,16,816.6729559748428,75,84,44,31.407989457962074,0.6656944444444444,36.938048245614034,8417.98245614035,112.23976608187132,0
1547,32,0,0,159,0.0,0.0,1.0,159,4150,2900,1250,0.6987951807228916,54,29,25,205.52758339083653,0.4072575829949845,0.7186388329181197,0.14717190368775698,1108711.2553187713,9624.148996777652,1118335.404315549,1546,17,817.6729559748428,78,81,40,31.351328224136765,0.6661324786324787,36.76160337552743,8423.628691983133,107.99523964080939,0
1548,32,0,0,159,0.0,0.0,1.0,159,3800,2700,1100,0.7105263157894737,49,27,22,203.7302619040537,0.407121580022822,0.7163149748231743,0.14625619760332592,1109401.3916015665,9603.727213541963,1119005.1188151084,1547,18,818.6729559748428,79,80,40,31.315055876971797,0.6665348101265822,36.679687500000014,8426.250000000031,106.66139240506368,0
1549,32,0,0,159,0.0,0.0,1.0,159,4100,2600,1500,0.6341463414634146,56,26,30,207.15850143697122,0.4064913223469469,0.7197556065507558,0.1492778614371259,1110420.8021846465,10106.621869002345,1120527.4240536487,1548,19,819.6729559748428,82,77,40,31.101325171105106,0.6665396341463414,36.55873493975905,8430.120481927745,102.80634734058225,0
1550,32,0,0,159,0.0,0.0,1.0,159,4400,2900,1500,0.6590909090909091,59,29,30,208.81532141844866,0.4061148263142531,0.7230875599110669,0.15101380798865432,1111392.8606859408,10215.171485260777,1121608.0321712017,1549,20,820.6729559748428,69,90,41,30.93998786065157,0.673762077294686,36.44345238095238,8433.809523809523,122.22912353347135,0
1551,32,0,1,158,0.0,0.006289308176100629,0.9937106918238994,159,3750,2800,950,0.7466666666666667,47,28,19,205.4148255030279,0.40585940609824056,0.7176886923676906,0.14916851146528995,1112504.9903293015,10155.003691948325,1122659.9940212497,1550,21,821.6729559748428,70,89,40,30.895069456035905,0.6745535714285714,36.31161971830986,8438.028169014098,120.54325955734426,0
1552,32,0,0,158,0.0,0.0,1.0,158,3600,2500,1100,0.6944444444444444,47,25,22,205.80430708781876,0.405610873713349,0.7163269896409963,0.14998544106471973,1113464.626736111,10631.163194444405,1124095.7899305555,1551,22,824.493670886076,71,87,42,30.76875616979267,0.6751760563380282,36.197916666666664,8441.666666666666,118.89671361502347,0
1553,32,0,0,158,0.0,0.0,1.0,158,4550,3100,1450,0.6813186813186813,60,31,29,205.4209467154967,0.4053958719664597,0.7159645876220919,0.15029532557159112,1114518.87992327,9639.104689226653,1124157.9846124968,1552,23,825.493670886076,72,86,44,30.651447159746233,0.6759259259259259,36.07305936073059,8445.662100456615,117.30086250634187,0
1554,32,0,0,158,0.0,0.0,1.0,158,4400,3000,1400,0.6818181818181818,58,30,28,205.73835697886202,0.4048197344728426,0.7174846515492248,0.15127258776473662,1115840.1111111126,9914.222222222268,1125754.333333335,1553,24,826.493670886076,74,84,44,30.48345955611654,0.6765202702702703,35.91666666666667,8450.666666666679,114.19819819819836,0
1555,32,0,2,156,0.0,0.012658227848101266,0.9873417721518988,158,4350,3400,950,0.7816091954022989,53,34,19,204.93131974407538,0.4046694012201349,0.7167390932332147,0.15112910921307818,1116635.932609961,9816.735068683254,1126452.6676786442,1554,25,827.493670886076,76,82,40,30.408686672128894,0.6765350877192983,35.82251082251083,8453.679653679672,111.23262702210094,0
1556,32,0,0,156,0.0,0.0,1.0,156,3800,2400,1400,0.631578947368421,52,24,28,207.05162700191042,0.40389784946236557,0.7173371101379307,0.15284218472865116,1116896.6944444438,11251.055555555511,1128147.7499999993,1555,26,837.8269230769231,74,82,40,30.321190138253684,0.6777871621621622,35.791666666666664,8454.666666666662,114.25225225225219,0
1557,32,0,0,156,0.0,0.0,1.0,156,4200,3100,1100,0.7380952380952381,53,31,22,206.98982822160082,0.4032990419079128,0.7174008047434193,0.15330429354790115,1117779.8509210835,10873.811866344258,1128653.6627874277,1556,27,838.8269230769231,76,80,42,30.216223939673128,0.6779057017543859,35.68722943722943,8458.00865800865,111.28958760537698,0
1558,32,0,0,156,0.0,0.0,1.0,156,4750,3600,1150,0.7578947368421053,59,36,23,212.18853505627578,0.4031008753791012,0.7246952459129585,0.157717897776818,1118730.1825740158,11526.34371272404,1130256.5262867399,1557,28,839.8269230769231,78,78,42,29.964096938266678,0.6781517094017093,35.57489451476793,8461.603375527413,108.48209455804376,0
1559,32,0,0,156,0.0,0.0,1.0,156,4800,3600,1200,0.75,60,36,24,211.15276068302842,0.40311035290874003,0.722416947507333,0.1422407278985106,1091792.790123462,10107.012345679268,1101899.8024691413,1558,29,840.8269230769231,74,82,43,33.261998440379955,0.6475225225225225,38.77777777777779,8359.111111111151,112.9609609609615,8
1560,32,0,0,156,0.0,0.0,1.0,156,3850,2700,1150,0.7012987012987013,50,27,23,211.91345317653168,0.4024486490212296,0.7233613009007667,0.14304728362433136,1092373.3611111185,11247.72222222259,1103621.083333341,1559,30,841.8269230769231,74,82,43,33.17121139637484,0.6482263513513513,38.70833333333336,8361.33333333339,112.99099099099176,0
1561,32,0,0,156,0.0,0.0,1.0,156,4700,3400,1300,0.723404255319149,60,34,26,246.01771308706805,0.40242452440033083,0.7595935691497908,0.1571518365510953,1076552.794535411,17070.211305818648,1093623.0058412298,1560,31,842.8269230769231,58,98,38,34.22582584626553,0.6386494252873562,40.607344632768346,8300.564971751384,143.11318916812732,7
1562,32,0,0,156,0.0,0.0,1.0,156,5550,4600,950,0.8288288288288288,65,46,19,244.3462370331487,0.40179125310173697,0.7573314908644251,0.1568171393682077,1077916.3692225835,15926.961731194358,1093843.3309537778,1561,32,843.8269230769231,62,94,38,34.100947042086005,0.6374327956989247,40.44312169312168,8305.820105820085,133.96484041645297,0
1563,32,1,0,157,0.006369426751592357,0.0,1.0,157,3850,2800,1050,0.7272727272727273,49,28,21,237.67479767794376,0.4037134574554957,0.7514731428182164,0.1532592660888807,1079290.123456788,16054.012345678933,1095344.135802467,1562,0,839.4458598726114,65,92,40,34.10483511586451,0.6371794871794871,40.27777777777777,8311.111111111095,127.86324786324761,0
1564,32,0,0,157,0.0,0.0,1.0,157,4150,3300,850,0.7951807228915663,50,33,17,238.7175175991106,0.403676030268387,0.7515768133770171,0.15439936848546754,1080168.5898445698,16021.032871245505,1096189.6227158152,1563,1,840.4458598726114,68,89,43,33.96955435477308,0.6364889705882353,40.17210144927536,8314.492753623184,122.27195225916448,0
1565,32,0,0,157,0.0,0.0,1.0,157,3700,2500,1200,0.6756756756756757,49,25,24,238.04897972047192,0.40383424519571015,0.7509508636294528,0.15436871125602103,1080921.8454631364,16362.468494013803,1097284.3139571503,1564,2,841.4458598726114,68,89,42,33.89418888308067,0.6374080882352942,40.08152173913043,8317.391304347815,122.31457800511492,0
1566,32,1,0,158,0.006329113924050633,0.0,1.0,158,5800,4600,1200,0.7931034482758621,70,46,24,240.59669853445808,0.4049902241393211,0.7547098971724198,0.15721230109838183,1083114.144570082,14718.737463907099,1097832.882033989,1565,0,837.1139240506329,70,88,34,33.5581839028608,0.6389880952380953,39.818075117370896,8325.821596244139,118.94030851777342,0
1567,32,0,0,158,0.0,0.0,1.0,158,4450,3100,1350,0.6966292134831461,58,31,27,240.76480633541482,0.4046526042086592,0.7561404034480146,0.1578584328899826,1084091.574092442,16152.219577244377,1100243.7936696864,1566,1,838.1139240506329,70,88,38,33.43361327170931,0.6401785714285715,39.70070422535211,8329.577464788732,118.99396378269617,0
1568,32,0,1,157,0.0,0.006329113924050633,0.9936708860759493,158,5100,3900,1200,0.7647058823529411,63,39,24,242.66315113554822,0.4043217030825876,0.7588790768073883,0.16010890323667068,1085896.321491559,16001.404635928406,1101897.7261274874,1567,2,839.1139240506329,62,96,38,33.16236671744095,0.6471774193548387,39.48412698412698,8336.507936507933,134.4598054275473,0
1569,32,0,0,157,0.0,0.0,1.0,157,3350,2100,1250,0.6268656716417911,46,21,25,245.37669854723256,0.40284582720888457,0.7598664283402103,0.1622904803106559,1086585.6262772596,18574.558732958158,1105160.1850102176,1568,3,845.4267515923567,62,95,38,33.006973965272934,0.6480174731182795,39.401455026455025,8339.153439153437,134.50247482505543,0
1570,32,1,0,158,0.006329113924050633,0.0,1.0,158,4100,3000,1100,0.7317073170731707,52,30,22,240.5017178467523,0.4039446101749577,0.7560350621709424,0.15986290656872396,1088009.4674556237,16633.62919132162,1104643.0966469452,1569,0,841.0696202531645,64,94,38,32.95922443461162,0.6484375,39.23076923076924,8344.615384615403,130.38461538461567,0
1571,32,1,0,159,0.006289308176100629,0.0,1.0,159,3650,2300,1350,0.6301369863013698,50,23,27,237.8704168980634,0.4045574264257092,0.7534440512455487,0.15857082737912626,1088829.9523836046,16350.08694091735,1105180.039324522,1570,0,836.7735849056604,66,93,43,32.92719570097543,0.6482007575757576,39.132462686567166,8347.761194029854,126.48123021257355,0
1572,32,0,1,158,0.0,0.006289308176100629,0.9937106918238994,159,5250,4200,1050,0.8,63,42,21,235.53565294217913,0.40502846110978424,0.7516736603242,0.15755088021892075,1089797.8279087387,14287.248594290748,1104085.0765030296,1571,1,837.7735849056604,67,92,41,32.86945324881142,0.6487873134328358,39.016544117647065,8351.470588235308,124.64881474978073,0
1573,32,0,0,158,0.0,0.0,1.0,158,4600,3300,1300,0.717391304347826,59,33,26,239.99182189983998,0.4041932059447983,0.7544641696774357,0.16111306042862478,1090821.5327338076,16157.649401672625,1106979.1821354802,1572,2,843.4746835443038,67,91,36,32.627664515498196,0.6500310945273632,38.89399509803923,8355.39215686277,124.70734562481746,0
1574,32,0,0,158,0.0,0.0,1.0,158,3800,2400,1400,0.631578947368421,52,24,28,237.89493833439306,0.4045509822892311,0.7532871443343727,0.16024588440222315,1091776.2046485257,16545.60657596372,1108321.8112244895,1573,3,844.4746835443038,69,89,39,32.565464661425715,0.65006038647343,38.779761904761905,8359.047619047617,121.14561766735676,0
1575,32,0,1,157,0.0,0.006329113924050633,0.9936708860759493,158,4250,2800,1450,0.6588235294117647,57,28,29,235.0427209592858,0.40416969012873233,0.7500583465737416,0.15869557320544553,1092436.2655660596,15503.838466649642,1107940.1040327093,1574,4,845.4746835443038,71,87,41,32.5591629293321,0.6497946009389671,38.70081018518519,8361.574074074088,117.76864893062096,0
1576,32,0,1,156,0.0,0.006369426751592357,0.9936305732484076,157,5350,4300,1050,0.8037383177570093,64,43,21,236.9567205307321,0.4035501388208395,0.7517258788995262,0.1604055139202494,1093170.5057233998,15056.819603427706,1108227.3253268276,1575,6,851.8343949044586,72,85,41,32.41927339229172,0.6501736111111112,38.613013698630134,8364.383561643832,116.17199391171988,0
1577,32,0,0,156,0.0,0.0,1.0,156,4200,3000,1200,0.7142857142857143,54,30,24,240.87801659989833,0.4018920595533499,0.7544602188998739,0.16348954743695204,1093910.2391830136,17299.785750544885,1111210.0249335584,1576,11,858.2564102564103,60,96,42,32.22622235283874,0.6583333333333333,38.52459016393442,8367.213114754084,139.45355191256806,0
1578,32,0,1,155,0.0,0.00641025641025641,0.9935897435897436,156,4150,3300,850,0.7951807228915663,50,33,17,241.6680189865712,0.4018007306313758,0.7528070390331538,0.16496469122126844,1095511.111111113,17600.00000000017,1113111.1111111133,1577,12,859.2564102564103,64,92,42,32.009686836518064,0.6575520833333333,38.33333333333334,8373.33333333335,130.8333333333336,0
1579,32,1,0,156,0.00641025641025641,0.0,1.0,156,4750,3300,1450,0.6947368421052632,62,33,29,235.7672813851739,0.40154052936311,0.7468258897784517,0.16188456259154008,1097152.0236194627,15784.509975000485,1112936.5335944633,1578,0,859.5833333333334,66,90,40,31.963575372558324,0.6583017676767677,38.137437810945265,8379.601990049734,126.96366651590506,0
1580,32,0,0,156,0.0,0.0,1.0,156,4800,3200,1600,0.6666666666666666,64,32,32,236.76781059873377,0.4014431692859112,0.7497626816968261,0.16348715475795356,1098715.9391166025,16028.113474913738,1114744.0525915162,1579,1,860.5833333333334,66,90,41,31.74639078413922,0.6601957070707071,37.950870646766155,8385.572139303455,127.05412332277962,0
1581,32,0,0,156,0.0,0.0,1.0,156,4000,2800,1200,0.7,52,28,24,237.77798825332596,0.4008831334436173,0.7518770243489341,0.1650954968085151,1100251.1479591846,17123.10090702955,1117374.2488662142,1580,2,861.5833333333334,69,87,37,31.532554004464114,0.6603260869565217,37.767857142857146,8391.42857142858,121.61490683229826,0
1582,32,0,0,156,0.0,0.0,1.0,156,3500,2400,1100,0.6857142857142857,46,24,22,231.0429454212716,0.40052384891094567,0.7351958827110672,0.1593369284683641,1098371.9269761692,16054.21703532253,1114426.1440114917,1581,3,862.5833333333334,71,85,43,31.938385790539282,0.6569835680751174,37.99189814814816,8384.259259259285,118.08815858111669,8
1583,32,0,0,156,0.0,0.0,1.0,156,4350,2900,1450,0.6666666666666666,58,29,29,232.64216404801505,0.4001301006341329,0.7371891245924747,0.16118778509041076,1099663.9883126393,15615.641993344801,1115279.630305984,1582,4,863.5833333333334,73,83,36,31.73884056414663,0.6575342465753424,37.837837837837846,8389.189189189208,114.92039985190696,0
1584,32,0,0,156,0.0,0.0,1.0,156,2950,2100,850,0.711864406779661,38,21,17,231.4640005470391,0.40005169561621173,0.7361264817781887,0.16064498517847448,1100136.40329519,16778.39461082724,1116914.7979060174,1583,5,864.5833333333334,73,83,37,31.712117958628607,0.6581050228310502,37.78153153153154,8390.990990991013,114.94508206837004,0
1585,32,0,0,156,0.0,0.0,1.0,156,4200,2900,1300,0.6904761904761905,55,29,26,232.73016117456638,0.3997122277364213,0.7368778106565754,0.15930944589837356,1096294.9871933989,15628.181812877689,1111923.1690062766,1584,6,865.5833333333334,68,88,42,32.14778341695982,0.6560968137254901,38.239734299516904,8376.32850241545,123.18130150610956,8
1586,32,0,1,155,0.0,0.00641025641025641,0.9935897435897436,156,4500,3000,1500,0.6666666666666666,60,30,30,227.7655062419031,0.3992064722911497,0.7300450364784457,0.15660772391488673,1097539.3763696093,14296.322335849152,1111835.6987054583,1585,7,866.5833333333334,73,83,43,32.125837543444746,0.6549657534246576,38.0912162162162,8381.081081081053,114.80932987782263,0
1587,32,0,0,155,0.0,0.0,1.0,155,4800,3500,1300,0.7291666666666666,61,35,26,229.24102496901835,0.39924591537494764,0.7318315638591641,0.1582624880650766,1098667.719605508,14571.942828547913,1113239.662434056,1586,8,869.5354838709677,72,83,44,31.94951172584042,0.6568287037037037,37.956621004566195,8385.388127853845,116.46372399797006,0
1588,32,1,1,155,0.00641025641025641,0.00641025641025641,0.9935897435897436,156,4100,3000,1100,0.7317073170731707,52,30,22,233.79787446080013,0.3995019988971602,0.7363521352837363,0.1621265528558027,1099900.183122311,16130.864986608194,1116031.0481089193,1587,0,864.9551282051282,73,83,39,31.67973084219192,0.6578196347031964,37.80968468468468,8390.090090090085,114.93274096013815,0
1589,32,0,1,154,0.0,0.0064516129032258064,0.9935483870967742,155,4150,3200,950,0.7710843373493976,51,32,19,225.20547800587053,0.3989928082670018,0.7371326041429411,0.14323857730340567,1075294.9298469424,13282.46173469405,1088577.3915816364,1588,10,871.5354838709677,69,86,39,34.92067763044601,0.629981884057971,40.758928571428584,8295.714285714314,120.22774327122194,8
1590,32,0,0,154,0.0,0.0,1.0,154,3750,2700,1050,0.72,48,27,21,223.22096373438848,0.39849828820417055,0.732539967717833,0.14271636345617408,1076811.561584473,13523.382907443614,1090334.9444919166,1589,11,873.8571428571429,63,91,41,34.785288182027294,0.6354166666666667,40.576171875,8301.562500000002,131.77083333333337,0
1591,32,0,0,154,0.0,0.0,1.0,154,4350,3300,1050,0.7586206896551724,54,33,21,224.21654841586758,0.39821004159239454,0.7346560228463321,0.1442890922500334,1078704.0244208418,13222.65862358925,1091926.683044431,1590,12,874.8571428571429,63,91,40,34.52648665872667,0.6377314814814814,40.34830729166666,8308.854166666648,131.88657407407376,0
1592,32,1,0,155,0.0064516129032258064,0.0,1.0,155,3550,2400,1150,0.676056338028169,47,24,23,219.32740685820275,0.3995670995670995,0.7343035967159308,0.13391680509215043,1063216.1617755834,12088.48873839403,1075304.6505139775,1591,0,870.2064516129033,65,90,45,36.565223269862656,0.6174679487179487,42.219065656565654,8248.989898989894,126.90753690753682,8
1593,32,0,0,155,0.0,0.0,1.0,155,3850,2500,1350,0.6493506493506493,52,25,27,219.7019257181692,0.39949902248289343,0.7347080829142658,0.1343758289857635,1063729.3348711992,11890.67666282175,1075620.011534021,1592,1,871.2064516129033,67,88,42,36.49199936628646,0.6169154228855722,42.156862745098024,8250.98039215683,123.1489610769676,0
1594,32,1,0,156,0.00641025641025641,0.0,1.0,156,4850,3600,1250,0.7422680412371134,61,36,25,230.60711693300937,0.400517817755721,0.7413049533447842,0.14017461216360824,1061873.8552263544,12925.133660057834,1074798.9888864122,1593,0,866.6153846153846,66,90,43,36.440982699658015,0.6152146464646464,42.381840796019894,8243.781094527352,124.90577415950534,7
1595,32,1,0,157,0.006369426751592357,0.0,1.0,157,3950,2700,1250,0.6835443037974683,52,27,25,229.30974913241795,0.40138446567586694,0.7422685334205614,0.1401045647919247,1063414.2898609054,13420.25280636648,1076834.5426672718,1594,0,862.0891719745223,68,89,42,36.283329429447,0.6159620098039216,42.19504830917874,8249.758454106268,121.31997726626865,0
1596,32,1,0,158,0.006329113924050633,0.0,1.0,158,3350,1900,1450,0.5671641791044776,48,19,29,227.11479199265926,0.402888078153135,0.7415655016488825,0.13921471559382656,1064384.54671692,13397.494985562764,1077782.0417024828,1595,0,857.626582278481,70,88,38,36.21966249525979,0.6160714285714286,42.07746478873239,8253.521126760555,117.90744466800794,0
1597,32,0,0,158,0.0,0.0,1.0,158,3950,2600,1350,0.6582278481012658,53,26,27,226.85823908757638,0.4028183705555108,0.7417412089331488,0.13952563973675847,1065387.1420610375,12788.370198902277,1078175.5122599397,1596,1,858.626582278481,71,87,38,36.10207819391489,0.6167840375586855,41.9560185185185,8257.407407407367,116.30151278038545,0
1598,32,0,1,157,0.0,0.006329113924050633,0.9936708860759493,158,4250,3000,1250,0.7058823529411765,55,30,25,227.74905325220854,0.4029048751646107,0.7430729044064608,0.14037762653733568,1066032.9956223082,12707.601097719127,1078740.5967200273,1597,2,859.626582278481,73,85,39,35.999106996782466,0.6165810502283104,41.8778153153153,8259.909909909884,113.14945082068334,0
1599,32,0,0,157,0.0,0.0,1.0,157,4150,3300,850,0.7951807228915663,50,33,17,231.15588989215428,0.40275225924111274,0.7467689538662783,0.14292921385982055,1066974.2253086364,13777.475308641713,1080751.7006172782,1598,3,856.9617834394904,74,83,39,35.79460908227109,0.6172578828828829,41.76388888888887,8263.555555555511,111.66966966966906,0
1600,32,1,0,158,0.006329113924050633,0.0,1.0,158,3750,2500,1250,0.6666666666666666,50,25,25,227.61275389483376,0.40366410008331316,0.7446599695875951,0.14139349870495432,1068351.9290123454,13284.104938271554,1081636.0339506168,1599,0,852.5316455696203,59,99,38,35.71564543581474,0.6278248587570621,41.59722222222222,8268.888888888887,140.15065913370995,0
1601,32,0,0,158,0.0,0.0,1.0,158,3850,2900,950,0.7532467532467533,48,29,19,229.03449529605163,0.4036699790373297,0.7464298287236164,0.14241468241340982,1068639.0625000028,13501.041666666872,1082140.1041666698,1600,1,853.5316455696203,59,99,40,35.64338976219267,0.6281779661016949,41.562500000000014,8270.000000000022,140.1694915254241,0
1602,32,1,0,159,0.006289308176100629,0.0,1.0,159,5250,3400,1850,0.6476190476190476,71,34,37,227.83264679660078,0.4048028952047342,0.7444511838023893,0.14276721763822214,1070923.8306948282,11748.282172951414,1082672.1128677796,1601,0,849.1572327044025,62,97,39,35.392034681834666,0.628864247311828,41.28637566137566,8278.835978835968,133.52961256187047,0
1603,32,0,1,158,0.0,0.006289308176100629,0.9937106918238994,159,5150,3400,1750,0.6601941747572816,69,34,35,226.93252346003916,0.40518104981025926,0.7442176776865648,0.14308435741296738,1072741.4453882286,11737.98464442428,1084479.4300326528,1602,1,850.1572327044025,65,94,42,35.190885448413205,0.6291666666666667,41.066919191919204,8285.85858585861,127.47474747474784,0
1604,32,0,0,158,0.0,0.0,1.0,158,4150,2800,1350,0.6746987951807228,55,28,27,223.68577091732544,0.40441576634685156,0.7382853475220936,0.1416846587737452,1074084.7418690152,12301.494703101538,1086386.2365721166,1603,2,854.8607594936709,66,92,39,35.109260926092624,0.6302083333333333,40.904850746268664,8291.04477611942,125.62189054726393,0
1605,32,1,1,158,0.006289308176100629,0.006289308176100629,0.9937106918238994,159,4750,3300,1450,0.6947368421052632,62,33,29,221.75661545976098,0.40451430353209666,0.7381588560912806,0.14123390413183498,1075685.884452161,11158.092206790145,1086843.976658951,1604,0,850.4779874213837,71,88,40,34.96191831268831,0.6294014084507042,40.71180555555556,8297.222222222224,116.86228482003133,0
1606,32,0,1,157,0.0,0.006329113924050633,0.9936708860759493,158,4500,3300,1200,0.7333333333333333,57,33,24,224.05395889134127,0.4035062081754414,0.7401354182628475,0.14299010416177413,1076284.4811435156,12129.159778703692,1088413.6409222193,1605,1,856.8417721518987,70,88,41,34.82860052042087,0.6306547619047619,40.63967136150236,8299.53051643195,118.56472166331358,0
1607,32,0,0,157,0.0,0.0,1.0,157,3150,2100,1050,0.6666666666666666,42,21,21,222.5665918744418,0.40356034623550546,0.7365010404655261,0.14250255105204407,1077229.820168803,13401.07394809741,1090630.8941169004,1606,2,853.0764331210191,62,95,41,34.75076467214683,0.6365927419354839,40.52579365079363,8303.17460317456,133.92217101894454,0
1608,32,0,0,157,0.0,0.0,1.0,157,4850,3400,1450,0.7010309278350515,63,34,29,221.1788289450839,0.4034582720888453,0.7347457403570854,0.14174772234761465,1077504.4135452497,11414.232874219411,1088918.646419469,1607,3,854.0764331210191,62,95,39,34.75297334607625,0.6369287634408602,40.49272486772485,8304.232804232775,133.939238777948,0
1609,32,0,0,157,0.0,0.0,1.0,157,4950,3500,1450,0.7070707070707071,64,35,29,216.62074929154215,0.40331536828352116,0.7315271308646141,0.12887478497148253,1055389.3176020358,9373.844954648257,1064763.162556684,1608,4,855.0764331210191,69,88,44,37.606164416632865,0.6055253623188406,43.16964285714284,8218.57142857139,119.10973084886072,8
1610,32,1,0,158,0.006329113924050633,0.0,1.0,158,4250,3100,1150,0.7294117647058823,54,31,23,213.27582724378715,0.4042771910021769,0.728171583991641,0.12771020014413556,1057355.1882715973,9251.660493826761,1066606.848765424,1609,0,850.6582278481013,74,84,38,37.447885713256596,0.6054335585585586,42.93055555555553,8226.222222222163,111.16516516516435,0
1611,32,3,0,161,0.018633540372670808,0.0,1.0,161,4450,3100,1350,0.6966292134831461,58,31,27,210.38281496900143,0.4069406702898551,0.7311229785973534,0.1269520653726215,1059681.2680867668,7937.745630002893,1067619.0137167696,1610,0,835.7888198757764,68,93,42,37.23370192213685,0.6113664215686274,42.64794685990337,8235.265700483067,121.1068485365157,0
1612,32,2,0,163,0.012269938650306749,0.0,1.0,163,3700,2600,1100,0.7027027027027027,48,26,22,205.13464333822319,0.4091904617637406,0.729227252948365,0.12471261843372275,1061925.4791720246,7267.540884344951,1069193.0200563695,1611,0,826.5214723926381,71,92,43,37.09080932592051,0.6125293427230047,42.3755787037037,8243.981481481478,116.1124152321335,0
1613,32,0,1,162,0.0,0.006134969325153374,0.9938650306748467,163,4250,2900,1350,0.6823529411764706,56,29,27,204.39511252580172,0.40854351283799134,0.7281608133589086,0.1247362605630429,1063064.5732991348,6607.040616333814,1069671.6139154686,1612,1,827.5214723926381,72,91,41,36.96890223649245,0.6134259259259259,42.23744292237441,8248.401826483985,114.56113647894423,0
1614,32,1,0,163,0.006134969325153374,0.0,1.0,163,3750,2300,1450,0.6133333333333333,52,23,29,202.2287522986802,0.4086571233810498,0.7253875497254618,0.12396913443856533,1064405.8194596618,6700.692161756313,1071106.5116214182,1613,0,827.760736196319,73,90,41,36.85890001637286,0.6145833333333333,42.074887387387385,8253.603603603598,113.063063063063,0
1615,32,1,0,164,0.006097560975609756,0.0,1.0,164,4150,2800,1350,0.6746987951807228,55,28,27,198.92855803202153,0.4093159259813457,0.7231759128531283,0.12249263400075094,1065739.2779509067,5451.1955601723075,1071190.4735110789,1614,0,823.7073170731708,75,89,42,36.77929722074702,0.6152777777777778,41.91337719298245,8258.771929824552,110.11695906432736,0
1616,32,0,1,163,0.0,0.006097560975609756,0.9939024390243902,164,4000,2700,1300,0.675,53,27,26,204.41263702031614,0.40942503366751454,0.7310681395044742,0.12641053034552852,1067014.904239882,6822.266063130821,1073837.170303013,1615,1,824.7073170731708,78,86,42,36.48019317504893,0.6155181623931624,41.758966244725734,8263.713080168767,105.94503948934317,0
1617,32,2,0,165,0.012121212121212121,0.0,1.0,165,4350,3100,1250,0.7126436781609196,56,31,25,200.88846667731394,0.41003787878787884,0.7282911534556957,0.12460404525608282,1067904.415519269,5555.936118319703,1073460.3516375886,1616,0,820.6666666666666,67,98,44,36.461421583160394,0.6220460199004976,41.65134803921568,8267.15686274508,123.39040093649373,0
1618,32,0,0,165,0.0,0.0,1.0,165,4850,3100,1750,0.6391752577319587,66,31,35,195.43343046892568,0.4103058019216556,0.7203477943844536,0.12181579336020312,1069355.042126784,3947.544854416067,1073302.5869812001,1617,1,821.6666666666666,70,95,43,36.42351455649505,0.6221726190476191,41.47593896713615,8272.769953051655,118.18242790073792,0
1619,32,0,0,165,0.0,0.0,1.0,165,3450,2000,1450,0.5797101449275363,49,20,29,195.18591618172061,0.4102149544222715,0.7189516422970972,0.12194855825754114,1070051.3633026825,5321.791141546604,1075373.154444229,1618,2,822.6666666666666,71,94,45,36.34411421911422,0.622505868544601,41.391782407407405,8275.462962962954,116.55581637975992,0
1620,32,0,0,165,0.0,0.0,1.0,165,5450,4000,1450,0.7339449541284404,69,40,29,196.9168519758704,0.4101687607785169,0.7214079912293025,0.12346114661225689,1071083.2238693894,3732.8673297051123,1074816.0911990944,1619,3,823.6666666666666,72,93,43,36.17223692918595,0.6232638888888888,41.26712328767122,8279.452054794485,114.9923896499234,0
1621,32,0,0,165,0.0,0.0,1.0,165,4800,3600,1200,0.75,60,36,24,195.4474818638479,0.41026576743040155,0.7195284931057087,0.12322378777097419,1072720.521604935,4132.104938271516,1076852.6265432064,1620,4,824.6666666666666,74,91,43,36.00871193835042,0.6242961711711712,41.069444444444436,8285.777777777752,111.96996996996963,0
1622,32,1,0,166,0.006024096385542169,0.0,1.0,166,4350,2900,1450,0.6666666666666666,58,29,29,196.6809799652658,0.4111483814044055,0.7225044264764626,0.1247078507525543,1074386.0948304937,4712.261998463358,1079098.356828957,1621,0,820.6927710843373,76,90,42,35.77188288523452,0.6254111842105263,40.868506493506494,8292.20779220779,109.10799726589197,0
1623,32,0,0,166,0.0,0.0,1.0,166,4600,3000,1600,0.6521739130434783,62,30,32,198.45683069326867,0.41119249726177437,0.7240576505620602,0.1260834247766172,1074965.7600308652,4866.859567901317,1079832.6195987666,1622,1,821.6927710843373,77,89,43,35.65458249609288,0.6256764069264069,40.798611111111114,8294.44444444445,107.7200577200578,0
1624,32,0,0,166,0.0,0.0,1.0,166,4200,3100,1100,0.7380952380952381,53,31,22,199.86354530560178,0.411162833150785,0.7259213792326107,0.12746161508010936,1076077.9522512413,5613.750912424994,1081691.7031636664,1623,2,822.6927710843373,78,88,44,35.481386855128456,0.6266025641025641,40.664556962025316,8298.734177215185,106.3940279130152,0
1625,32,1,0,167,0.005988023952095809,0.0,1.0,167,4450,2900,1550,0.651685393258427,60,29,31,200.38723951548988,0.4119261477045908,0.7275162420986823,0.12853820685508116,1077765.3096655332,5344.083049886709,1083109.3927154199,1624,0,818.7604790419161,69,98,45,35.26048535061064,0.6330012077294687,40.461309523809526,8305.238095238097,120.36576949620431,0
1626,32,1,0,168,0.005952380952380952,0.0,1.0,168,4000,2800,1200,0.7,52,28,24,202.78346661821902,0.4125439596996483,0.7331178305832344,0.13088885441033796,1079574.657943751,6183.978322202378,1085758.6362659533,1625,0,814.8809523809524,70,98,41,34.97611315071071,0.6346726190476191,40.24354460093897,8312.20657276996,118.745808182428,0
1627,32,0,1,167,0.0,0.005952380952380952,0.9940476190476191,168,4550,2800,1750,0.6153846153846154,63,28,35,203.26922181606287,0.41241252613819984,0.7325632376000666,0.13178240560434645,1080850.5803100406,5790.731271812396,1086641.311581853,1626,1,815.8809523809524,73,95,43,34.80692157712306,0.634703196347032,40.090090090090094,8317.117117117123,113.93311119338524,0
1628,32,0,1,166,0.0,0.005988023952095809,0.9940119760479041,167,4700,3500,1200,0.7446808510638298,59,35,24,207.1000975715227,0.4121726426664743,0.7284762128374265,0.13057041322373736,1072720.5216049438,6332.104938271881,1079052.6265432157,1627,2,820.9880239520958,74,93,45,35.70699011246404,0.6242961711711712,41.069444444444464,8285.777777777821,111.96996996997055,7
1629,32,1,0,167,0.005988023952095809,0.0,1.0,167,4800,3100,1700,0.6458333333333334,65,31,34,206.5806572962612,0.4121636245581127,0.7301405960009792,0.13083441628763273,1074049.5867768656,6175.573921028781,1080225.1606978944,1628,0,821.9640718562874,76,91,36,35.55677387914229,0.625,40.90909090909093,8290.90909090914,109.09090909090973,0
1630,32,0,0,167,0.0,0.0,1.0,167,4150,2600,1550,0.6265060240963856,57,26,31,196.31967807970517,0.4122883750571147,0.7217744368471033,0.11780970289869522,1058005.1025390516,3991.444227429978,1061996.5467664816,1629,1,822.9640718562874,79,88,43,37.803232653130095,0.6040348101265822,42.851562499999964,8228.749999999913,104.16139240506219,8
1631,32,0,1,166,0.0,0.005988023952095809,0.9940119760479041,167,3900,2300,1600,0.5897435897435898,55,23,32,200.99863684356356,0.41234548974340474,0.7277507668985164,0.12123716173476669,1059551.6191893478,5293.686224490119,1064845.305413838,1630,2,823.9640718562874,69,98,44,37.491265733726586,0.6106582125603865,42.663690476190496,8234.761904761946,119.34437543133255,0
1632,32,1,0,167,0.005988023952095809,0.0,1.0,167,4700,3400,1300,0.723404255319149,60,34,26,202.417572692825,0.41349680157756774,0.7294214447348226,0.12276780959131077,1061209.9763428045,4861.5095057441085,1066071.4858485486,1631,0,816.5748502994012,71,96,44,37.24937035372546,0.6116490610328639,42.46238425925925,8241.203703703684,116.07329160146034,0
1633,32,0,0,167,0.0,0.0,1.0,167,4900,3500,1400,0.7142857142857143,63,35,28,205.35305613879572,0.41342615972873525,0.7333796019820191,0.12489505545490684,1062044.7530864195,5318.827160493819,1067363.5802469132,1632,1,817.5748502994012,71,96,44,37.0704177897574,0.6126760563380282,42.36111111111111,8244.444444444442,116.11893583724566,0
1634,32,4,3,168,0.023391812865497075,0.017543859649122806,0.9824561403508771,171,5750,4400,1350,0.7652173913043478,71,44,27,201.89602579060872,0.41729159500057333,0.7335318492497236,0.12375502975008675,1064381.3601300367,3028.873307171302,1067410.233437208,1633,0,799.4269005847954,75,96,39,36.870505190066254,0.6136111111111111,42.07785087719297,8253.508771929799,110.04678362573065,0
1635,32,2,0,170,0.011764705882352941,0.0,1.0,170,4200,2500,1700,0.5952380952380952,59,25,34,201.2583674857144,0.41681242023436593,0.7322998287906621,0.12383308964121024,1065512.8981994465,4688.677285318622,1070201.5754847652,1634,0,805.0176470588235,75,95,43,36.74713193116633,0.615,41.94078947368421,8257.89473684211,110.10526315789481,0
1636,32,0,0,170,0.0,0.0,1.0,170,4950,3200,1750,0.6464646464646465,67,32,35,201.60897245465972,0.4166492632555981,0.7337495892211634,0.1244414002392555,1066453.402366865,4051.3149243919015,1070504.7172912569,1635,1,806.0176470588235,77,93,45,36.621922201531135,0.6152597402597403,41.82692307692308,8261.53846153847,107.2927072927074,0
1637,32,1,1,170,0.005847953216374269,0.005847953216374269,0.9941520467836258,171,5250,4100,1150,0.780952380952381,64,41,23,200.81355872705666,0.4174392271528495,0.7347538549526895,0.1244608695958753,1067674.031971262,3430.684384122992,1071104.716355385,1636,0,802.2982456140351,82,89,46,36.491785292069515,0.6147103658536586,41.67921686746989,8266.265060240992,100.8081104907438,0
1638,32,0,0,170,0.0,0.0,1.0,170,3650,2100,1550,0.5753424657534246,52,21,31,201.58183723848452,0.41663621069729667,0.7343932631752557,0.125455566534354,1068901.2615521904,5444.216026044662,1074345.477578235,1637,1,807.9882352941177,68,102,46,36.320527422463634,0.6227022058823529,41.53079710144926,8271.014492753588,121.63256606990569,0
1639,32,1,0,171,0.005847953216374269,0.0,1.0,171,4950,3400,1550,0.6868686868686869,65,34,31,195.745008353452,0.4175022933149868,0.7276928265531435,0.122707819015568,1071038.5216297396,2780.0888726565195,1073818.610502396,1638,0,804.2573099415205,73,98,46,36.20806129851289,0.6227168949771689,41.27252252252253,8279.279279279293,113.41478464766155,0
1640,32,0,0,171,0.0,0.0,1.0,171,4300,2800,1500,0.6511627906976745,58,28,30,190.24997587289465,0.417530959752322,0.7188639205463256,0.11962053198738447,1071919.5930782838,2286.535344165531,1074206.1284224493,1639,1,805.2573099415205,76,95,46,36.24181170403665,0.6223958333333333,41.16612554112556,8282.683982684028,108.98268398268458,0
1641,32,0,0,171,0.0,0.0,1.0,171,4450,3300,1150,0.7415730337078652,56,33,23,191.9209430699776,0.41710096319229445,0.7224245933727214,0.121058786145962,1072862.163507197,2530.9436408796455,1075393.1071480766,1640,2,806.2573099415205,77,94,48,36.08260271617673,0.6231060606060606,41.05235042735043,8286.3247863248,107.61460761460779,0
1642,32,0,1,170,0.0,0.005847953216374269,0.9941520467836258,171,6000,4300,1700,0.7166666666666667,77,43,34,192.33505420195445,0.41698629744295374,0.7242309032473653,0.12197356631916785,1074437.2145890081,1130.3879809148152,1075567.602569923,1641,3,807.2573099415205,78,93,42,35.87821621804984,0.624599358974359,40.8623417721519,8292.40506329114,106.31288542680949,0
1643,32,0,0,170,0.0,0.0,1.0,170,4000,2300,1700,0.575,57,23,34,198.21771961983592,0.4165259890938624,0.7289706665451678,0.12610358590043008,1075364.835345402,4631.273084305349,1079996.1084297074,1642,4,812.035294117647,82,88,43,35.61171757757662,0.6241107723577235,40.75050200803214,8295.983935743005,101.17053580174395,0
1644,32,0,0,170,0.0,0.0,1.0,170,5600,3800,1800,0.6785714285714286,74,38,36,198.7114228854045,0.41643027033298524,0.7307897423780878,0.12673534573963005,1076097.4923823713,3166.5727749434245,1079264.0651573148,1643,5,813.035294117647,83,87,43,35.508864103667584,0.6246234939759037,40.66220238095239,8298.809523809537,99.98565691336792,0
1645,32,1,1,170,0.005847953216374269,0.005847953216374269,0.9941520467836258,171,6000,4500,1500,0.75,75,45,30,192.80960711516119,0.4169877307648206,0.7241042681610412,0.12383544869355119,1078136.1111111033,1374.999999999628,1079511.1111111029,1644,0,809.2748538011696,74,97,43,35.4116506153023,0.6309121621621622,40.41666666666664,8306.666666666606,112.25225225225144,0
1646,32,1,0,171,0.005847953216374269,0.0,1.0,171,4100,3000,1100,0.7317073170731707,52,30,22,213.9140996586211,0.416552000917326,0.7457283009731064,0.13064814484221213,1063299.9859260607,7190.971831279415,1070490.95775734,1645,0,810.2222222222222,72,99,45,36.69438909184842,0.6137152777777778,42.20890410958903,8249.315068493117,114.57382039573774,8
1647,32,1,2,170,0.005813953488372093,0.011627906976744186,0.9883720930232558,172,4900,3600,1300,0.7346938775510204,62,36,26,214.63235992977351,0.4172333288000363,0.7469744158507061,0.1319470543605336,1065253.34567901,6427.567901234379,1071680.9135802444,1646,0,806.5058139534884,74,98,36,36.43411113503426,0.6151463963963963,41.972222222222214,8256.88888888887,111.57957957957933,0
1648,32,0,0,170,0.0,0.0,1.0,170,5500,4400,1100,0.8,66,44,22,213.95227401928028,0.41593354797540316,0.7450950463046104,0.13223519254075758,1066847.049752457,6150.870465059759,1072997.9202175168,1647,2,816.3058823529411,73,97,41,36.25458823956972,0.6175799086757991,41.77927927927929,8263.063063063079,113.19264469949422,0
1649,32,1,0,171,0.005847953216374269,0.0,1.0,171,4200,3000,1200,0.7142857142857143,54,30,24,210.43328491693077,0.4167784657722738,0.7431240206830312,0.13075613563358304,1068430.234319204,6566.6567824713275,1074996.8911016753,1648,0,812.5263157894736,65,106,42,36.14989871536473,0.6238782051282051,41.58775252525253,8269.191919191935,127.21833721833747,0
1650,32,0,1,170,0.0,0.005847953216374269,0.9941520467836258,171,4700,2900,1800,0.6170212765957447,65,29,36,207.2051336291734,0.41685873179681227,0.7379102120984271,0.12922779018693467,1069525.674461482,5422.242059324683,1074947.9165208067,1649,1,813.5263157894736,68,103,41,36.09813538868777,0.623468137254902,41.45531400966184,8273.42995169083,121.66808752486516,0
1651,32,0,0,170,0.0,0.0,1.0,170,5600,4700,900,0.8392857142857143,65,47,18,203.9642109334815,0.41590816800092817,0.732237965372381,0.12774374976187688,1070769.8400259353,4079.7451024520155,1074849.5851283874,1650,2,819.2235294117647,71,99,40,36.0285242249688,0.6233861502347418,41.304976851851855,8278.240740740746,116.59494001043305,0
1652,32,2,1,171,0.011627906976744186,0.005813953488372093,0.9941860465116279,172,4450,3700,750,0.8314606741573034,52,37,15,255.25129538680278,0.41743945215104944,0.7851579212118229,0.148369984985368,1048286.1204937315,14665.278038406057,1062951.3985321375,1651,0,810.6860465116279,72,100,32,37.501858252499325,0.5951967592592593,44.03538812785387,8190.867579908652,113.7620497209535,8
1653,32,1,0,172,0.005813953488372093,0.0,1.0,172,4850,3800,1050,0.7835051546391752,59,38,21,254.83658916853054,0.41753790969672244,0.7860050757387513,0.14854322461271546,1049144.966049381,14222.104938271488,1063367.0709876525,1652,0,811.6627906976744,74,98,34,37.404969174305286,0.5952984234234234,43.93055555555555,8194.222222222208,110.73273273273254,0
1654,32,1,0,173,0.005780346820809248,0.0,1.0,173,3050,1900,1150,0.6229508196721312,42,19,23,257.5241113030846,0.4185654433839674,0.7903285760567467,0.1510392279095943,1051038.347099373,16483.54325644565,1067521.8903558184,1653,0,807.9653179190751,61,112,35,37.099243417458744,0.6050204918032787,43.69959677419354,8201.612903225785,134.452670544685,0
1655,32,3,0,176,0.017045454545454544,0.0,1.0,176,4400,2800,1600,0.6363636363636364,60,28,32,252.9706604105649,0.4210396374458874,0.7898873279592136,0.14981095701371466,1053992.5932302822,13725.840475461677,1067718.4337057439,1654,0,795.1761363636364,65,111,36,36.84689255114171,0.6060897435897437,43.339646464646464,8213.13131313131,126.35586635586633,0
1656,32,1,1,176,0.005649717514124294,0.005649717514124294,0.9943502824858758,177,4400,2600,1800,0.5909090909090909,62,26,36,248.96306900111998,0.42215989342578325,0.7875477698561033,0.14799709547889542,1055144.7314342416,12738.41411564632,1067883.145549888,1655,0,791.6779661016949,69,108,38,36.8060183307257,0.6052234299516908,43.199404761904766,8217.619047619057,119.09592822636314,0
1657,32,3,0,179,0.01675977653631285,0.0,1.0,179,5150,4200,950,0.8155339805825242,61,42,19,247.56977351574915,0.4244436946833218,0.788987451487511,0.14822098603809267,1057305.105319944,11401.357092220638,1068706.4624121645,1656,0,777.6648044692737,72,107,38,36.57253214913498,0.6063368055555556,42.93664383561643,8226.027397260248,114.25038051750344,0
1658,32,2,0,181,0.011049723756906077,0.0,1.0,181,5300,3900,1400,0.7358490566037735,67,39,28,248.65506755827042,0.4258670963781461,0.7921383499180541,0.14498663286960572,1049243.7141063504,10679.95332324091,1059923.6674295913,1657,0,770.060773480663,67,114,40,37.55090875555821,0.5990360696517413,43.91850490196077,8194.607843137232,122.30757974831688,8
1659,32,2,0,183,0.01092896174863388,0.0,1.0,183,4950,3000,1950,0.6060606060606061,69,30,39,246.185323701249,0.42772448407694313,0.7923016777834573,0.14459053518791645,1051465.3319000255,10221.066618889712,1061686.3985189153,1658,0,762.6338797814208,60,123,38,37.33651967315039,0.60625,43.647540983606554,8203.27868852458,136.72131147540966,0
1660,32,2,0,185,0.010810810810810811,0.0,1.0,185,5100,3700,1400,0.7254901960784313,65,37,28,240.7874936920549,0.42884229338033686,0.7898311711025838,0.14214578560202862,1053028.7170410138,8611.229112413104,1061639.9461534268,1659,0,755.3783783783783,63,122,43,37.279797403036824,0.6061507936507937,43.45703124999999,8209.374999999985,130.30753968253944,0
1661,32,0,1,184,0.0,0.005405405405405406,0.9945945945945946,185,6600,4700,1900,0.7121212121212122,85,47,38,244.06644333775245,0.4291140325107716,0.7923442263663254,0.14475010573222713,1054439.3532215643,7870.652531229427,1062310.0057527937,1660,1,756.3783783783783,64,121,40,37.019710968225226,0.6072591145833333,43.28525641025641,8214.871794871791,128.35737179487174,0
1662,32,4,3,185,0.02127659574468085,0.015957446808510637,0.9840425531914894,188,5050,3700,1350,0.7326732673267327,64,37,27,236.1285754718569,0.4315924024348618,0.7873704764199758,0.14120676963476306,1056952.993056853,7265.360918245742,1064218.3539750988,1661,0,745.2446808510638,72,116,38,36.91046246946476,0.6059027777777778,42.9794520547945,8224.65753424653,114.23135464231291,0
1663,32,4,1,188,0.021164021164021163,0.005291005291005291,0.9947089947089947,189,5050,3300,1750,0.6534653465346535,68,33,35,237.92704886957523,0.43154410109197344,0.7896380413134436,0.14360426726124828,1059746.4885858046,7578.470915823107,1067324.9595016276,1662,0,742.2486772486773,60,129,41,36.516737442770875,0.6164930555555556,42.64002732240437,8235.519125683062,137.2586520947177,0
1664,32,1,0,189,0.005291005291005291,0.0,1.0,189,5150,3300,1850,0.6407766990291263,70,33,37,233.1842097587229,0.4312474201658599,0.7850706766072422,0.1412948059208257,1060926.8230862098,6528.27657063808,1067455.099656848,1663,0,743.2275132275132,63,126,44,36.492175484061285,0.6159060846560847,42.49674479166667,8240.104166666675,130.79530423280437,0
1665,32,2,1,190,0.010471204188481676,0.005235602094240838,0.9947643979057592,191,4900,3300,1600,0.673469387755102,65,33,32,233.4084374432511,0.43255488196932124,0.7879568066098657,0.13753566394851946,1052465.548980933,6030.8678500985625,1058496.4168310314,1664,0,736.434554973822,64,127,40,37.53931308839457,0.6048177083333333,43.52564102564102,8207.179487179481,128.2371794871794,8
1666,32,0,0,190,0.0,0.0,1.0,190,5800,3800,2000,0.6551724137931034,78,38,40,262.32890215447634,0.4324770258980785,0.8145906642544001,0.14297065051298508,1028104.7956734116,10140.32046975158,1038245.1161431632,1665,1,741.3,62,128,36,39.8615006631444,0.5757728494623655,46.51124338624338,8111.640211640198,130.83290663935801,8
1667,32,5,3,192,0.02564102564102564,0.015384615384615385,0.9846153846153847,195,6500,4800,1700,0.7384615384615385,82,48,34,259.4130255850611,0.4366353863776544,0.8176635256081701,0.14337530110947677,1032552.3546006917,8071.506076388701,1040623.8606770805,1666,0,723.2666666666667,71,124,33,39.37350504015034,0.5761443661971831,45.96354166666666,8129.166666666645,114.49530516431895,0
1668,32,4,1,195,0.02040816326530612,0.00510204081632653,0.9948979591836735,196,4600,3300,1300,0.717391304347826,59,33,26,262.2776463387933,0.4375109017966161,0.8226577227644398,0.14640855622809512,1035693.0551280773,10527.827365685487,1046220.8824937628,1667,0,720.5561224489796,56,140,37,38.904551549106955,0.5896577380952381,45.577485380116975,8141.520467836286,145.3842940685051,0
1669,32,3,0,198,0.015151515151515152,0.0,1.0,198,5350,3600,1750,0.6728971962616822,71,36,35,257.0461548597659,0.43939500760566746,0.8202032859092805,0.14473044359965195,1038399.349816452,8433.312015839943,1046832.661832292,1668,0,713.4040404040404,61,137,40,38.696923981621936,0.5893101092896175,45.24529569892473,8152.150537634403,133.64181209236727,0
1670,32,1,1,198,0.005025125628140704,0.005025125628140704,0.9949748743718593,199,6200,4700,1500,0.7580645161290323,77,47,30,234.00500658252574,0.43996709134900086,0.7999155874734032,0.13034007159290228,1035002.5409333931,2439.1552808098754,1037441.6962142029,1669,0,710.8140703517588,66,133,37,39.71068423090249,0.5819128787878788,45.66231343283582,8138.805970149256,123.31524197195841,7
1671,32,3,0,201,0.014925373134328358,0.0,1.0,201,5750,4100,1650,0.7130434782608696,74,41,33,233.6926603594885,0.4408965588723051,0.8018946686006574,0.13132634804727644,1037791.7775628756,2554.864279574319,1040346.64184245,1670,0,704.7164179104477,70,131,39,39.3681471666955,0.5831845238095238,45.31983568075118,8149.765258215981,116.42521797451401,0
1672,32,5,5,201,0.024271844660194174,0.024271844660194174,0.9757281553398058,206,5500,3500,2000,0.6363636363636364,75,35,40,220.38659589657578,0.44370806693503834,0.7947242878093734,0.12507392994935618,1040869.7898632296,-821.2500480916297,1040048.539815138,1671,0,688.5873786407767,75,131,37,39.32130734232539,0.5845833333333333,44.94243421052632,8161.8421052631775,108.82456140350904,0
1673,32,1,1,201,0.0049504950495049506,0.0049504950495049506,0.995049504950495,202,5550,4100,1450,0.7387387387387387,70,41,29,227.26104858736852,0.442201636208397,0.7983815300640593,0.12939285023240474,1041876.8395083117,1405.6046091104809,1043282.4441174222,1672,0,703.0792079207921,75,127,39,39.01981057757723,0.5858333333333333,44.819078947368425,8165.789473684223,108.87719298245631,0
1674,32,2,1,202,0.009852216748768473,0.0049261083743842365,0.9950738916256158,203,5250,3600,1650,0.6857142857142857,69,36,33,223.34820349554286,0.44264457233900734,0.7955782233191451,0.12783860207857772,1043519.0007716089,763.6188271607398,1044282.6195987697,1673,0,700.5566502463054,65,138,40,38.91414570586905,0.5931089743589744,44.61805555555557,8172.222222222254,125.72649572649621,0
1675,32,1,0,203,0.0049261083743842365,0.0,1.0,203,5400,4100,1300,0.7592592592592593,67,41,26,230.50786547253898,0.44309877416313065,0.8003489588903763,0.13285106316035641,1045658.8675094706,2206.518712408286,1047865.3862218788,1674,0,701.2709359605911,66,137,42,38.46355592045248,0.5951704545454546,44.3563432835821,8180.597014925397,123.94843962008177,0
1676,32,3,3,203,0.014563106796116505,0.014563106796116505,0.9854368932038835,206,5250,3400,1850,0.6476190476190476,71,34,37,220.45127959131796,0.4447312337201042,0.7934777960325969,0.12799591128100712,1047935.5133598195,-246.25503012834088,1047689.2583296912,1675,0,692.0436893203884,72,134,40,38.43636743797043,0.5947627314814814,44.078196347031984,8189.497716895028,113.74302384576428,0
1677,32,1,1,203,0.004901960784313725,0.004901960784313725,0.9950980392156863,204,5350,3800,1550,0.7102803738317757,69,38,31,225.3983018566456,0.44403343233845266,0.7971563863238071,0.1315425601340955,1049515.9854575556,1161.824178707915,1050677.8096362636,1676,0,699.5784313725491,76,128,41,38.112499119656334,0.5948464912280702,43.885281385281424,8195.670995671087,107.8377762588301,0
1678,32,1,2,202,0.004901960784313725,0.00980392156862745,0.9901960784313726,204,5250,3400,1850,0.6476190476190476,71,34,37,240.7161793974596,0.4438588653852345,0.8001773801370489,0.1408124591048265,1050236.7782942997,4511.7969467397525,1054748.5752410395,1677,0,700.5294117647059,87,117,33,37.63013614242587,0.5914750957854407,43.79734848484846,8198.484848484793,94.23545802856084,8
1679,32,0,3,199,0.0,0.01485148514851485,0.9851485148514851,202,5300,3500,1800,0.660377358490566,71,35,36,244.8234716453199,0.4426618967866936,0.8038661413797246,0.14356566720953606,1050985.946488788,5761.20561396536,1056747.1521027533,1678,1,708.4158415841584,70,132,35,37.43130688648463,0.5995535714285714,43.705985915492946,8201.408450704193,117.16297786720277,0
1680,32,2,1,200,0.009950248756218905,0.004975124378109453,0.9950248756218906,201,5850,4000,1850,0.6837606837606838,77,40,37,243.27076677899242,0.44185841625207295,0.8028298902656068,0.14383985752884337,1053512.6796982766,5207.7674803179525,1058720.4471785945,1679,0,712.8059701492538,73,128,35,37.155711137930396,0.6011700913242009,43.39808558558558,8211.26126126124,112.48303097618135,0
1681,32,0,1,199,0.0,0.005,0.995,200,5800,4200,1600,0.7241379310344828,74,42,32,240.69648301036332,0.4413897613065327,0.8015379550123798,0.14309869517650248,1055178.0824244292,4995.53067783595,1060173.6131022652,1680,1,717.35,76,124,38,37.01414862420761,0.6018366228070176,43.19534632034632,8217.748917748911,108.1282752335383,0
1682,32,4,3,200,0.019704433497536946,0.014778325123152709,0.9852216748768473,203,6400,4900,1500,0.765625,79,49,30,238.6748975315853,0.4424616722756019,0.8046105122339704,0.14318345562988408,1057913.8326855632,3499.4951226945223,1061413.3278082577,1681,0,707.6945812807882,80,123,33,36.72543135783943,0.603515625,42.862654320987644,8228.395061728372,102.85493827160465,0
1683,32,1,2,199,0.004975124378109453,0.009950248756218905,0.9900497512437811,201,5450,4000,1450,0.7339449541284404,69,40,29,238.9407902410307,0.44097844112769485,0.8049022480238877,0.1438436827643537,1058966.9151355622,4956.078308318911,1063922.9934438812,1682,0,715.6766169154229,78,123,35,36.58758734389147,0.6056356837606838,42.73470464135018,8232.489451476707,105.54473655739369,0
1684,32,4,1,202,0.019704433497536946,0.0049261083743842365,0.9950738916256158,203,6500,5000,1500,0.7692307692307693,80,50,30,233.46151221463947,0.44165996033100846,0.8048200892649728,0.14228566494166756,1062667.1604063096,2518.3764498587393,1065185.5368561684,1683,0,709.5418719211823,68,135,38,36.268989319118184,0.6150428921568627,42.28562801932367,8246.859903381635,121.27735152031816,0
1685,32,0,1,201,0.0,0.0049504950495049506,0.995049504950495,202,5900,4000,1900,0.6779661016949152,78,40,38,233.39087199803785,0.4408465100241368,0.8039271888858341,0.1425107534586536,1063231.0409580483,3329.6839569160056,1066560.7249149643,1684,1,713.9950495049505,69,133,38,36.20084810175295,0.6151871980676329,42.2172619047619,8249.047619047607,119.5514147688059,0
1686,32,0,0,201,0.0,0.0,1.0,201,5600,3600,2000,0.6428571428571429,76,36,40,234.2785316563977,0.4403783167495854,0.8043330030170031,0.14343133928681662,1064021.3065364023,4055.469869294089,1068076.7764056965,1685,2,718.5124378109452,70,131,40,36.07993874570938,0.615625,42.12147887323944,8252.112676056344,117.88732394366205,0
1687,32,1,2,200,0.0049504950495049506,0.009900990099009901,0.9900990099009901,202,6300,4600,1700,0.7301587301587301,80,46,34,218.84658946110935,0.44072131093706385,0.79489169030755,0.13195898472082912,1059452.0568847659,-328.5061306423895,1059123.5507541234,1686,0,715.950495049505,63,139,41,37.0443284840818,0.6140873015873016,42.67578125,8234.375000000002,130.70436507936512,8
1688,32,1,0,201,0.004975124378109453,0.0,1.0,201,6200,4600,1600,0.7419354838709677,78,46,32,218.02073864038402,0.4405078772802653,0.7936221062418429,0.13222468944065896,1061195.0725979262,-127.49328613289072,1061067.5793117934,1687,0,720.1940298507462,63,138,39,36.849378015125666,0.6162367724867726,42.46419270833333,8241.145833333323,130.81183862433846,0
1689,32,1,1,201,0.0049504950495049506,0.0049504950495049506,0.995049504950495,202,5550,3900,1650,0.7027027027027027,72,39,33,216.70835808519598,0.44110152619739584,0.7937509235998224,0.13199509083371022,1062485.2071005914,99.88494411568718,1062585.0920447072,1688,0,717.6237623762377,64,138,42,36.723284618573786,0.6171875,42.30769230769231,8246.153846153844,128.8461538461538,0
1690,32,3,3,201,0.014705882352941176,0.014705882352941176,0.9852941176470589,204,5700,4300,1400,0.7543859649122807,71,43,28,214.08401805667538,0.4422686459641328,0.7929878814787286,0.13156813925230623,1065158.61294896,-893.3128544423344,1064265.3000945176,1689,0,711.5392156862745,68,136,38,36.459978936282276,0.6181066176470589,41.983695652173914,8256.521739130432,121.41943734015342,0
1691,32,0,0,201,0.0,0.0,1.0,201,5500,4100,1400,0.7454545454545455,69,41,28,220.3679598309324,0.44117951907131014,0.7961581148041108,0.1355850493539768,1065499.5824923096,1260.3938389080258,1066759.9763312177,1690,1,721.9502487562189,67,134,38,36.25563932090703,0.619092039800995,41.94240196078431,8257.843137254893,123.25139010828198,0
1692,32,0,0,201,0.0,0.0,1.0,201,5550,3800,1750,0.6846846846846847,73,38,35,225.65204295217976,0.44084162520729686,0.8005864862198064,0.13927741142860459,1066444.0786936039,2379.0570102934857,1068823.1357038973,1691,2,722.9502487562189,70,131,39,36.002348885226624,0.6186011904761906,41.828051643192495,8261.50234741786,118.02146210596942,0
1693,32,1,1,201,0.0049504950495049506,0.0049504950495049506,0.995049504950495,202,5700,3900,1800,0.6842105263157895,75,39,36,224.33470640173186,0.44140580102786403,0.8003323398096016,0.139033695580334,1067662.9660493864,1802.7716049384376,1069465.7376543249,1692,0,720.3663366336634,74,128,41,35.885553882825235,0.6181024774774775,41.680555555555564,8266.22222222225,111.70570570570608,0
1694,32,1,3,199,0.0049504950495049506,0.01485148514851485,0.9851485148514851,202,5400,3900,1500,0.7222222222222222,69,39,30,224.58774503436834,0.44186965338324874,0.7992941220467655,0.14006974204440326,1069527.6260376011,2240.5595567493597,1071768.1855943506,1693,0,721.3168316831683,63,139,41,35.64847602560068,0.6264880952380952,41.455078125000014,8273.437500000027,131.32440476190519,0
1695,32,1,0,200,0.005,0.0,1.0,200,5600,4400,1200,0.7857142857142857,68,44,24,225.5847755222166,0.44124581239530986,0.7975593458229082,0.14103997392150264,1070258.1727948748,2686.7899321501714,1072944.962727025,1694,0,729.27,65,135,42,35.53242153332929,0.6261217948717949,41.366792929292956,8276.26262626268,127.32711732711816,0
1696,32,1,0,201,0.004975124378109453,0.0,1.0,201,5300,3800,1500,0.7169811320754716,68,38,30,225.7937902631778,0.44198383084577114,0.7981462468373051,0.14177056352058143,1071508.2276738253,2887.9808049309213,1074396.2084787562,1695,0,726.636815920398,66,135,43,35.37260939220986,0.6270517676767677,41.215796019900516,8281.094527363226,125.47112920247312,0
1697,32,2,2,201,0.009852216748768473,0.009852216748768473,0.9901477832512315,203,4950,3200,1750,0.6464646464646465,67,32,35,221.36118693188627,0.4422533694256125,0.7961979885488217,0.1397067623484031,1073025.7561436729,1955.25099768988,1074981.0071413626,1696,0,720.4679802955665,68,135,35,35.30007578407369,0.6277573529411764,41.03260869565219,8286.956521739174,121.86700767263491,0
1698,32,1,0,202,0.0049504950495049506,0.0,1.0,202,6100,4300,1800,0.7049180327868853,79,43,36,219.29749248756283,0.4425243830353185,0.7942733469326824,0.13898153186313744,1074245.8767361145,615.885416666898,1074861.7621527815,1697,0,724.8217821782179,71,131,41,35.2030988274707,0.6276408450704225,40.88541666666668,8291.666666666693,116.78403755868582,0
1699,32,0,2,200,0.0,0.009900990099009901,0.9900990099009901,202,6150,4500,1650,0.7317073170731707,78,45,33,224.43090410059165,0.4425839039127793,0.7990788139023459,0.14288948574589724,1075588.5562505103,1729.0624239104927,1077317.6186744208,1698,1,725.8217821782179,73,129,41,34.904570914092325,0.6282819634703196,40.723536036036045,8296.846846846869,113.6554362581763,0
1700,32,0,2,198,0.0,0.01,0.99,200,5500,3800,1700,0.6909090909090909,72,38,34,223.554196389501,0.44166509631490786,0.7963690896259699,0.1424452387302319,1075822.1513320773,2600.9112998134005,1078423.0626318906,1699,2,733.62,73,127,41,34.89851935291244,0.6285673515981736,40.69538288288289,8297.747747747764,113.66777736640773,0
1701,32,0,0,198,0.0,0.0,1.0,198,5700,4100,1600,0.7192982456140351,73,41,32,228.68662804981693,0.44090172024816693,0.7985080005116867,0.13910598181446168,1062086.8513612542,3277.0121467704103,1065363.8635080247,1700,3,741.8030303030303,67,131,41,36.46403125433538,0.6148942786069651,42.35600490196078,8244.607843137246,123.05384840503352,8
1702,32,0,1,197,0.0,0.005050505050505051,0.9949494949494949,198,6400,4800,1600,0.75,80,48,32,225.81334179369725,0.44076605735869695,0.7960208231657724,0.13785351487763242,1063165.2175371645,2015.3781301779723,1065180.5956673424,1701,4,742.8030303030303,68,130,39,36.404343582235235,0.615655637254902,42.22524154589372,8248.792270531394,121.30576868428521,0
1703,32,1,2,196,0.005050505050505051,0.010101010101010102,0.98989898989899,198,5100,3600,1500,0.7058823529411765,66,36,30,224.1788230238884,0.44128307183510235,0.7938560807161503,0.13741505260669304,1064384.54671692,3022.4949855627956,1067407.0417024828,1702,0,738.0808080808081,70,128,36,36.295387751232475,0.6160714285714286,42.07746478873239,8253.521126760555,117.90744466800794,0
1704,32,0,0,196,0.0,0.0,1.0,196,5750,3700,2050,0.6434782608695652,78,37,41,227.835974434233,0.4414731597767312,0.7949835462330268,0.14012698068996457,1065387.1420610403,3596.703532235787,1068983.845593276,1703,1,739.5918367346939,71,125,36,36.076848321746276,0.6167840375586855,41.95601851851851,8257.40740740739,116.30151278038578,0
1705,32,1,0,197,0.005076142131979695,0.0,1.0,197,6050,4100,1950,0.6776859504132231,80,41,39,226.19132534450992,0.4418088936082047,0.7956924442537405,0.14007592665440707,1067433.3611111094,2838.8333333332816,1070272.1944444426,1704,0,736.8324873096446,74,123,38,35.8659998924558,0.6178209459459459,41.70833333333333,8265.33333333332,111.6936936936935,0
1706,32,2,2,197,0.010050251256281407,0.010050251256281407,0.9899497487437185,199,5050,3600,1450,0.7128712871287128,65,36,29,221.95107046687298,0.44284236840769503,0.7949978394679351,0.1384488485320369,1069577.8724536547,2628.790747753956,1072206.6632014087,1705,0,730.4170854271357,66,133,41,35.71043796351976,0.6246843434343434,41.44900497512439,8273.63184079604,125.3580581938794,0
1707,32,0,0,197,0.0,0.0,1.0,197,5900,3900,2000,0.6610169491525424,79,39,40,221.5601777366975,0.4423926931178563,0.7906800948099226,0.13884122864992585,1070933.4705415566,2155.242015472981,1073088.7125570297,1706,1,738.3553299492386,70,127,37,35.5531218101395,0.6241071428571429,41.285211267605625,8278.8732394366,118.26961770623714,0
1708,32,0,0,197,0.0,0.0,1.0,197,6300,4200,2100,0.6666666666666666,84,42,42,221.49881222463543,0.4421078075900411,0.7901995556602253,0.13923449580810643,1071848.0072230743,1782.6120970504621,1073630.6193201249,1707,2,739.3553299492386,71,126,38,35.44182038382706,0.624706572769953,41.1747685185185,8282.407407407365,116.65362545644176,0
1709,32,1,0,198,0.005050505050505051,0.0,1.0,198,5600,3800,1800,0.6785714285714286,74,38,36,237.99628160488834,0.4425125835341572,0.8038522413102109,0.14684666835953095,1066343.074845681,5557.137345679192,1071900.21219136,1708,0,736.6161616161617,65,133,39,35.696172382873804,0.6213141025641026,41.840277777777786,8261.111111111126,127.09401709401732,8
1710,32,2,0,200,0.01,0.0,1.0,200,5600,4100,1500,0.7321428571428571,71,41,30,230.62690214048123,0.44322183835845896,0.7997815797889352,0.14371668453433314,1069281.8343901334,3721.0313960974236,1073002.865786231,1709,0,730.24,62,138,39,35.52273211811108,0.6268481182795699,41.484788359788354,8272.486772486762,133.427206007851,0
1711,32,1,0,201,0.004975124378109453,0.0,1.0,201,6250,4100,2150,0.656,84,41,43,230.8196744659806,0.44362873134328357,0.7988945263770348,0.1446565537491767,1070959.631821171,2989.7107166337464,1073949.3425378047,1710,0,727.6019900497513,64,137,41,35.31033201189296,0.6276041666666667,41.282051282051285,8278.974358974363,129.35897435897442,0
1712,32,1,0,202,0.0049504950495049506,0.0,1.0,202,5850,4000,1850,0.6837606837606838,77,40,37,227.19938951853413,0.4440390867444954,0.7977250175639368,0.1431251453787264,1072479.912764004,2483.356290174519,1074963.2690541784,1711,0,724.9950495049505,65,137,42,35.216258229700095,0.6288461538461538,41.09848484848485,8284.848484848488,127.4592074592075,0
1713,32,3,2,203,0.014634146341463415,0.00975609756097561,0.9902439024390244,205,5150,3700,1450,0.7184466019417476,66,37,29,220.54827812893203,0.4448848238482385,0.7940543440350847,0.1398036828197704,1074307.5715702947,1237.3370181406171,1075544.9085884353,1712,0,715.3707317073171,69,136,36,35.16308457282872,0.6287741545893719,40.87797619047619,8291.904761904761,120.17253278122843,0
1714,32,0,2,201,0.0,0.009852216748768473,0.9901477832512315,203,5200,3600,1600,0.6923076923076923,68,36,32,222.79700454020042,0.44431505958477624,0.7951162482372942,0.1413353059843713,1074527.541482884,2080.3035076666283,1076607.8449905505,1713,1,723.4187192118227,68,135,36,35.07769719212399,0.6295955882352942,40.85144927536233,8292.753623188422,121.95225916453562,0
1715,32,0,1,200,0.0,0.004975124378109453,0.9950248756218906,201,4700,3100,1600,0.6595744680851063,63,31,32,227.44823857432942,0.4437614013266999,0.798247726092107,0.14464887415984107,1075262.2526492197,4013.3010741060057,1079275.5537233257,1714,2,723.7412935323383,67,134,36,34.86656473438517,0.6310634328358209,40.76286764705882,8295.588235294104,123.81474978050902,0
1716,32,0,2,198,0.0,0.01,0.99,200,6500,4700,1800,0.7230769230769231,83,47,36,232.57213046000282,0.44367933417085426,0.8014439425308999,0.14869503359013103,1076811.5615844668,3587.2717963321115,1080398.833380799,1715,3,727.055,63,137,37,34.54269663508795,0.6354166666666667,40.57617187499998,8301.562499999955,131.7708333333326,0
1717,32,0,0,198,0.0,0.0,1.0,198,5800,3800,2000,0.6551724137931034,78,38,40,231.0467464160485,0.44254890273291286,0.7989022543714523,0.14821171959512466,1077779.0419151161,4403.468197978521,1082182.5101130947,1716,4,734.8939393939394,62,136,38,34.46306088212186,0.6372647849462365,40.45965608465607,8305.291005290974,133.9563065369512,0
1718,32,0,0,198,0.0,0.0,1.0,198,5600,4300,1300,0.7678571428571429,69,43,26,231.77866596074122,0.44220333623886926,0.7999810871419581,0.14903311273200445,1078465.7659360005,4793.071302594852,1083258.8372385954,1717,5,735.8939393939394,62,136,39,34.35947649980893,0.6381048387096775,40.37698412698411,8307.93650793648,133.99897593445934,0
1719,32,1,0,199,0.005025125628140704,0.0,1.0,199,6550,5100,1450,0.7786259541984732,80,51,29,230.16879126863998,0.44262347088980253,0.7997609751659116,0.14867357658594718,1079786.1777411539,3356.615871853161,1083142.793613007,1718,0,733.1909547738693,63,136,39,34.23873034271033,0.6390542328042328,40.21809895833332,8313.02083333331,131.95271164021128,0
1720,32,0,1,198,0.0,0.005025125628140704,0.9949748743718593,199,5400,4000,1400,0.7407407407407407,68,40,28,226.77814027413842,0.4423622743346361,0.7965031476647566,0.14683451800039937,1080478.722126099,3805.7910419066043,1084284.5131680057,1719,1,734.1909547738693,67,132,43,34.24162933270452,0.6374378109452736,40.134803921568604,8315.686274509755,124.11472051507097,0
1721,32,1,0,199,0.005025125628140704,0.0,1.0,199,5650,4400,1250,0.7787610619469026,69,44,25,225.26287922065137,0.44304434631067796,0.7951494178578054,0.1467787020882515,1082303.4959975693,3310.5603397976633,1085614.056337367,1720,0,734.5577889447236,68,131,37,34.056719681139214,0.639093137254902,39.91545893719805,8322.705314009634,122.39272520602402,0
1722,32,0,0,199,0.0,0.0,1.0,199,5750,4000,1750,0.6956521739130435,75,40,35,229.17732669546473,0.4427059540124867,0.7982960854615275,0.15024621547084377,1084063.236598283,4138.542906485316,1088201.7795047683,1721,1,735.5577889447236,68,131,40,33.73871457294205,0.6412377450980392,39.70410628019322,8329.468599033786,122.49218527990861,0
1723,32,0,0,199,0.0,0.0,1.0,199,5650,4300,1350,0.7610619469026548,70,43,27,236.23725252104384,0.4423918836607279,0.8032545128996731,0.15564389121555874,1085482.8436004047,5836.296926177956,1091319.1405265827,1722,2,736.5577889447236,62,137,41,33.38054656255952,0.6466733870967742,39.533730158730165,8334.920634920647,134.4342037890427,0
1724,32,0,0,199,0.0,0.0,1.0,199,6100,4300,1800,0.7049180327868853,79,43,36,234.38093100241906,0.44188429521344097,0.801479567095579,0.15484760492354074,1086271.700361606,5020.274490466903,1091291.9748520728,1723,3,737.5577889447236,64,135,40,33.332051991717414,0.6463216145833333,39.43910256410257,8337.948717948731,130.28044871794893,0
1725,32,0,0,199,0.0,0.0,1.0,199,4500,2800,1700,0.6222222222222222,62,28,34,233.7164618279446,0.4418102718982116,0.801381476986506,0.15477054296293583,1086939.907955296,6507.149901380901,1093447.057856677,1724,4,738.5577889447236,64,135,41,33.26736452697165,0.6471354166666667,39.35897435897437,8340.512820512848,130.32051282051324,0
1726,32,0,0,199,0.0,0.0,1.0,199,5250,3800,1450,0.7238095238095238,67,38,29,233.68741096212744,0.44133017782515266,0.8013090934305969,0.15538096946990912,1088096.5948946562,5804.895227527993,1093901.4901221842,1725,5,739.5577889447236,65,134,37,33.126235651314325,0.6479166666666667,39.22032828282829,8344.949494949515,128.38383838383868,0
1727,32,0,0,199,0.0,0.0,1.0,199,4950,3300,1650,0.6666666666666666,66,33,33,238.08769729972263,0.4412699016970374,0.8051715144802167,0.15896873230044484,1089282.2798694014,7118.941944699536,1096401.2218141009,1726,6,740.5577889447236,65,134,41,32.86605774659247,0.6493589743589744,39.07828282828283,8349.494949494952,128.4537684537685,0
1728,32,0,0,199,0.0,0.0,1.0,199,5950,4000,1950,0.6722689075630253,79,40,39,241.60556728334228,0.44125192460619594,0.8079480188315009,0.16187380186302125,1090258.053637285,6932.483106853793,1097190.536744139,1727,7,741.5577889447236,66,133,39,32.654605916219964,0.6499368686868687,38.96144278606965,8353.233830845762,126.56414895220851,0
1729,32,2,0,201,0.009950248756218905,0.0,1.0,201,5200,3400,1800,0.6538461538461539,70,34,36,237.68409681198227,0.4415319237147595,0.8090509457562629,0.16116731357047404,1093641.0563840459,6588.217344628734,1100229.2737286745,1728,0,735.1691542288557,68,133,40,32.34267332640412,0.6528799019607843,38.556763285024154,8366.183574879224,123.0321113952827,0
1730,32,0,0,201,0.0,0.0,1.0,201,5600,3700,1900,0.6607142857142857,75,37,38,237.880903616558,0.44133291873963515,0.8091377644153335,0.16185882462860865,1094610.9376806542,6277.407792808254,1100888.3454734625,1729,1,736.1691542288557,61,140,39,32.21886776293249,0.6584699453551912,38.44086021505375,8369.89247311826,137.21135201833212,0
1731,32,0,0,201,0.0,0.0,1.0,201,6550,4600,1950,0.7022900763358778,85,46,39,242.03440946448296,0.4409193615257048,0.8106751857279748,0.16555318326662463,1096083.5817125093,6307.988484700433,1102391.5701972097,1730,2,737.1691542288557,63,138,40,31.93008571191675,0.6588955026455027,38.26497395833333,8375.520833333321,132.94477513227494,0
1732,32,1,0,202,0.0049504950495049506,0.0,1.0,202,5200,3200,2000,0.6153846153846154,72,32,40,237.8894004654222,0.44076646470617215,0.8094855564342136,0.1641496187251422,1098526.31427915,6665.553259871138,1105191.8675390212,1731,0,734.5148514851485,65,137,42,31.7401517889411,0.6605769230769231,37.97348484848483,8384.848484848444,128.99766899766837,0
1733,32,0,0,202,0.0,0.0,1.0,202,5450,3800,1650,0.6972477064220184,71,38,33,239.68510453838698,0.44050836986683745,0.8111620611020114,0.16581252266773308,1099237.4918009422,6844.170626964477,1106081.6624279066,1732,1,735.5148514851485,66,136,37,31.606263716709154,0.6608270202020202,37.88868159203979,8387.5621890547,127.08427559173789,0
1734,32,0,1,201,0.0,0.0049504950495049506,0.995049504950495,202,5350,3600,1750,0.6728971962616822,71,36,35,240.5347691698276,0.44013944304878244,0.8123608838893361,0.1672024272414373,1100570.6977184208,7195.103746155046,1107765.8014645758,1733,2,736.5148514851485,67,135,38,31.421268714833637,0.6618470149253731,37.72977941176469,8392.647058823492,125.26338893766405,0
1735,32,0,0,201,0.0,0.0,1.0,201,5000,3400,1600,0.68,66,34,32,227.5907368264708,0.4394133499170813,0.7980350338960882,0.14986840938189974,1085332.5075247376,4202.325017855086,1089534.8325425927,1734,3,740.9751243781094,65,136,38,33.62420716680808,0.644551282051282,39.55176767676766,8334.343434343398,128.22066822066768,8
1736,32,0,2,199,0.0,0.009950248756218905,0.9900497512437811,201,5400,4000,1400,0.7407407407407407,68,40,28,226.86035764730707,0.43916873963515757,0.7979333866866818,0.14959369568393094,1085727.161928626,3661.6904525046425,1089388.8523811307,1735,4,741.9751243781094,65,136,38,33.59480712915278,0.6450320512820513,39.504419191919176,8335.858585858556,128.24397824397778,0
1737,32,0,1,198,0.0,0.005025125628140704,0.9949748743718593,199,6100,4800,1300,0.7868852459016393,74,48,26,227.77686587838528,0.43867697071214656,0.7962478746896977,0.15065863306077215,1086601.8478469735,3600.552672048703,1090202.4005190223,1736,5,749.3115577889447,67,132,37,33.46363351359824,0.6449004975124378,39.39950980392154,8339.215686274443,124.4659057652902,0
1738,32,0,0,198,0.0,0.0,1.0,198,6350,5000,1350,0.7874015748031497,77,50,27,227.89054913883248,0.4383956955340204,0.7951968901523809,0.15150053046695267,1088047.675736953,3641.1564625845094,1091688.8321995377,1737,6,753.7424242424242,69,129,34,33.28340181084988,0.6455314009661836,39.226190476190446,8344.76190476184,120.93857832988172,0
1739,32,0,2,196,0.0,0.010101010101010102,0.98989898989899,198,6500,4600,1900,0.7076923076923077,84,46,38,229.38039672800159,0.4381500068365551,0.797046117404727,0.15359076545682498,1090087.9489574276,3908.961240053061,1093996.9101974808,1738,7,754.7424242424242,70,128,37,32.99456185711874,0.6474702380952381,38.98180751173705,8352.582159624333,119.32260228034761,0
1740,32,0,1,195,0.0,0.00510204081632653,0.9948979591836735,196,5600,4000,1600,0.7142857142857143,72,40,32,232.87929549088705,0.43671016483516484,0.7986629614970826,0.1567802686267254,1091619.4440534948,6043.113415066006,1097662.5574685608,1739,8,762.6887755102041,72,124,34,32.715674223800384,0.6482928240740741,38.798515981735136,8358.447488584421,116.0895484525614,0
1741,32,0,0,195,0.0,0.0,1.0,195,5750,3700,2050,0.6434782608695652,78,37,41,231.06155600865137,0.43607916997092255,0.7957881058798499,0.15601767011911516,1092454.494276594,5734.847063238576,1098189.3413398324,1740,9,767.1128205128205,72,123,35,32.66096002621231,0.6493055555555556,38.69863013698628,8361.643835616393,116.13394216133878,0
1742,32,0,0,195,0.0,0.0,1.0,195,4800,2800,2000,0.5833333333333334,68,28,40,231.25457715547603,0.43569036919552384,0.7965767788090521,0.15681238632744213,1093649.5902574826,6782.294710250523,1100431.8849677332,1741,10,768.1128205128205,73,122,37,32.5097251386421,0.6502568493150684,38.55574324324323,8366.21621621618,114.60570159200248,0
1743,32,0,0,195,0.0,0.0,1.0,195,5550,3600,1950,0.6486486486486487,75,36,39,231.32969678821584,0.4354965195171381,0.7950444054678576,0.15781825980884992,1095352.530991739,6127.513774104929,1101480.0447658438,1742,11,769.1128205128205,65,130,34,32.29958378574013,0.6567307692307692,38.35227272727274,8372.7272727273,128.81118881118923,0
1744,32,0,0,195,0.0,0.0,1.0,195,5600,4200,1400,0.75,70,42,28,231.36234323433445,0.43510882016036656,0.7949180057313467,0.1585397933390049,1096588.8270136502,6141.872116493747,1102730.699130144,1743,12,770.1128205128205,67,128,38,32.14769845913791,0.6570273631840796,38.204656862745104,8377.450980392168,125.03658179689803,0
1745,32,0,0,195,0.0,0.0,1.0,195,4750,3400,1350,0.7157894736842105,61,34,27,228.29038846263603,0.4345790378006873,0.7918813618097629,0.1568092996161387,1097256.2500000019,6348.611111111225,1103604.861111113,1744,13,771.1128205128205,69,126,39,32.14664545213473,0.6567028985507246,38.12500000000001,8380.000000000015,121.44927536231906,0
1746,32,0,2,193,0.0,0.010256410256410256,0.9897435897435898,195,5750,4300,1450,0.7478260869565218,72,43,29,227.3734695895105,0.4339611419508327,0.7924295901768155,0.15687470124707167,1098493.2303723018,5203.643422068095,1103696.8737943699,1745,14,772.1128205128205,71,124,41,32.019732483021365,0.6571302816901409,37.977430555555564,8384.72222222224,118.09467918622875,0
1747,32,1,0,194,0.005154639175257732,0.0,1.0,194,6100,4700,1400,0.7704918032786885,75,47,28,229.19744019252448,0.433753093673771,0.7928829393002794,0.15877886015147333,1099625.1641959127,5506.2545609976005,1105131.4187569104,1746,0,776.3453608247422,72,122,32,31.833882175774747,0.6579861111111112,37.84246575342467,8389.041095890438,116.51445966514497,0
1748,32,0,0,194,0.0,0.0,1.0,194,5100,3200,1900,0.6274509803921569,70,32,38,227.69199931629151,0.43367686466178806,0.7926005008596064,0.1582446824839732,1100517.5586419809,6215.8086419756355,1106733.3672839566,1747,1,777.3453608247422,74,120,35,31.76457219015341,0.658079954954955,37.73611111111113,8392.444444444487,113.41141141141199,0
1749,32,0,0,194,0.0,0.0,1.0,194,6850,5200,1650,0.7591240875912408,85,52,33,227.8888176679681,0.4328617150081014,0.7930951444085934,0.15913344943765353,1101827.0258053911,4568.8116370809075,1106395.837442472,1748,2,778.3453608247422,77,117,37,31.5998727735369,0.6582792207792207,37.580128205128204,8397.435897435897,109.05760905760904,0
1750,32,0,0,194,0.0,0.0,1.0,194,6350,4200,2150,0.6614173228346457,85,42,43,227.36265486944916,0.43265417178569526,0.7926180199923967,0.15970816004869665,1103457.238939074,5026.9934760199685,1108484.232415094,1749,3,779.3453608247422,63,131,37,31.415207623179413,0.6678240740740741,37.386067708333336,8403.645833333338,133.39120370370378,0
1751,32,0,1,193,0.0,0.005154639175257732,0.9948453608247423,194,4650,3000,1650,0.6451612903225806,63,30,33,226.93162617961002,0.43243160532735075,0.7919740212130371,0.16008295392534572,1104622.2324252664,6684.743903683525,1111306.97632895,1750,4,780.3453608247422,65,129,39,31.28478896363929,0.667948717948718,37.24747474747476,8408.080808080837,129.3550893550898,0
1752,32,0,0,193,0.0,0.0,1.0,193,4000,1900,2100,0.475,61,19,42,229.18914807026692,0.43171033930627517,0.7921808761186999,0.1622477632378622,1105590.3979238758,8077.864282968084,1113668.2622068438,1751,5,784.6683937823834,67,126,36,31.107711732711735,0.667910447761194,37.13235294117647,8411.764705882355,125.54872695346799,0
1753,32,0,0,193,0.0,0.0,1.0,193,5750,3600,2150,0.6260869565217392,79,36,43,231.79214971666977,0.4311301363701785,0.7951118592295587,0.16510023173307234,1107266.1694120069,6981.121143310315,1114247.2905553172,1752,6,785.6683937823834,67,126,38,30.835529125177114,0.669931592039801,36.93321078431373,8418.137254901974,125.6438396254026,0
1754,32,0,0,193,0.0,0.0,1.0,193,5350,3600,1750,0.6728971962616822,71,36,35,229.95269496134034,0.430553306706966,0.7939129352546641,0.16451157606888123,1108462.9020115265,7028.8063164435225,1115491.70832797,1753,7,786.6683937823834,71,122,33,30.738528096887087,0.6691607981220657,36.79108796296295,8422.685185185148,118.62936880542462,0
1755,32,0,0,193,0.0,0.0,1.0,193,5700,4300,1400,0.7543859649122807,71,43,28,228.29528228729018,0.43019124208405296,0.7919278078752061,0.16425123323529894,1109996.2518515256,6381.3815308553985,1116377.633382381,1754,8,787.6683937823834,75,118,35,30.59601091047855,0.6690277777777778,36.609100877192965,8428.508771929783,112.38011695906377,0
1756,32,0,0,193,0.0,0.0,1.0,193,4800,3500,1300,0.7291666666666666,61,35,26,204.5576291954261,0.4300225784398388,0.7677085074377397,0.1426240909442159,1101406.5212673624,1660.2213541667325,1103066.7426215291,1755,9,788.6683937823834,79,114,39,32.26323407775019,0.6569092827004219,37.630208333333336,8395.833333333343,106.276371308017,7
1757,32,0,1,192,0.0,0.0051813471502590676,0.9948186528497409,193,5650,4100,1550,0.7256637168141593,72,41,31,207.60076770446796,0.42947723265687965,0.7709702849220668,0.14520944668131294,1102289.1667069923,1517.2154481381049,1103806.3821551304,1756,10,789.6683937823834,82,111,41,32.07610133562846,0.6567581300813008,37.52510040160644,8399.196787148623,102.42922911156857,0
1758,32,0,1,191,0.0,0.005208333333333333,0.9947916666666666,192,4800,3200,1600,0.6666666666666666,64,32,32,205.84502736032366,0.42896487783595116,0.7678268036881941,0.1443460415971853,1102986.1646947884,2208.8434499314726,1105195.0081447198,1757,26,794.7291666666666,71,121,41,32.03750642862392,0.6625586854460094,37.44212962962963,8401.85185185186,118.3359415753783,0
1759,32,0,1,190,0.0,0.005235602094240838,0.9947643979057592,191,6350,4600,1750,0.7244094488188977,81,46,35,203.81684415595223,0.42832736290989254,0.7633534075116464,0.14363092899931276,1104342.874730691,466.73591874449994,1104809.6106494355,1758,27,798.5759162303665,75,116,39,31.926039927657218,0.6622222222222223,37.28070175438598,8407.017543859685,112.09356725146247,0
1760,32,0,0,190,0.0,0.0,1.0,190,5600,3900,1700,0.6964285714285714,73,39,34,208.07846052008688,0.42790541167734153,0.7667356502424356,0.1472310447161437,1105456.5248964645,2404.3383744685143,1107860.863270933,1759,28,803.5263157894736,76,114,36,31.678890032595646,0.6631030701754386,37.148268398268414,8411.255411255448,110.67441330599274,0
1761,32,0,0,190,0.0,0.0,1.0,190,4950,3400,1550,0.6868686868686869,65,34,31,206.1900765613014,0.4275903880070547,0.7638437393579256,0.14603238211021924,1105714.36479642,2647.465906460991,1108361.830702881,1760,29,804.5263157894736,78,112,39,31.697242146093554,0.6625267094017093,37.11761603375528,8412.236286919848,107.84918316563908,0
1762,32,0,1,189,0.0,0.005263157894736842,0.9947368421052631,190,4800,3100,1700,0.6458333333333334,65,31,34,205.33056953159794,0.42696150097465885,0.7649180846853971,0.14619360678641655,1107156.8058003567,2666.627499154567,1109823.4332995112,1761,30,805.5263157894736,78,112,41,31.544903926482863,0.6642628205128205,36.94620253164558,8417.721518987373,107.91950665368427,0
1763,32,0,0,189,0.0,0.0,1.0,189,5250,3900,1350,0.7428571428571429,66,39,27,207.70472062968375,0.42615342039100906,0.7663987792605147,0.14862835141695802,1108523.8308376754,2999.1265190973095,1111522.9573567726,1762,31,810.3121693121693,79,110,37,31.316730563113204,0.6654799578059072,36.78385416666667,8422.91666666668,106.61919831223646,0
1764,32,0,0,189,0.0,0.0,1.0,189,5450,3700,1750,0.6788990825688074,72,37,35,205.71285435037882,0.4256116552215843,0.7644609411925638,0.14787929599140254,1109768.0365523158,2408.710093198397,1112176.7466455142,1763,32,811.3121693121693,81,108,38,31.218446523892208,0.6661522633744856,36.636178861788615,8427.642276422757,104.0449663755896,0
1765,32,0,0,189,0.0,0.0,1.0,189,6250,5100,1150,0.816,74,51,23,202.33139977821165,0.425056990881459,0.7597677873479003,0.14603314624475727,1110854.0008650497,902.1289888503743,1111756.1298539,1764,33,812.3121693121693,84,105,38,31.176069330108668,0.6662946428571428,36.507352941176464,8431.764705882335,100.37815126050398,0
1766,32,0,0,189,0.0,0.0,1.0,189,4650,3300,1350,0.7096774193548387,60,33,27,203.11089850720802,0.4247016773612518,0.7621672794010899,0.14708587324329547,1111755.4548182394,2711.9298696842443,1114467.3846879236,1765,34,813.3121693121693,71,118,41,31.046469081595323,0.6731220657276995,36.40046296296295,8435.185185185148,118.8054251434528,0
1767,32,0,1,188,0.0,0.005291005291005291,0.9947089947089947,189,5050,3500,1550,0.693069306930693,66,35,31,204.56803430803924,0.42427717738001425,0.7631493721466511,0.14898563524672895,1113286.3892186072,2698.561652868894,1115984.9508714762,1766,35,814.3121693121693,73,116,40,30.82291611078498,0.6739440639269406,36.21903153153152,8440.990990990966,115.63001357521871,0
1768,32,0,0,188,0.0,0.0,1.0,188,4850,3500,1350,0.7216494845360825,62,35,27,202.73212385953207,0.423546715591459,0.7588994906739255,0.1483449576319859,1114549.4104938225,2740.993827160224,1117290.4043209828,1767,36,819.0851063829788,74,114,38,30.71872423652405,0.6749718468468469,36.06944444444443,8445.777777777743,114.13213213213166,0
1769,32,0,1,187,0.0,0.005319148936170213,0.9946808510638298,188,5400,4200,1200,0.7777777777777778,66,42,24,202.10264078173657,0.42329130636780826,0.7583086863946669,0.14807875060515302,1114901.3456790082,2064.9012345676892,1116966.2469135758,1768,37,820.0851063829788,74,114,41,30.692829457364343,0.6753941441441442,36.027777777777764,8447.111111111079,114.15015015014971,0
1770,32,0,0,187,0.0,0.0,1.0,187,5400,4100,1300,0.7592592592592593,67,41,26,198.59403897881793,0.4228983382209189,0.7518327268401623,0.14635581561106584,1116454.1328804113,1544.2271166628134,1117998.3599970741,1769,38,824.1016042780749,77,110,45,30.598036737445224,0.675865800865801,35.84401709401708,8452.991452991426,109.77910977910943,0
1771,32,0,0,187,0.0,0.0,1.0,187,5100,3900,1200,0.7647058823529411,63,39,24,196.84757209938996,0.4225473424951603,0.7502528113421709,0.14558003837697284,1117391.7218572493,1491.1695063111492,1118882.8913635605,1770,39,825.1016042780749,78,109,38,30.53109303795359,0.6765491452991452,35.73312236286919,8456.540084388163,108.41718056907902,0
1772,32,0,1,186,0.0,0.0053475935828877,0.9946524064171123,187,5400,4400,1000,0.8148148148148148,64,44,20,198.45860648637193,0.4220370210645353,0.7517899057323347,0.1472771763925179,1118306.2499999977,1587.4999999998936,1119893.7499999977,1771,40,826.1016042780749,79,108,38,30.378250591016545,0.6772151898734178,35.62499999999999,8459.999999999982,107.08860759493648,0
1773,32,0,0,186,0.0,0.0,1.0,186,4450,3100,1350,0.6966292134831461,58,31,27,197.883629005558,0.4213461445316284,0.7509329991839693,0.1475269432771045,1119525.1004462375,2657.1379278226004,1122182.23837406,1772,41,830.6451612903226,80,106,45,30.246568460628467,0.6782552083333333,35.480967078189295,8464.609053497927,105.80761316872409,0
1774,32,0,1,185,0.0,0.005376344086021506,0.9946236559139785,186,5300,3900,1400,0.7358490566037735,67,39,28,197.14334672698095,0.42118085827763246,0.7505852424385278,0.14734498502049212,1120190.2620097583,1667.6114447154287,1121857.8734544737,1773,42,831.6451612903226,72,114,45,30.186031566269374,0.6827256944444444,35.40239726027397,8467.123287671235,117.59893455098937,0
1775,32,0,0,185,0.0,0.0,1.0,185,5350,4200,1150,0.7850467289719626,65,42,23,194.55523544313274,0.4204648942420681,0.7462368884465189,0.14612340023707623,1121481.0000000005,1287.999999999994,1122769.0000000005,1774,43,836.5675675675676,74,111,45,30.099150141643033,0.683277027027027,35.25,8472.000000000004,114.48648648648654,0
1776,32,0,0,185,0.0,0.0,1.0,185,4650,3200,1450,0.6881720430107527,61,32,29,203.04209383632465,0.42025190951821384,0.7527650818293361,0.1392754908337461,1096873.6349586076,2892.3039031710296,1099765.9388617787,1775,44,837.5675675675676,72,113,46,32.85442440096643,0.6546585648148149,38.1706621004566,8378.538812785351,116.36859462201876,8
1777,32,0,0,185,0.0,0.0,1.0,185,5100,3500,1600,0.6862745098039216,67,35,32,201.5072734486778,0.4196692616529573,0.7511648378465536,0.1385530055353321,1097539.376369609,2132.4334469602845,1099671.8098165693,1776,45,838.5675675675676,73,112,45,32.81356372496327,0.6549657534246576,38.0912162162162,8381.08108108105,114.80932987782262,0
1778,32,0,1,184,0.0,0.005405405405405406,0.9945945945945946,185,5150,4100,1050,0.7961165048543689,62,41,21,203.5215807333924,0.4195750097924011,0.7545404650379406,0.14041329517314122,1098483.3947122754,2563.0153802448076,1101046.41009252,1777,46,839.5675675675676,73,112,47,32.64590272554708,0.6561073059360731,37.97860360360359,8384.68468468465,114.85869431074862,0
1779,32,0,0,184,0.0,0.0,1.0,184,4600,3000,1600,0.6521739130434783,62,30,32,198.52250852655482,0.41924113506771205,0.7463497470908556,0.13756647837544897,1099701.7777777717,2263.111111110762,1101964.8888888825,1778,47,836.070652173913,74,110,37,32.62873490146216,0.6570945945945945,37.833333333333314,8389.333333333287,113.36936936936874,0
1780,32,0,0,184,0.0,0.0,1.0,184,4650,3600,1050,0.7741935483870968,57,36,21,201.16441113790546,0.4192089619466223,0.749173863060633,0.13993759854402277,1100773.7026056002,2837.2987361491423,1103611.0013417494,1779,48,837.070652173913,75,109,39,32.42916209437215,0.6579166666666667,37.70559210526313,8393.421052631507,111.91228070175343,0
1781,32,0,1,183,0.0,0.005434782608695652,0.9945652173913043,184,5700,4200,1500,0.7368421052631579,72,42,30,202.4497757094321,0.4186255147699374,0.7509057510072508,0.14142696560490683,1101939.1739033104,2117.467720432117,1104056.6416237426,1780,49,838.070652173913,77,107,41,32.253818719997284,0.6584145021645021,37.566773504273485,8397.8632478632,109.06315906315845,0
1782,32,0,0,183,0.0,0.0,1.0,183,4900,3400,1500,0.6938775510204082,64,34,30,203.12207294119156,0.418165395624412,0.7512863750315506,0.14250850803369072,1103125.0885770961,3313.8109410430025,1106438.8995181392,1781,50,842.1366120218579,69,114,42,32.09212949844147,0.6637983091787439,37.425595238095234,8402.380952380941,121.77363699102814,0
1783,32,1,0,184,0.005434782608695652,0.0,1.0,184,4650,3400,1250,0.7311827956989247,59,34,25,200.13142372758176,0.41804268630711966,0.7498222519067528,0.14121161296582505,1104688.5850694429,2766.5798611110304,1107455.1649305539,1782,0,838.554347826087,71,113,45,31.980921704658094,0.664612676056338,37.23958333333333,8408.333333333321,118.42723004694818,0
1784,32,0,0,184,0.0,0.0,1.0,184,5450,3700,1750,0.6788990825688074,72,37,35,194.634150922266,0.41766836441751803,0.7423305653261778,0.13808659583183214,1106187.288396426,810.3647276083279,1106997.6531240344,1783,1,839.554347826087,75,109,42,31.943720461495683,0.6644444444444444,37.06140350877192,8414.03508771927,112.18713450292361,0
1785,32,0,0,184,0.0,0.0,1.0,184,5350,3700,1650,0.6915887850467289,70,37,33,194.15148656747465,0.4171109032232518,0.7418398232081289,0.1380368005942178,1106766.9410658153,826.0893783327847,1107593.030444148,1784,2,840.554347826087,77,107,45,31.886192072035467,0.6642316017316017,36.992521367521356,8416.239316239285,109.3018093018089,0
1786,32,0,1,183,0.0,0.005434782608695652,0.9945652173913043,184,5900,4100,1800,0.6949152542372882,77,41,36,199.0771410255728,0.4163956699928724,0.7480159955533585,0.14259478938575962,1108791.0000730555,1446.988457886102,1110237.9885309415,1785,3,841.554347826087,77,107,38,31.51147355248916,0.6666666666666667,36.752136752136764,8423.931623931656,109.40170940170982,0
1787,32,0,0,183,0.0,0.0,1.0,183,4700,3200,1500,0.6808510638297872,62,32,30,214.78699911089535,0.41611871734822553,0.760792425085697,0.15236810918784577,1106158.0926534152,6217.675452651509,1112375.7681060666,1786,4,846.7486338797814,78,105,38,31.417368737776414,0.6630608974358974,37.0648734177215,8413.924050632868,107.87082116195984,7
1788,32,0,0,183,0.0,0.0,1.0,183,4850,3300,1550,0.6804123711340206,64,33,31,203.45023672860174,0.415594537520767,0.7510166128691478,0.14029560190037488,1098347.6671006982,3241.8185763891147,1101589.4856770874,1787,5,847.7486338797814,79,104,43,32.66428950071233,0.6532172995780591,37.99479166666668,8384.166666666697,106.12869198312275,8
1789,32,0,0,183,0.0,0.0,1.0,183,5050,3300,1750,0.6534653465346535,68,33,35,202.8308068108131,0.41515417642466823,0.7483411397345809,0.1405102532155743,1099619.53094964,2957.343329488894,1102576.874279129,1788,6,848.7486338797814,84,99,39,32.52578845674396,0.6527777777777778,37.843137254901976,8389.019607843178,99.86928104575212,0
1790,32,0,0,183,0.0,0.0,1.0,183,6000,4100,1900,0.6833333333333333,79,41,38,206.69368817526552,0.4147601032846935,0.7530054644808735,0.14385465232298686,1100909.6648301238,2910.2157943068687,1103819.8806244307,1789,7,849.7486338797814,87,96,40,32.26759927797835,0.6532567049808429,37.68939393939395,8393.939393939427,96.48206199930375,0
1791,32,0,0,183,0.0,0.0,1.0,183,5400,3800,1600,0.7037037037037037,70,38,32,206.86027852442933,0.41421715806961706,0.75411906131387,0.14469778599371372,1102301.1453311597,3604.4643882005844,1105905.6097193602,1790,8,850.7486338797814,87,96,41,32.09408165719613,0.6549329501915708,37.52367424242426,8399.24242424248,96.54301637060323,0
1792,32,0,0,183,0.0,0.0,1.0,183,5500,4400,1100,0.8,66,44,22,209.29804908439513,0.41435101783462436,0.7580511844324,0.14715711785740165,1103715.6126757548,4101.104895404673,1107816.7175711596,1791,9,851.7486338797814,71,112,38,31.858222246704138,0.6634389671361502,37.355324074074076,8404.629629629633,118.37506520605118,0
1793,32,0,0,183,0.0,0.0,1.0,183,6150,4400,1750,0.7154471544715447,79,44,35,211.5408827107296,0.4140570267619448,0.7579993223895549,0.1496392293524032,1105380.1680565143,4016.6192963217813,1109396.7873528362,1792,10,852.7486338797814,75,108,39,31.597149797500478,0.6634722222222222,37.15734649122806,8410.964912280679,112.14619883040905,0
1794,32,0,0,183,0.0,0.0,1.0,183,4350,2800,1550,0.6436781609195402,59,28,31,213.76373174377846,0.4138305910846894,0.7601661328129181,0.15175819640743463,1106367.0213264355,6350.22863139738,1112717.249957833,1793,11,853.7486338797814,76,107,42,31.418913125493013,0.6641995614035088,37.040043290043286,8414.718614718604,110.71998177261321,0
1795,32,0,1,182,0.0,0.00546448087431694,0.994535519125683,183,4300,2700,1600,0.627906976744186,59,27,32,217.46620405899893,0.4133814728077023,0.7628624556392676,0.15489711664338074,1107267.8017456266,7258.6651444747695,1114526.4668901013,1794,12,854.7486338797814,78,105,42,31.212199054349824,0.6643963675213675,36.93301687763714,8418.143459915625,107.92491615276442,0
1796,32,0,0,182,0.0,0.0,1.0,182,4650,3500,1150,0.7526881720430108,58,35,23,193.12471520879478,0.4127310879728007,0.7349969489118473,0.13044685679131268,1092551.6138603422,1149.7438555374242,1093701.3577158796,1795,13,859.8681318681319,85,97,41,33.640415932758586,0.6438725490196078,38.68701550387596,8362.015503875948,98.37665298677585,8
1797,32,1,0,183,0.00546448087431694,0.0,1.0,183,4650,2900,1750,0.6236559139784946,64,29,35,191.5842605672923,0.4134002381953202,0.7316743953149147,0.12996662000646073,1093767.3611111129,659.7222222223309,1094427.0833333351,1796,0,856.1639344262295,81,102,43,33.53253652058433,0.6468621399176955,38.54166666666667,8366.66666666668,103.29218106995901,0
1798,32,1,1,183,0.005434782608695652,0.005434782608695652,0.9945652173913043,184,5300,3500,1800,0.660377358490566,71,35,36,187.80368518983724,0.41374076878910276,0.7287567285109056,0.1283314125749708,1095805.6475000544,-940.7322295304666,1094864.9152705239,1797,0,852.5054347826087,76,108,42,33.38330317911608,0.651452850877193,38.2981601731602,8374.458874458935,110.19024834814388,0
1799,32,0,0,183,0.0,0.0,1.0,183,5150,3600,1550,0.6990291262135923,67,36,31,187.8538784451205,0.41331641946396047,0.7264640585999718,0.1288169040544459,1096786.2682856747,-542.8891354368307,1096243.379150238,1798,1,858.0819672131148,77,106,47,33.26271996939554,0.6521915584415585,38.181089743589766,8378.205128205185,108.80785880785955,0
1800,32,0,0,183,0.0,0.0,1.0,183,5900,4600,1300,0.7796610169491526,72,46,26,186.37283468979308,0.41312626353609955,0.7249416052703688,0.12826761257114608,1097801.890733517,-1579.9099392355902,1096221.9807942815,1799,2,859.0819672131148,79,104,48,33.17804386008519,0.6525580168776371,38.059895833333364,8382.083333333412,106.10232067510648,0
1801,32,0,0,183,0.0,0.0,1.0,183,5050,3700,1350,0.7326732673267327,64,37,27,187.77123705581533,0.4129336055565564,0.7286350960410746,0.12978912978912993,1099002.7777777817,-377.77777777761366,1098625.0000000042,1800,3,860.0819672131148,79,104,48,32.995495495495476,0.6540084388185654,37.91666666666668,8386.666666666697,106.160337552743,0
1802,32,0,0,183,0.0,0.0,1.0,183,5350,3900,1450,0.7289719626168224,68,39,29,186.73015357872123,0.4126246021737825,0.72715483472454,0.12945662209308798,1099833.9307992933,-875.5682381518072,1098958.3625611416,1801,4,861.0819672131148,81,102,41,32.921844969879054,0.6541923868312758,37.81758130081301,8389.837398373988,103.57823948609861,0
1803,32,1,1,183,0.005434782608695652,0.005434782608695652,0.9945652173913043,184,4350,3000,1350,0.6896551724137931,57,30,27,185.01321632102534,0.4132210491407302,0.7265127509826028,0.12878724862931898,1100956.423010384,-411.70222991141145,1100544.7207804725,1802,0,857.3967391304348,84,100,42,32.83062757922604,0.6543898809523809,37.683823529411775,8394.117647058849,99.92997198879581,0
1804,32,0,0,183,0.0,0.0,1.0,183,5700,4200,1500,0.7368421052631579,72,42,30,183.43620116539967,0.4127421986028543,0.7232405660196815,0.12816594609974036,1101985.3541906986,-1871.1985774700097,1100114.1556132287,1803,1,862.0491803278688,84,99,43,32.74719822554288,0.6556299603174602,37.56127450980393,8398.039215686294,99.97665732959874,0
1805,32,0,1,182,0.0,0.00546448087431694,0.994535519125683,183,3900,2900,1000,0.7435897435897436,49,29,20,183.61048122952877,0.41269591064673034,0.7237835024720272,0.1285273368606703,1102500.000000002,-13.8888888887559,1102486.1111111133,1804,2,863.0491803278688,85,98,43,32.68022486772485,0.6558823529411765,37.50000000000001,8400.000000000016,98.8235294117649,0
1806,32,0,0,182,0.0,0.0,1.0,182,4650,2800,1850,0.6021505376344086,65,28,37,185.5543418931172,0.41196901625078425,0.7258424007352753,0.1300531599853757,1102850.0277777738,-122.27777777799383,1102727.7499999958,1805,3,868.7472527472528,74,108,45,32.58675871554779,0.6608952702702703,37.45833333333332,8401.333333333303,113.53153153153112,0
1807,32,0,1,181,0.0,0.005494505494505495,0.9945054945054945,182,5350,4000,1350,0.7476635514018691,67,40,27,185.34674242445092,0.4114504280250137,0.7262782093715106,0.13039592407570344,1103882.0117728482,-829.8130193907891,1103052.1987534575,1806,4,869.7472527472528,75,107,44,32.467125860989356,0.6616666666666666,37.33552631578946,8405.263157894698,112.07017543859598,0
1808,32,0,2,179,0.0,0.011049723756906077,0.988950276243094,181,5250,4000,1250,0.7619047619047619,65,40,25,184.11356060061675,0.4109052076938817,0.7224225828588899,0.1299360982201475,1104744.731171006,-770.3027978672699,1103974.428373139,1807,5,874.8232044198895,77,104,46,32.39500745408959,0.6617965367965368,37.23290598290596,8408.547008546953,109.20190920190848,0
1809,32,1,0,180,0.005555555555555556,0.0,1.0,180,5250,4000,1250,0.7619047619047619,65,40,25,184.16847468400005,0.4107625956962549,0.721019605220629,0.130488665538364,1105825.2884153093,-518.3686731119378,1105306.9197421973,1808,0,869.8666666666667,78,102,45,32.2627227739325,0.6626602564102564,37.10443037974681,8412.658227848035,107.8545926647184,0
1810,32,0,1,179,0.0,0.005555555555555556,0.9944444444444445,180,4750,3200,1550,0.6736842105263158,63,32,31,186.4224639481361,0.41045028967515,0.7218751031455273,0.1324898285300645,1106660.1671006882,511.263020833032,1107171.4301215212,1809,1,870.8666666666667,79,101,44,32.10239462653067,0.6632383966244726,37.005208333333314,8415.833333333285,106.52953586497829,0
1811,32,0,0,179,0.0,0.0,1.0,179,5100,3300,1800,0.6470588235294118,69,33,36,188.245745764502,0.4102889021404808,0.7230501335140658,0.13423909768546247,1107583.0057452188,799.5577825190958,1108382.563527738,1810,2,875.9497206703911,80,99,47,31.94274728318423,0.6639322916666667,36.895576131687214,8419.341563785934,105.24176954732418,0
1812,32,0,0,179,0.0,0.0,1.0,179,4500,3100,1400,0.6888888888888889,59,31,28,187.7638855062164,0.410009049442387,0.7226865727309311,0.13419934148143567,1108200.1197561224,1315.992080772398,1109516.1118368946,1811,3,876.9497206703911,82,97,40,31.88076219996821,0.6638719512195121,36.822289156626475,8421.68674698787,102.70349691448622,0
1813,32,0,0,179,0.0,0.0,1.0,179,5050,3400,1650,0.6732673267326733,67,34,33,190.874398750149,0.4093695729500136,0.7272570408448067,0.1372834864562944,1109908.236587447,1520.6134652929436,1111428.85005274,1812,4,877.9497206703911,83,96,45,31.592285025974206,0.6655371485943775,36.61954365079362,8428.174603174512,101.54427232740375,0
1814,32,0,1,178,0.0,0.00558659217877095,0.994413407821229,179,4900,3400,1500,0.6938775510204082,64,34,30,188.11223709066894,0.4089275626137719,0.723744549682011,0.1358223412331611,1110957.3337177925,1096.9338715874355,1112054.26758938,1813,5,878.9497206703911,84,95,47,31.538248379995625,0.6664186507936508,36.49509803921566,8432.156862745034,100.38281979458374,0
1815,32,0,1,177,0.0,0.0056179775280898875,0.9943820224719101,178,4750,3200,1550,0.6736842105263158,63,32,31,188.29715393314973,0.4079368480077869,0.7239643546562542,0.13646690640722142,1111970.2500000037,1526.166666666872,1113496.4166666707,1814,12,884.8595505617977,74,104,46,31.411016279437362,0.671875,36.375000000000014,8436.00000000003,114.0000000000004,0
1816,32,0,0,177,0.0,0.0,1.0,177,4450,3400,1050,0.7640449438202247,55,34,21,192.27366177958118,0.40723040789248416,0.7252914874534362,0.13965217071718222,1112556.1604938328,2933.049382716345,1115489.2098765492,1815,18,890.7909604519774,74,103,46,31.235405913128954,0.6725788288288288,36.30555555555557,8438.222222222264,114.0300300300306,0
1817,32,0,0,177,0.0,0.0,1.0,177,4900,3100,1800,0.6326530612244898,67,31,36,192.91979732132404,0.40654291859270675,0.726601626388474,0.14083803633799097,1113927.4855003508,2679.7329466760943,1116607.218447027,1816,19,891.7909604519774,75,102,47,31.05276998597477,0.6737500000000001,36.14309210526317,8443.421052631615,112.57894736842152,0
1818,32,1,2,176,0.0056179775280898875,0.011235955056179775,0.9887640449438202,178,5050,4100,950,0.8118811881188119,60,41,19,194.05462401116597,0.40679090226200304,0.728842059936607,0.1424965444488317,1115492.5999325376,2643.2994134293876,1118135.899345967,1817,0,887.7752808988764,76,102,44,30.833931072172707,0.6751644736842105,35.95779220779222,8449.35064935067,111.1756664388246,0
1819,32,0,0,176,0.0,0.0,1.0,176,5400,4000,1400,0.7407407407407407,68,40,28,194.11231003859018,0.40581845238095243,0.72591783437734,0.14311351490396443,1116567.02290617,2747.8808258457766,1119314.9037320158,1818,1,893.1022727272727,77,99,39,30.702810356739622,0.6760010822510822,35.830662393162406,8453.418803418837,109.78465978466022,0
1820,32,0,0,176,0.0,0.0,1.0,176,4250,3100,1150,0.7294117647058823,54,31,23,177.79367486739807,0.40585903679653684,0.7093288464295946,0.11865388406940058,1089145.6248200664,-721.3593794982658,1088424.265440568,1819,2,894.1022727272727,80,96,47,34.45591811251314,0.6416666666666666,39.09465020576132,8348.97119341565,104.36213991769561,8
1821,32,1,0,177,0.005649717514124294,0.0,1.0,177,4450,3200,1250,0.7191011235955056,57,32,25,174.90211522230283,0.4064559792843691,0.7060467813268354,0.11710908997547369,1090079.2988273716,-1718.56497500966,1088360.7338523618,1820,0,890.0451977401129,84,93,49,34.417597852794344,0.6412450396825398,38.982843137254896,8352.549019607824,99.43510737628363,0
1822,32,0,0,177,0.0,0.0,1.0,177,4800,3100,1700,0.6458333333333334,65,31,34,175.15779862182941,0.4062928008902585,0.7075165176272638,0.11777256176138508,1091264.4045154913,-1971.305838141197,1089293.0986773502,1821,1,891.0451977401129,86,91,43,34.266592548444265,0.6419573643410852,38.840996168582365,8357.088122605339,97.17544328610859,0
1823,32,0,0,177,0.0,0.0,1.0,177,5400,3800,1600,0.7037037037037037,70,38,32,175.2726555820195,0.4056668378702277,0.7068870276645631,0.11840582696459111,1092592.5830948635,-2499.6792983491328,1090092.9037965143,1822,2,892.0451977401129,88,89,47,34.10192815873158,0.642874053030303,38.6821161048689,8362.172284644164,95.0246850527746,0
1824,32,0,0,177,0.0,0.0,1.0,177,4950,3200,1750,0.6464646464646465,67,32,35,177.04865376296232,0.40570027606574216,0.7104338378639075,0.1200663664337325,1093674.6473548822,-1623.275206227207,1092051.372148655,1823,3,893.0451977401129,93,84,47,33.923859831305876,0.6425851254480286,38.55274822695034,8366.312056737555,89.96034469610275,0
1825,32,0,0,177,0.0,0.0,1.0,177,4450,3200,1250,0.7191011235955056,57,32,25,177.91890668905214,0.4057791902071563,0.7114307572094243,0.12103744341752824,1094559.8025711735,-901.4233241501283,1093658.3792470235,1824,4,894.0451977401129,76,101,46,33.79344677769736,0.6499451754385965,38.446969696969724,8369.696969697026,110.12759170653982,0
1826,32,0,0,177,0.0,0.0,1.0,177,4800,3300,1500,0.6875,63,33,30,176.1227636009565,0.40544213319637046,0.7084547842671538,0.120222929936306,1095511.1111111194,-1611.1111111107416,1093900.0000000086,1825,5,895.0451977401129,79,98,46,33.72478768577494,0.649789029535865,38.33333333333336,8373.333333333398,105.99156118143542,0
1827,32,0,0,177,0.0,0.0,1.0,177,4550,3000,1550,0.6593406593406593,61,30,31,177.86658598878444,0.4055023219482965,0.7088372371832332,0.12191945985049454,1096674.3827160536,-937.6543209874972,1095736.7283950662,1826,6,896.0451977401129,80,97,46,33.53779840848806,0.65078125,38.19444444444446,8377.77777777781,104.72222222222263,0
1828,32,0,0,177,0.0,0.0,1.0,177,5250,3400,1850,0.6476190476190476,71,34,37,177.50908817808084,0.40534716872110943,0.7058295399220715,0.12255406636799648,1098681.473040622,-1644.8107044815588,1097036.6623361404,1827,7,897.0451977401129,86,91,48,33.303443601693616,0.6509205426356589,37.95498084291189,8385.440613026843,97.50512340728888,0
1829,32,0,0,177,0.0,0.0,1.0,177,4600,3400,1200,0.7391304347826086,58,34,24,177.1204901903582,0.4051385143810991,0.7063256856803524,0.12258314271641764,1099356.1769698032,-1056.299008261878,1098299.8779615413,1828,8,898.0451977401129,88,89,43,33.23175269393347,0.6510416666666667,37.87453183520601,8388.014981273442,95.31835205992547,0
1830,32,0,0,177,0.0,0.0,1.0,177,4400,3500,900,0.7954545454545454,53,35,18,178.84665824764537,0.4050114492381442,0.71049255692915,0.12427127964530588,1100459.2785493904,-437.30709876506717,1100021.9714506252,1829,9,899.0451977401129,89,88,43,33.05267774394282,0.6520365168539326,37.74305555555558,8392.222222222283,94.29463171036272,0
1831,32,0,0,177,0.0,0.0,1.0,177,4850,3400,1450,0.7010309278350515,63,34,29,181.64239546512866,0.4048389081492895,0.7145353577752358,0.1264585285907653,1100995.1375239354,-252.5211649384355,1100742.616358997,1830,10,900.0451977401129,92,85,43,32.91435382863653,0.6517210144927537,37.679211469534074,8394.265232974976,91.24201340190191,0
1832,32,0,0,177,0.0,0.0,1.0,177,4900,3300,1600,0.673469387755102,65,33,32,183.29100798494304,0.4045192390001712,0.717457808474671,0.12778556846441502,1101383.261656864,74.72964136643168,1101457.9912982306,1831,11,901.0451977401129,93,84,44,32.824027144224836,0.6518817204301075,37.63297872340427,8395.744680851109,90.27682452528073,0
1833,32,0,0,177,0.0,0.0,1.0,177,4300,2800,1500,0.6511627906976745,58,28,30,181.4099908189821,0.4045005136106831,0.7150090496150774,0.1267728773256412,1102034.6235884842,284.0181894777179,1102318.641777962,1832,12,902.0451977401129,93,84,46,32.794400695294804,0.6526657706093191,37.55540780141846,8398.22695035467,90.30351559521151,0
1834,32,0,0,177,0.0,0.0,1.0,177,5650,4200,1450,0.7433628318584071,71,42,29,179.16804634340758,0.40425842107515836,0.7109753255534419,0.12567331284900862,1103060.9687751022,-1523.344245380048,1101537.6245297221,1833,13,903.0451977401129,77,100,45,32.72886891138123,0.6597673160173161,37.433226495726466,8402.136752136681,109.1186591186582,0
1835,32,0,0,177,0.0,0.0,1.0,177,5450,4100,1350,0.7522935779816514,68,41,27,178.09355420032642,0.40394543956514295,0.7089491003719421,0.12557297101895504,1104494.572183933,-1509.3272089593474,1102985.2449749738,1834,14,904.0451977401129,78,99,43,32.58347552611326,0.6610576923076923,37.262658227848064,8407.59493670877,107.78967867575346,0
1836,32,0,0,177,0.0,0.0,1.0,177,4300,3400,900,0.7906976744186046,52,34,18,182.96633977008136,0.4037140472521828,0.716673901215827,0.12180122140028254,1088435.7666015627,129.42165798607948,1088565.1882595487,1835,15,905.0451977401129,79,98,44,34.407553708418604,0.6412183544303798,39.1796875,8346.250000000002,105.64873417721522,8
1837,32,0,1,176,0.0,0.005649717514124294,0.9943502824858758,177,5450,4000,1450,0.7339449541284404,69,40,29,208.54145622349304,0.4036471708611539,0.746550929974209,0.13201230545297726,1073907.7015894959,3940.855187819801,1077848.5567773157,1836,16,906.0451977401129,82,95,36,35.523442167643594,0.6223323170731707,40.926204819277125,8290.361445783175,101.10196885101433,8
1838,32,0,0,176,0.0,0.0,1.0,176,4450,3000,1450,0.6741573033707865,59,30,29,209.7970284563077,0.4035443722943723,0.746401696389734,0.13319434674170244,1074760.0544847606,5446.293146888599,1080206.347631649,1837,17,911.5965909090909,83,93,37,35.38596491228073,0.6229919678714859,40.82341269841271,8293.650793650822,99.92350353796172,0
1839,32,0,0,176,0.0,0.0,1.0,176,4950,3300,1650,0.6666666666666666,66,33,33,211.5373167999427,0.4034483225108225,0.7486946098375113,0.13468672823972636,1075602.1366654723,5355.997986900181,1080958.1346523724,1838,18,912.5965909090909,85,91,38,35.237199850509214,0.6232843137254902,40.72189922480622,8296.89922480626,97.61057911536777,0
1840,32,0,0,176,0.0,0.0,1.0,176,4250,2600,1650,0.611764705882353,59,26,33,212.03943306321545,0.40338947510822515,0.7498520359848475,0.1352467735214028,1076121.2413959708,6186.0275865772965,1082307.268982548,1839,19,913.5965909090909,90,86,38,35.160296021657274,0.6222222222222222,40.65934065934067,8298.901098901131,92.21001221001256,0
1841,32,0,0,176,0.0,0.0,1.0,176,5300,4000,1300,0.7547169811320755,66,40,26,215.13488833860197,0.40332048160173156,0.7507116719058693,0.1377364627807321,1077213.3456790126,5849.234567901189,1083062.5802469137,1840,20,914.5965909090909,74,102,35,34.945625022303105,0.6297860360360361,40.52777777777778,8303.111111111113,112.20420420420423,0
1842,32,0,0,176,0.0,0.0,1.0,176,4600,2800,1800,0.6086956521739131,64,28,36,214.3089056177359,0.4029991883116883,0.750540368302554,0.1375251692878026,1077885.650512655,6400.098828485587,1084285.7493411407,1841,21,915.5965909090909,75,101,39,34.88436438365808,0.6301388888888889,40.44682017543859,8305.701754385944,110.74269005847925,0
1843,32,0,0,176,0.0,0.0,1.0,176,5400,4000,1400,0.7407407407407407,68,40,28,203.72632562890067,0.40298160173160175,0.7385641744372762,0.1271614802329714,1069765.8818211704,2987.8944773175876,1072753.776298488,1842,22,916.5965909090909,77,99,37,36.158454705092446,0.6193181818181819,41.42628205128205,8274.358974358975,107.45920745920746,8
1844,32,0,0,176,0.0,0.0,1.0,176,4550,3300,1250,0.7252747252747253,58,33,25,203.2082571695049,0.40309117965367963,0.7336670393729612,0.12738512076858413,1071035.679097261,3778.658743142123,1074814.3378404032,1843,23,917.5965909090909,81,95,37,36.01531685242469,0.619212962962963,41.27286585365853,8279.268292682907,102.21318879855441,0
1845,32,2,0,178,0.011235955056179775,0.0,1.0,178,5300,3800,1500,0.7169811320754716,68,38,30,199.89837640192582,0.4044514007913837,0.7336559853875531,0.1259347707459081,1072498.5926083354,1978.145471151155,1074476.7380794866,1844,0,908.2752808988764,83,95,41,35.92078583516935,0.6202309236947792,41.096230158730144,8284.920634920602,99.81832090265785,0
1846,32,0,2,176,0.0,0.011235955056179775,0.9887640449438202,178,4400,3300,1100,0.75,55,33,22,202.21132827989555,0.40423781713536044,0.7362137121968779,0.12779543279809993,1073426.9925023075,3411.8195930768766,1076838.8120953843,1845,1,909.2752808988764,86,92,35,35.746602412980174,0.6202761627906976,40.98419540229884,8288.5057471264,96.37797380379536,0
1847,32,0,0,176,0.0,0.0,1.0,176,4600,3000,1600,0.6521739130434783,62,30,32,202.86370945236018,0.40245603354978354,0.7340782903291483,0.12826543062542578,1073558.9403444934,3757.2297908056835,1077316.170135299,1846,26,920.5965909090909,87,89,35,35.71346288595408,0.6200909961685823,40.96827651515151,8289.01515151513,95.27603622431184,0
1848,32,2,0,178,0.011235955056179775,0.0,1.0,178,4200,2900,1300,0.6904761904761905,55,29,26,204.409514202594,0.4041683859159102,0.7417615397971093,0.13012578686590057,1075551.337398862,4170.585275530197,1079721.9226743921,1847,0,911.2415730337078,90,88,40,35.42825607064018,0.6215277777777778,40.72802197802197,8296.703296703274,92.18559218559193,0
1849,32,0,1,177,0.0,0.0056179775280898875,0.9943820224719101,178,5250,4000,1250,0.7619047619047619,65,40,25,207.89987258270088,0.40411085719122286,0.7464690221560406,0.13273607249510855,1076406.2499999958,3906.944444444224,1080313.19444444,1848,1,912.2415730337078,74,104,42,35.23259705488619,0.6288006756756757,40.624999999999986,8299.999999999967,112.16216216216172,0
1850,32,1,0,178,0.0056179775280898875,0.0,1.0,178,4750,3800,950,0.8,57,38,19,207.50773018558183,0.403993815992721,0.7458313064319044,0.1333173816049825,1078227.1949061141,4398.095567866412,1082625.2904739806,1849,0,913.0786516853933,75,103,41,35.018919394579385,0.6305555555555555,40.40570175438593,8307.017543859563,110.76023391812751,0
1851,32,1,0,179,0.00558659217877095,0.0,1.0,179,5350,4100,1250,0.7663551401869159,66,41,25,208.15815918988008,0.4043753792396376,0.7460692510563498,0.13436159030277214,1079582.3763997846,3794.7760330427404,1083377.1524328273,1850,0,908.9720670391062,78,101,43,34.83555414551606,0.6308760683760684,40.24261603375525,8312.236286919762,106.5671318835867,0
1852,32,0,0,179,0.0,0.0,1.0,179,4500,3200,1300,0.7111111111111111,58,32,26,209.0389922050255,0.4042943004205637,0.7473743296719304,0.13521468685417382,1080192.125108501,4860.454644096944,1085052.579752598,1851,1,909.9720670391062,79,100,43,34.73779545644364,0.6311972573839663,40.169270833333314,8314.583333333287,105.24789029535806,0
1853,32,0,1,178,0.0,0.00558659217877095,0.994413407821229,179,5200,3800,1400,0.7307692307692307,66,38,28,208.2939881301887,0.4041216809993095,0.7454131712817929,0.13520505722784662,1081203.2492419437,4041.627352784375,1085244.876594728,1852,2,910.9720670391062,82,97,44,34.63304044159059,0.631224593495935,40.047690763052195,8318.473895582298,101.44480360466217,0
1854,32,0,1,177,0.0,0.0056179775280898875,0.9943820224719101,178,4600,3200,1400,0.6956521739130435,60,32,28,206.82672579906395,0.4041478871749296,0.7437407179610287,0.1347071457595634,1082177.8549382647,4564.660493826881,1086742.5154320917,1853,3,916.2640449438202,83,95,37,34.55162438807296,0.6320281124497992,39.930555555555536,8322.222222222168,100.26773761713456,0
1855,32,0,0,177,0.0,0.0,1.0,177,4900,3300,1600,0.673469387755102,65,33,32,206.43369387692658,0.40390130114706385,0.7426472779601427,0.1349445870811229,1083231.9876970307,4423.116109188351,1087655.103806219,1854,4,921.6271186440678,84,93,38,34.432597808339594,0.6329365079365079,39.80392156862742,8326.27450980385,99.12231559290298,0
1856,32,0,1,176,0.0,0.005649717514124294,0.9943502824858758,177,5300,3900,1400,0.7358490566037735,67,39,28,208.04305412799098,0.4036792715288478,0.7459502564865399,0.13644720558689644,1084181.841945732,4411.300325700027,1088593.142271432,1855,5,922.6271186440678,87,90,40,34.27429592409015,0.633022030651341,39.689867424242415,8329.924242424215,95.74625566004845,0
1857,32,0,1,175,0.0,0.005681818181818182,0.9943181818181818,176,5150,4100,1050,0.7961165048543689,62,41,21,207.51940765558055,0.4032433712121212,0.7454309780660977,0.1367035074217396,1085441.5001417212,4700.035430838868,1090141.53557256,1856,7,928.8409090909091,69,107,44,34.13361280923267,0.6423611111111112,39.53869047619047,8334.761904761888,120.79365079365056,0
1858,32,0,0,175,0.0,0.0,1.0,175,4500,3300,1200,0.7333333333333333,57,33,24,209.79852761014774,0.40315955117679253,0.7465036842405899,0.1384448858978836,1085937.67361111,6065.624999999958,1092003.29861111,1857,8,933.4857142857143,69,106,41,34.01347794215646,0.6429649758454106,39.479166666666664,8336.666666666659,120.82125603864723,0
1859,32,0,0,175,0.0,0.0,1.0,175,5100,3900,1200,0.7647058823529411,63,39,24,206.66623628568092,0.4030938697318008,0.7432531514905063,0.1369876199008284,1087210.910948482,4837.95740289003,1092048.8683513722,1858,9,934.4857142857143,72,103,43,33.93924257353477,0.6429398148148149,39.32648401826485,8341.55251141555,115.85489599188264,0
1860,32,0,0,175,0.0,0.0,1.0,175,4250,3100,1150,0.7294117647058823,54,31,23,206.94762571135414,0.4032088122605364,0.7437828954876398,0.137649860714917,1088196.6944444475,5789.9444444445935,1093986.638888892,1859,10,935.4857142857143,74,101,43,33.81131171113594,0.6431587837837838,39.20833333333334,8345.333333333358,112.7747747747751,0
1861,32,0,0,175,0.0,0.0,1.0,175,5400,3700,1700,0.6851851851851852,71,37,34,204.00358529372085,0.402795566502463,0.7388746230564678,0.13622218746087583,1089305.3412543435,4044.4390190973268,1093349.7802734408,1860,11,936.4857142857143,79,96,44,33.752567909243645,0.6422732067510548,39.07552083333334,8349.58333333336,105.69092827004252,0
1862,32,0,0,175,0.0,0.0,1.0,175,4950,3700,1250,0.7474747474747475,62,37,25,202.8538916895533,0.40266557197591685,0.7375235092065988,0.13578900348717604,1090004.7418245876,4272.340767836889,1094277.0825924245,1861,12,937.4857142857143,80,95,44,33.69711601629221,0.6427083333333333,38.991769547325106,8352.263374485607,104.40329218107009,0
1863,32,0,0,175,0.0,0.0,1.0,175,4950,3300,1650,0.6666666666666666,66,33,33,201.96264640709074,0.4023672687465791,0.7370419210419208,0.1358024691358025,1091278.6989795924,4129.506802721072,1095408.2057823136,1862,13,938.4857142857143,83,92,37,33.564814814814824,0.6430722891566265,38.839285714285715,8357.142857142862,100.68846815834775,0
1864,32,0,0,175,0.0,0.0,1.0,175,4050,3000,1050,0.7407407407407407,51,30,21,198.75553778808444,0.4023344280240832,0.7328222485548002,0.13406629335622197,1092165.1385952914,4364.773894980879,1096529.9124902722,1863,14,939.4857142857143,86,89,39,33.5404159601607,0.643047480620155,38.73323754789271,8360.536398467415,97.21553951706296,0
1865,32,0,1,174,0.0,0.005714285714285714,0.9942857142857143,175,5900,4200,1700,0.711864406779661,76,42,34,187.74040011779584,0.4022810618500274,0.7202298911742013,0.12247608848510881,1082648.315906496,-248.6343969713157,1082399.6815095248,1864,15,940.4857142857143,85,90,37,34.99041565778854,0.6318627450980392,39.87403100775194,8324.031007751937,97.92977656178749,7
1866,32,0,1,173,0.0,0.005747126436781609,0.9942528735632183,174,4150,3300,850,0.7951807228915663,50,33,17,185.6434867232604,0.40202478240648465,0.7161158167832244,0.12140575419408813,1083354.1990603001,1273.530173967718,1084627.729234268,1865,16,939.4310344827586,85,89,39,34.95860098682679,0.6327205882352941,39.7892441860465,8326.744186046491,97.96169630642932,0
1867,32,0,0,173,0.0,0.0,1.0,173,5200,3600,1600,0.6923076923076923,68,36,32,196.32288216292517,0.40204636599901417,0.7293751278213236,0.12544514814488097,1076639.9338527666,2473.810973135035,1079113.7448259017,1866,17,944.393063583815,73,100,42,35.50416937992907,0.629566210045662,40.59684684684683,8300.90090090086,113.71097124521727,8
1868,32,0,0,173,0.0,0.0,1.0,173,5100,3500,1600,0.6862745098039216,67,35,32,176.8131339821781,0.4024916543442219,0.699687728390139,0.10255161770966396,1047612.4567474118,-2653.6716647439316,1044958.7850826678,1867,18,945.393063583815,84,89,38,39.59331098339722,0.5892857142857143,44.11764705882355,8188.235294117701,97.4789915966393,8
1869,32,2,1,174,0.011428571428571429,0.005714285714285714,0.9942857142857143,175,4900,3200,1700,0.6530612244897959,66,32,34,174.7085376459362,0.4041981390257252,0.6992221716081399,0.10203827384940449,1049751.6020467519,-3219.886542986402,1046531.7155037655,1868,0,935.5771428571428,87,88,46,39.381489055255194,0.5908764367816092,43.85653409090911,8196.590909090957,94.2136886102409,0
1870,32,1,0,175,0.005714285714285714,0.0,1.0,175,4300,2700,1600,0.627906976744186,59,27,32,173.66419054453564,0.40521072796934865,0.6973612451737465,0.1017912879231335,1050846.8731845333,-2801.1056764304312,1048045.7675081029,1869,0,936.28,76,99,48,39.272328969594625,0.5964912280701755,43.72294372294372,8200.865800865784,107.90612895876032,0
1871,32,2,1,176,0.011299435028248588,0.005649717514124294,0.9943502824858758,177,4300,3100,1200,0.7209302325581395,55,31,24,171.8632750524354,0.4065696691491183,0.6979306737419333,0.10140396471422675,1052868.3837890625,-3510.1182725694853,1049358.265516493,1870,0,926.6892655367232,79,98,48,39.067866690354144,0.5977056962025317,43.4765625,8208.75,103.90822784810126,0
1872,32,1,0,177,0.005649717514124294,0.0,1.0,177,3400,2200,1200,0.6470588235294118,46,22,24,178.31967511485087,0.407389573703133,0.7070001701322832,0.1057919743082772,1054539.2816244932,-1190.9795809743546,1053348.3020435187,1871,0,923.9265536723163,82,95,51,38.695146493286416,0.5985772357723578,43.27309236947792,8215.261044176732,100.1861102948382,0
1873,32,0,0,177,0.0,0.0,1.0,177,4800,3000,1800,0.625,66,30,36,175.05348837571157,0.40740562403697994,0.7026245481691031,0.1043531334583713,1055995.217009196,-3228.870710894656,1052766.3462983014,1872,1,924.9265536723163,85,92,40,38.59873487348739,0.5992647058823529,43.095930232558146,8220.930232558154,96.71682626539004,0
1874,32,1,0,178,0.0056179775280898875,0.0,1.0,178,4550,3400,1150,0.7472527472527473,57,34,23,174.14917909503484,0.4082172178844241,0.70421310367677,0.10416440311042377,1057016.395916823,-3334.2924722186303,1053682.1034446044,1873,0,920.7247191011236,86,92,43,38.495617304079104,0.6001695736434108,42.97174329501915,8224.904214559376,95.63842109952762,0
1875,32,0,1,177,0.0,0.0056179775280898875,0.9943820224719101,178,4650,3300,1350,0.7096774193548387,60,33,27,176.02224265378433,0.408400384053831,0.7080420556977338,0.10563279556383386,1058014.8430325913,-3003.1709136826144,1055011.6721189087,1874,1,921.7247191011236,87,91,45,38.32397348554594,0.6010536398467433,42.85037878787877,8228.78787878782,94.58376872169907,0
1876,32,0,1,176,0.0,0.005649717514124294,0.9943502824858758,177,5500,4100,1400,0.7454545454545455,69,41,28,181.82236369381752,0.40743103706557093,0.714030243645976,0.10957843558203101,1059298.38271604,-2379.172839506703,1056919.2098765331,1875,2,927.9039548022599,74,103,49,38.016054014178266,0.6078265765765766,42.694444444444414,8233.777777777703,111.26726726726625,0
1877,32,2,0,178,0.011235955056179775,0.0,1.0,178,5550,4200,1350,0.7567567567567568,69,42,27,179.5585617730324,0.4077100393575827,0.7145737948898558,0.10894688195921981,1061329.21006944,-3035.8506944447217,1058293.3593749953,1876,0,923.6516853932584,75,103,50,37.8233485001685,0.6098611111111112,42.44791666666665,8241.666666666631,109.88888888888842,0
1878,32,0,0,178,0.0,0.0,1.0,178,4550,2500,2050,0.5494505494505495,66,25,41,179.43389299116765,0.4077682293319791,0.7127486823627955,0.10909105671895963,1061934.6538507114,-2040.5861914681127,1059894.0676592432,1877,1,924.6516853932584,77,101,46,37.751790558636976,0.6097132034632035,42.374465811965784,8244.01709401703,107.06515706515623,0
1879,32,1,0,179,0.00558659217877095,0.0,1.0,179,4650,3700,950,0.7956989247311828,56,37,19,178.6874378019425,0.40827893206118054,0.7107966702897486,0.10908319758956028,1063162.1802498403,-2455.2548086461757,1060706.925441194,1878,0,920.4804469273743,81,98,50,37.619505223733455,0.6095679012345678,42.225609756097526,8248.780487804792,101.83679614573818,0
1880,32,1,0,180,0.005555555555555556,0.0,1.0,180,5350,3900,1450,0.7289719626168224,68,39,29,179.28727546778975,0.4090523484378233,0.715147769119229,0.11018977328375143,1065176.0054233416,-3155.499218797523,1062020.506204544,1879,0,916.3611111111111,85,95,39,37.35564735705564,0.6105392156862746,41.98158914728679,8256.58914728674,97.13634290925577,0
1881,32,1,1,180,0.0055248618784530384,0.0055248618784530384,0.994475138121547,181,4750,3400,1350,0.7157894736842105,61,34,27,179.0471678122068,0.40963269899733984,0.7153549711722682,0.11038964061297023,1066114.915579793,-2773.028760618011,1063341.886819175,1880,0,912.292817679558,87,94,40,37.246115543938494,0.6109913793103448,41.8678977272727,8260.227272727188,94.94514106582974,0
1882,32,1,0,181,0.0055248618784530384,0.0,1.0,181,5250,3400,1850,0.6476190476190476,71,34,37,174.94797086368308,0.4104217822795171,0.7084744252361421,0.10846774193548396,1067777.7777777822,-4088.8888888886822,1063688.8888888934,1881,0,913.1160220994475,82,99,45,37.14717741935486,0.6148373983739837,41.66666666666668,8266.6666666667,100.81300813008171,0
1883,32,2,0,183,0.01092896174863388,0.0,1.0,183,5150,3400,1750,0.6601941747572816,69,34,35,178.4144918442139,0.4111333793710843,0.7177606632998301,0.11152921397853623,1070207.9338337372,-3561.87906348147,1066646.0547702557,1882,0,904.1256830601093,77,106,46,36.758580329787655,0.6198593073593073,41.37286324786326,8276.068376068393,107.4814074814077,0
1884,32,2,0,185,0.010810810810810811,0.0,1.0,185,5200,3800,1400,0.7307692307692307,66,38,28,177.38276885629963,0.4128084606345476,0.7190077669053179,0.11175388599877148,1072508.6160065152,-4151.090414105195,1068357.52559241,1883,0,895.3405405405406,81,104,47,36.502492108663304,0.6210133744855967,41.095020325203265,8284.959349593531,102.28344876041398,0
1885,32,1,0,186,0.005376344086021506,0.0,1.0,186,5700,4400,1300,0.7719298245614035,70,44,26,174.56712647942558,0.4139131066550421,0.7165341339956497,0.11051151207612088,1073923.2487045121,-5405.660882840697,1068517.5878216715,1884,0,891.5215053763441,86,100,43,36.40171996795764,0.6208817829457365,40.924329501915715,8290.421455938706,96.40024948765937,0
1886,32,1,1,186,0.0053475935828877,0.0053475935828877,0.9946524064171123,187,5500,3600,1900,0.6545454545454545,74,36,38,176.1559311224487,0.41442532535986043,0.7191988158899918,0.11209922889610396,1075445.8161865596,-5010.768175582886,1070435.0480109768,1885,0,887.7486631016043,89,98,48,36.173735119047606,0.6217228464419475,40.74074074074075,8296.296296296317,93.21681231793615,0
1887,32,0,0,186,0.0,0.0,1.0,186,4550,3600,950,0.7912087912087912,55,36,19,174.4418443856093,0.4138053375956601,0.7152136917625991,0.11133812141096219,1076311.2429389965,-4199.256329750589,1072111.9866092459,1886,1,892.5483870967741,90,96,49,36.11206122929355,0.6224537037037037,40.636446886446905,8299.633699633749,92.21815221815277,0
1888,32,0,1,185,0.0,0.005376344086021506,0.9946236559139785,186,5500,4400,1100,0.8,66,44,22,173.7458378775867,0.4135365203913591,0.7151433691756282,0.11130592739032834,1077391.4436788915,-5261.544179173847,1072129.8994997176,1887,2,893.5483870967741,78,108,45,35.99773458672088,0.6282051282051282,40.50632911392403,8303.797468354383,106.45894190197927,0
1889,32,0,0,185,0.0,0.0,1.0,185,5850,4300,1550,0.7350427350427351,74,43,31,176.7127136959873,0.41238493928711323,0.7166791810381188,0.11382327998925174,1078969.5025529559,-4716.474241731883,1074253.028311224,1888,3,899.2756756756756,80,105,48,35.72741791709999,0.629296875,40.31635802469133,8309.87654320981,103.87345679012262,0
1890,32,0,0,185,0.0,0.0,1.0,185,4800,3500,1300,0.7291666666666666,61,35,26,181.46153266088825,0.41222091656874266,0.721646098020623,0.11748776643635173,1080466.1409380247,-2587.3916154385224,1077878.7493225862,1889,4,900.2756756756756,80,105,49,35.42079065010473,0.6311197916666667,40.136316872427955,8315.63786008223,103.94547325102788,0
1891,32,0,0,185,0.0,0.0,1.0,185,4850,3500,1350,0.7216494845360825,62,35,27,192.4404035901494,0.41193693693693695,0.7372011040362916,0.1167629197243294,1061329.2100694396,-1001.4756944447017,1060327.7343749949,1890,5,901.2756756756756,79,106,40,37.491573980451626,0.6081223628691983,42.44791666666665,8241.666666666628,104.32489451476744,8
1892,32,0,1,184,0.0,0.005405405405405406,0.9945945945945946,185,4250,2700,1550,0.6352941176470588,58,27,31,192.2349182752984,0.4119051116333725,0.7377195450782841,0.11688875516272414,1061973.187934025,-420.33420138900783,1061552.853732636,1891,6,902.2756756756756,79,106,40,37.41723946224602,0.6089135021097046,42.36979166666666,8244.166666666644,104.3565400843879,0
1893,32,4,1,187,0.02127659574468085,0.005319148936170213,0.9946808510638298,188,5000,3900,1100,0.78,61,39,22,194.9667654311705,0.4159436985625972,0.7482318917141484,0.11641964041706908,1056505.6016710023,-1403.3040364585745,1055102.2976345439,1892,0,887.6063829787234,79,109,38,38.02386833882272,0.6021888185654009,43.03385416666665,8222.91666666663,104.08755274261557,8
1894,32,1,0,188,0.005319148936170213,0.0,1.0,188,6000,4500,1500,0.75,75,45,30,197.70962339438998,0.4164628133651913,0.751237202240508,0.11878614105444996,1058367.3863063648,-1750.1165280931855,1056617.2697782717,1893,0,888.563829787234,83,105,41,37.72259723561556,0.6029116465863453,42.807539682539655,8230.158730158653,99.15853891757413,0
1895,32,1,1,188,0.005291005291005291,0.005291005291005291,0.9947089947089947,189,4100,2700,1400,0.6585365853658537,55,27,28,193.44377604698767,0.417943684566025,0.7474119558260472,0.1167718760982882,1059788.08492583,-898.1182084684287,1058889.9667173615,1894,0,884.8571428571429,70,119,42,37.65641032949492,0.6104166666666666,42.63497652582159,8235.680751173704,117.65258215962434,0
1896,32,1,1,188,0.005291005291005291,0.005291005291005291,0.9947089947089947,189,4900,3600,1300,0.7346938775510204,62,36,26,189.87354687282112,0.4181125464370145,0.7434048971080942,0.1151387649996109,1061155.1955249158,-2402.939848632486,1058752.2556762833,1895,0,885.7830687830688,73,116,48,37.579199690261454,0.610587899543379,42.46903153153153,8240.990990990984,112.8902875478217,0
1897,32,0,0,188,0.0,0.0,1.0,188,4700,3200,1500,0.6808510638297872,62,32,30,191.99182485249634,0.4173357084613343,0.7429601776356611,0.11681339268083503,1062159.2623456789,-1514.8209876543096,1060644.4413580245,1896,1,891.436170212766,74,114,44,37.400499523835165,0.6113457207207207,42.34722222222222,8244.888888888889,111.41741741741741,0
1898,32,0,1,187,0.0,0.005319148936170213,0.9946808510638298,188,5250,3900,1350,0.7428571428571429,66,39,27,191.1784270722869,0.41757748795843286,0.7416052142706833,0.11665481828427739,1063024.3079601415,-2204.536972914745,1060819.7709872266,1897,2,892.436170212766,75,113,49,37.31455386578749,0.6119444444444444,42.24232456140351,8248.245614035086,109.97660818713447,0
1899,32,1,0,188,0.005319148936170213,0.0,1.0,188,4700,3400,1300,0.723404255319149,60,34,26,189.4652942358068,0.41850016118633143,0.7391942219332952,0.11599793378863091,1064027.5152494675,-1980.7427496531527,1062046.7724998144,1898,0,892.531914893617,77,111,50,37.23480925254618,0.6122835497835497,42.12072649572649,8252.13675213673,107.17060717060689,0
1900,32,1,1,188,0.005291005291005291,0.005291005291005291,0.9947089947089947,189,4650,3400,1250,0.7311827956989247,59,34,25,187.67900860708204,0.4191937314721003,0.7385406053149288,0.11535506310663549,1065196.006944442,-2467.013888888995,1062728.993055553,1899,0,888.8042328042328,79,110,39,37.136657246669344,0.6128691983122363,41.97916666666666,8256.666666666646,104.51476793248919,0
1901,32,0,1,187,0.0,0.005319148936170213,0.9946808510638298,188,5400,3800,1600,0.7037037037037037,70,38,32,189.1011800622509,0.41859142109455,0.740716892386807,0.11664218346750979,1066252.3033167797,-2674.0862397406636,1063578.217077039,1900,1,894.5265957446809,78,110,41,36.969642796336004,0.6145833333333333,41.85126582278482,8260.759493670912,105.90717299578093,0
1902,32,0,0,187,0.0,0.0,1.0,187,4750,3100,1650,0.6526315789473685,64,31,33,220.20868344017515,0.4180646598815479,0.7756291092026615,0.12918807973211063,1051120.2274265408,4143.160283787087,1055263.387710328,1901,2,900.283422459893,68,119,42,38.045436250834406,0.600796568627451,43.689613526570035,8201.93236714973,120.61665245808426,8
1903,32,1,0,188,0.005319148936170213,0.0,1.0,188,6250,5000,1250,0.8,75,50,25,224.5096900780935,0.41920298099897596,0.7794350722530348,0.1323938942140293,1052700.428713146,3418.2893990926277,1056118.7181122384,1902,0,896.4893617021277,69,119,40,37.738283440660595,0.6022041062801933,43.49702380952379,8208.095238095191,118.95790200137958,0
1904,32,1,0,189,0.005291005291005291,0.0,1.0,189,5550,4000,1550,0.7207207207207207,71,40,31,224.4175078100149,0.42014592480018015,0.7806620166033376,0.13337574209210717,1055076.0513750687,4005.5075999245796,1059081.5589749934,1903,0,892.7407407407408,72,117,41,37.44489516188781,0.603587962962963,43.2077625570776,8217.351598173462,114.12988330796475,0
1905,32,2,0,191,0.010471204188481676,0.0,1.0,191,5800,4200,1600,0.7241379310344828,74,42,32,224.92805674541336,0.4225659042895196,0.7841454705716728,0.1344746956217916,1056876.258423732,3544.2246055226037,1060420.4830292545,1904,0,884.3821989528795,77,114,35,37.20787866978434,0.6034902597402597,42.988782051282044,8224.358974358955,106.80985680985656,0
1906,32,1,0,192,0.005208333333333333,0.0,1.0,192,5800,4600,1200,0.7931034482758621,70,46,24,227.33735346271618,0.4235145342495637,0.7900267406515267,0.1316020615861857,1047018.9446538365,3405.3031805857768,1050424.2478344224,1905,0,880.7708333333334,70,122,39,38.37462720807523,0.5946428571428571,44.19014084507042,8185.915492957731,116.94164989939615,8
1907,32,1,0,193,0.0051813471502590676,0.0,1.0,193,5100,3800,1300,0.7450980392156863,64,38,26,224.3542248042861,0.42416994998560736,0.7895272075628048,0.1305474517563906,1048609.1854477439,3351.9801847564713,1051961.1656325003,1906,0,877.2020725388601,71,122,37,38.25239003484975,0.5960974178403755,43.99594907407407,8192.129629629619,115.3821074595721,0
1908,32,0,0,193,0.0,0.0,1.0,193,5550,4000,1550,0.7207207207207207,71,40,31,225.31409892457987,0.424407203511802,0.7913462732229477,0.13157302131038678,1049701.7794821842,3152.5221167111804,1052854.3015988953,1907,1,878.2020725388601,73,120,38,38.09147614860407,0.5964611872146119,43.86261261261261,8196.39639639639,112.27940269036152,0
1909,32,1,2,192,0.005154639175257732,0.010309278350515464,0.9896907216494846,194,5650,4000,1650,0.7079646017699115,73,40,33,220.28515624999983,0.42565167459003256,0.7877061855670107,0.12957950367647073,1051939.5134779771,1895.3320184090371,1053834.845496386,1908,0,874.6701030927835,64,130,37,37.94140625000001,0.6041666666666667,43.5897435897436,8205.128205128221,128.20512820512846,0
1910,32,2,0,194,0.010309278350515464,0.0,1.0,194,5150,3200,1950,0.6213592233009708,71,32,39,220.86691903902465,0.4255214732119011,0.7877313852286247,0.13124240891657765,1055022.448979594,2653.911564626011,1057676.36054422,1909,0,874.2628865979382,69,125,43,37.542738757533634,0.605072463768116,43.21428571428572,8217.142857142875,119.08902691511413,0
1911,32,2,1,195,0.01020408163265306,0.00510204081632653,0.9948979591836735,196,5050,3600,1450,0.7128712871287128,65,36,29,218.83993447269827,0.42751667974882257,0.7890192549130863,0.1309575316866434,1057160.0149230573,2019.7656785838699,1059179.7806016412,1910,0,866.3316326530612,71,125,40,37.329095607962344,0.6066607981220657,42.95428240740742,8225.462962962989,115.85159102764773,0
1912,32,1,0,196,0.00510204081632653,0.0,1.0,196,5600,4100,1500,0.7321428571428571,71,41,30,216.79038680997587,0.4291633961276819,0.7871032815167334,0.13045050378538886,1058831.6027605778,1108.902545818522,1059940.5053063964,1911,0,857.5969387755102,72,124,42,37.17423359958583,0.6082175925925926,42.75114155251142,8231.963470319646,114.33282597666175,0
1913,32,3,0,199,0.01507537688442211,0.0,1.0,199,6250,4800,1450,0.768,77,48,29,208.6068938423566,0.4309838333079539,0.7816128635935486,0.12653142425846384,1061233.1107212724,-1773.891425954601,1059459.2192953178,1912,0,845.6532663316583,66,133,41,37.08710634872723,0.614425505050505,42.45957711442787,8241.293532338334,124.86808382330808,0
1914,32,1,0,200,0.005,0.0,1.0,200,5100,3300,1800,0.6470588235294118,69,33,36,203.41105330004365,0.431714824120603,0.7769412206247461,0.12400126828945697,1062740.0829081682,-1865.3840702945718,1060874.6988378735,1913,0,842.42,69,131,45,37.03441066651269,0.6145833333333333,42.27678571428573,8247.142857142895,119.52380952381007,0
1915,32,0,0,200,0.0,0.0,1.0,200,6300,4200,2100,0.6666666666666666,84,42,42,203.34486256123807,0.43145833333333333,0.7763574234962085,0.12443769086840989,1063888.6315183202,-3032.742488688541,1060855.8890296316,1914,1,843.42,72,128,44,36.89405677605003,0.6144386574074074,42.13755707762558,8251.598173516006,114.60553018772231,0
1916,32,1,1,200,0.004975124378109453,0.004975124378109453,0.9950248756218906,201,4600,2900,1700,0.6304347826086957,63,29,34,201.77981868233405,0.4320004145936982,0.7753138275891891,0.12399813733581663,1065138.6697530916,-1815.3024691354935,1063323.3672839561,1915,0,840.2189054726368,74,127,38,36.779911539358714,0.6150056306306306,41.98611111111113,8256.444444444485,111.57357357357412,0
1917,32,1,4,197,0.004975124378109453,0.01990049751243781,0.9800995024875622,201,5950,3700,2250,0.6218487394957983,82,37,45,200.1591437290227,0.43172678275290216,0.7746600057223194,0.1237300896145907,1066894.769522979,-3440.2512966613103,1063454.5182263176,1916,0,841.2139303482587,77,124,42,36.604864846228125,0.6158008658008658,41.77350427350429,8263.247863247896,107.31490731490774,0
1918,32,2,2,197,0.010050251256281407,0.010050251256281407,0.9899497487437185,199,6450,4300,2150,0.6666666666666666,86,43,43,207.046957471701,0.4306761078117862,0.7803546865879425,0.12870868950803432,1068560.7495408608,-2001.5495867770278,1066559.1999540837,1917,0,850.4371859296482,65,134,43,36.22129595700501,0.6240384615384615,41.57196969696969,8269.69696969695,127.22610722610692,0
1919,32,1,0,198,0.005050505050505051,0.0,1.0,198,5700,3700,2000,0.6491228070175439,77,37,40,191.37503917205578,0.430162453639611,0.7613437300937318,0.1180146074894338,1066176.3115197343,-4492.093323718798,1061684.2181960156,1918,0,855.4494949494949,85,113,40,36.92031875625627,0.611764705882353,41.86046511627905,8260.465116279021,97.18194254445908,8
1920,32,2,5,195,0.01,0.025,0.975,200,6200,4600,1600,0.7419354838709677,78,46,32,192.91083263458205,0.4313625418760469,0.7601288874106098,0.11658018458610481,1060124.114514919,-5298.114874585633,1054825.9996403335,1919,0,847.885,72,128,43,37.62854093907647,0.6098090277777778,42.59417808219178,8236.986301369867,114.40258751902593,8
1921,32,2,0,197,0.01015228426395939,0.0,1.0,197,6150,4200,1950,0.6829268292682927,81,42,39,190.28731241496186,0.42974226492627504,0.7545934817869595,0.11582054527304404,1062273.7777777808,-5122.555555555405,1057151.2222222253,1920,0,861.1319796954315,74,123,42,37.43026358344113,0.6114864864864865,42.33333333333334,8245.333333333358,111.42342342342376,0
1922,32,3,2,198,0.015,0.01,0.99,200,5900,4000,1900,0.6779661016949152,78,40,38,183.37369042281128,0.4309364530988275,0.7484475022434944,0.1124804123088914,1064590.858862978,-6856.409083981144,1057734.4497789969,1921,0,849.2,80,120,41,37.32239006880051,0.61171875,42.05246913580247,8254.320987654319,103.17901234567898,0
1923,32,0,0,198,0.0,0.0,1.0,198,4850,3200,1650,0.6597938144329897,65,32,33,186.28464500552715,0.4303493906920303,0.7512192002771207,0.11442873692899229,1065015.5061897757,-4770.792900811194,1060244.7132889645,1922,1,856.3888888888889,80,118,42,37.19490413052872,0.6122395833333334,42.001028806584365,8255.96707818931,103.19958847736636,0
1924,32,2,0,200,0.01,0.0,1.0,200,5200,3600,1600,0.6923076923076923,68,36,32,189.65143129730737,0.43176926298157453,0.7587722419928831,0.11738337487784856,1067271.3019031116,-4718.094002306887,1062553.2079008047,1923,0,848.815,84,116,44,36.82977461447211,0.6134672619047619,41.72794117647058,8264.705882352922,98.3893557422967,0
1925,32,3,0,203,0.014778325123152709,0.0,1.0,203,5700,3500,2200,0.6140350877192983,79,35,44,183.79186443233857,0.43265009998536796,0.7547709272291705,0.11474972944337015,1069845.44444445,-6974.222222221907,1062871.222222228,1924,0,837.256157635468,74,129,43,36.66411537222042,0.620777027027027,41.416666666666686,8274.666666666712,111.81981981982042,0
1926,32,1,0,204,0.004901960784313725,0.0,1.0,204,5000,3800,1200,0.76,62,38,24,180.2719214510857,0.43309004636337295,0.7510461362801271,0.1129016291764953,1070760.627260033,-7194.384861932521,1063566.2423981004,1925,0,834.1470588235294,77,127,47,36.642564916627954,0.6205357142857143,41.306089743589766,8278.205128205182,107.5091575091582,0
1927,32,0,2,202,0.0,0.00980392156862745,0.9901960784313726,204,6450,5000,1450,0.7751937984496124,79,50,29,180.35926766489175,0.4331499122637561,0.7509410326184671,0.11331919672620118,1071705.4336021743,-8591.598568604895,1063113.8350335695,1926,1,835.1470588235294,78,126,46,36.5241406833775,0.6212606837606838,41.1919831223629,8281.856540084462,106.17764794980079,0
1928,32,1,1,202,0.0049261083743842365,0.0049261083743842365,0.9950738916256158,203,5600,4500,1100,0.8035714285714286,67,45,22,181.18437457449366,0.432764920580728,0.7512960542335128,0.11427889810221965,1072842.797851573,-7323.529730902213,1065519.2681206707,1927,0,840.0935960591133,79,124,52,36.3630030505691,0.6222310126582278,41.054687500000036,8286.250000000082,104.88924050633015,0
1929,32,0,2,200,0.0,0.009900990099009901,0.9900990099009901,202,5400,3600,1800,0.6666666666666666,72,36,36,182.3439607322702,0.43241814853127103,0.7516802321096643,0.1153492241261859,1073706.12250435,-6643.23459201335,1067062.8879123367,1928,1,845.0297029702971,79,123,39,36.22691002764515,0.6232858649789029,40.950520833333364,8289.58333333341,104.93143459915709,0
1930,32,0,1,199,0.0,0.005,0.995,200,6100,4500,1600,0.7377049180327869,77,45,32,185.98485617281588,0.4313970896147404,0.7549345043167612,0.11809510999706807,1074805.7651272707,-6120.4808718181885,1068685.2842554525,1929,4,854.365,80,120,41,35.997506698422164,0.62421875,40.81790123456791,8293.827160493855,103.67283950617318,0
1931,32,0,1,198,0.0,0.005025125628140704,0.9949748743718593,199,4700,3100,1600,0.6595744680851063,63,31,32,185.89040166822252,0.4309330744632252,0.7533093052790261,0.11834946766380056,1075582.9947719867,-4511.8890148649925,1071071.1057571217,1930,5,859.6331658291457,83,116,43,35.904518206747056,0.623995983935743,40.72420634920636,8296.825396825428,99.96175176898106,0
1932,32,1,0,199,0.005025125628140704,0.0,1.0,199,5400,3800,1600,0.7037037037037037,70,38,32,186.67032689224143,0.4306464984856944,0.7547786676437753,0.11946900921103347,1077107.3776479077,-4987.202743284453,1072120.1749046233,1931,0,860.6030150753769,73,126,40,35.69720232928236,0.6301369863013699,40.540540540540505,8302.702702702622,113.73565346167975,0
1933,32,2,0,201,0.009950248756218905,0.0,1.0,201,5950,4400,1550,0.7394957983193278,75,44,31,182.4957366570201,0.4315609452736318,0.7507786583896321,0.11758820725753424,1079068.1500657368,-6764.932610125416,1072303.2174556113,1932,0,853.0298507462686,77,124,45,35.56515478761694,0.6306818181818181,40.30448717948715,8310.256410256336,107.92540792540696,0
1934,32,1,0,202,0.0049504950495049506,0.0,1.0,202,5750,3800,1950,0.6608695652173913,77,38,39,181.24288635848987,0.43168439978326195,0.751087972442605,0.11756358212701426,1081000.9060271871,-6965.255127098384,1074035.6509000887,1933,0,849.8019801980198,80,122,44,35.3610066627086,0.6317708333333334,40.07201646090532,8317.695473250946,103.97119341563682,0
1935,32,0,2,200,0.0,0.009900990099009901,0.9900990099009901,202,5400,4100,1300,0.7592592592592593,67,41,26,182.8373569097318,0.4314996798187281,0.7532016386198357,0.11919799377018413,1082456.394352499,-6217.306777310575,1076239.0875751884,1934,1,850.8019801980198,82,120,38,35.141435464414975,0.6327489837398375,39.89708835341362,8323.293172690674,101.50357527671554,0
1936,32,0,0,200,0.0,0.0,1.0,200,6800,5100,1700,0.75,85,51,34,185.44812909391285,0.430294702680067,0.7548471110253716,0.12129594664457907,1083396.7294882245,-6617.220689989284,1076779.508798235,1935,3,860.235,82,118,42,34.958482042378066,0.6338922764227642,39.78413654618471,8326.907630522013,101.54765403075626,0
1937,32,1,2,199,0.004975124378109453,0.009950248756218905,0.9900497512437811,201,5150,3600,1550,0.6990291262135923,67,36,31,185.24396625131615,0.43037728026534,0.7560526464917257,0.12169738116807116,1084660.9861591575,-5164.619377163245,1079496.3667819942,1936,0,856.9502487562189,84,117,44,34.80919937870655,0.6346726190476191,39.632352941176435,8331.76470588226,99.18767507002691,0
1938,32,0,1,198,0.0,0.005025125628140704,0.9949748743718593,199,5600,4100,1500,0.7321428571428571,71,41,30,189.8381310759559,0.42911210090858337,0.7603097674065578,0.12531543491260322,1086034.16495199,-4165.860768175476,1081868.3041838144,1937,1,866.4020100502513,71,128,43,34.52169406189842,0.642018779342723,39.467592592592595,8337.037037037044,117.42305685967668,0
1939,32,0,0,198,0.0,0.0,1.0,198,5050,3700,1350,0.7326732673267327,64,37,27,185.66042804245197,0.42856921584713464,0.7534297391717997,0.12295023196116059,1086947.1329437583,-4289.386007629029,1082657.7469361292,1938,2,871.6717171717172,73,125,45,34.51901958666379,0.6421232876712328,39.35810810810812,8340.540540540569,114.25398000740506,0
1940,32,0,0,198,0.0,0.0,1.0,198,6250,4500,1750,0.72,80,45,35,185.034353776281,0.4283710625715702,0.7517869568471218,0.12325477027358815,1088613.0858773887,-5563.836228454735,1083049.249648934,1939,3,872.6717171717172,75,123,41,34.3319780883821,0.6431944444444444,39.15844298245615,8346.92982456143,111.29239766081906,0
1941,32,0,0,198,0.0,0.0,1.0,198,5150,3800,1350,0.7378640776699029,65,38,27,185.53983067790364,0.4283683920422499,0.7515034120895676,0.12396466067237405,1089469.113300933,-4322.017037867765,1085147.0962630652,1940,4,873.6717171717172,78,120,48,34.214354893043634,0.6428952991452992,39.05590717299579,8350.21097046415,107.05398680082243,0
1942,32,0,0,198,0.0,0.0,1.0,198,5850,4000,1850,0.6837606837606838,77,40,37,187.06141055458107,0.4281045437454067,0.7528104797389485,0.11845007613269697,1073994.8113845373,-5269.4031308212725,1068725.408253716,1941,5,874.6717171717172,85,113,38,36.06923016986128,0.6213235294117647,40.91569767441862,8290.697674418643,97.53761969904286,8
1943,32,0,1,197,0.0,0.005050505050505051,0.9949494949494949,198,6000,4200,1800,0.7,78,42,36,184.5573100807086,0.42802122323061415,0.7490118577075073,0.11720031500949016,1074834.8542240663,-5926.274104682819,1068908.5801193835,1942,6,875.6717171717172,87,111,39,36.03093411277551,0.6216475095785441,40.81439393939396,8293.939393939452,95.33263671194773,0
1944,32,0,0,197,0.0,0.0,1.0,197,4850,3000,1850,0.6185567010309279,67,30,37,184.1295671929866,0.4276606581718982,0.7472819028327471,0.11717759391272756,1075456.3680748492,-4645.336882287114,1070811.031192562,1943,7,880.8680203045685,90,107,42,35.96571592564797,0.6214120370370371,40.73946886446888,8296.336996337042,92.1815221815227,0
1945,32,1,0,198,0.005050505050505051,0.0,1.0,198,5750,3800,1950,0.6608695652173913,77,38,39,181.21790698070518,0.42829895827992276,0.7447091903171599,0.11574411253650783,1076515.6937100566,-6333.215830796272,1070182.4778792604,1944,0,877.4141414141415,78,120,43,35.91123593601731,0.6271367521367521,40.61181434599157,8300.421940928292,106.41566590933708,0
1946,32,0,0,198,0.0,0.0,1.0,198,6050,4200,1850,0.6942148760330579,79,42,37,177.95677121085888,0.4279640739031602,0.7395636410531445,0.11406664956906952,1077552.3882679439,-7298.45123465693,1070253.937033287,1945,1,878.4141414141415,82,116,40,35.86873730534865,0.6267784552845528,40.486947791164695,8304.417670682831,101.27338622783941,0
1947,32,0,0,198,0.0,0.0,1.0,198,5300,4100,1200,0.7735849056603774,65,41,24,178.35242721093297,0.4276980891828608,0.7392427318075234,0.11459021733725284,1078237.9108996638,-6438.730296039454,1071799.1806036243,1946,2,879.4141414141415,84,114,43,35.77446143920444,0.6268601190476191,40.40441176470591,8307.058823529489,98.8935574229701,0
1948,32,1,1,198,0.005025125628140704,0.005025125628140704,0.9949748743718593,199,4800,2600,2200,0.5416666666666666,70,26,44,172.77351583235512,0.4282840972539465,0.7318025716379843,0.11149644189786244,1079517.108617749,-7297.606748586277,1072219.5018691628,1947,0,875.9899497487437,88,111,42,35.76268417969634,0.6270123106060606,40.250468164794036,8311.98501872667,94.45437521280306,0
1949,32,0,0,198,0.0,0.0,1.0,198,5650,3800,1850,0.672566371681416,75,38,37,174.8090736508957,0.4276724521013861,0.7354304655345032,0.11319002223012163,1080490.172484545,-7474.102771815662,1073016.0697127294,1948,1,881.1868686868687,88,110,44,35.59072347580657,0.6281960227272727,40.13342696629216,8315.730337078732,94.49693564862196,0
1950,32,1,2,197,0.005025125628140704,0.010050251256281407,0.9899497487437185,199,5050,3600,1450,0.7128712871287128,65,36,29,177.42310340572809,0.4281371080994196,0.7396493971537696,0.11536974572718729,1081711.8308475015,-6465.865996068707,1075245.9648514327,1949,0,877.7537688442211,92,107,35,35.373319979322794,0.6283967391304348,39.98655913978496,8320.430107526918,90.43945769050997,0
1951,32,0,0,197,0.0,0.0,1.0,197,5850,4100,1750,0.7008547008547008,76,41,35,182.12088748504857,0.4271675040574605,0.743732760431844,0.11861612584895803,1082177.8549382754,-5832.561728394861,1076345.2932098806,1950,3,887.4771573604061,92,105,36,35.194147752558955,0.6289628623188406,39.930555555555564,8322.222222222252,90.45893719806796,0
1952,32,0,0,197,0.0,0.0,1.0,197,5200,3900,1300,0.75,65,39,26,183.1774470420744,0.4272344089920232,0.7456386229191583,0.1197085552426713,1083151.4331332743,-4918.217143736476,1078233.2159895378,1951,4,888.4771573604061,94,103,37,35.04756837624846,0.629543439716312,39.813596491228076,8325.96491228072,88.57409481149702,0
1953,32,1,1,197,0.005050505050505051,0.005050505050505051,0.9949494949494949,198,5450,3800,1650,0.6972477064220184,71,38,33,184.41913069372652,0.4274625484968124,0.7497765044303244,0.12117840733566387,1084715.1649775612,-5041.554444906993,1079673.6105326542,1952,0,884.9848484848485,97,101,39,34.824052906597,0.6305841924398625,39.62585034013607,8331.97278911569,85.89662669191434,0
1954,32,0,0,197,0.0,0.0,1.0,197,5700,4200,1500,0.7368421052631579,72,42,30,187.14334297876408,0.4265545685279188,0.7534725244795029,0.12361344510167839,1086211.9233802706,-4444.533895044638,1081767.389485226,1953,1,890.4517766497462,75,122,40,34.570182360161326,0.6402777777777777,39.44627192982456,8337.71929824561,111.16959064327482,0
1955,32,1,1,197,0.005050505050505051,0.005050505050505051,0.9949494949494949,198,5150,3800,1350,0.7378640776699029,65,38,27,182.0909766616566,0.427128732331778,0.7467190787288223,0.12091288566743813,1087717.5690106777,-5137.289105360463,1082580.2799053174,1954,0,886.9494949494949,81,117,42,34.51801664636619,0.6395318930041152,39.26575203252033,8343.495934959372,103.0061226538194,0
1956,32,0,0,197,0.0,0.0,1.0,197,4850,3400,1450,0.7010309278350515,63,34,29,185.47777894367357,0.4262955816844504,0.7507800572070449,0.12351120409440437,1088523.494076706,-3870.615998129192,1084652.8780785769,1955,1,892.4010152284264,82,115,43,34.33134452838054,0.6401168699186992,39.1691767068273,8346.586345381507,101.78763835831107,0
1957,32,0,1,196,0.0,0.005076142131979695,0.9949238578680203,197,6100,4000,2100,0.6557377049180327,82,40,42,186.44821232765867,0.4260452277357643,0.7504966724021787,0.12461482213763837,1089567.5605536313,-4870.415224913535,1084697.1453287178,1956,2,893.4010152284264,84,113,42,34.178641870949576,0.640625,39.04411764705882,8350.588235294103,99.41176470588218,0
1958,32,0,0,196,0.0,0.0,1.0,196,5800,4300,1500,0.7413793103448276,73,43,30,188.78791188866876,0.42599642421070993,0.744071905379813,0.1182443466896825,1070783.7663752139,-4569.7937323480755,1066213.9726428657,1957,3,897.6377551020408,85,111,38,36.41941349065143,0.6174019607843138,41.3032945736434,8278.29457364338,97.3917008663927,8
1959,32,0,0,196,0.0,0.0,1.0,196,6350,4900,1450,0.7716535433070866,78,49,29,189.37911663689218,0.4259391897784755,0.7443100255797899,0.11906340133120047,1071895.9383573334,-4951.058813443269,1066944.8795438902,1958,4,898.6377551020408,89,107,41,36.267262516955086,0.6173923220973783,41.16898148148147,8282.592592592551,93.06283811901743,0
1960,32,0,0,196,0.0,0.0,1.0,196,4350,3000,1350,0.6896551724137931,57,30,27,189.0245376595634,0.4258405285191,0.7434855916615588,0.11903437101264358,1072375.3086419709,-3008.9506172841416,1069366.3580246868,1959,5,899.6377551020408,89,107,42,36.2174758583691,0.6179775280898876,41.1111111111111,8284.444444444409,93.0836454431956,0
1961,32,0,1,195,0.0,0.00510204081632653,0.9948979591836735,196,5750,3900,1850,0.6782608695652174,76,39,37,192.91448943067203,0.42575440432583295,0.7503966734146743,0.12196119416549281,1073526.2345679032,-3530.2469135801325,1069995.987654323,1960,6,900.6377551020408,89,107,36,35.975201072386064,0.6193820224719101,40.97222222222223,8288.888888888905,93.13358302122366,0
1962,32,0,1,194,0.0,0.005128205128205128,0.9948717948717949,195,6700,4600,2100,0.6865671641791045,88,46,42,190.4277506835675,0.4253326284254119,0.7473980207658435,0.12093170406565168,1074843.2096756934,-4764.005048790426,1070079.204626903,1961,7,904.8564102564103,93,102,39,35.87775414368576,0.6197356630824373,40.81338652482269,8293.971631205659,89.18249065812536,0
1963,32,1,0,195,0.005128205128205128,0.0,1.0,195,5600,4300,1300,0.7678571428571429,69,43,26,200.31890198000784,0.42501762269803506,0.76136380216715,0.12773804048351592,1076046.0370852598,-1489.5278742285218,1074556.5092110313,1962,0,905.8153846153846,95,100,41,35.473500697350076,0.6206140350877193,40.66840277777777,8298.611111111091,87.35380116959044,0
1964,32,1,0,196,0.00510204081632653,0.0,1.0,196,5200,3800,1400,0.7307692307692307,66,38,28,195.57851377642947,0.4258590615733473,0.7571762546105301,0.12534570183718938,1077514.9755277974,-2252.2445028855154,1075262.7310249119,1963,0,902.1887755102041,77,119,41,35.41602339783174,0.6287878787878788,40.491452991452995,8304.273504273515,107.84770784770798,0
1965,32,0,2,194,0.0,0.01020408163265306,0.9897959183673469,196,5400,4000,1400,0.7407407407407407,68,40,28,195.68120531187236,0.4260165925344497,0.7576497352526417,0.1259610909079844,1078785.167100693,-2380.403645833387,1076404.7634548596,1964,1,903.1887755102041,79,117,44,35.25745495269615,0.6294831223628692,40.338541666666664,8309.166666666657,105.17932489451465,0
1966,32,0,1,193,0.0,0.005154639175257732,0.9948453608247423,194,5700,3900,1800,0.6842105263157895,75,39,36,195.74894618174721,0.4254291081316881,0.7551352454833122,0.12641076447798233,1079717.6920862324,-2229.2799200663912,1077488.412166166,1965,2,913.1237113402062,80,114,42,35.14129537953796,0.6302083333333333,40.22633744855967,8312.757201646082,103.90946502057602,0
1967,32,1,1,193,0.005154639175257732,0.005154639175257732,0.9948453608247423,194,4600,3000,1600,0.6521739130434783,62,30,32,196.80207827604292,0.425657795167637,0.7567702704922468,0.12765323655418484,1080994.4622868984,-851.6086434090284,1080142.8536434893,1966,0,904.3917525773196,82,112,50,34.957369674729996,0.6309705284552846,40.07279116465863,8317.67068273092,101.43500832598684,0
1968,32,0,0,193,0.0,0.0,1.0,193,5650,4300,1350,0.7610619469026548,70,43,27,199.68117797612092,0.42569129605641914,0.7576883235792926,0.1300846605218218,1082247.4864316701,-1029.109409525664,1081218.3770221444,1967,1,907.3471502590673,82,111,39,34.72892438353523,0.6324949186991871,39.92218875502008,8322.489959839355,101.4937799980409,0
1969,32,0,0,193,0.0,0.0,1.0,193,4750,3300,1450,0.6947368421052632,62,33,29,198.91598398892074,0.425546245322395,0.7566157968853344,0.12993804123337804,1083027.9219530947,-263.6870434448365,1082764.2349096497,1968,2,908.3471502590673,84,109,41,34.65320301460199,0.6326884920634921,39.82843137254902,8325.490196078428,99.1129785247432,0
1970,32,0,0,193,0.0,0.0,1.0,193,5550,3700,1850,0.6666666666666666,74,37,37,196.28562325416775,0.42520442033678757,0.7533841268830888,0.12863622318111623,1083959.4248580285,-1596.8697419026112,1082362.5551161258,1969,3,909.3471502590673,85,108,43,34.60758023484885,0.6334558823529413,39.716569767441854,8329.069767441839,97.98905608755105,0
1971,32,0,1,192,0.0,0.0051813471502590676,0.9948186528497409,193,4800,3300,1500,0.6875,63,33,30,199.68299338668126,0.4252392774899252,0.7572072431635173,0.13114185113842886,1084570.6192840668,-85.93844042219825,1084484.6808436445,1970,4,910.3471502590673,86,107,43,34.44431670115737,0.6338420542635659,39.64319923371647,8331.417624521064,96.87694912233795,0
1972,32,0,0,192,0.0,0.0,1.0,192,5100,3000,2100,0.5882352941176471,72,30,42,202.7893675507496,0.4243757726148924,0.7611792286899206,0.13363908394523022,1085551.7511145386,527.670610425072,1086079.4217249637,1971,5,916.0520833333334,71,121,44,34.24331630008144,0.6414319248826291,39.525462962962955,8335.18518518517,117.39697443922775,0
1973,32,0,0,192,0.0,0.0,1.0,192,5000,3300,1700,0.66,67,33,34,202.48208996071045,0.424240565008726,0.7600832500495205,0.13381456505757616,1086360.1809157117,593.6959763817626,1086953.8768920933,1972,6,917.0520833333334,73,119,40,34.15238461815496,0.6414098173515982,39.42849099099099,8338.288288288279,114.22312723682573,0
1974,32,0,0,192,0.0,0.0,1.0,192,4900,3600,1300,0.7346938775510204,62,36,26,200.9961724441261,0.4240633180628272,0.7586927641042034,0.1333651167532237,1087501.3611111129,416.7222222223045,1087918.0833333351,1973,7,918.0520833333334,74,118,45,34.05152895423792,0.6423141891891893,39.29166666666667,8342.66666666668,112.73873873873893,0
1975,32,1,0,193,0.0051813471502590676,0.0,1.0,193,5150,3300,1850,0.6407766990291263,70,33,37,204.46310588891637,0.42457699158031087,0.7660512977542129,0.13666296994446303,1089583.5090234454,805.9256760556696,1090389.4346995011,1974,0,914.2901554404145,76,117,45,33.706583722135825,0.6439144736842105,39.0422077922078,8350.649350649363,109.87696514012319,0
1976,32,1,0,194,0.005154639175257732,0.0,1.0,194,4850,3800,1050,0.7835051546391752,59,38,21,203.3157129783689,0.424904407706141,0.766294407162516,0.1365469962514472,1090936.729600696,710.9157986111809,1091647.6453993071,1975,0,910.5721649484536,79,115,33,33.57123267178617,0.6442510548523206,38.880208333333336,8355.833333333343,105.77004219409295,0
1977,32,0,0,194,0.0,0.0,1.0,194,4950,3900,1050,0.7878787878787878,60,39,21,208.11112029086192,0.4249845316311451,0.773385398140503,0.14042489641147304,1092261.5354409078,1712.3543582449988,1093973.8897991527,1976,1,911.5721649484536,80,114,36,33.28421600958149,0.6454427083333334,38.72170781893005,8360.90534979426,104.51131687242825,0
1978,32,0,0,194,0.0,0.0,1.0,194,5400,3700,1700,0.6851851851851852,71,37,34,207.81296457286092,0.42521711358011505,0.7733409468220016,0.1404974078264044,1092811.0153719732,1220.059364465823,1094031.074736439,1977,2,912.5721649484536,81,113,37,33.22492870914955,0.645704732510288,38.655995934959364,8363.008130081344,103.24701395162153,0
1979,32,0,0,194,0.0,0.0,1.0,194,6050,4200,1850,0.6942148760330579,79,42,37,204.29008779686268,0.4249238822712462,0.7689915091434347,0.13889355098761624,1094389.9695294844,-135.39540816291537,1094254.5741213216,1978,3,913.5721649484536,69,125,38,33.12440730203892,0.6532306763285024,38.467261904761926,8369.047619047666,121.29054520358936,0
1980,32,0,0,194,0.0,0.0,1.0,194,4750,3500,1250,0.7368421052631579,60,35,25,203.03492653536233,0.4248087041290529,0.7660979509703594,0.13850949250818717,1095341.5189096835,928.5169645920919,1096270.0358742755,1979,4,914.5721649484536,71,123,37,33.04125195834485,0.6533157276995305,38.353587962962976,8372.685185185217,117.92514345331291,0
1981,32,0,0,194,0.0,0.0,1.0,194,5000,3600,1400,0.72,64,36,28,207.2514741588613,0.4247942373092606,0.7708746258729615,0.14214149776382168,1096831.6289262306,1663.9943998055805,1098495.6233260361,1980,5,915.5721649484536,73,121,39,32.74932795698925,0.654109589041096,38.1756756756757,8378.378378378433,114.77230655312921,0
1982,32,0,0,194,0.0,0.0,1.0,194,5200,3300,1900,0.6346153846153846,71,33,38,208.54172886639643,0.42475139326602923,0.7729458368015492,0.1437238813155591,1098187.5586419809,1803.5864197533633,1099991.1450617341,1981,6,916.5721649484536,74,120,37,32.55038523387939,0.6552646396396397,38.01388888888891,8383.555555555598,113.29129129129187,0
1983,32,1,1,194,0.005128205128205128,0.005128205128205128,0.9948717948717949,195,5050,3600,1450,0.7128712871287128,65,36,29,209.44753941377786,0.42466627015596087,0.7766845183529278,0.14539732670770664,1100198.5707140649,2036.776700523235,1102235.347414588,1982,0,912.8666666666667,75,120,40,32.28186633214857,0.6572222222222222,37.77412280701754,8391.22807017543,111.8830409356724,0
1984,32,0,0,194,0.0,0.0,1.0,194,4600,3300,1300,0.717391304347826,59,33,26,207.70563398554663,0.42434409664725886,0.7736123730236086,0.14451102929897716,1100817.9497452353,2329.218030900789,1103147.167776136,1983,1,917.6185567010309,77,117,40,32.252208390611464,0.6570616883116883,37.70032051282052,8393.589743589757,109.00765900765919,0
1985,32,0,0,194,0.0,0.0,1.0,194,5000,3200,1800,0.64,68,32,36,206.8503097925347,0.4241755025550629,0.7745955358805368,0.14473630612218844,1102387.8233663903,1805.8525549711608,1104193.6759213614,1984,2,918.6185567010309,77,117,42,32.083810311201546,0.6589556277056277,37.513354700854705,8399.57264957266,109.08535908535922,0
1986,32,0,0,194,0.0,0.0,1.0,194,4150,3000,1150,0.7228915662650602,53,30,23,207.22188304280206,0.4240091341274505,0.7753760468137973,0.14532270120485472,1103007.3047212248,2763.45013885935,1105770.7548600843,1985,3,919.6185567010309,68,126,43,31.998787756823017,0.6642156862745099,37.43961352657003,8401.932367149717,123.55782892867231,0
1987,32,0,0,194,0.0,0.0,1.0,194,5800,3800,2000,0.6551724137931034,78,38,40,208.5313004482055,0.42360128109253425,0.7764456289804369,0.14690389377943353,1104250.6944444396,1454.1666666664064,1105704.8611111061,1986,4,920.6185567010309,69,125,43,31.81337562780862,0.6651570048309179,37.29166666666665,8406.666666666628,121.83574879226997,0
1988,32,0,0,194,0.0,0.0,1.0,194,5450,3800,1650,0.6972477064220184,71,38,33,208.14397939731117,0.4229803206737532,0.7759710584498818,0.14745357698356815,1105783.6914062437,1782.4435763885426,1107566.1349826322,1987,5,921.6185567010309,71,123,43,31.637464916625365,0.6659330985915493,37.10937499999998,8412.499999999953,118.48591549295708,0
1989,32,0,0,194,0.0,0.0,1.0,194,5250,3900,1350,0.7428571428571429,66,39,27,205.31634430636194,0.42252906717945976,0.7730871658810461,0.14584486480347683,1106523.9352528164,1387.489854719331,1107911.4251075357,1988,6,922.6185567010309,73,121,44,31.62201584412803,0.665810502283105,37.02139639639638,8415.315315315283,115.27829199062032,0
1990,32,0,0,194,0.0,0.0,1.0,194,5050,3700,1350,0.7326732673267327,64,37,27,205.16613027934036,0.422379947652369,0.7732955238120494,0.1463859586916054,1107733.4687318434,1603.8778321244736,1109337.3465639679,1989,7,923.6185567010309,76,118,44,31.479327335047135,0.6658442982456141,36.87770562770562,8419.913419913404,110.78833447254479,0
1991,32,0,0,194,0.0,0.0,1.0,194,4850,3300,1550,0.6804123711340206,64,33,31,203.80206769205802,0.42192535566120043,0.7715164295037866,0.14560069247522772,1108085.1806640648,1516.0101996529024,1109601.1908637178,1990,8,924.6185567010309,79,115,39,31.47259949202579,0.6649525316455696,36.83593750000001,8421.250000000018,106.59810126582302,0
1992,32,0,1,193,0.0,0.005154639175257732,0.9948453608247423,194,5300,3400,1900,0.6415094339622641,72,34,38,201.71408189151614,0.4215887238929545,0.7694756925947981,0.14471885688353991,1109232.8087819784,649.5755254810015,1109882.3843074595,1991,9,925.6185567010309,81,113,41,31.388557195928016,0.6655092592592593,36.69969512195123,8425.609756097587,104.01987353206897,0
1993,32,0,1,192,0.0,0.0051813471502590676,0.9948186528497409,193,5950,4600,1350,0.773109243697479,73,46,27,201.10482575887653,0.42077981073690274,0.7633369122001692,0.13884865907954502,1098689.196161149,-359.660128570471,1098329.5360325787,1992,10,930.8341968911917,77,116,42,32.68418951517005,0.6544913419913421,37.95405982905982,8385.470085470068,108.90220890220867,8
1994,32,0,2,190,0.0,0.010416666666666666,0.9895833333333334,192,5150,3400,1750,0.6601941747572816,69,34,35,197.43852851887505,0.420532581624491,0.7574263521688658,0.1368643074095311,1099801.0365332195,-121.3803366694483,1099679.65619655,1993,11,934.5260416666666,80,112,35,32.645088373309775,0.6545572916666667,37.82150205761317,8389.71193415639,104.87139917695488,0
1995,32,0,0,190,0.0,0.0,1.0,190,5550,4000,1550,0.7207207207207207,71,40,31,199.16163499682438,0.41972930010210713,0.7578072369388975,0.13827391553354598,1100232.6484148763,274.82662703850974,1100507.4750419147,1994,19,944.7736842105263,80,110,36,32.54744740326614,0.655078125,37.77006172839506,8391.35802469136,104.891975308642,0
1996,32,0,0,190,0.0,0.0,1.0,190,4650,3100,1550,0.6666666666666666,62,31,31,199.21576138728307,0.4194032535041307,0.7572253688240158,0.13897811721706352,1101562.699298473,1239.7303713153733,1102802.4296697883,1995,20,945.7736842105263,83,107,38,32.38441679663502,0.6554969879518072,37.61160714285715,8396.4285714286,101.16179001721204,0
1997,32,0,0,190,0.0,0.0,1.0,190,5050,3500,1550,0.693069306930693,66,35,31,198.60938731371039,0.4192413905133203,0.7556246036778691,0.13886910084224272,1102187.522144276,730.9576955783295,1102918.4798398542,1996,21,946.7736842105263,83,107,38,32.32444483817627,0.65625,37.53720238095239,8398.809523809537,101.19047619047636,0
1998,32,0,0,190,0.0,0.0,1.0,190,5500,4200,1300,0.7636363636363637,68,42,26,194.04317011290527,0.4188903972895201,0.7503720033066967,0.13634939812950278,1103550.2499999977,-672.7222222223454,1102877.5277777754,1997,22,947.7736842105263,74,116,37,32.27894124490984,0.6617398648648649,37.37499999999999,8403.999999999982,113.56756756756732,0
1999,32,0,1,189,0.0,0.005263157894736842,0.9947368421052631,190,5050,3800,1250,0.7524752475247525,63,38,25,190.89466024791352,0.4188567483523624,0.7469502568566035,0.13458108651313863,1104458.1054988028,-882.9690385505919,1103575.1364602523,1998,23,948.7736842105263,75,115,42,32.25156285321786,0.6623611111111112,37.266995614035075,8407.456140350843,112.09941520467791,0
2000,32,0,0,189,0.0,0.0,1.0,189,5900,4700,1200,0.7966101694915254,71,47,24,193.80860736673458,0.41853470111448837,0.7490471414242739,0.13743042784113352,1106047.1523438157,-827.7083444606528,1105219.443999355,1999,24,954.4391534391534,78,111,44,31.982405549983287,0.6629273504273504,37.078059071729946,8413.502109704612,107.86541166287964,0
2001,31.518494816137984,0,0,189,0.0,0.0,1.0,189,4150,2800,1350,0.6746987951807228,55,28,27,196.33369277521857,0.4183916375849,0.7509036617947522,0.139645795565472,1090224.0858948524,859.5441472445555,1091083.630042097,2000,25,955.4391534391534,79,110,45,31.815181518151817,0.6635021097046414,36.97916666666666,8290.020771952935,104.9369717968726,0
2002,31.52600716350385,0,0,189,0.0,0.0,1.0,189,4850,3300,1550,0.6804123711340206,64,33,31,193.67697618768614,0.41824036549213855,0.7473096616547574,0.13825566979077814,1091455.872667717,-372.025387885069,1091083.847279832,2001,26,956.4391534391534,79,110,37,31.765601547165478,0.6646888185654009,36.86197916666665,8295.691129781846,105.00874847825122,0
2003,31.70742399672634,0,0,189,0.0,0.0,1.0,189,4650,3500,1150,0.7526881720430108,58,35,23,198.40957470962357,0.41810551052572326,0.7533906989971864,0.14243652216374578,1099258.1345646556,1170.6677950134554,1100428.802359669,2002,27,957.4391534391534,79,110,38,31.45516037844699,0.6665348101265822,36.6796875,8349.208795387978,105.68618728339213,0
2004,31.844969148592902,0,0,189,0.0,0.0,1.0,189,4850,3200,1650,0.6597938144329897,65,32,33,201.3445154062789,0.4176821831963676,0.7569802298166635,0.1451934208774523,1105236.1156375834,1856.6460225132405,1107092.7616600967,2003,28,958.4391534391534,80,109,40,31.230780494948007,0.667578125,36.53549382716048,8390.019070823302,104.87523838529128,0
2005,31.79183601177388,0,0,189,0.0,0.0,1.0,189,5700,3800,1900,0.6666666666666666,76,38,38,199.7543058158271,0.41739840144095464,0.7549054629963625,0.14452438218239552,1104280.8744171204,616.971898977029,1104897.8463160973,2004,29,959.4391534391534,71,118,42,31.1644618875105,0.6728286384976525,36.429398148148124,8379.393351598568,118.01962467040237,0
2006,31.67772453437179,0,0,189,0.0,0.0,1.0,189,5650,3800,1850,0.672566371681416,75,38,37,200.89390834699466,0.41703839731321996,0.7568129023193224,0.14587619018057021,1101283.8112376002,798.2418077589109,1102082.053045359,2005,30,960.4391534391534,71,118,40,31.016359413292367,0.6740023474178404,36.31365740740739,8352.9833241241,117.6476524524521,0
2007,31.431513882577732,0,1,188,0.0,0.005291005291005291,0.9947089947089947,189,5900,4400,1500,0.7457627118644068,74,44,30,201.63282963105607,0.41700908101617323,0.7577676582436432,0.1469947852609996,1093772.4547970851,408.08700664831485,1094180.5418037334,2006,31,961.4391534391534,72,117,40,30.867882770806293,0.6747685185185186,36.18721461187213,8292.0352263284,115.16715592122779,0
2008,31.188176426916854,0,0,188,0.0,0.0,1.0,188,4950,3400,1550,0.6868686868686869,65,34,31,200.43468800000025,0.41672177816968176,0.7554615602836889,0.14668814988290396,1086317.1232248875,997.1267325275358,1087314.249957415,2007,32,956.9468085106383,73,115,42,30.774000000000015,0.675513698630137,36.064189189189186,8231.676632948907,112.76269360203983,0
2009,30.833100234807823,0,1,187,0.0,0.005319148936170213,0.9946808510638298,188,5750,4100,1650,0.7130434782608696,74,41,33,205.35580127406044,0.416424887169568,0.7592840274435633,0.15072640085791048,1074697.998279789,789.093712874921,1075487.091992664,2008,33,957.9468085106383,74,114,43,30.550258635805722,0.6759572072072072,35.972222222222214,8140.794936995771,110.01074239183475,0
2010,30.790882765117004,0,1,186,0.0,0.0053475935828877,0.9946524064171123,187,5250,3800,1450,0.7238095238095238,67,38,29,207.6537231353533,0.4160664999137485,0.7620624680394383,0.153044367341784,1074289.0193033144,1966.0229163519653,1076255.0422196663,2009,34,954.2513368983957,75,112,34,30.3562085992494,0.6768055555555555,35.84155701754385,8133.671649288623,108.4489553238483,0
2011,30.85015648752366,0,1,185,0.0,0.005376344086021506,0.9946236559139785,186,5350,4000,1350,0.7476635514018691,67,40,27,197.34309549353912,0.4158408408408409,0.7459178597394651,0.13893123437215105,1064398.9171327609,-539.6445706101704,1063859.2725621506,2010,35,959.9193548387096,77,109,40,32.12908829012029,0.6609848484848485,37.31303418803417,8103.93400253189,105.24589613677779,8
2012,31.199397297363802,0,0,185,0.0,0.0,1.0,185,5700,3700,2000,0.6491228070175439,77,37,40,195.6676747649029,0.4149542205248727,0.7409495012527285,0.13822753516905872,1077370.8211075012,-538.6713148685603,1076832.1497926326,2011,36,965.6378378378379,79,106,38,32.058384531536426,0.6612605485232068,37.20052083333331,8199.18536006105,103.78715645646899,0
2013,31.605025460465974,0,0,185,0.0,0.0,1.0,185,3900,2600,1300,0.6666666666666666,52,26,26,193.83402505028863,0.4146751370936153,0.7388682971170664,0.13727588344937156,1092055.894906948,1435.5179379413285,1093491.4128448893,2012,37,966.6378378378379,81,104,40,32.023372314036244,0.6612654320987654,37.11890243902436,8308.363781489797,102.57239236407158,0
2014,31.636989955046865,0,0,185,0.0,0.0,1.0,185,5300,3800,1500,0.7169811320754716,68,38,30,192.72620331340224,0.41449397767332546,0.7362697350816185,0.1370799051736158,1094322.8303067689,-119.06314316040789,1094203.7671636085,2013,38,967.6378378378379,83,102,45,31.91006600660063,0.6618975903614458,36.979166666666636,8321.187462134638,100.25527062812817,0
2015,31.321991024736313,0,0,185,0.0,0.0,1.0,185,4750,3500,1250,0.7368421052631579,60,35,25,193.0510179208549,0.414186741088915,0.7375251551597632,0.13808422052074237,1084924.3314986422,139.14931258285378,1085063.480811225,2014,39,968.6378378378379,85,100,35,31.716329191593793,0.6629901960784313,36.79748062015502,8244.02694970344,96.98855234945225,0
2016,31.184995121494484,0,0,185,0.0,0.0,1.0,185,5200,3700,1500,0.7115384615384616,67,37,30,195.11942456085376,0.41420020564042304,0.7413902739081248,0.13999579985375898,1080997.4526829827,-15.279816149757607,1080982.172866833,2015,40,969.6378378378379,86,99,36,31.560259500098528,0.6636385658914729,36.697796934865885,8211.07791806491,95.47765021005709,0
2017,31.45478602385072,0,0,185,0.0,0.0,1.0,185,5050,3300,1750,0.6534653465346535,68,33,35,193.4342954457929,0.41399701331766553,0.7399519741201808,0.1392213060011177,1091182.6216542465,164.42832447626643,1091347.0499787228,2016,41,970.6378378378379,89,96,39,31.502109148431348,0.663623595505618,36.597222222222214,8285.278013087873,93.09301138300981,0
2018,31.511980579740502,0,0,185,0.0,0.0,1.0,185,5950,4400,1550,0.7394957983193278,75,44,31,194.433482859251,0.4137007931844889,0.7420563753800009,0.14035539280837067,1093955.647653997,-409.678666617202,1093545.9689873797,2017,42,971.6378378378379,94,91,41,31.378913348036594,0.6630097517730497,36.502192982456144,8303.337777541054,88.33338061213887,0
2019,31.23171629665136,0,0,185,0.0,0.0,1.0,185,4950,3100,1850,0.6262626262626263,68,31,37,194.20843831491044,0.41355390716803764,0.7424559044710815,0.14044585843992927,1084701.4127408564,181.63348127583959,1084883.0462221322,2018,43,972.6378378378379,74,111,42,31.325973159078107,0.6711711711711712,36.44444444444445,8231.29233951746,111.23368026374946,0
2020,31.58525208467896,0,0,185,0.0,0.0,1.0,185,5350,4000,1350,0.7476635514018691,67,40,27,197.5792616111959,0.41324177438307874,0.7459681529206434,0.143505733012631,1098136.4621112556,1043.7982664546817,1099180.2603777102,2019,44,973.6378378378379,74,111,40,31.095500193124746,0.6725788288288288,36.305555555555564,8328.855501107173,112.55210136631315,0
2021,31.848110330980738,0,0,185,0.0,0.0,1.0,185,5050,3500,1550,0.693069306930693,66,35,31,195.83501345172766,0.41301042890716805,0.7432205314558269,0.1427499946762148,1108235.6099335337,1356.26711580337,1109591.8770493371,2020,45,974.6378378378379,77,108,41,31.02494009652054,0.6723484848484849,36.19123931623931,8401.81051653569,109.1144222926713,0
2022,31.41755460410876,0,0,185,0.0,0.0,1.0,185,4450,3300,1150,0.7415730337078652,56,33,23,190.77418685536173,0.41270931257344295,0.7354660464680682,0.13967251777592318,1094409.1009412429,307.0012638345902,1094716.1022050774,2021,46,975.6378378378379,81,104,42,31.01637950396251,0.6720679012345678,36.05182926829268,8292.606066618024,102.37785267429659,0
2023,31.836008001932846,0,0,185,0.0,0.0,1.0,185,5900,4600,1300,0.7796610169491526,72,46,26,192.70998853553462,0.41245715824520174,0.7385932137998261,0.14171104681811952,1110155.072355917,-112.4057467251614,1110042.6666091918,2022,47,976.6378378378379,83,102,44,30.823472326571494,0.6726907630522088,35.91269841269841,8407.485446542181,101.29500538002628,0
2024,31.365738616165142,0,0,185,0.0,0.0,1.0,185,5300,3700,1600,0.6981132075471698,69,37,32,191.5827378726242,0.41227844692518606,0.7354453747779144,0.14147548557729958,1094855.4192266457,-348.9202419758303,1094506.4989846698,2023,48,977.6378378378379,85,100,34,30.71804040218823,0.6732843137254902,35.78003875968993,8287.454241436864,97.4994616639631,0
2025,31.111110789089196,0,1,184,0.0,0.005405405405405406,0.9945945945945946,185,5150,3600,1550,0.6990291262135923,67,36,31,192.85914754288612,0.4119932432432432,0.7366430283195056,0.14319824129260342,1087380.051784233,-207.76203155054463,1087172.2897526824,2024,49,978.6378378378379,86,99,40,30.509200555505217,0.6746608527131783,35.60823754789273,8225.521413370087,95.64559782988472,0
2026,31.1111078903233,0,0,184,0.0,0.0,1.0,184,5200,3400,1800,0.6538461538461539,70,34,36,227.89694312579314,0.41121889106676174,0.7792611944339163,0.15430121865936972,1062855.316143647,6444.295506827271,1069299.6116504744,2025,50,984.4130434782609,79,105,40,32.64969904524699,0.6470200421940928,38.60677083333334,8132.232954404195,102.93965765068602,8
2027,31.57782376090247,0,0,184,0.0,0.0,1.0,184,4750,3400,1350,0.7157894736842105,61,34,27,215.4274218891506,0.4109602686703096,0.7664749606571906,0.14654214347949668,1080096.2632646668,4986.470677442628,1085082.7339421094,2026,51,985.4130434782609,67,117,39,32.81524540236618,0.654539800995025,38.449754901960794,8259.187544326747,123.27145588547384,8
2028,31.68486478722294,0,0,184,0.0,0.0,1.0,184,5200,3500,1700,0.6730769230769231,69,35,34,214.28331098644932,0.41059213391937915,0.7637983442347493,0.14630963555348844,1084794.515216277,4490.672092096795,1089285.1873083739,2027,52,986.4130434782609,71,113,39,32.71738679714713,0.6536091549295775,38.32465277777778,8291.147994885727,116.77673232233418,0
2029,31.38936120417603,0,0,184,0.0,0.0,1.0,184,5350,4200,1150,0.7850467289719626,65,42,23,211.34469314767136,0.4102122436049735,0.7600968908222039,0.14509489202966394,1076177.1485534308,3338.8658467121422,1079516.014400143,2028,53,987.4130434782609,72,112,38,32.60789602746442,0.6549479166666667,38.14212328767123,8219.551476281884,114.16043717058172,0
2030,31.03983642485251,0,1,183,0.0,0.005434782608695652,0.9945652173913043,184,4650,3200,1450,0.6881720430107527,61,32,29,209.24679139363695,0.4100260107309733,0.7571954677486294,0.14402899582788276,1064897.5116112507,3115.2774935443836,1068012.789104795,2029,54,988.4130434782609,74,110,44,32.57445210321671,0.6548423423423424,38.05555555555555,8130.712707954405,109.87449605343791,0
2031,31.203905809857062,0,1,182,0.0,0.00546448087431694,0.994535519125683,183,4350,3100,1250,0.7126436781609196,56,31,25,209.75077352718023,0.40977101223002865,0.7569155163610009,0.14479231943055867,1071307.8510704162,3991.5300895521577,1075299.3811599682,2030,55,994.224043715847,76,107,41,32.46364653243848,0.6548793859649122,37.95995670995671,8176.672829233367,107.58780038464957,0
2032,31.118139115987212,0,0,182,0.0,0.0,1.0,182,4750,3000,1750,0.631578947368421,65,30,35,208.06554190874277,0.40935330783397084,0.7538163926153338,0.14395084437148634,1068968.0206847794,3333.0821013788463,1072301.1027861582,2031,56,989.8571428571429,80,102,34,32.432109214012364,0.65390625,37.8858024691358,8156.506063040766,101.95632578800958,0
2033,30.715453252749228,0,0,182,0.0,0.0,1.0,182,4250,3000,1250,0.7058823529411765,55,30,25,205.51162434746072,0.4091351213243479,0.7510720505264132,0.14260227059088362,1055917.263649295,2750.6544058186514,1058667.9180551136,2032,57,990.8571428571429,82,100,35,32.399906667304855,0.6540904471544715,37.788654618473906,8053.940321406771,98.21878440739964,0
2034,30.294500398024617,0,0,182,0.0,0.0,1.0,182,4150,2700,1450,0.6506024096385542,56,27,29,207.68914746601803,0.4088714002388036,0.7549126365313961,0.1445079226053029,1042162.966774164,2739.1876179963774,1044902.1543921604,2033,58,991.8571428571429,83,99,35,32.25069339384772,0.6546184738955823,37.698412698412696,7946.295540910419,95.7385004928966,0
2035,30.052487275797784,0,1,181,0.0,0.005494505494505495,0.9945054945054945,182,4550,3300,1250,0.7252747252747253,58,33,25,204.92606802051833,0.4085336854673871,0.7515063533945385,0.1428678326164292,1034351.29478087,1443.108758275263,1035794.4035391452,2034,59,992.8571428571429,85,97,36,32.25665751042581,0.6545343137254902,37.63323643410853,7884.7738236562145,92.76204498419077,0
2036,30.161760499392592,0,0,181,0.0,0.0,1.0,181,4350,3000,1350,0.6896551724137931,57,30,27,205.57172898129826,0.40750844076120324,0.7513786950034269,0.14369044321652022,1038787.7504974641,2159.0787828716507,1040946.8292803357,2035,60,998.6243093922652,86,95,38,32.152619373479354,0.6550387596899225,37.54789272030653,7916.017602331041,92.0467163061749,0
2037,30.10486512846851,0,0,181,0.0,0.0,1.0,181,5450,4200,1250,0.7706422018348624,67,42,25,207.72191879154875,0.4073779926335175,0.755220222846384,0.14592709365654288,1038134.4153949515,1478.6545458762607,1039613.0699408278,2036,61,999.6243093922652,70,111,39,31.92749068901303,0.6636904761904762,37.38262910798121,7906.060531097194,112.94372187281706,0
2038,29.78733781109756,0,0,181,0.0,0.0,1.0,181,5000,3500,1500,0.7,65,35,30,217.65952640098698,0.40754169224473097,0.7661351759827391,0.14590756865313367,1015011.2963304641,2985.3756101880463,1017996.6719406521,2037,62,1000.6243093922652,69,112,35,33.261307929088545,0.6483997584541064,38.94345238095237,7776.179571727433,112.69825466271641,7
2039,30.35835063526777,0,1,180,0.0,0.0055248618784530384,0.994475138121547,181,5750,4100,1650,0.7130434782608696,74,41,33,219.4846306373857,0.4074317065684469,0.7668311768357774,0.14771626120698922,1035533.5853240506,3506.7412974914387,1039040.3266215421,2038,63,1001.6243093922652,73,108,36,33.07638327494835,0.6476883561643836,38.80912162162162,7929.324268544387,108.620880391019,0
2040,30.332940420108436,0,0,180,0.0,0.0,1.0,180,4950,3600,1350,0.7272727272727273,63,36,27,222.83369151907272,0.40740288123318846,0.7674666430511277,0.15085359979816365,1036236.2043263139,5231.667739148885,1041467.8720654628,2039,65,1007.8388888888888,74,106,39,32.78648600779313,0.6492117117117118,38.611111111111114,7928.693593145015,107.14450801547318,0
2041,30.609472861875663,0,0,180,0.0,0.0,1.0,180,5050,3700,1350,0.7326732673267327,64,37,27,226.39683192841514,0.4068746120422098,0.7699785943631818,0.15365383048313594,1046363.2536932384,6328.665136491888,1052691.9188297302,2040,66,1008.8388888888888,66,114,39,32.60643358306576,0.6543560606060606,38.5261194029851,8003.577652223701,121.26632806399547,0
2042,30.60801276988771,0,0,180,0.0,0.0,1.0,180,3850,2700,1150,0.7012987012987013,50,27,23,225.77821985084233,0.4064982929857232,0.7679593297543514,0.1536533720188583,1047047.2281559195,7430.0918545607665,1054477.3200104802,2041,67,1009.8388888888888,67,113,38,32.52885553928747,0.6546952736318408,38.43443627450983,8006.0021146727295,119.49256887571238,0
2043,31.17409138851921,0,0,180,0.0,0.0,1.0,180,5300,3400,1900,0.6415094339622641,72,34,38,214.02602443323192,0.4062183167804676,0.7554789335189367,0.13787821658974725,1051164.468039927,3695.310424011362,1054859.7784639385,2042,68,1010.8388888888888,72,108,44,34.75305419711705,0.6329571759259259,40.3110730593607,8095.566341033911,112.43842140324877,8
2044,31.37451094108745,0,0,180,0.0,0.0,1.0,180,5250,3800,1450,0.7238095238095238,67,38,29,215.38743252078615,0.40617434823091253,0.756929095943182,0.13941276312530473,1059264.5960279934,4380.456339727156,1063645.0523677205,2043,69,1011.8388888888888,73,107,43,34.54947634525099,0.6341324200913242,40.146396396396376,8152.7797293422145,111.68191410057828,0
2045,31.855192640321114,0,0,180,0.0,0.0,1.0,180,3550,2500,1050,0.704225352112676,46,25,21,207.15483924110745,0.4060605472791227,0.7494221507140304,0.13075257057476353,1068196.4409163634,4706.41239919056,1072902.8533155539,2044,70,1012.8388888888888,84,96,37,35.664710707300166,0.6205357142857143,41.029411764705884,8249.557976412572,98.2090235287211,8
2046,31.365793068757593,1,0,181,0.0055248618784530384,0.0,1.0,181,5200,3600,1600,0.6923076923076923,68,36,32,207.40489439561804,0.40647380806220584,0.7524815442559285,0.1315326752059356,1053147.850858157,2285.6037580419516,1055433.454616199,2045,0,1008.2375690607735,87,94,38,35.48708812960596,0.6211685823754789,40.86174242424244,8128.0769633196705,93.42617199218012,0
2047,31.129715883802252,0,0,181,0.0,0.0,1.0,181,5850,3900,1950,0.6666666666666666,78,39,39,208.46127947385392,0.4066208819316554,0.753863165838675,0.13273650772079434,1046367.4287352058,1575.4185987818369,1047942.8473339876,2046,1,1009.2375690607735,87,94,40,35.314706598490396,0.6226053639846743,40.71969696969699,8071.322167599543,92.77381801838555,0
2048,31.243181498991135,1,0,182,0.005494505494505495,0.0,1.0,182,4850,3300,1550,0.6804123711340206,64,33,31,210.15453580561604,0.40710187602452796,0.7567602364632067,0.13433929187574162,1051295.5534578157,2936.905806286971,1054232.4592641026,2047,0,1004.6868131868132,72,110,37,35.130408874220734,0.6302083333333333,40.58219178082191,8105.037666262235,112.56996758697548,0
2049,31.204318050832775,0,0,182,0.0,0.0,1.0,182,6050,4200,1850,0.6942148760330579,79,42,37,212.02209988071414,0.4069747586667476,0.7580277949623866,0.13602169372305523,1051008.9537536402,2117.4250736558292,1053126.378827296,2048,1,1005.6868131868132,73,109,40,34.95317641103518,0.6309931506849316,40.45608108108108,8098.890994105499,110.94371224802053,0
2050,30.9345594194861,0,0,182,0.0,0.0,1.0,182,4750,3300,1450,0.6947368421052632,62,33,29,211.91898789999644,0.406635779046,0.7554403907712928,0.13619308030143812,1042413.3685824657,3031.437208684544,1045444.8057911502,2049,2,1006.6868131868132,76,106,38,34.89349921834292,0.6302083333333333,40.39502164502166,8030.765628516505,105.6679687962698,0
2051,31.25929834040062,0,0,182,0.0,0.0,1.0,182,4900,3300,1600,0.673469387755102,65,33,32,210.18732953169942,0.4065687420314492,0.7537036437716844,0.13536393943091246,1053951.0680217352,3005.432088914334,1056956.5001106495,2050,3,1007.6868131868132,78,104,39,34.86362174604788,0.6300747863247863,40.32172995780592,8117.360515768092,104.06872456112939,0
2052,31.303070086701947,0,1,181,0.0,0.005494505494505495,0.9945054945054945,182,4250,2700,1550,0.6352941176470588,58,27,31,206.0543556274577,0.4063714255357902,0.7478066034767039,0.13324848330575714,1056590.9111973983,2893.031873722038,1059483.9430711204,2051,4,1008.6868131868132,83,99,40,34.82483772432227,0.6295180722891567,40.17857142857146,8133.208388598531,97.99046251323531,0
2053,31.809360545313954,0,1,180,0.0,0.0055248618784530384,0.994475138121547,181,5050,3800,1250,0.7524752475247525,63,38,25,204.78633895285208,0.4060082872928177,0.7444156239940909,0.13266483169814344,1074192.539086977,2745.991482018321,1076938.5305689953,2052,5,1014.3812154696133,83,98,42,34.79450978988724,0.6301455823293173,40.116567460317476,8266.725805408581,99.59910608926002,0
2054,31.565701296104148,1,1,180,0.0055248618784530384,0.0055248618784530384,0.994475138121547,181,3750,2400,1350,0.64,51,24,27,205.43573410920982,0.40628453038674034,0.7456268718535282,0.1335701317938815,1066999.3171561635,3889.9576028009196,1070889.2747589645,2053,0,1014.5580110497237,86,95,34,34.64889559157613,0.6303294573643411,39.99042145593873,8207.384690447854,95.43470570288203,0
2055,31.36308161588292,0,0,180,0.0,0.0,1.0,180,5050,3900,1150,0.7722772277227723,62,39,23,209.54906204818494,0.4055458566108008,0.7499368804453537,0.13670339175415697,1061099.6091585576,3420.4855677745936,1064520.0947263322,2054,7,1021.1944444444445,85,95,38,34.42311572608188,0.6318627450980392,39.87403100775196,8158.351995914558,95.98061171664186,0
2056,31.477679752433794,0,1,179,0.0,0.005555555555555556,0.9944444444444445,180,5550,4200,1350,0.7567567567567568,69,42,27,208.95218318927505,0.4053518777157045,0.7513724657894194,0.13690228259731227,1066194.3166331444,3006.726032898794,1069201.0426660432,2055,8,1022.1944444444445,87,93,41,34.286883754775346,0.6326628352490422,39.7253787878788,8192.841174201205,94.17058820920926,0
2057,31.643073203438284,0,0,179,0.0,0.0,1.0,179,6350,4500,1850,0.7086614173228346,82,45,37,224.9163008506916,0.4050985499968615,0.7654377501628802,0.13733922716098831,1051378.5455064715,5144.434649819374,1056522.9801562908,2056,9,1028.0893854748604,71,108,37,36.41846260335988,0.614143192488263,42.2164351851852,8157.064212078496,114.88822833913375,8
2058,31.28418490541034,0,0,179,0.0,0.0,1.0,179,4750,3300,1450,0.6947368421052632,62,33,29,223.81042533368444,0.40504231791266504,0.764813736132806,0.1370617406858794,1040303.6218335009,6016.159215745738,1046319.7810492467,2057,10,1029.0893854748604,74,105,35,36.33928892000573,0.6137387387387387,42.11111111111112,8067.843685050848,109.0249146628493,0
2059,31.067970783540137,0,0,179,0.0,0.0,1.0,179,5600,3900,1700,0.6964285714285714,73,39,34,222.00717596055813,0.405033163852447,0.7633871074117784,0.1363897774574643,1034033.7970548568,4512.584626384302,1038546.3816812411,2058,11,1030.0893854748604,78,101,37,36.26844091242057,0.6131143162393162,41.996308016877634,8015.651164577128,102.76475852021959,0
2060,31.268104570036968,1,0,180,0.005555555555555556,0.0,1.0,180,4600,3200,1400,0.6956521739130435,60,32,28,214.23068727564612,0.40597067039106144,0.7564327485380091,0.1290609262367927,1034958.654358399,3743.980765015912,1038702.6351234149,2059,0,1025.361111111111,90,90,40,37.19635627530364,0.6015046296296296,42.70833333333336,8045.0227383324955,89.38914153702773,8
2061,31.344780450222295,0,0,180,0.0,0.0,1.0,180,5850,4500,1350,0.7692307692307693,72,45,27,213.70615959283856,0.40612520691082143,0.755713194906277,0.129399796768228,1038993.1567119819,2557.847472831788,1041551.0041848137,2060,1,1026.361111111111,72,108,39,37.02038535431905,0.6105324074074074,42.522831050228326,8070.565331675426,112.0911851621587,0
2062,30.912420798844373,0,0,180,0.0,0.0,1.0,180,4450,2900,1550,0.651685393258427,60,29,31,213.3309200485018,0.4063127198427478,0.7559949111268998,0.129463212077196,1025314.0098766214,3296.236213119897,1028610.2460897414,2061,2,1027.361111111111,73,107,40,36.94634594013594,0.6108732876712328,42.4408783783784,7961.775948148351,109.06542394723768,0
2063,31.025826388687946,0,0,180,0.0,0.0,1.0,180,4850,3400,1450,0.7010309278350515,63,34,29,210.23353943511796,0.4063094868611628,0.7532982284268082,0.12830845164627708,1030722.5264384138,2488.4889817312896,1033211.015420145,2062,3,1028.361111111111,76,104,41,36.815760470242466,0.6115679824561404,42.23484848484851,7997.376839963005,105.22864263109217,0
2064,30.665223249438252,0,0,180,0.0,0.0,1.0,180,4100,3000,1100,0.7317073170731707,52,30,22,212.96092723561503,0.4065422615352783,0.7569106392772886,0.13038286318705553,1019645.0405834412,3328.910658769257,1022973.9512422105,2063,4,1029.361111111111,77,103,35,36.62890557569482,0.6122835497835497,42.1207264957265,7907.925493411504,102.70033108326629,0
2065,30.282693563950744,0,0,180,0.0,0.0,1.0,180,4800,3400,1400,0.7083333333333334,62,34,28,215.7827832392264,0.40661274053382995,0.7617134455117287,0.13280819602384103,1008412.6190936561,2719.616320317489,1011132.2354139736,2064,5,1030.361111111111,78,102,37,36.36168165406364,0.6137820512820513,41.93037974683545,7815.043228291731,100.19286190117603,0
2066,30.747616100386644,0,1,179,0.0,0.005555555555555556,0.9944444444444445,180,5250,3600,1650,0.6857142857142857,69,36,33,215.28173539635557,0.4065920494516863,0.7611223174763264,0.1329918010252253,1024954.1606290463,2880.7820803871296,1027834.9427094334,2065,6,1031.361111111111,79,101,39,36.23823331652378,0.6147151898734178,41.796875,7939.130563420146,100.49532358759679,0
2067,30.808282392485285,2,1,180,0.011049723756906077,0.0055248618784530384,0.994475138121547,181,5350,4300,1050,0.8037383177570093,64,43,21,189.81630422808877,0.4085903928790669,0.7274831281907823,0.11317349459636956,1016720.1555238289,-2951.987528851959,1013768.167994977,2066,0,1026.1049723756905,81,100,43,38.21284941983118,0.6008230452674896,43.08943089430893,7914.973362622211,97.71572052620014,8
2068,30.764156244126585,0,0,180,0.0,0.0,1.0,180,4300,3100,1200,0.7209302325581395,55,31,24,194.87523488063312,0.4081193099524105,0.7368485392151678,0.11451412639450838,1011009.7864097193,-895.8460813572838,1010113.9403283619,2067,1,1032.7,76,104,41,38.63219619017467,0.5974506578947368,43.62824675324677,7887.060673463824,103.777114124524,8
2069,31.07892122662825,0,1,179,0.0,0.005555555555555556,0.9944444444444445,180,5250,4000,1250,0.7619047619047619,65,40,25,195.30725402708651,0.408245396234223,0.7375229251641635,0.11509284484781274,1022192.9741105044,-1321.6594281390521,1020871.3146823653,2068,2,1033.7,77,103,41,38.513787642107125,0.5980790043290043,43.52297008547011,7971.029409153301,103.51986245653637,0
2070,31.56829979316979,1,0,180,0.005555555555555556,0.0,1.0,180,5000,3400,1600,0.68,66,34,32,198.58309953999918,0.4085480033105731,0.7447777717117667,0.11079642504642617,1021562.3878380213,-426.9949299285099,1021135.3929080927,2069,0,1034.6833333333334,74,106,39,40.54521300795252,0.5784065315315315,45.59722222222223,8031.06315710406,108.52788050140622,8
2071,31.7085019037715,5,1,184,0.02702702702702703,0.005405405405405406,0.9945945945945946,185,5500,4000,1500,0.7272727272727273,70,40,30,198.74370851758144,0.4123555620838229,0.7517912786392529,0.11225139809375724,1029903.8928769159,-1562.6161825896793,1028341.2766943262,2070,0,1007.6918918918919,80,105,37,40.0605689826261,0.5805989583333333,45.12602880658436,8081.6718008082125,101.02089751010266,0
2072,31.92695977745425,4,0,188,0.02127659574468085,0.0,1.0,188,4400,3100,1300,0.7045454545454546,57,31,26,198.83909550808713,0.4144953919672318,0.7559893478835935,0.11315141348395752,1039336.331455462,-667.8607849406735,1038668.4706705214,2071,0,992.5904255319149,87,101,42,39.765417207892604,0.5809386973180077,44.83901515151514,8146.514500033162,93.6380977015306,0
2073,32.395124089806,2,0,190,0.010526315789473684,0.0,1.0,190,5650,4300,1350,0.7610619469026548,70,43,27,196.46175630719145,0.4164433073424301,0.7567528923150988,0.11264428093859802,1056947.5225083479,-2120.04668069473,1054827.4758276532,2072,0,983.1315789473684,73,117,43,39.533795760548145,0.5894691780821918,44.55236486486489,8275.25783865025,113.35969641986644,0
2074,32.315042582787996,1,0,191,0.005235602094240838,0.0,1.0,191,6850,5000,1850,0.7299270072992701,87,50,37,191.19614138322967,0.41705129971525673,0.7503550335529543,0.11022650030080273,1056045.2069174482,-4667.646262225411,1051377.5606552227,2073,0,978.979057591623,76,115,43,39.457217694994185,0.5901864035087719,44.34523809523813,8261.494517444997,108.70387522953943,0
2075,32.08173420782477,5,0,196,0.025510204081632654,0.0,1.0,196,5900,4300,1600,0.7288135593220338,75,43,32,190.72302877204498,0.4210104875283447,0.7563217751155973,0.11163329919710349,1053099.6449626524,-4929.929222791148,1048169.7157398612,2074,0,954.9795918367347,81,115,43,38.88861345232194,0.5938786008230452,43.775406504065074,8220.12930604462,101.48307785240273,0
2076,32.34553894784794,3,0,199,0.01507537688442211,0.0,1.0,199,6000,4300,1700,0.7166666666666667,77,43,34,185.18321083417842,0.42341019068406,0.7534590191970709,0.10930539757752446,1064356.7683720787,-6379.799231953946,1057976.9691401247,2075,0,941.5678391959799,75,124,39,38.71152116614128,0.5995833333333334,43.46217105263156,8297.854337813416,110.63805783751222,0
2077,32.58031632453424,4,2,201,0.019704433497536946,0.009852216748768473,0.9901477832512315,203,5850,4100,1750,0.7008547008547008,76,41,35,184.6513473356657,0.42592445820936775,0.7567603291437413,0.11004162632390375,1075052.951290018,-6748.00481742302,1068304.946472595,2076,0,923.9950738916256,80,123,48,38.36343195167536,0.6010416666666667,43.10699588477366,8369.65533563394,104.62069169542424,0
2078,32.2406123658246,1,2,200,0.0049504950495049506,0.009900990099009901,0.9900990099009901,202,6150,4700,1450,0.7642276422764228,76,47,29,185.60369635451576,0.4260514670870072,0.7572027064266407,0.11117452265603767,1065400.1447136754,-7001.559008901148,1058398.5857047741,2077,0,924.1485148514852,83,119,41,38.14763116427893,0.6017821285140562,42.91914682539682,8288.444133877843,99.86077269732341,0
2079,32.63191961865226,0,1,199,0.0,0.005,0.995,200,6450,4700,1750,0.7286821705426356,82,47,35,191.90323587682923,0.42525701423785595,0.7637389124566147,0.11545361731522386,1079683.8275543177,-5011.03595368945,1074672.7916006283,2078,1,934.38,83,117,43,37.821378069160545,0.6034136546184738,42.757936507936485,8394.302338409196,101.13617275191802,0
2080,32.30152064384256,1,1,199,0.005,0.005,0.995,200,6150,4500,1650,0.7317073170731707,78,45,33,198.22114760997968,0.4254653475711893,0.7708735599887615,0.11993693715469514,1070487.2474260654,-3711.35786267142,1066775.889563394,2079,0,935.355,71,129,41,37.44597031001217,0.610768779342723,42.54918981481481,8316.052659970737,117.12750225310897,0
2081,32.58854465174915,0,1,198,0.0,0.005025125628140704,0.9949748743718593,199,6450,4400,2050,0.6821705426356589,85,44,41,198.4861641792239,0.42471088608023283,0.7705211187780252,0.12056097697723252,1081178.5819243456,-3330.2020962206825,1077848.379828125,2080,1,941.0100502512563,72,127,46,37.295844412438136,0.6116898148148149,42.40867579908676,8394.526370624655,116.59064403645354,0
2082,32.36589616570233,1,1,198,0.005025125628140704,0.005025125628140704,0.9949748743718593,199,6400,4700,1700,0.734375,81,47,34,202.30080140984165,0.4246558973317767,0.7714552499751046,0.11876247047471833,1063348.3152386125,-3176.7567298849576,1060171.5585087275,2081,0,941.9698492462312,72,127,41,38.47869349810729,0.5989583333333333,43.66438356164382,8296.531945215092,115.22961035020961,8
2083,32.51262512579635,1,0,199,0.005025125628140704,0.0,1.0,199,5200,3500,1700,0.6730769230769231,69,35,34,199.38804770371365,0.42484201309578196,0.7674910411325906,0.11787821380243578,1070350.31746269,-2316.9879684127445,1068033.3294942772,2082,0,942.9145728643216,80,119,43,38.28653585926929,0.598046875,43.402777777777786,8342.64929443179,104.28311618039739,0
2084,32.16077005689202,1,1,199,0.005,0.005,0.995,200,5350,3900,1450,0.7289719626168224,68,39,29,199.16146214387925,0.425543865159129,0.7688933956861976,0.11843438140428923,1060554.2906630829,-3105.6913577148716,1057448.599305368,2083,0,939.195,84,116,42,38.07153480307943,0.5987103174603174,43.18627450980394,8259.327172944031,98.32532348742895,0
2085,32.61559234646745,1,1,199,0.005,0.005,0.995,200,5350,3700,1650,0.6915887850467289,70,37,33,196.6945426918584,0.4263536432160804,0.7667858931742622,0.11766845143165122,1077400.1190589895,-2966.2552571075553,1074433.863801882,2084,0,939.37,88,112,36,37.910101998998186,0.5995501893939394,42.96582397003746,8383.321904503444,95.26502164208459,0
2086,32.41483325302628,1,0,200,0.005,0.0,1.0,200,4900,2500,2400,0.5102040816326531,73,25,48,194.46575712855613,0.4271534757118928,0.7651176009408054,0.11672521092587046,1071794.1175179065,-3214.5490901892626,1068579.5684277173,2085,0,930.405,92,108,39,37.84191384642186,0.5995244565217391,42.842741935483886,8335.709639966784,90.60553956485636,0
2087,32.20311405029779,0,0,200,0.0,0.0,1.0,200,6100,4500,1600,0.7377049180327869,77,45,32,192.71542944105886,0.4272319932998325,0.7637435233160621,0.1162314933816386,1066252.262452926,-5003.347469776714,1061248.9149831494,2086,1,931.405,74,126,42,37.70745628238343,0.6081081081081081,42.666666666666664,8286.934682276627,111.98560381454902,0
2088,31.746172715825885,0,0,200,0.0,0.0,1.0,200,5200,3800,1400,0.7307692307692307,66,38,28,191.53200878255186,0.42726392378559463,0.760984545973137,0.11610536703407517,1052637.6756786746,-4877.238291413596,1047760.437387261,2087,2,932.405,77,123,40,37.548996093277296,0.6086309523809523,42.4813034188034,8175.233019220987,106.17185739248036,0
2089,31.93659594977334,1,2,199,0.004975124378109453,0.009950248756218905,0.9900497512437811,201,4950,3100,1850,0.6262626262626263,68,31,37,190.9288508072076,0.4276430348258706,0.7608774068015098,0.11645695898507881,1060801.1540032364,-4642.490946240686,1056158.6630569957,2088,0,928.7611940298508,82,119,43,37.33545957702358,0.6088668699186992,42.25652610441765,8231.44918449412,100.38352664017219,0
2090,32.20105169110899,0,1,198,0.0,0.005025125628140704,0.9949748743718593,199,5700,3800,1900,0.6666666666666666,76,38,38,194.2189982884719,0.42706799993232153,0.7633048546141847,0.11887910115019619,1070638.7266498245,-3912.3237962453913,1066726.402853579,2089,1,928.6834170854271,80,119,44,37.12129712746856,0.6109375,42.12962962962962,8303.69712590169,103.79621407377113,0
2091,32.66166872999269,2,1,199,0.01,0.005,0.995,200,6000,4500,1500,0.75,75,45,30,198.12993928819876,0.4279779103852596,0.7679179374090954,0.12222122709260083,1088323.9220192304,-2874.089480887351,1085449.832538343,2090,0,923.965,85,115,39,36.73359569276969,0.6118872549019607,41.84835271317828,8431.663585784043,99.19604218569462,0
2092,32.66992684144574,2,0,201,0.009950248756218905,0.0,1.0,201,5100,3800,1300,0.7450980392156863,64,38,26,202.4017260196874,0.4283426616915423,0.7753698680062031,0.1256975525967759,1090634.3566639146,-1150.7447509704198,1089483.6119129441,2091,0,920.3582089552239,69,132,44,36.37722682945559,0.6213768115942029,41.60714285714286,8441.675739209291,122.34312665520712,0
2093,32.85443553295613,1,0,202,0.0049504950495049506,0.0,1.0,202,5100,3600,1500,0.7058823529411765,66,36,30,201.82586444708647,0.42870168546705417,0.7751786958006144,0.12618467723709734,1098833.4172975626,-1145.3991341145143,1097688.018163448,2092,0,916.7970297029703,72,130,45,36.14712643678161,0.6222511574074074,41.3670091324201,8497.240925154558,118.01723507159107,0
2094,33.298397065977696,0,0,202,0.0,0.0,1.0,202,5450,4100,1350,0.7522935779816514,68,41,27,199.32922805240696,0.42860624681871173,0.7718594729428101,0.12505232644822423,1114735.299447737,-1410.1346556625417,1113325.1647920744,2093,1,917.7970297029703,78,124,47,36.0869768310912,0.6207264957264957,41.244725738396646,8616.13586527888,110.46328032408822,0
2095,33.58426455010101,2,0,204,0.00980392156862745,0.0,1.0,204,5850,4000,1850,0.6837606837606838,77,40,37,196.73152486798642,0.429718942174571,0.770366772619901,0.12425953516318132,1126390.3867004926,-2330.7003255539853,1124059.6863749386,2094,0,909.7892156862745,84,120,47,35.90965190372541,0.6207837301587302,41.00490196078433,8698.159889728418,103.54952249676688,0
2096,33.687956369561654,1,2,203,0.004878048780487805,0.00975609756097561,0.9902439024390244,205,4700,3200,1500,0.6808510638297872,62,32,30,197.3346743014974,0.4301181651522397,0.7727049407706867,0.12518829395777206,1131220.8834346037,-1054.1790808757578,1130166.7043537279,2095,0,906.3463414634147,87,118,39,35.735975349807404,0.6212883141762452,40.849905303030326,8730.237083319354,100.34755268183166,0
2097,33.878537509076935,0,0,203,0.0,0.0,1.0,203,6200,4300,1900,0.6935483870967742,81,43,38,202.03315193594676,0.4287319741826399,0.7768549384798775,0.1284705582867962,1138348.075840672,-803.1900475373836,1137544.8857931346,2096,1,916.2660098522167,87,116,42,35.52968036529683,0.6221264367816092,40.767045454545475,8782.433374157077,100.9475100477825,0
2098,33.42947709182705,0,1,202,0.0,0.0049261083743842365,0.9950738916256158,203,6550,5100,1450,0.7786259541984732,80,51,29,208.80585767297566,0.4287959892048318,0.7828487023594968,0.13337183072628528,1124621.4679954255,-184.48996355484087,1124436.9780318707,2097,2,917.2660098522167,68,135,42,35.19368622201528,0.632046568627451,40.60990338164252,8671.275292750202,127.51875430515004,0
2099,33.20611150193307,0,0,202,0.0,0.0,1.0,202,5250,3400,1850,0.6476190476190476,71,34,37,209.2172904557418,0.4284004893026616,0.7818240351257089,0.13421133050429587,1118407.7906160264,1148.0495154558257,1119555.840131482,2098,3,922.7821782178218,68,134,42,35.02888940592522,0.633578431372549,40.45893719806765,8618.349470731222,126.7404333931062,0
2100,33.41678524515625,1,0,203,0.0049261083743842365,0.0,1.0,203,5300,3900,1400,0.7358490566037735,67,39,28,205.1517139991223,0.4290053081662846,0.7787084488070717,0.1324657008446398,1127482.4720054716,360.99232717801624,1127843.4643326497,2099,0,919.231527093596,73,130,39,34.90164733933023,0.6332762557077626,40.23085585585586,8680.64970318291,118.9130096326426,0
2101,33.62510705988194,0,0,203,0.0,0.0,1.0,203,5650,4200,1450,0.7433628318584071,71,42,29,212.2539844030466,0.42888845534799785,0.7849230535845468,0.13766021067781672,1135857.690314921,1968.0640968365924,1137825.7544117577,2100,1,920.231527093596,75,128,43,34.559779933909866,0.633888888888889,40.0767543859649,8739.94696112388,116.5326261483184,0
2102,33.54539458431124,1,1,203,0.004901960784313725,0.004901960784313725,0.9950980392156863,204,5800,4000,1800,0.6896551724137931,76,40,36,210.81742413385078,0.42942715879455234,0.7858762537968689,0.13773122256792997,1135372.3554191315,1271.25508044873,1136643.6104995802,2101,0,916.7156862745098,77,127,36,34.338748588440644,0.635551948051948,39.82371794871794,8727.71604288929,113.3469615959648,0
2103,33.89934204877246,0,1,202,0.0,0.0049261083743842365,0.9950738916256158,203,5300,3700,1600,0.6981132075471698,69,37,32,213.79114926491252,0.42916483766603264,0.7895778679172174,0.1402703087385035,1148648.0179838825,3214.1559731275934,1151862.17395701,2102,1,922.167487684729,77,126,41,34.111336975666475,0.6370400432900433,39.67681623931624,8824.784649528869,114.60759285102426,0
2104,34.103020206747445,1,0,203,0.0049261083743842365,0.0,1.0,203,5550,3700,1850,0.6666666666666666,74,37,37,209.49715286260573,0.42956823391698773,0.7854446297013107,0.13851604651400876,1157898.862749469,2365.303009772376,1160264.1657592414,2103,0,923.0049261083744,66,137,43,33.953075592148465,0.6453598484848485,39.41231343283581,8886.827140629537,134.6488960701445,0
2105,33.55888015729549,0,0,203,0.0,0.0,1.0,203,5250,3600,1650,0.6857142857142857,69,36,33,206.14405454431767,0.42970642507600515,0.7815360910542775,0.1368046907430468,1140531.073713184,1172.7399738038284,1141703.8136869879,2104,1,924.0049261083744,69,134,42,33.91124429223744,0.644927536231884,39.28571428571428,8749.27946958059,126.80115173305202,0
2106,33.74153988572114,0,0,203,0.0,0.0,1.0,203,5900,4200,1700,0.711864406779661,76,42,34,205.88459912339675,0.4297206506364922,0.7817170132135112,0.1372970078177913,1148193.9170072167,779.0888637905673,1148973.0058710072,2105,2,925.0049261083744,71,132,44,33.74926057379474,0.6455399061032864,39.12037037037036,8802.480428520277,123.97859758479264,0
2107,34.14710533100292,0,0,203,0.0,0.0,1.0,203,6100,5000,1100,0.819672131147541,72,50,22,203.9663058712273,0.42925933603212535,0.7798799993213912,0.13662232271337807,1163337.1068585005,756.3144337698159,1164093.4212922703,2106,3,926.0049261083744,72,131,43,33.645611253849374,0.646556712962963,38.96974885844748,8913.427480308721,123.79760389317669,0
2108,34.15766580093433,1,0,204,0.004901960784313725,0.0,1.0,204,6400,4800,1600,0.75,80,48,32,205.6195294674269,0.42901664976335363,0.7822028332864233,0.13862736018932953,1165657.031133289,736.37005240483,1166393.401185694,2107,0,922.4607843137255,74,130,41,33.37818979266345,0.6478040540540541,38.74999999999999,8923.690190494079,120.59040797964971,0
2109,33.68604811213288,0,1,203,0.0,0.004901960784313725,0.9950980392156863,204,7000,5700,1300,0.8142857142857143,83,57,26,207.9471001270929,0.4290171528381468,0.7830293644623778,0.1406076349370004,1150431.3415065396,45.772272321306446,1150477.113778861,2108,1,923.4607843137255,75,129,43,33.21664568911265,0.6483333333333333,38.651315789473685,8803.804350358416,117.38405800477888,0
2110,33.29383904978409,0,0,203,0.0,0.0,1.0,203,5300,3800,1500,0.7169811320754716,68,38,30,208.00450217461398,0.4287634736380042,0.7818119847954124,0.1411701331061031,1138124.4292785972,1447.0010649723554,1139571.4303435695,2109,2,920.0886699507389,67,136,44,33.08757835842755,0.6537624378109452,38.5263480392157,8705.461684141641,129.93226394241256,0
2111,32.958770252416834,0,0,203,0.0,0.0,1.0,203,6050,5000,1050,0.8264462809917356,71,50,21,207.88885271442277,0.42870657139605584,0.7818208360290422,0.14171748427965355,1127949.3677765247,247.6199974040228,1128196.9877739288,2110,3,921.0886699507389,69,134,42,32.93914595301745,0.6541364734299517,38.37797619047619,8622.740175710422,124.96724892333944,0
2112,32.60058145612173,0,0,203,0.0,0.0,1.0,203,6350,4200,2150,0.6614173228346457,85,42,43,208.39825020999493,0.42872181306800633,0.7808139937814123,0.1426173065591303,1116797.8607136344,-402.25599780246466,1116395.604715832,2111,4,922.0886699507389,70,133,45,32.7933785475403,0.6549107142857142,38.24823943661973,8533.259591529772,121.90370845042531,0
2113,32.64675383354593,0,0,203,0.0,0.0,1.0,203,5550,3900,1650,0.7027027027027027,72,39,33,208.02194153471254,0.42858057357459883,0.7797653354145806,0.14309294884053242,1119842.1721951673,440.34857449780066,1120282.520769665,2112,5,923.0886699507389,73,130,45,32.628569445190855,0.6551084474885844,38.07713963963965,8550.931145562927,117.13604308990311,0
2114,32.675045279386126,0,0,203,0.0,0.0,1.0,203,6350,5100,1250,0.8031496062992126,76,51,25,209.22948416901812,0.428586670243379,0.7790101678490038,0.14456064213786907,1122067.4871633535,3.9203084030395985,1122071.4074717565,2113,6,924.0886699507389,74,129,44,32.44729008779833,0.6561092342342343,37.93055555555556,8563.13096356579,115.7179859941323,0
2115,32.664246058565205,1,0,204,0.004901960784313725,0.0,1.0,204,6200,4600,1600,0.7419354838709677,78,46,32,243.23321006572982,0.42868160195112526,0.8137516572465295,0.15895007448481333,1105624.799824397,6784.93383791335,1112409.7336623105,2114,0,920.5539215686274,71,133,36,33.48624703440095,0.6384976525821596,39.814814814814795,8498.752909682196,119.7007452067915,8
2116,32.23399652552828,0,1,203,0.0,0.004901960784313725,0.9950980392156863,204,6300,4500,1800,0.7142857142857143,81,45,36,244.0878371879582,0.428661982034193,0.8151585555006933,0.15984332374132365,1091668.4114809998,6192.59629696208,1097861.007777962,2115,1,921.5539215686274,71,133,37,33.38990725813923,0.639231220657277,39.74247685185183,8389.140096899962,118.15690277323891,0
2117,32.487138843475826,0,1,202,0.0,0.0049261083743842365,0.9950738916256158,203,5300,3600,1700,0.6792452830188679,70,36,34,245.9910336815018,0.42785811832414766,0.816400595248221,0.16136693374511407,1100742.6616147126,8254.565029585949,1108997.2266442985,2116,2,926.9162561576354,72,131,37,33.27965977817971,0.6393229166666667,39.683219178082176,8456.947401848276,117.45760280344828,0
2118,32.62148953696582,0,0,202,0.0,0.0,1.0,202,4900,3300,1600,0.673469387755102,65,33,32,245.80797894312232,0.42764878166921166,0.8165276259169529,0.16179890662159796,1106293.1633750165,9087.137321561435,1115380.3006965779,2117,3,931.460396039604,58,144,38,33.163994531444175,0.6492456896551724,39.56567796610171,8495.755511295632,146.47854329820055,0
2119,32.56402808111543,0,0,202,0.0,0.0,1.0,202,7250,5400,1850,0.7448275862068966,91,54,37,241.47325382149023,0.42756822324023447,0.8128100545903643,0.15997603065673785,1106223.050146039,5774.655874219758,1111997.7060202588,2118,4,932.460396039604,60,142,39,33.050123383997196,0.65,39.34426229508198,8488.000762126841,141.4666793687807,0
2120,32.97875970548115,0,1,201,0.0,0.0049504950495049506,0.995049504950495,202,5200,3900,1300,0.75,65,39,26,242.13785345561715,0.4273901737188644,0.8125064345136008,0.16100329783735276,1121383.8429518968,8705.895326436843,1130089.7382783336,2119,5,933.460396039604,62,140,40,32.90509552793983,0.6498655913978495,39.219576719576736,8600.214915258777,138.7131437944964,0
2121,33.33497899095633,0,0,201,0.0,0.0,1.0,201,4250,2700,1550,0.6352941176470588,58,27,31,242.179299975422,0.4275652985074627,0.8110360743809468,0.16165775607496502,1134646.6176468541,10507.584716239275,1145154.2023630934,2120,6,931.5970149253732,62,139,40,32.76853612167304,0.6512096774193548,39.0873015873016,8697.519320061057,140.28256967840414,0
2122,33.50379713986077,1,0,202,0.0049504950495049506,0.0,1.0,202,5150,3800,1350,0.7378640776699029,65,38,27,235.38002032507194,0.427745759650592,0.8057666100285887,0.15796720796096086,1141989.8320311408,8210.317974903372,1150200.1500060442,2121,0,927.980198019802,65,137,42,32.75900934937234,0.6511217948717949,38.90467171717174,8747.684912953282,134.57976789158894,0
2123,33.8685184082427,0,2,200,0.0,0.009900990099009901,0.9900990099009901,202,5100,3600,1500,0.7058823529411765,66,36,30,234.65852628903173,0.42770009277047105,0.8059184494418918,0.15804968783102866,1155495.7994104323,8729.388284563825,1164225.1876949961,2122,1,928.980198019802,68,134,36,32.65353792213294,0.6505821078431373,38.78321256038648,8847.025573940593,130.10331726383225,0
2124,33.72509727058358,0,0,200,0.0,0.0,1.0,200,6300,4400,1900,0.6984126984126984,82,44,38,244.73274264993404,0.4271801716917923,0.811983940921345,0.1655682020258997,1151921.2740253466,10082.570541806104,1162003.8445671527,2123,9,938.255,67,133,37,32.23708631266362,0.6526741293532339,38.63357843137256,8814.607990666349,131.5613132935276,0
2125,34.10231059374936,0,0,200,0.0,0.0,1.0,200,5650,4200,1450,0.7433628318584071,71,42,29,248.19302192096262,0.42696922110552765,0.8124282786885251,0.16821971485754122,1165359.4688510934,12196.817639672034,1177556.2864907654,2124,10,939.255,69,131,37,32.082953855494836,0.6521739130434783,38.57142857142857,8915.318340937327,129.20751218749749,0
2126,34.348424751948045,0,0,200,0.0,0.0,1.0,200,5600,4000,1600,0.7142857142857143,72,40,32,251.89855135952774,0.4269781197654941,0.8158860594188697,0.17123063977235556,1174650.5740370555,13578.555590714459,1188229.12962777,2125,11,940.255,60,140,38,31.885542496463163,0.6588541666666667,38.47336065573771,8983.028092146256,149.71713486910429,0
2127,34.09925746330268,0,0,200,0.0,0.0,1.0,200,6100,4300,1800,0.7049180327868853,79,43,36,247.8313756508789,0.4266839405360134,0.8130288924558586,0.16922287048498197,1167468.5549308043,11767.06759952895,1179235.6225303332,2126,12,941.255,61,139,38,31.83808186195825,0.6596653005464481,38.32325268817204,8922.982778745614,146.2784062089445,0
2128,34.22601306815227,0,0,200,0.0,0.0,1.0,200,5600,4200,1400,0.75,70,42,28,248.15484524622008,0.42641279313232827,0.8133023872679046,0.17009886665059082,1172962.2423233534,12615.25274468225,1185577.4950680356,2127,13,942.255,62,138,38,31.697612732095486,0.6602822580645161,38.19444444444444,8960.560365759306,144.5251671896662,0
2129,34.50320512204197,0,0,200,0.0,0.0,1.0,200,4700,3100,1600,0.6595744680851063,63,31,32,245.36415289256198,0.42629239949748743,0.8111477272727272,0.16868785511363638,1183358.2255575622,13370.737716475349,1196728.9632740375,2128,14,943.255,62,138,41,31.669034090909076,0.6612903225806452,38.095238095238095,9036.553722439565,145.75086649096073,0
2130,34.78178268785227,0,0,200,0.0,0.0,1.0,200,5800,4300,1500,0.7413793103448276,73,43,30,247.59115294488907,0.4257768006700167,0.8132084531163983,0.17072407252197364,1193809.5533701726,13315.336743108915,1207124.8901132816,2129,15,944.255,64,136,37,31.509827308500014,0.6609700520833333,37.996794871794876,9112.93854429002,142.38966475453157,0
2131,34.15007682580695,0,1,199,0.0,0.005,0.995,200,6200,4400,1800,0.7096774193548387,80,44,36,243.7914863917688,0.4257108458961474,0.810227474939202,0.16865328966265208,1173095.149837801,10998.122051586448,1184093.2718893874,2130,16,945.255,66,134,38,31.498630800561514,0.6608270202020202,37.8886815920398,8951.12166054539,135.62305546280894,0
2132,34.174116242719656,0,0,199,0.0,0.0,1.0,199,5950,4100,1850,0.6890756302521008,78,41,37,247.85392012763833,0.42516877315872287,0.8124684899198102,0.17230756920278045,1175374.5651238288,12514.23871685219,1187888.803840681,2131,17,950.7035175879397,68,131,34,31.225896506072658,0.6613051470588236,37.72644927536234,8962.966809854652,131.80833543903898,0
2133,33.718947147310914,0,0,199,0.0,0.0,1.0,199,5700,4200,1500,0.7368421052631579,72,42,30,250.62041142536103,0.42500803681708205,0.8149138091934001,0.17503726556381177,1161064.6210834293,12697.298605472077,1173761.9196889014,2132,18,951.7035175879397,69,130,35,30.997483697193072,0.6622886473429952,37.574404761904766,8848.714775934954,128.2422431294921,0
2134,33.598253884272395,0,0,199,0.0,0.0,1.0,199,6550,4500,2050,0.6870229007633588,86,45,41,253.32089704477676,0.42470665617650544,0.8157165602082492,0.1777069990966943,1158187.7736266037,12328.633152276732,1170516.4067788804,2133,19,952.7035175879397,58,141,35,30.777915994262166,0.6709770114942528,37.429378531073446,8821.914402664179,152.10197245972722,0
2135,33.79189146130155,0,0,199,0.0,0.0,1.0,199,5500,3900,1600,0.7090909090909091,71,39,32,250.15696549608418,0.4242900106593574,0.8139724092604972,0.17615170324733737,1165959.6041007107,13034.583290569894,1178994.1873912807,2134,20,953.7035175879397,58,141,36,30.734312341779244,0.6722341954022988,37.30579096045198,8876.934199376874,153.05058964442887,0
2136,33.99452605778194,0,1,198,0.0,0.005025125628140704,0.9949748743718593,199,5500,4000,1500,0.7272727272727273,70,40,30,249.87380622585673,0.4239791127353942,0.813677181612487,0.17671906982808716,1174218.083856046,13381.268390468265,1187599.3522465143,2135,21,954.7035175879397,61,138,37,30.59639478394273,0.6714480874316939,37.16397849462364,8934.985981988219,146.47518003259376,0
2137,34.195099508032655,0,0,198,0.0,0.0,1.0,198,6450,5300,1150,0.8217054263565892,76,53,23,246.58609447536062,0.4237227392366986,0.8100336356150313,0.17511640429801908,1182354.5026409924,12260.435818319893,1194614.9384593123,2136,22,960.1414141414141,61,137,37,30.545084760201036,0.6728142076502732,37.02956989247311,8992.300025197017,147.4147545114265,0
2138,34.37841987599877,0,0,198,0.0,0.0,1.0,198,5550,3300,2250,0.5945945945945946,78,33,45,244.50458088217002,0.4236922952024475,0.808501736408713,0.17413016480910126,1189522.6339927895,13018.746614852302,1202541.3806076418,2137,23,961.1414141414141,62,136,38,30.50584014246806,0.6730510752688172,36.93783068783068,9043.661710104829,145.8655114533037,0
2139,34.423172334390536,0,1,197,0.0,0.005050505050505051,0.9949494949494949,198,5800,4400,1400,0.7586206896551724,72,44,28,242.55970050399895,0.4235801329709959,0.8070176395113433,0.17328365236519583,1191983.2498192883,12425.420016389853,1204408.669835678,2138,24,962.1414141414141,65,133,41,30.453850305865423,0.6721153846153847,36.837121212121204,9058.901128529458,139.36770966968396,0
2140,34.13105942554427,0,0,197,0.0,0.0,1.0,197,5750,4300,1450,0.7478260869565218,72,43,29,240.23565293873662,0.4236215425256397,0.8037071128954405,0.17190150482894367,1182337.9186570493,11657.944376560572,1193995.86303361,2139,25,965.5837563451777,66,131,36,30.46145894861194,0.6720328282828283,36.78482587064676,8983.81274991393,136.1183749986959,0
2141,33.74034810050698,0,0,197,0.0,0.0,1.0,197,5200,3800,1400,0.7307692307692307,66,38,28,241.92736315412435,0.42345104285368973,0.8056316801348355,0.1737974634342895,1169934.511841037,12007.834302541869,1181942.3461435789,2140,26,966.5837563451777,67,130,37,30.286499234095338,0.6727300995024876,36.65747549019607,8885.26844662706,132.615946964583,0
2142,33.9975736108404,0,1,196,0.0,0.005076142131979695,0.9949238578680203,197,5550,4000,1550,0.7207207207207207,71,40,31,238.02955383916296,0.42306795814772613,0.8022393685908291,0.17197910183515785,1180500.062209138,11248.780622948816,1191748.8428320868,2141,27,967.5837563451777,67,130,37,30.200946055920472,0.6745957711442786,36.4736519607843,8959.256415859156,133.72024501282323,0
2143,34.12561141407544,0,0,196,0.0,0.0,1.0,196,6000,4500,1500,0.75,75,45,30,214.91716888579742,0.4226037851037851,0.7780971901117393,0.14674242482587482,1168358.3420346254,5020.053422837227,1173378.3954574626,2142,28,973.2857142857143,71,125,41,32.70080029855699,0.6536091549295775,38.324652777777786,8929.831215948836,125.7722706471667,8
2144,33.634423423642204,1,0,197,0.005076142131979695,0.0,1.0,197,5400,3800,1600,0.7037037037037037,70,38,32,213.5062530773909,0.4228661642321903,0.7775622675463916,0.14626533677960463,1152520.299906306,4414.058165725216,1156934.3580720313,2143,0,969.3401015228426,72,125,45,32.62416421381592,0.654224537037037,38.2134703196347,8805.038985875279,122.29220813715665,0
2145,33.841222141240635,0,2,195,0.0,0.01015228426395939,0.9898477157360406,197,5300,3800,1500,0.7169811320754716,68,38,30,215.06843968412295,0.4223935132428606,0.7782964116146953,0.14840823639651343,1161744.7282821648,5270.92520458031,1167015.6534867452,2144,1,970.3401015228426,74,123,42,32.33683169016576,0.6556869369369369,37.972222222222236,8867.340234953446,119.82892209396549,0
2146,34.18860099815767,0,0,195,0.0,0.0,1.0,195,4850,3500,1350,0.7216494845360825,62,35,27,214.03440140614444,0.42162635474491145,0.774143377364461,0.1480895040698666,1174462.4972654604,6425.075515235738,1180887.5727806962,2145,2,979.748717948718,75,120,42,32.27358293244094,0.6561111111111111,37.88377192982457,8961.387136633339,119.48516182177785,0
2147,33.61250785213663,0,0,195,0.0,0.0,1.0,195,5700,3900,1800,0.6842105263157895,75,39,36,210.21398396607123,0.4214600405322055,0.769189056789547,0.14593515774611165,1155650.0397273675,3886.7597843279045,1159536.7995116953,2146,3,980.748717948718,83,112,38,32.260435385730965,0.6538654618473896,37.772817460317476,8814.113232158792,106.19413532721437,0
2148,33.93729347963602,0,0,195,0.0,0.0,1.0,195,4900,3100,1800,0.6326530612244898,67,31,36,212.1360982871072,0.42118358445678034,0.7704502302960601,0.14766742061253835,1167608.788624806,5638.394548920669,1173247.1831737268,2147,4,981.748717948718,84,111,39,32.11915051000547,0.6543898809523809,37.68382352941178,8902.301065338395,105.97977458736185,0
2149,33.84836991241689,0,1,194,0.0,0.005128205128205128,0.9948717948717949,195,5050,3900,1150,0.7722772277227723,62,39,23,213.70821369583743,0.42072539430786854,0.7735816005756913,0.14915511409493068,1165321.3098362642,5757.747101360618,1171079.056937625,2148,5,982.748717948718,85,110,40,31.989129431314648,0.6549019607843137,37.59689922480622,8881.917221204025,104.49314377887087,0
2150,33.907866604908854,0,1,193,0.0,0.005154639175257732,0.9948453608247423,194,4850,3200,1650,0.6597938144329897,65,32,33,214.9836934284614,0.42044083738404286,0.7731812672897505,0.15062519140051286,1168496.8868474031,6591.555298822652,1175088.4421462258,2149,6,986.4329896907217,69,125,44,31.82627631032006,0.6633454106280193,37.470238095238095,8901.824146485147,129.01194415195866,0
2151,34.07739995206533,0,0,193,0.0,0.0,1.0,193,4000,2700,1300,0.675,53,27,26,214.70157038813647,0.42012876907023605,0.7715122619038646,0.15042560299629268,1174335.4148669655,7826.331546868267,1182161.7464138337,2150,36,992.5129533678756,70,123,44,31.834111061435834,0.662797619047619,37.470657276995304,8946.317411124664,127.80453444463807,0
2152,33.81147615254974,0,1,192,0.0,0.0051813471502590676,0.9948186528497409,193,5750,4100,1650,0.7130434782608696,74,41,33,216.40738394738105,0.4201096538572251,0.7808617685725594,0.14085029160918094,1143229.34399048,5130.654316972003,1148359.998307452,2151,37,993.5129533678756,72,121,45,34.326757755340964,0.6365740740740741,39.954337899543376,8792.527702683587,122.11844031504981,8
2153,34.19060233242622,0,0,192,0.0,0.0,1.0,192,4350,2800,1550,0.6436781609195402,59,28,31,213.5855894552123,0.41997129962914487,0.7773445953256868,0.13960099135396584,1157344.8149063236,6688.434898940306,1164033.249805264,2152,38,995.609375,73,119,40,34.25124431941137,0.6375570776255708,39.808558558558566,8896.102104625106,121.86441239212475,0
2154,34.16743193828353,1,0,193,0.0051813471502590676,0.0,1.0,193,5800,3900,1900,0.6724137931034483,77,39,38,210.1518879395528,0.42080229922279794,0.7757396780370858,0.13820478304755987,1158446.3173004342,4289.936131461645,1162736.253431896,2153,0,991.4455958549223,78,115,42,34.12409067125761,0.6374198717948718,39.59651898734177,8897.318213992094,114.06818223066787,0
2155,34.23049768870326,0,0,193,0.0,0.0,1.0,193,5750,4200,1550,0.7304347826086957,73,42,31,211.15378910608052,0.42057404109096147,0.7770680222803727,0.13935166827035692,1161658.1663043865,4707.704692238306,1166365.8709966247,2154,1,992.4455958549223,67,126,42,33.97504213951118,0.6441231343283582,39.47610294117646,8917.862656123989,133.10242770334312,0
2156,34.020554853631644,0,0,193,0.0,0.0,1.0,193,5600,3600,2000,0.6428571428571429,76,36,40,206.78087678038563,0.42072246509786987,0.771785545772018,0.13692881122149136,1155561.6861810496,3589.611728467521,1159151.297909517,2155,2,993.4455958549223,69,124,40,33.970584736892164,0.6441727053140096,39.36011904761904,8867.113366984473,128.50888937658655,0
2157,33.454955259059496,0,0,193,0.0,0.0,1.0,193,4700,3200,1500,0.6808510638297872,62,32,30,204.88870324210907,0.42037164471790445,0.7692192406716809,0.1359549012924669,1136962.523789671,3290.1554268280292,1140252.679216499,2156,3,994.4455958549223,70,123,43,33.94825079722379,0.6443452380952381,39.28990610328637,8722.044526899717,124.60063609856739,0
2158,33.016248859324875,0,1,192,0.0,0.0051813471502590676,0.9948186528497409,193,4800,3500,1300,0.7291666666666666,61,35,26,206.52497124745378,0.4197071099597007,0.7704945628011144,0.1375595872471362,1123162.6860471833,2992.228288421645,1126154.914335605,2157,4,995.4455958549223,73,120,41,33.77406008274869,0.64412100456621,39.161036036036045,8611.92414644273,117.97156364990042,0
2159,32.95444429647761,0,0,192,0.0,0.0,1.0,192,5650,4300,1350,0.7610619469026548,70,43,27,202.93205512673205,0.41937536358347877,0.7658924397698659,0.1357272836237238,1122270.5099068626,1498.9321967051405,1123769.4421035678,2158,5,997.8802083333334,73,119,45,33.72415498022292,0.6455479452054795,39.02027027027028,8600.441965888189,117.81427350531766,0
2160,33.215131952142805,0,0,192,0.0,0.0,1.0,192,5300,4000,1300,0.7547169811320755,66,40,26,201.0949524671796,0.4191066526687028,0.7635610593971638,0.13502089665653508,1132287.4457142518,1839.4580150183647,1134126.9037292702,2159,6,998.8802083333334,77,115,36,33.63807624113476,0.645021645021645,38.88888888888889,8672.840009726186,112.63428584059982,0
2161,33.26804280911511,0,0,192,0.0,0.0,1.0,192,5150,3300,1850,0.6407766990291263,70,33,37,195.75618829797278,0.4191589177937754,0.7558512158114596,0.12411588010676633,1116946.3607842703,179.83242408445676,1117126.1932083548,2160,7,999.8802083333334,84,108,38,35.797469851028616,0.6221478174603174,40.870098039215705,8620.744671553224,102.627912756586,8
2162,33.093486534603564,1,0,193,0.0051813471502590676,0.0,1.0,193,5550,3800,1750,0.6846846846846847,73,38,35,190.91787802712065,0.4196328979562464,0.7503319603431142,0.11656865260595883,1099542.8174516878,-2165.5236984324665,1097377.2937532554,2161,0,995.6943005181347,80,113,41,37.29816246778084,0.6100260416666667,42.21965020576131,8530.85053480102,106.63563168501275,8
2163,33.38884057740792,3,2,194,0.015306122448979591,0.01020408163265306,0.9897959183673469,196,5900,4400,1500,0.7457627118644068,74,44,30,189.45470546749814,0.4214525553811268,0.7510047478887374,0.1166342504881818,1111927.7938423746,-2968.0094632937116,1108959.7843790809,2162,0,981.4387755102041,85,111,39,37.03159955257272,0.6111519607843137,41.921027131782935,8616.957681478052,101.3759727232712,0
2164,33.22193375539025,0,0,194,0.0,0.0,1.0,194,6850,5100,1750,0.7445255474452555,86,51,35,190.60135615928942,0.4203807444402899,0.7497957226525234,0.1177703980726164,1107499.8241994756,-3431.8063122811827,1104068.0178871944,2163,1,992.5567010309278,84,110,40,36.86768311975952,0.6128472222222222,41.7892156862745,8578.26157139793,102.12216156426108,0
2165,33.02969140570477,0,0,194,0.0,0.0,1.0,194,5350,3800,1550,0.7102803738317757,69,38,31,189.8822299523953,0.420384082937165,0.7488200272344994,0.11794928371774713,1102713.8090959883,-2272.84858591047,1100440.960510078,2164,2,993.5567010309278,76,118,41,36.69245065703371,0.6180098684210527,41.599025974026,8534.904431011513,112.30137409225675,0
2166,32.94747737317383,0,0,194,0.0,0.0,1.0,194,5500,3900,1600,0.7090909090909091,71,39,32,192.27186969046727,0.4202872665277852,0.7499013383368061,0.11978778827159291,1100871.4310421622,-1966.6783329403788,1098904.7527092218,2165,3,994.5567010309278,77,117,40,36.52269420192524,0.618641774891775,41.49305555555557,8517.151702891679,110.612359777814,0
2167,32.74842555531321,0,0,194,0.0,0.0,1.0,194,5100,3400,1700,0.6666666666666666,68,34,34,194.23201932884112,0.42037184178195613,0.7523695157250514,0.12171914568033272,1095988.6496365552,-1324.7822839200726,1094663.8673526351,2166,4,995.5567010309278,78,116,41,36.25919508010128,0.6203258547008548,41.28428270042197,8472.532407974757,108.62221035865073,0
2168,33.113186659234835,1,0,195,0.005128205128205128,0.0,1.0,195,5100,3800,1300,0.7450980392156863,64,38,26,189.1517891440776,0.42103599436073663,0.7476765500126121,0.11931424229317603,1110189.427353238,-2101.136705458781,1108088.2906477791,2167,0,991.4461538461538,82,113,47,36.15365353236725,0.6210619918699187,41.05170682730927,8574.603166917657,104.56833130387388,0
2169,32.902518753938025,1,1,195,0.00510204081632653,0.00510204081632653,0.9948979591836735,196,4850,3200,1650,0.6597938144329897,65,32,33,188.42958511148575,0.42160409035409036,0.7465029227771489,0.11941874979995531,1104543.5970515874,-2424.2616540039226,1102119.3353975834,2168,0,987.3826530612245,87,109,40,36.0029313232831,0.6209291187739463,40.88541666666669,8525.522437543912,97.99451077636681,0
2170,32.36544100702155,0,0,195,0.0,0.0,1.0,195,6050,4400,1650,0.7272727272727273,77,44,33,189.6807860384271,0.4212937263194995,0.7479916032402207,0.1206563722052754,1087606.046486378,-3790.406040463092,1083815.6404459148,2169,2,993.4461538461538,87,108,45,35.83783274736318,0.6222461685823755,40.755208333333364,8390.572011065176,96.44335644902502,0
2171,31.9426251407991,0,0,195,0.0,0.0,1.0,195,5200,3700,1500,0.7115384615384616,67,37,30,187.4514696148717,0.421468851881223,0.7451993093264042,0.11948143730688006,1073991.4965705483,-3935.743122794477,1070055.7534477538,2170,3,994.4461538461538,88,107,45,35.82259508334841,0.6226325757575757,40.683520599250976,8283.249094329993,94.12783061738628,0
2172,31.604160649847138,0,0,195,0.0,0.0,1.0,195,4750,2800,1950,0.5894736842105263,67,28,39,187.67365824384862,0.4215657767204159,0.7455325329149709,0.11991599108450592,1063315.8459092353,-3838.7250659124184,1059477.120843323,2171,4,995.4461538461538,75,120,46,35.7292877522984,0.6286111111111111,40.59758771929823,8198.195510677144,109.30927347569525,0
2173,31.37990632491929,0,0,195,0.0,0.0,1.0,195,5500,3500,2000,0.6363636363636364,75,35,40,232.07215339257417,0.4214269979733897,0.7961626836834821,0.1417021116578457,1042620.7462253283,3892.6483496568053,1046513.3945749851,2172,5,996.4461538461538,67,128,41,36.23573805562155,0.6162935323383085,42.21813725490195,8089.170705204353,120.73389112245303,8
2174,31.41909893316011,0,0,195,0.0,0.0,1.0,195,4700,3400,1300,0.723404255319149,60,34,26,235.5842540126925,0.4213388844832144,0.7979361112987107,0.14441898025858804,1045088.4518014349,5541.276658984083,1050629.728460419,2173,6,997.4461538461538,68,127,36,35.997951419373706,0.6171875,42.074275362318836,8103.7938597983075,119.17343911468099,0
2175,31.415475230075966,0,1,194,0.0,0.005128205128205128,0.9948717948717949,195,5000,3100,1900,0.62,69,31,38,234.9196459470731,0.421043704291127,0.7980988288260713,0.14440866177109976,1045774.3890525575,5134.589843348573,1050908.9788959061,2174,7,998.4461538461538,70,125,36,35.913245579120954,0.6171130952380952,41.97476525821595,8105.985370765033,115.79979101092904,0
2176,31.7269721123839,0,0,194,0.0,0.0,1.0,194,5600,3900,1700,0.6964285714285714,73,39,34,231.37111800367876,0.42082865943770814,0.7941617606749853,0.14271172505300178,1057147.5122801387,4518.680362212553,1061666.1926423511,2175,8,999.0103092783505,72,122,38,35.879373721740066,0.6173321759259259,41.85216894977168,8190.249036602964,113.75345884170784,0
2177,31.538925968601596,0,0,194,0.0,0.0,1.0,194,5550,4500,1050,0.8108108108108109,66,45,21,231.46204966081942,0.4205677002652992,0.7929986419897639,0.14317819893989367,1051722.7112640706,4336.778884803238,1056059.4901488738,2176,9,1000.0103092783505,75,119,39,35.77137069667057,0.6169444444444445,41.74890350877193,8144.962213547033,108.5994961806271,0
2178,31.398330640227016,0,0,194,0.0,0.0,1.0,194,5600,3900,1700,0.6964285714285714,73,39,34,210.69822113029616,0.420384082937165,0.770241414337892,0.12594367353277214,1036948.9522913042,-703.3400698591295,1036245.6122214451,2177,10,1001.0103092783505,86,108,37,37.580654553925,0.5999273255813953,42.99568965517244,8069.506312170486,93.83146874616844,8
2179,31.028695419874314,1,0,195,0.005128205128205128,0.0,1.0,195,5150,3700,1450,0.7184466019417476,66,37,29,212.77662941039853,0.4209445766146797,0.7751255617234989,0.12785427554837286,1026278.463977441,-476.38551967961394,1025802.0784577613,2178,0,996.8717948717949,87,108,41,37.33047987236132,0.6015325670498084,42.80303030303032,7980.486435641957,91.72972914530985,0
2180,31.335647993882585,2,2,195,0.01015228426395939,0.01015228426395939,0.9898477157360406,197,5450,3900,1550,0.7155963302752294,70,39,31,206.6670835618674,0.4221151023861321,0.7714717379124703,0.12489338426708634,1038114.8775708112,-1941.165170051073,1036173.7124007602,2179,0,987.741116751269,72,125,42,37.27444703143193,0.6098090277777778,42.59417808219178,8065.978227192466,112.02747537767314,0
2181,31.580606876767185,1,0,196,0.00510204081632653,0.0,1.0,196,5100,3200,1900,0.6274509803921569,70,32,38,203.00018564786856,0.4229695403802547,0.7650559558453349,0.1234044065708787,1047982.5172796028,-1751.8708873041196,1046230.6463922987,2180,0,985.4387755102041,78,118,44,37.1489746476951,0.6092414529914529,42.37869198312235,8135.837251559532,104.30560578922477,0
2182,31.586831679832475,2,0,198,0.010101010101010102,0.0,1.0,198,4700,3000,1700,0.6382978723404256,64,30,34,202.1652998526196,0.4243844964022629,0.7666627807286637,0.12375706242081831,1050250.4630186325,-1835.160044697387,1048415.3029739351,2181,0,976.4747474747475,83,115,44,36.91216838983728,0.6098142570281124,42.12549603174601,8145.438551365474,98.13781387187318,0
2183,31.547629103007523,3,0,201,0.014925373134328358,0.0,1.0,201,4300,2700,1600,0.627906976744186,59,27,32,206.00632329897675,0.4266075870646766,0.7748604545160327,0.127184256525388,1051443.3840259737,-1179.2028599552195,1050264.1811660186,2182,0,962.8855721393035,88,113,40,36.500124665669325,0.6111505681818181,41.81882022471909,8145.004100927439,92.55686478326635,0
2184,31.648417106652303,0,0,201,0.0,0.0,1.0,201,5300,4100,1200,0.7735849056603774,65,41,24,208.85537985404787,0.42683975953565506,0.7784765398729891,0.12928405859113454,1055578.2524742023,-1407.3606227659538,1054170.8918514363,2183,1,963.8855721393035,90,111,41,36.329665824580054,0.6114583333333333,41.72390109890108,8174.02970670091,90.82255229667678,0
2185,31.99968749757098,1,1,201,0.0049504950495049506,0.0049504950495049506,0.995049504950495,202,5900,4700,1200,0.7966101694915254,71,47,24,209.4060555877674,0.42736605750127254,0.7801807857508187,0.130409829041013,1069083.3289740966,-1525.4953969787043,1067557.8335771179,2184,0,960.1089108910891,71,131,41,36.09453415048228,0.6213321596244131,41.507523148148174,8271.678479732418,116.50251379904815,0
2186,32.32541656528696,1,0,202,0.0049504950495049506,0.0,1.0,202,6450,4700,1750,0.7286821705426356,82,47,35,207.00768457339768,0.42773857609641563,0.7796064775969118,0.12993035521096302,1082302.0069998896,-2041.0335043620507,1080260.9734955276,2185,0,960.5445544554456,75,127,40,35.87129237288135,0.6222222222222222,41.22807017543862,8364.910426982198,111.5321390264293,8
2187,32.70455632442836,2,2,202,0.00980392156862745,0.00980392156862745,0.9901960784313726,204,4300,3100,1200,0.7209302325581395,55,31,24,200.4849861367882,0.42868260810071157,0.7742773868822193,0.12087414760965293,1082744.6467420005,-1685.1909016494055,1081059.455840351,2186,0,952.1176470588235,72,132,41,37.52091073772161,0.6089409722222222,42.679794520547965,8415.543153516264,116.882543798837,8
2188,32.324942903458684,1,2,201,0.0049261083743842365,0.009852216748768473,0.9901477832512315,203,5950,4100,1850,0.6890756302521008,78,41,37,197.05617910047295,0.4279871644799948,0.7686630705302082,0.11953109596864775,1072024.1112936377,-4300.204944978879,1067723.9063486587,2187,0,957.7733990147783,78,125,40,37.382777834664445,0.608440170940171,42.45780590717301,8325.03671928215,106.7312399907968,0
2189,32.76156512401522,1,1,201,0.0049504950495049506,0.0049504950495049506,0.995049504950495,202,5150,3900,1250,0.7572815533980582,64,39,25,196.99184851377981,0.42698892090701607,0.7690364201423976,0.12005630430938097,1087951.0268544408,-2686.5032254955045,1085264.5236289452,2188,0,963.4356435643564,78,124,40,37.20964441033518,0.610176282051282,42.28639240506331,8443.101138566468,108.2448863918778,0
2190,32.5886251287243,0,0,201,0.0,0.0,1.0,201,5400,3700,1700,0.6851851851851852,71,37,34,194.40986285747286,0.42672678275290216,0.7646876352475429,0.11882710154166592,1083092.7439440906,-3487.217637580764,1079605.5263065097,2189,1,966.7164179104477,80,121,44,37.16881567571161,0.6104166666666666,42.18106995884776,8401.964462199969,105.02455577749961,0
2191,32.267673113851004,0,0,201,0.0,0.0,1.0,201,4900,3200,1700,0.6530612244897959,66,32,34,198.85762410347928,0.4267672056384743,0.77050046203883,0.12207982558323716,1073746.5752572643,-2395.4614310182424,1071351.113826246,2190,2,967.7164179104477,81,120,41,36.892275622086544,0.6116255144032922,42.02235772357726,8324.338231657657,102.76960779824267,0
2192,31.895177754599345,2,0,203,0.009852216748768473,0.0,1.0,203,4900,3700,1200,0.7551020408163265,61,37,24,200.02436407997322,0.42736936871027004,0.774232925935205,0.1236303749847815,1063360.665086559,-2960.3918356806234,1060400.2732508783,2191,0,959.1724137931035,83,120,43,36.61321015223552,0.6133283132530121,41.77827380952382,8236.027856944736,99.2292512884908,0
2193,31.69083457257187,0,1,202,0.0,0.0049261083743842365,0.9950738916256158,203,5400,3900,1500,0.7222222222222222,69,39,30,202.4051138106782,0.4272951925734445,0.777619248571561,0.12544881901308777,1057362.3691354285,-3196.8898672029463,1054165.4792682256,2192,1,960.1724137931035,85,118,44,36.4502254575577,0.6136029411764705,41.67877906976745,8186.415079084821,96.310765636292,0
2194,31.47579065721829,0,1,201,0.0,0.0049504950495049506,0.995049504950495,202,5750,4200,1550,0.7304347826086957,73,42,31,200.63427536027973,0.427395817940003,0.7733868028493107,0.12498126976649213,1051659.9016341616,-3950.195542033258,1047709.7060921283,2193,2,964.3910891089109,73,129,41,36.31130654178466,0.620433789954338,41.49774774774776,8136.562776311353,111.45976405905964,0
2195,31.19478521931639,0,0,201,0.0,0.0,1.0,201,6150,4200,1950,0.6829268292682927,81,42,39,196.50914368159866,0.427011815920398,0.7677951910646006,0.12296155701456031,1043561.8866265044,-5336.109456054364,1038225.77717045,2194,3,969.4527363184079,75,126,43,36.25476896990252,0.6211111111111112,41.337719298245624,8068.914290829776,107.58552387773035,0
2196,31.363598066804315,0,1,200,0.0,0.004975124378109453,0.9950248756218906,201,4250,2300,1950,0.5411764705882353,62,23,39,198.90566647515095,0.42700145107794363,0.7717008179441771,0.12484504597908389,1050098.9234239922,-2675.874754302528,1047423.0486696897,2195,4,970.4527363184079,75,126,46,36.08094985875703,0.6222222222222222,41.22807017543859,8116.018797988821,108.21358397318427,0
2197,31.002196756808512,0,1,199,0.0,0.005,0.995,200,6100,5000,1100,0.819672131147541,72,50,22,199.57503117538127,0.4271074120603015,0.7723331724969849,0.1193017744767744,1023883.4255843142,-5231.686683811013,1018651.7389005031,2196,5,975.865,83,117,41,37.86434459187776,0.6010291164658634,42.99355158730158,7967.764481459019,95.9971624272171,8
2198,30.952534093742578,3,0,202,0.01485148514851485,0.0,1.0,202,5950,4400,1550,0.7394957983193278,75,44,31,201.04216028442167,0.42819627111964925,0.776965994174696,0.12103650596893718,1024322.7332594213,-5163.588975416487,1019159.1442840048,2197,0,967.1039603960396,86,116,44,37.56011386729962,0.6025920542635659,42.73227969348659,7963.087884006783,92.59404516286956,0
2199,31.481683137435688,0,1,201,0.0,0.0049504950495049506,0.995049504950495,202,7150,5200,1950,0.7272727272727273,91,52,39,200.784431690192,0.42791559939576046,0.7760624688936462,0.12139778216526911,1043097.8116954508,-5662.439736289179,1037435.3719591616,2198,1,968.1039603960396,70,132,43,37.40762376990007,0.6110119047619047,42.57629107981221,8104.131636288833,115.77330908984047,0
2200,31.487776251717587,0,2,199,0.0,0.009950248756218905,0.9900497512437811,201,6000,4200,1800,0.7,78,42,36,212.1468228477656,0.42771455223880595,0.783048747539363,0.12920545566442596,1045452.3501862005,-1842.1210938537897,1043610.2290923466,2199,2,973.3582089552239,75,126,39,36.84406192932999,0.6112500000000001,42.31085526315788,8114.058131970127,108.1874417596017,8
2201,31.58181287122879,1,0,200,0.005,0.0,1.0,200,6000,4100,1900,0.6833333333333333,79,41,38,216.11713658044687,0.4278407663316583,0.7875045905251554,0.13224426132776554,1049964.236509598,-616.9471387341982,1049347.289370864,2200,0,976.505,76,124,39,36.567358305790194,0.6125274122807017,42.140151515151516,8143.681481851895,107.15370370857757,0
2202,31.607875311361052,1,1,200,0.004975124378109453,0.004975124378109453,0.9950248756218906,201,5300,3900,1400,0.7358490566037735,67,39,28,213.4607917962304,0.4281560945273632,0.7863055697496164,0.13128308282376558,1052326.0235480457,-573.9307571312247,1051752.0927909145,2201,0,972.6417910447761,78,123,35,36.44853943110201,0.6135149572649572,41.95675105485231,8156.198837596708,104.56665176406035,0
2203,31.190991900093245,0,0,200,0.0,0.0,1.0,200,6650,4900,1750,0.7368421052631579,84,49,35,213.91164679407342,0.4278889237855947,0.7873242658271435,0.13229722749244652,1040066.3633246243,-2153.5382892213356,1037912.8250354029,2202,1,968.66,81,119,37,36.231440716874076,0.6143261316872428,41.755589430894304,8054.89931830532,99.44320146055951,0
2204,31.24225970712635,1,0,201,0.004975124378109453,0.0,1.0,201,5750,3800,1950,0.6608695652173913,77,38,39,209.38847110995573,0.4286100746268657,0.7829235081834596,0.13059930148162746,1044221.681187533,-2220.403735255029,1042001.277452278,2203,0,964.8358208955224,72,129,37,36.038941626653404,0.6213831018518519,41.45262557077624,8077.604218513418,112.18894747935303,0
2205,31.045993058816784,0,1,200,0.0,0.004975124378109453,0.9950248756218906,201,5800,3900,1900,0.6724137931034483,77,39,38,210.73180644331845,0.42882566334991706,0.7845041356905007,0.1318583174110467,1038578.2984139669,-2227.7038084794185,1036350.5946054875,2204,1,965.8358208955224,72,129,37,35.88764917894119,0.6225405092592593,41.338470319634695,8030.404055039531,111.53338965332682,0
2206,31.053251931654756,3,2,201,0.014778325123152709,0.009852216748768473,0.9901477832512315,203,5500,4000,1500,0.7272727272727273,70,40,30,204.85884041304092,0.4306615698515664,0.7806840017909318,0.12912874054864065,1040919.9601898871,-3451.6687985421017,1037468.291391345,2205,0,954.3054187192118,75,128,34,35.77304227762779,0.62375,41.07730263157895,8040.391752205194,107.20522336273592,0
2207,31.092370728946495,1,1,201,0.0049504950495049506,0.0049504950495049506,0.995049504950495,202,4950,3200,1750,0.6464646464646465,67,32,35,205.15164827717507,0.4300265381015713,0.7800451239356496,0.12943351520506602,1042496.364328007,-2576.03050702922,1039920.3338209777,2206,0,960.0247524752475,76,126,35,35.73185490892627,0.6236293859649122,41.04437229437231,8051.5443789704605,105.94137340750606,0
2208,30.811656101374844,0,1,200,0.0,0.004975124378109453,0.9950248756218906,201,5800,4100,1700,0.7068965517241379,75,41,34,208.00839508657435,0.42991500829187396,0.7803742680698396,0.13150361248693618,1033660.0361034395,-2998.006964998571,1030662.029138441,2207,2,965.8009950248756,77,124,35,35.584226988382525,0.623917748917749,40.97222222222223,7981.074809592241,103.65032220249664,0
2209,31.047816450979585,2,1,201,0.009900990099009901,0.0049504950495049506,0.995049504950495,202,6550,5200,1350,0.7938931297709924,79,52,27,205.7158801020404,0.4294344079930381,0.7799902758132957,0.1309101055194807,1043445.1344979459,-4019.3531637124756,1039425.7813342335,2208,0,961.960396039604,80,122,38,35.4073660714286,0.625,40.740740740740755,8049.433894698441,100.61792368373051,0
2210,31.51549975969553,2,0,203,0.009852216748768473,0.0,1.0,203,5450,4000,1450,0.7339449541284404,69,40,29,203.31050620807696,0.4302693508267083,0.7783361115720149,0.13002011402721872,1060581.882973967,-2924.5120994898,1057657.370874477,2209,0,958.128078817734,71,132,40,35.292586809428194,0.630868544600939,40.567129629629605,8176.156563814475,115.15713470161232,0
2211,31.482590831272148,2,1,204,0.00975609756097561,0.004878048780487805,0.9951219512195122,205,6100,4500,1600,0.7377049180327869,77,45,32,212.43121510977562,0.4312280806631596,0.7865177863078179,0.1344519785290222,1056495.0923093671,-2213.492756641448,1054281.5995527257,2210,0,949.770731707317,77,128,36,35.428748475007296,0.6243235930735931,40.93215811965811,8156.126863459498,105.923725499474,8
2212,31.505412943794774,0,1,203,0.0,0.004901960784313725,0.9950980392156863,204,5250,3600,1650,0.6857142857142857,69,36,33,226.72602325791183,0.4311225208474194,0.7932141145381277,0.13082120350879056,1029845.9408848234,648.5749490238777,1030494.5158338473,2211,1,955.3823529411765,73,131,42,38.515974821992224,0.5918949771689498,44.313063063063076,8055.522532532246,110.34962373331844,8
2213,31.186626431140787,3,1,205,0.014563106796116505,0.0048543689320388345,0.9951456310679612,206,4650,2800,1850,0.6021505376344086,65,28,37,227.7569980926574,0.43267325755781827,0.7985756242705608,0.13258385693336108,1022083.2294828014,707.3216295705697,1022790.551112372,2212,0,947.0776699029126,76,130,38,38.14894319682959,0.5938870614035088,43.97997835497838,7984.400773935924,105.05790492020952,0
2214,30.97969197096461,3,0,208,0.014423076923076924,0.0,1.0,208,6450,4600,1850,0.7131782945736435,83,46,37,224.2876441248319,0.4338966500990957,0.798587964168533,0.13198121528779935,1018504.901586106,-2362.3870187317452,1016142.5145673743,2213,0,938.9423076923077,65,143,41,37.82512412547955,0.6036858974358974,43.576388888888886,7943.924486304633,122.21422286622513,0
2215,31.322470265638348,1,1,208,0.004784688995215311,0.004784688995215311,0.9952153110047847,209,6100,4500,1600,0.7377049180327869,77,45,32,222.20271783695011,0.4342843286099865,0.7975177486940892,0.13129292704844922,1031002.5461881561,-2081.686428035313,1028920.8597601209,2214,0,935.444976076555,66,143,41,37.72230806520027,0.6046401515151515,43.423507462686565,8036.609558361777,121.76681149032996,0
2216,31.71967996266929,2,0,210,0.009523809523809525,0.0,1.0,210,5600,4200,1400,0.75,70,42,28,219.03435830438735,0.4346458001063264,0.796418915190642,0.13036320773564541,1046265.3382811259,-1766.3886026941937,1044498.9496784317,2215,0,931.9619047619047,69,141,46,37.5289687137891,0.6056763285024155,43.1547619047619,8147.048752316531,118.07317032342799,0
2217,31.289988803171113,0,1,209,0.0,0.004761904761904762,0.9952380952380953,210,5950,4200,1750,0.7058823529411765,77,42,35,216.62798732629977,0.4344450140502772,0.7937422466554453,0.12937543645936683,1033112.8715486751,-3189.767591103421,1029923.1039575717,2216,1,932.9619047619047,74,136,37,37.461040247901096,0.6044481981981982,43.027777777777764,8040.657956059303,108.65753994674733,0
2218,31.783337655108625,1,1,209,0.004761904761904762,0.004761904761904762,0.9952380952380953,210,5550,3900,1650,0.7027027027027027,72,39,33,222.22998873608512,0.43393996354522674,0.7981538130062364,0.13328890488819103,1050685.5006002402,-851.2346072880728,1049834.265992952,2217,0,933.9428571428572,76,134,40,37.15648620683607,0.6051260964912281,42.870670995671,8172.42828477611,107.53195111547512,0
2219,31.997099193544997,0,0,209,0.0,0.0,1.0,209,5650,3800,1850,0.672566371681416,75,38,37,225.5619996629767,0.43369007637099743,0.8010814486230955,0.13554566744996988,1058328.2845224505,293.7288313543577,1058622.0133538048,2218,1,939.3971291866029,78,131,42,36.99919255613657,0.6049679487179487,42.800632911392405,8229.63366125117,105.50812386219448,0
2220,31.863221469624097,2,2,209,0.009478672985781991,0.009478672985781991,0.990521327014218,211,5550,4100,1450,0.7387387387387387,70,41,29,221.73702130181232,0.4347146994658843,0.8000762154099896,0.13407476876031482,1055758.9152281967,-929.8325848932445,1054829.0826433033,2219,0,931.4834123222748,61,150,43,36.86583561763045,0.6164617486338797,42.57392473118281,8202.424048346464,134.46596800567974,0
2221,31.4577445386088,2,0,211,0.009478672985781991,0.0,1.0,211,5900,4300,1600,0.7288135593220338,75,43,32,214.97039417230744,0.4352149627623561,0.7939121048017588,0.13103847505633792,1044710.1484116166,-3183.649520028728,1041526.4988915878,2220,0,921.9810426540284,67,144,46,36.739182120779816,0.6156716417910448,42.279411764705905,8107.308427045927,121.00460338874518,0
2222,31.300708544267263,2,0,213,0.009389671361502348,0.0,1.0,213,5250,3600,1650,0.6857142857142857,69,36,33,212.8912181491654,0.4354247866654856,0.7941972852460839,0.13077812928880758,1041754.8551452272,-3493.907975064828,1038260.9471701623,2221,0,914.3145539906103,71,142,40,36.506815547954155,0.616343896713615,41.99942129629631,8075.600918256951,113.74085800361904,0
2223,31.208476993795138,2,1,214,0.009302325581395349,0.004651162790697674,0.9953488372093023,215,5200,3700,1500,0.7115384615384616,67,37,30,212.58947401201863,0.4366097949721075,0.7960326139278142,0.13150396813310788,1040703.2906261013,-3951.486968643914,1036751.8036574573,2222,0,906.8,75,140,42,36.25875703216219,0.6169444444444445,41.74890350877194,8059.623403468884,107.46164537958512,0
2224,31.69762020265083,0,0,214,0.0,0.0,1.0,214,5900,4700,1200,0.7966101694915254,71,47,24,215.11892046762586,0.4362600185745835,0.7981551579682418,0.13343425652921553,1057821.2333111349,-3188.5276484752676,1054632.7056626596,2223,1,912.0280373831775,63,151,43,36.092801717801706,0.6245039682539683,41.650390625,8189.06779747195,129.9852031344754,0
2225,31.444571836200087,1,1,214,0.004651162790697674,0.004651162790697674,0.9953488372093023,215,5550,3500,2050,0.6306306306306306,76,35,41,217.48569884239438,0.43643773092805915,0.8000124863430624,0.13615701314082687,1052066.6644595736,-2788.1092502445854,1049278.555209329,2224,0,908.7813953488372,65,150,41,35.69351230425057,0.6266025641025641,41.31944444444445,8134.099311794825,125.13998941222808,0
2226,31.41742570851067,0,1,213,0.0,0.004672897196261682,0.9953271028037384,214,5100,3400,1700,0.6666666666666666,68,34,34,221.01069104291514,0.43573440905035615,0.8034353788218611,0.1387940368069964,1052056.4839211612,-1396.8538944809998,1050659.6300266802,2225,1,913.8317757009346,65,149,44,35.48940609054503,0.627724358974359,41.20896464646464,8130.548127248249,125.08535580381923,0
2227,31.41222108833263,1,1,213,0.004672897196261682,0.004672897196261682,0.9953271028037384,214,6050,4000,2050,0.6611570247933884,81,40,41,221.5932396536365,0.43621294224328316,0.8018479786079258,0.13978272622897364,1053171.0335481365,-2174.8837533399765,1050996.1497947965,2226,0,914.1635514018692,70,144,39,35.31232294617563,0.6264880952380952,41.05046948356807,8134.179903302094,116.20257004717277,0
2228,31.51663677167749,0,0,213,0.0,0.0,1.0,213,6350,4400,1950,0.6929133858267716,83,44,39,222.72560165460857,0.43572836389405617,0.802311399191352,0.1410543686516468,1057815.3667739134,-1829.4871991581276,1055985.8795747552,2227,3,919.4553990610328,72,141,41,35.13979915918562,0.626880787037037,40.91038812785387,8165.633188689304,113.41157206512922,0
2229,31.582426159611288,0,0,213,0.0,0.0,1.0,213,5550,3500,2050,0.6306306306306306,76,35,41,223.9707651769492,0.43580864115510676,0.8030973880068022,0.14219826649786124,1060746.2880023392,-634.7684435017509,1060111.5195588374,2228,4,920.4553990610328,73,140,42,35.017244188572676,0.6272831050228311,40.82207207207206,8185.467770984811,112.12969549294262,0
2230,31.757548120632464,0,1,212,0.0,0.004694835680751174,0.9953051643192489,213,6350,4400,1950,0.6929133858267716,83,44,39,228.25077096879195,0.4354653866595801,0.8064223386728753,0.1454454811707161,1067686.3069220176,-209.9554584456082,1067476.351463572,2229,5,921.4553990610328,75,138,43,34.77484054830243,0.6276388888888889,40.693530701754376,8234.937676730313,109.79916902307083,0
2231,31.314625881556953,1,1,212,0.004694835680751174,0.004694835680751174,0.9953051643192489,213,5000,3400,1600,0.68,66,34,32,229.93101279937477,0.43548384120235034,0.8081903787287164,0.14700968177759494,1053754.771199989,858.1803568372225,1054612.951556826,2230,0,922.2535211267606,62,151,43,34.61042065009564,0.6360887096774194,40.575396825396815,8123.784392884045,131.02878053038782,0
2232,30.923030550648317,0,0,212,0.0,0.0,1.0,212,6200,4200,2000,0.6774193548387096,82,42,40,227.71054617121615,0.4352043838862559,0.8055163772070375,0.14606083544835907,1041485.335526403,-1168.5610835941525,1040316.7744428089,2231,1,927.561320754717,63,149,46,34.552291065680016,0.6365740740740741,40.46223958333333,8025.694094411413,127.39196975256212,0
2233,31.27235933343027,1,0,213,0.004694835680751174,0.0,1.0,213,5950,4300,1650,0.7226890756302521,76,43,33,226.09311104120786,0.435420173029793,0.8057040998217466,0.14579107505070993,1054748.392680096,-855.7309066486678,1053892.6617734474,2232,0,924.2018779342723,65,148,44,34.405637254901954,0.6371794871794871,40.27777777777778,8122.126660210365,124.95579477246716,0
2234,30.899739720782186,0,0,213,0.0,0.0,1.0,213,6800,5100,1700,0.75,85,51,34,221.69472811915625,0.43509445034989813,0.8015290534890547,0.14357611173224805,1043392.6552484258,-3137.069794635162,1040255.5854537906,2233,1,925.2018779342723,68,145,45,34.36556000929478,0.6369485294117647,40.1268115942029,8030.013882148915,118.0884394433664,0
2235,31.237486130075,0,1,212,0.0,0.004694835680751174,0.9953051643192489,213,6650,4900,1750,0.7368421052631579,84,49,35,221.84776787074657,0.4347964094841586,0.8016729534093117,0.1441391726467015,1055706.1753338529,-2408.788294964409,1053297.3870388884,2234,2,926.2018779342723,69,144,39,34.24716911834848,0.637530193236715,40.01488095238094,8121.281550275876,117.69973261269385,0
2236,31.339555433435258,0,0,212,0.0,0.0,1.0,212,5450,4100,1350,0.7522935779816514,68,41,27,220.45550440836058,0.4345779680467376,0.8000597571189734,0.14374606979241697,1060161.801904397,-1106.2990413380812,1059055.502863059,2235,3,921.9528301886793,70,142,41,34.15719536728899,0.6382440476190476,39.891431924882625,8151.6868879015965,116.45266982716566,0
2237,31.37989294388579,0,2,210,0.0,0.009433962264150943,0.9905660377358491,212,5850,4000,1850,0.6837606837606838,77,40,37,218.44643174785432,0.43451649080449495,0.7986133009224254,0.1430696449375161,1062777.6220897113,-1818.0041426066891,1060959.6179471046,2236,4,922.9528301886793,73,139,43,34.05284899129212,0.6382705479452055,39.73817567567568,8166.98818467771,111.87655047503712,0
2238,31.76101133853729,0,0,210,0.0,0.0,1.0,210,5200,3600,1600,0.6923076923076923,68,36,32,223.19234672329628,0.4340230310625048,0.8010005819133099,0.1464769077466514,1076267.257428488,842.922977382028,1077110.18040587,2237,7,927.652380952381,73,137,45,33.85737716736958,0.6389840182648402,39.66779279279279,8268.414184894538,113.26594773828134,0
2239,32.182735692269716,1,0,211,0.004739336492890996,0.0,1.0,211,6050,4300,1750,0.7107438016528925,78,43,35,222.40000000000026,0.4347541939366584,0.8010616113744073,0.14631578947368407,1091265.723072294,289.49936225553574,1091555.2224345494,2238,0,924.2511848341233,62,149,46,33.79166666666666,0.6461693548387097,39.58333333333332,8380.920753195216,135.176141180568,0
2240,32.48106937786489,0,0,211,0.0,0.0,1.0,211,6450,4700,1750,0.7286821705426356,82,47,35,220.01742756807505,0.43481907771007294,0.7991549249072145,0.1452986378098079,1102483.404117503,-136.88749791452483,1102346.5166195885,2239,1,925.2511848341233,63,148,45,33.720639680159906,0.6468253968253967,39.453125,8462.841123060893,134.33081147715703,0
2241,32.513039121334984,0,1,210,0.0,0.004739336492890996,0.995260663507109,211,6000,4500,1500,0.75,75,45,30,221.15212980848932,0.43465733844880766,0.8006937973722401,0.14658763420802368,1104637.86887978,658.6034739750057,1105296.472353755,2240,2,926.2511848341233,64,147,46,33.562082462395985,0.6474609375,39.326923076923094,8475.273947878799,132.42615543560623,0
2242,32.78888590618303,0,0,210,0.0,0.0,1.0,210,5850,4200,1650,0.717948717948718,75,42,33,218.85516145939374,0.43388537631958685,0.797095598299834,0.14565370693179608,1115191.0210309997,963.0621931612986,1116154.083224161,2241,3,931.3857142857142,65,145,41,33.48077407967729,0.6482371794871795,39.188762626262644,8551.70990529793,131.5647677738143,0
2243,32.267302911393095,0,0,210,0.0,0.0,1.0,210,5800,3800,2000,0.6551724137931034,78,38,40,219.54199333472258,0.43359962406015035,0.7980757834948953,0.1467863971134357,1098772.1466077054,445.3254573856402,1099217.4720650911,2242,4,932.3857142857142,67,143,46,33.302516240118955,0.6486318407960199,39.031862745098046,8420.737935025947,125.68265574665593,0
2244,31.81476088225271,0,0,210,0.0,0.0,1.0,210,4800,3200,1600,0.6666666666666666,64,32,32,229.6921763416973,0.43371544391281236,0.8092728517146153,0.1455839521880938,1068056.7738010131,2264.856966169402,1070321.6307671824,2243,5,933.3857142857142,72,138,34,34.93010811902273,0.6271701388888888,40.8818493150685,8243.782004292638,114.49697228184219,8
2245,32.01250705632698,1,1,210,0.004739336492890996,0.004739336492890996,0.995260663507109,211,6300,4400,1900,0.6984126984126984,82,44,38,228.43415980060183,0.4342859023546228,0.8090326783193997,0.1456129443545573,1076359.4842952187,675.4548876777408,1077034.9391828964,2244,0,929.957345971564,73,138,38,34.75758151485544,0.6287100456621004,40.681306306306325,8301.44151170691,113.71837687269739,0
2246,31.743835371850324,0,0,210,0.0,0.0,1.0,210,5900,4300,1600,0.7288135593220338,75,43,32,226.24038868678454,0.4337325320877952,0.8060030071528521,0.14464073391072269,1068179.344334429,433.0620098831969,1068612.406344312,2245,1,935.3571428571429,65,145,38,34.70847021962645,0.6341346153846155,40.577651515151516,8235.060322081818,126.69323572433565,0
2247,31.319510630390084,0,0,210,0.0,0.0,1.0,210,4950,3500,1450,0.7070707070707071,64,35,29,227.29499670026104,0.43374772157666897,0.806864150342413,0.14583949359093984,1054926.9574454976,1005.9238623180408,1055932.8813078157,2246,2,936.3571428571429,65,145,40,34.551978818283175,0.6354166666666667,40.451388888888886,8128.935484797415,125.06054591996022,0
2248,31.23992819865483,1,1,210,0.004739336492890996,0.004739336492890996,0.995260663507109,211,5550,4200,1350,0.7567567567567568,69,42,27,206.5666082857876,0.4338533438651922,0.7883962756299292,0.12735797359778456,1040795.7443739079,-4751.2706332798625,1036044.4737406281,2247,0,932.914691943128,82,129,41,36.53531375599639,0.6128048780487805,41.86746987951808,8064.04170670099,98.34197203293891,8
2249,31.16658686073991,0,0,210,0.0,0.0,1.0,210,5650,4000,1650,0.7079646017699115,73,40,33,207.72038511975114,0.433417350193666,0.7890214567948084,0.12855899999603218,1039457.0719122832,-4466.715341386424,1034990.3565708968,2248,1,938.3428571428572,81,129,43,36.36539234010463,0.6145833333333333,41.730182926829265,8049.388687318375,99.37516897923919,0
2250,30.782194639936453,0,0,210,0.0,0.0,1.0,210,6050,3900,2150,0.6446280991735537,82,39,43,204.2072599540527,0.43363095238095234,0.7848568813515939,0.1268753418741751,1027742.3151605212,-6075.511576446994,1021666.8035840743,2249,2,939.3428571428572,68,142,40,36.31428793986484,0.6220894607843137,41.59118357487923,7954.3904838736835,116.97633064520123,0
2251,30.710124514199237,0,1,209,0.0,0.004761904761904762,0.9952380952380953,210,6650,4500,2150,0.6766917293233082,88,45,43,200.04096773907713,0.43332099187362344,0.780464950392322,0.1248414311414129,1026600.2989612438,-7577.576542913319,1019022.7224183305,2250,3,940.3428571428572,70,140,42,36.259504085338165,0.6226190476190476,41.43192488262911,7940.657782251292,113.4379683178756,0
2252,30.841238998702114,0,0,209,0.0,0.0,1.0,209,6200,4600,1600,0.7419354838709677,78,46,32,213.92866482098685,0.4328245767390504,0.7829166571708552,0.12612495476957142,1014512.4911183179,-4593.339466168829,1009919.1516521492,2251,4,945.7081339712919,80,129,33,38.01850923372608,0.5970052083333333,43.505658436214006,7910.6032899834945,98.88254112479368,8
2253,30.565161195922357,2,0,211,0.009478672985781991,0.0,1.0,211,4900,3500,1400,0.7142857142857143,63,35,28,217.06189551342035,0.43393421349582484,0.7883244678056234,0.12884516939787174,1007409.6947050727,-3365.948421743843,1004043.7462833289,2252,0,937.7345971563981,85,126,35,37.68040092151406,0.597671568627451,43.25339147286824,7847.50147613821,92.32354677809658,0
2254,30.818564056333525,0,2,209,0.0,0.009478672985781991,0.990521327014218,211,6900,4500,2400,0.6521739130434783,93,45,48,229.14975317315043,0.4339925148574438,0.7943546239437393,0.13252972307849706,1008090.83230418,-2899.246920276093,1005191.5853839039,2253,1,938.7345971563981,78,133,40,38.363598480943075,0.5905448717948718,44.224683544303815,7882.627974218891,101.0593330028063,8
2255,30.3990265318248,1,0,210,0.004761904761904762,0.0,1.0,210,6150,4400,1750,0.7154471544715447,79,44,35,218.47069610020642,0.43351180982759935,0.796967322310165,0.12922520408522856,1000914.8035511322,-4415.889226236764,996498.9143248955,2254,0,944.0333333333333,73,137,36,37.777701590784396,0.6013127853881279,43.38400900900899,7800.876318625609,106.86131943322752,8
2256,30.352669165573257,1,0,211,0.004739336492890996,0.0,1.0,211,5850,4500,1350,0.7692307692307693,72,45,27,216.1609447208781,0.4340216655382532,0.7968844225173128,0.1284895767858612,1000808.5280872376,-4782.856616790601,996025.671470447,2255,0,940.5545023696683,75,136,40,37.65077924850552,0.6022222222222222,43.20175438596489,7794.512191422379,103.92682921896505,0
2257,30.70957128168578,0,1,210,0.0,0.004739336492890996,0.995260663507109,211,5050,3800,1250,0.7524752475247525,63,38,25,214.78231337762531,0.4341561348077936,0.7948410495202642,0.12789045264112295,1013079.2192176242,-3731.700332328171,1009347.518885296,2256,1,941.5545023696683,79,132,33,37.62107982291611,0.6011339662447257,43.13802083333332,7888.121258773613,99.84963618700776,0
2258,30.844399331969402,0,0,210,0.0,0.0,1.0,210,6800,5400,1400,0.7941176470588235,82,54,28,215.098795020322,0.4337410761752867,0.7937864170180333,0.12881440720360177,1019199.9786372203,-4954.262542079276,1014245.716095141,2257,3,947.0333333333333,80,130,33,37.39734450558612,0.6028645833333333,42.92695473251028,7929.263665715884,99.11579582144854,0
2259,31.15139441151955,0,0,210,0.0,0.0,1.0,210,6850,5000,1850,0.7299270072992701,87,50,37,203.5764316407948,0.4338578453710033,0.7828033323608556,0.11546477918159335,1013085.5492211155,-7601.931788542191,1005483.6174325733,2258,4,948.0333333333333,83,127,36,39.77337190832767,0.581074297188755,44.96527777777777,7944.687220576753,95.71912313947895,8
2260,31.308992918600683,4,0,214,0.018691588785046728,0.0,1.0,214,6400,4400,2000,0.6875,84,44,40,197.48948258369003,0.4364931149722844,0.7814405196159295,0.11277639109175942,1020281.819102428,-8901.014291182793,1011380.8048112453,2259,0,931.2943925233645,72,142,39,39.66426322359475,0.5883969907407407,44.70605022831053,7992.996465563486,111.01383979949286,0
2261,30.859625658380413,4,0,218,0.01834862385321101,0.0,1.0,218,5800,3700,2100,0.6379310344827587,79,37,42,188.58003562979425,0.4392712693245395,0.7744134006292875,0.10853430554180411,1007977.4386612906,-11383.115740644655,996594.3229206459,2260,0,915.1880733944954,78,140,43,39.58935204292196,0.5886752136752137,44.40928270042197,7887.433857621985,101.12094689258956,0
2262,30.85058884593971,1,4,215,0.0045662100456621,0.0182648401826484,0.9817351598173516,219,5800,4200,1600,0.7241379310344828,74,42,32,215.03217510792643,0.43989307109044445,0.7984942678755509,0.1284859600141527,1018749.648536569,-5787.209436949171,1012962.4390996197,2261,0,912.0045662100457,82,137,38,37.48341635330696,0.6012449186991871,43.009538152610446,7928.307075781981,96.68667165587782,7
2263,30.56609392214759,0,1,214,0.0,0.004651162790697674,0.9953488372093023,215,7000,5400,1600,0.7714285714285715,86,54,32,220.28215566229133,0.43758965442295156,0.7999211147364238,0.13200759559818795,1010198.9175382834,-5494.240959390471,1004704.676578893,2262,2,929.9488372093023,85,130,41,37.238724520242464,0.6012254901960784,42.90213178294575,7858.477587106442,92.45267749536991,0
2264,30.787801591155603,2,2,214,0.009259259259259259,0.009259259259259259,0.9907407407407407,216,6300,4500,1800,0.7142857142857143,81,45,36,217.27891190136856,0.4377444910996267,0.7993984751317509,0.13085594507330103,1018969.1841654273,-5219.896880701847,1013749.2872847255,2263,0,926.625,89,127,46,37.12975355016719,0.6017088014981273,42.71990740740742,7921.088444094914,89.00099375387543,0
2265,30.62163682361702,1,0,215,0.004651162790697674,0.0,1.0,215,6300,4600,1700,0.7301587301587301,80,46,34,215.07884061029915,0.4372853727450554,0.7962991032625968,0.13035441334226444,1015295.5032145353,-5626.284058353366,1009669.2191561819,2264,0,931.6232558139535,70,145,43,36.94973032512914,0.611904761904762,42.48826291079813,7885.430890964304,112.64901272806149,0
2266,30.392283649455216,1,0,216,0.004629629629629629,0.0,1.0,216,5800,4300,1500,0.7413793103448276,73,43,30,213.66345471104006,0.4373452304048235,0.7948440787451245,0.13014812011518817,1009121.4781690555,-5877.523750257779,1003243.9544187977,2265,0,928.3055555555555,74,142,45,36.79956702957133,0.6117680180180181,42.30555555555555,7831.922650444324,105.83679257357194,0
2267,30.570655468903006,0,0,216,0.0,0.0,1.0,216,7150,5400,1750,0.7552447552447552,89,54,35,213.47369371053676,0.43721917169107094,0.7948749916882794,0.1306646674689762,1016430.3935797792,-6953.769896574181,1009476.623683205,2266,1,929.3055555555555,80,136,36,36.62477558348296,0.6109375,42.12962962962961,7883.266248230962,98.54082810288703,0
2268,31.05332963352382,0,0,216,0.0,0.0,1.0,216,6200,4100,2100,0.6612903225806451,83,41,42,216.60748281035032,0.43704242032730406,0.7985258006867066,0.13320348008337352,1033831.1273701593,-4612.888369872947,1029218.2390002863,2267,2,930.3055555555555,84,132,38,36.3714618161094,0.6111111111111112,41.96078431372547,8012.976823081781,95.39258122716406,0
2269,31.3435745859752,1,0,217,0.004608294930875576,0.0,1.0,217,5600,3900,1700,0.6964285714285714,73,39,34,219.8029135396229,0.4374466632531149,0.8029326614809702,0.1356137864040118,1044453.0814347096,-3085.233929043179,1041367.8475056664,2268,0,927.0138248847926,88,129,39,36.16784543077781,0.6109138257575757,41.84222846441945,8091.587367074541,91.94985644402888,0
2270,31.335610433645623,0,3,214,0.0,0.013824884792626729,0.9861751152073732,217,6000,4200,1800,0.7,78,42,36,220.500095518865,0.43738621493997837,0.8039593258438844,0.1363349369799101,1044809.690488475,-3323.872689651158,1041485.8177988238,2269,1,928.0138248847926,94,123,40,36.07127439740705,0.6098182624113475,41.76535087719297,8091.940365381421,86.08447197214278,0
2271,31.372829137613174,2,0,216,0.009259259259259259,0.0,1.0,216,5850,4000,1850,0.6837606837606838,77,40,37,218.75248011356416,0.43781671691070917,0.8030003687898424,0.1360911447078192,1047843.7577902436,-3206.3158423734712,1044637.4419478702,2270,0,931.2037037037037,67,149,42,35.89033112059426,0.6231343283582089,41.544117647058826,8108.49223666988,121.0222721891027,0
2272,31.411608105792315,0,0,216,0.0,0.0,1.0,216,6500,5000,1500,0.7692307692307693,80,50,30,217.15594177256756,0.4377027706000574,0.8002587785816695,0.13573005647295217,1050493.5927924772,-4075.814906220062,1046417.7778862572,2271,1,932.2037037037037,71,145,44,35.76116953830092,0.6226525821596245,41.37731481481483,8123.75443430477,114.4190765395038,0
2273,31.69070551151215,0,1,215,0.0,0.004629629629629629,0.9953703703703703,216,5300,3700,1600,0.6981132075471698,69,37,32,213.24874236182922,0.4375695341659489,0.7954257448938298,0.13387709854412386,1061115.186124621,-3243.704211576909,1057871.4819130441,2272,2,933.2037037037037,76,140,42,35.701792217749684,0.6218475877192983,41.220238095238116,8200.913226863087,107.90675298504063,0
2274,31.46541119771782,1,0,216,0.004629629629629629,0.0,1.0,216,5500,4000,1500,0.7272727272727273,70,40,30,209.44380253785235,0.43773507034165954,0.7915261319177984,0.13188645346466393,1054445.9924874308,-4530.564352526208,1049915.4281349047,2273,0,933.9537037037037,78,138,44,35.690638687990216,0.6220619658119658,41.11286919831226,8145.990024472523,104.43576954451953,0
2275,31.46708192046386,1,1,216,0.004608294930875576,0.004608294930875576,0.9953917050691244,217,5050,3400,1650,0.6732673267326733,67,34,33,207.33204213997425,0.4382316023781077,0.7908758506125309,0.1309807819541753,1055438.430714212,-4684.758961402253,1050753.6717528095,2274,0,930.6451612903226,80,137,38,35.6279998344919,0.6223958333333333,40.9979423868313,8150.038964482337,101.87548705602921,0
2276,31.05488257023105,1,1,216,0.004608294930875576,0.004608294930875576,0.9953917050691244,217,5250,3800,1450,0.7238095238095238,67,38,29,217.21369082638154,0.4382502702395175,0.7995456686374678,0.13382914216702657,1034429.5249713612,-3711.548996238139,1030717.975975123,2275,0,931.6405529953917,82,135,37,36.28612353722971,0.6125508130081301,41.892570281124485,8015.495920423812,97.74995024907088,8
2277,31.499535886767777,2,1,217,0.009174311926605505,0.0045871559633027525,0.9954128440366973,218,6050,4400,1650,0.7272727272727273,77,44,33,218.6657436890428,0.43865647768429655,0.8036862004187315,0.1355270071390935,1050979.70252653,-3687.348348989576,1047292.3541775404,2276,0,928.2844036697247,85,133,39,36.03017888123036,0.6136029411764705,41.67877906976744,8136.9985690055155,95.72939492947665,0
2278,31.673742479224643,1,1,217,0.0045871559633027525,0.0045871559633027525,0.9954128440366973,218,5850,3800,2050,0.6495726495726496,79,38,41,219.60766466549717,0.43888460237601995,0.8051410785944197,0.13680923153645627,1058292.7561078307,-2968.1598597492793,1055324.5962480814,2277,0,928.8623853211009,72,146,39,35.818475380878766,0.6209490740740741,41.49543378995434,8187.807059840669,113.71954249778707,0
2279,31.55101325984466,0,0,217,0.0,0.0,1.0,217,5500,3700,1800,0.6727272727272727,73,37,36,217.9095895228834,0.4385240655401946,0.8024868491175257,0.13633260835829042,1055436.4908257,-2902.053503339778,1052534.4373223602,2278,1,934.0875576036866,73,144,39,35.706519274376404,0.6220034246575342,41.34290540540541,8160.893421306965,111.79306056584883,0
2280,31.41906236142949,2,0,219,0.0091324200913242,0.0,1.0,219,6000,4300,1700,0.7166666666666667,77,43,34,207.03824362783578,0.4390587253710918,0.7910505654303592,0.12777138971649418,1047044.2850321813,-6444.358045275142,1040599.9269869062,2279,0,926.5479452054794,93,126,40,36.48784357070292,0.6094310035842294,41.83289007092196,8111.368526531659,87.21901641431892,8
2281,31.912378579857098,0,0,219,0.0,0.0,1.0,219,6750,4400,2350,0.6518518518518519,91,44,47,206.2298452688115,0.4387942831608786,0.790194285080793,0.12778600458773706,1064676.9661986784,-6636.366799916096,1058040.5993987622,2280,1,927.5479452054794,96,123,41,36.36098292730247,0.6100260416666667,41.688144329896886,8243.345729809671,85.8681846855174,0
2282,32.23646023918041,1,2,218,0.004545454545454545,0.00909090909090909,0.990909090909091,220,6650,4600,2050,0.6917293233082706,87,46,41,203.8693124997291,0.4391634668603847,0.7880049550972932,0.1269052907630016,1076861.103846267,-6742.213420232448,1070118.8904260346,2281,0,924.3272727272728,79,141,41,36.25389359058318,0.6174841772151899,41.5234375,8332.369429791277,105.47303075685161,0
2283,31.72477360813475,1,1,218,0.0045662100456621,0.0045662100456621,0.995433789954338,219,6050,4600,1450,0.7603305785123967,75,46,29,202.0446629000129,0.43896708698141396,0.7850548796052073,0.12632695427923185,1061063.9914794469,-6973.536705238342,1054090.4547742086,2282,0,929.2100456621005,82,137,42,36.1398890398551,0.6178861788617886,41.365461847389575,8205.122170136096,100.06246548946459,0
2284,31.261861938100942,0,1,217,0.0,0.0045871559633027525,0.9954128440366973,218,4900,3600,1300,0.7346938775510204,62,36,26,202.73127281794513,0.438807092828253,0.7852584848314286,0.12709691334355827,1046354.7616948937,-6074.2334684951575,1040280.5282263985,2283,1,925.9954128440367,83,135,42,36.024571830265856,0.6184738955823292,41.26984126984128,8088.38650144519,97.45043977644808,0
2285,31.696562911840466,0,1,216,0.0,0.004608294930875576,0.9953917050691244,217,5700,4200,1500,0.7368421052631579,72,42,30,204.9873288997929,0.43802803379416283,0.7859433912861329,0.1288491781655845,1061670.3425142444,-5574.206463175305,1056096.136051069,2284,2,931.2027649769585,84,133,43,35.87091619318184,0.6190476190476191,41.176470588235304,8203.816283064616,97.66447956029305,0
2286,31.47727106153971,0,0,216,0.0,0.0,1.0,216,5150,3200,1950,0.6213592233009708,71,32,39,205.1490586122435,0.43781806273327595,0.7861475132275113,0.12936395667751108,1055250.0739895175,-5053.288144109669,1050196.7858454078,2285,3,936.0370370370371,87,129,46,35.75090476190476,0.6191331417624522,41.062973484848506,8150.630971486578,93.68541346536297,0
2287,31.83397026971102,0,1,215,0.0,0.004629629629629629,0.9953703703703703,216,6550,4700,1850,0.7175572519083969,84,47,37,207.85337663927496,0.43766688199827736,0.790165729040869,0.13163271759522677,1068459.790802511,-5333.404935680452,1063126.3858668304,2286,4,937.0370370370371,90,126,37,35.5259233895909,0.6196759259259259,40.911172161172196,8247.826042635625,91.64251158484028,0
2288,31.35487472414523,0,0,215,0.0,0.0,1.0,215,6250,4400,1850,0.704,81,44,37,209.8333393562531,0.4375824096210969,0.7942098146495915,0.13362201208204977,1053961.1039455228,-5018.764401501369,1048942.3395440215,2287,5,941.953488372093,90,125,38,35.27594440274898,0.6216435185185185,40.71657509157511,8129.799306051025,90.33110340056695,0
2289,31.169663590373375,0,0,215,0.0,0.0,1.0,215,5950,3800,2150,0.6386554621848739,81,38,43,208.86759890969455,0.43753622400927333,0.7927150462314372,0.13335392853465144,1048475.6468461069,-5151.481825592815,1043324.165020514,2288,6,942.953488372093,93,122,38,35.2074966532798,0.6216397849462365,40.62500000000001,8084.631493753113,86.93152143820552,0
2290,31.10350418042798,0,1,214,0.0,0.004651162790697674,0.9953488372093023,215,6300,4400,1900,0.6984126984126984,82,44,38,209.90281877308155,0.43729714554806925,0.7949082438018373,0.13467098309219014,1047632.0690956054,-5319.815131951199,1042312.2539636542,2289,7,943.953488372093,72,143,37,35.00581853501198,0.6315104166666667,40.45376712328768,8072.797339295181,112.12218526798863,0
2291,31.127586832152492,0,0,214,0.0,0.0,1.0,214,6750,4900,1850,0.725925925925926,86,49,37,209.97007269467338,0.43684550187939686,0.7951758324873788,0.1353760288032506,1049827.0788996485,-5463.546385320626,1044363.5325143279,2290,8,948.8457943925233,72,142,39,34.829244730143046,0.6332465277777778,40.28253424657536,8084.377967066356,112.28302732036606,0
2292,31.503283515969496,0,0,214,0.0,0.0,1.0,214,6700,4500,2200,0.6716417910447762,89,45,44,214.93432671538156,0.43674632164743393,0.8000733549432577,0.13917581920353086,1063727.44634031,-3773.69150243464,1059953.7548378753,2291,9,949.8457943925233,73,141,41,34.54687133235832,0.6342751141552512,40.13231981981983,8186.685205353515,112.14637267607554,0
2293,31.302011816574943,0,0,214,0.0,0.0,1.0,214,6450,4900,1550,0.7596899224806202,80,49,31,213.0811081375859,0.436723469059424,0.7986266960094275,0.13842402343274993,1057847.6179181319,-4168.531466659655,1053679.0864514722,2292,10,950.8457943925233,73,141,36,34.480018318984946,0.6354166666666667,40.01970720720721,8137.906197076625,111.47816708324144,0
2294,31.652736117463174,0,0,214,0.0,0.0,1.0,214,6750,5100,1650,0.7555555555555555,84,51,33,214.02334001611948,0.43674312228511253,0.7996986434638456,0.13982571127411214,1071313.7229857447,-3692.7717602975545,1067620.9512254472,2293,11,951.8457943925233,77,137,37,34.25533826095884,0.635551948051948,39.823717948717935,8235.291199791865,106.95183376353071,0
2295,31.283997117131715,0,1,213,0.0,0.004672897196261682,0.9953271028037384,214,6650,4600,2050,0.6917293233082706,87,46,41,220.20652999094892,0.43634960071958234,0.8051912353726554,0.14443467675784227,1059942.4548637357,-2768.750004873932,1057173.7048588619,2294,12,952.8457943925233,79,135,40,33.95524876617313,0.6360759493670887,39.687499999999986,8143.615499553312,103.08374050067484,0
2296,30.93997281468139,0,0,213,0.0,0.0,1.0,213,6200,4200,2000,0.6774193548387096,82,42,40,224.1980089271938,0.4359018365960965,0.8071082177278399,0.14776606772486978,1049626.7320279893,-1735.155312513767,1047891.5767154755,2295,13,958.1971830985915,66,147,39,33.68126019656998,0.6442550505050505,39.52114427860695,8059.208714819179,122.10922295180573,0
2297,30.87938596532273,0,0,213,0.0,0.0,1.0,213,6550,4200,2350,0.6412213740458015,89,42,47,211.7621620988284,0.43580956388224523,0.7928232640449426,0.13379035697698316,1035749.5079821509,-5283.488959380282,1030466.0190227706,2296,14,959.1971830985915,75,138,34,35.51032130320513,0.6245833333333333,40.99506578947369,7997.913330409878,106.63884440546504,8
2298,31.32306326036297,0,0,213,0.0,0.0,1.0,213,4950,3600,1350,0.7272727272727273,63,36,27,210.3486983197346,0.4356490093601441,0.7907746793443193,0.13328495900716877,1051466.791637945,-3315.0658105059165,1048151.7258274391,2297,15,960.1971830985915,77,136,35,35.44179294230835,0.6247294372294372,40.89209401709403,8116.05333036278,105.40329000471142,0
2299,31.79540491777885,0,0,213,0.0,0.0,1.0,213,6150,4600,1550,0.7479674796747967,77,46,31,211.3845935951845,0.4355576593734314,0.7918616479190892,0.13425482895963037,1068002.3078052572,-3598.1532411730423,1064404.154564084,2298,16,961.1971830985915,78,135,37,35.33071340150247,0.6251335470085471,40.80959915611816,8241.063745632671,105.65466340554707,0
2300,32.240865811014906,0,1,212,0.0,0.004694835680751174,0.9953051643192489,213,5900,4200,1700,0.711864406779661,76,42,34,212.9695640584828,0.4351599639767325,0.7940035763745033,0.1355756040727214,1083648.2544978238,-2343.1807293722577,1081305.0737684516,2299,17,962.1971830985915,80,133,40,35.206173635567,0.6251302083333333,40.72788065843623,8359.157608228836,104.48947010286045,0
2301,32.09503568987763,0,0,212,0.0,0.0,1.0,212,5600,4000,1600,0.7142857142857143,72,40,32,215.045123560665,0.4348061790217294,0.7943696533215014,0.13758942125798818,1080222.514012487,-1540.6832002348128,1078681.8308122521,2300,18,967.4905660377359,69,143,40,34.971262307618744,0.6320954106280193,40.55059523809522,8327.037905550802,120.68170877609857,0
2302,32.33180749929877,0,1,211,0.0,0.0047169811320754715,0.9952830188679245,212,6600,4600,2000,0.696969696969697,86,46,40,214.0807016953463,0.4346333907120927,0.7927652695402558,0.13754335278857813,1089413.7968277617,-2355.5059877045114,1087058.2908400572,2301,19,968.4905660377359,70,142,40,34.84750009419386,0.6330357142857144,40.40492957746477,8393.177844668275,119.90254063811821,0
2303,32.456677282086,0,1,210,0.0,0.004739336492890996,0.995260663507109,211,5800,4200,1600,0.7241379310344828,74,42,32,216.8399044034106,0.43421443616941247,0.794642763910574,0.13972636140679834,1094486.7348739826,-534.3202078252289,1093952.4146661574,2302,20,973.8578199052133,70,141,42,34.67094608590855,0.634077380952381,40.30223004694834,8428.926710243562,120.41323871776518,0
2304,32.90035786637526,0,0,210,0.0,0.0,1.0,210,5750,4300,1450,0.7478260869565218,72,43,29,218.89641019605318,0.43373205741626797,0.79521369833226,0.14144378689782347,1110275.4388806685,857.0615799650323,1111132.5004606335,2303,21,979.3952380952381,71,139,43,34.518630153514884,0.6345363849765258,40.2054398148148,8547.334001830128,120.3849859412694,0
2305,32.84764918055593,0,0,210,0.0,0.0,1.0,210,5900,4400,1500,0.7457627118644068,74,44,30,222.50988339453946,0.4334197235513025,0.7978225544361397,0.1441395602536837,1109240.928663185,1463.413938659156,1110704.3426018443,2304,22,980.3952380952381,73,137,45,34.335617304011855,0.634417808219178,40.11824324324324,8536.504774372514,116.93842156674675,0
2306,32.72679928739745,0,0,210,0.0,0.0,1.0,210,6800,5300,1500,0.7794117647058824,83,53,30,219.58073800392876,0.4332721007063112,0.7957231797562689,0.14282779577575316,1106373.0245083685,-212.35895416284438,1106160.6655542057,2305,23,981.3952380952381,76,134,44,34.266015469191665,0.6344572368421053,39.97564935064934,8509.764733537131,111.97058859917279,0
2307,32.89249251409746,0,0,210,0.0,0.0,1.0,210,6100,4800,1300,0.7868852459016393,74,48,26,219.3894033377539,0.4329441026809448,0.7967197527929646,0.14331851239781518,1113247.6142299154,746.9459706158414,1113994.5602005313,2306,24,982.3952380952381,76,134,38,34.11891638935108,0.6359649122807017,39.82683982683982,8557.743723364742,112.6018910969045,0
2308,32.814457285812594,0,2,208,0.0,0.009523809523809525,0.9904761904761905,210,6500,4700,1800,0.7230769230769231,83,47,36,223.30637595498007,0.4330632452342979,0.8004228141137442,0.14651837090326222,1111897.8043240006,1158.7738231782496,1113056.5781471787,2307,25,983.3952380952381,78,132,40,33.86242381265936,0.6366185897435898,39.6756329113924,8542.402824285287,109.51798492673446,0
2309,33.14715469666235,0,0,208,0.0,0.0,1.0,208,5600,3900,1700,0.6964285714285714,73,39,34,223.26030047189636,0.43248618078781126,0.7976242562128102,0.146826134466868,1123855.2539083033,2982.45233489753,1126837.706243201,2308,26,991.625,79,129,41,33.78257454539393,0.6369989451476794,39.596354166666664,8631.639932012371,109.26126496218191,0
2310,33.031341249549634,0,0,208,0.0,0.0,1.0,208,5800,4500,1300,0.7758620689655172,71,45,26,221.1940212334285,0.4323313436764524,0.7956981460023171,0.14616419626680693,1121339.5710393426,2206.721777272317,1123546.292816615,2309,27,992.625,68,140,41,33.668766898416386,0.6439950980392157,39.43236714975848,8606.898399263739,126.57203528329028,0
2311,33.03550406349307,1,0,209,0.004784688995215311,0.0,1.0,209,5750,4300,1450,0.7478260869565218,72,43,29,224.69000214562425,0.43255332934609253,0.8021466841765501,0.14411305286132176,1112611.8148848943,2448.5502147465763,1115060.3650996408,2310,0,988.8708133971292,64,145,43,34.63324585777502,0.6359049479166667,40.46474358974358,8573.878017760717,133.9668440275112,8
2312,33.25070775631538,0,1,208,0.0,0.004784688995215311,0.9952153110047847,209,5600,4100,1500,0.7321428571428571,71,41,30,228.77971751435445,0.43239326463010674,0.8055482690010114,0.14769905410470738,1121831.8345061175,3930.4740393838524,1125762.3085455014,2311,1,989.8708133971292,66,143,42,34.293452238448644,0.6369949494949495,40.23631840796019,8637.32626232146,130.86857973214333,0
2313,33.602731015952365,1,0,209,0.004784688995215311,0.0,1.0,209,5900,4300,1600,0.7288135593220338,75,43,32,226.05337573652145,0.43247569316648266,0.8039946458394183,0.14688276772588946,1135665.2433371642,3644.1923926005957,1139309.4357297649,2312,0,990.7129186602871,67,142,42,34.135144159007005,0.638681592039801,40.01225490196077,8736.298265973377,130.39251143243845,0
2314,33.079584180072516,0,0,209,0.0,0.0,1.0,209,6000,4600,1400,0.7666666666666667,74,46,28,225.46430135476766,0.432260995583364,0.8046782895968314,0.14731008388963943,1119626.3105402202,2687.1527768733104,1122313.4633170934,2313,1,991.7129186602871,69,140,38,33.955330587966124,0.6394927536231885,39.82142857142856,8606.59895542242,124.73331819452783,0
2315,32.846070473681955,0,0,209,0.0,0.0,1.0,209,6400,4700,1700,0.734375,81,47,34,228.59383779385996,0.43214310360691943,0.8079495630890194,0.14987848744045282,1112754.6325801583,2673.7703968788096,1115428.402977037,2314,2,992.7129186602871,70,139,39,33.75042272573554,0.6401785714285715,39.700704225352105,8549.809013263848,122.14012876091212,0
2316,32.45319497913045,0,0,209,0.0,0.0,1.0,209,5500,4200,1300,0.7636363636363637,68,42,26,224.60846248600063,0.4318133894614158,0.8041998284565599,0.1477090165959325,1100319.1934309464,2128.2004560723303,1102447.3938870188,2315,3,993.7129186602871,74,135,39,33.748355467847176,0.6392173423423424,39.59722222222223,8450.90212032942,114.20138000445162,0
2317,32.31578928908727,0,1,208,0.0,0.004784688995215311,0.9952153110047847,209,5350,3900,1450,0.7289719626168224,68,39,29,227.73438408125688,0.4315958164642375,0.8051235186500474,0.1506678825845975,1097396.3367601018,2832.97576901801,1100229.31252912,2316,4,994.7129186602871,64,145,40,33.45606321485672,0.6468098958333333,39.39102564102565,8421.784702229781,131.59038597234033,0
2318,31.958200447194198,0,1,207,0.0,0.004807692307692308,0.9951923076923077,208,5800,3900,1900,0.6724137931034483,77,39,38,227.00157707794233,0.43122716152607454,0.8036104129593271,0.15084272784275962,1086500.5655298466,1927.4683742703455,1088428.0339041168,2317,5,1000.0096153846154,66,142,39,33.32202977184195,0.6470959595959596,39.24129353233831,8333.379009644614,126.2633183279487,0
2319,32.14911348259588,0,0,207,0.0,0.0,1.0,207,5600,4100,1500,0.7321428571428571,71,41,30,228.86119411093,0.4313685255538358,0.8042386999769078,0.1524953580140262,1093773.2924710584,3064.452360313932,1096837.7448313723,2318,6,996.1159420289855,66,141,42,33.1781201573489,0.6480429292929293,39.14800995024875,8386.16023027041,127.06303379197591,0
2320,32.10211839369677,0,0,207,0.0,0.0,1.0,207,5700,4300,1400,0.7543859649122807,71,43,28,224.58786115414534,0.4311779857104889,0.8007705326583634,0.15032518511397652,1093459.740179674,2015.5568610239375,1095475.297040698,2319,7,997.1159420289855,68,139,42,33.13269998264795,0.6484375,38.9945652173913,8378.827368789589,123.21804954102336,0
2321,31.99307957669358,1,0,208,0.004807692307692308,0.0,1.0,208,6550,4500,2050,0.6870229007633588,86,45,41,220.0433492327933,0.4314657074507618,0.7981184139762354,0.14832671714852685,1091741.1290936673,-103.92509180755314,1091637.2040018598,2320,0,993.3173076923077,72,136,40,33.00720085936931,0.6487268518518519,38.75570776255709,8358.009430509526,116.08346431263232,0
2322,31.829352403122535,0,0,208,0.0,0.0,1.0,208,6150,4400,1750,0.7154471544715447,79,44,35,218.88843273024034,0.43106506642512077,0.7970347101770794,0.1481264163295141,1087250.3155593092,-152.69648835238058,1087097.6190709567,2321,1,994.3173076923077,75,133,43,32.90268309736061,0.6486111111111111,38.62390350877195,8319.431884971915,110.9257584662922,0
2323,31.760502000525122,0,0,208,0.0,0.0,1.0,208,6750,5100,1650,0.7555555555555555,84,51,33,218.56795923874057,0.4310858726619596,0.7961040453570307,0.14827177775384948,1085581.264396213,-895.3436906212364,1084685.9207055918,2322,2,995.3173076923077,79,129,44,32.82702523240373,0.6476793248945147,38.54166666666669,8304.047918887367,105.11453061882743,0
2324,32.13469666259006,0,0,208,0.0,0.0,1.0,208,6200,4400,1800,0.7096774193548387,80,44,36,213.56124963030882,0.4309658739006565,0.7914205730163517,0.14573870175530593,1100045.1305633872,-814.5974534293337,1099230.5331099578,2323,3,996.3173076923077,67,141,44,32.754534765724095,0.6556281094527363,38.34252450980392,8408.28360437655,125.49677021457536,0
2325,32.31794283176036,0,0,208,0.0,0.0,1.0,208,5800,4200,1600,0.7241379310344828,74,42,32,211.3720113012525,0.4307824886968909,0.7893616333218345,0.14458882981650117,1106991.4059439085,-602.6000064869586,1106388.8059374215,2324,4,997.3173076923077,70,138,44,32.73052130044844,0.6547619047619048,38.26291079812207,8458.804285777667,120.84006122539525,0
2326,31.855241736707406,0,0,208,0.0,0.0,1.0,208,5850,4000,1850,0.6837606837606838,77,40,37,213.2453504729455,0.43071377972872543,0.7911176031824958,0.1463605460071993,1092075.3654267637,-874.0011913398093,1091201.3642354237,2325,5,998.3173076923077,71,137,43,32.56723437758992,0.6553697183098591,38.15104166666667,8341.261866213372,117.48256149596298,0
2327,31.68522212914538,0,0,208,0.0,0.0,1.0,208,5050,3700,1350,0.7326732673267327,64,37,27,212.55814477812453,0.4306082969466121,0.7891078012401553,0.1464927754551938,1087386.4773250779,-423.4295445923135,1086963.0477804856,2326,6,999.3173076923077,72,136,44,32.444966412490935,0.65625,38.013698630136986,8301.094153697328,115.29297435690734,0
2328,32.00378849207538,0,0,208,0.0,0.0,1.0,208,5600,3800,1800,0.6785714285714286,74,38,36,214.3284890500822,0.43035329957884305,0.7907807130584197,0.14849902455612835,1099794.1779471778,-56.555114900896115,1099737.6228322769,2327,7,1000.3173076923077,73,135,34,32.21895582760597,0.6575342465753424,37.83783783783784,8390.182388463005,114.93400532141102,0
2329,32.02414982509346,0,0,208,0.0,0.0,1.0,208,5000,3200,1800,0.64,68,32,36,211.47257161553017,0.4302347524154589,0.788051517880114,0.14704720677451974,1101489.3115239993,-13.044537000076161,1101476.2669869992,2328,8,1001.3173076923077,75,133,36,32.17278079710144,0.6577777777777778,37.719298245614034,8399.316489213104,111.9908865228414,0
2330,32.2794489453161,0,0,208,0.0,0.0,1.0,208,5350,3900,1450,0.7289719626168224,68,39,29,196.43184610305536,0.430355718908708,0.772644520442126,0.12524531095534883,1085409.8803208203,-4308.1866860164955,1081101.6936348039,2329,9,1002.3173076923077,87,121,38,35.57832755157934,0.6230842911877394,40.67234848484852,8370.953687192157,96.21785847347307,8
2331,32.6841956135215,0,2,206,0.0,0.009615384615384616,0.9903846153846154,208,5400,3700,1700,0.6851851851851852,71,37,34,192.49485247186226,0.43025313932243275,0.7680102865016378,0.12318148859760703,1100100.402419947,-4647.26706638709,1095453.13535356,2330,10,1003.3173076923077,77,131,40,35.55049413218035,0.6282467532467533,40.5448717948718,8480.082163187733,110.13093718425628,0
2332,32.281237220298884,0,0,206,0.0,0.0,1.0,206,5450,4100,1350,0.7522935779816514,68,41,27,192.19398907607766,0.4296802233799037,0.7659516925488086,0.12350608111239267,1087768.1630490609,-4837.499510728632,1082930.6635383323,2331,11,1013.0436893203884,77,129,38,35.408575115317966,0.6297348484848485,40.397970085470085,8380.274710542073,108.8347365005464,0
2333,31.991424166022092,0,0,206,0.0,0.0,1.0,206,4950,3600,1350,0.7272727272727273,63,36,27,191.1577274969618,0.42959389059910014,0.7650774264205027,0.12329485645825633,1079073.9192503965,-4895.336358970875,1074178.5828914256,2332,12,1014.0436893203884,78,128,41,35.304028327749016,0.6306089743589743,40.268987341772146,8309.164995019806,106.52775634640777,0
2334,31.931410946354735,0,0,206,0.0,0.0,1.0,206,5700,3900,1800,0.6842105263157895,75,39,36,192.65752226704015,0.4296930499644802,0.7659825575837271,0.12445044274443295,1077487.136778954,-5382.799590712071,1072104.3371882418,2333,13,1015.0436893203884,78,128,41,35.21131526410179,0.6311431623931624,40.21624472573838,8295.261846849646,106.34951085704674,0
2335,32.15852564888279,0,0,206,0.0,0.0,1.0,206,5250,3700,1550,0.7047619047619048,68,37,31,192.73014967811474,0.4297532362459547,0.7669416502908746,0.12489914894724498,1086087.381333741,-4585.64328640757,1081501.7380473334,2334,14,1016.0436893203884,79,127,45,35.09519038076154,0.6318565400843882,40.10416666666664,8357.866822287704,105.79578256060385,0
2336,32.1472283526404,0,0,206,0.0,0.0,1.0,206,6200,4300,1900,0.6935483870967742,81,43,38,191.5812143914716,0.4292830925882074,0.7659141973191834,0.12485311594493166,1087331.715771649,-5737.533889221347,1081594.1818824278,2335,15,1017.0436893203884,82,124,39,34.92679582448688,0.6326219512195121,39.90963855421684,8361.184241718296,101.96566148436946,0
2337,32.5899175019377,0,1,205,0.0,0.0048543689320388345,0.9951456310679612,206,6200,4600,1600,0.7419354838709677,78,46,32,188.80383947904866,0.4291380535164575,0.7623188299763697,0.1234200467924611,1103201.2848283213,-5742.2723412388705,1097459.0124870825,2336,16,1018.0436893203884,84,122,39,34.89131970610398,0.6329365079365079,39.80392156862743,8479.768730406086,100.9496277429296,0
2338,32.5336002430974,0,0,205,0.0,0.0,1.0,205,6300,4600,1700,0.7301587301587301,80,46,34,196.40653510219676,0.42835266220309265,0.7694224973888988,0.12912585054327877,1102962.419702345,-3974.194559665698,1098988.2251426794,2337,17,1023.1560975609756,87,118,41,34.49271903506381,0.633860153256705,39.607007575757564,8471.521521634158,97.37381059349607,0
2339,32.10769510770995,0,0,205,0.0,0.0,1.0,205,4800,2900,1900,0.6041666666666666,67,29,38,194.68214868121012,0.4278744221265742,0.7675939241533354,0.12849569827453022,1089650.455703039,-3372.9015944544053,1086277.5541085845,2338,18,1024.1560975609757,74,131,40,34.40021146533034,0.6404842342342343,39.47222222222223,8364.946455978123,113.03981697267733,0
2340,31.626746632117413,0,1,204,0.0,0.004878048780487805,0.9951219512195122,205,5650,4100,1550,0.7256637168141593,72,41,31,193.389467420791,0.4276701737605611,0.7684142765181305,0.12748750303961104,1072985.0422951356,-5149.198824013685,1067835.843471122,2339,19,1025.1560975609757,74,131,42,34.47636185905976,0.6400619369369369,39.513888888888886,8238.328237296697,111.32875996346888,7
2341,31.906216721465277,0,0,204,0.0,0.0,1.0,204,5650,3900,1750,0.6902654867256637,74,39,35,193.93949272328862,0.4273051893171062,0.7678807534491556,0.12838952306606854,1083665.538255337,-4416.891045810093,1079248.6472095267,2340,20,1029.0,77,127,43,34.31500649040102,0.6401515151515151,39.36965811965812,8315.728172223779,107.99646976913998,0
2342,31.621879597068865,0,0,204,0.0,0.0,1.0,204,6150,4600,1550,0.7479674796747967,77,46,31,190.98127384309444,0.42718545751633985,0.7650216741227245,0.1269101368118628,1075072.9711434185,-5886.238899349914,1069186.7322440685,2341,21,1030.0,78,126,42,34.260488302319324,0.641025641025641,39.24050632911393,8245.705312653405,105.71417067504365,0
2343,31.578720965414465,0,0,204,0.0,0.0,1.0,204,5200,3500,1700,0.6730769230769231,69,35,34,189.28960396596506,0.4270149151614669,0.763124423133202,0.12610703811939428,1074321.0421301357,-5328.439080576605,1068992.603049559,2342,22,1031.0,79,125,41,34.216095525715915,0.6414820675105486,39.15364583333334,8237.19423307487,104.26828143132747,0
2344,31.694860522468474,0,0,204,0.0,0.0,1.0,204,5200,3800,1400,0.7307692307692307,66,38,28,192.0205668087026,0.4266003815319231,0.7655614386259424,0.12836811874516496,1079241.2214829505,-4552.697785505099,1074688.5236974454,2343,23,1032.0,79,125,45,34.025421614609314,0.642668776371308,39.03645833333336,8271.203054574455,104.69877284271462,0
2345,31.429967927988244,0,0,204,0.0,0.0,1.0,204,6350,4100,2250,0.6456692913385826,86,41,45,194.46007211473224,0.4263765132489778,0.7692643815019198,0.13043548962473844,1071154.098515207,-5490.659351348198,1065663.4391638588,2344,24,1033.0,81,123,40,33.84585441806152,0.6430041152263375,38.92276422764228,8205.649147053045,101.30431045744501,0
2346,31.01551400637985,0,0,204,0.0,0.0,1.0,204,6850,5400,1450,0.7883211678832117,83,54,29,199.2576809301184,0.4264238022795325,0.7748884719145146,0.1343182605648106,1058387.9700067863,-5471.613514422394,1052916.3564923638,2345,25,1034.0,82,122,43,33.5495131949782,0.6443089430894309,38.75502008032129,8102.647333795228,98.81277236335644,0
2347,30.914908493939926,0,0,204,0.0,0.0,1.0,204,5450,3700,1750,0.6788990825688074,72,37,35,197.63819756990637,0.4259685195917447,0.7724761947279617,0.1339745492337224,1056478.223084169,-4489.9096435574465,1051988.3134406116,2346,26,1035.0,83,121,45,33.3995430541062,0.6458333333333333,38.56646825396825,8082.193711176112,97.37582784549532,0
2348,30.904782574938025,0,0,204,0.0,0.0,1.0,204,5300,3800,1500,0.7169811320754716,68,38,30,197.15387661609597,0.42569333767989953,0.772620097090432,0.13438121186765403,1057618.898374559,-4397.2668406021785,1053221.6315339566,2347,27,1036.0,71,133,44,33.22463317296169,0.6530223004694835,38.382523148148145,8085.231239910358,113.87649633676561,0
2349,30.56359687517018,0,0,204,0.0,0.0,1.0,204,5600,4200,1400,0.75,70,42,28,196.13428379252744,0.42549160468785213,0.7722980303591038,0.1343465663237432,1047259.584654099,-5319.298283801727,1041940.2863702972,2348,28,1037.0,73,131,44,33.08346104210357,0.6536815068493151,38.2179054054054,8001.002408326848,109.60277271680614,0
2350,30.683803334004825,0,0,204,0.0,0.0,1.0,204,5700,4200,1500,0.7368421052631579,72,42,30,192.80274682831364,0.4252838347982872,0.7685058638840163,0.13262996731062127,1052521.3601943043,-5914.198131813249,1046607.162062491,2349,29,1038.0,75,129,43,33.02568463282748,0.6541666666666667,38.07565789473683,8036.83500154646,107.15780002061948,0
2351,30.661126360616347,0,0,204,0.0,0.0,1.0,204,5950,4200,1750,0.7058823529411765,77,42,35,193.12383290034774,0.42511480166779353,0.7689945211267886,0.1332903045988752,1052624.255508881,-6092.633834450074,1046531.621674431,2350,30,1039.0,75,129,39,32.9055078983157,0.6552777777777778,37.966008771929815,8034.257315820479,107.12343087760638,0
2352,30.564763963242253,0,0,204,0.0,0.0,1.0,204,5600,4200,1400,0.75,70,42,28,194.5647333385525,0.424804907595222,0.770457339881599,0.13482175362404214,1050374.6341391073,-5526.827880629075,1044847.8062584782,2351,31,1040.0,77,127,39,32.733039155757,0.6557088744588744,37.83386752136751,8013.045958365478,104.06553192682439,0
2353,30.533875779691037,0,1,203,0.0,0.004901960784313725,0.9950980392156863,204,5350,3700,1650,0.6915887850467289,70,37,33,193.07636039570355,0.4247847846034966,0.7683098835297579,0.13420583823824028,1050132.899995599,-5598.832347413028,1044534.0676481859,2352,32,1041.0,80,124,40,32.66769638128859,0.65546875,37.731481481481474,8008.074365368027,100.10092956710034,0
2354,30.796641614481,0,0,203,0.0,0.0,1.0,203,6050,4500,1550,0.743801652892562,76,45,31,191.38785339322297,0.42456083662553445,0.7652744591543994,0.13330824056909513,1059722.0079843795,-6086.415939662771,1053635.5920447167,2353,33,1044.9901477832511,82,121,42,32.642344001658465,0.6553607723577235,37.66315261044177,8079.093871329031,98.5255350162077,0
2355,30.674659266229455,0,1,202,0.0,0.0049261083743842365,0.9950738916256158,203,5750,4200,1550,0.7304347826086957,73,42,31,189.78103284062266,0.424089360906534,0.763173883870619,0.1324116948329278,1055970.3651473438,-6269.370690649315,1049700.9944566945,2354,34,1045.9901477832511,86,117,42,32.628051562856506,0.6544331395348837,37.607758620689665,8048.792598412608,93.59061160944893,0
2356,30.63966889678195,0,0,202,0.0,0.0,1.0,202,4850,3000,1850,0.6185567010309279,67,30,37,192.4288233812042,0.4239779854851157,0.7655194090837656,0.13470017636684314,1055632.3424594426,-4623.182083476904,1051009.1603759658,2355,35,1050.1782178217823,87,115,42,32.448743386243386,0.6551724137931034,37.50000000000001,8042.913085405276,92.4472768437388,0
2357,30.83938331018967,0,0,202,0.0,0.0,1.0,202,5250,3900,1350,0.7428571428571429,66,39,27,199.95613533587567,0.4238004490747582,0.7702653038146452,0.14068342378988402,1063862.7794534683,-3104.8220185602595,1060757.957434908,2356,36,1051.1782178217823,74,128,39,32.081152178511005,0.6621621621621622,37.333333333333336,8100.478016143159,109.46591913706972,8
2358,30.796703530797988,0,0,202,0.0,0.0,1.0,202,5400,4100,1300,0.7592592592592593,67,41,26,197.2354722462951,0.42378197707830484,0.7683144363234398,0.13938499524659043,1063559.5228456857,-3845.6670498974117,1059713.8557957883,2357,37,1052.1782178217823,76,126,38,32.0052847411678,0.6626918859649122,37.18885281385281,8093.7169844806795,106.49627611158789,0
2359,30.845559076479578,0,0,202,0.0,0.0,1.0,202,5250,3600,1650,0.6857142857142857,69,36,33,196.25724100524366,0.42356544423099024,0.7656471047486304,0.1390671326818083,1065956.3081639362,-3809.67118552243,1062146.636978414,2358,38,1053.1782178217823,80,122,40,31.941760830928235,0.6618489583333333,37.10133744855965,8109.256226857866,101.36570283572333,0
2360,30.716158930223752,0,0,202,0.0,0.0,1.0,202,4850,3300,1550,0.6804123711340206,64,33,31,195.35440321268882,0.42323910562698064,0.7653093532912052,0.13886662843596387,1062315.4651480892,-3744.3992564772166,1058571.065891612,2359,39,1054.1782178217823,80,122,44,31.8606058383453,0.662890625,36.99845679012344,8078.39720012864,100.97996500160801,0
2361,30.662397274638803,0,1,201,0.0,0.0049504950495049506,0.995049504950495,202,5800,4400,1400,0.7586206896551724,72,44,28,197.03957921913005,0.42308260676813947,0.766478196398342,0.14030884840467905,1060911.7423979721,-4391.679337854009,1056520.0630601181,2360,40,1055.1782178217823,83,119,40,31.758679818978916,0.6622740963855422,36.94196428571427,8065.989997357515,97.18060237780138,0
2362,30.894003681833844,0,1,200,0.0,0.004975124378109453,0.9950248756218906,201,5400,3900,1500,0.7222222222222222,69,39,30,197.4882566894757,0.42233105306799334,0.766145800062233,0.14120507830225706,1070001.3104626706,-3337.461308254832,1066663.8491544158,2361,41,1060.7164179104477,85,116,35,31.611891558132747,0.6628676470588235,36.80959302325579,8131.005402162831,95.6588870842686,0
2363,31.39424284241512,0,0,200,0.0,0.0,1.0,200,5450,4100,1350,0.7522935779816514,68,41,27,194.50561758284715,0.42199539363484084,0.7612440542342767,0.13947733081052327,1088101.8114309746,-3121.6170349211116,1084980.1943960534,2362,42,1058.05,88,112,36,31.594798844187572,0.6627604166666667,36.71582397003743,8265.607358849742,93.92735635056525,0
2364,31.56610999745748,0,0,200,0.0,0.0,1.0,200,5300,3500,1800,0.660377358490566,71,35,36,194.63352461660958,0.421659338358459,0.7621416014766658,0.13988285594208172,1094659.6058543026,-2688.5085314300427,1091971.0973228726,2363,43,1059.05,89,111,36,31.517718496381576,0.6631554307116105,36.6435185185185,8313.139662987758,93.40606362907593,0
2365,31.912092886837137,0,0,200,0.0,0.0,1.0,200,5150,3400,1750,0.6601941747572816,69,34,35,193.93784245383088,0.4213505025125628,0.7612205025723899,0.13970058550295955,1107272.8028409632,-2201.5803218437272,1105071.2225191195,2364,44,1060.05,92,108,37,31.46144252164916,0.6629302536231885,36.5703405017921,8406.591763054652,91.37599742450709,0
2366,31.631964816291294,0,0,200,0.0,0.0,1.0,200,4450,3400,1050,0.7640449438202247,55,34,21,192.56643251341112,0.42117514656616417,0.7606216282996352,0.1389625759501676,1098034.3357532625,-2161.0890373523825,1095873.24671591,2365,45,1061.05,95,105,39,31.43870368845142,0.6626096491228071,36.51258680555554,8334.624583702234,87.73289035476036,0
2367,32.01434530081046,0,0,200,0.0,0.0,1.0,200,5800,4500,1300,0.7758620689655172,71,45,26,197.42847665681742,0.42113065326633164,0.7661885821244727,0.14301852698834575,1112343.8083936826,-1878.3312780383703,1110465.4771156441,2366,46,1062.05,75,125,38,31.18538666181386,0.67125,36.38980263157895,8439.30788336745,112.524105111566,0
2368,31.515122901002144,0,0,200,0.0,0.0,1.0,200,5900,4300,1600,0.7288135593220338,75,43,32,233.48045581600468,0.42062290619765497,0.8032854791071513,0.16274289078528334,1084638.7814967174,4748.391419913916,1089387.1729166312,2367,47,1063.05,81,119,35,31.514136364369996,0.6559927983539094,37.639735772357724,8268.315971473547,102.07797495646354,8
2369,31.437626663907,0,0,200,0.0,0.0,1.0,200,5050,3200,1850,0.6336633663366337,69,32,37,230.85159989921843,0.42035961055276383,0.8014682539682534,0.16159611992945322,1083124.4811549236,4958.203872925117,1088082.6850278487,2368,48,1064.05,84,116,36,31.440145502645507,0.65625,37.50000000000001,8252.376999275608,98.24258332470961,0
2370,31.756094289649944,0,1,199,0.0,0.005,0.995,200,5750,4100,1650,0.7130434782608696,74,41,33,232.17092394951376,0.4201538944723618,0.8029409152803275,0.16306025265826352,1095004.0853175968,5095.62204333569,1100099.7073609324,2369,49,1065.05,66,134,35,31.29415566475244,0.6658775252525253,37.391169154228855,8339.430793633039,126.35501202474302,0
2371,31.432460167183464,0,0,199,0.0,0.0,1.0,199,6300,4600,1700,0.7301587301587301,80,46,34,230.63889457835754,0.41954194372536086,0.7992817240866539,0.16275581567763514,1085126.5420161788,3954.47722564949,1089081.0192418282,2370,50,1070.6281407035176,70,129,34,31.17555369439792,0.6651785714285714,37.235915492957744,8259.32161963403,117.99030885191473,0
2372,31.843062154132497,0,0,199,0.0,0.0,1.0,199,5450,3300,2150,0.6055045871559633,76,33,43,229.09736828811046,0.4193061265925588,0.7985189336344287,0.16200902645738013,1099876.1943686283,5145.748314518921,1105021.9426831473,2371,51,1071.6281407035176,71,128,35,31.14581613181405,0.6653462441314554,37.16724537037036,8369.399741813133,117.87886960300187,0
2373,31.469261343807144,0,1,198,0.0,0.005025125628140704,0.9949748743718593,199,5950,4400,1550,0.7394957983193278,75,44,31,226.19783583416438,0.4192458504644434,0.7958580032851734,0.16074759098096947,1088288.087916031,3483.6820501412735,1091771.7699661723,2372,52,1072.6281407035176,73,126,38,31.058482310121512,0.665953196347032,37.00731981981981,8276.185384098362,113.37240252189537,0
2374,31.676379546842295,0,0,198,0.0,0.0,1.0,198,6050,4200,1850,0.6942148760330579,79,42,37,222.45098595994574,0.41886985335589394,0.7901713431352169,0.1588355751986629,1096729.2045982066,3143.698578787453,1099872.903176994,2373,53,1077.6262626262626,78,120,35,31.000192079637902,0.6651976495726496,36.85390295358649,8335.51564631237,106.86558520913295,0
2375,32.15362135852675,0,1,197,0.0,0.005050505050505051,0.9949494949494949,198,5350,4000,1350,0.7476635514018691,67,40,27,220.58015869161918,0.4186257669760208,0.788085020491625,0.15769426251804525,1113590.1585173479,4177.17877663623,1117767.3372939841,2374,54,1078.6262626262626,81,117,35,31.00866396370305,0.6643518518518519,36.814024390243894,8462.382206630527,104.47385440284602,0
2376,32.425071667226696,0,0,197,0.0,0.0,1.0,197,5500,3800,1700,0.6909090909090909,72,38,34,210.50122960265966,0.41823245795780245,0.7749605168397187,0.13654863692051003,1095374.44661722,1215.533577651654,1096589.9801948718,2375,55,1084.3299492385786,76,121,42,34.59879514937022,0.6334978070175439,40.070346320346324,8428.237649000199,110.89786380263419,8
2377,32.443384996289446,0,0,197,0.0,0.0,1.0,197,5600,3900,1700,0.6964285714285714,73,39,34,212.65940129188812,0.41773498739597364,0.7778259763335829,0.13839919324718006,1096946.9245555073,1655.2152449901923,1098602.1398004976,2376,56,1085.3299492385786,77,120,36,34.42721172281564,0.6341991341991342,39.95726495726494,8436.666568479497,109.56709829194152,0
2378,32.80517752349098,0,0,197,0.0,0.0,1.0,197,5950,4700,1250,0.7899159663865546,72,47,25,211.89071853623588,0.4177047722642357,0.7766797385361714,0.13832674609192083,1110093.9039722735,1693.7189910758989,1111787.6229633493,2377,57,1086.3299492385786,81,116,37,34.33776673665706,0.633616255144033,39.85010162601625,8534.26359887664,105.36127899847703,0
2379,32.42055169940777,0,0,197,0.0,0.0,1.0,197,5050,3900,1150,0.7722772277227723,62,39,23,214.73362502219572,0.41763247177043406,0.7806214639204228,0.14065527213235274,1098058.541968559,2708.018240699034,1100766.560209258,2378,58,1087.3299492385786,82,115,38,34.14514819815475,0.634400406504065,39.73393574297188,8437.969391846347,102.90206575422374,0
2380,32.321678909125154,0,1,196,0.0,0.005076142131979695,0.9949238578680203,197,5450,3800,1650,0.6972477064220184,71,38,33,215.47388684075156,0.4176767153561933,0.7795624416014606,0.14160935938293,1095671.235318035,2367.707954717027,1098038.943272752,2379,59,1088.3299492385786,85,112,40,34.009154378130276,0.634436274509804,39.61967054263566,8415.929402973155,99.01093415262535,0
2381,32.207265635473036,0,0,196,0.0,0.0,1.0,196,4050,3000,1050,0.7407407407407407,51,30,21,212.37646627870888,0.41747285452642596,0.7748018302281481,0.13984247226523552,1092347.1312410487,3147.7647365317835,1095494.8959775805,2380,60,1094.0714285714287,69,127,40,34.022302213080394,0.6422101449275363,39.55357142857142,8388.267308810247,121.56909143203256,0
2382,32.094152056368465,0,0,196,0.0,0.0,1.0,196,5100,3800,1300,0.7450980392156863,64,38,26,213.96356339291742,0.41713925954997383,0.7737944158841719,0.14142010056036095,1089592.4963376923,2326.6186325193885,1091919.1149702116,2381,61,1095.0714285714287,71,125,40,33.84881692669296,0.6424589201877935,39.42418981481482,8362.959674294741,117.7881644266865,0
2383,31.59809319336293,0,0,196,0.0,0.0,1.0,196,5550,4000,1550,0.7207207207207207,71,40,31,223.44867648572742,0.41689342403628116,0.7900962865216941,0.1428502580704341,1063263.7078329802,2766.97365411743,1066030.6814870976,2382,62,1096.0714285714287,67,129,38,34.78231719318964,0.632929104477612,40.579044117647065,8197.207540281895,122.34638119823724,8
2384,31.165382755749427,0,0,196,0.0,0.0,1.0,196,6150,4400,1750,0.7154471544715447,79,44,35,220.9086084525712,0.41693975667189953,0.7874009252823941,0.1417618818480408,1049775.6322524368,1030.8948216607178,1050806.5270740977,2383,63,1097.0714285714287,69,127,40,34.71266674311053,0.6331521739130435,40.44642857142858,8089.086399193183,117.23313622019106,0
2385,31.068395976538227,0,0,196,0.0,0.0,1.0,196,5650,4300,1350,0.7610619469026548,70,43,27,214.904707658674,0.4170934720041863,0.7804092437552594,0.13852130742880212,1047757.085464365,183.5860298047687,1047940.6714941697,2384,64,1098.0714285714287,74,122,39,34.710412321514525,0.6321790540540541,40.29166666666667,8068.72133840679,109.036774843335,0
2386,31.312769076658597,0,0,196,0.0,0.0,1.0,196,5100,3300,1800,0.6470588235294118,69,33,36,216.86651301948862,0.41701988487702774,0.7803589130332169,0.1402172818475952,1056871.7230356357,1540.0170567273099,1058411.740092363,2385,65,1099.0714285714287,77,119,38,34.54976227190954,0.6318993506493507,40.18429487179486,8135.549177168687,105.65648282037256,0
2387,31.080586637441954,0,0,196,0.0,0.0,1.0,196,6000,4400,1600,0.7333333333333333,76,44,32,214.73041526549423,0.4167756846328275,0.7792333149476018,0.13920997141562388,1049790.1093189332,-115.6267768675998,1049674.4825420657,2386,66,1100.0714285714287,77,119,40,34.509771178022135,0.6328463203463204,40.09081196581195,8078.130036563736,104.91077969563294,0
2388,31.017877167165114,1,1,196,0.005076142131979695,0.005076142131979695,0.9949238578680203,197,4400,2800,1600,0.6363636363636364,60,28,32,212.4945054035743,0.41732600400566316,0.7787468004036511,0.13822525318922996,1048614.2756445003,764.9543724408413,1049379.2300169412,2387,0,1095.482233502538,79,118,35,34.44854782173255,0.6331751054852321,39.973958333333314,8065.455820680783,102.09437747697194,0
2389,30.612638508999947,1,0,197,0.005076142131979695,0.0,1.0,197,5200,3600,1600,0.6923076923076923,68,36,32,215.05856881572913,0.41716953278773433,0.7827489483151491,0.14054976408690928,1036204.1331174928,-31.084426162102318,1036173.0486913307,2388,0,1096.4771573604062,81,116,37,34.21642580477163,0.6340020576131687,39.81199186991868,7965.041437262868,98.33384490447986,0
2390,30.961037388942174,1,0,198,0.005050505050505051,0.0,1.0,198,4500,3100,1400,0.6888888888888889,59,31,28,216.56091191233443,0.4175538165068622,0.7856253193138405,0.14202351412596764,1048961.1119835214,1332.7949943453636,1050293.9069778668,2389,0,1091.9343434343434,85,113,38,34.055098645944774,0.6337009803921569,39.692344961240295,8059.395040282863,94.81641223862192,0
2391,30.968055011203393,0,0,198,0.0,0.0,1.0,198,5650,3900,1750,0.6902654867256637,74,39,35,218.56000000000049,0.4174379155343622,0.7876363636363639,0.14378947368421036,1050077.8202041036,651.0016767616507,1050728.8218808651,2390,1,1092.9343434343434,67,131,39,33.891666666666644,0.6430348258706468,39.583333333333314,8064.597659167514,120.36712924130619,0
2392,31.173500279255023,0,0,198,0.0,0.0,1.0,198,5600,4000,1600,0.7142857142857143,72,40,32,218.0181448340235,0.4175244406843392,0.7860223860223865,0.14404770283676527,1058235.5158277135,942.9087916466706,1059178.4246193601,2391,2,1093.9343434343434,70,128,39,33.75586524024022,0.6428571428571428,39.43661971830985,8122.6726079748805,116.03818011392687,0
2393,30.793518364874494,0,1,197,0.0,0.005050505050505051,0.9949494949494949,198,6550,4300,2250,0.6564885496183206,88,43,45,217.00440741381178,0.4173513903843853,0.7826150177397788,0.14429782551624812,1047090.6833930721,-705.3413483528725,1046385.3420447193,2392,3,1094.9343434343434,76,122,37,33.55899085265688,0.6421326754385965,39.218073593073576,8030.393040038999,105.66306631630262,0
2394,30.392018199863877,0,0,197,0.0,0.0,1.0,197,4950,3600,1350,0.7272727272727273,63,36,27,217.65351552393105,0.4169731344314376,0.7832132539858259,0.14492464662072718,1033802.2448646881,652.1385902659758,1034454.3834549541,2393,4,1100.4213197969543,75,122,40,33.49513925380976,0.6430555555555555,39.17214912280699,7927.084790890977,105.69446387854636,0
2395,30.383204476487908,0,1,196,0.0,0.005076142131979695,0.9949238578680203,197,5600,4300,1300,0.7678571428571429,69,43,26,216.52102764819176,0.4167098311405781,0.7821425788048995,0.14469291656106864,1034477.4497364365,-202.77590083746054,1034274.673835599,2394,5,1101.4213197969543,77,120,38,33.399010576594996,0.6433982683982684,39.04914529914528,7928.5231766903125,102.96783346351056,0
2396,30.14838658670695,0,0,196,0.0,0.0,1.0,196,4400,3200,1200,0.7272727272727273,56,32,24,218.1316901254908,0.41674025379382523,0.7842214768628799,0.1462509086621938,1027363.0513609835,1220.087753170451,1028583.1391141539,2395,6,1097.5204081632653,78,118,35,33.24263009916323,0.6440972222222222,38.93723628691982,7870.6211238160495,100.90539902328268,0
2397,30.288215075514778,0,0,196,0.0,0.0,1.0,196,5850,4400,1450,0.7521367521367521,73,44,29,219.3820658952307,0.4164644383394383,0.7870678468716577,0.14813456589453192,1034021.168002473,319.1400031564326,1034340.3080056293,2396,7,1098.5204081632653,79,117,38,32.965417580227225,0.6460970464135021,38.697916666666664,7914.373699680081,100.18194556557064,0
2398,30.120624220545977,0,2,194,0.0,0.01020408163265306,0.9897959183673469,196,4150,3000,1150,0.7228915662650602,53,30,23,217.0936903641042,0.4165412960055817,0.7852930485321468,0.14687790156325062,1028821.0487103424,1320.1116377591543,1030141.1603481015,2397,8,1099.5204081632653,80,116,40,32.95754608672836,0.6463541666666667,38.63168724279835,7872.576731717794,98.40720914647243,0
2399,29.79744243355798,1,0,195,0.005128205128205128,0.0,1.0,195,5350,3600,1750,0.6728971962616822,71,36,35,214.12560273082806,0.41637699356771524,0.7812058212058213,0.1455805596903023,1019063.1911536881,-708.4959946829076,1018354.6951590052,2398,0,1089.4051282051282,69,126,40,32.86717638691324,0.6532306763285024,38.46726190476192,7793.006707883681,112.94212620121277,0
2400,29.53595156219216,0,1,194,0.0,0.005128205128205128,0.9948717948717949,195,5150,3400,1750,0.6601941747572816,69,34,35,219.92525051726142,0.4163120098687109,0.7858321084435722,0.15012288839656623,1011155.0973006655,325.70761713119646,1011480.8049177966,2399,1,1090.4051282051282,69,126,41,32.57862261146498,0.6545893719806763,38.33333333333336,7728.573992106998,112.00831872618838,0
2401,29.548868619879638,0,1,193,0.0,0.005154639175257732,0.9948453608247423,194,4650,3000,1650,0.6451612903225806,63,30,33,220.37623259038074,0.41626382137706314,0.7858483346207283,0.150716479069801,1012087.6192838139,1158.0113178271959,1013245.630601641,2400,2,1096.041237113402,68,126,41,32.502018803714584,0.6557904411764706,38.26992753623191,7733.8275251035175,113.73275772211055,0
2402,29.959934207610935,0,1,192,0.0,0.0051813471502590676,0.9948186528497409,193,5400,3500,1900,0.6481481481481481,73,35,38,220.38252800585968,0.4160145005757052,0.7833670168608466,0.15132487696912286,1027213.1027154143,1275.964075433406,1028489.0667908477,2401,3,1101.0362694300518,71,122,40,32.36556169429096,0.6555164319248826,38.13657407407409,7845.411012120379,110.49874664958281,0
2403,29.56339885476011,0,1,191,0.0,0.005208333333333333,0.9947916666666666,192,4600,2900,1700,0.6304347826086957,63,29,34,221.9999473732853,0.41590939045229786,0.7854592857931628,0.15316727797628907,1014849.7971484478,2059.3203117492217,1016909.1174601971,2402,4,1106.7864583333333,71,121,36,32.160530892827566,0.6571302816901409,37.97743055555557,7746.277729435228,109.10250323148209,0
2404,29.661381321117794,0,0,191,0.0,0.0,1.0,191,5350,3600,1750,0.6728971962616822,71,36,35,221.92170875657774,0.41580669605952053,0.7847629253146728,0.1539750069685943,1019657.5904603587,1706.8309643157768,1021364.4214246745,2403,5,1106.1204188481674,74,117,38,31.97269452831191,0.6575168918918919,37.791666666666686,7777.4613605748,105.10082919695675,0
2405,29.9445312956497,0,1,190,0.0,0.005235602094240838,0.9947643979057592,191,4950,3500,1450,0.7070707070707071,64,35,29,202.55635044003952,0.4157940663176265,0.7589237952666597,0.12880909003435048,1006174.463824735,-2388.59454033972,1003785.8692843954,2404,6,1107.1204188481674,88,103,38,35.514488991226045,0.6218039772727273,40.76544943820224,7762.65711221142,88.21201263876614,8
2406,29.91024450671664,1,1,190,0.005235602094240838,0.005235602094240838,0.9947643979057592,191,4800,3400,1400,0.7083333333333334,62,34,28,204.02896727472103,0.41628432993478465,0.7593094892659649,0.1302646483369375,1006111.6914393135,-1944.814126522746,1004166.8773127907,2405,0,1105.8010471204188,88,103,39,35.33299866131195,0.6232244318181819,40.62500000000001,7757.969668929646,88.1587462378369,0
2407,29.562543142341234,0,0,190,0.0,0.0,1.0,190,3850,2700,1150,0.7012987012987013,50,27,23,204.4951980172966,0.4158492295553699,0.7588932861991748,0.13108036963818745,995481.0741044168,-1135.7801257095052,994345.2939787073,2406,1,1111.9736842105262,74,116,39,35.17917670145388,0.6302083333333333,40.486111111111086,7671.890536314477,103.67419643668212,0
2408,29.31162262891805,1,0,191,0.005235602094240838,0.0,1.0,191,6150,5000,1150,0.8130081300813008,73,50,23,201.48323980226618,0.4160443648387986,0.7559676719646493,0.12985647549559573,988483.1886489772,-4517.440932186202,983965.747716791,2407,0,1107.1465968586388,78,113,41,35.06274539669646,0.6303418803418803,40.295358649789,7612.3644422358275,97.59441592610035,0
2409,29.918574616586813,1,0,192,0.005208333333333333,0.0,1.0,192,4250,2600,1650,0.611764705882353,59,26,33,203.64163615347553,0.41681437245491565,0.7596160617987486,0.1318988851995624,1010291.3147944513,-1502.5247327224279,1008788.7900617289,2408,0,1102.375,82,110,45,34.830814056438236,0.6304623983739837,40.12299196787148,7775.149655944549,94.8188982432262,0
2410,29.97098184028133,0,1,191,0.0,0.005208333333333333,0.9947916666666666,192,4900,3400,1500,0.6938775510204082,64,34,30,204.57473067349923,0.4162445689717859,0.7614386586218953,0.13295455062928016,1012980.5335182446,-1853.9560356015863,1011126.5774826431,2409,1,1103.375,83,109,34,34.68611879551018,0.6312751004016064,40.00496031746031,7792.306612888605,93.88321220347717,0
2411,30.318632802438934,0,0,191,0.0,0.0,1.0,191,4450,3200,1250,0.7191011235955056,57,32,25,207.00224033506476,0.4152245797740424,0.7628044290761817,0.13467669803245297,1025023.9636551009,-213.54862525337285,1024810.4150298475,2410,3,1110.1465968586388,83,108,34,34.58503226985869,0.6316516064257028,39.96775793650793,7883.822063917912,94.98580799901099,0
2412,30.73870344311107,0,1,190,0.0,0.005235602094240838,0.9947643979057592,191,5650,4000,1650,0.7079646017699115,73,40,33,208.07114436774376,0.41532332139248646,0.7650219171824721,0.1358820343531396,1040265.7426277155,-560.1432969781472,1039705.5993307373,2411,4,1111.1465968586388,85,106,37,34.42446692117881,0.6322303921568627,39.83769379844961,7997.051977405297,94.08296444006233,0
2413,30.77839109150905,0,0,190,0.0,0.0,1.0,190,4900,3400,1500,0.6938775510204082,64,34,30,208.56451975966613,0.41469646338067395,0.7655082885919207,0.13663519514011227,1042481.9405723984,584.9490587211885,1043066.8896311196,2412,7,1117.9736842105262,85,105,38,34.30034592951101,0.6333333333333333,39.72868217054262,8010.732410057447,94.2439107065582,0
2414,30.790030155387722,0,0,190,0.0,0.0,1.0,190,4800,3400,1400,0.7083333333333334,62,34,28,207.48101159018745,0.41434256938642905,0.7645883115592647,0.13631490206247188,1043665.9267122108,508.172447291935,1044174.0991595027,2413,8,1118.9736842105262,88,102,41,34.227969822290135,0.6332859848484849,39.630149812734075,8016.795538819679,91.09994930476908,0
2415,30.659954667675294,0,0,190,0.0,0.0,1.0,190,4750,3600,1150,0.7578947368421053,59,36,23,207.35711674981513,0.41408498097094587,0.7651894138116011,0.1368279569723705,1040450.7763506358,398.97462083519713,1040849.750971471,2414,9,1119.9736842105262,70,120,41,34.07857933960315,0.6424107142857143,39.480633802816925,7987.511957657187,114.10731368081696,0
2416,30.692381035136673,0,0,190,0.0,0.0,1.0,190,5550,3900,1650,0.7027027027027027,72,39,33,212.7474925478727,0.41409368328227975,0.7679836710890802,0.1412197995087932,1043173.8307418665,836.5233563783149,1044010.3540982448,2415,10,1120.9736842105262,74,116,41,33.73097787484908,0.642454954954955,39.277777777777786,8002.185788772042,108.13764579421678,0
2417,30.863972962450013,0,0,190,0.0,0.0,1.0,190,5950,4300,1650,0.7226890756302521,76,43,33,210.23820622228592,0.41387554534484355,0.7666876772770257,0.14043912175648718,1050738.9428097773,231.09410884583667,1050970.0369186231,2416,11,1121.9736842105262,77,113,42,33.57659680638724,0.643262987012987,39.06250000000001,8053.567944889312,104.59179149206898,0
2418,31.024701505886153,0,0,190,0.0,0.0,1.0,190,5100,3500,1600,0.6862745098039216,67,35,32,206.81129388165516,0.41365508679105173,0.7630220512368489,0.13875356537955655,1057408.4074228343,636.800180091619,1058045.2076029258,2417,12,1122.9736842105262,80,110,35,33.51506830197356,0.6434895833333334,38.914609053497955,8100.096321662851,101.25120402078564,0
2419,30.97509581578665,0,0,190,0.0,0.0,1.0,190,4350,2900,1450,0.6666666666666666,58,29,29,207.3406658712573,0.4132837881741391,0.7638791385536676,0.13955931235810576,1056602.5303828146,1465.3344421658853,1058067.8648249805,2418,13,1123.9736842105262,82,108,36,33.38959094112373,0.6438008130081301,38.805220883534155,8090.533309715805,98.66504036238787,0
2420,30.643767508746603,1,0,191,0.005235602094240838,0.0,1.0,191,5350,3800,1550,0.7102803738317757,69,38,31,205.82623791221718,0.41391912372554424,0.7641623552365735,0.13913190755373106,1046451.9428545136,-472.5466892649174,1045979.3961652487,2419,0,1119.083769633508,86,105,38,33.28236434996414,0.6437742248062015,38.66139846743296,8008.399346424976,93.12092263284856,0
2421,30.774840943240978,0,0,191,0.0,0.0,1.0,191,4650,3200,1450,0.6881720430107527,61,32,29,209.77779635076547,0.4138651602829062,0.769518893096524,0.14226023956803696,1051799.0392136825,1278.8169300197173,1053077.8561437023,2420,1,1120.083769633508,90,101,39,33.06853838295388,0.6435185185185186,38.553113553113555,8045.9863455085215,89.39984828342801,0
2422,30.85325001571269,0,0,191,0.0,0.0,1.0,191,5300,4100,1200,0.7735849056603774,65,41,24,210.06005170103379,0.41327959952236615,0.7673645470374566,0.14310780110869753,1055722.5870531795,853.0282436679627,1056575.6152968474,2421,2,1121.083769633508,72,119,38,32.90378006872853,0.65234375,38.398972602739725,8071.241902654974,112.10058198131908,0
2423,30.549462713978922,0,0,191,0.0,0.0,1.0,191,5450,3700,1750,0.6788990825688074,72,37,35,210.66195285961638,0.4129764857169101,0.769454349099582,0.1443390457815666,1046851.8307284804,456.370203185073,1047308.2009316655,2422,3,1122.083769633508,74,117,38,32.69337895909596,0.6532939189189189,38.20833333333332,7997.594759663704,108.07560486032033,0
2424,31.014228302189725,0,0,191,0.0,0.0,1.0,191,5500,4000,1500,0.7272727272727273,70,40,30,209.80115400707155,0.41256429686782403,0.7680260130965015,0.14428994027225928,1063793.3074914494,937.0127073410122,1064730.3201987904,2423,4,1123.083769633508,74,117,42,32.58829144129809,0.6545608108108107,38.08333333333333,8123.143296148515,109.77220670470966,0
2425,31.203037501677098,0,0,191,0.0,0.0,1.0,191,5650,4000,1650,0.7079646017699115,73,40,33,209.8751181962946,0.41235648020575,0.7689647485525282,0.14485171515078488,1071228.5561044277,1114.843965532265,1072343.40006996,2424,5,1124.083769633508,75,116,41,32.46656728388603,0.6552777777777778,37.96600877192981,8176.25645500356,109.01675273338081,0
2426,31.387074992169214,0,0,191,0.0,0.0,1.0,191,5100,3400,1700,0.6666666666666666,68,34,34,210.46675002405698,0.412292183337926,0.7695470836085228,0.14566436422680476,1078304.1497066512,2089.4339852425524,1080393.5836918938,2425,6,1125.083769633508,77,114,39,32.357049453162155,0.6553030303030303,37.87393162393162,8227.370565522117,106.84896838340411,0
2427,31.51236535911338,0,0,191,0.0,0.0,1.0,191,4200,3200,1000,0.7619047619047619,52,32,20,211.979720391003,0.4118754018554239,0.7705730153135235,0.14726037928245378,1083628.0898403823,3541.4358984400765,1087169.5257388225,2426,7,1126.083769633508,78,113,40,32.191370439271275,0.6561164529914529,37.75052742616033,8264.101194981607,105.95001532027702,0
2428,31.166749718506935,0,0,191,0.0,0.0,1.0,191,6100,4400,1700,0.7213114754098361,78,44,34,210.64337494870028,0.4117410673280059,0.7699798796473472,0.1471043363861456,1073160.7457025163,910.840267448335,1074071.5859699645,2427,8,1127.083769633508,80,111,40,32.049397236107005,0.65703125,37.57716049382716,8178.866959308798,102.23583699135997,0
2429,30.961390362592766,0,0,191,0.0,0.0,1.0,191,5100,3400,1700,0.6666666666666666,68,34,34,212.664511943416,0.41174221548635986,0.7728105468166016,0.14874997108242555,1066510.174397689,2061.773144194292,1068571.9475418834,2428,9,1128.083769633508,81,110,41,31.943503371729104,0.6571502057613169,37.52540650406503,8126.578349490474,100.32812777148733,0
2430,30.61779852468048,0,1,190,0.0,0.005235602094240838,0.9947643979057592,191,5750,4300,1450,0.7478260869565218,72,43,29,213.2127123914869,0.4113954716634518,0.7735340284883676,0.14965024025030732,1055586.455968794,1062.8902881647232,1056649.3462569588,2429,10,1129.083769633508,70,121,40,31.813261258241138,0.6633928571428571,37.41197183098592,8039.867341472007,114.85524773531438,0
2431,30.435213252493888,0,0,190,0.0,0.0,1.0,190,6200,4300,1900,0.6935483870967742,81,43,38,213.04381698651392,0.41095853058572357,0.7717298240050732,0.1504666689511699,1050919.6971578167,578.3887257626398,1051498.0858835794,2430,11,1134.1368421052632,74,116,41,31.60971935944187,0.6634290540540541,37.20833333333334,7998.120415978312,108.08270832403124,0
2432,30.984840711693984,0,0,190,0.0,0.0,1.0,190,5750,4300,1450,0.7478260869565218,72,43,29,209.68679874138965,0.4105808502738327,0.7682638636412233,0.14871447023128528,1071003.2830422102,1165.049972527912,1072168.333014738,2431,12,1135.1368421052632,77,113,42,31.559410131382904,0.6634199134199135,37.072649572649574,8146.762071739202,105.80210482778185,0
2433,30.852070001976962,0,0,190,0.0,0.0,1.0,190,5050,3700,1350,0.7326732673267327,64,37,27,213.28880877115213,0.41034124663510624,0.7718797603330965,0.15164295306639242,1067064.098176143,2468.566076490665,1069532.6642526335,2432,13,1136.1368421052632,77,113,45,31.382866185978823,0.6642316017316017,36.99252136752137,8114.325141812692,105.38084599756743,0
2434,31.18197016226818,0,0,190,0.0,0.0,1.0,190,4400,3300,1100,0.75,55,33,22,209.9571894135474,0.4103157198551935,0.7668871262168595,0.14953831625203415,1078943.9921309135,2906.409624487753,1081850.4017554014,2433,14,1137.1368421052632,82,108,44,31.41200721975734,0.6627286585365854,36.93524096385542,8202.877467009323,100.0350910610893,0
2435,31.22633841015506,0,0,190,0.0,0.0,1.0,190,4750,3600,1150,0.7578947368421053,59,36,23,209.98975651734347,0.41013819270398216,0.7674440321924723,0.14985177791499701,1080994.7342453906,2649.564208143857,1083644.2984535345,2434,15,1138.1368421052632,82,108,38,31.34708178320456,0.6633638211382114,36.87248995983935,8216.508673535507,100.20132528701838,0
2436,31.67015528567358,0,1,189,0.0,0.005263157894736842,0.9947368421052631,190,4550,3100,1450,0.6813186813186813,60,31,29,209.3790778785176,0.4096444815743061,0.7673891532771064,0.14966831154650617,1096813.2974814323,3379.9513663115704,1100193.248847744,2435,16,1139.1368421052632,83,107,38,31.307474987827682,0.6635291164658634,36.81795634920634,8335.016190821532,100.4218818171269,0
2437,32.10392242955046,0,1,188,0.0,0.005291005291005291,0.9947089947089947,189,5700,4300,1400,0.7543859649122807,71,43,28,208.27751702077646,0.40919452887537994,0.7641175969389715,0.1494672922748286,1112907.1356363676,2858.706977009007,1115765.8426133767,2436,17,1138.8412698412699,84,105,39,31.2070456731515,0.6644345238095238,36.69117647058821,8453.246045604355,100.63388149528994,0
2438,32.14322009124302,0,0,188,0.0,0.0,1.0,188,5000,3400,1600,0.68,66,34,32,207.79723758328717,0.4085937203701597,0.7629533323874895,0.1494724092374647,1114907.512326617,3734.9402444648867,1118642.452571082,2437,18,1141.776595744681,85,103,41,31.142743542576802,0.664828431372549,36.61579457364339,8466.016483576499,99.6001939244294,0
2439,32.43374345894661,0,0,188,0.0,0.0,1.0,188,5450,3800,1650,0.6972477064220184,71,38,33,206.36559755012402,0.40843608961960026,0.7616157088193451,0.14901305067766077,1126036.5032024975,3425.03916932676,1129461.5423718242,2438,19,1142.776595744681,90,98,43,31.0547893136403,0.6643518518518519,36.49267399267397,8546.529011274559,94.96143345860621,0
2440,32.424964016283305,0,0,188,0.0,0.0,1.0,188,4850,3100,1750,0.6391752577319587,66,31,35,207.74874785636058,0.4081202355216748,0.7641734986635711,0.15051252225410483,1126643.367673859,4361.749782983389,1131005.1174568424,2439,20,1143.776595744681,71,117,43,30.909447432449703,0.673268779342723,36.38599537037036,8547.67461430406,120.38978330005719,0
2441,32.204734570857205,0,1,187,0.0,0.005319148936170213,0.9946808510638298,188,4700,3000,1700,0.6382978723404256,64,30,34,203.44404761709325,0.408084679713278,0.7585367466126434,0.14789416447754053,1119910.152256645,3267.810868513361,1123177.9631251583,2440,21,1144.776595744681,74,114,43,30.91250614423146,0.6728603603603603,36.27777777777777,8493.104167103269,114.77167793382796,0
2442,31.825098526741105,0,0,187,0.0,0.0,1.0,187,5450,3800,1650,0.6972477064220184,71,38,33,202.0642814255914,0.40790495083663963,0.7558994033984685,0.1477462519509161,1108259.1831701878,1937.919096119479,1110197.1022663072,2441,22,1142.8716577540106,76,111,42,30.760457248308395,0.6737938596491229,36.0930735930736,8398.863934789859,110.51136756302446,0
2443,31.339415451430003,0,0,187,0.0,0.0,1.0,187,6200,4600,1600,0.7419354838709677,78,46,32,204.56862966204025,0.40763900868265196,0.7588855673387338,0.15037695475602927,1092743.6316977076,1108.2134616643002,1093851.8451593718,2442,23,1143.8716577540106,77,110,43,30.521981726846686,0.6750541125541125,35.9241452991453,8275.982921161562,107.48029767742288,0
2444,30.97473805872903,0,1,186,0.0,0.0053475935828877,0.9946524064171123,187,5150,3700,1450,0.7184466019417476,66,37,29,204.64461334707886,0.4077875529488433,0.7592360244998371,0.15071473877090763,1080512.0663980586,1674.194808976882,1082186.2612070355,2443,24,1144.8716577540106,78,109,36,30.459597976570823,0.6752136752136753,35.86497890295359,8181.5130906178865,104.89119346946008,0
2445,31.34923592258807,0,0,186,0.0,0.0,1.0,186,5650,4100,1550,0.7256637168141593,72,41,31,203.518145319186,0.4075662355904291,0.757204987839446,0.15045028219630385,1094558.7873981087,1702.5148708159486,1096261.3022689247,2444,25,1143.725806451613,78,108,36,30.36826588826241,0.6764155982905983,35.74630801687763,8284.151333393798,106.20706837684357,0
2446,31.861030489247938,0,0,186,0.0,0.0,1.0,186,4900,2900,2000,0.5918367346938775,69,29,40,203.28071193127826,0.4073991330039717,0.7571159831774426,0.15079314191964693,1113339.9975736006,3164.1094656657797,1116504.1070392665,2445,26,1144.725806451613,79,107,37,30.264051700077157,0.6770833333333333,35.63802083333333,8422.845078427083,106.61829213198838,0
2447,31.620489406890346,0,0,186,0.0,0.0,1.0,186,5150,3400,1750,0.6601941747572816,69,34,35,201.7438436382267,0.407315581710743,0.7552881108679796,0.15015787710532505,1105817.645395896,2268.3804290283124,1108086.0258249242,2446,27,1145.725806451613,80,106,39,30.196936542669594,0.677734375,35.532407407407405,8362.59471003986,104.53243387549826,0
2448,31.163125322993377,0,0,186,0.0,0.0,1.0,186,4950,3200,1750,0.6464646464646465,67,32,35,204.00352806163994,0.4069953017533663,0.7582532908565272,0.15228313152817083,1090574.9346719452,2346.2268577339914,1092921.161529679,2447,28,1146.725806451613,84,102,39,30.04408313260451,0.6770833333333333,35.441176470588246,8244.47977295078,98.14856872560453,0
2449,31.210172830844378,0,0,186,0.0,0.0,1.0,186,6000,4200,1800,0.7,78,42,36,204.39100887250638,0.40669923956214277,0.7580263089059858,0.1530464480272109,1093021.205733677,1480.741391789922,1094501.9471254668,2448,29,1147.725806451613,71,115,38,29.93500473769567,0.6838321596244131,35.34432870370371,8259.94924182056,116.3373132650783,0
2450,30.777096594671246,0,0,186,0.0,0.0,1.0,186,5400,3800,1600,0.7037037037037037,70,38,32,210.20441343378715,0.406447374794149,0.7626074543028281,0.1506207875044897,1066514.486608347,2237.210415228711,1068751.6970235757,2449,30,1148.725806451613,84,102,38,31.206358812028665,0.6639384920634921,36.74019607843136,8102.372414788298,96.45681446176545,8
2451,30.702504733950637,0,1,185,0.0,0.005376344086021506,0.9946236559139785,186,4850,3500,1350,0.7216494845360825,62,35,27,211.8097202924087,0.4061161968420033,0.7653458837232694,0.15229182665788393,1064821.330050304,3057.901615869008,1067879.231666173,2450,31,1149.725806451613,84,102,38,31.05146728087725,0.6650545634920635,36.62990196078431,8086.121681830051,96.26335335511965,0
2452,30.303368016282374,0,0,185,0.0,0.0,1.0,185,5600,4300,1300,0.7678571428571429,69,43,26,210.26939925719714,0.4058497356051704,0.7673246351630316,0.15229037438726112,1052844.9568419547,1676.2153172256153,1054521.1721591803,2451,32,1156.2378378378378,66,119,43,30.853361840165157,0.6759785353535354,36.396144278606975,7988.0846504363935,121.03158561267263,8
2453,30.42989878587698,0,0,185,0.0,0.0,1.0,185,4750,3000,1750,0.631578947368421,65,30,35,210.3849649806554,0.405373580101841,0.7675329076142043,0.1527980949404206,1057953.31838405,2765.494367879336,1060718.8127519293,2452,33,1157.2378378378378,68,117,44,30.759670616972983,0.6757046568627452,36.30736714975846,8024.140128214286,118.00206070903361,0
2454,30.178530774343734,0,0,185,0.0,0.0,1.0,185,4400,2900,1500,0.6590909090909091,59,29,30,209.79824098289012,0.40544947121034075,0.766180749254592,0.1531254693927069,1050464.8409587857,2677.1351695049484,1053141.9761282906,2453,34,1158.2378378378378,70,115,44,30.614713078291814,0.6761904761904762,36.15023474178404,7962.598260648449,113.75140372354926,0
2455,30.503199819290938,0,0,185,0.0,0.0,1.0,185,5500,4300,1200,0.7818181818181819,67,43,24,209.99964872754776,0.40519119663141406,0.765436261711735,0.15385281195290706,1062731.913513368,2134.6657058723877,1064866.5792192405,2454,35,1159.2378378378378,72,113,43,30.48689568805518,0.6763599537037037,36.030251141552505,8051.921995677262,111.83224993996197,0
2456,30.875455584081116,0,0,185,0.0,0.0,1.0,185,4400,3100,1300,0.7045454545454546,57,31,26,217.80522642873586,0.4047517626321974,0.7661202459644891,0.14701171290740528,1053961.710354613,4511.673794200682,1058473.3841488136,2455,36,1160.2378378378378,85,100,35,33.020234563322816,0.6436274509803921,38.71124031007751,8067.409494425816,94.91069993442136,8
2457,30.91204389357621,0,0,185,0.0,0.0,1.0,185,4700,2500,2200,0.5319148936170213,69,25,44,215.85371421271094,0.40442861339600467,0.7625612475323473,0.14618135877109814,1056118.2409713406,3893.408992291378,1060011.649963632,2456,37,1161.2378378378378,90,95,37,32.956461289192475,0.6430555555555555,38.598901098901074,8080.442243059758,89.78269158955287,0
2458,30.679533421244034,0,0,185,0.0,0.0,1.0,185,5400,3800,1600,0.7037037037037037,70,38,32,213.80825158022773,0.40445799059929494,0.7614094960453757,0.145347365755911,1049198.156327035,2465.444673096295,1051663.6010001313,2457,38,1162.2378378378378,73,112,36,32.87958402856271,0.6511130136986301,38.47128378378378,8023.578989770447,109.91204095575955,0
2459,31.13712412754427,0,0,185,0.0,0.0,1.0,185,5950,4400,1550,0.7394957983193278,75,44,31,210.97820069127542,0.40424622992557774,0.7566052869123903,0.14399224974490668,1065926.7073008178,2027.4597550205963,1067954.1670558385,2458,39,1163.2378378378378,76,109,36,32.81826250301589,0.6510416666666667,38.338744588744596,8147.378989109342,107.20235511985976,0
2460,31.463391914374487,0,0,185,0.0,0.0,1.0,185,5800,4200,1600,0.7241379310344828,74,42,32,210.83617552132137,0.403858206032119,0.7571594741214982,0.14465558940854983,1078544.2782251437,2679.2301502788823,1081223.5083754226,2459,40,1164.2378378378378,76,109,35,32.642405063291136,0.6528234649122807,38.1628787878788,8238.283962428584,108.3984731898498,0
2461,31.44998840324821,0,0,185,0.0,0.0,1.0,185,4550,3300,1250,0.7252747252747253,58,33,25,208.2970718517659,0.4036427732079906,0.7534702487722613,0.14324429402729186,1078718.5019642229,3388.781062294326,1082107.2830265171,2460,41,1165.2378378378378,79,106,40,32.630344270444944,0.6522943037974683,38.085937500000014,8237.194228272663,104.26828137054004,0
2462,31.333392788404513,0,0,185,0.0,0.0,1.0,185,5050,3300,1750,0.6534653465346535,68,33,35,207.3214654935719,0.40347507833920876,0.7521726710711485,0.1430171420491786,1075566.5401421385,2547.6062676240895,1078114.1464097626,2461,42,1166.2378378378378,81,104,38,32.55054300397558,0.6525205761316872,37.982723577235795,8209.890239502487,101.35666962348749,0
2463,31.158373917482002,0,0,185,0.0,0.0,1.0,185,4750,3400,1350,0.7157894736842105,61,34,27,190.96703904430518,0.40374559341950644,0.7268578478324261,0.1264669472854625,1058365.0467264436,-1327.43215973295,1057037.6145667105,2462,43,1167.2378378378378,82,103,39,34.380015729327155,0.6382113821138211,39.35742971887548,8121.198663632803,99.03900809308296,8
2464,30.7579177975687,0,0,185,0.0,0.0,1.0,185,4650,3200,1450,0.6881720430107527,61,32,29,193.06703356909043,0.4037468174696435,0.7291467232878697,0.12831269222158048,1045735.4598130313,-1270.5913751781718,1044464.8684378531,2463,44,1168.2378378378378,83,102,41,34.201620062139376,0.6390562248995983,39.236111111111086,8020.554259018721,96.63318384359904,0
2465,30.739350565661347,1,0,186,0.005376344086021506,0.0,1.0,186,5150,3900,1250,0.7572815533980582,64,39,25,194.25585531528353,0.40403346895282377,0.7285150907039677,0.12962426033120109,1046204.832070588,-1703.717102229426,1044501.1149683585,2464,0,1162.9516129032259,85,101,44,34.03067935623644,0.6397058823529411,39.098837209302296,8019.93230601186,94.35214477661012,0
2466,31.078238421890333,0,0,186,0.0,0.0,1.0,186,4100,2500,1600,0.6097560975609756,57,25,32,194.47262616150857,0.40404981594497724,0.730406068022253,0.13024409935897682,1058745.4136947389,-120.59979246660168,1058624.8139022724,2465,1,1163.9516129032259,88,98,34,33.898491914028604,0.6399147727272727,38.97471910112357,8112.205913916105,92.18415811268301,0
2467,30.63463739373442,0,2,184,0.0,0.010752688172043012,0.989247311827957,186,5300,3800,1500,0.7169811320754716,68,38,30,192.00818175177267,0.40403891795020824,0.7279324816959241,0.1291089497986049,1044716.4762108069,-2381.1777913290643,1042335.2984194778,2466,2,1164.9516129032259,90,96,35,33.82478632478629,0.640625,38.839285714285694,8000.563783631476,88.89515315146085,0
2468,30.859453865426225,0,2,182,0.0,0.010869565217391304,0.9891304347826086,184,4650,2900,1750,0.6236559139784946,64,29,35,198.45313619873028,0.40339958521422353,0.7370090154302571,0.13370409803000943,1052916.359255238,340.91072982992864,1053257.269985068,2467,48,1175.2391304347825,89,95,37,33.589019347216066,0.6416198501872659,38.77314814814813,8061.317983132704,90.57660655205285,0
2469,30.69280086632956,0,0,182,0.0,0.0,1.0,182,4900,3400,1500,0.6938775510204082,64,34,30,200.71978816938991,0.4030897739461275,0.7373823723363824,0.13565520319440907,1048076.7774657764,773.9497516371607,1048850.7272174135,2468,49,1185.7527472527472,90,92,39,33.42212366768868,0.6423611111111112,38.667582417582395,8021.023852773562,89.12248725303958,0
2470,31.04396072642447,0,0,182,0.0,0.0,1.0,182,5000,3000,2000,0.6,70,30,40,200.4382716413444,0.403179578248639,0.7372573568825456,0.13583410230697285,1060811.0042165313,1125.4248446557299,1061936.429061187,2469,50,1186.7527472527472,90,92,41,33.33607000029189,0.643287037037037,38.5760073260073,8115.636161516434,90.17373512796038,0
2471,31.24572011372346,0,1,181,0.0,0.005494505494505495,0.9945054945054945,182,5500,3900,1600,0.7090909090909091,71,39,32,197.92855127587495,0.40285198227187174,0.7350841297311419,0.13470427803305401,1068870.224106069,411.986991847084,1069282.2110979161,2470,51,1187.7527472527472,76,106,38,33.25629256098612,0.6500822368421053,38.43344155844158,8172.835476174877,107.53730889703786,0
2472,31.575998598424064,0,0,181,0.0,0.0,1.0,181,4250,2900,1350,0.6823529411764706,56,29,27,196.40251610882507,0.40256164313484755,0.7322531558498944,0.13399016098979938,1080839.0619804861,2005.902256334336,1082844.9642368206,2471,52,1190.8066298342542,76,105,43,33.213445530220795,0.650904605263158,38.352272727272755,8261.788269644541,108.70774039005975,0
2473,32.05869532255497,0,0,181,0.0,0.0,1.0,181,4550,3300,1250,0.7252747252747253,58,33,25,194.37546402248296,0.40234550849191736,0.7296076553081559,0.13291592267664518,1098013.5097953652,1935.3770938862276,1099948.8868892514,2472,53,1191.8066298342542,77,104,46,33.187272510800426,0.6512445887445888,38.274572649572676,8390.575733592914,108.96851602068719,0
2474,32.24325565855521,0,1,180,0.0,0.0055248618784530384,0.994475138121547,181,5150,3600,1550,0.6990291262135923,67,36,31,186.0557050320225,0.40248107223245344,0.7302682681159918,0.11523915373688828,1075595.5748196414,-1325.8613995217165,1074269.7134201196,2473,54,1192.8066298342542,86,95,47,36.896815463774146,0.6130087209302326,41.70258620689655,8328.349548874654,96.84127382412389,8
2475,32.63323905784689,1,0,181,0.0055248618784530384,0.0,1.0,181,5600,3900,1700,0.6964285714285714,73,39,34,181.9383885745897,0.40297984448536933,0.7237880864319399,0.11302049146678696,1089493.2467928769,-2155.8708631209047,1087337.3759297559,2474,0,1187.7955801104972,74,107,49,36.895883723013505,0.618947072072072,41.59722222222225,8432.519620433985,113.9529678437025,0
2476,33.048670454503444,1,0,182,0.005494505494505495,0.0,1.0,182,5550,3700,1850,0.6666666666666666,74,37,37,177.7678023512962,0.4038973802440653,0.7183562963917245,0.11100025659233055,1104937.2536462874,-2665.546536644232,1102271.7071096431,2475,0,1182.2637362637363,77,105,50,36.816081788290404,0.6194534632034632,41.412927350427374,8545.958947790528,110.98647984143544,0
2477,32.634750111369996,2,2,182,0.010869565217391304,0.010869565217391304,0.9891304347826086,184,4800,3700,1100,0.7708333333333334,59,37,22,181.99175115718603,0.4055885948760592,0.7294418406476366,0.10980324934856368,1080654.331297973,-2265.9651702970955,1078388.3661276759,2476,0,1170.4021739130435,75,109,44,37.97001491265446,0.6077777777777778,42.6535087719298,8398.438433265883,111.97917911021177,8
2478,32.72073126731676,0,1,181,0.0,0.005494505494505495,0.9945054945054945,182,4500,3200,1300,0.7111111111111111,58,32,26,185.38299756954262,0.40462277133547847,0.731160713188511,0.11197514671464866,1083847.7456286694,-714.6112012734088,1083133.1344273959,2477,1,1173.901098901099,75,107,44,37.84086168947584,0.6081944444444445,42.61239035087718,8421.910806865935,112.29214409154581,0
2479,32.19143202930058,2,0,183,0.01092896174863388,0.0,1.0,183,4200,2900,1300,0.6904761904761905,55,29,26,184.68868216392337,0.4057489641506035,0.7312944948788509,0.11223212390160345,1068143.0161889894,-1345.2147954917468,1066797.8013934977,2478,0,1168.464480874317,78,105,45,37.63414717373871,0.609107905982906,42.39187763713078,8292.77436124,106.31762001589745,0
2480,31.895487739214747,0,0,183,0.0,0.0,1.0,183,5650,4200,1450,0.7433628318584071,71,42,29,182.37152969831044,0.40603294701655357,0.715669386868309,0.1016506552848911,1031839.3485815687,-4614.375919254535,1027224.9726623142,2479,1,1169.464480874317,78,105,41,40.996665111537375,0.5762553418803419,45.63554852320673,8113.078243370085,104.01382363294981,8
2481,32.30573200338478,7,2,188,0.03684210526315789,0.010526315789473684,0.9894736842105263,190,4650,3200,1450,0.6881720430107527,61,32,29,175.05466938870117,0.41305578761719114,0.7137122258821729,0.09877892646336278,1049005.6809709666,-5923.331466151703,1043082.3495048148,2480,0,1127.342105263158,89,101,34,40.70097950161989,0.5770131086142323,45.16203703703703,8232.726935769962,92.50254984011194,0
2482,32.01574617344068,1,2,187,0.005291005291005291,0.010582010582010581,0.9894179894179894,189,4200,3000,1200,0.7142857142857143,54,30,24,206.1574774502498,0.4122715674134114,0.7663514867209058,0.11318335874663066,1030943.5139141389,507.34284444733066,1031450.8567585862,2481,0,1134.3015873015872,79,110,38,40.99217547460236,0.5698839662447257,46.22395833333335,8124.829334900551,102.84594094810824,8
2483,31.87979959032728,4,0,191,0.020942408376963352,0.0,1.0,191,4450,3200,1250,0.7191011235955056,57,32,25,204.173808605351,0.4147090566730964,0.7664955411519898,0.1129417143804292,1028943.5924765513,-633.3335767976996,1028310.2588997536,2482,0,1121.2408376963351,85,106,42,40.74279335113144,0.5705882352941176,45.93023255813956,8099.693268007635,95.29050903538395,0
2484,31.635991625853112,2,0,193,0.010362694300518135,0.0,1.0,193,4100,2400,1700,0.5853658536585366,58,24,34,204.97765308488505,0.4162674960420265,0.7706311179788372,0.11411280713377342,1023067.7658226439,-758.7940829753506,1022308.9717396685,2483,0,1110.6113989637306,68,125,44,40.46942399778385,0.5805759803921569,45.68236714975847,8045.590503157063,118.31750739936857,0
2485,31.8272069129169,3,0,196,0.015306122448979591,0.0,1.0,196,5500,3700,1800,0.6727272727272727,73,37,36,201.64073893776185,0.41887210012210013,0.7708815484956872,0.1133149845264858,1032189.5552329216,-3073.707071798598,1029115.848161123,2484,0,1094.5969387755101,72,124,46,40.184240998057675,0.5821759259259259,45.319634703196364,8105.764682958667,112.58006504109261,0
2486,31.450929393072215,6,5,197,0.0297029702970297,0.024752475247524754,0.9752475247524752,202,4400,3100,1300,0.7045454545454546,57,31,26,191.73093778020007,0.42359007355959477,0.7659457564938572,0.10872794472745664,1022775.2574039202,-5580.468151912117,1017194.7892520081,2485,0,1063.0544554455446,80,122,45,40.0820264568941,0.5821614583333333,44.97170781893005,8020.876810622644,100.26096013278305,0
2487,31.537004472017014,1,1,197,0.005050505050505051,0.005050505050505051,0.9949494949494949,198,4900,3600,1300,0.7346938775510204,62,36,26,204.37195441342095,0.42093150199114665,0.7754990140448295,0.11605737682753156,1026000.7780698261,-2562.8431512355264,1023437.9349185906,2486,0,1085.5151515151515,81,117,46,39.70555278884462,0.5823045267489713,44.91869918699189,8044.500124467801,99.31481635145433,0
2488,31.5187024435356,1,1,197,0.005050505050505051,0.005050505050505051,0.9949494949494949,198,5500,4300,1200,0.7818181818181819,67,43,24,204.98418319835446,0.42085031789981026,0.7773266040498072,0.11694314096397904,1026819.7312418232,-3003.639219888371,1023816.0920219348,2487,0,1086.479797979798,63,135,46,39.51047046695993,0.5930886243386244,44.74283854166665,8045.374518586701,127.70435743788414,0
2489,31.825092767199457,2,0,199,0.010050251256281407,0.0,1.0,199,5400,3800,1600,0.7037037037037037,70,38,32,200.9264293059481,0.421847241256789,0.774624832591204,0.1155015400993041,1039143.737934072,-3441.711840254524,1035702.0260938175,2488,0,1081.9849246231156,67,132,49,39.32007553051192,0.5935945273631841,44.454656862745075,8132.754251568903,121.38439181446124,0
2490,31.858673024715777,3,2,200,0.01485148514851485,0.009900990099009901,0.9900990099009901,202,6250,4800,1450,0.768,77,48,29,200.96571427490292,0.4239923525934683,0.7770054612063688,0.11643455074741327,1042654.9766806153,-4742.419573819749,1037912.5571067956,2489,0,1066.90099009901,73,129,40,39.016678129298484,0.593464611872146,44.15822072072071,8150.779592120046,111.65451496054857,0
2491,32.3561398766943,2,1,201,0.009900990099009901,0.0049504950495049506,0.995049504950495,202,6500,5000,1500,0.7692307692307693,80,50,30,203.22412951213482,0.42434485985912024,0.7795445973508437,0.11838790702604385,1060635.981852425,-3790.6351717586444,1056845.3466806663,2490,0,1067.8910891089108,76,126,43,38.74942762543811,0.5941611842105263,43.95292207792207,8284.695068265573,109.00914563507334,0
2492,32.44437628889528,1,2,200,0.0049504950495049506,0.009900990099009901,0.9900990099009901,202,5000,3200,1800,0.64,68,32,36,200.13016909282692,0.42489901975272154,0.7765120595149089,0.1171792638830595,1065109.1656175172,-2767.9045165293805,1062341.261100988,2491,0,1066.8267326732673,81,121,47,38.63462189942653,0.5940072016460906,43.76270325203251,8313.459274940355,102.63529969062166,0
2493,32.38534184246845,0,1,199,0.0,0.005,0.995,200,5600,4000,1600,0.7142857142857143,72,40,32,201.20619027307836,0.42322654941373533,0.7758204334365328,0.11816290810582636,1064100.0028605764,-2779.2984709702027,1061320.7043896061,2492,1,1078.425,62,138,45,38.492888931888565,0.6048387096774194,43.650793650793666,8301.95667866456,133.90252707523481,0
2494,32.42417608268495,2,0,201,0.009950248756218905,0.0,1.0,201,5200,3800,1400,0.7307692307692307,66,38,28,198.13822785013352,0.42449004975124377,0.7738656291348218,0.11707394107449877,1067266.017520154,-3106.7605287774945,1064159.2569913764,2493,0,1074.0248756218905,66,135,48,38.339746308752,0.6046401515151515,43.423507462686565,8319.281372707545,126.04971776829613,0
2495,32.13911457799175,1,1,201,0.0049504950495049506,0.0049504950495049506,0.995049504950495,202,6350,4400,1950,0.6929133858267716,83,44,39,200.57169870549944,0.42558864095364757,0.7762205161012803,0.1193418183471166,1060016.1446364394,-4228.152243003013,1055787.9923934364,2494,0,1069.7029702970297,72,130,48,38.01357019834435,0.6040219907407407,43.16495433789954,8254.450960177974,114.64515222469407,0
2496,31.75032785600412,0,1,200,0.0,0.004975124378109453,0.9950248756218906,201,5150,3800,1350,0.7378640776699029,65,38,27,195.60547589734205,0.4242661691542289,0.7653134594763806,0.11369225839971588,1040087.2890441326,-4660.646170349119,1035426.6428737835,2495,1,1075.9800995024875,75,126,42,39.03106871932177,0.59375,44.03782894736843,8126.882849655681,108.35843799540908,8
2497,32.02108395213845,3,2,201,0.014778325123152709,0.009852216748768473,0.9901477832512315,203,5250,3600,1650,0.6857142857142857,69,36,33,194.82778632861047,0.4256501081142597,0.7658345488744012,0.1139985456548755,1051008.3133144884,-4896.8753807941,1046111.4379336943,2496,0,1066.344827586207,82,121,46,38.7959221160911,0.5933689024390244,43.787650602409656,8204.19714963492,100.05118475164537,0
2498,32.312452402880474,2,0,203,0.009852216748768473,0.0,1.0,203,6250,4500,1750,0.72,80,45,35,191.28765927793555,0.4260758588174088,0.7616246912058355,0.11280400412176456,1062982.473972726,-6182.914140057851,1056799.5598326682,2497,0,1060.0689655172414,73,130,44,38.59002853693337,0.6001712328767124,43.49662162162161,8288.253205029354,113.5377151373884,0
2499,31.91034537641604,2,1,204,0.00975609756097561,0.004878048780487805,0.9951219512195122,205,5700,4200,1500,0.7368421052631579,72,42,30,198.90223914511813,0.42743703172325836,0.7719936486451311,0.1184062249548762,1052618.579897575,-4826.3614985236645,1047792.2183990515,2498,0,1050.7170731707317,75,130,47,38.03806474564211,0.6027777777777779,43.14692982456139,8196.270180291043,109.28360240388058,0
2500,31.5144003402153,0,0,204,0.0,0.0,1.0,204,6500,4800,1700,0.7384615384615385,82,48,34,196.42524482861188,0.42728808477413954,0.7690545423152513,0.11750827202602372,1041026.4718776674,-6403.224077672781,1034623.2477999945,2499,1,1056.8039215686274,80,124,39,37.91672920731809,0.6024739583333334,42.96553497942386,8100.287031891471,101.25358789864339,0
2501,31.78627082113489,1,2,203,0.004878048780487805,0.00975609756097561,0.9902439024390244,205,5350,3300,2050,0.616822429906542,74,33,41,192.23118279969788,0.4276103937509963,0.7658273212118931,0.1156509180973581,1051704.065985269,-5915.936688080372,1045788.1292971885,2500,0,1052.6439024390245,83,122,44,37.81294189484507,0.6034136546184738,42.757936507936485,8176.7658967462485,98.51525176802708,0
2502,31.547698971339887,1,0,204,0.004901960784313725,0.0,1.0,204,5450,3600,1850,0.6605504587155964,73,36,37,191.20498267736804,0.42729764319520913,0.7623560619284144,0.1156275482520393,1045340.7493287199,-6275.128026531144,1039065.6213021887,2501,0,1057.2450980392157,74,130,45,37.647243952881944,0.6090934684684685,42.569444444444436,8121.341672691431,109.7478604417761,0
2503,31.48674469943662,2,0,206,0.009708737864077669,0.0,1.0,206,5650,3700,1950,0.6548672566371682,76,37,39,192.04738125294028,0.42847156444865414,0.7650249963773388,0.11697431403588103,1045443.7644657546,-6695.0525574275125,1038748.7119083271,2502,0,1047.9708737864078,77,129,43,37.35877902155887,0.6103896103896104,42.307692307692285,8113.891903316303,105.37521952358836,0
2504,31.449205236686186,1,1,206,0.004830917874396135,0.004830917874396135,0.9951690821256038,207,6200,4700,1500,0.7580645161290323,77,47,30,190.73199793533675,0.4286814251989431,0.7651692025973702,0.11666188403305308,1045432.3362668796,-7720.520359522534,1037711.815907357,2503,0,1043.9033816425122,80,127,46,37.23742726517036,0.6106770833333333,42.15534979423866,8109.009323502498,101.36261654378123,0
2505,31.18904652873679,2,3,205,0.009615384615384616,0.014423076923076924,0.9855769230769231,208,4900,3100,1800,0.6326530612244898,67,31,36,189.9943217518479,0.4292641172736282,0.7660319557904864,0.11690661844044736,1038520.8612330582,-7037.3866689763945,1031483.4745640818,2504,0,1039.826923076923,83,125,40,37.03648085856159,0.6116967871485943,41.939484126984105,8048.661436793253,96.97182453967775,0
2506,31.2142190838755,0,1,204,0.0,0.004878048780487805,0.9951219512195122,205,4600,3000,1600,0.6521739130434783,62,30,32,192.78232307899765,0.42814243583612305,0.7677706278181127,0.1187765505225485,1039736.9800469752,-5511.4179190805135,1034225.5621278947,2505,1,1055.6243902439023,82,123,41,36.91671529060906,0.6125508130081301,41.8925702811245,8056.621858420985,98.2514860783047,0
2507,31.633031075906107,2,0,206,0.009708737864077669,0.0,1.0,206,5500,3700,1800,0.6727272727272727,73,37,36,190.96755537658237,0.42880012234588366,0.7668589444450764,0.11828007895456359,1055235.8163971049,-6396.839159366481,1048838.9772377384,2506,0,1051.4757281553398,85,121,45,36.77036928487691,0.6133578431372548,41.703003875968996,8170.716905204687,96.1260812377022,0
2508,31.94716552308487,1,0,207,0.004830917874396135,0.0,1.0,207,5850,4000,1850,0.6837606837606838,77,40,37,187.7758377643764,0.4291103841283242,0.7649978395169852,0.11710040937969499,1067734.866014724,-7151.038204769837,1060583.827809954,2507,0,1047.391304347826,74,133,44,36.603545527800186,0.6203547297297297,41.458333333333364,8259.673419614304,111.61720837316628,0
2509,32.441915225324315,0,1,206,0.0,0.004830917874396135,0.9951690821256038,207,5900,4000,1900,0.6779661016949152,78,40,38,187.3782133923192,0.4292618388756,0.765297458655118,0.11729316820408835,1085397.254247872,-6624.040335620702,1078773.2139122512,2508,1,1048.391304347826,75,132,46,36.47698873169785,0.6212500000000001,41.32401315789476,8391.944435958749,111.89259247944999,0
2510,32.4489377499642,0,2,204,0.0,0.009708737864077669,0.9902912621359223,206,6700,5000,1700,0.746268656716418,84,50,34,188.6303477568289,0.4289456547478096,0.7651840793545834,0.11860218349100987,1086957.8796488831,-6893.351432960872,1080064.5282159222,2509,2,1053.8980582524273,76,130,44,36.283733166083046,0.6223958333333333,41.16612554112557,8398.884279898128,110.51163526181747,0
2511,32.720672231607786,0,1,203,0.0,0.004901960784313725,0.9950980392156863,204,6000,4600,1400,0.7666666666666667,74,46,28,191.12649422707526,0.4285407410090473,0.7666263267191988,0.1207396491543946,1097476.7611205569,-4848.622830268366,1092628.1382902884,2510,3,1060.078431372549,77,127,38,36.04873500395314,0.6236471861471862,40.99893162393164,8474.68906596961,110.06089696064427,0
2512,32.615339101013824,0,0,203,0.0,0.0,1.0,203,5900,4300,1600,0.7288135593220338,75,43,32,211.6619405186736,0.42825846624071273,0.7891093287607278,0.12950397411137446,1084291.5113928474,-599.3509221326149,1083692.1604707148,2511,4,1066.1674876847292,71,132,41,36.686269146608325,0.6148767605633803,42.144097222222236,8410.057708295306,118.45151701824375,8
2513,33.07547083479895,4,2,205,0.01932367149758454,0.00966183574879227,0.9903381642512077,207,4850,3200,1650,0.6597938144329897,65,32,33,202.1876095427175,0.43068258211778687,0.7831735983476837,0.12456741885980643,1101725.1443991852,-1698.9653361643582,1100026.1790630207,2512,0,1046.5458937198068,77,130,42,36.675106931581055,0.6145833333333333,41.89369658119661,8536.987511006466,110.86996767540865,0
2514,33.50632395539185,0,1,204,0.0,0.004878048780487805,0.9951219512195122,205,5250,3000,2250,0.5714285714285714,75,30,45,197.77146848534204,0.4295363063924757,0.775725790580758,0.12215748373822881,1116870.2171437128,-2072.98740958859,1114797.2297341242,2513,1,1057.6097560975609,76,129,43,36.69552726256593,0.615953947368421,41.80194805194808,8651.2675732226,113.83246806871841,0
2515,33.5286624790509,0,0,204,0.0,0.0,1.0,204,6350,4300,2050,0.6771653543307087,84,43,41,197.91880470647612,0.4295212337808687,0.774378619041399,0.12281299578486765,1119047.808455107,-2853.8790682324307,1116193.9293868747,2514,2,1060.5294117647059,68,136,44,36.522973394102316,0.6216299019607843,41.636473429951714,8662.583479264496,127.39093351859553,0
2516,33.029328096163376,0,1,203,0.0,0.004901960784313725,0.9950980392156863,204,6200,4500,1700,0.7258064516129032,79,45,34,195.45167736208677,0.4296963038088799,0.7715323413652462,0.12157756879980736,1103126.158486457,-3878.428396365041,1099247.730090092,2515,3,1061.5294117647059,70,134,42,36.497833409022114,0.6214285714285714,41.549295774647916,8536.453106543702,121.94933009348146,0
2517,32.98914329604893,0,1,202,0.0,0.0049261083743842365,0.9950738916256158,203,6900,5000,1900,0.7246376811594203,88,50,38,196.33176604726336,0.42973894064283275,0.7708211659770259,0.12256505953764422,1102880.5900607836,-4193.901202823527,1098686.68885796,2516,4,1062.152709359606,71,132,46,36.343984874764544,0.622212441314554,41.42071759259261,8530.309000727506,120.14519719334515,0
2518,32.709910538232705,0,0,202,0.0,0.0,1.0,202,6300,4000,2300,0.6349206349206349,86,40,46,195.4507014411281,0.429789480813753,0.7677566951296761,0.12232977144694152,1094322.728795222,-3922.7710108004635,1090399.9577844215,2517,5,1068.3316831683169,73,129,48,36.273082644028406,0.6221461187214612,41.32882882882886,8461.110867828971,115.90562832642426,0
2519,32.993285553465824,0,0,202,0.0,0.0,1.0,202,6050,4900,1150,0.8099173553719008,72,49,23,194.3214176073859,0.42962477217871037,0.764930920482839,0.12208311853324504,1104950.339302008,-3506.8967362140847,1101443.4425657939,2518,6,1069.3316831683169,74,128,43,36.16529820042221,0.6230292792792793,41.194444444444464,8538.845597267853,115.3898053684845,0
2520,32.81688714511742,0,0,202,0.0,0.0,1.0,202,6100,4000,2100,0.6557377049180327,82,40,42,194.14853106753105,0.42984489680311316,0.7638751964215318,0.12249146940325344,1100317.6900080256,-3774.9873554642,1096542.7026525615,2519,7,1070.3316831683169,76,126,46,36.016786821300464,0.6236293859649122,41.04437229437232,8498.1176100087,111.81733697379867,0
2521,32.692674868903445,0,0,202,0.0,0.0,1.0,202,4700,3200,1500,0.6808510638297872,62,32,30,192.66998366475815,0.43008349342396923,0.7622626648910169,0.12185261405755915,1096876.9743608935,-2832.946253527161,1094044.0281073663,2520,8,1071.3316831683169,77,125,37,35.967922445051656,0.6240530303030303,40.958867521367544,8468.747521796537,109.98373404930567,0
2522,33.0232640074483,0,0,202,0.0,0.0,1.0,202,5550,4100,1450,0.7387387387387387,70,41,29,192.24274856397756,0.42987824901893174,0.7620517153756181,0.12190451938351116,1108768.4544549675,-3319.460958908429,1105448.993496059,2521,9,1072.3316831683169,77,125,40,35.88370954442382,0.625,40.865384615384635,8557.470817314777,111.13598464045165,0
2523,33.114596920567976,0,1,201,0.0,0.0049504950495049506,0.995049504950495,202,5700,4100,1600,0.7192982456140351,73,41,32,188.53384784574752,0.4297227763821158,0.7572865161164559,0.12001553639081025,1113004.2035001477,-4132.206969124947,1108871.9965310227,2522,10,1073.3316831683169,79,123,41,35.841033882415985,0.6255274261603376,40.729166666666686,8585.649139093144,108.6791030264955,0
2524,33.09659874278126,0,0,201,0.0,0.0,1.0,201,5450,4000,1450,0.7339449541284404,69,40,29,208.11558394272933,0.4299388474295191,0.7812351432608151,0.127793288321858,1101402.40640394,193.80099293673993,1101596.2073968768,2523,11,1078.0099502487562,77,124,38,36.64479587258862,0.613365800865801,42.01388888888889,8538.46280065504,110.88912728123428,8
2525,32.63297839326941,0,0,201,0.0,0.0,1.0,201,5850,4400,1450,0.7521367521367521,73,44,29,207.44305542104829,0.4298134328358209,0.7803700802867617,0.12761957080021732,1086544.3132311546,-970.7855625929469,1085573.5276685616,2524,12,1079.0099502487562,81,120,39,36.59299005611894,0.6123971193415638,41.94613821138211,8421.0660960477,103.96377896355185,0
2526,32.12342911991972,0,1,200,0.0,0.004975124378109453,0.9950248756218906,201,5750,4000,1750,0.6956521739130435,75,40,35,212.7568977530844,0.42987354892205637,0.7868852138011109,0.13144366880635913,1070842.4406585186,-384.1768686301948,1070458.2637898885,2525,13,1080.0099502487562,81,120,42,36.30018203286433,0.6139403292181069,41.79369918699189,8294.47180248338,102.4008864504121,0
2527,32.4419456496487,2,1,201,0.009900990099009901,0.0049504950495049506,0.995049504950495,202,6400,5000,1400,0.78125,78,50,28,209.66518526241697,0.4308095455067895,0.7854648461236013,0.13021806349257753,1083045.903768195,-1384.5959877478717,1081661.3077804472,2526,0,1075.480198019802,66,136,44,36.18682310469312,0.6231060606060606,41.604477611940304,8382.85349342603,127.01293171857621,0
2528,32.70041138708789,1,0,202,0.0049504950495049506,0.0,1.0,202,5650,4000,1650,0.7079646017699115,73,40,33,213.1354663900494,0.4313965445051968,0.7867900494740603,0.13328716342639904,1093753.3914882222,573.5278421082794,1094326.9193303306,2527,0,1074.6732673267327,70,132,45,35.84600185300737,0.6233630952380953,41.35856807511738,8457.681225689174,120.82401750984533,0
2529,32.5353121474034,2,0,204,0.00980392156862745,0.0,1.0,204,6200,4500,1700,0.7258064516129032,79,45,34,208.4195780029967,0.4319661772755079,0.7842044816444378,0.13137318144993765,1090599.3323912777,-1539.549474531712,1089059.7829167459,2528,0,1065.1274509803923,75,129,46,35.68084669948654,0.62375,41.077302631578966,8424.130780929292,112.3217437457239,0
2530,32.60446213299917,1,1,204,0.004878048780487805,0.004878048780487805,0.9951219512195122,205,5800,4500,1300,0.7758620689655172,71,45,26,205.32142764905987,0.43211681013868963,0.7823500355075685,0.13024721489146845,1094819.860739164,-1842.0046348978076,1092977.8561042661,2529,0,1060.9268292682927,77,128,40,35.53116679549945,0.6251352813852814,40.85202991452993,8449.380177495346,109.73221009734216,0
2531,32.31338115196709,0,0,204,0.0,0.0,1.0,204,5800,4200,1600,0.7241379310344828,74,42,32,207.79844442769232,0.4315526497955504,0.7840805837569771,0.1320759656968646,1085621.9217954935,-1481.8906828587697,1084140.0311126346,2530,2,1067.1274509803923,78,126,40,35.39674364582803,0.625400641025641,40.78322784810128,8376.170359526957,107.38679948111483,0
2532,32.623183500913655,0,1,203,0.0,0.004901960784313725,0.9950980392156863,204,5250,4300,950,0.819047619047619,62,43,19,208.73656764660643,0.43130463392253454,0.7844604217746247,0.13322208507786157,1097261.2190368392,-242.29186530340485,1097018.9271715358,2531,3,1068.1274509803923,81,123,41,35.223863692021354,0.6256430041152263,40.637703252032544,8461.223800027428,104.45955308675838,0
2533,32.991415735169625,3,0,206,0.014563106796116505,0.0,1.0,206,5450,3900,1550,0.7155963302752294,70,39,31,214.37040758482476,0.4323664061883337,0.7932601286414214,0.13125217112621135,1097007.8908539538,383.205737226107,1097391.09659118,2532,0,1058.7184466019417,75,131,41,36.59076313225263,0.6131944444444444,42.11896929824561,8507.860294095612,113.43813725460815,8
2534,33.38086247979524,1,0,207,0.004830917874396135,0.0,1.0,207,4700,3000,1700,0.6382978723404256,64,30,34,216.0469087694638,0.43303843628347644,0.7959079169192294,0.13303093441191494,1111722.1046259117,1936.8248230221084,1113658.9294489338,2533,0,1054.5990338164252,79,128,34,36.338195600625625,0.6135284810126582,41.9140625,8615.131187656527,109.05229351463959,0
2535,33.36009159549653,1,1,207,0.004807692307692308,0.004807692307692308,0.9951923076923077,208,6800,5000,1800,0.7352941176470589,86,50,36,177.39007555208065,0.43333246237458195,0.7453787619075432,0.1104342229499549,1114429.1068454867,-8862.26730784848,1105566.8395376382,2534,0,1050.5240384615386,84,124,33,36.934422213793574,0.6155753968253967,41.519607843137244,8622.929557992766,102.65392330943769,8
2536,32.817963072574386,0,0,207,0.0,0.0,1.0,207,7000,5400,1600,0.7714285714285715,86,54,32,179.76560057609422,0.43309901818238666,0.7466232418911178,0.1127170538551997,1098486.3361996817,-8905.988809686256,1089580.3473899956,2535,1,1056.415458937198,87,120,37,36.613024979412586,0.6170977011494253,41.26420454545454,8491.181780780411,97.59979058368289,0
2537,33.03525536373502,1,1,207,0.004807692307692308,0.004807692307692308,0.9951923076923077,208,6550,5100,1450,0.7786259541984732,80,51,29,196.70526849738314,0.4336266528861638,0.7758151611701924,0.12148674223808378,1101137.2621689711,-4830.099838516185,1096307.162330455,2536,0,1052.3317307692307,89,119,38,36.72673480365786,0.6109550561797753,41.80555555555553,8529.51940571984,95.83729669348135,7
2538,33.38069967590344,2,2,207,0.009569377990430622,0.009569377990430622,0.9904306220095693,209,5600,4200,1400,0.75,70,42,28,195.2586412455343,0.4340830496258128,0.7756384175169724,0.1211992310213886,1114203.647917593,-3888.421927358595,1110315.2259902344,2537,0,1048.1722488038276,75,134,41,36.58056380740192,0.6181944444444445,41.62554824561404,8624.719977939374,114.99626637252499,0
2539,33.22118181260559,1,1,207,0.004807692307692308,0.004807692307692308,0.9951923076923077,208,6000,4600,1400,0.7666666666666667,74,46,28,192.67494000635986,0.43365665257648955,0.7720747976534066,0.12052014104479489,1111243.7704553253,-4778.234639015669,1106465.5358163095,2538,0,1046.7788461538462,78,130,40,36.36667771207179,0.6196581196581197,41.35021097046415,8592.65166714232,110.16220086079898,0
2540,32.96945921903579,1,0,208,0.004807692307692308,0.0,1.0,208,5700,3900,1800,0.6842105263157895,75,39,36,192.61724723087974,0.43388455344977084,0.7708025287498674,0.12086777878810534,1103789.4862865396,-4778.221525819745,1099011.2647607198,2539,0,1047.625,79,129,42,36.25275709086029,0.6203850210970464,41.236979166666686,8531.276862759145,107.99084636403981,0
2541,32.79101328083991,0,0,208,0.0,0.0,1.0,208,5600,3700,1900,0.6607142857142857,75,37,38,192.23157929461547,0.4340621322618605,0.7696310219631104,0.12138588954478914,1099707.6064603445,-4920.294009565012,1094787.3124507796,2540,1,1048.625,82,126,43,36.03552852620017,0.6214430894308943,41.01405622489962,8492.411521880234,103.56599416927115,0
2542,32.34724948408102,2,0,210,0.009523809523809525,0.0,1.0,210,5200,3400,1800,0.6538461538461539,70,34,36,191.12267350107555,0.4348166818561556,0.77048590952682,0.12141717519663883,1086614.4454531441,-5664.6684240211325,1080949.777029123,2541,0,1039.6285714285714,88,122,37,35.84667283783382,0.6214488636363636,40.80056179775282,8384.388893661759,95.27714651888363,0
2543,32.57336422317604,0,2,208,0.0,0.009523809523809525,0.9904761904761905,210,5600,3800,1800,0.6785714285714286,74,38,36,190.49089110364272,0.434720323536113,0.7702361196028751,0.12123013964678209,1094736.5069875189,-5892.533452051535,1088843.9735354674,2542,1,1040.6285714285714,91,119,38,35.79952397589307,0.6211080586080586,40.738224637681164,8445.028238024079,92.8025081101547,0
2544,32.07439256211354,0,0,208,0.0,0.0,1.0,208,6300,4500,1800,0.7142857142857143,81,45,36,196.93709974262217,0.4336039111854329,0.7761902111796297,0.12553655653197116,1078442.7842667492,-5422.921165629451,1073019.8631011196,2543,2,1051.3846153846155,92,116,39,35.57405047800047,0.6213768115942029,40.681003584229394,8317.499289852745,90.40760097666028,0
2545,32.122728945966145,0,0,208,0.0,0.0,1.0,208,5650,3500,2150,0.6194690265486725,78,35,43,196.78075354647314,0.43354439567075437,0.7764036998504458,0.1258333142948528,1080991.406246663,-4706.339300303926,1076285.0669463591,2544,3,1052.3846153846155,75,133,40,35.46509580163427,0.6288888888888888,40.57017543859649,8333.593934885517,111.11458579847357,0
2546,31.733891122574338,0,1,207,0.0,0.004807692307692308,0.9951923076923077,208,5850,4400,1450,0.7521367521367521,73,44,29,194.97249347859952,0.43343600969280316,0.7726573259981424,0.12536460972169564,1069492.2414567294,-5745.686185433198,1063746.555271296,2545,4,1053.3846153846155,79,129,38,35.31568157881537,0.6290875527426161,40.37760416666666,8238.828842356868,104.28897268806162,0
2547,31.25064449339115,1,0,208,0.004807692307692308,0.0,1.0,208,5150,3600,1550,0.6990291262135923,67,36,31,194.84569272753404,0.4334297194351542,0.772804031812077,0.12571820382454654,1054187.8485102863,-5669.207678412991,1048518.6408318733,2546,0,1054.3173076923076,81,127,42,35.19561753150421,0.6295010288065843,40.256605691056905,8117.148475055484,100.21170956858622,0
2548,31.061975622818785,0,0,208,0.0,0.0,1.0,208,6450,4300,2150,0.6666666666666666,86,43,43,184.6128413199247,0.4333435912919608,0.7464683439884499,0.11671286408869917,1042057.6790189033,-9574.554211414455,1032483.1248074889,2547,1,1055.3173076923076,92,116,40,36.19023681858805,0.6184329710144927,40.97222222222225,8045.914518966331,87.45559259746013,8
2549,31.147635382970297,1,0,209,0.004784688995215311,0.0,1.0,209,7400,5800,1600,0.7837837837837838,90,58,32,181.6466221266515,0.4341060529382898,0.7450526402996402,0.11555022673938183,1046693.8296718255,-11174.320287860452,1035519.509383965,2548,0,1051.2631578947369,96,113,43,36.04474752495754,0.6194661458333333,40.75386597938147,8074.904056918968,84.11358392623926,0
2550,30.899294453371844,1,0,210,0.004761904761904762,0.0,1.0,210,6100,4300,1800,0.7049180327868853,79,43,36,181.6210329110883,0.4341573631047315,0.7475546912526618,0.11612600920821184,1039788.3331664129,-10330.513784283055,1029457.8193821298,2549,0,1047.252380952381,81,129,43,35.86246857963632,0.6262860082304527,40.57418699186996,8016.074584943692,98.96388376473693,0
2551,31.439621004383856,0,1,209,0.0,0.004761904761904762,0.9952380952380953,210,6100,4800,1300,0.7868852459016393,74,48,26,183.3853596524447,0.4342252411331358,0.7478083117730692,0.11759456678278309,1058799.8445265857,-9266.321942307497,1049533.5225842781,2550,1,1048.252380952381,81,129,43,35.713207701093225,0.6273148148148149,40.47256097560978,8159.44432316523,100.73388053290408,0
2552,31.131092952826364,0,0,209,0.0,0.0,1.0,209,6500,4800,1700,0.7384615384615385,82,48,34,181.8557912036367,0.43343512299104403,0.7448441888210455,0.11690083582468763,1049104.5302236343,-10142.853120172047,1038961.6771034623,2551,2,1053.9425837320575,82,127,44,35.66532517967063,0.6277947154471545,40.386546184738975,8082.0505625272335,98.56159222594187,0
2553,31.396830889555535,0,1,208,0.0,0.004784688995215311,0.9952153110047847,209,5150,3300,1850,0.6407766990291263,70,33,37,180.35300198726497,0.43356355815237396,0.7430533078186028,0.116487597078795,1059412.9473437015,-8736.338920477341,1050676.6084232242,2552,3,1054.9425837320575,84,125,45,35.53538855866905,0.6287202380952381,40.22058823529412,8156.2502597647,97.09821737815119,0
2554,31.562564688620018,1,0,209,0.004784688995215311,0.0,1.0,209,5900,4100,1800,0.6949152542372882,77,41,36,182.90317282983068,0.43369966108452945,0.7480858047907735,0.11855118461084299,1066009.146691178,-8704.708960912685,1057304.4377302653,2553,0,1055.909090909091,86,123,48,35.344493327805175,0.6292393410852712,40.09818007662835,8203.168004021485,95.38567446536611,0
2555,32.0182686960227,0,0,209,0.0,0.0,1.0,209,5250,3500,1750,0.6666666666666666,70,35,35,186.1574471606502,0.43350317445712183,0.7515780324722781,0.1210106045245243,1082237.1902299256,-6756.697488896558,1075480.492741029,2554,1,1056.909090909091,87,122,35,35.157494878215324,0.6299090038314177,39.99763257575757,8324.825661791405,95.68765128495868,0
2556,31.523160244452164,0,1,208,0.0,0.004784688995215311,0.9952153110047847,209,6650,5200,1450,0.7819548872180451,81,52,29,210.87253695022625,0.4338424733161575,0.781436051859691,0.13538292143808878,1061956.8954533425,-3662.491064793722,1058294.4043885488,2555,2,1057.909090909091,74,135,37,34.9569488290795,0.6307713963963963,40.43055555555554,8182.449191785612,110.5736377268326,8
2557,31.4435641506914,0,2,206,0.0,0.009615384615384616,0.9903846153846154,208,6850,5000,1850,0.7299270072992701,87,50,37,210.1146729960834,0.4331998830979809,0.780015939942412,0.13548773741471506,1060522.7573162813,-3883.721528317318,1056639.035787964,2556,7,1063.985576923077,77,131,44,34.820632798573975,0.6309523809523809,40.27777777777776,8166.592355804519,106.05964098447427,0
2558,31.051766718286633,1,1,206,0.004830917874396135,0.004830917874396135,0.9951690821256038,207,5000,3300,1700,0.66,67,33,34,208.03394246255448,0.43307654425214576,0.7766574386355307,0.13461495965573023,1048288.61610504,-2784.077270610789,1045504.5388344291,2557,0,1069.7391304347825,79,128,45,34.750618026324574,0.6313291139240507,40.156249999999986,8068.607508204757,102.13427225575643,0
2559,31.43364642712795,0,0,206,0.0,0.0,1.0,206,5500,4300,1200,0.7818181818181819,67,43,24,207.7820746331271,0.43282520325203255,0.7762537931511471,0.1348781906433531,1062078.9149572744,-2563.807925215573,1059515.1070320588,2558,1,1075.8349514563106,80,126,48,34.64492430988422,0.63203125,40.04629629629628,8171.29280964457,102.14116012055713,0
2560,31.908896108672995,1,1,206,0.004830917874396135,0.004830917874396135,0.9951690821256038,207,5400,4100,1300,0.7592592592592593,67,41,26,206.17147701886933,0.4328420336757188,0.7756096225692022,0.13424753427259167,1079026.6205353674,-2307.0975803089113,1076719.5229550584,2559,0,1071.6328502415458,81,126,34,34.57730884460074,0.632716049382716,39.939024390243894,8298.25865265183,102.44763768705963,0
2561,32.26308010049316,0,2,204,0.0,0.009708737864077669,0.9902912621359223,206,5750,4300,1450,0.7478260869565218,72,43,29,206.61046089428584,0.4325045386376194,0.7760565054946063,0.13496431030109782,1091931.7686576026,-1829.0948025081543,1090102.6738550945,2560,3,1077.8349514563106,84,122,38,34.45301460197834,0.6326884920634921,39.82843137254901,8393.936158498385,99.92781141069506,0
2562,32.28567155619434,0,0,204,0.0,0.0,1.0,204,4300,2700,1600,0.627906976744186,59,27,32,207.89944575440958,0.43102240896358546,0.775820948174051,0.13596986622270812,1093045.4415009439,348.7082944861231,1093394.14979543,2561,12,1088.9950980392157,86,118,39,34.37706099786809,0.6323885658914729,39.78687739463602,8401.155411048529,97.68785361684336,0
2563,32.01136774303918,0,0,204,0.0,0.0,1.0,204,5850,4200,1650,0.717948717948718,75,42,33,190.73251568445536,0.43102240896358546,0.7599208215425584,0.12083774343898931,1074529.311870093,-5660.464234065698,1068868.8476360273,2562,13,1089.9950980392157,87,117,41,35.955321927299885,0.6208093869731801,40.89725378787882,8294.233292227646,95.33601485319133,8
2564,32.33081587326682,0,1,203,0.0,0.004901960784313725,0.9950980392156863,204,5900,4000,1900,0.6779661016949152,78,40,38,209.9466622186232,0.43091676325702694,0.7793288188415728,0.12836581884387116,1074624.0066682585,-1577.2553319991666,1073046.7513362593,2563,14,1090.9950980392157,84,120,38,36.75604433037061,0.6090029761904762,42.16911764705882,8335.882783794847,99.23669980708151,8
2565,31.961671424748157,0,0,203,0.0,0.0,1.0,203,5750,4000,1750,0.6956521739130435,75,40,35,212.7026157863489,0.4309216943861874,0.7810330423760554,0.13056668261346616,1063535.0975499281,-1106.6605541081808,1062428.43699582,2564,15,1092.8768472906404,86,117,35,36.5386846746496,0.6097383720930232,42.02586206896551,8245.284632634364,95.87540270505075,0
2566,32.061650239402745,0,0,203,0.0,0.0,1.0,203,5250,4100,1150,0.780952380952381,64,41,23,217.3511568903978,0.43072355265083156,0.7863784712191173,0.13409367413359763,1068364.8009302046,592.0650926317949,1068956.8660228364,2565,16,1093.8768472906404,87,116,36,36.233177816497744,0.6112308429118773,41.84422348484848,8276.900213910192,95.13678406793325,0
2567,31.9253987342987,0,1,202,0.0,0.0049261083743842365,0.9950738916256158,203,5300,4000,1300,0.7547169811320755,66,40,26,216.99576951432564,0.43058129704596076,0.7841774005778355,0.13424393500648796,1064641.9396004498,304.55938816475646,1064946.4989886144,2566,17,1094.8768472906404,92,111,36,36.141048994520865,0.6106204710144927,41.74507168458781,8244.89156156726,89.61838653877456,0
2568,31.83159423630414,0,0,202,0.0,0.0,1.0,202,5950,4300,1650,0.7226890756302521,76,43,33,218.91426975417684,0.4306273910973187,0.7867689612563151,0.13599354483510764,1062737.2535788033,179.66996155265952,1062916.9235403559,2567,18,1091.8217821782177,73,129,34,35.93945770005993,0.6194349315068493,41.59628378378379,8225.402243747692,112.67674306503689,0
2569,31.767893434137754,3,1,204,0.014634146341463415,0.004878048780487805,0.9951219512195122,205,5050,3800,1250,0.7524752475247525,63,38,25,212.4810803834433,0.4317192730750837,0.7836112069682086,0.13282468052633226,1062445.3623249668,-900.0923129622606,1061545.2700120045,2568,0,1076.8292682926829,77,128,41,35.8775259045062,0.6198593073593073,41.37286324786326,8216.039319518075,106.70180934439058,0
2570,32.267981593276176,0,0,204,0.0,0.0,1.0,204,5350,4200,1150,0.7850467289719626,65,42,23,212.53905848074876,0.43131972616632863,0.7845679949399111,0.13330994684572736,1080173.5927224013,-234.18432140249934,1079939.4084009987,2569,1,1083.014705882353,77,127,41,35.75327956989248,0.6210768398268398,41.25267094017095,8349.254051411965,108.43187079755798,0
2571,31.98450290778422,2,1,205,0.009708737864077669,0.0048543689320388345,0.9951456310679612,206,5800,4400,1400,0.7586206896551724,72,44,28,216.6076478338831,0.4322322203804562,0.7916907282017129,0.13672197739663966,1072538.9312119791,-535.9729799811321,1072002.958231998,2570,0,1073.490291262136,79,127,35,35.4191282450936,0.6224947257383966,41.02864583333334,8283.070030376592,104.84898772628597,0
2572,31.618998699683694,1,2,204,0.0048543689320388345,0.009708737864077669,0.9902912621359223,206,7050,5600,1450,0.7943262411347518,85,56,29,212.2658379876342,0.4320176217538874,0.7848826295975717,0.1326305336687837,1057334.6810160715,-3362.7935801470658,1053971.8874359245,2571,0,1074.485436893204,74,132,38,35.89945846759757,0.6210585585585586,41.38888888888889,8177.024385945988,110.50032953981065,8
2573,31.871463137150716,1,2,203,0.004878048780487805,0.00975609756097561,0.9902439024390244,205,6200,4500,1700,0.7258064516129032,79,45,34,212.90962916596033,0.43183684042722775,0.7827018533728523,0.13341034561500137,1066609.7744050135,-1781.7016933277946,1064828.0727116857,2572,0,1080.6926829268293,76,129,35,35.77964860907761,0.6211622807017544,41.2878787878788,8245.533834346226,108.49386624139771,0
2574,32.26587528373566,0,2,201,0.0,0.009852216748768473,0.9901477832512315,203,4850,3900,950,0.8041237113402062,58,39,19,247.32165268816388,0.4313017200734852,0.8149091990292663,0.14590630929730347,1061573.7932593536,7060.036999869104,1068633.8302592228,2573,1,1092.1625615763546,65,138,41,37.13743872926023,0.6046474358974359,43.4816919191919,8276.787736530197,127.33519594661843,8
2575,32.504420056465655,2,0,203,0.009852216748768473,0.0,1.0,203,5550,3700,1850,0.6666666666666666,74,37,37,240.96117551020544,0.4319367897380871,0.8099434201266722,0.14304004652064345,1071345.0317522765,5480.511645609039,1076825.5433978855,2574,0,1092.7389162561576,70,133,42,37.064523809523806,0.6041666666666667,43.25117370892016,8345.471698769734,119.22102426813906,0
2576,32.90813614044058,6,3,206,0.028708133971291867,0.014354066985645933,0.9856459330143541,209,4400,2800,1600,0.6363636363636364,60,28,32,236.76885785580106,0.43452107103422893,0.8137965425924767,0.14219476497450872,1088275.0711414688,5333.929125421182,1093609.00026689,2575,0,1062.3397129186603,81,128,40,36.7335041574051,0.6035236625514404,42.822662601626014,8463.226831341706,104.48428186841613,0
2577,33.10045376541053,1,0,207,0.004830917874396135,0.0,1.0,207,5700,3400,2300,0.5964912280701754,80,34,46,237.34342196532316,0.434216851930022,0.8141080405315577,0.14293654500767877,1095502.8896878506,4902.080922282566,1100404.9706101331,2576,0,1073.391304347826,83,124,43,36.61437999068136,0.6037901606425703,42.72073412698411,8516.060444828483,102.60313788949979,0
2578,32.84097319546687,3,0,210,0.014285714285714285,0.0,1.0,210,4650,3200,1450,0.6881720430107527,61,32,29,237.67580782630674,0.4362373737373737,0.8160827254864236,0.145183120607139,1091291.5389242095,5224.719617565019,1096516.2585417745,2577,0,1059.0428571428572,65,145,45,36.076078527407056,0.6176282051282052,42.20328282828283,8466.295078515725,130.25069351562652,0
2579,33.11132896368715,1,0,211,0.004739336492890996,0.0,1.0,211,5050,3300,1750,0.6534653465346535,68,33,35,234.08633502260648,0.43647408410441585,0.813893325959121,0.14362058192212854,1101634.701358293,4325.52595493734,1105960.2273132303,2578,0,1055.0189573459716,68,143,45,36.00568658434285,0.6174938725490196,42.044082125603865,8541.263254869002,125.60681257160297,0
2580,33.26245205121106,0,0,211,0.0,0.0,1.0,211,5650,3800,1850,0.672566371681416,75,38,37,235.70373786829032,0.4363349131121643,0.8142058606477396,0.14516721645331232,1107848.0278022147,4374.784228599209,1112222.812030814,2579,1,1056.0189573459716,73,138,39,35.82259567312062,0.6162956621004566,41.90596846846847,8584.840348521335,117.60055271947034,0
2581,33.22844068394532,0,1,210,0.0,0.004739336492890996,0.995260663507109,211,6950,5100,1850,0.7338129496402878,88,51,37,235.79549504666286,0.43623617693522904,0.8139391211487372,0.14554273659776767,1107393.2382105934,3073.6673630387213,1110466.905573632,2580,2,1057.0189573459716,77,134,39,35.73931822884334,0.6152597402597403,41.82692307692307,8578.68877273011,111.41154250298842,0
2582,33.62289129748536,1,0,211,0.004739336492890996,0.0,1.0,211,5100,3600,1500,0.7058823529411765,66,36,30,236.18953803424426,0.4358741442864666,0.8157134582558399,0.14650723743009794,1122078.834682303,5704.6563203233545,1127783.4910026265,2581,0,1058.0,60,151,40,35.5476237689206,0.6265625,41.649590163934434,8686.487746578843,144.77479577631405,0
2583,33.373524042028194,0,0,211,0.0,0.0,1.0,211,5300,4200,1100,0.7924528301886793,64,42,22,231.29600964332062,0.4360640938839991,0.8103823812689388,0.14418782641972216,1115294.1263589272,4092.616201090874,1119386.742560018,2582,1,1059.0,63,148,41,35.49168975069252,0.6263227513227514,41.471354166666686,8628.011977271783,136.95257106780608,0
2584,33.29853976784282,0,0,211,0.0,0.0,1.0,211,5650,4500,1150,0.7964601769911505,68,45,23,227.15181183215964,0.43620514556533513,0.8062657502776023,0.13969723641276768,1108599.9887608367,2514.099208827364,1111114.087969664,2583,2,1060.0,74,137,36,36.096870122180974,0.6152871621621622,41.95833333333335,8592.410699260483,116.11365809811464,8
2585,32.878926007122814,0,1,210,0.0,0.004739336492890996,0.995260663507109,211,6950,5400,1550,0.7769784172661871,85,54,31,228.4363580229171,0.43617505453998345,0.808346507690237,0.14105270232057052,1095858.442016084,916.7822805645392,1096775.2242966485,2584,3,1061.0,77,134,39,35.915651562958004,0.6153950216450217,41.81356837606838,8488.892581406337,110.2453582000823,0
2586,32.47727312717607,1,0,211,0.004739336492890996,0.0,1.0,211,5650,4500,1150,0.7964601769911505,68,45,23,229.903746097814,0.43654743097871057,0.8087448402384949,0.14254032258064517,1083703.4540005666,1979.4967467742758,1085682.950747341,2585,0,1059.568720379147,80,131,42,35.727486559139805,0.615625,41.66666666666668,8389.962224520516,104.87452780650645,0
2587,31.978614548643296,1,1,211,0.0047169811320754715,0.0047169811320754715,0.9952830188679245,212,5950,3700,2250,0.6218487394957983,82,37,45,223.91421015089196,0.43683446227905454,0.8044709993011889,0.13948144320030637,1068456.6837859014,-501.47311392769916,1067955.2106719736,2586,0,1055.566037735849,67,145,40,35.70993827160498,0.6236007462686567,41.498161764705884,8266.530645042209,123.38105440361505,0
2588,31.532670453195067,0,1,210,0.0,0.004739336492890996,0.995260663507109,211,6450,5000,1450,0.7751937984496124,79,50,29,222.12352371723762,0.43673549988715865,0.8009847090732265,0.13911701322549722,1055132.2655236989,-1776.0606388245606,1053356.2048848744,2587,1,1061.218009478673,71,140,41,35.5587518408739,0.6233861502347418,41.30497685185187,8157.344912812266,114.8921818705953,0
2589,31.383429427211198,2,0,212,0.009433962264150943,0.0,1.0,212,5950,4000,1950,0.6722689075630253,79,40,39,218.77808735559702,0.4370803712480253,0.7995588894781651,0.1379024640718922,1051987.6688564958,-2319.6299771802696,1049668.0388793156,2588,0,1056.7830188679245,75,137,43,35.41264138125738,0.62375,41.077302631578966,8125.882199965056,108.34509599953408,0
2590,31.08022098516561,1,1,212,0.004694835680751174,0.004694835680751174,0.9953051643192489,213,5900,4300,1600,0.7288135593220338,75,43,32,218.2255671906006,0.437316377299436,0.7989164072630139,0.1380315355127679,1042811.310951779,-2986.382038954491,1039824.9289128245,2589,0,1052.8169014084508,78,135,40,35.30160931826667,0.6236645299145299,40.954641350211,8051.186992016993,103.2203460514999,0
2591,31.014293295565853,0,1,211,0.0,0.0047169811320754715,0.9952830188679245,212,4800,3400,1400,0.7083333333333334,62,34,28,218.48326378518325,0.4367655332498733,0.7990125428189172,0.132964288633786,1029512.7726322591,-2213.7378653543055,1027299.0347669048,2590,1,1058.7169811320755,75,137,40,36.70878991790341,0.6109722222222222,42.33826754385964,7991.196541438333,106.54928721917777,8
2592,31.382518329409876,0,0,211,0.0,0.0,1.0,211,6550,4900,1650,0.7480916030534351,82,49,33,218.22301724389334,0.43649383133980285,0.7988617344115698,0.13340764949051911,1043063.4504467834,-3225.909333335442,1039837.541113448,2591,2,1063.1895734597156,77,134,41,36.54779170551467,0.6117424242424243,42.17414529914529,8091.224610945316,105.08083910318592,0
2593,31.559965315454352,1,3,209,0.0047169811320754715,0.014150943396226415,0.9858490566037735,212,5800,4100,1700,0.7068965517241379,75,41,34,218.45496806877438,0.4369625398670601,0.7989679735208679,0.134060633478591,1050086.7563742106,-2320.6662333660424,1047766.0901408446,2592,0,1059.1698113207547,78,134,35,36.40051029101067,0.6127136752136753,42.035864978902936,8141.339153896967,104.37614299867907,0
2594,31.92614696007911,0,1,208,0.0,0.004784688995215311,0.9952153110047847,209,5900,4100,1800,0.6949152542372882,77,41,36,219.41477465445132,0.43582075818917926,0.797875564280601,0.13481251968303706,1062630.3752396258,-1068.6391351645434,1061561.7361044614,2593,4,1075.0813397129186,79,130,37,36.33111489612246,0.6127373417721519,41.99218749999999,8237.195338723519,104.26829542687999,0
2595,32.09230149076454,1,2,207,0.004784688995215311,0.009569377990430622,0.9904306220095693,209,6250,4400,1850,0.704,81,44,37,232.3454443726665,0.4356904060851429,0.8083333390761556,0.14390494382510421,1070549.294500975,1697.4503107345313,1072246.7448117095,2594,0,1075.8086124401914,83,126,40,35.702476115031935,0.6140813253012047,41.70386904761904,8289.31730842178,99.87129287255156,0
2596,31.62342812353895,0,0,207,0.0,0.0,1.0,207,6200,4600,1600,0.7419354838709677,78,46,32,234.36370611031214,0.43486273314259805,0.8095267630093657,0.14550042486009165,1055605.1019534257,1879.1047765520198,1057484.2067299776,2595,1,1087.1400966183576,64,143,39,35.56306725381964,0.6241861979166667,41.618589743589766,8170.90595570226,127.67040555784781,0
2597,31.367027627132927,1,0,208,0.004807692307692308,0.0,1.0,208,6800,5200,1600,0.7647058823529411,84,52,32,237.41332816913223,0.43540437647095254,0.8126571438982617,0.148717963135027,1049637.93915181,1439.6073013244231,1051077.5464531344,2596,0,1082.9086538461538,67,141,38,35.15711353229119,0.6256218905472637,41.299019607843164,8114.680799127211,121.11463879294344,0
2598,31.00465797911039,1,0,209,0.004784688995215311,0.0,1.0,209,6250,4400,1850,0.704,81,44,37,218.70013759243724,0.43566836124401914,0.799908328053331,0.13094118035822092,1024428.430579427,-3241.4722557351733,1021186.9583236919,2597,0,1078.7224880382776,77,132,36,37.31335610507904,0.6040313852813852,42.93536324786323,7970.201141024208,103.50910572758711,8
2599,30.847358973659734,1,0,210,0.004761904761904762,0.0,1.0,210,4400,3100,1300,0.7045454545454546,57,31,26,221.00580993916103,0.4361196551986026,0.8042922278400408,0.1331999156908739,1021157.4536206917,-1263.6539774296707,1019893.7996432619,2598,0,1074.5809523809523,65,145,37,37.005906377149415,0.6126602564102563,42.6925505050505,7937.255261167518,122.1116194025772,0
2600,30.93065936422344,0,0,210,0.0,0.0,1.0,210,6150,4800,1350,0.7804878048780488,75,48,27,220.12386565455753,0.43586997797524113,0.8035988933561113,0.13311946557736115,1024903.2435032914,-3028.8672236324696,1021874.3762796589,2599,1,1075.5809523809523,66,144,38,36.901724242058215,0.6133207070707071,42.56840796019899,7962.528882972787,120.64437701473919,0
2601,30.973533798435483,1,0,211,0.004739336492890996,0.0,1.0,211,6400,5200,1200,0.8125,76,52,24,219.99176222491278,0.436270969683292,0.8032648336632802,0.1336706702658987,1027700.406269376,-3382.8753171083417,1024317.5309522677,2600,0,1071.478672985782,69,142,40,36.72875387518534,0.6133756038647342,42.39583333333332,7978.91136286778,115.63639656330115,0
2602,30.857505425401673,4,5,210,0.018604651162790697,0.023255813953488372,0.9767441860465116,215,5400,4100,1300,0.7592592592592593,67,41,26,210.32451033134384,0.4383014562051728,0.797059405157412,0.12882376257794775,1026161.6416397395,-5234.611040262918,1020927.0305994765,2601,0,1052.5255813953488,75,140,35,36.681104733560076,0.6133333333333333,42.105263157894726,7957.988241287776,106.106509883837,0
2603,30.42838430194811,2,1,211,0.009433962264150943,0.0047169811320754715,0.9952830188679245,212,5700,4400,1300,0.7719298245614035,70,44,26,194.85496489973437,0.4370701250409848,0.7800604357208127,0.11318171365452707,996590.5020878471,-9261.87853925263,987328.6235485944,2602,0,1068.2924528301887,79,133,34,39.075430742097424,0.5917721518987342,44.062500000000014,7787.76460727988,98.57929882632759,8
2604,30.771310335789384,3,0,214,0.014018691588785047,0.0,1.0,214,6400,4500,1900,0.703125,83,45,38,179.18197565100013,0.43779251312652656,0.757246308126859,0.10642977589872682,1014395.6442333015,-12847.716874901475,1001547.9273584001,2603,0,1059.214953271028,83,131,44,38.62829614604462,0.598644578313253,43.22916666666667,7901.174997679266,95.19487949011165,8
2605,31.179522132048305,1,0,215,0.004651162790697674,0.0,1.0,215,5850,4100,1750,0.7008547008547008,76,41,35,179.94681636590323,0.4379799681228718,0.7601857658455728,0.10734060373322658,1029113.6233886917,-11812.85595848519,1017300.7674302065,2604,0,1055.2837209302324,85,130,41,38.448362562071786,0.5995098039215686,43.07170542635659,8010.901447008333,94.24589937656863,0
2606,30.96725512254931,1,0,216,0.004629629629629629,0.0,1.0,216,6650,5100,1550,0.7669172932330827,82,51,31,179.92670449256835,0.4386448463967844,0.7597845619935537,0.10798967182542211,1023906.5271218424,-13004.374573307367,1010902.152548535,2605,0,1051.3935185185185,90,126,44,38.21880332368869,0.6001157407407407,42.84569597069597,7963.36293873707,88.4818104304119,0
2607,30.77152906573166,0,0,216,0.0,0.0,1.0,216,6500,4200,2300,0.6461538461538462,88,42,46,181.93344749396644,0.43883550459374104,0.7611299504480475,0.10977026534079029,1018962.1481761221,-12623.340703292452,1006338.8074728297,2606,1,1052.3935185185185,74,142,45,37.97077104358934,0.6082488738738738,42.65277777777774,7918.967528596338,107.01307471076132,0
2608,30.625761813363667,1,1,216,0.004608294930875576,0.004608294930875576,0.9953917050691244,217,6500,4400,2100,0.676923076923077,86,44,42,181.29515189125843,0.43958013312852023,0.7603389326594336,0.10989119542011926,1015464.4940483982,-13080.242062263547,1002384.2519861347,2607,0,1048.5391705069123,78,139,45,37.815540194572456,0.6081730769230769,42.48417721518984,7886.618251779879,101.11049040743434,0
2609,30.684697454271753,1,0,217,0.004608294930875576,0.0,1.0,217,6100,4700,1400,0.7704918032786885,75,47,28,183.1521813593857,0.4400557191215793,0.7621799274620675,0.11166878206946788,1019103.0987729393,-12169.808885925779,1006933.2898870135,2608,0,1049.5115207373271,80,137,44,37.550729338190024,0.6095052083333333,42.271090534979386,7908.333612153461,98.85417015191827,0
2610,30.74707975991227,3,4,216,0.013636363636363636,0.01818181818181818,0.9818181818181818,220,6150,4400,1750,0.7154471544715447,79,44,35,175.2117540289966,0.4414807319773073,0.7535164702274793,0.1074914663525592,1022954.9247889586,-14303.254667025649,1008651.670121933,2609,0,1036.1863636363637,84,136,40,37.526921310592705,0.6102430555555556,42.04656862745094,7931.314728754716,94.42041343755615,0
2611,31.148159319284446,0,0,216,0.0,0.0,1.0,216,6600,4700,1900,0.7121212121212122,85,47,38,179.19643610964275,0.44000457579672697,0.756410632972685,0.11011107648249246,1036760.7372200268,-12643.234158353298,1024117.5030616735,2610,2,1052.0092592592594,83,133,41,37.36562369829217,0.6111947791164658,41.989087301587276,8036.565014844079,96.82608451619372,0
2612,30.724934999925246,0,0,216,0.0,0.0,1.0,216,5950,4200,1750,0.7058823529411765,77,42,35,182.22303054710503,0.44009205426356585,0.7602621863462884,0.11221989407218752,1023309.4500951237,-11855.890163235304,1011453.5599318885,2611,3,1053.0092592592594,85,131,41,37.20590075714911,0.6112745098039216,41.90891472868215,7929.831819021344,93.29213904730993,0
2613,30.538863813686792,0,1,215,0.0,0.004629629629629629,0.9953703703703703,216,6000,4500,1500,0.75,75,45,30,184.80203454886419,0.43998393985070344,0.76242847324937,0.11424544729342428,1018200.8776803707,-11566.881245045875,1006633.9964353248,2612,4,1054.0092592592594,89,127,44,36.998705795347576,0.6113061797752809,41.770833333333314,7886.025353555109,88.60702644443943,0
2614,30.630742375608573,0,1,214,0.0,0.004651162790697674,0.9953488372093023,215,7250,5400,1850,0.7448275862068966,91,54,37,188.47435523120302,0.4393646308773455,0.7683792040737549,0.1169864059330768,1022409.4806408026,-11710.40647079075,1010699.0741700119,2613,5,1059.8883720930232,76,139,43,36.756396495453544,0.6177357456140351,41.62608225108228,7914.184911143844,104.1340119887348,0
2615,30.73816679771267,1,0,215,0.004651162790697674,0.0,1.0,215,5700,3800,1900,0.6666666666666666,76,38,38,186.71734041060253,0.43918079403028326,0.7669982826183883,0.1164489061950103,1027348.7931440584,-10335.233134019387,1017013.560010039,2614,0,1060.7023255813954,78,137,42,36.6282257241942,0.6185897435897436,41.455696202531676,7947.177934725153,101.88689659904043,0
2616,30.601999349998714,0,1,214,0.0,0.004651162790697674,0.9953488372093023,215,6850,5100,1750,0.7445255474452555,86,51,35,182.8828069334861,0.4394144388900964,0.7613591840417988,0.1143171957739905,1023440.3132848998,-12416.072555513936,1011024.2407293859,2615,1,1061.7023255813954,81,134,43,36.64467598277588,0.6181841563786008,41.37449186991873,7914.457631689899,97.70935347765308,0
2617,30.769766082683788,1,0,215,0.004651162790697674,0.0,1.0,215,6750,4600,2150,0.6814814814814815,89,46,43,183.64024086729057,0.4398826342099544,0.7628338557441505,0.1155505751516175,1030920.271788332,-11886.310594763341,1019033.9611935687,2616,0,1060.8232558139534,84,131,45,36.38598920607869,0.6194196428571428,41.139705882352956,7965.070698094768,94.82227021541391,0
2618,30.81346801220708,1,2,214,0.004629629629629629,0.009259259259259259,0.9907407407407407,216,5300,4000,1300,0.7547169811320755,66,40,26,183.49122132505562,0.4401871590582831,0.7638277965239286,0.11587596305596015,1033409.4551543818,-10575.68738897222,1022833.7677654095,2617,0,1056.9074074074074,88,128,37,36.25901949264883,0.6193181818181819,41.01123595505619,7980.341996419955,90.68570450477222,0
2619,30.640379023768617,0,1,213,0.0,0.004672897196261682,0.9953271028037384,214,5700,3700,2000,0.6491228070175439,77,37,40,181.41725206679916,0.4396353458236439,0.7642058477284202,0.11707251336095621,1033645.640863625,-10995.769644739417,1022649.8712188855,2618,2,1065.247663551402,77,137,45,35.538774635818335,0.6312229437229437,40.25106837606835,7958.805715976168,103.36111319449569,8
2620,30.399854986446602,0,0,213,0.0,0.0,1.0,213,5150,3100,2050,0.6019417475728155,72,31,41,182.30250794665827,0.43901234978002185,0.7627176568741878,0.1179689275561179,1026290.5101180717,-10330.933224724125,1015959.5768933475,2619,3,1071.18779342723,81,132,44,35.41793978652329,0.6305298353909465,40.15497967479674,7899.250936836431,97.52161650415347,0
2621,30.171326343300834,2,2,213,0.009302325581395349,0.009302325581395349,0.9906976744186047,215,6450,4500,1950,0.6976744186046512,84,45,39,179.7631344596518,0.4398183365934942,0.7602027392779924,0.1170413754904067,1020244.8476409677,-12769.517654349744,1007475.3299866179,2620,0,1062.213953488372,89,126,38,35.267247837761694,0.6297986891385767,39.94212962962965,7846.290875088311,88.16057163020574,0
2622,30.57129212839338,0,1,212,0.0,0.004694835680751174,0.9953051643192489,213,6750,5000,1750,0.7407407407407407,85,50,35,186.22498319920047,0.4386940089172351,0.7670351996519535,0.12168669537090585,1034761.4611494526,-10810.31285645269,1023951.148293,2621,5,1073.18779342723,88,125,39,34.97216599190285,0.6313920454545454,39.817415730337075,7954.11779042818,90.38770216395659,0
2623,30.522063816577845,0,1,211,0.0,0.0047169811320754715,0.9952830188679245,212,5200,3500,1700,0.6730769230769231,69,35,34,187.4174292828768,0.43796666815702406,0.7675537529817162,0.12273438830473554,1033695.4016872449,-8853.493030848982,1024841.9086563959,2622,8,1079.2264150943397,91,121,40,34.86415644305233,0.6311813186813187,39.74184782608697,7943.61592943683,87.29248274106406,0
2624,31.04837046184671,1,0,212,0.0047169811320754715,0.0,1.0,212,5200,3600,1600,0.6923076923076923,68,36,32,190.52767558061387,0.4376853632000954,0.7723575832226588,0.12526634921077948,1052621.9976711099,-7489.275503740277,1045132.7221673696,2623,0,1080.0990566037735,93,119,43,34.64426050444008,0.6319444444444444,39.605496453900706,8084.825012327939,86.9336022830961,0
2625,31.247052987043535,0,0,212,0.0,0.0,1.0,212,6400,4600,1800,0.71875,82,46,36,189.84562384071614,0.4372461735074071,0.7709797804876579,0.1255068215116112,1060894.8436706525,-8518.751314789046,1052376.0923558634,2624,1,1081.0990566037735,74,138,44,34.469606118750704,0.6410472972972974,39.41666666666668,8142.46122420712,110.0332597865827,0
2626,31.404112078744646,0,0,212,0.0,0.0,1.0,212,5500,4000,1500,0.7272727272727273,70,40,30,189.08270508453919,0.43677950535038307,0.7707113040574376,0.12559994938014032,1067561.3904824324,-7528.520888753756,1060032.8695936787,2625,2,1082.0990566037735,78,134,44,34.32343025705854,0.640892094017094,39.25369198312237,8188.506281080929,104.9808497574478,0
2627,31.61990920105445,1,1,212,0.004694835680751174,0.004694835680751174,0.9953051643192489,213,5600,4200,1400,0.75,70,42,28,187.0807769686592,0.43708477278766944,0.7688195873219581,0.12485735867281345,1076221.4116939432,-7931.932421998072,1068289.479271945,2626,0,1078.0140845070423,84,129,46,34.2120713950211,0.6401289682539683,39.093137254901954,8249.851309931964,98.21251559442814,0
2628,31.72057776436042,0,0,212,0.0,0.0,1.0,212,6300,4600,1700,0.7301587301587301,80,46,34,185.31063665406677,0.43633658976422546,0.7648202842523761,0.12394034817884884,1080248.247563979,-8663.701899895961,1071584.545664083,2627,1,1083.8396226415093,86,126,48,34.18436787937175,0.640140503875969,39.02059386973179,8278.417547051751,96.26066915176455,0
2629,32.06087379815788,0,0,212,0.0,0.0,1.0,212,5100,3500,1600,0.6862745098039216,67,35,32,185.23585075342336,0.4362471683209634,0.7646365585284698,0.12405795626134598,1092220.9499794706,-7036.304623968379,1085184.6453555021,2628,2,1084.8396226415093,88,124,46,34.13959510357816,0.6399147727272727,38.974719101123576,8368.698589027528,95.09884760258555,0
2630,32.332899424005,0,0,212,0.0,0.0,1.0,212,5600,4100,1500,0.7321428571428571,71,41,30,184.9240993369791,0.4360664624877046,0.7641957663455785,0.12419195232414135,1102278.4500109954,-7232.430082631377,1095046.019928364,2629,3,1085.8396226415093,88,124,38,34.05236814582398,0.6408617424242424,38.881086142322076,8442.73157946566,95.94013158483705,0
2631,31.961466986221946,0,1,211,0.0,0.0047169811320754715,0.9952830188679245,212,7300,5600,1700,0.7671232876712328,90,56,34,187.73543445627732,0.4358797020775582,0.768489653114548,0.12656123927811955,1090690.4851645653,-8747.749582060693,1081942.7355825047,2630,4,1086.8396226415093,88,124,38,33.847796544360286,0.6421638257575757,38.752340823970016,8349.858433982388,94.88475493161805,0
2632,32.446006541115175,0,0,211,0.0,0.0,1.0,211,5800,3700,2100,0.6379310344827587,79,37,42,186.83484528779283,0.4352422327540811,0.7663968247561865,0.12621071127825248,1107807.2834212403,-6604.599518660802,1101202.6839025796,2631,8,1092.9715639810427,87,124,38,33.80141329951075,0.6431992337164751,38.6837121212121,8478.669985815037,97.4559768484487,0
2633,32.81936320103954,0,0,211,0.0,0.0,1.0,211,6350,4500,1850,0.7086614173228346,82,45,37,184.28278916207688,0.43499210110584513,0.7642604935707413,0.1250134596748144,1121773.3838046298,-7205.29440494033,1114568.0893996893,2632,9,1093.9715639810427,79,132,40,33.72343957503322,0.6476793248945147,38.54166666666667,8580.896003605138,108.61893675449541,0
2634,32.745461985271504,1,0,212,0.0047169811320754715,0.0,1.0,212,6450,4500,1950,0.6976744186046512,84,45,39,177.92628895324367,0.4351261401234016,0.7554163146531492,0.12164348326395245,1121478.1101370547,-8941.912344203374,1112536.1977928514,2633,0,1089.8066037735848,83,129,45,33.624585406301854,0.6487198795180723,38.28125000000001,8570.101378957792,103.25423348141918,0
2635,33.01421035144429,0,1,211,0.0,0.0047169811320754715,0.9952830188679245,212,5350,3700,1650,0.6915887850467289,70,37,33,179.59155392409042,0.4348415750096873,0.7584759546340483,0.1231476608638955,1131539.6475522628,-7107.007273874067,1124432.6402783887,2634,1,1090.8066037735848,83,129,43,33.48001428819527,0.6497238955823292,38.182043650793666,8643.713084698004,104.14112150238559,0
2636,32.97357692498897,0,0,211,0.0,0.0,1.0,211,5400,3800,1600,0.7037037037037037,70,38,32,179.2043784128334,0.43449183780937334,0.7570385911063691,0.12313818542386705,1130745.3031898458,-7073.098159726373,1123672.2050301193,2635,2,1096.345971563981,84,127,42,33.419610825144275,0.6500496031746033,38.11274509803923,8635.359545184036,102.801899347429,0
2637,32.448550852355396,0,0,211,0.0,0.0,1.0,211,5700,3800,1900,0.6666666666666666,76,38,38,180.6595293570927,0.43411193861430825,0.7580958882362965,0.12459415319638405,1113776.5242756184,-7657.131463077556,1106119.3928125408,2636,3,1097.345971563981,86,125,49,33.257456320736054,0.6505571705426356,37.99090038314177,8501.815592697496,98.85832084531972,0
2638,32.84772708772529,0,0,211,0.0,0.0,1.0,211,6100,4600,1500,0.7540983606557377,76,46,30,208.8228431380953,0.4338119687053336,0.7792647491668325,0.13775335265039504,1114604.210030688,-1749.0359775404522,1112855.1740531474,2637,4,1098.345971563981,78,133,40,34.05101145585531,0.6384882478632479,39.491033755274245,8557.12742711215,109.7067618860532,8
2639,32.63693081905147,0,0,211,0.0,0.0,1.0,211,6650,4400,2250,0.6616541353383458,89,44,45,205.73820943843057,0.4337132325283984,0.7760144487837135,0.1366194177282157,1109376.4976284779,-3201.773156968253,1106174.7244715097,2638,5,1099.345971563981,84,127,38,33.900384627436225,0.6383928571428572,39.26470588235293,8509.59975620265,101.3047590024125,0
2640,32.384403452411085,0,2,209,0.0,0.009478672985781991,0.990521327014218,211,5950,4100,1850,0.6890756302521008,78,41,37,205.21396286335178,0.43362107876325884,0.7773816518414447,0.13681145090736505,1101931.2728770638,-2923.663337968179,1099007.6095390955,2639,6,1100.345971563981,84,127,40,33.77648329966648,0.6397569444444444,39.12990196078431,8448.122503571984,100.57288694728553,0
2641,32.191114057115925,0,2,207,0.0,0.009569377990430622,0.9904306220095693,209,6050,4300,1750,0.7107438016528925,78,43,35,201.0017554125116,0.4329156315176052,0.7704834851952649,0.13446087624568112,1096327.3938385292,-3777.2538663263913,1092550.139972203,2640,17,1111.5550239234449,85,124,41,33.76818698658742,0.6405637254901961,39.014050387596896,8401.428471277577,98.84033495620679,0
2642,32.60731217475472,0,0,207,0.0,0.0,1.0,207,5400,4000,1400,0.7407407407407407,68,40,28,203.40809264918792,0.43231927051576696,0.7710260134016158,0.13642920517427093,1111261.3670068232,-1592.088980482521,1109669.2780263408,2641,18,1119.6280193236714,86,121,35,33.61432775357338,0.641109496124031,38.92480842911878,8512.960272635622,98.98791014692584,0
2643,32.87022492283991,0,0,207,0.0,0.0,1.0,207,5600,3800,1800,0.6785714285714286,74,38,36,198.84786716714447,0.432328064662383,0.7659557327855318,0.13394916766314274,1121478.1599189288,-2399.2919651172724,1119078.8679538115,2642,19,1120.6280193236714,87,120,38,33.584073469881,0.6422413793103448,38.7784090909091,8586.412447883915,98.69439595268868,0
2644,33.16215817437633,0,1,206,0.0,0.004830917874396135,0.9951690821256038,207,5250,3700,1550,0.7047619047619048,68,37,31,197.27492336667893,0.43203883495145634,0.765108681587422,0.13322322864744332,1132171.327847024,-1980.197612205402,1130191.1302348187,2643,20,1121.6280193236714,88,119,39,33.53890456567827,0.6427556818181819,38.693820224719104,8665.47686564989,98.47132801874876,0
2645,33.00867070116477,0,0,206,0.0,0.0,1.0,206,6050,4400,1650,0.7272727272727273,77,44,33,200.4907987450525,0.43164170415976005,0.7663266818791818,0.1357247956463552,1127637.972241688,-2033.792450002592,1125604.1797916854,2644,21,1127.878640776699,88,118,41,33.37130031791519,0.6435842803030303,38.61189138576779,8628.074002447484,98.04629548235776,0
2646,33.223082504036455,0,1,205,0.0,0.0048543689320388345,0.9951456310679612,206,6050,4300,1750,0.7107438016528925,78,43,35,199.1730116125477,0.43140342568474227,0.766709082345,0.13549651676696073,1136395.3320757495,-1982.1438656060118,1134413.1882101435,2645,22,1128.878640776699,76,130,44,33.237539222785436,0.6499451754385965,38.446969696969724,8689.59790493839,114.33681453866302,0
2647,33.31796632129895,0,0,205,0.0,0.0,1.0,205,5700,4100,1600,0.7192982456140351,73,41,32,196.93045461746016,0.43068607524310537,0.7633425649898242,0.13450164720213117,1140794.3283987665,-1768.5708566819285,1139025.7575420844,2646,23,1129.8048780487804,77,128,42,33.16125499702305,0.6508387445887446,38.314636752136764,8718.824119469216,113.23148207102878,0
2648,33.6197553371745,0,1,204,0.0,0.004878048780487805,0.9951219512195122,205,5950,4100,1850,0.6890756302521008,78,41,37,192.40432968302653,0.4303104575163399,0.7570778662309752,0.13208823199614952,1152637.9524455566,-2595.49347849914,1150042.4589670575,2647,24,1130.8048780487804,80,125,45,33.10476213862424,0.6513020833333334,38.14300411522635,8803.568134973626,110.04460168717033,0
2649,33.68372845021721,0,0,204,0.0,0.0,1.0,204,5850,3900,1950,0.6666666666666666,78,39,39,194.93027368192728,0.42933056843427025,0.7591901492119559,0.1344419994601129,1156185.9658214126,-1574.870651045565,1154611.095170367,2648,34,1137.2303921568628,82,122,44,32.882079162076266,0.6520579268292683,37.98945783132532,8825.491953503872,107.62795065248623,0
2650,33.83105302345609,0,0,204,0.0,0.0,1.0,204,5500,3900,1600,0.7090909090909091,71,39,32,195.95439556567058,0.42900356981873206,0.7608195105422841,0.13571331146329088,1162468.170929805,-741.8504402235485,1161726.3204895814,2649,35,1138.2303921568628,85,119,46,32.71433989434618,0.652328431372549,37.85125968992251,8868.767933462525,104.3384462760297,0
2651,33.399126633387475,0,0,204,0.0,0.0,1.0,204,5550,3900,1650,0.7027027027027027,72,39,33,194.5361926427381,0.42884862278244634,0.7590421089437325,0.13487925771764106,1147944.9303395438,-1686.632777641852,1146258.297561902,2650,36,1139.2303921568628,85,119,41,32.71447380578398,0.6526960784313726,37.81492248062019,8756.75260545438,103.02061888769859,0
2652,32.896578518380934,0,0,204,0.0,0.0,1.0,204,6150,4500,1650,0.7317073170731707,78,45,33,196.21667678380408,0.42856991934704913,0.7603145471453734,0.136504247008664,1131632.9386331867,-2540.949088460762,1129091.989544726,2651,37,1140.2303921568628,86,118,42,32.556850169656606,0.6534641472868217,37.70354406130271,8628.655957880474,100.33320881256364,0
2653,32.42652749433826,0,1,203,0.0,0.004901960784313725,0.9950980392156863,204,4600,3200,1400,0.6956521739130435,60,32,28,194.57684451964167,0.4284290584049712,0.7583881786119147,0.13562296476219915,1116000.0244149726,-1970.4473530978994,1114029.5770618748,2652,38,1141.2303921568628,88,116,43,32.535540090411665,0.6534090909090908,37.640449438202275,8507.40917969444,96.67510431470954,0
2654,32.859415904215886,0,0,203,0.0,0.0,1.0,203,5750,4300,1450,0.7478260869565218,72,43,29,198.48000562590258,0.4281284039734023,0.7620448270864899,0.13859369164016408,1131410.8383556223,-1437.5140875933685,1129973.3242680288,2653,39,1147.2610837438424,89,114,43,32.3725264264397,0.6536750936329587,37.58101851851855,8622.93445366081,96.88690397371697,0
2655,32.8287703648147,0,0,203,0.0,0.0,1.0,203,6450,5000,1450,0.7751937984496124,79,50,29,196.34317712547616,0.4278195060885399,0.7603852120576908,0.13772780095908876,1131644.3729657955,-2611.869687146109,1129032.5032786494,2654,40,1148.2610837438424,75,128,44,32.276115345130556,0.6606944444444445,37.43146929824558,8619.801999434612,114.93069332579483,0
2656,32.85033194929373,0,0,203,0.0,0.0,1.0,203,5700,4500,1200,0.7894736842105263,69,45,24,193.5593221819805,0.42755633321952885,0.756497872298862,0.13621174626108584,1133294.173448837,-2428.0695908914186,1130866.1038579454,2655,41,1149.2610837438424,77,126,43,32.242096276712914,0.6608495670995671,37.326388888888864,8628.915319319629,112.06383531583934,0
2657,32.37544474982017,0,0,203,0.0,0.0,1.0,203,5550,3800,1750,0.6846846846846847,73,38,35,196.9576840243082,0.4273084020224682,0.761004888057331,0.13911461974983141,1117933.546520204,-2112.8795568602745,1115820.6669633437,2656,42,1150.2610837438424,77,126,46,32.030270691465944,0.6620670995670996,37.20619658119655,8508.066263180492,110.4943670542921,0
2658,32.22107901875888,0,2,201,0.0,0.009852216748768473,0.9901477832512315,203,5500,3900,1600,0.7090909090909091,71,39,32,192.44702237335696,0.4267373473800582,0.7552874403986576,0.1367205990793829,1114203.5092423093,-3214.9704656747335,1110988.5387766345,2657,43,1151.2610837438424,81,122,42,31.956252213956795,0.6622942386831276,37.01727642276421,8473.587116950495,104.61218662901847,0
2659,32.404970043758254,0,0,201,0.0,0.0,1.0,201,6150,4000,2150,0.6504065040650406,83,40,43,191.81127943823498,0.42574212271973466,0.7522286100934554,0.13681688270893325,1121670.7633365013,-3320.1791551929555,1118350.5841813083,2658,44,1163.1243781094527,84,117,44,31.840455674584696,0.6624503968253967,36.88725490196077,8526.16062303293,101.50191217896347,0
2660,32.77429978232246,0,0,201,0.0,0.0,1.0,201,5550,3600,1950,0.6486486486486487,75,36,39,189.90584496860833,0.4253306384742952,0.7500218128710696,0.1359667154028302,1135499.8144145499,-2622.3896563814924,1132877.4247581684,2659,45,1164.1243781094527,87,114,37,31.76713283568665,0.662595785440613,36.76609848484848,8627.306801127905,99.16444598997592,0
2661,32.944828653775126,0,0,201,0.0,0.0,1.0,201,5900,3800,2100,0.6440677966101694,80,38,42,189.02994950980016,0.42512126865671646,0.7498683133359787,0.13569865360789632,1142148.5768956072,-2919.9424353467966,1139228.6344602604,2660,46,1165.1243781094527,88,113,39,31.703188431564275,0.6631155303030303,36.68071161048688,8675.00883722648,98.57964587757364,0
2662,32.634949638223965,0,0,201,0.0,0.0,1.0,201,5450,3900,1550,0.7155963302752294,70,39,31,194.75012573164736,0.42459680762852403,0.7547336969175762,0.1402749497171327,1132333.0288830118,-1545.6000509874157,1130787.4288320243,2661,47,1166.1243781094527,90,111,39,31.442554208490833,0.6635416666666667,36.57280219780219,8596.933333613166,95.52148148459074,0
2663,32.84106197405908,0,0,201,0.0,0.0,1.0,201,5600,3700,1900,0.6607142857142857,75,37,38,194.77126008424693,0.4244672470978441,0.7549048346304061,0.14044414164550165,1139789.1412412324,-1400.3665460207303,1138388.7746952116,2662,48,1167.1243781094527,91,110,40,31.406100032947982,0.6635760073260073,36.53759057971014,8652.385315606656,95.08115731435886,0
2664,32.428421770934705,0,0,201,0.0,0.0,1.0,201,5350,3600,1750,0.6728971962616822,71,36,35,231.3643241632122,0.42414386401326704,0.8014442611739141,0.15762901617864292,1109634.1397882998,5795.950564109589,1115430.0903524093,2663,49,1168.1243781094527,64,137,40,32.34488585314056,0.6569010416666667,38.397435897435905,8483.35828507595,132.55247320431172,8
2665,32.44223522013784,0,0,201,0.0,0.0,1.0,201,5250,3600,1650,0.6857142857142857,69,36,33,231.85384150773695,0.42385053897180763,0.8014617660908212,0.15830961486477627,1110730.1013546574,6055.4081754713125,1116785.5095301287,2664,50,1169.1243781094527,66,135,39,32.25694650743669,0.6564078282828283,38.324004975124396,8489.354182060672,128.6265785160708,0
2666,32.44268608412669,0,0,201,0.0,0.0,1.0,201,6050,4700,1350,0.7768595041322314,74,47,27,227.46941159087754,0.423707504145937,0.7976034944640182,0.15591994212683885,1111845.7104675143,4332.177907977702,1116177.888375492,2665,51,1170.1243781094527,68,133,39,32.239168877099914,0.6565563725490196,38.19444444444447,8493.675453969341,124.90699197013737,0
2667,32.60525917759104,0,1,200,0.0,0.004975124378109453,0.9950248756218906,201,5350,3800,1550,0.7102803738317757,69,38,31,225.5112079673558,0.4235955638474295,0.7965660024404981,0.15510835370978684,1118391.3536107296,4891.957026600582,1123283.3106373302,2666,52,1171.1243781094527,69,132,39,32.173775637747866,0.6571557971014492,38.08035714285716,8539.957839059261,123.76750491390234,0
2668,32.63921343254619,0,0,200,0.0,0.0,1.0,200,5500,3700,1800,0.6727272727272727,73,37,36,223.41886598386066,0.42332129396984924,0.793787779774547,0.15417664923192978,1120492.0271520582,4567.8116100541765,1125059.8387621124,2667,53,1175.02,72,128,42,32.11666575904448,0.6566840277777778,37.97089041095892,8552.424033416788,118.78366713078873,0
2669,32.23880938788396,0,1,199,0.0,0.005,0.995,200,5600,4000,1600,0.7142857142857143,72,40,32,221.94849231843838,0.4234380234505863,0.7928033273285997,0.15367042714667026,1107673.861208993,3569.3086951760897,1111243.1699041692,2668,54,1176.02,74,126,35,32.042977994419154,0.6568130630630631,37.861111111111136,8451.045672040638,114.20331989244106,0
2670,31.884991683477,0,0,199,0.0,0.0,1.0,199,5900,4200,1700,0.711864406779661,76,42,34,222.63379103452544,0.42333405241696703,0.7921488585669081,0.15464661317810377,1096414.880583855,3119.800282210318,1099534.6808660654,2669,55,1174.6934673366834,77,122,36,31.91525139617391,0.6565205627705628,37.75373931623933,8361.71984092469,108.59376416785312,0
2671,31.508174748011072,1,0,200,0.005,0.0,1.0,200,5100,3500,1600,0.6862745098039216,67,35,32,218.3321799307951,0.4234045226130653,0.7888014705882354,0.1521166827386694,1084279.085478495,2246.6032771779765,1086525.6887556731,2670,0,1169.815,80,120,38,31.926470588235333,0.65625,37.65432098765434,8266.033498706645,103.32541873383306,0
2672,31.60225730826375,0,1,199,0.0,0.005,0.995,200,6000,4700,1300,0.7833333333333333,73,47,26,216.98157505423617,0.4229810510887772,0.788391706360323,0.15154740535588554,1088186.6367138035,1223.2900774270252,1089409.9267912304,2671,1,1170.815,84,116,39,31.87935851934874,0.6555059523809523,37.57352941176473,8293.268848028989,98.72939104796416,0
2673,31.335134718102942,0,0,199,0.0,0.0,1.0,199,5450,4100,1350,0.7522935779816514,68,41,27,216.0803281407628,0.4226361183019474,0.7872942782477745,0.15161531624301317,1080232.8259903025,1433.41270168136,1081666.2386919837,2672,2,1172.5427135678392,66,133,38,31.748475338978043,0.6655618686868687,37.42226368159202,8227.908741511783,124.66528396229974,0
2674,31.202606992027526,1,0,200,0.005,0.0,1.0,200,5750,4300,1450,0.7478260869565218,72,43,29,211.50740872322254,0.42255757956448914,0.7844167610419044,0.14940883352208364,1077466.404611626,-171.5745548537766,1077294.830056772,2673,0,1167.675,69,131,41,31.644016610041522,0.6660628019323671,37.202380952380935,8199.970825583383,118.8401568925128,0
2675,31.670506195104036,0,0,200,0.0,0.0,1.0,200,5150,3600,1550,0.6990291262135923,67,36,31,212.08773792747127,0.4219927763819096,0.7845936819780097,0.15013733703858162,1094199.3010633024,1263.250920867164,1095462.5519841695,2674,1,1168.675,70,130,43,31.55813380216179,0.6662202380952381,37.13321596244131,8325.124112348574,118.93034446212249,0
2676,31.756350774524623,0,0,200,0.0,0.0,1.0,200,5450,4300,1150,0.7889908256880734,66,43,23,215.19824477256208,0.4215839614740369,0.7872730773462435,0.15292704040170557,1098209.848383215,1816.5663528018772,1100026.414736017,2675,2,1169.675,71,129,43,31.34856236476327,0.6669600938967136,37.00810185185185,8351.662968450635,117.62905589367092,0
2677,32.2382707666127,0,1,199,0.0,0.005,0.995,200,5150,3700,1450,0.7184466019417476,66,37,29,215.25721630609766,0.4210254396984925,0.7871643308013265,0.15370582129970173,1116195.6202066045,2903.8324117463635,1119099.4526183507,2676,3,1170.675,73,127,37,31.188037159873044,0.6675228310502284,36.85247747747748,8483.421082644398,116.2112477074575,0
2678,32.72350972695642,0,0,199,0.0,0.0,1.0,199,5850,4300,1550,0.7350427350427351,74,43,31,215.214701341511,0.42038052213931615,0.7851465104384372,0.15439453491374253,1134293.7275504651,3173.337161664531,1137467.0647121298,2677,4,1174.532663316583,76,123,39,31.0352763362962,0.6676260964912281,36.70183982683983,8616.039905516147,113.36894612521246,0
2679,32.42124834986927,0,1,198,0.0,0.005025125628140704,0.9949748743718593,199,5550,3800,1750,0.6846846846846847,73,38,35,213.9886431820848,0.4199903135204643,0.7840275042116986,0.15370859513588472,1124162.9270925024,2761.6198968252793,1126924.5469893275,2678,5,1175.532663316583,76,123,39,31.026105346073507,0.6680372807017544,36.661255411255425,8537.770838454513,112.33908997966465,0
2680,32.17773350407673,0,0,198,0.0,0.0,1.0,198,5800,4100,1700,0.7068965517241379,75,41,34,211.1746254173336,0.4198050727238545,0.780331005137018,0.15252658616237505,1117221.430359813,1785.7634128901414,1119007.1937727032,2679,6,1182.0151515151515,80,118,41,30.91926536853578,0.6680989583333333,36.484053497942384,8479.34590061774,105.99182375772175,0
2681,32.191009549340556,0,0,198,0.0,0.0,1.0,198,6200,4300,1900,0.6935483870967742,81,43,38,208.75819924057504,0.4197244227383821,0.7785752259436456,0.15166612260105525,1119270.1262592315,931.3632043298217,1120201.4894635612,2680,7,1183.0151515151515,70,128,42,30.791930937279755,0.6747023809523809,36.29694835680752,8488.867453636278,121.26953505194683,0
2682,31.984413375609968,0,2,196,0.0,0.010101010101010102,0.98989898989899,198,6750,5100,1650,0.7555555555555555,84,51,33,208.68557178952074,0.4194007545847647,0.7791272565503777,0.15224310902600266,1113200.8240121177,111.7900951070751,1113312.6141072249,2681,8,1184.0151515151515,70,128,41,30.659048360488615,0.6760416666666667,36.1649061032864,8438.61070618539,120.55158151693415,0
2683,31.550648248315305,0,0,196,0.0,0.0,1.0,196,6150,4400,1750,0.7154471544715447,79,44,35,188.4282220447326,0.4189484126984127,0.7543179572485088,0.13015447252782236,1083383.5251816004,-4521.993711495143,1078861.5314701053,2682,9,1195.1785714285713,82,114,44,33.001293041521016,0.6525660569105691,37.93925702811246,8268.18632119821,100.83154050241721,8
2684,31.71423805457429,0,0,196,0.0,0.0,1.0,196,5000,3100,1900,0.62,69,31,38,185.85555773233477,0.4184561965811966,0.7515429432426619,0.12887976573088722,1090075.220738203,-3680.6923759007154,1086394.5283623023,2683,10,1196.1785714285713,83,113,41,32.93707334184679,0.6534889558232932,37.81001984126984,8315.155446278077,100.18259573829009,0
2685,31.443494406329837,0,0,196,0.0,0.0,1.0,196,5650,4000,1650,0.7079646017699115,73,40,33,187.04370378834594,0.41829757544043256,0.7529979119438479,0.1299339753909342,1081252.2987571314,-4401.713062160456,1076850.585694971,2684,11,1197.1785714285713,86,110,41,32.846242523855175,0.6529796511627908,37.75143678160921,8246.011230625541,95.88385151890165,0
2686,31.841673973347294,0,0,196,0.0,0.0,1.0,196,5150,3600,1550,0.6990291262135923,67,36,31,187.0865866535529,0.41807027298098726,0.7530933185230364,0.1303557923481316,1095773.7758943723,-3349.084904689267,1092424.690989683,2685,12,1198.1785714285713,88,108,43,32.743977247379,0.6532907196969697,37.65215355805244,8353.59459401429,94.92721129561693,0
2687,31.53200001743889,0,0,196,0.0,0.0,1.0,196,4600,2800,1800,0.6086956521739131,64,28,36,186.7518209894522,0.41798796441653585,0.7527574388534035,0.1304077214798419,1085712.8061534495,-3248.23127585482,1082464.5748775946,2686,13,1199.1785714285713,90,106,46,32.67938931297712,0.6533564814814814,37.58012820512822,8274.623402012245,91.94026002235827,0
2688,31.551820552238972,1,0,197,0.005076142131979695,0.0,1.0,197,4650,3300,1350,0.7096774193548387,60,33,27,186.45590782654986,0.41835763493214545,0.7539548999060999,0.13063120514519705,1087292.0043173623,-3503.596452491601,1083788.4078648707,2687,0,1194.0862944162436,73,124,47,32.57685433422697,0.6612442922374429,37.47184684684684,8283.241178198972,113.46905723560236,0
2689,31.910044965960715,0,2,195,0.0,0.01015228426395939,0.9898477157360406,197,5300,3400,1900,0.6415094339622641,72,34,38,184.41262749636496,0.4180910943057426,0.751475122188461,0.1296843736041405,1100664.0179039112,-4104.731293526962,1096559.2866103842,2688,1,1195.0862944162436,75,122,45,32.50562064047033,0.6615277777777777,37.349232456140335,8381.197802668617,111.74930403558156,0
2690,31.469823880806082,0,1,194,0.0,0.005128205128205128,0.9948717948717949,195,4750,3600,1150,0.7578947368421053,59,36,23,183.27743310171334,0.4177857079918936,0.7474378118320248,0.1291989483944962,1086134.4199245633,-3937.2143025615737,1082197.2056220018,2689,2,1206.5794871794872,76,119,46,32.454774041844736,0.6618695175438596,37.27002164502164,8268.066147039155,108.79034403998888,0
2691,31.237837245997657,0,0,194,0.0,0.0,1.0,194,6050,4500,1550,0.743801652892562,76,45,31,184.16847468399956,0.4173438251161797,0.747034363227036,0.13048866553836427,1079487.1994383123,-5088.497807708918,1074398.7016306035,2690,3,1213.7164948453608,78,116,44,32.262722773932516,0.6626602564102564,37.10443037974682,8212.289016491282,105.2857566216831,0
2692,31.298772057161518,0,0,194,0.0,0.0,1.0,194,5700,4000,1700,0.7017543859649122,74,40,34,185.04068228605038,0.41685863023698877,0.7488721037052162,0.13161344303444428,1082623.8801917334,-4434.1077100300445,1078189.7724817034,2691,4,1214.7164948453608,79,115,47,32.112211221122095,0.6635021097046414,36.979166666666664,8232.229108784666,104.20543175676792,0
2693,31.02497584130272,0,1,193,0.0,0.005154639175257732,0.9948453608247423,194,5650,4300,1350,0.7610619469026548,70,43,27,184.72524888776138,0.4166967131385431,0.7479383434275864,0.13175032214060967,1073879.0262655756,-4775.485919549041,1069103.5403460264,2692,5,1215.7164948453608,81,113,41,32.029942384447025,0.6635802469135803,36.89024390243902,8162.973826537862,100.77745464861557,0
2694,31.23562781148801,0,0,193,0.0,0.0,1.0,193,5050,3900,1150,0.7722772277227723,62,39,23,184.9834528405959,0.41631247301381696,0.7471012463240443,0.1323500394632991,1082005.7656355465,-3619.3674958608676,1078386.3981396856,2693,6,1222.1917098445597,81,112,43,31.91964285714286,0.6646090534979423,36.788617886178855,8221.572767454654,101.5008983636377,0
2695,31.587516100033316,0,0,193,0.0,0.0,1.0,193,5450,3600,1850,0.6605504587155964,73,36,37,186.7939833360041,0.41595827936096713,0.7488604315603071,0.13415204257767538,1095209.3776683747,-3134.2955516757465,1092075.0821166988,2694,7,1223.1917098445597,84,109,43,31.74775843881853,0.6646825396825398,36.66666666666666,8318.045906342086,99.02435602788198,0
2696,31.430394326764304,0,0,193,0.0,0.0,1.0,193,5050,3500,1550,0.693069306930693,66,35,31,188.5753283605334,0.4155253760074842,0.7501453492094814,0.13576081468802717,1090408.3274308722,-2525.1783215329965,1087883.1491093393,2695,8,1224.1917098445597,87,106,44,31.62125144175318,0.6643917624521073,36.58854166666664,8279.126005604645,95.16236788051316,0
2697,31.692535238850258,0,1,192,0.0,0.0051813471502590676,0.9948186528497409,193,5000,3300,1700,0.66,67,33,34,191.00745691285684,0.41541068472941856,0.7544562486455062,0.13819594321042175,1100831.688773559,-1546.5877276554838,1099285.1010459035,2696,9,1225.1917098445597,71,122,46,31.395003110476804,0.6728286384976525,36.42939814814814,8353.220587114765,117.650994184715,0
2698,32.195649373397686,0,0,192,0.0,0.0,1.0,192,5500,4400,1100,0.8,66,44,22,189.32388960016337,0.41476807918848163,0.7501810163243812,0.13774945070908468,1119830.082619564,-1497.882613438298,1118332.2000061255,2697,10,1231.4270833333333,74,118,43,31.25658241179569,0.6731418918918919,36.25000000000001,8491.60252223366,114.75138543559,0
2699,32.46526951145372,0,0,192,0.0,0.0,1.0,192,5250,3800,1450,0.7238095238095238,67,38,29,187.86858726208536,0.4144192662885398,0.7482415246900762,0.13720963740400857,1130241.0384226853,-1182.6425691795394,1129058.3958535057,2698,11,1232.4270833333333,75,117,46,31.172086017037202,0.6738888888888889,36.12938596491228,8566.630600801904,114.22174134402539,0
2700,32.57838103952348,0,1,191,0.0,0.005208333333333333,0.9947916666666666,192,4950,3300,1650,0.6666666666666666,66,33,33,189.92848103996266,0.4141846413248982,0.7496861878383141,0.139203421754429,1135139.8127539428,-230.92391913104166,1134908.8888348117,2699,12,1233.4270833333333,77,115,45,31.00385111549549,0.6741071428571428,36.01762820512821,8600.118296050514,111.68984800065603,0
2701,32.91536925717228,0,0,191,0.0,0.0,1.0,191,5400,3800,1600,0.7037037037037037,70,38,32,187.96465883427194,0.4136906402130982,0.7449486116922646,0.13841512280707138,1148177.9893749214,-436.62318922432405,1147741.366185697,2700,13,1228.6439790575917,82,109,46,30.903734676423124,0.6735264227642277,35.86847389558234,8693.986714187375,106.02422822179726,0
2702,33.09529817988181,0,2,189,0.0,0.010471204188481676,0.9895287958115183,191,5250,3400,1850,0.6476190476190476,71,34,37,189.21487487318532,0.41330715532286216,0.747214117259712,0.1398711123376931,1155511.7098635586,278.00071926689634,1155789.7105828256,2701,14,1229.6439790575917,84,107,41,30.74749957488907,0.6739831349206349,35.74754901960785,8745.513659960709,104.1132578566751,0
2703,33.1558334858233,0,0,189,0.0,0.0,1.0,189,5150,3700,1450,0.7184466019417476,66,37,29,187.97578784619412,0.4127289016473414,0.7430026718754865,0.13917177536831044,1158054.8062667493,587.2529154129579,1158642.0591821622,2702,15,1238.7460317460318,84,105,41,30.730301695491573,0.6744791666666667,35.69852941176472,8763.135548881786,104.3230422485927,0
2704,33.542329203732116,0,0,189,0.0,0.0,1.0,189,5300,3700,1600,0.6981132075471698,69,37,32,188.57775795166975,0.41239704116477166,0.7430812028365748,0.1400634187930247,1172442.4506018837,1119.313732372888,1173561.7643342565,2703,16,1239.7460317460318,85,104,42,30.612325728770628,0.6751225490196078,35.59835271317829,8868.647095303635,104.337024650631,0
2705,33.19275729317465,0,0,189,0.0,0.0,1.0,189,5700,4500,1200,0.7894736842105263,69,45,24,189.46218025399338,0.4120675259859657,0.74458060015829,0.14099867376853767,1160767.2614240765,484.299223372439,1161251.560647449,2704,17,1240.7460317460318,86,103,43,30.525813413014614,0.6753875968992248,35.536398467432946,8778.276138549336,102.07297835522483,0
2706,33.137783112925064,0,0,189,0.0,0.0,1.0,189,5200,3600,1600,0.6923076923076923,68,36,32,190.7752173848592,0.41149292656384856,0.7475201557926621,0.1424669239836385,1159791.706542434,1251.9029873578957,1161043.6095297919,2705,18,1241.7460317460318,88,101,45,30.380999778810008,0.67578125,35.42837078651685,8767.317266709626,99.62860530351848,0
2707,32.78110651007387,0,0,189,0.0,0.0,1.0,189,4950,3100,1850,0.6262626262626263,68,31,37,192.65240643752722,0.41142256745093625,0.7497161764643823,0.1445085162767331,1148508.9481840963,1502.6025365399396,1150011.5507206363,2706,19,1242.7460317460318,73,116,43,30.19027519276788,0.6833618721461188,35.28997747747748,8677.487442594862,118.86969099445017,0
2708,32.30626174795902,0,0,189,0.0,0.0,1.0,189,4550,2800,1750,0.6153846153846154,63,28,35,191.68993054558942,0.4110613906713198,0.7486367279695028,0.1441000329621888,1132451.9334521925,1065.9264939337263,1133517.8599461261,2707,20,1243.7460317460318,74,115,48,30.146698838998475,0.6835585585585586,35.222222222222214,8553.980193931793,115.59432694502424,0
2709,32.68362333829666,0,0,189,0.0,0.0,1.0,189,5950,4700,1250,0.7899159663865546,72,47,25,193.58144437990344,0.4108725937183384,0.7484181262474341,0.14617720259475173,1146886.6998398816,653.1967790208464,1147539.8966189025,2708,21,1244.7460317460318,77,112,48,29.9544937070457,0.6835768398268398,35.08279914529913,8658.454008570887,112.44745465676476,0
2710,32.34957926161671,0,0,189,0.0,0.0,1.0,189,5700,4300,1400,0.7543859649122807,71,43,28,192.8713150664594,0.41027219595482006,0.7467198399536719,0.14618074784448787,1136145.9040502447,325.9909243082502,1136471.894974553,2709,22,1245.7460317460318,78,111,45,29.856654228855735,0.6842948717948718,34.96835443037973,8573.662225191101,109.91874647680899,0
2711,32.295833673854716,0,0,189,0.0,0.0,1.0,189,5150,3400,1750,0.6601941747572816,69,34,35,193.35477197542747,0.40996965176929717,0.7463104631323503,0.14698384878486007,1135044.2980823012,943.2462875423935,1135987.5443698436,2710,23,1246.7460317460318,80,109,46,29.75025465657743,0.684375,34.87654320987654,8562.383063531213,107.02978829414016,0
2712,32.24509440940317,0,2,187,0.0,0.010582010582010581,0.9894179894179894,189,5750,4400,1350,0.7652173913043478,71,44,27,192.58773659071426,0.40958736725580697,0.745122829823432,0.14719647905984803,1134686.7964160317,155.352372226414,1134842.148788258,2711,24,1247.7460317460318,83,106,42,29.600657925489628,0.6848644578313253,34.70982142857142,8554.306853923134,103.0639379990739,0
2713,32.50854519126839,0,0,187,0.0,0.0,1.0,187,5050,2900,2150,0.5742574257425742,72,29,43,189.4585877780428,0.40894356276234833,0.7382939634083234,0.14535772322802787,1144964.9940229694,934.6901645774146,1145899.6841875468,2712,25,1250.8823529411766,85,102,42,29.564660155774586,0.6852941176470588,34.593023255813954,8627.994697566297,101.5058199713682,0
2714,32.56549189233408,0,0,187,0.0,0.0,1.0,187,4900,3400,1500,0.6938775510204082,64,34,30,189.00060609278918,0.40861772372683186,0.7378289783129401,0.14518861528333796,1147302.8217052452,1068.1857348517178,1148371.007440097,2713,26,1251.8823529411766,86,101,43,29.537663509246748,0.6853197674418605,34.554597701149426,8644.360096420574,100.51581507465784,0
2715,32.695627549966474,0,1,186,0.0,0.0053475935828877,0.9946524064171123,187,4750,3400,1350,0.7157894736842105,61,34,27,192.42560373878584,0.40830625994288233,0.742543938579546,0.14840386455413043,1152932.8650561767,2220.760525744486,1155153.625581921,2714,27,1252.8823529411766,87,100,45,29.324019389346997,0.6861829501915708,34.4341856060606,8682.840957427752,99.80276962560635,0
2716,32.48277025443861,0,0,186,0.0,0.0,1.0,186,5400,3600,1800,0.6666666666666666,72,36,36,193.2350768423564,0.4077242565145791,0.7431373500266247,0.1495282901351195,1146306.9628478114,1701.3428101647678,1148008.305657976,2715,28,1259.4462365591398,72,114,48,29.198557847244604,0.6935763888888888,34.3321917808219,8629.626378383782,119.85592192199698,0
2717,32.07558949189286,0,0,186,0.0,0.0,1.0,186,5100,3800,1300,0.7450980392156863,64,38,26,194.59745762711913,0.4073531192482805,0.7452148259522526,0.1510690789473685,1132772.573464804,1786.9325731958884,1134559.5060379999,2716,29,1260.4462365591398,73,113,47,29.062500000000025,0.6940639269406392,34.23423423423423,8524.593603701238,116.77525484522243,0
2718,31.758626646633793,0,2,184,0.0,0.010752688172043012,0.989247311827957,186,4700,3300,1400,0.7021276595744681,61,33,28,194.55244540138074,0.4069613968807517,0.7434436841763661,0.15145579076053048,1122291.783170298,1768.9221739314598,1124060.7053442295,2717,30,1261.4462365591398,73,113,50,28.97759363196726,0.6949200913242009,34.14977477477477,8443.03804685142,115.65805543632081,0
2719,31.589269787707646,0,0,184,0.0,0.0,1.0,184,6100,5400,700,0.8852459016393442,68,54,14,200.3080941778772,0.4065537885087511,0.7510191693022534,0.1431453186299782,1093939.1181082241,924.9719789770561,1094864.0900872012,2718,31,1271.2010869565217,81,103,36,31.555153979823302,0.6642232510288066,36.82672764227641,8313.451501421963,102.6352037212588,8
2720,31.23017120661567,0,2,182,0.0,0.010869565217391304,0.9891304347826086,184,5600,3700,1900,0.6607142857142857,75,37,38,197.85680827675273,0.4060612922705314,0.7485308807772586,0.14190899079787964,1082468.5431940744,434.7542032729334,1082903.2973973474,2719,32,1272.2010869565217,82,102,38,31.499952333285666,0.665015243902439,36.70933734939758,8222.612471681572,100.27576184977526,0
2721,30.960203389781267,0,0,182,0.0,0.0,1.0,182,6400,4900,1500,0.765625,79,49,30,198.7551675985247,0.4057415305688787,0.7472537821944509,0.14278635788640875,1073539.9349829457,-125.67805975140345,1073414.2569231943,2720,33,1283.032967032967,83,99,39,31.422662773905948,0.6651606425702812,36.65674603174601,8153.160704183908,98.23085185763745,0
2722,31.129857690701165,0,0,182,0.0,0.0,1.0,182,5650,4200,1450,0.7433628318584071,71,42,29,199.19937634809799,0.40550879829194747,0.7478411284793196,0.14350404889681234,1080155.6897226882,983.2679503216232,1081138.9576730097,2721,34,1284.032967032967,85,97,39,31.319782901895845,0.6653186274509804,36.567344961240295,8200.621062440123,96.47789485223674,0
2723,30.694612588124414,0,0,182,0.0,0.0,1.0,182,5300,4200,1100,0.7924528301886793,64,42,22,186.265870548946,0.40538863760548843,0.7306410952798785,0.1213774131674244,1038172.5358872061,-3024.7777645928054,1035147.7581226133,2722,35,1285.032967032967,78,104,42,35.06844106463875,0.6342147435897436,39.91297468354428,7983.270481286257,102.34962155495201,8
2724,30.486082012234398,0,0,182,0.0,0.0,1.0,182,5100,3000,2100,0.5882352941176471,72,30,42,181.14327607246472,0.40491431910630804,0.7156033133455793,0.12027421840641107,1036236.5849880758,-3958.54204182372,1032278.042946252,2723,36,1286.032967032967,85,97,41,34.54543342934123,0.6379901960784313,39.26841085271315,7948.684609924327,93.51393658734501,8
2725,30.801375752710214,0,0,182,0.0,0.0,1.0,182,5550,3900,1650,0.7027027027027027,72,39,33,181.1139587964239,0.40514388925991135,0.7154996254606092,0.12062267173280569,1047790.0654319669,-3996.118652410707,1043793.9467795562,2724,37,1287.032967032967,86,96,41,34.440172901843745,0.638687015503876,39.164272030651325,8034.099266915572,93.41975891762293,0
2726,30.7808462195836,0,0,182,0.0,0.0,1.0,182,4900,3700,1200,0.7551020408163265,61,37,24,182.4475786843562,0.4051552729038917,0.7167468308133975,0.12185399398409277,1047861.9577282055,-3064.0246034081692,1044797.9331247973,2725,38,1288.032967032967,88,94,43,34.30771732304656,0.638967803030303,39.068352059925076,8031.696929065925,91.26928328484006,0
2727,31.13478003797197,0,1,181,0.0,0.005494505494505495,0.9945054945054945,182,5250,3700,1550,0.7047619047619048,68,37,31,177.47753055906227,0.4050717928480359,0.714078215446206,0.11228141803504436,1044702.1903170499,-4567.767018577479,1040134.4232984724,2726,39,1289.032967032967,96,86,40,36.34955920352636,0.6175130208333333,40.9471649484536,8065.553037542899,84.0161774744052,8
2728,31.31149256423883,0,1,180,0.0,0.0055248618784530384,0.994475138121547,181,4450,3100,1350,0.6966292134831461,58,31,27,179.30260645858658,0.4048572744014733,0.7167743139133356,0.11385078681604792,1051677.169823469,-2936.3084595325654,1048740.8613639362,2727,40,1295.8011049723757,96,85,42,36.17110351495064,0.6188151041666667,40.81829896907216,8115.365904616649,84.53506150642342,0
2729,31.77636908311858,0,0,180,0.0,0.0,1.0,180,3850,2200,1650,0.5714285714285714,55,22,33,178.09152512580837,0.4048514121663563,0.7131217325675594,0.11339245207377395,1068087.3851300266,-1806.5377229114201,1066280.8474071152,2728,41,1300.5111111111112,96,84,43,36.10412179699583,0.6197916666666667,40.72164948453608,8238.924561241558,85.82213084626623,0
2730,31.662715537743864,0,0,180,0.0,0.0,1.0,180,4200,2800,1400,0.6666666666666666,56,28,28,181.95056912951884,0.4049891371818746,0.7193731397233658,0.11625571765134898,1065277.3638460948,-1434.4354734817762,1063842.928372613,2729,42,1301.5111111111112,78,102,43,35.87880597773601,0.6272702991452992,40.59862869198314,8213.351829826446,105.29938243367239,0
2731,31.93128339931258,0,0,180,0.0,0.0,1.0,180,5650,3500,2150,0.6194690265486725,78,35,43,179.02897681503507,0.4053576970825574,0.7155278135561489,0.11501842539746382,1075906.2060495159,-3126.322556401624,1072779.8834931143,2730,43,1302.5111111111112,80,100,44,35.758900558142614,0.6283854166666667,40.40637860082306,8289.157493551013,103.61446866938766,0
2732,32.28220140543122,1,0,181,0.0055248618784530384,0.0,1.0,181,5000,3600,1400,0.72,64,36,28,176.9199190515131,0.40682934315531,0.7145555784009976,0.11439094857612529,1089596.0535970898,-2645.75087975075,1086950.302717339,2731,0,1296.3093922651933,84,97,43,35.587157838466766,0.6290922619047619,40.18382352941178,8387.438137212634,99.85045401443611,0
2733,31.841726481364887,0,0,181,0.0,0.0,1.0,181,4200,2900,1300,0.6904761904761905,55,29,26,178.8647140556863,0.40691886638019237,0.7179977762566083,0.11607546502416394,1075789.1314221353,-1915.856924792748,1073873.2744973425,2732,1,1297.3093922651933,85,96,46,35.406231070313595,0.6300245098039216,40.05571705426358,8277.074757952705,97.37735009356123,0
2734,31.446644077336313,1,1,181,0.005494505494505495,0.005494505494505495,0.9945054945054945,182,5050,3200,1850,0.6336633663366337,69,32,37,178.7449223700377,0.40720875579300997,0.7193020452465155,0.11639081044664315,1063399.894807422,-3434.5336708680957,1059965.361136554,2733,0,1291.1758241758241,87,95,37,35.28997875891371,0.6305076628352491,39.93844696969698,8178.063096343289,94.00072524532516,0
2735,31.153157723972686,0,0,181,0.0,0.0,1.0,181,4250,2900,1350,0.6823529411764706,56,29,27,180.83333852371467,0.406602977286679,0.7208828516090877,0.11799267955454748,1054050.8447557874,-2328.4933538137607,1051722.3514019737,2734,3,1299.3093922651933,87,94,38,35.16336002912267,0.6312260536398467,39.86742424242425,8103.95116171905,93.14886392780518,0
2736,31.589905709186098,0,1,180,0.0,0.0055248618784530384,0.994475138121547,181,4400,2800,1600,0.6363636363636364,60,28,32,179.03485801425484,0.40659402496419067,0.7188492483720981,0.11723290091172248,1069831.2058135779,-2292.5843935893427,1067538.6214199886,2735,4,1300.3093922651933,89,92,42,35.08590530404103,0.6317883895131087,39.74537037037038,8221.419210379181,92.3754967458335,0
2737,31.887836146234182,0,0,180,0.0,0.0,1.0,180,3800,3100,700,0.8157894736842105,45,31,14,180.61219753877052,0.40523290399337886,0.7184515782273024,0.1184291053065648,1080315.7906373718,-776.3582034297019,1079539.432433942,2736,49,1308.5111111111112,90,90,43,34.996427000879535,0.6319444444444444,39.69780219780222,8300.47383202118,92.22748702245755,0
2738,31.50222749421247,1,0,181,0.0055248618784530384,0.0,1.0,181,4600,2800,1800,0.6086956521739131,64,28,36,177.20972678093645,0.4059417843257622,0.7159776835073377,0.11671969766935072,1068515.303481399,-2929.73900176257,1065585.5644796365,2737,0,1302.2762430939226,78,103,43,34.928238748544544,0.6379540598290598,39.543776371308006,8204.951209034507,105.19168216710906,0
2739,31.956794811386164,0,0,181,0.0,0.0,1.0,181,5200,3600,1600,0.6923076923076923,68,36,32,173.946107424581,0.40618477593615715,0.711127053833128,0.11525706608005287,1085638.8092372727,-3631.471012823977,1082007.3382244487,2738,1,1303.2762430939226,80,101,45,34.804894995641966,0.6391927083333333,39.33899176954731,8329.89035534958,104.12362944186975,0
2740,32.293723944931465,0,0,181,0.0,0.0,1.0,181,4850,3600,1250,0.7422680412371134,61,36,25,173.8740452875222,0.4059277163904236,0.7095678421766389,0.1156287747232761,1098129.482015358,-2862.756942499862,1095266.7250728582,2739,2,1304.2762430939226,81,100,45,34.680563674152,0.6400462962962963,39.21493902439023,8421.72076810843,103.97186133467197,0
2741,32.230747438364794,1,0,182,0.005494505494505495,0.0,1.0,182,4550,3000,1550,0.6593406593406593,61,30,31,178.3445940254952,0.4063258909598689,0.7185400084572044,0.10851850964266134,1069841.9649666215,-2789.8938173181896,1067052.0711493033,2740,0,1298.1043956043957,82,100,44,37.749228770904345,0.6079776422764227,42.34437751004014,8304.433294548504,101.27357676278663,8
2742,32.3969833169048,1,0,183,0.00546448087431694,0.0,1.0,183,5100,3500,1600,0.6862745098039216,67,35,32,176.1948796996537,0.40711383334334156,0.7178964920052353,0.10787053209127656,1077219.8572770874,-3739.875367397423,1073479.98190969,2741,0,1292.0054644808743,86,97,49,37.57796298015906,0.6087693798449613,42.121647509578516,8354.480683423004,97.14512422584889,0
2743,32.400235742002,1,1,183,0.005434782608695652,0.005434782608695652,0.9945652173913043,184,5400,3700,1700,0.6851851851851852,71,37,34,173.7809671983151,0.4080195216599351,0.7155545877607579,0.1067658910635746,1078386.2912355997,-4719.397459135005,1073666.8937764647,2742,0,1285.9782608695652,91,93,39,37.5113825865625,0.6084020146520146,41.99501811594201,8359.422235654378,91.86178280938877,0
2744,32.19141841720586,2,0,185,0.010810810810810811,0.0,1.0,185,5100,3900,1200,0.7647058823529411,63,39,24,176.1798280848654,0.4086136408147278,0.7211296016137199,0.10883632370476132,1073082.4833880481,-4288.9025111631545,1068793.580876885,2743,0,1280.0162162162162,95,90,43,37.24785678265253,0.6092105263157894,41.796874999999964,8311.924833505,87.49394561584211,0
2745,31.88423839246365,1,0,186,0.005376344086021506,0.0,1.0,186,4700,2800,1900,0.5957446808510638,66,28,38,177.5910031133453,0.4088867092899351,0.7258214814442274,0.11014905798303985,1064029.4405680238,-4107.588861478214,1059921.8517065456,2744,0,1274.1290322580646,74,112,48,37.064763543178714,0.618384009009009,41.652777777777814,8237.204421364198,111.31357326167836,0
2746,31.727021226311795,1,0,187,0.0053475935828877,0.0,1.0,187,4250,3100,1150,0.7294117647058823,54,31,23,176.30258779405108,0.4093736223717248,0.7252152407126007,0.10976858709831736,1059905.0804579249,-4277.198299840888,1055627.882158084,2745,0,1268.3101604278074,75,112,48,36.95875753398031,0.6193055555555556,41.51589912280705,8200.93055519489,109.34574073593186,0
2747,32.167958420291235,0,1,186,0.0,0.0053475935828877,0.9946524064171123,187,4550,3300,1250,0.7252747252747253,58,33,25,176.7977520730379,0.40928856879995396,0.7242426819932677,0.11043586035943044,1075602.9373148745,-3917.1637119142697,1071685.7736029602,2746,1,1269.3101604278074,77,110,49,36.827575225504425,0.6195887445887446,41.39957264957269,8318.647794478187,108.03438694127516,0
2748,32.222544213607435,2,3,185,0.010638297872340425,0.015957446808510637,0.9840425531914894,188,4950,3100,1850,0.6262626262626263,68,31,37,189.69200512723452,0.41013684245458343,0.7378742966105127,0.12085232601061222,1083263.9502773245,-1452.6978379691054,1081811.2524393555,2747,0,1263.5,96,92,40,35.78146138766947,0.6200086805555556,40.700171821305844,8355.300178068786,87.03437685488319,8
2749,31.858912686985047,0,0,185,0.0,0.0,1.0,185,5350,4000,1350,0.7476635514018691,67,40,27,171.68737896399324,0.4081227967097532,0.7056612517180791,0.10505419159403376,1059168.0117688838,-5980.844035379736,1053187.167733504,2748,1,1284.9621621621623,89,96,46,37.71409361581163,0.607560861423221,42.141203703703674,8215.10087677468,92.30450423342337,8
2750,31.413619596740567,1,1,185,0.005376344086021506,0.005376344086021506,0.9946236559139785,186,4750,3800,950,0.8,57,38,19,172.51966949703822,0.40909861474377607,0.7097828748731356,0.10605747904418562,1045732.006809508,-5868.131960550212,1039863.8748489578,2749,0,1279.0483870967741,91,95,41,37.52088909854166,0.6086309523809523,41.97237318840576,8105.581714109064,89.07232652867103,0
2751,31.328834054731917,0,0,185,0.0,0.0,1.0,185,5850,4400,1450,0.7521367521367521,73,44,29,173.1835131038812,0.408826625538582,0.7107485076834736,0.10681254799456906,1043858.1658560906,-6694.195130974,1037163.9707251166,2750,1,1286.9297297297298,93,92,43,37.38440831365811,0.6092069892473118,41.85505319148933,8087.380200631346,86.9610774261435,0
2752,31.82353983849712,1,0,186,0.005376344086021506,0.0,1.0,186,4700,3500,1200,0.7446808510638298,59,35,24,170.77910169539254,0.4095944735057638,0.708351996538259,0.10581969377076036,1061713.0830335438,-5636.3186842576015,1056076.7643492862,2751,0,1281.005376344086,96,90,45,37.27671766303593,0.6100260416666667,41.68814432989687,8220.397629673533,85.62914197576596,0
2753,31.560772483115482,1,0,187,0.0053475935828877,0.0,1.0,187,5200,3900,1300,0.75,65,39,26,169.26714740455157,0.4099893623138405,0.70532551555699,0.1053365896315463,1054208.1929611333,-6911.437281392481,1047296.7556797408,2752,0,1275.149732620321,85,102,45,37.15844033616072,0.6150735294117646,41.53343023255814,8157.404602921521,95.96946591672378,0
2754,31.71078705033831,1,0,188,0.005319148936170213,0.0,1.0,188,4950,3000,1950,0.6060606060606061,69,30,39,168.39711100081735,0.4105303267341753,0.7062683591151238,0.10533279807548981,1060717.6366688095,-6825.642879471705,1053891.9937893378,2753,0,1269.3617021276596,88,100,47,36.995075191939286,0.6158854166666667,41.350655430711605,8201.974286346267,93.20425325393485,0
2755,31.988182428232,0,0,188,0.0,0.0,1.0,188,6400,4300,2100,0.671875,85,43,42,170.042338574185,0.4107282540675845,0.707551478704372,0.10680187332917933,1071212.6236021507,-7569.700074500359,1063642.9235276503,2754,1,1270.3617021276596,89,99,45,36.803070960047684,0.6170411985018727,41.20370370370371,8278.423137676727,93.01599031097447,0
2756,31.751088823615756,1,0,189,0.005291005291005291,0.0,1.0,189,4800,3300,1500,0.6875,63,33,30,183.96595964895923,0.41128184922511163,0.725364199895032,0.1163039033034944,1065175.838382724,-3408.7809394075566,1061767.0574433163,2755,0,1264.6349206349207,92,97,37,36.20699285075962,0.6184329710144927,40.97222222222222,8224.413980006018,89.3958041305002,0
2757,31.880262071895164,0,0,189,0.0,0.0,1.0,189,4700,2900,1800,0.6170212765957447,65,29,36,181.86675267700167,0.411196245637735,0.7221306194202053,0.11523208955565832,1070156.859800761,-3574.809410603616,1066582.0503901574,2756,1,1265.6349206349207,92,97,37,36.181537197942326,0.6192255434782609,40.89381720430108,8260.373011975269,89.78666317364423,0
2758,31.77640730183199,0,2,187,0.0,0.010582010582010581,0.9894179894179894,189,5150,3800,1350,0.7378640776699029,65,38,27,188.92396746994322,0.4111352677398777,0.7298723065269899,0.12024514699399226,1067981.569278663,-2596.536949419791,1065385.0323292431,2757,2,1266.6349206349207,94,95,38,35.83650525128637,0.6202349290780143,40.73464912280702,8238.521388726078,87.64384456091572,0
2759,31.382562509631114,0,0,187,0.0,0.0,1.0,187,5700,4200,1500,0.7368421052631579,72,42,30,192.3123096926273,0.4109477124183007,0.7327093855648377,0.12300914824790982,1056160.536543774,-2477.465562212325,1053683.0709815617,2758,3,1280.1818181818182,80,107,39,35.57136247975946,0.6268229166666667,40.56069958847738,8141.870062619597,101.77337578274496,0
2760,31.346702531254106,1,0,188,0.005319148936170213,0.0,1.0,188,6100,4500,1600,0.7377049180327869,77,45,32,190.1060642903547,0.41184292866082606,0.7320359646511176,0.12236799508686594,1056751.0853676347,-3521.0420452394997,1053230.043322395,2759,0,1274.3670212765958,83,105,42,35.40348353152806,0.6278865461847389,40.339781746031754,8139.491620807685,98.06616410611669,0
2761,31.84126767549187,0,0,188,0.0,0.0,1.0,188,5450,3800,1650,0.6972477064220184,71,38,33,196.50120149519324,0.4117137425569841,0.7397581292653546,0.12700687413713768,1074612.1792154107,-817.4831285605987,1073794.69608685,2760,1,1275.3670212765958,84,104,40,35.09090015723268,0.628968253968254,40.19607843137256,8272.4862098092,98.48197868820476,0
2762,31.59304983234945,0,2,186,0.0,0.010638297872340425,0.9893617021276596,188,5350,3800,1550,0.7102803738317757,69,38,31,195.32544183772745,0.41124322069253233,0.7398532174694574,0.126737471606609,1067341.8229956639,-1254.1973662972032,1066087.6256293666,2761,2,1276.3670212765958,84,104,42,34.98400986909308,0.6303323412698413,40.06127450980393,8212.257107769192,97.76496556868085,0
2763,32.08194512934328,1,1,186,0.0053475935828877,0.0053475935828877,0.9946524064171123,187,4750,3300,1450,0.6947368421052632,62,33,29,194.80625973096156,0.4107835949629119,0.7383223974887294,0.12674193174987697,1084638.7029562772,108.88177647080101,1084747.5847327479,2762,0,1282.903743315508,83,104,38,34.90216708792342,0.6316516064257028,39.96775793650794,8342.340121741065,100.51012194868753,0
2764,31.899752784970417,0,1,185,0.0,0.005376344086021506,0.9946236559139785,186,4850,3600,1250,0.7422680412371134,61,36,25,199.01758049128472,0.4100770124963673,0.74164315310506,0.1298406481222178,1079273.6292035924,908.8852744293804,1080182.5144780218,2763,4,1290.8010752688172,82,104,41,34.69498319422331,0.6330030487804879,39.87198795180723,8298.019276783156,101.19535703394092,0
2765,31.842185461502456,0,0,185,0.0,0.0,1.0,185,4600,3000,1600,0.6521739130434783,62,30,32,198.2952185289101,0.4103187426556992,0.7401132082761819,0.12975444841999248,1078176.2990702887,1159.4409673667228,1079335.7400376555,2764,5,1288.7567567567567,83,102,41,34.609095782701885,0.6336596385542168,39.76934523809522,8286.312771696743,99.83509363490052,0
2766,31.57083389402794,0,0,185,0.0,0.0,1.0,185,4600,3400,1200,0.7391304347826086,58,34,24,202.43992053553478,0.4104876615746181,0.7444206658404946,0.13280508931487994,1069711.215133702,1710.450677527182,1071421.665811229,2765,6,1289.7567567567567,84,101,42,34.41148432351,0.6341765873015873,39.68137254901959,8218.476146776205,97.83900174733579,0
2767,31.763365396036985,0,1,184,0.0,0.005405405405405406,0.9945945945945946,185,5650,4300,1350,0.7610619469026548,70,43,27,205.51477401113797,0.41059292988640816,0.7475007242084508,0.13537121731755797,1077390.2210186739,1633.9215588925472,1079024.1425775664,2766,7,1290.7567567567567,74,111,44,34.18886311523489,0.6397804054054055,39.54166666666667,8273.033212109478,111.79774610958754,0
2768,31.86971976582907,0,0,184,0.0,0.0,1.0,184,4900,3200,1700,0.6530612244897959,66,32,34,206.26431715098926,0.41060883919379104,0.7465223793235911,0.1365711091554041,1082472.6590801005,2955.0967719544196,1085427.7558520548,2767,8,1289.4402173913043,75,109,39,33.98804515495724,0.6411111111111112,39.364035087719294,8306.395162650833,110.75193550201111,0
2769,31.72932586772265,0,0,184,0.0,0.0,1.0,184,4700,3200,1500,0.6808510638297872,62,32,30,207.32934161498204,0.4102103874633722,0.7471251822832143,0.13760707383810844,1078384.292491422,3216.1410740369824,1081600.433565459,2768,9,1290.4402173913043,75,109,47,33.87634493393614,0.6419444444444444,39.281798245614034,8272.412783111571,110.29883710815429,0
2770,31.351087187800175,0,0,184,0.0,0.0,1.0,184,4950,3300,1650,0.6666666666666666,66,33,33,208.52708655946662,0.4101652213510731,0.7471629611162081,0.13891374674895984,1066557.735564642,2731.2354489513937,1069288.9710135933,2769,10,1291.4402173913043,77,107,45,33.716678612874624,0.6423160173160174,39.15598290598291,8177.743522330574,106.20446132896849,0
2771,31.32039367823407,0,0,184,0.0,0.0,1.0,184,4750,3600,1150,0.7578947368421053,59,36,23,205.53762907881517,0.4097946117446741,0.7438726802953111,0.13748123416366095,1066645.3018707207,2297.1492829130375,1068942.4511536337,2770,11,1292.4402173913043,80,104,49,33.653317072369475,0.6424479166666667,39.017489711934154,8174.0749653559915,102.1759370669499,0
2772,31.248061651180585,0,0,184,0.0,0.0,1.0,184,5250,3500,1750,0.6666666666666666,70,35,35,206.25336931784796,0.4097568701987804,0.7431881540923118,0.13835081171119099,1064964.366184163,1880.4977457859495,1066844.8639299488,2771,12,1293.4402173913043,84,100,37,33.53673801477029,0.6418650793650793,38.921568627450974,8158.194919322917,97.12136808717757,0
2773,31.10505503218418,0,0,184,0.0,0.0,1.0,184,4600,3400,1200,0.7391304347826086,58,34,24,206.01545997630734,0.4094462758374911,0.7412552041855267,0.13870507007146599,1061110.311268481,2321.0257723156055,1063431.3370407966,2772,13,1294.4402173913043,85,99,39,33.41482146997453,0.6427696078431373,38.796027131782935,8124.763950691006,95.5854582434236,0
2774,31.11477506237961,0,0,184,0.0,0.0,1.0,184,6000,4500,1500,0.75,75,45,30,202.99577484836254,0.40953289577888646,0.737133834990594,0.1370866203649283,1062272.7270282118,327.3750646748431,1062600.1020928866,2773,14,1295.4402173913043,88,96,42,33.389415181104205,0.6427556818181819,38.69382022471909,8130.483006117569,92.3918523422451,0
2775,30.92332515481326,0,0,184,0.0,0.0,1.0,184,5400,4100,1300,0.7592592592592593,67,41,26,200.92272816864715,0.40968076839312584,0.735379497960891,0.1361118936501893,1056587.8823426012,258.503974041897,1056846.386316643,2774,15,1296.4402173913043,88,96,44,33.336131631967746,0.6438210227272727,38.58848314606742,8083.713334887114,91.86037880553539,0
2776,31.35056321033933,0,1,183,0.0,0.005434782608695652,0.9945652173913043,184,4650,3500,1150,0.7526881720430108,58,35,23,199.01902614611677,0.4095867238853251,0.7327568134171909,0.1352308767403111,1072018.898946874,1220.4314557282105,1073239.3304026022,2775,16,1297.4402173913043,75,109,42,33.28223270440256,0.65,38.486842105263186,8198.584786914458,109.3144638255261,0
2777,31.487324178452994,0,1,182,0.0,0.00546448087431694,0.994535519125683,183,5700,4100,1600,0.7192982456140351,73,41,32,237.00749506166255,0.40965091374927437,0.776547929482166,0.1460180214645388,1048821.1388793269,7415.6941787013975,1056236.8330580282,2776,17,1302.4535519125684,86,97,34,35.77685515919033,0.6110707364341086,41.894157088122576,8127.062348119069,94.5007249781287,8
2778,31.098248773369882,1,0,183,0.00546448087431694,0.0,1.0,183,4850,3400,1450,0.7010309278350515,63,34,29,242.6107796952592,0.41070302648171503,0.7820421911008713,0.1502269383381941,1037320.2812891958,8883.016447455117,1046203.2977366509,2777,0,1301.863387978142,90,93,36,35.446119925545084,0.611574074074074,41.71245421245419,8032.290353964203,89.24767059960226,0
2779,30.817756793379175,1,1,183,0.005434782608695652,0.005434782608695652,0.9945652173913043,184,5600,4000,1600,0.7142857142857143,72,40,32,237.14590800746743,0.41175840955888177,0.7781464102711722,0.14758105611543185,1029395.1365193477,6423.3688696703,1035818.505389018,2778,0,1295.7826086956522,69,115,36,35.4032927437772,0.6221316425120773,41.532738095238095,7965.381216431591,115.44030748451581,0
2780,30.480023832536535,0,0,183,0.0,0.0,1.0,183,6000,4600,1400,0.7666666666666667,74,46,28,235.64986933431322,0.4123431213595148,0.7756408140107873,0.1472894078398666,1019338.7628039707,5441.409252431234,1024780.172056402,2779,1,1299.9726775956285,71,112,37,35.282874617736994,0.6226525821596245,41.37731481481482,7882.825608079041,111.02571278984564,0
2781,30.307960268178114,0,0,183,0.0,0.0,1.0,183,5200,4000,1200,0.7692307692307693,64,40,24,233.4364792454373,0.4122705618607258,0.7739268321318002,0.14662554393328966,1014958.012569831,5585.645007249795,1020543.6575770808,2780,2,1300.9726775956285,73,110,39,35.16085350376214,0.6234303652968036,41.20213963963966,7843.635269291357,107.44705848344324,0
2782,30.05786991377136,1,0,184,0.005434782608695652,0.0,1.0,184,5300,4100,1200,0.7735849056603774,65,41,24,230.576615215308,0.4136108388770096,0.7726841832784515,0.14542863376435167,1007723.5328780325,4371.496256766142,1012095.0291347987,2781,0,1294.8967391304348,74,110,33,35.0849022026747,0.6244369369369369,41.055555555555586,7783.318426004973,105.17997872979693,0
2783,30.626118991869554,0,0,184,0.0,0.0,1.0,184,4800,3300,1500,0.6875,63,33,30,229.2104835675917,0.4135997020274016,0.7717669399949136,0.14516663959280934,1027936.5764936476,5522.767954985217,1033459.3444486329,2782,1,1295.8967391304348,76,108,36,34.97045565302148,0.625,40.90909090909094,7934.949011529912,104.4072238359199,0
2784,30.200666426629866,1,0,185,0.005405405405405406,0.0,1.0,185,5500,3600,1900,0.6545454545454545,74,36,38,227.9831135199292,0.4140765765765766,0.7738700287030664,0.14528907858398188,1015370.8991679266,3797.4837939672834,1019168.3829618939,2783,0,1289.8864864864865,79,106,37,34.778276424805426,0.6259229957805907,40.6901041666667,7831.331665186721,99.1307805719838,0
2785,29.81628353817734,1,0,186,0.005376344086021506,0.0,1.0,186,4600,2900,1700,0.6304347826086957,63,29,34,224.94970742397135,0.4147486195873293,0.7731111058422708,0.14410305958738778,1003858.9657412538,3363.55612768507,1007222.5218689389,2784,0,1283.9462365591398,70,116,39,34.67035581688998,0.6319940476190475,40.50762910798122,7737.0981065103015,110.52997295014717,0
2786,30.07831673652674,0,1,185,0.0,0.005376344086021506,0.9946236559139785,186,5000,3400,1600,0.68,66,34,32,224.65487837851964,0.4146783880654848,0.7732499302543117,0.1441555840911998,1013139.2347311322,3321.3343118055773,1016460.5690429377,2785,1,1284.9462365591398,70,116,39,34.61800256250823,0.6325892857142856,40.44894366197182,7806.85888183528,111.52655545478972,0
2787,29.831924097885608,0,0,185,0.0,0.0,1.0,185,6000,4800,1200,0.8,72,48,24,220.36583745924528,0.41463351938895415,0.7673044253044272,0.14202047598294054,1006018.2502392452,1338.41084265086,1007356.661081896,2786,2,1286.8702702702703,72,113,39,34.57383241758241,0.6331018518518519,40.296803652968016,7747.446041402891,107.60341724170682,0
2788,30.40898219848577,0,0,185,0.0,0.0,1.0,185,4950,3200,1750,0.6464646464646465,67,32,35,219.81861344308743,0.41507662553858204,0.7676299205000128,0.1419580651908972,1026041.8355061464,3158.6187231120866,1029200.4542292585,2787,3,1287.8702702702703,72,113,44,34.5151286276664,0.6338252314814814,40.225456621004554,7899.479465231611,109.71499257266127,0
2789,30.818218745359662,1,2,184,0.005376344086021506,0.010752688172043012,0.989247311827957,186,5350,3900,1450,0.7289719626168224,68,39,29,216.89647704184418,0.4155901869611547,0.7647918705492072,0.14086176408628284,1041417.3329303756,2625.9501285822544,1044043.2830589579,2788,0,1281.9408602150538,76,110,33,34.39109902690327,0.6339089912280702,40.0297619047619,8011.81966490226,105.41867980134553,0
2790,31.1659166162063,1,0,185,0.005405405405405406,0.0,1.0,185,4400,3200,1200,0.7272727272727273,56,32,24,215.0620052370676,0.41501909518213864,0.7623570165626243,0.1400708190630986,1053970.7747159726,3933.8136543364853,1057904.588370309,2789,0,1287.0972972972972,80,105,34,34.33744993324432,0.633203125,39.93055555555555,8105.30261997864,101.316282749733,0
2791,30.853701841597886,0,0,185,0.0,0.0,1.0,185,6100,4500,1600,0.7377049180327869,77,45,32,219.53918164916732,0.4147534763023894,0.7661318952282421,0.14380301797348105,1044990.5718025271,2783.274992924194,1047773.8467954512,2790,1,1288.0972972972972,82,103,36,34.02007586716817,0.634400406504065,39.73393574297187,8030.171546072462,97.9289212935666,0
2792,30.62730242561707,0,1,184,0.0,0.005405405405405406,0.9945945945945946,185,5850,3800,2050,0.6495726495726496,79,38,41,222.01248593899686,0.41448051312181744,0.7704784838168421,0.1461250436830838,1038643.8503733274,3268.3806453266934,1041912.2310186541,2791,2,1289.0972972972972,68,117,36,33.78632639653742,0.6426164215686274,39.56823671497584,7976.322375367134,117.29885846128138,0
2793,31.189245015769743,0,0,184,0.0,0.0,1.0,184,5750,4600,1150,0.8,69,46,23,204.34738494964918,0.4145321038251366,0.7514048487294989,0.1301675992330682,1048479.0068765284,300.7886459649344,1048779.7955224933,2792,3,1285.2282608695652,89,95,37,35.4074138136262,0.6220739700374531,40.70601851851853,8087.183519540424,90.86723055663397,8
2794,31.078009404625202,0,0,184,0.0,0.0,1.0,184,4850,3700,1150,0.7628865979381443,60,37,23,203.8532069274635,0.4143854686386315,0.7503357102628438,0.13051355763601302,1046176.45274375,1003.2849807621542,1047179.7377245121,2793,4,1286.2282608695652,74,110,37,35.23835331691826,0.6297860360360361,40.527777777777764,8063.880162461192,108.97135354677287,0
2795,31.16898343039874,1,0,185,0.005405405405405406,0.0,1.0,185,4750,3500,1250,0.7368421052631579,60,35,25,195.3836550213999,0.41515741284763025,0.7350775372086615,0.11840424726274358,1033410.3785776509,-1367.7006192903264,1032042.6779583605,2794,0,1280.2702702702702,81,104,41,37.4611000115107,0.6068672839506173,42.492378048780466,8026.250801798891,99.08951607159125,7
2796,30.74859395817613,0,0,185,0.0,0.0,1.0,185,5200,3500,1700,0.6730769230769231,69,35,34,193.74431877185805,0.4150386799843322,0.7319939277969814,0.1178748378074048,1020610.2068075523,-2652.514150093356,1017957.692657459,2795,1,1281.2702702702702,83,102,37,37.356862957436924,0.6075552208835342,42.3487103174603,7922.414889248786,95.45078179817814,0
2797,30.87087216922267,1,0,186,0.005376344086021506,0.0,1.0,186,5350,4300,1050,0.8037383177570093,64,43,21,199.4250151291498,0.41620168555652426,0.7406400096971182,0.12207471455145417,1026433.5951875913,-1610.6929501295954,1024822.9022374616,2796,0,1275.3763440860216,85,101,29,36.98430405511195,0.6090686274509804,42.12693798449611,7960.766333366608,93.65607451019538,0
2798,30.64037642855605,1,0,187,0.0053475935828877,0.0,1.0,187,4850,3600,1250,0.7422680412371134,61,36,25,200.00558982307882,0.41630249362697186,0.7425747137366157,0.12295937627550438,1020002.479752107,-1448.7604832354446,1018553.7192688716,2797,0,1269.5508021390374,88,99,31,36.8102490247664,0.6096117424242424,41.97097378277153,7906.106492789624,89.84211923624572,0
2799,30.525350608991957,0,0,187,0.0,0.0,1.0,187,4600,2900,1700,0.6304347826086957,63,29,34,202.57450031599993,0.4160700937266402,0.7468525121217728,0.12499761164505456,1017218.0415872673,-787.5127026079053,1016430.5288846594,2798,1,1270.5508021390374,90,97,32,36.608673642826545,0.610300925925926,41.83836996336996,7880.474270657001,87.56082522952224,0
2800,30.67606219471982,0,0,187,0.0,0.0,1.0,187,5100,3500,1600,0.6862745098039216,67,35,32,200.07603137750846,0.41628931631303545,0.7434947893606607,0.123776577823215,1022979.3095490382,-1565.2719128249119,1021414.0376362132,2799,2,1271.5508021390374,92,95,32,36.57800957048474,0.6106204710144927,41.74507168458782,7922.244243096511,86.11135046844034,0
2801,31.161982551627833,1,0,188,0.005319148936170213,0.0,1.0,188,5400,4100,1300,0.7592592592592593,67,41,26,196.5054526569422,0.41696237247316725,0.7415044703105633,0.1222557207246561,1040813.2906726694,-2094.9026370012266,1038718.3880356682,2800,0,1265.781914893617,83,105,34,36.46383104628473,0.6157128514056225,41.54265873015872,8054.04315899089,97.03666456615531,0
2802,31.398042267619125,0,0,188,0.0,0.0,1.0,188,4750,2500,2250,0.5263157894736842,70,25,45,198.48726138020874,0.4168118528842872,0.7460544372707965,0.12395027234044903,1049780.0895950778,-676.4049929607381,1049103.6846021172,2801,1,1266.781914893617,84,104,37,36.27661801178458,0.6166914682539683,41.409313725490186,8119.241297659669,96.65763449594844,0
2803,31.364583063934376,0,0,188,0.0,0.0,1.0,188,5900,4500,1400,0.7627118644067796,73,45,28,200.1104815928606,0.41721481871278493,0.7468090460332599,0.12543202742113965,1049742.5888989791,-1487.1009973779892,1048255.4879016011,2802,2,1267.781914893617,87,101,36,36.098704076497256,0.616977969348659,41.27604166666666,8114.7690817757,93.2732078365023,0
2804,31.294797894103866,0,0,188,0.0,0.0,1.0,188,6050,4300,1750,0.7107438016528925,78,43,35,200.3067709584493,0.41731674536352253,0.7480751468015674,0.12609798891155732,1048648.9975950175,-1639.701084585553,1047009.296510432,2803,3,1268.781914893617,89,99,38,35.93719728469024,0.6178604868913857,41.12268518518518,8101.513246497922,91.02823872469575,0
2805,31.822439949846743,0,0,188,0.0,0.0,1.0,188,6250,4700,1550,0.752,78,47,31,201.38887276801597,0.4173060786210035,0.750093199917877,0.12750311591003896,1067991.3314611933,-833.6859262037951,1067157.6455349894,2804,4,1269.781914893617,94,94,35,35.70349091473391,0.6183510638297872,40.92105263157893,8244.524244901035,87.70770473298973,0
2806,31.949268224304095,0,0,188,0.0,0.0,1.0,188,5450,3900,1550,0.7155963302752294,70,39,31,199.45710510527294,0.4171508182576706,0.7502991687382927,0.12703163602333634,1073980.5264831155,-207.39064964837598,1073773.1358334671,2805,5,1270.781914893617,95,93,38,35.54011829036934,0.6201754385964913,40.71180555555554,8284.068071701031,87.20071654422138,0
2807,31.927169983164823,1,0,189,0.005291005291005291,0.0,1.0,189,5050,3800,1250,0.7524752475247525,63,38,25,202.87013219114363,0.41796713760366244,0.7583450090824717,0.12681541454842157,1067769.1006255038,473.69171870303444,1068242.792344207,2806,0,1265.05291005291,70,119,42,36.12647492625369,0.6232142857142857,41.37323943661973,8257.22054670233,117.96029352431901,8
2808,31.851560977528255,1,0,190,0.005263157894736842,0.0,1.0,190,5550,4200,1350,0.7567567567567568,69,42,27,199.06522519470377,0.4184459992574028,0.7550963084190785,0.12510897625022663,1066820.455029418,-1076.629175450411,1065743.8258539676,2807,0,1259.3894736842105,72,118,44,36.02933068695555,0.6241319444444444,41.18150684931507,8243.773016701027,114.49684745418092,0
2809,31.587565617123232,1,1,190,0.005235602094240838,0.005235602094240838,0.9947643979057592,191,4400,3000,1400,0.6818181818181818,58,30,28,202.38072325128067,0.41906057683475706,0.7583474703178734,0.12786320719757494,1059503.1126276297,284.60124411271954,1059787.7138717424,2808,0,1253.7905759162304,75,116,37,35.753305198355996,0.6245833333333333,40.9950657894737,8181.335354533721,109.08447139378295,0
2810,32.0714742813682,0,0,190,0.0,0.0,1.0,190,6050,4700,1350,0.7768595041322314,74,47,27,206.09993502283336,0.41791689872830223,0.7598492157072914,0.13038016702187846,1076111.3462572836,307.2957081923132,1076418.6419654759,2809,2,1261.3894736842105,76,114,37,35.61064981635246,0.6245888157894737,40.94967532467535,8308.125825404815,109.31744507111598,0
2811,32.24122320213758,0,0,190,0.0,0.0,1.0,190,5200,3300,1900,0.6346153846153846,71,33,38,207.40755673854528,0.4183357699805068,0.7613505318485319,0.1316203742991573,1082734.305248267,1713.4553697100973,1084447.760617977,2810,3,1262.3894736842105,77,113,38,35.46347349616958,0.6252705627705628,40.83867521367523,8355.678117797614,108.51530023113784,0
2812,32.58786401435549,0,1,189,0.0,0.005263157894736842,0.9947368421052631,190,5550,4300,1250,0.7747747747747747,68,43,25,206.40742311364326,0.4186061217859463,0.7610569633961426,0.1314977628150978,1095536.4915670694,1675.3728302645895,1097211.864397334,2811,4,1263.3894736842105,81,109,40,35.34910020249529,0.625,40.70121951219516,8449.9933976249,104.32090614351728,0
2813,32.24638801138296,0,1,188,0.0,0.005291005291005291,0.9947089947089947,189,5400,4200,1200,0.7777777777777778,66,42,24,205.69044073509392,0.41866252016961236,0.7595820767773052,0.13155155281103778,1085199.3004904112,1443.0244806576202,1086642.3249710689,2812,5,1269.3227513227514,68,121,41,35.22827562797015,0.6325061274509804,40.56461352657004,8365.854136105305,123.02726670743095,0
2814,32.438366148762626,1,0,189,0.005291005291005291,0.0,1.0,189,4700,3400,1300,0.723404255319149,60,34,26,202.09093830848937,0.4195244193027881,0.7556751582834178,0.129828775727505,1092978.5308119345,1676.2113685634981,1094654.742180498,2813,0,1269.952380952381,71,118,40,35.161866744691515,0.6324823943661972,40.4079861111111,8420.740795822427,118.60198303975248,0
2815,32.56569332760793,0,0,189,0.0,0.0,1.0,189,5100,3600,1500,0.7058823529411765,66,36,30,199.27348506891752,0.41992312094262446,0.7515327606111952,0.12832887315145117,1097983.3347648035,859.7931332346407,1098843.1278980381,2814,1,1270.952380952381,75,114,43,35.14880009852563,0.6313888888888889,40.323464912280684,8456.546406042442,112.7539520805659,0
2816,32.0435254616317,0,0,189,0.0,0.0,1.0,189,5950,4600,1350,0.773109243697479,73,46,27,200.25786511210998,0.4196768640474314,0.7531490602004105,0.12929897531549153,1081133.4641186446,-448.90411486830544,1080684.5600037763,2815,2,1271.952380952381,76,113,42,35.03063916953097,0.6318530701754386,40.232683982683966,8323.860604900552,109.52448164342832,0
2817,31.541748296929107,0,1,188,0.0,0.005291005291005291,0.9947089947089947,189,5950,3800,2150,0.6386554621848739,81,38,43,246.81191660530908,0.4196240947127472,0.7893564593509752,0.14598900842682533,1038539.9271660448,7514.8059789975205,1046054.7331450423,2816,3,1272.952380952381,73,116,34,37.05042055220329,0.6013127853881279,43.384009009008984,8094.116996804807,110.87831502472338,8
2818,31.584322385772136,0,0,188,0.0,0.0,1.0,188,6000,4100,1900,0.6833333333333333,79,41,38,249.8880939987643,0.41933690787727085,0.7921467335770567,0.14875803308566773,1041864.1410666107,8469.88888335868,1050334.0299499694,2817,4,1279.436170212766,75,113,37,36.72847741017429,0.6027777777777779,43.14692982456138,8112.530174196361,108.16706898928481,0
2819,31.228419446791793,1,0,189,0.005291005291005291,0.0,1.0,189,5150,3000,2150,0.5825242718446602,73,30,43,253.5176503138928,0.4195490449923074,0.7952025322984795,0.1514732987313842,1031209.8148678051,9335.977849181858,1040545.792716987,2818,0,1273.6613756613756,78,111,35,36.496493928510326,0.6028311965811965,43.011603375527415,8025.341442747495,102.88899285573711,0
2820,30.883208492554903,3,0,192,0.015625,0.0,1.0,192,5750,4200,1550,0.7304347826086957,73,42,31,248.51897099713472,0.42239651505235604,0.7957478575145536,0.149563765927753,1021919.6368046735,6643.283316092667,1028562.9201207662,2819,0,1254.7447916666667,82,110,40,36.352733600025985,0.6039126016260163,42.74598393574297,7944.829413659516,96.8881635812136,0
2821,31.398827974023696,1,0,193,0.0051813471502590676,0.0,1.0,193,5450,4100,1350,0.7522935779816514,68,41,27,247.95832373396556,0.4229072215025907,0.7949791187767037,0.14995229818798397,1040416.2502271584,7545.973878380854,1047962.2241055393,2820,0,1249.238341968912,66,127,37,36.185177356363496,0.6133207070707071,42.568407960199,8083.050273536759,122.47045868995089,0
2822,30.968563252794347,2,1,194,0.010256410256410256,0.005128205128205128,0.9948717948717949,195,5450,3900,1550,0.7155963302752294,70,39,31,246.02683096449803,0.42452088289717155,0.7944410396493251,0.1503193141066819,1029139.5944527917,6189.190608661899,1035328.7850614536,2821,0,1237.4153846153847,70,125,41,35.8521369223765,0.6148809523809524,42.19483568075118,7983.855538117719,114.05507911596742,0
2823,30.87836629781183,5,2,197,0.02512562814070352,0.010050251256281407,0.9899497487437185,199,5400,4200,1200,0.7777777777777778,66,42,24,235.6310335960884,0.4276210598446779,0.7893360114342398,0.14543281517295498,1029056.4958348749,3295.5291484682366,1032352.0249833432,2822,0,1212.7587939698492,76,123,39,35.74569447355552,0.6156798245614035,41.82900432900434,7971.8985717998285,104.89340226052406,0
2824,31.41676731391358,2,1,198,0.010050251256281407,0.005025125628140704,0.9949748743718593,199,5550,3700,1850,0.6666666666666666,74,37,37,234.1850088473799,0.4275724159518129,0.7882344742301068,0.1450919552072708,1048110.2481044042,3740.341545071893,1051850.589649476,2823,0,1213.748743718593,81,118,41,35.64288875774566,0.6149691358024691,41.69207317073171,8115.2000325345425,100.18765472264867,0
2825,30.991852865604763,1,0,199,0.005025125628140704,0.0,1.0,199,6200,4700,1500,0.7580645161290323,77,47,30,231.7900254395389,0.42750896739590205,0.7860239543582586,0.14427215173838762,1035258.4461177741,1992.5163124273067,1037250.9624302015,2824,0,1214.7236180904522,66,133,39,35.53558897243109,0.623895202020202,41.52674129353234,8010.565203524238,121.37220005339755,0
2826,31.38459418609414,1,1,199,0.005,0.005,0.995,200,5800,3700,2100,0.6379310344827587,79,37,42,227.30332265935965,0.4284286013400335,0.7825453855583446,0.14206250348330898,1049569.7478931881,1914.1382117737685,1051483.8861049619,2825,0,1209.645,68,132,44,35.501308543965145,0.624234068627451,41.37983091787441,8116.689054981587,119.36307433796452,0
2827,31.015467034322825,0,0,199,0.0,0.0,1.0,199,5500,4200,1300,0.7636363636363637,68,42,26,226.77889270955018,0.4284596382586332,0.7815869684921584,0.14207391170290223,1037908.7505314358,1775.1594358144075,1039683.9099672502,2826,1,1205.4572864321608,69,130,43,35.42775141405423,0.6245471014492754,41.29464285714286,8023.867476067011,116.28793443575378,0
2828,30.78608850210147,2,1,200,0.009950248756218905,0.004975124378109453,0.9950248756218906,201,5100,3500,1600,0.6862745098039216,67,35,32,222.09332291171535,0.42969941956882257,0.7788559956556802,0.13969392779537196,1031361.4561247252,511.69858276128616,1031873.1547074865,2827,0,1194.452736318408,72,129,46,35.40414829106949,0.6244212962962963,41.15296803652969,7968.8876345337085,110.67899492407929,0
2829,30.86882266159087,1,3,198,0.004975124378109453,0.014925373134328358,0.9850746268656716,201,5100,3800,1300,0.7450980392156863,64,38,26,220.71057946926038,0.43006633499170815,0.7767762784191321,0.1393697993688904,1035244.7074435632,397.89185447113414,1035642.5992980343,2828,0,1191.7412935323382,74,127,37,35.29779142310648,0.6248592342342343,41.01388888888892,7994.596335704034,108.03508561762207,0
2830,30.886355356088163,0,1,197,0.0,0.005050505050505051,0.9949494949494949,198,5900,4300,1600,0.7288135593220338,75,43,32,220.3088017122031,0.4288362687791622,0.7740278048062712,0.13958235127998225,1036779.4227753354,182.32645430119646,1036961.7492296366,2829,2,1203.858585858586,76,122,39,35.18726396212954,0.6251370614035088,40.895562770562805,8002.791722607718,105.29989108694366,0
2831,30.52622057545626,1,0,198,0.005050505050505051,0.0,1.0,198,6200,4000,2200,0.6451612903225806,84,40,44,222.86844366811604,0.4296342229400605,0.776879118442902,0.14198472759530695,1026228.3092658614,-57.21877315047641,1026171.0904927109,2830,0,1203.6363636363637,81,117,40,34.922267946959316,0.625,40.70121951219516,7915.411768117639,97.72113293972394,0
2832,30.817167509314572,0,2,196,0.0,0.010101010101010102,0.98989898989899,198,5150,3500,1650,0.6796116504854369,68,35,33,224.53226927800304,0.4297282255721342,0.7791663856214308,0.14330401102221296,1036518.177199091,1796.3556948827463,1038314.5328939736,2831,1,1204.6363636363637,82,116,41,34.81402625891161,0.6252540650406504,40.63755020080325,7992.816061088124,97.47336659863566,0
2833,30.91391974124319,0,1,195,0.0,0.00510204081632653,0.9948979591836735,196,5400,3200,2200,0.5925925925925926,76,32,44,228.37675651372206,0.4285419937205652,0.7815811927700109,0.14593705640767374,1040118.6863172047,2907.7863940871484,1043026.4727112919,2832,2,1217.8469387755101,67,129,40,34.6701409393331,0.632773631840796,40.594362745098024,8019.245050524049,119.6902246346873,0
2834,30.899416482759744,1,0,196,0.00510204081632653,0.0,1.0,196,5200,3500,1700,0.6730769230769231,69,35,34,223.99866383301156,0.4284515088086516,0.7765633776446383,0.14362267269293033,1040578.1384117538,2217.6225236148493,1042795.7609353687,2833,0,1218.7908163265306,69,127,42,34.66289181957189,0.6328502415458936,40.47619047619046,8019.1342776685615,116.21933735751539,0
2835,31.050905963957455,0,0,196,0.0,0.0,1.0,196,5300,3900,1400,0.7358490566037735,67,39,28,221.0454675865036,0.42829779347636493,0.773600724088273,0.14222571881909454,1046665.5989460492,1772.1373451471154,1048437.7362911963,2834,1,1219.7908163265306,72,124,44,34.61452150655819,0.6325231481481481,40.353881278538786,8062.247216326568,111.97565578231345,0
2836,30.617719670463266,1,0,197,0.005076142131979695,0.0,1.0,197,4750,3500,1250,0.7368421052631579,60,35,25,221.03866614957155,0.428980411961739,0.7731400666590094,0.14296246994873374,1033504.6055392392,1538.8958935659903,1035043.5014328052,2835,0,1214.5939086294416,75,122,43,34.429509328128525,0.6329166666666667,40.17269736842101,7955.319514706219,106.07092686274959,0
2837,30.564451533150713,0,0,197,0.0,0.0,1.0,197,6150,4600,1550,0.7479674796747967,77,46,31,226.21307288455233,0.42863293794675233,0.7788509241147537,0.1470617543735408,1033122.0300287233,1191.1418155043639,1034313.1718442277,2836,1,1215.5939086294416,75,122,36,34.11285362853624,0.6347222222222222,39.994517543859615,7946.924966884095,105.9589995584546,0
2838,30.783361035704374,0,1,196,0.0,0.005076142131979695,0.9949238578680203,197,5200,3400,1800,0.6538461538461539,70,34,36,232.25962423832527,0.42846783383404125,0.781656200258164,0.15160735146310125,1041647.2994984225,3786.5220740735986,1045433.8215724961,2837,2,1216.5939086294416,76,121,39,33.8117524700988,0.6356907894736843,39.853896103896076,8008.171438265563,105.37067681928372,0
2839,31.28641219013934,0,0,196,0.0,0.0,1.0,196,4900,3500,1400,0.7142857142857143,63,35,28,239.18646699750786,0.42728011076225364,0.7868825853492876,0.15660940121891861,1059533.1824911016,6585.199717334019,1066118.3822084356,2838,5,1223.7908163265306,75,121,41,33.52292676076117,0.6372222222222222,39.74780701754383,8142.357383036736,108.56476510715648,0
2840,31.04142718478975,0,1,195,0.0,0.00510204081632653,0.9948979591836735,196,5200,3600,1600,0.6923076923076923,68,36,32,245.26996539693587,0.42738585818942965,0.7916894366241436,0.16098628637871484,1051918.1215716468,7200.7842556571295,1059118.9058273039,2839,6,1224.7908163265306,77,119,41,33.278188160459614,0.6371753246753247,39.66346153846151,8081.217702193997,104.95087924927269,0
2841,30.66718032062152,0,0,195,0.0,0.0,1.0,195,6050,4600,1450,0.7603305785123967,75,46,29,251.1861119539265,0.4266796634064675,0.7945402813426448,0.16547860533087447,1040248.1609089627,7209.178201189167,1047457.3391101519,2840,10,1232.0410256410257,66,129,39,32.99421496647368,0.6440972222222222,39.536691542288565,7987.675247378318,121.02538253603512,0
2842,30.719751895954886,0,0,195,0.0,0.0,1.0,195,4700,3300,1400,0.7021276595744681,61,33,28,247.54522446076348,0.4266796634064675,0.7911822608118897,0.1635875784023933,1042884.0945845002,7932.195456096274,1050816.2900405964,2841,11,1233.0410256410257,67,128,41,32.97986478542034,0.644589552238806,39.43014705882354,8004.641233918422,119.472257222663,0
2843,30.977201422633822,0,1,194,0.0,0.005128205128205128,0.9948717948717949,195,6000,4800,1200,0.8,72,48,24,217.91802905006614,0.42656401445061237,0.7783788089568622,0.14495167496887448,1053424.606224146,912.0427882416698,1054336.6490123877,2842,12,1234.0410256410257,71,124,41,33.52403010466364,0.6446596244131455,39.20717592592593,8078.631840920112,113.78354705521285,8
2844,30.665081951889093,0,0,194,0.0,0.0,1.0,194,5850,3800,2050,0.6495726495726496,79,38,41,200.11874296792735,0.42638892598329864,0.7552276612351017,0.12561389318074373,1026728.3196301014,-3556.483861210022,1023171.8357688914,2843,13,1237.6494845360826,77,117,40,36.04740800949583,0.6213474025974026,41.22596153846157,7935.327096444445,103.05619605772006,8
2845,30.81277712210533,0,0,194,0.0,0.0,1.0,194,5750,4400,1350,0.7652173913043478,71,44,27,198.44678065226225,0.42621365489735236,0.7518184306342293,0.12521286718312918,1033143.4565914116,-3545.201417496357,1029598.2551739153,2844,14,1238.6494845360826,84,110,34,35.90272190935909,0.6204117063492063,41.0416666666667,7979.225408911949,94.9907786775232,0
2846,31.04106001242655,0,0,194,0.0,0.0,1.0,194,4950,3200,1750,0.6464646464646465,67,32,35,203.8291283814443,0.42599720901661237,0.766743665426131,0.12399935130467309,1030291.6679481769,-1749.3094686917111,1028542.3584794851,2845,15,1239.6494845360826,75,119,41,37.100356420895814,0.6108333333333333,42.351973684210535,7997.667846951695,106.63557129268926,8
2847,31.546129819149016,2,0,196,0.01020408163265306,0.0,1.0,196,4300,2800,1500,0.6511627906976745,58,28,30,200.28652104860592,0.4274316457352172,0.7651574995520967,0.12241902969458664,1048445.099223361,-1502.1157132187063,1046942.9835101423,2846,0,1227.9897959183672,80,116,43,37.01730430300613,0.6104166666666666,42.18106995884773,8133.189436912266,101.66486796140332,0
2848,32.02068960672052,0,0,196,0.0,0.0,1.0,196,6000,4600,1400,0.7666666666666667,74,46,28,202.3088272052055,0.4268871009942439,0.7665927413148892,0.12408395480598572,1065252.2955666154,-2098.01148125305,1063154.2840853625,2847,1,1228.9897959183672,82,114,37,36.83728247295614,0.6108993902439024,42.05572289156626,8259.553633119049,100.72626381852498,0
2849,31.90678629685771,1,2,195,0.005076142131979695,0.01015228426395939,0.9898477157360406,197,6000,4300,1700,0.7166666666666667,77,43,34,201.7195580903846,0.427576487447771,0.7676547505223681,0.1243354704898079,1062931.625865346,-2517.1804300298636,1060414.4454353163,2848,0,1223.746192893401,88,109,38,36.67050194975966,0.6105587121212122,41.87734082397002,8235.86452470619,93.58936959893398,0
2850,31.50365969427848,0,0,195,0.0,0.0,1.0,195,5250,4300,950,0.819047619047619,62,43,19,204.25789733812624,0.4259780597409463,0.7677964706850549,0.126057293178962,1049867.5987658068,-1361.2503585338818,1048506.3484072728,2849,1,1237.1948717948717,87,108,38,36.55910897141981,0.6113505747126438,41.83238636363635,8133.224644083939,93.485340736597,0
2851,31.391035112682783,2,0,197,0.01015228426395939,0.0,1.0,197,5100,3700,1400,0.7254901960784313,65,37,28,201.94692639922005,0.42674557132497665,0.7688029640969123,0.1252569065590231,1047573.5224035078,-2189.1493946813216,1045384.3730088265,2850,0,1225.6243654822335,72,125,41,36.43514682868451,0.6193576388888888,41.65239726027398,8109.79866888018,112.63609262333584,0
2852,31.535675965595704,2,2,197,0.010050251256281407,0.010050251256281407,0.9899497487437185,199,5550,4100,1450,0.7387387387387387,70,41,29,199.83385147522338,0.42734294367460196,0.7702970874132216,0.12495990537849655,1054774.9341758254,-3194.052492823605,1051580.8816830018,2851,0,1214.2964824120604,74,125,43,36.192630580317164,0.6213400900900901,41.36111111111113,8156.3521921017555,110.22097556894263,0
2853,32.033569124848825,0,0,197,0.0,0.0,1.0,197,5050,3500,1550,0.693069306930693,66,35,31,201.24772781558534,0.4270164283987707,0.7704501118385438,0.1266077477523369,1073212.331266249,-1253.6913737998657,1071958.6398924491,2852,1,1224.1573604060914,75,122,44,35.936452045607,0.6230555555555555,41.14583333333334,8292.022841171825,110.56030454895767,0
2854,31.65292367672713,0,0,197,0.0,0.0,1.0,197,6100,4100,2000,0.6721311475409836,81,41,40,204.04241727883948,0.42636248661901305,0.7731243603130467,0.12877227105901087,1061378.1752541822,-2186.7662948264147,1059191.4089593557,2853,2,1225.1573604060914,78,119,37,35.74974541751529,0.6228632478632479,41.033755274261615,8197.038779152463,105.0902407583649,0
2855,31.747983045542416,0,1,196,0.0,0.005076142131979695,0.9949238578680203,197,4100,2400,1700,0.5853658536585366,58,24,34,203.24586118827094,0.42631068925031945,0.7722308287358217,0.12861894574433377,1065357.207822349,-194.11136460286434,1065163.096457746,2854,3,1226.1573604060914,79,118,38,35.67216190859134,0.6234177215189873,40.937500000000014,8224.711857735867,104.11027668020084,0
2856,32.189891134793015,0,0,196,0.0,0.0,1.0,196,5100,3600,1500,0.7058823529411765,66,36,30,207.25857091402094,0.42562630821559394,0.7756787549840045,0.13156469706869522,1081097.4123943318,513.3409423391095,1081610.7533366708,2855,4,1233.265306122449,81,115,38,35.45669542201745,0.6237139917695473,40.82825203252033,8342.710352287206,102.99642410231118,0
2857,32.65164173938726,0,2,194,0.0,0.01020408163265306,0.9897959183673469,196,5450,3800,1650,0.6972477064220184,71,38,33,202.7806025097144,0.4255205607884179,0.7704944913970873,0.12915207669778922,1097599.5873910282,-135.6188708864438,1097463.9685201417,2856,5,1234.265306122449,84,112,38,35.45290197561205,0.6237599206349207,40.710784313725505,8466.218577474989,100.78831639851177,0
2858,32.758706001913865,0,0,194,0.0,0.0,1.0,194,5250,4000,1250,0.7619047619047619,65,40,25,210.80305156368402,0.4248181632035326,0.778267710015319,0.13458964061373696,1101927.3713241464,2407.9304953358765,1104335.3018194824,2857,6,1247.778350515464,83,111,40,35.15729585006694,0.625,40.62500000000001,8496.78936924643,102.37095625598108,0
2859,32.54040105152255,0,0,194,0.0,0.0,1.0,194,6150,4400,1750,0.7154471544715447,79,44,35,217.11338717296846,0.424840419849367,0.7815941387953238,0.13425582921103896,1085014.0076693634,2164.2132670423034,1087178.2209364057,2858,7,1248.778350515464,87,107,38,36.154657132379874,0.6120689655172413,41.76136363636362,8403.188794270976,96.5883769456434,8
2860,32.31697499081887,1,0,195,0.005128205128205128,0.0,1.0,195,5250,3600,1650,0.6857142857142857,69,36,33,218.20308378242402,0.42569389373513083,0.7837407016953273,0.13562329108681337,1079100.1521128118,2842.5961802195443,1081942.7482930312,2859,0,1243.3692307692309,69,126,38,35.938519712848894,0.6216787439613527,41.57738095238094,8351.437316823789,121.03532343222882,0
2861,32.458433385294875,0,1,194,0.0,0.005128205128205128,0.9948717948717949,195,4850,3000,1850,0.6185567010309279,67,30,37,212.57492361446174,0.42554079654595117,0.777785702156564,0.13263972506522181,1084990.059723487,2278.3358136340003,1087268.395537121,2860,1,1244.3692307692309,72,123,39,35.941983995584984,0.6215277777777778,41.438356164383556,8392.50589243068,116.56258183931499,0
2862,32.571476630928196,2,0,196,0.01020408163265306,0.0,1.0,196,5900,4200,1700,0.711864406779661,76,42,34,205.72205414290832,0.4257015306122449,0.7713906872740028,0.12932773536536185,1091014.1533975014,-210.8654528158595,1090803.2879446857,2861,0,1238.8214285714287,79,117,42,35.84720964550422,0.6210443037974683,41.17187500000001,8430.414224864484,106.71410411220866,0
2863,32.15401560560027,1,1,196,0.005076142131979695,0.005076142131979695,0.9949238578680203,197,5450,3900,1550,0.7155963302752294,70,39,31,203.88593341870052,0.42582293069512067,0.770117512942565,0.12873383420786963,1078318.8846856263,-879.1895345719031,1077439.6951510543,2862,0,1233.527918781726,84,113,40,35.73686099149826,0.6206597222222222,41.0171568627451,8327.338379818018,99.13498071211927,0
2864,32.250316362905004,0,0,196,0.0,0.0,1.0,196,5550,4100,1450,0.7387387387387387,70,41,29,207.4269030448897,0.4254655067155067,0.7739052574672267,0.13128756677751416,1082265.0454794816,148.177331509135,1082413.2228109906,2863,2,1240.8214285714287,84,112,40,35.55759224219491,0.6215277777777778,40.93137254901961,8355.045194997701,99.46482374997264,0
2865,32.003295742179,0,0,196,0.0,0.0,1.0,196,5900,4500,1400,0.7627118644067796,73,45,28,208.29435464725782,0.425281266352695,0.7755674668370869,0.13244584647482482,1075324.7899434033,-303.1833685081965,1075021.606574895,2864,3,1241.8214285714287,86,110,42,35.36903607223684,0.6224563953488372,40.76867816091954,8296.256658452085,96.4681006796754,0
2866,31.79975563809041,1,1,196,0.005076142131979695,0.005076142131979695,0.9949238578680203,197,4800,3300,1500,0.6875,63,33,30,208.48331977761873,0.4252315774025346,0.7768872749016644,0.13316581414197173,1069795.0126281905,406.88314285288834,1070201.8957710434,2865,0,1236.51269035533,68,129,45,35.202052535599236,0.632046568627451,40.6099033816425,8248.541687404415,121.30208363830022,0
2867,31.409024560869902,0,3,193,0.0,0.015306122448979591,0.9846938775510204,196,4650,3100,1550,0.6666666666666666,62,31,31,207.09012084180338,0.42462606837606837,0.7745710166163036,0.13266853516676558,1057497.267923544,-50.5525991673594,1057446.7153243765,2866,1,1243.7908163265306,69,127,44,35.13208701303665,0.6325483091787439,40.50595238095237,8150.454915066193,118.12253500095932,0
2868,31.87298372825082,0,0,193,0.0,0.0,1.0,193,4550,2700,1850,0.5934065934065934,64,27,37,208.83107625433414,0.42365383923431205,0.7735828891098018,0.13422687592882043,1074075.2167866235,1710.0566999313537,1075785.2734865549,2867,2,1257.2901554404145,70,123,44,34.968800037675415,0.6331845238095238,40.390258215962426,8274.537075577988,118.20767250825696,0
2869,32.22233805296735,0,0,193,0.0,0.0,1.0,193,5500,4000,1500,0.7272727272727273,70,40,30,207.34110483958062,0.4239979130685089,0.7687771411763422,0.12525180338567815,1067371.5745966216,162.00031024519922,1067533.5749068668,2868,3,1258.2901554404145,72,121,39,37.27166260117527,0.6096643518518519,42.60844748858447,8293.757617000914,115.19107801390159,7
2870,32.58829077657068,0,1,192,0.0,0.0051813471502590676,0.9948186528497409,193,5500,3800,1700,0.6909090909090909,72,38,34,205.75198667890723,0.42412497301381696,0.7658941063899618,0.12479276403152494,1080725.7432846064,372.2937471689929,1081098.0370317753,2869,4,1259.2901554404145,75,118,41,37.16271953166578,0.6097222222222223,42.46162280701752,8392.735522090992,111.90314029454656,0
2871,33.01784401610018,1,0,193,0.0051813471502590676,0.0,1.0,193,5450,3500,1950,0.6422018348623854,74,35,39,203.49187374018624,0.42438021732872766,0.7643099392478712,0.12406276244933395,1096573.776745875,578.770504873768,1097152.5472507486,2870,0,1258.259067357513,78,115,40,37.02867594392713,0.610309829059829,42.27320675105482,8509.583058263292,109.09721869568322,0
2872,33.13836187870241,1,0,194,0.005154639175257732,0.0,1.0,194,5950,4100,1850,0.6890756302521008,78,41,37,199.68146816350554,0.4250468502394815,0.7627740377647108,0.12248351340744856,1102462.4104299915,-721.7374580527403,1101740.6729719387,2871,0,1252.7680412371135,80,114,45,36.90173496859109,0.61171875,42.05246913580245,8547.958623495477,106.84948279369345,0
2873,32.76811132851083,1,0,195,0.005128205128205128,0.0,1.0,195,4600,3300,1300,0.717391304347826,59,33,26,199.29588477541395,0.42550224689399946,0.7646695597074651,0.12260740773251828,1091043.6856312843,-111.89666869702614,1090931.7889625872,2872,0,1247.3384615384616,81,114,40,36.80323094089463,0.6123971193415638,41.946138211382106,8455.937671841557,104.3942922449575,0
2874,32.37643836840452,0,0,195,0.0,0.0,1.0,195,5550,3900,1650,0.7027027027027027,72,39,33,197.4114222459551,0.42533042558815753,0.7631225935440613,0.12184069508015408,1078974.6307990348,-1949.61671333175,1077025.014085703,2873,1,1248.3384615384616,82,113,42,36.73324502130832,0.6131859756097561,41.82981927710843,8358.630944734537,101.93452371627485,0
2875,32.756680869432024,0,0,195,0.0,0.0,1.0,195,5100,3800,1300,0.7450980392156863,64,38,26,195.198644163548,0.42565424266455193,0.7604430079724196,0.12073097014273482,1092292.3094950216,-1457.2044312603362,1090835.1050637614,2874,2,1249.3384615384616,83,112,42,36.71253501400557,0.6135793172690763,41.753472222222214,8459.299096055562,101.91926621753689,0
2876,32.39840015427833,1,0,196,0.00510204081632653,0.0,1.0,196,5350,3900,1450,0.7289719626168224,68,39,29,190.7672148049696,0.42604929792429796,0.7562283600698971,0.11846940011090026,1081562.8449776147,-3284.6536854161295,1078278.1912921986,2875,0,1243.9591836734694,70,126,47,36.67870864562043,0.6208333333333333,41.60798122065729,8371.488021084968,119.59268601549954,0
2877,32.30893218626659,0,0,196,0.0,0.0,1.0,196,6150,4400,1750,0.7154471544715447,79,44,35,201.59401515846514,0.4262755102040816,0.7669805796818592,0.12115741192544137,1068679.3607885793,-2262.127348330041,1066417.2334402492,2876,1,1244.9591836734694,82,114,44,37.611109755700824,0.6034044715447154,42.796184738955795,8309.980625318043,101.34122713802492,8
2878,31.806853756928852,0,1,195,0.0,0.00510204081632653,0.9948979591836735,196,6350,5000,1350,0.7874015748031497,77,50,27,202.39222577442985,0.42647828362114076,0.7676110471172948,0.12212187625765109,1053264.6269838628,-2915.485563052306,1050349.1414208105,2877,2,1245.9591836734694,71,125,41,37.44190840266843,0.6097417840375587,42.650462962962955,8185.479088950369,115.28843787254041,0
2879,31.767187534819953,2,0,197,0.01015228426395939,0.0,1.0,197,4250,2800,1450,0.6588235294117647,57,28,29,199.68989297431116,0.4270272195172485,0.765610420311228,0.12109136864318905,1053434.8781183898,-1577.9403866264884,1051856.9377317633,2878,0,1240.3299492385786,73,124,46,37.326398378427626,0.610587899543379,42.46903153153152,8181.034571361619,112.06896673098107,0
2880,31.8705036709489,0,1,196,0.0,0.005076142131979695,0.9949238578680203,197,4850,3500,1350,0.7216494845360825,62,35,27,199.43958786937554,0.42698621326703273,0.7658391394855573,0.12139118222285614,1057975.0104443568,-2049.579988175851,1055925.430456181,2879,1,1241.3299492385786,74,123,42,37.19443995256577,0.6114864864864865,42.333333333333336,8211.966445881166,110.97251953893468,0
2881,31.856278910671968,1,0,197,0.005076142131979695,0.0,1.0,197,5500,4200,1300,0.7636363636363637,68,42,26,191.66823287889133,0.42714700093235264,0.7510736137113743,0.11722964010964707,1058951.8242850152,-4306.515027082689,1054645.3092579325,2880,0,1242.233502538071,84,113,45,37.214828897338386,0.6091269841269842,42.156862745098024,8213.922895594795,97.78479637612851,8
2882,32.147226757967516,1,2,196,0.005050505050505051,0.010101010101010102,0.98989898989899,198,5700,4300,1400,0.7543859649122807,71,43,28,194.0427388913794,0.427933095763045,0.7562869401237786,0.11923088053522432,1070007.4190953712,-3774.5659529277855,1066232.8531424433,2881,0,1236.9545454545455,86,112,37,36.98344470741103,0.6101017441860466,41.98994252873562,8294.307823364927,96.44543980656891,0
2883,32.02144765862349,1,1,196,0.005076142131979695,0.005076142131979695,0.9949238578680203,197,6150,4700,1450,0.7642276422764228,76,47,29,197.09470372802042,0.42728620636071685,0.7607323981687719,0.12163654466067092,1067123.0164560718,-3485.1410460479337,1063637.8754100238,2882,0,1244.2233502538072,87,110,40,36.744039431453416,0.6113505747126438,41.83238636363635,8266.900727208524,95.02184743917843,0
2884,31.661261086053234,0,0,196,0.0,0.0,1.0,196,5550,4200,1350,0.7567567567567568,69,42,27,197.385535900104,0.42761098028955175,0.7611504279131007,0.12237903225806457,1056474.718878375,-3043.4342898560253,1053431.2845885188,2883,1,1241.6530612244899,82,114,42,36.56754032258064,0.6148373983739837,41.66666666666667,8179.159113897096,99.74584285240361,0
2885,31.881902450549074,1,0,197,0.005076142131979695,0.0,1.0,197,5700,4300,1400,0.7543859649122807,71,43,28,193.3166343126064,0.42830596705687346,0.7583321107032039,0.1205089025818783,1065439.170084991,-3906.5771148701187,1061532.592970121,2884,0,1236.3451776649747,74,123,41,36.47445023459047,0.6202139639639639,41.47222222222226,8242.357391868418,111.38320799822186,0
2886,32.30710414807966,0,1,196,0.0,0.005076142131979695,0.9949238578680203,197,5150,3600,1550,0.6990291262135923,67,36,31,195.21172150850956,0.42781712938982697,0.760709067552068,0.12214972176089563,1080772.389332961,-2354.1122638892675,1078418.2770690718,2885,1,1237.3451776649747,75,122,45,36.288328387734936,0.6211111111111112,41.33771929824564,8356.62924181145,111.42172322415267,0
2887,31.949268794805196,0,2,194,0.0,0.01020408163265306,0.9897959183673469,196,4400,2900,1500,0.6590909090909091,59,29,30,196.655808674698,0.42781375370661084,0.7614498260325224,0.12346663151150447,1069788.359184601,-1523.981022754689,1068264.3781618464,2886,2,1235.0663265306123,78,118,44,36.129263052413464,0.6209935897435898,41.218354430379755,8267.884353465826,105.99851735212597,0
2888,31.74115427636915,0,1,193,0.0,0.005154639175257732,0.9948453608247423,194,5750,4000,1750,0.6956521739130435,75,40,35,197.93491357477438,0.4268585412104054,0.7599250288811692,0.12481030369421647,1064085.9961447837,-2426.0460633907323,1061659.950081393,2887,3,1248.2835051546392,82,112,47,35.939014637456395,0.6209349593495934,41.064257028112465,8218.91936533699,100.23072396752426,0
2889,31.315124863556406,0,2,191,0.0,0.010362694300518135,0.9896373056994818,193,4850,3100,1750,0.6391752577319587,66,31,35,197.65828835109784,0.425832973517559,0.7581019322396463,0.12496023992366072,1050550.2524936728,-1920.0070530572166,1048630.2454406156,2888,4,1255.6632124352332,86,107,34,35.85232350312778,0.6203972868217054,40.972222222222236,8111.4872042406905,94.31961865396151,0
2890,31.359395120725623,2,0,193,0.010362694300518135,0.0,1.0,193,5400,3900,1500,0.7222222222222222,69,39,30,197.66459128779167,0.4267876097438112,0.7601489146334117,0.1256082188049941,1053510.2708517974,-2351.6645789174013,1051158.60627288,2889,0,1249.0155440414508,87,106,37,35.667070052059586,0.6218869731800767,40.790719696969724,8128.646239981721,93.43271540208875,0
2891,31.8623301535809,0,0,193,0.0,0.0,1.0,193,5300,3900,1400,0.7358490566037735,67,39,28,199.3415029492206,0.42709457757628094,0.7630606140144951,0.12706248573477472,1071297.1493734445,-1189.2032277359153,1070107.9461457087,2890,1,1250.0155440414508,89,104,40,35.513603734285525,0.6223080524344569,40.6828703703704,8262.447998738282,92.83649436784586,0
2892,31.7412086785361,1,0,194,0.005154639175257732,0.0,1.0,194,4350,3200,1150,0.735632183908046,55,32,23,202.06090436228914,0.42760302601356764,0.7584711044117238,0.12787396954850835,1065141.006651494,-105.32898452767677,1065035.6776669663,2891,0,1244.5670103092784,76,118,33,35.70147954743255,0.6247258771929824,40.93614718614721,8222.999813230124,108.19736596355426,8
2893,31.726774685748904,0,0,194,0.0,0.0,1.0,194,5250,3900,1350,0.7428571428571429,66,39,27,198.89510281085595,0.4274472294927265,0.7565164497488215,0.12646435062294467,1066022.3424619574,-1644.675319471683,1064377.6671424857,2892,1,1245.5670103092784,78,116,40,35.614085283146835,0.625534188034188,40.770042194092845,8224.530463104258,105.44269824492639,0
2894,31.256657328665934,0,0,194,0.0,0.0,1.0,194,5150,3700,1450,0.7184466019417476,66,37,29,199.16369322478374,0.4273214794437619,0.7582563347726847,0.12726318672560044,1051636.511996586,-2060.4376681463773,1049576.0743284398,2893,2,1246.5670103092784,71,123,39,35.42968023796243,0.630575117370892,40.59606481481479,8108.099911790744,114.19859030691188,0
2895,31.181702250284474,0,0,194,0.0,0.0,1.0,194,5200,3500,1700,0.6730769230769231,69,35,34,198.11411505464204,0.427140644196357,0.7580629590042416,0.12711613820029552,1050285.1935031726,-2384.735666825329,1047900.4578363473,2894,3,1247.5670103092784,71,123,43,35.30936454849496,0.6320422535211268,40.45138888888887,8093.167511141503,113.9882748048099,0
2896,31.58750664526052,1,1,194,0.005128205128205128,0.005128205128205128,0.9948717948717949,195,5000,3500,1500,0.7,65,35,30,194.88689982556014,0.4278625870120716,0.7560126148361443,0.12566844919786074,1065377.6233392276,-2474.3715687790886,1062903.2517704486,2895,0,1242.1641025641027,74,121,43,35.216131907308345,0.6323198198198199,40.277777777777764,8203.977420366245,110.86455973467899,0
2897,32.094792628375814,0,2,192,0.0,0.010309278350515464,0.9896907216494846,194,4900,3000,1900,0.6122448979591837,68,30,38,195.66537689231032,0.4273776774744939,0.7562406240458723,0.1264725825897562,1083182.027497593,-1311.756069341467,1081870.2714282516,2896,1,1249.4484536082475,74,120,48,35.110949249795084,0.6331644144144144,40.194444444444436,8338.405429255501,112.68115444939866,0
2898,32.05215481140129,1,0,193,0.0051813471502590676,0.0,1.0,193,6100,4400,1700,0.7213114754098361,78,44,34,202.30959843518997,0.42744090025906734,0.7625934648548669,0.13157406211566572,1083522.7478511862,-858.5895973667648,1082664.1582538194,2897,0,1244.9740932642487,75,118,36,34.72037364046876,0.6348611111111111,39.98081140350875,8334.175286829639,111.12233715772852,0
2899,31.92324731115298,0,0,193,0.0,0.0,1.0,193,5600,4100,1500,0.7321428571428571,71,41,30,205.78641517640278,0.42709907527345997,0.7676411924507696,0.13437957725831576,1080331.1188165222,263.4936289528887,1080594.612445475,2898,1,1245.9740932642487,76,117,38,34.48663616036607,0.635827850877193,39.84036796536797,8305.140273820116,109.2781614976331,0
2900,31.52259159389997,1,1,193,0.005154639175257732,0.005154639175257732,0.9948453608247423,194,4900,3500,1400,0.7142857142857143,63,35,28,208.16646602582676,0.42727752256823887,0.772062747734904,0.13658917477040827,1068133.1936747779,769.902434431548,1068903.0961092093,2899,0,1240.5463917525774,79,115,40,34.25537479784591,0.636207805907173,39.67447916666666,8206.135074698437,103.87512752782831,0
2901,31.200825101135457,0,0,193,0.0,0.0,1.0,193,5450,3700,1750,0.6788990825688074,72,37,35,214.7380934213111,0.4263164759643063,0.7759560571921036,0.13916143976264228,1053743.0353472026,1205.7540732888428,1054948.7894204913,2900,1,1247.9533678756477,67,126,44,34.523213092852366,0.6377487562189055,40.10416666666668,8108.964440347211,121.02932000518226,8
2902,31.272605947399484,1,0,194,0.005154639175257732,0.0,1.0,194,5300,3400,1900,0.6415094339622641,72,34,38,212.8285808426906,0.4267850942791518,0.7738619480475668,0.1383619996219431,1057061.7979781416,894.5924653422635,1057956.3904434838,2901,0,1242.5154639175257,70,124,40,34.460463454087225,0.637202380952381,39.99413145539907,8131.061071006673,116.15801530009533,0
2903,30.977411240528717,0,0,194,0.0,0.0,1.0,194,4650,3200,1450,0.6881720430107527,61,32,29,213.86900986430433,0.4271339672026067,0.7758197799854027,0.13958543253611827,1048178.7447923621,1384.5900619104132,1049563.3348542724,2902,1,1243.5154639175257,71,123,43,34.29459104981183,0.6380575117370892,39.858217592592595,8058.518974478402,113.50026724617467,0
2904,31.43116218122211,0,1,193,0.0,0.005154639175257732,0.9948453608247423,194,4850,3400,1450,0.7010309278350515,63,34,29,215.5361746612481,0.42698429125937004,0.7787356519466588,0.14108677983284357,1064360.484971313,2231.637478261692,1066592.1224495748,2903,2,1244.5154639175257,71,123,43,34.14776517678456,0.6390845070422535,39.75694444444446,8179.741685703487,115.20762937610544,0
2905,31.9311394490938,0,2,191,0.0,0.010362694300518135,0.9896373056994818,193,5650,4200,1450,0.7433628318584071,71,42,29,217.87532085202182,0.4264930105785838,0.7805094256973046,0.14279762832235793,1081652.0281449906,2883.0565364659483,1084535.0846814564,2904,3,1251.9326424870467,71,122,44,34.042542104385525,0.639524647887324,39.713541666666664,8311.243197752405,117.05976334862542,0
2906,32.17966028553015,0,0,191,0.0,0.0,1.0,191,5000,3300,1700,0.66,67,33,34,218.96915728411875,0.4260298980435382,0.7800120726269404,0.14381297798534354,1090669.7052296055,4564.605245889135,1095234.3104754947,2905,4,1265.1570680628272,70,121,44,33.94098200533451,0.6407738095238096,39.642018779342735,8378.231388307215,119.68901983296021,0
2907,32.44482398436225,1,0,192,0.005208333333333333,0.0,1.0,192,4700,3300,1400,0.7021276595744681,61,33,28,231.81406461578132,0.426497054973822,0.7912400033448896,0.1486050161589585,1092564.7969123083,7554.377285671456,1100119.1741979797,2906,0,1259.5625,65,127,38,34.466984431064915,0.6350961538461539,40.48295454545454,8419.98486071445,129.53822862637617,7
2908,32.32923103514102,1,0,193,0.0051813471502590676,0.0,1.0,193,5900,4600,1300,0.7796610169491526,72,46,26,214.79845955325166,0.42722838406735747,0.7624280114164568,0.13508436456349038,1083011.510046144,2025.8408072709708,1085037.350853415,2907,0,1254.0310880829015,81,112,42,35.59866182436856,0.6203703703703703,41.15853658536588,8368.145472205779,103.3104379284664,8
2909,32.584636168316365,0,0,193,0.0,0.0,1.0,193,5500,3800,1700,0.6909090909090909,72,38,34,213.03070550687008,0.42728797855497985,0.7605494728049504,0.13480179672724735,1093412.06767214,2486.0688371845363,1095898.1365093244,2908,1,1255.0310880829015,85,108,33,35.42114737235832,0.621078431372549,40.93992248062017,8441.37837170487,99.31033378476317,0
2910,32.094960146196954,1,0,194,0.005154639175257732,0.0,1.0,194,4200,2900,1300,0.6904761904761905,55,29,26,221.09991325014997,0.42782392322347457,0.7684713528489808,0.1405078846126563,1078236.8667404535,4679.61553988557,1082916.482280339,2909,0,1249.5567010309278,88,106,35,35.057701569813794,0.6215672348484849,40.78885767790262,8319.371282277902,94.53831002588525,0
2911,32.509404000231584,0,0,194,0.0,0.0,1.0,194,5000,3600,1400,0.72,64,36,28,224.67379558394154,0.4278077871552446,0.7695731379124733,0.1434455771805169,1093541.4265507618,5338.020586287671,1098879.4471370494,2910,1,1250.5567010309278,89,105,37,34.79752342704147,0.6228932584269663,40.62500000000001,8432.126662560091,94.74299620854035,0
2912,32.25645805114245,0,0,194,0.0,0.0,1.0,194,5650,4000,1650,0.7079646017699115,73,40,33,222.67926710775157,0.42777662785107634,0.7642651117956969,0.14276892767089858,1086262.3117482516,3927.619093374471,1090189.9308416261,2911,2,1251.5567010309278,77,117,35,34.69908360349234,0.6289231601731602,40.47809829059829,8371.257335842029,108.71762773820817,0
2913,32.41241483888959,1,0,195,0.005128205128205128,0.0,1.0,195,5050,3900,1150,0.7722772277227723,62,39,23,217.66901720700034,0.4282513877874703,0.7590646531074972,0.14039308283326002,1093271.269119408,3544.2565379745156,1096815.5256573826,2912,0,1246.1333333333334,81,114,34,34.61577651700416,0.6293724279835391,40.26930894308944,8418.498904928083,103.93208524602572,0
2914,32.437617620754004,0,0,195,0.0,0.0,1.0,195,6350,5100,1250,0.8031496062992126,76,51,25,220.2890952605782,0.4280751608071196,0.7610455211237983,0.14300800249493426,1096023.7543591345,2938.4162463751163,1098962.1706055095,2913,1,1247.1333333333334,85,110,38,34.31704873730313,0.6301470588235294,40.04360465116279,8432.366150395132,99.20430765170742,0
2915,32.11229170178209,3,2,196,0.015151515151515152,0.010101010101010102,0.98989898989899,198,5200,3900,1300,0.75,65,39,26,219.00970713500507,0.42917596010870124,0.766849357414725,0.14316828223617462,1087038.8627105472,2814.41259332114,1089853.2753038683,2914,0,1229.2222222222222,89,109,31,34.10467913645598,0.6312031835205992,39.80324074074074,8355.514233191698,93.88218239541233,0
2916,32.09890649323613,0,0,196,0.0,0.0,1.0,196,6200,4400,1800,0.7096774193548387,80,44,36,227.46862190217036,0.4278344671201814,0.7824152043815491,0.14602230982195913,1081321.7531257865,3793.353803272298,1085115.106929059,2915,1,1242.765306122449,70,126,40,34.52996646318486,0.6327380952380952,40.43427230046948,8331.776022276013,119.02537174680019,8
2917,31.82751744812965,1,0,197,0.005076142131979695,0.0,1.0,197,5500,4000,1500,0.7272727272727273,70,40,30,221.6548668454157,0.4283879795573051,0.7770653995154659,0.1430639124833314,1073744.1907139618,2700.1251237481874,1076444.31583771,2916,0,1237.451776649746,73,124,40,34.48733494102131,0.6331335616438356,40.24493243243242,8267.358945246826,113.25149240064145,0
2918,31.766598272404316,0,0,197,0.0,0.0,1.0,197,5300,3100,2200,0.5849056603773585,75,31,44,217.67591524490078,0.42824553679339755,0.7735244828150145,0.14114773403983358,1073018.3877225798,2014.0519244239076,1075032.4396470038,2917,1,1238.451776649746,76,121,43,34.426126407467144,0.6333607456140351,40.08387445887445,8256.651144584717,108.6401466392726,0
2919,31.57660799602814,0,0,197,0.0,0.0,1.0,197,5800,4100,1700,0.7068965517241379,75,41,34,214.74698002698807,0.4278138920542836,0.7711640018139536,0.13988275285054122,1067894.3333931707,665.4166168231786,1068559.750009994,2918,2,1239.451776649746,81,116,34,34.341317426203595,0.6328446502057613,39.92632113821137,8212.24460750358,101.38573589510594,0
2920,31.13268655256107,0,2,195,0.0,0.01015228426395939,0.9898477157360406,197,5600,4000,1600,0.7142857142857143,72,40,32,195.10684505703327,0.4272732570185434,0.7593846943668943,0.12411909270336521,1046206.2829568532,-4175.598570688235,1042030.6843861649,2919,3,1240.451776649746,81,116,42,35.69392721808444,0.6244855967078189,40.75203252032522,8071.085710933308,99.64303346831245,8
2921,30.732318384405733,2,0,197,0.01015228426395939,0.0,1.0,197,5000,3500,1500,0.7,65,35,30,192.7869377546487,0.42704124797126974,0.7566710269320078,0.12323518820258059,1034101.0108785079,-4527.7665567494805,1029573.2443217584,2920,0,1241.3908629441623,73,124,42,35.58154493823141,0.629708904109589,40.582770270270245,7972.492898454522,109.21223148567839,0
2922,30.609267250023485,2,1,198,0.010050251256281407,0.005025125628140704,0.9949748743718593,199,5400,3700,1700,0.6851851851851852,71,37,34,186.72148640676693,0.42814874033467,0.7501494511595166,0.12017298444908142,1031852.9697581893,-6666.1759467030115,1025186.7938114862,2921,0,1229.9045226130654,77,122,43,35.496226148228125,0.630275974025974,40.34455128205126,7947.863022732419,103.21900029522622,0
2923,30.18706967912633,0,1,197,0.0,0.005050505050505051,0.9949494949494949,198,6050,4500,1550,0.743801652892562,76,45,31,193.36334355433132,0.42770556666495757,0.7557729580064618,0.1248118567503374,1018419.6381480341,-6264.994725261124,1012154.643422773,2922,1,1237.040404040404,78,120,45,35.21986040609137,0.6308760683760684,40.24261603375525,7841.314249456538,100.52966986482741,0
2924,29.9026767650064,0,0,197,0.0,0.0,1.0,197,4650,3100,1550,0.6666666666666666,62,31,31,192.90801360577947,0.42753979764494626,0.7535335826612453,0.1250375546816159,1009950.7449316694,-5084.481591111122,1004866.2633405583,2923,2,1244.0964467005076,80,117,48,35.0840136895926,0.6315104166666667,40.097736625514386,7771.773372180763,97.14716715225953,0
2925,29.58183635328339,1,0,198,0.005050505050505051,0.0,1.0,198,4600,3200,1400,0.6956521739130435,60,32,28,191.41214346583075,0.42866001384402397,0.7512658782810462,0.12440009299146336,999827.9179270685,-5924.159026520278,993903.7589005482,2924,0,1238.8080808080808,83,115,33,35.02833953384846,0.6312751004016064,40.004960317460316,7691.130716554308,92.66422550065431,0
2926,29.547860753095904,0,0,198,0.0,0.0,1.0,198,6000,4300,1700,0.7166666666666667,77,43,34,191.52361804357176,0.42873051581807925,0.7529678201024661,0.1249317860046974,999659.39128877,-7308.323313828068,992351.0679749419,2925,1,1239.8080808080808,84,114,37,34.895489808096954,0.6321924603174602,39.877450980392155,7686.064857171736,91.50077210918732,0
2927,29.574046392232578,1,3,196,0.005025125628140704,0.01507537688442211,0.9849246231155779,199,5200,3500,1700,0.6730769230769231,69,35,34,187.8736007460467,0.42912796304756107,0.7492105108010738,0.12295792569151838,1001426.4821451551,-7371.680183388649,994054.8019617664,2926,0,1234.572864321608,86,113,40,34.873763515067886,0.6326308139534884,39.76293103448276,7696.263150564837,89.49143198331205,0
2928,29.52842793115301,0,0,196,0.0,0.0,1.0,196,5450,4200,1250,0.7706422018348624,67,42,25,208.0187354378695,0.42754066370137794,0.7720681597147165,0.1322119078119546,992048.4629071441,-3377.0666505943936,988671.3962565497,2927,1,1254.3877551020407,84,112,36,35.39214179904188,0.623015873015873,40.78431372549022,7654.231710781294,91.1218060807297,8
2929,29.811859005464857,1,0,197,0.005076142131979695,0.0,1.0,197,6400,4500,1900,0.703125,83,45,38,208.57361615032542,0.4281009358057944,0.7739483637578495,0.13355658853130506,1003596.5062209634,-3935.2495083323192,999661.2567126311,2928,0,1249.0152284263959,70,127,37,35.11028025933885,0.6318452380952381,40.52230046948356,7735.512593466116,110.50732276380167,0
2930,30.04019750631372,0,0,197,0.0,0.0,1.0,197,5250,3900,1350,0.7428571428571429,66,39,27,188.7146100648886,0.42811172692427224,0.7459398666095958,0.11704553230063977,1002484.0285083796,-6813.3234927523645,995670.7050156272,2929,1,1250.0152284263959,79,118,38,36.778272684508494,0.6161656118143459,41.65364583333334,7760.775504202768,98.23766461016163,8
2931,30.589855853675015,0,0,197,0.0,0.0,1.0,197,4500,3000,1500,0.6666666666666666,60,30,30,209.71814506829358,0.4281840274180739,0.7697972616010254,0.12923250492312846,1018986.9574408295,-1159.9890873450104,1017826.9683534845,2930,2,1251.0152284263959,89,108,34,36.47346718383331,0.6101357677902621,41.886574074074076,7895.652492972304,88.7151965502506,8
2932,30.36419995005556,0,1,196,0.0,0.005076142131979695,0.9949238578680203,197,5350,3700,1650,0.6915887850467289,70,37,33,210.36200549519657,0.4280901446873166,0.7727193361414111,0.13009229287202925,1012476.1153494843,-2152.6987718192813,1010323.416577665,2931,3,1252.0152284263959,90,107,37,36.325816341607535,0.6111111111111112,41.75824175824175,7841.304382706644,87.12560425229604,0
2933,30.2605594762381,0,0,196,0.0,0.0,1.0,196,5050,3900,1150,0.7722772277227723,62,39,23,211.43390964807725,0.4274796136403279,0.7749843236488319,0.1312950218369456,1010176.2416331567,-1532.897559580072,1008643.3440735766,2932,6,1259.3877551020407,73,123,37,36.14712718820367,0.6192922374429224,41.61036036036037,7819.015058359059,107.10979531998711,0
2934,30.354506852828315,0,0,196,0.0,0.0,1.0,196,5450,4000,1450,0.7339449541284404,69,40,29,209.3380249944357,0.4274245595674167,0.7732594834732329,0.13050584409530916,1014416.8170753253,-2178.79739846191,1012238.0196768633,2933,7,1260.3877551020407,73,123,38,36.057570147736776,0.6207191780821918,41.4695945945946,7847.562962542863,107.50086250058716,0
2935,30.23461170971447,1,0,197,0.005076142131979695,0.0,1.0,197,5550,4000,1550,0.7207207207207207,71,40,31,209.11081813702523,0.42779878448841463,0.7743560979046318,0.13114930314919468,1012084.3578449107,-2622.4423814730276,1009461.9154634377,2934,0,1254.9847715736041,75,122,39,35.84485468093368,0.6219444444444444,41.25548245614035,7823.040019955999,104.30720026607999,0
2936,30.053032548483426,0,0,197,0.0,0.0,1.0,197,6250,4600,1650,0.736,79,46,33,210.6835029050725,0.4278203667253704,0.7764415895417904,0.132743616211266,1007274.5362748051,-3206.7744621081224,1004067.7618126969,2935,1,1255.9847715736041,77,120,36,35.6376588263613,0.6227002164502164,41.09241452991454,7780.958093181762,101.05140380755535,0
2937,29.874980177230995,1,0,198,0.005050505050505051,0.0,1.0,198,5700,4400,1300,0.7719298245614035,70,44,26,211.20660126595644,0.42875668700541797,0.7795863342679434,0.13370594162865915,1002606.2093291365,-2948.5900238896393,999657.6193052469,2936,0,1250.6363636363637,79,119,38,35.452633144025086,0.6235495780590717,40.924479166666686,7739.8760493016725,97.97311454812244,0
2938,30.14857047598419,1,0,199,0.005025125628140704,0.0,1.0,199,4200,2600,1600,0.6190476190476191,58,26,32,208.5664606724134,0.42918612422381264,0.777336712615954,0.13245124679602402,1012656.8638313789,-1758.7484070124046,1010898.1154243664,2937,0,1245.3467336683418,82,117,39,35.40748676480082,0.6234756097560976,40.81325301204821,7814.109908007387,95.29402326838277,0
2939,30.442600845799426,0,0,199,0.0,0.0,1.0,199,5650,3900,1750,0.6902654867256637,74,39,35,213.67103630693447,0.4292559176353146,0.780427450159447,0.1363267052861762,1023827.660432359,-1697.536559142898,1022130.1238732161,2938,1,1246.3467336683418,85,114,39,35.107649915934985,0.6240196078431373,40.649224806201545,7895.312128273451,92.88602503851119,0
2940,30.520348530711676,0,1,198,0.0,0.005025125628140704,0.9949748743718593,199,5250,3200,2050,0.6095238095238096,73,32,41,209.76504486861543,0.42899895098387564,0.7767019213975737,0.13430871746094694,1027425.0548233772,-1946.4274551670837,1025478.6273682101,2939,2,1247.3467336683418,72,127,39,35.0822380481009,0.630787037037037,40.52511415525113,7919.263950948335,109.98977709650465,0
2941,30.661613264512862,0,2,196,0.0,0.010101010101010102,0.98989898989899,198,5650,3800,1850,0.672566371681416,75,38,37,206.4208422086398,0.4284570536156831,0.7696341278563048,0.13276235937225844,1033431.1770390394,-2585.653214187394,1030845.5238248521,2940,3,1254.3939393939395,76,122,39,35.00861904265668,0.6304824561403508,40.36796536796535,7960.737036966005,104.746539960079,0
2942,31.075187697155283,1,0,197,0.005076142131979695,0.0,1.0,197,5550,3700,1850,0.6666666666666666,74,37,37,203.3493053737961,0.4287181877827273,0.7650686520746244,0.13138683098503756,1048658.77920498,-2301.193134907125,1046357.5860700728,2941,0,1258.5837563451776,79,118,40,34.925487837476574,0.630801687763713,40.208333333333314,8073.0748038234215,102.1908203015623,0
2943,30.851951527266845,1,2,196,0.005050505050505051,0.010101010101010102,0.98989898989899,198,5950,4400,1550,0.7394957983193278,75,44,31,200.5573469008362,0.4289623177630792,0.7651034033545048,0.13049615038334667,1043081.2989823668,-3710.476414844045,1039370.8225675228,2942,0,1253.2222222222222,81,117,38,34.74922651034036,0.6324588477366255,39.96443089430892,8022.604773413963,99.04450337548103,0
2944,31.277360636008936,0,0,196,0.0,0.0,1.0,196,5400,3800,1600,0.7037037037037037,70,38,32,202.3482039134987,0.4284793083900227,0.764811963759072,0.13225356127158347,1058726.6654399391,-1753.7121625805448,1056972.9532773586,2943,1,1259.5204081632653,82,114,39,34.54432358994146,0.6336382113821138,39.80923694779114,8138.080330142228,99.24488207490522,0
2945,31.223605137692296,0,0,196,0.0,0.0,1.0,196,5350,4100,1250,0.7663551401869159,66,41,25,203.89008073301605,0.42843461102389674,0.7674984769310307,0.13356624104280612,1057547.7019481706,-1425.3027341546003,1056122.399214016,2944,2,1260.5204081632653,84,112,40,34.42375302131398,0.6336805555555556,39.73039215686273,8126.555464636095,96.74470791233446,0
2946,31.41656367205248,0,0,196,0.0,0.0,1.0,196,6050,4400,1650,0.7272727272727273,77,44,33,204.0011176295148,0.428105376766091,0.7669362889727633,0.13402654072218623,1064898.698786241,-1801.895057078389,1063096.8037291626,2945,3,1261.5204081632653,87,109,40,34.319118627629244,0.6336206896551724,39.630681818181806,8179.9092629079505,94.0219455506661,0
2947,31.206047350723534,0,1,195,0.0,0.00510204081632653,0.9948979591836735,196,5050,3700,1350,0.7326732673267327,64,37,27,206.07930313186353,0.4278911564625851,0.7700945097780494,0.1356348128907193,1058263.729018263,-632.7496388377335,1057630.9793794253,2946,4,1262.5204081632653,72,124,42,34.20212134494914,0.6404803240740741,39.56906392694064,8127.020122689155,112.87527948179383,0
2948,31.6320667591461,0,0,195,0.0,0.0,1.0,195,5700,4100,1600,0.7192982456140351,73,41,32,202.28739046564652,0.42672922724469114,0.7650075093234494,0.1337863344133568,1074081.2546659622,-1245.3811691108867,1072835.8734968512,2947,5,1269.9435897435897,74,121,40,34.1312245731848,0.6411880630630631,39.402777777777786,8243.228730581386,111.3949828456944,0
2949,31.92869398885611,0,0,195,0.0,0.0,1.0,195,5750,4400,1350,0.7652173913043478,71,44,27,202.5860304909383,0.42675345845448936,0.7653317049037571,0.1344049140553939,1085046.1226213975,-786.9626237093958,1084259.1599976881,2948,6,1270.9435897435897,75,120,43,34.01399549620596,0.6418055555555555,39.29550438596492,8323.954061979619,110.98605415972825,0
2950,32.275061745994435,1,1,195,0.00510204081632653,0.00510204081632653,0.9948979591836735,196,5450,4200,1250,0.7706422018348624,67,42,25,198.15594279692272,0.4272419544740973,0.7599008108344614,0.1322930544062774,1098615.8656381355,-1110.5474745635292,1097505.3181635719,2949,0,1265.454081632653,80,116,44,33.911540736359576,0.641796875,39.08179012345679,8421.151334419776,105.2643916802472,0
2951,31.955906951663767,0,0,195,0.0,0.0,1.0,195,5700,4000,1700,0.7017543859649122,74,40,34,202.96401171609978,0.426935192527976,0.7643025287860226,0.13622592498190927,1089257.6169968625,-483.98085239940065,1088773.636144463,2950,1,1272.0666666666666,83,112,39,33.60192551254649,0.6424447791164658,38.90128968253969,8343.646092104203,100.52585653137595,0
2952,32.22979456978732,0,1,194,0.0,0.005128205128205128,0.9948717948717949,195,5550,4100,1450,0.7387387387387387,70,41,29,202.9004564108024,0.42684928187505505,0.7648855586355578,0.13649667067635807,1099247.8862127324,57.57956423471114,1099305.4657769671,2951,2,1273.0666666666666,84,111,39,33.524246903153134,0.6428571428571428,38.8235294117647,8417.663993520924,100.21028563715386,0
2953,32.64779367320803,0,0,194,0.0,0.0,1.0,194,5100,3800,1300,0.7450980392156863,64,38,26,199.79857580363046,0.4261112743265139,0.7599979062488675,0.13504025614129941,1114850.8124810585,649.1209134472174,1115499.9333945056,2952,3,1280.4020618556701,83,111,39,33.44425200088576,0.6448293172690763,38.66567460317461,8531.98913528258,102.79504982268169,0
2954,32.68730449630549,0,0,194,0.0,0.0,1.0,194,5550,3900,1650,0.7027027027027027,72,39,33,197.51277990248892,0.42575572440930864,0.7571115038665099,0.13379759614058476,1116850.315566703,-231.55788748967643,1116618.7576792133,2953,4,1281.4020618556701,86,108,39,33.4263691048718,0.6445009689922481,38.589559386973185,8544.802670831405,99.35817059106284,0
2955,33.138846100278684,0,0,194,0.0,0.0,1.0,194,5000,3400,1600,0.68,66,34,32,214.30194966104227,0.4258441945765006,0.7823494293089,0.13035603947012905,1099885.397262193,3341.517007399604,1103226.9142695926,2954,5,1282.4020618556701,67,127,42,36.834643855163804,0.6148942786069651,42.35600490196078,8538.02470221487,127.43320451066971,8
2956,32.869711274105825,0,0,194,0.0,0.0,1.0,194,5250,3500,1750,0.6666666666666666,70,35,35,214.20665031264917,0.42584530740879223,0.7823719026254019,0.13082464555591114,1092193.7515181082,2741.0330010199937,1094934.7845191283,2955,6,1283.4020618556701,70,124,43,36.687463244361,0.6147321428571428,42.20950704225353,8473.49907273055,121.04998675329358,0
2957,32.49516074935604,1,0,195,0.005128205128205128,0.0,1.0,195,4450,2900,1550,0.651685393258427,60,29,31,213.76403487689487,0.4264770023790642,0.7832257378475862,0.13119356005204255,1081230.163702981,2775.6244847511707,1084005.7881877322,2956,0,1277.8153846153846,73,122,42,36.51824366110082,0.6150114155251142,42.03265765765767,8382.690257498612,114.83137339039195,0
2958,32.12457562961799,0,0,195,0.0,0.0,1.0,195,5500,3500,2000,0.6363636363636364,75,35,40,189.6298147992701,0.4264803066349458,0.7524655313769295,0.11361704463770234,1061648.3506160248,-4235.963978146618,1057412.3866378781,2957,1,1278.8153846153846,82,113,41,38.03392726385155,0.6022611788617886,42.90913654618473,8258.934886705869,100.71871813055938,8
2959,32.456097257220506,1,0,196,0.00510204081632653,0.0,1.0,196,5250,3700,1550,0.7047619047619048,68,37,31,191.95349694794774,0.42680261207046927,0.7553431088495739,0.11568534281301456,1074399.7819378313,-3203.0409473840773,1071196.7409904473,2958,0,1273.2857142857142,72,124,43,37.754986505471756,0.6087962962962963,42.69406392694064,8351.146486047384,115.988145639547,0
2960,32.765312117187854,2,0,198,0.010101010101010102,0.0,1.0,198,5000,3600,1400,0.72,64,36,28,191.49097726249244,0.42778247790938145,0.7556307410676355,0.11602100387080391,1086272.4882851408,-2997.723928983964,1083274.7643561568,2959,0,1261.4141414141413,74,124,44,37.56910733549084,0.6097972972972974,42.49999999999999,8437.067870175852,114.01443067805205,0
2961,32.2368733242719,1,0,199,0.005025125628140704,0.0,1.0,199,5600,3700,1900,0.6607142857142857,75,37,38,192.92282493153223,0.4284628106864288,0.7608099276692064,0.11774348194251782,1070955.2455106552,-4077.6577321684535,1066877.5877784868,2960,0,1256.070351758794,76,123,40,37.26197036492775,0.6115679824561404,42.23484848484848,8309.542536805671,109.33608601060094,0
2962,32.2128973109271,0,1,198,0.0,0.005025125628140704,0.9949748743718593,199,5100,3800,1300,0.7450980392156863,64,38,26,191.83684895400722,0.4286108573168875,0.7589212783033963,0.11756250483150625,1071394.703965627,-3793.4032010443207,1067601.3007645826,2961,1,1257.070351758794,76,123,43,37.13829880234285,0.6130756578947368,42.08603896103897,8308.155942002533,109.31784134213859,0
2963,32.4443641959038,0,0,198,0.0,0.0,1.0,198,5550,3900,1650,0.7027027027027027,72,39,33,192.7900134080616,0.4285312943307867,0.7590634772434377,0.11861343453031052,1080285.7748830891,-3496.33819515016,1076789.4366879389,2962,2,1263.5757575757575,78,120,36,36.96849505220308,0.6136485042735043,41.94356540084389,8372.476947231464,107.33944804142902,0
2964,32.22711747323191,1,2,197,0.005025125628140704,0.010050251256281407,0.9899497487437185,199,6350,4800,1550,0.7559055118110236,79,48,31,191.1974406154082,0.42913642285501585,0.7597117586376665,0.11821149453433417,1074520.5312970974,-5060.884905457264,1069459.6463916402,2963,0,1258.2211055276382,82,117,39,36.829720710212534,0.6138211382113821,41.76706827309237,8322.103026220133,101.48906129536748,0
2965,32.66166023351703,0,1,196,0.0,0.005076142131979695,0.9949238578680203,197,5650,3800,1850,0.672566371681416,75,38,37,188.93080124869874,0.4285023654131703,0.7547077124611097,0.11713709677419362,1089856.0932086802,-3868.5230128613825,1085987.5701958188,2964,1,1257.0558375634519,81,116,41,36.78595430107528,0.6152263374485596,41.66666666666668,8437.595560325266,104.16784642376872,0
2966,32.927685664879334,1,1,196,0.005076142131979695,0.005076142131979695,0.9949238578680203,197,4450,3100,1350,0.6966292134831461,58,31,27,190.59043305572297,0.4284505680444766,0.7572510491329532,0.11867792886409849,1100050.3776483543,-1918.1844281773247,1098132.193220177,2965,0,1258.0253807106599,73,124,41,36.58528699014324,0.620291095890411,41.51182432432435,8511.417396736819,116.59475885940847,0
2967,33.195244456968965,0,0,196,0.0,0.0,1.0,196,5150,3400,1750,0.6601941747572816,69,34,35,189.53709047848693,0.42790914442700156,0.7544119475604802,0.11873589720482791,1110836.5105325677,-2241.0559592760605,1108595.4545732916,2966,1,1265.0561224489795,75,121,46,36.39321192052981,0.6215277777777778,41.29660087719301,8587.722575730453,114.50296767640604,0
2968,33.03519339447488,0,0,196,0.0,0.0,1.0,196,5300,4000,1300,0.7547169811320755,66,40,26,186.50780269122967,0.4275319422640851,0.7504590836437763,0.11729053315254503,1106655.2914756758,-3220.0306500495,1103435.2608256263,2967,2,1266.0561224489795,77,119,44,36.33160492553232,0.6220238095238095,41.15918803418806,8550.856281673574,111.05008158017628,0
2969,32.80153662905415,1,0,197,0.005076142131979695,0.0,1.0,197,4750,2900,1850,0.6105263157894737,66,29,37,184.39277320051067,0.42783331606754377,0.7491367716046102,0.1165882210982961,1100453.2851214493,-3566.8733957683808,1096886.4117256808,2968,0,1260.6243654822335,78,119,35,36.19146093153474,0.623530982905983,40.96782700421944,8496.653310624659,108.93145270031614,0
2970,32.9482745520958,0,0,197,0.0,0.0,1.0,197,5600,3800,1800,0.6785714285714286,74,38,36,185.06837672004409,0.42745994336821025,0.7479481321274273,0.11740909864608684,1106389.219284249,-4048.4686333011446,1102340.750650948,2969,1,1261.6243654822335,78,119,35,36.05309351785895,0.624732905982906,40.84915611814348,8538.573154626789,109.46888659777935,0
2971,32.91812208096368,0,0,197,0.0,0.0,1.0,197,5400,4000,1400,0.7407407407407407,68,40,28,206.739218964335,0.42716102938637385,0.7715618537319051,0.12404353137860082,1088313.4239012469,199.41344914894307,1088512.8373503957,2970,2,1262.6243654822335,83,114,40,37.54099151234569,0.6024096385542168,42.857142857142854,8464.659963676364,101.98385498405258,8
2972,33.25413357785709,1,0,198,0.005050505050505051,0.0,1.0,198,5800,3700,2100,0.6379310344827587,79,37,42,205.50791236266005,0.4278225358491856,0.7716940439390172,0.12376552749015825,1100592.7829444748,-163.8949631341029,1100428.8879813408,2971,0,1257.2424242424242,86,112,41,37.433005243236536,0.6027131782945736,42.720306513409966,8555.613294073208,99.48387551247916,0
2973,33.55131130261693,0,1,197,0.0,0.005050505050505051,0.9949494949494949,198,5750,4100,1650,0.7130434782608696,74,41,33,205.35696442593542,0.4279806311849459,0.7724624144880257,0.12410165096413572,1111517.3182969112,301.56447846200945,1111818.8827753733,2972,1,1258.2424242424242,72,126,44,37.3081702607314,0.6098090277777778,42.59417808219178,8636.302862270362,119.94865086486614,0
2974,33.368957523020235,0,1,196,0.0,0.005076142131979695,0.9949238578680203,197,5900,4000,1900,0.6779661016949152,78,40,38,207.64932494658697,0.4278462654097172,0.7716327244480872,0.1260990301394695,1107001.3779583296,673.6177695977053,1107674.9957279274,2973,2,1265.6091370558377,74,123,43,37.06796613825083,0.6106418918918919,42.416666666666664,8595.287308637953,116.15253119781018,0
2975,33.1455831197839,0,0,196,0.0,0.0,1.0,196,5000,3600,1400,0.72,64,36,28,206.0780781847932,0.42789715245072385,0.7649852489430924,0.12971706422326185,1110633.3597556471,1575.437669273062,1112208.7974249201,2974,3,1272.765306122449,80,116,44,35.79172876304023,0.62109375,41.126543209876566,8580.511679542884,107.25639599428605,7
2976,33.07597539992597,0,1,195,0.0,0.00510204081632653,0.9948979591836735,196,6050,4300,1750,0.7107438016528925,78,43,35,204.97761381649644,0.4278252005930578,0.7641806031972342,0.12957221964957738,1109586.8875338107,238.09450575110714,1109824.9820395617,2975,4,1273.765306122449,82,114,36,35.66700179272253,0.6218241869918699,40.976405622489985,8567.458035630994,104.48119555647554,0
2977,33.093267808506404,1,1,195,0.00510204081632653,0.00510204081632653,0.9948979591836735,196,5500,4000,1500,0.7272727272727273,70,40,30,247.14549031459129,0.42817351299494155,0.8025636367852689,0.1464410325907014,1090173.4458778603,9186.29016188653,1099359.7360397468,2976,0,1271.188775510204,74,122,36,36.975700268744475,0.6014921171171171,43.31944444444446,8494.398366236237,114.7891671113005,8
2978,33.073755076609196,2,2,195,0.01015228426395939,0.01015228426395939,0.9898477157360406,197,5700,4200,1500,0.7368421052631579,72,42,30,246.27798269921357,0.42920918367346944,0.8038342050394118,0.14686595880866343,1091545.088001858,8664.704459666853,1100209.7924615247,2977,0,1259.1878172588833,77,120,30,36.75494680666738,0.6025432900432901,43.08226495726497,8497.23424364062,110.3536914758522,0
2979,32.803400440385374,2,0,197,0.01015228426395939,0.0,1.0,197,6450,4600,1850,0.7131782945736435,83,46,37,252.88711656783912,0.429948375289202,0.8118167819027007,0.15191685907688435,1084897.1883245008,9021.304345587734,1093918.4926700885,2978,0,1260.1776649746193,79,118,34,36.308559470770916,0.6044303797468354,42.8125,8436.62455076161,106.79271583242544,0
2980,33.17506612893093,0,1,196,0.0,0.005076142131979695,0.9949238578680203,197,6450,4600,1850,0.7131782945736435,83,46,37,248.91345568138087,0.4298954988086605,0.8091915187823777,0.15022636439242704,1098642.730999754,8843.391746475674,1107486.1227462296,2979,1,1261.1776649746193,62,135,36,36.2362137273798,0.6150873655913979,42.642195767195766,8537.86217421974,137.70745442289902,0
2981,32.916707071549716,0,0,196,0.0,0.0,1.0,196,5100,3400,1700,0.6666666666666666,68,34,34,244.59752027360912,0.42991180446537586,0.8048082076174883,0.14836169620403977,1091634.3575075443,9102.211378363829,1100736.5688859082,2980,2,1267.9438775510205,66,130,38,36.16020223362512,0.614425505050505,42.45957711442785,8477.382659207397,128.4451918061727,0
2982,32.9851666494579,1,0,197,0.005076142131979695,0.0,1.0,197,5800,4100,1700,0.7068965517241379,75,41,34,240.1540890398908,0.43038973203494596,0.8027514331602217,0.14646016979474996,1095584.5928890654,7421.823974282472,1103006.4168633479,2981,0,1262.502538071066,69,128,38,36.07221901462666,0.6147342995169083,42.26190476190475,8501.534023342401,123.21063801945509,0
2983,33.27590951504721,1,0,198,0.005050505050505051,0.0,1.0,198,6100,4600,1500,0.7540983606557377,76,46,30,239.64915917307326,0.43103998957425355,0.803345806603925,0.14681772473390955,1106654.307014084,7341.754834237049,1113996.061848321,2982,0,1257.121212121212,74,124,40,35.916603837937785,0.6138795045045045,42.09722222222222,8581.94949701266,115.97229050017108,0
2984,33.25842305206253,1,2,197,0.005025125628140704,0.010050251256281407,0.9899497487437185,199,6150,4700,1450,0.7642276422764228,76,47,29,210.09077776209142,0.4320074700099826,0.778897006975765,0.12959737896425721,1108203.254563988,614.6567339659168,1108817.911297954,2983,0,1251.7989949748744,79,120,38,36.425443020948904,0.6141877637130801,41.848958333333336,8585.696555080629,108.67970322886872,7
2985,33.44880472506558,1,1,197,0.005050505050505051,0.005050505050505051,0.9949494949494949,198,5750,3900,1850,0.6782608695652174,76,39,37,211.03519830040344,0.4306159095181938,0.7800433755470346,0.13060770069235791,1115566.0274042494,1734.7395620899433,1117300.7669663394,2984,0,1259.111111111111,80,118,40,36.28058142043854,0.6149739583333333,41.73096707818931,8638.790448733202,107.98488060916502,0
2986,33.515212210869855,0,0,197,0.0,0.0,1.0,197,6350,4600,1750,0.7244094488188977,81,46,35,211.9211149171912,0.4302429728236472,0.7807437692168908,0.1317386611865636,1119157.5087833798,1684.621405863979,1120842.1301892437,2985,1,1265.3299492385786,65,132,44,36.095334066202525,0.6240384615384615,41.571969696969695,8661.270276843159,133.25031195143322,0
2987,33.74838902736013,0,0,197,0.0,0.0,1.0,197,6150,4500,1650,0.7317073170731707,78,45,33,208.78272783604066,0.4303735453572292,0.7769820213576251,0.1303907224787347,1128389.6637654412,1567.6544125882383,1129957.3181780295,2986,2,1266.3299492385786,67,130,41,36.00725914736486,0.6245335820895522,41.40624999999999,8727.122475043896,130.25555932901338,0
2988,33.32025071786642,0,0,197,0.0,0.0,1.0,197,5750,4500,1250,0.782608695652174,70,45,25,209.43053254192375,0.43041023516005383,0.7774671603848375,0.13137006132175202,1115421.4242264503,1570.66057688324,1116992.0848033335,2987,3,1267.3299492385786,69,128,43,35.830984970477715,0.625,41.24999999999999,8621.614873247925,124.95094019199891,0
2989,33.470393867630925,1,0,198,0.005050505050505051,0.0,1.0,198,5750,4100,1650,0.7130434782608696,74,41,33,204.5866408847916,0.4309123382727444,0.7732649987141333,0.1289933698921273,1122029.9617418193,560.4681689698978,1122590.4299107892,2988,0,1261.9242424242425,72,126,46,35.76993552298026,0.6252893518518519,41.06735159817351,8666.577727197915,120.36913509997105,0
2990,32.943222003979315,1,1,198,0.005025125628140704,0.005025125628140704,0.9949748743718593,199,5150,3800,1350,0.7378640776699029,65,38,27,199.60669895896444,0.43143008815119366,0.7683470787436275,0.12635518498735296,1105559.0507902186,-814.6014735115418,1104744.4493167072,2989,0,1256.5778894472362,75,124,37,35.75525517581911,0.6252777777777778,40.92653508771931,8534.714669945439,113.79619559927252,0
2991,32.689448173511806,0,1,197,0.0,0.005050505050505051,0.9949494949494949,198,6400,4300,2100,0.671875,85,43,42,200.7683980964785,0.4308904399323181,0.7696345995578735,0.1274949200905017,1097992.4456950484,-1911.563111154067,1096080.8825838943,2990,2,1263.9242424242425,76,122,40,35.610766045548665,0.6259594298245614,40.814393939393945,8472.634436638444,111.48203206103216,0
2992,32.52156297775944,0,0,197,0.0,0.0,1.0,197,6150,4000,2150,0.6504065040650406,83,40,43,201.8782068822512,0.4302936910804931,0.770839850801738,0.12839668365365356,1092809.587704189,-1427.1119941092402,1091382.4757100795,2991,7,1271.3299492385786,76,121,42,35.52679643062152,0.6265076754385965,40.76028138528139,8430.880835265212,110.93264256927911,0
2993,32.22411784088838,0,0,197,0.0,0.0,1.0,197,5350,4000,1350,0.7476635514018691,67,40,27,203.41295772173143,0.43026779239614626,0.7725982270151519,0.12972522867934563,1083614.4606039356,-665.7555077028737,1082948.7050962327,2992,8,1272.3299492385786,78,119,44,35.3893380109823,0.6266025641025641,40.66455696202532,8356.855876774707,107.13917790736804,0
2994,31.786472802263436,1,1,197,0.005050505050505051,0.005050505050505051,0.9949494949494949,198,5400,3600,1800,0.6666666666666666,72,36,36,200.3637854134654,0.4306164436240578,0.7702206573021964,0.12820405869088983,1069855.2614536555,-2127.949994126742,1067727.3114595287,2993,0,1266.8989898989898,67,131,42,35.349936529491664,0.6332400497512438,40.54840686274509,8247.051008761247,123.0903135636007,0
2995,32.143145079220524,0,1,196,0.0,0.005076142131979695,0.9949238578680203,197,6000,4500,1500,0.75,75,45,30,195.47082461432885,0.43023973548810385,0.7630769947027134,0.1255981044345105,1083083.0874485846,-3057.771154118484,1080025.3162944661,2994,1,1272.208121827411,69,128,47,35.327398012802114,0.6336050724637681,40.40178571428571,8344.303064092277,120.93192846510547,0
2996,32.50618918116185,0,2,194,0.0,0.01020408163265306,0.9897959183673469,196,6050,3900,2150,0.6446280991735537,82,39,43,196.44026698374228,0.4303871227978371,0.7637555078522211,0.126634581432855,1096280.2046638734,-2179.284781367521,1094100.919882506,2995,2,1278.591836734694,70,126,44,35.18576055436301,0.6342261904761906,40.287558685446,8442.261750072264,120.60373928674663,0
2997,32.184798803730494,0,0,194,0.0,0.0,1.0,194,4900,3100,1800,0.6326530612244898,67,31,36,196.88997012630784,0.4302682593522426,0.761369311899587,0.1272768208613473,1086248.7217993413,-925.7043230376189,1085323.0174763037,2996,3,1285.5515463917525,71,123,46,35.07559305045105,0.6346830985915493,40.190972222222214,8361.901286420589,117.77325755521956,0
2998,31.690695462266305,1,0,195,0.005128205128205128,0.0,1.0,195,4250,2800,1450,0.6588235294117647,57,28,29,196.22112366535384,0.43098951449466916,0.7607763966848144,0.1271353726544675,1070228.626284302,-1249.7072743333292,1068978.9190099686,2997,0,1279.9538461538461,72,123,50,35.01173612254984,0.6349826388888888,40.11130136986301,8236.053602372358,114.38963336628275,0
2999,31.524929158838574,1,1,195,0.00510204081632653,0.00510204081632653,0.9948979591836735,196,5600,4400,1200,0.7857142857142857,68,44,24,196.06412603341215,0.4312587214372929,0.7616532833286012,0.127369269915972,1065381.0819295817,-3023.3978557891646,1062357.6840737925,2998,0,1274.4183673469388,73,123,48,34.92242631797426,0.6354166666666667,40.019707207207205,8195.860312986895,112.27205908201226,0
3000,31.720435686506853,0,1,194,0.0,0.005128205128205128,0.9948717948717949,195,5700,4300,1400,0.7543859649122807,71,43,28,197.66495870171934,0.43132434575733547,0.761423132217957,0.12883944898509614,1072943.8837327193,-2283.3183065421163,1070660.5654261773,2999,1,1273.9641025641026,77,118,40,34.762656602998554,0.6347402597402597,39.90384615384614,8250.36332038468,107.14757558941143,0
3001,31.336196426989606,0,0,194,0.0,0.0,1.0,194,5600,4000,1600,0.7142857142857143,72,40,32,225.82238625547743,0.43033002154443317,0.7896308080077685,0.14634463732660122,1058314.920588761,3398.2401554259236,1061713.160744187,3000,2,1281.520618556701,71,123,41,34.23513694054779,0.6355633802816901,40.10416666666666,8144.146883889463,114.70629413928822,8
3002,30.987113433009426,0,0,194,0.0,0.0,1.0,194,4950,3600,1350,0.7272727272727273,63,36,27,224.37697288262822,0.4300807471110874,0.7885615783229485,0.14605849883839572,1047772.7499802638,3269.2155818956307,1051041.9655621594,3001,3,1282.520618556701,73,121,34,34.114385983905315,0.6361301369863014,39.94932432432432,8058.219785492902,110.38657240401236,0
3003,31.376010999013136,0,0,194,0.0,0.0,1.0,194,5300,3300,2000,0.6226415094339622,73,33,40,221.1640150842051,0.43005014422306503,0.7855623873145015,0.1444506391407718,1061869.2346878664,2869.4526875921792,1064738.6873754587,3002,4,1283.520618556701,74,120,35,34.07938287422589,0.6368243243243243,39.833333333333336,8162.992194909927,110.31070533662064,0
3004,31.843059625772018,0,0,194,0.0,0.0,1.0,194,5550,4200,1350,0.7567567567567568,69,42,27,219.42896960939657,0.4302059407439061,0.7865881749922965,0.13786732768875998,1066450.9737649364,2452.047662435541,1068903.021427372,3003,5,1284.520618556701,67,127,41,35.512787313800935,0.626710199004975,41.19178921568628,8241.24528764428,123.00366100961612,8
3005,32.06362041700976,0,0,194,0.0,0.0,1.0,194,5350,3800,1550,0.7102803738317757,69,38,31,216.12880791313285,0.4302304230543241,0.7831739548909606,0.13620466485263874,1074727.7583639552,2305.925849270989,1077033.6842132262,3004,6,1285.520618556701,67,127,42,35.488650258352074,0.6277985074626866,41.08455882352941,8301.766425984972,123.90696158186525,0
3006,32.1211205765154,0,0,194,0.0,0.0,1.0,194,5750,4200,1550,0.7304347826086957,73,42,31,214.24014785205446,0.43001954133504267,0.7804336562509626,0.1356412081602016,1078019.0364693447,1640.9915521042844,1079660.028021449,3005,7,1286.520618556701,73,121,35,35.37008738567418,0.6262842465753424,40.920608108108105,8321.920385849742,113.99890939520195,0
3007,32.56033046704638,0,0,194,0.0,0.0,1.0,194,5650,4600,1050,0.8141592920353983,67,46,21,215.28112331656212,0.4298509472428467,0.7815298138267863,0.13675449523142424,1093750.2039522715,2642.754506912726,1096392.9584591843,3006,8,1287.520618556701,75,119,37,35.22316156381648,0.6265277777777778,40.8031798245614,8439.53412091986,112.52712161226479,0
3008,32.288296063487934,2,0,196,0.01020408163265306,0.0,1.0,196,4050,2500,1550,0.6172839506172839,56,25,31,214.5005087269043,0.430537567591139,0.7843541967218812,0.13719686235225115,1086632.6401429428,3366.6508219841453,1089999.2909649268,3007,0,1275.3724489795918,65,131,40,34.99690757188629,0.6342948717948718,40.56186868686869,8376.815193996454,128.87407990763774,0
3009,31.965282823629963,0,0,196,0.0,0.0,1.0,196,6100,4300,1800,0.7049180327868853,79,43,36,213.18236205685707,0.4302503052503053,0.7827249304225503,0.13695674872117514,1077043.8334494026,621.3496907031613,1077665.1831401058,3008,1,1276.3724489795918,66,130,40,34.87328062925476,0.6352588383838385,40.40733830845771,8297.952849909036,125.72655833195509,0
3010,32.16812085862995,0,0,196,0.0,0.0,1.0,196,5750,4500,1250,0.782608695652174,70,45,25,214.09700008529774,0.430120028780743,0.7837013993893933,0.137894086073175,1084619.2098795138,1492.7438140179574,1086111.9536935317,3009,2,1277.3724489795918,67,129,41,34.758927166902645,0.6355721393034826,40.318627450980394,8353.461776891772,124.67853398345929,0
3011,31.888310309591166,0,0,196,0.0,0.0,1.0,196,5750,4200,1550,0.7304347826086957,73,42,31,209.40254651302172,0.42990689865689863,0.7785250987677663,0.13533212750556897,1076171.2235733988,120.59894006078684,1076291.8225134595,3010,3,1278.3724489795918,70,126,41,34.75924252691817,0.6351190476190476,40.19953051643193,8284.59798946949,118.35139984956415,0
3012,31.428635126505696,1,2,195,0.005076142131979695,0.01015228426395939,0.9898477157360406,197,5450,3700,1750,0.6788990825688074,72,37,35,206.71402811028932,0.43036167512690354,0.7775293848461478,0.1342968577419343,1062146.006645427,-937.9041050131018,1061208.102540414,3011,0,1272.8781725888325,71,126,38,34.64315525876459,0.636443661971831,40.017361111111114,8170.899496864988,115.08309150514067,0
3013,31.461764869976484,0,1,194,0.0,0.005128205128205128,0.9948717948717949,195,5400,3500,1900,0.6481481481481481,73,35,38,206.5214537341791,0.4300158604282316,0.7752097698281488,0.13454633628613769,1064055.8193865302,-449.9290651959127,1063605.8903213344,3012,1,1286.6205128205129,70,125,38,34.5495806773096,0.6379464285714286,39.92077464788734,8182.55143559383,116.89359193705472,0
3014,31.065411400275856,0,0,194,0.0,0.0,1.0,194,5750,4000,1750,0.6956521739130435,75,40,35,205.77448136245317,0.4295477004433524,0.7727253214632432,0.1343991487057702,1051357.5046207213,-1281.4909520294432,1050076.013668692,3013,2,1293.6288659793815,74,120,39,34.47976724322016,0.6368243243243243,39.83333333333335,8082.184532638475,109.21870990051993,0
3015,30.716989799447873,0,0,194,0.0,0.0,1.0,194,5150,3900,1250,0.7572815533980582,64,39,25,197.52068351755574,0.429629493616794,0.7636934896550844,0.12421628448855482,1028997.133264803,-3300.3565799862463,1025696.7766848167,3014,3,1294.6288659793815,77,117,45,36.04654662401543,0.6220238095238095,41.15918803418803,7950.810580834635,103.25728027057968,8
3016,30.469712969542798,1,0,195,0.005128205128205128,0.0,1.0,195,5750,3700,2050,0.6434782608695652,78,37,41,199.93177954017585,0.4300169618468588,0.7664929090337416,0.12644351131170362,1022290.1330128282,-3872.342900076428,1018417.7901127518,3015,0,1288.9846153846154,80,115,37,35.78031656985882,0.6227864583333333,40.959362139917694,7892.893883043987,98.66117353804984,0
3017,30.199615171334308,0,0,195,0.0,0.0,1.0,195,4750,3500,1250,0.7368421052631579,60,35,25,202.34006151480241,0.42970085470085473,0.7693112116641543,0.12835003902058348,1014055.1551015486,-2713.2035074700625,1011341.9515940786,3016,1,1289.9846153846154,81,114,39,35.61008986928107,0.6234567901234568,40.853658536585364,7826.1197852543055,96.61876278091735,0
3018,30.14824931239279,0,0,195,0.0,0.0,1.0,195,5400,3800,1600,0.7037037037037037,70,38,32,203.10835684649265,0.42949378799894267,0.7713047870445866,0.12939937591135936,1013528.8770555519,-3228.763032955265,1010300.1140225966,3017,2,1290.9846153846154,82,113,40,35.43370762951132,0.6246189024390244,40.700301204819276,7817.431965905461,95.3345361695788,0
3019,30.186970168980228,0,0,195,0.0,0.0,1.0,195,4800,2900,1900,0.6041666666666666,67,29,38,201.66885800619576,0.42929443122742095,0.7691935938185879,0.12902346167053538,1015986.5717644397,-2821.429664527154,1013165.1420999125,3018,3,1291.9846153846154,71,124,40,35.32041720106323,0.6310152582159625,40.55266203703704,7831.9290515092935,110.30885988041258,0
3020,30.275259665841922,1,0,196,0.00510204081632653,0.0,1.0,196,5350,4000,1350,0.7476635514018691,67,40,27,189.20398122483255,0.43000010901796615,0.750152246101556,0.1138782425803828,1001831.4096148637,-6639.901756956111,995191.5078579076,3019,0,1286.3877551020407,91,105,39,37.874882634273725,0.6008470695970696,42.7423007246377,7788.54364659872,85.58839172086506,8
3021,30.73971909397934,2,1,197,0.010101010101010102,0.005050505050505051,0.9949494949494949,198,6050,4600,1450,0.7603305785123967,75,46,29,188.37861110656624,0.43049573569878136,0.7516397775631791,0.11430827490032328,1019554.8961259469,-7237.532944179215,1012317.3631817676,3020,0,1274.3838383838383,82,116,40,37.592989637137386,0.6069613821138211,42.444779116465845,7917.175141147592,96.55091635545844,0
3022,31.085770492417154,1,0,198,0.005050505050505051,0.0,1.0,198,5850,4100,1750,0.7008547008547008,76,41,35,187.08416096074535,0.43021800064947274,0.7481267394562185,0.1141004259410631,1032511.0332935408,-6816.707930713286,1025694.3253628275,3021,0,1275.0555555555557,85,113,40,37.438270517098196,0.6077205882352941,42.26017441860464,8012.041064778865,94.25930664445724,0
3023,31.390574551893057,0,1,197,0.0,0.005050505050505051,0.9949494949494949,198,5400,3900,1500,0.7222222222222222,69,39,30,185.54832852286998,0.430085008289323,0.7469195742311443,0.1134093715039155,1043271.5843118688,-6284.540267105425,1036987.0440447633,3022,1,1276.0555555555557,86,112,43,37.39773448505395,0.6081637596899225,42.181513409961674,8093.070424160802,94.10547004838142,0
3024,31.272313026591938,0,0,197,0.0,0.0,1.0,197,5400,4000,1400,0.7407407407407407,68,40,28,189.27470471078553,0.4300724731516972,0.7506912206220826,0.11605542288557877,1040269.6526797423,-5420.653733890324,1034848.998945852,3023,2,1280.8223350253807,85,112,32,37.1843449166471,0.6096813725490196,42.066375968992226,8066.18103078089,94.89624742095165,0
3025,31.687142668987224,0,0,197,0.0,0.0,1.0,197,4650,3600,1050,0.7741935483870968,57,36,21,191.48605894523962,0.4300098846645257,0.7521227831613766,0.11767188121875888,1054723.7406001254,-3657.0215273002786,1051066.719072825,3024,3,1281.8223350253807,87,110,33,37.04566568793867,0.609794061302682,41.98626893939393,8175.717906675102,93.97376904224255,0
3026,31.68843044221017,0,1,196,0.0,0.005076142131979695,0.9949238578680203,197,5300,4200,1100,0.7924528301886793,64,42,22,191.3576673449102,0.4300843433820229,0.7516022959843696,0.11770193437807108,1055039.9488070528,-4322.00328811783,1050717.9455189349,3025,4,1282.8223350253807,90,107,33,37.014908545150746,0.6091435185185186,41.952838827838825,8177.109517613816,90.8567724179313,0
3027,32.008819172906826,1,1,196,0.005076142131979695,0.005076142131979695,0.9949238578680203,197,5400,3600,1800,0.6666666666666666,72,36,36,180.22161369403213,0.4297336320314928,0.7298435800656999,0.10730177791994647,1055912.491693745,-6740.349365453449,1049172.1423282914,3026,0,1283.7969543147208,88,109,40,38.51223837297609,0.5977746212121212,43.14138576779026,8221.74093596223,93.42887427229807,8
3028,32.04300453610315,1,0,197,0.005076142131979695,0.0,1.0,197,5650,4400,1250,0.7787610619469026,69,44,25,180.10225951750013,0.42963759107703997,0.7339286827904306,0.10793909308001867,1059038.2034896908,-6902.9653272303785,1052135.2381624605,3027,0,1284.0710659898477,92,105,36,38.26829383404491,0.5989583333333333,42.89874551971327,8238.296663549672,89.54670286467035,0
3029,31.83473712696574,1,1,197,0.005050505050505051,0.005050505050505051,0.9949494949494949,198,5600,3700,1900,0.6607142857142857,75,37,38,182.47957445558853,0.43002518843254883,0.7384964924314352,0.11016481820753128,1054346.011079217,-6720.677713863786,1047625.3333653533,3028,0,1278.580808080808,80,118,39,37.93471743366807,0.605859375,42.63117283950614,8193.268957329727,102.41586196662158,0
3030,31.859778470969122,2,0,199,0.010050251256281407,0.0,1.0,199,5600,3900,1700,0.6964285714285714,73,39,34,180.23076375135534,0.4310779486658884,0.7355155361243533,0.10943563140228336,1056899.6137354393,-7302.835081590038,1049596.7786538491,3029,0,1272.7939698492462,86,113,46,37.77861060753964,0.6057412790697674,42.420977011494244,8206.410611182437,95.42337919979578,0
3031,31.98091779486821,1,0,200,0.005,0.0,1.0,200,5600,4200,1400,0.75,70,42,28,195.03865737799478,0.43223356365159127,0.7616127282589038,0.11367321538015739,1048481.4278172349,-4701.118006552508,1043780.3098106824,3030,0,1267.425,89,111,35,38.94093141686254,0.5894194756554307,43.9351851851852,8189.187792750778,92.0133459859638,8
3032,32.18072824763544,0,3,197,0.0,0.015,0.985,200,5250,3300,1950,0.6285714285714286,72,33,39,195.4171705148928,0.4322178601340034,0.7606562005873032,0.11428161345699306,1056081.5122531776,-3974.707808478627,1052106.8044446988,3031,1,1268.425,89,111,37,38.801436262329645,0.5907069288389513,43.807870370370395,8244.449302794177,92.63426182914806,0
3033,32.24005153236404,1,0,198,0.005050505050505051,0.0,1.0,198,5250,3700,1550,0.7047619047619048,68,37,31,197.77017232295913,0.4323207754362577,0.7636912785182952,0.1160991243714088,1059204.2573424133,-2954.198300035616,1056250.0590423776,3032,0,1281.2777777777778,73,125,39,38.59600951857954,0.598458904109589,43.665540540540555,8264.23618249369,113.2087148286807,0
3034,32.33661065042984,3,1,200,0.014925373134328358,0.004975124378109453,0.9950248756218906,201,4450,3300,1150,0.7415730337078652,56,33,23,200.60583719574493,0.4338847429519071,0.768705923191932,0.11871059316937688,1064847.507100975,-1927.0748704410598,1062920.4322305338,3033,0,1263.1393034825871,78,123,44,38.219420610046434,0.5992254273504274,43.3676160337553,8298.621480608124,106.39258308471955,0
3035,31.83141220986236,4,1,203,0.0196078431372549,0.004901960784313725,0.9950980392156863,204,5800,4200,1600,0.7241379310344828,74,42,32,192.54595428736462,0.43585041775330824,0.7634705749880282,0.1149837828456133,1050964.899421953,-6128.192103655103,1044836.7073182978,3034,0,1245.5196078431372,83,121,37,38.0829150982852,0.6006526104417671,43.030753968253975,8179.693995694072,98.55053006860328,0
3036,32.329050384048294,0,1,202,0.0,0.0049261083743842365,0.9950738916256158,203,5750,4000,1750,0.6956521739130435,75,40,35,194.27931986477086,0.4353641337040108,0.7655268221411391,0.11637897121996514,1068343.2171573793,-4838.601277704403,1063504.615879675,3035,1,1252.655172413793,84,119,39,37.92206915180984,0.6014384920634921,42.91666666666668,8311.260036232448,98.9435718599101,0
3037,32.55633810233496,1,0,203,0.0049261083743842365,0.0,1.0,203,5050,3500,1550,0.693069306930693,66,35,31,198.42877637085112,0.43516395974572825,0.7704699222165949,0.11919441593059192,1076706.3459333242,-2920.095453143727,1073786.2504801804,3036,0,1253.64039408867,87,116,41,37.711574308464115,0.6014128352490422,42.81486742424244,8373.00613103026,96.24144978195702,0
3038,32.53005185416067,0,1,202,0.0,0.0049261083743842365,0.9950738916256158,203,5600,3400,2200,0.6071428571428571,78,34,44,201.42524796076682,0.4348113690679413,0.774155918932325,0.12149036573340644,1077091.7789425645,-2809.304269998223,1074282.4746725662,3037,1,1254.64039408867,71,132,43,37.481552538370735,0.6095950704225352,42.66493055555555,8371.123152921802,117.90314299889862,0
3039,32.80576281260545,1,0,203,0.0049261083743842365,0.0,1.0,203,4750,3100,1650,0.6526315789473685,64,31,33,202.61747994237322,0.4345786795428311,0.7767618079306444,0.12263761122442915,1087300.1723134154,-1288.795828989636,1086011.3764844257,3038,0,1255.3743842364531,72,131,43,37.32045206820743,0.6103877314814814,42.537100456621,8446.266815465737,117.30926132591301,0
3040,32.44465409787228,1,0,204,0.004901960784313725,0.0,1.0,204,6600,4900,1700,0.7424242424242424,83,49,34,202.14603491756822,0.43481609597862136,0.7752869654538039,0.12328700606969364,1077647.5104982906,-3831.5657427966585,1073815.944755494,3039,0,1250.2156862745098,78,126,39,37.04990961954945,0.6104433760683761,42.26002109704639,8362.284462699172,107.2087751628099,0
3041,32.202029472231615,1,0,205,0.004878048780487805,0.0,1.0,205,5500,3600,1900,0.6545454545454545,74,36,38,204.40304211990255,0.43575342738721506,0.7796624759866748,0.12546894201117562,1071525.722656251,-2695.376515867359,1068830.3461403835,3040,0,1245.1121951219511,80,125,34,36.753697241608485,0.6119791666666667,42.02674897119339,8307.262232676976,103.8407779084622,0
3042,32.65000339492007,0,0,205,0.0,0.0,1.0,205,5700,3900,1800,0.6842105263157895,75,39,36,205.91204327454864,0.43547843934321695,0.7813496664114634,0.1268463691995144,1087515.5518756793,-1913.4901240862037,1085602.0617515931,3041,1,1246.1121951219511,80,125,35,36.583520179372215,0.61328125,41.89814814814814,8427.02633919809,105.33782923997612,0
3043,32.61363882867132,0,0,205,0.0,0.0,1.0,205,5300,3700,1600,0.6981132075471698,69,37,32,204.63526587105534,0.4353648573250439,0.7811797499487605,0.12656755009696177,1087522.4818778601,-1790.9095560351711,1085731.572321825,3042,2,1247.1121951219511,83,122,37,36.468837535013975,0.6135793172690763,41.7534722222222,8422.358985702822,101.47420464702195,0
3044,32.083877898836136,0,2,203,0.0,0.00975609756097561,0.9902439024390244,205,5200,3400,1800,0.6538461538461539,70,34,36,206.49688741370585,0.4355631276901004,0.7820712580883262,0.12823201773962237,1071049.750917148,-1966.3120340767236,1069083.4388830713,3043,3,1248.1121951219511,72,133,39,36.27390748103968,0.6197916666666667,41.609589041095894,8290.166395435579,115.14119993660526,0
3045,32.50170653704421,1,0,204,0.004901960784313725,0.0,1.0,204,5200,3500,1700,0.6730769230769231,69,35,34,205.6047272272631,0.43514963456647027,0.7796055680544665,0.12826868639620456,1086385.390598339,-1326.8056204688382,1085058.58497787,3044,0,1254.7401960784314,74,130,38,36.12841999713507,0.6204954954954955,41.44444444444446,8403.496790189129,113.56076743498822,0
3046,32.42161571576803,1,0,205,0.004878048780487805,0.0,1.0,205,5050,3200,1850,0.6336633663366337,69,32,37,204.82315357090476,0.4355830543599553,0.7793826000364652,0.1285875321515541,1085588.6052205628,-1579.263679616687,1084009.3415409462,3045,0,1249.6146341463414,76,129,41,35.91982940387196,0.6218475877192983,41.22023809523811,8390.057995494173,110.39549994071281,0
3047,32.28492624645517,0,0,205,0.0,0.0,1.0,205,6100,4500,1600,0.7377049180327869,77,45,32,203.6155399541464,0.4356458233699984,0.7782199618879151,0.12821640511416652,1081908.9852159894,-3041.3035588006524,1078867.6816571888,3046,1,1250.6146341463414,78,127,41,35.84152490577571,0.6220619658119658,41.11286919831224,8358.15192408889,107.15579389857551,0
3048,31.99282200002654,1,1,205,0.0048543689320388345,0.0048543689320388345,0.9951456310679612,206,5450,3400,2050,0.6238532110091743,75,34,41,201.12285468376672,0.43588187702265374,0.7774894545678877,0.12724305228485563,1073498.583562468,-3468.9800749872356,1070029.6034874807,3047,0,1245.5388349514562,80,126,35,35.73634415541435,0.6229166666666667,40.94650205761317,8287.852448155036,103.59815560193795,0
3049,32.326875642596576,0,2,203,0.0,0.00975609756097561,0.9902439024390244,205,6700,5200,1500,0.7761194029850746,82,52,30,200.10717742422656,0.43553722301928904,0.7748296933949732,0.12721495074476488,1086139.1912952764,-4231.150428013929,1081908.0408672625,3048,1,1240.668292682927,82,123,38,35.58833615750828,0.6238567073170731,40.775602409638566,8379.914864430659,102.19408371256901,0
3050,32.598428170558925,0,1,202,0.0,0.0049261083743842365,0.9950738916256158,203,6950,5200,1750,0.7482014388489209,87,52,35,204.35252706133565,0.43463354956185274,0.777925607094802,0.13028719652154439,1096116.628951113,-2751.159383977432,1093365.4695671354,3049,2,1251.6699507389162,83,120,38,35.37522315735778,0.6244979919678715,40.67460317460318,8453.600321214399,101.85060627969155,0
3051,32.49644755745324,0,0,202,0.0,0.0,1.0,202,6250,4500,1750,0.72,80,45,35,201.93452266994757,0.43465993054529334,0.7738159723488718,0.12945305476906283,1094308.6674025937,-2454.2603188944818,1091854.4070836992,3050,3,1249.3663366336634,72,130,38,35.24174776855262,0.6312210648148149,40.48230593607303,8433.40313537953,117.13059910249348,0
3052,32.00891243052228,0,1,201,0.0,0.0049504950495049506,0.995049504950495,202,4900,3600,1300,0.7346938775510204,62,36,26,200.80219850873866,0.4345136939067041,0.7735172671463637,0.12913513770206264,1078810.697383755,-1974.488038119514,1076836.2093456353,3051,4,1250.3663366336634,73,129,38,35.15822670425794,0.6318493150684932,40.3716216216216,8310.42202799197,113.84139764372561,0
3053,32.28063566383709,0,0,201,0.0,0.0,1.0,201,5200,3600,1600,0.6923076923076923,68,36,32,198.9971326663332,0.4343200663349917,0.7709384444040228,0.12872885055054417,1089687.1062344157,-2031.0780711757684,1087656.0281632398,3052,5,1257.4278606965174,74,127,40,34.996057836219784,0.6334459459459459,40.16666666666664,8387.585166653615,113.34574549531912,0
3054,32.329469663744085,0,0,201,0.0,0.0,1.0,201,5700,4000,1700,0.7017543859649122,74,40,34,205.9532083247584,0.4341169154228856,0.7778064548619199,0.1337849471063015,1092551.747712994,-897.0924595375691,1091654.6552534564,3053,6,1258.4278606965174,75,126,44,34.667598059890324,0.6344444444444444,40.02192982456139,8404.953132975541,112.06604177300721,0
3055,31.847662459490284,0,0,201,0.0,0.0,1.0,201,5300,3500,1800,0.660377358490566,71,35,36,204.4195477525599,0.43399253731343285,0.7773352152881767,0.13334507538929483,1077468.5873911353,-1448.871729583083,1076019.7156615523,3054,7,1259.4278606965174,77,124,39,34.55971694561385,0.6350108225108225,39.877136752136735,8284.305146714058,107.58837852875399,0
3056,31.995964118533806,1,0,202,0.0049504950495049506,0.0,1.0,202,6350,4300,2050,0.6771653543307087,84,43,41,202.96040966956764,0.43355109764707817,0.778025151189456,0.13302224882933267,1083847.9327191235,-2754.3559111626596,1081093.5768079609,3055,0,1254.1881188118812,79,123,41,34.43075704518926,0.6358122362869199,39.71354166666666,8328.116181373554,105.4191921692855,0
3057,31.930625593146793,0,1,201,0.0,0.0049504950495049506,0.995049504950495,202,5450,3800,1650,0.6972477064220184,71,38,33,208.20621769513374,0.43353724364973806,0.7825236694245756,0.136926524914217,1082610.135531292,-768.7676885229594,1081841.367842769,3056,1,1255.1881188118812,80,122,43,34.174424251403316,0.6365885416666667,39.59619341563784,8314.856451075439,103.93570563844298,0
3058,31.55883572997489,1,1,201,0.0049504950495049506,0.0049504950495049506,0.995049504950495,202,6000,4600,1400,0.7666666666666667,74,46,28,207.30939526305087,0.43348182766037796,0.7816559102143745,0.13708970508794913,1071557.6597710988,-1971.205912672589,1069586.453858426,3057,0,1255.0049504950496,70,132,43,34.00494501369966,0.643154761904762,39.40727699530517,8224.002937732022,117.4857562533146,0
3059,31.816109387573647,0,0,201,0.0,0.0,1.0,201,6200,3900,2300,0.6290322580645161,85,39,46,204.5494925924147,0.4329259950248756,0.7767103722426447,0.13598038595608958,1081788.6228251045,-2144.1372217756025,1079644.4856033288,3058,1,1261.3781094527362,75,126,42,33.8928746627422,0.6425000000000001,39.22697368421053,8296.783130591783,110.6237750745571,0
3060,31.5039919250955,1,0,202,0.0049504950495049506,0.0,1.0,202,6200,4500,1700,0.7258064516129032,79,45,34,203.3083681114608,0.43333148613368805,0.7759605201083999,0.13588908859486393,1072690.466234545,-2982.6103642264698,1069707.8558703186,3059,0,1256.1287128712872,78,124,45,33.737241675509075,0.6430288461538461,39.04272151898734,8221.195994060723,105.39994864180414,0
3061,31.613964144734318,1,1,202,0.0049261083743842365,0.0049261083743842365,0.9950738916256158,203,5250,3900,1350,0.7428571428571429,66,39,27,202.05088359183355,0.43392227153749857,0.776541486178147,0.1357142967691758,1077810.5853323736,-2295.4837777924567,1075515.1015545812,3060,0,1250.935960591133,80,123,40,33.59999589592056,0.6438802083333333,38.876028806584365,8255.163862639289,103.18954828299111,0
3062,31.60147982171858,0,0,202,0.0,0.0,1.0,202,6350,4500,1850,0.7086614173228346,82,45,37,206.19114694987394,0.4331893543831995,0.7799280803481565,0.13882456986192876,1078047.6648279598,-2293.2231044978807,1075754.441723462,3061,1,1258.1237623762377,81,121,40,33.40993094056995,0.6442901234567902,38.79573170731707,8254.441413797977,101.90668412096268,0
3063,31.57471067260988,0,1,201,0.0,0.0049504950495049506,0.995049504950495,202,4450,2700,1750,0.6067415730337079,62,27,35,211.83013265362206,0.433350471241154,0.7843680658637735,0.13463074246256718,1060788.4522247247,91.39171043873466,1060879.8439351635,3062,2,1259.1237623762377,77,125,37,35.29430705821741,0.6258116883116883,40.78525641025641,8184.630530920905,106.29390299897278,7
3064,31.441635026452502,0,0,201,0.0,0.0,1.0,201,6100,4700,1400,0.7704918032786885,75,47,28,211.97642971031715,0.4326212686567164,0.7839547690808972,0.1350819276562265,1057079.6596894434,-1484.8055639270465,1055594.8541255163,3063,6,1266.3781094527362,77,124,38,35.195050299565644,0.6267586580086579,40.6917735042735,8153.074616835302,105.884085932926,0
3065,31.067806761411088,0,0,201,0.0,0.0,1.0,201,6600,5000,1600,0.7575757575757576,82,50,32,213.27802873992667,0.43247823383084577,0.7849996465785927,0.13611935451684093,1044944.4958612772,-2227.2595560140003,1042717.2363052632,3064,7,1267.3781094527362,79,122,40,35.10639966865806,0.6264504219409283,40.638020833333336,8057.807850007137,101.99756772160933,0
3066,30.67147425047926,0,2,199,0.0,0.009950248756218905,0.9900497512437811,201,6450,4600,1850,0.7131782945736435,83,46,37,211.77723739108146,0.432226368159204,0.7829612447661334,0.13570084710825797,1032725.8166666212,-2908.435912779001,1029817.3807538423,3065,8,1268.3781094527362,73,128,38,35.00265572733026,0.6305650684931507,40.49831081081081,7959.299377922081,109.03149832769974,0
3067,30.977483683943554,0,0,199,0.0,0.0,1.0,199,5050,3500,1550,0.693069306930693,66,35,31,210.7069850121402,0.4319916078710049,0.7797829759111807,0.1354258908420405,1043884.1387141885,-859.2640859078706,1043024.8746282806,3066,9,1261.8793969849246,75,124,43,34.92187362511659,0.6306944444444444,40.391995614035075,8042.002720087344,107.22670293449792,0
3068,31.462353606112686,1,2,198,0.005,0.01,0.99,200,5650,4000,1650,0.7079646017699115,73,40,33,208.17193321481045,0.4318299832495813,0.7783383670068753,0.134513250520094,1061746.138831795,-1444.8507392052734,1060301.2880925897,3067,0,1256.565,76,124,42,34.79743803374298,0.6321271929824561,40.205627705627684,8173.74240600357,107.5492421842575,0
3069,31.161503005619178,0,0,198,0.0,0.0,1.0,198,5650,3600,2050,0.6371681415929203,77,36,41,209.3238394195778,0.43134870276367737,0.7777449191335633,0.13573199212852952,1052579.3611067377,-1184.009367866523,1051395.3517388713,3068,1,1269.3080808080808,76,122,45,34.64321032634152,0.6333607456140351,40.08387445887444,8099.377127258633,106.57075167445569,0
3070,31.60997409545683,0,0,198,0.0,0.0,1.0,198,6150,4700,1450,0.7642276422764228,76,47,29,206.6157261964059,0.43132787263497924,0.7744737445052907,0.13445169983279262,1068738.1873423397,-1586.376661686566,1067151.8106806532,3069,2,1270.3080808080808,79,119,39,34.588121526212994,0.6333069620253164,39.960937499999986,8219.828029431845,104.04845606875753,0
3071,31.534649108531084,0,0,198,0.0,0.0,1.0,198,5850,4400,1450,0.7521367521367521,73,44,29,206.48896626314578,0.43104212599770975,0.7754273004915693,0.13473738095389962,1066967.99715608,-1386.5762462766766,1065581.4209098034,3070,3,1271.3080808080808,80,118,39,34.494780337485984,0.6338541666666666,39.8662551440329,8203.226365321018,102.54032956651272,0
3072,31.97065216343444,0,1,197,0.0,0.005050505050505051,0.9949494949494949,198,6200,4200,2000,0.6774193548387096,82,42,40,213.2364149394201,0.43094331641285955,0.7820018773776007,0.13981594670517636,1083110.8982051027,391.73698301422064,1083502.635188117,3071,4,1272.3080808080808,80,118,40,34.1485104490885,0.635546875,39.69907407407407,8321.990360597676,104.02487950747096,0
3073,32.44031993879481,0,0,197,0.0,0.0,1.0,197,4950,3800,1150,0.7676767676767676,61,38,23,215.52375894057317,0.43106525605165924,0.7835907675690552,0.14157994884850153,1099565.4729444925,3046.496786052886,1102611.9697305453,3072,15,1279.746192893401,80,117,40,34.023284434785445,0.6361979166666667,39.63477366255142,8446.331243323493,105.57914054154367,0
3074,32.090448047096906,0,0,197,0.0,0.0,1.0,197,5650,3900,1750,0.6902654867256637,74,39,35,215.0275301444913,0.4308030318726475,0.783559512038345,0.14179102616998962,1088795.9713497744,1774.2217101230763,1090570.1930598975,3073,16,1280.746192893401,65,132,40,33.90304705644752,0.6450320512820513,39.504419191919204,8359.41990242008,128.606460037232,0
3075,32.56112625499271,1,0,198,0.005050505050505051,0.0,1.0,198,5400,3500,1900,0.6481481481481481,73,35,38,213.28322027622707,0.4314533875130322,0.7830301012119196,0.1413884129115918,1106305.6460445486,2191.286159630688,1108496.9322041792,3074,0,1275.2727272727273,67,131,42,33.763111888111865,0.6456778606965174,39.32291666666667,8487.939422199934,126.68566301790946,0
3076,32.59936606706244,0,0,198,0.0,0.0,1.0,198,6000,4500,1500,0.75,75,45,30,211.43148214866005,0.4310474670563503,0.7813226198308887,0.14078010822617532,1108883.188591131,1290.5632187110373,1110173.751809842,3075,1,1276.2727272727273,70,128,41,33.6578214647317,0.6455357142857143,39.17253521126761,8502.81000499173,121.46871435702472,0
3077,33.02362559933015,1,1,198,0.005025125628140704,0.005025125628140704,0.9949748743718593,199,5650,4700,950,0.831858407079646,66,47,19,212.36668812566688,0.4313528924081688,0.7832310872620503,0.14222419402981762,1125010.7031054012,2332.959424884456,1127343.6625302858,3076,0,1270.854271356784,71,128,44,33.4324077153309,0.6470070422535211,38.97569444444445,8619.968938991835,121.40801322523711,0
3078,32.885144449687886,0,1,197,0.0,0.005050505050505051,0.9949494949494949,198,4900,3500,1400,0.7142857142857143,63,35,28,215.60720477399857,0.43108859320788256,0.7845659466239094,0.1450623787397161,1121634.7109937216,3866.5049629698924,1125501.2159566914,3077,1,1276.8232323232323,74,124,40,33.1882034919791,0.6471002252252251,38.819444444444464,8588.960296894225,116.06703103911116,0
3079,32.40861613082783,0,0,197,0.0,0.0,1.0,197,6000,3900,2100,0.65,81,39,42,217.28016132799104,0.4304339756207051,0.7847411613835378,0.14646569661950964,1105924.1167877205,2659.0741024304434,1108583.1908901508,3078,4,1284.2994923857868,77,120,40,33.079013734110355,0.6463744588744589,38.75534188034189,8466.577841229375,109.95555637960227,0
3080,32.774645353806584,0,1,196,0.0,0.005076142131979695,0.9949238578680203,197,5350,4200,1150,0.7850467289719626,65,42,23,215.8874166359928,0.4304318173970096,0.7834970703532662,0.14599469413654123,1119341.175355115,3580.334936342457,1122921.5102914574,3079,5,1285.2994923857868,78,119,41,33.00487277803005,0.6470352564102564,38.64715189873419,8565.746908726293,109.81726806059349,0
3081,32.89504593221457,0,2,194,0.0,0.01020408163265306,0.9897959183673469,196,6150,4700,1450,0.7642276422764228,76,47,29,219.890909200393,0.4299287022501308,0.786206231392806,0.1495151525694833,1125028.921858126,4126.726500824372,1129155.6483589504,3080,6,1289.3826530612246,66,130,41,32.71298993381682,0.6549873737373737,38.463930348258714,8603.241024124916,130.3521367291654,0
3082,32.758310403188226,0,0,194,0.0,0.0,1.0,194,5450,3900,1550,0.7155963302752294,70,39,31,229.07719265055974,0.4287130762245606,0.7926639059068392,0.15622031107823875,1121196.9381187651,7118.129398529941,1128315.067517295,3081,24,1303.0257731958764,64,130,40,32.37193229613297,0.6572265625,38.36538461538461,8570.707942987989,133.91731160918732,0
3083,32.37544612868073,0,1,193,0.0,0.005154639175257732,0.9948453608247423,194,5200,3600,1600,0.6923076923076923,68,36,32,227.12942844251893,0.4286173726474725,0.7910785185402893,0.15544516492919735,1109102.1026869577,6381.945333536988,1115484.0480204946,3082,25,1304.0257731958764,66,128,42,32.301071117446725,0.6571969696969697,38.246268656716424,8474.393828085664,128.39990648614642,0
3084,32.35062171457372,0,1,192,0.0,0.0051813471502590676,0.9948186528497409,193,6250,4400,1850,0.704,81,44,37,227.171988804823,0.42821562859815776,0.7895608546983013,0.1562820779446349,1109713.6967665642,5569.173499682712,1115282.8702662468,3083,26,1310.1088082901554,68,125,39,32.12343900096063,0.657781862745098,38.073671497584556,8473.479570468842,124.60999368336533,0
3085,32.552488785419854,0,0,192,0.0,0.0,1.0,192,4550,3100,1450,0.6813186813186813,60,31,29,226.3357712244267,0.4281502236038395,0.7876260600639808,0.15623467642065622,1117596.5259365365,7640.414323117306,1125236.9402596538,3084,27,1302.4583333333333,69,123,39,32.03043661385274,0.6583635265700483,37.96130952380953,8530.01153307232,123.62335555177276,0
3086,32.68422700351006,0,0,192,0.0,0.0,1.0,192,5550,3700,1850,0.6666666666666666,74,37,37,235.39125461866084,0.42825475385398487,0.7912873556002002,0.14973290349704663,1098318.5091171416,7756.914366396488,1106075.423483538,3085,28,1303.4583333333333,79,113,34,34.65281265695633,0.6252637130801688,40.75520833333335,8473.215620311048,107.25589392798796,8
3087,32.84669331150468,0,0,192,0.0,0.0,1.0,192,6600,5300,1300,0.803030303030303,79,53,26,228.07518033900053,0.42823941517597436,0.7888599853961309,0.13645651353178712,1085068.8617636429,4495.455265395265,1089564.3170290382,3086,29,1304.4583333333333,73,119,36,37.099306316173795,0.605593607305936,42.96171171171171,8442.857824719516,115.65558663999337,8
3088,33.20282997699461,0,0,192,0.0,0.0,1.0,192,5850,4100,1750,0.7008547008547008,76,41,35,230.86585627355885,0.4285620955133799,0.791800340100278,0.13882616670415698,1098419.3339168325,6467.504014428298,1104886.8379312607,3087,30,1305.4583333333333,76,116,37,36.837549524911466,0.6060855263157895,42.77597402597402,8540.565600413618,112.37586316333709,0
3089,33.0829059099025,0,0,192,0.0,0.0,1.0,192,5150,3900,1250,0.7572815533980582,64,39,25,230.64514128680992,0.42886318808173357,0.7920099356947075,0.13907321448300783,1095304.7723116055,6975.344792385506,1102280.117103991,3088,31,1306.4583333333333,63,129,39,36.74072317098883,0.6140873015873016,42.67578125,8513.03291724542,135.12750662294317,0
3090,33.46639087119575,3,1,194,0.015384615384615385,0.005128205128205128,0.9948717948717949,195,5700,4300,1400,0.7543859649122807,71,43,28,243.33061775198766,0.43101815137897614,0.8066425575730174,0.14876680282920934,1112346.2518544078,9433.580123568216,1121779.831977976,3089,0,1287.3435897435897,65,130,39,35.8979656382631,0.617948717948718,42.17171717171717,8628.58209078052,132.74741678123877,8
3091,33.89015221080945,0,0,194,0.0,0.0,1.0,194,5500,4100,1400,0.7454545454545455,69,41,28,241.2543716429421,0.4311818946637466,0.8036788947616322,0.14810147970262147,1127723.8731226274,10113.6628793887,1137837.5360020162,3090,1,1287.8298969072166,69,125,40,35.80002115059224,0.6171497584541064,42.02380952380951,8742.852362002834,126.70800524641788,0
3092,33.69496766617133,0,0,194,0.0,0.0,1.0,194,4800,3600,1200,0.75,60,36,24,241.49289147177745,0.4312531159304169,0.8045675188387036,0.1487649580060946,1122321.5175104956,10606.533684920367,1132928.051195416,3091,2,1288.8298969072166,71,123,37,35.66517189835574,0.6173708920187793,41.89814814814814,8696.73355272707,122.4892049679869,0
3093,33.8409054729934,1,0,195,0.005128205128205128,0.0,1.0,195,5050,3500,1550,0.693069306930693,66,35,31,239.54487953755012,0.4313706053396775,0.8037512443024046,0.14801531614545885,1128141.0693365657,9998.083311118178,1138139.1526476839,3092,0,1283.2153846153847,76,119,39,35.603093728715876,0.6160910087719298,41.788419913419915,8738.113673742228,114.9751799176609,0
3094,33.37771624116641,1,0,196,0.00510204081632653,0.0,1.0,196,5850,4600,1250,0.7863247863247863,71,46,25,236.45371896329593,0.4320447409733124,0.802232636340835,0.1468074987459241,1114184.1379308342,7640.596604732142,1121824.7345355663,3093,0,1277.6632653061224,61,135,40,35.50668389795608,0.6261953551912569,41.61626344086023,8624.259040203297,141.38129574103766,0
3095,33.33783763023994,0,0,196,0.0,0.0,1.0,196,6100,4100,2000,0.6721311475409836,81,41,40,240.46064663339553,0.4321047008547008,0.8051239682365641,0.14991398208771078,1114128.2590301451,8280.80031978581,1122409.0593499308,3094,1,1278.6632653061224,62,134,38,35.25158288564849,0.627016129032258,41.46825396825398,8618.889371468813,139.01434470110988,0
3096,32.95160821569917,0,0,196,0.0,0.0,1.0,196,4850,3000,1850,0.6185567010309279,67,30,37,242.31738813612088,0.431904107796965,0.8039578690056797,0.15188790227964416,1102858.80243402,9398.372897748362,1112257.1753317683,3095,2,1279.6632653061224,63,133,39,35.006710283509456,0.6283068783068784,41.276041666666664,8525.370511014871,135.3233414446805,0
3097,32.48613047300254,0,0,196,0.0,0.0,1.0,196,4600,3200,1400,0.6956521739130435,60,32,28,245.5684972880671,0.4314097113204256,0.8064672582735288,0.15487493283296616,1089115.69543594,9690.500940210446,1098806.1963761505,3096,3,1280.6632653061224,64,132,42,34.698884969261876,0.6298828125,41.057692307692314,8412.03359267269,131.43802488551077,0
3098,32.82221420252524,1,1,196,0.005076142131979695,0.005076142131979695,0.9949238578680203,197,5400,3700,1700,0.6851851851851852,71,37,34,246.01607164448748,0.4319414948720605,0.8063509812687248,0.15635294797894989,1102690.155698087,9455.900069178377,1112146.0557672654,3097,0,1275.1573604060914,70,127,39,34.409313448041665,0.6291666666666667,40.786384976525824,8507.964796511389,121.54235423587699,0
3099,32.55333875383027,0,0,196,0.0,0.0,1.0,196,5950,4500,1450,0.7563025210084033,74,45,29,246.9066705836582,0.4317558433629862,0.8074216811187986,0.15744848530482136,1094657.868082995,8905.66592731562,1103563.5340103107,3098,5,1282.6632653061224,72,124,40,34.26472341440153,0.6293402777777778,40.667808219178085,8442.128688814382,117.2517873446442,0
3100,32.35903321524405,1,0,197,0.005076142131979695,0.0,1.0,197,5050,3400,1650,0.6732673267326733,67,34,33,244.57765838054584,0.4320267447080355,0.806478912683048,0.1568915203759465,1089871.494250785,8861.643599912495,1098733.1378506976,3099,0,1277.1472081218274,62,135,36,34.11187912764649,0.6372647849462365,40.45965608465607,8398.47460945244,135.4592678943942,0
3101,31.95940389237742,1,1,197,0.005050505050505051,0.005050505050505051,0.9949494949494949,198,5600,3600,2000,0.6428571428571429,76,36,40,241.39529128531794,0.43248047308961013,0.8054312722559174,0.15579936094014715,1078182.9341759107,6853.656690850366,1085036.590866761,3100,0,1271.6919191919192,65,133,39,33.975877992465676,0.6375,40.24621212121211,8301.576219393086,127.7165572214321,0
3102,32.16217068133813,0,0,197,0.0,0.0,1.0,197,5200,3200,2000,0.6153846153846154,72,32,40,243.4493004089998,0.4319771055630374,0.8059069602734323,0.15759146425391235,1085885.6173059451,8271.61877146536,1094157.2360774104,3101,1,1272.0812182741117,66,131,43,33.8168351880659,0.6379419191919191,40.14303482587064,8357.564066664878,126.62975858583148,0
3103,32.55662371488006,1,0,198,0.005050505050505051,0.0,1.0,198,5750,3800,1950,0.6608695652173913,77,38,39,237.7220898499892,0.4324623134902323,0.8014372935375857,0.15432059411332,1100036.0246229623,6950.572536728683,1106986.597159691,3102,0,1266.6515151515152,69,129,42,33.86492978037286,0.6372282608695652,40.04464285714284,8463.268745167217,122.65606877053938,0
3104,32.17420451184142,0,1,197,0.0,0.005050505050505051,0.9949494949494949,198,5200,4000,1200,0.7692307692307693,64,40,24,234.96283721500012,0.4323763224461194,0.7998528106425775,0.15328852732676687,1088553.3990082785,6353.919018203313,1094907.318026482,3103,1,1267.6515151515152,71,127,37,33.76065999258435,0.6379107981220657,39.872685185185176,8369.389425967987,117.87872430940827,0
3105,32.1314692262127,0,0,197,0.0,0.0,1.0,197,4950,3400,1550,0.6868686868686869,65,34,31,237.1926519785785,0.4317062484892434,0.8008365418130685,0.15525178084118205,1088054.6924211117,7265.715598620058,1095320.4080197318,3104,4,1275.0812182741117,70,127,38,33.58667361972414,0.6395833333333334,39.75938967136151,8361.913162185476,119.45590231693537,0
3106,32.27172395879749,0,1,196,0.0,0.005076142131979695,0.9949238578680203,197,4950,3100,1850,0.6262626262626263,68,31,37,237.14590603904685,0.4314364705272972,0.8014799162681923,0.15588575664319815,1094040.0140720205,7539.422076016138,1101579.4361480367,3105,5,1276.0812182741117,71,126,39,33.43728006815572,0.6405516431924883,39.61226851851852,8403.160992627854,118.35438017785711,0
3107,32.547722984492985,0,0,196,0.0,0.0,1.0,196,6150,4200,1950,0.6829268292682927,81,42,39,240.4162398094703,0.4307506977149835,0.8039608158164859,0.1585439603687919,1104331.749465838,7749.857341758245,1112081.6068075963,3106,7,1283.5663265306123,63,133,39,33.23915703426014,0.6463293650793651,39.50195312500001,8478.618267688984,134.58124234426958,0
3108,32.58984955891345,0,0,196,0.0,0.0,1.0,196,5600,4700,900,0.8392857142857143,65,47,18,237.77337101995775,0.43084554334554337,0.8020093744865211,0.1578054767327716,1107616.786829305,7872.355440539583,1115489.1422698447,3107,8,1284.5663265306123,65,131,36,33.084314526706606,0.6472756410256411,39.2834595959596,8496.712829288064,130.71865891212406,0
3109,32.335219169204635,0,0,196,0.0,0.0,1.0,196,4500,3100,1400,0.6888888888888889,59,31,28,240.6223081686348,0.4305195796267225,0.8035013472894903,0.1602145151005186,1099894.3546237273,9231.823670242622,1109126.17829397,3108,9,1285.5663265306123,65,131,38,32.896899834604085,0.6483974358974358,39.172979797979814,8433.898863482918,129.75229020742952,0
3110,32.43789766849308,0,0,196,0.0,0.0,1.0,196,5000,2900,2100,0.58,71,29,42,239.9355292586209,0.43041819291819294,0.8029586805372537,0.16042157285910025,1104581.2707224009,8805.658359987896,1113386.9290823888,3109,10,1286.5663265306123,67,129,42,32.77030993190891,0.6486318407960199,39.031862745098046,8465.25773101178,126.34713031360864,0
3111,32.16778776118439,0,0,196,0.0,0.0,1.0,196,4700,3500,1200,0.7446808510638298,59,35,24,239.19416341554796,0.4303102651316937,0.8028025294624888,0.1602149585141877,1095897.8840298613,8526.475511878409,1104424.3595417398,3110,11,1287.5663265306123,67,129,42,32.72691705790295,0.6492537313432836,38.970588235294116,8396.738717073868,125.32445846378907,0
3112,32.16069332169208,0,0,196,0.0,0.0,1.0,196,6300,5100,1200,0.8095238095238095,75,51,24,239.71619499482065,0.43011457788243507,0.8042149345287242,0.16123989787754295,1096849.3084282475,7086.508539824112,1103935.8169680715,3111,12,1288.5663265306123,68,128,35,32.567798651252396,0.6501225490196079,38.82850241545894,8399.456438183483,123.52141820858063,0
3113,32.483328830951194,2,1,197,0.010101010101010102,0.005050505050505051,0.9949494949494949,198,5600,3700,1900,0.6607142857142857,75,37,38,236.0586235653809,0.4309069972141038,0.8036655304148672,0.15958693772773314,1109304.8789119392,7172.1965660626765,1116477.075478002,3112,0,1276.540404040404,71,127,37,32.48819013876585,0.6502347417840375,38.6574074074074,8489.277372718472,119.56728693969679,0
3114,32.4082111800625,0,1,196,0.0,0.005076142131979695,0.9949238578680203,197,6000,4500,1500,0.75,75,45,30,237.36413511463763,0.43082137677405985,0.8033179452628676,0.16110595939439182,1107867.2256171892,7193.5891660953275,1115060.8147832844,3113,1,1283.5837563451776,59,138,37,32.317810349025066,0.6590748587570621,38.52430555555555,8473.959524009042,143.62643261032275,0
3115,32.83564924456323,0,0,196,0.0,0.0,1.0,196,4950,3700,1250,0.7474747474747475,62,37,25,236.26155593454496,0.43072344322344325,0.801765528303727,0.16060668224720123,1122926.3149527966,8910.863674118473,1131837.178626915,3114,2,1289.2857142857142,59,137,38,32.29332625243404,0.6596045197740112,38.472222222222214,8587.434378821174,145.54973523425718,0
3116,33.24419340242668,0,0,196,0.0,0.0,1.0,196,5100,3400,1700,0.6666666666666666,68,34,34,232.70509569992717,0.43049178004535144,0.7970304497841603,0.15903524415969078,1138450.9471450436,8684.667321011919,1147135.6144660555,3115,3,1290.2857142857142,62,134,38,32.20361068991662,0.6592741935483871,38.293650793650784,8700.216487658863,140.32607238159457,0
3117,33.15821299395978,0,0,196,0.0,0.0,1.0,196,5050,3700,1350,0.7326732673267327,64,37,27,232.4161520371144,0.43019089045874764,0.7964694074351049,0.15961294679634971,1136915.695754949,8597.514239592914,1145513.209994542,3116,4,1291.2857142857142,65,131,38,32.045061877209875,0.658974358974359,38.13131313131314,8683.0976956405,133.58611839446922,0
3118,33.32448706948387,0,0,196,0.0,0.0,1.0,196,5400,3400,2000,0.6296296296296297,74,34,40,230.59962934281515,0.42992924733996163,0.7961159826860693,0.15904380750810468,1143856.7511997267,8154.58856958685,1152011.3397693136,3117,5,1292.2857142857142,65,131,38,31.947309901009966,0.6604166666666667,37.98926767676768,8731.373261371566,134.3288194057164,0
3119,32.768966939581354,0,0,196,0.0,0.0,1.0,196,5300,3700,1600,0.6981132075471698,69,37,32,228.19297994476958,0.4295346023024595,0.793910791675899,0.15789681563490607,1125714.4745851213,6876.028104508211,1132590.5026896296,3118,6,1293.2857142857142,70,126,36,31.900094219933575,0.6586309523809524,37.88145539906105,8589.353922279399,122.70505603256284,0
3120,32.94218191772496,0,1,195,0.0,0.00510204081632653,0.9948979591836735,196,4450,2800,1650,0.6292134831460674,61,28,33,227.37764756242484,0.4292642377463806,0.7938142153413079,0.1578406687885472,1132585.343052445,7854.91819338957,1140440.2612458346,3119,7,1294.2857142857142,71,125,39,31.812471264367815,0.6591842723004695,37.774884259259274,8638.267466128002,121.66573895954932,0
3121,32.41393008773649,0,0,195,0.0,0.0,1.0,195,5400,3400,2000,0.6296296296296297,74,34,40,230.67311057488502,0.4283042558815755,0.7968581490040705,0.16091866695792972,1115803.2085293515,7077.159380180843,1122880.3679095323,3120,8,1300.5435897435898,73,122,41,31.560041130185997,0.6598173515981736,37.61261261261264,8505.006430678663,116.50693740655703,0
3122,32.370166849697284,0,0,195,0.0,0.0,1.0,195,5500,3500,2000,0.6363636363636364,75,35,40,231.55527519827052,0.427939686315975,0.7988318140352957,0.1624212675403306,1115824.5241322687,7175.010951685216,1122999.535083954,3121,9,1301.5435897435898,61,134,42,31.352913573927122,0.6687158469945356,37.43279569892472,8499.34421248434,139.33351168007115,0
3123,31.958380143279424,0,0,195,0.0,0.0,1.0,195,5400,3800,1600,0.7037037037037037,70,38,32,232.39854031480172,0.4276874614503481,0.7992627139211936,0.16368394488118201,1102758.0611155594,6855.872744727358,1109613.9338602868,3122,10,1302.5435897435898,61,134,40,31.19323995906881,0.6700819672131147,37.29838709677419,8395.518009413929,137.63144277727753,0
3124,32.40247556509907,0,0,195,0.0,0.0,1.0,195,5750,4400,1350,0.7652173913043478,71,44,27,212.21189522110777,0.42738126707198876,0.7809081681891552,0.13915682150456485,1097766.7189412478,1841.8311874359224,1099608.5501286837,3123,11,1303.5435897435898,73,122,42,34.17198428149113,0.6386986301369864,39.69594594594595,8434.495750982722,115.54103768469481,8
3125,32.2273746608199,0,1,194,0.0,0.005128205128205128,0.9948717948717949,195,5650,3900,1750,0.6902654867256637,74,39,35,211.51608974554318,0.4272127500220284,0.7801794977010401,0.13893927512395923,1092331.08621655,1559.1200128053001,1093890.2062293554,3124,12,1304.5435897435898,77,118,42,34.129650526603726,0.6374458874458875,39.636752136752136,8390.823936796807,108.97173943891957,0
3126,32.18502891958584,0,0,194,0.0,0.0,1.0,194,4650,3200,1450,0.6881720430107527,61,32,29,211.15653748234564,0.4269653731104108,0.7788985975404219,0.1391668900523178,1091857.116611669,2660.553633835494,1094517.6702455045,3125,13,1303.9536082474226,67,127,43,34.02189680859406,0.6436567164179104,39.522058823529406,8383.49006967887,125.12671745789358,0
3127,31.752120982065183,0,0,194,0.0,0.0,1.0,194,5800,3900,1900,0.6724137931034483,77,39,38,209.97337183694634,0.4270226839734345,0.7776559843440867,0.13893331997014954,1078287.6683526682,682.3395068416535,1078970.00785951,3126,14,1304.9536082474226,68,126,42,33.91489988221434,0.6444546568627452,39.38707729468599,8275.013051228725,121.69136840042243,0
3128,31.753060789803566,1,0,195,0.005128205128205128,0.0,1.0,195,5050,3100,1950,0.6138613861386139,70,31,39,210.01824468924545,0.42777227068464185,0.7786339007636844,0.1399345510623461,1080288.103865428,1326.0422664979187,1081614.1461319258,3127,0,1299.2564102564102,71,124,43,33.67096505823626,0.6452464788732395,39.14930555555554,8282.807957756891,116.65926701066044,0
3129,31.866167865527906,0,0,195,0.0,0.0,1.0,195,5500,3700,1800,0.6727272727272727,73,37,36,210.72558876467264,0.4273372103269011,0.7799545429347523,0.14094471248520302,1085218.7834642143,1236.6734167956056,1086455.45688101,3128,1,1300.2564102564102,71,124,45,33.51956178280392,0.6465669014084507,39.019097222222214,8316.46125761367,117.1332571494883,0
3130,31.542778937570173,1,0,196,0.00510204081632653,0.0,1.0,196,4700,3200,1500,0.6808510638297872,62,32,30,222.44787010074162,0.42776142508285364,0.7817379582293125,0.13635257392689717,1049173.3108703755,2777.2736739315515,1051950.584544307,3129,0,1294.6173469387754,75,121,34,36.34042760477556,0.6136111111111111,42.07785087719297,8135.581332883686,108.47441777178247,8
3131,31.788678063174263,1,0,197,0.005076142131979695,0.0,1.0,197,5650,4100,1550,0.7256637168141593,72,41,31,220.86140185193346,0.4285768241306675,0.7826791398435018,0.1360831583648598,1058886.3873848917,1723.4263839514151,1060609.8137688432,3130,0,1289.0406091370558,78,119,37,36.190187313750535,0.6141826923076923,41.890822784810126,8204.949539644464,105.1916607646726,0
3132,31.998070226623522,0,0,197,0.0,0.0,1.0,197,5800,4400,1400,0.7586206896551724,72,44,28,223.77922758666753,0.4284915742946925,0.7846154896281519,0.13829680242267423,1066756.8668904898,2543.605539105336,1069300.4724295952,3131,1,1290.0406091370558,80,117,37,36.004034065441495,0.614453125,41.7824074074074,8262.464661527414,103.28080826909267,0
3133,31.680641846855274,2,0,199,0.010050251256281407,0.0,1.0,199,5700,4100,1600,0.7192982456140351,73,41,32,221.14439065229664,0.4296926551951678,0.783884882096145,0.13768021740610742,1058339.6497709681,1309.175390353228,1059648.8251613213,3132,0,1278.0653266331658,69,130,39,35.80166954519287,0.6222826086956521,41.517857142857146,8188.880191664832,118.67942306760625,0
3134,31.655820463299257,0,0,199,0.0,0.0,1.0,199,6200,4300,1900,0.6935483870967742,81,43,38,214.32088540071123,0.42961228702434734,0.7825201217436888,0.13278604645747924,1056087.9209480362,-731.6603442838841,1055356.2606037525,3133,1,1279.0653266331658,82,117,42,36.15568214945098,0.6145833333333333,41.69176706827311,8176.959045878879,99.71901275462048,8
3135,32.017546467200944,0,1,198,0.0,0.005025125628140704,0.9949748743718593,199,6100,4500,1600,0.7377049180327869,77,45,32,214.36497007399035,0.4294388609715243,0.7813650135093415,0.13359649682939434,1069898.1465416092,-30.263166877877666,1069867.8833747313,3134,2,1280.0653266331658,72,127,40,35.939426137513564,0.62109375,41.481164383561655,8277.138831996022,114.96026155550031,0
3136,31.784104603118667,0,1,197,0.0,0.005050505050505051,0.9949494949494949,198,3900,2600,1300,0.6666666666666666,52,26,26,225.78320679774097,0.4293725110666735,0.7965942778742092,0.137461877398746,1055185.650814624,4148.640001577486,1059334.2908162016,3135,3,1278.6313131313132,64,134,44,36.50582022099219,0.6170247395833333,42.323717948717956,8190.009902460668,127.96890472594794,8
3137,31.72002005583362,2,0,199,0.010050251256281407,0.0,1.0,199,6050,4200,1850,0.6942148760330579,79,42,37,208.40600054492074,0.4302023585943184,0.7809223709073878,0.12457191317238761,1047569.0878284716,-2186.063222235631,1045383.0246062359,3136,0,1264.4924623115578,75,124,36,37.640048086324285,0.6043055555555555,42.996162280701746,8152.16688688233,108.6955584917644,7
3138,31.73371863879791,0,1,198,0.0,0.005025125628140704,0.9949748743718593,199,5800,4400,1400,0.7586206896551724,72,44,28,206.47698359508556,0.4300796913862241,0.7793265331308161,0.12378093952073628,1048900.7581075195,-2285.2270750720363,1046615.5310324475,3137,1,1265.4924623115578,80,119,40,37.579611197252376,0.6032552083333333,42.888374485596714,8159.107982838066,101.98884978547582,0
3139,31.459801742590905,1,1,198,0.005025125628140704,0.005025125628140704,0.9949748743718593,199,5250,4000,1250,0.7619047619047619,65,40,25,205.20720316886485,0.4302245655888872,0.7787512005645971,0.12377784802606066,1041670.3590564168,-2298.3477988250916,1039372.0112575917,3138,0,1266.4522613065326,68,131,40,37.38230376627949,0.6112132352941176,42.663043478260875,8095.769633215657,119.0554357825832,0
3140,31.780325988781968,1,0,199,0.005025125628140704,0.0,1.0,199,4100,2900,1200,0.7073170731707317,53,29,24,199.3155263041667,0.4297212070453276,0.771698457306208,0.12091103677921242,1053985.7754394186,-1884.854090237207,1052100.9213491813,3139,0,1267.4170854271356,73,126,43,37.321682334936625,0.610730593607306,42.45495495495497,8184.8654883271,112.12144504557672,0
3141,31.9862957184286,0,2,197,0.0,0.010050251256281407,0.9899497487437185,199,6100,4600,1500,0.7540983606557377,76,46,30,200.23238006799588,0.4297381266602372,0.7725572031467278,0.12193792247254646,1061976.637796112,-3371.57804749517,1058605.059748617,3140,1,1268.4170854271356,73,126,42,37.154484868349165,0.6121575342465753,42.3141891891892,8242.414547037672,112.90978831558454,0
3142,32.246127953108044,0,1,196,0.0,0.005076142131979695,0.9949238578680203,197,5500,3800,1700,0.6909090909090909,72,38,34,209.24559728481776,0.4297832711764909,0.778562328852582,0.1273597218119404,1070444.2549829285,-102.85050119900325,1070341.4044817295,3141,2,1269.9035532994924,74,123,37,36.94177177662785,0.6114864864864865,42.333333333333336,8308.75230258418,112.28043652140784,8
3143,32.26026342476589,2,0,198,0.010101010101010102,0.0,1.0,198,4600,3100,1500,0.6739130434782609,61,31,30,209.85369312698768,0.4301165205353023,0.7800579356376063,0.12884509519445295,1073534.3686117192,857.0303903835475,1074391.3990021027,3142,0,1264.4646464646464,79,119,38,36.604386429785166,0.6124736286919832,42.01822916666666,8322.559885870895,105.34885931482145,0
3144,32.56474326476041,1,1,198,0.005025125628140704,0.005025125628140704,0.9949748743718593,199,6000,4000,2000,0.6666666666666666,80,40,40,181.5458860716501,0.43081146473106274,0.7498984294395357,0.10706972148692188,1071312.6251091626,-6901.5200429625265,1064411.1050662,3143,0,1259.105527638191,76,123,43,38.83618567937697,0.5988212719298245,43.49296536796535,8353.085728397162,109.90902274206792,8
3145,32.87768849041463,1,0,199,0.005025125628140704,0.0,1.0,199,5900,4200,1700,0.711864406779661,76,42,34,184.03810344425696,0.43088971795001946,0.7532117913063754,0.10929421787772078,1083776.626281203,-5808.76102839895,1077967.865252804,3144,0,1260.0653266331658,76,123,46,38.51049350193186,0.6014254385964912,43.235930735930694,8441.809084795208,111.07643532625274,0
3146,32.62444496237142,5,1,203,0.024509803921568627,0.004901960784313725,0.9950980392156863,204,6300,4200,2100,0.6666666666666666,84,42,42,182.8700386557185,0.4338366093563862,0.7575509955347748,0.10994983411361316,1079242.9015947757,-7627.761773290917,1071615.139821485,3145,0,1230.1568627450981,85,119,43,38.07724304639915,0.6024509803921569,42.78100775193796,8391.626855873486,98.72502183380573,0
3147,32.27050614375053,0,0,203,0.0,0.0,1.0,203,4500,3100,1400,0.6888888888888889,59,31,28,181.46440489509342,0.4332496057487522,0.7544065066592065,0.10936384188062559,1068256.1273184363,-6329.907516124621,1061926.2198023116,3146,1,1237.2167487684728,72,131,47,38.02487707039334,0.6087962962962963,42.69406392694063,8303.392790869124,115.32489987318228,0
3148,32.006036228353246,1,2,202,0.004901960784313725,0.00980392156862745,0.9901960784313726,204,6250,4500,1750,0.72,80,45,35,195.41015314689946,0.43401671013232884,0.7721022186754665,0.11138122621702141,1042417.1102891528,-6310.222567089206,1036106.8877220636,3147,0,1232.1470588235295,70,134,46,39.789678661761315,0.5886904761904762,44.776995305164355,8168.676734572162,116.69538192245946,8
3149,32.34070197087254,6,1,207,0.028846153846153848,0.004807692307692308,0.9951923076923077,208,5250,3800,1450,0.7238095238095238,67,38,29,185.3736806453661,0.4374240330422396,0.7648570576109346,0.10685360941265504,1056836.4262636297,-7668.06836468282,1049168.3578989469,3148,0,1194.4086538461538,77,131,51,39.61190121715507,0.5896915584415585,44.35096153846157,8267.869362024823,107.37492677954316,0
3150,32.19428400598808,4,3,208,0.018957345971563982,0.014218009478672985,0.985781990521327,211,4600,2900,1700,0.6304347826086957,63,29,34,179.4646658152394,0.4390007898894155,0.7593674529244052,0.10408950617283977,1053972.905023036,-8969.820964344395,1045003.0840586916,3149,0,1177.6729857819905,84,127,40,39.52546296296303,0.5892857142857143,44.11764705882356,8237.949142708789,98.07082312748558,0
3151,32.20178060985726,4,4,208,0.018867924528301886,0.018867924528301886,0.9811320754716981,212,5800,4500,1300,0.7758620689655172,71,45,26,185.93671218637243,0.44025436674714596,0.7708038740401666,0.10865917452416715,1056550.3470854089,-8909.700440713474,1047640.6466446954,3150,0,1173.0990566037735,85,127,44,39.071735070216135,0.5917892156862745,43.83478682170544,8248.975994644794,97.04677640758581,0
3152,31.874116483306025,1,0,209,0.004784688995215311,0.0,1.0,209,5650,4300,1350,0.7610619469026548,70,43,27,194.59465010508697,0.4382408983560299,0.7781868062251018,0.11402360425947387,1046617.1107879904,-6716.78190644315,1039900.3288815472,3151,0,1190.9043062200958,67,142,46,38.74789537131132,0.6009017412935324,43.734681372549,8168.230616562856,121.91388979944561,0
3153,32.02038316816313,1,0,210,0.004761904761904762,0.0,1.0,210,6100,4400,1700,0.7213114754098361,78,44,34,190.98161333710667,0.438489690134427,0.7748075244943717,0.11293850961539971,1054226.699782818,-7832.416810484902,1046394.2829723331,3152,0,1186.2285714285715,69,141,45,38.49213252918887,0.6032608695652174,43.392857142857125,8216.65903797325,119.08201504309058,0
3154,32.312147952049706,4,1,213,0.018691588785046728,0.004672897196261682,0.9953271028037384,214,7000,4800,2200,0.6857142857142857,92,48,44,184.10374743160983,0.44062029236687,0.7702678722304461,0.10996371967490347,1066896.770629347,-10516.061280891381,1056380.7093484558,3153,0,1165.03738317757,75,139,43,38.29254226892099,0.6040277777777778,43.02357456140347,8303.460278960707,110.7128037194761,0
3155,32.06208844947998,3,0,216,0.013888888888888888,0.0,1.0,216,4900,3700,1200,0.7551020408163265,61,37,24,184.5508662573403,0.4420834230548378,0.7717569277392251,0.110978277707855,1060688.3607282466,-8949.808839705158,1051738.5518885416,3154,0,1155.236111111111,77,139,47,38.02799915199971,0.6056547619047619,42.7751068376068,8247.167275980593,107.10606851922849,0
3156,31.986862531487084,4,1,219,0.01818181818181818,0.004545454545454545,0.9954545454545455,220,5850,4200,1650,0.717948717948718,75,42,33,174.6017686884826,0.44372492043724926,0.7616267741504137,0.10585093212592131,1060642.7411126844,-12811.980291025271,1047830.7608216591,3155,0,1135.2136363636364,76,144,50,37.981981508720345,0.6091008771929824,42.47835497835495,8237.309458189706,108.38565076565402,0
3157,32.38356825732925,1,1,219,0.004545454545454545,0.004545454545454545,0.9954545454545455,220,6400,4300,2100,0.671875,85,43,42,171.94832727626937,0.44412273419122733,0.7585691188358952,0.10477836494617873,1075354.4326551359,-13418.920815165906,1061935.51183997,3156,0,1135.0545454545454,79,141,46,37.8604149824845,0.609704641350211,42.29166666666663,8345.51540298246,105.63943548079064,0
3158,32.45102376660579,0,0,219,0.0,0.0,1.0,219,5650,3800,1850,0.672566371681416,75,38,37,176.26772778288017,0.4436930096490861,0.762953738296205,0.10771916697842587,1078465.7251536073,-11430.259427091796,1067035.4657265155,3157,1,1141.2054794520548,79,140,52,37.64309764309764,0.610759493670886,42.18749999999997,8366.279564827984,105.90227297250613,0
3159,32.78010531596376,0,3,216,0.0,0.0136986301369863,0.9863013698630136,219,6900,5000,1900,0.7246376811594203,88,50,38,179.74818174874682,0.44329329172077697,0.7670717473029087,0.11028489933324497,1090622.3726947098,-11492.522306724848,1079129.850387985,3158,2,1142.2054794520548,82,137,35,37.40644562291201,0.6110264227642277,42.04317269076302,8455.851966168577,103.12014592888508,0
3160,32.55187815022732,0,0,216,0.0,0.0,1.0,216,6400,4900,1500,0.765625,79,49,30,178.9238682446318,0.4421435364628194,0.7629094185864271,0.11004647487220647,1083766.8701148487,-10817.64786473491,1072949.2222501137,3159,3,1158.388888888889,82,134,38,37.338286075579944,0.6119156504065041,41.95532128514055,8399.838938840634,102.43706022976383,0
3161,32.221696654771065,0,0,216,0.0,0.0,1.0,216,6150,4000,2150,0.6504065040650406,83,40,43,180.05522346889057,0.44218256531725525,0.7639770888621258,0.11099672743261477,1073462.0579252113,-10693.509854980644,1062768.5480702305,3160,4,1159.388888888889,85,131,38,37.22485844556015,0.611642156862745,41.87257751937982,8317.3035054484,97.85062947586354,0
3162,32.00169909763751,0,3,213,0.0,0.013888888888888888,0.9861111111111112,216,6200,4300,1900,0.6935483870967742,81,43,38,182.1688676708698,0.4423830928797014,0.7675938803894315,0.11271894651923797,1067240.6546757899,-10516.395681079135,1056724.2589947106,3161,5,1160.388888888889,86,130,40,37.03378535002318,0.6126453488372092,41.73850574712642,8264.806627586644,96.10240264635632,0
3163,32.26158790376834,0,2,211,0.0,0.009389671361502348,0.9906103286384976,213,5250,3800,1450,0.7238095238095238,67,38,29,192.1577823516298,0.4410488085747188,0.7772008907670025,0.11905648843055916,1076302.196498588,-6486.031356128931,1069816.165142459,3162,7,1177.6525821596244,84,129,41,36.727571401461255,0.6138392857142857,41.69117647058821,8333.452816613035,99.20777162634565,0
3164,32.0402634146343,2,0,213,0.009389671361502348,0.0,1.0,213,5500,3800,1700,0.6909090909090909,72,38,34,192.43422951133132,0.44136530398322854,0.7777517716764524,0.11973758842798822,1070184.533482014,-6911.972772889118,1063272.560709125,3163,0,1178.5727699530516,72,141,39,36.56455308342076,0.6205150462962963,41.53824200913241,8281.18280863684,115.01642789773389,0
3165,32.501523996436354,1,0,214,0.004672897196261682,0.0,1.0,214,5750,4100,1650,0.7130434782608696,74,41,33,190.15336551400804,0.44167196846708495,0.7757709489888569,0.11886021548292545,1086962.9403477276,-7212.067740775478,1079750.8726069522,3164,0,1174.0607476635514,74,140,43,36.457158584393966,0.6211993243243243,41.37500000000001,8405.706643578367,113.59063031862658,0
3166,32.34267170400522,1,1,214,0.004651162790697674,0.004651162790697674,0.9953488372093023,215,6650,5300,1350,0.7969924812030075,80,53,27,191.06182933954963,0.4415761066434833,0.7782394648924484,0.12044562255989558,1084175.348784171,-8221.09490729031,1075954.2538768807,3165,0,1169.5953488372093,78,137,45,36.126211573390385,0.6224626068376069,41.07331223628693,8374.380857747266,107.36385715060598,0
3167,32.336365171394235,2,1,215,0.009259259259259259,0.004629629629629629,0.9953703703703703,216,6550,4700,1850,0.7175572519083969,84,47,37,190.9298892529516,0.44152086922193506,0.7800567317898837,0.12142388523426698,1086563.2296298617,-8258.520580087938,1078304.7090497736,3166,0,1165.0648148148148,82,134,40,35.81344403563131,0.6239837398373984,40.76305220883536,8382.780609692814,102.22903182552213,0
3168,32.5974467951484,3,2,216,0.013761467889908258,0.009174311926605505,0.9908256880733946,218,6000,4600,1400,0.7666666666666667,74,46,28,186.0105404760512,0.44200215969785367,0.7765810682892516,0.11914240108184504,1097455.3254007474,-8772.348354777678,1088682.9770459696,3167,0,1155.3623853211009,73,145,42,35.685644280496184,0.6304223744292237,40.512387387387356,8458.633646139642,115.87169378273482,0
3169,32.96170308962934,0,0,216,0.0,0.0,1.0,216,5550,4000,1550,0.7207207207207207,71,40,31,191.61583742400825,0.4415356732701694,0.7803774098375815,0.12307863664005968,1110561.6633580918,-6189.759372928248,1104371.9039851637,3168,1,1167.0277777777778,73,143,43,35.43976962565298,0.6314212328767124,40.413851351351326,8556.40155793708,117.21098024571343,0
3170,32.97159918542997,0,2,214,0.0,0.009259259259259259,0.9907407407407407,216,6950,5600,1350,0.8057553956834532,83,56,27,198.57164953677463,0.44139615633074936,0.7834659139509039,0.12110073837946825,1095133.9568588804,-6657.488744559913,1088476.4681143204,3169,2,1168.0277777777778,83,133,40,37.14395688991529,0.608433734939759,42.261904761904724,8498.037171006552,102.38599001212714,8
3171,32.72105562913944,0,0,214,0.0,0.0,1.0,214,6450,4300,2150,0.6666666666666666,86,43,43,201.13537787754598,0.44115458587454115,0.7851489633434743,0.12321097065447062,1088172.2735767716,-5476.011711653973,1082696.2618651176,3170,3,1172.0420560747664,83,131,42,36.9134270167171,0.6100652610441767,42.10069444444441,8438.737523799668,101.6715364313213,0
3172,32.41419997847038,1,2,213,0.004651162790697674,0.009302325581395349,0.9906976744186047,215,6950,4600,2350,0.6618705035971223,93,46,47,202.02210208345673,0.4414574730131131,0.7890649456278469,0.12454659704939083,1079895.0866741883,-6317.46491209735,1073577.6217620908,3171,0,1167.586046511628,86,129,36,36.655418464059835,0.611312984496124,41.870210727969315,8367.070609863926,97.29151871934798,0
3173,31.97776589241779,2,0,215,0.009302325581395349,0.0,1.0,215,6400,4500,1900,0.703125,83,45,38,196.40998959417294,0.44189940592624793,0.7845461365341333,0.12177419354838703,1067035.868840744,-7484.699220876093,1059551.169619868,3172,0,1160.5255813953488,72,143,41,36.59274193548388,0.619212962962963,41.66666666666666,8260.922855541243,114.73503966029504,0
3174,32.0740367946645,0,1,214,0.0,0.004651162790697674,0.9953488372093023,215,6800,4800,2000,0.7058823529411765,88,48,40,196.2733940326185,0.44181518510468737,0.7824235851709056,0.12219601628482354,1071481.6016701313,-7739.3338793395105,1063742.2677907918,3173,1,1161.5255813953488,76,139,38,36.44454039531761,0.6188322368421053,41.51785714285714,8290.56576076371,109.08639158899618,0
3175,32.16395539013847,1,1,214,0.004651162790697674,0.004651162790697674,0.9953488372093023,215,5500,3800,1700,0.6909090909090909,72,38,34,194.24560638028356,0.44155890023907846,0.7801888239543888,0.1213561493651719,1075521.850913858,-6716.921178798497,1068804.9297350596,3174,0,1162.1488372093024,79,136,41,36.36990626520986,0.6188027426160337,41.393229166666664,8317.816640671095,105.28881823634298,0
3176,32.64588044242973,0,0,214,0.0,0.0,1.0,214,6100,4100,2000,0.6721311475409836,81,41,40,195.198593449802,0.441258336624106,0.779668454589304,0.12239094290027731,1092719.1404204385,-6240.552150850712,1086478.5882695878,3175,1,1168.4158878504672,82,132,39,36.21459060923556,0.6189024390243902,41.265060240963855,8446.62990965275,103.00768182503353,0
3177,32.835106083165634,0,1,213,0.0,0.004672897196261682,0.9953271028037384,214,6900,4600,2300,0.6666666666666666,92,46,46,196.56458943124426,0.4412725052286721,0.7810243203058627,0.12355488478535352,1099805.6293600122,-6463.431602135504,1093342.1977578767,3176,2,1169.4158878504672,84,130,42,36.088916508838395,0.6190476190476191,41.1764705882353,8498.49804505464,101.17259577446,0
3178,32.46399942589045,0,1,212,0.0,0.004694835680751174,0.9953051643192489,213,7400,5600,1800,0.7567567567567568,92,56,36,200.61061294766662,0.44109679038592137,0.7842085953498661,0.12672545750841846,1088854.6990192812,-6312.838283758832,1082541.8607355224,3177,3,1175.6854460093896,85,128,35,35.80467934028592,0.6204656862745098,41.00048449612404,8408.160122623753,98.9195308543971,0
3179,32.8984010096508,1,0,213,0.004694835680751174,0.0,1.0,213,6900,5000,1900,0.7246376811594203,88,50,38,199.9131621053198,0.4411133994744146,0.784370765764534,0.12672878307801222,1104481.9135763762,-5339.905633762357,1099142.007942614,3178,0,1176.6338028169014,86,127,36,35.696215691710556,0.6213662790697674,40.8764367816092,8524.750893808237,99.12501039311904,0
3180,33.32149551254949,1,0,214,0.004672897196261682,0.0,1.0,214,6800,4900,1900,0.7205882352941176,87,49,38,195.54883491866417,0.4410851140069911,0.7809677573506806,0.12451458372262902,1120040.0193572005,-5795.495830484058,1114244.5235267165,3179,0,1172.1308411214952,87,127,38,35.649500852203566,0.6226053639846743,40.71969696969698,8639.607453916755,99.30583280364085,0
3181,32.829083733191,1,1,214,0.004651162790697674,0.004651162790697674,0.9953488372093023,215,5900,4500,1400,0.7627118644067796,73,45,28,196.11721132769702,0.44132706657972903,0.7841658835902447,0.1257101232815785,1105477.67758768,-5539.360137297116,1099938.317450383,3180,0,1167.6744186046512,74,141,37,35.396597092141654,0.6302083333333333,40.48611111111111,8519.603188259347,115.1297728143155,0
3182,32.59727545275822,1,1,214,0.004651162790697674,0.004651162790697674,0.9953488372093023,215,7200,5400,1800,0.75,90,54,36,190.88448466932147,0.4410019560965008,0.7777315029649818,0.12305694671022217,1099361.4298316538,-8229.79200025139,1091131.6378314025,3181,0,1168.6418604651162,79,136,45,35.32892977706473,0.6300105485232068,40.28645833333332,8465.953856519704,107.16397286733802,0
3183,32.750349858620964,0,0,214,0.0,0.0,1.0,214,5400,3600,1800,0.6666666666666666,72,36,36,194.0276460974194,0.44084973235048924,0.7801476567060219,0.12557727793223702,1105691.9342914922,-5293.039336104024,1100398.8949553883,3182,1,1174.3504672897195,80,134,44,35.10735260153751,0.6309895833333333,40.149176954732496,8510.205365783078,106.37756707228849,0
3184,32.32258302393072,0,1,213,0.0,0.004672897196261682,0.9953271028037384,214,5750,3800,1950,0.6608695652173913,77,38,39,196.21398575319128,0.4403894812279701,0.7810522443783172,0.12749401861420973,1092400.3200136216,-5681.155834413198,1086719.1641792085,3183,2,1175.3504672897195,84,130,43,34.910931730693704,0.630828373015873,40.01225490196078,8403.475476135896,100.04137471590353,0
3185,32.08217637257719,0,0,213,0.0,0.0,1.0,213,5900,3800,2100,0.6440677966101694,80,38,42,197.02225195100988,0.4397782133049872,0.7809491456531394,0.12843723980954308,1085217.3276867003,-5737.60764858153,1079479.7200381188,3184,3,1181.7042253521126,88,125,36,34.7747828825991,0.630563446969697,39.89934456928841,8344.595102151075,94.82494434262586,0
3186,31.947228356189434,0,0,213,0.0,0.0,1.0,213,6500,4200,2300,0.6461538461538462,88,42,46,195.06682814324262,0.43966379513981163,0.7787086131583223,0.1273884997967412,1081162.662740785,-6920.2057344503,1074242.4570063346,3185,4,1182.7042253521126,89,124,36,34.763064626153,0.6308520599250936,39.83796296296298,8311.456006833689,93.38714614419875,0
3187,31.865451120218896,0,1,212,0.0,0.004694835680751174,0.9953051643192489,213,6250,4700,1550,0.752,78,47,31,196.47233586785558,0.4395299997047273,0.780190711911948,0.1287807158651183,1079450.8669186379,-6433.553344382762,1073017.3135742552,3186,5,1183.7042253521126,89,124,38,34.59668245216181,0.6321395131086143,39.71064814814815,8294.237618548652,93.19368110728823,0
3188,31.46821043626523,0,1,211,0.0,0.0047169811320754715,0.9952830188679245,212,6600,4800,1800,0.7272727272727273,84,48,36,202.88069338656254,0.4388385272288295,0.7868677735586493,0.1332984121462118,1066666.1893563278,-5718.804778276992,1060947.3845780508,3187,6,1190.2594339622642,91,121,39,34.346190641850754,0.6323260073260073,39.62862318840581,8193.421277087395,90.03759645150983,0
3189,31.53657961172637,0,1,210,0.0,0.004739336492890996,0.995260663507109,211,6200,4600,1600,0.7419354838709677,78,46,32,199.95382641006745,0.4382165425411871,0.7828308510066295,0.13208941209316033,1070511.9637652256,-5589.407325477425,1064922.5564397483,3188,9,1196.8720379146919,73,138,40,34.23262200612282,0.6412671232876712,39.44256756756757,8217.090211332428,112.56287960729354,0
3190,31.627150853196028,0,0,210,0.0,0.0,1.0,210,6100,4300,1800,0.7049180327868853,79,43,36,194.84451909082634,0.437028651173388,0.7761208006265852,0.1293571621232347,1074990.9319087341,-6208.781769048641,1068782.1501396855,3189,10,1203.3904761904762,76,134,41,34.192047596810745,0.6415844298245614,39.272186147186154,8246.077900346976,108.50102500456548,0
3191,31.60028535453491,0,0,210,0.0,0.0,1.0,210,6400,4800,1600,0.75,80,48,32,196.16314969180408,0.43654068884332037,0.7776198554464191,0.13113748652845708,1076020.843854521,-6184.87242709272,1069835.9714274283,3190,11,1204.3904761904762,79,131,40,33.917315304527165,0.642668776371308,39.03645833333334,8246.52238379675,104.38635928856645,0
3192,31.120639780232395,0,0,210,0.0,0.0,1.0,210,6950,5300,1650,0.762589928057554,86,53,33,195.38328910463068,0.43617329308118785,0.7776109860172902,0.13125159773969905,1061024.8809218942,-7488.6937887261565,1053536.187133168,3191,12,1205.3904761904762,81,129,37,33.769945514691564,0.6435185185185186,38.8719512195122,8126.471942612523,100.32681410632745,0
3193,31.596093816040266,0,1,209,0.0,0.004761904761904762,0.9952380952380953,210,6700,4900,1800,0.7313432835820896,85,49,36,195.06319808510662,0.43590367965367965,0.7772613351560722,0.13151034967673347,1078241.3859206703,-6634.957390919244,1071606.428529751,3192,13,1206.3904761904762,84,126,39,33.65397395002658,0.6436011904761905,38.75000000000001,8254.479509440538,98.26761320762546,0
3194,31.600510884664367,0,0,209,0.0,0.0,1.0,209,6550,4900,1650,0.7480916030534351,82,49,33,197.3536148667083,0.4357603744939271,0.7787892980504645,0.13339917275576776,1079112.2100416052,-5756.660900297162,1073355.549141308,3193,14,1213.066985645933,85,124,40,33.50520640217525,0.6441176470588235,38.662790697674424,8258.389327125968,97.15752149559962,0
3195,31.83252874527794,0,1,208,0.0,0.004784688995215311,0.9952153110047847,209,5950,4400,1550,0.7394957983193278,75,44,31,195.48008238132866,0.43556005398110664,0.7763082291654344,0.1324677876695821,1087744.2216160751,-5223.5339897350805,1082520.68762634,3194,15,1214.066985645933,86,123,40,33.467298708436395,0.6446220930232558,38.577586206896555,8321.736501728918,96.76437792708043,0
3196,32.16851701130448,0,2,206,0.0,0.009615384615384616,0.9903846153846154,208,6750,5200,1550,0.7703703703703704,83,52,31,197.350421502533,0.4357595340951319,0.7751387690080209,0.13452801556001112,1100893.1129333922,-4897.656026671626,1095995.4569067205,3195,16,1220.1298076923076,76,132,38,33.21623403485185,0.6506304824561404,38.37932900432903,8415.949005433202,110.73617112412107,0
3197,32.222394918623486,0,0,206,0.0,0.0,1.0,206,5750,4100,1650,0.7130434782608696,74,41,33,196.52733109359602,0.43533082721603916,0.7708555792039915,0.13451783918878402,1103893.3717432574,-3560.956367877151,1100332.4153753803,3196,17,1231.131067961165,79,127,42,33.097931071647665,0.6507120253164558,38.24218750000002,8434.463607410054,106.76536211911461,0
3198,32.36023071975594,1,0,207,0.004830917874396135,0.0,1.0,207,4950,3700,1250,0.7474747474747475,62,37,25,193.9249260774793,0.4355965558213342,0.7700290946269215,0.13328657170327002,1109782.6699135515,-3307.095554989088,1106475.5743585625,3197,0,1226.1787439613527,80,127,42,33.0256158441771,0.6516927083333333,38.10442386831278,8475.001268104863,105.93751585131079,0
3199,32.04720707888342,0,1,206,0.0,0.004830917874396135,0.9951690821256038,207,5500,3700,1800,0.6727272727272727,73,37,36,191.91944598319145,0.43511874052186417,0.7670677304699431,0.13248774299480076,1100269.9523338662,-4667.360063225948,1095602.5922706402,3198,1,1227.1787439613527,83,124,45,32.929749735775275,0.6519829317269077,37.958829365079396,8397.687658530403,101.17695974133017,0
3200,31.86973390077912,0,0,206,0.0,0.0,1.0,206,6550,4800,1750,0.732824427480916,83,48,35,195.40549092025387,0.4342144210277054,0.7692050884770829,0.135451242263477,1095316.2741026867,-4943.837149203784,1090372.436953483,3199,2,1233.878640776699,83,123,36,32.699326774508876,0.6533634538152611,37.82242063492067,8355.529689115567,100.66903239898274,0
3201,32.29004754071894,0,1,205,0.0,0.0048543689320388345,0.9951456310679612,206,5400,3900,1500,0.7222222222222222,69,39,30,195.11276974816604,0.4337531573131265,0.7692984610613023,0.1358515846028483,1111005.4558634853,-3245.7296602298516,1107759.7262032556,3200,3,1234.878640776699,88,118,37,32.55727702672558,0.6530539772727273,37.67556179775284,8470.468580643037,96.25532478003451,0
3202,32.61118462636434,0,0,205,0.0,0.0,1.0,205,5600,4100,1500,0.7321428571428571,71,41,30,200.55403585055404,0.43279630958074283,0.7749003364359093,0.1401378356459022,1123056.3143288472,-1553.304734779942,1121503.0095940672,3201,22,1241.8878048780489,88,117,39,32.29515081240989,0.6542376893939394,37.558520599250954,8558.527538354076,97.25599475402359,0
3203,32.619737297346326,0,0,205,0.0,0.0,1.0,205,6700,5000,1700,0.746268656716418,84,50,34,202.30594744054156,0.4325731308783676,0.777244600176217,0.14185112478664066,1124321.380828227,-2208.619564777453,1122112.7612634494,3202,23,1242.8878048780489,75,130,41,32.13353518479851,0.6605555555555556,37.4451754385965,8564.469403343854,114.19292537791804,0
3204,32.12469969760828,0,0,205,0.0,0.0,1.0,205,7200,5800,1400,0.8055555555555556,86,58,28,207.0141012976159,0.43237386417981827,0.7834758197315874,0.1457616556013997,1108415.008925706,-2308.4926124913172,1106106.5163132146,3203,24,1243.8878048780489,75,130,39,31.87002156596748,0.6619444444444444,37.30811403508771,8438.897949621152,112.51863932828203,0
3205,31.890471170894102,0,0,205,0.0,0.0,1.0,205,5450,3500,1950,0.6422018348623854,74,35,39,207.60923414813672,0.43194643711142994,0.7813809721010563,0.14676270903789215,1101419.4113924021,-717.0319049864802,1100702.3794874155,3204,25,1244.8878048780489,80,125,40,31.72208086640244,0.6610677083333334,37.17849794238683,8381.501534459381,104.76876918074227,0
3206,31.655546623261955,0,1,204,0.0,0.004878048780487805,0.9951219512195122,205,6500,4900,1600,0.7538461538461538,81,49,32,205.7969256099411,0.4315618523832297,0.7805082910999006,0.14617860268578617,1094599.007217294,-2446.977907797501,1092152.0293094965,3205,26,1245.8878048780489,82,123,40,31.6111084598008,0.661839430894309,37.0230923694779,8324.677760339218,101.52046049194169,0
3207,31.29545616845296,0,2,202,0.0,0.00980392156862745,0.9901960784313726,204,5900,3500,2400,0.5932203389830508,83,35,48,204.4826682375468,0.4308297313178145,0.7784653397542309,0.14607654084275024,1083669.5508938406,-2381.671749088806,1081287.8791447517,3206,27,1252.6568627450981,84,120,36,31.45703331160162,0.6629464285714286,36.83823529411764,8235.76747256565,98.04485086387679,0
3208,31.665087631801715,0,1,201,0.0,0.0049504950495049506,0.995049504950495,202,6650,5200,1450,0.7819548872180451,81,52,29,202.0644545746471,0.42996393855803494,0.7729207436614574,0.14484505548763868,1097391.5223625777,-2701.23611579289,1094690.2862467847,3207,28,1263.09900990099,88,114,37,31.407727245784088,0.6626420454545454,36.727528089887635,8336.545894074743,94.73347606903117,0
3209,32.003805021112115,0,0,201,0.0,0.0,1.0,201,6400,4800,1600,0.75,80,48,32,206.22247527868734,0.429040215588723,0.7772756888357397,0.1483101425757841,1110017.897388981,-817.87231936025,1109200.0250696207,3208,29,1270.0696517412935,88,113,37,31.190748640921917,0.6637073863636364,36.62219101123594,8429.092045764079,95.78513688368271,0
3210,31.594564094429465,0,0,201,0.0,0.0,1.0,201,5150,3600,1550,0.6990291262135923,67,36,31,203.9044878967095,0.42875518242122723,0.7741220902785351,0.1470258675886798,1096520.6610361417,-632.9032286528454,1095887.7578074888,3209,30,1271.0696517412935,90,111,37,31.166362530413643,0.6638888888888889,36.53846153846153,8323.952463340054,92.48836070377838,0
3211,31.287246367588363,0,2,199,0.0,0.009950248756218905,0.9900497512437811,201,7000,5100,1900,0.7285714285714285,89,51,38,203.68672162217212,0.42842558043117746,0.7723150634517801,0.14780541168788047,1087532.8538614227,-2896.7996681125705,1084636.0541933102,3210,31,1272.0696517412935,75,126,36,30.964471677843065,0.6718055555555555,36.334978070175424,8249.352499633977,109.99136666178636,0
3212,30.976743735027505,0,0,199,0.0,0.0,1.0,199,4650,2800,1850,0.6021505376344086,65,28,37,206.42087731953,0.42745186369558225,0.7741762082538242,0.15000344126082488,1077112.072331941,17.683788443146113,1077129.7561203842,3211,32,1285.4723618090452,73,126,39,30.84587737091207,0.673230593607306,36.2894144144144,8168.895229898697,111.90267438217393,0
3213,31.14342051549205,0,0,199,0.0,0.0,1.0,199,6150,4700,1450,0.7642276422764228,76,47,29,194.2813918124329,0.42715154053093757,0.7646413753172594,0.1346757815328143,1070361.442629001,-4359.737836734841,1066001.7047922662,3212,33,1286.4723618090452,80,119,39,32.72786170925919,0.6545572916666667,37.821502057613166,8165.135211539817,102.0641901442477,8
3214,31.048322625829417,0,0,199,0.0,0.0,1.0,199,4800,3400,1400,0.7083333333333334,62,34,28,194.6667672151898,0.4267338375378576,0.7654598236959405,0.13547940937736608,1068159.29637899,-3012.9765806101277,1065146.31979838,3213,34,1287.4723618090452,81,118,40,32.58425549259853,0.6554783950617284,37.6905487804878,8144.268469267673,100.54652431194658,0
3215,31.016159543226344,0,1,198,0.0,0.005025125628140704,0.9949748743718593,199,5200,3600,1600,0.6923076923076923,68,36,32,194.08226988637097,0.42620721452379745,0.7650476327613609,0.13546200722387633,1067823.9037136957,-3550.862585663919,1064273.0411280317,3214,35,1288.4723618090452,86,113,41,32.502984881669434,0.6545542635658914,37.595785440613035,8138.770983588964,94.63687190219726,0
3216,30.900825491736235,0,0,198,0.0,0.0,1.0,198,5150,3700,1450,0.7184466019417476,66,37,29,197.78281683043508,0.42574272761455506,0.7694404361071017,0.13844797178130516,1064630.0032699802,-2636.8958142133874,1061993.1074557668,3215,36,1290.9040404040404,87,111,41,32.30820105820106,0.6551724137931034,37.500000000000014,8111.466691580801,93.23524932851495,0
3217,31.326853574982316,0,1,197,0.0,0.005050505050505051,0.9949494949494949,198,4850,3000,1850,0.6185567010309279,67,30,37,194.27545018408614,0.4256786349108684,0.764660542709322,0.13640227787670817,1080118.4454501132,-2481.900551608717,1077636.5448985044,3216,37,1291.9040404040404,73,125,41,32.29981908335565,0.6619577625570776,37.40146396396397,8226.385887405633,112.6902176356936,0
3218,31.276835031250883,0,0,197,0.0,0.0,1.0,197,5350,3500,1850,0.6542056074766355,72,35,37,194.31053811562577,0.425475456680134,0.7622133642204527,0.13686312439852516,1079251.3754782497,-2808.0168937584062,1076443.3585844913,3217,38,1294.6954314720813,76,121,40,32.192483306727105,0.661595394736842,37.297077922077925,8216.515956058727,108.1120520534043,0
3219,31.38800399356957,0,0,197,0.0,0.0,1.0,197,6350,4600,1750,0.7244094488188977,81,46,35,217.43435943865933,0.42558876342415136,0.7786343017604491,0.14599164133738607,1070001.5558919043,781.020580745253,1070782.5764726496,3218,39,1295.6954314720813,80,117,36,33.211436170212785,0.64375,38.8888888888889,8195.75659832097,102.44695747901213,8
3220,31.550205292577303,0,0,197,0.0,0.0,1.0,197,5200,3800,1400,0.7307692307692307,66,38,28,219.55526584978634,0.4254722193445906,0.7810862799251159,0.1481469390989744,1076908.6148858229,2688.1914474365367,1079596.8063332594,3219,40,1296.6954314720813,80,117,38,32.98520532887076,0.6454427083333334,38.72170781893005,8243.383756806772,103.04229696008466,0
3221,31.901429635527215,0,0,197,0.0,0.0,1.0,197,4900,3200,1700,0.6530612244897959,66,32,34,220.03826053071947,0.4252078369418833,0.7803037592664126,0.14881877620509637,1089550.716222745,3648.568871530585,1093199.2850942754,3220,41,1297.6954314720813,81,116,38,32.89244515731828,0.6458333333333333,38.643292682926834,8337.652608248709,102.9339828178853,0
3222,32.402077615319065,0,0,197,0.0,0.0,1.0,197,5550,4300,1250,0.7747747747747747,68,43,25,217.2981381247913,0.4253556752650299,0.7774789168200289,0.14741035856573712,1107510.466494531,3181.992464596179,1110692.458959127,3221,42,1298.6954314720813,83,114,39,32.860225763612235,0.6460843373493976,38.54166666666667,8471.793209838643,102.06979770889932,0
3223,32.82129757989885,0,0,197,0.0,0.0,1.0,197,5550,3800,1750,0.6846846846846847,73,38,35,215.27997081095612,0.4251182706585172,0.7749412239130209,0.14629326136762572,1122336.1651762717,3373.299375845666,1125709.4645521173,3222,43,1299.6954314720813,71,126,39,32.85387622630375,0.6519953051643192,38.4837962962963,8583.301143724708,120.89156540457336,0
3224,32.67178657571625,0,1,196,0.0,0.005076142131979695,0.9949238578680203,197,5400,3600,1800,0.6666666666666666,72,36,36,210.7326995018287,0.4251571186850374,0.769817013637881,0.14373903433543123,1118292.93225857,2332.1776897329974,1120625.109948303,3223,44,1300.6954314720813,73,124,42,32.845032818636696,0.6522545662100456,38.35867117117118,8548.289654882317,117.09985828605915,0
3225,33.026610077282434,0,0,196,0.0,0.0,1.0,196,6550,4900,1650,0.7480916030534351,82,49,33,209.4695752959601,0.424791230594802,0.7685831442084472,0.1434623021503732,1131617.2439131795,1657.8766960158928,1133275.1206091954,3224,45,1306.4336734693877,74,122,41,32.73877422891906,0.6531531531531531,38.222222222222236,8645.63259356419,116.83287288600258,0
3226,32.88090345634193,0,0,196,0.0,0.0,1.0,196,5150,3900,1250,0.7572815533980582,64,39,25,231.58985439982243,0.424788505145648,0.7966049406669831,0.1467426660907926,1103758.0026916827,6773.831027201019,1110531.8337188836,3225,46,1307.4336734693877,73,123,36,34.89178709186724,0.6265696347031964,40.89245495495495,8519.69017343588,116.70808456761479,8
3227,33.26389561424008,0,0,196,0.0,0.0,1.0,196,5400,4000,1400,0.7407407407407407,68,40,28,229.4417839653672,0.42450396825396824,0.7951072568554836,0.14579748090383504,1117483.2770896691,6679.471329383507,1124162.7484190527,3226,47,1308.4336734693877,74,122,37,34.84434442479773,0.6271114864864865,40.79166666666666,8622.278942341121,116.51728300460975,0
3228,32.81027919740946,0,1,195,0.0,0.00510204081632653,0.9948979591836735,196,5200,3900,1300,0.75,65,39,26,227.0677221876345,0.4242864774114774,0.7929667113171979,0.14486522957212375,1103437.7619561409,5711.019836640355,1109148.7817927813,3227,48,1309.4336734693877,78,118,38,34.762401071059344,0.6267361111111112,40.65137130801687,8509.300916849226,109.093601498067,0
3229,32.58719459681785,0,0,195,0.0,0.0,1.0,195,4000,2800,1200,0.7,52,28,24,229.19856691516551,0.4240935324698211,0.7939417967465432,0.14652901484852277,1096552.3889612085,7265.647219461936,1103818.0361806704,3228,49,1316.0205128205127,66,129,38,34.63245135642655,0.6335227272727273,40.578358208955216,8453.823523670733,128.08823520713233,0
3230,32.60984153063969,0,1,194,0.0,0.005128205128205128,0.9948717948717949,195,4600,3100,1500,0.6739130434782609,61,31,30,231.5181167891198,0.42379284518459776,0.7960474757575344,0.14847222141992988,1098235.3228963225,7252.274749649481,1105487.597645972,3229,50,1317.0205128205127,66,129,38,34.4609267357575,0.6346275252525253,40.46952736318408,8463.247585058582,128.2310240160391,0
3231,32.27718386933125,0,0,194,0.0,0.0,1.0,194,5550,3900,1650,0.7027027027027027,72,39,33,235.98683281507823,0.42362743265138975,0.7989845042922921,0.15187730615971562,1088074.2214011818,7004.237875239436,1095078.4592764212,3230,51,1316.4639175257732,66,128,37,34.21763666846297,0.6358901515151515,40.34514925373134,8380.927360101074,126.9837478803193,0
3232,32.54319419509139,0,0,194,0.0,0.0,1.0,194,5000,3400,1600,0.68,66,34,32,235.50001459906085,0.42376375460712573,0.7981110641097384,0.15198849404318998,1097866.091344285,7909.496107878616,1105775.5874521637,3231,52,1317.4639175257732,68,126,38,34.13041477779069,0.6357230392156863,40.24758454106281,8453.173298924263,124.31137204300387,0
3233,32.55710900189811,1,0,195,0.005128205128205128,0.0,1.0,195,5150,3400,1750,0.6601941747572816,69,34,35,231.95906598338874,0.4243556701030928,0.795635114976498,0.15072375828164572,1100333.6556966656,6896.473409097303,1107230.129105763,3232,0,1311.702564102564,72,123,40,33.98074460300037,0.6359953703703703,40.01141552511416,8464.47668399806,117.56217616663973,0
3234,32.77960675425246,0,0,195,0.0,0.0,1.0,195,4950,3500,1450,0.7070707070707071,64,35,29,229.44160873513562,0.42421248568155784,0.79397241082468,0.1496418993070764,1108948.1661590973,6937.770249484284,1115885.9364085817,3233,1,1312.702564102564,72,123,37,33.91482436410849,0.6372974537037037,39.882990867579906,8526.533269453019,118.42407318684748,0
3235,32.63885668115632,1,0,196,0.00510204081632653,0.0,1.0,196,6350,4600,1750,0.7244094488188977,81,46,35,233.03129216458035,0.4241943572300715,0.7989544409313019,0.15293902452146035,1106023.8700052698,5997.63431843965,1112021.5043237095,3234,0,1307.0,74,122,39,33.60008536064873,0.6385135135135135,39.66666666666668,8496.98235599439,114.8240858918161,0
3236,32.11840478213948,1,0,197,0.005076142131979695,0.0,1.0,197,5500,3500,2000,0.6363636363636364,75,35,40,230.28016326271376,0.42464454055733963,0.7973581448922664,0.15171234266351405,1089486.524120082,5277.426929379891,1094763.9510494617,3235,0,1301.3604060913706,64,133,40,33.53727004245372,0.6453450520833333,39.535256410256416,8365.712066091566,130.71425103268072,0
3237,32.27700280812678,0,0,197,0.0,0.0,1.0,197,5550,3600,1950,0.6486486486486487,75,36,39,233.3082165313301,0.4247211574985324,0.7988888330324164,0.15432961031957979,1096030.9183845439,6192.603766298712,1102223.5221508425,3236,1,1302.3604060913706,66,131,40,33.31667859841709,0.6455176767676767,39.396766169154226,8411.491310165118,127.44683803280482,0
3238,31.856131991455147,0,2,195,0.0,0.01015228426395939,0.9898477157360406,197,6000,4500,1500,0.75,75,45,30,231.96212049863578,0.42451396802375774,0.7980305556012723,0.15409422097124725,1082948.1346214446,4840.589139366366,1087788.723760811,3237,2,1303.3604060913706,68,129,38,33.20282345221552,0.6458333333333333,39.25120772946859,8306.44794318255,122.15364622327279,0
3239,31.9155678407444,0,0,195,0.0,0.0,1.0,195,5550,3500,2050,0.6306306306306306,76,35,41,232.26710112613364,0.42410454665609304,0.7964896038267162,0.15498224099080463,1086225.3504003016,5908.882661439345,1092134.2330617409,3238,3,1312.0358974358974,68,127,44,33.040398487829336,0.6473651960784313,39.10024154589372,8326.763940575856,122.45241089082141,0
3240,32.30537073209233,0,0,195,0.0,0.0,1.0,195,6000,4100,1900,0.6833333333333333,79,41,38,231.56878789489406,0.4240450700502247,0.7962511131669281,0.15525753623970345,1100861.649594965,5985.039567335782,1106846.6891623007,3239,4,1313.0358974358974,70,125,36,32.89240755310778,0.6479166666666667,38.937793427230034,8433.711367471373,120.48159096387676,0
3241,32.59967951225422,0,0,195,0.0,0.0,1.0,195,5100,3600,1500,0.7058823529411765,66,36,30,230.63989827736833,0.42387545158163714,0.7948474696210786,0.1550301229290486,1111626.5236530867,7177.085667554562,1118803.6093206413,3240,5,1314.0358974358974,73,122,36,32.8282215753917,0.6472602739726028,38.851351351351354,8513.362251004235,116.62140069868815,0
3242,32.99272889794956,0,1,194,0.0,0.005128205128205128,0.9948717948717949,195,5650,4500,1150,0.7964601769911505,68,45,23,226.81504673917672,0.4235593444356331,0.7913437662257305,0.1529918054119671,1126044.419306494,6430.763519078365,1132475.1828255723,3241,6,1315.0358974358974,75,120,38,32.80763648445425,0.6475,38.73355263157895,8619.893068156733,114.9319075754231,0
3243,32.98015788859944,0,1,193,0.0,0.005154639175257732,0.9948453608247423,194,4700,3400,1300,0.723404255319149,60,34,26,219.47082731198262,0.42363355322899415,0.7812588542282632,0.1435918204243361,1116669.104693609,5515.258448167475,1122184.3631417765,3242,7,1321.2731958762886,81,113,38,34.062677975754625,0.6343878600823045,39.77388211382114,8582.298454623471,105.95430190893174,8
3244,33.148894630336486,0,0,193,0.0,0.0,1.0,193,4800,3700,1100,0.7708333333333334,59,37,22,219.95666716028006,0.4237966411197467,0.7811790901700022,0.14449461058067617,1123588.0445149126,6028.136306527258,1129616.18082144,3243,8,1325.419689119171,81,112,39,33.90722580015613,0.6358024691358024,39.63414634146341,8630.840248264434,106.55358331190659,0
3245,32.81252673846342,0,1,192,0.0,0.0051813471502590676,0.9948186528497409,193,4750,3300,1450,0.6947368421052632,62,33,29,216.4234589000233,0.4235919958981002,0.7773528486762924,0.1428045886556516,1113486.4825772345,4846.9191995573065,1118333.4017767918,3244,9,1326.419689119171,71,122,40,33.843840821162146,0.6418720657276995,39.4820601851852,8548.251866023042,120.39791360595834,0
3246,33.14579794206006,0,0,192,0.0,0.0,1.0,192,6350,4900,1450,0.7716535433070866,78,49,29,212.59854214748867,0.423166857547993,0.7706388903494934,0.14087801653522455,1126052.1869291547,3129.4106646260234,1129181.5975937806,3245,10,1318.25,75,117,39,33.79495740877064,0.6413888888888889,39.33662280701755,8639.895631333591,115.19860841778122,0
3247,33.5690336365324,0,1,191,0.0,0.005208333333333333,0.9947916666666666,192,5900,4300,1600,0.7288135593220338,75,43,32,210.75932749091714,0.4228873527486911,0.7693675440871368,0.1403121489649482,1141823.5243456403,3829.991620879441,1145653.5159665197,3246,11,1319.25,76,116,40,33.680411479944674,0.6425438596491229,39.17748917748919,8755.55963896574,115.20473209165448,0
3248,33.79077838708814,0,1,190,0.0,0.005235602094240838,0.9947643979057592,191,5850,3800,2050,0.6495726495726496,79,38,41,212.37769281180528,0.4222191604666115,0.7696856178727305,0.14206122588117884,1150786.6128312736,4830.281150363902,1155616.8939816374,3247,12,1315.6335078534032,78,113,43,33.47363967059063,0.6432959401709402,39.01635021097048,8818.840672674562,113.06205990608412,0
3249,33.68593945393801,0,0,190,0.0,0.0,1.0,190,5350,3700,1650,0.6915887850467289,70,37,33,207.35036729624494,0.4221630465051518,0.7625300383401967,0.13916808288316296,1148223.929372706,4266.930698753877,1152490.8600714598,3248,13,1323.1157894736841,80,110,40,33.48786714607034,0.6436197916666666,38.90174897119343,8795.339875685528,109.9417484460691,0
3250,34.06497816556024,0,0,190,0.0,0.0,1.0,190,6200,4900,1300,0.7903225806451613,75,49,26,181.82655372431728,0.4220754432377239,0.7305135832764218,0.11902754675849037,1153566.898746192,-2250.18126210604,1151316.717484086,3249,14,1324.1157894736841,90,100,41,35.023092148669456,0.6313657407407407,39.75503663003664,8865.238994894862,98.5026554988318,8
3251,34.11398100186239,0,0,190,0.0,0.0,1.0,190,5400,3400,2000,0.6296296296296297,74,34,40,183.07241396001905,0.42192982456140354,0.733131099973622,0.12028206608707628,1156344.466528294,-1061.0454286710928,1155283.4210996227,3250,15,1325.1157894736841,90,100,41,34.862448342565685,0.6326388888888889,39.62912087912087,8882.28722376785,98.69208026408721,0
3252,34.359716798737516,0,0,190,0.0,0.0,1.0,190,4900,3400,1500,0.6938775510204082,64,34,30,182.5923610553279,0.4216171215074724,0.7323154495495998,0.1205480328875933,1166159.423137323,-313.63951248757985,1165845.7836248353,3251,16,1326.1157894736841,77,113,44,34.70593700343427,0.6392045454545454,39.463141025641015,8951.972689991566,116.25938558430605,0
3253,34.6808710333312,0,0,190,0.0,0.0,1.0,190,5250,3700,1550,0.7047619047619048,68,37,31,187.805158617789,0.42133458646616545,0.7369603186436344,0.12441462384572566,1178118.0693032749,1001.3301751970303,1179119.3994784718,3252,17,1327.1157894736841,78,112,44,34.45077482125993,0.6399572649572649,39.345991561181435,9039.708050987492,115.89369296137811,0
3254,34.19752539728514,1,0,191,0.005235602094240838,0.0,1.0,191,5550,3600,1950,0.6486486486486487,75,36,39,185.54421446368596,0.42212501148158355,0.7346531538080114,0.12349259236076668,1163120.7218955504,-587.9358658910705,1162532.7860296592,3253,0,1321.1623036649214,83,108,45,34.34726448586281,0.6395582329317269,39.18650793650792,8919.176018795853,107.45995203368498,0
3255,34.580971524939656,0,0,191,0.0,0.0,1.0,191,4800,3900,900,0.8125,57,39,18,185.30046609040235,0.4221422338568936,0.7350809233535334,0.12351015857660622,1176609.8524846204,605.2708143918226,1177215.1232990122,3254,1,1322.1623036649214,83,108,45,34.30309944856437,0.6400602409638554,39.13690476190475,9020.899268336165,108.68553335344777,0
3256,33.9773602579793,1,0,192,0.005208333333333333,0.0,1.0,192,5900,4600,1300,0.7796610169491526,72,46,26,185.34245951443603,0.42216018579115766,0.7375723574312116,0.12416273997499505,1157590.954626568,-1389.8490715698454,1156201.1055549982,3255,0,1316.2708333333333,85,107,49,34.12752501817397,0.6410539215686275,38.965600775193785,8869.259822186388,104.3442332021928,0
3257,34.078965226438704,0,0,192,0.0,0.0,1.0,192,6250,4900,1350,0.784,76,49,27,183.9692559973055,0.4221550728984875,0.735560473629167,0.12355069540336736,1161804.528420623,-1902.737058431745,1159901.791362191,3256,1,1317.2708333333333,88,104,45,34.077300911399966,0.6408617424242424,38.88108614232208,8898.662385321202,101.12116346955912,0
3258,33.58412601839928,0,1,191,0.0,0.005208333333333333,0.9947916666666666,192,5100,3900,1200,0.7647058823529411,63,39,24,184.49531587557024,0.422248809264107,0.7370099749656607,0.12425767782738723,1145779.9105504744,-1221.7946958214943,1144558.1158546528,3257,2,1318.2708333333333,89,103,41,33.96542270370861,0.641502808988764,38.78472222222222,8772.686806820062,98.56951468337148,0
3259,33.40208283632977,0,1,190,0.0,0.005235602094240838,0.9947643979057592,191,5100,3500,1600,0.6862745098039216,67,35,32,188.68224412534093,0.42204578855515756,0.7407141987441515,0.12733936206665364,1140175.1886266293,-273.83734277884105,1139901.3512838504,3258,5,1326.1623036649214,89,102,41,33.785299003322244,0.6422050561797753,38.71527777777777,8727.453935534066,98.06128017454006,0
3260,33.30477388716961,0,1,189,0.0,0.005263157894736842,0.9947368421052631,190,6050,4300,1750,0.7107438016528925,78,43,35,191.255477072211,0.4215399610136452,0.7432555233463096,0.12948989826539067,1137792.0225125423,-528.2087850819453,1137263.8137274603,3259,6,1330.5578947368422,94,96,45,33.608180572451275,0.6417331560283688,38.607456140350855,8705.619569037615,92.61297413869804,0
3261,32.768861681358466,0,1,188,0.0,0.005291005291005291,0.9947089947089947,189,5200,3700,1500,0.7115384615384616,67,37,30,188.1413859466359,0.4209843708957184,0.7376884223712903,0.12788198248339924,1120612.1545695686,-833.2952261269284,1119778.8593434417,3260,7,1338.1375661375662,78,111,46,33.555384692951506,0.6487713675213675,38.475738396624486,8569.852354800452,109.86990198462118,0
3262,33.160872102253244,0,1,187,0.0,0.005319148936170213,0.9946808510638298,188,4500,3300,1200,0.7333333333333333,57,33,24,184.5189215018037,0.42086699283194906,0.7309218022627813,0.1257582825920712,1134801.3580202858,-221.53545986268546,1134579.822560423,3261,8,1329.154255319149,79,109,46,33.55813259008559,0.6492616033755274,38.385416666666686,8675.367738000992,109.81478149368344,0
3263,33.10893932961722,0,0,187,0.0,0.0,1.0,187,6050,4700,1350,0.7768595041322314,74,47,27,184.84480940887613,0.4202940218120484,0.7305599611386051,0.12663835878650748,1134532.1123180843,-1507.5255860624702,1133024.5867320218,3262,9,1337.1229946524063,81,106,46,33.37235539596276,0.6502057613168724,38.211382113821166,8667.543466777912,107.00670946639397,0
3264,33.30761265489046,0,0,187,0.0,0.0,1.0,187,4850,3900,950,0.8041237113402062,58,39,19,185.82452846582086,0.4200927682901117,0.7335167742618265,0.12769861596171286,1142226.2852005586,200.7321697322377,1142427.0173702908,3263,10,1338.1229946524063,81,106,45,33.24319298926403,0.6512345679012346,38.109756097561,8722.938801997281,107.69060249379359,0
3265,33.07672139626381,0,0,187,0.0,0.0,1.0,187,5750,3900,1850,0.6782608695652174,76,39,37,198.1605332857578,0.41990109826921973,0.7479399640502247,0.13539149115455826,1132640.419314586,1738.9259024766138,1134379.3452170626,3264,11,1339.1229946524063,73,114,42,33.11655057106483,0.6528253424657534,38.30236486486487,8656.099767425982,118.57670914282167,7
3266,32.76624822492162,0,0,187,0.0,0.0,1.0,187,4750,3600,1150,0.7578947368421053,59,36,23,201.66075740838775,0.41978609625668445,0.7502833057454004,0.13842411104467994,1123337.0831069278,3156.601400854372,1126493.684507782,3265,12,1340.1229946524063,73,114,41,32.86698562878547,0.6543949771689498,38.14752252252252,8579.923275337722,117.53319555257153,0
3267,32.90760934672786,0,1,186,0.0,0.0053475935828877,0.9946524064171123,187,4700,3500,1200,0.7446808510638298,59,35,24,200.90194419961364,0.41929733770340977,0.7493860367208509,0.13842969579781578,1129275.3544387831,3274.7228486917343,1132550.0772874749,3266,13,1341.1229946524063,75,112,46,32.75762094102053,0.6547222222222222,38.02083333333333,8621.108073647965,114.94810764863954,0
3268,33.08990169464609,0,0,186,0.0,0.0,1.0,186,5800,4000,1800,0.6896551724137931,76,40,36,197.72569611950553,0.4187197277923084,0.7440164573792618,0.13675683324507754,1136617.1512399185,1947.6834900564136,1138564.8347299749,3267,14,1349.1505376344087,78,108,45,32.71309152496897,0.6546474358974359,37.89556962025316,8673.009834997025,111.19243378201314,0
3269,33.279525774007325,0,0,186,0.0,0.0,1.0,186,4200,2900,1300,0.6904761904761905,55,29,26,197.16239878400177,0.41832497820401043,0.743321954290528,0.13676401048272313,1143968.9410963072,3709.5321121886304,1147678.4732084959,3268,15,1350.1505376344087,79,107,38,32.62987080167517,0.655195147679325,37.79947916666667,8725.908991031078,110.4545441902668,0
3270,33.04062261689926,0,0,186,0.0,0.0,1.0,186,5350,3600,1750,0.6728971962616822,71,36,35,198.78945699859045,0.41792962317155863,0.7469212140764392,0.1383927421111687,1136791.710261761,2646.4413606868507,1139438.151622448,3269,16,1351.1505376344087,80,106,39,32.465396934340006,0.6559895833333333,37.68004115226337,8667.214765168597,108.34018456460747,0
3271,32.701852379447246,0,0,186,0.0,0.0,1.0,186,5000,3200,1800,0.64,68,32,36,198.35669625595796,0.41775283347863995,0.7464075837184605,0.13826764705671252,1125496.2466079167,2449.943425125563,1127946.1900330423,3270,17,1352.1505376344087,82,104,39,32.433927290122,0.655614837398374,37.63805220883535,8579.721686650926,104.63075227623081,0
3272,32.81509582002434,0,0,186,0.0,0.0,1.0,186,4400,2700,1700,0.6136363636363636,61,27,34,176.83666240389044,0.41749673060156933,0.7176674430377641,0.11063164680325054,1097710.8809054107,-2776.8943072503157,1094933.9865981604,3271,18,1353.1505376344087,83,103,46,36.770264007415236,0.6177208835341366,41.34424603174605,8487.813350868953,102.26281145625245,8
3273,32.39026806636591,0,0,186,0.0,0.0,1.0,186,4500,3200,1300,0.7111111111111111,58,32,26,183.26011269047024,0.41755788046110626,0.7288892745861362,0.11299592730345936,1079140.6864016126,-2147.3112402342445,1076993.3751613784,3272,19,1354.1505376344087,83,103,41,37.13449590058929,0.6124497991967872,41.86507936507933,8361.059276655076,100.73565393560332,8
3274,32.46112672900551,0,0,186,0.0,0.0,1.0,186,5800,4400,1400,0.7586206896551724,72,44,28,185.48760440202472,0.4176075268817205,0.7327103209063708,0.11476978238711338,1082555.3333215755,-2839.880917909597,1079715.452403666,3273,20,1355.1505376344087,85,101,43,36.94892599193319,0.6129901960784314,41.739341085271285,8383.431978147384,98.62861150761628,0
3275,32.28072560067218,2,0,188,0.010638297872340425,0.0,1.0,188,5050,3700,1350,0.7326732673267327,64,37,27,180.8394387673612,0.41918342530435776,0.7295779622779084,0.11274145869353495,1078795.041214791,-3632.262040340742,1075162.77917445,3274,0,1341.723404255319,78,110,43,36.79361962564392,0.6184561965811965,41.46888185654011,8345.572084024048,106.99451389774421,0
3276,32.01063167059369,1,0,189,0.005291005291005291,0.0,1.0,189,5150,3800,1350,0.7378640776699029,65,38,27,179.87683342908323,0.4195783612893542,0.7290999056513587,0.11279961032277078,1071496.7308339097,-4402.51220559604,1067094.2186283136,3275,0,1335.6190476190477,81,108,44,36.60603233830849,0.6193415637860082,41.26016260162604,8282.425633468714,102.25216831442857,0
3277,32.23677170352805,0,0,189,0.0,0.0,1.0,189,5850,4500,1350,0.7692307692307693,72,45,27,179.6959070114544,0.4193672839506173,0.7295717243833413,0.11294936575121152,1079758.3735282936,-4844.3679431238115,1074914.0055851697,3276,1,1336.6190476190477,82,107,46,36.5262692139844,0.6197916666666667,41.17720883534139,8343.61123044508,101.75135646884243,0
3278,32.2689748404796,0,0,189,0.0,0.0,1.0,189,4600,3100,1500,0.6739130434782609,61,31,30,180.04281246772493,0.41947282261998575,0.7289525224971565,0.11360866643605674,1081990.317428526,-3439.0840374641593,1078551.233391062,3277,2,1337.6190476190477,82,107,47,36.376752770508226,0.6211890243902439,41.03915662650604,8356.400939488703,101.90732853035004,0
3279,32.51593539944944,1,0,190,0.005263157894736842,0.0,1.0,190,4700,3100,1600,0.6595744680851063,63,31,32,179.10844468958072,0.41969797178130513,0.7293150950862755,0.11363955235075235,1091901.517232067,-3586.243498874086,1088315.2737331928,3278,0,1331.5736842105264,84,106,39,36.203913872732144,0.6223958333333333,40.84558823529413,8426.648111423528,100.31723942170868,0
3280,32.651227241418326,0,0,190,0.0,0.0,1.0,190,4400,3000,1400,0.6818181818181818,58,30,28,181.07649272868838,0.4196329945233454,0.7312991569407927,0.11533187979300931,1097594.0987503312,-2650.3020317167166,1094943.7967186144,3279,1,1332.5736842105264,85,105,43,36.01465058158543,0.623406862745098,40.709786821705436,8466.143671960326,99.60169025835678,0
3281,32.23837462673417,1,0,191,0.005235602094240838,0.0,1.0,191,5100,3400,1700,0.6666666666666666,68,34,34,182.23316811020857,0.4198045834481492,0.7323336810456944,0.1164852135367065,1084768.4754991026,-3763.840808743983,1081004.6346903585,3280,0,1326.5916230366493,75,116,45,35.856459467075226,0.6287499999999999,40.58388157894733,8363.154009871032,111.50872013161376,0
3282,32.46207246026728,1,0,192,0.005208333333333333,0.0,1.0,192,5600,4000,1600,0.7142857142857143,72,40,32,177.3155939151436,0.4203053419502618,0.7249858436554504,0.11409649107008277,1094252.8189404693,-5194.382303250248,1089058.436637219,3281,0,1320.6770833333333,79,113,45,35.747590809554815,0.6293512658227849,40.351562499999986,8428.726392320148,106.69273914329301,0
3283,32.55236611026256,0,0,192,0.0,0.0,1.0,192,5800,4300,1500,0.7413793103448276,73,43,30,178.642892124429,0.42009912194589877,0.7281476619546514,0.11529430782886496,1098177.10757313,-4963.69308765941,1093213.4144854706,3282,1,1321.6770833333333,79,113,41,35.60710018881478,0.6304061181434599,40.247395833333314,8455.561868927402,107.03242872060002,0
3284,32.50937735864944,0,0,192,0.0,0.0,1.0,192,6050,4000,2050,0.6611570247933884,81,40,41,180.30438326739343,0.4200377672338569,0.7324271595350245,0.11675908115673651,1097716.6524284221,-4865.375196309368,1092851.2772321128,3283,2,1322.6770833333333,79,113,42,35.444642081704885,0.6315928270042195,40.130208333333314,8448.205121405232,106.93930533424344,0
3285,32.78076004340575,0,0,192,0.0,0.0,1.0,192,5000,3400,1600,0.68,66,34,32,180.2000795177538,0.4199321007853403,0.7327049933199739,0.11677901257059545,1107102.0550629366,-3500.0243286783298,1103602.0307342582,3284,3,1323.6770833333333,79,113,45,35.42084168336674,0.6318565400843882,40.10416666666664,8519.582948780913,107.84282213646726,0
3286,32.51807754890356,1,0,193,0.0051813471502590676,0.0,1.0,193,5700,4000,1700,0.7017543859649122,74,40,34,179.44896974965775,0.4205211931491077,0.7323926120829589,0.11670862275777881,1099278.7795410783,-4847.1111087389045,1094431.6684323393,3285,0,1317.8134715025906,83,110,48,35.314129467124474,0.6315261044176708,39.9801587301587,8455.345362666209,101.87163087549649,0
3287,32.05317526774652,0,0,193,0.0,0.0,1.0,193,5000,4000,1000,0.8,60,40,20,181.59699170787772,0.4204807138744962,0.7366129181668291,0.1184021417803137,1084286.2823693512,-4219.374594321931,1080066.9077750293,3286,1,1318.8134715025906,83,110,39,35.1698947159316,0.6324046184738956,39.893353174603135,8337.243939000187,100.44872215662876,0
3288,31.849432200509305,0,0,193,0.0,0.0,1.0,193,5600,4000,1600,0.7142857142857143,72,40,32,186.03611009262482,0.4204930825417386,0.7431762435586624,0.12197179668863409,1078982.36598365,-4054.0635547733928,1074928.3024288767,3287,2,1319.8134715025906,87,106,42,34.85921631044415,0.6329022988505747,39.70170454545452,8290.352912987608,95.29141279296101,0
3289,31.507157824726264,0,1,192,0.0,0.0051813471502590676,0.9948186528497409,193,6050,4600,1450,0.7603305785123967,75,46,29,187.51999999999947,0.4203098013816926,0.7456994818652838,0.12336842105263165,1068357.944903102,-4582.303634354026,1063775.641268748,3288,3,1320.8134715025906,76,117,42,34.70000000000001,0.6384320175438596,39.58333333333334,8204.989016855825,107.96038180073454,0
3290,31.822734830722478,0,0,192,0.0,0.0,1.0,192,5600,4100,1500,0.7321428571428571,71,41,30,186.99615004549383,0.41982984293193715,0.7443709332710355,0.123607407075371,1080404.4018201232,-3593.7072734863214,1076810.694546637,3289,4,1328.6510416666667,76,116,42,34.5482686117745,0.6400767543859649,39.42099567099568,8292.336557215607,109.10969154231061,0
3291,31.977788103208777,1,2,191,0.0051813471502590676,0.010362694300518135,0.9896373056994818,193,5550,3700,1850,0.6666666666666666,74,37,37,186.228512736108,0.42014900870754174,0.7424838123330291,0.12368908681726642,1087028.759045441,-3662.850180317817,1083365.908865123,3290,0,1322.761658031088,79,114,44,34.40204952143158,0.6404272151898734,39.25781250000002,8337.958421442183,105.54377748660991,0
3292,31.553632547809094,0,0,191,0.0,0.0,1.0,191,4350,3300,1050,0.7586206896551724,54,33,21,186.15644278650674,0.4194314319830991,0.7402850189536041,0.12392488220194577,1073253.1947262164,-2591.400612102304,1070661.794114114,3291,1,1336.1623036649214,79,112,42,34.32434934185348,0.6412183544303798,39.17968750000003,8229.828301629816,104.17504179278248,0
3293,31.199033059600026,1,0,192,0.005208333333333333,0.0,1.0,192,6500,4600,1900,0.7076923076923077,84,46,38,183.727380544702,0.41991676210732987,0.7375613082404386,0.12296816605753666,1062681.9648557624,-5851.245248990659,1056830.7196067718,3292,0,1330.1979166666667,86,106,44,34.20130128293347,0.6403827519379846,38.99664750957855,8143.052223015119,94.68665375598975,0
3294,30.871512982632826,0,0,192,0.0,0.0,1.0,192,5000,3500,1500,0.7,65,35,30,184.30744094872819,0.4196082842495637,0.7382375904010514,0.1236922500807533,1052268.8419029948,-4611.804511755377,1047657.0373912394,3293,1,1331.1979166666667,88,104,41,34.09230993365609,0.640625,38.90449438202248,8060.413291392492,91.5956055840056,0
3295,31.224364028030518,0,0,192,0.0,0.0,1.0,192,5750,3600,2150,0.6260869565217392,79,36,43,206.2947249665365,0.41917880126527046,0.7704616026867801,0.13665294868588687,1060678.4807058754,-387.5249089715426,1060290.955796904,3294,2,1332.1979166666667,70,122,39,33.971490487447916,0.64375,39.34859154929577,8138.674461883649,116.26677802690928,8
3296,31.006035635948024,0,0,192,0.0,0.0,1.0,192,6350,4400,1950,0.6929133858267716,83,44,39,202.0771673683057,0.4190867691972077,0.7650990066048784,0.13424616914977283,1054058.9018915782,-2149.7525732804606,1051909.1493182979,3295,3,1333.1979166666667,74,118,38,33.98083786087143,0.6427364864864865,39.25000000000001,8084.823792073467,109.25437556856036,0
3297,31.520546194317046,0,0,192,0.0,0.0,1.0,192,5600,4000,1600,0.7142857142857143,72,40,32,199.40108678555248,0.4186362665430483,0.7615831093763328,0.13299078970146036,1072652.1273615246,-1222.4000122553725,1071429.7273492692,3296,4,1334.1979166666667,77,115,41,33.91386187185393,0.6427218614718615,39.11591880341881,8223.20873271881,106.79491860673778,0
3298,31.877380244656283,0,0,192,0.0,0.0,1.0,192,5450,4000,1450,0.7339449541284404,69,40,29,200.86161614583992,0.4185686627399651,0.7613023457375172,0.13453634543520349,1085997.8561278782,-222.94309744750808,1085774.9130304307,3297,5,1335.1979166666667,79,113,40,33.72829060042234,0.64332805907173,38.97135416666666,8320.909397976857,105.32796706299818,0
3299,31.38557688435434,0,1,191,0.0,0.005208333333333333,0.9947916666666666,192,4700,3400,1300,0.723404255319149,60,34,26,198.54152837901188,0.4187811318353694,0.7582085660383631,0.1333406500372636,1069989.9563390177,-612.5117436519895,1069377.4445953658,3298,6,1336.1979166666667,79,113,35,33.6958960805824,0.6442510548523206,38.88020833333332,8195.395297380728,103.73918097950289,0
3300,31.697030186831714,1,1,191,0.005208333333333333,0.005208333333333333,0.9947916666666666,192,6350,4900,1450,0.7716535433070866,78,49,29,197.63924396627414,0.41929014870564285,0.7568711616022759,0.13321874155391084,1081626.4303896355,-1995.6340087710028,1079630.7963808645,3299,0,1333.25,86,106,37,33.59400064164258,0.6428052325581395,38.757183908045945,8280.621427759506,96.28629567162217,0
3301,31.250208126862614,0,1,190,0.0,0.005235602094240838,0.9947643979057592,191,5850,4100,1750,0.7008547008547008,76,41,35,195.1293773336298,0.41922246716267103,0.7450666469224352,0.1237417500978139,1049253.0750501647,-3101.980160012681,1046151.094890152,3300,1,1338.6858638743456,82,109,36,35.80693852511949,0.6229674796747968,40.863453815261074,8098.071001549511,98.75696343353061,8
3302,31.076124749159913,0,0,190,0.0,0.0,1.0,190,5700,4300,1400,0.7543859649122807,71,43,28,199.58390564703248,0.418585236238745,0.7504295054015331,0.12265502897418665,1034401.881885878,-2410.00648091538,1031991.8754049627,3301,2,1346.4842105263158,81,109,38,36.83466881656904,0.6120113168724279,41.98424796747967,8018.129697410893,98.98925552359127,7
3303,30.902866507263536,0,1,189,0.0,0.005263157894736842,0.9947368421052631,190,5300,3400,1900,0.6415094339622641,72,34,38,199.13027664846356,0.4187964123271141,0.7502552977724248,0.12258066342999052,1029115.0793704991,-2314.4059083696284,1026800.6734621295,3302,3,1347.4842105263158,84,106,39,36.784945470661796,0.6114831349206349,41.92401960784312,7975.287570789944,94.94389965226124,0
3304,30.553230790160857,0,1,188,0.0,0.005291005291005291,0.9947089947089947,189,4850,3600,1250,0.7422680412371134,61,36,25,222.5756323028246,0.4181289635633607,0.776951247309615,0.13359631202066566,1010237.2606837688,2320.839414512626,1012558.1000982814,3303,11,1355.5978835978835,84,105,38,37.119452122251886,0.6021825396825398,42.84313725490196,7856.972976724699,93.53539258005594,8
3305,30.9016118518565,1,0,189,0.005291005291005291,0.0,1.0,189,5600,4000,1600,0.7142857142857143,72,40,32,222.51909599595706,0.4184455795714661,0.777757892530949,0.13432697260907747,1023419.5858170394,2146.080212112807,1025565.6660291522,3304,0,1356.2275132275133,69,120,40,36.9070420159969,0.6109601449275363,42.63392857142856,7953.0264431228725,115.26125279888221,0
3306,31.349651766675372,0,0,189,0.0,0.0,1.0,189,5400,3200,2200,0.5925925925925926,76,32,44,224.28641024572602,0.41842212653382865,0.7797885922524606,0.13555927059505835,1038618.2866027836,3389.593423540984,1042007.8800263245,3305,1,1357.2275132275133,69,120,39,36.815913207692624,0.6114130434782609,42.589285714285715,8069.7362538683155,116.95269933142487,0
3307,31.374198200762052,1,0,190,0.005263157894736842,0.0,1.0,190,4700,3100,1600,0.6595744680851063,63,31,32,221.9502023328107,0.4185747934651443,0.778052634494339,0.13486593748617393,1041005.9651877689,3510.296920617634,1044516.2621083865,3306,0,1351.078947368421,72,118,38,36.67684503037352,0.6118344907407407,42.39440639269406,8082.168951460571,112.25234654806349,0
3308,31.033989112718825,2,0,192,0.010416666666666666,0.0,1.0,192,5350,3500,1850,0.6542056074766355,72,35,37,221.63822902636352,0.4199820935136707,0.7796120778951727,0.13559540323323874,1031693.0777465015,1982.5253300985123,1033675.6030766,3307,0,1337.9947916666667,77,115,39,36.43243733167597,0.612012987012987,42.147435897435884,8002.193667045581,103.92459307851404,0
3309,30.997121616147233,0,1,191,0.0,0.005208333333333333,0.9947916666666666,192,6250,4800,1450,0.768,77,48,29,218.4367651597361,0.41973156177283305,0.7772875662376986,0.1342116124539588,1031708.6811478268,422.6213794297764,1032131.3025272567,3308,1,1338.9947916666667,79,113,36,36.35634830515604,0.6127373417721519,41.9921875,7997.499541978612,101.23417141745078,0
3310,31.27119987333173,0,0,191,0.0,0.0,1.0,191,5900,4800,1100,0.8135593220338984,70,48,22,228.32696815223932,0.4195795444107651,0.7869512686266604,0.13755307593561772,1035061.107352485,3166.472898818615,1038227.5802513036,3309,2,1345.8586387434555,68,123,39,36.833670715249646,0.6107536764705883,42.70833333333334,8045.819134075998,118.32086961876468,8
3311,31.65414640392205,0,1,190,0.0,0.005235602094240838,0.9947643979057592,191,4900,3100,1800,0.6326530612244898,67,31,36,230.79408821314215,0.41940157986589516,0.7869559869848224,0.1396316882251157,1049003.052214034,5320.740593708169,1054323.792807742,3310,3,1346.8586387434555,66,125,40,36.6111329186545,0.6134785353535354,42.552860696517406,8149.269438783341,123.47377937550516,0
3312,31.99063762892457,1,1,190,0.005235602094240838,0.005235602094240838,0.9947643979057592,191,4100,2800,1300,0.6829268292682927,54,28,26,224.69113381520404,0.4196472857536511,0.7807594604586805,0.13661967831700092,1061653.4132757185,5408.821829540553,1067062.235105259,3311,0,1347.8376963350786,70,121,44,36.582194381169316,0.6130952380952381,42.370892018779344,8241.719436090316,117.73884908700451,0
3313,32.20929619869527,0,1,189,0.0,0.005263157894736842,0.9947368421052631,190,5650,4100,1550,0.7256637168141593,72,41,31,223.26515279979233,0.4195459714100065,0.7779287689362617,0.13622232747538,1069951.7383014695,4126.587668056152,1074078.3259695256,3312,1,1354.4947368421053,71,119,43,36.49060769345907,0.613849765258216,42.24537037037037,8302.095212325727,116.93091848346094,0
3314,31.939486120348445,0,0,189,0.0,0.0,1.0,189,5500,4000,1500,0.7272727272727273,70,40,30,219.7929261073661,0.4195631168148899,0.7741091444754169,0.13466228293100116,1062229.3531222288,3394.0995439738535,1065623.4526662026,3313,2,1362.4814814814815,72,117,44,36.42617387776181,0.6148726851851851,42.09474885844749,8237.361189200596,114.40779429445271,0
3315,32.16946899087349,4,0,193,0.02072538860103627,0.0,1.0,193,5600,4200,1400,0.75,70,42,28,221.5385494494079,0.42245182966321243,0.7823133667445179,0.13759967532057998,1073965.4154820296,3384.948060943974,1077350.3635429735,3314,0,1335.2227979274612,64,129,42,35.87806478954768,0.6243489583333333,41.60256410256411,8312.508301423795,129.8829422097468,0
3316,32.03001269608211,0,1,192,0.0,0.0051813471502590676,0.9948186528497409,193,4450,3300,1150,0.7415730337078652,56,33,23,221.72029170671038,0.4224731937248129,0.7811676341111848,0.1380044870694145,1069937.357946072,4395.364622342052,1074332.7225684142,3315,1,1336.2227979274612,66,127,41,35.795864661654136,0.623895202020202,41.52674129353234,8278.901757965876,125.4379054237254,0
3317,31.762737832787643,0,1,191,0.0,0.005208333333333333,0.9947916666666666,192,4800,3100,1700,0.6458333333333334,65,31,34,221.688728214779,0.421773878344968,0.780522895136335,0.13831922944023783,1061719.7159689008,3874.2587107405093,1065593.9746796414,3316,2,1344.1614583333333,68,124,43,35.70823845390322,0.6236213235294117,41.44021739130436,8212.566589102586,120.77303807503802,0
3318,32.11818047221866,1,0,192,0.005208333333333333,0.0,1.0,192,4150,2500,1650,0.6024096385542169,58,25,33,226.72771748054635,0.42207156231820825,0.7808702960340432,0.13887592078053881,1068096.4110680334,5883.4122661233105,1073979.8233341568,3317,0,1343.1666666666667,80,112,39,36.25669026960539,0.6111979166666667,42.10390946502055,8283.153178882045,103.53941473602556,8
3319,32.55423567467674,1,0,193,0.0051813471502590676,0.0,1.0,193,5300,3700,1600,0.6981132075471698,69,37,32,212.55525573744825,0.42221232728842834,0.7725376315151513,0.1281036224104642,1077653.5974456575,1912.1872002886084,1079565.784645946,3318,0,1337.2020725388602,69,124,41,37.224266477743704,0.6103562801932367,42.69345238095238,8376.41799182791,121.39736220040449,8
3320,32.865371972234364,1,0,194,0.005154639175257732,0.0,1.0,194,5750,3900,1850,0.6782608695652174,76,39,37,211.16377181418855,0.42276610045759666,0.7717705685050031,0.12831629780949463,1090494.7166708237,1504.5955031311041,1091999.312173955,3319,0,1331.3041237113403,75,119,42,36.95336747361883,0.6104166666666666,42.39309210526315,8466.34685057763,112.88462467436841,0
3321,32.74109471869995,0,1,193,0.0,0.005154639175257732,0.9948453608247423,194,5800,4200,1600,0.7241379310344828,74,42,32,210.6188307999839,0.42285234496020513,0.7710697658098622,0.12842011979127438,1087411.7838053736,1205.8797006425712,1088617.6635060161,3320,1,1332.3041237113403,75,119,40,36.84145217329648,0.6116666666666667,42.26973684210527,8438.370957928106,112.51161277237475,0
3322,32.332814139515676,2,0,195,0.010256410256410256,0.0,1.0,195,4800,3100,1700,0.6458333333333334,65,31,34,205.5522681501544,0.4234503039915411,0.7663100086671735,0.12608462980292925,1075663.0741951233,420.9969332349747,1076084.0711283584,3321,0,1326.4307692307693,80,115,35,36.75029913251571,0.61171875,42.05246913580246,8340.16957317906,104.25211966473826,0
3323,32.77143738626043,2,2,195,0.01015228426395939,0.01015228426395939,0.9898477157360406,197,6150,4400,1750,0.7154471544715447,79,44,35,204.27197158926734,0.42455821160951696,0.7680224728304736,0.12621731499665265,1092481.8949817694,-917.3138772991551,1091564.5811044702,3322,0,1313.9543147208121,84,113,38,36.51469308653691,0.6128472222222222,41.7892156862745,8461.938550594434,100.73736369755278,0
3324,32.2356101111718,1,1,195,0.00510204081632653,0.00510204081632653,0.9948979591836735,196,4600,3400,1200,0.7391304347826086,58,34,24,202.28727918207872,0.42531669719169723,0.7648822188698599,0.1252940879657145,1075343.9273434943,-294.32055054284683,1075049.6067929515,3323,0,1316.1938775510205,87,109,40,36.47714166781231,0.6126676245210728,41.70217803030302,8326.387881579982,95.70560783425266,0
3325,31.938279535371112,0,0,195,0.0,0.0,1.0,195,6050,4600,1450,0.7603305785123967,75,46,29,200.55711192127364,0.4254692043351837,0.7614654316015568,0.12453318718128534,1066164.8002976966,-2284.6133640343296,1063880.1869336623,3324,1,1317.5282051282052,76,119,40,36.43041012216406,0.6178728070175439,41.61255411255412,8252.450475183847,108.58487467347167,0
3326,32.31239995005722,0,0,195,0.0,0.0,1.0,195,6300,4800,1500,0.7619047619047619,78,48,30,203.47657450606854,0.4256068816635827,0.7664655684746706,0.12696858532597152,1080122.5255869976,-1344.0736893426547,1078778.451897655,3325,2,1318.5282051282052,76,119,39,36.175530616160025,0.619654605263158,41.43668831168833,8354.801139684076,109.93159394321152,0
3327,32.03377087712946,0,2,193,0.0,0.010256410256410256,0.9897435897435898,195,5050,3800,1250,0.7524752475247525,63,38,25,209.06140483031126,0.4254813199400828,0.7711324378231927,0.13103030073690172,1072111.9943587603,777.4479352139397,1072889.4422939743,3326,3,1319.5282051282052,77,118,38,35.87053072145086,0.620806277056277,41.279380341880355,8287.797051317191,107.6337279391843,0
3328,32.13915035016164,0,0,193,0.0,0.0,1.0,193,5350,3800,1550,0.7102803738317757,69,38,31,209.2853943009496,0.4256373236902706,0.7691300351835324,0.13156783895997093,1076532.9526663632,1110.5246953491514,1077643.4773617124,3327,4,1315.6839378238342,79,114,41,35.75498038031997,0.6210443037974683,41.17187500000001,8318.516024225444,105.29767119272714,0
3329,32.39632624303101,0,1,192,0.0,0.0051813471502590676,0.9948186528497409,193,6650,5000,1650,0.7518796992481203,83,50,33,208.01476493107694,0.42599039291882557,0.7684141743558295,0.13141549849819942,1086613.9526660063,-43.65081307048786,1086570.3018529357,3328,5,1316.6839378238342,83,110,36,35.609379488652685,0.6212349397590362,40.99702380952381,8390.744914582663,101.09331222388751,0
3330,32.597774863816966,1,0,193,0.0051813471502590676,0.0,1.0,193,5750,4400,1350,0.7652173913043478,71,44,27,204.56265954656558,0.42635807966321243,0.7654918723874522,0.13004172742931547,1095227.9304506013,458.54765253132155,1095686.4781031327,3329,0,1317.481865284974,88,105,38,35.47442206971284,0.6216856060606061,40.77715355805245,8450.087987872437,96.02372713491405,0
3331,32.41024251127049,0,0,193,0.0,0.0,1.0,193,5050,3300,1750,0.6534653465346535,68,33,35,205.4020480896289,0.42623326856649396,0.7671827355079144,0.1310990447363923,1090110.6834410867,1132.1934046367182,1091242.8768457235,3330,1,1318.481865284974,91,102,38,35.30893940716811,0.6221382783882784,40.63632246376811,8406.039687564218,92.37406250070569,0
3332,32.65156618950533,0,1,192,0.0,0.0051813471502590676,0.9948186528497409,193,4850,3400,1450,0.7010309278350515,63,34,29,204.27780085164738,0.4258959412780656,0.7659355608233291,0.13063871344050418,1098813.5937987557,1442.6448974209488,1100256.2386961766,3331,2,1319.481865284974,71,122,38,35.26749200684065,0.630868544600939,40.567129629629626,8470.889538631496,119.30830336100699,0
3333,32.798405005288984,1,1,192,0.0051813471502590676,0.0051813471502590676,0.9948186528497409,193,6100,4400,1700,0.7213114754098361,78,44,34,202.19673926260566,0.4255777292026482,0.7639275746451708,0.12992725663696747,1105179.5966039568,-7.257853423720007,1105172.338750533,3332,0,1320.2746113989638,73,120,39,35.15074286953694,0.6315639269406392,40.39977477477477,8514.47332640116,116.63662090960491,0
3334,32.665827424793115,0,0,192,0.0,0.0,1.0,192,4400,2500,1900,0.5681818181818182,63,25,38,201.60022881297073,0.4256233184264107,0.761755301373193,0.13011515944328883,1102014.849173941,1633.289149751446,1103648.1383236924,3333,1,1327.28125,76,116,38,35.009569814072194,0.6317160087719298,40.24621212121211,8485.072407784774,111.64568957611544,0
3335,32.33162031863889,1,1,192,0.0051813471502590676,0.0051813471502590676,0.9948186528497409,193,4250,2700,1550,0.6352941176470588,58,27,31,200.59537854378823,0.4264896373056995,0.7627607512554035,0.1300462110999065,1092045.51460666,961.8566779136281,1093007.3712845736,3334,0,1321.39896373057,77,116,43,34.87715376973932,0.6328463203463204,40.09081196581195,8403.285184847055,109.13357382918252,0
3336,32.69347609081961,1,2,191,0.0051813471502590676,0.010362694300518135,0.9896373056994818,193,5250,3500,1750,0.6666666666666666,70,35,35,200.95066243971,0.4263232225100748,0.7631838622788667,0.13089605192899031,1105665.8733168212,586.8579359989626,1106252.7312528202,3335,0,1322.082901554404,81,112,40,34.700123333170495,0.6328446502057613,39.92632113821137,8502.712601719353,104.97176051505375,0
3337,32.529668054887004,0,0,191,0.0,0.0,1.0,191,4850,3500,1350,0.7216494845360825,62,35,27,204.91515910832464,0.4257118581794801,0.7662922091846445,0.13378539631988812,1100798.1428219788,2064.045316502668,1102862.1881384815,3336,2,1336.8534031413612,82,109,43,34.51595590718316,0.6332571138211383,39.84688755020079,8462.694391437624,103.20359013948323,0
3338,32.80196763648501,1,0,192,0.005208333333333333,0.0,1.0,192,6350,4900,1450,0.7716535433070866,78,49,29,202.25572727004598,0.42586703297702155,0.7656627055947176,0.1328711279650143,1111839.221154371,225.17005638747605,1112064.3912107586,3337,0,1330.8854166666667,83,109,44,34.366863529561186,0.6350401606425703,39.632936507936485,8540.551990273241,102.89821675028001,0
3339,32.40861439056802,0,0,192,0.0,0.0,1.0,192,4650,2700,1950,0.5806451612903226,66,27,39,198.1507404478507,0.42560627545084356,0.7600256367540354,0.130802732184197,1099901.952090985,539.2772453730245,1100441.229336358,3338,1,1331.8854166666667,71,121,43,34.3051236487487,0.642018779342723,39.46759259259259,8443.494327913026,118.92245532271868,0
3340,32.06835853182819,0,0,192,0.0,0.0,1.0,192,6850,5400,1450,0.7883211678832117,83,54,29,198.8775892140664,0.4250518106457242,0.7623061233331505,0.13210069748123024,1090129.9133606143,-1889.5181801402068,1088240.395180474,3339,2,1332.8854166666667,72,120,45,34.069506010689736,0.6436631944444444,39.25513698630138,8361.65975245574,116.13416322855194,0
3341,32.44571123125145,0,0,192,0.0,0.0,1.0,192,6400,4500,1900,0.703125,83,45,38,198.3790790964487,0.42476776105293773,0.761182108626199,0.1321120250152949,1103706.2095883617,-1009.5557097656374,1102696.6538785961,3340,3,1333.8854166666667,74,118,45,33.99227902023429,0.6435810810810811,39.16666666666668,8462.92301281811,114.36382449754203,0
3342,32.44127210772199,0,0,192,0.0,0.0,1.0,192,6250,4600,1650,0.736,79,46,33,198.36574356277407,0.4247495818789994,0.760822105788423,0.1325083166999336,1104436.8137356718,-833.5140450442618,1103603.2996906275,3341,4,1334.8854166666667,75,117,47,33.886393878908855,0.6441666666666667,39.062500000000014,8465.144440608741,112.86859254144989,0
3343,32.02203695500754,1,0,193,0.0051813471502590676,0.0,1.0,193,4150,2900,1250,0.6987951807228916,54,29,25,197.90163312559628,0.4251313327576281,0.7622296608424828,0.13316701975398668,1092232.450521469,480.91714219426694,1092713.3676636633,3342,0,1328.9637305699482,79,114,39,33.64621242335111,0.6449103375527426,38.81510416666667,8363.672386464812,105.86927071474446,0
3344,32.416445437295685,0,0,193,0.0,0.0,1.0,193,5700,4300,1400,0.7543859649122807,71,43,28,200.31838032426032,0.42498515759930916,0.7656776549304387,0.13532145904883572,1106802.92735301,42.59394910102401,1106845.521302111,3343,1,1329.9637305699482,80,113,39,33.448470308398946,0.6458333333333333,38.68312757201647,8470.964136906503,105.88705171133128,0
3345,32.07205143939215,0,0,193,0.0,0.0,1.0,193,5500,3800,1700,0.6909090909090909,72,38,34,203.96501642830998,0.4248940792314335,0.7704312284540591,0.1383654570905568,1096230.0958838717,618.5179032325004,1096848.6137871041,3344,2,1330.9637305699482,83,110,44,33.2088313413015,0.6460843373493976,38.54166666666668,8385.505115924438,101.03018211957153,0
3346,31.977824171844656,0,0,193,0.0,0.0,1.0,193,5200,3600,1600,0.6923076923076923,68,36,32,210.13863625877295,0.4249682912348878,0.7730590174655567,0.13513936566097623,1077762.915891736,1495.9258711535485,1079258.8417628896,3345,3,1331.9637305699482,73,120,43,34.91582628497073,0.6318493150684932,40.371621621621614,8302.350633804916,113.73083060006734,7
3347,31.497046028035044,0,0,193,0.0,0.0,1.0,193,3650,2400,1250,0.6575342465753424,49,24,25,210.29727090153173,0.4245758671560161,0.7737250050679154,0.13578816785223452,1062710.4629014696,2447.022021336477,1065157.484922806,3346,4,1332.9637305699482,73,120,42,34.76798164806184,0.6332762557077626,40.23085585585585,8181.960689771367,112.08165328453927,0
3348,31.845925051089914,0,0,193,0.0,0.0,1.0,193,5250,3400,1850,0.6476190476190476,71,34,37,209.1723192508331,0.42408561816350027,0.7727334338995655,0.1354476493509487,1075303.0765443817,1134.7276836686824,1076437.8042280504,3347,5,1333.9637305699482,75,118,42,34.69585091420533,0.6333333333333333,40.1315789473684,8275.750259987139,110.34333679982852,0
3349,31.563580668604743,1,1,193,0.005154639175257732,0.005154639175257732,0.9948453608247423,194,4950,3500,1450,0.7070707070707071,64,35,29,206.0067745773593,0.42487102273738936,0.7697161485192676,0.13403693835170202,1067130.3871901096,217.21782370446908,1067347.605013814,3348,0,1328.0824742268042,78,116,36,34.60883491371297,0.6336805555555556,39.965717299578046,8207.613058617504,105.22580844381416,0
3350,32.01960168143352,0,0,193,0.0,0.0,1.0,193,5200,3500,1700,0.6730769230769231,69,35,34,209.46293559890478,0.42373030008635576,0.7703025380486728,0.1368061298345566,1083646.1039381379,1596.7388162392272,1085242.842754377,3349,7,1335.9637305699482,78,115,39,34.3843444326187,0.6350160256410257,39.83386075949364,8330.416149477307,106.80020704458086,0
3351,32.48117000444583,0,1,192,0.0,0.0051813471502590676,0.9948186528497409,193,5500,4200,1300,0.7636363636363637,68,42,26,210.04037283286627,0.4237786503310305,0.772046647677727,0.13755855085790647,1100063.8934211396,2111.5660628298638,1102175.4594839695,3350,8,1336.9637305699482,79,114,42,34.273063838302974,0.635548523206751,39.739583333333314,8453.562839177857,107.00712454655516,0
3352,32.26952035575517,0,2,190,0.0,0.010416666666666666,0.9895833333333334,192,5900,4600,1300,0.7796610169491526,72,46,26,196.2916617376329,0.42369064499709136,0.7574490812130574,0.12691439943853844,1089164.0881848088,-1541.234245050363,1087622.8539397584,3351,9,1342.09375,77,115,42,35.08432922127988,0.6318993506493507,40.18429487179485,8384.128185379437,108.88478162830438,8
3353,32.493897073927364,0,0,190,0.0,0.0,1.0,190,5000,3600,1400,0.72,64,36,28,196.87679122302734,0.4227878724589251,0.755581153871115,0.1277336621454991,1097752.2229084685,224.3870408325988,1097976.609949301,3352,10,1357.0,77,113,45,34.946568023016845,0.6331168831168832,40.064102564102534,8446.330297100916,109.69260126105085,0
3354,32.8609243203117,0,0,190,0.0,0.0,1.0,190,4400,3500,900,0.7954545454545454,53,35,18,195.70410543788938,0.4223562378167642,0.7543519682486988,0.12735114661779273,1111033.0108600499,1086.744300465814,1112119.7551605157,3353,11,1358.0,79,111,37,34.87186628945304,0.6333069620253164,39.96093749999997,8545.123953137232,108.16612598907889,0
3355,33.08179301523203,0,0,190,0.0,0.0,1.0,190,4350,2600,1750,0.5977011494252874,61,26,35,196.81759702209288,0.42221990160586653,0.7549912092205533,0.12834513110268583,1119126.3342801472,1702.7511754319066,1120829.0854555792,3354,12,1359.0,81,109,37,34.768753662824736,0.6332304526748971,39.88821138211379,8604.964351878607,106.23412780097046,0
3356,32.8792500744222,0,1,189,0.0,0.005263157894736842,0.9947368421052631,190,5350,4100,1250,0.7663551401869159,66,41,25,197.18385270882834,0.4220116262879421,0.7555247293541321,0.1290188446171513,1113272.1283310512,553.8574755344566,1113825.9858065858,3355,13,1360.0,82,108,38,34.640302226509114,0.6340193089430894,39.7715863453815,8556.115089020317,104.34286693927216,0
3357,32.97335539647327,1,0,190,0.005263157894736842,0.0,1.0,190,5400,4000,1400,0.7407407407407407,68,40,28,194.55999999999955,0.4227606052167456,0.7538526315789467,0.12800000000000014,1118074.388172518,106.5105925690541,1118180.8987650871,3356,0,1360.8,74,116,42,34.51666666666668,0.6393581081081081,39.58333333333334,8586.81130116494,116.03799055628298,0
3358,33.38257145274327,0,1,189,0.0,0.005263157894736842,0.9947368421052631,190,5250,3300,1950,0.6285714285714286,72,33,39,189.8456238407161,0.422349275967697,0.7479120731153102,0.12550682151161105,1133399.6181133394,-215.80848768868145,1133183.8096256508,3357,1,1361.8,74,116,44,34.46960611875065,0.6410472972972974,39.41666666666667,8698.941744394035,117.5532668161356,0
3359,33.049057590545345,1,0,190,0.005263157894736842,0.0,1.0,190,5050,3300,1750,0.6534653465346535,68,33,35,188.57696972913533,0.42251810080757446,0.7455365543195516,0.1250604590044686,1123001.8165876034,-695.5440855190509,1122306.2725020843,3358,0,1356.6315789473683,75,115,46,34.39318261479143,0.6416666666666666,39.309210526315795,8615.58491464054,114.87446552854053,0
3360,33.09208831707164,1,0,191,0.005235602094240838,0.0,1.0,191,4850,3000,1850,0.6185567010309279,67,30,37,186.7907806833912,0.4229011665288877,0.7435260404514863,0.124728438990819,1126480.8924077037,-966.7509364483117,1125514.1414712553,3359,0,1350.523560209424,79,112,44,34.20169211703845,0.6422732067510548,39.075520833333336,8634.535908669259,109.29792289454758,0
3361,32.94101332176484,0,0,191,0.0,0.0,1.0,191,4150,2900,1250,0.6987951807228916,54,29,25,185.27211148991861,0.4226634977496096,0.740900132828606,0.12396778734055124,1121935.5920456233,-777.3247812033269,1121158.26726442,3360,1,1351.523560209424,82,109,50,34.17053359620441,0.6417682926829269,39.00602409638553,8597.406037141303,104.84641508708907,0
3362,32.50862024336682,0,1,190,0.0,0.005235602094240838,0.9947643979057592,191,4250,3000,1250,0.7058823529411765,55,30,25,184.977752513823,0.4225509782309176,0.7404015378624682,0.12400701399472473,1107757.325901891,-1467.907904789423,1106289.4179971018,3361,2,1352.523560209424,85,106,47,34.112372214231584,0.6412990196078432,38.941375968992226,8486.655669879843,99.84300788093933,0
3363,32.66484756482254,0,0,190,0.0,0.0,1.0,190,5050,3200,1850,0.6336633663366337,69,32,37,187.28487699518064,0.42182133574677433,0.7420977163974616,0.12608255203322524,1114293.9887697343,-1311.9174753585662,1112982.0712943757,3362,3,1351.6736842105263,88,102,39,33.90726053382323,0.6416903409090908,38.79915730337076,8532.085710488514,96.95551943736949,0
3364,32.65859029852267,0,0,190,0.0,0.0,1.0,190,5600,3800,1800,0.6785714285714286,74,38,36,185.65152914183489,0.4214268309663047,0.7396289767480912,0.12516506319562334,1114499.9084607486,-2218.2775531657408,1112281.6309075828,3363,4,1352.6736842105263,89,101,39,33.89985380116957,0.6418539325842696,38.74999999999998,8532.056715488985,95.86580579201107,0
3365,32.77095032371976,0,1,189,0.0,0.005263157894736842,0.9947368421052631,190,4850,3600,1250,0.7422680412371134,61,36,25,185.8917230112632,0.42120521210433487,0.7414945419707661,0.12562853079530958,1119028.022473318,-1246.390560909837,1117781.6319124082,3364,5,1353.6736842105263,89,101,41,33.8110541506119,0.6426732209737828,38.66898148148147,8564.065825917416,96.22545871817321,0
3366,32.7633183920254,0,0,189,0.0,0.0,1.0,189,4450,2500,1950,0.5617977528089888,64,25,39,189.8600759906902,0.4205610435663627,0.7463116995992809,0.1285754067840996,1119362.08256894,254.43401152705792,1119616.516580467,3365,6,1361.8042328042327,89,100,42,33.636585860822066,0.6433754681647941,38.599537037037024,8564.346595878362,96.22861343683553,0
3367,32.4662056578163,0,2,187,0.0,0.010582010582010581,0.9894179894179894,189,5900,4100,1800,0.6949152542372882,77,41,36,190.92569513196113,0.42028898832976846,0.7480764311496595,0.12968511078533446,1110065.7876245147,-1311.983571116311,1108753.8040533983,3366,7,1362.8042328042327,72,117,42,33.5061297246171,0.6513310185185186,38.49885844748859,8489.949841397576,117.91597001941078,0
3368,32.89296999213675,1,0,188,0.005319148936170213,0.0,1.0,188,4500,3400,1100,0.7555555555555555,56,34,22,187.86332273948494,0.4191816475139379,0.7428230979492587,0.1281939589971204,1125984.7672243556,206.24794496276763,1126191.0151693183,3367,0,1370.5106382978724,73,115,43,33.4290492073739,0.6523972602739726,38.34459459459461,8606.623398280419,117.8989506613756,0
3369,33.04493561917575,0,0,188,0.0,0.0,1.0,188,5100,3300,1800,0.6470588235294118,69,33,36,183.64922858409,0.4189736460348163,0.736686799872819,0.12603466660301982,1132832.08413005,-1091.2523268415766,1131740.8318032084,3368,1,1371.5106382978724,77,111,40,33.345605736046664,0.6524621212121212,38.15438034188037,8652.671643765812,112.37235900994561,0
3370,32.59133773773198,0,0,188,0.0,0.0,1.0,188,5300,3800,1500,0.7169811320754716,68,38,30,184.14190188361684,0.4188189782682899,0.7361613243149454,0.1268561479411832,1118365.7160152982,-1712.4020103017383,1116653.3140049963,3369,2,1372.5106382978724,78,110,47,33.20341336151936,0.6533119658119658,38.027426160337576,8538.03663203143,109.46200810296705,0
3371,32.105317045455635,0,0,188,0.0,0.0,1.0,188,6050,4900,1150,0.8099173553719008,72,49,23,186.49160582883616,0.4185955692721963,0.7396174429880547,0.12907498817009136,1102987.7077203295,-2510.4102355534806,1100477.297484776,3370,3,1373.5106382978724,80,108,39,32.984492796284506,0.6540364583333333,37.8729423868313,8415.672290863253,105.19590363579066,0
3372,32.30872596069894,0,0,188,0.0,0.0,1.0,188,4650,3500,1150,0.7526881720430108,58,35,23,185.18454574336653,0.4181706773618538,0.737986784495408,0.12839994507549624,1110477.195333277,-1121.357004767494,1109355.8383285096,3371,4,1374.5106382978724,82,106,41,32.95847095240374,0.6538363821138211,37.81375502008035,8470.903539720983,103.30370170391443,0
3373,32.138443624043944,0,0,188,0.0,0.0,1.0,188,4700,3200,1500,0.6808510638297872,62,32,30,184.69764308234508,0.41840712348769293,0.7379057050027429,0.1283973935804122,1105351.4602249688,-1468.8381037637237,1103882.622121205,3372,5,1375.5106382978724,86,102,42,32.883378985011035,0.6532218992248062,37.727490421455954,8429.030263226607,98.01197980496055,0
3374,31.63294685450053,0,0,188,0.0,0.0,1.0,188,5150,3800,1350,0.7378640776699029,65,38,27,183.7922419128216,0.4182601594796526,0.7362961830282366,0.128233269070981,1088959.2660417366,-2721.547028489346,1086237.7190132472,3373,6,1376.5106382978724,86,102,44,32.78519279032627,0.6544331395348837,37.60775862068968,8300.239826585064,96.51441658819842,0
3375,32.103274303081335,0,0,188,0.0,0.0,1.0,188,4200,2900,1300,0.6904761904761905,55,29,26,185.314612039873,0.4181961590245382,0.7384842524406889,0.12967344657570903,1105958.3720058,-809.9506718987695,1105148.4213339014,3374,7,1377.5106382978724,87,101,45,32.64754791431792,0.6550526819923372,37.511837121212146,8426.729494209694,96.8589597035597,0
3376,32.318232694136206,0,0,188,0.0,0.0,1.0,188,5400,4100,1300,0.7592592592592593,67,41,26,181.96317380233668,0.4177297853377328,0.7334933736722686,0.12768999289599933,1114152.815960514,-2453.043501403004,1111699.772459111,3375,8,1378.5106382978724,76,112,43,32.6408208827065,0.6603618421052632,37.418831168831154,8486.159315383944,111.659990991894,0
3377,32.43459992201805,1,0,189,0.005291005291005291,0.0,1.0,189,4650,3000,1650,0.6451612903225806,63,30,33,221.10309500360185,0.4174394442568201,0.7808042234271748,0.1489640852009337,1106659.9238184504,6487.186854541786,1113147.1106729922,3376,0,1372.2116402116403,80,109,35,32.997341603898974,0.644921875,38.77314814814814,8472.788428703068,105.90985535878835,8
3378,31.934730226295276,0,0,189,0.0,0.0,1.0,189,5600,4200,1400,0.75,70,42,28,218.79522615121036,0.41702432549063756,0.7791153886209083,0.14825974498144806,1091222.0803460467,4350.836370101497,1095572.9167161481,3377,1,1373.2116402116403,82,107,37,32.859557529204665,0.6460873983739837,38.579317269076306,8348.398978585981,101.80974364129246,0
3379,32.216741310582364,0,0,189,0.0,0.0,1.0,189,5850,4200,1650,0.717948717948718,75,42,33,217.65421875290835,0.41704543322451126,0.7783543342818422,0.14811771383004305,1102065.9560230242,4323.860934473738,1106389.816957498,3378,2,1374.2116402116403,68,121,37,32.74293932048176,0.6541053921568627,38.43599033816426,8426.740035434044,123.92264757991242,0
3380,32.500642858831995,0,0,189,0.0,0.0,1.0,189,5600,4100,1500,0.7321428571428571,71,41,30,212.83451344671465,0.4169903185860633,0.7732741784375374,0.14544629821449326,1112970.4001651332,3975.702719948554,1116946.1028850817,3379,3,1375.2116402116403,71,118,39,32.725747231282384,0.6539025821596245,38.29571759259261,8505.557417150092,119.79658334014213,0
3381,32.74477331618666,0,1,188,0.0,0.005291005291005291,0.9947089947089947,189,4350,2700,1650,0.6206896551724138,60,27,33,214.78182403789185,0.41674054373522457,0.7749344873730113,0.14728710381257115,1122322.595168461,6060.898829844835,1128383.4939983059,3380,4,1376.2116402116403,71,118,40,32.55655863771161,0.6550762910798122,38.179976851851876,8573.237307624913,120.74982123415371,0
3382,32.504670367823486,0,1,187,0.0,0.005319148936170213,0.9946808510638298,188,5400,3700,1700,0.6851851851851852,71,37,34,217.78108492307354,0.41646044297796486,0.7759828994447,0.1498990392175813,1115144.1232927898,5571.459403259129,1120715.582696049,3381,5,1372.595744680851,72,116,38,32.35187303662545,0.6558159722222222,38.0565068493151,8514.386899859315,118.25537360915716,0
3383,32.65369643029933,0,0,187,0.0,0.0,1.0,187,4800,3500,1300,0.7291666666666666,61,35,26,216.87717465262878,0.4163180668161693,0.7736617873556968,0.1500564069485128,1121734.7517830378,6455.7327352748325,1128190.4845183126,3382,6,1379.149732620321,75,112,35,32.19906923237816,0.6561111111111111,37.883771929824576,8559.063740858652,114.12084987811535,0
3384,32.21428682033973,0,0,187,0.0,0.0,1.0,187,4400,2700,1700,0.6136363636363636,61,27,34,217.28636163625617,0.41639353688689557,0.7742783535448874,0.15067001699006444,1107253.2714977995,6318.20695471993,1113571.4784525195,3383,7,1380.149732620321,76,111,35,32.114140997196586,0.6563870614035088,37.8111471861472,8446.226905641333,111.13456454791228,0
3385,32.04740464848647,0,0,187,0.0,0.0,1.0,187,6250,4800,1450,0.768,77,48,29,212.87610629096048,0.41621504417993976,0.769536270383449,0.1481197755315176,1102470.0115244882,3287.9046711767764,1105757.916195665,3384,8,1381.149732620321,78,109,36,32.11399738601517,0.656650641025641,37.69778481012659,8406.105230384273,107.77057987672146,0
3386,31.883630426473857,0,1,186,0.0,0.0053475935828877,0.9946524064171123,187,5000,3300,1700,0.66,67,33,34,216.6342697054616,0.4160545205374427,0.7737329353816031,0.15135446755131696,1097965.5757330153,5171.394132131805,1103136.969865147,3385,9,1382.149732620321,82,105,37,31.877460826040544,0.6563770325203252,37.56275100401607,8367.452257128465,102.04210069668859,0
3387,32.289179736385655,1,1,186,0.0053475935828877,0.0053475935828877,0.9946524064171123,187,5100,3500,1600,0.6862745098039216,67,35,32,215.09112657565547,0.4158916010196845,0.772988228409069,0.15125931366868348,1113743.0892899241,5411.251158243793,1119154.3404481679,3386,0,1382.0,68,119,39,31.699644595164184,0.6651348039215687,37.34903381642509,8480.784255036737,124.71741551524613,0
3388,32.1982760537554,0,0,186,0.0,0.0,1.0,186,5450,4000,1450,0.7339449541284404,69,40,29,217.45048391709918,0.415506635667926,0.7746883721964626,0.15348512258965977,1111629.1704878723,5694.86021178999,1117324.0306996624,3387,1,1389.8279569892472,68,118,39,31.514276686200155,0.6663602941176471,37.2282608695652,8460.796995647093,124.42348523010432,0
3389,32.50598153733996,0,0,186,0.0,0.0,1.0,186,4450,2800,1650,0.6292134831460674,61,28,33,217.5746937834535,0.4152856485517776,0.7767004903453782,0.1501141058709389,1115862.5207929723,6906.689253192993,1122769.2100461654,3388,2,1390.8279569892472,71,115,41,32.27648252443267,0.6571302816901409,37.97743055555558,8517.300804727542,119.96198316517665,8
3390,32.06321808390743,0,0,186,0.0,0.0,1.0,186,5750,4400,1350,0.7652173913043478,71,44,27,219.86754966887324,0.41495810326455485,0.7783735669016576,0.15229357798165144,1101757.5646387585,5498.147213254088,1107255.7118520127,3389,3,1391.8279569892472,74,112,36,32.08333333333335,0.6569538288288288,37.84722222222224,8405.46168519106,113.58732007014946,0
3391,32.04852745246294,2,0,188,0.010638297872340425,0.0,1.0,188,5250,3900,1350,0.7428571428571429,66,39,27,216.39544562254704,0.41571673398566394,0.7775625673960951,0.15123055822810513,1103722.569690169,4918.10746235365,1108640.6771525226,3390,0,1378.0106382978724,77,111,40,31.87419431440396,0.6585497835497836,37.55341880341882,8411.026462283724,109.23410989978862,0
3392,32.14128857254262,0,1,187,0.0,0.005319148936170213,0.9946808510638298,188,5600,3800,1800,0.6785714285714286,74,38,36,217.04683779703262,0.4157878456024576,0.7789026065556584,0.15207906907817323,1107634.171093642,4881.698854362403,1112515.8699480044,3391,1,1379.0106382978724,65,123,42,31.77026972866819,0.6657051282051283,37.46843434343433,8438.10281116907,129.816966325678,0
3393,32.32551662797574,0,0,187,0.0,0.0,1.0,187,5450,4100,1350,0.7522935779816514,68,41,27,211.69916765755073,0.41526268376363257,0.771615342061589,0.1490115500502174,1115252.8143758997,4369.618506223677,1119622.4328821234,3392,2,1371.8181818181818,68,119,41,31.757902298850563,0.6654411764705883,37.318840579710134,8491.304186696505,124.87212039259566,0
3394,32.6080929854346,0,0,187,0.0,0.0,1.0,187,4650,3300,1350,0.7096774193548387,60,33,27,212.55503931365715,0.4152111724455178,0.7718276280119778,0.1499434410372049,1125617.1282229098,5801.118588309164,1131418.246811219,3393,3,1372.8181818181818,69,118,41,31.662076891129114,0.6656099033816425,37.2470238095238,8567.873479818716,124.17207941766256,0
3395,32.36526920917233,0,1,186,0.0,0.0053475935828877,0.9946524064171123,187,5950,4600,1350,0.773109243697479,73,46,27,213.08626280360687,0.41471043451593737,0.7718304938479035,0.15132819796561317,1119088.8839398792,4342.4936047615165,1123431.3775446408,3394,4,1373.8181818181818,72,115,38,31.425561162660298,0.6662326388888888,37.029109589041084,8511.123662326412,118.21005086564462,0
3396,32.26654620111735,0,0,186,0.0,0.0,1.0,186,4500,3400,1100,0.7555555555555555,56,34,22,213.97972713191083,0.41437384965610774,0.7721424991555872,0.15232911089196208,1116338.1101110093,6074.744837701109,1122412.8549487104,3395,5,1382.0591397849462,73,113,43,31.32229847844314,0.6665239726027397,36.9510135135135,8487.682275623278,116.26962021401751,0
3397,31.93650462766194,0,0,186,0.0,0.0,1.0,186,5750,4300,1450,0.7478260869565218,72,43,29,214.39992820885388,0.4139893926184249,0.7720136544843603,0.15318944834241008,1105917.3506275867,4471.720115896001,1110389.0707434828,3396,6,1383.0591397849462,77,109,36,31.189950607260045,0.6658549783549783,36.832264957264954,8404.65758804361,109.15139724731961,0
3398,32.34585057139321,0,0,186,0.0,0.0,1.0,186,4800,3300,1500,0.6875,63,33,30,221.65819357436405,0.4136890923181246,0.7787906497333512,0.15891738424054985,1121030.8582583116,7697.134996531072,1128727.9932548427,3397,7,1384.0591397849462,78,108,37,30.88627485350826,0.6665331196581197,36.7220464135021,8515.949345451028,109.17883776219267,0
3399,32.58357131605251,0,0,186,0.0,0.0,1.0,186,5600,3900,1700,0.6964285714285714,73,39,34,219.32680235944463,0.41310423326552353,0.7770219301253374,0.15770790015373157,1130080.0198717804,6771.367433754873,1136851.3873055354,3398,8,1385.0591397849462,79,107,38,30.851141625879613,0.6670622362869199,36.62760416666666,8581.613242314997,108.6280157255063,0
3400,32.33059251914686,0,0,186,0.0,0.0,1.0,186,5100,3800,1300,0.7450980392156863,64,38,26,217.71970670806152,0.4126622590332268,0.7759013406221542,0.15706483630404064,1122200.080112337,6565.0144619640705,1128765.094574301,3399,9,1386.0591397849462,80,106,41,30.786212254327747,0.6677083333333333,36.52263374485596,8518.379366413054,106.47974208016316,0
3401,32.22295249042461,0,2,184,0.0,0.010752688172043012,0.989247311827957,186,5850,4200,1650,0.717948717948718,75,42,33,219.03626784034716,0.4126652862539959,0.7775862091510957,0.15841119001329573,1119145.950997187,5976.710455011935,1125122.661452199,3400,10,1387.0591397849462,64,122,41,30.66943836393855,0.6767578125,36.442307692307686,8492.606997716706,132.69698433932354,0
3402,31.88683283294095,0,0,184,0.0,0.0,1.0,184,5200,4200,1000,0.8076923076923077,62,42,20,219.71914163422358,0.4113042735804229,0.7747572973465371,0.15937508732087263,1108266.0056004128,6701.451090582331,1114967.4566909953,3401,11,1402.695652173913,65,119,39,30.554911204230255,0.6770833333333333,36.34785353535352,8407.031920364221,129.338952620988,0
3403,32.34588456835098,0,0,184,0.0,0.0,1.0,184,5200,4000,1200,0.7692307692307693,64,40,24,222.59141300262147,0.4112523016155856,0.777976669451435,0.1620809404722092,1125267.797451517,8094.98980821618,1133362.7872597333,3402,12,1403.695652173913,66,118,38,30.35372215018272,0.6777146464646464,36.22512437810945,8532.031678896803,129.27320725601217,0
3404,32.2468192706498,0,0,184,0.0,0.0,1.0,184,5250,3500,1750,0.6666666666666666,70,35,35,218.6212605719892,0.4111632068187218,0.7733210830583366,0.15981160078250808,1122875.8722960823,7046.907733448162,1129922.7800295304,3403,13,1404.695652173913,69,115,37,30.331801436036248,0.6772342995169083,36.10119047619047,8509.897216453901,123.3318437167232,0
3405,32.324234873575406,0,0,184,0.0,0.0,1.0,184,5000,3600,1400,0.72,64,36,28,223.52447108381767,0.4109695493783163,0.7782912490245959,0.16412769914710154,1126780.513998556,8572.603683815754,1135353.1176823718,3404,14,1405.695652173913,70,114,36,30.057555888944435,0.678125,35.95950704225351,8534.906910500813,121.92724157858304,0
3406,32.268950661908484,0,0,184,0.0,0.0,1.0,184,4550,3400,1150,0.7472527472527473,57,34,23,221.4780060198978,0.41054325552387744,0.7766953188247057,0.1633355569435916,1126027.3386552117,8528.057937849613,1134555.3965930613,3405,15,1406.695652173913,71,113,34,29.97079225994887,0.6789906103286385,35.82175925925925,8524.75461641273,120.06696642834832,0
3407,32.69374892105226,0,0,184,0.0,0.0,1.0,184,5900,4700,1200,0.7966101694915254,71,47,24,220.47490646448742,0.41016707749267445,0.7752940591819812,0.1631823024158973,1141830.5716872755,7648.997698208737,1149479.5693854843,3406,16,1407.695652173913,74,110,35,29.881365284565632,0.6786317567567568,35.70833333333332,8640.68539192641,116.76601880981636,0
3408,33.125547819070185,0,0,184,0.0,0.0,1.0,184,6000,4200,1800,0.7,78,42,36,218.89972708946095,0.4102945325492991,0.7738798112500807,0.16251853373147324,1157762.484839003,7886.7783931346585,1165649.2632321378,3407,17,1408.695652173913,74,110,36,29.823645548784764,0.6796171171171171,35.61111111111111,8758.026781719711,118.35171326648258,0
3409,33.48608160440548,0,0,184,0.0,0.0,1.0,184,5500,4000,1500,0.7272727272727273,70,40,30,222.39530433186684,0.4098304971489665,0.7775609090639259,0.16562666329259856,1171224.3086706093,9794.957313536182,1181019.2659841455,3408,18,1409.695652173913,74,110,38,29.63184197167814,0.6806024774774775,35.51388888888889,8856.603499898532,119.6838310797099,0
3410,32.94742599081469,0,0,184,0.0,0.0,1.0,184,5550,4200,1350,0.7567567567567568,69,42,27,221.47900120672563,0.4094209085689396,0.7769586676110254,0.1657128566799577,1153650.551120815,8751.874360765421,1162402.4254815804,3409,19,1410.695652173913,64,120,40,29.507559700438033,0.6876627604166667,35.36858974358975,8718.923804268014,136.2331844416877,0
3411,32.96308035679716,0,0,184,0.0,0.0,1.0,184,4900,3300,1600,0.673469387755102,65,33,32,220.2544811571801,0.40896244159341094,0.7755544576196753,0.16536566601166097,1155135.6970913794,9184.762725799988,1164320.4598171795,3410,20,1411.695652173913,66,118,37,29.430203194738095,0.6875,35.261194029850756,8726.60653475658,132.22131113267545,0
3412,32.47476391113787,0,0,184,0.0,0.0,1.0,184,5450,3800,1650,0.6972477064220184,71,38,33,224.19849216626005,0.40881580640690585,0.7788575899261856,0.1692047717007044,1139412.845833501,8840.928398147846,1148253.774231649,3411,21,1412.695652173913,68,116,38,29.16061150054141,0.6879595588235294,35.099637681159436,8602.576726279263,126.5084812688127,0
3413,32.632899356443964,0,1,183,0.0,0.005434782608695652,0.9945652173913043,184,5050,3800,1250,0.7524752475247525,63,38,25,217.26639562226458,0.4084352973786331,0.7717699067556398,0.1519100169188359,1123978.930980486,6990.570217899194,1130969.5011983854,3412,22,1413.695652173913,81,103,38,31.83569486794766,0.6570216049382716,37.538109756097555,8564.892449231293,105.73941295347275,8
3414,32.554667905158034,0,0,183,0.0,0.0,1.0,183,5350,4200,1150,0.7850467289719626,65,42,23,215.65939464091008,0.4080233291298865,0.7684237287123614,0.15103105974268125,1121739.0560463716,6432.71315440517,1128171.7692007767,3413,23,1420.0109289617487,68,115,38,31.82351869956102,0.6637561274509804,37.4849033816425,8546.091790501081,125.6778204485453,0
3415,32.6393157569467,0,0,183,0.0,0.0,1.0,183,4550,3100,1450,0.6813186813186813,60,31,29,242.39716034559308,0.40783067115034327,0.7880135906806374,0.1595473863714451,1106885.9795096035,12511.20365189558,1119397.183161499,3414,24,1421.0109289617487,63,120,38,33.25423671437203,0.6456679894179894,39.567057291666664,8500.353050568096,134.92623889790627,7
3416,32.42431298522299,1,1,183,0.005434782608695652,0.005434782608695652,0.9945652173913043,184,5850,4200,1650,0.717948717948718,75,42,33,241.55036251176801,0.4085782202819355,0.7870750802313948,0.16005533366433936,1101527.767877165,10564.886329501413,1112092.6542066664,3415,0,1414.2826086956522,67,117,38,33.041940918351365,0.6455223880597014,39.33823529411764,8451.778642104058,126.14594988215012,0
3417,32.03997809402226,1,0,184,0.005434782608695652,0.0,1.0,184,5100,3300,1800,0.6470588235294118,69,33,36,238.58506335532013,0.40877620871941084,0.784810795574659,0.1587748672776004,1089702.5269899932,10097.349288071968,1099799.8762780651,3416,0,1410.2717391304348,68,116,38,32.968303812610905,0.6464460784313726,39.19082125603864,8356.320373676446,122.88706431877127,0
3418,32.370926994188004,0,1,183,0.0,0.005434782608695652,0.9945652173913043,184,4500,2900,1600,0.6444444444444445,61,29,32,238.31703139278338,0.4087656905836699,0.7846400352878236,0.15933145338261667,1102286.3943116686,11238.724247402002,1113525.1185590706,3417,1,1411.2717391304348,71,113,37,32.81429020216579,0.6464201877934272,39.03356481481479,8447.725421313064,118.98204818750794,0
3419,32.24177529204942,0,0,183,0.0,0.0,1.0,183,4850,3400,1450,0.7010309278350515,63,34,29,240.11772547010375,0.40847369843271486,0.7857267028843955,0.16099867449633162,1098711.2124180242,11314.007454863016,1110025.2198728872,3418,2,1418.551912568306,73,110,31,32.66719687983033,0.6464041095890412,38.9358108108108,8417.17292463889,115.30373869368341,0
3420,32.08585147930327,0,0,183,0.0,0.0,1.0,183,5100,3200,1900,0.6274509803921569,70,32,38,244.7820763745675,0.4080245801557277,0.7895903167632894,0.1647926196178575,1094546.5516896583,11885.07552224347,1106431.6272119018,3419,3,1419.551912568306,76,107,32,32.40496167391756,0.6463815789473684,38.7987012987013,8380.866076331007,110.27455363593431,0
3421,32.381597658374254,0,1,182,0.0,0.00546448087431694,0.994535519125683,183,4550,3300,1250,0.7252747252747253,58,33,25,243.0719903846943,0.40777187293580736,0.7883681509432734,0.1641402383724362,1105504.293278764,12593.425789218789,1118097.7190679829,3420,4,1420.551912568306,80,103,33,32.3444190166839,0.645703125,38.69598765432099,8461.441394296638,105.76801742870798,0
3422,32.25056426984582,0,2,180,0.0,0.01098901098901099,0.989010989010989,182,4950,3400,1550,0.6868686868686869,65,34,31,243.92825975117685,0.4073440946714428,0.7898447945984668,0.1650438576211184,1101591.0511871981,12391.837614712771,1113982.888801911,3421,6,1429.3351648351647,82,100,36,32.25395339159385,0.6455792682926829,38.629518072289166,8429.34552565024,102.79689665427122,0
3423,32.086392896638415,0,0,180,0.0,0.0,1.0,180,5050,4200,850,0.8316831683168316,59,42,17,242.76317621653104,0.4065112249120629,0.7869206408474567,0.16508512393666686,1097403.1157456234,12231.813193665022,1109634.9289392885,3422,7,1425.1277777777777,63,117,36,32.11106530171967,0.6569113756613756,38.460286458333336,8391.866006772181,133.20422232971717,0
3424,31.671544506092612,0,0,180,0.0,0.0,1.0,180,4900,3400,1500,0.6938775510204082,64,34,30,239.43274580011754,0.4065202772605007,0.7835477559334745,0.16365514389355149,1084632.794998707,11039.321658279394,1095672.1166569863,3423,8,1426.1277777777777,65,115,38,32.02292646644956,0.6573717948717949,38.289141414141426,8288.787105429754,127.51980162199621,0
3425,31.719133737587548,0,0,180,0.0,0.0,1.0,180,5300,3500,1800,0.660377358490566,71,35,36,239.62937495477004,0.40612650010345536,0.7836362513569539,0.16443134910083973,1087345.6368837666,10811.991065251128,1098157.6279490178,3424,9,1427.1277777777777,67,113,35,31.884214298250754,0.6574937810945274,38.15870098039219,8305.379181626666,123.96088330786068,0
3426,32.017302005610624,0,0,180,0.0,0.0,1.0,180,4450,3300,1150,0.7415730337078652,56,33,23,235.43577085481746,0.4058633354024415,0.7793628249315097,0.16200705389314035,1098348.6588750307,11268.112633920036,1109616.7715089507,3425,10,1428.1277777777777,69,111,38,31.89860053781771,0.6573067632850241,38.065476190476225,8386.436754505405,121.54256165949862,0
3427,31.52428387175483,0,0,180,0.0,0.0,1.0,180,5650,3900,1750,0.6902654867256637,74,39,35,224.33677698478482,0.40600106041795986,0.7690445688908405,0.14541174576515592,1064725.6388471862,6121.423638408887,1070847.0624855952,3426,11,1429.1277777777777,72,108,40,34.266452545660854,0.6351273148148149,40.09703196347033,8193.254943495203,113.7952075485445,8
3428,31.41965147895032,0,0,180,0.0,0.0,1.0,180,4950,3400,1550,0.6868686868686869,65,34,31,226.36581838529244,0.40592734843782324,0.7696437174866289,0.14702883583463977,1061774.4073375266,7119.886531503601,1068894.2938690302,3427,12,1430.1277777777777,72,108,41,34.140755072543314,0.6358506944444444,40.02568493150685,8168.3023729308825,113.44864406848448,0
3429,31.933527331174542,0,0,180,0.0,0.0,1.0,180,5700,4200,1500,0.7368421052631579,72,42,30,226.53437284055488,0.4055956445272088,0.7704101249599478,0.14760204125999454,1080045.2277661813,7233.473662289396,1087278.7014284707,3428,13,1431.1277777777777,74,106,36,34.02488518637189,0.6359797297297297,39.91666666666668,8305.378233383004,112.23484099166221,0
3430,31.74416077822914,0,1,179,0.0,0.005555555555555556,0.9944444444444445,180,4400,3000,1400,0.6818181818181818,58,30,28,207.91661265314917,0.40549542209807576,0.7481544859056448,0.12952604383853067,1060645.5938182136,3705.1678184344455,1064350.761636648,3429,14,1432.1277777777777,72,108,39,36.120694413777905,0.6209490740740741,41.49543378995436,8206.01051167812,113.97236821775167,8
3431,31.694301947647688,1,0,180,0.005555555555555556,0.0,1.0,180,4500,3200,1300,0.7111111111111111,58,32,26,203.69134443983623,0.4059351075936271,0.7421001654508079,0.12740667421028085,1060159.9019492697,2689.0791498505987,1062848.9810991203,3430,0,1432.5277777777778,75,105,41,36.08297784961052,0.6209722222222223,41.351425438596515,8197.686020477846,109.30248027303794,0
3432,31.25023739607859,0,0,180,0.0,0.0,1.0,180,4850,2900,1950,0.5979381443298969,68,29,39,200.6236209275113,0.40599459445478997,0.7389246662641689,0.12603018614270692,1046547.2992449605,1142.4217292867365,1047689.7209742473,3431,1,1433.5277777777778,79,101,41,36.00573556047493,0.6207805907172996,41.19791666666669,8087.626542766449,102.37501952868924,0
3433,31.7037286899726,0,0,180,0.0,0.0,1.0,180,5300,4100,1200,0.7735849056603774,65,41,24,198.91791834594997,0.40587885371404925,0.7359041848761745,0.12548280713703225,1062953.4561792372,988.0977603615956,1063941.5539395988,3432,2,1434.5277777777778,80,100,37,35.898390941597135,0.621875,41.0493827160494,8209.700114471345,102.62125143089182,0
3434,31.422614618153162,1,0,181,0.0055248618784530384,0.0,1.0,181,4850,3300,1550,0.6804123711340206,64,33,31,196.94892462561154,0.40677818702680585,0.7354863328842993,0.12480685996993272,1054837.3974717618,499.8182173888508,1055337.2156891506,3433,0,1427.596685082873,82,99,38,35.78538215634992,0.6227134146341464,40.8885542168675,8141.9591039959305,99.29218419507232,0
3435,31.712760049984535,0,0,181,0.0,0.0,1.0,181,5000,3200,1800,0.64,68,32,36,196.5777297037426,0.40658890935134034,0.7353351948012585,0.12511427345404355,1065837.1290203403,703.9686113549806,1066541.0976316952,3434,1,1428.596685082873,84,97,41,35.63872739018087,0.6235119047619048,40.73529411764708,8221.99940707693,97.8809453223444,0
3436,31.64104769983227,0,0,181,0.0,0.0,1.0,181,4850,3500,1350,0.7216494845360825,62,35,27,194.77178765609375,0.4064392776754655,0.7329046282039653,0.12422575947288206,1064033.727059726,398.7502291601086,1064432.477288886,3435,2,1429.596685082873,85,96,41,35.6101517132938,0.6238970588235294,40.661337209302346,8205.746999771238,96.53819999730868,0
3437,32.0772569376316,0,0,181,0.0,0.0,1.0,181,4650,3200,1450,0.6881720430107527,61,32,29,193.83858195507418,0.4067104051565378,0.7325055899298447,0.12400358599043702,1079582.8531282544,1002.9618706784868,1080585.8149989329,3436,3,1430.596685082873,74,107,40,35.52652123483223,0.6295045045045045,40.55555555555553,8322.266105485473,112.46305547953341,0
3438,32.56183322220716,2,0,183,0.01092896174863388,0.0,1.0,183,5400,4300,1100,0.7962962962962963,65,43,22,188.32068852084328,0.40824100762625354,0.7286915035809729,0.12124859164235936,1097787.813144895,-652.7686357527837,1097135.0445091422,3437,0,1415.950819672131,77,106,45,35.441095796475345,0.6304112554112554,40.33119658119656,8455.292269933114,109.80899051861186,0
3439,32.729549116948554,1,0,184,0.005434782608695652,0.0,1.0,184,4650,3000,1650,0.6451612903225806,63,30,33,189.39200817866742,0.40879477013542415,0.7311792465162503,0.12255210490316029,1104929.5217506066,402.96420404809396,1105332.4859546546,3438,0,1409.25,79,105,48,35.23501703748246,0.6313291139240507,40.15624999999998,8504.568778357045,107.6527693462917,0
3440,33.14298900276421,1,0,185,0.005405405405405406,0.0,1.0,185,5300,3600,1700,0.6792452830188679,70,36,34,187.36991670227428,0.40988053270661967,0.729643120972058,0.1219628721601915,1120655.478757586,-304.5752586489625,1120350.9034989371,3439,0,1402.627027027027,84,101,34,35.078444077913936,0.6314484126984127,39.95098039215685,8618.80179704232,102.60478329812287,0
3441,33.49808068563782,0,0,185,0.0,0.0,1.0,185,5800,4000,1800,0.6896551724137931,76,40,36,188.96379715204947,0.40963082647865257,0.7301487826700848,0.12331739506030251,1133438.06656753,35.75217905543286,1133473.8187465854,3440,1,1403.627027027027,85,100,36,34.946250640219716,0.631985294117647,39.86191860465115,8714.126439988384,102.51913458809864,0
3442,33.34540062714531,0,0,185,0.0,0.0,1.0,185,4900,3400,1500,0.6938775510204082,64,34,30,188.17382156259177,0.40973364669016843,0.7291919677490344,0.12307721271676442,1128943.0995335148,587.5074731878112,1129530.6070067026,3441,2,1404.627027027027,87,98,37,34.8879910991827,0.6320641762452107,39.78456439393939,8676.987949651215,99.7354936741519,0
3443,33.01634954485104,0,0,185,0.0,0.0,1.0,185,5000,3600,1400,0.72,64,36,28,191.20447649797597,0.40928809244026637,0.7341883781981589,0.12558086711888933,1119034.7372150647,792.8902224511658,1119827.6274375159,3442,3,1405.627027027027,89,96,42,34.66302696895604,0.6328417602996255,39.641203703703695,8596.097025595162,96.58535983814788,0
3444,32.61391765520027,1,1,185,0.005376344086021506,0.005376344086021506,0.9946236559139785,186,5400,4100,1300,0.7592592592592593,67,41,26,189.51989278260092,0.4102005231037489,0.7342369306932408,0.1248354952354093,1106240.3341934585,-669.0900943736124,1105571.244099085,3443,0,1399.0645161290322,74,112,46,34.60546312589988,0.6397804054054055,39.54166666666666,8494.56663594401,114.79144102627039,0
3445,32.37084338352606,0,0,185,0.0,0.0,1.0,185,5150,3600,1550,0.6990291262135923,67,36,31,189.34094635493528,0.4100127301214258,0.7331365162278405,0.12528703731855664,1099312.0984348627,-521.0413885827638,1098791.05704628,3444,1,1398.0324324324324,78,107,44,34.45104983556796,0.6395566239316239,39.385548523206744,8436.309592238804,108.15781528511287,0
3446,32.44599626244514,0,0,185,0.0,0.0,1.0,185,5150,3600,1550,0.6990291262135923,67,36,31,205.6403372170148,0.4101437034860948,0.7535022949511108,0.1255132435803229,1077922.165430851,2182.855518578452,1080105.0209494296,3445,2,1399.0324324324324,80,105,40,36.93177093727133,0.6098958333333333,42.23251028806581,8363.523007773194,104.54403759716493,8
3447,31.93576905626572,1,1,185,0.005376344086021506,0.005376344086021506,0.9946236559139785,186,5100,3500,1600,0.6862745098039216,67,35,32,207.20714961700708,0.41055349704543254,0.7563858134811174,0.12707739175812136,1062401.6487230258,1727.4434760609583,1064129.0921990867,3446,0,1392.505376344086,84,102,33,36.714097934878964,0.6101190476190477,42.05882352941173,8237.549841866105,98.06606954602505,0
3448,31.79088323886897,2,0,187,0.0106951871657754,0.0,1.0,187,4550,3000,1550,0.6593406593406593,61,30,31,200.70911892157525,0.4119635635290284,0.7549567619110249,0.12008983737481568,1050206.737747601,207.21380376469233,1050413.9515513657,3447,0,1384.4224598930482,86,101,37,37.80073830817963,0.6002906976744187,42.959770114942536,8171.53593596792,95.01785972055721,8
3449,31.394387206260085,2,0,189,0.010582010582010581,0.0,1.0,189,5300,3700,1600,0.6981132075471698,69,37,32,196.41782371037417,0.41377373447408905,0.7488491235523407,0.11864456026729621,1039924.0088394299,-2248.0778719183213,1037675.9309675116,3448,0,1370.7619047619048,74,115,39,37.55553457083246,0.6086711711711712,42.61111111111111,8080.56644036682,109.19684378874081,8
3450,30.99340692767692,1,1,189,0.005263157894736842,0.005263157894736842,0.9947368421052631,190,6250,4400,1850,0.704,81,44,37,196.78752590511857,0.41440812679847766,0.7495073029076937,0.11962771254306769,1028496.6573911167,-3770.937478063679,1024725.7199130531,3449,0,1364.542105263158,78,112,42,37.309026000614175,0.6092414529914529,42.37869198312235,7984.56203260746,102.36617990522385,0
3451,31.415062503927903,2,3,188,0.010471204188481676,0.015706806282722512,0.9842931937172775,191,5150,3800,1350,0.7378640776699029,65,38,27,191.64062835045877,0.41500757784513637,0.7445725784220767,0.11737151871382502,1044682.215020994,-3309.2887773658003,1041372.9262436281,3450,0,1358.3350785340315,84,107,46,37.165581638471785,0.6096230158730158,42.10784313725488,8101.698227115861,96.44878841804596,0
3452,31.58828159717609,0,1,187,0.0,0.005319148936170213,0.9946808510638298,188,5600,3800,1800,0.6785714285714286,74,38,36,189.77331086719084,0.4138216093981113,0.7383536555264874,0.11664617367906246,1051500.740670815,-3290.6446127194968,1048210.0960580956,3451,1,1380.2446808510638,86,102,39,37.08139984532096,0.6102228682170543,41.97796934865898,8150.472562489695,94.77293677313598,0
3453,31.367481812962406,2,1,188,0.010582010582010581,0.005291005291005291,0.9947089947089947,189,4850,3300,1550,0.6804123711340206,64,33,31,189.32528221858942,0.4158809899058126,0.7394708807068087,0.1170082114051206,1045744.5096057876,-3052.825118069137,1042691.6844877184,3452,0,1369.047619047619,90,99,41,36.89239959216239,0.6108796296296296,41.781135531135504,8099.675534990833,89.99639483323148,0
3454,31.583992768927622,0,0,188,0.0,0.0,1.0,188,6500,5100,1400,0.7846153846153846,79,51,28,197.09602561037772,0.4150844331930064,0.7448854057833081,0.11835996093842073,1044463.5007270519,-2928.0790223194517,1041535.4217047325,3453,1,1377.3031914893618,88,100,45,37.75656487507394,0.6009706439393939,42.825374531835195,8122.601511138153,92.3022898992972,8
3455,31.88847475380981,1,0,189,0.005291005291005291,0.0,1.0,189,4300,2800,1500,0.6511627906976745,58,28,30,193.00731916965435,0.41621519569214604,0.740683624043047,0.11636337788012237,1055720.5167311411,-1347.6426546643888,1054372.8740764768,3454,0,1371.010582010582,74,115,47,37.71410194131086,0.6079673423423424,42.68055555555553,8205.524607830966,110.88546767339145,0
3456,31.96890734639851,0,0,189,0.0,0.0,1.0,189,5750,4100,1650,0.7130434782608696,74,41,33,191.20476605898352,0.4157203365979962,0.7377422391683657,0.11590699477885426,1060023.0970936522,-3013.7063406181105,1057009.390753034,3455,1,1372.010582010582,77,112,45,37.55742320524118,0.6086309523809523,42.48130341880339,8232.591350969526,106.91677079181203,0
3457,31.771394480112438,0,0,189,0.0,0.0,1.0,189,5450,3700,1750,0.6788990825688074,72,37,35,187.9906535507291,0.41572854516116925,0.733336488630369,0.11434894134055493,1054493.115528572,-3603.030009408142,1050890.0855191636,3456,2,1373.010582010582,79,110,45,37.51331892993718,0.609045358649789,42.35677083333331,8185.684668984113,103.61626163271029,0
3458,32.22765205070672,1,1,189,0.005263157894736842,0.005263157894736842,0.9947368421052631,190,4900,3200,1700,0.6530612244897959,66,32,34,186.20692569485803,0.4165604984683932,0.7338509670511588,0.11390999134960735,1071351.3947952152,-3001.3900872573395,1068350.0047079579,3457,0,1366.778947368421,83,107,46,37.34895758187849,0.6095632530120482,42.15029761904759,8309.890489711552,100.1191625266452,0
3459,32.02914816579642,2,0,191,0.010471204188481676,0.0,1.0,191,5350,3700,1650,0.6915887850467289,70,37,33,191.4017145128368,0.41728207954441077,0.7404356209411458,0.11792074191921142,1066868.9237040128,-2709.8917685175875,1064159.031935495,3458,0,1360.5759162303666,86,105,40,36.953967002211165,0.6110707364341086,41.89415708812259,8266.91028508226,96.12686378002628,0
3460,31.827633627865488,0,1,190,0.0,0.005235602094240838,0.9947643979057592,191,4800,3500,1300,0.7291666666666666,61,35,26,188.70736860056198,0.4168216680444567,0.7371617925654042,0.11665974233436163,1061169.9469925242,-2949.8823330088308,1058220.0646595154,3459,1,1361.5759162303666,89,102,41,36.89785867957508,0.6113061797752809,41.770833333333314,8218.823308695628,92.34632931118684,0
3461,32.18927961166256,1,1,190,0.005235602094240838,0.005235602094240838,0.9947643979057592,191,5100,3300,1800,0.6470588235294118,69,33,36,188.44147380320607,0.41697207678883075,0.7383319359820042,0.11692074253357428,1074315.7855937015,-2810.870006534471,1071504.915587167,3460,0,1362.5183246073298,77,114,43,36.77138254247221,0.6171536796536796,41.63995726495729,8316.423656079434,108.00550202700563,0
3462,32.59390015140179,0,0,190,0.0,0.0,1.0,190,5350,3600,1750,0.6728971962616822,71,36,35,186.96711468774487,0.41585271047990346,0.7350293424995773,0.11635246101822007,1088719.839624826,-2639.03857640805,1086080.801048418,3461,1,1370.657894736842,77,113,40,36.70063897213325,0.6182359307359307,41.53311965811969,8424.443690307635,109.40835961438486,0
3463,32.879481743768764,0,0,190,0.0,0.0,1.0,190,4950,3500,1450,0.7070707070707071,64,35,29,188.4451439697089,0.415942634363687,0.7382742917560039,0.11774369572086413,1099477.5747228216,-1511.758027978024,1097965.8166948436,3462,2,1371.657894736842,78,112,44,36.51638369108925,0.6192574786324787,41.38976793248948,8502.970404015581,109.01244107712283,0
3464,32.522901127025314,1,1,190,0.005235602094240838,0.005235602094240838,0.9947643979057592,191,5300,3800,1500,0.7169811320754716,68,38,30,184.74722301149745,0.41615803251584454,0.7349561900649488,0.11593656601183738,1088857.8095448266,-3267.3086864417983,1085590.5008583849,3463,0,1365.4712041884816,81,110,41,36.45414007527411,0.6195987654320987,41.23475609756101,8415.796442549707,103.89872151295934,0
3465,32.69692264309709,0,1,189,0.0,0.005263157894736842,0.9947368421052631,190,4750,3400,1350,0.7157894736842105,61,34,27,181.16748782432902,0.4157714889074538,0.7276395213385558,0.11397498917556,1095436.491583774,-3058.5045497337355,1092377.9870340403,3464,1,1371.4,83,107,47,36.45623742454729,0.6197289156626506,41.145833333333364,8463.734663343446,101.97270678727044,0
3466,32.602946849583624,2,1,190,0.010471204188481676,0.005235602094240838,0.9947643979057592,191,4850,3300,1550,0.6804123711340206,64,33,31,181.68019428767207,0.4169973362726187,0.7273228356744881,0.11501451269738681,1094158.2061889267,-3292.624903628655,1090865.581285298,3465,0,1363.586387434555,86,105,35,36.21743768678559,0.6208817829457365,40.924329501915736,8446.630315269356,98.21663157289949,0
3467,32.89447097313019,2,0,192,0.010416666666666666,0.0,1.0,192,6050,4200,1850,0.6942148760330579,79,42,37,182.90603516154962,0.41801362983566026,0.7326294622492939,0.11655050392446253,1105908.2803985875,-3994.5402359927853,1101913.7401625947,3466,0,1356.7239583333333,90,102,38,35.950812254447584,0.621875,40.693681318681364,8529.744173012017,94.77493525568909,0
3468,32.88716063140615,0,0,192,0.0,0.0,1.0,192,4600,3400,1200,0.7391304347826086,58,34,24,183.504647881221,0.41779775214514253,0.7348120691619648,0.11708677151069082,1106059.243293354,-2406.5976047362346,1103652.6456886178,3467,1,1357.7239583333333,93,99,39,35.887918019711734,0.6214157706093191,40.647163120567406,8529.378406664868,91.71374630822439,0
3469,32.89353751617529,0,2,190,0.0,0.010416666666666666,0.9895833333333334,192,6050,4600,1450,0.7603305785123967,75,46,29,182.37519311173446,0.4178460405759162,0.7327056992457308,0.11691604933772906,1107685.1271784166,-4047.142204767832,1103637.9849736488,3468,2,1358.7239583333333,79,113,39,35.748802117304706,0.6280327004219409,40.48177083333335,8536.472607225167,108.05661528133123,0
3470,32.59222001913424,0,0,190,0.0,0.0,1.0,190,5450,4000,1450,0.7339449541284404,69,40,29,185.40700234662762,0.41641255917571707,0.7356565985900065,0.11940501975848533,1098892.39113118,-2701.5311717700006,1096190.85995941,3469,3,1373.878947368421,78,112,39,35.507112995497785,0.6300747863247863,40.32172995780591,8463.491311403342,108.50629886414542,0
3471,32.337158031689796,0,0,190,0.0,0.0,1.0,190,5350,3800,1550,0.7102803738317757,69,38,31,186.54786076008375,0.4161497493734336,0.7373699704545096,0.12050380172770987,1091178.5851765391,-2638.593845620546,1088539.9913309186,3470,4,1374.878947368421,78,112,43,35.370034345074934,0.6311431623931624,40.21624472573838,8400.668348369578,107.70087626114844,0
3472,32.39718361254807,0,0,190,0.0,0.0,1.0,190,5100,3700,1400,0.7254901960784313,65,37,28,189.7793929965455,0.41573435904576256,0.7415278213569103,0.1230330127835019,1094257.1949174542,-1566.5067532927997,1092690.6881641613,3471,5,1375.878947368421,79,111,46,35.15861137551557,0.6319883966244726,40.091145833333314,8420.314870964428,106.58626418942315,0
3473,32.13315260543558,0,0,190,0.0,0.0,1.0,190,6600,4700,1900,0.7121212121212122,85,47,38,190.45206208559046,0.41538046505151766,0.7435204892842087,0.12402726683021964,1086645.8576951758,-3209.211129037887,1083436.646566138,3472,6,1376.878947368421,82,108,37,34.98174243155422,0.6323678861788617,39.93473895582328,8356.716720504932,101.91117951835282,0
3474,31.88004474840217,0,0,190,0.0,0.0,1.0,190,4050,2900,1150,0.7160493827160493,52,29,23,191.3310593345746,0.4155492898913951,0.7445652389549078,0.12471776422963754,1078358.2942981345,-785.3130419427439,1077572.9812561919,3473,7,1377.878947368421,84,106,37,34.92547744691546,0.6319444444444444,39.901960784313715,8291.937129167713,98.71353725199658,0
3475,32.04032516747627,0,0,190,0.0,0.0,1.0,190,5300,3700,1600,0.6981132075471698,69,37,32,191.0060860782357,0.4153682818156503,0.7459543944575668,0.12495660028333681,1084820.3866234608,-1858.5407706352598,1082961.8458528256,3474,8,1378.878947368421,85,105,41,34.806716626326555,0.6328431372549019,39.77713178294571,8337.625313687668,98.0897095727961,0
3476,32.53202361236504,0,0,190,0.0,0.0,1.0,190,6450,4200,2250,0.6511627906976745,87,42,45,188.0098360692066,0.41500336489371575,0.7418842493338833,0.12335441810770709,1102316.4199239765,-3000.734118739957,1099315.6858052367,3475,9,1379.878947368421,88,102,43,34.782637202889404,0.6328125,39.676966292134814,8468.835079426719,96.23676226621272,0
3477,32.9904731965738,1,0,191,0.005235602094240838,0.0,1.0,191,4900,3700,1200,0.7551020408163265,61,37,24,183.05098004083243,0.4151074676219344,0.7362234770411908,0.12076097028593051,1119468.540797463,-2116.037296428734,1117352.503501034,3476,0,1373.6492146596859,76,115,46,34.71995032109537,0.639391447368421,39.48863636363637,8594.393159448353,113.08412051905728,0
3478,32.61809721383658,0,1,190,0.0,0.005235602094240838,0.9947643979057592,191,4650,3200,1450,0.6881720430107527,61,32,29,181.38940830903397,0.4149076880683384,0.7330287152320081,0.12032480645421212,1108432.6715588383,-2638.4107111082885,1105794.26084773,3477,1,1374.6492146596859,80,111,46,34.57159711260195,0.6395833333333334,39.30041152263373,8503.524520561885,106.29405650702356,0
3479,33.011232195446055,0,0,190,0.0,0.0,1.0,190,5050,3900,1150,0.7722772277227723,62,39,23,184.80509561570858,0.41480495219530306,0.7336518705510897,0.12320532635050378,1123260.1263081138,-1533.1609912632866,1121726.9653168505,3478,2,1381.2526315789473,84,106,46,34.30888961964267,0.6397569444444444,39.12990196078431,8611.643379221317,102.51956403834902,0
3480,32.647529349538644,0,0,190,0.0,0.0,1.0,190,4850,3500,1350,0.7216494845360825,62,35,27,183.0896810032831,0.4144139283393669,0.7322066634476114,0.12258461443094464,1112121.767361419,-2126.396075398232,1109995.3712860208,3479,3,1382.2526315789473,86,104,47,34.205753058103966,0.6405038759689923,38.98467432950191,8521.505505506946,99.08727331984821,0
3481,32.95441162295464,0,0,190,0.0,0.0,1.0,190,5150,3200,1950,0.6213592233009708,71,32,39,181.44239727390337,0.41428745474798107,0.7300227437879265,0.12176946445205256,1123265.3408852634,-2388.4087550180952,1120876.9321302453,3480,4,1383.2526315789473,88,102,42,34.167114936345655,0.640625,38.90449438202246,8604.248765038274,97.7755541481622,0
3482,32.55625923544417,0,0,190,0.0,0.0,1.0,190,5050,3400,1650,0.6732673267326733,67,34,33,188.55566251686702,0.4141511185370834,0.7382111185988551,0.12707942247441642,1110909.3419324192,-1156.3506071511965,1109752.991325268,3481,5,1384.2526315789473,89,101,42,33.835775626541434,0.6417368913857677,38.761574074074076,8504.945916703826,95.56119007532388,0
3483,32.58455655511357,1,0,191,0.005235602094240838,0.0,1.0,191,4700,3600,1100,0.7659574468085106,58,36,22,184.49895290961965,0.41466887113070633,0.7339241387678372,0.12486538633592968,1113072.5085609872,-1827.85753160286,1111244.6510293842,3482,0,1378.0,91,100,44,33.79850732799077,0.6425137362637363,38.62092391304347,8516.921287078743,93.59254161624993,0
3484,32.792982253349315,0,0,191,0.0,0.0,1.0,191,5500,4000,1500,0.7272727272727273,70,40,30,186.18752083300257,0.4144874621107743,0.7379487286456272,0.12630558845698295,1120871.6769440444,-1961.536259571587,1118910.1406844729,3483,1,1379.0,92,99,46,33.67363877822048,0.6430027173913043,38.54166666666667,8573.998484990301,93.19563570641631,0
3485,32.25586837426292,0,1,190,0.0,0.005235602094240838,0.9947643979057592,191,4950,3500,1450,0.7070707070707071,64,35,29,184.55518533674467,0.41433131257463024,0.7357765439325545,0.1256419274780495,1103514.0468289647,-2418.1521131556647,1101095.894715809,3484,2,1380.0,78,113,45,33.595456531236366,0.6493055555555556,38.42299578059074,8437.393417835336,108.1717104850684,0
3486,31.871393273897205,0,0,190,0.0,0.0,1.0,190,5200,3700,1500,0.7115384615384616,67,37,30,187.14453950429245,0.4144771651350599,0.7427824505569449,0.1229096490414126,1080217.4181859046,-2768.6417418167057,1077448.776444088,3485,3,1371.2473684210527,87,103,39,34.77007084943548,0.6335009578544062,39.64251893939394,8297.955670683812,95.37880081245761,8
3487,32.07885231079752,0,0,190,0.0,0.0,1.0,190,5350,3800,1550,0.7102803738317757,69,38,31,186.00704354754075,0.4143918824839878,0.7408699361286064,0.12247074987839111,1087972.2123492293,-2875.9010638085742,1085096.3112854208,3486,4,1372.2473684210527,75,115,40,34.711477739185334,0.6391666666666667,39.555921052631575,8354.747143774315,111.39662858365753,0
3488,32.226610169758615,0,0,190,0.0,0.0,1.0,190,5150,3600,1550,0.6990291262135923,67,36,31,182.82772901900543,0.4145531653207091,0.7369533199074203,0.12080428434425601,1094002.6551769988,-3147.195802645484,1090855.4593743533,3487,5,1373.2473684210527,76,114,40,34.67066438225771,0.6399396929824561,39.4345238095238,8397.142024887986,110.48871085378929,0
3489,32.40148603100708,0,1,189,0.0,0.005263157894736842,0.9947368421052631,190,5600,3900,1700,0.6964285714285714,73,39,34,181.16047202728268,0.41441972988025616,0.7350848426662064,0.11992970732986567,1100486.9084475858,-3727.054441158186,1096759.8540064276,3488,6,1374.2473684210527,77,113,42,34.648066543690625,0.6401515151515151,39.36965811965811,8444.81038169248,109.67286209990233,0
3490,32.529205571553604,1,0,190,0.005263157894736842,0.0,1.0,190,4050,3000,1050,0.7407407407407407,51,30,21,183.38687370890378,0.41455548593706487,0.7377016505761442,0.12201725061734152,1106284.579724345,-1474.385898396792,1104810.193825948,3489,0,1374.3263157894737,80,110,45,34.41475591715979,0.640625,39.19753086419753,8483.697132087284,106.04621415109105,0
3491,32.68323830124796,0,0,190,0.0,0.0,1.0,190,5150,3400,1750,0.6601941747572816,69,34,35,183.41595929399722,0.414601898264179,0.7375148320233293,0.1223388618389361,1112241.051175045,-2349.4481265127924,1109891.6030485323,3490,1,1375.3263157894737,81,109,44,34.328234811965395,0.6410751028806585,39.1133130081301,8526.621760578424,105.26693531578302,0
3492,32.703982099570524,0,1,189,0.0,0.005263157894736842,0.9947368421052631,190,5650,4200,1450,0.7433628318584071,71,42,29,176.49536616887406,0.414719089390142,0.7295261139449634,0.11097822652136957,1095517.3912935085,-4979.251375856316,1090538.1399176521,3491,2,1376.3263157894737,84,106,45,36.595884033268625,0.619171626984127,41.164215686274524,8464.960856924416,100.77334353481447,8
3493,32.98622593771528,2,2,189,0.010471204188481676,0.010471204188481676,0.9895287958115183,191,4950,3600,1350,0.7272727272727273,63,36,27,173.80872130946298,0.4155701754385965,0.7253014300834459,0.10978771994271136,1106351.0402199675,-4691.30807599451,1101659.732143973,3492,0,1369.2879581151833,90,101,35,36.50114912048088,0.61875,41.00274725274726,8543.341896368458,94.92602107076064,0
3494,32.72708832695494,0,1,188,0.0,0.005291005291005291,0.9947089947089947,189,5500,4200,1300,0.7636363636363637,68,42,26,175.78695718668996,0.41473179106157826,0.7259385989924914,0.1113190427688193,1098419.4470569575,-4682.437537434235,1093737.0095195232,3493,1,1369.3174603174602,93,96,37,36.35871114913028,0.6187275985663083,40.913120567375884,8479.159187546607,91.17375470480223,0
3495,32.88743856384852,0,1,187,0.0,0.005319148936170213,0.9946808510638298,188,6350,5300,1050,0.8346456692913385,74,53,21,174.51498142317146,0.41426368661584556,0.7229084360670823,0.11091212800401548,1104884.0022940228,-5386.237772979848,1099497.764521043,3494,2,1377.5797872340424,96,92,41,36.26241127406303,0.619140625,40.7860824742268,8524.881787523358,88.80085195336831,0
3496,32.49769105846085,0,0,187,0.0,0.0,1.0,187,4450,3100,1350,0.6966292134831461,58,31,27,175.1534074085837,0.41377125141356635,0.7234228673793681,0.11162389360504275,1092604.3862630904,-3575.323759291019,1089029.0625037993,3495,3,1385.7540106951872,96,91,42,36.14752005079992,0.6201171875,40.68943298969072,8426.994694895347,87.7811947384932,0
3497,32.687576043596124,0,0,187,0.0,0.0,1.0,187,5300,3500,1800,0.660377358490566,71,35,36,173.2940780352572,0.41365265558813946,0.720858054012524,0.11072267494612556,1099752.7985718648,-4583.870540958771,1095168.928030906,3496,4,1386.7540106951872,80,107,45,36.10401897113019,0.6264322916666667,40.59927983539096,8479.180766144289,105.9897595768036,0
3498,32.96165556519588,0,2,185,0.0,0.0106951871657754,0.9893048128342246,187,5000,3300,1700,0.66,67,33,34,176.5375475600929,0.41369817721810137,0.726421648559604,0.11325113747163994,1110183.8902853648,-3202.171733659727,1106981.7185517051,3497,5,1387.7540106951872,80,107,45,35.87592491659235,0.6278645833333334,40.45781893004115,8554.939977067681,106.93674971334602,0
3499,32.82215394590519,0,0,185,0.0,0.0,1.0,185,5400,4100,1300,0.7592592592592593,67,41,26,176.17856936710416,0.41331888954171564,0.721889917420643,0.11356441299646859,1106913.8709501724,-3397.09956067902,1103516.7713894935,3498,6,1403.1351351351352,83,102,45,35.71464809244139,0.6283885542168675,40.29017857142858,8524.23574019213,102.70163542400158,0
3500,33.20963983471708,0,1,184,0.0,0.005405405405405406,0.9945945945945946,185,5450,3800,1650,0.6972477064220184,71,38,33,177.15329090007026,0.4132270857814336,0.7241592501505665,0.11476357086221797,1121479.5495621383,-2715.2414235881065,1118764.3081385503,3499,7,1404.1351351351352,83,102,44,35.512646927836364,0.6301455823293173,40.11656746031744,8630.635193652797,103.9835565500337,0
3501,33.48749915903865,1,0,185,0.005405405405405406,0.0,1.0,185,5750,4500,1250,0.782608695652174,70,45,25,173.9335335603238,0.4132356541323932,0.7192461949494975,0.11320534658066078,1132273.6466717832,-3361.9287354289077,1128911.7179363542,3500,0,1404.8540540540541,86,99,51,35.43143867888331,0.6306928294573644,39.954501915708796,8708.273398409441,101.25899300476094,0
3502,33.169928142594,0,1,184,0.0,0.005405405405405406,0.9945945945945946,185,4500,2800,1700,0.6222222222222222,62,28,34,173.58483945876915,0.4130899921660791,0.7189415236038603,0.11335967522818745,1122541.4434620054,-2528.7647501665365,1120012.6787118388,3501,1,1405.8540540540541,89,96,42,35.3219444197289,0.6308520599250936,39.83796296296296,8629.556073949396,96.9613042016786,0
3503,33.36485076050154,0,1,183,0.0,0.005434782608695652,0.9945652173913043,184,5050,3600,1450,0.7128712871287128,65,36,29,173.9969903173952,0.4125120030490219,0.7188488337852366,0.11401566472152519,1130156.1807994908,-2521.245190457467,1127634.9356090333,3502,10,1414.4891304347825,90,94,46,35.191914416395434,0.631712962962963,39.720695970695964,8684.180134984916,96.49089038872128,0
3504,33.70649613057725,1,1,183,0.005434782608695652,0.005434782608695652,0.9945652173913043,184,4850,3300,1550,0.6804123711340206,64,33,31,174.85906798541905,0.41289003722182627,0.7210778473648345,0.11541190701162928,1143909.5439777232,-1645.4086560857154,1142264.1353216376,3503,0,1414.4184782608695,74,110,49,34.916657781568766,0.6404842342342343,39.472222222222236,8781.47853357459,118.66862883208904,0
3505,33.937960060186285,0,0,183,0.0,0.0,1.0,183,6200,4700,1500,0.7580645161290323,77,47,30,172.7414360718718,0.4127934906623431,0.71652824732623,0.11477391176440367,1153773.5950524712,-2939.098457765626,1150834.4965947056,3504,1,1419.4207650273224,76,107,48,34.74081279723301,0.641858552631579,39.245129870129894,8849.48836796666,116.44063642061394,0
3506,33.47110143950944,0,1,182,0.0,0.00546448087431694,0.994535519125683,183,4400,3000,1400,0.6818181818181818,58,30,28,174.08023565480957,0.4125432854941052,0.7183727642126292,0.11596641073703114,1138680.1977339217,-1355.6565686025938,1137324.541165319,3505,2,1420.4207650273224,77,106,50,34.61520410949553,0.6423160173160174,39.15598290598292,8730.736556043012,113.38618903951964,0
3507,33.89355206152377,0,0,182,0.0,0.0,1.0,182,5500,4000,1500,0.7272727272727273,70,40,30,176.54376399653947,0.4121182684718596,0.7200926598778181,0.11808764490922152,1154276.6173868068,-1143.932254667805,1153132.685132139,3506,3,1416.0879120879122,80,102,49,34.410006241582074,0.6424479166666667,39.01748971193417,8845.624299595753,110.57030374494691,0
3508,33.79762924827551,0,0,182,0.0,0.0,1.0,182,5350,4200,1150,0.7850467289719626,65,42,23,177.5219115016094,0.41218214336308256,0.7221342345960602,0.1191027708957596,1151917.5232453423,-851.8798762572978,1151065.643369085,3507,4,1417.0879120879122,80,102,49,34.279771286901145,0.6434895833333334,38.914609053497955,8824.067245350981,110.30084056688727,0
3509,33.92839460866706,0,0,182,0.0,0.0,1.0,182,4950,3200,1750,0.6464646464646465,67,32,35,176.48532985726587,0.41226246129561045,0.7201931261127863,0.11879083716007235,1157343.5578227874,-499.16808789249944,1156844.389734895,3508,5,1418.0879120879122,82,100,44,34.19551620859762,0.6438008130081301,38.805220883534155,8861.919535587134,108.07218945837968,0
3510,34.294225140151234,0,0,182,0.0,0.0,1.0,182,5600,4400,1200,0.7857142857142857,68,44,24,174.0442564811127,0.4118406340436727,0.7164856045840429,0.11768577004365305,1171207.253966138,-1231.620859635549,1169975.6331065025,3509,6,1419.0879120879122,85,97,44,34.10204345676723,0.6442401960784314,38.650678294573645,8962.772478791709,105.44438210343186,0
3511,34.618831924542626,0,1,181,0.0,0.005494505494505495,0.9945054945054945,182,4000,2700,1300,0.675,53,27,26,175.93909879254798,0.4117622133851416,0.7196670679457091,0.11927015628920047,1183067.7712771308,1229.575497801458,1184297.3467749322,3510,7,1420.0879120879122,88,94,45,33.965412394979964,0.6440577651515151,38.56507490636705,9050.571731021897,102.84740603433974,0
3512,34.458623867356536,0,0,181,0.0,0.0,1.0,181,3850,2700,1150,0.7012987012987013,50,27,23,197.47173639063158,0.4118989154900757,0.744419348144493,0.12330237245057528,1152073.9081839668,5450.4070198861355,1157524.315203853,3511,8,1423.779005524862,73,108,41,36.306931591362755,0.6212899543378996,41.413288288288314,8910.542235970495,122.06222241055472,8
3513,34.054401900239455,1,0,182,0.005494505494505495,0.0,1.0,182,4100,3100,1000,0.7560975609756098,51,31,20,194.98664531317758,0.41292271264646957,0.7419724797347171,0.1221968099910877,1139707.872546666,3945.5629409788867,1143653.435487645,3512,0,1416.9505494505495,75,107,43,36.23825669280218,0.6216666666666666,41.28289473684213,8810.456281098195,117.4727504146426,0
3514,33.50258265177684,0,0,182,0.0,0.0,1.0,182,6300,4800,1500,0.7619047619047619,78,48,30,196.711840664398,0.41318643373201386,0.7441154594476906,0.12380072465710129,1122544.127956383,1463.544327462631,1124007.6722838455,3513,1,1417.9505494505495,77,105,41,36.0402479708351,0.6222943722943723,41.13247863247866,8672.730530476058,112.63286403215659,0
3515,33.1474159296252,0,1,181,0.0,0.005494505494505495,0.9945054945054945,182,5050,3900,1150,0.7722772277227723,62,39,23,198.81064934267613,0.4131940228280007,0.7468060372429615,0.12548857520712525,1111534.9879315125,2746.9985435539393,1114281.9864750665,3514,2,1418.9505494505495,79,103,44,35.88001952503061,0.6224947257383966,41.028645833333364,8584.231190420853,108.66115430912471,0
3516,33.34225910196188,1,0,182,0.005494505494505495,0.0,1.0,182,4200,2900,1300,0.6904761904761905,55,29,26,196.55541879609873,0.41370375710845325,0.7439199626774398,0.12448112655067921,1119091.4990872173,3392.699654848554,1122484.1987420658,3515,0,1406.2362637362637,83,99,39,35.81766819828011,0.6221134538152611,40.91021825396827,8638.638633646982,104.07998353791545,0
3517,33.5911785213892,0,0,182,0.0,0.0,1.0,182,4850,3500,1350,0.7216494845360825,62,35,27,198.4959338006372,0.41379292898629916,0.7465691493922444,0.12594039940240312,1128008.7238006752,3531.0289932162987,1131539.7527938916,3516,1,1407.2362637362637,84,98,41,35.70147853911511,0.6223958333333333,40.84558823529414,8705.302110193892,103.63454893087967,0
3518,33.39656320666939,0,0,182,0.0,0.0,1.0,182,5500,3800,1700,0.6909090909090909,72,38,34,198.1530546984623,0.4137195677250926,0.7475469479623404,0.12630023186730366,1122870.7965792345,2600.055674774314,1125470.8522540089,3517,2,1408.2362637362637,87,95,43,35.545763530682784,0.6229645593869733,40.684185606060616,8660.256985896174,99.54318374593304,0
3519,33.04798782275109,1,1,182,0.00546448087431694,0.00546448087431694,0.994535519125683,183,5700,4300,1400,0.7543859649122807,71,43,28,196.28905325977266,0.41439480373906606,0.7457243905070501,0.12582701619948355,1112865.0915613868,1388.6470456867005,1114253.7386070734,3518,0,1401.535519125683,73,110,44,35.39022383741949,0.6307077625570776,40.48423423423421,8576.473866838893,117.4859433813547,0
3520,33.24117187413412,0,1,181,0.0,0.005494505494505495,0.9945054945054945,182,4300,2900,1400,0.6744186046511628,57,29,28,196.96792847836474,0.4134387711735778,0.7462245286324458,0.12642366333879448,1119756.3707710514,3411.2185502448897,1123167.5893212962,3519,1,1410.2032967032967,72,110,44,35.32698827194425,0.6316550925925926,40.439497716894955,8628.095268129222,119.83465650179475,0
3521,33.61733441231669,0,0,181,0.0,0.0,1.0,181,5950,4500,1450,0.7563025210084033,74,45,29,194.95633610344643,0.4137916922447309,0.7425776011303238,0.12566316886585055,1133718.0185140106,2055.1022127898523,1135773.1207268005,3520,2,1411.7237569060774,74,107,42,35.228488154446744,0.6321790540540541,40.29166666666664,8730.701891332023,117.98245799097327,0
3522,33.13393026725711,1,0,182,0.005494505494505495,0.0,1.0,182,4250,3200,1050,0.7529411764705882,53,32,21,192.63028600976074,0.414198313196932,0.7409453147694562,0.12476340147769804,1118859.3321727773,2455.2386322261127,1121314.5708050034,3521,0,1404.9615384615386,78,104,46,35.11794527035025,0.6320779914529915,40.1239451476793,8610.715079606618,110.39378307187972,0
3523,33.546404341842624,0,0,182,0.0,0.0,1.0,182,5450,4300,1150,0.7889908256880734,66,43,23,193.12385238062976,0.4139858185092992,0.741547886747473,0.12550256906393953,1133801.16786765,1942.8098744510862,1135743.977742101,3522,1,1405.9615384615386,80,102,47,34.98664490280456,0.632421875,40.00771604938269,8721.806283166488,109.0225785395811,0
3524,33.08890381395555,0,0,182,0.0,0.0,1.0,182,5750,4500,1250,0.782608695652174,70,45,25,195.0610606693194,0.413950402728027,0.7450228369544141,0.1272331529880135,1119445.1762864476,1522.0326895172543,1120967.208975965,3523,2,1406.9615384615386,80,102,42,34.80516965771821,0.6337239583333334,39.879115226337426,8607.114936276676,107.58893670345844,0
3525,33.3577346066465,0,1,181,0.0,0.005494505494505495,0.9945054945054945,182,5000,3500,1500,0.7,65,35,30,194.73928382837386,0.41418566470362056,0.7443762443762445,0.12715329708793743,1128846.9948719481,2566.1710666348276,1131413.165938583,3524,3,1407.9615384615386,83,99,42,34.77748581915246,0.6329066265060241,39.84374999999998,8678.223143760322,104.55690534650991,0
3526,33.271276497240265,0,0,181,0.0,0.0,1.0,181,4900,3100,1800,0.6326530612244898,67,31,36,191.02034761651822,0.4138083179864948,0.7277916501031878,0.12080605635366304,1116281.5054319531,1546.4962411008905,1117828.001673054,3525,4,1416.3314917127072,83,98,37,36.0116269328355,0.6216114457831325,40.959821428571466,8618.597405144594,103.83852295354932,8
3527,33.51589555055293,1,1,181,0.005494505494505495,0.005494505494505495,0.9945054945054945,182,4450,3100,1350,0.6966292134831461,58,31,27,205.62167011638186,0.41495785522028616,0.7484215504944438,0.121180641707693,1102370.9736129437,4484.272136423075,1106855.2457493667,3526,0,1409.543956043956,76,106,38,38.24623749494523,0.598547149122807,43.52002164502164,8596.15616535353,113.10731796517803,8
3528,33.58468263754029,1,0,182,0.005494505494505495,0.0,1.0,182,5400,4000,1400,0.7407407407407407,68,40,28,204.04787530973783,0.41571170542165015,0.7460426347199893,0.12092623489258794,1106419.5045415354,3352.5098205906284,1109772.0143621261,3527,0,1410.2032967032967,80,102,39,38.075108550434194,0.5989583333333333,43.312757201646086,8620.759586487955,107.75949483109943,0
3529,33.46487740384297,3,1,184,0.016216216216216217,0.005405405405405406,0.9945945945945946,185,5350,3600,1750,0.6728971962616822,71,36,35,199.321468761838,0.4179715041128085,0.7460018613273356,0.11898854078158014,1104786.0465401392,1691.5154927930635,1106477.5620329324,3528,0,1388.3189189189188,86,99,38,37.921889318608955,0.5994428294573644,43.04358237547893,8599.015013935272,99.98854667366595,0
3530,33.13850404058327,2,1,185,0.010752688172043012,0.005376344086021506,0.9946236559139785,186,5950,4100,1850,0.6890756302521008,78,41,37,197.43579280674456,0.4192252736607575,0.7462682494593009,0.11838768761412474,1095404.444641239,104.40899435508527,1095508.853635594,3529,0,1381.8440860215053,90,96,41,37.80356824859766,0.5997685185185185,42.88003663003664,8520.570945050187,94.67301050055764,0
3531,33.27944993396176,1,0,186,0.005376344086021506,0.0,1.0,186,6450,4500,1950,0.6976744186046512,84,45,39,197.61802799088227,0.41985372469243437,0.7482587937886658,0.1189470887442456,1101254.4715777906,-124.45260213118218,1101130.0189756593,3530,0,1377.6720430107528,95,91,43,37.656981526002774,0.5996710526315789,42.74088541666667,8561.441823831388,90.12044025085672,0
3532,33.116212412139525,1,1,186,0.0053475935828877,0.0053475935828877,0.9946524064171123,187,5450,4000,1450,0.7339449541284404,69,40,29,207.98258114882051,0.42060308972073673,0.7649717476097377,0.12244282707646409,1088891.6440035924,2444.0989422497164,1091335.7429458422,3531,0,1371.2994652406417,70,117,42,38.22575185460648,0.6010416666666667,43.559272300469466,8492.345609621243,121.31922299458918,8
3533,32.9013920405899,2,0,188,0.010638297872340425,0.0,1.0,188,5500,4000,1500,0.7272727272727273,70,40,30,228.8148769662561,0.4218204810937915,0.7829968746711196,0.13583193933532878,1084434.3135858658,6526.940808226828,1090961.2543940926,3532,0,1364.9893617021276,72,116,39,37.37576187035696,0.6031539351851851,43.25057077625568,8447.413627088032,117.32518926511155,8
3534,32.749978741235545,1,3,186,0.005291005291005291,0.015873015873015872,0.9841269841269842,189,4950,3500,1450,0.7070707070707071,64,35,29,225.0440216325984,0.4228746857292957,0.7804397263286944,0.1342498986192006,1080967.2557604501,5903.043697896734,1086870.2994583468,3533,0,1358.7619047619048,74,115,36,37.28737589419246,0.6040259009009009,43.06944444444442,8414.470232418227,113.70905719484091,0
3535,32.26686407196519,1,0,187,0.0053475935828877,0.0,1.0,187,5850,4500,1350,0.7692307692307693,72,45,27,235.51348006503386,0.4219855097464205,0.7887147335423195,0.13817698396879188,1059908.7477853163,6674.559548458588,1066583.3073337749,3534,0,1374.197860962567,65,122,36,37.65034893267654,0.6025641025641026,43.6868686868687,8270.420967940598,127.23724566062458,8
3536,32.71558778462964,3,1,189,0.015789473684210527,0.005263157894736842,0.9947368421052631,190,5400,3900,1500,0.7222222222222222,69,39,30,230.81285301544986,0.4251119697391627,0.787612256485084,0.1363836604418225,1076865.5091558716,6310.88009644025,1083176.3892523118,3535,0,1353.4842105263158,69,121,38,37.50048331593397,0.6029589371980677,43.422619047619044,8394.079830097966,121.65333087098502,0
3537,33.06333530472457,5,2,192,0.02577319587628866,0.010309278350515464,0.9896907216494846,194,5200,3600,1600,0.6923076923076923,68,36,32,225.33859555555682,0.4276792550255506,0.7862328522336786,0.134643042277459,1091816.2636718706,5205.668692106607,1097021.9323639772,3536,0,1326.5309278350514,75,119,36,37.21888888888886,0.6041666666666667,43.00986842105261,8496.950890399965,113.2926785386662,0
3538,33.509409194710116,1,0,193,0.0051813471502590676,0.0,1.0,193,5750,4000,1750,0.6956521739130435,75,40,35,229.80211500419958,0.42711481721358663,0.7911259004400033,0.13803896228168605,1108223.7890586534,6584.434124729002,1114808.2231833823,3537,0,1334.3626943005181,77,116,38,36.90500917367674,0.6052489177489178,42.81517094017092,8618.111675637341,111.9235282550304,0
3539,33.501589249118375,2,1,194,0.010256410256410256,0.005128205128205128,0.9948717948717949,195,5750,4200,1550,0.7304347826086957,73,42,31,245.1035721817182,0.42813794166886954,0.8062449255444126,0.14269521045759534,1097982.0664017664,9073.865333307363,1107055.9317350737,3538,0,1321.6666666666667,68,127,40,37.70122059083671,0.5978860294117647,43.97644927536231,8577.195834477623,126.13523285996504,7
3540,33.90651545999904,1,1,194,0.005128205128205128,0.005128205128205128,0.9948717948717949,195,4800,3200,1600,0.6666666666666666,64,32,32,247.8599151076022,0.42828663318354043,0.8097340340818606,0.1450627593045478,1112968.3847087175,11372.049870269306,1124340.4345789868,3539,0,1322.6461538461538,71,124,41,37.428242047807245,0.5982981220657277,43.77893518518517,8687.563495320897,122.36004922987179,0
3541,33.89183979868177,4,2,196,0.020202020202020204,0.010101010101010102,0.98989898989899,198,6200,4700,1500,0.7580645161290323,77,47,30,246.85183470538163,0.4306874797039772,0.8105457259712929,0.1468177572490092,1117690.8292709265,9380.806367781486,1127071.635638708,3540,0,1303.5707070707072,63,135,42,36.840698079726224,0.6089616402116402,43.180338541666664,8704.090823297513,138.16017179837323,0
3542,34.09126933756777,1,1,196,0.005076142131979695,0.005076142131979695,0.9949238578680203,197,5150,3500,1650,0.6796116504854369,68,35,33,250.11312996330028,0.42998614420387443,0.8106616076159214,0.1495642944948328,1126015.620085055,11776.258225407944,1137791.878310463,3541,0,1311.1370558375634,64,133,39,36.55238080392399,0.6103515625,42.98076923076923,8762.111821088343,136.90799720450536,0
3543,33.77768777269587,1,3,194,0.005076142131979695,0.015228426395939087,0.9847715736040609,197,5050,3800,1250,0.7524752475247525,63,38,25,249.169043787392,0.4304792983183121,0.8109497620884414,0.14966428185660985,1117078.9876423704,11218.300637167364,1128297.2882795378,3542,0,1312.1065989847716,66,131,40,36.408964051102224,0.6107954545454546,42.81716417910447,8687.041528854705,131.62184134628342,0
3544,33.560561880885224,1,0,195,0.005128205128205128,0.0,1.0,195,5050,3600,1450,0.7128712871287128,65,36,29,252.6153682912282,0.43048947043792407,0.811352620796481,0.15250652686613408,1111504.2165281868,12106.60940310414,1123610.8259312909,3543,0,1314.871794871795,53,142,41,36.12964073352318,0.622248427672956,42.63117283950616,8637.442450130597,162.97061226661503,0
3545,33.00286706631482,0,2,193,0.0,0.010256410256410256,0.9897435897435898,195,4750,3600,1150,0.7578947368421053,59,36,23,246.80685569043007,0.43072407260551593,0.8062705881090593,0.14956537180428503,1094209.228621814,10261.667836720164,1104470.896458534,3544,1,1315.871794871795,57,138,41,36.13736225414982,0.6202485380116959,42.49281609195402,8498.475359138318,149.0960589322512,0
3546,33.13702869854785,2,0,195,0.010256410256410256,0.0,1.0,195,5350,3800,1550,0.7102803738317757,69,38,31,243.80065443728594,0.43185082386113316,0.8034194828312482,0.14888408897189606,1101045.3483037304,9337.115296315775,1110382.4636000462,3545,0,1313.702564102564,60,135,41,35.92825362126833,0.6208333333333333,42.21311475409836,8542.291414502708,142.37152357504513,0
3547,32.81074763890241,0,1,194,0.0,0.005128205128205128,0.9948717948717949,195,5650,4000,1650,0.7079646017699115,73,40,33,247.37311032842825,0.4320589919816724,0.8013845680327671,0.14544249646345703,1078438.106076429,8705.317719365143,1087143.4237957941,3546,1,1314.702564102564,65,130,31,37.26550477069868,0.6033653846153846,43.60795454545455,8412.414700031091,129.42176461586294,8
3548,33.20547828840399,1,0,195,0.005128205128205128,0.0,1.0,195,6000,4200,1800,0.7,78,42,36,246.59863311584525,0.4318970834434752,0.802051282051282,0.14560337018881436,1092756.3906119585,8894.44645070262,1101650.837062661,3547,0,1315.6923076923076,65,130,35,37.12364144365835,0.6049679487179487,43.450126262626256,8518.861262279137,131.05940403506364,0
3549,33.50564633482773,0,0,195,0.0,0.0,1.0,195,5300,3700,1600,0.6981132075471698,69,37,32,247.84301459591165,0.4321845537051723,0.8026450647018648,0.14712272772190818,1104339.9423394843,10440.588089618625,1114780.530429103,3548,1,1316.6923076923076,68,127,35,36.88848709354972,0.6052389705882353,43.2518115942029,8602.513997832355,126.50755879165229,0
3550,32.957983768592015,4,0,199,0.020100502512562814,0.0,1.0,199,5400,3900,1500,0.7222222222222222,69,39,30,240.00171993821974,0.4342503764614318,0.8017145743642002,0.144047097552171,1089730.8666424034,7107.456452788573,1096838.323095192,3549,0,1291.2060301507538,75,124,36,36.673639981522946,0.6058333333333333,42.845394736842096,8475.29730628182,113.0039640837576,0
3551,32.576972691791276,4,2,201,0.019704433497536946,0.009852216748768473,0.9901477832512315,203,5200,3500,1700,0.6730769230769231,69,35,34,233.3889414084458,0.43594433334959115,0.80111038967701,0.14113354301435546,1079437.4222767062,4585.751460364508,1084023.1737370708,3550,0,1266.743842364532,67,136,38,36.562345036199545,0.6127176616915423,42.57046568627452,8386.274909398797,125.16828222983278,0
3552,32.64091768490498,1,1,201,0.0049504950495049506,0.0049504950495049506,0.995049504950495,202,6000,4000,2000,0.6666666666666666,80,40,40,214.5453784504589,0.4355896877001133,0.7878638449109985,0.12381115416008648,1067009.5429020128,-615.6067615671436,1066393.9361404458,3551,0,1273.6782178217823,70,132,40,38.82174757095859,0.593452380952381,44.307511737089214,8346.037462038237,119.22910660054625,8
3553,32.74797253979986,1,1,201,0.0049504950495049506,0.0049504950495049506,0.995049504950495,202,5450,3800,1650,0.6972477064220184,71,38,33,213.2278645221106,0.4357359243387025,0.7864613310460211,0.12354919908941693,1071785.7422406995,-143.0829913541338,1071642.6592493453,3552,0,1274.6683168316831,71,131,47,38.69976626705875,0.5944835680751174,44.155092592592595,8378.402002225419,118.00566200317492,0
3554,32.96691758210952,3,1,203,0.014705882352941176,0.004901960784313725,0.9950980392156863,204,5700,4400,1300,0.7719298245614035,70,44,26,213.5606651553254,0.4368067629350591,0.7884115383371602,0.12442884366352892,1080706.688390034,-340.712157923047,1080365.976232111,3553,0,1263.1470588235295,73,131,40,38.47878871174638,0.5956050228310502,43.947072072072075,8441.275771657834,115.6339146802443,0
3555,32.957417533192725,1,2,202,0.004901960784313725,0.00980392156862745,0.9901960784313726,204,4900,3000,1900,0.6122448979591837,68,30,38,224.5919258865805,0.43729474548440067,0.7978975077815449,0.12583508511069444,1067874.9429268152,2267.218007591178,1070142.1609344063,3554,0,1264.1421568627452,67,137,39,39.71772575921689,0.5836442786069651,45.435049019607845,8389.803378777531,125.22094595190345,8
3556,32.87230614713823,2,0,204,0.00980392156862745,0.0,1.0,204,5400,3200,2200,0.5925925925925926,76,32,44,222.76136969103482,0.43833309185743263,0.7971445347937642,0.12572705950360713,1067475.7389494667,1358.4715440664963,1068834.2104935332,3555,0,1265.0882352941176,71,133,35,39.47635774434669,0.5843603286384976,45.15335648148148,8377.39688631134,117.99150544100479,0
3557,33.270708468849726,2,2,204,0.009708737864077669,0.009708737864077669,0.9902912621359223,206,6450,4600,1850,0.7131782945736435,83,46,37,222.64663908615915,0.4398102652143026,0.7983223152947649,0.12639584317827873,1082303.1581137893,544.2321252742331,1082847.3902390634,3556,0,1253.7961165048544,74,132,38,39.25152010164262,0.5851632882882882,44.93055555555556,8486.341125422578,114.68028547868349,0
3558,33.110242535632146,5,3,206,0.023923444976076555,0.014354066985645933,0.9856459330143541,209,5050,3100,1950,0.6138613861386139,70,31,39,218.70252200975105,0.4420268602012023,0.7993578299155681,0.12581895420772385,1081358.0164988507,449.1450807523106,1081807.1615796029,3557,0,1236.6937799043062,70,139,44,38.835390355912764,0.5922619047619048,44.424882629108,8462.154122222924,120.88791603175606,0
3559,32.871971210125366,1,0,207,0.004830917874396135,0.0,1.0,207,7050,5200,1850,0.7375886524822695,89,52,37,216.71324256107476,0.441397761205697,0.7943479891974261,0.12522924722660594,1074986.0561812336,-1857.2572114045574,1073128.798969829,3558,0,1248.9227053140096,75,132,41,38.714840470193124,0.5915277777777778,44.257127192982466,8406.772352107058,112.09029802809411,0
3560,33.196628111029895,2,1,208,0.009569377990430622,0.004784688995215311,0.9952153110047847,209,5900,4300,1600,0.7288135593220338,75,43,32,220.73927356593765,0.44247350785179734,0.8006622496723181,0.12855447608767248,1088095.8321117903,337.0967100964708,1088432.928821887,3559,0,1237.9617224880383,77,132,38,38.31194797969263,0.5936147186147186,43.96367521367523,8499.542656846534,110.3836708681368,0
3561,33.522039529973824,3,2,209,0.014218009478672985,0.009478672985781991,0.990521327014218,211,5300,3600,1700,0.6792452830188679,70,36,34,218.9915696630693,0.4431947265478071,0.8025402914731956,0.12832151669044162,1100734.3143354873,710.3070556663233,1101444.6213911537,3560,0,1227.2132701421801,64,147,41,38.121964438329904,0.6027018229166667,43.73397435897437,8590.559841727772,134.22749752699644,0
3562,33.06679171367063,2,0,211,0.009478672985781991,0.0,1.0,211,6150,4600,1550,0.7479674796747967,77,46,31,219.5655134548332,0.4434072444143535,0.8029004061590992,0.12973468201020827,1088418.1918585051,-554.1801702011735,1087864.011688304,3561,0,1228.175355450237,66,145,43,37.789972530247056,0.6046401515151515,43.42350746268657,8484.161437355519,128.5479005659927,0
3563,33.03945866804286,3,1,213,0.014018691588785047,0.004672897196261682,0.9953271028037384,214,6150,4400,1750,0.7154471544715447,79,44,35,228.07163681799182,0.4457575541514926,0.8037192447072283,0.12994779307071674,1075951.3381886282,128.79656743798296,1076080.1347560661,3562,0,1211.943925233645,72,142,43,38.97108843537414,0.5875289351851851,44.79166666666668,8431.945180906801,117.11034973481668,8
3564,33.36414921042131,3,2,214,0.013888888888888888,0.009259259259259259,0.9907407407407407,216,6200,4100,2100,0.6612903225806451,83,41,42,229.98972062763292,0.44736353359173125,0.8120442160033099,0.12558964744415033,1072578.6685959513,-63.58633169206223,1072515.0822642592,3563,0,1200.5601851851852,70,146,41,40.603121564543166,0.571875,46.434859154929555,8459.985193716371,120.8569313388053,8
3565,33.47725526714492,5,0,219,0.0228310502283105,0.0,1.0,219,7050,4800,2250,0.6808510638297872,93,48,45,260.7843443758838,0.44996282099618784,0.8392340210881362,0.13935304393301648,1068953.8976815061,4903.288274983451,1073857.1859564895,3564,0,1182.7625570776256,64,155,37,40.701428964001124,0.5665690104166667,47.29166666666667,8459.981383134756,132.18720911148057,8
3566,33.16047910112024,8,0,227,0.03524229074889868,0.0,1.0,227,6600,4600,2000,0.696969696969697,86,46,40,230.9206883071171,0.453295355606669,0.820206602480924,0.12325180014044967,1058451.0726857162,-3116.3499512013423,1055334.7227345149,3565,0,1142.044052863436,71,156,42,41.50347381279584,0.562206572769953,47.33796296296298,8378.394198813183,118.00555209596033,8
3567,33.58740230608262,12,3,236,0.0502092050209205,0.012552301255230125,0.9874476987447699,239,7250,5000,2250,0.6896551724137931,95,50,45,210.58244016345864,0.45790554715610093,0.8148309600834551,0.11524979853280878,1080503.8469237005,-9542.972661760821,1070960.8742619397,3566,0,1085.652719665272,72,167,46,41.00554586708669,0.5717592592592593,46.34703196347031,8519.544283574813,118.32700393853906,0
3568,33.749549267223,9,5,240,0.036734693877551024,0.02040816326530612,0.9795918367346939,245,6650,4700,1950,0.706766917293233,86,47,39,198.27268296529263,0.4600855916136946,0.8091425639945138,0.11035651954426676,1091346.5346920458,-12373.158904346972,1078973.375787699,3567,0,1060.0122448979591,72,173,43,40.648379343882056,0.5784143518518519,45.69063926940637,8582.826299093094,119.20592082073742,0
3569,33.655961127523234,4,2,242,0.01639344262295082,0.00819672131147541,0.9918032786885246,244,8150,5800,2350,0.7116564417177914,105,58,47,197.91552409868711,0.46040500123681666,0.8100140896022536,0.11075551195383337,1090111.669094235,-13799.995537024042,1076311.673557211,3568,0,1065.3360655737704,73,171,45,40.44410108216726,0.5800513698630136,45.48141891891891,8566.067471097223,117.34339001503047,0
3570,33.51305520931414,6,7,241,0.024193548387096774,0.028225806451612902,0.9717741935483871,248,6900,4500,2400,0.6521739130434783,93,45,48,204.05270559008073,0.4616619188324409,0.8178217305941577,0.11652796255153959,1092116.8736018974,-11930.119424190372,1080186.754177707,3569,0,1048.5524193548388,71,177,39,39.495494729683784,0.5889084507042254,44.70486111111112,8555.720084252878,120.50309977820955,8
3571,33.801160044564085,3,5,239,0.012295081967213115,0.020491803278688523,0.9795081967213115,244,8150,6100,2050,0.7484662576687117,102,61,41,201.41426716687187,0.46040535260518567,0.8129830033393703,0.11578450304456649,1103672.8683297064,-12490.907606682402,1091181.9607230239,3570,0,1066.6475409836066,73,171,43,39.30676434945466,0.5904680365296804,44.45382882882885,8637.757030532373,118.32543877441607,0
3572,33.94290046079889,1,3,237,0.004166666666666667,0.0125,0.9875,240,6900,4700,2200,0.6811594202898551,91,47,44,237.51501956454115,0.4595762145513715,0.8283808754933628,0.13340474798999843,1100628.4218982998,-2616.8437679074514,1098011.5781303924,3571,0,1084.8583333333333,75,165,36,39.291352709006105,0.5805555555555555,45.33991228070173,8643.902008794397,115.2520267839253,8
3573,33.35801570568931,4,3,238,0.016597510373443983,0.012448132780082987,0.9875518672199171,241,7950,5900,2050,0.7421383647798742,100,59,41,232.60047761919893,0.45986197556477637,0.8257881461235683,0.13191206747692094,1084811.839366315,-5684.449607287083,1079127.3897590279,3572,0,1081.2904564315352,81,160,34,39.03749086803475,0.5817901234567902,44.96951219512192,8507.311017624657,105.0285310817859,0
3574,32.800579177367005,2,4,236,0.008333333333333333,0.016666666666666666,0.9833333333333333,240,6400,4300,2100,0.671875,85,43,42,229.02530221177418,0.45987622036262205,0.8244998866598672,0.1307890123892872,1068898.8443393742,-5439.02382827165,1063459.8205111027,3573,0,1086.6958333333334,71,169,39,38.857956477388676,0.5889084507042254,44.70486111111112,8373.828416721924,117.9412453059426,0
3575,32.27803836319833,2,2,236,0.008403361344537815,0.008403361344537815,0.9915966386554622,238,5500,3600,1900,0.6545454545454545,74,36,38,229.10828076069848,0.45867091562363344,0.8238027662061627,0.13162149450054023,1053742.7962699865,-4815.759916522339,1048927.0363534642,3574,0,1096.7226890756303,72,166,39,38.623513151281635,0.5907118055555556,44.47773972602741,8247.757319774464,114.55218499686755,0
3576,32.34090448349062,5,5,236,0.02074688796680498,0.02074688796680498,0.979253112033195,241,7600,5600,2000,0.7368421052631579,96,56,40,229.7774527298674,0.4591048582295989,0.8277338363649207,0.13388366245727046,1060199.5791391365,-7078.008264025998,1053121.5708751106,3575,0,1083.9253112033196,79,162,33,38.061753114670765,0.5929588607594937,43.94531250000003,8281.040190987611,104.8232935568052,0
3577,32.275060505684,2,3,235,0.008403361344537815,0.012605042016806723,0.9873949579831933,238,7050,4600,2450,0.6524822695035462,95,46,49,232.18425843996613,0.45858374995567847,0.8275343348213642,0.1358567393537381,1059344.429279901,-5457.379851027323,1053887.0494288737,3576,0,1097.626050420168,82,156,37,37.838803167605526,0.5933689024390244,43.78765060240965,8269.269079110705,100.84474486720372,0
3578,32.49340123532954,2,3,234,0.008438818565400843,0.012658227848101266,0.9873417721518988,237,7250,5300,1950,0.7310344827586207,92,53,39,230.8714228759997,0.45775450547092894,0.8274565349933916,0.13625444912561901,1069179.8636599632,-5281.384713291771,1063898.4789466716,3577,0,1103.181434599156,69,168,40,37.54465407892955,0.602506038647343,43.46726190476188,8335.621188926216,120.80610418733646,0
3579,32.68019999312598,2,1,235,0.00847457627118644,0.00423728813559322,0.9957627118644068,236,6600,4500,2100,0.6818181818181818,87,45,42,230.31586399769336,0.45738632948671715,0.8271429459537369,0.13677569824338212,1077263.5264383778,-4177.82403102886,1073085.702407349,3578,0,1108.7330508474577,72,164,40,37.32262606053868,0.6032986111111112,43.236301369863,8391.08902220757,116.54290308621626,0
3580,32.815101255398844,2,3,234,0.008438818565400843,0.012658227848101266,0.9873417721518988,237,7650,5700,1950,0.7450980392156863,96,57,39,227.28557147145983,0.457329882714725,0.8246585638076334,0.13589725027980645,1083826.860065664,-5782.358546771701,1078044.5015188921,3579,0,1104.9957805907172,78,159,38,37.143657226896494,0.6030982905982907,42.985232067510545,8433.965633837466,108.12776453637777,0
3581,32.34826236051092,1,6,229,0.00425531914893617,0.02553191489361702,0.9744680851063829,235,8450,6700,1750,0.7928994082840237,102,67,35,241.13813466147658,0.45702476207795356,0.8369081149226325,0.14343503310702932,1066819.7855975393,-3999.813376210621,1062819.9722213286,3580,0,1115.1744680851064,68,167,41,36.9833303942315,0.6060049019607843,43.17632850241546,8307.799505993535,122.17352214696375,8
3582,31.852065314383186,3,1,231,0.01293103448275862,0.004310344827586207,0.9956896551724138,232,5950,3800,2150,0.6386554621848739,81,38,43,239.74188675115437,0.45557561451958,0.8343726758667909,0.14379590373719126,1052965.2847047104,-1862.023192285239,1051103.261512425,3581,0,1130.3060344827586,70,162,40,36.70522842253413,0.6080357142857142,42.86971830985915,8190.130526700109,117.00186466714442,0
3583,31.92294091469624,0,0,231,0.0,0.0,1.0,231,5900,3300,2600,0.559322033898305,85,33,52,238.6279578604997,0.45544576196750114,0.8338581694647558,0.14359756784494074,1056295.7110776273,-1687.6623137484721,1054608.0487638789,3582,1,1130.4805194805194,75,156,42,36.610734455751505,0.6068055555555556,42.74945175438595,8212.194051917917,109.4959206922389,0
3584,31.438183313789803,0,1,230,0.0,0.004329004329004329,0.9956709956709957,231,6850,4900,1950,0.7153284671532847,88,49,39,225.418296429414,0.4554575255662212,0.819361858086233,0.13555977004453718,1040061.6290617296,-6160.215879061037,1033901.4131826686,3583,2,1131.4805194805194,79,152,36,36.97508014848559,0.6048259493670887,42.77343749999998,8086.735825050958,102.3637446208982,8
3585,31.08201281798205,1,2,229,0.004329004329004329,0.008658008658008658,0.9913419913419913,231,5400,3700,1700,0.6851851851851852,71,37,34,225.24548797330655,0.45541203965117005,0.8187456034120077,0.1360727496276086,1029609.1654779392,-5217.036220026915,1024392.1292579123,3584,0,1132.3982683982683,71,160,37,36.80940035223801,0.6101819248826291,42.60706018518516,8000.290654582109,112.68015006453675,0
3586,31.406603361169523,0,2,227,0.0,0.008733624454148471,0.9912663755458515,229,5850,4000,1850,0.6837606837606838,77,40,37,228.16173526986665,0.45478290431318474,0.8202923541284024,0.13821724180847741,1041180.2466561273,-4138.501638846356,1037041.7450172809,3585,1,1143.061135371179,71,158,38,36.630754391879194,0.6112089201877935,42.50578703703702,8087.018614324251,113.90167062428522,0
3587,31.693834718435188,1,2,226,0.0043859649122807015,0.008771929824561403,0.9912280701754386,228,6400,4100,2300,0.640625,87,41,46,222.03038292098034,0.45464173235953315,0.815166329819196,0.13526489917252488,1052381.6107508633,-5267.861597197759,1047113.7491536656,3586,0,1148.9035087719299,73,155,40,36.57839214508114,0.6123002283105023,42.3001126126126,8167.497637815189,111.88352928513957,0
3588,32.1653830889724,1,3,224,0.004405286343612335,0.013215859030837005,0.986784140969163,227,5600,3600,2000,0.6428571428571429,76,36,40,238.44657859075687,0.4541855093368679,0.8252481944214158,0.1445423503056546,1066533.0183501814,-137.77016406545226,1066395.2481861159,3587,0,1154.6211453744493,68,159,37,36.34145269081952,0.6130514705882353,42.481884057971,8283.168851625749,121.81130664155513,7
3589,31.799731073093344,0,1,223,0.0,0.004464285714285714,0.9955357142857143,224,5850,4100,1750,0.7008547008547008,76,41,35,239.11269646822922,0.45344447336109334,0.8235687942945025,0.14521278491500145,1054957.3598437144,-199.26020575320217,1054758.0996379612,3588,1,1170.9732142857142,70,154,39,36.255719466119885,0.6126488095238095,42.41490610328638,8191.136714352974,117.01623877647106,0
3590,31.80741022538543,3,1,225,0.01327433628318584,0.004424778761061947,0.995575221238938,226,6850,5100,1750,0.7445255474452555,86,51,35,230.9406983450646,0.4536295476892822,0.8191608692942718,0.14134990487748883,1057537.8844907866,-3204.292485866975,1054333.5920049197,3589,0,1161.4778761061948,73,153,39,36.175953472715044,0.6140125570776256,42.131193693693696,8202.138906515147,112.35806721253626,0
3591,31.742298552873304,0,3,222,0.0,0.013333333333333334,0.9866666666666667,225,6650,4900,1750,0.7368421052631579,84,49,35,227.3855712043236,0.45342344576719573,0.8161760400434426,0.13969667076860928,1056483.0996588217,-3604.1973832729736,1052878.9022755488,3590,1,1167.5644444444445,75,150,36,36.12896656750247,0.6144444444444445,41.99561403508772,8189.652247249004,109.19536329665338,0
3592,32.15331336489643,0,1,221,0.0,0.0045045045045045045,0.9954954954954955,222,6100,4400,1700,0.7213114754098361,78,44,34,235.57934313607464,0.45256342315165843,0.8181556835586781,0.14528164206368133,1071300.281464771,-24.75667820741546,1071275.5247865636,3591,2,1183.7882882882882,75,147,36,35.777273370854154,0.6158333333333333,41.858552631578945,8300.102849704755,110.6680379960634,0
3593,31.80060255609192,1,1,221,0.0045045045045045045,0.0045045045045045045,0.9954954954954955,222,6150,4600,1550,0.7479674796747967,77,46,31,216.35695734459225,0.4524508954656013,0.8078990480989803,0.1314830028149426,1055189.9168121654,-4890.464035565106,1050299.4527766004,3592,0,1184.6306306306305,71,151,40,36.81647571979484,0.6123826291079812,42.390046296296305,8192.151752224741,115.3824190454189,8
3594,31.32965073292046,1,1,221,0.0045045045045045045,0.0045045045045045045,0.9954954954954955,222,5550,3600,1950,0.6486486486486487,75,36,39,214.84886405928123,0.45233242292065823,0.8064078378522046,0.13134618075460347,1041309.1244002726,-5205.1834976072705,1036103.9409026654,3593,0,1185.563063063063,75,147,43,36.63442710825225,0.612638888888889,42.17379385964913,8077.604988171166,107.70139984228221,0
3595,31.101681066855217,2,2,221,0.008968609865470852,0.008968609865470852,0.9910313901345291,223,6850,4600,2250,0.6715328467153284,91,46,45,215.06160913694947,0.4527338437091801,0.8088371853433813,0.13244998910709652,1035872.1258543592,-6894.73475072976,1028977.3911036295,3594,0,1181.0762331838564,77,146,41,36.35646279623304,0.614448051948052,41.907051282051285,8027.124576629868,104.24837112506322,0
3596,31.33485974222487,0,2,219,0.0,0.00904977375565611,0.9909502262443439,221,6800,4700,2100,0.6911764705882353,89,47,42,218.9710032725113,0.451890511449335,0.8102335859942198,0.13551295548495074,1045049.7300870024,-5232.882426636259,1039816.8476603661,3595,1,1192.7058823529412,78,143,42,36.077287656779184,0.6157852564102564,41.73259493670887,8092.77291364663,103.75349889290551,0
3597,31.544794935167474,1,0,220,0.004545454545454545,0.0,1.0,220,6500,4700,1800,0.7230769230769231,83,47,36,219.92811815928815,0.45165179189151794,0.810482788946139,0.13672169751105204,1053372.18032774,-4166.767731834585,1049205.4125959054,3596,0,1198.6818181818182,64,156,42,35.88692174128736,0.6246744791666667,41.57051282051283,8152.1051782774375,127.37664341058496,0
3598,31.764171774976564,0,0,220,0.0,0.0,1.0,220,6300,4700,1600,0.746031746031746,79,47,32,220.47007611422148,0.45173135464231357,0.8102274807889704,0.13772025151092365,1062111.459327616,-3467.241144050615,1058644.2181835654,3597,1,1199.6818181818182,65,155,46,35.696966229274764,0.625801282051282,41.398358585858595,8214.2669591697,126.37333783337999,0
3599,32.15059128793844,1,0,221,0.004524886877828055,0.0,1.0,221,7450,4800,2650,0.6442953020134228,101,48,53,239.96972966224564,0.451667695050048,0.827954141284196,0.14223278728960492,1059213.147858589,-814.181450735708,1058398.9664078532,3598,0,1195.2488687782804,65,156,36,37.14825176258403,0.6064102564102565,43.3080808080808,8252.796980855903,126.96610739778312,7
3600,32.372838755081546,0,0,221,0.0,0.0,1.0,221,5650,3900,1750,0.6902654867256637,74,39,35,241.65333865119769,0.45150486768133824,0.8287190643079139,0.1437147294248785,1067573.0761166953,1746.5196195456656,1069319.595736241,3599,1,1196.2488687782804,67,154,40,36.97714733074857,0.6064987562189055,43.18321078431372,8313.888506877169,124.0878881623458,0
3601,32.64412816810374,3,2,222,0.013392857142857142,0.008928571428571428,0.9910714285714286,224,6200,4300,1900,0.6935483870967742,81,43,38,237.93780482738157,0.4525694666880205,0.8276936545078026,0.1424862001430405,1078656.7539760342,330.6440406571146,1078987.3980166914,3600,0,1181.2142857142858,70,154,34,36.811698626488585,0.6074404761904761,42.92840375586853,8391.87813617241,119.88397337389158,0
3602,32.15858835908664,1,1,222,0.004484304932735426,0.004484304932735426,0.9955156950672646,223,6600,4700,1900,0.7121212121212122,85,47,38,238.06003806415615,0.4522515789331933,0.8281513744302611,0.14325147170307653,1064083.83742137,-536.8322320032912,1063547.0051893666,3601,0,1187.4708520179372,73,150,37,36.626481988144064,0.6077340182648402,42.75056306306305,8272.778748061737,113.32573627481831,0
3603,32.366636994120334,0,1,221,0.0,0.0045045045045045045,0.9954954954954955,222,5700,4300,1400,0.7543859649122807,71,43,28,240.62200883173614,0.45226618020735665,0.8289883807925731,0.14557052187589306,1072599.7782327647,1518.2226621685109,1074118.0008949332,3602,1,1193.7072072072071,60,162,38,36.3599429556912,0.6173611111111111,42.55464480874317,8332.640357297783,138.87733928829638,0
3604,32.72985557562094,1,0,222,0.0045045045045045045,0.0,1.0,222,6600,4600,2000,0.696969696969697,86,46,40,240.58740336153025,0.45273412552824316,0.8283192231458294,0.14643364792835006,1086496.6135304635,1279.4798020781377,1087776.0933325416,3603,0,1194.454954954955,63,159,38,36.134864611626966,0.6175595238095238,42.333984375,8433.37147815194,133.86303933574507,0
3605,32.651946133373556,2,0,224,0.008928571428571428,0.0,1.0,224,6400,5000,1400,0.78125,78,50,28,237.15107009551323,0.4530933029041213,0.8263234350645443,0.14533059112724242,1085993.981704258,308.926975690144,1086302.908679948,3604,0,1184.78125,66,158,42,35.96999517752725,0.6182133838383839,42.08644278606963,8421.37957721597,127.59666026084803,0
3606,32.96905577830123,1,2,223,0.0044444444444444444,0.008888888888888889,0.9911111111111112,225,5950,3600,2350,0.6050420168067226,83,36,47,235.37191707498806,0.4533093584656085,0.8258879392212728,0.14493954893565017,1098026.7736111807,738.9333409052197,1098765.706952086,3605,0,1180.5111111111112,67,158,35,35.83709243431464,0.6194029850746269,41.91176470588234,8508.925425135074,126.99888694231454,0
3607,32.92599448661015,1,1,223,0.004464285714285714,0.004464285714285714,0.9955357142857143,224,6100,4500,1600,0.7377049180327869,77,45,32,232.66480878307783,0.4536446655455904,0.8240663947381413,0.14389398045693247,1097917.0907512486,189.3339958624465,1098106.424747111,3606,0,1186.7723214285713,69,155,39,35.74752218508699,0.619867149758454,41.75595238095237,8502.942088104634,123.23104475513962,0
3608,33.24260584549887,1,1,223,0.004464285714285714,0.004464285714285714,0.9955357142857143,224,5900,4000,1900,0.6779661016949152,78,40,38,214.83004064935545,0.45333395059256887,0.8117841286423149,0.12954082293643832,1100601.0805278888,-3411.5650262937806,1097189.515501595,3607,0,1187.7544642857142,61,163,44,37.14661138678506,0.6154371584699454,42.6747311827957,8554.162485377376,140.2321718914324,8
3609,33.07698198651234,1,2,222,0.004464285714285714,0.008928571428571428,0.9910714285714286,224,6350,4500,1850,0.7086614173228346,82,45,37,200.5612683466965,0.45324177877428995,0.794276427829294,0.1212450880745793,1095910.039127874,-7190.578511727399,1088719.4606161464,3608,0,1188.1160714285713,73,151,40,37.41882894952699,0.6094463470319635,42.58164414414413,8514.62231964173,116.63866191290042,8
3610,32.73929032655934,2,3,221,0.008928571428571428,0.013392857142857142,0.9866071428571429,224,6750,4600,2150,0.6814814814814815,89,46,43,202.21544880730738,0.45347658752402303,0.7949943082960056,0.12312234410656266,1086918.9482721176,-7591.639411597798,1079327.30886052,3609,0,1188.8794642857142,77,147,40,37.11038049581063,0.610254329004329,42.321047008546984,8436.226053030958,109.56137731209036,0
3611,32.50061872955675,1,0,222,0.0045045045045045045,0.0,1.0,222,6600,4700,1900,0.7121212121212122,85,47,38,198.39941316653983,0.4530530247442012,0.7894734003683439,0.12117960500720348,1079952.319259794,-8147.618722203182,1071804.7005375908,3610,0,1197.4954954954956,80,142,41,37.092187967674334,0.61015625,42.206790123456756,8378.438825266045,104.73048531582556,0
3612,32.81533007511286,1,2,221,0.004484304932735426,0.008968609865470852,0.9910313901345291,223,6400,4000,2400,0.625,88,40,48,204.73287632044895,0.4529291062362811,0.7968751227097464,0.12570158320319944,1092006.814500223,-6286.060781168192,1085720.7537190546,3611,0,1193.1210762331839,82,141,33,36.736334079263116,0.6112804878048781,42.0180722891566,8465.76211124516,103.24100135664828,0
3613,32.48524119092926,1,0,222,0.0045045045045045045,0.0,1.0,222,7200,5500,1700,0.7638888888888888,89,55,34,207.48461616507967,0.45311332259861675,0.8003236886130765,0.1280349481454104,1082546.7343390058,-6677.641268982601,1075869.0930700232,3612,0,1196.1891891891892,85,137,37,36.47973945137778,0.6120098039215687,41.83624031007749,8386.512000284161,98.6648470621666,0
3614,32.435641491662885,0,1,221,0.0,0.0045045045045045045,0.9954954954954955,222,5450,3500,1950,0.6422018348623854,74,35,39,213.0533266553841,0.4531443207913796,0.80577010051353,0.13196093643228785,1082013.330921563,-3744.6920723378416,1078268.6388492254,3613,1,1197.1891891891892,86,136,37,36.19947387938626,0.6130087209302326,41.70258620689654,8378.042312016774,97.41909665135785,0
3615,32.31382551575301,1,1,221,0.0045045045045045045,0.0045045045045045045,0.9954954954954955,222,5050,3500,1550,0.693069306930693,66,35,31,199.34856281805338,0.45287510361039773,0.7902178526267887,0.12036911754908272,1070264.4477449232,-6778.864101358386,1063485.5836435647,3614,0,1198.0045045045044,74,148,37,37.49426636447035,0.6085304054054055,42.625,8316.770842116935,112.38879516374237,8
3616,32.73332861809224,0,0,221,0.0,0.0,1.0,221,5650,3700,1950,0.6548672566371682,76,37,39,199.57224908260645,0.45235756890168655,0.7896156423407636,0.12086280693958198,1085073.507661906,-6539.887931192229,1078533.6197307138,3615,1,1204.3619909502263,75,146,39,37.37779019837468,0.6091666666666666,42.51644736842104,8428.293742043294,112.37724989391059,0
3617,32.482084073334796,0,0,221,0.0,0.0,1.0,221,5350,3800,1550,0.7102803738317757,69,38,31,197.13579238282733,0.45221959413135887,0.7871055101149929,0.11973405495251714,1077629.5209314483,-7062.130099210479,1070567.390832238,3616,2,1205.3619909502263,76,145,40,37.33270749085311,0.6097861842105263,42.410714285714285,8367.036834961678,110.0925899337063,0
3618,32.79398900242652,1,1,221,0.0045045045045045045,0.0045045045045045045,0.9954954954954955,222,5650,3800,1850,0.672566371681416,75,38,37,192.81870927418177,0.452626693435517,0.7838534199552691,0.11758020737440353,1089203.285836781,-8046.245657551058,1081157.0401792298,3617,0,1200.9279279279278,79,143,41,37.29602404769121,0.6099683544303798,42.265624999999986,8452.138259297239,106.98909188983846,0
3619,32.91095262736671,0,0,221,0.0,0.0,1.0,221,6250,4500,1750,0.72,80,45,35,196.20675481424874,0.4522093102975456,0.7878786494109427,0.12011977678813548,1094303.3056832918,-7508.059921875451,1086795.2457614164,3618,1,1207.3303167420815,79,142,47,37.06266304805182,0.611418776371308,42.12239583333332,8486.997614387963,107.43034954921472,0
3620,33.18053449263008,1,2,220,0.0045045045045045045,0.009009009009009009,0.990990990990991,222,6900,5100,1800,0.7391304347826086,87,51,36,193.76314699485187,0.4523060956884486,0.7863843379013613,0.11935787185898071,1105174.9706684875,-8471.563940666509,1096703.4067278209,3619,0,1202.8873873873874,84,138,41,36.89847348179097,0.6117311507936508,41.899509803921546,8563.912217515652,101.95133592280538,0
3621,33.10588347383014,2,1,221,0.009009009009009009,0.0045045045045045045,0.9954954954954955,222,7200,5200,2000,0.7222222222222222,92,52,40,195.07049469274185,0.4524126785156197,0.7895539396317002,0.12099388561488725,1104806.2297972136,-8496.980442766886,1096309.2493544468,3620,0,1198.337837837838,69,153,46,36.612174317915624,0.6209239130434783,41.651785714285715,8552.84587781496,123.95428808427478,0
3622,33.05841305155738,2,0,223,0.008968609865470852,0.0,1.0,223,6850,5400,1450,0.7883211678832117,83,54,29,193.86522024963364,0.4528844988486244,0.7895830143128177,0.12130462020935823,1105899.5700445836,-8570.907255866305,1097328.6627887173,3621,0,1193.9058295964126,72,151,44,36.32392287747556,0.6225405092592593,41.3384703196347,8550.93968872118,118.76305123223862,0
3623,33.181063130542924,0,2,221,0.0,0.008968609865470852,0.9910313901345291,223,5900,4300,1600,0.7288135593220338,75,43,32,196.9419918023661,0.4527910758291924,0.7921950015162369,0.12350701983347998,1110689.4986697345,-6751.719571602096,1103937.7790981324,3622,1,1194.9058295964126,73,150,45,36.162738244201435,0.622859589041096,41.25844594594595,8585.319839562368,117.60712108989544,0
3624,33.564929998049884,1,0,222,0.0045045045045045045,0.0,1.0,222,6150,4200,1950,0.6829268292682927,81,42,39,191.7528235040046,0.4521965404318346,0.7862851052275062,0.12103666713120077,1125543.0665248723,-7384.787803699985,1118158.2787211724,3623,0,1199.545045045045,74,148,48,36.061912295756024,0.6247184684684685,41.02777777777778,8692.384510328307,117.46465554497713,0
3625,33.38659258723922,0,0,222,0.0,0.0,1.0,222,6300,4400,1900,0.6984126984126984,82,44,38,189.55093267033095,0.45190906404141695,0.7839282030121719,0.12007336644010355,1120651.4634777473,-8215.893979884242,1112435.569497863,3624,1,1200.545045045045,78,144,40,35.99067005937235,0.624198717948718,40.90189873417722,8650.402747089298,110.90259932165766,0
3626,33.02447115964353,1,0,223,0.004484304932735426,0.0,1.0,223,5900,4000,1900,0.6779661016949152,78,40,38,192.2930859611122,0.45186273717663855,0.7879816113984326,0.12264025704630944,1110544.6175305801,-7789.989679508305,1102754.6278510718,3625,0,1196.1569506726457,82,141,44,35.67577268034582,0.625,40.66265060240964,8564.478815799132,104.44486360730649,0
3627,33.35885042230779,1,1,223,0.004464285714285714,0.004464285714285714,0.9955357142857143,224,6900,5100,1800,0.7391304347826086,87,51,36,194.1185659530642,0.45173449845184716,0.7905579550760613,0.12441138080321504,1123273.9561701193,-8090.334091166376,1115183.622078953,3626,0,1191.8125,69,155,44,35.45352132194124,0.6326992753623188,40.49107142857142,8656.919531467633,125.46260190532801,0
3628,33.28517337250853,1,1,223,0.004464285714285714,0.004464285714285714,0.9955357142857143,224,6200,4400,1800,0.7096774193548387,80,44,36,191.349409524154,0.4515893591180867,0.7879101133433091,0.12318289821160366,1122135.9871704148,-8055.9882898275755,1114079.9988805873,3627,0,1192.78125,71,153,45,35.36698610801573,0.6332159624413145,40.33564814814814,8642.972970048926,121.73201366266093,0
3629,32.84048339166721,0,1,222,0.0,0.004484304932735426,0.9955156950672646,223,6150,4800,1350,0.7804878048780488,75,48,27,190.1133691465318,0.4513030407088703,0.7848336600214094,0.12282484026549863,1108205.8435261403,-8613.050675874256,1099592.792850266,3628,1,1198.7488789237668,72,151,41,35.27225456809113,0.6339699074074074,40.21118721461186,8531.590191619456,118.49430821693689,0
3630,32.485463416931886,1,3,220,0.004484304932735426,0.013452914798206279,0.9865470852017937,223,6450,5000,1450,0.7751937984496124,79,50,29,191.21188475396374,0.45142507978830854,0.7858043497326539,0.12398957766062596,1097304.9245816749,-9086.451444186525,1088218.4731374884,3629,0,1199.4843049327353,74,149,46,35.113417762103246,0.6342905405405406,40.08333333333332,8443.513366450848,114.10153197906553,0
3631,32.464743922484715,1,2,219,0.004524886877828055,0.00904977375565611,0.9909502262443439,221,6750,4400,2350,0.6518518518518519,91,44,47,189.01719613442478,0.45075586178527355,0.7803179266068083,0.12348869936589014,1098796.8164365862,-9411.701327145078,1089385.115109441,3630,0,1208.5837104072398,77,144,38,34.90593881531666,0.635551948051948,39.82371794871793,8446.55637149898,109.69553729219454,0
3632,32.822439498178994,0,1,218,0.0,0.0045662100456621,0.995433789954338,219,6100,4300,1800,0.7049180327868853,79,43,36,197.32947535820944,0.44994187507854716,0.7865059907155827,0.12910053132842697,1111317.5254934668,-6040.85914759835,1105276.6663458685,3631,4,1220.6164383561643,75,144,38,34.64021735313739,0.6369444444444444,39.7752192982456,8541.2121205102,113.88282827346933,0
3633,32.534735493510105,1,1,218,0.0045662100456621,0.0045662100456621,0.995433789954338,219,6550,5000,1550,0.7633587786259542,81,50,31,178.72521699092945,0.449893001270719,0.7670338956417899,0.11175311224982759,1088171.2836599762,-11453.270240914371,1076718.013419062,3632,0,1221.4520547945206,78,141,50,36.74090831846379,0.6195245726495726,41.363396624472585,8414.67347976269,107.88042922772681,8
3634,32.517020449788674,0,1,217,0.0,0.0045871559633027525,0.9954128440366973,218,6250,4900,1350,0.784,76,49,27,200.09440050628265,0.4497451873617159,0.787283180163308,0.11834008142618613,1070610.9051489641,-7005.35055174622,1063605.5545972178,3633,1,1228.0275229357799,74,144,43,38.254244244786044,0.6007882882882882,43.388888888888864,8344.228747642932,112.7598479411207,8
3635,32.61163375434376,1,2,216,0.0045871559633027525,0.009174311926605505,0.9908256880733946,218,5950,4000,1950,0.6722689075630253,79,40,39,199.47774936866261,0.45007592412519903,0.7873530802833082,0.11866076405301479,1075522.2002509907,-6641.450419580519,1068880.7498314101,3634,0,1228.6376146788991,75,143,47,38.05124168356637,0.6025,43.17434210526312,8375.504293981458,111.67339058641943,0
3636,32.71658059694996,2,0,218,0.009174311926605505,0.0,1.0,218,5900,4300,1600,0.7288135593220338,75,43,32,195.35016763868578,0.4508127052241435,0.7850067897540327,0.11578873135385014,1077866.502734494,-7387.719599738353,1070478.7831347557,3635,0,1220.3394495412845,79,139,40,38.292795306212184,0.5994198312236287,43.30729166666667,8398.107680836882,106.30516051692256,8
3637,33.15747531831298,2,2,218,0.00909090909090909,0.00909090909090909,0.990909090909091,220,5400,3500,1900,0.6481481481481481,73,35,38,194.83678838759505,0.4515056385775564,0.7872758805999309,0.11610230630293136,1094072.395547085,-6766.889637616538,1087305.5059094685,3636,0,1210.2363636363636,82,138,43,38.10477632843161,0.6002286585365854,43.10993975903615,8517.825831959717,103.87592477999655,0
3638,33.142694543658315,0,0,218,0.0,0.0,1.0,218,5700,3800,1900,0.6666666666666666,76,38,38,198.39562135167404,0.4511667829309883,0.78839082717549,0.1185680984715298,1094500.039408322,-5871.196922430625,1088628.8424858914,3637,1,1222.211009174312,84,134,40,37.90373213803187,0.6005704365079365,43.002450980392176,8517.591265625775,101.39989601935447,0
3639,33.02093861210516,0,2,216,0.0,0.009174311926605505,0.9908256880733946,218,5050,3700,1350,0.7326732673267327,64,37,27,198.37162873272476,0.45113727645541796,0.7887473052541454,0.11892329300409106,1091451.254522615,-5347.407391594459,1086103.8471310206,3638,2,1223.211009174312,86,132,40,37.78755704572974,0.6010174418604651,42.88793103448277,8490.081845741717,98.72188192722928,0
3640,32.753456352415796,2,1,217,0.009174311926605505,0.0045871559633027525,0.9954128440366973,218,6600,5300,1300,0.803030303030303,79,53,26,196.68971801473438,0.45099370763398583,0.7885393778188967,0.11868639160316924,1084624.7335269,-7533.093402157344,1077091.6401247426,3639,0,1224.1743119266055,69,149,45,37.58697621525769,0.6108091787439613,42.64880952380954,8429.140984504184,122.16146354353889,0
3641,33.01793508828554,2,0,219,0.0091324200913242,0.0,1.0,219,5000,3200,1800,0.64,68,32,36,193.5149120850334,0.45125972239677153,0.7859492320510295,0.11730158388613714,1094791.3507973514,-6428.309599798895,1088363.0411975526,3640,0,1219.552511415525,73,146,44,37.49977223862103,0.610445205479452,42.48310810810813,8502.676020623576,116.47501398114487,0
3642,32.987252367623846,2,0,221,0.00904977375565611,0.0,1.0,221,6300,4700,1600,0.746031746031746,79,47,32,191.9429731671768,0.4518673728232552,0.7861567053770011,0.11714546478947516,1095883.9153762388,-8430.5566073193,1087453.3587689195,3641,0,1209.5067873303167,76,145,44,37.28722752877788,0.6115679824561404,42.23484848484851,8502.964104609171,111.88110663959435,0
3643,32.69021199549219,1,0,222,0.0045045045045045045,0.0,1.0,222,6100,4300,1800,0.7049180327868853,79,43,36,189.83592108618535,0.4521528032557444,0.7839154332768987,0.11647071640255316,1087622.2841537248,-9206.044378762956,1078416.2397749617,3642,0,1205.054054054054,79,143,44,37.14734448875206,0.6122099156118144,42.04427083333336,8432.627471910158,106.74211989759694,0
3644,33.03668483993723,2,0,224,0.008928571428571428,0.0,1.0,224,6650,4500,2150,0.6766917293233082,88,45,43,186.35490718163425,0.45227877095344865,0.7805952466709196,0.11518160380656581,1101417.632280953,-10399.083873613234,1091018.5484073397,3643,0,1195.2857142857142,83,141,50,36.96618522787307,0.6133283132530121,41.77827380952384,8530.789786979403,102.78059984312534,0
3645,32.50139193815265,1,0,225,0.0044444444444444444,0.0,1.0,225,7250,5500,1750,0.7586206896551724,90,55,35,184.33807574620005,0.4523569775132275,0.777842069100902,0.11465423172785749,1085466.9331059554,-12231.422853023367,1073235.510252932,3644,0,1190.9688888888888,72,153,49,36.78834014281508,0.6203703703703703,41.55251141552515,8399.903121915344,116.66532113771311,0
3646,32.97085783152325,0,2,223,0.0,0.008888888888888889,0.9911111111111112,225,6350,4200,2150,0.6614173228346457,85,42,43,182.02831686899916,0.4520271164021164,0.7752590092133833,0.11352509663609303,1101972.6034384868,-11231.956352068255,1090740.6470864185,3645,1,1191.9688888888888,73,152,48,36.7492763289233,0.6208618721461188,41.45551801801806,8524.433358552851,116.77305970620344,0
3647,32.60215301306877,2,1,224,0.008888888888888889,0.0044444444444444444,0.9955555555555555,225,6100,4300,1800,0.7049180327868853,79,43,36,182.0338342419065,0.45170469576719574,0.7752025916255674,0.11429337461418132,1091667.5546325042,-11355.913862551686,1080311.6407699524,3646,0,1192.9066666666668,73,152,50,36.50547577603714,0.6232876712328768,41.21621621621624,8436.908516219877,115.57408926328598,0
3648,32.590753601098,1,1,224,0.0044444444444444444,0.0044444444444444444,0.9955555555555555,225,6550,4800,1750,0.732824427480916,83,48,35,181.55397206669085,0.45191220238095237,0.7751240506042778,0.11487893362944564,1093604.3997807554,-11840.355470038787,1081764.0443107167,3647,0,1192.44,78,147,49,36.23814492458563,0.6237980769230769,40.941455696202546,8442.913185664222,108.2424767392849,0
3649,32.772560631747375,1,1,224,0.0044444444444444444,0.0044444444444444444,0.9955555555555555,225,6600,4700,1900,0.7121212121212122,85,47,38,179.3048017287041,0.45205605158730156,0.7728173681039665,0.11403078770037381,1101220.2248004433,-12109.185186503182,1089111.03961394,3648,0,1193.2622222222221,82,143,51,36.114809256390394,0.6239837398373984,40.76305220883537,8495.858589475147,103.60803157896521,0
3650,32.25737215480654,0,0,224,0.0,0.0,1.0,224,7000,5000,2000,0.7142857142857143,90,50,40,181.68335109153483,0.4517595224749092,0.7761126909460434,0.11609619414324096,1085312.681003959,-12363.351026612803,1072949.3299773461,3649,1,1199.450892857143,69,155,52,35.882285452042225,0.6316425120772946,40.59523809523807,8367.715943490824,121.27124555783803,0
3651,32.631449400349545,0,1,223,0.0,0.004464285714285714,0.9955357142857143,224,7000,5400,1600,0.7714285714285715,86,54,32,176.63329187787735,0.451662762919069,0.7692577410656174,0.11322709906330047,1098838.4866113055,-12981.708173548504,1085856.778437757,3650,2,1200.450892857143,73,151,49,35.900321834092686,0.6307077625570776,40.4842342342342,8468.37557917847,116.00514492025302,0
3652,32.1238116683888,0,0,223,0.0,0.0,1.0,223,6700,4800,1900,0.7164179104477612,86,48,38,179.18416779176974,0.4515185028077405,0.7713810522103803,0.11522152213730721,1082655.0214593704,-12501.072194844779,1070153.9492645257,3651,3,1192.6681614349775,74,149,50,35.72293104370618,0.6313344594594594,40.374999999999964,8340.144604405355,112.70465681628859,0
3653,32.08958255057627,0,0,223,0.0,0.0,1.0,223,6650,5100,1550,0.7669172932330827,82,51,31,178.06733863965803,0.4511734267900187,0.7705017648105617,0.11497138656888622,1082687.4086175812,-12691.746913760333,1069995.6617038208,3652,4,1193.6681614349775,76,147,48,35.60707651980694,0.6318530701754386,40.232683982683945,8335.824731279201,109.68190435893685,0
3654,32.16773206032753,0,1,222,0.0,0.004484304932735426,0.9955156950672646,223,6950,5000,1950,0.7194244604316546,89,50,39,177.067229461515,0.45098910569762585,0.769604080158395,0.11485503343633188,1086667.10943918,-13067.37311693076,1073599.7363222493,3653,5,1194.6681614349775,80,143,51,35.469543670426795,0.6317708333333334,40.07201646090531,8361.293729466715,104.51617161833394,0
3655,32.364579582884545,0,0,222,0.0,0.0,1.0,222,7550,5100,2450,0.6754966887417219,100,51,49,178.65008013173852,0.4508092651475004,0.7708806968253925,0.1162993499971637,1094366.3855770575,-12848.27150463584,1081518.1140724216,3654,6,1200.7252252252251,82,140,46,35.30144539356208,0.6322408536585367,39.947289156626475,8416.496655835137,102.6402031199407,0
3656,31.980122561943322,0,0,222,0.0,0.0,1.0,222,6950,5600,1350,0.8057553956834532,83,56,27,178.67484883880365,0.45058845610316195,0.7701881779612019,0.11669449324972432,1082302.437850485,-12673.955103839577,1069628.4827466456,3655,7,1201.7252252252251,86,136,46,35.186271802660016,0.6319040697674418,39.8347701149425,8320.115938080216,96.74553416372345,0
3657,32.13097752569699,1,0,223,0.004484304932735426,0.0,1.0,223,6050,3800,2250,0.628099173553719,83,38,45,180.91145935145977,0.45027875409041324,0.7748466091954274,0.11885872193539652,1089118.986447553,-11243.178950878642,1077875.8074966744,3656,0,1197.3318385650225,88,135,49,34.91976085588415,0.6332859848484849,39.63014981273405,8365.937804736033,95.06747505381855,0
3658,31.883725214173026,0,1,222,0.0,0.004484304932735426,0.9955156950672646,223,6700,4900,1800,0.7313432835820896,85,49,36,180.7659394164999,0.4501289405997926,0.7755246120910411,0.11917234467490803,1081719.2295247677,-12192.40145801264,1069526.828066755,3657,1,1198.3318385650225,72,151,46,34.80325025107275,0.6410590277777778,39.51198630136986,8305.328250352859,115.35178125490081,0
3659,32.04618138122951,0,0,222,0.0,0.0,1.0,222,6250,4200,2050,0.672,83,42,41,180.08498319867408,0.4496457713369478,0.77378063755833,0.11902791311527779,1087963.8978446126,-11464.807947177787,1076499.089897435,3658,2,1204.6531531531532,71,151,49,34.73161077489683,0.6424589201877935,39.42418981481482,8350.459676755276,117.61210812331375,0
3660,32.26068761405533,0,1,221,0.0,0.0045045045045045045,0.9954954954954955,222,6800,4500,2300,0.6617647058823529,91,45,46,182.8177185230038,0.44951243664478957,0.7768399350428457,0.12148403593779541,1096787.971786555,-11097.545058901822,1085690.426727653,3659,3,1205.6531531531532,72,150,45,34.47372861260081,0.6438078703703703,39.24086757990868,8412.268913516666,116.83706824328702,0
3661,32.05288606204937,0,0,221,0.0,0.0,1.0,221,5950,4200,1750,0.7058823529411765,77,42,35,183.5880164572556,0.4490958796105855,0.7772909637655105,0.12235408417262497,1090558.218795699,-10107.315956027747,1080450.9028396714,3660,4,1211.945701357466,72,149,47,34.351922761336944,0.6448206018518519,39.14098173515983,8361.28439070101,116.12894987084736,0
3662,31.954159636779476,0,2,219,0.0,0.00904977375565611,0.9909502262443439,221,7200,5300,1900,0.7361111111111112,91,53,38,193.9066083963557,0.44890648567119157,0.7828593864264495,0.12608386485888698,1080152.4128469597,-9510.261814741127,1070642.1510322185,3661,5,1212.945701357466,84,137,35,34.94593564908646,0.6310763888888888,39.98774509803922,8308.473100656258,98.91039405543164,8
3663,32.313004025416205,0,1,218,0.0,0.0045662100456621,0.995433789954338,219,5500,3700,1800,0.6727272727272727,73,37,36,194.21089308438667,0.4478141189448843,0.7825546323908563,0.12665286756717878,1093136.298091112,-6840.204656953041,1086296.093434159,3662,6,1223.9817351598174,85,134,37,34.834448971672515,0.6317401960784313,39.88614341085271,8405.060095031637,98.88305994154867,0
3664,31.822487835662315,0,2,216,0.0,0.009174311926605505,0.9908256880733946,218,7200,5600,1600,0.7777777777777778,88,56,32,197.2390800354769,0.4472208423173945,0.7843062053182677,0.1294917438493777,1078455.031422314,-8257.30434852649,1070197.7270737875,3663,7,1230.0275229357799,86,132,38,34.5201549852833,0.6337209302325582,39.65517241379309,8284.82010893963,96.33511754580965,0
3665,31.79824648228844,0,2,214,0.0,0.009259259259259259,0.9907407407407407,216,6900,5100,1800,0.7391304347826086,87,51,36,203.9064493069945,0.4471939599483204,0.7859380323658256,0.12737046515534986,1063243.8137887574,-6739.5458365408285,1056504.2679522166,3664,8,1232.1666666666667,73,143,43,36.12617485892627,0.6214326484018264,41.39921171171176,8223.051606505182,112.6445425548655,8
3666,31.883004004436287,0,0,214,0.0,0.0,1.0,214,6850,5000,1850,0.7299270072992701,87,50,37,206.63664445656556,0.4470336426659646,0.7860800496114304,0.1294658855126972,1066964.7566846916,-5555.1965850514425,1061409.5600996402,3665,9,1228.7056074766356,74,140,44,35.945804477371574,0.6220439189189189,41.29166666666671,8248.398827647801,111.46484902226759,0
3667,31.759203118671053,1,0,215,0.004651162790697674,0.0,1.0,215,6250,4400,1850,0.704,81,44,37,202.03822820189717,0.4473936825327827,0.7826275974750405,0.12724863846400297,1064349.7109096863,-6242.134044120783,1058107.5768655655,3666,0,1223.9860465116278,77,138,46,35.87511606313835,0.622564935064935,41.10576923076926,8222.274461252175,106.7827852110672,0
3668,31.694031266172136,0,0,215,0.0,0.0,1.0,215,6050,3900,2150,0.6446280991735537,82,39,43,202.4163611354858,0.44717905527783813,0.7836992260376439,0.1280614063666229,1063472.8524914903,-5997.139006458918,1057475.7134850314,3667,1,1224.9860465116278,80,135,37,35.70283541832144,0.6229166666666667,40.94650205761321,8210.449663397369,102.63062079246711,0
3669,32.11103183268931,0,0,215,0.0,0.0,1.0,215,5950,4100,1850,0.6890756302521008,78,41,37,204.74728954081453,0.4469553720205752,0.7874252491694336,0.13029372970779243,1079177.3386843575,-4758.272994101126,1074419.0656902564,3668,2,1225.9860465116278,80,135,40,35.43247767857143,0.625,40.740740740740776,8325.082326993615,104.06352908742019,0
3670,32.11204885938477,2,1,216,0.009216589861751152,0.004608294930875576,0.9953917050691244,217,7200,5200,2000,0.7222222222222222,92,52,40,200.09523076324606,0.44766153922739943,0.7846792947058341,0.12811731254221306,1081007.4310470195,-7339.11372557283,1073668.3173214467,3669,0,1215.6774193548388,72,145,41,35.33314543921395,0.630787037037037,40.525114155251124,8332.27021202982,115.72597516708083,0
3671,32.25150539110635,1,0,217,0.004608294930875576,0.0,1.0,217,5950,4700,1250,0.7899159663865546,72,47,25,196.05521775573453,0.4474846390168971,0.7799328773847196,0.1262563615091816,1087390.18955544,-6712.29592025217,1080677.893635188,3670,0,1216.552995391705,75,142,41,35.232370949012974,0.6313888888888889,40.32346491228068,8374.959171325334,111.66612228433779,0
3672,32.18052534736711,0,1,216,0.0,0.004608294930875576,0.9953917050691244,217,5700,3700,2000,0.6491228070175439,77,37,40,194.30186940032158,0.44728818199920345,0.7781064303904937,0.12567610276105798,1086271.9813362015,-6887.064669837272,1079384.9166663643,3671,1,1217.552995391705,77,140,43,35.12241296600878,0.6320346320346321,40.17094017094014,8361.43564581155,108.59007332222794,0
3673,32.590590092168654,0,1,215,0.0,0.004629629629629629,0.9953703703703703,216,6900,5200,1700,0.7536231884057971,86,52,34,185.95441529517782,0.44713474375538326,0.7631283701197387,0.11765958396260044,1093589.4098162772,-9428.444144922576,1084160.9656713547,3672,2,1224.0462962962963,81,135,40,36.12529421860447,0.6225565843621399,40.94258130081305,8442.83414316063,104.2325202859337,8
3674,32.21829075138542,1,0,216,0.004629629629629629,0.0,1.0,216,5950,4600,1350,0.773109243697479,73,46,27,185.96371014895436,0.44689294430089005,0.7630948394396482,0.11821246120615381,1082463.491165226,-8890.214616424513,1073573.2765488017,3673,0,1225.0277777777778,87,129,42,35.95831050124058,0.6220067049808429,40.77888257575761,8351.661330073366,95.99610724222259,0
3675,31.766245599965536,1,1,216,0.004608294930875576,0.004608294930875576,0.9953917050691244,217,5200,3500,1700,0.6730769230769231,69,35,34,190.98214828053915,0.4470970586561984,0.7687523190470429,0.12207578918092069,1068877.7068889996,-7772.687857832482,1061105.019031167,3674,0,1220.3778801843318,76,141,44,35.6300410235016,0.6282894736842105,40.58441558441559,8240.65916700405,108.42972588163225,0
3676,31.552693140207385,1,0,217,0.004608294930875576,0.0,1.0,217,6150,4100,2050,0.6666666666666666,82,41,41,189.1771960751922,0.44720106531262444,0.7658894189489933,0.12163831385176586,1063385.5262240968,-9316.341560396479,1054069.1846637004,3675,0,1207.1935483870968,79,138,43,35.466140478459316,0.6290875527426161,40.37760416666667,8191.78578805463,103.69349098803329,0
3677,31.370968889657593,1,1,217,0.0045871559633027525,0.0045871559633027525,0.9954128440366973,218,6050,4100,1950,0.6776859504132231,80,41,39,188.73413233883264,0.44737277864682423,0.7661174134246374,0.12177490703477817,1058246.7893251034,-9704.542083274217,1048542.2472418292,3676,0,1202.651376146789,81,137,43,35.35436127549274,0.6295010288065843,40.25660569105692,8148.401942159939,100.59755484148073,0
3678,30.989633139586637,1,1,217,0.0045871559633027525,0.0045871559633027525,0.9954128440366973,218,7050,5000,2050,0.7092198581560284,91,50,41,187.1140407795612,0.44715962739046494,0.765142736568938,0.1212163509309819,1046510.5911250496,-11486.634915197064,1035023.9562098526,3677,0,1203.5091743119267,83,135,48,35.2537835409012,0.6301455823293173,40.11656746031746,8053.692233461278,97.03243654772625,0
3679,31.08461877655235,0,0,217,0.0,0.0,1.0,217,6150,4500,1650,0.7317073170731707,78,45,33,184.34929179342365,0.4467903723616089,0.7606741834816171,0.11980989621019562,1050620.025739793,-10813.788462176157,1039806.2372776169,3678,1,1209.0184331797236,83,134,36,35.21197017393239,0.6312751004016064,40.00496031746031,8081.846692326328,97.37164689549792,0
3680,31.149564226508105,1,1,217,0.0045871559633027525,0.0045871559633027525,0.9954128440366973,218,6700,4700,2000,0.7014925373134329,87,47,40,187.33155717111202,0.4469658535210474,0.7630328301795961,0.12234828391256634,1054193.8741801232,-10803.24399791815,1043390.630182205,3679,0,1204.467889908257,86,132,39,34.96105435132765,0.6319040697674418,39.834770114942515,8104.033537808817,94.232948114056,0
3681,31.328072624735896,0,2,215,0.0,0.009216589861751152,0.9907834101382489,217,7350,5200,2150,0.7074829931972789,95,52,43,187.59650394502813,0.44664902998236333,0.7641076218535432,0.12304967107625867,1061445.1253660708,-10925.321070366512,1050519.8042957042,3680,1,1211.0092165898618,90,127,42,34.802962344077535,0.6320601851851853,39.686355311355314,8155.124766015562,90.61249740017291,0
3682,31.801697238383444,0,0,215,0.0,0.0,1.0,215,6600,4800,1800,0.7272727272727273,84,48,36,204.6114134529293,0.4456839092950808,0.7915628525326146,0.13202912297354372,1072798.246149442,-5698.6469011078325,1067099.599248334,3681,2,1223.2232558139535,72,143,40,34.93929572048565,0.6335358796296297,40.25399543378995,8260.363796094369,114.72727494575513,8
3683,31.48895828314652,0,1,214,0.0,0.004651162790697674,0.9953488372093023,215,6050,4200,1850,0.6942148760330579,79,42,37,206.48171231704072,0.44567757009345793,0.7922937406795383,0.1338651101201489,1063589.338553049,-5127.650434683546,1058461.6881183654,3682,3,1224.2232558139535,73,142,43,34.72342576545353,0.634703196347032,40.090090090090094,8184.292310529527,112.11359329492502,0
3684,31.72293584047214,2,2,214,0.009259259259259259,0.009259259259259259,0.9907407407407407,216,6350,4300,2050,0.6771653543307087,84,43,41,205.22553250879125,0.44578084625323,0.7933429035773838,0.13417090048518351,1073887.2451778573,-5472.1836507949965,1068415.0615270624,3683,0,1219.486111111111,76,140,37,34.4598107517937,0.6362390350877193,39.799783549783555,8254.314772127194,108.60940489641045,0
3685,31.381568736241967,0,0,214,0.0,0.0,1.0,214,7200,5500,1700,0.7638888888888888,89,55,34,210.40612974752364,0.4447241601216854,0.7970254317960248,0.138317556231194,1063881.1517160402,-5230.576871218008,1058650.5748448223,3684,1,1228.8271028037384,77,137,39,34.13127842171848,0.6377164502164503,39.61004273504273,8171.445342137356,106.12266678100463,0
3686,31.576545085511356,0,1,213,0.0,0.004672897196261682,0.9953271028037384,214,5550,3600,1950,0.6486486486486487,75,36,39,212.63525813540107,0.444242427566437,0.7990874003217845,0.14039209900492533,1071718.7221780666,-2772.962572225241,1068945.7596058415,3685,2,1229.8271028037384,67,147,39,33.920801975540925,0.6442786069651741,39.46078431372546,8226.928290661357,122.78997448748294,0
3687,31.7572073823498,0,1,212,0.0,0.004694835680751174,0.9953051643192489,213,6300,4500,1800,0.7142857142857143,81,45,36,211.52656490179123,0.44368688546372576,0.7971742896573337,0.14027038105699335,1079085.214306119,-3248.9622763029947,1075836.252029816,3686,3,1236.2676056338028,68,145,40,33.79734190410007,0.6452205882352942,39.311594202898526,8278.735765072655,121.74611419224493,0
3688,31.371773001483866,0,0,212,0.0,0.0,1.0,212,4800,3300,1500,0.6875,63,33,30,210.08827998532013,0.44315124891949087,0.7951850363037973,0.13962504271590656,1066605.8632697836,-2383.7217526790437,1064222.1415171046,3687,4,1241.2075471698113,68,144,39,33.757767421216144,0.6459865196078431,39.236111111111086,8180.625529206328,120.30331660597541,0
3689,31.0745953195287,1,0,213,0.004694835680751174,0.0,1.0,213,6350,4900,1450,0.7716535433070866,78,49,29,207.06773258170267,0.44314801281483446,0.7924817809890286,0.1386082995498169,1058480.1887265267,-5114.581467549126,1053365.6072589776,3688,0,1236.3755868544602,73,140,36,33.58748606766616,0.6458333333333333,38.99211711711711,8110.71433579252,111.10567583277424,0
3690,31.418372229096157,1,2,212,0.004672897196261682,0.009345794392523364,0.9906542056074766,214,5400,3700,1700,0.6851851851851852,71,37,34,210.17687311947043,0.4431482456525237,0.7954294124166312,0.14166581489738603,1072109.8751757992,-3133.459759008756,1068976.4154167904,3689,0,1231.5934579439252,76,138,38,33.267416670982016,0.6467927631578947,38.7581168831169,8207.7947255963,107.99729902100395,0
3691,31.867748388480454,0,0,212,0.0,0.0,1.0,212,5800,4400,1400,0.7586206896551724,72,44,28,208.46391489092974,0.4423837148648246,0.7913975782038334,0.1409193312802949,1088258.4186891424,-2827.4779254095192,1085430.940763733,3690,1,1243.377358490566,78,134,38,33.21234863773968,0.6469017094017093,38.66033755274263,8328.306606799653,106.77316162563658,0
3692,32.025285932499976,0,0,212,0.0,0.0,1.0,212,5250,4200,1050,0.8,63,42,21,209.57370295695765,0.4419766610033086,0.7939124074161317,0.14223609912550952,1094761.82553029,-1763.3420735394075,1092998.4834567504,3691,2,1244.377358490566,66,146,42,33.04631446466088,0.6543560606060606,38.52611940298509,8373.775789999792,126.87539075757262,0
3693,32.17343387416987,0,0,212,0.0,0.0,1.0,212,5050,3900,1150,0.7722772277227723,62,39,23,205.63502141410328,0.4418225021610182,0.789562746743893,0.13999428374969466,1100697.0288598272,-2181.628579993874,1098515.4002798332,3692,3,1245.377358490566,69,143,40,33.04367201426025,0.6536835748792271,38.42261904761906,8415.842569049993,121.96873288478251,0
3694,32.01801900507277,0,1,211,0.0,0.0047169811320754715,0.9952830188679245,212,5100,3700,1400,0.7254901960784313,65,37,28,203.63373289528826,0.44167020626546244,0.7871935761023217,0.13880721425798115,1095734.6864294948,-2874.2911079027285,1092860.395321592,3693,4,1246.377358490566,70,142,42,33.0528217062958,0.6535714285714286,38.380281690140855,8376.545112946878,119.66493018495541,0
3695,32.482180765110954,0,1,210,0.0,0.004739336492890996,0.995260663507109,211,5600,3400,2200,0.6071428571428571,78,34,44,201.1982661862638,0.44111186338674485,0.7833498975178701,0.1375829114822069,1112520.9968916425,-3032.5408659175714,1109488.456025725,3694,5,1253.175355450237,73,138,47,33.008334229728014,0.6531107305936072,38.274211711711715,8501.424366071347,116.45786802837462,0
3696,32.794346534686525,0,0,210,0.0,0.0,1.0,210,7150,5500,1650,0.7692307692307693,88,55,33,203.76586126405437,0.44065798967114755,0.7845503319087004,0.1397887196706685,1124135.9974418695,-3337.8920606659394,1120798.1053812036,3695,6,1259.547619047619,74,136,42,32.83139719923612,0.6537162162162162,38.16666666666668,8586.653067665458,116.03585226574944,0
3697,33.06121160090517,0,0,210,0.0,0.0,1.0,210,6000,4200,1800,0.7,78,42,36,203.78228022953925,0.4404348940533151,0.7842392854683709,0.14032859439419637,1134370.7015477028,-1767.0703626052268,1132603.6311850976,3696,7,1260.547619047619,76,134,44,32.70286786476623,0.6540570175438596,38.041125541125545,8660.67777921981,113.9562865686817,0
3698,32.92120315499723,0,0,210,0.0,0.0,1.0,210,5350,3900,1450,0.7289719626168224,68,39,29,206.16135637278103,0.43984202931571353,0.7856375982255099,0.14233983584611953,1130317.8197194356,-744.4290308632508,1129573.3906885723,3697,8,1261.547619047619,77,133,45,32.551685183297685,0.6544913419913421,37.95405982905984,8626.867632309788,112.0372419780492,0
3699,33.123764530522564,0,0,210,0.0,0.0,1.0,210,5250,3700,1550,0.7047619047619048,68,37,31,205.72915033563572,0.4395776372750057,0.7865750579832511,0.1423854641321529,1137968.1845498416,-427.35445671500656,1137540.8300931265,3698,9,1262.547619047619,77,133,47,32.48123429114871,0.6553030303030303,37.873931623931625,8682.602166200544,112.76106709351356,0
3700,32.66507359993352,0,0,210,0.0,0.0,1.0,210,5650,4100,1550,0.7256637168141593,72,41,31,204.7044582284774,0.4390379357484621,0.7858392902043903,0.14197935653551708,1122814.952230176,-1680.9547025777147,1121133.9975275982,3699,10,1263.547619047619,78,132,39,32.43598608666498,0.6555822649572649,37.80327004219409,8564.675481733622,109.80353181709772,0
3701,32.15282546884139,0,0,210,0.0,0.0,1.0,210,6150,4600,1550,0.7479674796747967,77,46,31,204.67529230915363,0.43909062428799267,0.7862677227931334,0.1424136267892968,1106096.6169955502,-2871.870318853932,1103224.7466766962,3700,11,1264.547619047619,78,132,39,32.329106553394006,0.656650641025641,37.697784810126585,8433.757345090486,108.12509416782675,0
3702,31.719241726809187,0,0,210,0.0,0.0,1.0,210,5650,3800,1850,0.672566371681416,75,38,37,204.6142031569934,0.43877544239386346,0.7867912847667713,0.14283304593775178,1092068.224234801,-2959.4661010245873,1089108.7581337765,3701,12,1265.547619047619,79,131,41,32.22188797366809,0.657304852320675,37.591145833333336,8323.40987656753,105.35961869072823,0
3703,31.315322248472903,0,3,207,0.0,0.014285714285714285,0.9857142857142858,210,6300,4800,1500,0.7619047619047619,78,48,30,205.64790333869607,0.43807102984734564,0.7877294432032238,0.14421888447042758,1079407.1621801532,-3904.4360497759135,1075502.7261303773,3702,13,1266.547619047619,68,142,40,32.040114228764175,0.6642156862745099,37.43961352657005,8222.163112099051,120.91416341322135,0
3704,31.54816466065165,0,0,207,0.0,0.0,1.0,207,6800,4900,1900,0.7205882352941176,87,49,38,199.8737128524619,0.43696746556603033,0.777985896979033,0.1415220922225845,1090031.7409993045,-4626.261759887275,1085405.4792394172,3703,15,1284.8985507246377,77,130,39,31.87190950348849,0.6628787878787878,37.12606837606837,8293.190079864653,107.70376727096952,8
3705,31.627999977999263,0,0,207,0.0,0.0,1.0,207,4950,3600,1350,0.7272727272727273,63,36,27,197.227784784545,0.4366968012757375,0.7754448745190483,0.14005093076784966,1093567.5307466234,-3213.6196797077773,1090353.9110669156,3704,16,1285.8985507246377,77,130,42,31.846137406260045,0.6638257575757576,37.032585470085465,8317.13338096665,108.01471923333312,0
3706,31.96549864313693,0,1,206,0.0,0.004830917874396135,0.9951690821256038,207,6450,4900,1550,0.7596899224806202,80,49,31,197.4193178371259,0.4359942466738583,0.7757317025937192,0.14075704785522097,1106342.8797382468,-4167.308677622805,1102175.571060624,3705,17,1286.8985507246377,79,128,44,31.706959978884157,0.6642932489451476,36.901041666666664,8410.089395614903,106.45682779259371,0
3707,32.328314038188616,0,0,206,0.0,0.0,1.0,206,5350,3500,1850,0.6542056074766355,72,35,37,198.28295504751273,0.4354161733364907,0.7759193214298117,0.14199334182729859,1120104.0014646736,-2130.4937258082355,1117973.5077388652,3706,18,1292.5970873786407,82,124,37,31.53992848629321,0.6645071138211383,36.75953815261044,8510.120318160209,103.78195509951473,0
3708,31.865134562580515,0,0,206,0.0,0.0,1.0,206,5500,4200,1300,0.7636363636363637,68,42,26,198.46526179882736,0.4349721761780725,0.7767162432004402,0.1426614999518629,1105076.1649112953,-2836.1539246471784,1102240.010986648,3707,19,1293.5970873786407,86,120,39,31.411108837970506,0.6642441860465116,36.637931034482754,8392.067766265809,97.5821833286722,0
3709,31.65190701220387,0,2,204,0.0,0.009708737864077669,0.9902912621359223,206,6150,4600,1550,0.7479674796747967,77,46,31,195.35052216645732,0.4343436735338227,0.7722847259652472,0.14110852438724225,1098986.015334613,-4412.501610150064,1094573.5137244628,3708,20,1294.5970873786407,89,117,41,31.333633462169136,0.6647940074906367,36.48148148148147,8340.863644141826,93.71756903530141,0
3710,31.843895238273085,0,1,203,0.0,0.004901960784313725,0.9950980392156863,204,4650,2900,1750,0.6236559139784946,64,29,35,195.84104413313815,0.4331514214881355,0.7694171671910266,0.14215755791781853,1106967.3309192497,-2092.07241830033,1104875.2585009492,3709,21,1290.0196078431372,77,127,44,31.160943408968105,0.670995670995671,36.32478632478631,8396.445881202737,109.04475170393165,0
3711,31.891024103304837,0,1,202,0.0,0.0049261083743842365,0.9950738916256158,203,6950,5200,1750,0.7482014388489209,87,52,35,197.97746652119585,0.43260640719244337,0.770887824729326,0.14429636330380907,1109700.4591760586,-3610.8628989833674,1106089.5962770754,3710,22,1293.4334975369459,78,125,43,30.97186817947052,0.671875,36.19462025316455,8413.023724087798,107.85927851394612,0
3712,31.71395461962954,1,2,201,0.0049261083743842365,0.009852216748768473,0.9901477832512315,203,5900,4300,1600,0.7288135593220338,75,43,32,196.21045992551635,0.4324936188200101,0.7659780963907974,0.1438414723873737,1105082.7070691667,-3134.24275804494,1101948.4643111217,3711,0,1292.9753694581282,85,118,43,30.830417909306398,0.6709558823529411,36.01017441860464,8372.161348532269,98.49601586508551,0
3713,32.09256896175295,0,1,200,0.0,0.004975124378109453,0.9950248756218906,201,5800,4700,1100,0.8103448275862069,69,47,22,199.26439255696656,0.43151637645107793,0.7672774438700025,0.146665773620758,1119348.0770276925,-1390.7570742536795,1117957.3199534388,3712,1,1305.5174129353234,86,115,48,30.62072170089307,0.671875,35.88362068965517,8476.173116945725,98.56015252262472,0
3714,32.030621071163345,0,0,200,0.0,0.0,1.0,200,4700,3400,1300,0.723404255319149,60,34,26,189.3291018545964,0.4312761725293132,0.757577988761867,0.13151110291676668,1101419.8368412473,-2993.8343052018568,1098426.0025360454,3713,2,1312.49,81,119,43,32.78898630756315,0.6548353909465021,37.754065040650424,8399.900170135921,103.70247123624594,8
3715,32.09687595634033,0,2,198,0.0,0.01,0.99,200,5650,4100,1550,0.7256637168141593,72,41,31,192.3360587345179,0.4309401172529313,0.7623031858235687,0.13411576492581842,1104767.6348112095,-3152.6694605912962,1101614.9653506181,3714,3,1313.49,81,119,44,32.580654271973145,0.6561213991769548,37.62703252032521,8421.352591492052,103.96731594434632,0
3716,32.25979016540244,0,0,198,0.0,0.0,1.0,198,5500,3800,1700,0.6909090909090909,72,38,34,195.1333045003844,0.43033924268061324,0.763019750622653,0.13637946843300763,1111015.0189893239,-1740.7935990114593,1109274.2253903125,3715,27,1327.040404040404,80,118,44,32.43019485822555,0.6572916666666666,37.55144032921809,8466.535464191476,105.83169330239346,0
3717,32.5806926838375,1,0,199,0.005025125628140704,0.0,1.0,199,6800,5300,1500,0.7794117647058824,83,53,30,196.91463237083684,0.42992318494831055,0.7643130480663582,0.13864555613841253,1124138.4558659021,-2328.13784584922,1121810.318020053,3716,0,1321.3668341708542,70,129,45,32.13650749325139,0.6644345238095238,37.30927230046948,8558.645870072036,122.26636957245766,0
3718,32.907418683692256,0,1,198,0.0,0.005025125628140704,0.9949748743718593,199,5250,3500,1750,0.6666666666666666,70,35,35,194.4648593508039,0.42952663147386766,0.7616082061836853,0.1373961170792434,1136389.3804532974,-852.4397924805035,1135536.9406608169,3717,1,1322.3668341708542,71,128,50,32.08556977704376,0.6650528169014085,37.19618055555555,8648.195318131782,121.80556786101101,0
3719,32.7892719502915,0,0,198,0.0,0.0,1.0,198,5350,3900,1450,0.7289719626168224,68,39,29,192.56809804564432,0.4287449366764087,0.757826714348453,0.13643405914645076,1133087.9031892426,-1310.6835128642524,1131777.2196763784,3718,2,1329.3989898989898,73,125,48,32.04335332333832,0.6649543378995434,37.10585585585584,8620.107586481452,118.08366556823907,0
3720,33.14970699124466,0,1,197,0.0,0.005050505050505051,0.9949494949494949,198,6000,4600,1400,0.7666666666666667,74,46,28,191.32760619266213,0.4283758695243467,0.7563534137060457,0.1357651514407596,1145981.7385435018,-1748.4114447934735,1144233.3270987084,3719,3,1330.3989898989898,74,124,51,32.02470244383408,0.6649774774774775,37.05555555555554,8716.531288308908,117.79096335552579,0
3721,33.07508150260484,0,0,197,0.0,0.0,1.0,197,5800,4100,1700,0.7068965517241379,75,41,34,193.00879683097816,0.42743080734832,0.7576058168701403,0.13757162477425217,1144662.643376141,-1014.0080849209508,1143648.6352912202,3720,4,1337.8832487309644,75,122,47,31.83277980376832,0.6659722222222222,36.91063596491227,8701.702157928967,116.0226954390529,0
3722,33.174253141034036,0,0,197,0.0,0.0,1.0,197,4950,3000,1950,0.6060606060606061,69,30,39,192.51213401215,0.4272225387616975,0.756675759627514,0.13764511456105727,1148972.707024282,-111.76244980784759,1148860.9445744741,3721,5,1338.8832487309644,76,121,44,31.743339330077923,0.666529605263158,36.81006493506492,8731.12953001644,114.88328328969,0
3723,32.91792362527284,0,0,197,0.0,0.0,1.0,197,6500,4700,1800,0.7230769230769231,83,47,36,194.14053826847868,0.42658046721226567,0.7589675860520935,0.13974530205639724,1141970.8933885666,-1559.4312141216233,1140411.462174445,3722,6,1339.8832487309644,76,121,47,31.47982897642646,0.6687225877192983,36.59361471861472,8670.791273101828,114.089358856603,0
3724,32.70603371991358,1,1,197,0.005050505050505051,0.005050505050505051,0.9949494949494949,198,4700,3300,1400,0.7021276595744681,61,33,28,190.51203930043303,0.4261753533644397,0.7552032351001416,0.1379079687473288,1136176.273299666,-1008.9482337827812,1135167.325065883,3723,0,1334.111111111111,68,130,49,31.391394616265742,0.6746323529411764,36.41304347826088,8620.883888129423,126.7777042371974,0
3725,32.199096423707694,0,0,197,0.0,0.0,1.0,197,5500,4000,1500,0.7272727272727273,70,40,30,209.0060043150671,0.42574199730653683,0.7730389726625393,0.13670273706807842,1090133.7826232943,668.9012149929918,1090802.6838382874,3724,1,1341.497461928934,87,110,38,34.34590554822664,0.6320641762452107,39.78456439393939,8378.701902016639,96.30691841398436,8
3726,32.585047612303,0,0,197,0.0,0.0,1.0,197,5200,4100,1100,0.7884615384615384,63,41,22,207.9999767823299,0.4253222227977485,0.7717949607354342,0.13656291273748888,1104311.6598701472,1339.3599226891042,1105651.0197928364,3725,2,1342.497461928934,88,109,39,34.238352664388884,0.6330492424242424,39.65355805243444,8483.40120655506,96.40228643812567,0
3727,33.00133519489596,0,0,197,0.0,0.0,1.0,197,6400,4800,1600,0.75,80,48,32,207.47123300107526,0.4253114316792707,0.7716731893207789,0.1369368539280149,1119978.2423900058,672.6533766065018,1120650.8957666124,3726,3,1343.497461928934,74,123,37,34.06702029356364,0.6404842342342343,39.472222222222236,8597.764522025847,116.18600705440335,0
3728,32.979752207401845,0,1,196,0.0,0.005076142131979695,0.9949238578680203,197,5300,3700,1600,0.6981132075471698,69,37,32,205.75126683725225,0.4249617994405884,0.7692169631326156,0.13615584850216936,1120012.4037803544,1388.7941902488014,1121401.1979706031,3727,4,1344.497461928934,77,120,41,34.020785293364064,0.6400162337662338,39.38301282051282,8595.083658219108,111.62446309375464,0
3729,32.51782900469962,1,2,195,0.005076142131979695,0.01015228426395939,0.9898477157360406,197,4900,2900,2000,0.5918367346938775,69,29,40,210.80702804390913,0.4248366224662454,0.7739944358891491,0.1400136231037902,1105386.5012722143,2304.6486346099846,1107691.1499068243,3728,0,1345.4365482233502,79,118,39,33.761183936745745,0.6404272151898734,39.25781249999999,8478.769867436311,107.32620085362419,0
3730,32.1343555651395,1,1,195,0.00510204081632653,0.00510204081632653,0.9948979591836735,196,5200,3600,1600,0.6923076923076923,68,36,32,211.47458310227182,0.4245034231641374,0.7743959881269551,0.14105402770936495,1093562.0602576083,1852.1161578877413,1095414.176415496,3729,0,1346.9744897959183,81,115,42,33.59622267127621,0.6410751028806585,39.11331300813007,8383.425562007978,103.49908101244418,0
3731,31.954593754650908,0,1,194,0.0,0.005128205128205128,0.9948717948717949,195,5350,3700,1650,0.6915887850467289,70,37,33,210.23469869350902,0.42391730548947043,0.7718884683824825,0.14051462841318263,1088025.217562475,1398.130757037064,1089423.348319512,3730,1,1354.076923076923,82,113,43,33.55746725660879,0.6413871951219512,39.043674698795165,8338.753362706488,101.69211417934741,0
3732,31.81383624981471,0,0,194,0.0,0.0,1.0,194,4950,3300,1650,0.6666666666666666,66,33,33,209.19487030917534,0.4234644027206524,0.7708010510499488,0.14051088944498558,1084620.9823907723,1629.429149169509,1086250.4115399418,3731,2,1361.1443298969073,83,111,37,33.41391817447878,0.6426957831325302,38.87648809523809,8307.34064871462,100.08844155077855,0
3733,31.887801429529638,0,0,194,0.0,0.0,1.0,194,5150,3600,1550,0.6990291262135923,67,36,31,210.71057981438904,0.4234070918576287,0.7724257637308065,0.14191706321914743,1087913.6214389354,1896.981992273827,1089810.6034312092,3732,3,1362.1443298969073,85,109,37,33.27981545024576,0.642892156862745,38.78391472868216,8329.606657330844,97.9953724391864,0
3734,31.94075607615436,0,1,193,0.0,0.005154639175257732,0.9948453608247423,194,5200,3800,1400,0.7307692307692307,66,38,28,212.19308024769393,0.42328634955397687,0.7743875156374138,0.1434526871854166,1090776.0327092265,2291.025248185829,1093067.0579574122,3733,4,1363.1443298969073,89,105,38,33.11189843519338,0.6427902621722846,38.6574074074074,8347.480002309758,93.79191013831189,0
3735,31.730183586356677,0,0,193,0.0,0.0,1.0,193,6400,4900,1500,0.765625,79,49,30,210.60147889183557,0.4228431293177893,0.773028947801448,0.14304976657419494,1084900.145261648,696.3150084140589,1085596.460270062,3734,5,1370.4870466321242,72,121,40,32.9916057332024,0.6513310185185186,38.49885844748859,8297.479229503035,115.24276707643104,0
3736,32.03483445936911,0,0,193,0.0,0.0,1.0,193,5850,4400,1450,0.7521367521367521,73,44,29,209.02586580350163,0.42252941493955093,0.770923285366861,0.14256441926163554,1096470.8257229892,1388.1527350057731,1097858.978457995,3735,6,1371.4870466321242,74,119,39,32.89218158332451,0.6517454954954955,38.36111111111112,8381.558493688844,113.26430396876817,0
3737,31.980614849926262,1,0,194,0.005154639175257732,0.0,1.0,194,5600,3700,1900,0.6607142857142857,75,37,38,206.0086633089386,0.42251460035966737,0.768577685634855,0.14109649958706572,1095786.414323672,748.2988973829988,1096534.713221055,3736,0,1365.4123711340205,77,117,41,32.82828282828283,0.6517857142857143,38.221153846153854,8371.848454704272,108.72530460654899,0
3738,32.14789061432505,0,1,193,0.0,0.005154639175257732,0.9948453608247423,194,6300,4700,1600,0.746031746031746,79,47,32,202.95904834848577,0.4221150935669391,0.76508090675491,0.1397118234474588,1102933.6798255108,-329.9259902241365,1102603.7538352867,3737,1,1366.4123711340205,80,114,43,32.73653182123164,0.6522135416666667,38.052983539094654,8421.04403193399,105.26305039917489,0
3739,32.47216877251206,0,1,192,0.0,0.0051813471502590676,0.9948186528497409,193,5400,4100,1300,0.7592592592592593,67,41,26,202.75168319827418,0.4218390184225676,0.7616188081724864,0.1402277348193303,1115387.728862618,1229.3478891194081,1116617.0767517374,3738,2,1373.39896373057,83,110,35,32.58263941458491,0.6526104417670683,37.896825396825406,8511.058521525505,102.54287375331934,0
3740,32.39300059470392,0,0,192,0.0,0.0,1.0,192,5450,3900,1550,0.7155963302752294,70,39,31,200.29659353420524,0.4212347522178592,0.7575339280007305,0.13914038338660656,1113903.1147127792,772.1998808221852,1114675.3145936013,3739,3,1381.4739583333333,86,106,36,32.49868739442085,0.6529796511627908,37.7514367816092,8495.017864293595,98.77927749178599,0
3741,32.360354517688435,0,0,192,0.0,0.0,1.0,192,6250,4600,1650,0.736,79,46,33,200.1333400218196,0.421054096676847,0.758136469913534,0.1395025384875342,1113735.846768062,-70.86501685563417,1113664.9817512066,3740,4,1382.4739583333333,89,103,37,32.38816834303864,0.6530898876404494,37.63888888888889,8490.098567210214,95.39436592371027,0
3742,32.19723184892167,0,2,190,0.0,0.010416666666666666,0.9895833333333334,192,4350,2800,1550,0.6436781609195402,59,28,31,200.90847694911747,0.4210347813045375,0.7605500039978481,0.1404888828291044,1109005.0330598818,1811.7024241935424,1110816.7354840753,3741,5,1383.4739583333333,90,102,38,32.26118307238287,0.6538194444444445,37.53434065934067,8450.667686171335,93.89630762412594,0
3743,31.930375574297113,0,0,190,0.0,0.0,1.0,190,5500,3900,1600,0.7090909090909091,71,39,32,200.7276975410366,0.42054093567251466,0.7585313099760729,0.14045984117658697,1100004.2124072132,660.2625683884362,1100664.4749756015,3742,13,1398.5,89,101,40,32.24270433734584,0.65437734082397,37.51157407407408,8381.354023720907,94.17251712045963,0
3744,32.3472080263945,0,0,190,0.0,0.0,1.0,190,5200,3900,1300,0.75,65,39,26,199.49094125283776,0.42008551471270766,0.7564768134775521,0.13993584626805675,1115044.3814202992,1288.25063764491,1116332.632057944,3743,14,1399.5,75,115,40,32.19346496493886,0.6606944444444445,37.43146929824563,8493.358883794439,113.24478511725918,0
3745,32.80048011986476,1,0,191,0.005235602094240838,0.0,1.0,191,5150,3600,1550,0.6990291262135923,67,36,31,197.66141389091766,0.4202500688895012,0.7548288868550532,0.13932615533772974,1132034.6431174548,1401.913626419483,1133436.5567438742,3744,0,1393.1675392670156,77,114,39,32.079870465443356,0.6613906926406927,37.2729700854701,8617.572721662687,111.91652885276217,0
3746,32.60721682740805,0,0,191,0.0,0.0,1.0,191,5100,3800,1300,0.7450980392156863,64,38,26,193.46546060822246,0.4199125103334252,0.748581116554919,0.1367264305642987,1126096.9201614284,272.1718697064207,1126369.0920311348,3745,1,1394.1675392670156,79,112,40,32.10298586339014,0.6613924050632911,37.18750000000001,8569.5841724532,108.47574901839494,0
3747,32.199808380597574,0,0,191,0.0,0.0,1.0,191,4700,3500,1200,0.7446808510638298,59,35,24,193.7477540855677,0.41959102599430514,0.7490549747297315,0.13709028782773822,1112357.5773472446,203.35647021858676,1112560.9338174632,3746,2,1395.1675392670156,79,112,41,32.05574751077423,0.6617879746835442,37.148437500000014,8463.769945040707,107.1363284182368,0
3748,32.013178083506354,0,0,191,0.0,0.0,1.0,191,5450,3700,1750,0.6788990825688074,72,37,35,193.28258842513395,0.4194589877835951,0.748580394892995,0.13713049475431718,1106648.393112095,-870.8268205557424,1105777.5662915392,3747,3,1396.1675392670156,82,109,40,31.97858495219003,0.6614583333333333,37.06074297188756,8417.521260385829,102.65269829738816,0
3749,32.314044230657586,0,0,191,0.0,0.0,1.0,191,4950,3200,1750,0.6464646464646465,67,32,35,192.19062736626034,0.41929939377238906,0.7469844317171954,0.13698367823037405,1118315.0643939036,-164.06523619922064,1118150.9991577044,3748,4,1397.1675392670156,84,107,41,31.855455406496496,0.6622023809523809,36.91176470588235,8501.444871859747,101.20767704594937,0
3750,31.97159452895378,0,0,191,0.0,0.0,1.0,191,5800,4200,1600,0.7241379310344828,74,42,32,193.1534569671712,0.41894576099935704,0.7489725634335711,0.13820642996292437,1107521.3586183114,-1215.6841835789537,1106305.6744347324,3749,5,1398.1675392670156,88,103,36,31.701980227370438,0.6620501893939394,36.786048689138575,8415.369725674642,95.62920142812094,0
3751,31.632935131844615,1,1,191,0.005208333333333333,0.005208333333333333,0.9947916666666666,192,5200,3800,1400,0.7307692307692307,66,38,28,188.6079436334629,0.41920322953025013,0.744386271319806,0.13548308471635698,1096840.138371607,-2225.447401417414,1094614.6909701896,3750,0,1391.8802083333333,92,100,37,31.6931436348943,0.6620244565217391,36.65994623655915,8330.218838315433,90.54585693821123,0
3752,31.32242789826437,0,1,190,0.0,0.005235602094240838,0.9947643979057592,191,5700,3500,2200,0.6140350877192983,79,35,44,184.47998756235464,0.41905253972627904,0.7230050677655881,0.13237532382327769,1085787.8940583274,-3838.772561752672,1081949.1214965747,3751,1,1399.8167539267015,96,95,35,31.837129708933194,0.6604817708333333,36.694587628865996,8247.364794217663,85.91004993976732,8
3753,31.188975497124645,0,0,190,0.0,0.0,1.0,190,5150,3700,1450,0.7184466019417476,66,37,29,186.9475907876482,0.4184825489650051,0.7265761652132909,0.13460009282102067,1082054.6640483048,-2692.4974911259224,1079362.1665571788,3752,2,1408.1473684210525,97,93,37,31.661420923788814,0.6612972508591065,36.58588435374152,8215.616398487977,84.69707627307193,0
3754,31.031524845927017,0,0,190,0.0,0.0,1.0,190,5100,3300,1800,0.6470588235294118,69,33,36,186.5276898814912,0.4180538150932888,0.7264667059021328,0.13452342611268975,1077032.7636744329,-2920.713333025492,1074112.0503414073,3753,3,1409.1473684210525,98,92,37,31.617578541001095,0.6615646258503401,36.53198653198656,8175.814206039784,83.42667557183454,0
3755,30.744724537552607,0,0,190,0.0,0.0,1.0,190,4850,3000,1850,0.6185567010309279,67,30,37,190.66201227606308,0.4176796157059315,0.733080019208967,0.13835685000046527,1068680.2909578506,-2098.653049241726,1066581.637908609,3754,4,1410.1473684210525,83,107,37,31.30722258802868,0.6684236947791165,36.33432539682538,8106.328535682539,97.66660886364505,0
3756,31.120273033272404,0,1,189,0.0,0.005263157894736842,0.9947368421052631,190,5600,4400,1200,0.7857142857142857,68,44,24,192.12247862634572,0.41730947739719665,0.7362643730150407,0.14005487969486358,1082929.3070349118,-1988.9874710685572,1080940.3195638433,3755,5,1411.1473684210525,84,106,41,31.12031789535622,0.6695188492063492,36.18872549019606,8209.878892000632,97.736653476198,0
3757,30.80458554219456,0,1,188,0.0,0.005291005291005291,0.9947089947089947,189,5050,3500,1550,0.693069306930693,66,35,31,193.79166974845987,0.4164849056249766,0.7389914856482473,0.14176281928338394,1072840.4555971248,-1268.4913472270282,1071571.9642498977,3756,27,1419.5873015873017,84,105,42,30.963851225854388,0.6706349206349207,36.07843137254901,8129.994537214466,96.78564925255316,0
3758,31.357665640806253,0,1,187,0.0,0.005319148936170213,0.9946808510638298,188,4600,3300,1300,0.717391304347826,59,33,26,195.95133460949603,0.41591584651268626,0.7405279039401034,0.14403678345098522,1093369.6926233629,649.4500982243844,1094019.1427215873,3757,28,1419.2287234042553,85,103,46,30.750810323211915,0.6718137254901961,35.92538759689921,8280.763399961916,97.42074588190489,0
3759,31.416461755960462,0,0,187,0.0,0.0,1.0,187,5000,3300,1700,0.66,67,33,34,196.38297758357197,0.41521237038314834,0.7400018613813786,0.14481931876349977,1096263.1154501939,657.4829654302239,1096920.5984156241,3758,29,1426.9197860962568,86,101,35,30.635783025138977,0.6724806201550387,35.823754789272016,8299.482904496028,96.50561516855846,0
3760,31.78183960896964,0,1,186,0.0,0.0053475935828877,0.9946524064171123,187,5550,4200,1350,0.7567567567567568,69,42,27,197.19403082512912,0.41451037893163134,0.7426082571012196,0.14616433167658413,1110367.5119890703,841.5690772787257,1111209.081066349,3759,30,1427.9197860962568,88,99,38,30.449874548003837,0.6734138257575757,35.66245318352058,8401.133515549805,95.46742631306597,0
3761,31.44114742290779,0,0,186,0.0,0.0,1.0,186,5750,4300,1450,0.7478260869565218,72,43,29,199.14364098521148,0.41379565048919886,0.7440996931025659,0.1482880557785635,1099660.8505317,848.0931247552253,1100508.9436564553,3760,31,1435.6182795698924,91,95,38,30.25158932317307,0.6738782051282051,35.5185688405797,8315.599667704932,91.38021612862562,0
3762,31.78170991742228,0,0,186,0.0,0.0,1.0,186,5500,4500,1000,0.8181818181818182,65,45,20,199.6403992807982,0.41347355419936066,0.7457454914909818,0.1491431218156554,1112428.817834429,1717.1466727864286,1114145.9645072154,3761,32,1436.6182795698924,85,101,40,30.13451443569553,0.6769607843137255,35.41666666666667,8408.910748984661,98.92836175276072,0
3763,31.820902657764247,0,0,186,0.0,0.0,1.0,186,4850,3700,1150,0.7628865979381443,60,37,23,198.60504064047683,0.41308425360844714,0.74463609387429,0.14883900275659262,1114630.4058064795,2224.2434088616997,1116854.6492153413,3762,33,1437.6182795698924,73,113,40,30.061415288340534,0.6830764840182648,35.318130630630655,8422.41600047783,115.37556165038123,0
3764,32.01688497633843,0,0,186,0.0,0.0,1.0,186,4950,3700,1250,0.7474747474747475,62,37,25,196.42921381513034,0.41249939455584617,0.7423999069484253,0.14784607869583763,1122635.135785138,1953.6674247035821,1124588.8032098415,3763,34,1438.6182795698924,75,111,41,29.981895778341364,0.6834722222222223,35.183662280701775,8478.594224614013,113.04792299485351,0
3765,32.27666902064246,0,0,186,0.0,0.0,1.0,186,5000,3100,1900,0.62,69,31,38,195.8604581131515,0.41229293809938966,0.7413473853819967,0.14774391934015535,1132329.9979805734,2155.7344279480203,1134485.7324085215,3764,35,1439.6182795698924,75,111,45,29.92708441132844,0.6841666666666666,35.115131578947384,8549.60122660278,113.99468302137039,0
3766,32.356964851273375,0,0,186,0.0,0.0,1.0,186,4850,3400,1450,0.7010309278350515,63,34,29,199.5272841164493,0.411922406277245,0.7442143773970655,0.15088576782644,1135809.1562621505,3274.983244716749,1139084.1395068672,3765,36,1440.6182795698924,76,110,40,29.751161543960002,0.684484649122807,35.03787878787881,8573.370042979494,112.80750056551965,0
3767,32.366889040727344,0,0,186,0.0,0.0,1.0,186,4800,3200,1600,0.6666666666666666,64,32,32,199.04943943153046,0.411430785624334,0.7425293347549835,0.15128203196212817,1137487.7573128424,3283.2600906702287,1140771.0174035127,3766,37,1441.6182795698924,79,107,44,29.60566974444609,0.6847310126582278,34.88281250000002,8581.01859060226,108.6204884886362,0
3768,32.20532644938463,1,0,187,0.0053475935828877,0.0,1.0,187,5100,3300,1800,0.6470588235294118,69,33,36,197.90052677977184,0.41190606252276085,0.7405663046553619,0.1513420908749743,1133434.6844408943,2361.4642242636623,1135796.1486651578,3767,0,1434.903743315508,81,106,36,29.442133508897943,0.6858281893004115,34.69258130081302,8544.312028650917,105.48533368704835,0
3769,32.6055780119473,0,1,186,0.0,0.0053475935828877,0.9946524064171123,187,6000,4300,1700,0.7166666666666667,77,43,34,200.55211970793886,0.4114137101565944,0.7449408934129298,0.15405186482297586,1148697.0064259574,2674.72390817817,1151371.7303341357,3768,1,1435.903743315508,85,102,39,29.23316411894442,0.6856617647058824,34.55668604651164,8654.932680860327,101.8227374218862,0
3770,32.33026111567439,0,0,186,0.0,0.0,1.0,186,4400,2700,1700,0.6136363636363636,61,27,34,203.27242099201789,0.4110148454906519,0.7470396142118145,0.15663765502312912,1139829.2976734503,4739.17217114294,1144568.4698445932,3769,2,1433.0806451612902,85,101,40,29.062086621356592,0.6866421568627451,34.45978682170544,8584.984428766142,100.99981680901344,0
3771,32.72292578264485,0,0,186,0.0,0.0,1.0,186,5750,4000,1750,0.6956521739130435,75,40,35,204.1390244032676,0.41038457812651363,0.7510090177932107,0.1582424336707779,1155243.946939909,4216.074455218775,1159460.0213951278,3770,3,1434.0806451612902,75,111,42,28.854655611148353,0.6926388888888889,34.27905701754386,8695.166696109327,115.93555594812436,0
3772,32.50321753431904,0,0,186,0.0,0.0,1.0,186,4950,3400,1550,0.6868686868686869,65,34,31,202.69335695937238,0.4100751961639058,0.7491972563049649,0.15746604919655158,1148060.916993374,4390.864251848476,1152451.7812452225,3771,4,1435.0806451612902,76,110,41,28.825329566854982,0.692845394736842,34.21266233766234,8638.94365390647,113.67031123561145,0
3773,32.63666005276146,0,0,186,0.0,0.0,1.0,186,4550,2900,1650,0.6373626373626373,62,29,33,206.1456312479176,0.4095914462849947,0.7543232224057617,0.16124760834293256,1154569.3934046605,5851.887284585728,1160421.2806892463,3772,5,1436.0806451612902,78,108,44,28.52244749582775,0.6940438034188035,34.00580168776371,8681.16222632325,111.29695161952884,0
3774,32.997326403315505,0,0,186,0.0,0.0,1.0,186,6600,4700,1900,0.7121212121212122,85,47,38,203.6317282774823,0.4091851932577739,0.750977481670432,0.15964141062269174,1167925.8004333777,3765.349848422133,1171691.1502818,3773,6,1437.0806451612902,80,106,38,28.519885768604894,0.6938802083333333,33.93775720164609,8779.342669215472,109.7417833651934,0
3775,32.58593504844704,0,0,186,0.0,0.0,1.0,186,5150,3700,1450,0.7184466019417476,66,37,29,204.24487277063204,0.4087644095708612,0.7523627186810238,0.1608088482875351,1154480.0091032672,4809.324515106771,1159289.333618374,3774,7,1438.0806451612902,80,106,48,28.37234487978484,0.6951822916666667,33.80915637860081,8674.077540738204,108.42596925922756,0
3776,32.914851620360274,0,0,186,0.0,0.0,1.0,186,5250,4000,1250,0.7619047619047619,65,40,25,204.7785569728301,0.40845260583163806,0.7549912937332841,0.16194577317749412,1167297.26673122,5357.489967909384,1172654.7566991295,3775,8,1439.0806451612902,81,105,39,28.222583273710153,0.696116255144033,33.67632113821137,8766.004372724221,108.22227620647186,0
3777,33.25888549686568,0,0,186,0.0,0.0,1.0,186,4100,2600,1500,0.6341463414634146,56,26,30,204.28403041489383,0.40799489005134165,0.7551069891495421,0.1621007046538962,1180390.6200688975,6926.990666321975,1187317.6107352194,3776,9,1440.0806451612902,85,101,39,28.13295599199855,0.6955882352941176,33.575581395348834,8860.979231941095,104.24681449342465,0
3778,33.177723378168125,0,0,186,0.0,0.0,1.0,186,4800,3600,1200,0.75,60,36,24,208.1562788920795,0.40772788917950203,0.758815773089397,0.15443637504538543,1159397.3777864706,6267.168783453226,1165664.5465699239,3777,10,1441.0806451612902,81,105,36,30.12964898371049,0.6763117283950617,35.632621951219505,8771.107739114022,108.28528072980275,8
3779,32.72074081211812,0,0,186,0.0,0.0,1.0,186,5250,3500,1750,0.6666666666666666,70,35,35,199.20473060783436,0.40766189576673445,0.7448450281863856,0.14002791811839013,1128509.3276837477,2510.879321933676,1131020.2070056815,3778,11,1442.0806451612902,75,111,41,32.131084090039295,0.6613888888888889,37.36293859649122,8593.679213840542,114.58238951787389,8
3780,32.77539146928816,0,1,185,0.0,0.005376344086021506,0.9946236559139785,186,5300,4000,1300,0.7547169811320755,66,40,26,199.86314252447397,0.4071811731085924,0.7462987812439099,0.14106619478180918,1131543.6565532677,2730.7742204741116,1134274.4307737418,3779,12,1443.0806451612902,76,110,42,31.97762218561229,0.6622807017543859,37.22943722943724,8612.408061410373,113.32115870276807,0
3781,33.20355420250336,0,0,185,0.0,0.0,1.0,185,4650,3400,1250,0.7311827956989247,59,34,25,196.93986815186813,0.40599172542107326,0.7422292148899905,0.13955933205319196,1147460.8285157995,3546.1568554668975,1151006.9853712665,3780,51,1451.8162162162162,77,108,40,31.921797216295857,0.6631493506493507,37.09935897435897,8729.23568416774,113.36669719698362,0
3782,33.284559367931536,0,0,185,0.0,0.0,1.0,185,4550,3100,1450,0.6813186813186813,60,31,29,199.15210549241047,0.4056538875832354,0.7439436829659953,0.14150654592255543,1151023.6548229505,4295.7568659120725,1155319.4116888626,3781,52,1452.8162162162162,78,107,42,31.77467201470713,0.6635950854700854,37.01213080168777,8753.435345377044,112.22353006893645,0
3783,33.33950793870967,0,0,185,0.0,0.0,1.0,185,5600,3800,1800,0.6785714285714286,74,38,36,196.46565269911358,0.40570040148844494,0.7412367363855796,0.14010992258606514,1153964.5759403445,2742.8807207550353,1156707.4566610996,3782,53,1453.8162162162162,78,107,45,31.72432010290335,0.6647970085470085,36.89345991561181,8771.842581869872,112.45952028038297,0
3784,33.201063628838654,0,1,184,0.0,0.005405405405405406,0.9945945945945946,185,4650,3300,1350,0.7096774193548387,60,33,27,198.94627435055463,0.4053931649040345,0.7427314672491816,0.14205262244057276,1149518.2412379102,4088.474278456759,1153606.715516367,3783,54,1454.8162162162162,78,107,48,31.61870939185917,0.6651976495726496,36.85390295358649,8736.730311718506,112.00936297075008,0
3785,33.527073705720966,0,0,184,0.0,0.0,1.0,184,5850,5000,850,0.8547008547008547,67,50,17,198.80839989445678,0.40477498614080937,0.74118246940603,0.14242503402274992,1161749.1178886287,3543.0966412469097,1165292.2145298757,3784,55,1459.3478260869565,82,102,41,31.51329694253749,0.6646341463414633,36.74698795180722,8826.103138192786,107.63540412430227,0
3786,33.532844466993645,0,0,184,0.0,0.0,1.0,184,5700,3900,1800,0.6842105263157895,75,39,36,197.6865726434497,0.4042119565217391,0.7403839856573327,0.14245771876653432,1163622.0604913663,3506.491398169267,1167128.5518895355,3785,56,1460.3478260869565,83,101,44,31.349635975648027,0.6661646586345382,36.55753968253967,8833.975047827505,106.43343431117476,0
3787,33.50390009979402,0,0,184,0.0,0.0,1.0,184,5000,4100,900,0.82,59,41,18,201.54369120695245,0.4044012829650749,0.7471309685559018,0.14563157042050684,1163385.2535690356,5094.591660007725,1168479.8452290434,3786,57,1461.3478260869565,84,100,44,31.15931919642856,0.6666666666666667,36.4705882352941,8829.263085122144,105.11027482288266,0
3788,33.5928056845398,0,0,184,0.0,0.0,1.0,184,5100,3600,1500,0.7058823529411765,66,36,30,202.4428711833952,0.4044520175021779,0.7492593211404692,0.14679491711084816,1167465.3587702962,5369.007847322278,1172834.3666176186,3787,58,1462.3478260869565,72,112,44,31.021212203218575,0.6730324074074074,36.358447488584474,8856.459443886379,123.0063811650886,0
3789,33.19074754189552,0,0,184,0.0,0.0,1.0,184,5200,3400,1800,0.6538461538461539,70,34,36,193.02633473074633,0.4040195365090679,0.7424379956379676,0.12992445273015196,1132181.4158905842,1708.165791925322,1133889.5816825095,3788,59,1463.3478260869565,82,102,40,33.76347379716828,0.6438008130081301,38.80522088353414,8669.249972915795,105.72256064531457,8
3790,33.41390964215062,0,0,184,0.0,0.0,1.0,184,4950,3200,1750,0.6464646464646465,67,32,35,194.5418073209457,0.4040510909162905,0.7451183824129219,0.1312541560785618,1140489.7366792709,2624.586920914888,1143114.3236001858,3789,60,1464.3478260869565,84,100,41,33.642608661663544,0.6438492063492063,38.725490196078425,8730.202862385413,103.93098645696921,0
3791,33.837037585259814,0,0,184,0.0,0.0,1.0,184,5750,4600,1150,0.8,69,46,23,211.01728927200472,0.4038005118001109,0.754844074957264,0.13700683513221296,1143348.23878441,5703.249208441115,1149051.487992851,3790,61,1465.3478260869565,79,105,41,34.553437265214114,0.6325158227848101,40.03906249999998,8796.30801288682,111.34567104920026,8
3792,34.02107265103636,0,0,184,0.0,0.0,1.0,184,5600,4200,1400,0.75,70,42,28,206.9578196508705,0.4038116486497188,0.7484545492697674,0.13467858112958614,1150267.5231569663,5211.37172155446,1155478.8948785209,3791,62,1466.3478260869565,82,102,43,34.5781048906049,0.6321138211382114,39.95983935742971,8846.845197408018,107.88835606595144,0
3793,33.473405616844275,1,2,183,0.005405405405405406,0.010810810810810811,0.9891891891891892,185,4650,3300,1350,0.7096774193548387,60,33,27,206.31947762442002,0.4052670877399138,0.750325932282081,0.13483263458625333,1133025.087484579,5103.028837035974,1138128.116321615,3792,0,1459.4162162162163,85,100,37,34.44531407600515,0.6324754901960784,39.81346899224805,8709.329288462068,102.46269751131844,0
3794,33.19341848378778,0,0,183,0.0,0.0,1.0,183,4450,3100,1350,0.6966292134831461,58,31,27,205.83059983002434,0.4044716667667487,0.7462730709477872,0.13481076551869905,1124206.5934438312,5229.223492282219,1129435.8169361134,3793,1,1472.0054644808743,87,96,38,34.380211412804556,0.6325431034482758,39.7372159090909,8639.01150808522,99.29898285155424,0
3795,33.49007983161571,0,0,183,0.0,0.0,1.0,183,4550,2900,1650,0.6373626373626373,62,29,33,202.9193925037561,0.4042277167277167,0.7420301846142165,0.13332190935558758,1135196.4021661866,4920.672860002465,1140117.075026189,3794,2,1473.0054644808743,90,93,38,34.345690817433095,0.6326388888888889,39.62912087912088,8719.841527586219,96.88712808429132,0
3796,33.560242478611066,0,1,182,0.0,0.00546448087431694,0.994535519125683,183,5300,3800,1500,0.7169811320754716,68,38,30,206.3929411645803,0.4040488200324266,0.7471124337548574,0.13599353434840247,1138435.800424894,5093.0226353492235,1143528.8230602434,3795,3,1474.0054644808743,78,105,38,34.154685970773826,0.6380876068376069,39.53059071729957,8741.416533787988,112.06944274087164,0
3797,33.21655100802995,0,0,182,0.0,0.0,1.0,182,4400,3100,1300,0.7045454545454546,57,31,26,206.4625464933972,0.4035071742254062,0.7475722243446559,0.1364060976682048,1127575.7523286038,5760.432237994117,1133336.184566598,3796,4,1468.521978021978,78,104,39,34.05866774623415,0.6390224358974359,39.43829113924049,8654.961293112829,110.96104221939524,0
3798,32.82484385446463,0,0,182,0.0,0.0,1.0,182,5600,3900,1700,0.6964285714285714,73,39,34,201.6919252656762,0.4032162588792423,0.7400143857664572,0.1337529228055211,1115371.8988454433,2992.3011330738173,1118364.1999785171,3797,5,1469.521978021978,83,99,40,34.052619478007166,0.6383032128514057,39.31051587301585,8557.091610969132,103.09748928878471,0
3799,33.10170009090639,0,0,182,0.0,0.0,1.0,182,5500,4000,1500,0.7272727272727273,70,40,30,198.36379190533842,0.4025224890211078,0.7377429558793951,0.13216922276619517,1126170.8930249098,2778.305734768374,1128949.198759678,3798,6,1470.521978021978,83,99,39,33.974972268441476,0.6399347389558233,39.14930555555554,8634.601456004631,104.0313428434293,0
3800,32.89524400848443,0,0,182,0.0,0.0,1.0,182,3800,2700,1100,0.7105263157894737,49,27,22,201.56452846261968,0.402421301074616,0.7401444380437772,0.13459597725744088,1119785.478174646,4941.806377512081,1124727.284552158,3799,7,1471.521978021978,83,99,43,33.815576335091755,0.6406877510040161,39.07490079365078,8583.194806330825,103.41198561844367,0
3801,32.52963422942101,0,1,181,0.0,0.005494505494505495,0.9945054945054945,182,5250,3900,1350,0.7428571428571429,66,39,27,200.9297835570109,0.4026363254609111,0.7395003501017554,0.13448168104879496,1108004.0702839412,2876.203604487551,1110880.2738884287,3800,8,1472.521978021978,86,96,45,33.75231279722312,0.6403827519379846,38.99664750957852,8490.343589165994,98.72492545541853,0
3802,32.733933240609836,1,0,182,0.005494505494505495,0.0,1.0,182,4900,3300,1600,0.673469387755102,65,33,32,200.4853829104761,0.4029500080950357,0.7365252402476554,0.13488828714245005,1116477.2533139104,3467.473928294847,1119944.7272422053,3801,0,1472.642857142857,89,93,37,33.58315607551181,0.6411516853932584,38.81944444444442,8549.46686930088,96.0614254977627,0
3803,32.86858140765567,0,0,182,0.0,0.0,1.0,182,5950,4500,1450,0.7563025210084033,74,45,29,204.3287594324859,0.4027564861473701,0.7434063744341388,0.13827858478465166,1122759.5272339426,3532.412268143237,1126291.9395020858,3802,1,1473.642857142857,89,93,40,33.28199493719463,0.6431413857677903,38.62268518518518,8591.101550105179,96.5292309000582,0
3804,32.684084988135744,0,0,182,0.0,0.0,1.0,182,4550,3300,1250,0.7252747252747253,58,33,25,202.21464430621606,0.40314163276870457,0.7419805444804124,0.13745841211282214,1117735.2510387928,4254.4872434658555,1121989.7382822586,3803,2,1474.642857142857,75,107,42,33.184679786174726,0.6501388888888888,38.47313596491229,8547.76625080345,113.97021667737933,0
3805,32.593476074938636,0,0,182,0.0,0.0,1.0,182,5250,3500,1750,0.6666666666666666,70,35,35,198.63976931287945,0.40283680407989797,0.7417549932946301,0.13301852186550667,1110329.5141135433,2461.1197089590987,1112790.6338225023,3804,3,1475.642857142857,80,102,46,33.79399254405414,0.6428385416666667,38.97890946502057,8507.584669406231,106.34480836757788,8
3806,32.590287693373476,0,1,181,0.0,0.005494505494505495,0.9945054945054945,182,6000,4100,1900,0.6833333333333333,79,41,38,199.27122606054988,0.40284629044988157,0.743088434871233,0.13402825514932262,1111485.2613240918,1897.4061544565188,1113382.6674785484,3805,4,1476.642857142857,82,100,38,33.62596107640561,0.6435467479674797,38.83032128514056,8511.594966103185,103.79993861101444,0
3807,32.24551127049025,0,0,181,0.0,0.0,1.0,181,5000,3300,1700,0.66,67,33,34,199.6755002704166,0.40253350726417025,0.7428865108937062,0.13475857753676082,1100695.7882041202,2756.396431039596,1103452.1846351598,3806,5,1485.3812154696132,83,98,39,33.49806201550386,0.6443273092369478,38.71527777777777,8425.259455223564,101.50915006293451,0
3808,32.3933496340623,0,0,181,0.0,0.0,1.0,181,4600,3200,1400,0.6956521739130435,60,32,28,200.20965519663616,0.4020539185594434,0.7443299235215752,0.13543156378330845,1106401.0348268219,3502.4339383758006,1109903.4687651978,3807,6,1486.3812154696132,86,95,40,33.40472154778807,0.6440164728682171,38.637452107279685,8466.408395138225,98.44660924579331,0
3809,32.22541223235887,1,0,182,0.005494505494505495,0.0,1.0,182,5950,4600,1350,0.773109243697479,73,46,27,197.8418414538872,0.4029063707931111,0.7435952393942469,0.13455447539919452,1102193.4912580492,1261.997989796258,1103455.4892478455,3808,0,1479.2087912087911,72,110,41,33.28161656391511,0.6517650462962963,38.456050228310495,8428.361598272038,117.06057775377832,0
3810,32.410349351553236,0,0,182,0.0,0.0,1.0,182,5250,3500,1750,0.6666666666666666,70,35,35,194.83317000238577,0.4030303260275636,0.7397324054389107,0.13314762161866714,1109884.7968133597,1598.4746601202032,1111483.27147348,3809,1,1480.2087912087911,75,107,42,33.19607381027201,0.6519444444444444,38.294956140350884,8481.951898554806,113.09269198073075,0
3811,32.65035410417245,0,0,182,0.0,0.0,1.0,182,4900,3500,1400,0.7142857142857143,63,35,28,191.78148064302027,0.40294178657438323,0.7362080985763553,0.13163554394774143,1119348.2135907572,1634.051551511126,1120982.2651422683,3810,2,1481.2087912087911,76,106,42,33.12754012537025,0.6529605263157895,38.14935064935066,8549.516423706218,112.49363715402919,0
3812,32.97907109263077,1,0,183,0.00546448087431694,0.0,1.0,183,5100,3500,1600,0.6862745098039216,67,35,32,180.15203265790745,0.40326817990752417,0.7216050727998382,0.11806828573862595,1117137.3625741638,-1449.0866748344724,1115688.2758993295,3811,0,1474.1092896174864,86,97,42,35.025951822377635,0.6331153100775193,39.715038314176226,8583.956255779398,99.81344483464416,7
3813,33.302290925319056,0,2,181,0.0,0.01092896174863388,0.9890710382513661,183,4450,2700,1750,0.6067415730337079,62,27,35,180.19986520745678,0.40331571888948936,0.7225187935463648,0.118430129518028,1128920.1219888185,-363.7492375261363,1128556.3727512923,3812,1,1475.1092896174864,87,96,45,34.926779788152935,0.6337404214559387,39.618844696969674,8671.288985372132,99.6699883376107,0
3814,33.20223713521937,1,0,182,0.005494505494505495,0.0,1.0,182,5400,3800,1600,0.7037037037037037,70,38,32,177.73661195738856,0.4022657246068848,0.717749144980192,0.11731116703366336,1126796.3241641948,-1745.4077954030736,1125050.9163687916,3813,0,1482.2857142857142,74,108,48,34.841689767921245,0.6404842342342343,39.47222222222224,8650.105058089564,116.89331159580493,0
3815,33.090989030349235,0,0,182,0.0,0.0,1.0,182,5250,4000,1250,0.7619047619047619,65,40,25,177.0183714642462,0.4024111822799668,0.7165743878009467,0.11727917767274822,1124135.6161462748,-1851.4687849658449,1122284.147361309,3814,1,1483.2857142857142,77,105,46,34.72884004508657,0.640422077922078,39.34294871794872,8625.399624657553,112.01817694360459,0
3816,32.99356835688974,1,1,182,0.00546448087431694,0.00546448087431694,0.994535519125683,183,5000,3400,1600,0.68,66,34,32,176.32605374073853,0.40325817170079464,0.7170717633852701,0.11708097336028767,1121480.4408893092,-2050.7559021129155,1119429.6849871962,3815,0,1476.1748633879781,78,105,49,34.66947338255623,0.6407585470085471,39.266877637130804,8602.516095584626,110.28866789211058,0
3817,32.570869297358534,1,0,183,0.00546448087431694,0.0,1.0,183,4250,3200,1050,0.7529411764705882,53,32,21,172.69782041306843,0.403879931543866,0.7107320932457548,0.11529825582490964,1108688.855279016,-2556.3702354108823,1106132.485043605,3816,0,1477.0928961748634,82,101,46,34.575316658649996,0.6410060975609756,39.081325301204814,8498.348050854449,103.63839086407864,0
3818,32.33374017733436,0,0,183,0.0,0.0,1.0,183,4750,3700,1050,0.7789473684210526,58,37,21,175.19451607926155,0.40404631798074425,0.7138664409040767,0.11734727020403328,1101551.5803007549,-2752.840790572874,1098798.739510182,3817,1,1478.0928961748634,84,99,47,34.39749608763692,0.6413690476190477,38.97058823529411,8440.057178642403,100.47687117431431,0
3819,32.08002011275869,0,0,183,0.0,0.0,1.0,183,4500,3100,1400,0.6888888888888889,59,31,28,173.13938326807414,0.40381863127764767,0.7101374314684543,0.11616853512441873,1093391.4673752626,-3238.175133614615,1090153.292241648,3818,2,1479.0928961748634,86,97,42,34.39238818062306,0.6412306201550387,38.91283524904213,8375.68149639383,97.391645306905,0
3820,31.962641295692137,0,0,183,0.0,0.0,1.0,183,5850,4000,1850,0.6837606837606838,77,40,37,173.5465451153597,0.4035333973858564,0.7100155963794947,0.11673461006344418,1090100.2289611849,-4613.374286864902,1085486.85467432,3819,3,1480.0928961748634,90,93,43,34.29528620266477,0.6407407407407407,38.82783882783881,8347.752103966437,92.75280115518264,0
3821,32.1043130844108,0,1,182,0.0,0.00546448087431694,0.994535519125683,183,5600,4300,1300,0.7678571428571429,69,43,26,173.29072037243844,0.4034933645589383,0.7097697534928622,0.11701010754178297,1096016.94698225,-4214.086743409229,1091802.8602388408,3820,4,1481.0928961748634,92,91,45,34.17036378184517,0.6414175724637681,38.69847670250895,8388.90591337608,91.18375992800087,0
3822,32.18723489234506,0,1,181,0.0,0.005494505494505495,0.9945054945054945,182,4200,3000,1200,0.7142857142857143,54,30,24,174.598123596671,0.4023163185801308,0.7110509806561516,0.11798120441393338,1099060.0529061526,-2221.2354085058164,1096838.8174976467,3821,6,1490.2087912087911,94,88,46,34.11052951789534,0.6410682624113475,38.67324561403507,8411.385627075157,89.48282581994847,0
3823,32.345418505424675,0,0,181,0.0,0.0,1.0,181,5000,3700,1300,0.74,63,37,26,180.05324032186044,0.4010077757315326,0.719163136275877,0.12194721992111086,1105115.0722013186,-1404.0900643254304,1103710.9821369932,3822,9,1499.4088397790056,95,86,47,33.88925497765417,0.6415570175438596,38.59592013888887,8455.224362133038,89.00236170666356,0
3824,32.39768960751882,0,0,181,0.0,0.0,1.0,181,5300,3900,1400,0.7358490566037735,67,39,28,181.5044777141622,0.40065863515449146,0.7210793259888588,0.12322926782316052,1107592.695274801,-1293.3932648249179,1106299.302009976,3823,10,1500.4088397790056,75,106,49,33.76817101722752,0.6497222222222222,38.51425438596494,8471.534023194201,112.95378697592268,0
3825,32.20685024818271,0,0,181,0.0,0.0,1.0,181,5800,4600,1200,0.7931034482758621,70,46,24,180.24311331088373,0.40050516676897896,0.7159974663053787,0.12303551647743047,1102592.5718992543,-2253.0564254844044,1100339.51547377,3824,11,1501.4088397790056,79,102,46,33.616971868365184,0.649789029535865,38.333333333333364,8427.459148274556,106.67669807942477,0
3826,31.720310858494923,0,0,181,0.0,0.0,1.0,181,5450,3800,1650,0.6972477064220184,71,38,33,179.3160334611299,0.4003747186412932,0.7122786894557507,0.12268471696155882,1086574.2810179652,-2681.961973395611,1083892.3190445695,3825,12,1502.4088397790056,83,98,47,33.56296686723204,0.6489708835341366,38.25644841269843,8302.58682155576,100.0311665247682,0
3827,31.68779627908597,0,0,181,0.0,0.0,1.0,181,4900,3700,1200,0.7551020408163265,61,37,24,181.02010469371834,0.40030437896459997,0.7141340531086906,0.12439374018114094,1086670.2470042051,-1758.167623949876,1084912.0793802552,3826,13,1503.4088397790056,86,95,46,33.36990810588397,0.6493459302325582,38.11063218390806,8298.69693501497,96.49647598854617,0
3828,31.760107441296476,0,0,181,0.0,0.0,1.0,181,5150,3800,1350,0.7378640776699029,65,38,27,180.61651721706167,0.3998337425823613,0.7146227034452093,0.12442976689890825,1089847.2464671005,-1981.1172089013762,1087866.1292581991,3827,14,1504.4088397790056,86,95,48,33.29515158439975,0.6501937984496124,38.02681992337166,8320.296345971867,96.74763192990542,0
3829,31.360714131514275,0,0,181,0.0,0.0,1.0,181,3850,1900,1950,0.4935064935064935,58,19,39,182.2375634810706,0.39936182729691017,0.7187696883784045,0.12590958931419471,1076929.1606636574,-798.6107437879887,1076130.5499198693,3828,15,1505.4088397790056,86,95,40,33.155153508771946,0.6511627906976745,37.93103448275863,8218.669910327912,95.56592918985943,0
3830,31.84811566945088,0,0,181,0.0,0.0,1.0,181,3950,2700,1250,0.6835443037974683,52,27,25,179.95907584539015,0.3990740740740741,0.7144086407551962,0.1247378514703121,1094559.4810757912,-754.8174655580037,1093804.6636102332,3829,16,1506.4088397790056,89,92,42,33.10598034022014,0.6512172284644195,37.82407407407409,8349.809214634324,93.81808106330702,0
3831,31.780845206467927,0,0,181,0.0,0.0,1.0,181,4500,3100,1400,0.6888888888888889,59,31,28,179.21725788233715,0.39880678330263963,0.7131342772209273,0.12451610908181197,1092894.6807483686,-1526.8824324167972,1091367.7983159518,3830,17,1507.4088397790056,92,89,42,33.046378947068725,0.6510416666666667,37.74641577060933,8334.640565235703,90.5939191873446,0
3832,31.299423813248943,0,1,180,0.0,0.0055248618784530384,0.994475138121547,181,4450,3000,1450,0.6741573033707865,59,30,29,179.65485877819884,0.3988003887865766,0.714299563421984,0.12520249203099576,1077166.952328256,-1946.3446597847446,1075220.6076684713,3831,18,1508.4088397790056,92,89,43,32.932285218232806,0.6520606884057971,37.64560931899643,8211.541263191453,89.25588329555927,0
3833,31.021668565615514,0,0,180,0.0,0.0,1.0,180,5550,4000,1550,0.7207207207207207,71,40,31,199.13905917147784,0.3983751034554108,0.7437768508119869,0.12835923017743725,1046181.2404829644,117.10959052529142,1046298.3500734897,3832,19,1502.0555555555557,74,106,39,35.1198593507674,0.6321790540540541,40.29166666666666,8056.585840395041,108.87278162696,8
3834,31.23622126591907,0,0,180,0.0,0.0,1.0,180,5350,3400,1950,0.6355140186915887,73,34,39,200.06888582831692,0.3976535019656528,0.7451321132851658,0.12960389969903333,1054827.2015049479,857.6205892991816,1055684.822094247,3833,20,1503.0555555555557,75,105,42,34.918440043598274,0.6334722222222222,40.117872807017534,8117.735628057697,108.23647504076929,0
3835,31.73266707421129,1,1,180,0.0055248618784530384,0.0055248618784530384,0.994475138121547,181,4650,3000,1650,0.6451612903225806,63,30,33,194.8547844750031,0.3980957131164313,0.7391552081587325,0.12673919871048048,1072752.8099796001,956.2035167056306,1073709.0134963058,3834,0,1495.745856353591,81,100,38,34.91046419789271,0.6323302469135803,39.97713414634145,8251.219033816416,101.86690165205452,0
3836,31.966019201959437,0,0,180,0.0,0.0,1.0,180,4700,3200,1500,0.6808510638297872,62,32,30,193.90615878840572,0.3969862145665218,0.7365388430461062,0.12632245610097814,1081098.2478920927,1226.3217043261157,1082324.5695964189,3835,22,1505.0555555555557,82,98,39,34.8791198185591,0.6324949186991871,39.922188755020066,8313.652308260573,101.38600375927528,0
3837,31.568989269531684,0,0,180,0.0,0.0,1.0,180,5350,3400,1950,0.6355140186915887,73,34,39,196.37247273019008,0.39696035071384234,0.7379199428162979,0.12849629997639636,1068925.8768737614,631.5235213973269,1069557.4003951587,3836,23,1506.0555555555557,83,97,41,34.65913152251609,0.6336596385542168,39.769345238095234,8215.21874778176,98.97853912990072,0
3838,31.568917674130134,0,0,180,0.0,0.0,1.0,180,4750,3200,1550,0.6736842105263158,63,32,31,195.76903320311567,0.396671322160149,0.7385468315236727,0.12852031339205716,1069847.7185531447,1138.6107071414667,1070986.3292602862,3837,24,1507.0555555555557,84,96,44,34.56015031695222,0.6344246031746033,39.656862745098024,8218.751067024723,97.84227460743718,0
3839,31.236936362289725,0,0,180,0.0,0.0,1.0,180,4200,2500,1700,0.5952380952380952,59,25,34,196.1599999999999,0.3966726153527829,0.7387555555555563,0.1290526315789475,1059195.1620242577,1354.3445965357382,1060549.5066207934,3838,25,1508.0555555555557,76,104,44,34.47500000000004,0.6384320175438596,39.58333333333334,8134.618844346301,107.0344584782408,0
3840,31.18752008326153,0,0,180,0.0,0.0,1.0,180,4500,3400,1100,0.7555555555555555,56,34,22,193.95495539628214,0.39657045313469896,0.7355618601579139,0.12786378516595004,1058091.2435014443,544.4079877041222,1058635.6514891484,3839,26,1509.0555555555557,73,107,41,34.46067504278122,0.6405536529680365,39.51295045045047,8123.94508925616,111.2869190309063,0
3841,31.652295240648563,0,0,180,0.0,0.0,1.0,180,3550,2000,1550,0.5633802816901409,51,20,31,190.29123051880714,0.39641203703703703,0.7306315149815346,0.12599505708724398,1075087.7148242192,1365.952833910747,1076453.66765813,3840,27,1510.0555555555557,75,105,44,34.4043612396578,0.6411111111111112,39.36403508771931,8249.726511734858,109.99635348979811,0
3842,32.07155278002658,1,0,181,0.0055248618784530384,0.0,1.0,181,4800,3200,1600,0.6666666666666666,64,32,32,187.1095973234086,0.3969856251278903,0.7277957198872951,0.1243533695485666,1090397.6079938167,-195.228529173678,1090202.379464643,3841,0,1502.707182320442,77,104,43,34.356968486462506,0.641504329004329,39.23611111111112,8363.102825625014,108.61172500811706,0
3843,31.63171528653304,0,0,181,0.0,0.0,1.0,181,5250,3800,1450,0.7238095238095238,67,38,29,187.89855640561728,0.39705724370779616,0.7277044965471005,0.12532408375975188,1076446.2601834475,-997.4603326609754,1075448.7998507866,3842,1,1503.707182320442,79,102,47,34.21258401543893,0.6418776371308017,39.114583333333336,8252.25322240854,104.4589015494752,0
3844,31.351458523662984,1,1,181,0.005494505494505495,0.005494505494505495,0.9945054945054945,182,3950,2600,1350,0.6582278481012658,53,26,27,186.39469881218304,0.3979905338676057,0.7271768803195471,0.12483048091942839,1068045.2481208246,-534.4055317471848,1067510.8425890773,3843,0,1496.4395604395604,83,99,37,34.11033976277572,0.6416917670682731,38.975694444444436,8183.492689292916,98.59629746136044,0
3845,30.925207104876424,0,0,181,0.0,0.0,1.0,181,5650,4200,1450,0.7433628318584071,71,42,29,193.53618445623235,0.39782970124820954,0.7354148104008584,0.13034982367217737,1055072.86632999,-1011.0446254385374,1054061.8217045516,3844,1,1505.5303867403316,85,96,39,33.72843828248162,0.642892156862745,38.78391472868218,8078.161536140591,95.03719454283048,0
3846,31.374885416132148,0,0,181,0.0,0.0,1.0,181,4050,2900,1150,0.7160493827160493,52,29,23,194.50028579957146,0.3975572948639247,0.7375507495685332,0.13132878452438695,1071109.4997692492,1416.2207655510656,1072525.7205348003,3845,2,1506.5303867403316,85,96,39,33.61681847679971,0.64375,38.69912790697675,8198.284921054023,96.45041083592967,0
3847,31.75158732266905,0,0,181,0.0,0.0,1.0,181,5150,3700,1450,0.7184466019417476,66,37,29,198.75998945983477,0.3976314712502558,0.7416730952845754,0.13474263577539847,1085086.5093513343,1784.3566323361388,1086870.8659836703,3846,3,1507.5303867403316,90,91,42,33.36826991841441,0.6434027777777778,38.564560439560445,8300.990188443677,92.23322431604085,0
3848,32.12779792584362,0,0,181,0.0,0.0,1.0,181,5550,4300,1250,0.7747747747747747,68,43,25,223.18560497244866,0.3976353079598936,0.7613038333517779,0.14513773309330522,1086053.4398437499,6728.298800787048,1092781.7386445368,3847,4,1508.5303867403316,77,104,32,34.18079096045197,0.6339285714285714,39.98397435897434,8353.742329275809,108.49016012046505,8
3849,32.2880665952864,0,0,181,0.0,0.0,1.0,181,4700,3200,1500,0.6808510638297872,62,32,30,224.06381030939917,0.3970777061591979,0.7607869439465886,0.1463685807674986,1092783.781876377,8070.659602307004,1100854.441478684,3848,5,1509.5303867403316,80,101,34,33.9981546471586,0.6342447916666667,39.82767489711932,8400.461359172268,105.00576698965335,0
3850,32.67520432141804,0,1,180,0.0,0.0055248618784530384,0.994475138121547,181,4950,3900,1050,0.7878787878787878,60,39,21,223.95429544005245,0.396853898096992,0.7615974886187431,0.14676227339868142,1106817.7839555223,8425.319397255716,1115243.1033527781,3849,6,1510.5303867403316,84,97,37,33.88901313621169,0.6338045634920635,39.718137254901954,8504.763046355347,101.24717912327795,0
3851,32.9206506036331,0,0,180,0.0,0.0,1.0,180,5400,3900,1500,0.7222222222222222,69,39,30,222.6471609949796,0.3967010655907304,0.7614941665414856,0.14660357574120467,1116538.8237763934,8318.83985089754,1124857.6636272909,3850,7,1516.2,70,110,39,33.75523415202046,0.6416666666666666,39.55399061032864,8574.052076227916,122.48645823182737,0
3852,33.266767369783146,0,0,180,0.0,0.0,1.0,180,4250,3100,1150,0.7294117647058823,54,31,23,219.83760743316503,0.3967928822677426,0.7571686379032709,0.14517988530487233,1129151.8301678048,9396.007354573934,1138547.837522379,3851,8,1517.2,71,109,37,33.72532483758124,0.6421654929577465,39.453125,8667.552279548967,122.07820112040798,0
3853,33.60391548033443,0,0,180,0.0,0.0,1.0,180,4500,3300,1200,0.7333333333333333,57,33,24,216.84835277774584,0.396721756672874,0.7545109263059355,0.1437221831330819,1141674.0822843877,9014.028830482992,1150688.1111148708,3852,9,1518.2,73,107,40,33.67736796630304,0.6424086757990868,39.329954954954964,8759.534161948688,119.99361865683134,0
3854,33.15622804026433,1,0,181,0.0055248618784530384,0.0,1.0,181,4600,3300,1300,0.717391304347826,59,33,26,219.0675186400363,0.3966045119705341,0.7578738736260897,0.14607531222180056,1128250.2839110843,8632.598020263724,1136882.881931348,3853,0,1510.8066298342542,76,105,42,33.40841716794579,0.643092105263158,39.123376623376636,8649.684815049508,113.811642303283,0
3855,32.721186264207915,0,1,180,0.0,0.0055248618784530384,0.994475138121547,181,5750,4200,1550,0.7304347826086957,73,42,31,217.56415263608042,0.3963743093922652,0.7570367177764756,0.14547397665450418,1114247.7359557096,6534.0728999752455,1120781.808855685,3854,1,1511.8066298342542,78,103,39,33.35175407572082,0.6431623931623931,39.02953586497892,8539.263166418858,109.47773290280587,0
3856,32.83475851526363,1,1,180,0.0055248618784530384,0.0055248618784530384,0.994475138121547,181,4300,2700,1600,0.627906976744186,59,27,32,214.02887794413624,0.3973872007366483,0.7533273086874763,0.1436691560177593,1119248.0965413116,7410.282848769668,1126658.3793900812,3855,0,1492.5303867403316,81,100,34,33.309007168109986,0.6432613168724279,38.897357723577244,8573.242206843635,105.84249638078562,0
3857,32.75333537067606,0,1,179,0.0,0.005555555555555556,0.9944444444444445,180,5750,4700,1050,0.8173913043478261,68,47,21,216.56545705069811,0.39616439064763087,0.755236829179746,0.14576844411834255,1117260.6934599201,6642.014544785783,1123902.7080047058,3856,3,1501.8222222222223,82,98,35,33.14864421167277,0.6438008130081301,38.805220883534155,8555.000197471309,104.32927070086961,0
3858,33.191399622593444,0,0,179,0.0,0.0,1.0,179,4500,2800,1700,0.6222222222222222,62,28,34,218.8988897594115,0.3957313309480468,0.7580800953399824,0.14805882543547402,1133628.9082401623,9330.021882589224,1142958.9301227515,3857,4,1509.6201117318435,83,96,38,32.919750743341574,0.6450803212851406,38.64087301587303,8674.87522874233,104.51656902099194,0
3859,33.14007383791837,0,0,179,0.0,0.0,1.0,179,5600,4100,1500,0.7321428571428571,71,41,30,217.87141157364707,0.3959431820559496,0.7553914434028075,0.14769515027672117,1132530.2250788598,7949.191757550374,1140479.4168364103,3858,5,1510.6201117318435,87,92,39,32.86942708804973,0.6443965517241379,38.565340909090914,8663.963906063758,99.58579202372135,0
3860,33.15527215206016,0,0,179,0.0,0.0,1.0,179,5500,3900,1600,0.7090909090909091,71,39,32,217.3546360663571,0.39572479233360536,0.7538873889667022,0.14799917627164794,1134338.6783215648,8010.754120515477,1142349.4324420802,3859,6,1511.6201117318435,74,105,38,32.73103164489753,0.6511824324324325,38.41666666666668,8672.866607109767,117.20090009607793,0
3861,32.782916209026624,0,0,179,0.0,0.0,1.0,179,5100,3900,1200,0.7647058823529411,63,39,24,217.58897509352653,0.3954514782499529,0.7522224356040192,0.14868451865716303,1122615.7726053852,7953.763077006847,1130569.535682392,3860,7,1512.6201117318435,76,103,40,32.60381666235891,0.651452850877193,38.298160173160184,8579.349486791427,112.88617745778193,0
3862,32.32610321266615,0,0,179,0.0,0.0,1.0,179,4100,3000,1100,0.7317073170731707,52,30,22,220.35693566864398,0.3954148620090809,0.7552409672646716,0.15075905202676565,1107316.0646297548,8900.954963695072,1116217.0195934498,3861,8,1513.6201117318435,76,103,41,32.48989990352146,0.6518640350877193,38.257575757575765,8461.112621194074,111.33042922623781,0
3863,32.0311214650099,0,0,179,0.0,0.0,1.0,179,4900,3600,1300,0.7346938775510204,62,36,26,220.50220355506792,0.39518470278074197,0.7544541173856436,0.1515534045021589,1098495.9843955003,7744.157031120381,1106240.1414266205,3862,9,1514.6201117318435,80,99,37,32.329568704476635,0.6516927083333333,38.104423868312765,8388.809010222843,104.86011262778554,0
3864,31.974132824711376,0,0,179,0.0,0.0,1.0,179,4650,3200,1450,0.6881720430107527,61,32,29,221.91464609733595,0.3952147804071726,0.7562688335872683,0.15302539537805343,1097454.497614224,8258.245289198334,1105712.7429034223,3863,10,1515.6201117318435,81,98,40,32.18116161616163,0.652391975308642,37.99542682926831,8377.369023242833,103.42430892892386,0
3865,32.14359979938964,0,0,179,0.0,0.0,1.0,179,5150,3400,1750,0.6601941747572816,69,34,35,220.28858383404156,0.39493754315485535,0.7544341263087784,0.1525852117382587,1104519.6443170789,7712.613652697912,1112232.2579697769,3864,11,1516.6201117318435,86,93,34,32.07229580573953,0.6520106589147288,37.847222222222236,8426.53397518725,97.98295319985175,0
3866,32.46023724504964,0,0,179,0.0,0.0,1.0,179,5100,3800,1300,0.7450980392156863,64,38,26,218.61162711773667,0.39459884292678843,0.7548799177687935,0.15207245973818623,1116601.6384984052,7920.420206893823,1124522.0587052992,3865,12,1517.6201117318435,90,89,36,31.97199310465218,0.6520833333333333,37.70604395604398,8514.1240411295,94.60137823477223,0
3867,32.75292226403755,0,0,179,0.0,0.0,1.0,179,5350,3900,1450,0.7289719626168224,68,39,29,216.186052154331,0.3945975352039002,0.7525733182968948,0.15080961988634828,1127467.269910394,7598.539603030151,1135065.809513424,3866,13,1518.6201117318435,91,88,37,31.940788527372618,0.6527014652014652,37.61322463768117,8593.933656553552,94.43883139069838,0
3868,33.15849635579452,0,0,179,0.0,0.0,1.0,179,4950,3800,1150,0.7676767676767676,61,38,23,217.9432325395849,0.394533456782374,0.7558572348615322,0.1526912579588006,1142658.8809083358,9056.95403904564,1151715.8349473814,3867,14,1519.6201117318435,73,106,37,31.75022341376231,0.6612442922374429,37.47184684684686,8705.038809622325,119.24710698112774,0
3869,33.185657442808015,0,1,178,0.0,0.00558659217877095,0.994413407821229,179,4800,3000,1800,0.625,66,30,36,219.425400395713,0.39446676291507127,0.7591036522128514,0.1544470635535592,1144923.006904803,9645.037842470154,1154568.0447472732,3868,15,1520.6201117318435,74,105,38,31.555565836549828,0.662302927927928,37.31944444444446,8717.226933553198,117.80036396693511,0
3870,33.329747552305726,0,0,178,0.0,0.0,1.0,178,4450,2900,1550,0.651685393258427,60,29,31,218.32579848085913,0.3942357540362682,0.7563873875005562,0.15420728867574848,1150885.9005243347,10203.616638467673,1161089.5171628024,3869,16,1528.7977528089887,77,101,40,31.468729884473362,0.6620670995670996,37.206196581196586,8758.85112625899,113.75131332803882,0
3871,32.905514309751524,0,0,178,0.0,0.0,1.0,178,5600,4400,1200,0.7857142857142857,68,44,24,217.179753830207,0.3937933779809137,0.7552002079368805,0.1541365646152809,1137588.9834399065,8212.259076686849,1145801.2425165933,3870,17,1529.7977528089887,80,98,38,31.33915325801666,0.6623697916666667,37.049897119341566,8652.508373090148,108.15635466362684,0
3872,33.314766113352725,0,0,178,0.0,0.0,1.0,178,4600,3100,1500,0.6739130434782609,61,31,30,217.05269576341612,0.3935956643179077,0.755904508117909,0.15422959097852185,1152075.3747946117,9812.21316436373,1161887.5879589755,3871,18,1530.7977528089887,80,98,40,31.30307660961695,0.6627604166666667,37.01131687242798,8761.406468853693,109.51758086067116,0
3873,32.85850108429563,0,0,178,0.0,0.0,1.0,178,5200,4000,1200,0.7692307692307693,64,40,24,217.08493372984776,0.39366178928881274,0.7563854956303409,0.15476922762405762,1137233.6954020169,8575.260280339253,1145808.9556823561,3872,19,1531.7977528089887,81,97,40,31.191506526322552,0.663451646090535,36.90294715447154,8644.974796199775,106.72808390370092,0
3874,32.32338610916824,0,1,177,0.0,0.0056179775280898875,0.9943820224719101,178,5150,3500,1650,0.6796116504854369,68,35,33,219.75317153888614,0.3935897130705262,0.7602956487787949,0.15722671665351223,1119685.8390699935,8460.90285256192,1128146.7419225555,3873,20,1532.7977528089887,81,97,36,31.004464285714295,0.6646090534979423,36.788617886178855,8507.883132392844,105.03559422707215,0
3875,32.37065991162189,0,1,176,0.0,0.005649717514124294,0.9943502824858758,177,5050,3600,1450,0.7128712871287128,65,36,29,221.48676038407694,0.3928172080979284,0.758791746633678,0.15885498567664186,1121995.3184127496,9251.421648268057,1131246.7400610177,3874,21,1539.3446327683616,86,91,37,30.87824010914051,0.6635174418604651,36.70977011494252,8522.878489661922,99.10323825188281,0
3876,32.18174866105222,1,0,177,0.005649717514124294,0.0,1.0,177,5150,3600,1550,0.6990291262135923,67,36,31,219.8385962912833,0.39351941020373227,0.7580603978665994,0.15828929217318619,1116511.3004151355,8540.455405323904,1125051.7558204595,3875,0,1538.6045197740114,90,87,39,30.793354192015745,0.6634259259259259,36.584249084249095,8477.179489333064,94.19088321481182,0
3877,31.76386991416148,0,0,177,0.0,0.0,1.0,177,5600,3800,1800,0.6785714285714286,74,38,36,220.01999982159057,0.39347660931347367,0.7598939829066518,0.1592588151271174,1103430.6058694224,7555.3603413053825,1110985.9662107278,3876,1,1539.6045197740114,71,106,40,30.61553186234152,0.672975352112676,36.41493055555554,8372.481857148523,117.92227967814821,0
3878,31.374747221415696,0,1,176,0.0,0.005649717514124294,0.9943502824858758,177,5450,3800,1650,0.6972477064220184,71,38,33,215.54039770868442,0.3934378210066769,0.7531292527794866,0.15647419513659083,1090687.7363992776,6167.453695896797,1096855.1900951744,3877,2,1540.6045197740114,75,102,40,30.637930138268008,0.6719444444444445,36.32127192982455,8272.853440866129,110.30471254488172,0
3879,31.898020173016292,0,0,176,0.0,0.0,1.0,176,6200,5100,1100,0.8225806451612904,73,51,22,205.47387804108493,0.3937885551948052,0.7504323051008055,0.13637716655532467,1084121.0081547087,3151.709562271906,1087272.7177169805,3878,3,1544.9204545454545,68,108,40,33.924314804091885,0.6455269607843137,39.28140096618359,8316.407131461252,122.30010487443018,8
3880,31.984417605043124,0,0,176,0.0,0.0,1.0,176,5100,3400,1700,0.6666666666666666,68,34,34,201.36509351800177,0.39348755411255415,0.7438559404071601,0.13421004919996873,1088246.1291900738,3526.956714992659,1091773.0859050665,3879,4,1545.9204545454545,74,102,42,33.886056685479026,0.6438626126126126,39.1388888888889,8343.490714693358,112.74987452288322,0
3881,31.814030002234162,0,1,175,0.0,0.005681818181818182,0.9943181818181818,176,4600,3100,1500,0.6739130434782609,61,31,30,200.8477764473345,0.3931946699134199,0.7427872041130805,0.1342999811246291,1083363.6415653382,3718.2356984573576,1087081.8772637956,3880,5,1546.9204545454545,76,100,46,33.787128712871315,0.6440515350877193,39.028679653679674,8302.549415220548,109.24407125290195,0
3882,31.440793571946827,0,0,175,0.0,0.0,1.0,175,5350,3700,1650,0.6915887850467289,70,37,33,199.53380877900037,0.3932060755336617,0.7402611299882558,0.13419089220436664,1072253.0882573673,2440.148535007859,1074693.236792375,3881,6,1552.3714285714286,81,94,43,33.62269362971612,0.6439043209876543,38.83384146341465,8211.271278527161,101.37371948798965,0
3883,31.04040526263752,0,0,175,0.0,0.0,1.0,175,4050,2900,1150,0.7160493827160493,52,29,23,201.09170348570484,0.39309386973180077,0.7416402142127805,0.13564621402395904,1059422.3051918843,3558.2072123578446,1062980.512404242,3882,7,1553.3714285714286,81,94,43,33.47833706098766,0.6449331275720165,38.73221544715449,8109.857914591835,100.12170264928191,0
3884,31.203699815048765,0,0,175,0.0,0.0,1.0,175,4950,3900,1050,0.7878787878787878,60,39,21,206.49209394483862,0.39288587848932677,0.747999491015757,0.139875606730307,1066149.7502328432,4080.2988768693967,1070230.0491097127,3883,8,1554.3714285714286,84,91,43,33.192790617723816,0.6452132936507937,38.590686274509814,8156.937754348133,97.10640183747778,0
3885,31.30390583121467,0,1,174,0.0,0.005714285714285714,0.9942857142857143,175,4600,3300,1300,0.717391304347826,59,33,26,205.090716830315,0.39282293377120964,0.7467572805925093,0.13925426523786308,1070221.8381545509,4298.512790914857,1074520.3509454657,3884,9,1555.3714285714286,68,107,42,33.14858649423626,0.6533394607843137,38.51147342995169,8185.612211691871,120.37665017193929,0
3886,31.00119507173701,0,1,173,0.0,0.005747126436781609,0.9942528735632183,174,4400,3100,1300,0.7045454545454546,57,31,26,207.5380197381317,0.3924649248111975,0.7481367121650233,0.14128982614085503,1060593.1415346991,4822.680068391042,1065415.8216030903,3885,10,1559.8908045977012,69,105,42,32.99389388250463,0.6536835748792271,38.422619047619044,8109.21141325882,117.52480309070754,0
3887,30.721087370351196,0,0,173,0.0,0.0,1.0,173,4300,3100,1200,0.7209302325581395,55,31,24,212.23834583255388,0.3926098938029305,0.7506751515080821,0.1450539315310764,1052058.1460611143,5757.416127934842,1057815.562189049,3886,11,1567.3236994219653,70,103,46,32.73781160070261,0.6544642857142857,38.29225352112676,8039.946545075183,114.85637921535977,0
3888,30.394169366985047,0,0,173,0.0,0.0,1.0,173,5350,4000,1350,0.7476635514018691,67,40,27,209.15088449531734,0.39246146435452794,0.7467412517869347,0.14344419069369113,1041790.1967703047,3628.2682226120046,1045418.4649929167,3887,12,1568.3236994219653,73,100,43,32.69959677419353,0.654109589041096,38.17567567567568,7957.93285790994,109.01277887547863,0
3889,30.520132799784683,0,0,173,0.0,0.0,1.0,173,4550,3100,1450,0.6813186813186813,60,31,29,209.04394705326624,0.3919727673970516,0.7463657362185252,0.14403987036684007,1047345.4155193071,4638.243917659964,1051983.659436967,3888,13,1569.3236994219653,73,100,45,32.54431742876075,0.6556792237442922,38.02083333333334,7995.638957443618,109.52930078689887,0
3890,30.543444051185038,0,0,173,0.0,0.0,1.0,173,5250,3900,1350,0.7428571428571429,66,39,27,210.0878147788748,0.3916983129452884,0.7463040450941416,0.14529870821035865,1049132.666922799,4231.997881388722,1053364.6648041878,3889,14,1570.3236994219653,75,98,35,32.39102346214854,0.6559722222222222,37.89747807017543,8005.513714238082,106.74018285650776,0
3891,30.78937447531411,0,0,173,0.0,0.0,1.0,173,4800,3400,1400,0.7083333333333334,62,34,28,208.3063527979157,0.3915624859972218,0.7447762257402961,0.1445189728209988,1058416.9151816536,4694.993468222129,1063111.9086498758,3890,15,1571.3236994219653,77,96,39,32.331881769719175,0.6561147186147186,37.79380341880341,8073.16477628626,104.84629579592546,0
3892,30.823721256477924,0,0,173,0.0,0.0,1.0,173,4900,3500,1400,0.7142857142857143,63,35,28,205.57363201290346,0.3914336604382309,0.7418223128069763,0.14315321697223327,1060587.0287276858,4105.745512264667,1064692.7742399506,3891,16,1572.3236994219653,78,95,39,32.278629471391454,0.6569177350427351,37.671413502109694,8085.943227816807,103.6659388181642,0
3893,31.294241458533147,0,1,172,0.0,0.005780346820809248,0.9942196531791907,173,4350,3000,1350,0.6896551724137931,57,30,27,204.21271986694825,0.39141965766007975,0.7397931766128951,0.14255766503199035,1077445.0440686643,5055.596591285195,1082500.6406599495,3892,17,1573.3236994219653,80,93,39,32.2312750142939,0.6569010416666667,37.590020576131685,8211.921257219245,102.64901571524055,0
3894,30.94963985974456,0,0,172,0.0,0.0,1.0,172,4700,3600,1100,0.7659574468085106,58,36,22,207.28576667505675,0.39135741080738023,0.7420844165808598,0.1449891145231483,1066107.8978399748,5097.798592418448,1071205.6964323933,3893,18,1581.889534883721,82,90,39,32.084369321985264,0.6567581300813008,37.52510040160642,8123.503614792886,99.06711725357178,0
3895,31.359831088982986,0,1,171,0.0,0.005813953488372093,0.9941860465116279,172,5100,3200,1900,0.6274509803921569,70,32,38,202.12985252205146,0.39100962192302463,0.7347867296730883,0.14193496391887767,1081289.7638483215,4212.188100052913,1085501.9519483745,3894,19,1582.889534883721,70,102,39,32.089315976683956,0.6635416666666667,37.39730046948356,8235.176300787933,117.6453757255419,0
3896,31.567899942890797,0,0,171,0.0,0.0,1.0,171,5000,3800,1200,0.76,62,38,24,200.9768610355987,0.39025197798417616,0.7323817364517264,0.14143162360319073,1089051.9197345078,4574.847266606755,1093626.7670011146,3895,20,1586.748538011696,71,100,38,32.04725710508922,0.6637323943661972,37.32638888888888,8292.054273193344,116.78949680554005,0
3897,31.401177615368955,0,1,170,0.0,0.005847953216374269,0.9941520467836258,171,3850,2600,1250,0.6753246753246753,51,26,25,197.00050080798076,0.3902949776401789,0.727413364273475,0.13916985897125328,1084340.1272155643,4673.109621531008,1089013.2368370953,3896,21,1587.748538011696,72,99,42,32.02317605111219,0.6644965277777778,37.200342465753415,8252.218723490985,114.6141489373748,0
3898,31.711695619986713,0,0,170,0.0,0.0,1.0,170,4450,3300,1150,0.7415730337078652,56,33,23,194.26266432497326,0.390158371040724,0.7222206340673725,0.13778892837527382,1096154.0347494616,4138.36066019982,1100292.3954096613,3897,22,1596.2176470588236,74,96,44,31.961685418977662,0.6648367117117118,37.069444444444436,8337.973746971764,112.67532090502384,0
3899,31.509626185810284,0,0,170,0.0,0.0,1.0,170,4650,3600,1050,0.7741935483870968,57,36,21,194.4139728136555,0.389422351780949,0.7232584231774957,0.13822192383554,1089803.7308975318,3724.614582186434,1093528.3454797182,3898,23,1597.2176470588236,75,95,46,31.879646759428166,0.665138888888889,36.992872807017534,8287.25626205471,110.49675016072948,0
3900,31.213891714770575,0,0,170,0.0,0.0,1.0,170,5300,3700,1600,0.6981132075471698,69,37,32,192.87326388888903,0.38890677572804266,0.7219068627450982,0.13776661706349205,1080813.4250266803,2392.002587964902,1083205.4276146453,3899,24,1598.2176470588236,75,95,39,31.76649305555555,0.6666666666666667,36.84210526315789,8214.182030202772,109.5224270693703,0
3901,31.712848586505622,0,0,170,0.0,0.0,1.0,170,4050,3000,1050,0.7407407407407407,51,30,21,194.61682096648335,0.3888154078199327,0.7248684397452521,0.13950047708393126,1099035.3137453313,4728.15177820363,1103763.465523535,3900,25,1599.2176470588236,76,94,40,31.605197574636435,0.6673519736842105,36.728896103896105,8349.076655059338,109.85627177709655,0
3902,31.38357904274379,0,0,170,0.0,0.0,1.0,170,4200,3000,1200,0.7142857142857143,54,30,24,193.39343481446434,0.388692133658197,0.7228661634382882,0.13899413722739432,1088334.582907064,3895.352643152809,1092229.9355502166,3901,26,1600.2176470588236,78,92,41,31.549779702598507,0.6673344017094017,36.64293248945147,8265.087344682493,105.96265826516017,0
3903,31.409460224869914,0,0,170,0.0,0.0,1.0,170,4750,3300,1450,0.6947368421052632,62,33,29,197.35280084626677,0.3885521812275206,0.7289057027169235,0.14248407530238671,1090436.3005617866,4290.1316120620195,1094726.4321738486,3902,27,1601.2176470588236,79,91,42,31.297098137075682,0.6683808016877637,36.497395833333336,8276.474564722559,104.7655008192729,0
3904,31.452931759387994,0,0,170,0.0,0.0,1.0,170,5000,3500,1500,0.7,65,35,30,194.86551088350217,0.38846516417217775,0.725839400764758,0.14118320562720804,1092877.415657859,3592.8231870419436,1096470.238844901,3903,28,1602.2176470588236,70,100,42,31.248028903235372,0.6738095238095239,36.384976525821585,8291.465344082777,118.44950491546824,0
3905,31.84218637423676,0,0,170,0.0,0.0,1.0,170,4200,2700,1500,0.6428571428571429,57,27,30,196.2752498512095,0.38834769114746487,0.7283029735762117,0.14259706308915263,1107141.6666456151,5260.9014483104465,1112402.5680939255,3904,29,1603.2176470588236,70,100,44,31.12111012202811,0.6747023809523809,36.296948356807505,8396.881717877503,119.95545311253575,0
3906,32.09405866413358,0,1,169,0.0,0.0058823529411764705,0.9941176470588236,170,4400,3200,1200,0.7272727272727273,56,32,24,197.48748030067887,0.38834769114746487,0.7288797622926757,0.14385893840680256,1116614.9841229906,5703.495936086257,1122318.4800590768,3905,30,1604.2176470588236,71,99,47,31.002909102542993,0.6750293427230047,36.212384259259245,8466.01521445523,119.23965090782015,0
3907,32.32280246394001,0,0,169,0.0,0.0,1.0,169,4800,3600,1200,0.75,60,36,24,195.0216433588688,0.388507326007326,0.723476996414234,0.14278995839992786,1125957.4389083828,5317.214017611288,1131274.652925994,3906,31,1602.9704142011835,73,96,42,30.90251853234493,0.675656392694064,36.050112612612615,8531.60007040174,116.87123384111973,0
3908,32.69267490096683,0,0,169,0.0,0.0,1.0,169,4900,3300,1600,0.673469387755102,65,33,32,192.04752209084828,0.3883106743683667,0.7189424887958278,0.14126419465929,1140105.814622737,5090.899323933174,1145196.71394667,3907,32,1603.9704142011835,76,93,47,30.831775262097448,0.6757127192982456,35.90367965367967,8634.015143623883,113.60546241610372,0
3909,33.132555432334634,0,0,169,0.0,0.0,1.0,169,3950,2800,1150,0.7088607594936709,51,28,23,190.45958504119386,0.3880964121348737,0.7167760130639924,0.1403965389618499,1156037.9033889275,6285.699874269484,1162323.603263197,3908,33,1604.9704142011835,76,93,47,30.804783120807063,0.6763980263157895,35.83603896103897,8752.427082348495,115.16351424142756,0
3910,33.07519973563242,0,0,169,0.0,0.0,1.0,169,5450,3800,1650,0.6972477064220184,71,38,33,192.352465122593,0.38792324128862593,0.7201967171497259,0.14243461999934967,1155281.8550950037,5194.2625477854945,1160476.1176427891,3909,34,1605.9704142011835,78,91,42,30.609565976552783,0.6769497863247863,35.6935654008439,8741.988115780005,112.07677071512826,0
3911,33.08608210633193,0,0,169,0.0,0.0,1.0,169,5050,4100,950,0.8118811881188119,60,41,19,193.43966119777417,0.3875754320465859,0.7206882450229615,0.14374097845635925,1156621.6300701357,5897.299250957177,1162518.9293210928,3910,35,1606.9704142011835,80,89,43,30.468990645720858,0.6772135416666667,35.583847736625536,8748.494524026435,109.35618155033043,0
3912,33.207919151434,0,0,169,0.0,0.0,1.0,169,4400,2900,1500,0.6590909090909091,59,29,30,193.91522592286495,0.38741106649760493,0.722025337173539,0.14463075446338663,1161902.822568254,6862.12966774764,1168764.9522360016,3911,36,1607.9704142011835,81,88,43,30.337791330516072,0.6779835390946503,35.46747967479676,8784.574547884458,108.45153762820318,0
3913,33.63437068356149,0,0,169,0.0,0.0,1.0,169,4300,3100,1200,0.7209302325581395,55,31,24,195.04214587989443,0.3874565605334836,0.7241291644753058,0.14611388274884524,1178048.58269221,7853.824703811557,1185902.4073960218,3912,37,1608.9704142011835,71,98,44,30.16767792718925,0.6839788732394366,35.32986111111112,8902.013560258618,125.38047267969884,0
3914,33.93465682899396,0,0,169,0.0,0.0,1.0,169,4300,3200,1100,0.7441860465116279,54,32,22,194.82584443417494,0.38699574997651925,0.7227950157578076,0.1465361439284794,1189683.1959636204,8256.206652552182,1197939.4026161726,3913,38,1609.9704142011835,73,96,45,30.04663716265307,0.6842180365296804,35.205518018018026,8985.7098762698,123.09191611328494,0
3915,33.78458457929646,0,0,169,0.0,0.0,1.0,169,3850,2700,1150,0.7012987012987013,50,27,23,193.82816433480352,0.3869663989856298,0.7213070500150491,0.1460989365163918,1185018.091490299,8287.976275419498,1193306.0677657186,3914,39,1610.9704142011835,74,95,43,30.005134591854574,0.6844031531531531,35.1388888888889,8948.222610099794,120.92192716351073,0
3916,33.80963793996408,1,0,170,0.0058823529411764705,0.0,1.0,170,4750,3300,1450,0.6947368421052632,62,33,29,196.75004197461405,0.38721936999651935,0.725996715128657,0.1493385326447817,1187828.696827205,7991.069191880749,1195819.7660190857,3915,0,1602.4882352941177,75,95,43,29.70785935884176,0.6861111111111111,34.92324561403509,8962.149092090265,119.4953212278702,0
3917,34.045373208385776,0,0,170,0.0,0.0,1.0,170,5250,4100,1150,0.780952380952381,64,41,23,199.11837529378369,0.38700255250029003,0.7283507567483232,0.15176969787166933,1197274.064620225,8429.853305712762,1205703.9179259378,3916,1,1603.4882352941177,76,94,46,29.51364092362104,0.6869517543859649,34.794372294372295,9029.024572202308,118.80295489739879,0
3918,33.873470749154855,0,0,170,0.0,0.0,1.0,170,3900,2800,1100,0.717948717948718,50,28,22,199.97319449794622,0.3865348358278222,0.731059320904867,0.1531124239491209,1192477.106494311,9792.691270266921,1202269.797764578,3917,2,1604.4882352941177,77,93,42,29.34926896169909,0.6879058441558441,34.65544871794871,8988.140896300167,116.72910254935282,0
3919,33.424586031087586,0,0,170,0.0,0.0,1.0,170,4350,3000,1350,0.6896551724137931,57,30,27,222.47212467775043,0.38671829678617003,0.7518503772147211,0.15587601278525212,1151850.2661492426,12900.91520417058,1164751.1813534133,3918,3,1605.4882352941177,67,103,41,31.628787878787854,0.6644900497512438,37.46936274509802,8774.977870722669,130.96981896600997,8
3920,33.663355177657635,0,0,170,0.0,0.0,1.0,170,4050,3100,950,0.7654320987654321,50,31,19,221.40602825262775,0.3863644274277758,0.7503829700894458,0.15548477438249644,1160741.7945150738,13349.046110081741,1174090.8406251555,3919,4,1606.4882352941177,68,102,42,31.58007569224874,0.6646752450980392,37.39432367149756,8840.188153915318,130.00276696934293,0
3921,33.40692638121766,0,0,170,0.0,0.0,1.0,170,4200,2900,1300,0.6904761904761905,55,29,26,220.98641469924445,0.38591266388212087,0.7503806620354179,0.15574910784491616,1152931.2798141968,12756.429984149956,1165687.7097983467,3920,5,1607.4882352941177,69,101,41,31.4709595959596,0.6653079710144927,37.2767857142857,8776.775078279697,127.19963881564779,0
3922,32.89720946524204,0,0,170,0.0,0.0,1.0,170,4850,3200,1650,0.6597938144329897,65,32,33,220.1109614709732,0.3854463974939088,0.7489110231784011,0.15558504770745873,1136161.9094834721,11166.338056620654,1147328.2475400928,3921,6,1608.4882352941177,71,99,39,31.39679437777533,0.665199530516432,37.181712962962955,8645.988239953494,121.77448225286612,0
3923,32.40837909798317,0,0,170,0.0,0.0,1.0,170,4850,3500,1350,0.7216494845360825,62,35,27,221.9551670318449,0.3855573442394709,0.748990447242728,0.1572808460536424,1119971.5181038675,10866.693074330535,1130838.211178198,3922,7,1609.4882352941177,72,98,43,31.26526541467652,0.6655092592592593,37.10045662100456,8520.14806651314,118.33538981268251,0
3924,32.22422293323877,0,0,170,0.0,0.0,1.0,170,4550,3100,1450,0.6813186813186813,60,31,29,217.410603147092,0.38539201183431954,0.7392693873911362,0.14525846847673704,1097102.9870589743,9154.364426193566,1106257.3514851679,3923,8,1610.4882352941177,78,92,40,33.38270591207681,0.6428952991452992,39.05590717299578,8408.720620369137,107.80411051755303,8
3925,32.49946762282652,0,0,170,0.0,0.0,1.0,170,4400,2700,1700,0.6136363636363636,61,27,34,217.96690337443871,0.3853992632555981,0.7421388667198716,0.14604948124501194,1107301.5768890278,9871.019163226998,1117172.5960522548,3924,9,1611.4882352941177,79,91,45,33.26848895982974,0.6434599156118144,38.95833333333334,8483.715194042034,107.3887999245827,0
3926,32.841751849825776,0,0,170,0.0,0.0,1.0,170,5800,4100,1700,0.7068965517241379,75,41,34,218.78520574566664,0.38512080867850096,0.7436380294283231,0.1473965058683505,1120540.1575037774,9231.521781148924,1129771.6792849263,3925,10,1612.4882352941177,84,86,38,33.05928254206543,0.6433531746031746,38.77450980392155,8579.102725868664,102.1321753079603,0
3927,32.56407958002154,0,0,170,0.0,0.0,1.0,170,4200,2900,1300,0.6904761904761905,55,29,26,217.40875464077257,0.3851432880844645,0.7408164616500825,0.1468421563257895,1111796.00215591,10142.836848660943,1121938.8390045709,3926,11,1613.4882352941177,84,86,38,33.007589613719105,0.6442212301587302,38.68872549019606,8509.361138294073,101.30191831302467,0
3928,32.98634710794907,0,0,170,0.0,0.0,1.0,170,4200,2900,1300,0.6904761904761905,55,29,26,220.6286796866498,0.38472125536605173,0.7381739705813151,0.14499528479128385,1118199.1228999943,11141.359222438608,1129340.482122433,3927,12,1614.4882352941177,84,86,40,33.87537064056098,0.634796626984127,39.620098039215655,8588.981826012097,102.24978364300117,7
3929,33.02376503896675,0,0,170,0.0,0.0,1.0,170,3750,2800,950,0.7466666666666667,47,28,19,219.08508777270023,0.38441742081447966,0.7361397079532528,0.14431976115876613,1120162.249930345,11332.168969130984,1131494.418899476,3928,13,1615.4882352941177,70,100,41,33.833014138455454,0.6418154761904762,39.53931924882629,8601.392323016089,122.87703318594413,0
3930,33.395806952927224,0,0,170,0.0,0.0,1.0,170,4000,2900,1100,0.725,51,29,22,215.9377248456527,0.3844282979463975,0.7327493591739149,0.1427954530420134,1133930.7017164943,10971.683172258778,1144902.384888753,3929,14,1616.4882352941177,70,100,41,33.780097023608455,0.643154761904762,39.40727699530516,8702.704270802415,124.32434672574878,0
3931,33.36620586255225,0,0,170,0.0,0.0,1.0,170,4750,3500,1250,0.7368421052631579,60,35,25,215.16364454584715,0.38433547975403176,0.7328201079089354,0.14293992437026684,1134293.5525428648,10061.746949995904,1144355.2994928607,3930,15,1617.4882352941177,74,96,41,33.63960796846706,0.6427364864864865,39.25000000000001,8700.238178660516,117.57078619811509,0
3932,33.71235450445708,0,0,170,0.0,0.0,1.0,170,4850,3800,1050,0.7835051546391752,59,38,21,212.3711940788673,0.3846857234017868,0.7287248191124607,0.141610169661718,1147174.3255829508,9875.356268134205,1157049.681851085,3931,16,1618.4882352941177,76,94,42,33.58310862200095,0.643092105263158,39.12337662337663,8794.76520919848,115.72059485787474,0
3933,33.55417627838349,0,0,170,0.0,0.0,1.0,170,4850,3800,1050,0.7835051546391752,59,38,21,213.6813685079826,0.38483147696948605,0.7308053914635149,0.14310001255020416,1143075.2665367497,10000.777452240058,1153076.0439889897,3932,17,1619.4882352941177,78,92,44,33.399213645854374,0.6436965811965811,38.97679324894516,8758.418692073863,112.28741912915208,0
3934,32.981667904943095,0,0,170,0.0,0.0,1.0,170,4100,2400,1700,0.5853658536585366,58,24,34,211.99752179913872,0.3845240167072746,0.7299742770726749,0.14258786130058426,1124833.205374982,9592.370395375503,1134425.5757703574,3933,18,1620.4882352941177,82,88,37,33.29358881947783,0.6435467479674797,38.83032128514056,8613.811610214181,105.04648305139246,0
3935,33.3486416321236,0,0,170,0.0,0.0,1.0,170,4950,3600,1350,0.7272727272727273,63,36,27,214.13904676691803,0.38423468499825963,0.7302811628518071,0.1445108854016361,1138332.7550387012,9802.298213509439,1148135.0532522106,3934,19,1621.4882352941177,82,88,39,33.12228813423637,0.6446900406504066,38.71736947791165,8713.420809979702,106.26122938999636,0
3936,33.42426583422198,1,0,171,0.005847953216374269,0.0,1.0,171,5050,3500,1550,0.693069306930693,66,35,31,212.51654027006185,0.3855406490081413,0.7289881176873483,0.14406272001221818,1142237.4029014022,9298.868206333495,1151536.2711077358,3935,0,1613.0,85,86,41,33.009984247590786,0.6450980392156862,38.56589147286822,8738.243141543713,102.80286048874957,0
3937,33.45265625485004,0,0,171,0.0,0.0,1.0,171,4150,3100,1050,0.7469879518072289,52,31,21,217.37242042378645,0.3858574131406949,0.7322084641591571,0.14776616160938377,1144026.9608758097,11385.981903129063,1155412.9427789387,3936,1,1614.0,74,97,43,32.7873296158612,0.6506193693693694,38.47222222222225,8748.79885109488,118.22701150128216,0
3938,33.56376767633252,0,0,171,0.0,0.0,1.0,171,4800,3300,1500,0.6875,63,33,30,218.62324387889038,0.38616271069831437,0.7347350536264197,0.14886298536569204,1148314.5030705903,11209.648330894033,1159524.1514014844,3937,2,1615.0,74,97,43,32.69784697886804,0.6511824324324325,38.416666666666686,8779.722228000692,118.64489497298231,0
3939,33.53708073617582,0,1,170,0.0,0.005847953216374269,0.9941520467836258,171,4350,2900,1450,0.6666666666666666,58,29,29,218.42631512552745,0.38577571379428965,0.7356272605686665,0.1491616601406337,1148254.5288280917,11611.801111624074,1159866.3299397158,3938,3,1616.0,74,97,41,32.603652495444315,0.6521677927927928,38.319444444444464,8776.001918754058,118.5946205237035,0
3940,33.15151841243048,0,0,170,0.0,0.0,1.0,170,3550,2300,1250,0.647887323943662,48,23,25,214.46084980172247,0.38576328460378234,0.7296910263712906,0.14722510008846293,1136574.380988503,11200.141521932444,1147774.5225104357,3939,4,1608.9588235294118,75,95,43,32.52840661257961,0.6534722222222222,38.14418859649124,8680.917753145375,115.74557004193834,0
3941,33.30293859952061,0,0,170,0.0,0.0,1.0,170,4250,3000,1250,0.7058823529411765,55,30,25,215.78627186560448,0.3857255772131338,0.731018660140716,0.14850638373235028,1142492.167709724,11056.825101147071,1153548.9928108712,3940,5,1609.9588235294118,77,93,45,32.408611196084436,0.6534090909090908,38.06089743589745,8723.341849505878,113.29015388968672,0
3942,33.50455572622307,1,0,171,0.005847953216374269,0.0,1.0,171,5200,4500,700,0.8653846153846154,59,45,14,216.2061060405763,0.3866285403050109,0.7340901272789813,0.14944356120826724,1150674.994104053,10356.591958700335,1161031.5860627533,3941,0,1601.5380116959063,79,92,45,32.250264970853216,0.6540084388185654,37.916666666666686,8780.985646581008,111.15171704532922,0
3943,33.73597138800404,1,0,172,0.005813953488372093,0.0,1.0,172,4250,3100,1150,0.7294117647058823,54,31,23,213.90485075178663,0.38732773471145565,0.7335107734232447,0.14855323083244873,1160004.6132417258,10976.12273337142,1170980.7359750972,3942,0,1593.2209302325582,83,89,39,32.1509847732539,0.6539909638554218,37.76041666666669,8846.907080135506,106.58924192934346,0
3944,33.49484112238028,0,0,172,0.0,0.0,1.0,172,5600,3400,2200,0.6071428571428571,78,34,44,218.7484996520809,0.38685457183009203,0.7357913199140804,0.15240877075728088,1152649.3481089189,10428.063104755414,1163077.4112136743,3943,1,1594.2209302325582,87,85,41,31.915100618147363,0.6536159003831418,37.6538825757576,8787.241522198392,101.0027761172229,0
3945,33.47491496349751,0,0,172,0.0,0.0,1.0,172,5500,3800,1700,0.6909090909090909,72,38,34,218.08832176724118,0.38689636316242804,0.7352883976089679,0.15228147811720139,1152595.619708472,10373.528875699041,1162969.148584171,3944,2,1595.2209302325582,88,84,42,31.85889716486034,0.654000946969697,37.58192883895133,8784.422617001192,99.82298428410445,0
3946,33.548530495566894,0,0,172,0.0,0.0,1.0,172,3900,2700,1200,0.6923076923076923,51,27,24,217.79916546187272,0.38682623872342353,0.7365254033541917,0.15266416239483757,1156239.35678813,12065.593396525363,1168304.9501846554,3945,3,1596.2209302325582,70,102,45,31.737799199031343,0.6629464285714286,37.455985915492946,8807.965862942603,125.8280837563229,0
3947,33.89438986434592,0,0,172,0.0,0.0,1.0,172,3900,2800,1100,0.717948717948718,50,28,22,217.68475473478915,0.3868354469830908,0.7348593974084403,0.15297777437547824,1168910.5600986017,12590.801716393566,1181501.3618149953,3946,4,1597.2209302325582,72,100,47,31.654554921669824,0.6627604166666667,37.37157534246573,8901.630214801413,123.63375298335296,0
3948,33.59801474554103,0,0,172,0.0,0.0,1.0,172,4250,3400,850,0.8,51,34,17,219.1226857892377,0.3868219887574233,0.7318787079023414,0.15437850830066158,1159419.5717880728,12161.026105361838,1171580.5978934346,3947,5,1598.2209302325582,73,99,43,31.532254103484583,0.6630993150684932,37.28885135135133,8826.573046115276,120.9119595358257,0
3949,33.18989157844391,1,0,173,0.005780346820809248,0.0,1.0,173,5700,4500,1200,0.7894736842105263,69,45,24,215.6648570835401,0.388030985347493,0.7284771757500277,0.152853057350893,1147034.0715601186,9174.987822592446,1156209.059382711,3948,0,1589.9768786127167,76,97,43,31.424200713526083,0.6636513157894737,37.094155844155814,8725.816462871664,114.81337451146926,0
3950,33.02308511576056,0,0,173,0.0,0.0,1.0,173,5450,4000,1450,0.7339449541284404,69,40,29,215.67990150815808,0.3874652731101851,0.7268019760383637,0.15356224250848377,1142554.1698261965,9235.194163169477,1151789.363989366,3949,1,1590.9768786127167,78,95,47,31.272660818713423,0.6642628205128205,36.94620253164554,8686.847943821427,111.36984543360803,0
3951,33.16424359112864,0,0,173,0.0,0.0,1.0,173,6350,5100,1250,0.8031496062992126,76,51,25,213.06994493826218,0.3876123022807725,0.724420800210144,0.15230445068674428,1148553.1436465224,7994.431015085885,1156547.5746616083,3950,2,1591.9768786127167,80,93,34,31.210807068979523,0.6647135416666667,36.81841563786004,8728.218172485078,109.10272715606348,0
3952,33.11403151406984,0,1,172,0.0,0.005780346820809248,0.9942196531791907,173,5000,3800,1200,0.76,62,38,24,219.12706652532682,0.3873196442174127,0.7282354955708885,0.1572397770710455,1147899.1740553388,10707.15573551811,1158606.329790857,3951,3,1592.9768786127167,83,90,34,30.924200144429218,0.6647841365461847,36.69394841269839,8719.124890107145,105.04969747117042,0
3953,33.17066127789138,0,0,172,0.0,0.0,1.0,172,3650,2400,1250,0.6575342465753424,49,24,25,220.01476184444095,0.38706565347477223,0.7284278061326648,0.1583119275635261,1150635.8305716917,12581.373646581756,1163217.2042182735,3952,4,1595.4011627906978,84,88,37,30.810321965290996,0.6653025793650793,36.60539215686271,8736.973319187646,104.01158713318625,0
3954,33.35205163027485,0,1,171,0.0,0.005813953488372093,0.9941860465116279,172,5050,3200,1850,0.6336633663366337,69,32,37,218.57723441557647,0.38687228002175983,0.7264746321581987,0.15770861137297518,1157700.0374286552,11159.37449279259,1168859.4119214478,3953,5,1596.4011627906978,87,85,40,30.75839173667577,0.665110153256705,36.517518939393916,8787.681312006182,101.00783117248484,0
3955,33.77321487134618,0,0,171,0.0,0.0,1.0,171,4100,2800,1300,0.6829268292682927,54,28,26,220.5626438171176,0.38535001719986245,0.7304040583486326,0.1593770374899288,1172741.8082441352,13432.606748238308,1186174.4149923734,3954,12,1606.7076023391812,88,83,43,30.657550926748332,0.6652462121212122,36.470037453183494,8900.254050131365,101.1392505696746,0
3956,33.51614836085345,0,0,171,0.0,0.0,1.0,171,4500,3400,1100,0.7555555555555555,56,34,22,220.62734865223,0.38556931544547646,0.7297483787775183,0.16004454842200916,1164913.7131319388,12702.364787384926,1177616.0779193237,3955,13,1607.7076023391812,73,98,43,30.528786260900535,0.6726598173515982,36.34572072072073,8836.675940298232,121.05035534655111,0
3957,33.07383657412995,0,0,171,0.0,0.0,1.0,171,4750,3000,1750,0.631578947368421,65,30,35,217.93104196238914,0.38562951496388026,0.7262657674864992,0.15854998262692832,1150351.3050554672,11189.451706706383,1161540.7567621735,3956,14,1608.7076023391812,75,96,42,30.50486973618113,0.6726388888888889,36.25274122807018,8723.133733497572,116.30844977996763,0
3958,33.104642642015,0,0,171,0.0,0.0,1.0,171,4850,3200,1650,0.6597938144329897,65,32,33,216.17167652859914,0.3853930168558652,0.7233876143349822,0.15752420374841905,1151871.9822136313,10750.419508288407,1162622.4017219197,3957,15,1609.7076023391812,76,95,37,30.49871794871794,0.6726973684210527,36.20129870129871,8732.961735921192,114.90739126212094,0
3959,33.349674056894465,0,1,170,0.0,0.005847953216374269,0.9941520467836258,171,4700,3400,1300,0.723404255319149,60,34,26,217.78746207733457,0.38491572067423463,0.7274096363262488,0.1594875579088,1161779.1121040056,11704.184863918043,1173483.2969679236,3958,16,1610.7076023391812,77,94,38,30.29571422548276,0.6738365800865801,36.0443376068376,8802.835306283627,114.32253644524191,0
3960,32.96037718420299,0,0,170,0.0,0.0,1.0,170,4250,2800,1450,0.6588235294117647,57,28,29,217.33596859068734,0.3841056096995011,0.7258222472340341,0.15956331539036783,1148920.489651136,11690.349490403303,1160610.8391415393,3959,17,1621.0823529411764,79,91,42,30.225079725153677,0.6737869198312236,35.963541666666664,8702.741257047763,110.16128173478181,0
3961,32.8236555438421,0,0,170,0.0,0.0,1.0,170,4500,3100,1400,0.6888888888888889,59,31,28,217.66254280282564,0.38368067641257686,0.7281977064566092,0.16006641381895978,1144606.1300027512,11327.576152820126,1155933.7061555714,3960,18,1622.0823529411764,79,91,42,30.163239982907672,0.6743143459915613,35.911458333333336,8668.351324742263,109.72596613597801,0
3962,33.240371684903955,0,0,170,0.0,0.0,1.0,170,4000,2500,1500,0.625,55,25,30,215.51227617797224,0.38310998955795333,0.7256096629563089,0.1588648629252373,1159801.2011621697,11990.27935528115,1171791.480517451,3961,19,1623.0823529411764,81,89,43,30.14281277550695,0.6742541152263375,35.835873983739845,8780.913734598316,108.40634240244835,0
3963,33.66227113432922,0,0,170,0.0,0.0,1.0,170,4150,3000,1150,0.7228915662650602,53,30,23,217.25499847668377,0.38281920756468263,0.7269193624950216,0.16053640428904226,1175198.3795639023,12913.544432391347,1188111.9239962937,3962,20,1624.0823529411764,84,86,36,30.019053581918786,0.673859126984127,35.759803921568626,8894.925124980467,105.891965773577,0
3964,33.91400390125941,0,0,170,0.0,0.0,1.0,170,4200,3000,1200,0.7142857142857143,54,30,24,218.73245368224485,0.3824102274045713,0.7305396353404787,0.1620999120491079,1184808.6442658799,13631.220380842035,1198439.8646467219,3963,21,1625.0823529411764,86,84,37,29.88630701635186,0.6740552325581395,35.668103448275865,8964.552970882483,104.23898803351724,0
3965,33.675668492933696,1,0,171,0.005847953216374269,0.0,1.0,171,4650,3000,1650,0.6451612903225806,63,30,33,217.22010680129188,0.3836801972250889,0.7303451756177284,0.16179641071131473,1177896.6205783258,12322.565944581078,1190219.1865229069,3964,0,1616.5730994152048,89,82,40,29.763988564093598,0.6746254681647941,35.50925925925927,8906.902504635686,100.07755623186164,0
3966,33.811524429398645,0,0,171,0.0,0.0,1.0,171,4250,3000,1250,0.7058823529411765,55,30,25,217.31043462086805,0.38343366586400646,0.7313164801768197,0.16234367762853177,1183476.7307330165,12986.36854385552,1196463.0992768721,3965,1,1617.5730994152048,90,81,42,29.66699475065622,0.6752314814814815,35.416666666666686,8945.965838611779,99.39962042901976,0
3967,33.44472844380085,0,0,171,0.0,0.0,1.0,171,4900,3200,1700,0.6530612244897959,66,32,34,220.84597454439938,0.3826897718151588,0.7317157151908409,0.1656138565177002,1171688.419644539,12652.534179757304,1184340.9538242964,3966,2,1618.5730994152048,78,93,43,29.4521585720216,0.6809561965811965,35.29799578059073,8852.886649648004,113.49854679035903,0
3968,33.21933574316376,0,0,171,0.0,0.0,1.0,171,4450,3100,1350,0.6966292134831461,58,31,27,224.29901120479803,0.38256077284715057,0.738256654418741,0.16897192177428177,1165038.8436706963,13613.4121301039,1178652.2558008002,3967,3,1619.5730994152048,79,92,40,29.215830875122943,0.6819620253164558,35.156250000000014,8797.933450728562,111.36624621175395,0
3969,33.56305161326009,0,1,170,0.0,0.005847953216374269,0.9941520467836258,171,4300,3200,1100,0.7441860465116279,54,32,22,225.2081078947445,0.3822726751519321,0.7375454075872514,0.17003945988548222,1177714.4744458268,14546.169686039844,1192260.6441318667,3968,4,1620.5730994152048,81,90,43,29.12031264985134,0.6818415637860082,35.08638211382115,8891.30943016932,109.7692522243126,0
3970,33.87363777646696,0,0,170,0.0,0.0,1.0,170,4250,3300,950,0.7764705882352941,52,33,19,223.13402308851693,0.382340613760297,0.7483832648976254,0.15403840518152465,1162980.812380497,13650.117488242697,1176630.9298687398,3969,5,1609.1176470588234,74,96,41,32.11129220331795,0.6558277027027026,37.95833333333335,8876.304499008407,119.95006079741091,8
3971,33.90384738504989,0,0,170,0.0,0.0,1.0,170,5150,3700,1450,0.7184466019417476,66,37,29,221.09319832401877,0.38254292841396914,0.7465920224352154,0.1533282501835203,1165361.4577579708,12380.698379850164,1177742.156137821,3970,6,1610.1176470588234,77,93,37,32.01025272075927,0.6559794372294372,37.80715811965812,8889.346096563628,115.44605320212503,0
3972,33.47047265440259,0,0,170,0.0,0.0,1.0,170,4750,3500,1250,0.7368421052631579,60,35,25,221.2842844551525,0.38246388792203273,0.745550075181117,0.14072808435054363,1124671.3930846418,11024.420893183255,1135695.813977825,3971,7,1611.1176470588234,82,88,36,35.0265459592048,0.6239837398373984,40.76305220883536,8676.783172055022,105.81442892750027,8
3973,33.604587484576285,1,0,171,0.005847953216374269,0.0,1.0,171,4050,2300,1750,0.5679012345679012,58,23,35,217.24239601733538,0.3832516339869281,0.7424068211291173,0.13860418531549284,1130167.2528972127,10854.04838394443,1141021.3012811572,3972,0,1602.6900584795321,84,87,38,35.0153176140749,0.6243799603174602,40.64950980392159,8715.366236961921,103.7543599638324,0
3974,33.55064421232999,0,0,171,0.0,0.0,1.0,171,4800,3500,1300,0.7291666666666666,61,35,26,219.4626924431218,0.38308966861598437,0.7443962004956335,0.14073856210691638,1129914.218534998,10594.803325891477,1140509.0218608894,3973,1,1603.6900584795321,73,98,38,34.7744458606787,0.6308504566210046,40.470157657657666,8707.393402910044,119.27936168369924,0
3975,33.58354426402031,1,0,172,0.005813953488372093,0.0,1.0,172,4800,3400,1400,0.7083333333333334,62,34,28,218.36649339444205,0.3845114239086087,0.7454222307917178,0.14052879841683627,1132093.9728488133,10242.278208795587,1142336.251057609,3974,0,1595.360465116279,74,98,38,34.67727556387626,0.631615990990991,40.34722222222222,8720.060555775828,117.83865615913281,0
3976,33.429007847078694,0,0,172,0.0,0.0,1.0,172,5050,3500,1550,0.693069306930693,66,35,31,218.96514402177485,0.38459996486694775,0.7472713832639115,0.14150986378904656,1128161.8731166995,9955.625405374547,1138117.498522074,3975,1,1596.360465116279,75,97,37,34.5113976083707,0.6326388888888889,40.2001096491228,8684.852573209642,115.7980343094619,0
3977,32.86490783625597,0,0,172,0.0,0.0,1.0,172,4350,2800,1550,0.6436781609195402,59,28,31,218.51143606839372,0.38473596377895647,0.7488077004867175,0.14187937339917772,1110514.3879048086,9782.01873513851,1120296.406639947,3976,2,1597.360465116279,77,95,41,34.35691290797631,0.6333874458874459,40.03739316239316,8543.647114590782,110.95645603364652,0
3978,32.960675268086376,1,0,173,0.005780346820809248,0.0,1.0,173,5700,3900,1800,0.6842105263157895,75,39,36,212.4384407043639,0.38642486669355197,0.7415517444480713,0.1384851513990178,1114929.7750873007,7070.788582882582,1122000.5636701833,3977,0,1589.121387283237,78,95,36,34.3742607049917,0.6343482905982907,39.89978902953586,8573.078590958215,109.91126398664379,0
3979,33.10881581354152,1,0,174,0.005747126436781609,0.0,1.0,174,4200,3000,1200,0.7142857142857143,54,30,24,212.44634543579912,0.3874929406683942,0.7447906728453966,0.1392459207131007,1121559.1031436643,8654.22653062451,1130213.3296742889,3978,0,1580.9827586206898,80,94,39,34.182209321475625,0.6354166666666667,39.71193415637858,8617.82963047938,107.72287038099225,0
3980,32.89683417545091,0,2,172,0.0,0.011494252873563218,0.9885057471264368,174,4250,3100,1150,0.7294117647058823,54,31,23,217.75711723231592,0.3878382942440148,0.7613169195097218,0.13394284721187746,1095279.4021703694,8650.977036110775,1103930.3792064802,3979,1,1581.9827586206898,72,102,39,36.332877128953776,0.6163194444444444,41.95205479452054,8488.960462740488,117.90222864917344,8
3981,33.06771162124514,3,0,175,0.017142857142857144,0.0,1.0,175,4250,3000,1250,0.7058823529411765,55,30,25,216.58766769664243,0.39044471811713194,0.762703432387192,0.13440627978954292,1103683.331909658,8558.839746794518,1112242.1716564524,3980,0,1559.4057142857143,63,112,43,36.03822812985595,0.6246693121693121,41.63411458333334,8543.568591726016,135.61219986866692,0
3982,33.30995181829842,2,0,177,0.011299435028248588,0.0,1.0,177,4900,3600,1300,0.7346938775510204,62,36,26,212.6402655864337,0.39282924584831364,0.7614684037774324,0.13339509763117324,1115103.4608961975,7123.179216263936,1122226.6401124615,3981,0,1542.774011299435,66,111,43,35.74475755572913,0.6267361111111112,41.246890547263696,8619.053608705573,130.59172134402385,0
3983,33.495154059969174,1,0,178,0.0056179775280898875,0.0,1.0,178,4150,2800,1350,0.6746987951807228,55,28,27,211.70380510233193,0.3936644342876489,0.7616895673433219,0.1332141338014568,1122244.8785573388,7766.702209438827,1130011.5807667777,3982,0,1535.1011235955057,68,110,46,35.65808401858442,0.6266850490196079,41.138285024154605,8670.613023343807,127.50901504917363,0
3984,33.141861193533146,0,0,178,0.0,0.0,1.0,178,4800,3700,1100,0.7708333333333334,59,37,22,215.3394487812357,0.3936816267800842,0.7653963318177288,0.13587154052541955,1111236.9682119633,7458.631240019216,1118695.5994519824,3983,1,1536.1011235955057,69,109,46,35.46527219093589,0.6271135265700483,41.04166666666667,8582.361138242035,124.38204548176863,0
3985,33.334786297764964,1,1,178,0.00558659217877095,0.00558659217877095,0.994413407821229,179,4900,3500,1400,0.7142857142857143,63,35,28,212.82777114144804,0.39462761283033077,0.7637916205733071,0.13467717619633954,1118592.749050229,6913.520319068966,1125506.2693692981,3984,0,1528.513966480447,72,107,41,35.425387863765714,0.6265914351851851,40.93892694063926,8635.745508503447,119.94090984032566,0
3986,33.471225806088896,0,0,178,0.0,0.0,1.0,178,4600,3400,1200,0.7391304347826086,58,34,24,214.45804318180606,0.3936439355466684,0.7640666136417325,0.1358874079465577,1123574.1558143036,7991.902965116994,1131566.0587794206,3985,3,1538.1011235955057,73,105,42,35.33568524655474,0.6265696347031964,40.89245495495495,8672.647148264043,118.80338559265812,0
3987,33.087918754576755,0,1,177,0.0,0.0056179775280898875,0.9943820224719101,178,5450,3900,1550,0.7155963302752294,70,39,31,215.10866775824007,0.3939262891724327,0.7643264960879683,0.13691102151126736,1112060.500106959,6792.7705289139285,1118853.2706358728,3986,4,1539.1011235955057,75,103,43,35.15762670050047,0.6272222222222222,40.734649122807014,8578.550865701387,114.38067820935183,0
3988,33.440732641257505,0,0,177,0.0,0.0,1.0,177,4200,2400,1800,0.5714285714285714,60,24,36,218.15704051334671,0.39331610597500427,0.766443176902285,0.1392312510226992,1124751.8397931363,9474.506536242565,1134226.346329379,3987,6,1548.774011299435,76,101,44,34.9803750260797,0.6277412280701755,40.63852813852814,8673.237637962513,114.1215478679278,0
3989,32.90942884299832,1,0,178,0.0056179775280898875,0.0,1.0,178,4450,2900,1550,0.651685393258427,60,29,31,213.60696026484374,0.3944658689350176,0.7610301232355161,0.1372558171094885,1108913.270588249,7324.3185855404345,1116237.5891737894,3988,0,1541.0674157303372,64,114,42,34.85541802991954,0.6365559895833333,40.40064102564103,8543.26663185465,133.48854112272892,0
3990,32.57682106088684,1,0,179,0.00558659217877095,0.0,1.0,179,4950,3800,1150,0.7676767676767676,61,38,23,208.8621919792293,0.3954920176594899,0.756584574468786,0.13475903071536574,1098917.8580624494,5154.478528008524,1104072.336590458,3989,0,1533.4525139664804,67,112,47,34.83231107965716,0.6361940298507462,40.25735294117647,8461.589735116382,126.29238410621466,0
3991,32.59568254181503,1,0,180,0.005555555555555556,0.0,1.0,180,4550,3100,1450,0.6813186813186813,60,31,29,207.1076019775019,0.3965575212083592,0.7554776219104873,0.13421648491788774,1100851.4470207375,5048.94066518566,1105900.3876859231,3990,0,1525.9277777777777,69,111,48,34.72152638610555,0.6366243961352658,40.10416666666667,8471.482077273811,122.77510256918568,0
3992,32.4615328814392,2,1,181,0.01098901098901099,0.005494505494505495,0.9945054945054945,182,4500,2700,1800,0.6,63,27,36,202.28717969569607,0.3991978325541861,0.7515062856371013,0.13166005581336993,1097585.2332958414,3505.484263811567,1101090.7175596529,3991,0,1510.1483516483515,72,110,39,34.693947541703224,0.6365740740740741,39.95433789954337,8441.480810949579,117.24278904096637,0
3993,32.40318286603053,1,2,180,0.005494505494505495,0.01098901098901099,0.989010989010989,182,5000,3700,1300,0.74,63,37,26,199.36217564505793,0.39862422338251063,0.747620572892836,0.13021102769118592,1096632.168840229,2325.3950124691733,1098957.5638526983,3992,0,1511.142857142857,74,108,43,34.64659406363443,0.6368243243243243,39.83333333333332,8430.228075645578,113.92200102223755,0
3994,31.97360367568303,0,1,179,0.0,0.005555555555555556,0.9944444444444445,180,4650,3300,1350,0.7096774193548387,60,33,27,201.05832033705153,0.3969105627974343,0.7485487910493176,0.1316446685020666,1082805.3358218903,2891.4044144692234,1085696.7402363594,3993,1,1523.45,75,105,43,34.51522013903519,0.6372222222222222,39.747807017543856,8321.200474148422,110.94933965531229,0
3995,32.2164199729262,0,2,177,0.0,0.0111731843575419,0.9888268156424581,179,3850,2400,1450,0.6233766233766234,53,24,29,200.11509856886357,0.3965787353796581,0.7460955837673835,0.1312926983211948,1091613.5697880045,4039.6714234471146,1095653.2412114516,3994,2,1529.5921787709497,76,103,44,34.468594640475345,0.6374725877192983,39.678030303030305,8386.641903936943,110.35055136759135,0
3996,32.41894512997731,0,0,177,0.0,0.0,1.0,177,4400,3200,1200,0.7272727272727273,56,32,24,202.5964494750387,0.3946349084060949,0.7468019386606342,0.13302176141646596,1098696.7221529349,4718.410991609546,1103415.1331445444,3995,3,1547.8135593220338,75,102,45,34.37730323769414,0.6381944444444445,39.65186403508772,8440.211934538365,112.53615912717821,0
3997,32.6337009159069,0,0,177,0.0,0.0,1.0,177,5150,4100,1050,0.7961165048543689,62,41,21,211.90697521542523,0.39464293357301833,0.7588904024381535,0.1308820852166619,1087767.9729515377,5551.124176875079,1093319.0971284127,3996,4,1548.8135593220338,75,102,41,36.3323689705206,0.6163888888888889,41.803728070175445,8425.89991576008,112.34533221013439,8
3998,32.181328313089324,0,0,177,0.0,0.0,1.0,177,4250,3100,1150,0.7294117647058823,54,31,23,211.82567770234513,0.3946710216572505,0.7594734881857774,0.13114386285369634,1073400.7438985656,5824.768004503176,1079225.5119030687,3997,5,1549.8135593220338,80,97,42,36.247033293500635,0.6151041666666667,41.71810699588478,8311.854396091661,103.89817995114576,0
3999,32.43895008907981,1,0,178,0.0056179775280898875,0.0,1.0,178,4900,3100,1800,0.6326530612244898,67,31,36,210.65745169274365,0.39562834592352775,0.7579137460685137,0.13106863331764346,1083483.035961041,5148.755061574109,1088631.791022615,3998,0,1542.1011235955057,65,113,41,36.0957600553656,0.6243589743589744,41.54040404040405,8384.157933377082,128.98704512887818,0
4000,32.70513986493888,0,1,177,0.0,0.0056179775280898875,0.9943820224719101,178,4350,3100,1250,0.7126436781609196,56,31,25,211.2166906774488,0.39602906324721215,0.7565105564183559,0.13193830519743716,1093571.1760952536,6246.096967016958,1099817.2730622706,3999,1,1543.1011235955057,69,109,42,35.93672075804655,0.6234903381642511,41.39880952380952,8457.588103763499,122.57374063425361,0
4001,32.69559033717018,1,0,178,0.0056179775280898875,0.0,1.0,178,5000,3600,1400,0.72,64,36,28,209.25412115276373,0.39669560295393475,0.7534299488563567,0.13138414492050582,1094796.2588954438,5218.12579929991,1100014.3846947437,4000,0,1544.0505617977528,73,105,41,35.801058891789936,0.6232876712328768,41.21621621621622,8461.088580497424,115.90532302051265,0
4002,32.316507424669716,0,0,178,0.0,0.0,1.0,178,5800,4800,1000,0.8275862068965517,68,48,20,211.95838634893494,0.3967141179457881,0.756907470412908,0.13394821914677355,1084028.0700527336,4553.768097065479,1088581.838149799,4001,1,1545.0505617977528,74,104,36,35.49609451802596,0.6251407657657657,40.98611111111111,8370.424263370349,113.1138413968966,0
4003,32.01714876513775,1,1,178,0.00558659217877095,0.00558659217877095,0.994413407821229,179,3550,1900,1650,0.5352112676056338,52,19,33,210.9617401218959,0.39751898813633796,0.7553973113193686,0.1338758511708805,1075209.371149213,6015.607986601668,1081224.9791358148,4002,0,1537.4134078212292,77,102,38,35.3713628087533,0.6252705627705628,40.838675213675224,8297.60668985397,107.76112584225936,0
4004,31.96474351978866,1,0,179,0.00558659217877095,0.0,1.0,179,5050,3900,1150,0.7722772277227723,62,39,23,216.75160370912533,0.397605297846965,0.761554269143863,0.13812822548748158,1074673.770978408,5737.452664740878,1080411.2236431488,4003,0,1538.3966480446927,78,101,40,35.07036255466289,0.6263354700854701,40.690928270042214,8288.74797020263,106.26599961798244,0
4005,31.921400554032523,1,0,180,0.005555555555555556,0.0,1.0,180,4450,3000,1450,0.6741573033707865,59,30,29,213.99221439961076,0.3982541899441341,0.7603792492597337,0.1369199626460056,1074387.4075323767,5532.108092182069,1079919.5156245588,4004,0,1530.8444444444444,68,112,41,34.99747856782653,0.6326593137254901,40.54951690821256,8282.022794710187,121.7944528633851,0
4006,32.21778968601508,0,0,180,0.0,0.0,1.0,180,5100,3700,1400,0.7254901960784313,65,37,28,209.7970533164501,0.3984320039313056,0.7551351605915038,0.13484776093115092,1085694.6979432264,4455.109685956449,1090149.807629183,4005,1,1531.8444444444444,70,110,42,34.943722332108884,0.6331845238095238,40.39025821596244,8364.052061238803,119.48645801769719,0
4007,31.962378130243426,0,0,180,0.0,0.0,1.0,180,5400,4000,1400,0.7407407407407407,68,40,28,206.75281967942024,0.39837833643699566,0.7506043623976719,0.1333017382566457,1077981.7352400513,3175.1526647586925,1081156.88790481,4006,2,1532.8444444444444,72,108,41,34.91280241012401,0.6332465277777778,40.282534246575324,8301.187847439458,115.29427565888136,0
4008,31.579562773570913,1,0,181,0.0055248618784530384,0.0,1.0,181,5450,3800,1650,0.6972477064220184,71,38,33,206.94696005236992,0.3995229691016984,0.7509383407699379,0.13411238060536643,1066534.113251668,2493.198505916343,1069027.3117575843,4007,0,1525.3701657458564,73,108,43,34.7257014028056,0.634560502283105,40.10416666666665,8207.396783339487,112.43009292245873,0
4009,31.476586139027994,0,0,181,0.0,0.0,1.0,181,5900,4400,1500,0.7457627118644068,74,44,30,209.83651746871493,0.39936438510333533,0.7531619085719279,0.136649634546699,1064440.1007435059,2571.68075881287,1067011.7815023188,4008,1,1526.3701657458564,76,105,36,34.47795290608958,0.6348684210526316,39.935064935064915,8185.956330312104,107.70995171463295,0
4010,31.85230765506544,1,1,181,0.005494505494505495,0.005494505494505495,0.9945054945054945,182,5500,4300,1200,0.7818181818181819,67,43,24,211.6349917684892,0.40036592091150097,0.7568565271989041,0.13876591734324417,1079101.5891017967,3775.131185383971,1082876.7202871807,4009,0,1518.978021978022,80,102,39,34.190195642507774,0.635546875,39.69907407407404,8291.185175490904,103.6398146936363,0
4011,31.888876249117917,0,0,181,0.0,0.0,1.0,181,4850,3200,1650,0.6597938144329897,65,32,33,214.76130487271828,0.3992262635563741,0.7617002557392223,0.14118718483837553,1081092.9800115977,5385.387815204944,1086478.3678268027,4010,1,1528.3591160220994,82,99,39,34.016230480046254,0.6356707317073171,39.60843373493974,8303.594432940437,101.26334674317607,0
4012,31.64953175631043,0,0,181,0.0,0.0,1.0,181,5150,3100,2050,0.6019417475728155,72,31,41,215.19306287546888,0.3990446593001842,0.7604595009091717,0.14233187470573622,1074694.410792916,4903.356382735053,1079597.7671756512,4011,2,1529.3591160220994,73,108,38,33.79241388933903,0.641695205479452,39.40033783783784,8247.857283285124,112.98434634637157,0
4013,31.915799648371053,1,0,182,0.005494505494505495,0.0,1.0,182,5500,4000,1500,0.7272727272727273,70,40,30,209.51609588189126,0.3998612460283731,0.754392023784499,0.1393941354000214,1085406.3782202948,3582.0213620037193,1088988.3995822985,4012,0,1521.9505494505495,75,107,40,33.735372433606614,0.6427777777777778,39.19956140350876,8323.65454645288,110.98206061937175,0
4014,32.33190020733695,0,0,182,0.0,0.0,1.0,182,4100,3000,1100,0.7317073170731707,52,30,22,209.31502222470937,0.39988527816566494,0.755085463029143,0.13959713150052944,1100250.8514482381,5559.80628472852,1105810.6577329666,4013,1,1522.9505494505495,75,107,41,33.65665826065634,0.6436111111111111,39.1173245614035,8434.832628103757,112.46443504138342,0
4015,32.23736107779232,0,0,182,0.0,0.0,1.0,182,3550,2200,1350,0.6197183098591549,49,22,27,209.3403973665982,0.3998966618096453,0.7561117067996592,0.14006534949595084,1097956.0571736274,6019.311459958085,1103975.3686335855,4014,2,1523.9505494505495,75,107,42,33.54405174526484,0.6447222222222222,39.007675438596486,8413.703805418323,112.18271740557765,0
4016,32.65547505637469,1,1,182,0.00546448087431694,0.00546448087431694,0.994535519125683,183,4750,3400,1350,0.7157894736842105,61,34,27,209.46131887705297,0.40046713304910025,0.7574538074005994,0.1404720179323329,1112867.4298406302,5270.535917946856,1118137.965758577,4015,0,1516.6174863387978,77,106,35,33.460524408750665,0.644615800865801,38.92895299145299,8525.399063529223,110.71946835752237,0
4017,33.02425151625113,0,0,182,0.0,0.0,1.0,182,4700,3200,1500,0.6808510638297872,62,32,30,211.6234684586252,0.3991586222249206,0.7592752445468012,0.14220224406322848,1126010.7528406843,6558.06020757059,1132568.813048255,4016,4,1525.9505494505495,77,105,35,33.33589035491459,0.6452922077922079,38.86217948717948,8623.881065021013,111.99845538988328,0
4018,32.596493246435415,1,0,183,0.00546448087431694,0.0,1.0,183,5350,3800,1550,0.7102803738317757,69,38,31,210.16484951761973,0.4006135030725195,0.7600911000957398,0.14191077389366055,1112824.375270355,4825.3134736466445,1117649.6887440016,4017,0,1518.6065573770493,79,104,37,33.206265364427594,0.6460970464135021,38.697916666666664,8517.531594654502,107.816855628538,0
4019,32.22680781463489,0,1,182,0.0,0.00546448087431694,0.994535519125683,183,4850,3500,1350,0.7216494845360825,62,35,27,209.5378723851167,0.4004996597209712,0.7593620264952203,0.14192856820967195,1101086.312486683,4693.856646166514,1105780.1691328494,4018,1,1519.6065573770493,80,103,39,33.11564257719619,0.6467447916666667,38.59310699588477,8424.309702264425,105.30387127830531,0
4020,32.11346164117597,0,0,182,0.0,0.0,1.0,182,4600,3200,1400,0.6956521739130435,60,32,28,213.50660940585692,0.3993717493372189,0.7624521964064714,0.14467000327510593,1097317.548882317,5856.90986068185,1103174.4587429988,4019,2,1528.923076923077,79,103,39,32.999254951769025,0.6472837552742616,38.580729166666664,8395.077726170439,106.2668066603853,0
4021,31.738856048570558,0,1,181,0.0,0.005494505494505495,0.9945054945054945,182,4650,3000,1650,0.6451612903225806,63,30,33,212.07209258494697,0.3990833636897173,0.7608640171080747,0.1384184363853199,1073955.6017712823,4501.20236219224,1078456.8041334746,4020,3,1529.923076923077,79,103,35,34.33985893521531,0.6343618143459915,39.85677083333332,8256.648502531105,104.51453800672284,8
4022,31.91226513896991,0,0,181,0.0,0.0,1.0,181,5000,3500,1500,0.7,65,35,30,211.97976780484083,0.39884898710865563,0.7608010690356175,0.1387238912687473,1080580.0918506267,4612.223393005794,1085192.3152436325,4021,4,1539.2872928176796,79,102,37,34.249182761266226,0.6352848101265822,39.76562499999999,8304.668373274106,105.12238447182412,0
4023,31.86561023016924,0,0,181,0.0,0.0,1.0,181,4600,3200,1400,0.6956521739130435,60,32,28,210.59226256573893,0.39881445672191523,0.7601162008489928,0.1382886913929084,1079978.9791219276,4687.04334734451,1084666.0224692721,4022,5,1540.2872928176796,80,101,40,34.16481435745448,0.6360677083333333,39.64763374485595,8296.287025588648,103.7035878198581,0
4024,31.771503353849827,0,0,181,0.0,0.0,1.0,181,5600,4200,1400,0.75,70,42,28,210.17385857325922,0.39864947820748925,0.7599700361673318,0.13833304976143782,1077446.394625686,3490.2132328652847,1080936.6078585514,4023,6,1541.2872928176796,68,113,41,34.09464185651072,0.6426164215686274,39.56823671497583,8274.308640659145,121.68100942145801,0
4025,31.651267845088054,0,0,181,0.0,0.0,1.0,181,5000,3400,1600,0.68,66,34,32,211.7881946638939,0.39815710047063635,0.7601363269638426,0.13992316162497162,1074437.3131436252,4310.6277660426185,1078747.9409096679,4024,7,1542.2872928176796,71,110,37,33.92027577271888,0.64231220657277,39.438657407407405,8247.096844473888,116.15629358413928,0
4026,32.08772818388489,0,0,181,0.0,0.0,1.0,181,4850,3300,1550,0.6804123711340206,64,33,31,209.03161554786664,0.3983668405975036,0.7562463166344147,0.1383704097915179,1089809.2798063105,4510.91887939407,1094320.1986857047,4025,8,1543.2872928176796,73,108,40,33.92423935547755,0.641980593607306,39.37218468468469,8362.9544949976,114.56102047941918,0
4027,32.25470201594481,1,0,182,0.005494505494505495,0.0,1.0,182,4950,3800,1150,0.7676767676767676,61,38,23,220.64182237559936,0.39936605751522875,0.7744117243475388,0.13830868880296396,1079549.7664915158,6288.7655647683205,1085838.5320562841,4026,0,1535.8021978021977,68,114,39,35.56558038666513,0.6253063725490196,41.274154589371996,8345.125047543239,122.72242716975352,8
4028,31.938228615616026,2,0,184,0.010869565217391304,0.0,1.0,184,5400,4300,1100,0.7962962962962963,65,43,22,216.25563444595576,0.40126069137562365,0.7718248561397774,0.1366478672310979,1071304.7298374723,4135.136807191146,1075439.8666446635,4027,0,1520.0978260869565,76,108,37,35.38902816950448,0.6241776315789473,40.99025974025974,8272.312298086905,108.8462144485119,0
4029,31.801302726018193,0,0,184,0.0,0.0,1.0,184,5700,3600,2100,0.631578947368421,78,36,42,216.6992864049693,0.401364016591431,0.7730381707066678,0.13763931063105722,1068219.4339725396,3796.4778131540356,1072015.9117856936,4028,1,1521.0978260869565,79,105,40,35.190604172946166,0.6247362869198312,40.80729166666668,8242.665782084903,104.33754154537853,0
4030,31.876711534330404,1,1,184,0.005405405405405406,0.005405405405405406,0.9945945945945946,185,5800,4500,1300,0.7758620689655172,71,45,26,215.33131566800373,0.4019658245201723,0.7734777054565356,0.13779024905668807,1072911.673273045,3406.296440288875,1076317.969713334,4029,0,1513.8702702702703,65,120,39,34.95923058985743,0.6344551282051283,40.54608585858586,8270.537577538797,127.23903965444302,0
4031,32.25736236354701,0,0,184,0.0,0.0,1.0,184,4050,2500,1550,0.6172839506172839,56,25,31,211.8891684675133,0.40150198978379664,0.7687009258174151,0.13600498529662228,1086624.8496141857,5198.807164177475,1091823.6567783633,4030,1,1522.929347826087,66,118,42,34.93860437256668,0.6349431818181819,40.43843283582091,8372.7715276651,126.86017466159242,0
4032,32.1046223952872,1,0,185,0.005405405405405406,0.0,1.0,185,4400,3000,1400,0.6818181818181818,58,30,28,208.65743545384635,0.4020306991774383,0.7660783713094088,0.13460634334396096,1082944.691939799,3792.8924317029823,1086737.584371502,4031,0,1515.6918918918918,68,117,41,34.843068875326956,0.6355698529411764,40.2626811594203,8338.768543341157,122.62894916678172,0
4033,32.13679585249734,0,0,185,0.0,0.0,1.0,185,4500,2800,1700,0.6222222222222222,62,28,34,213.23180334427272,0.4019854093223658,0.7696564978386855,0.1380353151923644,1085038.2998320768,4772.934674159502,1089811.2345062362,4032,1,1516.6918918918918,68,117,43,34.60090726001667,0.6367953431372548,40.14190821256039,8351.006446392466,122.80891832930098,0
4034,32.079568944761476,1,0,186,0.005376344086021506,0.0,1.0,186,4600,3500,1100,0.7608695652173914,57,35,22,218.85726425821042,0.4019997820401046,0.7765969620662336,0.14273878605234097,1085265.5865937946,5703.651455100127,1090969.2380488948,4033,0,1509.532258064516,72,114,34,34.19014116700495,0.6372974537037037,39.88299086757992,8344.441528168647,115.89502122456454,0
4035,32.25328114021217,0,1,185,0.0,0.005376344086021506,0.9946236559139785,186,5700,4300,1400,0.7543859649122807,71,43,28,223.41445348370064,0.40212934708902454,0.780516862170088,0.14043194218975472,1080317.513623716,5371.709379022606,1085689.2230027388,4034,1,1510.532258064516,67,119,43,35.39397885101012,0.6268656716417911,41.1764705882353,8347.908059819625,124.595642683875,8
4036,32.717102754631824,1,1,185,0.005376344086021506,0.005376344086021506,0.9946236559139785,186,4650,3000,1650,0.6451612903225806,63,30,33,223.27109621835388,0.402321272885789,0.779535294074035,0.1409945630836079,1097247.1095266251,7146.712993285979,1104393.8225199112,4035,0,1511.5,69,117,41,35.22944916877348,0.6274154589371981,41.011904761904766,8473.340124131144,122.80203078450933,0
4037,32.75566405535309,1,0,186,0.005376344086021506,0.0,1.0,186,4800,3600,1200,0.75,60,36,24,224.60060309735246,0.4023303545480965,0.7810538498849815,0.1424591360722297,1099859.2580860134,7405.8105376649655,1107265.0686236783,4036,0,1512.494623655914,71,115,44,35.03610242667858,0.6279342723004695,40.856481481481474,8488.418034714743,119.55518358753159,0
4038,33.10965290476424,0,0,186,0.0,0.0,1.0,186,5250,4000,1250,0.7619047619047619,65,40,25,196.877988544268,0.402608253414705,0.747166993792107,0.12357968202210234,1108577.4479187448,1200.8996183563177,1109778.347537101,4037,1,1513.494623655914,77,109,45,36.131270320483054,0.6213474025974026,41.225961538461554,8567.918594225692,111.27167005487911,8
4039,32.89611452894609,0,0,186,0.0,0.0,1.0,186,5950,4200,1750,0.7058823529411765,77,42,35,185.31812451103866,0.4026112806354742,0.7319836604873802,0.11929782190832006,1109013.7732078417,-2045.9294984422518,1106967.8437093995,4038,2,1514.494623655914,82,104,45,35.52430723376838,0.6283028455284553,40.33634538152612,8541.925321334058,104.16982099187875,8
4040,32.973576892133316,0,0,186,0.0,0.0,1.0,186,5550,3300,2250,0.5945945945945946,78,33,45,179.78940497527213,0.40216385740579286,0.7229884516873688,0.11619605007059221,1112802.6671477323,-2735.974123722162,1110066.6930240102,4039,3,1515.494623655914,87,99,42,35.52791446449186,0.6278735632183908,40.19886363636367,8566.572746550068,98.46635340862147,0
4041,33.239402226771304,0,0,186,0.0,0.0,1.0,186,4650,3500,1150,0.7526881720430108,58,35,23,188.5453460428055,0.4020167344764119,0.7375955434641792,0.12037895170425296,1118096.8844737695,312.3927984980237,1118409.2772722675,4040,4,1516.494623655914,93,93,51,35.73460508701476,0.6216397849462365,40.62500000000001,8621.469952568825,92.70397798461102,8
4042,33.02820137316261,0,1,185,0.0,0.005376344086021506,0.9946236559139785,186,5000,3900,1100,0.78,61,39,22,185.53742924228754,0.40185931899641575,0.7349940522006868,0.11912639955528374,1112681.4711712056,-911.1880546740849,1111770.2831165316,4041,5,1517.494623655914,73,113,49,35.61189443239332,0.6312785388127854,40.42792792792789,8573.198667245384,117.44107763349841,0
4043,32.67807458461083,1,1,185,0.005376344086021506,0.005376344086021506,0.9946236559139785,186,4850,3600,1250,0.7422680412371134,61,36,25,184.64629990078137,0.40254468177855274,0.7341752650152638,0.11904942962980183,1102121.323178637,-1349.4751266627113,1100771.8480519743,4042,0,1505.4408602150538,75,111,49,35.486756117297304,0.6318055555555555,40.28234649122804,8487.072852299683,113.16097136399577,0
4044,32.90921496701308,0,0,185,0.0,0.0,1.0,185,5150,3700,1450,0.7184466019417476,66,37,29,185.3012972591331,0.40149334116725416,0.7320534761735422,0.11985445609952391,1110869.3149212752,-980.8949719448265,1109888.4199493304,4043,1,1514.545945945946,77,108,49,35.35627398574562,0.6320346320346321,40.170940170940156,8550.770384591395,111.04896603365448,0
4045,33.02170374887784,0,0,185,0.0,0.0,1.0,185,5350,3600,1750,0.6728971962616822,71,36,35,183.43534642555653,0.40150680571876224,0.7302648415991324,0.11902981243337886,1115625.7489450695,-1420.9608521983537,1114204.7880928712,4044,2,1515.545945945946,80,105,50,35.290922508616575,0.6319010416666666,40.059156378600804,8583.689530299172,107.29611912873966,0
4046,33.0547139301956,1,0,186,0.005376344086021506,0.0,1.0,186,5150,3600,1550,0.6990291262135923,67,36,31,179.03088556812548,0.40227647001840555,0.7239445320209679,0.11672902781446724,1118166.0656945638,-2312.7478092953043,1115853.3178852685,4045,0,1508.3924731182797,83,103,41,35.23664084227252,0.6324046184738956,39.893353174603156,8597.750802155862,103.58735906211882,0
4047,33.17364010348391,0,1,185,0.0,0.005376344086021506,0.9946236559139785,186,5500,4300,1200,0.7818181818181819,67,43,24,176.43352217362806,0.40243630727501695,0.7198178974705942,0.1153192165001042,1122923.6152756612,-3075.7262849943954,1119847.8889906667,4046,1,1509.3924731182797,87,99,43,35.21758374656903,0.6318247126436782,39.808238636363626,8631.507849368805,99.21273390079087,0
4048,33.354139343951324,0,0,185,0.0,0.0,1.0,185,4950,3400,1550,0.6868686868686869,65,34,31,177.16855058359585,0.40108695652173915,0.7193735610188752,0.11636003565787043,1130477.9189679201,-1892.9731259389805,1128584.945841981,4047,2,1518.3189189189188,88,97,45,35.02912639544466,0.6331676136363636,39.641853932584254,8684.02188326537,98.6820668552883,0
4049,32.810123319342786,1,0,186,0.005376344086021506,0.0,1.0,186,4950,3600,1350,0.7272727272727273,63,36,27,179.24431630795743,0.4019283396299525,0.7262893583696977,0.11278552181815873,1099283.635641782,-2741.931260172368,1096541.7043816098,4048,0,1511.1505376344087,80,106,49,36.499474224584795,0.6209635416666667,41.13940329218109,8493.248100502258,106.16560125627822,8
4050,32.698506379261595,0,0,186,0.0,0.0,1.0,186,4650,3300,1350,0.7096774193548387,60,33,27,180.1386436499664,0.40179393102780203,0.7285271870346672,0.11383041419620436,1096817.7873811813,-2334.1462899990024,1094483.6410911824,4049,1,1512.1505376344087,82,104,42,36.32316600445777,0.6216971544715447,40.988955823293196,8469.274280311321,103.28383268672343,0
4051,32.8234314242189,1,0,187,0.0053475935828877,0.0,1.0,187,5550,4100,1450,0.7387387387387387,70,41,29,180.12851969772979,0.4031048147509248,0.7299963836201742,0.1143343202602297,1102352.2431955885,-3236.9844495411608,1099115.2587460473,4050,0,1505.0588235294117,85,102,45,36.16253641476224,0.6221813725490196,40.830910852713195,8506.818824903285,100.08022146945041,0
4052,33.17421679508223,1,1,187,0.005319148936170213,0.005319148936170213,0.9946808510638298,188,5050,3700,1350,0.7326732673267327,64,37,27,178.9048068445056,0.40400583589335154,0.7304043646869589,0.11426902095170868,1116023.7077957008,-2717.598824584527,1113306.1089711161,4051,0,1498.0478723404256,74,114,46,35.97051920468336,0.6289414414414414,40.611111111111086,8605.02323423543,116.28409775993825,0
4053,33.374347293446384,0,0,187,0.0,0.0,1.0,187,5000,3200,1800,0.64,68,32,36,178.49058872561213,0.4038104000153336,0.7286851179501594,0.11427140125683241,1123466.8067937368,-2294.349648340813,1121172.457145396,4052,1,1503.9839572192514,75,112,47,35.8977448805311,0.6293055555555556,40.52905701754383,8659.673363654432,115.46231151539243,0
4054,33.64479530359204,0,0,187,0.0,0.0,1.0,187,4950,3500,1450,0.7070707070707071,64,35,29,181.65059587607746,0.40377685776167754,0.7317676040049852,0.11674062072544883,1133741.1964429766,-1161.0472193755704,1132580.149223601,4053,2,1504.9839572192514,76,111,47,35.67928174396392,0.6302083333333333,40.39502164502162,8734.356356546621,114.92574153350817,0
4055,33.97188134400727,0,0,187,0.0,0.0,1.0,187,5800,4000,1800,0.6896551724137931,76,40,36,181.50837066443273,0.4037253464435628,0.7316411065424238,0.11699679430928714,1145679.5464387678,-1609.91444446693,1144069.631994301,4054,3,1505.9839572192514,77,110,47,35.577199139541655,0.6308170995670996,40.29113247863245,8822.79883142232,114.58180300548467,0
4056,33.440847551957695,0,0,187,0.0,0.0,1.0,187,5300,4200,1100,0.7924528301886793,64,42,22,181.92451833794934,0.4036558660609894,0.7324262823165766,0.11765089051031398,1128764.9362154496,-1629.9965324479385,1127134.9396830017,4055,4,1506.9839572192514,78,109,46,35.449864670557346,0.6315438034188035,40.176687763713055,8688.711774938309,111.39374070433729,0
4057,33.68186097995878,0,0,187,0.0,0.0,1.0,187,5650,3900,1750,0.6902654867256637,74,39,35,183.88557320550314,0.40331565177390605,0.7355470014749792,0.11945471555020648,1138266.717226845,-1187.8344483994051,1137078.8827784455,4056,5,1507.9839572192514,80,107,46,35.23992959372109,0.6322916666666667,40.020576131687214,8756.590812382217,109.45738515477771,0
4058,33.44508100495678,0,0,187,0.0,0.0,1.0,187,5100,3700,1400,0.7254901960784313,65,37,28,182.9292689660537,0.4029083529795105,0.7341408262630473,0.11928337123823267,1131403.0282755275,-1106.6542263158813,1130296.3740492116,4057,6,1508.9839572192514,84,103,40,35.13152728700431,0.6320684523809523,39.88970588235293,8699.4098569878,103.56440305937858,0
4059,33.26989409325485,0,1,186,0.0,0.0053475935828877,0.9946524064171123,187,4600,2900,1700,0.6304347826086957,63,29,34,180.67417106410832,0.40287241485059316,0.7310303073453561,0.1180730717562545,1126136.5245322906,-1307.2433850227567,1124829.281147268,4058,7,1509.9839572192514,85,102,43,35.11257041106093,0.6324754901960784,39.81346899224804,8656.378331119213,101.83974507199073,0
4060,33.36596598015117,0,0,186,0.0,0.0,1.0,186,4900,3300,1600,0.673469387755102,65,33,32,183.38288175033043,0.4023545723142497,0.7343622488769848,0.1202735744876678,1130461.7017080917,-638.5350864776665,1129823.166621614,4059,8,1519.016129032258,87,99,44,34.916225198187114,0.633022030651341,39.689867424242415,8685.49902781134,99.83332215875103,0
4061,33.59775062589427,0,0,186,0.0,0.0,1.0,186,5550,4400,1150,0.7927927927927928,67,44,23,187.00774770587742,0.40237515741547997,0.7377343282880482,0.12338038423211924,1140097.4402242536,-108.58910768515761,1139988.8511165683,4060,9,1520.016129032258,74,112,44,34.614299550390086,0.6403434684684685,39.48611111111112,8752.680673470839,118.27946856041675,0
4062,33.96325490548901,0,0,186,0.0,0.0,1.0,186,5200,3900,1300,0.75,65,39,26,189.016498125993,0.4022879734573283,0.7389654318950567,0.12526347587671777,1153852.5273791293,1219.4328158060525,1155071.9601949353,4061,10,1521.016129032258,74,112,43,34.406303282182435,0.6418918918918919,39.33333333333334,8853.088445364165,119.63633034275898,0
4063,34.193645136527046,1,0,187,0.0053475935828877,0.0,1.0,187,4750,3300,1450,0.6947368421052632,62,33,29,193.992212022295,0.40288679010216016,0.7480431763200346,0.12080333175606343,1142362.3863636602,2171.881252350991,1144534.2676160112,4062,0,1513.8770053475937,72,115,43,36.49519275002299,0.6208043981481481,41.50970319634705,8838.725480139698,122.76007611305135,8
4064,33.8342435366443,0,0,187,0.0,0.0,1.0,187,4250,2900,1350,0.6823529411764706,56,29,27,193.72315720942066,0.4027250685220325,0.7470395846497595,0.12110498698226282,1131568.1627856106,2192.191418498651,1133760.3542041094,4063,1,1514.8770053475937,73,114,44,36.36081705038192,0.6217180365296804,41.37105855855858,8750.5145903543,119.87006288156574,0
4065,33.31092903629154,2,0,189,0.010582010582010581,0.0,1.0,189,5700,4000,1700,0.7017543859649122,74,40,34,192.0012154000603,0.4043714116852415,0.747657858149964,0.12092708127828447,1116352.8743914366,-631.7782602983834,1115721.0961311383,4064,0,1499.835978835979,77,112,45,36.134968533993586,0.622564935064935,41.105769230769255,8624.007349059197,112.00009544232724,0
4066,33.31126998382261,1,2,188,0.005263157894736842,0.010526315789473684,0.9894736842105263,190,5600,3800,1800,0.6785714285714286,74,38,36,192.25155474828705,0.40560080757449174,0.750041918020516,0.12188589331142655,1118377.842216516,-598.0242075678761,1117779.8180089481,4065,0,1492.9368421052632,79,111,40,35.890627355409286,0.6240770042194093,40.87239583333335,8631.869582656996,109.26417193236705,0
4067,33.71571849570489,1,0,189,0.005291005291005291,0.0,1.0,189,6050,4700,1350,0.7768595041322314,74,47,27,195.1375734863787,0.4050421685616721,0.7528026060136146,0.12440560130739306,1133669.2641841385,394.29386979645005,1134063.558053935,4066,0,1501.8201058201057,80,109,42,35.616063311017456,0.6256510416666667,40.676440329218124,8743.280137164256,109.2910017145532,0
4068,33.66033373302658,0,0,189,0.0,0.0,1.0,189,5400,3700,1700,0.6851851851851852,71,37,34,198.80901776402942,0.40509611054823824,0.7565356528650464,0.12703802830089608,1132512.245736385,1830.7294361169993,1134342.975172502,4067,1,1502.8201058201057,70,119,44,35.43846501894689,0.6311011904761905,40.5956572769953,8731.636747852725,124.73766782646749,0
4069,33.4305068004793,0,0,189,0.0,0.0,1.0,189,5250,3600,1650,0.6857142857142857,69,36,33,195.59215940809835,0.40528608015310147,0.7512332191798525,0.125481149449078,1125990.3811577721,996.9780246790851,1126987.3591824512,4068,2,1503.8201058201057,73,116,45,35.379605524821955,0.6309931506849316,40.45608108108107,8676.684746441926,118.85869515673872,0
4070,32.94946074436505,0,0,189,0.0,0.0,1.0,189,5950,3600,2350,0.6050420168067226,83,36,47,203.5795838485138,0.4056038688130887,0.7608966600815852,0.12309413565171028,1091746.3957745063,701.4553839776586,1092447.851158484,4069,3,1504.8201058201057,69,120,42,37.33374520685206,0.6115640096618358,42.57440476190475,8482.0345448924,122.92803688249855,8
4071,32.44354364600381,3,0,192,0.015625,0.0,1.0,192,6750,5000,1750,0.7407407407407407,85,50,35,197.38907996303226,0.4082218722731239,0.7559726225107304,0.12064976922468798,1078275.2200528926,-2582.0492733646424,1075693.1707795279,4070,0,1482.2916666666667,74,118,45,37.091481262008664,0.6130349099099099,42.180555555555564,8364.576398621803,113.03481619759192,0
4072,32.35263741179807,0,0,192,0.0,0.0,1.0,192,4800,3200,1600,0.6666666666666666,64,32,32,195.77931992034652,0.4082502772324026,0.7544678917609049,0.11998752379276714,1076065.0089706588,-1065.7448707284461,1074999.2640999304,4071,1,1483.2916666666667,74,118,48,37.03385837372109,0.6140202702702703,42.08333333333334,8344.284399126273,112.76059998819287,0
4073,32.62203175043408,2,1,193,0.010309278350515464,0.005154639175257732,0.9948453608247423,194,5200,4000,1200,0.7692307692307693,64,40,24,194.41010816203595,0.4097515268059042,0.7558602952300666,0.11981088061148776,1086710.4284590674,-1746.5016124919075,1084963.9268465755,4072,0,1468.9896907216496,76,118,42,36.86506376659681,0.6151315789473684,41.8831168831169,8420.297156362081,110.79338363634318,0
4074,32.84348281009029,1,0,194,0.005154639175257732,0.0,1.0,194,4900,3500,1400,0.7142857142857143,63,35,28,192.67376528379734,0.41002472713352206,0.754177880903736,0.11910293879563683,1095016.8757188497,-1503.7951011896876,1093513.08061766,4073,0,1469.479381443299,77,117,43,36.79815715073785,0.6158008658008658,41.77350427350429,8481.057473503048,110.14360355198764,0
4075,33.15197586413512,0,0,194,0.0,0.0,1.0,194,5950,4400,1550,0.7394957983193278,75,44,31,212.38598621180674,0.4100948355679006,0.7745478690780312,0.12110386765410697,1079863.8065339394,1119.5879050292974,1080983.3944389687,4074,1,1470.479381443299,70,124,35,39.34143338889848,0.5888392857142857,44.762323943661976,8461.633276237664,120.88047537482377,8
4076,33.32189689316581,3,2,195,0.015228426395939087,0.01015228426395939,0.9898477157360406,197,5450,4000,1450,0.7339449541284404,69,40,29,212.48314132190717,0.4132782554646224,0.7800926437175566,0.12228387946059849,1088383.632728332,1402.63464909315,1089786.2673774252,4075,0,1449.0710659898477,73,124,39,38.98077646821246,0.5908961187214612,44.411599099099114,8516.690341908983,116.66699098505457,0
4077,33.72096668985528,4,0,199,0.020100502512562814,0.0,1.0,199,5150,3600,1550,0.6990291262135923,67,36,31,207.97485832212124,0.4151893727898753,0.7783110346890327,0.120578193180185,1103826.118460934,963.6161198343866,1104789.7345807683,4076,0,1435.4572864321608,78,121,45,38.81098084686078,0.5914797008547008,44.13238396624475,8628.103357287013,110.61670970880786,0
4078,33.49174363993892,1,2,198,0.005,0.01,0.99,200,5050,3500,1550,0.693069306930693,66,35,31,203.26050957885946,0.4163672529313233,0.7748491839063341,0.11844816685692658,1097967.2427816936,-415.3237462592224,1097551.9190354343,4077,0,1429.275,81,119,39,38.73587132675167,0.5922067901234568,43.94054878048782,8575.877496827397,105.8750308250296,0
4079,33.86569531111375,1,1,198,0.005025125628140704,0.005025125628140704,0.9949748743718593,199,6150,4700,1450,0.7642276422764228,76,47,29,209.2342014050612,0.41646045885995636,0.779484930851579,0.12246819043354931,1111659.0979002817,569.420716767575,1112228.5186170493,4078,0,1437.4422110552764,81,118,41,38.414311684019175,0.5938786008230452,43.77540650406506,8677.224014547366,107.12622240181933,0
4080,33.83713022252366,1,0,199,0.005025125628140704,0.0,1.0,199,5150,3500,1650,0.6796116504854369,68,35,33,207.92297512432856,0.41609562966346886,0.7789659196456209,0.122351487752443,1112447.5678953798,1310.68159732592,1113758.2494927058,4079,0,1438.4221105527638,71,128,40,38.24475287745427,0.6003521126760563,43.57638888888887,8676.639121296394,122.20618480699146,0
4081,33.94603213358872,0,0,199,0.0,0.0,1.0,199,5550,4000,1550,0.7207207207207207,71,40,31,205.09593314919175,0.41570119114088966,0.7770048437847556,0.12120547732092297,1117413.5901300495,485.3965962618731,1117898.9867263113,4080,1,1439.4221105527638,71,128,43,38.15483742129498,0.6019659624413145,43.41724537037035,8709.96643358207,122.67558357157846,0
4082,33.960162470840835,3,0,202,0.01485148514851485,0.0,1.0,202,5450,3800,1650,0.6972477064220184,71,38,33,198.1543853074645,0.4183517232320247,0.7733957786859305,0.11821061143969896,1120916.0338498629,-1427.114466240087,1119488.9193836227,4081,0,1419.029702970297,77,125,45,37.97770804095845,0.6026785714285714,43.068910256410234,8725.42155150244,113.3171630065252,0
4083,33.855980836190675,0,1,201,0.0,0.0049504950495049506,0.995049504950495,202,6550,4900,1650,0.7480916030534351,82,49,33,197.75985121713563,0.4182424305863422,0.7731517884365415,0.11846391087473049,1118802.0389365067,-2699.17504769778,1116102.863888809,4082,1,1420.029702970297,79,123,38,37.83259049162612,0.6033755274261603,42.91666666666666,8703.808406637329,110.17478995743454,0
4084,33.93884774324857,0,0,201,0.0,0.0,1.0,201,5100,3100,2000,0.6078431372549019,71,31,40,195.51265564771086,0.41830120232172474,0.7699737865713598,0.11770568339582411,1123144.90644671,-1382.1913326808822,1121762.7151140291,4083,2,1425.6616915422885,84,117,42,37.702944632337754,0.6032986111111112,42.732843137254896,8731.350866103134,103.94465316789444,0
4085,33.69330119280232,1,1,201,0.0049504950495049506,0.0049504950495049506,0.995049504950495,202,6300,4600,1700,0.7301587301587301,80,46,34,194.56490119603765,0.419368196147973,0.7699364425516197,0.11800510412915372,1117364.6050538989,-3220.0132035477927,1114144.591850351,4084,0,1419.59900990099,71,131,42,37.451606183173226,0.6116490610328639,42.46238425925925,8677.29245562895,122.21538669899931,0
4086,33.34209647805235,1,0,202,0.0049504950495049506,0.0,1.0,202,6700,4900,1800,0.7313432835820896,85,49,36,192.1923176574384,0.4197833029571614,0.7668954641462589,0.11734138458707075,1107788.6162158092,-4518.307674991576,1103270.3085408176,4085,0,1420.3415841584158,76,126,42,37.267012157788876,0.6117050438596492,42.22132034632034,8594.881606997913,113.09054746049885,0
4087,32.997150854084715,0,0,202,0.0,0.0,1.0,202,5200,3900,1300,0.75,65,39,26,197.29565683898096,0.41982486494918153,0.7715744573709424,0.12089106012544325,1097436.1839827762,-2296.1214484507027,1095140.0625343255,4086,1,1421.3415841584158,80,122,43,37.002617801047116,0.611328125,42.091049382716044,8510.26055013719,106.37825687671489,0
4088,32.660581540885595,0,1,201,0.0,0.0049504950495049506,0.995049504950495,202,5550,3700,1850,0.6666666666666666,74,37,37,199.51168428910654,0.41972172963565013,0.774231266596251,0.12246647450549208,1086784.0881938634,-2584.7752211681977,1084199.312972695,4087,2,1422.3415841584158,80,122,39,36.87988118976405,0.6119791666666667,42.02674897119342,8425.5564005937,105.31945500742124,0
4089,33.12715493478058,1,0,202,0.0049504950495049506,0.0,1.0,202,5550,4000,1550,0.7207207207207207,71,40,31,201.31740660902744,0.42032514818646044,0.7757790410726249,0.12391649065189184,1103161.2632074717,-1532.8870839067395,1101628.376123565,4088,0,1423.2821782178219,83,119,40,36.73162630339725,0.6118222891566265,41.92708333333333,8549.221494887368,103.00266861310082,0
4090,33.14515430759159,1,1,202,0.0049261083743842365,0.0049261083743842365,0.9950738916256158,203,6150,3700,2450,0.6016260162601627,86,37,49,205.53999439860144,0.4211212993220504,0.7812540141315505,0.1273087771152958,1105685.3052450602,-1297.489710663046,1104387.8155343973,4089,0,1417.2660098522167,87,116,41,36.39312474222079,0.6126676245210728,41.702178030303024,8561.321166500406,98.40599041954489,0
4091,32.89176935773098,1,0,203,0.0049261083743842365,0.0,1.0,203,5750,4000,1750,0.6956521739130435,75,40,35,204.3935265770922,0.4212777804874084,0.7795853994372604,0.1270825466497251,1098395.0779554162,-1449.0312883543693,1096946.0466670617,4090,0,1418.2413793103449,71,132,45,36.28315745768722,0.6207453051643192,41.565393518518526,8500.371470444872,119.72354183725172,0
4092,33.15289571203372,1,0,204,0.004901960784313725,0.0,1.0,204,6850,5400,1450,0.7883211678832117,83,54,29,199.4220161550702,0.4216063580604656,0.775126875183942,0.1248166406186942,1109146.104891156,-3412.36951041235,1105733.7353807436,4091,0,1412.2843137254902,76,128,44,36.169983264473615,0.6207510964912281,41.328463203463215,8575.710483087105,112.83829583009349,0
4093,32.63026277131703,1,0,205,0.004878048780487805,0.0,1.0,205,6300,4600,1700,0.7301587301587301,80,46,34,175.5029613542109,0.422522118603539,0.7455797747346236,0.10984693857160562,1091664.0225788464,-8981.946246712389,1082682.076332134,4092,0,1406.3902439024391,79,126,48,36.788356991845376,0.6194620253164558,41.32812500000001,8440.531252799296,106.8421677569531,8
4094,32.72409051718235,1,3,203,0.0048543689320388345,0.014563106796116505,0.9854368932038835,206,6050,4700,1350,0.7768595041322314,74,47,27,193.3426374218928,0.4231618517641487,0.7709297932036154,0.12039882698169838,1093266.5992621863,-4974.990458676856,1088291.6088035095,4093,0,1400.5582524271845,72,134,42,36.51198362314841,0.6208043981481481,41.509703196347054,8458.859870416121,117.48416486689058,6
4095,32.77697622224857,0,0,203,0.0,0.0,1.0,203,5350,4100,1250,0.7663551401869159,66,41,25,208.74083597441398,0.42072704807426553,0.7777859520746251,0.12544136699125583,1084133.0341225427,-689.4328299568151,1083443.601292586,4094,1,1422.1674876847292,79,124,40,37.43065399348621,0.6045622362869199,42.79947916666665,8430.255355704072,106.71209311017813,8
4096,32.949638579345134,1,0,204,0.004901960784313725,0.0,1.0,204,5350,4000,1350,0.7476635514018691,67,40,27,205.97546101345205,0.4217980295566503,0.7758046666865066,0.12433313457646047,1091229.9341605527,-1196.6822479203047,1090033.2519126325,4095,0,1416.1911764705883,71,133,43,37.334928420184745,0.6098884976525822,42.63599537037036,8480.050935879184,119.43733712505893,0
4097,33.15815820462271,1,1,204,0.004878048780487805,0.004878048780487805,0.9951219512195122,205,5600,3800,1800,0.6785714285714286,74,38,36,204.96879572396904,0.4224593495934959,0.7777198453951755,0.12453283405539955,1100162.0947461904,-1500.2200677427927,1098661.8746784476,4096,0,1410.2780487804878,73,132,43,37.11862477231329,0.6113013698630136,42.39864864864865,8541.586361832717,117.00803235387284,0
4098,33.01895418180019,0,1,203,0.0,0.004901960784313725,0.9950980392156863,204,5650,4300,1350,0.7610619469026548,70,43,27,208.18865520877472,0.42239970700924045,0.7803069214534304,0.12676482179482754,1096217.2056437032,-806.002828063366,1095411.2028156398,4097,1,1400.9264705882354,74,130,43,36.95482761098834,0.6116272522522522,42.31944444444444,8508.342457429702,114.97760077607705,0
4099,33.31492684265632,2,1,204,0.00975609756097561,0.004878048780487805,0.9951219512195122,205,5750,3800,1950,0.6608695652173913,77,38,39,208.6139872558873,0.4234915510919815,0.7818334735071493,0.12791017618603825,1108208.944122962,-512.4226907744842,1107696.5214321874,4098,0,1394.6195121951218,77,128,46,36.686470953712345,0.6128246753246753,42.06730769230769,8593.008774560152,111.59751655272925,0
4100,33.12706527191903,1,1,204,0.004878048780487805,0.004878048780487805,0.9951219512195122,205,5350,3800,1550,0.7102803738317757,69,38,31,204.01499798016897,0.42413020086083214,0.7769230769230762,0.12576747664182888,1103625.5862663696,-1318.7656494008488,1102306.8206169687,4099,0,1376.2,80,125,36,36.60623837518265,0.6135416666666667,41.87242798353909,8551.008926671273,106.8876115833909,0
4101,33.291506058744254,3,0,207,0.014492753623188406,0.0,1.0,207,6000,4000,2000,0.6666666666666666,80,40,40,202.50540871188088,0.4250269687162891,0.7776995987082076,0.12570753446686445,1111251.3905263764,-2393.1165959618183,1108858.2739304146,4100,0,1363.7487922705313,70,137,41,36.39037154808551,0.6206845238095238,41.62265258215964,8601.77102700333,122.8824432429047,0
4102,33.694566294957255,0,1,206,0.0,0.004830917874396135,0.9951690821256038,207,6050,4500,1550,0.743801652892562,76,45,31,200.44400962750902,0.42506507668495846,0.7738426139607701,0.1251089368959477,1126406.1105093032,-2293.728548117365,1124112.3819611857,4101,1,1364.7487922705313,73,134,40,36.24443128822109,0.6211472602739726,41.42736486486489,8712.49279662267,119.34921639209136,0
4103,33.85584083095339,0,0,206,0.0,0.0,1.0,206,5900,4100,1800,0.6949152542372882,77,41,36,200.0693192651202,0.42466256215960213,0.773367941351297,0.12517105010202956,1132536.997981377,-1782.8187542601845,1130754.1792271168,4102,2,1372.3252427184466,73,133,43,36.16797052154199,0.6220034246575342,41.34290540540543,8757.053424391512,119.95963595056865,0
4104,33.986088534691525,0,0,206,0.0,0.0,1.0,206,5550,4000,1550,0.7207207207207207,71,40,31,199.8115215517826,0.424755308232694,0.7728570971832927,0.1255367559542587,1138210.57362151,-1264.4826876714687,1136946.0909338386,4103,3,1373.3252427184466,76,130,41,36.02192340529331,0.6221217105263157,41.19318181818184,8795.831436109147,115.73462415933088,0
4105,34.20344492195113,0,3,203,0.0,0.014563106796116505,0.9854368932038835,206,5700,3800,1900,0.6666666666666666,76,38,38,201.06893407137676,0.42447164338148236,0.7748920504604802,0.12680924108929956,1146687.7796222258,-787.3420877367935,1145900.437534489,4104,4,1374.3252427184466,76,130,45,35.85137923828432,0.6234923245614035,41.05790043290045,8856.71184051773,116.53568211207539,0
4106,33.74280645152538,0,0,203,0.0,0.0,1.0,203,6050,4600,1450,0.7603305785123967,75,46,29,202.83334171883575,0.42343600123559155,0.7737423896247966,0.12823192620529852,1131993.3735518667,-728.8002477790624,1131264.5733040876,4105,5,1392.5665024630541,77,126,38,35.71827524575516,0.623917748917749,40.97222222222224,8740.324171124334,113.51070352109524,0
4107,33.18088884019446,2,2,203,0.00975609756097561,0.00975609756097561,0.9902439024390244,205,6050,3900,2150,0.6446280991735537,82,39,43,197.20062412537294,0.4244779212498007,0.7693019466142359,0.1253671557805361,1114832.8768233773,-3080.8521789885845,1111752.0246443888,4106,0,1379.970731707317,82,123,42,35.66368111030422,0.6238567073170731,40.77560240963859,8601.295921112245,104.8938526964908,0
4108,33.36761523259146,2,0,205,0.00975609756097561,0.0,1.0,205,7650,6300,1350,0.8235294117647058,90,63,27,199.04547962304747,0.4256077634305755,0.7740038866573502,0.1272445854883961,1122796.079409966,-3952.5031709936293,1118843.5762389724,4107,0,1377.7951219512195,69,136,45,35.41672641924318,0.6317934782608696,40.58035714285711,8656.214826633362,125.45238879178787,0
4109,33.2188574360151,0,1,204,0.0,0.004878048780487805,0.9951219512195122,205,6200,5000,1200,0.8064516129032258,74,50,24,198.1449315384277,0.42540849673202613,0.7726864663105752,0.12728293059841264,1119250.7742931596,-2845.226390670372,1116405.5479024893,4108,1,1378.7951219512195,72,133,43,35.267333626502484,0.6319444444444444,40.410958904109556,8623.251348116164,119.76737983494672,0
4110,33.123085621802346,1,0,205,0.004878048780487805,0.0,1.0,205,5550,3900,1650,0.7027027027027027,72,39,33,195.61743247882265,0.4255708990913438,0.7693999788738757,0.12629039833107986,1117527.827874466,-2828.4151175128004,1114699.4127569534,4109,0,1379.7512195121951,74,131,45,35.15467661159526,0.6327421171171171,40.23611111111107,8604.181533118917,116.2727234205259,0
4111,33.3793017877902,2,0,207,0.00966183574879227,0.0,1.0,207,6950,5200,1750,0.7482014388489209,87,52,35,196.47116159805088,0.42613503118990664,0.7712810088201145,0.12779601343743163,1128431.7403185815,-4009.141039100043,1124422.5992794815,4110,0,1367.4106280193237,76,131,49,34.86692072906366,0.6344572368421053,39.97564935064932,8679.43127249878,114.20304305919447,0
4112,33.18966451310511,0,1,206,0.0,0.004830917874396135,0.9951690821256038,207,5700,4400,1300,0.7719298245614035,70,44,26,197.5078359839673,0.42607151790879105,0.7728307727654753,0.12871840208090443,1122597.3243093838,-2755.6463588526294,1119841.677950531,4111,1,1368.4106280193237,79,128,41,34.77185022945348,0.6338343881856541,39.90885416666664,8632.337873037362,109.27009965870079,0
4113,32.88200473674756,0,1,205,0.0,0.0048543689320388345,0.9951456310679612,206,6300,4600,1700,0.7301587301587301,80,46,34,207.65735070874862,0.42578439497987214,0.7890040501191948,0.12796476533204046,1095346.5186392395,-2008.6487662649183,1093337.8698729745,4112,2,1376.0485436893205,75,131,40,36.526037241574656,0.6155555555555556,41.885964912280706,8487.306924375416,113.16409232500556,8
4114,32.63571870028914,0,0,205,0.0,0.0,1.0,205,6800,4700,2100,0.6911764705882353,89,47,42,208.36105235788736,0.42531583771720066,0.7856995957087343,0.12394506028831992,1076316.5147662165,-2947.511662627732,1073369.0031035887,4113,3,1383.6926829268293,75,130,44,37.82309567011775,0.6025,43.17434210526314,8381.689926069286,111.75586568092382,8
4115,32.837930973498395,1,1,205,0.0048543689320388345,0.0048543689320388345,0.9951456310679612,206,5250,3700,1550,0.7047619047619048,68,37,31,206.58337349704078,0.4261247928013261,0.7859528696888911,0.12366188476587514,1084939.8096542463,-1623.8948160778828,1083315.9148381685,4114,0,1377.9708737864078,79,127,39,37.63233208388209,0.6031118143459915,42.94270833333332,8441.22959998441,106.85100759473937,0
4116,32.779982519425374,1,0,206,0.0048543689320388345,0.0,1.0,206,5200,3800,1400,0.7307692307692307,66,38,28,208.01968958867954,0.4269022811587339,0.7872497088136525,0.1251476248165292,1084577.7067669532,-1277.2964207074474,1083300.4103462459,4115,0,1376.3349514563106,82,124,40,37.40740514872097,0.603785569105691,42.758534136546174,8432.370754275342,102.83378968628466,0
4117,33.02887023064789,0,1,205,0.0,0.0048543689320388345,0.9951456310679612,206,6250,4000,2250,0.64,85,40,45,205.99089968547352,0.42712279974741496,0.7854706345923195,0.124513348140816,1094280.794960611,-2367.622907505857,1091913.1720531052,4116,1,1377.3349514563106,67,139,36,37.283285725620885,0.6125621890547264,42.585784313725476,8502.100725425933,126.89702575262586,0
4118,32.942510996633935,3,0,208,0.014423076923076924,0.0,1.0,208,7050,5400,1650,0.7659574468085106,87,54,33,199.51503728187424,0.4290792804719435,0.7809110522165774,0.1213117747461809,1093242.643273469,-5026.330653831941,1088216.3126196372,4117,0,1364.8365384615386,70,138,41,37.230803910402436,0.6130952380952381,42.37089201877934,8486.949722724334,121.24213889606192,0
4119,33.03054110534057,0,2,206,0.0,0.009615384615384616,0.9903846153846154,208,6100,4200,1900,0.6885245901639344,80,42,38,203.33987360493285,0.42916976340889385,0.784012210286346,0.12406517767621537,1097232.4466415679,-3077.7785969344004,1094154.6680446335,4118,1,1365.8365384615386,71,137,42,37.004190989372844,0.613849765258216,42.245370370370374,8513.774889073324,119.91232238131443,0
4120,32.56845904696128,0,0,206,0.0,0.0,1.0,206,5700,3800,1900,0.6666666666666666,76,38,38,203.75959577081522,0.4279486344620728,0.7831804965682965,0.12483048280660759,1083126.6824076904,-2760.509004804768,1080366.1734028857,4119,2,1379.8592233009708,74,132,41,36.842205647405194,0.6138795045045045,42.09722222222223,8399.496056153128,113.50670346152876,0
4121,32.77062721463103,0,0,206,0.0,0.0,1.0,206,5200,3200,2000,0.6153846153846154,72,32,40,200.6391272531072,0.42806456705343754,0.779344275976906,0.12355691638911476,1091431.6170936825,-2603.2225779751984,1088828.3945157074,4120,3,1380.8592233009708,76,130,37,36.731881399168316,0.6148574561403508,41.91017316017316,8457.76550325663,111.28638820074514,0
4122,32.572940393870965,0,0,206,0.0,0.0,1.0,206,5300,3600,1700,0.6792452830188679,70,36,34,202.2757669162587,0.42808380693030235,0.7821722716168407,0.12522207983026015,1086440.3927351055,-2547.887270140887,1083892.5054649645,4121,4,1381.8592233009708,76,130,41,36.496416474614165,0.6167763157894737,41.720779220779235,8412.913663417034,110.69623241338202,0
4123,32.07116297159035,0,2,204,0.0,0.009708737864077669,0.9902912621359223,206,6400,4900,1500,0.765625,79,49,30,204.28324582392648,0.4283270187070803,0.7839930616217841,0.12686908692025822,1070652.7112193862,-3856.717800383474,1066795.9934190027,4122,5,1382.8592233009708,68,138,41,36.327729414972325,0.6219362745098039,41.60628019323671,8286.987098758138,121.8674573346785,0
4124,32.18985943218449,2,0,206,0.009708737864077669,0.0,1.0,206,6000,4100,1900,0.6833333333333333,79,41,38,202.9031273017555,0.4289229615597127,0.7824964580924976,0.12661608558439152,1076038.8140079202,-3533.6719079442337,1072505.142099976,4123,0,1380.985436893204,71,135,43,36.18882423157266,0.6220657276995305,41.43518518518518,8323.1650429977,117.22767666193944,0
4125,32.101138061674675,0,0,206,0.0,0.0,1.0,206,5200,3700,1500,0.7115384615384616,67,37,30,200.29411659481912,0.42891358828636833,0.7798390661697248,0.12570866320800836,1074774.373265207,-3345.8032736190735,1071428.569991588,4124,1,1381.985436893204,73,133,42,36.047287802136005,0.6231449771689498,41.230292792792795,8306.802097237698,113.79180955120134,0
4126,32.23386263415094,0,0,206,0.0,0.0,1.0,206,6250,4800,1450,0.768,77,48,29,202.50124648580774,0.4290655339805825,0.7823589841590934,0.127497446905871,1080157.6316065383,-3703.346639703578,1076454.2849668348,4125,2,1382.985436893204,73,133,41,35.87528093451503,0.6242865296803652,41.11768018018018,8344.777135482407,114.31201555455353,0
4127,31.973941317320502,0,0,206,0.0,0.0,1.0,206,5350,3700,1650,0.6915887850467289,70,37,33,203.0781102568136,0.4292298129291972,0.7835101414291206,0.12818532308221214,1072191.9563447365,-3002.256734591007,1069189.6996101455,4126,3,1383.985436893204,74,132,36,35.76861882798813,0.6247184684684685,41.02777777777778,8280.362636149419,111.89679238039756,0
4128,32.07978672382203,1,1,206,0.004830917874396135,0.004830917874396135,0.9951690821256038,207,6050,3800,2250,0.628099173553719,83,38,45,200.2984415133528,0.4299194456169973,0.7788221348236402,0.12492968887368176,1072214.658571775,-4497.414984060146,1067717.2435877149,4127,0,1378.2946859903382,72,135,42,36.27396195522195,0.6213831018518519,41.45262557077627,8294.144629693692,115.19645319019017,7
4129,31.929321510674626,0,0,206,0.0,0.0,1.0,206,5300,3400,1900,0.6415094339622641,72,34,38,196.82563376370834,0.4295810640145237,0.7740717257776883,0.12314167587361843,1068091.5624526648,-4454.440260516516,1063637.1221921484,4128,1,1385.7475728155339,73,133,45,36.25187074829931,0.6220034246575342,41.34290540540544,8258.74553432787,113.1335004702448,0
4130,32.13012859720146,2,1,207,0.009615384615384616,0.004807692307692308,0.9951923076923077,208,5150,3800,1350,0.7378640776699029,65,38,27,196.89139129917228,0.43032620308435526,0.7742108557413139,0.12393615535032593,1076611.8424041346,-4354.879291976675,1072256.963112158,4129,0,1373.4134615384614,78,130,49,36.02904972919747,0.6219284188034189,41.12605485232069,8317.653148059855,106.6365788212802,0
4131,32.20024158938223,1,4,204,0.004807692307692308,0.019230769230769232,0.9807692307692307,208,7500,5400,2100,0.72,96,54,42,193.81570099380758,0.43010459246872296,0.7704644474441278,0.12298706426048889,1081339.021354388,-7183.90391284775,1074155.1174415401,4130,0,1374.1778846153845,81,127,39,35.81804609251183,0.6235853909465021,40.84095528455289,8344.983849911026,103.0244919742102,0
4132,31.816639246135797,0,0,204,0.0,0.0,1.0,204,5900,3900,2000,0.6610169491525424,79,39,40,196.5067554935158,0.4281599133906436,0.7710263457304529,0.12476768638272658,1068627.2188388705,-4701.50647878227,1063925.7123600882,4131,4,1402.078431372549,79,125,40,35.72725655195516,0.6246044303797469,40.82031250000004,8246.226617113818,104.38261540650403,0
4133,31.34085265017201,1,1,204,0.004878048780487805,0.004878048780487805,0.9951219512195122,205,6050,4400,1650,0.7272727272727273,77,44,33,198.54997597238966,0.4285897895743664,0.7736173741076224,0.12686959624611732,1054466.0580130685,-5177.157903561465,1049288.9001095071,4132,0,1396.2341463414634,72,133,44,35.446004547371516,0.6300636574074074,40.59646118721458,8129.928086864606,112.91566787311952,0
4134,31.26070446254407,0,0,204,0.0,0.0,1.0,204,5950,4300,1650,0.7226890756302521,76,43,33,198.54463243474453,0.42821776699185427,0.7719785245406485,0.1272729083298654,1052679.7250280087,-4949.218184561396,1047730.5068434473,4133,1,1404.0049019607843,73,131,41,35.33168800173573,0.6307077625570776,40.484234234234215,8112.645656974369,111.13213228732012,0
4135,30.821402235961887,0,0,204,0.0,0.0,1.0,204,4950,3400,1550,0.6868686868686869,65,34,31,197.95980734044517,0.42827763289223736,0.7720865985606973,0.12725593331403978,1038674.8706990044,-4626.824541413071,1034048.0461575913,4134,2,1405.0049019607843,73,131,43,35.24637848144734,0.6317066210045662,40.38569819819817,8001.67682204167,109.6120112608448,0
4136,30.9988014240624,2,0,206,0.009708737864077669,0.0,1.0,206,5100,3600,1500,0.7058823529411765,66,36,30,207.89582527088783,0.42923869287236566,0.7859995556519186,0.13050158502206877,1037915.1230004475,-3144.355788537116,1034770.7672119105,4135,0,1392.3543689320388,72,134,40,35.84447661060565,0.6236979166666667,41.22431506849317,8021.736070567562,111.41300098010502,8
4137,30.646991473717176,0,1,205,0.0,0.0048543689320388345,0.9951456310679612,206,5750,3500,2250,0.6086956521739131,80,35,45,210.0466315393549,0.42958451732575575,0.7867081209208673,0.13221882701108975,1026919.1674600601,-3809.817602362774,1023109.3498576974,4136,1,1393.3543689320388,76,130,45,35.68797031772575,0.6228070175438596,41.125541125541154,7933.723333888759,104.3910964985363,0
4138,30.37399179475419,0,0,205,0.0,0.0,1.0,205,5450,3400,2050,0.6238532110091743,75,34,41,210.22634233606752,0.4291606886657102,0.7857386731550338,0.13264535204250413,1018431.1121634857,-3629.7904737231283,1014801.3216897626,4137,2,1400.6146341463414,79,126,32,35.5976803432556,0.6223628691983123,41.041666666666686,7865.59829184993,99.56453533987253,0
4139,30.933063129083852,1,0,206,0.0048543689320388345,0.0,1.0,206,5100,3300,1800,0.6470588235294118,69,33,36,204.3991103937149,0.4298484489699266,0.7800258764998587,0.12964077949566627,1038649.629364851,-3840.1879494123195,1034809.4414154388,4138,0,1394.8106796116506,84,122,35,35.56100050442955,0.6222718253968254,40.85784313725492,8016.060697642282,95.42929401955098,0
4140,31.38181668491364,0,0,206,0.0,0.0,1.0,206,5600,4300,1300,0.7678571428571429,69,43,26,206.06666225198208,0.42985782224327096,0.7812185212431595,0.1312970198408706,1055027.323381882,-3318.808177210432,1051708.5152046715,4139,1,1395.8106796116506,86,120,37,35.35346539225195,0.6231831395348837,40.69683908045978,8137.404261795704,94.62097978832213,0
4141,31.193416815885932,0,0,206,0.0,0.0,1.0,206,5700,4500,1200,0.7894736842105263,69,45,24,204.30834730164872,0.42962743705106954,0.7812373020996368,0.13076165712727436,1049967.4697713587,-3996.576306104109,1045970.8934652546,4140,2,1396.8106796116506,72,134,36,35.23838658820512,0.6306423611111112,40.539383561643824,8093.463155868318,112.40921049817108,0
4142,30.747757394550316,0,2,204,0.0,0.009708737864077669,0.9902912621359223,206,6200,4500,1700,0.7258064516129032,79,45,34,204.28338563190474,0.42965457021075065,0.7814523366502877,0.13142682413604753,1036417.8011500716,-5055.412530377816,1031362.3886196937,4141,3,1397.8106796116506,73,133,40,35.05348106984726,0.63199200913242,40.35754504504504,7983.423214280411,109.36196183945769,0
4143,30.345928851827274,0,0,204,0.0,0.0,1.0,204,5150,3300,1850,0.6407766990291263,70,33,37,205.51216054476407,0.42842503380662605,0.781922411881582,0.13246494771773987,1023387.8921982434,-3886.268639797397,1019501.6235584461,4142,4,1412.3578431372548,71,133,41,34.95493519395393,0.633656103286385,40.29224537037037,7881.073044258547,111.0010287923739,0
4144,30.364559523208353,0,0,204,0.0,0.0,1.0,204,5650,4000,1650,0.7079646017699115,73,40,33,204.13242429486576,0.4281961347757494,0.7793760839954968,0.13213201202479813,1025175.4377478932,-4595.690512994681,1020579.7472348985,4143,5,1413.3578431372548,75,129,41,34.840807795769834,0.6331944444444444,40.14528508771928,7890.373958340238,105.20498611120317,0
4145,30.40913945124195,0,0,204,0.0,0.0,1.0,204,4350,2900,1450,0.6666666666666666,58,29,29,203.96614477058847,0.42804269696384306,0.778843887281689,0.13236100884048793,1027379.736613264,-3239.863181514142,1024139.8734317498,4144,6,1414.3578431372548,76,128,36,34.75485731633272,0.6336348684210527,40.05681818181817,7904.64846530861,104.00853243827119,0
4146,30.947245672668085,0,1,203,0.0,0.004901960784313725,0.9950980392156863,204,6000,4000,2000,0.6666666666666666,80,40,40,204.36037804360947,0.42783090247593286,0.7793893972109234,0.13311770464108783,1046611.1229882225,-4022.831048296113,1042588.2919399265,4145,7,1415.3578431372548,78,126,38,34.611281518285644,0.6340811965811965,39.92616033755273,8048.569009067815,103.1867821675361,0
4147,30.745369922494937,1,0,204,0.004901960784313725,0.0,1.0,204,5550,3900,1650,0.7027027027027027,72,39,33,204.09942262481232,0.4281951286261631,0.778914922815392,0.13371823529489885,1041380.4564091839,-3840.9700228244687,1037539.4863863594,4146,0,1408.686274509804,79,125,40,34.41439666816748,0.6356803797468354,39.72656249999999,8002.203116936847,101.29371034097275,0
4148,30.975947992099677,0,0,204,0.0,0.0,1.0,204,5400,3900,1500,0.7222222222222222,69,39,30,207.39988587238344,0.42812721352908983,0.7819392939361984,0.13634768162484798,1050142.9922413698,-2640.0926518914866,1047502.8995894783,4147,1,1409.686274509804,82,122,42,34.20791562238932,0.6356707317073171,39.60843373493975,8065.87561420786,98.36433675863243,0
4149,30.910869023663682,0,0,204,0.0,0.0,1.0,204,6900,4900,2000,0.7101449275362319,89,49,40,205.88362871332419,0.42786762693583186,0.7802484394427538,0.13623050400280523,1049725.706098984,-4475.732494936858,1045249.9736040471,4148,2,1410.686274509804,73,131,41,34.0206510388535,0.641837899543379,39.38626126126127,8055.797143920473,110.35338553315717,0
4150,31.152557416574528,0,0,204,0.0,0.0,1.0,204,5450,4100,1350,0.7522935779816514,68,41,27,204.9373813571932,0.4277096614507872,0.7789740383339658,0.13586964714564342,1058475.926890146,-2865.7430627010294,1055610.183827445,4149,3,1411.686274509804,74,130,43,33.97712540181505,0.6420326576576576,39.31944444444445,8120.865974329002,109.74143208552705,0
4151,30.79218776132483,0,0,204,0.0,0.0,1.0,204,6850,5100,1750,0.7445255474452555,86,51,35,207.31047576274105,0.4274943454393252,0.7825518386268231,0.13805995513561273,1047458.2787462611,-4220.185178298079,1043238.0935679631,4150,4,1412.686274509804,74,130,42,33.75931842385514,0.6435810810810811,39.166666666666664,8031.628974412227,108.53552668124631,0
4152,30.494632495922342,0,0,204,0.0,0.0,1.0,204,5300,3700,1600,0.6981132075471698,69,37,32,194.6698684684916,0.427319275411314,0.768454169147067,0.12784424592312466,1033538.2679888958,-5860.248262690004,1027678.0197262057,4151,5,1413.686274509804,84,120,39,34.576272848513334,0.6345486111111112,39.64460784313724,7939.442002155226,94.51716669232412,8
4153,30.808190372945656,0,0,204,0.0,0.0,1.0,204,4350,3000,1350,0.6896551724137931,57,30,27,193.09543550450414,0.4272573972117583,0.7664204078799219,0.12699221732045468,1044561.0046734172,-4810.0075783130815,1039750.9970951041,4152,6,1414.686274509804,86,118,39,34.567010743789005,0.6343265503875969,39.595306513409945,8022.59737094338,93.2860159412021,0
4154,30.802459172124703,0,2,202,0.0,0.00980392156862745,0.9901960784313726,204,5250,4000,1250,0.7619047619047619,65,40,25,193.5760249296869,0.42701994590939824,0.7672285633876641,0.12756450393741894,1044920.6237691687,-5595.683856743122,1039324.9399124256,4153,7,1415.686274509804,72,132,37,34.48410850589826,0.6409143518518519,39.52625570776256,8023.2318739720995,111.43377602739027,0
4155,30.82640357520097,0,0,202,0.0,0.0,1.0,202,5100,3600,1500,0.7058823529411765,66,36,30,192.73887826861463,0.4267564816183111,0.7637058866059299,0.12736787936588534,1046501.4591412252,-5159.696531730242,1041341.762609495,4154,8,1422.1534653465346,74,128,39,34.40836931222571,0.6409065315315315,39.430555555555564,8032.418853810374,108.5462007271672,0
4156,30.599013275689654,0,0,202,0.0,0.0,1.0,202,5650,4100,1550,0.7256637168141593,72,41,31,193.84722268516475,0.4266210203109863,0.7634645396036972,0.12872634989276974,1040111.2500542975,-5725.464578675856,1034385.7854756217,4155,9,1423.1534653465346,74,128,41,34.209591789626955,0.6425957207207207,39.26388888888889,7978.267725340588,107.81442872081875,0
4157,30.89028845633927,0,0,202,0.0,0.0,1.0,202,6000,4300,1700,0.7166666666666667,77,43,34,191.41352056614883,0.4262808277096366,0.7603396958896136,0.12750405004880594,1050861.6325030674,-6170.175058939341,1044691.457444128,4156,10,1424.1534653465346,75,127,45,34.16558290858775,0.6431944444444444,39.15844298245615,8057.470937672619,107.43294583563491,0
4158,30.91391701174233,0,0,202,0.0,0.0,1.0,202,5450,4000,1450,0.7339449541284404,69,40,29,189.39575947944917,0.4262100183898987,0.7572358209530783,0.1264690799644957,1052336.777924627,-5988.375343361715,1046348.4025812653,4157,11,1425.1534653465346,81,121,45,34.13339824732231,0.6414609053497942,39.07520325203252,8066.207512972408,99.5828088021285,0
4159,30.985417757864948,0,0,202,0.0,0.0,1.0,202,5150,3900,1250,0.7572815533980582,64,39,25,189.9696420094471,0.42607045219447315,0.7593078365652413,0.1272326011737329,1055592.5183794324,-5443.893435121638,1050148.6249443106,4158,12,1426.1534653465346,81,121,37,34.01486762701969,0.6424897119341564,38.97357723577236,8088.012755190669,99.85200932334159,0
4160,31.044753680948354,0,0,202,0.0,0.0,1.0,202,5750,4500,1250,0.782608695652174,70,45,25,189.8203261243818,0.425935503998161,0.7602601026117319,0.1276242703173592,1058673.378167596,-5958.454819405064,1052714.923348191,4159,13,1427.1534653465346,82,120,38,33.88557835551927,0.6434197154471545,38.84287148594378,8107.558726742664,98.87266739930078,0
4161,31.331923823095188,0,1,201,0.0,0.0049504950495049506,0.995049504950495,202,6400,5100,1300,0.796875,77,51,26,193.1899644190923,0.42564457005402034,0.7648521897450213,0.13076615510679576,1070322.9271739672,-5444.870356464573,1064878.0568175027,4160,14,1428.1534653465346,83,119,43,33.56639624252778,0.6453313253012047,38.61607142857142,8189.661338581338,98.67061853712455,0
4162,30.903129049163372,0,0,201,0.0,0.0,1.0,201,5450,3700,1750,0.6788990825688074,72,37,35,192.81899645745565,0.4250974295190713,0.7640419828810157,0.13086139203597774,1056394.6058684555,-4911.4104466750605,1051483.1954217805,4161,15,1435.960199004975,70,131,44,33.48529906856697,0.6520833333333333,38.52699530516432,8080.3340069570095,115.4333429565287,0
4163,30.97155348532024,0,0,201,0.0,0.0,1.0,201,4950,3500,1450,0.7070707070707071,64,35,29,194.2871542441974,0.42499170812603654,0.7643317426288445,0.1322494550482876,1059539.427516857,-3979.0199636447337,1055560.4075532123,4162,16,1436.960199004975,72,129,43,33.34549397196004,0.6520543981481481,38.42751141552512,8101.306320482389,112.51814334003319,0
4164,31.46849138913026,0,0,201,0.0,0.0,1.0,201,6000,4200,1800,0.7,78,42,36,194.48033464518141,0.42477819237147596,0.7641692037325791,0.13296104511456325,1077743.9716019146,-4279.998348206418,1073463.973253708,4163,17,1437.960199004975,75,126,46,33.1913349917081,0.6520833333333333,38.28125000000001,8235.89423074896,109.81192307665279,0
4165,31.542754247083884,0,0,201,0.0,0.0,1.0,201,5750,3800,1950,0.6608695652173913,77,38,39,194.7273200794758,0.42429726368159204,0.7641275440515585,0.13363733163452193,1081334.9568818782,-3836.9083476270857,1077498.048534251,4164,18,1438.960199004975,77,124,44,33.055530762822826,0.6524621212121212,38.154380341880355,8259.332031551492,107.26405235781158,0
4166,31.789886611363215,0,0,201,0.0,0.0,1.0,201,5700,4100,1600,0.7192982456140351,73,41,32,195.90807303278248,0.4240536898839138,0.762918996886365,0.13496257543966284,1090865.4247989033,-3158.1313379116636,1087707.2934609917,4165,19,1439.960199004975,80,121,45,32.89500597254271,0.6524739583333333,38.027263374485614,8328.08359259366,104.10104490742076,0
4167,31.52257225674046,0,1,200,0.0,0.004975124378109453,0.9950248756218906,201,5800,4100,1700,0.7068965517241379,75,41,34,198.2966312036259,0.42398942786069654,0.7654673455158634,0.13694881838298031,1082375.2030298298,-3073.7287081685636,1079301.4743216613,4166,20,1440.960199004975,81,120,43,32.74814379433483,0.6529063786008231,37.94461382113823,8260.65984609125,101.98345489001544,0
4168,31.970585814233363,0,0,200,0.0,0.0,1.0,200,6050,4300,1750,0.7107438016528925,78,43,35,197.76824653647827,0.4238730108877722,0.7650851305334849,0.13719198834538432,1098990.303295126,-2580.9229513459422,1096409.38034378,4167,21,1446.025,83,117,38,32.61208853575484,0.6536144578313253,37.797619047619065,8382.763720934445,100.99715326427042,0
4169,32.400589425245165,1,1,200,0.004975124378109453,0.004975124378109453,0.9950248756218906,201,5050,3600,1450,0.7128712871287128,65,36,29,194.46568549031878,0.424101368159204,0.7620146480917298,0.13529560831334395,1114590.7122496613,-1900.0706202450383,1112690.6416294163,4168,0,1439.8258706467661,87,114,40,32.60042007009945,0.6531369731800767,37.701231060606084,8498.634719152615,97.68545654198408,0
4170,32.479766229011325,0,0,200,0.0,0.0,1.0,200,6250,4700,1550,0.752,78,47,31,191.73176053858268,0.42387405778894477,0.7578814164027989,0.13397323984283765,1118530.5584368957,-3358.433362937755,1115172.125073958,4169,1,1444.7,88,112,45,32.52668391086534,0.6542376893939394,37.558520599250954,8524.037899732273,96.8640670424122,0
4171,32.409829409076394,0,0,200,0.0,0.0,1.0,200,5150,3300,1850,0.6407766990291263,70,33,37,192.75337276915707,0.4238499790619765,0.7601453083109917,0.13504321570791755,1116859.4319124895,-2094.3155179647274,1114765.1163945247,4170,2,1445.7,73,127,47,32.41152815013402,0.6612442922374429,37.47184684684683,8508.492658773537,116.55469395580188,0
4172,32.87065531328521,0,0,200,0.0,0.0,1.0,200,5700,4100,1600,0.7192982456140351,73,41,32,187.4152735439761,0.4234746649916248,0.7523348393574314,0.13182599749279583,1133862.484243411,-3199.3704708541536,1130663.113772557,4171,3,1446.7,78,122,45,32.41915578982594,0.6602564102564102,37.34177215189871,8633.748072793202,110.6890778563231,0
4173,33.080070108312,0,0,200,0.0,0.0,1.0,200,5850,3800,2050,0.6495726495726496,79,38,41,187.1533652978876,0.4233778266331658,0.7528511304688275,0.13214553788863195,1142169.8711433576,-3097.812974733537,1139072.058168624,4172,4,1447.7,80,120,47,32.299007373332024,0.6606770833333333,37.21707818930039,8692.877476764948,108.66096845956186,0
4174,33.29277637634125,0,0,200,0.0,0.0,1.0,200,5300,3800,1500,0.7169811320754716,68,38,30,186.045871945146,0.42323073701842545,0.7518313759190305,0.13174161033681547,1150332.9651815696,-2497.0600931103218,1147835.9050884591,4173,5,1448.7,82,118,47,32.23278509818899,0.6608231707317074,37.12349397590359,8751.888729654107,106.73035036163544,0
4175,33.649126895457336,0,0,200,0.0,0.0,1.0,200,4800,3000,1800,0.625,66,30,36,182.87035068101477,0.42318100921273033,0.7480584586017669,0.12994398774230687,1163644.9357408688,-2240.768506576436,1161404.1672342923,4174,6,1449.7,82,118,48,32.20124473077226,0.6619664634146342,37.01054216867467,8849.365638733707,107.9190931552891,0
4176,34.06205495837971,0,0,200,0.0,0.0,1.0,200,4650,3200,1450,0.6881720430107527,61,32,29,185.19040929205795,0.42318362646566166,0.7506057007125919,0.13214434290161947,1179139.1958746305,-976.9459407343611,1178162.2499338961,4175,7,1450.7,84,116,50,32.00217735550278,0.6625744047619048,36.874999999999964,8962.578210923555,106.69735965385185,0
4177,33.89753401864656,0,0,200,0.0,0.0,1.0,200,5450,3900,1550,0.7155963302752294,70,39,31,184.67096165865533,0.42307213149078726,0.750508559007335,0.12501239041527998,1157996.1361483447,-2680.347988095488,1155315.7881602491,4176,8,1451.7,87,113,43,33.7856247924403,0.6439176245210728,38.6126893939394,8860.38525331149,101.84350865875275,8
4178,33.855449204685875,0,0,200,0.0,0.0,1.0,200,6300,4400,1900,0.6984126984126984,82,44,38,182.82898999520987,0.423097257118928,0.7477354443309479,0.12412592316595837,1157423.4798180165,-3977.886837625755,1153445.5929803909,4177,9,1452.7,77,123,45,33.73425263874702,0.6488095238095238,38.514957264957296,8852.693582101438,114.9700465207979,0
4179,33.97297260370297,0,1,199,0.0,0.005,0.995,200,5650,4200,1450,0.7433628318584071,71,42,29,184.43462806385105,0.4228611809045226,0.7501968142135094,0.12556555647850776,1162271.8741396603,-2777.3638367950844,1159494.5103028652,4178,10,1453.7,77,123,46,33.59706055036506,0.6497564935064934,38.42147435897438,8886.600085319627,115.41039071843672,0
4180,34.15771577448225,0,0,199,0.0,0.0,1.0,199,5600,3800,1800,0.6785714285714286,74,38,36,182.66308187854273,0.42242991049523715,0.747472115899187,0.12485693810860893,1169785.7822488851,-2664.6647753431052,1167121.117473542,4179,11,1461.6834170854272,77,122,45,33.507413974928134,0.6511093073593073,38.28792735042737,8939.486592314795,116.09722847162072,0
4181,34.538056200768146,0,0,199,0.0,0.0,1.0,199,5400,4200,1200,0.7777777777777778,66,42,24,180.95268349913272,0.4221718863678663,0.7443547222979607,0.12437061759905055,1184470.4247028905,-2333.379624930522,1182137.04507796,4180,12,1462.6834170854272,80,119,46,33.36535313855471,0.6516927083333333,38.104423868312786,9045.364127168845,113.06705158961056,0
4182,34.27798206187434,0,0,199,0.0,0.0,1.0,199,5200,3400,1800,0.6538461538461539,70,34,36,178.6096060102126,0.42174360861546795,0.7401573455009269,0.12334569262117151,1176970.0654773298,-2956.368063855524,1174013.6974134743,4181,13,1463.6834170854272,83,116,52,33.26590005678593,0.6521084337349398,37.946428571428605,8982.66762067877,108.22491109251531,0
4183,34.29192896813724,0,1,198,0.0,0.005025125628140704,0.9949748743718593,199,4250,2800,1450,0.6588235294117647,57,28,29,179.23775273014195,0.42136397475593457,0.7396186229159021,0.12415092046904458,1178340.6159615312,-1809.3752088803235,1176531.240752651,4182,14,1464.6834170854272,86,113,49,33.14845474613687,0.6520106589147288,37.84722222222226,8989.724434355525,104.53167946925029,0
4184,34.37072512409497,0,0,198,0.0,0.0,1.0,198,5150,3800,1350,0.7378640776699029,65,38,27,181.40989196369782,0.42084604505289785,0.7411841834120212,0.12607646067590095,1182043.8874216178,-1863.10921729856,1180180.7782043193,4183,15,1470.0151515151515,87,111,44,32.979027501955855,0.6527777777777778,37.73674242424246,9014.178336286177,103.6112452446687,0
4185,34.46680072343883,0,0,198,0.0,0.0,1.0,198,5550,4500,1050,0.8108108108108109,66,45,21,183.1943326426714,0.42076219043224117,0.744603360032593,0.12750780693129143,1185795.303045268,-1703.804161561185,1184091.4988837068,4184,16,1471.0151515151515,88,110,45,32.881845291213054,0.6529356060606061,37.68726591760302,9041.080732838454,102.73955378225516,0
4186,33.96197111402025,0,3,195,0.0,0.015151515151515152,0.9848484848484849,198,5150,3600,1550,0.6990291262135923,67,36,31,184.6743727103621,0.4205843331795109,0.7470223256329267,0.1292259643299632,1169991.6959315815,-1536.5034955001747,1168455.1924360814,4185,17,1472.0151515151515,88,110,50,32.66421798130233,0.6547111742424243,37.51170411985021,8914.619922450112,101.30249911875127,0
4187,34.12723013440305,0,0,195,0.0,0.0,1.0,195,5050,3400,1650,0.6732673267326733,67,34,33,188.18989881103028,0.4198828090580668,0.7460082455898367,0.13213501365201713,1176684.7131140048,238.03541868179855,1176922.7485326866,4186,18,1488.7384615384615,72,123,51,32.45824956076001,0.6624710648148149,37.40011415525112,8961.806737491654,124.46953802071741,0
4188,33.85551980273646,0,0,195,0.0,0.0,1.0,195,4850,3600,1250,0.7422680412371134,61,36,25,185.94388396205355,0.41953806502775576,0.7431707323599239,0.13092580749510227,1168134.3837473465,-408.51113928019186,1167725.8726080663,4187,19,1489.7384615384615,75,120,45,32.423519078924485,0.6619444444444444,37.308114035087684,8893.57034730318,118.5809379640424,0
4189,33.95159759159933,0,0,195,0.0,0.0,1.0,195,6050,4600,1450,0.7603305785123967,75,46,29,201.42247261678096,0.41933650541897965,0.7619213011237451,0.13437217040370378,1155455.8978670412,1496.956789604431,1156952.8546566456,4188,20,1490.7384615384615,80,115,40,33.85254925157322,0.6415364583333334,39.10751028806584,8857.716825370051,110.72146031712563,8
4190,34.11064231175371,0,0,195,0.0,0.0,1.0,195,5900,4200,1700,0.711864406779661,76,42,34,200.621588251912,0.4189510088994625,0.7626063342615432,0.13448693706825712,1162330.6200602422,1737.7230140630586,1164068.3430743052,4189,21,1491.7384615384615,82,113,42,33.70591157476404,0.6424034552845528,38.94327309236947,8904.812634623344,108.595276031992,0
4191,33.554322693265576,0,0,195,0.0,0.0,1.0,195,5600,4100,1500,0.7321428571428571,71,41,30,198.82040459699536,0.4188606925720328,0.7611742032157249,0.13362580681053898,1144143.529130596,895.8158757559595,1145039.3450063518,4190,22,1492.7384615384615,82,113,40,33.66333461489171,0.6432926829268293,38.85542168674699,8762.529450319673,106.86011524780089,0
4192,33.62223233337244,0,1,194,0.0,0.005128205128205128,0.9948717948717949,195,4750,3300,1450,0.6947368421052632,62,33,29,199.32812157971932,0.4184146180280201,0.7625181364253322,0.13446574319658441,1147561.3342146154,1998.2490293031756,1149559.5832439186,4191,23,1493.7384615384615,82,113,40,33.522072245172474,0.6445630081300813,38.72991967871486,8784.483342321122,107.12784563806247,0
4193,33.76430019411674,0,0,194,0.0,0.0,1.0,194,4950,3400,1550,0.6868686868686869,65,34,31,199.47131334765572,0.41829140181258123,0.7617688581105695,0.13483618322822155,1153014.8023467208,2248.675386677575,1155263.4777333983,4192,24,1499.819587628866,86,108,41,33.44844305981889,0.6437742248062015,38.661398467432946,8823.914994456236,102.6036627262353,0
4194,33.35992444851402,0,1,193,0.0,0.005154639175257732,0.9948453608247423,194,4500,3200,1300,0.7111111111111111,58,32,26,213.92864764722503,0.41794030322454284,0.7784303916732844,0.13675655631591546,1122531.8485674257,4728.344060993654,1127260.1926284195,4193,25,1500.819587628866,70,124,38,35.03127002978544,0.63125,40.580985915492946,8654.198710367122,123.63141014810174,8
4195,33.6866786607467,0,0,193,0.0,0.0,1.0,193,4750,2900,1850,0.6105263157894737,66,29,37,213.53408770189517,0.4173818005181347,0.7771645796090614,0.13690483788904714,1134424.503042383,5097.660264765997,1139522.163307149,4194,26,1509.2953367875648,70,123,35,34.93661314941491,0.6322916666666667,40.47828638497651,8742.424572035594,124.89177960050849,0
4196,33.46660909892196,0,1,192,0.0,0.0051813471502590676,0.9948186528497409,193,5600,4000,1600,0.7142857142857143,72,40,32,215.75589448638024,0.4175291001007484,0.7792024300301812,0.13927731571737778,1129086.4166976798,4521.409957405724,1133607.8266550854,4195,27,1510.2953367875648,72,121,40,34.63524500109863,0.6336805555555556,40.239726027397246,8693.29554846994,120.74021595097139,0
4197,33.64215679490436,1,0,193,0.0051813471502590676,0.0,1.0,193,5800,3900,1900,0.6724137931034483,77,39,38,217.59013387851675,0.4170534686240645,0.7808717722447542,0.14117676664406648,1136553.486002125,5060.565035859347,1141614.0510379844,4196,0,1510.8860103626944,75,118,40,34.40707663239299,0.6340277777777779,40.06304824561403,8744.839687710524,116.59786250280699,0
4198,33.15061911845749,0,0,193,0.0,0.0,1.0,193,5450,3600,1850,0.6605504587155964,73,36,37,218.98367447156764,0.4169016713442717,0.7820351586662864,0.14268006223933621,1121204.69900076,5055.104964394615,1126259.8039651546,4197,1,1511.8860103626944,77,116,34,34.22181215233203,0.6346049783549783,39.91720085470084,8621.90581372805,111.97280277568896,0
4199,32.75495893304879,1,0,194,0.005154639175257732,0.0,1.0,194,5300,3800,1500,0.7169811320754716,68,38,30,218.11754220535812,0.41755192475473174,0.7810770881893427,0.14292384542802225,1109491.6445878786,4299.918122977568,1113791.562710856,4198,0,1505.0876288659795,82,112,38,34.04425237475287,0.6345274390243902,39.72138554216866,8525.41532771707,103.96847960630573,0
4200,32.569504993090774,2,0,196,0.01020408163265306,0.0,1.0,196,5500,4000,1500,0.7272727272727273,70,40,30,212.76148247597484,0.41854341095412523,0.7775354892540292,0.1400926191489574,1104625.8905354696,2304.3684103340142,1106930.2589458036,4199,0,1490.719387755102,71,125,40,34.013118912713416,0.6411384976525822,39.554398148148145,8482.584329942414,119.4730187315833,0
4201,32.33065963062942,0,0,196,0.0,0.0,1.0,196,4500,2900,1600,0.6444444444444445,61,29,32,212.71249991534222,0.4185450462236176,0.7758998613120818,0.14061509208590023,1097666.8041661351,2997.4899976526403,1100664.2941637877,4200,1,1491.719387755102,75,121,39,33.875973069640224,0.6405555555555555,39.41885964912281,8424.76015484549,112.33013539793986,0
4202,31.944865009415466,0,0,196,0.0,0.0,1.0,196,6100,4100,2000,0.6721311475409836,81,41,40,218.0537158502996,0.4184725492761207,0.7812600209561993,0.14513270930099115,1086509.0377183736,2083.466595884781,1088592.5043142585,4201,2,1492.719387755102,75,121,38,33.49870592253928,0.6429166666666667,39.18585526315788,8331.672646164541,111.08896861552722,0
4203,31.85311821981666,0,0,196,0.0,0.0,1.0,196,6200,5000,1200,0.8064516129032258,74,50,24,214.39605019480086,0.4183542647828362,0.7763261334672096,0.1432714652202065,1084521.8189577619,1103.4388669249033,1085625.2578246868,4202,3,1493.719387755102,79,117,39,33.45480307037241,0.6425369198312236,39.04947916666666,8312.087789626874,105.2163011345174,0
4204,32.10414482128694,0,1,195,0.0,0.00510204081632653,0.9948979591836735,196,6200,4100,2100,0.6612903225806451,83,41,42,216.575444217744,0.41795198848770276,0.7785966483508859,0.1453785656581154,1094343.452095379,2001.5838528669906,1096345.0359482458,4203,4,1494.719387755102,81,115,37,33.24251564983296,0.6432613168724279,38.89735772357722,8382.47704086292,103.48737087485085,0
4205,31.628253092189865,0,0,195,0.0,0.0,1.0,195,6600,5100,1500,0.7727272727272727,81,51,30,219.00866369602116,0.41792448673891974,0.7808098267543793,0.14760062232083682,1079237.5879206674,1672.4763882043753,1080910.0643088717,4204,5,1502.6051282051283,84,111,38,33.040921955872456,0.6434771825396826,38.76225490196077,8262.493519193738,98.36301808563974,0
4206,31.963025393868797,0,1,194,0.0,0.005128205128205128,0.9948717948717949,195,4700,3600,1100,0.7659574468085106,58,36,22,221.00819332079877,0.41757643845272713,0.7832665573536741,0.1496034131701014,1091896.3049067196,4563.605928217987,1096459.9108349376,4205,6,1503.6051282051283,85,110,39,32.83750386160025,0.6446078431372548,38.61434108527131,8354.676453484593,98.2903112174658,0
4207,32.32339623421847,0,1,193,0.0,0.005154639175257732,0.9948453608247423,194,5000,3200,1800,0.64,68,32,36,220.15523563118015,0.41699995993803746,0.7818006325214608,0.14934855173899,1104821.1187890628,4846.430747462152,1109667.549536525,4206,7,1511.8453608247423,83,111,39,32.785524568393114,0.6460843373493976,38.54166666666667,8451.221307071717,101.82194345869539,0
4208,32.436474398752615,0,1,192,0.0,0.0051813471502590676,0.9948186528497409,193,6400,4800,1600,0.75,80,48,32,218.46415084492378,0.4162022794329303,0.7788961398075427,0.14884207895922852,1109913.4615752778,3495.2603788787524,1113408.7219541566,4207,8,1520.6424870466321,71,122,37,32.68190281311065,0.6528755868544601,38.396990740740755,8485.47931247464,119.51379313344562,0
4209,32.726395513279236,0,0,192,0.0,0.0,1.0,192,6100,4600,1500,0.7540983606557377,76,46,30,221.15125589604722,0.4160673220258872,0.779951907565736,0.15148250113807749,1121367.734054433,5098.376541488657,1126466.1105959215,4208,9,1508.8645833333333,73,119,39,32.42856150633616,0.6536815068493151,38.21790540540542,8567.184365997411,117.35868994517001,0
4210,32.26563336239847,0,0,192,0.0,0.0,1.0,192,4550,2900,1650,0.6373626373626373,62,29,33,221.30345580182623,0.4155798929246655,0.7800764194551986,0.15213704943693218,1106599.3433710686,6028.851775209978,1112628.1951462785,4209,10,1509.8645833333333,74,118,39,32.30122324159023,0.654420045045045,38.097222222222236,8450.459004371527,114.19539195096658,0
4211,32.030079643641365,0,0,192,0.0,0.0,1.0,192,5150,3400,1750,0.6601941747572816,69,34,35,216.1719365361949,0.41541514416084935,0.7741175656636807,0.14927731295067181,1099770.1938705808,3997.8905107579776,1103768.0843813387,4210,11,1510.8645833333333,78,114,41,32.28349015464088,0.6541132478632479,37.94831223628692,8393.536429822367,107.60944140797906,0
4212,32.38761751865175,0,1,191,0.0,0.005208333333333333,0.9947916666666666,192,4900,3200,1700,0.6530612244897959,66,32,34,213.7625542739353,0.41531799920011636,0.7708954194260493,0.1480648885108452,1112904.5908124454,4279.465599051426,1117184.0564114968,4211,12,1511.8645833333333,80,112,34,32.24337748344371,0.654296875,37.84722222222223,8490.503898118788,106.13129872648486,0
4213,32.4375764792222,0,0,191,0.0,0.0,1.0,191,6000,4700,1300,0.7833333333333333,73,47,26,219.3800436071623,0.41475957564067234,0.7726450497455235,0.15247021170712655,1115570.547196963,4746.78305818689,1120317.33025515,4212,13,1520.7015706806283,83,108,34,31.98205785931564,0.6542419678714859,37.73561507936507,8507.221043639236,102.4966390799908,0
4214,32.69586227967584,0,0,191,0.0,0.0,1.0,191,4950,3200,1750,0.6464646464646465,67,32,35,218.92789119535783,0.4143278680995683,0.7719553835647623,0.1527874069160212,1125623.3362522863,6136.068657199167,1131759.4049094855,4213,14,1521.7015706806283,83,108,35,31.854521109010683,0.6556224899598393,37.59920634920634,8579.420211283967,103.36650856968635,0
4215,32.201473208356646,0,0,191,0.0,0.0,1.0,191,6100,5000,1100,0.819672131147541,72,50,22,218.57310138967011,0.41423257095618626,0.7733648815160417,0.15306683318873346,1109560.3725291952,4204.010360556943,1113764.382889752,4214,15,1522.7015706806283,73,118,38,31.74807183584465,0.661101598173516,37.485923423423436,8453.340003697145,115.79917813283761,0
4216,32.326048335438514,0,0,191,0.0,0.0,1.0,191,4850,3300,1550,0.6804123711340206,64,33,31,214.1801980572349,0.4141912372554423,0.768831928284794,0.15049919602617073,1114794.3350651646,4703.374295468006,1119497.7093606326,4215,16,1523.7015706806283,74,117,39,31.75009254852185,0.6617398648648649,37.375,8489.628444094542,114.7247087039803,0
4217,32.126664514656945,0,0,191,0.0,0.0,1.0,191,5000,3300,1700,0.66,67,33,34,215.34517956336387,0.4138467897492422,0.7693415477551562,0.15180467267876904,1108804.3027790913,4555.132336518678,1113359.43511561,4216,17,1524.7015706806283,76,115,36,31.612258208468486,0.6618695175438596,37.27002164502164,8440.637872553465,111.06102463886138,0
4218,31.731763458534182,0,0,191,0.0,0.0,1.0,191,5800,4000,1800,0.6896551724137931,76,40,36,215.67300815767146,0.41359649122807013,0.7706421474457004,0.1525413496722021,1096077.3231494664,3278.8586914106218,1099356.181840877,4217,18,1525.7015706806283,76,115,38,31.493085936829797,0.6629660087719298,37.16179653679653,8340.319700160437,109.74104868632153,0
4219,31.294072468973148,0,0,191,0.0,0.0,1.0,191,4600,2900,1700,0.6304347826086957,63,29,34,220.13016732275614,0.4133128961146321,0.7757165248876285,0.15621285367843757,1081848.9830804185,4829.519532689146,1086678.5026131077,4218,19,1526.7015706806283,76,115,42,31.26532729673646,0.6640625,37.05357142857142,8228.664591171944,108.27190251542032,0
4220,31.67796751133048,0,1,190,0.0,0.005235602094240838,0.9947643979057592,191,5600,4100,1500,0.7321428571428571,71,41,30,215.0678877315489,0.41321530265454215,0.7706764822869252,0.15327854220867498,1096282.7559331036,3355.0433350106723,1099637.7992681144,4219,20,1527.7015706806283,79,112,40,31.255928813000086,0.6641613924050633,36.91406249999999,8334.027780812903,105.49402254193548,0
4221,31.563981450497675,0,1,189,0.0,0.005263157894736842,0.9947368421052631,190,4650,3300,1350,0.7096774193548387,60,33,27,208.5160505499047,0.41298616912652,0.7625976300950443,0.14025163770104915,1076493.994224013,2243.2552232561698,1078737.2494472691,4220,21,1522.2526315789473,86,104,35,33.38318892403609,0.642078488372093,38.82902298850571,8243.59587379907,95.85576597440779,8
4222,31.842057935077573,0,0,189,0.0,0.0,1.0,189,5050,3200,1850,0.6336633663366337,69,32,37,186.7726676510184,0.41295287815677884,0.7356382293618651,0.11951628557297951,1071746.9471640068,-2815.3927262682773,1068931.5544377384,4221,22,1524.1375661375662,78,111,36,35.699992376886755,0.6278044871794872,40.5458860759494,8261.55292706391,105.91734521876809,8
4223,31.965932414413913,0,0,189,0.0,0.0,1.0,189,5700,4200,1500,0.7368421052631579,72,42,30,186.50225297418115,0.41317333671057077,0.7357350220644086,0.11994125381643608,1077367.8214687915,-3313.694802836683,1074054.1266659547,4222,23,1525.1375661375662,81,108,39,35.528794402583436,0.6283436213991769,40.37093495934962,8299.285145906964,102.46031044329585,0
4224,32.04896098000577,0,1,188,0.0,0.005291005291005291,0.9947089947089947,189,6050,4800,1250,0.7933884297520661,73,48,25,185.01750353645568,0.41359900934369015,0.7329441692999006,0.1195768760758096,1081603.18776961,-3826.8956763587757,1077776.2920932511,4223,24,1526.1375661375662,82,107,37,35.39150685152088,0.6297002032520325,40.198293172690775,8326.374764647364,101.54115566643127,0
4225,32.47917222398545,0,0,188,0.0,0.0,1.0,188,4750,3500,1250,0.7368421052631579,60,35,25,183.66012355675764,0.4135051627033792,0.7311310190369533,0.1190858221308846,1097075.4670502963,-2052.196834090969,1095023.2702162054,4224,25,1518.1382978723404,82,106,41,35.311745533558685,0.6308434959349594,40.08534136546185,8441.81296132956,102.94893855279952,0
4226,32.03585903644267,0,0,188,0.0,0.0,1.0,188,5150,3700,1450,0.7184466019417476,66,37,29,181.36438845082205,0.41367168240603786,0.7274245278998237,0.11794454186227837,1082953.2834085086,-3468.1680067610855,1079485.1154017476,4225,26,1519.1382978723404,85,103,35,35.267260989736194,0.6307598039215686,39.983042635658926,8329.866593208784,97.99843050833864,0
4227,31.682904510976897,0,0,188,0.0,0.0,1.0,188,5150,3800,1350,0.7378640776699029,65,38,27,180.97089527181632,0.41370071964956195,0.7269777830022319,0.11782637425970831,1071355.647505574,-3973.1618632796976,1067382.4856422942,4226,27,1520.1382978723404,86,102,35,35.23624539594843,0.6308139534883721,39.9425287356322,8239.376029435132,95.80669801668759,0
4228,31.505110744199015,0,1,187,0.0,0.005319148936170213,0.9946808510638298,188,5500,3800,1700,0.6909090909090909,72,38,34,190.57946761470592,0.4136829417453635,0.7407754792104853,0.1168554495495285,1048013.640169051,-3154.0236807268275,1044859.6164883241,4227,28,1521.1382978723404,85,103,32,37.150690694216145,0.6096813725490196,42.06637596899222,8126.227389749411,95.60267517352247,8
4229,31.59809069644621,0,0,187,0.0,0.0,1.0,187,4450,3000,1450,0.6741573033707865,59,30,29,193.97524662958443,0.41396411937208905,0.7441772867097756,0.1192684890189484,1051924.8825134106,-1040.5222957332908,1050884.3602176774,4228,29,1527.0641711229946,86,101,32,36.96077521538054,0.610343992248062,41.96599616858235,8153.381855832216,94.8067657654909,0
4230,31.20535228489112,0,1,186,0.0,0.0053475935828877,0.9946524064171123,187,5400,3800,1600,0.7037037037037037,70,38,32,190.96595537268138,0.4138527111724455,0.7424394335332454,0.11793698139757272,1040130.0197843626,-3074.1154120152105,1037055.9043723474,4229,30,1528.0641711229946,88,99,38,36.8765110305228,0.6112689393939394,41.807116104868875,8056.99989939945,91.55681703863011,0
4231,30.76359478740794,1,0,187,0.0053475935828877,0.0,1.0,187,5500,3900,1600,0.7090909090909091,71,39,32,189.00710231113317,0.4140324018170318,0.7417913202363962,0.1172751873646333,1026742.1091009104,-4087.6898276029983,1022654.4192733073,4230,0,1528.572192513369,74,113,39,36.75568039278933,0.6185247747747749,41.6388888888889,7948.116531046721,107.40698014928002,0
4232,31.017995316239094,0,1,186,0.0,0.0053475935828877,0.9946524064171123,187,5600,4300,1300,0.7678571428571429,69,43,26,187.02108253203517,0.41405037088149044,0.738662628064785,0.11644207974485507,1036218.6411006966,-4241.053600294565,1031977.5875004021,4231,1,1529.572192513369,75,112,39,36.68170148646976,0.6193055555555556,41.51589912280703,8017.6586303310705,106.90211507108094,0
4233,30.77915232344382,0,0,186,0.0,0.0,1.0,186,5550,4000,1550,0.7207207207207207,71,40,31,186.49970164674707,0.41443378862733704,0.7366556059445057,0.11674381451518528,1029768.1872746609,-4339.70806159259,1025428.4792130684,4232,2,1537.4032258064517,78,108,41,36.499536989839264,0.6199252136752137,41.32383966244728,7961.832941473166,102.07478130093803,0
4234,30.360149190499964,0,0,186,0.0,0.0,1.0,186,4200,2700,1500,0.6428571428571429,57,27,30,187.32119008518382,0.4147219800445607,0.7373286592153119,0.11767790951604887,1016748.8859576376,-3308.277732925959,1013440.6082247116,4233,3,1538.4032258064517,81,105,46,36.34871112092804,0.6199845679012346,41.19664634146343,7857.308428074925,97.00380775401142,0
4235,30.378949491734975,0,0,186,0.0,0.0,1.0,186,5450,3900,1550,0.7155963302752294,70,39,31,191.48390190059354,0.41485699409086507,0.7412371003438376,0.12230346620709573,1021987.2879027696,-3511.177283914569,1018476.1106188551,4234,4,1539.4032258064517,74,112,37,35.644231455700734,0.6289414414414414,40.61111111111111,7879.9619542728,106.48597235503783,8
4236,30.624305331874968,0,0,186,0.0,0.0,1.0,186,4800,3500,1300,0.7291666666666666,61,35,26,190.48965310761338,0.41441865252349125,0.7400050460284098,0.12217742305258619,1031404.3905429639,-2705.627086360255,1028698.7634566036,4235,5,1540.4032258064517,77,109,41,35.52086549346506,0.6290584415584415,40.46474358974359,7948.086936694158,103.2219082687553,0
4237,30.222821236978092,0,0,186,0.0,0.0,1.0,186,5100,3300,1800,0.6470588235294118,69,33,36,192.1698559230418,0.41428182214472536,0.7425244691719437,0.12383934657140729,1019179.4257358206,-3128.887319323909,1016050.5384164966,4236,6,1541.4032258064517,79,107,41,35.308817999498615,0.6298786919831223,40.29947916666666,7848.8824162959145,99.3529419784293,0
4238,29.932386560723952,1,0,187,0.0053475935828877,0.0,1.0,187,5200,4000,1200,0.7692307692307693,64,40,24,187.58733355084618,0.4152291415099764,0.7376140941347962,0.12145663941537883,1010660.0945536816,-4682.5935472858,1005977.5010063958,4237,0,1534.1550802139038,82,105,42,35.26081409575326,0.6303353658536586,40.1355421686747,7778.363405200169,94.85809030731913,0
4239,30.16475978556498,1,1,187,0.005319148936170213,0.005319148936170213,0.9946808510638298,188,4600,3600,1000,0.782608695652174,56,36,20,183.9285458006924,0.4156485853529033,0.7337456841313192,0.11958659582658233,1019644.0051008691,-4691.672181480542,1014952.3329193885,4238,0,1526.9893617021276,86,102,40,35.20810308835268,0.6303294573643411,39.99042145593871,7843.126478727629,91.19914510148405,0
4240,29.79387983159834,2,1,188,0.010582010582010581,0.005291005291005291,0.9947089947089947,189,5350,3600,1750,0.6728971962616822,71,36,35,197.32300912311658,0.41729286277158617,0.7568144055025328,0.12902425976797968,1008625.7940941713,-3344.98464602923,1005280.8094481421,4239,0,1519.857142857143,73,116,46,34.66002840140656,0.6376997716894977,39.79448198198196,7752.531935347571,106.19906760750096,8
4241,30.118575697953812,0,0,188,0.0,0.0,1.0,188,4950,3500,1450,0.7070707070707071,64,35,29,202.8080054668173,0.4162465155307771,0.7606615702132202,0.13299606852550977,1020402.0181029399,-1160.8603868457622,1019241.1577160942,4240,1,1528.936170212766,74,114,48,34.41523939102904,0.6382319819819819,39.69444444444442,7840.032579597872,105.94638621078207,0
4242,30.510138266483196,0,2,186,0.0,0.010638297872340425,0.9893617021276596,188,5350,3400,1950,0.6355140186915887,73,34,39,199.67934506180865,0.41645807259073847,0.7564881216286994,0.11987774568841808,1008871.173459415,-2659.8529663768772,1006211.320493038,4241,2,1529.936170212766,89,99,39,37.70060721304591,0.6005383895131087,42.83564814814817,7846.119932210581,88.15865092371439,8
4243,30.439155783407987,0,0,186,0.0,0.0,1.0,186,5550,3900,1650,0.7027027027027027,72,39,33,199.44395299543083,0.4157924053085344,0.7542263580469173,0.12020165183841076,1007637.4104127772,-2556.56233623918,1005080.8480765381,4242,3,1545.236559139785,69,117,37,37.56162888207742,0.6103562801932367,42.693452380952394,7832.194087067102,113.51005923285656,0
4244,30.5663131356795,1,0,187,0.0053475935828877,0.0,1.0,187,5400,3700,1700,0.6851851851851852,71,37,34,200.59846072390442,0.4168008356812911,0.75654613595627,0.12174856140102508,1013863.033264826,-2124.127228441271,1011738.9060363848,4243,0,1537.9679144385027,72,115,39,37.270544783010145,0.611400462962963,42.43721461187216,7872.7447502713585,109.34367708710221,0
4245,30.91617139252453,0,0,187,0.0,0.0,1.0,187,5250,3900,1350,0.7428571428571429,66,39,27,201.99552922251968,0.41709193452552085,0.7584212623218398,0.12310699563934438,1026671.7511226864,-1173.3792588321548,1025498.3718638542,4244,1,1538.9679144385027,73,114,42,37.080329182142584,0.6124429223744292,42.28603603603605,7967.5290801568335,109.14423397475115,0
4246,30.80241674246332,0,0,187,0.0,0.0,1.0,187,5200,3600,1600,0.6923076923076923,68,36,32,203.9204046655384,0.41725126023038733,0.7593228393952232,0.1248018730170169,1024100.7644792437,-832.9915378210103,1023267.7729414226,4245,2,1539.9679144385027,77,110,43,36.87566894539679,0.6121482683982684,42.1340811965812,7942.893494661118,103.1544609696249,0
4247,30.906830358602765,0,0,187,0.0,0.0,1.0,187,5150,3800,1350,0.7378640776699029,65,38,27,206.416452405119,0.41720454066279494,0.7624999584728183,0.1266562958912732,1028317.424229728,-97.67306882595813,1028219.7511609021,4246,3,1540.9679144385027,77,110,37,36.7158918340581,0.6130952380952381,42.04059829059829,7972.7074680391415,103.54165542907975,0
4248,30.518384512106795,0,0,187,0.0,0.0,1.0,187,4650,3500,1150,0.7526881720430108,58,35,23,208.8914082806903,0.4169745366377245,0.7653606407838556,0.12854412419406944,1016211.118788396,405.5543428407159,1016616.6731312367,4247,4,1541.9679144385027,80,107,37,36.54600837195394,0.612890625,41.93672839506172,7875.67415129174,98.44592689114674,0
4249,30.585916397616685,1,1,187,0.005319148936170213,0.005319148936170213,0.9946808510638298,188,4950,3500,1450,0.7070707070707071,64,35,29,207.14375631879565,0.41766697007623166,0.7647057302868856,0.12807061087787114,1019799.4023224027,-300.98422225482136,1019498.4181001479,4248,0,1534.7606382978724,82,106,41,36.41793432477968,0.6138211382113821,41.76706827309238,7898.290860910677,96.32062025500825,0
4250,30.97629846640831,0,0,187,0.0,0.0,1.0,187,4900,3600,1300,0.7346938775510204,62,36,26,206.61116704061993,0.417587880704579,0.7632069486615822,0.1280566741927706,1033524.1271678336,407.5252157568957,1033931.6523835905,4249,1,1535.9839572192514,87,100,42,36.34129320747223,0.6129070881226053,41.67850378787879,8001.843766955835,91.97521571213603,0
4251,30.899627433076425,1,0,188,0.005319148936170213,0.0,1.0,188,5250,4100,1150,0.780952380952381,64,41,23,203.5570906892588,0.4184462348769295,0.7608410534950432,0.12680198145921165,1032409.3046841116,-819.153107596177,1031590.1515765154,4250,0,1528.8085106382978,73,115,41,36.23575110723882,0.620433789954338,41.49774774774776,7987.623285205761,109.41949705761317,0
4252,30.69101302918726,0,2,186,0.0,0.010638297872340425,0.9893617021276596,188,4400,2800,1600,0.6363636363636364,60,28,32,202.75529630445158,0.41835438237190425,0.7579684229609243,0.12669752542548282,1026324.1757023366,-381.46753021007817,1025942.7081721266,4251,1,1529.8085106382978,77,111,39,36.14268654789573,0.619724025974026,41.386217948717956,7937.118954463306,103.0794669410819,0
4253,31.227157110326743,1,0,187,0.0053475935828877,0.0,1.0,187,5650,4200,1450,0.7433628318584071,71,42,29,201.2393298921463,0.4179412723055987,0.7563375359997879,0.1261751060624739,1045223.9968839645,-981.9646559760063,1044242.0322279885,4252,0,1538.0160427807486,77,110,41,36.059280478992456,0.6209415584415585,41.26602564102564,8079.526467086947,104.92891515697335,0
4254,30.988039130868213,0,0,187,0.0,0.0,1.0,187,5450,3900,1550,0.7155963302752294,70,39,31,200.3230547415672,0.4178238744178023,0.7556914936036663,0.1258366443383091,1037755.7634536311,-1272.719077860248,1036483.0443757708,4253,1,1539.0160427807486,77,110,44,36.01487649861535,0.6216179653679654,41.19925213675214,8019.727701884297,104.15230781667918,0
4255,31.308412043589747,0,0,187,0.0,0.0,1.0,187,5250,3800,1450,0.7238095238095238,67,38,29,200.46897707398142,0.41771126828052824,0.7542157588790976,0.1262778925673783,1049282.3914313314,-580.2864656038291,1048702.1049657275,4254,2,1540.0160427807486,80,107,42,35.910697728326376,0.6213541666666667,41.100823045267504,8105.7221098450555,101.3215263730632,0
4256,30.973287349038774,0,0,187,0.0,0.0,1.0,187,4850,3600,1250,0.7422680412371134,61,36,25,199.54760139626083,0.4175495467004006,0.7539801197417348,0.12609502135995257,1038948.1435042025,-786.0779977274351,1038162.065506475,4255,3,1541.0160427807486,82,105,37,35.82045256323288,0.6216971544715447,40.98895582329319,8022.423497859759,97.83443290072877,0
4257,31.220285009112416,0,0,187,0.0,0.0,1.0,187,4800,3100,1700,0.6458333333333334,65,31,34,198.51166383433988,0.41716980047150826,0.7512793803190474,0.12601950941295711,1048549.5457021762,-570.1370139838245,1047979.4086881924,4256,4,1542.0160427807486,87,100,38,35.68132945116846,0.6215277777777778,40.82623106060608,8091.478933173769,93.00550497900885,0
4258,31.18227502427686,2,2,187,0.010582010582010581,0.010582010582010581,0.9894179894179894,189,5150,3800,1350,0.7378640776699029,65,38,27,197.25488298575712,0.4183951555405456,0.7532351628737155,0.12593965606013802,1048899.866417211,-1569.8759172190857,1047329.9904999919,4257,0,1526.6878306878307,92,97,41,35.50870147255693,0.6219429347826086,40.62500000000002,8087.902584421869,87.91198461328118,0
4259,30.758711341049267,0,0,187,0.0,0.0,1.0,187,5300,3400,1900,0.6415094339622641,72,34,38,195.75200872803035,0.41740100243420925,0.7476613222533364,0.12539314387664066,1035575.7506624907,-2156.793323556119,1033418.9573389346,4258,1,1543.374331550802,71,116,41,35.429675884626846,0.6314553990610329,40.509259259259245,7981.600790119464,112.41691253689386,0
4260,30.687796349390922,0,0,187,0.0,0.0,1.0,187,4350,3300,1050,0.7586206896551724,54,33,21,195.50644687491814,0.4171578210952025,0.747601401608599,0.12563930724109437,1034084.8142693042,-1315.9504389797758,1032768.8638303244,4259,2,1544.374331550802,72,115,43,35.32127741439016,0.6320891203703703,40.39668949771689,7966.653524321755,110.64796561557993,0
4261,30.800181668682264,0,2,185,0.0,0.0106951871657754,0.9893048128342246,187,4650,3800,850,0.8172043010752689,55,38,17,193.47312174497938,0.4171206850286547,0.7449752441053352,0.12460788691925141,1038489.5857002198,-1866.0355909857826,1036623.550109234,4260,3,1545.374331550802,74,113,38,35.29532367046408,0.6318975225225225,40.319444444444436,7998.208286935426,108.08389576939766,0
4262,31.00434608099534,1,0,186,0.005376344086021506,0.0,1.0,186,4800,3300,1500,0.6875,63,33,30,190.49229930625808,0.41746040395233946,0.7388186624009272,0.1232891543812377,1046744.7076970603,-2120.6387688260784,1044624.0689282343,4261,0,1548.779569892473,80,106,43,35.199218878880856,0.6309895833333333,40.1491769547325,8056.504847126934,100.70631058908667,0
4263,31.532262644273363,0,0,186,0.0,0.0,1.0,186,5050,3700,1350,0.7326732673267327,64,37,27,192.15272217593449,0.41723275695049894,0.7419642926662147,0.1248179253645182,1065605.280867595,-1298.2089032480526,1064307.071964347,4262,1,1549.779569892473,82,104,42,35.02705366481616,0.6314786585365854,40.022590361445786,8197.675962300746,99.97165807683837,0
4264,31.206421388829224,0,0,186,0.0,0.0,1.0,186,4150,2600,1550,0.6265060240963856,57,26,31,193.41999718824485,0.4171982466337305,0.7424799333993051,0.12594555877053526,1055274.2626507722,-527.7710170520595,1054746.4916337202,4263,2,1550.779569892473,84,102,35,34.9086203917503,0.6315724206349207,39.93872549019608,8115.581719268934,96.61406808653493,0
4265,31.005198983534093,1,0,187,0.0053475935828877,0.0,1.0,187,5450,3600,1850,0.6605504587155964,73,36,37,194.9651085393278,0.4175459528875089,0.7469709684484589,0.12737798582560408,1049404.7086761298,-1930.539414255376,1047474.1692618744,4264,0,1543.48128342246,86,101,37,34.75024927136061,0.6320251937984496,39.8227969348659,8066.8459520138385,93.8005343257423,0
4266,31.109940168108803,0,0,187,0.0,0.0,1.0,187,5800,4000,1800,0.6896551724137931,76,40,36,196.65168988763952,0.4170895386502597,0.749480540879454,0.12898492730425515,1054045.1793607855,-1744.046852156247,1052301.1325086292,4265,1,1544.48128342246,89,98,39,34.56841069761242,0.632373595505618,39.68750000000001,8098.306300010838,90.9922056180993,0
4267,31.130043448614078,1,3,185,0.005319148936170213,0.015957446808510637,0.9840425531914894,188,5050,3800,1250,0.7524752475247525,63,38,25,199.01364105592043,0.41756622861910725,0.7537998083777611,0.13114783407345754,1056033.3587820935,-616.9912384524578,1055416.367543641,4266,0,1537.2606382978724,72,116,40,34.34247288265585,0.6409143518518519,39.52625570776256,8108.558977040552,112.61887468111878,0
4268,30.70035783230703,0,1,184,0.0,0.005405405405405406,0.9945945945945946,185,4250,2800,1450,0.6588235294117647,57,28,29,196.68046517167994,0.4163055718762241,0.746164254283731,0.13022547791450784,1042754.6342305748,-232.10669592110753,1042522.5275346537,4267,1,1561.2378378378378,75,110,41,34.237834805777574,0.6411111111111112,39.364035087719294,8001.617386775635,106.68823182367514,0
4269,31.05058101549133,0,0,184,0.0,0.0,1.0,184,5000,3600,1400,0.72,64,36,28,195.72170829401034,0.4155610249861408,0.7441653978458245,0.13004260349421093,1055612.6656751873,-478.7371554515489,1055133.9285197358,4268,2,1570.6684782608695,76,108,40,34.141591007349774,0.641858552631579,39.24512987012988,8096.590220151475,106.53408184409835,0
4270,30.66935318896884,0,0,184,0.0,0.0,1.0,184,4650,2900,1750,0.6236559139784946,64,29,35,196.05718559273572,0.41529807159261894,0.7447019794801935,0.13099161724781372,1044166.0320093434,-506.7492945427639,1043659.2827148007,4269,3,1571.6684782608695,78,106,42,33.93991072932456,0.6428952991452992,39.05590717299578,8002.986545486468,102.60239160880087,0
4271,31.16820915833801,0,0,184,0.0,0.0,1.0,184,5400,3500,1900,0.6481481481481481,73,35,38,193.58249966713745,0.4151477241229112,0.7411574703865043,0.12979817131025556,1062129.8187034887,-1078.050944875151,1061051.7677586135,4270,4,1572.6684782608695,81,103,38,33.88171500170308,0.6428755144032922,38.93546747967479,8136.913953417219,100.45572781996567,0
4272,30.910154936733306,0,1,183,0.0,0.005434782608695652,0.9945652173913043,184,4950,2900,2050,0.5858585858585859,70,29,41,195.7158171364364,0.41483898590322327,0.7436447488352718,0.1316232085216881,1054156.251291263,-486.98957780948876,1053669.2617134533,4271,5,1573.6684782608695,81,103,38,33.72240665077748,0.6439043209876543,38.83384146341464,8072.686424597327,99.66279536539909,0
4273,31.39366901688792,0,0,183,0.0,0.0,1.0,183,5150,4100,1050,0.7961165048543689,62,41,21,194.82389486634708,0.41421966012129946,0.741167787968285,0.13124289559832442,1071109.7393283108,-14.445750956193478,1071095.2935773546,4272,6,1582.8743169398906,83,100,39,33.68803900625049,0.6436997991967872,38.77728174603175,8200.739556556846,98.80409104285357,0
4274,31.063353031620938,0,0,183,0.0,0.0,1.0,183,3800,2300,1500,0.6052631578947368,53,23,30,194.90588362597416,0.4142897175684061,0.7367010555272624,0.1303174580102409,1057781.0080183658,833.5484101184729,1058614.5564284844,4273,7,1583.8743169398906,82,101,44,33.94468757013239,0.6415142276422765,39.031124497991954,8106.568309983975,98.86058914614604,8
4275,30.653062380774642,0,0,183,0.0,0.0,1.0,183,3900,2200,1700,0.5641025641025641,56,22,34,196.70679803747078,0.414255939870694,0.73802624149899,0.13199762227905265,1044789.8608713329,603.4536308025208,1045393.3145021355,4274,8,1584.8743169398906,87,96,35,33.772772438077105,0.6409243295019157,38.9086174242424,8003.25043717733,91.9913843353716,0
4276,30.535105456924,0,0,183,0.0,0.0,1.0,183,5200,3500,1700,0.6730769230769231,69,35,34,200.91369499579196,0.41395944674633195,0.7442239478477641,0.13545471694877464,1042034.3292686593,71.7934811652267,1042106.1227498245,4275,9,1585.8743169398906,89,94,37,33.50112971823494,0.6418539325842696,38.74999999999997,7977.296300621316,89.63254270361028,0
4277,30.478807464626975,0,0,183,0.0,0.0,1.0,183,6000,4200,1800,0.7,78,42,36,200.10352861460836,0.4137392661982826,0.7438522833773855,0.1353395865708185,1040969.4848036327,-939.6665821327988,1040029.8182214999,4276,10,1586.8743169398906,92,91,40,33.412616782377626,0.6419836956521738,38.64247311827955,7965.865741258963,86.58549718759743,0
4278,30.32404283840965,0,0,183,0.0,0.0,1.0,183,4700,3300,1400,0.7021276595744681,61,33,28,198.75767285708451,0.41337271562681394,0.7405681805011519,0.13505042439368428,1036911.8341587172,-81.16337692824345,1036830.670781789,4277,11,1587.8743169398906,76,107,39,33.28979359577882,0.6495339912280702,38.48755411255413,7930.11461186823,104.34361331405566,0
4279,29.990816086034396,0,0,183,0.0,0.0,1.0,183,5150,3900,1250,0.7572815533980582,64,39,25,181.0499424661885,0.4132025761124121,0.7247083770307818,0.11949296202768417,1017797.7439723769,-4895.555402317039,1012902.1885700598,4278,12,1588.8743169398906,75,108,44,34.7568567620651,0.64,39.47368421052631,7813.396822414206,104.17862429885608,8
4280,29.921263694573444,0,0,183,0.0,0.0,1.0,183,5650,4200,1450,0.7433628318584071,71,42,29,179.57270689925153,0.4131913168798415,0.7233131680299161,0.11901798526202,1016560.8793367299,-5740.682233924007,1010820.1971028058,4279,13,1589.8743169398906,77,106,43,34.64866497600626,0.6405573593073592,39.32959401709401,7799.587954786037,101.29335006215632,0
4281,29.74606559806569,0,0,183,0.0,0.0,1.0,183,4850,3400,1450,0.7010309278350515,63,34,29,179.13821615036954,0.41321758842250644,0.7218167032356677,0.11925282843828693,1011771.3035190938,-5200.618707091061,1006570.6848120027,4280,14,1590.8743169398906,79,104,43,34.507398948296796,0.6412183544303798,39.1796875,7758.378124932994,98.20731803712651,0
4282,29.690552914825815,0,1,182,0.0,0.00546448087431694,0.994535519125683,183,4700,3700,1000,0.7872340425531915,57,37,20,179.34984317080554,0.41311000020016414,0.7224962522365685,0.11982782581000602,1010839.4245638084,-5041.221546722718,1005798.2030170857,4281,15,1591.8743169398906,82,101,50,34.37620238553291,0.641260162601626,39.05622489959839,7747.564962412876,94.48249954162044,0
4283,29.53768559085549,0,2,180,0.0,0.01098901098901099,0.989010989010989,182,6500,5400,1100,0.8307692307692308,76,54,22,180.8025640118292,0.4124964584218728,0.7224739259822968,0.12126729954715208,1006648.1006467226,-6499.088469087175,1000149.0121776354,4282,16,1596.4615384615386,86,96,43,34.2045020255293,0.641109496124031,38.924808429118755,7711.556924193007,89.6692665603838,0
4284,29.369397290741567,0,0,180,0.0,0.0,1.0,180,4050,2800,1250,0.691358024691358,53,28,25,181.15478674294124,0.412245887647424,0.7200713641712133,0.12184796062977993,1001647.3950552271,-3759.355951429742,997888.0391037974,4283,17,1609.7277777777779,86,94,44,34.0977857241095,0.642078488372093,38.829022988505734,7670.434184661676,89.1910951704846,0
4285,29.488126966682437,0,0,180,0.0,0.0,1.0,180,5250,3700,1550,0.7047619047619048,68,37,31,180.04355773031745,0.41159541175253467,0.7195438617213961,0.121550937778697,1006662.0581041508,-5001.396325361258,1001660.6617787896,4284,18,1610.7277777777779,89,91,46,33.999232223009656,0.6423220973782772,38.70370370370369,7705.1383611090205,86.57458832706764,0
4286,29.679283770502234,0,0,180,0.0,0.0,1.0,180,5400,3700,1700,0.6851851851851852,71,37,34,179.3048529363383,0.4113691030415891,0.7188556022736126,0.12126446689106822,1013645.4642002253,-5049.68982239859,1008595.7743778267,4285,19,1611.7277777777779,90,90,46,33.958461078019134,0.6425925925925926,38.644688644688635,7756.838450642229,86.18709389602476,0
4287,29.70577354784891,0,0,180,0.0,0.0,1.0,180,5550,3900,1650,0.7027027027027027,72,39,33,179.59777197997957,0.41129474446513553,0.7199302163958141,0.12179463084127463,1015263.1811137372,-5082.198939733341,1010180.9821740038,4286,20,1612.7277777777779,92,88,43,33.85733513266498,0.6428894927536232,38.552867383512535,7766.489316239778,84.41836213304107,0
4288,30.21400088901418,0,0,180,0.0,0.0,1.0,180,5200,3400,1800,0.6538461538461539,70,34,36,179.04284666915154,0.4107011690461411,0.7176179779105176,0.12189475973961394,1033671.2023458389,-4185.7130824149735,1029485.489263424,4287,21,1613.7277777777779,77,103,44,33.73809797314546,0.6497564935064934,38.42147435897438,7903.333806265015,102.64069878266253,0
4289,30.332875333050556,1,0,181,0.0055248618784530384,0.0,1.0,181,5050,3700,1350,0.7326732673267327,64,37,27,178.45601814216081,0.41147176181706574,0.7183782670992143,0.12205322969294313,1038954.3639481534,-4168.468235677967,1034785.8957124755,4288,0,1605.8066298342542,79,102,45,33.597468202245345,0.650448312236287,38.26822916666669,7939.077175386119,100.49464778969771,0
4290,30.69300649026418,0,0,181,0.0,0.0,1.0,181,4550,3000,1550,0.6593406593406593,61,30,31,178.62206072552505,0.4114257213014119,0.7182934815739501,0.12254495405842343,1052117.636892673,-3163.7159145119326,1048953.9209781613,4289,1,1606.8066298342542,82,99,47,33.48821278499417,0.6502794715447154,38.16516064257031,8036.498423774931,98.00607833871868,0
4291,31.071334300539597,0,0,181,0.0,0.0,1.0,181,4900,3400,1500,0.6938775510204082,64,34,30,177.19828495887057,0.411451299365664,0.7160931516983859,0.12177841132594909,1065554.2610794874,-3337.122481219314,1062217.1385982682,4290,2,1607.8066298342542,83,98,45,33.46695116561709,0.6504769076305221,38.107638888888914,8137.345102841032,98.04030244386786,0
4292,30.981753706498946,0,0,181,0.0,0.0,1.0,181,4900,3200,1700,0.6530612244897959,66,32,34,177.76933707851916,0.4113208512379783,0.7162455097083118,0.12275288784292873,1063763.1880613312,-3279.1046499606405,1060484.0834113706,4291,3,1608.8066298342542,87,94,35,33.29136176107446,0.6506226053639848,37.94981060606064,8118.774426544518,93.3192462821209,0
4293,31.2561424695721,0,0,181,0.0,0.0,1.0,181,4450,2600,1850,0.5842696629213483,63,26,37,179.61339385449378,0.41118784530386737,0.718738183605768,0.12444047042829673,1074088.7362973937,-2065.8553545478335,1072022.880942846,4292,4,1609.8066298342542,88,93,35,33.130664315371234,0.6513967803030303,37.839419475655454,8194.128454774707,93.11509607698531,0
4294,31.027302015534648,0,0,181,0.0,0.0,1.0,181,4350,3100,1250,0.7126436781609196,56,31,25,178.4696417251166,0.41102030898301617,0.7160280150236549,0.12398661792553006,1066959.6880645705,-2466.0173471945436,1064493.670717376,4293,5,1610.8066298342542,91,90,36,33.06871168292899,0.6513278388278388,37.74909420289857,8136.938058014236,89.41690173642017,0
4295,30.74874312661203,0,1,180,0.0,0.0055248618784530384,0.994475138121547,181,5100,3800,1300,0.7450980392156863,64,38,26,176.74287834620347,0.4108156844689994,0.7132947712218782,0.12304023454101164,1057928.5586756386,-3903.7322910032394,1054024.8263846354,4294,6,1611.8066298342542,91,90,37,33.04486072744016,0.652014652014652,37.68115942028987,8065.974646256251,88.63708402479396,0
4296,30.415367439097626,0,0,180,0.0,0.0,1.0,180,5000,3500,1500,0.7,65,35,30,175.4576631684827,0.41028023484378234,0.7091710430192009,0.12245577686589977,1047124.9105162369,-4254.782031062819,1042870.128485174,4295,7,1610.111111111111,95,85,37,32.9936060455692,0.6516447368421052,37.59765625000001,7981.06370203667,84.0111968635439,0
4297,30.568685099731773,0,0,180,0.0,0.0,1.0,180,5100,3700,1400,0.7254901960784313,65,37,28,191.80825544884775,0.41005457272915374,0.7360311081342557,0.12185945761069408,1026884.0566055463,-1707.03211085065,1025177.0244946956,4296,8,1611.111111111111,83,97,41,35.826914489841506,0.6232429718875502,40.79861111111113,7923.4456343575985,95.46320041394696,8
4298,30.98109288765437,1,0,181,0.0055248618784530384,0.0,1.0,181,4900,3600,1300,0.7346938775510204,62,36,26,189.63483036824468,0.41084637814610186,0.7344392470695722,0.1210337538071256,1042037.4453705561,-1578.681161958949,1040458.7642085971,4297,0,1603.2044198895028,87,94,43,35.71840818158309,0.6234434865900382,40.63683712121213,8035.354240783587,92.36039357222514,0
4299,31.36227404984959,0,0,181,0.0,0.0,1.0,181,3950,2700,1250,0.6835443037974683,52,27,25,213.66270624280696,0.41079394311438505,0.7601088049939981,0.13367187761038657,1049114.7931067585,4681.341170910653,1053796.1342776692,4298,1,1604.2044198895028,70,111,45,35.81738041217622,0.6235119047619048,41.34389671361503,8112.043595933824,115.88633708476891,8
4300,31.075256306103263,0,0,181,0.0,0.0,1.0,181,5350,3700,1650,0.6915887850467289,70,37,33,216.38324391513092,0.41060594434213216,0.7611639234693623,0.1358602990483527,1040540.1461573197,3481.0904498890936,1044021.2366072087,4299,2,1605.2044198895028,73,108,43,35.61656875543949,0.6232876712328768,41.21621621621622,8041.772408944297,110.16126587594928,0
4301,31.442885872254266,2,0,183,0.01092896174863388,0.0,1.0,183,5300,3800,1500,0.7169811320754716,68,38,30,213.34426147113723,0.41197907283972857,0.7603368764266987,0.1348082254167128,1054689.436915604,3102.3878000338727,1057791.8247156378,4300,0,1588.6502732240438,76,107,42,35.464435565305195,0.6241776315789473,40.990259740259745,8144.013702789244,107.15807503670058,0
4302,31.256364909918624,1,1,183,0.005434782608695652,0.005434782608695652,0.9945652173913043,184,4750,3300,1450,0.6947368421052632,62,33,29,211.85384630379053,0.41303976597766695,0.7599330986069306,0.13456166766187813,1049914.738392005,2935.6951238769066,1052850.433515882,4301,0,1581.0108695652175,79,105,45,35.316194447235326,0.6247362869198312,40.80729166666667,8101.421873656786,102.54964397033906,0
4303,31.068041923042532,1,1,183,0.005434782608695652,0.005434782608695652,0.9945652173913043,184,4800,3300,1500,0.6875,63,33,30,213.87681873472957,0.4134734843985111,0.7631047569745464,0.13640762153703564,1044757.5627067621,3089.884772154402,1047847.4474789165,4302,0,1579.6902173913043,83,101,47,35.11556806770909,0.6246234939759037,40.66220238095238,8057.117568658089,97.073705646483,0
4304,31.26709793462335,0,1,182,0.0,0.00546448087431694,0.994535519125683,183,6100,4700,1400,0.7704918032786885,75,47,28,209.05146216507205,0.41357037770972194,0.756134199006637,0.1338859901586743,1052635.906457047,1311.0150744603166,1053946.9215315073,4303,1,1585.2896174863388,66,117,45,35.091621729578605,0.6341540404040404,40.516169154228855,8113.306351505963,122.92888411372671,0
4305,31.077347553848675,0,0,182,0.0,0.0,1.0,182,3850,2600,1250,0.6753246753246753,51,26,25,208.51236658172533,0.413362880213709,0.7550607633861106,0.13389701817109595,1047000.1640411863,3412.496403136615,1050412.660444323,4304,2,1593.967032967033,66,116,49,35.010381728158464,0.6351010101010102,40.422885572139315,8066.968202099797,122.22679094090601,0
4306,30.890285181512212,1,0,183,0.00546448087431694,0.0,1.0,183,5500,4200,1300,0.7636363636363637,68,42,26,206.98690830146006,0.4141008126663865,0.7531811845582361,0.13371459997424132,1042371.9909511011,1051.4711414011877,1043423.4620925023,4305,0,1586.2513661202186,70,113,45,34.8369759605429,0.6349702380952381,40.21420187793427,8024.857390097368,114.64081985853383,0
4307,30.86886471943711,0,0,183,0.0,0.0,1.0,183,5150,3200,1950,0.6213592233009708,71,32,39,207.9611735984971,0.414348515782942,0.753641722053076,0.13495843706898258,1042921.7915526043,1627.4479485451457,1044549.2395011494,4306,1,1587.2513661202186,74,109,45,34.64972038184798,0.634572072072072,40.05555555555554,8024.1898901247605,108.43499851519947,0
4308,30.452444963236058,0,0,183,0.0,0.0,1.0,183,6200,4500,1700,0.7258064516129032,79,45,34,211.26970712075723,0.4142859644908825,0.7567221529082444,0.13752921029401657,1029699.7013105457,708.8708636419469,1030408.5721741876,4307,2,1588.2513661202186,76,107,39,34.454494615824764,0.6347313596491229,39.94859307359307,7919.201157038499,104.20001522419078,0
4309,30.565617070115156,0,1,182,0.0,0.00546448087431694,0.994535519125683,183,4700,3200,1500,0.6808510638297872,62,32,30,211.96526578655096,0.41428096038751777,0.7587287575211139,0.13850523024679046,1034567.047713851,2558.455848534677,1037125.5035623857,4308,3,1589.2513661202186,79,104,41,34.30274747272546,0.6347573839662447,39.81770833333333,7952.632295508332,100.66623158871307,0
4310,30.982773533170892,0,0,182,0.0,0.0,1.0,182,5400,4000,1400,0.7407407407407407,68,40,28,210.53608602797013,0.4133786908303483,0.755863675544449,0.13784764443768038,1049244.885513764,2380.7822961866323,1051625.6678099507,4309,7,1598.967032967033,81,101,41,34.26924187696263,0.6346450617283951,39.74847560975609,8063.314041845415,99.54708693636314,0
4311,31.491378607195823,0,1,181,0.0,0.005494505494505495,0.9945054945054945,182,5450,3800,1650,0.6972477064220184,71,38,33,207.85918001349125,0.41288223746787284,0.7527770843244506,0.136601539991964,1067517.8261017487,2528.6759966585487,1070046.5020984074,4310,8,1599.967032967033,83,99,43,34.20830952040769,0.6351656626506024,39.620535714285694,8199.708291360195,98.7916661609662,0
4312,31.51874604647696,0,0,181,0.0,0.0,1.0,181,5750,4100,1650,0.7130434782608696,74,41,33,203.7565875411021,0.41201913239206056,0.7511884014980168,0.12756189724211825,1054548.3714582026,1024.2355130698643,1055572.6069712725,4311,9,1609.486187845304,71,110,41,36.04865771812082,0.6232394366197183,41.319444444444436,8153.286737717111,114.83502447488888,8
4313,31.607619716396297,0,0,181,0.0,0.0,1.0,181,5300,3900,1400,0.7358490566037735,67,39,28,203.80933386736126,0.41230049109883365,0.7519351031333958,0.1278850678322048,1058183.1270666907,1633.5196474286208,1059816.6467141192,4312,10,1610.486187845304,72,109,42,35.96478530201093,0.6235532407407407,41.23858447488583,8178.8324191941865,113.59489471103036,0
4314,31.826286022798744,2,1,182,0.01092896174863388,0.00546448087431694,0.994535519125683,183,5100,3500,1600,0.6862745098039216,67,35,32,201.2405709652049,0.41391065673852556,0.7502533279660202,0.12709364401599305,1067397.2404837254,1260.7260243257651,1068657.9665080511,4313,0,1593.8743169398906,75,108,36,35.79681766864243,0.6244444444444445,41.00877192982456,8242.728901957304,109.90305202609738,0
4315,32.12083654960908,0,1,181,0.0,0.005494505494505495,0.9945054945054945,182,5400,4300,1100,0.7962962962962963,65,43,22,204.156882506089,0.41282468682330564,0.7522495493924071,0.12913537748879123,1077732.0778581908,2205.284238467502,1079937.3620966582,4314,1,1603.631868131868,75,107,39,35.665343915343925,0.625,40.953947368421055,8320.77591540038,110.94367887200507,0
4316,32.06030436288151,1,0,182,0.005494505494505495,0.0,1.0,182,4350,3000,1350,0.6896551724137931,57,30,27,202.03734057632818,0.4134235929816041,0.7498574874440771,0.12834155685720322,1076953.5791770644,2766.967412218386,1079720.5465892828,4315,0,1604.5494505494505,75,107,41,35.56643620115279,0.6265277777777778,40.803179824561404,8309.928944715628,110.79905259620837,0
4317,31.725553013903642,1,0,183,0.00546448087431694,0.0,1.0,183,4800,3200,1600,0.6666666666666666,64,32,32,202.94195556217022,0.4138831341700194,0.7541297906329989,0.12952320758790722,1067068.6652834814,1910.600330349118,1068979.2656138304,4316,0,1596.775956284153,80,103,42,35.37431409493589,0.6260416666666666,40.63786008230454,8228.40731975838,102.85509149697975,0
4318,31.270009329123965,0,0,183,0.0,0.0,1.0,183,4950,3400,1550,0.6868686868686869,65,34,31,218.1594566383403,0.41374176824996495,0.7661385374069831,0.13934631167137396,1051973.4933140094,4349.593139864145,1056323.0864538734,4317,1,1597.775956284153,68,115,43,34.951063128079774,0.632046568627451,40.60990338164251,8111.130741138399,119.28133442850586,8
4319,31.4528283723088,0,0,183,0.0,0.0,1.0,183,4000,2200,1800,0.55,58,22,36,191.2287789137878,0.41366295362197003,0.7381755106228987,0.11809597644577455,1048370.624936634,-504.2731088563969,1047866.3518277776,4318,2,1598.775956284153,80,103,39,36.870755923029684,0.6141927083333334,41.808127572016474,8120.864650602447,101.51080813253058,8
4320,31.7913926464339,0,3,180,0.0,0.01639344262295082,0.9836065573770492,183,4650,3000,1650,0.6451612903225806,63,30,33,192.36950528093342,0.41347529974579156,0.7407694777184122,0.11906081350906315,1060301.6586400215,-456.05889577292055,1059845.5997442484,4319,3,1599.775956284153,82,101,42,36.76107925555179,0.6142022357723578,41.72941767068275,8210.781491854505,100.13148160798177,0
4321,32.01100535929099,1,0,181,0.0055248618784530384,0.0,1.0,181,5100,3500,1600,0.6862745098039216,67,35,32,192.95678292176703,0.4133658174749335,0.7396201037973924,0.1199273385456603,1068873.0790430917,-50.73786323215927,1068822.3411798596,4320,0,1610.1823204419888,70,111,43,36.592223042276956,0.6211309523809524,41.57863849765259,8272.327588006941,118.17610840009917,0
4322,31.618266168877994,0,1,180,0.0,0.0055248618784530384,0.994475138121547,181,4050,2600,1450,0.6419753086419753,55,26,29,193.95879398841785,0.413225138121547,0.7409844580410392,0.12093662416514406,1056695.1193627024,741.0621930074153,1057436.1815557098,4321,1,1611.1823204419888,71,110,43,36.449589628800624,0.6217723004694835,41.464120370370374,8174.456256334637,115.13318670893855,0
4323,31.778702040851222,0,0,180,0.0,0.0,1.0,180,5350,4100,1250,0.7663551401869159,66,41,25,197.13714155693455,0.4120706600455204,0.7442240842507446,0.12353165784776336,1063515.9543670262,581.6990488221509,1064097.6534158483,4322,2,1621.1055555555556,73,107,41,36.186397065491406,0.622574200913242,41.2865990990991,8221.576081205021,112.62432987952084,0
4324,32.16951453950246,0,0,180,0.0,0.0,1.0,180,5650,4000,1650,0.7079646017699115,73,40,33,196.76984483884377,0.41203639044072005,0.743693678000743,0.12386143917224086,1077935.8592777743,771.0543552627528,1078706.9136330371,4323,3,1622.1055555555556,76,104,42,36.03167241499444,0.6228070175438596,41.12554112554113,8327.865668667755,109.57717985089151,0
4325,32.39759906923277,0,1,179,0.0,0.005555555555555556,0.9944444444444445,180,4300,3100,1200,0.7209302325581395,55,31,24,199.86119803352926,0.41208100558659216,0.7462348034329065,0.12625759200854292,1086640.636320347,3135.4598813802004,1089776.0962017272,4324,4,1623.1055555555556,77,103,39,35.82250524217112,0.6236471861471862,40.998931623931625,8391.012771750808,108.97419184091957,0
4326,32.314578209239784,1,0,180,0.005555555555555556,0.0,1.0,180,5200,3300,1900,0.6346153846153846,71,33,38,195.8606318975191,0.41174412890544176,0.740809121103017,0.12435744427177434,1085351.5222819997,1315.5269970173767,1086667.0492790171,4325,0,1623.9777777777779,79,101,42,35.744002763124875,0.6246044303797469,40.82031250000001,8375.282281965092,106.01623141727964,0
4327,32.42988573339047,1,0,181,0.0055248618784530384,0.0,1.0,181,4750,3600,1150,0.7578947368421053,59,36,23,198.5186862586712,0.4125728974831185,0.744177017437365,0.12685103508973453,1091110.0172516818,2371.145437695635,1093481.1626893773,4326,0,1616.0,71,110,43,35.446411972485556,0.630575117370892,40.59606481481479,8412.439976847321,118.48507009644115,0
4328,31.96128977982635,0,0,181,0.0,0.0,1.0,181,4400,2600,1800,0.5909090909090909,62,26,36,196.9093474233579,0.4124040822590546,0.7426850343277416,0.1262753961198061,1076388.1473152423,1790.1775324159657,1078178.3248476584,4327,1,1617.0,73,108,41,35.35977246840592,0.6308504566210046,40.47015765765763,8294.908497616187,113.62888352898887,0
4329,31.589349130755803,1,1,181,0.005494505494505495,0.005494505494505495,0.9945054945054945,182,5300,3800,1500,0.7169811320754716,68,38,30,193.88649107922782,0.413085245785522,0.7408016673382016,0.12530236748744447,1066077.0863711126,-360.41090070786095,1065716.6754704048,4328,0,1609.10989010989,75,107,39,35.162940736832816,0.6326388888888889,40.20010964912279,8206.90944042589,109.42545920567854,0
4330,31.49810265632452,0,1,180,0.0,0.0055248618784530384,0.994475138121547,181,5450,3800,1650,0.6972477064220184,71,38,33,192.86069952248982,0.4128644874155924,0.7383565673844679,0.1251244115881521,1064102.7655284374,-605.2792552742276,1063497.4862731632,4329,1,1614.7845303867402,79,102,47,35.051981582594436,0.6322521097046414,40.06510416666664,8187.456032919299,103.63868396100379,0
4331,31.44770588453049,2,1,181,0.01098901098901099,0.005494505494505495,0.9945054945054945,182,5550,3700,1850,0.6666666666666666,74,37,37,190.76983451124732,0.4145973731609091,0.7374922192542581,0.12441458747892023,1063876.7311752706,-1358.8824106656607,1062517.848764605,4330,0,1600.3956043956043,82,100,40,34.922319791566125,0.6328760162601625,39.88453815261042,8180.034540195459,99.75651878287145,0
4332,31.054900734984948,0,0,181,0.0,0.0,1.0,181,5050,3400,1650,0.6732673267326733,67,34,33,191.97805497604543,0.4136817065684469,0.7386828267482968,0.1254656835360348,1051174.2228845863,-889.5234499325807,1050284.6994346536,4331,1,1610.2375690607735,81,100,40,34.816953097028296,0.6340020576131687,39.81199186991867,8080.112764913057,99.75447857917354,0
4333,31.47538250934736,1,0,182,0.005494505494505495,0.0,1.0,182,5150,3800,1350,0.7378640776699029,65,38,27,223.95460499736416,0.414348197842673,0.7691268024192253,0.1369358457197761,1046202.1158523278,5310.356320622737,1051512.4721729506,4332,0,1602.3846153846155,78,104,38,36.39344891070882,0.6113782051282051,42.16772151898733,8115.369588446408,104.04319985187702,8
4334,31.7193505112202,0,0,182,0.0,0.0,1.0,182,4900,3400,1500,0.6938775510204082,64,34,30,228.98236734771532,0.4147080474773845,0.7747774079155929,0.1406403170064363,1055640.8012674034,7044.625948609822,1062685.4272160132,4333,1,1603.3846153846155,79,103,35,36.09758251741195,0.6126054852320675,42.005208333333336,8183.42722694424,103.58768641701569,0
4335,31.963046495879592,0,1,181,0.0,0.005494505494505495,0.9945054945054945,182,5350,3800,1550,0.7102803738317757,69,38,31,227.6039187981469,0.4150799131807419,0.77541677593992,0.14025908057100397,1064740.2918383249,6717.812584936975,1071458.104423262,4334,2,1604.3846153846155,80,102,37,36.01049607227677,0.6134114583333333,41.88528806584362,8250.132538821996,103.12665673527495,0
4336,32.298722507533775,0,0,181,0.0,0.0,1.0,181,4650,3700,950,0.7956989247311828,56,37,19,229.35750726699058,0.4146280949457745,0.7765760642956276,0.1416997171036123,1076685.8890127703,8539.198322702468,1085225.0873354727,4335,3,1610.3093922651933,81,100,38,35.87154383548163,0.6139403292181069,41.793699186991866,8339.733659656133,102.95967481056954,0
4337,31.82636637024526,0,0,181,0.0,0.0,1.0,181,4700,3400,1300,0.723404255319149,60,34,26,213.97947555908715,0.41482120933087785,0.761502015819602,0.1307130707914765,1057587.3778417325,4360.398493696723,1061947.7763354292,4336,4,1611.3093922651933,71,110,43,36.6856188151224,0.6142899061032864,42.20196759259258,8204.774628926489,115.56020604121815,8
4338,31.43294901331915,2,0,183,0.01092896174863388,0.0,1.0,183,5750,4100,1650,0.7130434782608696,74,41,33,210.66260995844596,0.4157509157509158,0.7578449210802292,0.1274989786942411,1041781.4925184145,1542.8816440667097,1043324.3741624812,4337,0,1594.688524590164,73,110,39,37.115682522325486,0.6098744292237444,42.5394144144144,8092.745459650975,110.8595268445339,8
4339,31.26248338169266,3,0,186,0.016129032258064516,0.0,1.0,186,5400,4100,1300,0.7592592592592593,67,41,26,202.4727159747249,0.4183939988375472,0.7521499050262657,0.12348624583956072,1038381.7712047871,-551.204513104527,1037830.5666916826,4338,0,1569.9516129032259,78,108,42,37.041489742671516,0.6104433760683761,42.26002109704639,8057.591807251347,103.30245906732496,0
4340,31.27548642850531,1,1,186,0.0053475935828877,0.0053475935828877,0.9946524064171123,187,5200,4000,1200,0.7692307692307693,64,40,24,205.54017359194546,0.4189403522894984,0.7585252121528099,0.12627105038270975,1040935.340298794,190.80610860056458,1041126.1464073946,4339,0,1562.5508021390374,81,106,35,36.693952076152954,0.6118827160493827,41.99695121951217,8069.170850647077,99.61939321786515,0
4341,31.340162353678572,0,2,184,0.0,0.010752688172043012,0.989247311827957,186,4950,3400,1550,0.6868686868686869,65,34,31,204.429455022183,0.41792538506248184,0.7563557395882423,0.1260486829307386,1044154.5048343092,541.1872764467498,1044695.692110756,4340,1,1571.8924731182797,83,103,38,36.588041250320266,0.6124497991967872,41.865079365079346,8089.990321852295,97.46976291388307,0
4342,31.538979909073618,1,1,184,0.005405405405405406,0.005405405405405406,0.9945945945945946,185,5200,3600,1600,0.6923076923076923,68,36,32,209.07909751572092,0.41688454759106935,0.7629438541672078,0.12945004289706952,1051990.3272440804,1789.837643091876,1053780.1648871722,4341,0,1581.3621621621621,83,102,42,36.316096920811724,0.6139558232931727,41.71626984126983,8146.00537631675,98.14464308815361,0
4343,31.70800993250627,0,0,184,0.0,0.0,1.0,184,4800,2900,1900,0.6041666666666666,67,29,38,210.46816754049073,0.41610920547240043,0.7638537663215601,0.1307613498869633,1058644.1917096244,2962.1806213018017,1061606.3723309261,4342,1,1590.9347826086957,69,115,43,36.1536015932431,0.6215277777777778,41.592261904761905,8193.595126160295,118.74775545159848,0
4344,31.663001495559907,0,0,184,0.0,0.0,1.0,184,5300,3800,1500,0.7169811320754716,68,38,30,207.12942053578965,0.415843158509543,0.7582699610769674,0.12902729575031327,1057914.9353513175,1725.061507095097,1059639.9968584126,4343,2,1591.9347826086957,73,111,41,36.14340557612725,0.620433789954338,41.497747747747745,8184.957199668655,112.12270136532405,0
4345,31.64304559128864,3,1,186,0.016042780748663103,0.0053475935828877,0.9946524064171123,187,4850,3200,1650,0.6597938144329897,65,32,33,200.22042896135116,0.4187450884557147,0.7543169570432335,0.1257046109659462,1059534.7906119276,178.10205515909365,1059712.8926670868,4344,0,1567.3796791443851,78,109,41,36.03701722205241,0.6209935897435898,41.21835443037975,8188.63940894819,104.9825565249768,0
4346,31.860158152523333,0,0,186,0.0,0.0,1.0,186,5450,4200,1250,0.7706422018348624,67,42,25,201.87810209528124,0.41799682747263395,0.7568829742442469,0.12735894786537877,1068218.3233576433,479.97754856904703,1068698.3009062123,4345,1,1576.7096774193549,78,108,36,35.81924571855321,0.6227297008547008,41.046940928270054,8250.285416105064,105.77288995006492,0
4347,31.71702995268663,0,0,186,0.0,0.0,1.0,186,4450,3100,1350,0.6966292134831461,58,31,27,202.5743226101832,0.4182377942458588,0.7578072319011335,0.1282677215037168,1064485.5370059009,1477.4873174618083,1065963.0243233626,4346,2,1577.7096774193549,81,105,38,35.668822015199794,0.6228137860082305,40.91717479674799,8217.337727198286,101.44861391602822,0
4348,31.266720936517387,0,2,184,0.0,0.010752688172043012,0.989247311827957,186,4900,3500,1400,0.7142857142857143,63,35,28,205.45638292052737,0.4181257870774,0.7612438253139855,0.13042974988293374,1050112.587602037,1050.4667816062529,1051163.0543836432,4347,3,1578.7096774193549,82,104,38,35.500903911029376,0.6233485772357723,40.825803212851426,8103.527284889867,98.82350347426667,0
4349,31.649796745721357,1,0,185,0.005405405405405406,0.0,1.0,185,4650,3100,1550,0.6666666666666666,62,31,31,212.3102052443375,0.41757001566784174,0.7680983659496636,0.13550166543614106,1064519.3321354222,3551.6635784473456,1068070.9957138696,4348,0,1587.972972972973,79,106,44,35.13150133038808,0.6264504219409283,40.638020833333336,8208.753924193023,103.90827752143066,8
4350,31.732081559470252,0,0,185,0.0,0.0,1.0,185,5150,3700,1450,0.7184466019417476,66,37,29,208.40685233602838,0.4175430865648257,0.7636746392887788,0.13347315293508502,1068290.0122666694,2377.791767702769,1070667.804034372,4349,1,1588.972972972973,66,119,40,35.10834831236269,0.6341540404040404,40.516169154228855,8233.962083761795,124.7570012691181,0
4351,31.52905485225342,2,2,185,0.0106951871657754,0.0106951871657754,0.9893048128342246,187,4050,2800,1250,0.691358024691358,53,28,25,207.63532160426033,0.41839169685469496,0.7655927061727537,0.1340987720771579,1063853.0282486097,2728.6931320133444,1066581.721380623,4350,0,1572.9679144385027,69,118,46,34.8293306410036,0.6354166666666667,40.22321428571429,8190.516526127809,118.70313805982332,0
4352,31.216350089775105,0,1,184,0.0,0.005405405405405406,0.9945945945945946,185,5050,3500,1550,0.693069306930693,66,35,31,207.0131263832193,0.4170130728554642,0.7618399139467888,0.13421114454978472,1054384.738414841,1604.296222001828,1055989.0346368428,4351,1,1590.6216216216217,71,114,45,34.709214676686166,0.6357100938967136,40.089699074074076,8113.450945642506,114.27395698088036,0
4353,31.74438213884448,0,0,184,0.0,0.0,1.0,184,6350,4700,1650,0.7401574803149606,80,47,33,207.94288826786945,0.41748769996832186,0.7613355045793833,0.13547083228621812,1073610.83176362,1499.9474465192707,1075110.7792101393,4352,2,1597.5597826086957,73,111,39,34.51301688677201,0.6364155251141552,39.92117117117116,8256.041728565444,113.09646203514306,0
4354,32.06100882172269,0,1,183,0.0,0.005434782608695652,0.9945652173913043,184,3850,2500,1350,0.6493506493506493,52,25,27,209.19000850051887,0.4175972123228004,0.7626235164677024,0.13657504528488015,1084936.0068601046,4741.554499516789,1089677.5613596214,4353,3,1598.5597826086957,74,110,39,34.40508604274552,0.6366835585585586,39.847222222222214,8340.760503328976,112.7129797747159,0
4355,31.92704454096077,0,0,183,0.0,0.0,1.0,183,5050,3700,1350,0.7326732673267327,64,37,27,200.76807708161957,0.4168956043956044,0.7495033844322467,0.12443468150060101,1065244.6456237729,1123.4238246750501,1066368.069448448,4354,4,1608.1420765027322,86,97,41,36.49237157203554,0.6132509689922481,41.67863984674328,8247.437571494555,95.90043687784366,8
4356,32.04296811509708,0,0,183,0.0,0.0,1.0,183,5550,4300,1250,0.7747747747747747,68,43,25,196.35056369341098,0.41690185952481035,0.7443821411505798,0.12240918033921287,1070843.4791103993,-97.85584985163314,1070745.6232605476,4355,5,1609.1420765027322,73,110,39,36.39333551127083,0.6207191780821918,41.46959459459462,8284.081537188586,113.48056900258337,0
4357,31.80051513235886,1,1,183,0.005434782608695652,0.005434782608695652,0.9945652173913043,184,4000,2600,1400,0.65,54,26,28,202.51114435715363,0.4175105923814049,0.7494375416635803,0.12255055849242162,1053927.3332796383,1886.4060663484574,1055813.7393459869,4356,0,1601.391304347826,75,109,41,37.33008588869959,0.6088888888888888,42.5438596491228,8187.2378871467645,109.16317182862353,8
4358,31.982714359228975,2,0,185,0.010810810810810811,0.0,1.0,185,5850,4100,1750,0.7008547008547008,76,41,35,196.26577588874966,0.4181000293772033,0.7440815553364806,0.11970069021208699,1062304.2059326968,-1151.208158547467,1061152.9977741493,4357,0,1593.6594594594594,78,107,43,37.20146740335264,0.6104433760683761,42.26002109704641,8243.22412420686,105.68236056675461,0
4359,31.648930193758122,1,1,185,0.005376344086021506,0.005376344086021506,0.9946236559139785,186,5850,3900,1950,0.6666666666666666,78,39,39,194.18055883918993,0.41923011721398823,0.7428577102413996,0.11908294313590287,1052846.0099587517,-2161.5546829196865,1050684.455275832,4358,0,1586.0860215053763,81,105,39,37.05178322252318,0.6112397119341564,42.06046747967479,8163.510258946362,100.78407727094275,0
4360,31.786152249453984,1,0,186,0.005376344086021506,0.0,1.0,186,4500,3400,1100,0.7555555555555555,56,34,22,196.99563473504256,0.41884323839969,0.7476280227081562,0.1212980221924765,1058606.508609188,8.172219622928424,1058614.680828811,4359,0,1587.0806451612902,83,103,43,36.830514446793515,0.6119477911646587,41.91468253968254,8203.539194142313,98.83782161617245,0
4361,31.600481845565465,0,1,185,0.0,0.005376344086021506,0.9946236559139785,186,5350,4000,1350,0.7476635514018691,67,40,27,198.0034744065244,0.41877785043107624,0.7502633336537219,0.12239857733574154,1053577.1265737084,-827.6136766327318,1052749.5128970756,4360,1,1588.0806451612902,87,99,43,36.660220414088194,0.6119492337164751,41.77320075757575,8160.091281498683,93.7941526609044,0
4362,32.07636664613481,1,0,186,0.005376344086021506,0.0,1.0,186,5450,4100,1350,0.7522935779816514,68,41,27,198.30488060107322,0.41879177564661435,0.7508820245440015,0.12300077643081475,1070451.0844624296,-194.865101277529,1070256.219361152,4361,0,1589.010752688172,68,118,45,36.528394592804695,0.6214767156862745,41.651570048309196,8286.878961583747,121.86586708211392,0
4363,31.682121343486557,1,1,186,0.0053475935828877,0.0053475935828877,0.9946524064171123,187,4700,3200,1500,0.6808510638297872,62,32,30,195.05926830335304,0.4194973932877159,0.7487061983960794,0.121524372595688,1058592.1910444503,-802.3563566450089,1057789.8346878053,4362,0,1581.5080213903743,71,116,46,36.45063801208863,0.6214788732394366,41.49305555555558,8190.04838202288,115.35279411299831,0
4364,31.2548430873099,0,0,186,0.0,0.0,1.0,186,5850,4000,1850,0.6837606837606838,77,40,37,198.12310796427332,0.4187475782233847,0.7504279131007228,0.12395342556498269,1045529.0813547962,-1621.3057869910217,1043907.7755678052,4363,1,1590.8494623655913,73,113,45,36.21831065759638,0.6220034246575342,41.342905405405425,8084.2869049735755,110.74365623251474,0
4365,30.925545682390954,1,0,187,0.0053475935828877,0.0,1.0,187,5600,3800,1800,0.6785714285714286,74,38,36,194.10391161770002,0.41895592547869587,0.7458479273198613,0.12197924284619148,1035777.8304019235,-2790.2943104183196,1032987.5360915052,4364,0,1583.3368983957218,79,108,44,36.16119342288408,0.6209124472573839,41.18489583333334,8003.998327199048,101.31643452150693,0
4366,31.184862457858088,3,2,188,0.015789473684210527,0.010526315789473684,0.9894736842105263,190,5100,3600,1500,0.7058823529411765,66,36,30,192.8789265510033,0.42085595934280146,0.7496214696949091,0.12236745012334185,1047182.1934056795,-2704.12452651733,1044478.0688791622,4365,0,1559.321052631579,83,107,39,35.84972246147959,0.6227409638554218,40.8482142857143,8081.612793208345,97.36882883383548,0
4367,30.80430427988406,0,0,188,0.0,0.0,1.0,188,5000,3700,1300,0.74,63,37,26,195.8507344564188,0.4192166107255281,0.7499091934650048,0.12425578688636175,1034409.7906192759,-2082.0165556608854,1032327.774063615,4366,1,1576.904255319149,88,100,39,35.771855147080956,0.6209753787878788,40.84737827715356,7983.016214480257,90.71609334636656,0
4368,30.633166049865704,0,0,188,0.0,0.0,1.0,188,5150,3400,1750,0.6601941747572816,69,34,35,194.8208583066264,0.4188053485417378,0.749523142247674,0.12405479948452766,1029685.2817629079,-2629.1659242497444,1027056.1158386581,4367,2,1577.904255319149,88,100,39,35.66729111181328,0.6222774621212122,40.718632958801514,7942.609170209258,90.25692238874157,0
4369,31.052532395061707,1,1,188,0.005291005291005291,0.005291005291005291,0.9947089947089947,189,4600,3200,1400,0.6956521739130435,60,32,28,188.45076635343472,0.41950682952456003,0.7409622972180159,0.12063546455116703,1045279.1595892083,-3003.2682644280235,1042275.8913247803,4368,0,1570.5502645502645,78,111,39,35.64301927702684,0.6279380341880342,40.532700421940916,8057.116725606827,103.2963682770106,0
4370,31.194767530348905,0,0,188,0.0,0.0,1.0,188,4150,2900,1250,0.6987951807228916,54,29,25,192.42264961152887,0.419063128152615,0.7423399131515236,0.1234030969130307,1050584.7073925503,-1318.741392434562,1049265.9660001157,4369,1,1579.8563829787233,79,109,40,35.47478092180078,0.6281645569620253,40.46875,8096.0170106108635,102.48122798241599,0
4371,31.320656606243904,0,0,188,0.0,0.0,1.0,188,5700,4300,1400,0.7543859649122807,71,43,28,193.00710470412423,0.41923853680737283,0.7438079826490733,0.12413572592773373,1055645.193406591,-2550.5955251536825,1053094.5978814373,4370,2,1580.8563829787233,80,108,41,35.35671240114253,0.6287760416666667,40.367798353909464,8131.851031680273,101.64813789600342,0
4372,31.520412913816692,0,0,188,0.0,0.0,1.0,188,5800,3900,1900,0.6724137931034483,77,39,38,192.9345118668195,0.41912535081730956,0.7437620345972245,0.12475781129345692,1063912.1491322583,-2346.9257675979625,1061565.2233646603,4371,3,1581.8563829787233,81,107,41,35.167569142261094,0.630272633744856,40.180386178861774,8189.621510750636,101.10643840432884,0
4373,31.605006648072358,0,0,188,0.0,0.0,1.0,188,4500,2900,1600,0.6444444444444445,61,29,32,190.71298956383237,0.41909335058975233,0.7397165598624185,0.12393746052036488,1068189.506776902,-1356.4771483724135,1066833.0296285294,4372,4,1582.8563829787233,85,103,36,35.04886831275721,0.6305147058823529,40.007267441860456,8217.07204095048,96.67143577588799,0
4374,31.85421795118594,0,0,188,0.0,0.0,1.0,188,5300,3700,1600,0.6981132075471698,69,37,32,188.9001887985337,0.41920712917662234,0.7380938039003668,0.12311667570568685,1077446.1773353338,-2194.042736219465,1075252.1345991143,4373,5,1583.8563829787233,86,102,38,34.99344013257838,0.6311773255813953,39.9066091954023,8285.071558352629,96.33804137619336,0
4375,31.898420048311014,0,0,188,0.0,0.0,1.0,188,4450,3600,850,0.8089887640449438,53,36,17,189.8129196506395,0.4187822372662798,0.7383044559248406,0.12385180291693736,1079266.4068343914,-1078.2584475818885,1078188.1483868095,4374,6,1584.8563829787233,87,101,39,34.929771872345604,0.6312260536398467,39.86742424242424,8297.818169764232,95.37722034211761,0
4376,31.548694404434634,0,1,187,0.0,0.005319148936170213,0.9946808510638298,188,3550,2400,1150,0.676056338028169,47,24,23,191.69926787454918,0.4184545312322221,0.7408807676337905,0.12538307068390986,1068113.7481426394,-198.6752948630883,1067915.0728477763,4375,7,1585.8563829787233,87,101,41,34.79625354440552,0.6320641762452107,39.78456439393939,8209.457257252438,94.36157766956825,0
4377,31.591418364667977,0,1,186,0.0,0.0053475935828877,0.9946524064171123,187,5950,3900,2050,0.6554621848739496,80,39,41,192.31151673122702,0.4179053341766814,0.7420466445557157,0.12626261446780956,1070637.430609941,-2170.8183700359523,1068466.6122399052,4376,8,1591.1069518716577,88,99,42,34.64679613978298,0.6330492424242424,39.653558052434434,8224.71336731823,93.46265190134353,0
4378,31.67812813872497,0,0,186,0.0,0.0,1.0,186,5550,4200,1350,0.7567567567567568,69,42,27,199.71225753689697,0.416991790177274,0.750815473689532,0.13155129587772202,1074503.6810728451,168.3111757528436,1074671.992248598,4377,12,1600.6182795698924,73,113,44,34.33942018411429,0.6402682648401826,39.54110360360361,8250.850294915952,113.02534650569797,0
4379,31.993246517060648,0,0,186,0.0,0.0,1.0,186,4850,3600,1250,0.7422680412371134,61,36,25,199.14100369030965,0.4166981497626659,0.7493209092949167,0.13163534705157012,1086193.3944212152,1211.128553365223,1087404.5229745803,4378,13,1601.6182795698924,76,110,42,34.23179922472569,0.6400767543859649,39.42099567099568,8336.768322668075,109.69432003510624,0
4380,32.41512392852034,0,0,186,0.0,0.0,1.0,186,5400,3800,1600,0.7037037037037037,70,38,32,198.73970330421764,0.4166642448900513,0.7499990235481138,0.13183865137265388,1101545.0850406243,1184.1486754388088,1102729.233716063,4379,14,1602.6182795698924,76,110,44,34.118083303063365,0.6413103070175439,39.29924242424244,8450.647365077364,111.19272848786005,0
4381,32.78789191785394,0,0,186,0.0,0.0,1.0,186,5250,3700,1550,0.7047619047619048,68,37,31,196.5640781517956,0.41665213600697476,0.7470723164942994,0.13079045595320052,1115094.9230788697,1387.5211213493608,1116482.4442002191,4380,15,1603.6182795698924,77,109,45,34.069578148736085,0.6419101731601732,39.196047008547026,8551.21182243287,111.05469899263467,0
4382,32.47543820204942,1,1,186,0.0053475935828877,0.0053475935828877,0.9946524064171123,187,4900,3600,1300,0.7346938775510204,62,36,26,194.82968875493157,0.41720454066279494,0.7463709084326164,0.13036287668428473,1106078.6026908283,799.3899801488037,1106877.992670977,4381,0,1596.0374331550802,82,105,46,33.92108658716421,0.6417682926829269,39.00602409638555,8475.893735565032,103.36455775079308,0
4383,32.907755900902856,0,2,184,0.0,0.010752688172043012,0.989247311827957,186,4900,3600,1300,0.7346938775510204,62,36,26,216.02824193910567,0.4175820982272595,0.7708926002900001,0.1297500796622247,1088289.7324350914,4920.263523666147,1093209.9959587576,4382,1,1605.1182795698924,74,112,42,37.26361811668556,0.6065596846846847,42.819444444444414,8463.234944680733,114.36803979298288,8
4384,32.70869185876161,0,0,184,0.0,0.0,1.0,184,4750,3500,1250,0.7368421052631579,60,35,25,215.7149468219773,0.41656705373406194,0.7683917250240635,0.12985916884183324,1082413.6897409968,5148.56230437151,1087562.2520453683,4383,18,1623.3369565217392,76,108,43,37.18580743545247,0.6064967105263157,42.73538961038958,8414.788867398061,110.7209061499745,0
4385,33.167320165999286,0,0,184,0.0,0.0,1.0,184,5250,3800,1450,0.7238095238095238,67,38,29,214.03533731246048,0.4168863100894908,0.7661672495499041,0.1295931538021554,1099390.9932783828,5011.704416923857,1104402.6976953067,4384,19,1624.3369565217392,67,117,40,37.0136244645407,0.6131840796019901,42.52450980392157,8539.77201823094,127.45928385419315,0
4386,32.828902731137845,1,0,185,0.005405405405405406,0.0,1.0,185,4250,2900,1350,0.6823529411764706,56,29,27,212.85219947681202,0.4172113689776733,0.7665648453213205,0.1295779264960576,1089844.6852398976,5145.1676682854095,1094989.852908183,4385,0,1616.5513513513513,70,115,45,36.84224885649751,0.6135416666666667,42.32687793427231,8459.125860724413,120.84465515320589,0
4387,32.540640546357935,2,0,187,0.0106951871657754,0.0,1.0,187,5600,3900,1700,0.6964285714285714,73,39,34,209.36713050259237,0.41922066969505295,0.7621292864835174,0.1282096244385132,1082068.3173654368,2309.9077229139857,1084378.2250883507,4386,0,1600.2513368983957,76,111,44,36.71379111367569,0.6128015350877193,42.113095238095234,8391.805069469978,110.41848775618392,0
4388,32.499308540805906,2,1,188,0.010582010582010581,0.005291005291005291,0.9947089947089947,189,4750,3000,1750,0.631578947368421,65,30,35,210.22326151745872,0.4206642369319675,0.7651338685995399,0.1295385673938634,1082581.1159507532,2966.7466104755267,1085547.8625612287,4387,0,1584.3068783068784,79,110,38,36.46190662361906,0.613792194092827,41.888020833333336,8388.460849015572,106.18304872171609,0
4389,31.996936526535215,0,2,186,0.0,0.010638297872340425,0.9893617021276596,188,5450,3800,1650,0.6972477064220184,71,38,33,211.27867721481638,0.4200521722228543,0.7669652717803781,0.13048432435099197,1066520.8295475056,2016.6220177691798,1068537.4515652747,4388,1,1593.7287234042553,81,107,41,36.351322263222656,0.6138117283950617,41.806402439024396,8261.404152716324,101.99264386069537,0
4390,31.969486196715998,1,0,187,0.0053475935828877,0.0,1.0,187,4450,3200,1250,0.7191011235955056,57,32,25,212.34391259104962,0.4200220899699078,0.7671209246161792,0.1316532258064516,1066759.5914945926,3453.981090398633,1070213.5725849913,4389,0,1602.957219251337,80,107,42,36.18111559139787,0.615625,41.666666666666686,8258.783934151685,103.23479917689606,0
4391,31.722980543407743,0,0,187,0.0,0.0,1.0,187,5150,3700,1450,0.7184466019417476,66,37,29,209.45131015199922,0.4203647001322523,0.7634220904565303,0.13040033180431,1059754.0378221283,1843.3743321435168,1061597.4121542717,4390,1,1603.957219251337,69,118,40,36.103914795624654,0.6222826086956521,41.51785714285717,8199.823988675536,118.83802882138458,0
4392,31.938209422246707,0,0,187,0.0,0.0,1.0,187,4850,3400,1450,0.7010309278350515,63,34,29,192.11123942696537,0.4203706898204052,0.7444670563727116,0.11992208459853167,1067725.993265685,-1225.5672130679764,1066500.426052617,4391,2,1604.957219251337,76,111,41,36.45560845453597,0.6197916666666667,41.4231601731602,8258.48126213241,108.66422713332119,8
4393,32.373641812319214,0,0,187,0.0,0.0,1.0,187,4250,3000,1250,0.7058823529411765,55,30,25,190.42959051116173,0.4205240258371188,0.7424109093370572,0.11905274399582774,1082735.957192148,-413.0070080374144,1082322.9501841106,4392,3,1605.957219251337,76,111,44,36.44394898350595,0.6203399122807017,41.36904761904764,8372.825813959995,110.16876070999993,0
4394,32.006263341146024,1,0,188,0.005319148936170213,0.0,1.0,188,4550,2600,1950,0.5714285714285714,65,26,39,194.2282368383949,0.42091380797967154,0.7479215297892088,0.12196224152477113,1071744.368599913,-517.3961890717569,1071226.9724108414,4393,0,1598.409574468085,77,111,42,36.18622492861318,0.6214826839826839,41.212606837606856,8282.817454924296,107.56905785615969,0
4395,32.00500364249534,0,0,188,0.0,0.0,1.0,188,4900,3200,1700,0.6530612244897959,66,32,34,191.31143005520892,0.4211680320097091,0.7436546243056437,0.12046852526311708,1072528.4223465817,-1462.6107492035012,1071065.8115973782,4394,1,1599.409574468085,78,110,43,36.16006247665615,0.6220619658119658,41.112869198312254,8285.683564303225,106.22671236286185,0
4396,31.67192841563145,0,0,188,0.0,0.0,1.0,188,5000,3300,1700,0.66,67,33,34,192.75116840954453,0.42114906891189746,0.7455238698413231,0.12161913824013479,1061950.5496233366,-1661.5581533884965,1060288.991469948,4395,2,1600.409574468085,79,109,36,36.05021453472782,0.6223628691983123,41.04166666666669,8201.709795964627,103.81911134132439,0
4397,31.83904003560012,0,0,188,0.0,0.0,1.0,188,6000,3900,2100,0.65,81,39,42,191.26270249777176,0.4211384021693784,0.7443611492991586,0.12123606605188214,1068894.8224714617,-2712.057513646219,1066182.7649578154,4396,3,1601.409574468085,81,107,40,35.92304801124295,0.6231995884773662,40.879065040650424,8250.161822232913,101.85384965719645,0
4398,31.493172726656894,0,1,187,0.0,0.005319148936170213,0.9946808510638298,188,5800,4800,1000,0.8275862068965517,68,48,20,192.3806802869036,0.4216409242613874,0.7454461889992476,0.1224430105941561,1058456.9980605626,-2674.664531734842,1055782.3335288279,4397,4,1602.409574468085,84,104,40,35.74754206844395,0.6235119047619048,40.73529411764707,8165.068164278872,97.20319243189134,0
4399,31.10596234960601,0,0,187,0.0,0.0,1.0,187,5450,4100,1350,0.7522935779816514,68,41,27,192.41625135078445,0.42089059475207485,0.7442819405966112,0.12285037586242407,1046332.8839181457,-2583.7097622829137,1043749.1741558628,4398,5,1611.9251336898396,85,102,42,35.63420348058905,0.6242647058823529,40.62500000000001,8068.1089844290755,94.91892922857735,0
4400,30.801762433760146,1,0,188,0.005319148936170213,0.0,1.0,188,5500,4000,1500,0.7272727272727273,70,40,30,189.96299881663873,0.421335736905981,0.7422004553247714,0.12178670171690793,1037259.3959582129,-3691.818918608654,1033567.5770396042,4399,0,1604.345744680851,78,110,40,35.55003725908614,0.6284722222222222,40.47995780590716,7993.674686461829,102.48300880079267,0
4401,30.644152869442156,0,0,188,0.0,0.0,1.0,188,4550,3000,1550,0.6593406593406593,61,30,31,191.75288381003995,0.4212486251754086,0.7442462809441139,0.12329444534951232,1032765.9981340382,-2542.828311368856,1030223.1698226694,4400,1,1605.345744680851,79,109,43,35.39926985639529,0.6290875527426161,40.37760416666666,7955.908386247467,100.70770109174009,0
4402,31.183454809315723,0,0,188,0.0,0.0,1.0,188,5150,3600,1550,0.6990291262135923,67,36,31,189.9652201498082,0.42138077426328363,0.7417060463117295,0.12258522417207021,1051958.1560754164,-2782.907458549776,1049175.2486168665,4401,2,1606.345744680851,80,108,44,35.317750107271344,0.6299479166666666,40.2520576131687,8099.838223232436,101.24797779040544,0
4403,31.160911507729224,0,0,188,0.0,0.0,1.0,188,4750,3300,1450,0.6947368421052632,62,33,29,192.30519019686955,0.42101810501763565,0.7453411538939645,0.12473638566136384,1052649.1493646004,-1864.0210241737786,1050785.1283404266,4402,3,1607.345744680851,82,106,44,35.074256031416446,0.6309705284552846,40.07279116465862,8099.568752969084,98.77522869474492,0
4404,31.64360344402839,0,0,188,0.0,0.0,1.0,188,5050,3800,1250,0.7524752475247525,63,38,25,193.26461599172146,0.42138432984412333,0.7473014413371872,0.12566642223402852,1069654.6239913695,-1304.7219701077247,1068349.9020212619,4403,4,1608.345744680851,84,104,38,34.96262823836234,0.6310763888888888,39.98774509803921,8227.724684705261,97.94910338934835,0
4405,32.00264533897078,0,0,188,0.0,0.0,1.0,188,4450,2900,1550,0.651685393258427,60,29,31,195.28569785780365,0.4207123250654227,0.7496372306155819,0.1275874387988596,1083164.3662936464,255.30183327207578,1083419.6681269184,4404,5,1609.345744680851,86,102,39,34.74190826813926,0.6320251937984496,39.8227969348659,8326.358754978863,96.81812505789375,0
4406,31.734516060001468,0,1,187,0.0,0.005319148936170213,0.9946808510638298,188,4250,2400,1850,0.5647058823529412,61,24,37,237.75619756525637,0.42054165718511777,0.7903484792999378,0.14774916945317668,1059596.954962845,8535.148592738053,1068132.103555583,4405,6,1610.345744680851,62,126,38,35.439994028195436,0.6258400537634409,41.58399470899471,8200.70687006883,132.26946564627147,8
4407,32.168533501814274,0,1,186,0.0,0.0053475935828877,0.9946524064171123,187,5350,4300,1050,0.8037383177570093,64,43,21,237.21486330032303,0.419968182776532,0.7867412057152412,0.1481146463533728,1075500.9751938097,8274.963361992859,1083775.9385558027,4406,7,1615.5508021390374,65,122,41,35.280100504557296,0.6256410256410256,41.414141414141426,8318.327855014624,127.97427469253267,0
4408,31.921135104204417,0,0,186,0.0,0.0,1.0,186,5500,4000,1500,0.7272727272727273,70,40,30,235.82971724381062,0.4200159837256612,0.7844838835146355,0.14795466155047318,1068634.813355653,7703.1691741114355,1076337.9825297645,4407,8,1622.9462365591398,68,118,39,35.14172500972385,0.6256127450980392,41.24396135265702,8259.786468690603,121.46744806897946,0
4409,31.73283164327699,2,0,188,0.010638297872340425,0.0,1.0,188,5700,4400,1300,0.7719298245614035,70,44,26,234.89816269380475,0.4211081797322411,0.7864603481624755,0.1483438292586139,1064250.6016451917,6698.102194446461,1070948.703839638,4408,0,1606.6702127659576,72,116,37,34.92665289256197,0.6258680555555556,41.01027397260275,8218.477373365844,114.14551907452561,0
4410,31.345017260073067,0,0,188,0.0,0.0,1.0,188,4850,3400,1450,0.7010309278350515,63,34,29,232.53916843622932,0.4212432918041491,0.7843730022240016,0.14731636863667866,1052146.6682131854,6483.06225984883,1058629.7304730343,4409,1,1607.6702127659576,75,113,38,34.87401255466216,0.6255555555555555,40.899122807017555,8121.521467714135,108.28695290285513,0
4411,31.36862888332734,0,0,188,0.0,0.0,1.0,188,5400,3900,1500,0.7222222222222222,69,39,30,216.09563422625556,0.4214400339439451,0.7663027523377315,0.13825742386603074,1055765.3136024037,2629.255007398458,1058394.5686098023,4410,2,1608.6702127659576,70,118,39,34.94507747116037,0.631547619047619,40.55164319248825,8138.539219083898,116.26484598691283,8
4412,31.551442407513317,0,0,188,0.0,0.0,1.0,188,5150,3700,1450,0.7184466019417476,66,37,29,216.32600912064248,0.42153129385216365,0.7663469130796667,0.13914647167308375,1063450.0364871484,3260.3804584931318,1066710.4169456414,4411,3,1609.6702127659576,71,117,38,34.74799398194587,0.6329225352112676,40.36458333333332,8191.871895909026,115.37847740716937,0
4413,31.383936521853197,1,0,189,0.005291005291005291,0.0,1.0,189,5300,3200,2100,0.6037735849056604,74,32,42,217.15678841782957,0.4221804758152276,0.7670948550879204,0.14033073133891596,1059123.680920124,2899.179417176574,1062022.8603373007,4412,0,1602.148148148148,73,116,39,34.561028030631384,0.6335616438356164,40.20270270270268,8153.461886927353,111.69125872503223,0
4414,31.258978050866528,0,1,188,0.0,0.005291005291005291,0.9947089947089947,189,6000,4300,1700,0.7166666666666667,77,43,34,216.263604309239,0.4224361139254756,0.7648294108789355,0.14041985728764544,1056249.5732421393,1885.6679518876717,1058135.241194027,4413,1,1603.148148148148,77,112,43,34.415348128360556,0.6333874458874459,40.03739316239313,8126.165421182716,105.5346158595158,0
4415,31.78458613065975,0,0,188,0.0,0.0,1.0,188,4450,2800,1650,0.6292134831460674,61,28,33,214.8535688798708,0.42196507471460537,0.7619145527142288,0.13986491126690787,1074749.4705974103,4132.7518819205225,1078882.2224793308,4414,2,1612.6489361702127,79,109,36,34.3606048467855,0.6334388185654009,39.94791666666663,8265.647841165743,104.62845368564231,0
4416,31.830827803846656,0,0,188,0.0,0.0,1.0,188,5300,4100,1200,0.7735849056603774,65,41,24,216.27971125895448,0.4218637406606743,0.7640047939159234,0.14127116412766022,1077283.323782725,3698.905242362309,1080982.2290250873,4415,3,1613.6489361702127,79,109,36,34.20379568923807,0.6346255274261603,39.83072916666663,8281.403259748087,104.82788936389984,0
4417,31.543780635305083,0,0,188,0.0,0.0,1.0,188,5050,3600,1450,0.7128712871287128,65,36,29,215.02177338854776,0.4218056661736261,0.7619094724314033,0.14078462995880903,1068243.6311238273,3289.1279950528588,1071532.7591188801,4416,4,1614.6489361702127,81,107,36,34.15250117960979,0.6346450617283951,39.74847560975606,8209.31699536952,101.34959253542617,0
4418,31.44435604476192,1,2,187,0.005291005291005291,0.010582010582010581,0.9894179894179894,189,4500,3400,1100,0.7555555555555555,56,34,22,214.2268722450835,0.4225568970693084,0.7611507183211446,0.14078807159267664,1065927.4042785624,3370.058771782821,1069297.4630503452,4417,0,1607.100529100529,84,105,39,34.042060839961685,0.634796626984127,39.62009803921565,8187.4783441550035,97.46998028755957,0
4419,31.708927050697913,0,0,187,0.0,0.0,1.0,187,4700,3200,1500,0.6808510638297872,62,32,30,212.1528301588657,0.42232213022061216,0.756348143225972,0.13969024011759051,1075435.293692142,3531.3282419037187,1078966.6219340458,4418,1,1624.7700534759358,72,115,42,34.02937577617064,0.640625,39.55479452054794,8258.438021251952,114.70052807294377,0
4420,32.02313565369749,0,2,185,0.0,0.0106951871657754,0.9893048128342246,187,5000,3500,1500,0.7,65,35,30,211.39713434963164,0.42194597780461157,0.7553279503048169,0.13976370539572774,1087263.0701568068,3568.8594630662374,1090831.9296198732,4419,2,1625.7700534759358,73,114,41,33.90570980985305,0.6415525114155252,39.41441441441441,8344.767556605397,114.31188433706023,0
4421,32.24929884430503,0,0,185,0.0,0.0,1.0,185,5550,4000,1550,0.7207207207207207,71,40,31,206.97551342301904,0.42104386995691345,0.7469034540689201,0.1374109221564532,1096137.4288490259,2824.7214236429227,1098962.1502726688,4420,3,1640.4378378378378,76,109,41,33.87575883360144,0.6415844298245614,39.27218614718614,8408.289185961707,110.63538402581193,0
4422,31.738724239585462,0,1,184,0.0,0.005405405405405406,0.9945945945945946,185,4300,2900,1400,0.6744186046511628,57,29,28,207.13794337852283,0.4207880434782609,0.7473974999169606,0.13777213073214503,1079302.869467551,3412.915332809128,1082715.78480036,4421,4,1641.4378378378378,77,108,42,33.80743889116482,0.6417748917748918,39.209401709401696,8277.160883421773,107.49559588859445,0
4423,32.1517493264366,1,0,185,0.005405405405405406,0.0,1.0,185,5250,3600,1650,0.6857142857142857,69,36,33,204.69464183910986,0.42073540932236586,0.7461789584825058,0.1368933835963056,1094907.988484753,2574.359709933333,1097482.3481946865,4422,0,1642.0864864864866,79,106,43,33.681387101066036,0.6428006329113924,39.0234375,8390.853017575117,106.21332933639388,0
4424,31.856499752204577,0,0,185,0.0,0.0,1.0,185,4200,2800,1400,0.6666666666666666,56,28,28,202.88765049711034,0.4204661182922052,0.7448161599373053,0.136190488841202,1085901.9015945802,2863.2170969737235,1088765.1186915538,4423,1,1643.0864864864866,81,104,40,33.59990756057217,0.6432613168724279,38.89735772357724,8317.81625897882,102.68908961702247,0
4425,31.75597716922985,0,0,185,0.0,0.0,1.0,185,4950,3800,1150,0.7676767676767676,61,38,23,207.37766658087173,0.42002056404230315,0.7488589757072246,0.13951848249027238,1083107.4302924343,2972.4583100898035,1086079.888602524,4424,2,1644.0864864864866,81,104,40,33.40487191958495,0.6440329218106996,38.82113821138211,8293.989972044788,102.39493792647887,0
4426,31.27600476425932,1,0,186,0.005376344086021506,0.0,1.0,186,6400,4700,1700,0.734375,81,47,34,210.72147460548044,0.420830911556718,0.7646414555158498,0.13379301282367165,1050468.8986496476,671.2710701300075,1051140.1697197775,4425,0,1636.241935483871,79,107,40,35.35883990622122,0.6246044303797469,40.820312500000014,8106.105141049278,102.60892583606682,8
4427,31.06839527483913,0,0,186,0.0,0.0,1.0,186,5450,4300,1150,0.7889908256880734,66,43,23,211.81869232627483,0.4206280877651845,0.7657582937184326,0.13490848561828248,1044378.0471053495,1593.758446424973,1045971.8055517745,4426,1,1637.241935483871,84,102,41,35.21855405362825,0.6237599206349207,40.710784313725505,8055.699843444232,95.90118861243134,0
4428,31.384260646385332,0,0,186,0.0,0.0,1.0,186,5150,4000,1150,0.7766990291262136,63,40,23,216.3989516554805,0.42042708030611253,0.7715482415401378,0.138396893733002,1056178.7940562218,3361.196758902998,1059539.990815125,4427,2,1638.241935483871,69,117,41,34.9513402929142,0.6319444444444444,40.565476190476176,8142.160715908924,118.00232921607137,0
4429,31.090123872887514,1,0,187,0.0053475935828877,0.0,1.0,187,5200,4100,1100,0.7884615384615384,63,41,22,220.31263120623603,0.4211182029018841,0.7768110277621474,0.14200474121303877,1048485.1689270571,3598.905269406848,1052084.074196464,4428,0,1630.475935828877,71,116,41,34.57055549365867,0.633656103286385,40.29224537037036,8074.346262184635,113.72318679133288,0
4430,30.991702447899844,0,0,187,0.0,0.0,1.0,187,5950,4600,1350,0.773109243697479,73,46,27,218.5131786619333,0.42104033695589677,0.7751331540085522,0.14160789110688912,1046680.3522717967,2392.690163580431,1049073.0424353771,4429,1,1631.475935828877,73,114,41,34.42510020040079,0.634560502283105,40.104166666666664,8054.61433411563,110.33718265911823,0
4431,30.61882818040308,0,1,186,0.0,0.0053475935828877,0.9946524064171123,187,6200,3800,2400,0.6129032258064516,86,38,48,219.40222771247662,0.4212260172886359,0.77645841732529,0.13649536821404554,1022660.3357623853,1274.7911718914643,1023935.1269342768,4430,2,1632.475935828877,67,120,39,35.8735380116959,0.6231343283582089,41.54411764705883,7913.6162539791985,118.11367543252535,8
4432,30.520426406349998,1,0,187,0.0053475935828877,0.0,1.0,187,4150,3100,1050,0.7469879518072289,52,31,21,219.8916865804129,0.4211050255879478,0.7763600696837059,0.13768218102932692,1021185.3884143666,3360.035473941893,1024545.4238883086,4431,0,1633.1016042780748,70,117,39,35.62627608892922,0.6238095238095238,41.314553990610335,7895.190117323415,112.78843024747735,0
4433,30.567050565506058,1,0,188,0.005319148936170213,0.0,1.0,188,5350,3500,1850,0.6542056074766355,72,35,37,218.70917641509496,0.42149396025334696,0.7763565810767499,0.13781150674213302,1024525.5085061826,1864.6260363289812,1026390.1345425115,4432,0,1625.409574468085,73,115,37,35.426917396110845,0.6245719178082192,41.089527027027046,7914.129519303998,108.41273314115065,0
4434,30.864722514599563,0,0,188,0.0,0.0,1.0,188,5500,3600,1900,0.6545454545454545,74,36,38,216.22933650108214,0.4216255167444154,0.7729402181961773,0.1366493314251716,1035333.5262564165,1673.8962879505107,1037007.4225443669,4433,1,1626.409574468085,77,111,37,35.384925238463524,0.6237824675324675,40.98557692307695,7994.408295548386,103.82348435777125,0
4435,30.760294452283958,1,2,187,0.005291005291005291,0.010582010582010581,0.9894179894179894,189,5450,3700,1750,0.6788990825688074,72,37,35,214.95671624560563,0.4225580697211903,0.7730817514565529,0.1363195980759892,1032812.6591015582,1152.0035394729048,1033964.6626410311,4434,0,1618.7989417989418,78,111,38,35.29200376532846,0.624599358974359,40.862341772151915,7971.150670763973,102.19423936876888,0
4436,30.945478386409516,0,0,187,0.0,0.0,1.0,187,5600,4200,1400,0.75,70,42,28,203.00613875681682,0.42104872251931075,0.758787353271972,0.12122293636232948,1021696.4503713932,-1517.869725711952,1020178.5806456812,4435,1,1636.9893048128342,76,111,40,37.81642098797932,0.6034813596491229,43.033008658008626,7951.966476594196,104.63113784992363,8
4437,31.244557600440896,1,0,188,0.005319148936170213,0.0,1.0,188,5950,4700,1250,0.7899159663865546,72,47,25,195.98398304341057,0.42193070409982175,0.7465393420068624,0.11227056636993397,1019139.2495042193,-3603.0061212582714,1015536.243382961,4436,0,1629.276595744681,75,113,38,39.58037071818263,0.5881944444444445,44.58607456140351,7980.295105320938,106.4039347376125,8
4438,31.3506499607236,2,1,189,0.010526315789473684,0.005263157894736842,0.9947368421052631,190,6700,4900,1800,0.7313432835820896,85,49,36,193.17158963170047,0.4238634781397939,0.7455354271626116,0.1115850005990177,1025125.6026450209,-5094.971552981253,1020030.6310920396,4437,0,1613.1157894736841,81,109,41,39.33087236931433,0.5888631687242798,44.270833333333336,8017.275588914217,98.9787109742496,0
4439,31.26737792703559,1,0,190,0.005263157894736842,0.0,1.0,190,5200,3400,1800,0.6538461538461539,70,34,36,192.10931447982944,0.42464726631393296,0.7431193252666164,0.11136003964459174,1023456.673790538,-3876.8879996585747,1019579.7857908794,4438,0,1609.4368421052632,82,108,30,39.22372917381989,0.5898119918699187,44.139056224899605,8000.100825784085,97.56220519248885,0
4440,31.415410043223428,0,2,188,0.0,0.010526315789473684,0.9894736842105263,190,4850,3000,1850,0.6185567010309279,67,30,37,192.94751659220776,0.4247847628330084,0.7495771997042413,0.10900281781507824,1020454.9539348694,-3471.1501688102685,1016983.8037660591,4439,1,1610.4368421052632,79,111,35,40.19928693060875,0.5810917721518987,45.11718749999999,8007.248067657519,101.35757047667745,7
4441,31.74090509146804,2,0,190,0.010526315789473684,0.0,1.0,190,5200,4000,1200,0.7692307692307693,64,40,24,193.824366002342,0.4244859834772115,0.7509156487817366,0.11025535887470762,1033160.896363689,-3149.6488567794067,1030011.2475069095,4440,0,1611.4052631578948,83,107,39,39.9083130822195,0.5822038152610443,44.853670634920626,8098.575424813403,97.57319788931811,0
4442,31.455153122221834,1,0,191,0.005235602094240838,0.0,1.0,191,5800,4200,1600,0.7241379310344828,74,42,32,191.4457268472225,0.42515385321943605,0.7500331015795636,0.10955843696046993,1025695.7765940098,-4726.985305166507,1020968.7912888434,4441,0,1603.9633507853403,74,117,40,39.735954750639046,0.5882601351351351,44.62500000000002,8032.859728587449,108.55215849442499,0
4443,31.937205011871143,2,0,193,0.010362694300518135,0.0,1.0,193,4900,3300,1600,0.673469387755102,65,33,32,191.76018434366097,0.4268696927173287,0.7531845077693142,0.1104568669431848,1043432.8024297551,-3482.2266911693596,1039950.5757385858,4442,0,1588.3316062176166,77,116,43,39.475852445884065,0.5894209956709957,44.37767094017096,8163.862728795786,106.02419128306215,0
4444,32.38993603894131,6,4,195,0.03015075376884422,0.020100502512562814,0.9798994974874372,199,5400,4200,1200,0.7777777777777778,66,42,24,184.95411394485066,0.43154641050369696,0.7522533678704741,0.10784059230617865,1062020.4100432598,-5914.991213820387,1056105.4188294394,4443,0,1541.4120603015076,85,114,42,39.18326080787059,0.5909313725490196,43.91957364341086,8294.42863051476,97.58151330017364,0
4445,31.987313437066508,1,0,196,0.00510204081632653,0.0,1.0,196,6200,4800,1400,0.7741935483870968,76,48,28,191.9373155382106,0.4292462497819641,0.7562883123993138,0.11224057776909288,1049717.825926214,-5103.995683822999,1044613.830242391,4444,0,1565.9183673469388,86,110,45,38.892621239737636,0.5916908914728682,43.80986590038315,8194.834118928578,95.28876882475092,0
4446,31.976774940404816,2,0,198,0.010101010101010102,0.0,1.0,198,4400,2700,1700,0.6136363636363636,61,27,34,193.32256057865771,0.4304161539250371,0.7594370913048591,0.1136655683402251,1051032.0417583375,-3362.358887413248,1047669.6828709242,4445,0,1551.090909090909,72,126,47,38.65065672306324,0.599537037037037,43.60730593607302,8198.611474446157,113.86960381175219,0
4447,31.992326015307405,0,0,198,0.0,0.0,1.0,198,5400,3900,1500,0.7222222222222222,69,39,30,193.478706305812,0.4304391204771916,0.7594843945683147,0.11417098100537744,1052651.5133058713,-4266.869402945422,1048384.6439029259,4446,1,1552.090909090909,74,124,46,38.50895596462728,0.5999436936936937,43.472222222222186,8206.920298648914,110.90432836012046,0
4448,31.674187628314492,3,1,200,0.014925373134328358,0.004975124378109453,0.9950248756218906,201,5450,4100,1350,0.7522935779816514,68,41,27,189.89683836085956,0.4323859867330016,0.7575543618391689,0.11261351038828996,1043677.0435293315,-6011.8058327943145,1037665.2376965372,4447,0,1529.910447761194,78,123,48,38.413631927679894,0.6000267094017093,43.28850210970462,8131.12815052283,104.24523269901064,0
4449,31.74412886675148,2,2,200,0.009900990099009901,0.009900990099009901,0.9900990099009901,202,5400,4000,1400,0.7407407407407407,68,40,28,201.73465878235993,0.4330066868627161,0.7702106278581966,0.11804134197401227,1041921.6326483099,-3761.658991946352,1038159.9736563636,4448,0,1522.8168316831684,83,119,43,38.61850225061713,0.5929969879518072,43.78720238095241,8133.252064930034,97.9909887340968,8
4450,31.93475336521524,1,2,199,0.004975124378109453,0.009950248756218905,0.9900497512437811,201,5650,4300,1350,0.7610619469026548,70,43,27,202.50880804348014,0.43248445273631836,0.771210606007555,0.11912643682853859,1049803.8948593147,-3331.092914527748,1046472.8019447869,4449,0,1531.3781094527362,70,131,44,38.39605862943678,0.6007440476190475,43.588615023474155,8188.434339258556,116.97763341797938,0
4451,31.653494207249203,1,3,197,0.005,0.015,0.985,200,6600,4700,1900,0.7121212121212122,85,47,38,204.7277093281054,0.43291247906197655,0.7708508539541183,0.12127126180934517,1042654.4368628962,-3907.9491040550715,1038746.4877588411,4450,0,1518.89,71,129,45,38.07570270371829,0.6028462441314554,43.33043981481478,8124.488436498887,114.42941459857586,0
4452,31.244312733889956,3,3,197,0.015,0.015,0.985,200,6300,4900,1400,0.7777777777777778,77,49,28,196.25878000760102,0.4334406407035176,0.759754360697714,0.11713668732258736,1031418.4329407129,-5815.015334741094,1025603.4176059718,4451,0,1517.025,75,125,38,38.008136857452754,0.60375,43.05098684210524,8028.195323769607,107.04260431692809,0
4453,31.65896407099687,2,1,198,0.010050251256281407,0.005025125628140704,0.9949748743718593,199,5000,3100,1900,0.62,69,31,38,198.2688663888265,0.4336877992656887,0.7624860769359507,0.11891752424905036,1046573.9902578675,-3299.392271908562,1043274.5979859589,4452,0,1518.5678391959798,76,123,42,37.772596937970214,0.6051260964912281,42.87067099567098,8140.448188547542,107.11116037562554,0
4454,32.066253637450146,1,1,198,0.005025125628140704,0.005025125628140704,0.9949748743718593,199,5000,3500,1500,0.7,65,35,30,200.7900473700611,0.4335926264318224,0.7663011413342025,0.12096376024488961,1061376.990108063,-2177.212775742184,1059199.7773323208,4453,0,1519.5527638190954,70,129,44,37.54217273954115,0.609672619047619,42.70833333333331,8250.37984213555,117.86256917336499,0
4455,32.29864286925489,0,0,198,0.0,0.0,1.0,198,5500,4000,1500,0.7272727272727273,70,40,30,201.37649210990688,0.43344720470354986,0.765529871117101,0.12146298733176565,1069434.7535705043,-2028.196157110055,1067406.557413394,4454,1,1528.20202020202,70,128,46,37.482183580387684,0.6101190476190477,42.66431924882627,8311.593250098695,118.73704642998135,0
4456,32.42609230145757,2,0,200,0.01,0.0,1.0,200,5800,4500,1300,0.7758620689655172,71,45,26,200.9098331609201,0.4343619137353434,0.769347042438147,0.12249277839970935,1076931.2088316267,-2526.786101570129,1074404.4227300566,4455,0,1513.91,73,127,43,37.09394969687041,0.6125856164383562,42.271959459459445,8357.11323124133,114.48100316768945,0
4457,31.94978754863313,3,1,202,0.014778325123152709,0.0049261083743842365,0.9950738916256158,203,5800,4300,1500,0.7413793103448276,73,43,30,197.8938995733872,0.4362085223300655,0.770733342648507,0.12163810333751858,1063535.7184706407,-4306.553867252394,1059229.1646033884,4456,0,1492.5221674876848,76,127,33,36.87171219350212,0.614172149122807,41.97781385281384,8243.754030236434,108.47044776626888,0
4458,31.496055261865894,0,1,201,0.0,0.0049504950495049506,0.995049504950495,202,5900,4000,1900,0.6779661016949152,78,40,38,199.13386175938783,0.4361530835919413,0.7729173387157962,0.12301070286978943,1049889.547330752,-4486.288003842528,1045403.2593269094,4457,1,1496.3168316831684,78,124,37,36.65685748816945,0.6151175213675213,41.79852320675105,8132.327981775532,104.26061515096836,0
4459,31.73630049174264,1,1,201,0.0049504950495049506,0.0049504950495049506,0.995049504950495,202,6050,4200,1850,0.6942148760330579,79,42,37,199.20476066360533,0.4356497216885868,0.7728163849040548,0.12366078868080722,1059344.6760029371,-4244.6994713140575,1055099.9765316232,4458,0,1497.1980198019803,69,133,42,36.47501151874677,0.6212258454106281,41.62202380952381,8199.961092829277,118.84001583810546,0
4460,31.622455517225053,0,0,201,0.0,0.0,1.0,201,5500,3600,1900,0.6545454545454545,74,36,38,202.0060915196721,0.43522802653399667,0.775152613775618,0.12586093820992283,1056618.5704611465,-3011.3224708081066,1053607.2479903384,4459,1,1505.1442786069651,70,131,41,36.26856318577374,0.6220238095238095,41.490610328638496,8174.70167566762,116.78145250953743,0
4461,32.02693555401344,1,1,201,0.0049504950495049506,0.0049504950495049506,0.995049504950495,202,6100,4300,1800,0.7049180327868853,79,43,36,199.2603928039972,0.43597503407057125,0.772813035235066,0.12476348342620334,1071590.1559118393,-3794.904921621909,1067795.2509902173,4460,0,1498.6881188118812,73,129,38,36.16017984437064,0.6222888127853881,41.31475225225226,8284.895758391149,113.49172271768697,0
4462,31.904127683543845,0,2,199,0.0,0.009950248756218905,0.9900497512437811,201,5900,4600,1300,0.7796610169491526,72,46,26,199.36394739974463,0.4361422056384743,0.771821224385637,0.1254471725738165,1068933.0399163458,-3478.657931253641,1065454.3819850923,4461,1,1504.0646766169154,74,127,44,35.97813159494938,0.6235923423423424,41.13888888888889,8258.737941192929,111.60456677287742,0
4463,31.94785677842568,0,0,199,0.0,0.0,1.0,199,5400,3500,1900,0.6481481481481481,73,35,38,202.0500957239653,0.4360850972031876,0.7719105240008266,0.12776932737524777,1071851.5846615196,-1886.4569434509895,1069965.1277180687,4462,2,1515.3869346733668,76,123,39,35.729362509574564,0.6244517543859649,40.96320346320348,8275.670476099804,108.89040100131321,0
4464,31.744418504975734,0,1,198,0.0,0.005025125628140704,0.9949748743718593,199,5900,4400,1500,0.7457627118644068,74,44,30,203.39773799744242,0.43583553288327154,0.7738248009619819,0.12892931428828414,1065720.8838759554,-2346.956576599089,1063373.9272993563,4463,3,1516.3869346733668,77,122,40,35.60827148722709,0.6248647186147186,40.87873931623932,8225.653742682218,106.82667198288594,0
4465,31.581357463735795,0,1,197,0.0,0.005050505050505051,0.9949494949494949,198,5900,4200,1700,0.711864406779661,76,42,34,205.86727121952202,0.4354976371156574,0.7757193481363902,0.1310543118110765,1061481.5089288615,-1795.139661366807,1059686.3692674947,4464,4,1524.6565656565656,80,118,41,35.39031628722117,0.6251302083333333,40.72788065843622,8188.165481306311,102.3520685163289,0
4466,31.618888867535116,1,0,198,0.005050505050505051,0.0,1.0,198,5900,4200,1700,0.711864406779661,76,42,34,208.13975195382656,0.43548214804559987,0.7790722192278516,0.13331482846662845,1064506.749518507,-1186.7658404086583,1063319.9836780983,4465,0,1525.6313131313132,64,134,40,35.11186079545453,0.6354166666666667,40.512820512820525,8204.696290755292,128.19837954305143,0
4467,31.97820354378336,2,1,199,0.01,0.005,0.995,200,5100,3500,1600,0.6862745098039216,67,35,32,203.87704699181165,0.43625,0.7769834905660371,0.13177418890934198,1079233.6331517643,-1093.8067717547628,1078139.8263800095,4466,0,1511.365,67,133,44,34.89927279874213,0.6368159203980099,40.196078431372555,8308.062685394714,124.00093560290618,0
4468,31.495803660725574,1,0,200,0.005,0.0,1.0,200,5500,3800,1700,0.6909090909090909,72,38,34,202.4417068775274,0.43597204773869347,0.7762149532710279,0.1318511638706684,1065126.9139100346,-2374.7779013717304,1062752.1360086629,4467,0,1512.285,68,132,41,34.66566533155322,0.6389399509803921,39.93055555555557,8191.0961603762335,120.45729647612109,0
4469,31.972956727003627,0,1,199,0.0,0.005,0.995,200,6100,4400,1700,0.7213114754098361,78,44,34,201.96809872457618,0.43579564489112227,0.7764183437623298,0.1322522001947313,1082809.1279037376,-2361.41983113296,1080447.7080726046,4468,1,1513.285,70,130,43,34.488391867260454,0.6397321428571429,39.74471830985917,8321.130859453044,118.87329799218634,0
4470,31.723374713418274,0,1,198,0.0,0.005025125628140704,0.9949748743718593,199,5050,3400,1650,0.6732673267326733,67,34,33,203.5388467200807,0.43595079775984297,0.7764718234426182,0.1336819374297289,1075211.4868962357,-1080.5387953914192,1074130.9481008444,4469,2,1517.1708542713568,71,128,45,34.34189079054604,0.6402582159624413,39.6412037037037,8259.459654841943,116.33041767383018,0
4471,31.679480019072354,0,0,198,0.0,0.0,1.0,198,5250,4000,1250,0.7619047619047619,65,40,25,203.16299193496383,0.435678164897708,0.7751530583948818,0.13402358633315983,1074970.833023466,-1171.1418640263337,1073799.6911594395,4470,3,1525.5959595959596,66,132,45,34.19745165910719,0.6445707070707071,39.49004975124379,8252.819763675021,125.04272369204577,0
4472,31.45581972793142,0,0,198,0.0,0.0,1.0,198,4700,3300,1400,0.7021276595744681,61,33,28,204.06429090495774,0.43545223811721273,0.7759888124126524,0.13492392819952692,1068018.5411442805,-711.1107456088844,1067307.4303986717,4471,4,1526.5959595959596,66,132,45,34.09464928504662,0.6453598484848485,39.41231343283583,8196.999291975435,124.19695896932477,0
4473,31.207917069397535,0,0,198,0.0,0.0,1.0,198,5350,3800,1550,0.7102803738317757,69,38,31,196.50302517849644,0.4352006742552428,0.7657905872172901,0.12298966757571397,1044075.906971969,-3917.185152804756,1040158.7218191642,4472,5,1527.5959595959596,76,122,42,36.24548925265418,0.6207510964912281,41.32846320346324,8072.599868560008,106.218419323158,8
4474,31.189364438876527,0,2,196,0.0,0.010101010101010102,0.98989898989899,198,4650,3400,1250,0.7311827956989247,59,34,25,195.78693498934737,0.43512589943427504,0.7648733060519002,0.12298719653674481,1044497.9292884052,-3350.190364380465,1041147.7389240247,4473,6,1528.5959595959596,77,121,42,36.132271617042505,0.6216179653679654,41.19925213675215,8071.830842160667,104.82897197611256,0
4475,30.968435988412494,0,1,195,0.0,0.00510204081632653,0.9948979591836735,196,4700,3400,1300,0.723404255319149,60,34,26,208.55783742463964,0.43433793389150527,0.7697772192252246,0.1290078349615358,1032693.7051964523,-824.7268244378965,1031868.9783720145,4474,7,1544.8775510204082,87,109,42,36.363510488762586,0.6121886973180077,41.749526515151516,7997.613257092752,91.92658916198566,8
4476,30.970781004669004,1,1,195,0.00510204081632653,0.00510204081632653,0.9948979591836735,196,5700,4400,1300,0.7719298245614035,70,44,26,213.47471611899772,0.43483342054770624,0.7724845493753056,0.12466271590155249,1015948.099073245,-1524.1535917406036,1014423.9454815043,4475,0,1545.3010204081634,83,113,37,38.39370007262167,0.5922439759036144,43.86160714285715,7932.806072066471,95.5759767718852,8
4477,30.75395999722389,2,0,197,0.01015228426395939,0.0,1.0,197,5700,4000,1700,0.7017543859649122,74,40,34,234.36029445232126,0.4358338513070203,0.7918793434883504,0.13080276363365576,995314.1135729459,1552.421745901107,996866.535318847,4476,0,1523.8172588832488,70,127,39,39.62141744997405,0.5805059523809524,45.58392018779341,7824.301941195085,111.77574201707264,8
4478,31.287832867498498,4,1,200,0.01990049751243781,0.004975124378109453,0.9950248756218906,201,5900,4500,1400,0.7627118644067796,73,45,28,244.91245951201782,0.438261815920398,0.8031783566383082,0.13865620680153143,1016965.0600094162,3713.4828169383463,1020678.5428263545,4477,0,1494.4726368159204,76,125,34,38.790766877133386,0.5831962719298245,45.035173160173144,7977.296889255164,104.96443275335743,0
4479,31.65825168324411,6,1,205,0.02912621359223301,0.0048543689320388345,0.9951456310679612,206,6050,4100,1950,0.6776859504132231,80,41,39,245.61047446631028,0.4403218486068356,0.8116355676521536,0.1411264510041556,1033562.6327970042,3520.7617263842367,1037083.3945233885,4478,0,1459.1699029126214,64,142,37,38.195097731786355,0.59521484375,44.47115384615385,8089.596523867427,126.39994568542855,0
4480,31.286661353500122,5,4,206,0.023809523809523808,0.01904761904761905,0.9809523809523809,210,5850,4500,1350,0.7692307692307693,72,45,27,232.5132901759949,0.4420986177565125,0.8029486045714926,0.13479456211269916,1024118.1441210352,-225.78415629654592,1023892.3599647387,4479,0,1432.2571428571428,72,138,35,38.18607904374179,0.5941840277777778,44.13527397260276,8005.153035525309,111.18268104896262,0
4481,31.779275387553845,5,6,205,0.023696682464454975,0.02843601895734597,0.9715639810426541,211,5000,3800,1200,0.76,62,38,24,231.1498774233052,0.442728315654856,0.8025782196244002,0.1343877678520998,1041117.3222015883,930.8282820359518,1042048.1504836243,4480,0,1426.260663507109,74,137,35,38.11098299873399,0.5943130630630631,44.02777777777782,8134.611741564229,109.92718569681391,0
4482,31.869785375031313,0,1,204,0.0,0.004878048780487805,0.9951219512195122,205,6150,3600,2550,0.5853658536585366,87,36,51,239.08384875244934,0.43997987406344646,0.8053538033846852,0.13870885343505956,1043438.4922869628,2743.858134484216,1046182.3504214471,4481,2,1468.7658536585366,72,133,36,37.98874049703529,0.5944733796296297,44.10673515981737,8155.263429372705,113.26754763017647,0
4483,31.5503997377833,0,0,204,0.0,0.0,1.0,204,5950,4100,1850,0.6890756302521008,78,41,37,240.0557188264873,0.4395455021088895,0.8057523253402241,0.13982392343021524,1034180.0635923912,2902.1677123389472,1037082.2313047302,4482,3,1476.936274509804,74,130,36,37.81190669921343,0.5950168918918919,43.95833333333335,8078.216932861641,109.16509368731947,0
4484,31.24717859630433,1,0,205,0.004878048780487805,0.0,1.0,205,5100,3100,2000,0.6078431372549019,71,31,40,237.3195946196844,0.44001873106966366,0.8034586419561776,0.13875967382295137,1025387.115479285,2568.8909147585155,1027956.0063940436,4483,0,1470.7268292682927,79,126,38,37.73533460398139,0.5942774261603376,43.815104166666686,8005.055193779832,101.32981257949154,0
4485,31.283010875127637,1,0,206,0.0048543689320388345,0.0,1.0,206,5450,3800,1650,0.6972477064220184,71,38,33,225.4776719596122,0.44025524903307284,0.8004407392777693,0.1312943551186275,1025327.588588817,-412.304465805988,1024915.284123011,4484,0,1464.5825242718447,75,131,36,38.19637758743757,0.5944444444444444,43.96929824561405,8009.411227349046,106.79214969798728,8
4486,31.42692042959643,1,1,206,0.004830917874396135,0.004830917874396135,0.9951690821256038,207,5350,3500,1850,0.6542056074766355,72,35,37,225.59300009917936,0.4407333145724872,0.803100515823225,0.1320875852769956,1031706.0720837739,-200.86639561612537,1031505.2056881578,4485,0,1458.502415458937,80,127,39,37.982329569217896,0.5944010416666667,43.762860082304535,8052.744207300804,100.65930259126006,0
4487,31.567556022847157,4,0,210,0.01904761904761905,0.0,1.0,210,5400,3500,1900,0.6481481481481481,73,35,38,219.73770471265487,0.442572339940761,0.8001527366935406,0.12978752199215038,1038956.3979099531,-1740.4211653479279,1037215.9767446052,4486,0,1438.6380952380953,69,141,42,37.79985451346595,0.6028079710144927,43.437499999999986,8099.051092111693,117.37755205958975,0
4488,31.3727916349899,0,1,209,0.0,0.004761904761904762,0.9952380952380953,210,5600,3900,1700,0.6964285714285714,73,39,34,216.64366700483652,0.4423791486291486,0.7970147851734961,0.12842995601960544,1033641.2095481377,-2813.6355992356166,1030827.5739489021,4487,1,1439.6380952380953,71,139,41,37.74029429446353,0.6031396713615024,43.301504629629605,8053.348408269997,113.42744236999995,0
4489,30.910948654110218,1,1,209,0.004761904761904762,0.004761904761904762,0.9952380952380953,210,4950,3200,1750,0.6464646464646465,67,32,35,215.27035788216784,0.44308973190552137,0.7967117599608582,0.12838498819703284,1020188.4518092276,-3026.7333743546324,1017161.7184348729,4488,0,1439.1142857142856,72,138,36,37.54859761177451,0.6048900462962963,43.07933789954337,7941.661394367194,110.30085269954435,0
4490,30.57312763716526,2,1,210,0.009478672985781991,0.004739336492890996,0.995260663507109,211,5850,4400,1450,0.7521367521367521,73,44,29,213.8904096342175,0.44320036861506057,0.7955199639590289,0.12836891197333966,1010863.0303445345,-4807.218471104284,1006055.8118734303,4489,0,1433.2369668246445,74,137,39,37.346970924475634,0.6062781531531531,42.847222222222214,7861.964697251578,106.24276617907539,0
4491,30.363200146126502,0,2,208,0.0,0.009523809523809525,0.9904761904761905,210,6600,4800,1800,0.7272727272727273,84,48,36,212.86588418308082,0.44275176577808156,0.7935539388250021,0.12829158875588498,1005124.7108310027,-5808.647942939136,999316.0628880635,4490,1,1441.009523809524,68,142,37,37.21605354768051,0.610906862745098,42.69323671497584,7812.6567525751725,114.89201106728194,0
4492,30.826939795163696,1,0,209,0.004784688995215311,0.0,1.0,209,5550,4000,1550,0.7207207207207207,71,40,31,216.987152195923,0.4425482686173476,0.7970684067010536,0.13141507505936456,1021891.2677472758,-3002.544791527591,1018888.7229557482,4491,0,1439.244019138756,69,140,41,36.927784680883825,0.6121678743961353,42.51488095238094,7937.478263031489,115.03591685552882,0
4493,30.62528387797477,0,0,209,0.0,0.0,1.0,209,6000,4400,1600,0.7333333333333333,76,44,32,216.65363677872284,0.44260673536989326,0.7961615008579817,0.12656101587390606,1004711.8834842505,-4265.103305667122,1000446.7801785833,4492,1,1440.244019138756,83,126,35,38.29960624838627,0.5923694779116466,43.84920634920636,7844.690771124126,94.51434664004971,8
4494,30.724463972037718,0,1,208,0.0,0.004784688995215311,0.9952153110047847,209,5500,3800,1700,0.6909090909090909,72,38,34,216.9746509962765,0.4424706324377377,0.7966018263155672,0.1272878538405951,1009215.2552165507,-3505.1744438540736,1005710.0807726966,4493,2,1441.244019138756,69,140,33,38.12920924291687,0.6002415458937198,43.6904761904762,7874.9727299758715,114.1300395648677,0
4495,30.798219445736976,1,0,209,0.004784688995215311,0.0,1.0,209,5000,3400,1600,0.68,66,34,32,218.4916935614779,0.44249076033615503,0.7985991108558645,0.12882072614404544,1013110.0756422026,-2528.7727617476035,1010581.302880455,4494,0,1442.2296650717703,71,138,38,37.899827495440576,0.6010856807511737,43.50405092592593,7899.618526525923,111.26223276797074,0
4496,30.672404094021708,1,0,210,0.004761904761904762,0.0,1.0,210,5200,3700,1500,0.7115384615384616,67,37,30,219.07790251524247,0.4428196438064859,0.8015848313536171,0.13000163661128783,1010854.200417827,-2908.8364047478613,1007945.3640130791,4495,0,1436.357142857143,72,138,38,37.640340151178314,0.6030092592592593,43.264840182648406,7874.684567061063,109.3706189869592,0
4497,30.882835597405283,1,1,210,0.004739336492890996,0.004739336492890996,0.995260663507109,211,6700,5200,1500,0.7761194029850746,82,52,30,221.56702874171916,0.4431937862032649,0.8041942963656321,0.13234024281231282,1019703.104097079,-3713.4826053004003,1015989.6214917786,4496,0,1430.5450236966824,75,136,35,37.3298242572937,0.6040277777777778,43.023574561403514,7936.160699229066,105.81547598972088,0
4498,30.947826780032,0,2,208,0.0,0.009523809523809525,0.9904761904761905,210,5100,3300,1800,0.6470588235294118,69,33,36,225.54142245873604,0.44266062884483937,0.8050041638276937,0.13519312008985246,1022888.2541215764,-959.2656298172988,1021928.9884917592,4497,1,1438.1333333333334,78,132,36,37.09410311639912,0.6040331196581197,42.89293248945148,7956.904989238459,102.01160242613409,0
4499,31.4996746308451,0,1,207,0.0,0.004807692307692308,0.9951923076923077,208,6400,4500,1900,0.703125,83,45,38,224.63966500466742,0.44235994983277593,0.8031809056919299,0.13489445893630003,1041661.9490761164,-1200.28174228655,1040461.6673338299,4498,2,1451.735576923077,78,130,36,37.04987865736942,0.6047008547008548,42.827004219409275,8100.865690928288,103.85725244779857,0
4500,31.655389349334747,0,2,205,0.0,0.00966183574879227,0.9903381642512077,207,6700,5400,1300,0.8059701492537313,80,54,26,198.58226816537763,0.44177395525538204,0.7689472649618476,0.12051049048347856,1049951.4527759897,-6399.651808842233,1043551.8009671475,4499,3,1459.5990338164252,81,126,37,37.32691122071515,0.6073816872427984,42.441565040650396,8153.112538843493,100.65571035609251,8
4501,31.948149891113953,1,1,205,0.0048543689320388345,0.0048543689320388345,0.9951456310679612,206,5250,3300,1950,0.6285714285714286,72,33,39,197.9182778723026,0.4417446128344779,0.7678927778649749,0.12070227368831919,1061140.6382750552,-4446.174458457269,1056694.463816598,4500,0,1467.4029126213593,83,123,38,37.16079676674363,0.608433734939759,42.261904761904745,8234.255299316826,99.20789517249189,0
4502,32.37235221409887,2,0,207,0.00966183574879227,0.0,1.0,207,5600,3800,1800,0.6785714285714286,74,38,36,197.0842740118302,0.4422654503384769,0.7693680081153758,0.12091386540725746,1077037.0204289083,-4546.588148980966,1072490.4322799274,4501,0,1461.2850241545893,87,120,33,36.96157611355849,0.6091954022988506,42.04545454545453,8350.595400682283,95.98385518025613,0
4503,32.05514568969107,0,0,207,0.0,0.0,1.0,207,5700,4000,1700,0.7017543859649122,74,40,34,200.3606964779676,0.44232407798258366,0.7722516881256036,0.12305797805694675,1066809.0256558356,-4350.6801221231635,1062458.3455337125,4502,1,1462.2850241545893,88,119,34,36.83690211556199,0.6092566287878788,42.00608614232208,8270.03249576143,93.97764199728898,0
4504,32.169791993642285,1,0,208,0.004807692307692308,0.0,1.0,208,7000,5100,1900,0.7285714285714285,89,51,38,198.05073727522543,0.4426759143131426,0.7720123748192225,0.12216740227108479,1071921.8709880854,-6141.016629874374,1065780.854358211,4503,0,1456.25,90,118,37,36.737133439754054,0.6101851851851852,41.84981684981683,8304.637695062002,92.27375216735557,0
4505,32.33282318559876,0,0,208,0.0,0.0,1.0,208,5750,4000,1750,0.6956521739130435,75,40,35,197.7898915271439,0.44244704570791527,0.7745905612029891,0.12259104523748318,1078788.8698659255,-4675.293289705974,1074113.5765762196,4504,1,1457.25,91,117,40,36.568640879538286,0.6116071428571428,41.67798913043476,8352.27990239391,91.7832956307023,0
4506,32.631080823839255,1,2,207,0.004784688995215311,0.009569377990430622,0.9904306220095693,209,6450,4900,1550,0.7596899224806202,80,49,31,191.5421980220377,0.442669994479205,0.7686853810649228,0.11963516219296694,1091061.3570179376,-6453.1418999750595,1084608.2151179626,4505,0,1451.2727272727273,74,135,39,36.44954974309395,0.6209177927927928,41.4027777777778,8438.306859153716,114.03117377234751,0
4507,32.91169743121263,1,0,208,0.004807692307692308,0.0,1.0,208,6150,4400,1750,0.7154471544715447,79,44,35,186.45122894737588,0.4428534931252322,0.7614002199163192,0.11707880474861532,1102063.2432784133,-6653.790782601459,1095409.4524958117,4506,0,1445.7307692307693,77,131,45,36.387484088485195,0.6214826839826839,41.212606837606856,8517.132382773,110.6121088671818,0
4508,32.621262541603,1,3,206,0.004784688995215311,0.014354066985645933,0.9856459330143541,209,5750,3900,1850,0.6782608695652174,76,39,37,185.43041141553698,0.4427648831431726,0.7608927851246916,0.11686588266764086,1093438.077503533,-6998.665486220871,1086439.4120173121,4507,0,1439.8086124401914,81,128,49,36.28119582638279,0.621141975308642,41.08231707317076,8446.221711419697,104.27434211629256,0
4509,32.537736523474116,1,2,205,0.004830917874396135,0.00966183574879227,0.9903381642512077,207,5450,3700,1750,0.6788990825688074,72,37,35,183.2335885278499,0.4418736222503635,0.7555244772302683,0.115986481947979,1091940.400888354,-6833.968377337291,1085106.4325110167,4508,0,1454.2367149758454,85,122,41,36.18073737279286,0.6212009803921569,40.9278100775194,8429.62265625719,99.17203125008459,0
4510,32.74804408521313,0,0,205,0.0,0.0,1.0,205,6500,4800,1700,0.7384615384615385,82,48,34,201.30140284812742,0.4412980232743504,0.7789564924277084,0.1192504801667555,1078731.5132863494,-4069.9666157952242,1074661.5466705542,4509,3,1469.419512195122,73,132,42,38.16085335088294,0.6018835616438356,43.32770270270268,8405.51570734477,115.14405078554479,8
4511,32.81508475156359,0,2,203,0.0,0.00975609756097561,0.9902439024390244,205,6500,4300,2200,0.6615384615384615,87,43,44,205.70526455947982,0.44127211860353893,0.7838927609927211,0.12241677290124744,1082363.0806959574,-2970.4432272051986,1079392.6374687522,4510,4,1470.419512195122,73,132,44,37.87542475063025,0.6035958904109588,43.15878378378376,8428.266277829749,115.45570243602396,0
4512,32.83904878140777,0,1,202,0.0,0.0049261083743842365,0.9950738916256158,203,5450,4500,950,0.8256880733944955,64,45,19,208.41208669667344,0.4411204051439627,0.7849126149589474,0.12446870329444229,1084258.7448305115,-855.4744941518325,1083403.2703363597,4511,5,1466.3940886699506,74,129,39,37.67216607213632,0.6044481981981982,43.02777777777775,8438.723341022249,114.03680190570607,0
4513,33.07709112152564,1,0,203,0.0049261083743842365,0.0,1.0,203,6050,4000,2050,0.6611570247933884,81,40,41,204.2025913654904,0.44168231478320247,0.7796289951869846,0.12243888170537998,1093358.1943751194,-1996.684683581822,1091361.5096915376,4512,0,1465.3103448275863,77,126,41,37.63152712131443,0.6045725108225108,42.881944444444414,8504.717352600523,110.45087470909769,0
4514,33.17196141733805,0,1,202,0.0,0.0049261083743842365,0.9950738916256158,203,5150,3600,1550,0.6990291262135923,67,36,31,186.3370229290576,0.441496366385407,0.760471192154998,0.10867666112611046,1087749.0779758275,-5212.415023231086,1082536.6629525963,4513,1,1466.3103448275863,84,119,41,39.137396117465,0.5913938492063492,43.909313725490215,8495.030364437722,101.13131386235384,8
4515,33.34231122299497,1,0,203,0.0049261083743842365,0.0,1.0,203,5400,3900,1500,0.7222222222222222,69,39,30,182.43566385012576,0.4412839990895641,0.7556050681573838,0.10693796655993076,1094943.0392530507,-6048.667951159331,1088894.3713018913,4514,0,1467.1724137931035,71,132,46,39.04562304768356,0.5988849765258216,43.72106481481479,8544.932016842142,120.35115516679073,0
4516,33.38812300382419,5,3,205,0.02403846153846154,0.014423076923076924,0.9855769230769231,208,5150,3200,1950,0.6213592233009708,71,32,39,205.70791171643583,0.4436170336306206,0.782888643306086,0.12575793068891303,1109726.9301488816,-1094.0781247168234,1108632.8520241647,4515,0,1432.8798076923076,75,133,43,36.87010481455886,0.612638888888889,42.1737938596491,8608.333084223315,114.77777445631087,8
4517,33.12801068360072,1,1,205,0.0048543689320388345,0.0048543689320388345,0.9951456310679612,206,6650,5000,1650,0.7518796992481203,83,50,33,206.24678031153556,0.4426143539348015,0.7819217135904968,0.1263382642064921,1101696.5935832344,-2405.7249386547132,1099290.8686445795,4516,0,1447.7815533980583,78,128,41,36.7827257698928,0.6120459401709402,42.10179324894512,8543.654548530343,109.53403267346594,0
4518,32.715455804668636,0,0,205,0.0,0.0,1.0,205,5550,3700,1850,0.6666666666666666,74,37,37,203.07736529517376,0.4422774190977204,0.778056465479978,0.12484586694538555,1089075.9926577613,-2316.6633609673954,1086759.329296794,4517,1,1455.6536585365855,81,124,39,36.731570828410135,0.6121399176954733,41.97154471544713,8441.518525208641,104.21627808899557,0
4519,32.9955368936167,0,1,204,0.0,0.004878048780487805,0.9951219512195122,205,5400,3400,2000,0.6296296296296297,74,34,40,206.45075288318586,0.4421050534034752,0.7818950946297034,0.1274766841073543,1099743.7580209249,-991.4146355994644,1098752.3433853255,4518,2,1456.6536585365855,84,121,40,36.4834504145307,0.6125992063492063,41.813725490196056,8518.994746013619,101.41660411920975,0
4520,33.16548727439925,1,0,205,0.004878048780487805,0.0,1.0,205,5550,3500,2050,0.6306306306306306,76,35,41,214.48537216747476,0.44173939901163717,0.7899495567963515,0.13342342205604218,1107688.027258196,966.5757543859136,1108654.6030125818,4519,0,1457.6341463414635,69,136,41,36.00419353600494,0.6219806763285024,41.547619047619044,8571.699151514367,124.22752393499083,0
4521,32.715598937555036,1,1,205,0.0048543689320388345,0.0048543689320388345,0.9951456310679612,206,6500,4400,2100,0.676923076923077,86,44,42,217.74603601743897,0.4415724406030468,0.7955958968446009,0.13476678722414667,1091125.6453177806,-182.3431870166596,1090943.302130764,4520,0,1451.5533980582525,82,124,40,36.10567811847029,0.6142022357723578,41.72941767068273,8449.47678885473,103.04239986408207,7
4522,33.1735742354814,0,1,204,0.0,0.004878048780487805,0.9951219512195122,205,5050,3300,1750,0.6534653465346535,68,33,35,215.92091571279863,0.44111868324565595,0.7930763178599518,0.1338709677419354,1106937.6680658918,1752.1989851555927,1108689.8670510475,4521,1,1459.2585365853658,82,123,41,36.088709677419345,0.6148373983739837,41.66666666666667,8569.840010832711,104.51024403454527,0
4523,33.53586297573863,1,0,205,0.004878048780487805,0.0,1.0,205,6400,4300,2100,0.671875,85,43,42,209.927188463598,0.44087358520644027,0.7864769616040974,0.1307044843954084,1120334.806187632,-362.2527998240821,1119972.553387808,4522,0,1459.9219512195123,68,137,39,36.089412257135045,0.6228553921568627,41.51570048309179,8668.494049978828,127.47785367615924,0
4524,33.42056984562039,3,1,207,0.014423076923076924,0.004807692307692308,0.9951923076923077,208,6800,4700,2100,0.6911764705882353,89,47,42,202.752254020476,0.4423923688529667,0.7814053003763861,0.12745584437159427,1119443.522959869,-3006.060494252504,1116437.4624656164,4523,0,1439.8509615384614,75,133,44,35.92547482877921,0.6227777777777778,41.17324561403511,8650.13762287143,115.3351683049524,0
4525,32.95952887947894,1,1,207,0.004807692307692308,0.004807692307692308,0.9951923076923077,208,6300,4800,1500,0.7619047619047619,78,48,30,202.12575087223897,0.442490109779512,0.7817103426119103,0.12768816978554454,1105488.1986124953,-3210.4735550100118,1102277.7250574853,4524,0,1440.5240384615386,77,131,35,35.76385308170915,0.6236471861471862,40.99893162393164,8536.55319295696,110.86432718125923,0
4526,33.26757717082185,0,4,203,0.0,0.01932367149758454,0.9806763285024155,207,6650,4300,2350,0.6466165413533834,90,43,47,207.85139719396997,0.44249507527789506,0.7846436135748627,0.13217897982353916,1117839.2005155869,-1581.1120669286674,1116258.0884486581,4525,1,1446.3864734299516,81,126,38,35.37649458519139,0.6243569958847737,40.764735772357746,8624.129158091539,106.47073034680912,0
4527,32.7296455142779,0,1,202,0.0,0.0049261083743842365,0.9950738916256158,203,5700,4200,1500,0.7368421052631579,72,42,30,217.56583628803267,0.4403959176705848,0.7900573885863198,0.13843946514871563,1099942.646923749,1561.9883693676443,1101504.6352931166,4526,2,1475.6995073891626,78,125,38,35.10313888041234,0.625801282051282,40.74367088607596,8485.36774923173,108.7867660157914,0
4528,32.374136406116165,1,2,201,0.0049261083743842365,0.009852216748768473,0.9901477832512315,203,6050,4300,1750,0.7107438016528925,78,43,35,234.78189488326709,0.44025671040010406,0.8028917282120442,0.14240798567342816,1073640.7964117934,3764.284121108218,1077405.0805329017,4527,0,1476.5960591133005,66,137,39,36.41299426501662,0.614425505050505,42.459577114427866,8337.648780586364,126.32801182706612,8
4529,32.69211889363952,2,0,203,0.009852216748768473,0.0,1.0,203,6200,4100,2100,0.6612903225806451,83,41,42,231.47512659785338,0.4407007511095937,0.8000854423167634,0.1414856486853597,1086540.023634751,3501.39790489796,1090041.4215396491,4528,0,1477.5073891625616,70,133,42,36.21227640888485,0.6150297619047619,42.18016431924884,8428.676721213753,120.40966744591076,0
4530,33.075763558031404,1,1,203,0.004901960784313725,0.004901960784313725,0.9950980392156863,204,7150,5500,1650,0.7692307692307693,88,55,33,231.71972204927633,0.44104214961846805,0.801121106373661,0.14270053158683207,1101602.1475619813,3102.588688389621,1104704.736250371,4529,0,1471.2598039215686,72,132,37,35.928774810637464,0.6167534722222222,41.909246575342465,8536.548736788152,118.56317689983545,0
4531,33.12952859297064,0,0,203,0.0,0.0,1.0,203,5350,3400,1950,0.6355140186915887,73,34,39,231.33090262555626,0.4402018403810824,0.8008668833427375,0.1428084848554474,1104143.135545162,5134.485634695032,1109277.621179857,4530,1,1479.5024630541873,73,130,40,35.849042673064,0.6171518264840183,41.82150900900902,8553.331699376076,117.16892738871337,0
4532,33.35482398331626,1,2,202,0.004901960784313725,0.00980392156862745,0.9901960784313726,204,4400,3000,1400,0.6818181818181818,58,30,28,229.90374609781463,0.4401803824978267,0.8017473118279568,0.14254032258064517,1112985.6197210753,5975.912665374598,1118961.5323864499,4531,0,1473.2450980392157,77,127,43,35.72748655913979,0.6168831168831168,41.66666666666667,8616.662862356712,111.90471249813912,0
4533,33.20683376453506,0,1,201,0.0,0.0049504950495049506,0.995049504950495,202,5500,3900,1600,0.7090909090909091,71,39,32,223.7938879277911,0.43974126890300974,0.7936475296630718,0.13937434024228815,1109422.6490168942,3756.401595727829,1113179.050612622,4532,1,1488.2227722772277,64,138,41,35.72148171109735,0.6253255208333333,41.50641025641025,8583.753663813291,134.12115099708268,0
4534,32.96528902136242,0,0,201,0.0,0.0,1.0,201,6150,4200,1950,0.6829268292682927,81,42,39,222.47937684860426,0.4394454809286899,0.792487894043395,0.13944554840442971,1103300.110821789,2742.304226525308,1106042.4150483143,4533,2,1496.4825870646766,66,135,42,35.52195380886565,0.6264204545454546,41.27798507462685,8528.845998204128,129.22493936672922,0
4535,33.248669198000094,0,0,201,0.0,0.0,1.0,201,4700,3000,1700,0.6382978723404256,64,30,34,221.8417749692593,0.43934701492537315,0.7909333667561427,0.13965281781104422,1114116.4162228436,4531.512659452933,1118647.9288822964,4534,3,1497.4825870646766,68,133,44,35.38021926755305,0.6268382352941176,41.12318840579709,8607.309471728615,126.57808046659727,0
4536,33.59576290892276,0,2,199,0.0,0.009950248756218905,0.9900497512437811,201,5050,3800,1250,0.7524752475247525,63,38,25,217.54014148745006,0.43921330845771145,0.7864523319398489,0.13751060501113196,1127017.8441771334,3784.3242562346654,1130802.168433368,4535,4,1498.4825870646766,70,131,40,35.342325120362496,0.6272321428571428,40.97711267605632,8702.071510519785,124.31530729313978,0
4537,33.83639021852556,1,1,199,0.005,0.005,0.995,200,4850,3200,1650,0.6597938144329897,65,32,33,224.79243200458896,0.43944671273031827,0.7934161229214904,0.13467702956542227,1118201.7207220425,5422.656854564648,1123624.377576607,4536,0,1506.555,76,124,38,37.13209499754434,0.6047149122807017,42.9112554112554,8698.955082695578,114.45993529862604,8
4538,33.508715927034984,2,0,201,0.009950248756218905,0.0,1.0,201,5550,3800,1750,0.6846846846846847,73,38,35,189.10660691653524,0.4397584991708126,0.7514458820848213,0.11033930143700287,1098929.6993989612,-4187.026661370408,1094742.6727375907,4537,0,1499.9850746268658,79,122,46,39.05008092260239,0.5934862869198312,43.8932291666667,8581.809030844499,108.63049406132276,7
4539,33.46752482908857,2,0,203,0.009852216748768473,0.0,1.0,203,5700,4300,1400,0.7543859649122807,71,43,28,191.32529259736472,0.44101777788616303,0.7570063158040801,0.11252170202739539,1100117.4419880807,-4203.941704033332,1095913.5002840473,4538,0,1486.1970443349753,74,129,47,38.69158857411123,0.5986768018018018,43.597222222222214,8581.166331525033,115.96170718277072,0
4540,32.99943898941375,0,1,202,0.0,0.0049261083743842365,0.9950738916256158,203,6750,4800,1950,0.7111111111111111,87,48,39,189.16376212879777,0.44104622900713714,0.754443130768754,0.1116137759143304,1085757.8635557175,-6272.791553775173,1079485.0720019424,4539,1,1487.1970443349753,75,128,45,38.623370378285976,0.5994444444444444,43.47587719298244,8465.152139883005,112.86869519844007,0
4541,32.94513132137634,2,2,202,0.00980392156862745,0.00980392156862745,0.9901960784313726,204,5600,4400,1200,0.7857142857142857,68,44,24,184.06883717450646,0.4417776449660324,0.7489259748843373,0.10921417672353992,1085718.1336767678,-6430.625126968607,1079287.5085497992,4540,0,1480.8480392156862,77,127,50,38.54361735330839,0.6006493506493507,43.26923076923075,8458.028906545607,109.84453125383905,0
4542,32.55765171258883,2,2,202,0.00980392156862745,0.00980392156862745,0.9901960784313726,204,5500,4300,1200,0.7818181818181819,67,43,24,186.4723134581092,0.44278530377668307,0.7488349930021068,0.11120429487361459,1074520.2168425377,-6226.34586157276,1068293.870980965,4541,0,1473.7892156862745,80,124,39,38.29045283144789,0.6013020833333333,43.08127572016459,8364.670343545473,104.55837929431841,0
4543,32.625925707740386,2,1,203,0.00980392156862745,0.004901960784313725,0.9950980392156863,204,5700,4300,1400,0.7543859649122807,71,43,28,188.1330455623249,0.4432335434173669,0.7510744023636848,0.11272758094214178,1078236.9471370617,-5929.599859456356,1072307.3472776054,4542,0,1473.6960784313726,83,121,43,38.069972345488445,0.6019076305220883,42.90674603174602,8387.905403929448,101.05910125216202,0
4544,32.36537605609131,3,0,206,0.014563106796116505,0.0,1.0,206,5950,4400,1550,0.7394957983193278,75,44,31,187.64584626480803,0.4441333175467677,0.7560955080253209,0.11359019548701678,1072742.7879647096,-6890.854345578794,1065851.9336191309,4543,0,1460.3640776699028,76,130,45,37.70119623090933,0.6085526315789473,42.532467532467514,8333.033510545538,109.64517777033602,0
4545,32.83009465440612,1,0,207,0.004830917874396135,0.0,1.0,207,5700,4500,1200,0.7894736842105263,69,45,24,191.79342844107265,0.4443398918124541,0.7626136788339355,0.11684572211509683,1090115.2080722,-5284.613369616166,1084830.5947025837,4544,0,1454.304347826087,78,129,45,37.35705331559557,0.6100427350427351,42.29957805907171,8460.329244801029,108.46575954873114,0
4546,33.13889746168591,1,1,207,0.004807692307692308,0.004807692307692308,0.9951923076923077,208,6100,4500,1600,0.7377049180327869,77,45,32,188.28737963978617,0.4446263780502911,0.7602749348840969,0.1152893686692097,1101930.65082006,-6204.073042465483,1095726.5777775946,4545,0,1448.3076923076924,80,128,45,37.2611537758274,0.6110677083333333,42.11676954732509,8545.965931059478,106.82457413824348,0
4547,33.046474064863816,1,1,207,0.004807692307692308,0.004807692307692308,0.9951923076923077,208,6700,4400,2300,0.6567164179104478,90,44,46,187.35423506083646,0.44427218815805775,0.760421872870189,0.11534207998472634,1100528.6943451425,-7062.257661692643,1093466.43668345,4546,0,1449.2596153846155,81,127,40,37.08550731771348,0.6126543209876543,41.92073170731709,8528.609846313213,105.29147958411374,0
4548,32.96162456082503,1,0,208,0.004807692307692308,0.0,1.0,208,6350,4600,1750,0.7244094488188977,81,46,35,204.45483438053844,0.44440960609438873,0.7836327459023322,0.12084314919223176,1085052.48767761,-3581.1546675369227,1081471.333010073,4547,0,1450.2548076923076,73,135,43,38.16609977324262,0.601027397260274,43.41216216216213,8457.551977684596,115.85687640663829,8
4549,32.72189748301748,4,4,208,0.018867924528301886,0.018867924528301886,0.9811320754716981,212,5200,3300,1900,0.6346153846153846,71,33,38,203.04181557086306,0.4451869839637545,0.7859389960664802,0.12127128236777555,1080415.8494522616,-3726.080871135702,1076689.768581126,4548,0,1423.872641509434,78,134,35,37.807117690320986,0.6026976495726496,43.02478902953583,8408.716509052236,107.804057808362,0
4550,33.091316240405106,0,2,206,0.0,0.009615384615384616,0.9903846153846154,208,6100,4200,1900,0.6885245901639344,80,42,38,206.25982870724008,0.4441362218196457,0.7861045557151654,0.12332566199881893,1092949.770203049,-2613.673522460675,1090336.0966805883,4549,1,1451.8317307692307,78,130,37,37.68404986661191,0.6030982905982907,42.98523206751052,8504.956964108274,109.03790979625992,0
4551,33.07882377523142,0,1,205,0.0,0.0048543689320388345,0.9951456310679612,206,5400,3400,2000,0.6296296296296297,74,34,40,211.7758520557672,0.4433637224721762,0.7901543135409217,0.1272245498727324,1094017.1237404111,-262.7182912552371,1093754.405449156,4550,2,1465.7475728155339,80,126,40,37.364576562161446,0.6040364583333333,42.81121399176953,8507.502529331903,106.34378161664878,0
4552,33.00965370167393,3,0,208,0.014423076923076924,0.0,1.0,208,5750,4100,1650,0.7130434782608696,74,41,33,208.3592660405683,0.44437380001238697,0.7901503619511536,0.12614722336960965,1094142.2096900663,-1755.06644899426,1092387.143241072,4551,0,1430.8173076923076,68,140,43,37.16248900615658,0.6125919117647058,42.52717391304349,8499.088826721782,124.98660039296738,0
4553,32.711576123396604,1,0,209,0.004784688995215311,0.0,1.0,209,6250,4500,1750,0.72,80,45,35,205.13464333822282,0.44464636240952027,0.7871980885964152,0.12471261843372271,1085539.2546659429,-3513.658432892326,1082025.5962330506,4552,0,1424.9665071770335,71,138,44,37.0908093259205,0.6125293427230047,42.37557870370371,8427.300868479808,118.69437842929307,0
4554,32.62888969990914,2,1,210,0.009478672985781991,0.004739336492890996,0.995260663507109,211,6000,3800,2200,0.6333333333333333,82,38,44,202.22148221598692,0.4450396825396825,0.7859350960039673,0.12377197904158596,1084850.5660163974,-4323.9821114623,1080526.583904935,4553,0,1412.4502369668246,73,138,45,36.916532470840856,0.6140125570776256,42.131193693693696,8413.972838015708,115.25990189062614,0
4555,32.69598353470894,1,2,209,0.004739336492890996,0.009478672985781991,0.990521327014218,211,6200,4300,1900,0.6935483870967742,81,43,38,200.80834838760322,0.4453264876250658,0.785103149814756,0.12363885784421665,1088890.8011759038,-4668.32732828229,1084222.4738476216,4554,0,1411.2796208530806,74,137,39,36.73413787536324,0.6157094594594594,41.91666666666668,8438.288417249498,114.03092455742565,0
4556,32.19417233365405,0,1,208,0.0,0.004784688995215311,0.9952153110047847,209,5650,3200,2450,0.5663716814159292,81,32,49,205.3844615505875,0.44410099220954485,0.7885661766125633,0.12660266062745199,1072524.957183408,-3394.007833863634,1069130.9493495445,4555,2,1425.77990430622,74,135,40,36.57351358622545,0.6161317567567568,41.87500000000001,8310.12073362447,112.29892883276311,0
4557,31.838312496588312,0,2,206,0.0,0.009615384615384616,0.9903846153846154,208,6750,4600,2150,0.6814814814814815,89,46,43,207.53783114933682,0.44385122476155087,0.7890290707169696,0.12828125783640107,1061480.9187916664,-4290.510461514439,1057190.408330152,4556,3,1432.5961538461538,75,133,40,36.4171974522293,0.6166666666666667,41.776315789473685,8221.406351915073,109.61875135886764,0
4558,32.265498049100934,1,2,205,0.004830917874396135,0.00966183574879227,0.9903381642512077,207,5350,3800,1550,0.7102803738317757,69,38,31,211.24863648833966,0.44354060159779873,0.7921170871354435,0.13159175860984662,1078041.920603017,-1203.0228390680932,1076838.897763949,4557,0,1439.9661835748793,67,140,41,36.03734567901233,0.6236007462686567,41.4981617647059,8340.690557269922,124.48791876522272,0
4559,31.77292362450226,0,0,205,0.0,0.0,1.0,205,6650,4800,1850,0.7218045112781954,85,48,37,208.74173666112338,0.44279650884744143,0.7876474401609734,0.13061011039034048,1062889.5279309284,-3276.118812155189,1059613.4091187732,4558,1,1453.9365853658537,69,136,41,35.93995704368504,0.6240942028985508,41.33928571428573,8218.407119659232,119.10734956027872,0
4560,32.10242875013145,0,2,203,0.0,0.00975609756097561,0.9902439024390244,205,6350,4700,1650,0.7401574803149606,80,47,33,208.45762410418132,0.4427437031723258,0.7851374239177658,0.12475002965851353,1060557.1416490918,-3133.7556050219882,1057423.38604407,4559,2,1454.9365853658537,80,125,40,37.59432742979117,0.6026041666666666,42.95267489711932,8251.843439527054,103.14804299408817,8
4561,32.57493854526389,1,0,204,0.004901960784313725,0.0,1.0,204,5850,4400,1450,0.7521367521367521,73,44,29,211.93594387713247,0.4422379584017515,0.7897713741366994,0.12767848326256553,1078214.206655821,-947.5308821329099,1077266.6757736881,4560,0,1460.5980392156862,73,131,42,37.25539811066127,0.608162100456621,42.70833333333334,8381.26022987521,114.81178397089329,0
4562,32.4620200119687,1,0,205,0.004878048780487805,0.0,1.0,205,5500,4400,1100,0.8,66,44,22,214.0071367032437,0.4426769488283118,0.791465568390088,0.12975707324877525,1076438.1659801363,-426.91005209986815,1076011.2559280363,4561,0,1454.4682926829269,70,135,42,36.96234261949523,0.6120535714285714,42.47359154929578,8359.827424737206,119.42610606767438,0
4563,32.60017778415709,0,1,204,0.0,0.004878048780487805,0.9951219512195122,205,5200,3600,1600,0.6923076923076923,68,36,32,217.12864224835772,0.4422724374302567,0.7931275122004515,0.1322786706702391,1082476.38419406,807.3255131935666,1083283.7097072536,4562,1,1455.4682926829269,73,132,42,36.70470994701483,0.6123002283105023,42.300112612612615,8401.062143786095,115.08304306556295,0
4564,32.61129142105013,1,0,205,0.004878048780487805,0.0,1.0,205,6300,4400,1900,0.6984126984126984,82,44,38,221.1567911092159,0.4423093017694883,0.7973783706381719,0.1353327944539785,1084200.7443373895,655.6715071760568,1084856.4158445655,4563,0,1456.409756097561,74,131,40,36.436115300369835,0.6134572072072072,42.13888888888889,8409.183840600243,113.63761946757084,0
4565,32.21470610267285,2,2,205,0.00966183574879227,0.00966183574879227,0.9903381642512077,207,6600,4800,1800,0.7272727272727273,84,48,36,218.59768948236814,0.443128253834248,0.7965888391391378,0.1345044274402686,1072667.7241747035,-1103.4627826199885,1071564.2613920835,4564,0,1443.3285024154588,79,128,37,36.29897446894395,0.6132647679324894,41.940104166666664,8313.323701157196,105.2319455842683,0
4566,32.69392747184202,1,1,205,0.0048543689320388345,0.0048543689320388345,0.9951456310679612,206,5200,3500,1700,0.6730769230769231,69,35,34,221.64621395597268,0.4422093298602889,0.7984071793239391,0.13667608683288274,1089283.8158469987,1887.1267412007383,1091170.9425881994,4565,0,1451.3252427184466,79,127,39,36.14044766708705,0.6140559071729959,41.861979166666686,8439.545730849888,106.8296927955682,0
4567,32.88197751121724,1,0,206,0.0048543689320388345,0.0,1.0,206,4900,3600,1300,0.7346938775510204,62,36,26,224.4635567385841,0.4427120333096535,0.8015181005025316,0.1389705552865071,1096776.0631715893,3137.251217047338,1099913.3143886367,4566,0,1449.485436893204,81,125,40,35.91997835923669,0.6147119341563786,41.71747967479675,8492.840024873845,104.8498768502944,0
4568,33.26179017936596,1,1,206,0.004830917874396135,0.004830917874396135,0.9951690821256038,207,6100,4400,1700,0.7213114754098361,78,44,34,222.95805372827266,0.4436314744461642,0.8000317353204531,0.13865438560138674,1110816.6026567582,2033.1015554804317,1112849.7042122385,4567,0,1443.4782608695652,66,141,41,35.795659628225955,0.6235795454545454,41.55783582089551,8596.249038426598,130.24619755191816,0
4569,32.833579054901975,1,0,207,0.004830917874396135,0.0,1.0,207,6000,4500,1500,0.75,75,45,30,220.12445625831484,0.44409072432500035,0.7978093171273855,0.13333592739625208,1088458.0438424356,519.2470121606684,1088977.2908545963,4568,0,1444.3961352657004,67,140,38,36.84118874809129,0.613339552238806,42.509191176470566,8454.344827417954,126.18425115549185,6
4570,33.25420214121909,1,1,207,0.004807692307692308,0.004807692307692308,0.9951923076923077,208,5400,3400,2000,0.6296296296296297,74,34,40,217.17100108446942,0.4446887967608076,0.7956068205712274,0.13204718764000273,1103586.5436162832,933.3988920995344,1104519.9425083827,4569,0,1438.4471153846155,70,138,41,36.77593488990127,0.6130952380952381,42.37089201877934,8567.250434269461,122.38929191813516,0
4571,33.05388854593724,0,1,206,0.0,0.004830917874396135,0.9951690821256038,207,5650,3900,1750,0.6902654867256637,74,39,35,215.85398671868828,0.4445411800572206,0.7934145297135691,0.13161773636540083,1097813.5877319854,343.48791717901895,1098157.0756491644,4570,1,1446.3188405797102,70,137,38,36.704948672700716,0.6141369047619047,42.26819248826291,8519.03844023591,121.70054914622729,0
4572,32.53161318774804,1,0,207,0.004830917874396135,0.0,1.0,207,5850,4200,1650,0.717948717948718,75,42,33,215.9677375273412,0.44515481606553786,0.7932015994916006,0.1324753576953423,1082281.248098366,-502.43349598597433,1081778.81460238,4571,0,1435.270531400966,72,135,35,36.481094761298884,0.615306712962963,42.0519406392694,8391.466489653536,116.54814568963245,0
4573,32.86421224907966,0,0,207,0.0,0.0,1.0,207,6000,4400,1600,0.7333333333333333,76,44,32,216.5512915578749,0.4449046714506824,0.7948942126485377,0.13325383150133252,1094314.2913029962,-4.96536961916172,1094309.325933377,4572,1,1436.270531400966,72,135,37,36.34941480047922,0.6164641203703703,41.93778538812785,8481.011394472102,117.79182492322363,0
4574,32.509847240524486,0,0,207,0.0,0.0,1.0,207,5550,3100,2450,0.5585585585585585,80,31,49,218.50879513656605,0.4446740693838625,0.797361640447402,0.13505139278925776,1083844.8317642675,415.92566076091225,1084260.7574250284,4573,2,1437.270531400966,73,134,38,36.13692942288121,0.6175799086757991,41.77927927927928,8394.71618496877,114.99611212285987,0
4575,32.16051442866654,1,1,207,0.004807692307692308,0.004807692307692308,0.9951923076923077,208,6300,4800,1500,0.7619047619047619,78,48,30,220.5286476991793,0.4446500874829679,0.7998858463828689,0.1368499945421934,1073400.1349807063,-556.9039585174733,1072843.231022189,4574,0,1431.3557692307693,64,144,39,35.93691849646447,0.6240234375,41.63461538461541,8309.163679791103,129.830682496736,0
4576,32.29448034387427,1,0,208,0.004807692307692308,0.0,1.0,208,5950,4300,1650,0.7226890756302521,76,43,33,219.2798679007592,0.4447807312956769,0.7995137417988327,0.13661411016913455,1079052.8934354975,-227.08481390631732,1078825.8086215912,4575,0,1432.326923076923,65,143,39,35.82451869263488,0.6248397435897436,41.49305555555557,8348.347436116139,128.43611440178674,0
4577,32.506859483264655,0,1,207,0.0,0.004807692307692308,0.9951923076923077,208,5700,3700,2000,0.6491228070175439,77,37,40,220.94376277250888,0.4443418648581692,0.8009342542151854,0.1380608020269693,1087042.0422136614,735.0318197198326,1087777.0740333812,4576,1,1433.326923076923,66,142,43,35.67291892108535,0.6253156565656566,41.38681592039802,8406.702435395298,127.37427932417118,0
4578,32.90982129895261,1,0,208,0.004807692307692308,0.0,1.0,208,5950,4100,1850,0.6890756302521008,78,41,37,206.67329919709897,0.4448039568623808,0.7703394918274067,0.129073324592905,1100351.846720746,-2067.3307121207135,1098284.5160086253,4577,0,1429.3557692307693,83,125,37,36.06180765357498,0.6170933734939759,41.40624999999999,8510.27410152601,102.53342290995194,8
4579,33.15237251953131,2,1,209,0.009523809523809525,0.004761904761904762,0.9952380952380953,210,5500,3500,2000,0.6363636363636364,75,35,40,206.07863004156408,0.4453344535581378,0.7734747367957362,0.12966880039285833,1110746.6855793595,-1719.7689425195067,1109026.91663684,4578,0,1416.7333333333333,86,124,40,35.8052921677459,0.6187015503875969,41.13984674329502,8581.828231229243,99.78870036313073,0
4580,33.25825696150541,1,0,210,0.004761904761904762,0.0,1.0,210,5900,4000,1900,0.6779661016949152,78,40,38,202.5803222402255,0.445305023923445,0.7698975705100581,0.12787225302861122,1115262.0245069829,-2713.971938617581,1112548.0525683654,4579,0,1417.7095238095237,87,123,42,35.78118810372678,0.6194923371647509,41.02746212121213,8612.975210745946,98.99971506604535,0
4581,33.22194824054194,1,1,210,0.004739336492890996,0.004739336492890996,0.995260663507109,211,5700,3700,2000,0.6491228070175439,77,37,40,209.31417639853785,0.44544497103738806,0.7762041854022061,0.13290217560335735,1115833.5698050847,-1188.0430676813603,1114645.5267374034,4580,0,1411.9857819905212,90,121,37,35.39458381179521,0.6206018518518519,40.81959706959709,8610.477931116704,95.67197701240782,0
4582,33.418345827786624,0,2,208,0.0,0.009523809523809525,0.9904761904761905,210,5150,3300,1850,0.6407766990291263,70,33,37,211.56887937606012,0.44500598086124404,0.7796678979068914,0.13455780728317418,1122938.741707594,365.77823820770027,1123304.5199458017,4581,1,1419.7047619047619,91,119,39,35.27617633356626,0.6208791208791209,40.76086956521739,8663.342912964246,95.20157047213458,0
4583,33.215116826957185,2,2,208,0.009523809523809525,0.009523809523809525,0.9904761904761905,210,6450,5000,1450,0.7751937984496124,79,50,29,201.7118311771535,0.44515407837776255,0.7810843228979254,0.12551660968233538,1109441.4070934507,-3692.5084382844616,1105748.8986551662,4582,0,1419.904761904762,71,139,41,36.322942905121714,0.6210387323943662,41.536458333333336,8584.896731967456,120.91403847841487,8
4584,32.69591347511876,1,1,208,0.004784688995215311,0.004784688995215311,0.9952153110047847,209,5750,4100,1650,0.7130434782608696,74,41,33,199.93342916391768,0.44460610661268557,0.7788918356229186,0.1251516990291263,1093893.5925273062,-3808.8205811156804,1090084.7719461904,4583,0,1423.2057416267942,72,137,42,36.15240695792884,0.6226851851851851,41.32420091324201,8457.64154504784,117.46724368122,0
4585,32.321214508892005,0,0,208,0.0,0.0,1.0,208,6050,4100,1950,0.6776859504132231,80,41,39,200.3306863879078,0.4439828363062059,0.778553320727565,0.1259808707695228,1082731.4715137002,-4269.132227574261,1078462.339286126,4584,1,1431.0336538461538,73,135,43,35.97454861866434,0.6238584474885844,41.159909909909906,8366.026075302727,114.60309692195516,0
4586,32.3667758599667,0,1,207,0.0,0.004807692307692308,0.9951923076923077,208,7050,5400,1650,0.7659574468085106,87,54,33,198.9465970329203,0.44381058001981916,0.7759926838801074,0.12554766213560464,1085294.5348660487,-5466.869101994676,1079827.665764054,4585,2,1432.0336538461538,75,133,44,35.88418721992871,0.6241666666666666,41.03618421052632,8381.82378149962,111.75765041999492,0
4587,32.206994834738666,1,0,208,0.004807692307692308,0.0,1.0,208,6050,4300,1750,0.7107438016528925,78,43,35,196.65432253962882,0.4434321968289359,0.7733777690648884,0.12492325022100294,1081883.9222347548,-5098.570041281245,1076785.3521934736,4586,0,1432.9278846153845,81,127,40,35.70562144677517,0.6239711934156378,40.80284552845531,8347.961415244059,103.0612520400501,0
4588,32.65254897206527,0,0,208,0.0,0.0,1.0,208,6200,4600,1600,0.7419354838709677,78,46,32,200.3598137648869,0.4433267140468227,0.7769015791119462,0.1277850367789395,1098037.644093868,-3799.476424503341,1094238.1676693647,4587,1,1433.9278846153845,82,126,42,35.46657229965161,0.625,40.662650602409656,8468.025501490458,103.2686036767129,0
4589,32.37134959219999,0,1,207,0.0,0.004807692307692308,0.9951923076923077,208,6100,4500,1600,0.7377049180327869,77,45,32,195.70503787843614,0.4430654264214047,0.7717033656258463,0.1254148361709711,1089991.139529311,-5036.64855025165,1084954.4909790594,4588,2,1434.9278846153845,71,137,41,35.416144004014036,0.6316021126760563,40.494791666666636,8400.53381995495,118.31737774584437,0
4590,32.203708344421095,0,2,205,0.0,0.00966183574879227,0.9903381642512077,207,5600,4000,1600,0.7142857142857143,72,40,32,198.8342201458343,0.44241104232134204,0.7727626074850036,0.12793449327346412,1085524.3232426874,-3832.1235477415385,1081692.199694946,4589,3,1442.7584541062802,72,135,44,35.19122792555136,0.6325231481481481,40.35388127853877,8361.567880066776,116.13288722314967,0
4591,32.145381140532486,1,1,205,0.0048543689320388345,0.0048543689320388345,0.9951456310679612,206,6100,4200,1900,0.6885245901639344,80,42,38,197.60262218410818,0.4418413055489778,0.7710226685977946,0.12787780900873236,1085237.3717303718,-4410.849930778078,1080826.5217995937,4590,0,1450.1553398058252,74,132,46,35.01812852994098,0.6335867117117118,40.15277777777775,8352.887996641912,112.87686481948529,0
4592,31.783893918043034,0,1,204,0.0,0.004878048780487805,0.9951219512195122,205,6500,4600,1900,0.7076923076923077,84,46,38,195.21830903948447,0.4415610553164355,0.7675933390679799,0.12686180555566817,1074227.656520896,-5558.218674108845,1068669.437846787,4591,1,1457.8878048780489,75,130,40,34.93270819055652,0.6345833333333333,40.0082236842105,8263.55103798456,110.1806805064608,0
4593,31.888570547493995,1,1,204,0.004878048780487805,0.004878048780487805,0.9951219512195122,205,5950,4500,1450,0.7563025210084033,74,45,29,195.28263078230339,0.44146341463414634,0.7676469593896627,0.12743418308236065,1078963.367230315,-4809.439025906506,1074153.9282044084,4592,0,1458.770731707317,77,128,42,34.783773551003655,0.6351461038961039,39.86378205128203,8295.372138015913,107.73210568851836,0
4594,31.746040735381353,0,2,202,0.0,0.00980392156862745,0.9901960784313726,204,4800,3300,1500,0.6875,63,33,30,196.41517066395883,0.4412267780675489,0.7688369602578096,0.12862782476991375,1075150.383432866,-3364.8307897227487,1071785.5526431433,4593,1,1466.7892156862745,78,126,44,34.629690613706224,0.6359508547008548,39.741561181434584,8262.175000460893,105.9253205187294,0
4595,31.688917861090275,1,0,203,0.0049261083743842365,0.0,1.0,203,5850,4100,1750,0.7008547008547008,76,41,35,194.52355137404706,0.4409293761888504,0.7653997070053136,0.127739832919291,1073997.0478481841,-4666.456017466037,1069330.591830718,4594,0,1472.3103448275863,81,122,45,34.58236765064648,0.6356738683127572,39.646849593495915,8250.309598107739,101.85567405071282,0
4596,32.11869755982148,0,0,203,0.0,0.0,1.0,203,5850,3700,2150,0.6324786324786325,80,37,43,194.87999999999988,0.4405087060430181,0.7661083743842367,0.1282105263157896,1089094.2911723345,-4001.460907267053,1085092.8302650675,4595,1,1473.3103448275863,73,130,47,34.50833333333335,0.6398401826484018,39.58333333333334,8364.24415620353,114.57868707128122,0
4597,32.024957555875616,2,0,205,0.00975609756097561,0.0,1.0,205,5750,4000,1750,0.6956521739130435,75,40,35,188.21600567229925,0.44103598756575796,0.7591588553604263,0.12464261663191353,1087794.8686876423,-5801.918964957595,1081992.9497226847,4596,0,1459.9268292682927,73,132,48,34.452410527831795,0.6421232876712328,39.35810810810812,8347.045525120988,114.34308938521902,0
4598,31.634957495298227,0,3,202,0.0,0.014634146341463415,0.9853658536585366,205,7650,5900,1750,0.7712418300653595,94,59,35,188.84122212057915,0.4408287501992667,0.7603780643686286,0.12555533946657263,1075668.4233439455,-8023.892067842447,1067644.531276103,4597,1,1460.9268292682927,74,131,42,34.2976627964778,0.6430180180180181,39.22222222222224,8249.693915718371,111.48235021241042,0
4599,31.165110445448743,0,1,201,0.0,0.0049504950495049506,0.995049504950495,202,5750,4200,1550,0.7304347826086957,73,42,31,189.7602001585645,0.43962992381327687,0.7575245548506946,0.12675981370592174,1060990.9243324283,-5883.2299664514,1055107.6943659768,4598,2,1481.6831683168316,75,127,50,34.11094477711245,0.6441666666666667,39.06250000000002,8132.14600685933,108.42861342479107,0
4600,30.912435541517638,0,0,201,0.0,0.0,1.0,201,6500,4700,1800,0.7230769230769231,83,47,36,189.65659765116482,0.438733416252073,0.7576560548034315,0.12742573283886022,1053971.659163564,-6721.464220456843,1047250.1949431071,4599,3,1489.44776119403,76,125,39,33.91376988032948,0.6456962719298245,38.86634199134201,8072.277370913397,106.21417593307102,0
4601,31.213448445822287,0,2,199,0.0,0.009950248756218905,0.9900497512437811,201,6300,4900,1400,0.7777777777777778,77,49,28,189.64814550893604,0.4383488805970149,0.7581649280132805,0.12810665204371777,1065714.272670109,-6077.852909141641,1059636.4197609674,4600,4,1490.44776119403,79,122,42,33.72910334346506,0.6462289029535865,38.68489583333335,8156.545532020966,103.24741179773375,0
4602,31.528302233890223,0,0,199,0.0,0.0,1.0,199,4600,3400,1200,0.7391304347826086,58,34,24,191.30933664763276,0.4375158621389777,0.7582327657177943,0.12953209782477662,1077114.6381519367,-3187.582616339543,1073927.0555355973,4601,5,1505.6281407035176,80,119,43,33.60525517399719,0.6466145833333333,38.60596707818931,8241.310072094324,103.01637590117905,0
4603,31.52575884125351,0,0,199,0.0,0.0,1.0,199,6000,4700,1300,0.7833333333333333,73,47,26,190.3550119735109,0.4371182511886029,0.7578961729610627,0.12947191142509687,1078283.398715085,-4748.670145350245,1073534.7285697346,4602,6,1506.6281407035176,70,129,41,33.4749724201118,0.652827380952381,38.45363849765259,8245.44751853034,117.79210740757628,0
4604,31.607817467340627,0,0,199,0.0,0.0,1.0,199,4900,3600,1300,0.7346938775510204,62,36,26,189.92178410699054,0.43686022706123206,0.7560188117176705,0.1297624361754159,1082340.99749292,-3587.9733488008906,1078753.0241441191,4603,7,1507.6281407035176,73,126,45,33.33215668872034,0.6528253424657534,38.30236486486487,8271.691082986074,113.31083675323389,0
4605,31.889888290931136,0,1,198,0.0,0.005025125628140704,0.9949748743718593,199,5200,3700,1500,0.7115384615384616,67,37,30,194.68601030436287,0.43656836370404206,0.7611642815399666,0.13346719888134334,1092939.9113643311,-2443.9778308148675,1090495.9335335162,4604,8,1508.6281407035176,73,126,47,33.092672993171675,0.6539668949771689,38.189752252252255,8349.099554096681,114.37122676844768,0
4606,31.611808242999405,0,0,198,0.0,0.0,1.0,198,5900,4200,1700,0.711864406779661,76,42,34,193.5448756547465,0.43607767608402126,0.7578263551545987,0.13344409847774658,1084980.4825162282,-3501.5174847138874,1081478.9650315144,4605,9,1517.030303030303,74,124,40,32.92912425784564,0.6554054054054055,38.00000000000001,8282.293759665865,111.92288864413331,0
4607,31.24176131800327,0,0,198,0.0,0.0,1.0,198,5600,4200,1400,0.75,70,42,28,190.1828527489427,0.43607286913124477,0.7522289562289559,0.13164122543697176,1073343.5515634443,-4373.692276796455,1068969.8592866478,4606,10,1518.030303030303,75,123,34,32.88480392156864,0.65625,37.870065789473685,8189.400838909167,109.19201118545556,0
4608,31.64319977131976,0,1,197,0.0,0.005050505050505051,0.9949494949494949,198,4750,3500,1250,0.7368421052631579,60,35,25,189.8507439574253,0.4358164983164983,0.7506500687770472,0.13209866560143638,1088564.8681758724,-3017.029986178696,1085547.8381896936,4607,11,1519.030303030303,78,120,39,32.717957740578775,0.656650641025641,37.697784810126585,8300.08139571288,106.41129994503692,0
4609,31.848044065430308,0,0,197,0.0,0.0,1.0,197,5400,3300,2100,0.6111111111111112,75,33,42,188.92047502368632,0.4355478866673573,0.7489245915590834,0.13171477267068354,1096162.584663201,-3382.488760447309,1092780.0959027535,4608,12,1526.6852791878173,78,119,42,32.67518511073139,0.6573183760683761,37.631856540084385,8355.912194276527,107.12707941380162,0
4610,31.76667761383584,0,1,196,0.0,0.005076142131979695,0.9949238578680203,197,4700,3500,1200,0.7446808510638298,59,35,24,198.6989831502481,0.4356169498256155,0.7676242153945088,0.13256612504343776,1081120.7721181435,-1136.4803835026823,1079984.2917346407,4609,13,1527.6852791878173,73,124,46,33.920767238588546,0.6446917808219178,39.10472972972973,8287.775941650256,113.53117728288022,8
4611,31.442651380612947,0,2,194,0.0,0.01020408163265306,0.9897959183673469,196,5800,3900,1900,0.6724137931034483,77,39,38,196.91618719683368,0.4348617652189081,0.7645237407509566,0.1318903357867887,1071180.3987025288,-2813.4480175027998,1068366.950685026,4610,14,1536.3214285714287,74,122,38,33.832162746975996,0.6455518018018018,38.97222222222222,8207.40541732277,110.91088401787528,0
4612,31.118735445944818,0,1,193,0.0,0.005154639175257732,0.9948453608247423,194,5600,4000,1600,0.7142857142857143,72,40,32,196.38828591471614,0.4341253360753521,0.7599031988781928,0.131996094581285,1061104.4764312059,-2722.3021394486977,1058382.1742917572,4611,15,1543.7164948453608,79,115,39,33.72556840845634,0.6445147679324894,38.854166666666664,8126.528100310792,102.86744430773155,0
4613,31.15659576082269,1,0,194,0.005154639175257732,0.0,1.0,194,5300,4300,1000,0.8113207547169812,63,43,20,194.91579608159188,0.43431674322952835,0.7586664907865894,0.1316718409700118,1063787.5599635688,-2630.200177601281,1061157.3597859675,4612,0,1541.6082474226805,80,114,43,33.58964895013124,0.6458333333333333,38.68312757201647,8141.744159721173,101.77180199651465,0
4614,30.867822298407017,0,0,194,0.0,0.0,1.0,194,5850,4400,1450,0.7521367521367521,73,44,29,197.22963747206515,0.4340157220946175,0.7627157686721759,0.1338564780962449,1055191.1098614528,-3027.0079876558843,1052164.101873797,4613,1,1542.6082474226805,68,126,41,33.369539068514285,0.6531862745098039,38.52657004830918,8071.115371503769,118.69287311034954,0
4615,30.906246609048328,0,1,193,0.0,0.005154639175257732,0.9948453608247423,194,5500,4100,1400,0.7454545454545455,69,41,28,200.90106877797774,0.43382709702117056,0.7605033625148585,0.12971426774292935,1042762.2110230853,-2401.591464835171,1040360.6195582501,4614,2,1543.6082474226805,76,118,40,35.01393084053747,0.6318530701754386,40.23268398268397,8028.432729801735,105.63727276054915,8
4616,31.3539758263591,0,0,193,0.0,0.0,1.0,193,5100,3400,1700,0.6666666666666666,68,34,34,201.3244926727209,0.4334531969631548,0.7602354969005385,0.13046872966712647,1058915.382858509,-1062.8795525342794,1057852.5033059746,4615,3,1549.917098445596,77,116,45,34.87182698730796,0.632711038961039,40.10416666666666,8148.7676757047575,105.82815163252931,0
4617,31.08186993665955,0,1,192,0.0,0.0051813471502590676,0.9948186528497409,193,4850,3300,1550,0.6804123711340206,64,33,31,215.66420296232442,0.43346669005469196,0.7788049102585093,0.13306749784438854,1035748.0237565947,1224.754402653744,1036972.7781592485,4616,4,1550.917098445596,71,122,39,36.27269670477469,0.6179577464788732,41.84027777777778,8024.086908995273,113.01530857739822,8
4618,31.07306264705595,0,1,191,0.0,0.005208333333333333,0.9947916666666666,192,5600,4100,1500,0.7321428571428571,71,41,30,218.55782552062783,0.43347672156777195,0.775710898801167,0.12780034297850718,1019698.1187115052,572.6007026124553,1020270.7194141176,4617,5,1559.28125,83,109,39,38.21281483453542,0.592745983935743,43.812003968253975,7960.545650118184,95.91018855564077,8
4619,31.04934527077019,3,0,194,0.015463917525773196,0.0,1.0,194,5950,4100,1850,0.6890756302521008,78,41,37,225.32641825119066,0.43471291152538144,0.7804516488261883,0.13336263793867723,1022509.5755935388,1329.6840592074714,1023839.2596527463,4618,0,1543.5154639175257,74,120,38,37.57835894938125,0.6010698198198199,43.361111111111114,7968.469471017945,107.68201987862088,0
4620,30.78957044319866,2,1,195,0.01020408163265306,0.00510204081632653,0.9948979591836735,196,4900,3200,1700,0.6530612244897959,66,32,34,220.20802962398585,0.4354193921158207,0.7781925799736173,0.1310550629100409,1015571.0230573977,627.3787861371948,1016198.4018435349,4619,0,1528.7551020408164,78,118,34,37.50074866950736,0.6013621794871795,43.15664556962027,7908.096554101652,101.38585325771349,0
4621,31.235344094289488,2,2,195,0.01015228426395939,0.01015228426395939,0.9898477157360406,197,6100,4500,1600,0.7377049180327869,77,45,32,215.75555161272533,0.4366906661141614,0.7752830730085862,0.12920771350324656,1032118.0740462618,-962.9591209371019,1031155.1149253247,4620,0,1521.9492385786803,80,117,38,37.38046106386527,0.6028645833333333,42.92695473251028,8029.765026296881,100.37206282871101,0
4622,31.711524967059127,1,0,196,0.00510204081632653,0.0,1.0,196,6650,4900,1750,0.7368421052631579,84,49,35,214.8949388806381,0.4367286978894122,0.7760586993418057,0.12764241550379996,1045390.4122882361,-920.1782489831703,1044470.2340392529,4621,0,1530.4489795918366,71,125,42,37.71129141311693,0.6038732394366197,43.22916666666664,8142.594692062527,114.68443228257081,8
4623,32.05970993581193,2,2,196,0.010101010101010102,0.010101010101010102,0.98989898989899,198,5950,4600,1350,0.773109243697479,73,46,27,220.49708558778335,0.43830436343126694,0.7851276376557283,0.13218400415806467,1059671.5715028292,1180.8986393198174,1060852.4701421491,4622,0,1515.979797979798,74,124,40,37.21966382166523,0.6058558558558558,42.88888888888888,8242.90764349651,111.39064383103391,0
4624,32.42187294076172,0,1,195,0.0,0.00510204081632653,0.9948979591836735,196,4950,3200,1750,0.6464646464646465,67,32,35,222.11417236863775,0.43726506628292344,0.7857128895014858,0.13345110303674393,1072325.9933802362,3485.760105805742,1075811.753486042,4623,1,1532.4234693877552,73,123,40,37.094245434477244,0.6071632420091324,42.80686936936937,8338.683002543044,114.22853428141157,0
4625,32.04139469781785,0,1,194,0.0,0.005128205128205128,0.9948717948717949,195,4500,3100,1400,0.6888888888888889,59,31,28,206.87046398118335,0.4371475460392986,0.7646574031262428,0.12222757694290143,1054651.5424397555,135.25078459673932,1054786.7932243522,4624,2,1540.7282051282052,76,119,42,38.11755246230098,0.5995065789473684,43.42532467532469,8221.010441542416,108.17119002029494,8
4626,32.11777847899273,1,0,195,0.005128205128205128,0.0,1.0,195,5200,3800,1400,0.7307692307692307,66,38,28,204.98100628705726,0.43722684818045643,0.7649094504117497,0.12192118282157875,1059201.9071261913,-776.7454432202926,1058425.161682971,4625,0,1541.5692307692307,81,114,43,37.913997708199396,0.5999228395061729,43.17835365853661,8248.54074580539,101.83383636796779,0
4627,32.40112533675802,5,2,198,0.025,0.01,0.99,200,5450,3800,1650,0.6972477064220184,71,38,33,208.52033932757354,0.4400874162479062,0.7773681842720885,0.12554144373167206,1072268.1094385537,-732.057993947129,1071536.0514446066,4626,0,1504.005,89,111,41,37.36690960350314,0.6015917602996255,42.7314814814815,8335.789513720627,93.66055633393962,0
4628,32.07296831486362,0,0,198,0.0,0.0,1.0,198,5700,4100,1600,0.7192982456140351,73,41,32,207.15256142769186,0.4386381795963014,0.7659316796124602,0.12432268761773305,1060447.5212180198,-1365.1159440077263,1059082.4052740121,4627,1,1496.878787878788,96,102,40,37.52096731534846,0.5983072916666667,42.84793814432992,8247.629931998832,85.9128117916545,8
4629,32.29696126947603,1,1,198,0.005025125628140704,0.005025125628140704,0.9949748743718593,199,4800,2800,2000,0.5833333333333334,68,28,40,212.4705477635061,0.4390692942828622,0.7758516035859147,0.12835529763193623,1069855.016625577,862.5362819940237,1070717.552907571,4628,0,1490.3517587939698,71,128,42,37.13821829389393,0.6101819248826291,42.60706018518517,8313.00980823561,117.08464518641705,0
4630,32.63115915785343,1,1,198,0.005025125628140704,0.005025125628140704,0.9949748743718593,199,6150,4300,1850,0.6991869918699187,80,43,37,210.21586630139706,0.43891067289308494,0.7719082824485288,0.12770631091686907,1082641.964677993,-432.2963001938251,1082209.6683777992,4629,0,1491.3366834170854,74,125,40,36.98767545514998,0.6107826576576576,42.40277777777778,8405.695956954278,113.59048590478754,0
4631,32.82972091488305,0,0,198,0.0,0.0,1.0,198,5950,4300,1650,0.7226890756302521,76,43,33,207.78479182345833,0.43906386196995334,0.7666593189931257,0.1267974025566325,1090610.42658092,-227.54791047836352,1090382.8786704415,4630,1,1498.9949494949494,79,119,42,36.88371388159223,0.6102320675105486,42.239583333333314,8462.202542070583,107.11648787431118,0
4632,33.18778671500576,1,0,199,0.005025125628140704,0.0,1.0,199,5600,4300,1300,0.7678571428571429,69,43,26,207.58102133209508,0.43919724887061573,0.7662375098695031,0.12747998071465044,1104473.2530755529,453.5371814806058,1104926.7902570334,4631,0,1492.4572864321608,81,118,36,36.65426452968303,0.6117541152263375,42.00965447154469,8562.12856192895,105.70529088801173,0
4633,33.4881976160871,0,0,199,0.0,0.0,1.0,199,5850,4400,1450,0.7521367521367521,73,44,29,207.2360048366471,0.4389423971710404,0.7653140305157982,0.12769124347749944,1115505.8197153825,584.5938899685243,1116090.413605351,4632,1,1493.4572864321608,83,116,37,36.540909964446975,0.6121987951807228,41.88988095238092,8643.642673378345,104.14027317323307,0
4634,33.31176495110994,0,1,198,0.0,0.005025125628140704,0.9949748743718593,199,5200,3600,1600,0.6923076923076923,68,36,32,206.4591858803919,0.4388049252999002,0.7649458345138185,0.12766375347099343,1110724.6909859122,863.8630876398001,1111588.5540735521,4633,2,1494.4572864321608,86,113,40,36.43090071711175,0.6124031007751938,41.762452107279664,8602.348496953207,100.02730810410706,0
4635,32.7806312892456,0,0,198,0.0,0.0,1.0,198,5750,3800,1950,0.6608695652173913,77,38,39,206.59042147981475,0.4381852578235827,0.7632874739599989,0.12804475470724608,1093727.9151255426,-159.2578059955831,1093568.657319547,4634,3,1502.939393939394,89,109,41,36.34156062846304,0.6122425093632959,41.678240740740705,8467.950344266936,95.14550948614534,0
4636,33.17596388859202,1,0,199,0.005025125628140704,0.0,1.0,199,5900,4200,1700,0.711864406779661,76,42,34,195.9822090708837,0.43865899362130517,0.7617383262727717,0.11586468200270629,1092188.1374663468,-2890.111219666359,1089298.0262466804,4635,0,1496.3819095477386,77,122,41,38.37392873252142,0.5992965367965368,43.40277777777777,8512.860178357452,110.55662569295393,8
4637,33.05228748062672,4,1,202,0.019704433497536946,0.0049261083743842365,0.9950738916256158,203,4700,3300,1400,0.7021276595744681,61,33,28,194.09062331006652,0.44078712058397956,0.7638878063228784,0.11572195653958674,1090775.7349016652,-2958.131544287984,1087817.6033573772,4636,0,1467.8768472906404,81,122,44,38.10303764504219,0.6008230452674896,43.08943089430894,8491.48198689271,104.83311094929272,0
4638,32.50591425422791,1,1,202,0.0049261083743842365,0.0049261083743842365,0.9950738916256158,203,6350,4700,1650,0.7401574803149606,80,47,33,194.76992209489023,0.44085215171763487,0.7653459361168904,0.11673658935154846,1074355.6588392793,-5099.566405133746,1069256.0924341455,4637,0,1468.7832512315272,82,121,39,37.888985160597485,0.6023882113821138,42.89658634538153,8357.381518726328,101.91928681373571,0
4639,32.631070814653675,3,1,204,0.014634146341463415,0.004878048780487805,0.9951219512195122,205,6100,4700,1400,0.7704918032786885,75,47,28,189.69997462281344,0.4422305914235613,0.761792175908629,0.11437056517496805,1080308.535187892,-6113.0996580095425,1074195.4355298823,4638,0,1455.4341463414635,73,132,46,37.79882385120348,0.6084474885844748,42.68018018018018,8396.621262554469,115.02220907608861,0
4640,33.06199783103908,0,0,204,0.0,0.0,1.0,204,6800,5300,1500,0.7794117647058824,83,53,30,190.83639677003794,0.44189989214076436,0.7621438543054757,0.11562440510184649,1096108.5468421676,-5764.518890359667,1090344.027951808,4639,1,1463.1029411764705,74,130,45,37.5859627831715,0.6097972972972974,42.5,8513.464441492564,115.04681677692655,0
4641,32.888781299440254,0,0,204,0.0,0.0,1.0,204,5500,4200,1300,0.7636363636363637,68,42,26,190.19364554434077,0.44170218374706205,0.7614646837666763,0.1156170686174453,1091387.5802668808,-4785.003481445273,1086602.5767854354,4640,2,1464.1029411764705,75,129,44,37.47960558984181,0.6105555555555555,42.37938596491226,8472.828033227455,112.97104044303273,0
4642,32.92922824039106,1,1,204,0.004878048780487805,0.004878048780487805,0.9951219512195122,205,5650,3200,2450,0.5663716814159292,81,32,49,187.96996786374552,0.4420731707317073,0.7606331781715874,0.11491180406514381,1094468.7457385936,-5504.549007128744,1088964.196731465,4641,0,1457.9560975609756,79,126,44,37.32813368011715,0.6108913502109705,42.17447916666665,8489.995421718497,107.46829647744933,0
4643,33.13693830227744,1,0,205,0.004878048780487805,0.0,1.0,205,6550,4800,1750,0.732824427480916,83,48,35,186.30909041613685,0.44235314044316915,0.7575377746000016,0.11428097050663145,1102415.0502284635,-6472.010946175298,1095943.0392822882,4642,0,1456.1268292682928,80,125,47,37.24667215076277,0.61171875,42.05246913580245,8547.591415471663,106.84489269339579,0
4644,32.97457317964935,0,1,204,0.0,0.004878048780487805,0.9951219512195122,205,5150,4200,950,0.8155339805825242,61,42,19,186.03322144702844,0.44229734576757535,0.7576865950316567,0.11440789667736842,1097809.926270527,-5304.1765758739475,1092505.749694653,4643,1,1457.1268292682928,81,124,39,37.15841866456617,0.6122685185185186,41.95884146341462,8508.797065526105,105.04687735217414,0
4645,33.197975133694385,0,0,204,0.0,0.0,1.0,204,6750,4800,1950,0.7111111111111111,87,48,39,190.28219719060837,0.44191749975852407,0.763529964689106,0.11731787265636728,1106030.4307123024,-5458.419896877927,1100572.0108154246,4644,3,1465.264705882353,82,122,40,36.955667379748505,0.6128048780487805,41.867469879518055,8569.477316137325,104.50582092850397,0
4646,32.74285171541511,0,0,204,0.0,0.0,1.0,204,5950,4900,1050,0.8235294117647058,70,49,21,191.2938351811323,0.4415905011429859,0.7657521832262324,0.11831583360995113,1091831.1675789687,-4977.885716705383,1086853.2818622633,4645,4,1466.264705882353,83,121,42,36.81337535014003,0.6135793172690763,41.7534722222222,8455.727765048548,101.87623813311504,0
4647,32.63667414179679,0,0,204,0.0,0.0,1.0,204,6350,4800,1550,0.7559055118110236,79,48,31,193.79922865390074,0.44108591712547085,0.7694091662065161,0.12044282878936673,1089744.3197765835,-4911.678279465612,1084832.641497118,4646,5,1467.264705882353,72,132,44,36.57291091478008,0.6200810185185186,41.58105022831051,8433.935055763995,117.13798688561104,0
4648,32.83180404505166,0,2,202,0.0,0.00980392156862745,0.9901960784313726,204,5700,4200,1500,0.7368421052631579,72,42,30,192.4988016327754,0.4410094497569143,0.7676206600524231,0.12017479786909145,1097626.9480471606,-4241.625572216117,1093385.3224749444,4647,6,1468.264705882353,75,129,44,36.442321283437565,0.6202777777777777,41.41995614035088,8489.649329960866,113.19532439947822,0
4649,32.73972698885308,1,0,203,0.0049261083743842365,0.0,1.0,203,6650,4600,2050,0.6917293233082706,87,46,41,195.67664935406262,0.4407261538961778,0.7709552736140317,0.12289213073352709,1096354.6970025531,-4343.797277390194,1092010.899725163,4648,0,1476.3103448275863,76,127,40,36.142729569611426,0.621984649122807,41.20670995670997,8472.821662564425,111.48449556005824,0
4650,32.7007765718914,0,0,203,0.0,0.0,1.0,203,5700,4000,1700,0.7017543859649122,74,40,34,193.8042781796576,0.44034511209741667,0.7680884645967299,0.12211918933556329,1096043.714311125,-3816.4078189162815,1092227.3064922087,4649,1,1477.3103448275863,82,121,45,36.07155841008242,0.620680894308943,41.08935742971888,8466.579074775611,103.25096432653184,0
4651,32.24045080528632,0,0,203,0.0,0.0,1.0,203,5650,4300,1350,0.7610619469026548,70,43,27,191.31876324344725,0.4401876148205954,0.7659635949428811,0.12105020461548129,1081831.6178484939,-4855.062567113713,1076976.5552813802,4650,2,1478.3103448275863,84,119,40,35.9873929703392,0.6214037698412698,40.943627450980394,8352.09423496259,99.42969327336417,0
4652,32.06074364351437,0,0,203,0.0,0.0,1.0,203,5850,3700,2150,0.6324786324786325,80,37,43,189.91202787444598,0.4398919263847567,0.7640571343787106,0.12057788884769345,1076819.6022173422,-5549.801137589985,1071269.8010797522,4651,3,1479.3103448275863,84,119,42,35.89895897363152,0.6226438492063492,40.821078431372555,8309.468962214301,98.92224955017025,0
4653,32.44589053996278,0,0,203,0.0,0.0,1.0,203,5450,3800,1650,0.6972477064220184,71,38,33,192.6454024439112,0.43997626363621584,0.7670436217135306,0.12282722055759832,1090997.2830880426,-4014.8778668579066,1086982.4052211847,4652,4,1480.3103448275863,85,118,44,35.677642846022096,0.6237745098039216,40.67344961240311,8414.080867982138,98.9891866821428,0
4654,32.78602314098311,0,0,203,0.0,0.0,1.0,203,5900,4300,1600,0.7288135593220338,75,43,32,192.85141898123695,0.4398949747191468,0.7677478324683711,0.12353510895883764,1103830.7212874016,-3924.935816928599,1099905.785470473,4653,5,1481.3103448275863,71,132,42,35.50494350282486,0.6314553990610329,40.509259259259245,8507.669430796743,119.82633001122173,0
4655,32.65468473176808,1,0,204,0.004901960784313725,0.0,1.0,204,6500,4900,1600,0.7538461538461538,81,49,32,189.57412680794812,0.44013611191603075,0.7640536501717388,0.12213060117749644,1101099.991039895,-5551.986134074773,1095548.0049058201,4654,0,1475.0441176470588,75,129,46,35.38670369979415,0.6315277777777778,40.3097587719298,8480.102955219374,113.06803940292498,0
4656,33.077089817566815,0,1,203,0.0,0.004901960784313725,0.9950980392156863,204,5500,3800,1700,0.6909090909090909,72,38,34,187.43455722855072,0.4399882079268489,0.7615901618463077,0.1211683240036528,1116373.3124560553,-4450.612495606079,1111922.6999604492,4655,1,1476.0441176470588,78,126,46,35.32013381377723,0.6314102564102564,40.18987341772149,8593.762892475359,110.17644733942768,0
4657,33.39632842835433,1,0,204,0.004901960784313725,0.0,1.0,204,5400,4200,1200,0.7777777777777778,66,42,24,186.9079213942438,0.43993538507356966,0.7618424039250618,0.12132809001487523,1128393.9438261352,-4018.846689121163,1124375.0971370141,4656,0,1475.0196078431372,80,124,45,35.18755565449689,0.63203125,40.04629629629627,8681.499265055927,108.51874081319909,0
4658,33.088955568706105,0,0,204,0.0,0.0,1.0,204,5700,4200,1500,0.7368421052631579,72,42,30,191.53305097637798,0.4395500297820278,0.7682802641004993,0.12493192589807053,1119446.9272240459,-3617.7829245297394,1115829.1442995162,4657,1,1476.0196078431372,80,124,41,34.89694055800001,0.6337239583333334,39.87911522633742,8607.128398768162,107.58910498460202,0
4659,33.47355327362943,0,1,203,0.0,0.004901960784313725,0.9950980392156863,204,5250,3600,1650,0.6857142857142857,69,36,33,190.30816586000464,0.4392346018867317,0.7668650423313097,0.12451174633159282,1133374.8883566887,-2911.900753010509,1130462.9876036781,4658,2,1477.0196078431372,81,123,42,34.821566593442306,0.6343878600823045,39.77388211382112,8710.692820252723,107.53941753398423,0
4660,33.71135229906071,0,1,202,0.0,0.0049261083743842365,0.9950738916256158,203,5050,3400,1650,0.6732673267326733,67,34,33,191.5079175263352,0.4385994326033589,0.7675526866666231,0.12562036638763227,1142206.6966965448,-1901.674826202383,1140305.0218703423,4659,5,1485.2857142857142,81,122,43,34.69972021601924,0.6352880658436214,39.68495934959347,8775.572044110091,108.34039560629742,0
4661,33.369986766478206,0,1,201,0.0,0.0049504950495049506,0.995049504950495,202,6550,5000,1550,0.7633587786259542,81,50,31,188.7668149205507,0.4383846033857117,0.7634327758961881,0.12429335048280031,1131774.9949499585,-4221.68779931467,1127553.3071506438,4660,6,1483.4158415841584,71,131,44,34.63804947598417,0.6411384976525822,39.55439814814816,8691.066287183772,122.409384326532,0
4662,33.595158226961146,1,0,202,0.0049504950495049506,0.0,1.0,202,5550,4100,1450,0.7387387387387387,70,41,29,185.8303128751448,0.4385523906868299,0.7598025792207563,0.12286038399802453,1140637.0466419992,-3557.012149107128,1137080.034492892,4661,0,1483.7574257425742,73,129,43,34.57194432440218,0.6415525114155252,39.41441441441442,8754.413979413097,119.92347917004243,0
4663,33.25075471772195,0,0,202,0.0,0.0,1.0,202,5550,4000,1550,0.7207207207207207,71,40,31,186.62134036116572,0.4382881385153441,0.7604484569165622,0.12381320247679535,1129974.263691822,-3774.5376672422735,1126199.7260245797,4662,1,1484.7574257425742,75,127,46,34.43020214499764,0.6418055555555555,39.295504385964904,8668.621237469675,115.58161649959567,0
4664,33.3904872450199,0,0,202,0.0,0.0,1.0,202,5200,3300,1900,0.6346153846153846,71,33,38,188.13914804815752,0.4378807283713446,0.7625354610298112,0.12517173807903245,1135558.1945908654,-2871.409742114315,1132686.784848751,4663,2,1485.7574257425742,75,127,48,34.2928841706958,0.6427777777777778,39.19956140350876,8708.253718451706,116.11004957935607,0
4665,33.63640525869184,0,0,202,0.0,0.0,1.0,202,5800,4200,1600,0.7241379310344828,74,42,32,187.64693716890736,0.4377940126102162,0.7622756157187836,0.12522348893562468,1144827.3312232734,-3235.3315417396607,1141591.9996815338,4664,3,1486.7574257425742,76,126,44,34.20054270800928,0.6433662280701755,39.09632034632035,8775.861902315086,115.47186713572482,0
4666,33.14194220340711,0,0,202,0.0,0.0,1.0,202,6250,4700,1550,0.752,78,47,31,192.23846086880172,0.43752155066252896,0.7672982255037144,0.12879001048459124,1129145.9403770117,-3236.944465133474,1125908.9959118783,4665,4,1487.7574257425742,78,124,48,33.94548416426731,0.6438301282051282,38.96360759493671,8651.253030074513,110.91350038557069,0
4667,33.37179982276896,1,0,203,0.0049261083743842365,0.0,1.0,203,6300,4600,1700,0.7301587301587301,80,46,34,194.49501115801465,0.4373953405192736,0.7709373978917675,0.13104834238051816,1138661.5446632986,-2607.2020331019285,1136054.3426301968,4666,0,1481.423645320197,81,122,41,33.68953835181226,0.6445473251028806,38.770325203252035,8717.704415084114,107.62598043313722,0
4668,33.23511842114513,0,1,202,0.0,0.0049261083743842365,0.9950738916256158,203,4900,3200,1700,0.6530612244897959,66,32,34,193.65614026108815,0.4370457981758767,0.7699453399930951,0.13103340187104207,1135229.8126425336,-1531.1552348656755,1133698.657407668,4667,1,1482.423645320197,83,120,41,33.56685209786338,0.6452058232931727,38.62847222222223,8686.713677610087,104.65920093506129,0
4669,33.07600671351766,0,0,202,0.0,0.0,1.0,202,5950,4500,1450,0.7563025210084033,74,45,29,194.62448361672054,0.4369263418879201,0.7707867560949635,0.131979727952589,1130436.9865966307,-2347.8570444776433,1128089.129552153,4668,2,1487.9455445544554,82,120,43,33.465841813876104,0.6463414634146342,38.55421686746989,8647.582478112476,105.45832290381068,0
4670,33.36323455746939,0,1,201,0.0,0.0049504950495049506,0.995049504950495,202,5650,4500,1150,0.7964601769911505,68,45,23,211.3410248404226,0.43718546294928,0.7789933048868185,0.1385028143579093,1130137.266947442,1718.8736414052719,1131856.1405888472,4669,3,1488.9455445544554,85,117,35,34.215713078008896,0.6334558823529413,39.71656976744186,8683.897134271563,102.16349569731251,8
4671,33.690461336817435,0,0,201,0.0,0.0,1.0,201,5300,3600,1700,0.6792452830188679,70,36,34,210.83647112197005,0.43673611111111116,0.7778405602029843,0.13838539286369383,1141687.4164108348,2641.8692000841775,1144329.285610919,4670,4,1496.5124378109454,90,111,35,34.17461783112754,0.6322916666666667,39.663461538461554,8770.858083599396,97.45397870665995,0
4672,33.74480627070307,1,2,200,0.0049504950495049506,0.009900990099009901,0.9900990099009901,202,5850,4200,1650,0.717948717948718,75,42,33,204.35833502137146,0.4367980641347717,0.7715588511392444,0.1347687201740522,1144955.8561557243,546.2544873905799,1145502.110643115,4671,0,1490.09900990099,75,127,38,34.177584271633535,0.6397222222222223,39.50109649122807,8790.485032634077,117.20646710178768,0
4673,33.46504282545587,1,0,201,0.004975124378109453,0.0,1.0,201,5800,4100,1700,0.7068965517241379,75,41,34,203.55562353887862,0.4367485489220564,0.7698760995231422,0.13497993343407386,1137105.8722699871,292.85897192750326,1137398.7312419147,4672,0,1497.044776119403,76,125,36,34.006335409098774,0.6411732456140351,39.31277056277056,8723.909297166314,114.78828022587255,0
4674,33.77572001460014,3,0,204,0.014705882352941176,0.0,1.0,204,4400,2500,1900,0.5681818181818182,63,25,38,199.0586826990688,0.43749346002768924,0.7681021181359189,0.1327230229840279,1149307.288068891,555.9189558863773,1149863.2070247773,4673,0,1476.014705882353,81,123,39,33.93309310479156,0.6409465020576132,39.12601626016259,8811.206633890057,108.78032881345749,0
4675,33.90480686668048,0,1,203,0.0,0.004901960784313725,0.9950980392156863,204,5150,3300,1850,0.6407766990291263,70,33,37,200.70704561776444,0.43715287839273637,0.7697595977643399,0.13422283675687943,1154598.8513284447,397.22486475911137,1154996.0761932037,4674,1,1477.014705882353,81,123,39,33.78642588265836,0.6419753086419753,39.024390243902424,8848.327645694622,109.23861290981016,0
4676,33.65976150542447,1,3,201,0.004901960784313725,0.014705882352941176,0.9852941176470589,204,5850,4400,1450,0.7521367521367521,73,44,29,202.7225331554448,0.43708747866962877,0.7747169994291496,0.1266644486389854,1125569.8381786759,-1014.3262322107917,1124555.5119464651,4675,0,1477.9117647058824,78,126,43,36.14715579802511,0.6192574786324787,41.38976793248946,8704.75873425491,111.59947095198604,8
4677,33.65350422684867,0,0,201,0.0,0.0,1.0,201,4800,2600,2200,0.5416666666666666,70,26,44,205.943354115119,0.4361598258706468,0.7749121602478579,0.1288826114977624,1125856.4590943707,1372.5310876132921,1127228.990181984,4676,1,1499.7960199004974,77,124,41,36.005720050940475,0.6202651515151515,41.33279914529915,8705.057737310803,113.05269788715329,0
4678,33.41398533935583,2,0,203,0.009852216748768473,0.0,1.0,203,6200,4700,1500,0.7580645161290323,77,47,30,206.74533471978197,0.4367866897527191,0.7753229698238979,0.1301118137556662,1119567.3178825064,-506.93602461059345,1119060.3818578958,4677,0,1486.0098522167489,83,120,43,35.78148702594808,0.6198544176706827,41.13343253968254,8649.763689968413,104.21402036106522,0
4679,32.915948568572816,1,2,202,0.004901960784313725,0.00980392156862745,0.9901960784313726,204,6350,4700,1650,0.7401574803149606,80,47,33,207.8569425152321,0.43670111722850063,0.7787828615642993,0.13152793747088182,1104529.607077476,-1233.1705910647797,1103296.4364864114,4678,0,1479.7205882352941,85,119,35,35.55517891652642,0.621078431372549,40.93992248062017,8527.208187798433,100.32009632704039,0
4680,32.57605266279457,0,3,199,0.0,0.01485148514851485,0.9851485148514851,202,4450,3000,1450,0.6741573033707865,59,30,29,209.65318401620672,0.4361936193619362,0.7811913965101871,0.13292703376379902,1093713.3777059969,1010.098407436582,1094723.4761134335,4679,2,1493.9405940594058,84,118,38,35.43735713722706,0.6221478174603174,40.87009803921569,8441.429332779318,100.49320634261093,0
4681,32.62777210461571,0,0,199,0.0,0.0,1.0,199,5300,3700,1600,0.6981132075471698,69,37,32,213.7863568870638,0.4347526775290594,0.7826844502888273,0.13583812462539127,1096088.453246554,1765.7514491117217,1097854.2046956655,4680,3,1515.0804020100502,85,114,40,35.25311526479752,0.6225490196078431,40.794573643410864,8457.295579442569,99.49759505226551,0
4682,32.857870355928135,0,1,198,0.0,0.005025125628140704,0.9949748743718593,199,5900,4300,1600,0.7288135593220338,75,43,32,219.69879710945196,0.4348023788978563,0.7886553737425543,0.1403332569066138,1105399.6145575142,2870.993128707565,1108270.6076862218,4681,4,1516.0804020100502,64,135,45,34.91018472754232,0.6344401041666667,40.608974358974365,8523.036692004063,133.1724483125635,0
4683,32.67653692812943,0,0,198,0.0,0.0,1.0,198,5600,4200,1400,0.75,70,42,28,217.60525375818233,0.43446841511562323,0.7859831979428253,0.13974828616012636,1100903.0517837435,2712.457589311907,1103615.5093730555,4682,5,1523.530303030303,65,133,44,34.7712222087108,0.6357371794871796,40.419823232323246,8482.181231959385,130.49509587629822,0
4684,32.61075335910116,0,0,198,0.0,0.0,1.0,198,6250,4500,1750,0.72,80,45,35,216.00332351938914,0.43414207643268554,0.7836124059269294,0.13938403001962799,1100099.5735521736,1675.03281790636,1101774.60637008,4683,6,1524.530303030303,69,129,40,34.64235414876352,0.6351147342995169,40.25297619047619,8470.546129212955,122.76153810453557,0
4685,32.881709094443345,0,0,198,0.0,0.0,1.0,198,4900,3300,1600,0.673469387755102,65,33,32,215.32774973033665,0.4341388717975012,0.7835416424396322,0.13918575277830286,1109748.5109941636,3291.9299277931796,1113040.4409219567,4684,7,1525.530303030303,69,129,46,34.59909645455068,0.6357185990338164,40.193452380952394,8542.883319641194,123.80990318320572,0
4686,33.05648321144248,0,0,198,0.0,0.0,1.0,198,6000,4100,1900,0.6833333333333333,79,41,38,211.13312754407656,0.4339476618981695,0.779240422669998,0.13707852165352744,1116965.7639575975,1565.6950208051385,1118531.4589784027,4685,8,1526.530303030303,72,126,46,34.55133659018552,0.6357060185185186,40.03995433789954,8593.364885075029,119.3522900704865,0
4687,33.072898449985395,1,2,197,0.005025125628140704,0.010050251256281407,0.9899497487437185,199,6500,5300,1200,0.8153846153846154,77,53,24,213.56373096837623,0.4342123073278852,0.7841737145885217,0.13677585072379864,1113429.8588201082,1257.6469642428474,1114687.5057843511,4686,0,1519.854271356784,66,133,45,34.97453565008988,0.6341540404040404,40.51616915422885,8581.882386975358,130.02852101477814,8
4688,33.28784276800821,0,1,196,0.0,0.005076142131979695,0.9949238578680203,197,4850,3100,1750,0.6391752577319587,66,31,35,212.6941785753695,0.4339529593563314,0.781224825114776,0.13703240673608638,1122465.2245865117,3498.3637845692137,1125963.588371081,4687,1,1534.7766497461928,68,129,46,34.7844727357284,0.6351102941176471,40.30797101449276,8644.5874289746,127.12628572021471,0
4689,33.387017402438225,0,0,196,0.0,0.0,1.0,196,5850,4700,1150,0.8034188034188035,70,47,23,212.9710322448505,0.43342981423338567,0.7806531430207353,0.13801629232490947,1127577.1376172574,2978.2533868081664,1130555.3910040655,4688,2,1542.8673469387754,71,125,46,34.569138276553105,0.6355633802816901,40.104166666666664,8677.14671032118,122.21333394818564,0
4690,32.98041101683872,0,0,196,0.0,0.0,1.0,196,5500,3600,1900,0.6545454545454545,74,36,38,211.43651455332213,0.4332989926739927,0.779789106184894,0.13765198656631536,1115209.3635943676,2459.1961671243444,1117668.559761492,4689,3,1543.8673469387754,71,125,37,34.446511358368106,0.6371772300469484,39.94502314814815,8576.720023548562,120.7988735711065,0
4691,32.9422281767305,0,1,195,0.0,0.00510204081632653,0.9948979591836735,196,4750,3400,1350,0.7157894736842105,61,34,27,209.178585270516,0.43312074829931974,0.7777349311817758,0.13659541427836824,1114816.56538423,2689.1503966417376,1117505.715780872,4690,4,1544.8673469387754,72,124,39,34.398196394617536,0.6377314814814814,39.84018264840182,8570.244065612862,119.03116757795641,0
4692,32.96705377771303,0,1,194,0.0,0.005128205128205128,0.9948717948717949,195,4800,3200,1600,0.6666666666666666,64,32,32,211.51797912079135,0.432383910476694,0.7792336951170975,0.13864512413763058,1116773.3265405213,3443.527433171053,1120216.8539736923,4691,5,1553.4358974358975,73,122,41,34.204421520379306,0.6385559360730594,39.71002252252253,8580.993685299729,117.54785870273601,0
4693,32.74010360063957,0,0,194,0.0,0.0,1.0,194,5800,4100,1700,0.7068965517241379,75,41,34,207.8611476632987,0.432153953670566,0.7739111375858243,0.13681456098324293,1110301.828200892,1557.7224524992453,1111859.5506533913,4692,6,1561.798969072165,64,130,43,34.15392386109573,0.64501953125,39.56730769230769,8526.593327147333,133.22802073667708,0
4694,33.00303826905965,0,3,191,0.0,0.015463917525773196,0.9845360824742269,194,6100,4400,1700,0.7213114754098361,78,44,34,208.66837535670984,0.431805637163257,0.7755357235708218,0.13779571269493882,1120183.0229736788,1849.3543012171713,1122032.377274896,4693,7,1562.798969072165,64,130,42,34.018380694632384,0.6461588541666667,39.45512820512821,8598.772374653408,134.3558183539595,0
4695,32.71159860050069,1,0,192,0.005208333333333333,0.0,1.0,192,4950,3300,1650,0.6666666666666666,66,33,33,209.2100177468569,0.43142133871436883,0.7743173573842177,0.1388935866039107,1111849.042699324,3171.9915909901706,1115021.0342903142,4694,0,1572.1197916666667,66,126,43,33.817705227588924,0.646780303030303,39.272388059701484,8528.81698585814,129.2244997857294,0
4696,32.476763802641365,0,0,192,0.0,0.0,1.0,192,5650,3600,2050,0.6371681415929203,77,36,41,208.29211279199814,0.4312622709424084,0.7728415658985472,0.13895651908178505,1105266.8104078097,1993.6718277431041,1107260.4822355527,4695,1,1573.1197916666667,69,123,43,33.67295041448018,0.6467391304347826,39.107142857142854,8472.955699224824,122.79645940905542,0
4697,32.05396046101921,0,1,191,0.0,0.005208333333333333,0.9947916666666666,192,6200,4900,1300,0.7903225806451613,75,49,26,208.49526397556102,0.43138782086242,0.7725665571816624,0.1394529501985595,1091614.1571684757,919.2763716602503,1092533.4335401359,4696,2,1574.1197916666667,71,121,43,33.577769000498954,0.6465669014084507,39.01909722222223,8365.47153872,117.82354279887323,0
4698,32.476254920659315,1,0,192,0.005208333333333333,0.0,1.0,192,5100,3400,1700,0.6666666666666666,68,34,34,213.01351092763733,0.43200534467713786,0.7726832877959944,0.1419493396349713,1104930.9876320993,3573.0458016508637,1108504.0334337503,4697,0,1569.6302083333333,75,117,39,33.588167297183716,0.6433333333333333,39.14473684210525,8471.60202371143,112.95469364948573,8
4699,32.36556191766978,1,0,193,0.0051813471502590676,0.0,1.0,193,4550,3400,1150,0.7472527472527473,57,34,23,209.85919380305955,0.43260088334772595,0.7711151151067321,0.14054034507866572,1102583.267391543,3127.447119106366,1105710.7145106492,4698,0,1562.4922279792745,78,115,42,33.49898127567859,0.6436965811965811,38.97679324894514,8448.16276004997,108.30977897499962,0
4700,32.580817057681976,0,1,192,0.0,0.0051813471502590676,0.9948186528497409,193,6200,5100,1100,0.8225806451612904,73,51,22,216.73557640908572,0.43205441314047205,0.7783301826864941,0.14585485609239687,1111320.4819755193,3372.5370472374852,1114693.0190227567,4699,1,1563.4922279792745,80,113,35,33.150849335302816,0.64453125,38.811728395061735,8509.727294772661,106.37159118465827,0
4701,32.40240736768464,0,1,191,0.0,0.005208333333333333,0.9947916666666666,192,5200,3700,1500,0.7115384615384616,67,37,30,216.52721216101355,0.4316241501236184,0.7778790678075977,0.1461132447417235,1106015.564061043,4296.49333856581,1110312.057399609,4700,2,1572.5,81,111,36,33.06207863347597,0.6450617283950617,38.71951219512196,8466.116803081031,104.51996053186458,0
4702,31.946789599860296,0,1,190,0.0,0.005235602094240838,0.9947643979057592,191,6000,4000,2000,0.6666666666666666,80,40,40,217.7713048213674,0.430987645816111,0.7769201244619997,0.14724190725410075,1091016.5893116,3318.421247228985,1094335.010558829,4701,3,1581.717277486911,83,108,36,32.96189205219453,0.6449548192771084,38.65327380952381,8349.188874219446,100.59263703878851,0
4703,32.203913652768385,0,0,190,0.0,0.0,1.0,190,5000,3700,1300,0.74,63,37,26,218.51357466134368,0.4302834632878492,0.7787925079901385,0.14830058016123918,1100862.477580717,5110.679037341295,1105973.1566180584,4702,4,1590.7105263157894,69,121,38,32.81324104110939,0.6526268115942029,38.52678571428573,8420.460815368982,122.03566399085481,0
4704,31.9337370980842,0,0,190,0.0,0.0,1.0,190,5650,3700,1950,0.6548672566371682,76,37,39,220.35460194320493,0.42996611900120674,0.7814442248967128,0.15014860085897486,1092745.295014922,4508.29090166475,1097253.5859165867,4703,5,1591.7105263157894,69,121,38,32.62822335987867,0.6539855072463768,38.39285714285715,8354.093722980975,121.07382207218805,0
4705,32.23799695959575,0,0,190,0.0,0.0,1.0,190,5250,3600,1650,0.6857142857142857,69,36,33,222.33498331412574,0.42967604195674375,0.782657037751602,0.1521549074532923,1104376.8064881717,5858.319768611205,1110235.1262567828,4704,6,1592.7105263157894,70,120,39,32.428582104889514,0.6549107142857142,38.248239436619734,8438.352461211118,120.54789230301597,0
4706,32.26898249354631,0,0,190,0.0,0.0,1.0,190,6200,4300,1900,0.6935483870967742,81,43,38,219.19772147870188,0.42935753736192334,0.779040267917559,0.15080934690641176,1106937.7219934843,4327.645295959479,1111265.3672894437,4705,7,1593.7105263157894,72,118,38,32.32934735236436,0.6556712962962963,38.07077625570778,8452.189535552776,117.3915213271219,0
4707,31.997446956207646,0,0,190,0.0,0.0,1.0,190,5750,4000,1750,0.6956521739130435,75,40,35,219.97268440928542,0.4291504223521767,0.7798307443844117,0.15198332413470605,1098798.6273563101,4591.136736961318,1103389.7640932715,4706,8,1594.7105263157894,74,116,42,32.16574363594611,0.6561092342342343,37.93055555555557,8385.553147453953,113.31828577640476,0
4708,32.30487124023882,0,1,189,0.0,0.005263157894736842,0.9947368421052631,190,6000,4400,1600,0.7333333333333333,76,44,32,217.0899360006599,0.4289003759398496,0.7768470575288189,0.1505776097060418,1110448.209385282,4213.426141499785,1114661.6355267817,4707,9,1595.7105263157894,75,115,38,32.10947029099148,0.6569444444444444,37.80153508771931,8470.287648379526,112.93716864506035,0
4709,32.440813903610646,0,1,188,0.0,0.005291005291005291,0.9947089947089947,189,6300,4300,2000,0.6825396825396826,83,43,40,218.4128603147609,0.428676967240797,0.7790164746686474,0.15187312845142734,1115820.7155265878,4641.918815325249,1120462.634341913,4708,10,1592.2592592592594,75,114,38,31.990750418060216,0.6577777777777778,37.71929824561405,8508.599436122475,113.447992481633,0
4710,32.7109405169296,0,0,188,0.0,0.0,1.0,188,5700,4500,1200,0.7894736842105263,69,45,24,217.42724656592858,0.42826615655933553,0.7728434493466714,0.14340641031743998,1109915.8883041893,4965.191102751387,1114881.0794069406,4709,11,1600.8191489361702,71,117,39,33.83247250916361,0.641725352112676,39.49652777777778,8521.313584314736,120.01850118753148,8
4711,32.926591324153,0,0,188,0.0,0.0,1.0,188,5250,3900,1350,0.7428571428571429,66,39,27,218.1869871300607,0.42775237512800096,0.7739520434875302,0.14432267098718968,1118079.872908414,5940.0957681297305,1124019.9686765438,4710,12,1601.8191489361702,72,116,38,33.71183084195733,0.6422164351851851,39.39783105022832,8580.741115197028,119.17695993329205,0
4712,33.33986614943709,0,0,188,0.0,0.0,1.0,188,5150,3600,1550,0.6990291262135923,67,36,31,218.03628587750248,0.4280700070163462,0.7737007268993561,0.1448483096625704,1133398.126587471,6674.383588330405,1140072.5101758013,4711,13,1602.8191489361702,74,114,39,33.56470384574414,0.6427364864864865,39.25000000000001,8693.37009846574,117.4779743035911,0
4713,32.886791393643314,0,0,188,0.0,0.0,1.0,188,5250,3200,2050,0.6095238095238096,73,32,41,208.48960178601874,0.42778200496833163,0.7629975893512226,0.12763386357829182,1093486.467664413,2746.111640350477,1096232.5793047633,4712,14,1603.8191489361702,81,107,43,36.7475369458128,0.61059670781893,42.12398373983738,8480.714752171683,104.70018212557633,8
4714,32.535668506709214,2,1,189,0.010526315789473684,0.005263157894736842,0.9947368421052631,190,5050,3200,1850,0.6336633663366337,69,32,37,205.26071842802395,0.4292072774528915,0.7617230561561841,0.12618290296356247,1083078.4453475212,1412.6919611876092,1084491.1373087089,4713,0,1587.9263157894736,84,106,38,36.67675928124747,0.6109871031746033,41.97303921568625,8395.079661872023,99.94142454609552,0
4715,32.966964450639296,0,0,189,0.0,0.0,1.0,189,5850,4300,1550,0.7350427350427351,74,43,31,205.73495982818275,0.4283978760929115,0.7608788119990999,0.1267513154906,1098106.9399404447,1533.797435138746,1099640.7373755835,4714,1,1597.3280423280423,86,103,38,36.5840175658332,0.6110707364341086,41.894157088122576,8508.96614777807,98.94146683462873,0
4716,32.93433447579717,1,0,190,0.005263157894736842,0.0,1.0,190,4500,3100,1400,0.6888888888888889,59,31,28,189.30948568183837,0.42940975122992664,0.743639844557916,0.11333470281031435,1088160.797318738,-1300.1678240902688,1086860.6294946477,4715,0,1589.9157894736843,85,105,42,38.07205036988176,0.6008578431372549,42.938468992248055,8466.150443069782,99.60176991846802,8
4717,32.9586556433374,1,1,190,0.005235602094240838,0.005235602094240838,0.9947643979057592,191,4600,2800,1800,0.6086956521739131,64,28,36,190.37110569230896,0.4299118214384128,0.745294572332108,0.11447461035251134,1090339.041027542,-1286.1902360189606,1089052.850791523,4716,0,1582.586387434555,91,100,43,37.87947149103499,0.600503663003663,42.77626811594203,8477.748402460824,93.16207035671235,0
4718,32.428726970671846,3,1,192,0.015544041450777202,0.0051813471502590676,0.9948186528497409,193,5900,4200,1700,0.711864406779661,76,42,34,187.36330427272773,0.43083553720495105,0.7431359924783618,0.11390071374852752,1076132.2211125118,-4174.4622436025375,1071957.7588689092,4717,0,1567.1554404145077,81,112,43,37.5511587771203,0.6080246913580247,42.37804878048777,8354.351917749202,103.14014713270619,0
4719,32.715637615471344,2,0,194,0.010309278350515464,0.0,1.0,194,4950,3500,1450,0.7070707070707071,64,35,29,183.01795981576322,0.4320081726403504,0.7386004103561687,0.11180695340753882,1087157.647560018,-3956.125069092844,1083201.5224909252,4718,0,1559.2422680412371,85,109,42,37.481402305331066,0.6083333333333334,42.19961240310073,8434.104057748082,99.22475362056566,0
4720,33.112695716303755,3,3,194,0.015228426395939087,0.015228426395939087,0.9847715736040609,197,6300,4900,1400,0.7777777777777778,77,49,28,182.29826244681942,0.4336572827100383,0.740578598678278,0.11206892643378791,1102292.7694036162,-5510.788686006176,1096781.98071761,4719,0,1536.482233502538,91,106,37,37.26857438530284,0.6086309523809523,41.97237318840576,8543.990293012188,93.89000321991415,0
4721,32.828506925469334,0,1,193,0.0,0.005154639175257732,0.9948453608247423,194,5600,4000,1600,0.7142857142857143,72,40,32,191.4882190584203,0.4319669978455567,0.7543687218971487,0.11761151805404654,1092554.254632555,-2557.746311142391,1089996.5083214126,4720,2,1561.2422680412371,79,115,38,37.06491201507354,0.6126054852320675,42.005208333333336,8469.583804964188,107.20992158182517,8
4722,33.01850666355182,1,1,193,0.005154639175257732,0.005154639175257732,0.9948453608247423,194,5300,3800,1500,0.7169811320754716,68,38,30,188.58350492431885,0.4314445230845931,0.7512427290815942,0.11635837005081372,1100282.9975757576,-2600.9551817057786,1097682.0423940518,4721,0,1562.2268041237114,83,111,41,36.97181125308226,0.6127008032128514,41.840277777777764,8524.048508455095,102.6993796199409,0
4723,32.806796576406995,0,1,192,0.0,0.0051813471502590676,0.9948186528497409,193,5750,4800,950,0.8347826086956521,67,48,19,192.30218722639916,0.4311278875215889,0.7547696442921736,0.11910529533267122,1094387.448774243,-2259.3799855189613,1092128.068788724,4722,1,1571.3056994818653,84,109,44,36.7363318625358,0.6137152777777778,41.70343137254901,8473.882983344709,100.87955932553226,0
4724,32.868302165192915,0,0,192,0.0,0.0,1.0,192,5500,4000,1500,0.7272727272727273,70,40,30,198.4327034844264,0.43042659704043046,0.760389888603255,0.12323563689548078,1097264.132813483,-353.38233786501223,1096910.750475618,4723,2,1580.4635416666667,68,124,44,36.47890375477136,0.6219362745098039,41.60628019323672,8492.962860196905,124.89651264995449,0
4725,33.302032026313285,0,1,191,0.0,0.005208333333333333,0.9947916666666666,192,6250,5000,1250,0.8,75,50,25,196.2315034685932,0.43055782795229786,0.7570829835851511,0.1223536973825463,1112967.2487134533,-970.1526947308721,1111997.0960187225,4724,3,1581.4635416666667,71,121,44,36.390831934340625,0.6217723004694835,41.46412037037039,8609.770143377045,121.2643682165781,0
4726,33.438608487371326,0,0,191,0.0,0.0,1.0,191,6000,4700,1300,0.7833333333333333,73,47,26,195.75694788522955,0.4300186001653348,0.7532520468041743,0.12255371947436731,1118782.7736607492,-398.0997763196565,1118384.6738844295,4725,4,1590.7015706806283,74,117,42,36.25559284116337,0.6217623873873874,41.31944444444448,8649.917820518007,116.89078135835145,0
4727,33.6508601600057,2,0,193,0.010362694300518135,0.0,1.0,193,4400,2900,1500,0.6590909090909091,59,29,30,191.33794765638547,0.43105592436672424,0.7488969749644572,0.12026444517590415,1127115.9797061377,132.01166553818803,1127247.9913716759,4726,0,1575.2072538860104,80,113,46,36.225736195302915,0.6205729166666667,41.17798353909468,8709.58348225671,108.86979352820887,0
4728,33.25590117539098,3,3,193,0.015306122448979591,0.015306122448979591,0.9846938775510204,196,5300,4100,1200,0.7735849056603774,65,41,24,197.84856297920695,0.43217556253270534,0.7588062889924052,0.12530009173460485,1116193.0025813708,-332.5636863654072,1115860.4388950053,4727,0,1552.0816326530612,83,113,36,35.78416415386336,0.6221134538152611,40.91021825396829,8616.264177299743,103.8104117746957,0
4729,33.5166120266763,0,1,192,0.0,0.0051813471502590676,0.9948186528497409,193,5750,3900,1850,0.6782608695652174,76,39,37,199.6023888637048,0.43124370322394934,0.7593702756326346,0.12688742514494725,1126096.7636532155,604.320823374248,1126701.0844765897,4728,1,1576.8911917098446,81,112,38,35.6032947825803,0.6242283950617284,40.77743902439028,8688.262004781058,107.2624938861859,0
4730,33.132497849488814,0,0,192,0.0,0.0,1.0,192,5000,3300,1700,0.66,67,33,34,204.7696929462919,0.43058623291157655,0.7623143635087029,0.13054867307325513,1114064.2365132978,2225.318326654921,1116289.5548399526,4729,2,1586.09375,81,111,38,35.36563959374287,0.6252572016460906,40.675813008130106,8592.058067828628,106.07479096084725,0
4731,33.217026544748464,0,0,192,0.0,0.0,1.0,192,5750,3600,2150,0.6260869565217392,79,36,43,223.0027962628751,0.43022548992873766,0.7747152265316632,0.1313890084756086,1092456.4672144481,4574.169396856624,1097030.6366113047,4730,3,1587.09375,70,122,38,37.8105752912686,0.6013392857142856,43.52992957746478,8519.173137158834,121.70247338798335,8
4732,32.84199198618907,0,0,192,0.0,0.0,1.0,192,5650,3900,1750,0.6902654867256637,74,39,35,218.75984160624134,0.4303090005090169,0.7711766708712653,0.1295928184486092,1081826.1885324873,3282.0251297699688,1085108.2136622572,4731,4,1588.09375,73,119,41,37.71274359255601,0.6018835616438356,43.32770270270269,8429.629530914544,115.47437713581567,0
4733,33.118135891212276,0,0,192,0.0,0.0,1.0,192,5650,4300,1350,0.7610619469026548,70,43,27,217.4393479843377,0.43052033340605006,0.7703222769660101,0.1293404299748464,1092214.5367086926,3448.0833441905093,1095662.6200528832,4732,5,1589.09375,77,115,44,37.591378070129814,0.6015963203463204,43.17574786324785,8505.540482423889,110.46156470680374,0
4734,32.804593998285846,1,0,193,0.0051813471502590676,0.0,1.0,193,5800,4300,1500,0.7413793103448276,73,43,30,217.67982228853316,0.43122683685952795,0.7737170753712963,0.13013255304924704,1083429.0417132548,2768.128252475335,1086197.16996573,4733,0,1581.8549222797928,80,113,37,37.39669335334836,0.6022135416666667,42.99125514403292,8431.067529009026,105.38834411261283,0
4735,32.903441703389824,3,0,196,0.015306122448979591,0.0,1.0,196,4750,3300,1450,0.6947368421052632,62,33,29,227.40898089658734,0.43294795482295484,0.7873519339715964,0.1319848642312769,1077399.672422245,5052.0723047718275,1082451.7447270167,4734,0,1558.6275510204082,75,121,36,38.27309062181994,0.5931944444444445,44.092653508771924,8420.23245674329,112.26976608991053,7
4736,33.34441432198256,0,0,196,0.0,0.0,1.0,196,5150,3800,1350,0.7378640776699029,65,38,27,230.8354347566231,0.4333327882435025,0.791538155248537,0.13429087856903513,1092597.8492964928,6092.059911301428,1098689.9092077941,4735,1,1559.6275510204082,77,119,36,38.09443850313876,0.5932088744588744,44.00373931623932,8536.045381117572,110.85773222230613,0
4737,33.5136991840891,0,0,196,0.0,0.0,1.0,196,5500,3900,1600,0.7090909090909091,71,39,32,238.81467991386845,0.4333278824350253,0.8000143633374286,0.138006614093528,1095985.7986760316,7647.499540192232,1103633.298216224,4736,2,1560.6275510204082,67,129,42,38.147960966357175,0.5956156716417911,44.25551470588234,8570.94374813673,127.92453355427955,7
4738,33.92638555807463,3,3,196,0.01507537688442211,0.01507537688442211,0.9849246231155779,199,6100,4500,1600,0.7377049180327869,77,45,32,235.43257308043115,0.4357593946161786,0.8005990283678104,0.13709938288267098,1111986.309902401,6459.5596341069,1118445.8695365079,4737,0,1538.0854271356784,71,128,38,37.939163417528384,0.5963908450704225,43.96701388888887,8686.27380239068,122.3418845407138,0
4739,34.24501957485267,1,0,197,0.005076142131979695,0.0,1.0,197,4800,3400,1400,0.7083333333333334,62,34,28,241.3954594568662,0.43406194965295763,0.8028032207168614,0.14074343454882737,1122831.4373710493,10009.2821433594,1132840.7195144086,4738,0,1554.6751269035533,72,125,39,37.739607712024956,0.5963541666666667,43.92123287671232,8769.422392841094,121.79753323390408,0
4740,33.71730991313685,2,0,199,0.010050251256281407,0.0,1.0,199,6100,4800,1300,0.7868852459016393,74,48,26,243.13976571495746,0.4354231172698509,0.8071766443404567,0.1433763925519595,1109186.278106568,8037.458358614943,1117223.7364651829,4739,0,1540.0402010050252,61,138,40,37.26139986026505,0.6070696721311475,43.497983870967715,8648.557971166949,141.77963887158933,0
4741,33.61311341757202,1,0,200,0.005,0.0,1.0,200,6700,4800,1900,0.7164179104477612,86,48,38,235.08263002017657,0.4360123534338358,0.8004954425169075,0.13943425613858004,1107621.4821149637,5376.5142164861545,1112997.9963314498,4740,0,1533.335,68,132,41,37.2470106831324,0.6049325980392157,43.28200483091786,8629.091087950037,126.89839835220643,0
4742,33.69918884464122,0,1,199,0.0,0.005,0.995,200,5300,3800,1500,0.7169811320754716,68,38,30,227.9570384408406,0.4360657453936348,0.7951867995018675,0.13763120441202628,1116121.1918415232,5585.536286651016,1121706.728128174,4741,1,1534.335,64,136,44,36.76123391448732,0.6139322916666667,42.628205128205124,8673.220718668872,135.51907372920112,8
4743,33.37606936066218,1,1,199,0.005,0.005,0.995,200,5550,3800,1750,0.6846846846846847,73,38,35,225.7857690988178,0.43607150335008377,0.7914283989374553,0.13689295312418787,1106734.7993482146,4426.993571852368,1111161.792920067,4742,0,1535.325,66,134,44,36.66057916767287,0.6142676767676767,42.47512437810945,8595.16811085211,130.2298198613956,0
4744,33.463417841558794,1,0,200,0.005,0.0,1.0,200,5000,3200,1800,0.64,68,32,36,226.7250809968022,0.43594168760469015,0.7918708008799573,0.13791280785841634,1110658.0028477248,5362.805131079343,1116020.8079788042,4743,0,1536.295,67,133,47,36.51456933626651,0.6148942786069651,42.35600490196078,8621.648662334203,128.68132331842094,0
4745,33.40054720905809,0,0,200,0.0,0.0,1.0,200,5550,4000,1550,0.7207207207207207,71,40,31,225.34340271385733,0.4358961474036851,0.7910428429093339,0.13762859747899056,1109837.543041071,4468.913681692371,1114306.4567227634,4744,1,1537.295,72,128,44,36.39975183586113,0.6137152777777778,42.208904109589035,8610.363668362475,119.58838428281216,0
4746,33.29154743910286,0,1,199,0.0,0.005,0.995,200,5500,3600,1900,0.6545454545454545,74,36,38,224.38316809017147,0.4358239112227806,0.7908341064120055,0.1376572331855503,1107607.907640247,4205.714263608794,1111813.6219038556,4745,2,1538.295,73,127,46,36.258697135061375,0.6148687214611872,42.04673423423423,8587.663384312486,117.63922444263679,0
4747,32.98794766692857,0,0,199,0.0,0.0,1.0,199,5950,4200,1750,0.7058823529411765,77,42,35,223.5587597332237,0.4359169585300238,0.7943352907803054,0.13198365274983587,1085559.815049228,2787.281173726486,1088347.0962229546,4746,3,1546.0301507537688,66,133,42,37.71930489061266,0.604324494949495,43.45460199004974,8462.906163743573,128.22585096581173,8
4748,33.09044053971256,3,0,202,0.01485148514851485,0.0,1.0,202,5350,4000,1350,0.7476635514018691,67,40,27,227.8601327013156,0.4372070136118089,0.7848430858510009,0.13316218353304174,1085715.8142880863,3728.2699039201607,1089444.0841920064,4747,0,1524.0544554455446,86,116,37,37.99680610734594,0.5914486434108528,43.833812260536405,8476.652003677586,98.56572097299518,8
4749,33.41742229969123,1,2,201,0.0049261083743842365,0.009852216748768473,0.9901477832512315,203,6300,4400,1900,0.6984126984126984,82,44,38,225.04003857167103,0.43782617177973954,0.7850835453394178,0.1322634731114556,1098261.856697854,2530.5781186158483,1100792.4348164697,4748,0,1517.5418719211823,72,131,44,37.852034285078204,0.5993923611111112,43.62157534246574,8567.506085310357,118.99314007375496,0
4750,33.378387272717426,1,0,202,0.0049504950495049506,0.0,1.0,202,5350,3600,1750,0.6728971962616822,71,36,35,221.46687422176512,0.4371762269510533,0.7811450220870726,0.13073552680569517,1098376.3605099872,2900.7958562447566,1101277.156366232,4749,0,1525.9950495049504,74,128,43,37.776785230902505,0.6000844594594594,43.458333333333314,8562.947101588335,115.71550137281534,0
4751,33.6412637625758,2,0,204,0.00980392156862745,0.0,1.0,204,6450,4800,1650,0.7441860465116279,81,48,33,221.10736436886828,0.43874209166425193,0.7848346217337046,0.13163726949589072,1109745.9348832208,1824.599756218773,1111570.5346394395,4750,0,1512.0245098039215,78,126,46,37.46417265571527,0.6014957264957265,43.14345991561181,8640.978614121505,110.78177710412186,0
4752,33.70434424588922,3,2,205,0.014492753623188406,0.00966183574879227,0.9903381642512077,207,5700,4100,1600,0.7192982456140351,73,41,32,217.68244623771722,0.44057795131560434,0.7840422190345433,0.13043330853758223,1113877.0305089743,1394.2953618395704,1115271.3258708138,4751,0,1491.0966183574878,83,124,40,37.31027718824362,0.6019076305220883,42.906746031746025,8665.159535041837,104.39951247038358,0
4753,33.33653233944793,2,0,207,0.00966183574879227,0.0,1.0,207,5350,3800,1550,0.7102803738317757,69,38,31,219.77599404359518,0.43997897221831367,0.7862257283368679,0.13231308984677878,1103212.3653371572,1741.9188466317228,1104954.2841837888,4752,0,1492.0821256038648,84,123,42,37.07872862382696,0.6032986111111112,42.73284313725489,8576.39489463269,102.09993922181772,0
4754,33.26769175758481,0,1,206,0.0,0.004830917874396135,0.9951690821256038,207,5750,4100,1650,0.7130434782608696,74,41,33,218.71063700674188,0.43997897221831367,0.7859444277823089,0.13197121719075489,1101646.367561849,1038.3557611228525,1102684.723322972,4753,1,1493.0821256038648,70,137,45,37.02112194287669,0.6102678571428571,42.64964788732393,8561.45218779039,122.306459825577,0
4755,33.52951592254645,0,0,206,0.0,0.0,1.0,206,5950,4100,1850,0.6890756302521008,78,41,37,217.53865181655485,0.4393761346594049,0.7844608363317944,0.13162530802705136,1111183.5756344546,1195.0753928433996,1112378.651027298,4754,2,1499.8155339805826,71,135,42,36.948639599138325,0.610768779342723,42.5491898148148,8632.201039376621,121.58029632924818,0
4756,33.28302653548592,1,0,207,0.004830917874396135,0.0,1.0,207,5350,3400,1950,0.6355140186915887,73,34,39,217.49885143405757,0.43995845254287635,0.7860532142982684,0.13253501439602408,1105222.5570915341,1326.9273492841548,1106549.4844408182,4755,0,1493.5652173913043,74,133,40,36.686540016168166,0.6119087837837838,42.291666666666664,8577.313296749175,115.90963914525912,0
4757,32.86823319749267,1,1,207,0.004807692307692308,0.004807692307692308,0.9951923076923077,208,5850,3900,1950,0.6666666666666666,78,39,39,217.3020034016471,0.4406460965564227,0.7893598538401794,0.13328638284226169,1093463.0635252052,72.34286994590275,1093535.406395151,4756,0,1487.3798076923076,77,131,46,36.448733713003705,0.6129599567099567,42.053952991452995,8478.230825448343,110.10689383699147,0
4758,33.32285586574611,0,0,207,0.0,0.0,1.0,207,6500,4600,1900,0.7076923076923077,84,46,38,215.15875150964973,0.4400366227350187,0.785830417304269,0.13241290629865285,1109623.6421608245,-150.95250141735323,1109472.6896594071,4757,1,1495.2850241545893,81,126,39,36.38090696529655,0.612525720164609,41.93343495934959,8599.51495061778,106.16685124219482,0
4759,32.75767908215928,1,0,208,0.004807692307692308,0.0,1.0,208,5700,3800,1900,0.6666666666666666,76,38,38,212.36523018129785,0.4401007796048557,0.784356075400894,0.13135228927532994,1092334.2348022677,-905.2377582608569,1091428.9970440068,4758,0,1489.0913461538462,84,124,41,36.2681709612616,0.613219246031746,41.752450980392155,8459.590334538514,100.70940874450612,0
4760,32.50745701478136,0,0,208,0.0,0.0,1.0,208,5500,3600,1900,0.6545454545454545,74,36,38,217.790825140719,0.4404046474358974,0.7882422706655561,0.13526470530040166,1085232.9432393585,170.75563559820603,1085403.6988749567,4759,1,1490.0913461538462,66,142,44,35.976860208584036,0.6231060606060606,41.6044776119403,8399.781336841821,127.26941419457305,0
4761,32.39426499298587,0,0,208,0.0,0.0,1.0,208,5500,3800,1700,0.6909090909090909,72,38,34,215.88174111354277,0.44015835965564226,0.7870246213142151,0.1345254343096184,1082450.2014890197,-363.7531667689391,1082086.4483222507,4760,2,1491.0913461538462,68,140,44,35.90465136650315,0.6231617647058824,41.48550724637682,8374.386982788212,123.15274974688546,0
4762,32.755917838564535,1,1,208,0.004784688995215311,0.004784688995215311,0.9952153110047847,209,5650,3600,2050,0.6371681415929203,77,36,41,211.38657974984062,0.44036007851797326,0.7829991949436856,0.13258640092023088,1096505.7520018555,-1092.6798816599512,1095413.0721201955,4761,0,1484.952153110048,72,137,44,35.78328645747165,0.6234085648148149,41.252853881278554,8475.50025922793,117.7152813781657,0
4763,32.650817014500575,2,0,210,0.009523809523809525,0.0,1.0,210,6050,4200,1850,0.6942148760330579,79,42,37,206.0852597854005,0.4398472507025139,0.7777718776293034,0.13001311972134647,1094727.8051953062,-2928.5471744043807,1091799.2580209018,4762,0,1478.8238095238096,78,132,49,35.710300083167894,0.6227297008547008,41.046940928270075,8455.028947096293,108.39780701405503,0
4764,32.99620427104283,0,0,210,0.0,0.0,1.0,210,6000,4500,1500,0.75,75,45,30,208.3711923171203,0.43981212500949346,0.7803887790042316,0.13216518402210628,1107936.0408592648,-1827.609231008736,1106108.431628256,4763,1,1479.8238095238096,80,130,38,35.45667708798573,0.623828125,40.8564814814815,8550.752472553862,106.88440590692328,0
4765,32.71182209768795,1,0,211,0.004739336492890996,0.0,1.0,211,5850,4200,1650,0.717948717948718,75,42,33,209.97054410643898,0.43992608891897994,0.7851379854169418,0.1339179220729504,1100038.3920616696,-1854.8680561674319,1098183.5240055022,4764,0,1473.8056872037914,84,127,42,35.21642566865137,0.6242559523809523,40.661764705882376,8483.426216069582,100.99316923892358,0
4766,32.58437811592319,1,0,212,0.0047169811320754715,0.0,1.0,212,6400,4400,2000,0.6875,84,44,40,208.59511048328045,0.43986221645950696,0.7841904211911497,0.1336752589045578,1097164.124475891,-3027.3856473323076,1094136.7388285587,4765,0,1467.8490566037735,71,141,38,35.0816399063388,0.6316021126760563,40.494791666666636,8455.815831384689,119.09599762513646,0
4767,32.85534888539941,0,0,212,0.0,0.0,1.0,212,6250,4200,2050,0.672,83,42,41,205.25351552002837,0.43967731899609525,0.7802345041939807,0.1318691175016726,1107047.8333239376,-3204.908072286664,1103842.9252516509,4766,1,1468.8490566037735,75,137,43,35.0774375219993,0.6305555555555555,40.40570175438594,8529.061237520007,113.72081650026676,0
4768,32.83574853901012,1,1,212,0.004694835680751174,0.004694835680751174,0.9953051643192489,213,6500,4400,2100,0.676923076923077,86,44,42,199.82796430170265,0.4395272315233118,0.7756404269875248,0.12920083235259497,1108275.4786275637,-4807.113444072303,1103468.3651834915,4767,0,1462.9483568075118,77,136,43,34.992450526856835,0.6318993506493507,40.18429487179483,8531.243160075244,110.79536571526292,0
4769,32.81083303916409,2,0,214,0.009345794392523364,0.0,1.0,214,6300,4400,1900,0.6984126984126984,82,44,38,198.97083706420946,0.44023865414710484,0.7751914490685341,0.129282483034853,1108895.0811641258,-4972.443496878284,1103922.6376672476,4768,0,1456.1355140186915,79,135,46,34.84003814627469,0.6327795358649789,40.0130208333333,8530.389365794046,107.97961222524108,0
4770,33.22578140856764,0,0,214,0.0,0.0,1.0,214,6100,4500,1600,0.7377049180327869,77,45,32,198.19970780598084,0.440093311687362,0.7754389529288501,0.12927354076300407,1124060.0640966338,-4342.324747935485,1119717.7393486984,4769,1,1457.1355140186915,83,131,41,34.7254004576659,0.6325301204819277,39.880952380952344,8642.65861639517,104.12841706500205,0
4771,33.53844783416113,0,2,212,0.0,0.009345794392523364,0.9906542056074766,214,5950,4300,1650,0.7226890756302521,76,43,33,201.71698017422895,0.4397029894841531,0.7794795306833151,0.13205639963508395,1135755.2109213388,-2929.7777271609602,1132825.4331941777,4770,2,1458.1355140186915,85,129,42,34.503281206366914,0.6330882352941176,39.752906976744164,8728.283553352483,102.6856888629704,0
4772,33.16816747635748,1,1,212,0.004694835680751174,0.004694835680751174,0.9953051643192489,213,5850,4200,1650,0.717948717948718,75,42,33,200.07792755696536,0.43970162695249065,0.7773492543692699,0.1314530682920992,1124280.3072923934,-3461.2652247662,1120819.0420676272,4771,0,1463.4178403755868,89,124,44,34.420193219535335,0.6329588014981273,39.62962962962962,8636.00805032564,97.03379831826561,0
4773,33.306372994412996,0,0,212,0.0,0.0,1.0,212,6450,4900,1550,0.7596899224806202,80,49,31,205.86493098247095,0.4394369988673284,0.7884406342968517,0.12919240156931458,1115096.7639677913,-2938.1363293988193,1112158.6276383926,4772,1,1471.301886792453,76,136,38,35.906676948278275,0.6217105263157895,41.23376623376624,8618.56470017766,113.40216710760079,8
4774,32.84062820248885,1,1,212,0.004694835680751174,0.004694835680751174,0.9953051643192489,213,6650,4800,1850,0.7218045112781954,85,48,37,204.16330291995754,0.4398132769362506,0.7873730709966711,0.12877245814047605,1101025.9826237878,-4292.179757366946,1096733.802866421,4773,0,1465.3896713615025,79,134,44,35.76797447243596,0.6222310126582278,41.054687500000014,8503.926732589824,107.64464218468132,0
4775,32.735634023208206,0,0,212,0.0,0.0,1.0,212,6000,4200,1800,0.7,78,42,36,203.4892754801475,0.4394775179588066,0.7862418144231005,0.1286933901411813,1098314.1092696374,-3700.9715310193565,1094613.137738618,4774,1,1473.25,80,132,40,35.688162968111335,0.6227864583333333,40.95936213991771,8479.859518126099,105.99824397657623,0
4776,32.386173884181076,0,1,211,0.0,0.0047169811320754715,0.9952830188679245,212,7200,5000,2200,0.6944444444444444,94,50,44,170.25211694286187,0.43940020566931953,0.7457092127291098,0.10920032349056569,1090750.863373255,-12459.471290689798,1078291.392082565,4775,2,1474.25,83,129,42,36.045130759552116,0.6266315261044177,40.463789682539684,8405.384836582663,101.26969682629715,8
4777,32.30694814491036,0,2,209,0.0,0.009478672985781991,0.990521327014218,211,5900,4300,1600,0.7288135593220338,75,43,32,168.37686567164172,0.4388870081998044,0.7398484473367759,0.10847355769230771,1089371.8092550226,-11414.997841318862,1077956.8114137037,4776,3,1471.9383886255923,85,126,45,35.93750000000001,0.6274509803921569,40.310077519379846,8389.788859337188,98.70339834514338,0
4778,32.39888313296406,0,1,208,0.0,0.004784688995215311,0.9952153110047847,209,6150,4400,1750,0.7154471544715447,79,44,35,166.73186113750677,0.43821406115814016,0.7353887524799754,0.10817843716046983,1094549.9172259173,-11450.731038603846,1083099.1861873134,4777,4,1485.9617224880383,88,121,44,35.7292276404461,0.62890625,40.06320224719101,8421.661932350162,95.70070377670639,0
4779,32.069735044168986,0,0,208,0.0,0.0,1.0,208,5850,3600,2250,0.6153846153846154,81,36,45,167.591896070193,0.4375846765452744,0.7364049166754194,0.10693754557549207,1078578.6896377993,-11297.790468539126,1067280.8991692602,4778,5,1494.0625,99,109,45,36.2992676787962,0.6197390572390573,40.64583333333336,8317.419407601314,84.01433745051833,8
4780,32.54538879742094,0,1,207,0.0,0.004807692307692308,0.9951923076923077,208,6350,4500,1850,0.7086614173228346,82,45,37,166.54386590367034,0.4375716121640035,0.735509616796634,0.10675634253360784,1095931.7639001035,-11445.857454689578,1084485.9064454138,4779,6,1495.0625,81,127,42,36.163205492192446,0.6271862139917695,40.485264227642276,8446.00797437135,104.27170338730062,0
4781,32.15754328276108,0,1,206,0.0,0.004830917874396135,0.9951690821256038,207,6650,5000,1650,0.7518796992481203,83,50,33,168.02387362297858,0.4367906055063084,0.7361146003252284,0.1082309424035311,1084293.021269693,-11612.577284780593,1072680.4439849125,4780,7,1503.0917874396134,83,124,45,35.951651863171094,0.6281375502008032,40.31498015873016,8350.83226543031,100.6124369328953,0
4782,31.806564359941166,1,0,207,0.004830917874396135,0.0,1.0,207,5000,3600,1400,0.72,64,36,28,166.5254427873154,0.4369401059987805,0.7307359966977478,0.10763019332700555,1073435.3496777746,-10649.140618270005,1062786.2090595046,4781,0,1503.342995169082,89,118,49,35.87037428906612,0.6272237827715356,40.19675925925929,8263.448497541742,92.8477359274353,0
4783,31.914250818317445,0,1,206,0.0,0.004830917874396135,0.9951690821256038,207,6150,4800,1350,0.7804878048780488,75,48,27,165.7029135185444,0.4365600034394885,0.7285964386073489,0.10757899273888413,1078359.766355336,-11812.528978748513,1066547.2373765875,4782,1,1504.342995169082,90,117,49,35.73361588140316,0.6284722222222222,40.04120879120881,8296.390065064039,92.18211183404487,0
4784,31.688324439377105,0,1,205,0.0,0.0048543689320388345,0.9951456310679612,206,5500,4200,1300,0.7636363636363637,68,42,26,164.07134395960523,0.4361951416844265,0.7249778531035767,0.10683682612262219,1071574.7032322118,-11537.059657515008,1060037.6435746967,4783,2,1511.9126213592233,90,116,38,35.671317692973545,0.6295138888888889,39.938186813186825,8240.923110556452,91.56581233951614,0
4785,31.506310428268836,0,1,204,0.0,0.004878048780487805,0.9951219512195122,205,5300,3200,2100,0.6037735849056604,74,32,42,164.30997822033174,0.43589391040969233,0.7254992350155998,0.10729344571615561,1066216.572905595,-11261.995625544827,1054954.5772800501,4784,3,1520.229268292683,92,113,41,35.566277033911696,0.6298686594202898,39.84094982078854,8196.651795669824,89.0940412572807,0
4786,31.838426651661404,1,1,204,0.004878048780487805,0.004878048780487805,0.9951219512195122,205,5400,3700,1700,0.6851851851851852,71,37,34,162.77448707443804,0.43576139805515707,0.7235565055242072,0.10665491330692548,1078433.5583651897,-11291.706138648819,1067141.852226541,4785,0,1521.209756097561,96,109,43,35.486291620250014,0.6298828125,39.72293814432991,8286.81214300173,86.3209598229347,0
4787,31.93319991769925,1,1,204,0.004878048780487805,0.004878048780487805,0.9951219512195122,205,5800,4000,1800,0.6896551724137931,76,40,36,161.43031692802512,0.43573250438386735,0.7223354056310916,0.10624249720480791,1082907.485868489,-11837.180270504188,1071070.3055979847,4786,0,1516.2439024390244,83,122,48,35.366817849943615,0.6356676706827309,39.5709325396825,8316.333475590205,100.19678886253259,0
4788,31.93272349043609,0,0,204,0.0,0.0,1.0,204,5700,4000,1700,0.7017543859649122,74,40,34,157.9522363807676,0.4346742288869571,0.7149547507807341,0.10454193387280646,1084501.1974849352,-12240.12209992722,1072261.075385008,4787,1,1524.5,85,119,48,35.26083058356954,0.6368872549019609,39.37742248062012,8322.388703291,97.9104553328353,0
4789,32.16597705598109,0,0,204,0.0,0.0,1.0,204,5700,3700,2000,0.6491228070175439,77,37,40,155.16772582587691,0.4342274984706526,0.7102668820871867,0.10320738110006406,1093837.0073067362,-12554.359830406567,1081282.6474763297,4788,2,1525.5,88,116,47,35.162163779433286,0.6375473484848485,39.2088014981273,8388.603707412936,95.32504212969246,0
4790,31.98582398927385,0,0,204,0.0,0.0,1.0,204,5350,4000,1350,0.7476635514018691,67,40,27,158.35807552178875,0.4339492981100486,0.713960825600642,0.10580101669386438,1088979.221808625,-11660.26923023466,1077318.9525783902,4789,3,1526.5,90,114,51,34.9245298882845,0.638425925925926,39.05677655677652,8346.484016248593,92.73871129165103,0
4791,32.221735028563515,1,0,205,0.004878048780487805,0.0,1.0,205,5000,3800,1200,0.76,62,38,24,157.02784403899167,0.4344103698389925,0.7123106497819363,0.1053754780234303,1098267.6503397676,-11508.27973787591,1086759.3706018918,4790,0,1520.0487804878048,93,112,40,34.80747669170802,0.6390008960573477,38.90735815602833,8412.857923403983,90.46083788606433,0
4792,32.13306310994117,0,0,205,0.0,0.0,1.0,205,6050,4500,1550,0.743801652892562,76,45,31,188.70489288184226,0.43410051012274825,0.7630131557408812,0.12005023634797729,1079832.994587154,-6296.046085230112,1073536.9485019238,4791,1,1521.0487804878048,90,115,41,35.85875868362181,0.6212962962962962,40.75091575091577,8330.467185370344,92.56074650411493,7
4793,31.786700188530475,0,0,205,0.0,0.0,1.0,205,6150,4700,1450,0.7642276422764228,76,47,29,191.13237319373542,0.4339371114299378,0.7668397869962535,0.12212989146885406,1069466.642122743,-6268.0605279091005,1063198.5815948339,4792,2,1522.0487804878048,72,133,42,35.638419788400554,0.6300636574074074,40.596461187214594,8245.582516085793,114.52197939008046,0
4794,31.500609936106898,1,1,205,0.0048543689320388345,0.0048543689320388345,0.9951456310679612,206,6200,4200,2000,0.6774193548387096,82,42,40,186.72148640676696,0.43424846080985086,0.7626901937403292,0.12017298444908149,1061900.556006981,-7744.069953241011,1054156.4860537401,4793,0,1515.6553398058252,77,129,43,35.496226148228125,0.630275974025974,40.34455128205126,8179.305007848864,106.22474036167355,0
4795,31.398099909541447,0,1,204,0.0,0.004878048780487805,0.9951219512195122,205,5800,3600,2200,0.6206896551724138,80,36,44,184.25472309209036,0.43381555874382277,0.7580004508539393,0.11897141877202855,1059369.2201600545,-7761.243537425203,1051607.9766226292,4794,1,1523.2878048780487,81,124,43,35.444836340815385,0.6297582304526749,40.23119918699186,8156.24676130857,100.69440446059963,0
4796,31.02491255084422,2,1,205,0.009708737864077669,0.0048543689320388345,0.9951456310679612,206,6550,4700,1850,0.7175572519083969,84,47,37,181.69357466095153,0.43418876785855237,0.7555874202228274,0.1180518934825823,1048526.1497590068,-9647.907144960394,1038878.2426140464,4795,0,1516.616504854369,86,120,39,35.29059592889383,0.6300872093023255,40.014367816091955,8066.031502981695,93.79106398815924,0
4797,30.7649173181287,0,0,205,0.0,0.0,1.0,205,5600,4500,1100,0.8035714285714286,67,45,22,183.54957405496776,0.4339948987725171,0.7564595239166623,0.11965450819077598,1040659.491761274,-8397.478710191734,1032262.0130510823,4796,1,1524.8341463414633,88,117,40,35.12520811771589,0.630563446969697,39.899344569288395,8001.9751587169385,90.93153589451066,0
4798,30.823485934223566,0,0,205,0.0,0.0,1.0,205,5100,3400,1700,0.6666666666666666,68,34,34,185.14110001244936,0.4340536824485892,0.7591031016768015,0.12107674008869455,1043522.461072527,-7460.2207338665285,1036062.2403386604,4797,2,1525.8341463414633,90,115,40,34.97180919702034,0.6310185185185185,39.789377289377306,8020.59846905648,89.11776076729423,0
4799,30.972292211312503,0,2,203,0.0,0.00975609756097561,0.9902439024390244,205,5800,3900,1900,0.6724137931034483,77,39,38,185.77825435691864,0.4339450820978798,0.76073550615895,0.12190452252296821,1049498.888233622,-7805.185718885754,1041693.7025147363,4798,3,1526.8341463414633,92,113,41,34.836628373920796,0.6315670289855073,39.67293906810038,8062.925801695017,87.64049784451106,0
4800,30.580402817404075,0,1,202,0.0,0.0049261083743842365,0.9950738916256158,203,6300,4200,2100,0.6666666666666666,84,42,42,185.59999999999988,0.43318863906095045,0.7594482758620686,0.12210526315789484,1036933.1467490012,-8409.041592677022,1028524.1051563242,4799,4,1542.5024630541873,79,124,40,34.75000000000004,0.6371308016877637,39.58333333333334,7963.6465670323305,100.8056527472447,0
4801,31.12915253287239,0,1,201,0.0,0.0049504950495049506,0.995049504950495,202,6150,5000,1150,0.8130081300813008,73,50,23,190.89504160028565,0.4324730514096186,0.7630285394344585,0.11854346410486956,1039178.3428338179,-6875.201402924199,1032303.1414308937,4800,5,1550.8861386138615,72,130,42,36.677044216184385,0.6197916666666667,41.609589041095916,8043.474515771368,111.71492383015789,8
4802,30.725110700885246,0,0,201,0.0,0.0,1.0,201,5550,3900,1650,0.7027027027027027,72,39,33,188.00554805999585,0.43225228026533996,0.757452860821811,0.11714478500031736,1026651.958881112,-7146.747160737326,1019505.2117203748,4801,6,1558.7512437810944,75,126,44,36.628326970998366,0.6195833333333334,41.48848684210529,7942.794859229728,105.90393145639638,0
4803,30.369037653108954,1,0,202,0.0049504950495049506,0.0,1.0,202,6150,4500,1650,0.7317073170731707,78,45,33,185.52811597407322,0.43286352889020246,0.7550210411375691,0.11606293766750277,1015871.8258213022,-8855.442816846093,1007016.3830044562,4802,0,1552.029702970297,77,125,44,36.54739776951672,0.6201298701298701,41.34615384615388,7855.068392967691,102.01387523334664,0
4804,30.165422280405927,0,0,202,0.0,0.0,1.0,202,7050,5500,1550,0.7801418439716312,86,55,31,185.36310042164277,0.4327434609132555,0.7529859936027938,0.11648944503363927,1010326.7375896281,-9994.54069630024,1000332.1968933279,4803,1,1553.029702970297,81,121,44,36.38644841464612,0.6201131687242798,41.183943089430926,7807.295649656969,96.38636604514777,0
4805,30.220773766983037,0,0,202,0.0,0.0,1.0,202,5450,3600,1850,0.6605504587155964,73,36,37,183.6035613553558,0.4323899274255784,0.7496751449956858,0.11576722315360577,1013101.9535308959,-8648.174663131698,1004453.7788677642,4804,2,1554.029702970297,84,118,37,36.31205925505231,0.6201636904761905,41.06617647058825,7825.180501502305,93.15691073217029,0
4806,30.380560075463602,0,1,201,0.0,0.0049504950495049506,0.995049504950495,202,5700,4100,1600,0.7192982456140351,73,41,32,194.64606773221968,0.43239454542469175,0.7634244803008938,0.11735137314919725,1005798.5158922728,-6945.054790133407,998853.4611021394,4805,3,1555.029702970297,74,128,41,37.67193375434051,0.6079673423423424,42.68055555555555,7817.508840529351,105.64201135850475,7
4807,30.774893850583144,1,0,202,0.0049504950495049506,0.0,1.0,202,5950,4300,1650,0.7226890756302521,76,43,33,191.0616155113416,0.43190144574158906,0.7594126867174105,0.11570868823327077,1020153.5691032131,-7367.562203495865,1012786.0068997173,4806,0,1556.009900990099,75,127,43,37.59692501508214,0.6091666666666666,42.51644736842105,7924.0290005078705,105.65372000677161,0
4808,31.030928417727576,0,0,202,0.0,0.0,1.0,202,6750,4700,2050,0.6962962962962963,88,47,41,191.49873510623567,0.43165002134541813,0.7601526220674986,0.11644003548413659,1029810.2329928612,-7708.528596481794,1022101.7043963794,4807,1,1557.009900990099,76,126,41,37.436550444584455,0.6101973684210527,42.37012987012987,7994.494058268462,105.19071129300607,0
4809,31.083537050814297,0,0,202,0.0,0.0,1.0,202,6050,4300,1750,0.7107438016528925,78,43,35,189.77702766917295,0.43185577886146825,0.7575613792592,0.11589362691816162,1032815.5697212853,-7249.066209570435,1025566.5035117149,4808,2,1558.009900990099,81,121,44,37.32069966655163,0.6096965020576132,42.212906504065025,8012.934671902584,98.92511940620474,0
4810,31.11249267183564,0,0,202,0.0,0.0,1.0,202,6000,4100,1900,0.6833333333333333,79,41,38,189.06310876110857,0.4317772728765414,0.7561493779805466,0.11581577239778316,1034677.862202042,-7276.117361157136,1027401.7448408849,4809,3,1559.009900990099,83,119,34,37.224769998878024,0.6100652610441767,42.100694444444414,8023.890254168645,96.67337655624873,0
4811,30.98978227568539,2,0,204,0.00980392156862745,0.0,1.0,204,5900,4100,1800,0.6949152542372882,77,41,36,185.83580374783523,0.4327957476093886,0.7552120293096836,0.11434960083281198,1031890.3446946172,-8347.565682809229,1023542.779011808,4810,0,1544.7156862745098,87,117,39,37.143221641209095,0.6102729885057472,41.93892045454543,7997.256668941907,91.92249044760813,0
4812,30.7418795277334,0,0,204,0.0,0.0,1.0,204,5800,4100,1700,0.7068965517241379,75,41,34,186.84539868894086,0.43302565278985156,0.757963825515704,0.11550490421053723,1024960.3640743998,-8298.174426831685,1016662.1896475682,4811,1,1545.7156862745098,88,116,43,36.94713245403314,0.611624053030303,41.77200374531833,7938.413951549355,90.20924944942449,0
4813,30.39669160874031,1,0,205,0.004878048780487805,0.0,1.0,205,6550,4800,1750,0.732824427480916,83,48,35,187.02838012750007,0.4330952096285669,0.760423143573959,0.11649125657875416,1015570.4315413195,-9561.901456687769,1006008.5300846318,4812,0,1539.1707317073171,75,130,43,36.66755037115591,0.6194444444444445,41.502192982456165,7857.478121448004,104.76637495264005,0
4814,30.43309409653465,2,0,207,0.00966183574879227,0.0,1.0,207,5050,3400,1650,0.6732673267326733,67,34,33,185.4534963173767,0.4343790550787174,0.7610869589837292,0.11626097459231909,1018605.4774857754,-8669.210566446198,1009936.2669193292,4813,0,1525.2898550724638,78,129,44,36.472879081303304,0.6204594017094017,41.27109704641352,7873.921049079727,100.94770575743239,0
4815,30.73598615333349,3,1,209,0.014285714285714285,0.004761904761904762,0.9952380952380953,210,5450,4100,1350,0.7522935779816514,68,41,27,184.4071713981118,0.43534404192298926,0.7622986452903595,0.11648640331015804,1030888.3547245811,-9429.358895597006,1021458.9958289841,4814,0,1504.4857142857143,82,128,40,36.2253880570497,0.6215701219512195,41.001506024096415,7960.574124577665,97.08017225094714,0
4816,30.33983087194058,0,2,207,0.0,0.009569377990430622,0.9904306220095693,209,6500,5000,1500,0.7692307692307693,80,50,30,202.58299205880587,0.4343916774015458,0.7788649706457917,0.12097485185214575,1001711.2922531726,-7714.0658472515715,993997.226405921,4815,1,1512.6842105263158,86,123,35,37.82586664802909,0.5995639534883721,43.03160919540232,7796.377516446276,90.65555251681717,7
4817,30.59449868323123,0,1,206,0.0,0.004830917874396135,0.9951690821256038,207,5900,4000,1900,0.6779661016949152,78,40,38,206.92425093985545,0.4336569579288026,0.7820655252611615,0.12406419062900552,1011281.1357330942,-5448.2816997644495,1005832.8540333298,4816,2,1527.144927536232,88,119,35,37.56353939062882,0.6003787878787878,42.883895131086156,7866.33833184956,89.39020831647227,0
4818,30.68535220759568,2,1,207,0.009615384615384616,0.004807692307692308,0.9951923076923077,208,6200,4800,1400,0.7741935483870968,76,48,28,203.98408640434033,0.4346800291093769,0.7825609677000902,0.12317979963113451,1016355.294917433,-6335.938740810555,1010019.3561766224,4817,0,1517.2403846153845,71,137,39,37.37141652613826,0.6100352112676056,42.621527777777786,7897.74907079179,111.23590240551816,0
4819,30.764865790834143,0,0,207,0.0,0.0,1.0,207,6350,4700,1650,0.7401574803149606,80,47,33,199.38663764137877,0.43447383643668996,0.7751297248823934,0.12066699647268193,1019621.3865048169,-7090.224015512631,1012531.1624893043,4818,1,1524.4541062801932,74,133,40,37.408291525058026,0.609375,42.54166666666668,7920.671071731868,107.03609556394417,0
4820,30.337460193413516,1,0,208,0.004807692307692308,0.0,1.0,208,5800,3900,1900,0.6724137931034483,77,39,38,193.92584065980412,0.43468051297534993,0.7687630780749077,0.11798676640203959,1006967.4064575278,-8344.5998371405,998622.8066203872,4819,0,1518.1201923076924,80,128,36,37.351717827135836,0.6087239583333333,42.34825102880657,7816.499678176925,97.70624597721157,0
4821,30.64142201722582,2,0,210,0.009523809523809525,0.0,1.0,210,5950,4100,1850,0.6890756302521008,78,41,37,193.3631390570795,0.43491636287688923,0.7721082476496377,0.11843276138551166,1018970.6010936615,-8543.729193130155,1010426.8719005313,4820,0,1504.652380952381,82,128,35,37.119202880918785,0.6103912601626016,42.10592369477911,7902.241227810886,96.36879546110836,0
4822,30.924480932341364,1,1,210,0.004739336492890996,0.004739336492890996,0.995260663507109,211,5800,4500,1300,0.7758620689655172,71,45,26,226.4499026252013,0.4352403520649966,0.8062048897299272,0.13763357010023927,1026154.649363604,-1525.4759146428041,1024629.1734489612,4821,0,1498.516587677725,70,141,38,36.55188697154357,0.6129464285714286,42.385563380281695,7966.59273314235,113.80846761631929,8
4823,30.67077489218276,0,3,207,0.0,0.014285714285714285,0.9857142857142858,210,6000,4400,1600,0.7333333333333333,76,44,32,227.5982189572788,0.4348062390825549,0.8065559029525069,0.1386323727640943,1018360.4413715844,-1644.595457455809,1016715.8459141286,4822,1,1506.6333333333334,69,141,41,36.4414905391619,0.6142814009661836,42.30654761904762,7903.657869165614,114.5457662197915,0
4824,31.20212199126982,0,1,206,0.0,0.004830917874396135,0.9951690821256038,207,5250,3700,1550,0.7047619047619048,68,37,31,229.5808011153137,0.4344132545377797,0.8059662397048304,0.14065909828332868,1037706.4218861003,997.4943318234882,1038703.9162179239,4823,2,1528.3333333333333,72,135,35,36.17373944155511,0.6148726851851851,42.0947488584475,8047.191108307835,111.76654317094216,0
4825,30.96650697655616,0,0,206,0.0,0.0,1.0,206,5850,3900,1950,0.6666666666666666,78,39,39,230.89611244924785,0.4340304088720499,0.8058244371923218,0.14174434013480358,1030440.3280847253,534.9331731382326,1030975.2612578635,4824,3,1536.6893203883494,72,134,35,36.06682246436935,0.6155960648148149,42.02340182648403,7988.634127128442,110.9532517656728,0
4826,31.458739418850218,0,0,206,0.0,0.0,1.0,206,5950,4300,1650,0.7226890756302521,76,43,33,231.8049230017288,0.43392187623332545,0.8074813553768443,0.14296385070197162,1048178.3544144953,1444.5805474262852,1049622.9349619215,4825,4,1537.6893203883494,76,130,35,35.87215700660306,0.6154057017543859,41.856060606060616,8120.882921949428,106.85372265722931,0
4827,31.269914495909564,0,0,206,0.0,0.0,1.0,206,6750,4400,2350,0.6518518518518519,91,44,47,229.83858696333417,0.4340846751914121,0.8067440337324046,0.1421902225149967,1042785.2410104462,-15.54273998750432,1042769.6982704587,4826,5,1538.6893203883494,79,127,37,35.80909045074115,0.6152426160337553,41.744791666666686,8075.618282706693,102.22301623679358,0
4828,31.64139527534892,1,0,207,0.004830917874396135,0.0,1.0,207,6400,4500,1900,0.703125,83,45,38,225.92120204390358,0.4344972874943327,0.8046154449796814,0.14063616625882452,1056991.110731632,-40.659542757483905,1056950.4511888744,4827,0,1532.2512077294687,64,143,39,35.68287969909274,0.6251627604166667,41.522435897435926,8178.590775578627,127.79048086841604,0
4829,31.779211297280845,0,0,207,0.0,0.0,1.0,207,5850,4100,1750,0.7008547008547008,76,41,35,226.16320445805667,0.4343184731798071,0.8039957895030352,0.1411991898103012,1062453.6677369638,807.5852167217263,1063261.2529536856,4828,1,1533.2512077294687,66,141,40,35.56973504890172,0.625,41.41791044776122,8217.534861573055,124.5081039632281,0
4830,31.71247205527785,0,1,206,0.0,0.004830917874396135,0.9951690821256038,207,5400,3700,1700,0.6851851851851852,71,37,34,229.03653360023006,0.43404194612510355,0.8069826511960585,0.1436560003357409,1061574.6378556057,1827.8750424736927,1063402.5128980794,4829,2,1534.2512077294687,67,140,39,35.32681358909085,0.6260883084577115,41.253063725490215,8205.504985994192,122.4702236715551,0
4831,31.91866784627435,2,1,207,0.009615384615384616,0.004807692307692308,0.9951923076923077,208,6650,4700,1950,0.706766917293233,86,47,39,204.78708814840132,0.43446470875139354,0.7748657798702216,0.12181195649879095,1052650.7120766693,-5136.145167295374,1047514.566909374,4830,0,1527.8076923076924,88,120,41,37.91708441568305,0.5974195075757576,43.17649812734084,8197.464051390478,93.1530005839827,8
4832,32.194418583372034,0,0,207,0.0,0.0,1.0,207,5300,4100,1200,0.7735849056603774,65,41,24,206.9814526521167,0.43474352359958096,0.7773525316508021,0.12344369387350101,1062553.4844819412,-2714.2272522717085,1059839.2572296695,4831,1,1534.6183574879226,89,118,34,37.76090939123641,0.5980805243445693,43.07870370370372,8271.431755945556,92.93743546006243,0
4833,31.91600578399257,1,0,208,0.004807692307692308,0.0,1.0,208,5950,4000,1950,0.6722689075630253,79,40,39,204.45283595908487,0.43508696039266687,0.7771448254955626,0.1224046210912608,1054524.7244917478,-4429.885897737693,1050094.83859401,4832,0,1528.235576923077,90,118,36,37.68155066720107,0.5991898148148148,42.93727106227108,8204.415543625515,91.16017270695016,0
4834,31.550981948391858,1,0,209,0.004784688995215311,0.0,1.0,209,6400,4600,1800,0.71875,82,46,36,204.77641741162353,0.43576995920745926,0.7814203302168299,0.12346018833392011,1044550.3086922943,-5420.145995957557,1039130.1626963367,4833,0,1521.9186602870814,73,136,41,37.41087709700943,0.6084474885844748,42.68018018018016,8118.692990098532,111.21497246710318,0
4835,31.506010779134854,1,0,210,0.004761904761904762,0.0,1.0,210,5500,4000,1500,0.7272727272727273,70,40,30,199.22387077542052,0.4360598465861624,0.7770714374418677,0.12078790926103104,1044722.8744611475,-5873.2530124456025,1038849.6214487018,4834,0,1515.6666666666667,75,135,41,37.3448227686412,0.6095833333333334,42.475328947368396,8113.575062077312,108.1810008276975,0
4836,31.796814918008288,1,1,210,0.004739336492890996,0.004739336492890996,0.995260663507109,211,4800,3400,1400,0.7083333333333334,62,34,28,195.83530293308482,0.4363979161964944,0.7743849268551002,0.11920593078261392,1055550.17049935,-5657.202519838455,1049892.9679795115,4835,0,1509.478672985782,79,132,40,37.28465519564742,0.6093090717299579,42.330729166666636,8193.062114745571,103.70964702209584,0
4837,32.19899723601004,2,3,209,0.009433962264150943,0.014150943396226415,0.9858490566037735,212,6450,4400,2050,0.6821705426356589,85,44,41,196.14599663522972,0.4373085822230171,0.7765371930387632,0.12025297964409067,1071056.6345583007,-6833.3057923579345,1064223.3287659427,4836,0,1503.25,84,128,35,37.01190589315975,0.6099950396825398,42.07107843137251,8305.052632675186,98.86967419851412,0
4838,32.345436461672314,2,1,210,0.009478672985781991,0.004739336492890996,0.995260663507109,211,7200,5600,1600,0.7777777777777778,88,56,32,198.97058776891447,0.43741724968028284,0.7783257184313384,0.12263291794485377,1077524.677669581,-6520.856309715002,1071003.821359866,4837,0,1500.691943127962,87,124,39,36.74390076125836,0.6108716475095786,41.87973484848483,8349.012635928295,95.96566248193443,0
4839,32.50549183979169,0,0,210,0.0,0.0,1.0,210,5300,3700,1600,0.6981132075471698,69,37,32,203.7273648469033,0.4368402065770487,0.7833565394968927,0.12577727235258335,1083367.7620547663,-3157.6681352995206,1080210.0939194667,4838,1,1508.8380952380953,88,122,40,36.558963083850884,0.6111505681818181,41.818820224719076,8392.30623237311,95.36711627696717,0
4840,31.986193180526225,0,0,210,0.0,0.0,1.0,210,5550,3900,1650,0.7027027027027027,72,39,33,207.42108603287255,0.43667597022860183,0.7881899755279627,0.12834979485141162,1066736.876058928,-3297.255731308979,1063439.620327619,4839,2,1509.8380952380953,88,122,40,36.37996993866881,0.6119791666666667,41.73689138576777,8260.853683538004,93.87333731293187,0
4841,32.406732629015245,1,1,210,0.004739336492890996,0.004739336492890996,0.995260663507109,211,6300,4700,1600,0.746031746031746,79,47,32,207.33795492316173,0.4372940645452494,0.7896572876849286,0.1289772779765575,1082346.5200050536,-3617.6972047900663,1078728.8228002635,4840,0,1503.6777251184835,69,142,38,36.18892023645019,0.6219806763285024,41.547619047619065,8375.59720685624,121.38546676603247,0
4842,32.6762650955197,1,0,211,0.004739336492890996,0.0,1.0,211,6450,4600,1850,0.7131782945736435,83,46,37,205.58536512366388,0.43741442864665614,0.7872489402926153,0.12836856415097647,1092483.3382308446,-3730.2828036582314,1088753.0554271864,4841,0,1504.6113744075828,73,138,45,36.0971239339503,0.6212899543378996,41.413288288288314,8449.64794207068,115.7486019461737,0
4843,32.50968457947897,1,0,212,0.0047169811320754715,0.0,1.0,212,5950,4000,1950,0.6722689075630253,79,40,39,203.92036103252758,0.43751769799397894,0.7865038311908643,0.12797206908891737,1088423.6502807352,-3959.651255682131,1084463.999025053,4842,0,1498.5094339622642,76,136,44,35.95699585250246,0.6217105263157895,41.23376623376625,8412.408639560012,110.68958736263173,0
4844,32.18383618935536,0,1,211,0.0,0.0047169811320754715,0.9952830188679245,212,5300,3700,1600,0.6981132075471698,69,37,32,198.73029307000547,0.43751676652061167,0.7806029789092324,0.12527350409115542,1078836.0198832282,-4820.520318825365,1074015.499564403,4843,1,1499.5094339622642,80,132,46,35.92948081189366,0.6216145833333333,41.07510288065845,8333.196474234612,104.16495592793265,0
4845,32.37804657762018,0,2,209,0.0,0.009478672985781991,0.990521327014218,211,5500,4000,1500,0.7272727272727273,70,40,30,194.6266384225981,0.4369122846610998,0.7719139795888705,0.12201593101109012,1083714.1843295405,-5516.070258610847,1078198.1140709296,4844,2,1507.3886255924172,83,128,41,36.2342631646217,0.6184738955823292,41.269841269841265,8377.177130400129,100.92984494457987,8
4846,32.61365956219518,1,0,210,0.004761904761904762,0.0,1.0,210,6350,4400,1950,0.6929133858267716,83,44,39,189.79651124328345,0.4366128389154705,0.7651698361601782,0.11946547984216703,1092802.142922602,-6867.993158821155,1085934.1497637806,4845,0,1509.852380952381,84,126,44,36.21414031433441,0.6195436507936508,41.12745098039216,8442.781183723187,100.50929980622843,0
4847,32.42122801599921,0,0,210,0.0,0.0,1.0,210,4200,2600,1600,0.6190476190476191,58,26,32,193.20369112863324,0.43656394774815827,0.7684485833168215,0.12197886278786765,1087255.297684808,-4187.652657626799,1083067.6450271811,4846,1,1510.852380952381,86,124,36,36.01652797041147,0.6199127906976745,41.02011494252874,8396.445905005563,97.63309191866934,0
4848,32.53658879672092,1,1,210,0.004739336492890996,0.004739336492890996,0.995260663507109,211,6300,4300,2000,0.6825396825396826,83,43,40,192.63594867687704,0.4369254494846912,0.7700031364189868,0.12234513427878617,1092893.6076610857,-6393.8806170622265,1086499.7270440233,4847,0,1504.6872037914693,89,122,39,35.81725759876156,0.6210205992509363,40.8101851851852,8433.15242492791,94.75452162840348,0
4849,32.18709525241772,0,2,208,0.0,0.009523809523809525,0.9904761904761905,210,6600,4200,2400,0.6363636363636364,90,42,48,196.16438562195486,0.4363527189185084,0.7734924601757867,0.12516092121346187,1082506.458759708,-6130.157117120601,1076376.3016425874,4848,1,1512.8428571428572,89,121,42,35.560588480304645,0.6226591760299626,40.64814814814816,8347.782759446518,93.79531190389346,0
4850,32.09196358683191,0,3,205,0.0,0.014423076923076924,0.9855769230769231,208,6600,4800,1800,0.7272727272727273,84,48,36,197.66852351965127,0.43593227424749165,0.77434579554721,0.1263536167796039,1079846.5481819366,-5509.665438617228,1074336.8827433195,4849,2,1528.0576923076924,74,134,43,35.4554823856944,0.629222972972973,40.583333333333314,8325.190220483932,112.50257054708015,0
4851,31.979890277593736,0,2,203,0.0,0.00975609756097561,0.9902439024390244,205,6200,4400,1800,0.7096774193548387,80,44,36,197.21990737956912,0.4350739279451618,0.7701185051780799,0.1263608970022795,1076753.253864392,-4728.564600443322,1072024.6892639487,4850,3,1549.809756097561,75,130,42,35.38382057782704,0.6295833333333334,40.50164473684208,8298.728928531773,110.6497190470903,0
4852,32.39530901657588,0,0,203,0.0,0.0,1.0,203,5550,3800,1750,0.6846846846846847,73,38,35,196.02784115340845,0.4346132273325855,0.7652985644920485,0.12619732840255163,1092142.3409941425,-3331.938932537989,1088810.4020616044,4851,4,1564.3694581280788,78,125,44,35.244757020261034,0.6299412393162394,40.33491561181433,8411.930649570482,107.8452647380831,0
4853,32.057207099845776,0,0,203,0.0,0.0,1.0,203,5950,4200,1750,0.7058823529411765,77,42,35,197.5444871035082,0.43437748947308524,0.7675567002575594,0.12751069449341687,1081512.369424736,-3820.638737178495,1077691.7306875575,4852,5,1565.3694581280788,78,125,42,35.11125211505922,0.6308760683760684,40.24261603375525,8327.096253519996,106.75764427589739,0
4854,31.62408019019603,0,0,203,0.0,0.0,1.0,203,6550,4600,1950,0.7022900763358778,85,46,39,195.43514363964863,0.4339364970979857,0.7645470612567227,0.12674259315244493,1068241.4496408734,-5395.6157695220445,1062845.8338713513,4853,6,1566.3694581280788,83,120,43,34.9996024173028,0.6305220883534137,40.07936507936507,8219.751001816796,99.03314460020236,0
4855,31.981550238118523,0,1,202,0.0,0.0049261083743842365,0.9950738916256158,203,6350,4600,1750,0.7244094488188977,81,46,35,198.5090604185828,0.43393852932091237,0.76801944544556,0.12953433217046578,1082097.6106157103,-3988.7640070963944,1078108.8466086139,4854,7,1567.3694581280788,84,119,37,34.70128452756708,0.6323164682539683,39.86519607843137,8319.514300300745,99.0418369083422,0
4856,32.07271649798395,0,1,201,0.0,0.0049504950495049506,0.995049504950495,202,5150,3800,1350,0.7378640776699029,65,38,27,201.50365413910555,0.4334279510040557,0.7723154500179799,0.13171182776157933,1085671.5990499347,-1796.64111927866,1083874.957930656,4855,8,1576.0594059405942,83,119,39,34.56355447526451,0.6332831325301205,39.806547619047606,8345.110832845936,100.543504010192,0
4857,31.622535577675592,0,1,200,0.0,0.004975124378109453,0.9950248756218906,201,6350,4800,1550,0.7559055118110236,79,48,31,208.9768553740243,0.4331612769485904,0.7800382789358304,0.13738559828252125,1072065.9900034934,-1742.6041311264107,1070323.385872367,4856,9,1583.0248756218905,83,118,43,34.16654760770869,0.6352911646586346,39.608134920634896,8234.251017609457,99.20784358565611,0
4858,31.921753349986968,0,0,200,0.0,0.0,1.0,200,6250,4700,1550,0.752,78,47,31,207.70904726205046,0.433089405360134,0.7778848900314193,0.1369471514998942,1083034.8360785136,-1258.7732093042105,1081776.0628692093,4857,10,1585.865,69,131,42,34.09829334475863,0.6426630434782609,39.50892857142857,8315.331732016693,120.51205408719845,0
4859,31.824701086797035,0,1,199,0.0,0.005,0.995,200,6550,5000,1550,0.7633587786259542,81,50,31,206.4016454197096,0.4331694932998325,0.7762579105140444,0.13659512272559338,1080804.6274602655,-1934.0293029929617,1078870.5981572727,4858,11,1586.865,71,129,41,34.0015635986825,0.6428990610328639,39.38078703703704,8294.1285500226,116.8187119721493,0
4860,31.768890213082454,0,2,197,0.0,0.010050251256281407,0.9899497487437185,199,6100,4900,1200,0.8032786885245902,73,49,24,206.81487003664608,0.43316011877569666,0.7740082402945392,0.137411716375855,1080029.672252106,-1226.7607394917495,1078802.9115126142,4859,12,1587.2713567839196,73,126,42,33.85270459943855,0.6432648401826484,39.2454954954955,8283.881226170332,113.47782501603194,0
4861,31.375044672113628,0,0,197,0.0,0.0,1.0,197,4750,3400,1350,0.7157894736842105,61,34,27,206.22725221590156,0.4320116371421665,0.771024533151538,0.1375680580762251,1067750.3615588578,-110.15537663620944,1067640.2061822216,4860,13,1602.53807106599,76,121,43,33.7295825771325,0.6432291666666667,39.10984848484849,8185.440158302387,107.70315997766299,0
4862,31.65833142786689,2,0,199,0.010050251256281407,0.0,1.0,199,5800,4400,1400,0.7586206896551724,72,44,28,201.20105251244922,0.43240296600849365,0.766786057949322,0.13509213525835864,1079216.8846320661,-2172.0853845644187,1077044.7992475017,4861,0,1587.4221105527638,80,119,40,33.63530585106386,0.64375,38.888888888888886,8266.342095054124,103.32927618817655,0
4863,31.390645818426382,0,0,199,0.0,0.0,1.0,199,5300,3900,1400,0.7358490566037735,67,39,28,200.29013057703702,0.43187634299443345,0.765488001099865,0.1348503486073621,1070852.8861577227,-2203.747120534441,1068649.1390371881,4862,1,1588.4221105527638,85,114,42,33.564369348481335,0.6427696078431373,38.79602713178295,8199.361398672068,96.46307527849493,0
4864,31.73252365488432,0,0,199,0.0,0.0,1.0,199,5650,4000,1650,0.7079646017699115,73,40,33,203.063845362944,0.43171983655651996,0.7717625452217141,0.13528705497557506,1079560.6579016529,-1606.052300788041,1077954.6056008649,4863,2,1589.4221105527638,74,125,44,33.85591377810907,0.6437218468468469,39.152777777777786,8277.340649477557,111.8559547226697,8
4865,31.96532042812784,1,2,198,0.005,0.01,0.99,200,6400,4700,1700,0.734375,81,47,34,201.0034595361046,0.4316352596314908,0.7713861103912913,0.13461859603433388,1088966.992162225,-2622.7734509531642,1086344.2187112719,4864,0,1582.47,76,124,44,33.72786559557745,0.6445997807017544,38.97456709956712,8343.761602553168,109.78633687569958,0
4866,32.338053009901344,0,1,197,0.0,0.005050505050505051,0.9949494949494949,198,6100,4700,1400,0.7704918032786885,75,47,28,199.49636529888255,0.43106936539677654,0.7676712270808204,0.13398191928010048,1102461.5560086179,-1712.585338905922,1100748.970669712,4865,1,1592.530303030303,79,119,37,33.67096339882318,0.6442510548523206,38.88020833333334,8444.105664851088,106.88741347912769,0
4867,31.972053654447606,0,1,196,0.0,0.005076142131979695,0.9949238578680203,197,6150,4300,1850,0.6991869918699187,80,43,37,197.92124541318722,0.43081382299112536,0.7650305600444749,0.1332566027565807,1090689.3593711858,-2375.88072686849,1088313.4786443172,4866,5,1601.6091370558377,81,116,38,33.62594429854424,0.6442901234567902,38.79573170731709,8351.236880624429,103.10168988425221,0
4868,32.195820219356285,0,2,194,0.0,0.01020408163265306,0.9897959183673469,196,4900,3000,1900,0.6122448979591837,68,30,38,200.02141211731967,0.4299172553636839,0.7658374093439018,0.1350768367450191,1099177.7041283804,-128.1846904733593,1099049.519437907,4867,6,1610.7551020408164,81,115,39,33.46742829363151,0.6453189300411523,38.694105691056926,8412.957595428887,103.86367401764058,0
4869,31.728056684652454,0,0,194,0.0,0.0,1.0,194,5300,4400,900,0.8301886792452831,62,44,18,200.574642765161,0.4294831561704325,0.7643850041695661,0.13570169905323384,1083725.6330690272,-626.4236583462193,1083099.209410681,4868,21,1627.7371134020618,80,114,40,33.389301646657486,0.6463541666666667,38.631687242798364,8292.70864273249,103.65885803415613,0
4870,32.23974536398886,0,0,194,0.0,0.0,1.0,194,4950,3600,1350,0.7272727272727273,63,36,27,199.47636613590413,0.4294514404501184,0.7640838522956594,0.13543710899850986,1102205.8311041344,222.80278449137813,1102428.6338886258,4869,22,1628.7371134020618,71,123,42,33.29667846999371,0.6517018779342723,38.51273148148148,8430.28295296202,118.73637961918337,0
4871,31.754097356699628,0,0,194,0.0,0.0,1.0,194,5050,3200,1850,0.6336633663366337,69,32,37,198.44560341130338,0.42913428324697755,0.7630407028081969,0.13502256535000712,1086191.8001827835,-740.0025584635473,1085451.79762432,4870,23,1629.7371134020618,72,122,41,33.2512729587198,0.6519097222222222,38.44178082191781,8305.5451562258,115.35479383646945,0
4872,31.42795869022453,0,0,194,0.0,0.0,1.0,194,6350,4400,1950,0.6929133858267716,83,44,39,197.22673309810466,0.429060279899578,0.7604463110584609,0.13486564952046962,1076410.7172782714,-2690.6061518837837,1073720.1111263877,4871,24,1630.7371134020618,77,117,42,33.11264754906962,0.6512445887445888,38.274572649572654,8225.495918950603,106.8246223240338,0
4873,31.672621592816867,0,0,194,0.0,0.0,1.0,194,4950,3500,1450,0.7070707070707071,64,35,29,198.61248523495502,0.4290625055641615,0.7614973528547517,0.13628357746357123,1085746.3561088208,-621.4435756858966,1085124.912533135,4872,25,1631.7371134020618,78,116,43,32.95879914056466,0.6519764957264957,38.159282700421954,8293.181956621309,106.32284559770909,0
4874,32.0572989202515,0,0,194,0.0,0.0,1.0,194,6150,4900,1250,0.7967479674796748,74,49,25,194.52377518967964,0.42906083631572384,0.7574204723425169,0.13419272979574667,1100423.7258625987,-2138.2845073827375,1098285.441355216,4873,26,1632.7371134020618,79,115,43,32.88489332273189,0.6533491561181435,37.98177083333334,8399.596694950813,106.32400879684573,0
4875,32.229193948399164,0,1,193,0.0,0.005154639175257732,0.9948453608247423,194,5750,4100,1650,0.7130434782608696,74,41,33,194.3875457124791,0.42903023342770147,0.7581173617998809,0.13453994377784279,1107243.5355330121,-1503.129324345819,1105740.4062086663,4874,27,1633.7371134020618,80,114,39,32.7775188474055,0.6540364583333333,37.872942386831284,8448.143778938038,105.60179723672547,0
4876,31.83546472129994,1,0,194,0.005154639175257732,0.0,1.0,194,5950,4600,1350,0.773109243697479,73,46,27,193.73293666869463,0.4291832478678133,0.7503975257377113,0.12716562120842964,1078840.3952660458,-2948.6164056584744,1075891.7788603874,4875,0,1632.9020618556701,92,102,37,34.61812875561103,0.6316802536231885,39.6617383512545,8287.989544323244,90.08684287307874,8
4877,32.12650935788139,1,0,195,0.005128205128205128,0.0,1.0,195,5750,4200,1550,0.7304347826086957,73,42,31,189.38648961850294,0.42936382060093403,0.7463505184998216,0.12479034099727292,1089806.1393259813,-3471.08818167184,1086335.0511443093,4876,0,1625.5230769230768,77,118,41,34.59696301613346,0.6385281385281385,39.52991452991453,8367.99463830286,108.67525504289429,0
4878,32.40807601355958,0,0,195,0.0,0.0,1.0,195,4850,3900,950,0.8041237113402062,58,39,19,191.1603972302278,0.4290289893382677,0.7494066571690299,0.12634487525296853,1100242.443287818,-1785.4434983089518,1098456.999789509,4877,1,1626.5230769230768,78,117,40,34.44394545086531,0.639155982905983,39.425105485232066,8444.730988659863,108.26578190589568,0
4879,32.77625262809083,0,0,195,0.0,0.0,1.0,195,6000,4800,1200,0.8,72,48,24,190.6956558242774,0.4287646488677417,0.7498448016226684,0.12660775239473898,1114059.883361884,-2510.7239829575856,1111549.1593789263,4878,2,1627.5230769230768,79,116,39,34.298841390331596,0.640295358649789,39.27083333333333,8545.725034178255,108.17373460985132,0
4880,32.3781643353382,1,0,196,0.00510204081632653,0.0,1.0,196,5000,3400,1600,0.68,66,34,32,219.56155488121865,0.4290745464852608,0.7720708957174902,0.1427848500040932,1094524.7117552618,3863.109513780564,1098387.8212690423,4879,0,1620.2142857142858,85,111,34,34.274069890219096,0.6307598039215686,39.98304263565891,8418.871775517251,99.04555030020295,8
4881,32.09798474068096,0,0,196,0.0,0.0,1.0,196,5200,3500,1700,0.6730769230769231,69,35,34,218.31257611503275,0.428542538810396,0.7697743837945616,0.1424964504092684,1086117.4131567471,3022.6180859288306,1089140.0312426758,4880,1,1621.2142857142858,87,109,36,34.176307427462056,0.631345785440613,39.85558712121212,8350.111394956728,95.97829189605434,0
4882,31.671786182893,0,1,195,0.0,0.00510204081632653,0.9948979591836735,196,5400,3400,2000,0.6296296296296297,74,34,40,217.1726702355757,0.428183324611896,0.7700508184306478,0.14226697551168943,1072726.5561378384,1993.3781258135696,1074719.934263652,4881,2,1622.2142857142858,91,105,36,34.078183683531286,0.6312957875457875,39.73052536231884,8243.199150658538,90.58460605119272,0
4883,31.198757298245976,0,0,195,0.0,0.0,1.0,195,5950,4300,1650,0.7226890756302521,76,43,33,216.81865575139722,0.42785377566305405,0.7706686157094533,0.14246386811091355,1057547.9661428581,909.2256823441239,1058457.1918252022,4882,3,1630.9179487179488,95,100,40,33.981358004111804,0.631140350877193,39.62673611111113,8123.322267021655,85.50865544233321,0
4884,31.08801309098558,0,0,195,0.0,0.0,1.0,195,4800,3600,1200,0.75,60,36,24,217.70282389993477,0.427560798308221,0.7733254589300649,0.143573634496033,1054820.1701787775,2127.4659509058993,1056947.6361296833,4883,4,1631.9179487179488,74,121,39,33.82884143740671,0.6402027027027026,39.5,8098.427410201746,109.43820824596955,0
4885,31.203920056016223,1,0,196,0.00510204081632653,0.0,1.0,196,6050,4600,1450,0.7603305785123967,75,46,29,216.70642069690814,0.4280901142508285,0.7746932737905436,0.14352982494215677,1059945.2653351757,689.3889170843213,1060634.65425226,4884,0,1624.5867346938776,76,120,40,33.70497482742511,0.6407620614035088,39.353354978354986,8133.197074124275,107.0157509753194,0
4886,31.68254771606929,0,0,196,0.0,0.0,1.0,196,5750,4400,1350,0.7652173913043478,71,44,27,218.7208453420712,0.4277450723879295,0.7768322006785737,0.14554745954158466,1077530.4716305188,2185.67512737367,1079716.1467578926,4885,1,1625.5867346938776,79,117,42,33.48830920286239,0.6410864978902954,39.19270833333334,8263.039462927993,104.59543623959485,0
4887,31.4729722334804,0,1,195,0.0,0.00510204081632653,0.9948979591836735,196,5800,3900,1900,0.6724137931034483,77,39,38,195.5608763378042,0.42745290423861854,0.7483062146989361,0.12682202615089042,1063132.3999905973,-3418.579238944949,1059713.8207516524,4886,2,1626.5867346938776,85,111,42,34.99692242571106,0.6297794117647059,40.079941860465134,8180.456772750241,96.24066791470871,8
4888,31.469460679295715,0,0,195,0.0,0.0,1.0,195,5750,3900,1850,0.6782608695652174,76,39,37,196.43010689615397,0.42662128821922635,0.7485764648887778,0.12768828937478702,1063687.1414550599,-2961.9642199832597,1060725.1772350767,4887,8,1635.9179487179488,87,108,32,34.89040329311787,0.6299090038314177,39.9976325757576,8182.134278181058,94.04752043886273,0
4889,31.346541323867786,0,0,195,0.0,0.0,1.0,195,5050,3500,1550,0.693069306930693,66,35,31,199.44961421781184,0.42637897612124415,0.7547473041624546,0.1302398949716082,1060810.7945407867,-1734.3392541496687,1059076.455286637,4888,9,1636.9179487179488,88,107,36,34.65195924059746,0.631155303030303,39.84082397003747,8155.09036220666,92.67148138871204,0
4890,31.1745951057605,0,1,194,0.0,0.005128205128205128,0.9948717948717949,195,5200,3700,1500,0.7115384615384616,67,37,30,202.4239553912111,0.42620495197814784,0.757261156229402,0.13254819629955736,1055766.1988540702,-1457.526011922746,1054308.6728421473,4889,10,1637.9179487179488,89,106,38,34.477193216519936,0.6317883895131087,39.74537037037039,8113.332703103412,91.16104160790351,0
4891,30.742580056635514,0,0,194,0.0,0.0,1.0,194,5750,4600,1150,0.8,69,46,23,200.20265679689572,0.42559547655930063,0.7534285423488356,0.13140906901887092,1041797.8932505288,-2835.858785166821,1038962.034465362,4890,14,1647.3092783505156,91,103,40,34.45056647675382,0.6319826007326007,39.66259057971016,8003.443650840405,87.94993022901544,0
4892,31.104938286203186,0,0,194,0.0,0.0,1.0,194,4900,3600,1300,0.7346938775510204,62,36,26,202.65370476569686,0.42543689795773015,0.7556905515322132,0.13324064676622593,1054543.5365746068,-958.5690952865789,1053584.9674793202,4891,15,1648.3092783505156,95,99,40,34.32803428063456,0.6313596491228071,39.60503472222226,8099.569325003398,85.25862447371998,0
4893,31.641057935353263,1,0,195,0.005128205128205128,0.0,1.0,195,5450,3900,1550,0.7155963302752294,70,39,31,201.283047231927,0.425620098687109,0.7568905002101727,0.1334594117516036,1075100.2317321328,-1170.1098554411892,1073930.1218766917,4892,0,1640.851282051282,77,118,40,34.069117144808736,0.6406926406926408,39.31623931623931,8248.309974600626,107.12090876104709,0
4894,31.2448943524634,0,0,195,0.0,0.0,1.0,195,5500,4300,1200,0.7818181818181819,67,43,24,197.8167009665794,0.4259306987399771,0.7494782008199441,0.1317473344452406,1062878.7108093335,-2448.9679800174763,1060429.742829316,4893,1,1641.851282051282,81,114,44,34.00435680774038,0.6405606995884774,39.164126016260155,8149.78932595439,100.61468303647395,0
4895,31.11754812276335,0,1,194,0.0,0.005128205128205128,0.9948717948717949,195,5350,3900,1450,0.7289719626168224,68,39,29,196.79345459573028,0.42558485329103884,0.7486896726558301,0.13126635059559166,1058968.9772465432,-2670.3673315892884,1056298.6099149538,4894,2,1642.851282051282,83,112,43,33.97800012675476,0.6403112449799198,39.11210317460316,8118.191684110774,97.80953836278042,0
4896,31.351308433677712,0,0,194,0.0,0.0,1.0,194,4650,3500,1150,0.7526881720430108,58,35,23,198.94625558001445,0.42516647971084165,0.7509159312518838,0.1330417524207625,1067634.2483248375,-969.6327933581233,1066664.6155314795,4895,3,1650.9175257731958,83,111,44,33.83330363506773,0.6411897590361446,39.02529761904761,8181.898387732468,98.57708900882491,0
4897,31.11241576785364,1,0,195,0.005128205128205128,0.0,1.0,195,4850,3400,1450,0.7010309278350515,63,34,29,199.9310689701248,0.42559807031456515,0.7671636320691317,0.12592524047271417,1042682.3467618445,-2157.0807631251046,1040525.2659987194,4896,0,1643.446153846154,75,120,44,35.928593802389386,0.6234722222222222,41.10471491228071,8054.8577499861485,107.39810333314864,8
4898,30.998051494021677,0,0,195,0.0,0.0,1.0,195,5950,4600,1350,0.773109243697479,73,46,27,199.24889121975465,0.4255352894528152,0.7672055849155068,0.12621665739742727,1040477.9008508747,-3487.1863833608572,1036990.7144675138,4897,1,1644.446153846154,78,117,38,35.73939779474131,0.624198717948718,40.90189873417723,8031.536285041256,102.96841391078533,0
4899,31.224483064578653,1,1,195,0.00510204081632653,0.00510204081632653,0.9948979591836735,196,5450,3900,1550,0.7155963302752294,70,39,31,200.87627059885335,0.42555926216640505,0.77049162325283,0.12784536345236677,1049415.9525432698,-2489.4474292326877,1046926.5051140372,4898,0,1637.0510204081634,83,113,41,35.528620796862306,0.6238704819277108,40.73660714285716,8095.365419533103,97.53452312690486,0
4900,30.77611965494315,0,0,195,0.0,0.0,1.0,195,4200,2800,1400,0.6666666666666666,56,28,28,201.09846235744527,0.42527425323817075,0.7688734191901605,0.12844728376010256,1035354.8541315949,-1558.3461679637767,1033796.5079636311,4899,1,1645.7794871794872,70,125,41,35.39404223227752,0.6309523809523809,40.61032863849766,7983.007563077999,114.04296518682857,0
4901,30.66132711137786,0,1,194,0.0,0.005128205128205128,0.9948717948717949,195,5050,3800,1250,0.7524752475247525,63,38,25,201.0352312623541,0.425103533350956,0.7681405497627656,0.12877159846797862,1032284.4308242274,-2544.8921441447087,1029739.5386800827,4900,2,1646.7794871794872,72,123,40,35.29419851525982,0.630931712962963,40.51084474885845,7956.2818710103775,110.50391487514413,0
4902,30.884223195017253,1,1,194,0.005128205128205128,0.005128205128205128,0.9948717948717949,195,5250,4000,1250,0.7619047619047619,65,40,25,200.48025237942645,0.4255507093135959,0.7682264818243991,0.12892809535865213,1040904.7928601755,-2513.828884887444,1038390.9639752881,4901,0,1647.3692307692309,73,122,44,35.16658533940574,0.6318493150684932,40.37162162162162,8018.420785598229,109.84138062463327,0
4903,30.840619783512576,0,0,194,0.0,0.0,1.0,194,6550,5100,1450,0.7786259541984732,80,51,29,202.3261996530611,0.42543634154158433,0.7690779303990449,0.13070520750593462,1040699.1586746045,-3237.8588486458316,1037461.2998259587,4902,1,1656.4948453608247,75,119,39,34.95766065210508,0.6325000000000001,40.213815789473685,8011.9669322464015,106.82622576328535,0
4904,30.521547037539758,0,0,194,0.0,0.0,1.0,194,5050,3200,1850,0.6336633663366337,69,32,37,201.56545556041957,0.4249678391467692,0.7687643327892897,0.1306248861359081,1030801.8302265669,-2295.1918995735878,1028506.6383269933,4903,2,1657.4948453608247,75,119,40,34.865564462257844,0.6336111111111111,40.104166666666664,7932.422901943922,105.76563869258563,0
4905,30.10739094021137,0,0,194,0.0,0.0,1.0,194,5450,4100,1350,0.7522935779816514,68,41,27,202.23772980925887,0.4246657051795666,0.7693706123335302,0.13126233446939706,1017232.6022504835,-3105.437566579527,1014127.1646839039,4904,3,1658.4948453608247,77,117,35,34.793593201472746,0.6332521645021645,40.05074786324786,7826.393758696759,101.64147738567219,0
4906,29.81101337997183,0,1,193,0.0,0.005154639175257732,0.9948453608247423,194,4800,3000,1800,0.625,66,30,36,203.68757459832872,0.42435745063475955,0.7704514860599894,0.13258150523377937,1007986.4394306741,-2537.137384872434,1005449.3020458017,4905,4,1659.4948453608247,81,113,37,34.6548674547734,0.6325874485596708,39.9517276422764,7752.302526694608,95.707438601168,0
4907,29.471452939519192,0,0,193,0.0,0.0,1.0,193,4250,2500,1750,0.5882352941176471,60,25,35,202.46530197173115,0.4233187607944732,0.7684603086879818,0.13234040392432495,997618.004735701,-2453.39388375043,995164.6108519506,4906,5,1669.0259067357513,83,110,39,34.53853302830998,0.6332831325301205,39.80654761904759,7668.279087016197,92.38890466284575,0
4908,29.64594586918195,2,0,195,0.010256410256410256,0.0,1.0,195,5600,4000,1600,0.7142857142857143,72,40,32,202.3871767359937,0.4244195523834699,0.7718660736754619,0.13310253633059335,1005153.6787553341,-3913.9569541823435,1001239.7218011518,4907,0,1652.8974358974358,85,110,39,34.32519148177433,0.6346813725490197,39.59544573643409,7719.939319786072,90.82281552689496,0
4909,29.36207854204823,0,1,194,0.0,0.005128205128205128,0.9948717948717949,195,5250,3500,1750,0.6666666666666666,70,35,35,234.4534455808589,0.42433364173054894,0.796031166409209,0.14651443476266662,981901.2676565885,1792.0270844602537,983693.2947410487,4908,1,1653.8974358974358,69,126,35,35.32058566852716,0.6236413043478262,41.383928571428584,7593.505401521692,110.05080292060423,8
4910,29.54696854680929,0,1,193,0.0,0.005154639175257732,0.9948453608247423,194,5400,3600,1800,0.6666666666666666,72,36,36,237.6365608344436,0.4234171073482542,0.7981695317837756,0.14922290126588694,989399.5104315509,2823.4993900473123,992223.0098215982,4909,2,1663.4175257731958,70,124,38,35.06210197101121,0.6248511904761904,41.21185446009391,7646.405196554738,109.23435995078196,0
4911,29.928257309675935,0,1,192,0.0,0.0051813471502590676,0.9948186528497409,193,4550,3500,1050,0.7692307692307693,56,35,21,231.62138987495993,0.4232872769142199,0.7789603120543505,0.1422937213660137,996095.8010489467,2993.4187775135024,999089.2198264602,4910,3,1658.3575129533679,81,112,35,36.021048744460835,0.6118827160493827,41.99695121951218,7721.581630583268,95.32816827880578,8
4912,30.18036845420727,0,0,192,0.0,0.0,1.0,192,5550,3600,1950,0.6486486486486487,75,36,39,231.69956033925624,0.4230555101076207,0.7791378122093793,0.14283395501012075,1005456.6124589251,2642.7710093859905,1008099.383468311,4911,4,1667.5208333333333,80,112,38,35.89162348877369,0.6135416666666667,41.872427983539076,7790.385231646673,97.3798153955834,0
4913,30.251630215471977,0,0,192,0.0,0.0,1.0,192,5100,3900,1200,0.7647058823529411,63,39,24,228.47159812579136,0.4230089259744037,0.7754273324688641,0.14116426160757264,1008469.1877018767,2581.3133949729863,1011050.5010968497,4912,5,1668.5208333333333,83,109,40,35.89132488073506,0.6132028112449799,41.79067460317458,7811.253030091186,94.11148229025525,0
4914,30.434921787193392,2,1,193,0.010309278350515464,0.005154639175257732,0.9948453608247423,194,4550,2700,1850,0.5934065934065934,64,27,37,225.7242923091901,0.4244954418389331,0.7755319242328023,0.14035063215765628,1016361.7816717706,2533.508779593846,1018895.2904513645,4913,0,1652.3092783505156,70,124,40,35.73043807361152,0.6212797619047619,41.563967136150254,7865.480447203849,112.36400638862641,0
4915,30.44614151452891,3,0,196,0.015306122448979591,0.0,1.0,196,5050,3700,1350,0.7326732673267327,64,37,27,216.6838444159323,0.42628096110238967,0.7674532104712584,0.13572650622617688,1018809.1924524532,-98.10149062191067,1018711.0909618313,4914,0,1634.0969387755101,73,123,42,35.69507926143577,0.6224315068493151,41.3006756756757,7876.396238091444,107.89583887796498,0
4916,30.196215145884256,2,0,198,0.010101010101010102,0.0,1.0,198,5300,3700,1600,0.6981132075471698,69,37,32,206.44572416487568,0.4274219564511443,0.7676801778759903,0.1237838532340826,998131.2790646787,-3688.013056375343,994443.2660083034,4915,0,1618.580808080808,89,109,38,37.57385212694128,0.6000702247191011,42.88194444444448,7763.992123447062,87.23586655558496,7
4917,29.991396531281996,1,0,199,0.005025125628140704,0.0,1.0,199,5450,3800,1650,0.6972477064220184,71,38,33,209.14929220057326,0.42777862375852327,0.7695055072909216,0.12588542438258632,992443.738304888,-3736.2189169278727,988707.5193879601,4916,0,1611.4422110552764,93,106,38,37.36103632708738,0.6002464157706093,42.74157801418443,7715.539344788551,82.96278865364033,0
4918,29.926358495775485,1,0,200,0.005,0.0,1.0,200,4800,2900,1900,0.6041666666666666,67,29,38,208.08595681042823,0.4282003768844221,0.7688116261957321,0.12568391791349834,991276.8111698692,-3545.8432567456066,987730.9679131235,4917,0,1604.38,76,124,40,37.257787588913374,0.6077302631578947,42.61363636363635,7702.636590105827,101.35048144876089,0
4919,30.224283116366607,0,1,199,0.0,0.005,0.995,200,5750,4200,1550,0.7304347826086957,73,42,31,212.5526510963681,0.4281192420435511,0.773490387645762,0.12895402713743281,1002408.502209336,-3137.083074773369,999271.4191345627,4918,1,1605.38,76,124,38,36.97703277655214,0.609375,42.45129870129869,7784.224864304456,102.42401137242705,0
4920,30.807597663902488,2,1,200,0.009950248756218905,0.004975124378109453,0.9950248756218906,201,6250,4600,1650,0.736,79,46,33,220.16737043317565,0.42808665008291874,0.7893864013266987,0.13589641140530492,1026714.6046068198,-1240.1890636758071,1025474.415543144,4919,0,1598.363184079602,77,124,36,36.14279433064346,0.6152597402597403,41.82692307692307,7953.692281497897,103.29470495451814,8
4921,31.346151906657486,0,1,199,0.0,0.005,0.995,200,5700,4000,1700,0.7017543859649122,74,40,34,223.05881760260954,0.42765127721943047,0.7907135655593076,0.1381460432339363,1045643.8435992467,948.0158773394605,1046591.8594765861,4920,1,1601.4,79,121,38,35.9442477021055,0.6156381856540085,41.70572916666668,8096.531450161027,102.48773987545604,0
4922,31.55853086805412,0,2,197,0.0,0.010050251256281407,0.9899497487437185,199,5400,4100,1300,0.7592592592592593,67,41,26,224.37727510826505,0.42726786288344076,0.7893434696226735,0.13946083606049078,1053774.8495906212,2088.625865752878,1055863.475456374,4921,2,1610.4170854271356,69,130,39,35.778964643556364,0.6216787439613527,41.577380952380935,8155.438200217637,118.1947565248933,0
4923,31.949266457729927,2,0,199,0.010050251256281407,0.0,1.0,199,5050,3400,1650,0.6732673267326733,67,34,33,210.71799619857475,0.42765489907449705,0.7712771564159158,0.12730153324062696,1058349.1602372474,-247.35713527243024,1058101.803101975,4922,0,1608.0904522613066,70,129,42,37.1818712950297,0.6107142857142858,42.60563380281692,8223.561190352346,117.47944557646208,8
4924,31.716383078905995,1,0,200,0.005,0.0,1.0,200,5450,3500,1950,0.6422018348623854,74,35,39,209.389794439449,0.42804334170854275,0.7710745625698028,0.12762257065948052,1053266.5708352083,-1341.3458485743158,1051925.224986634,4923,0,1601.045,75,125,42,36.887121292701515,0.6115277777777778,42.28344298245615,8173.837048145168,108.98449397526892,0
4925,31.51035036297625,0,1,199,0.0,0.005,0.995,200,6450,4300,2150,0.6666666666666666,86,43,43,221.27573070959394,0.42837363902847575,0.7875818162404569,0.13128652872731755,1038425.9046434672,-494.3098324491257,1037931.5948110181,4924,1,1602.045,75,125,41,37.58947956151121,0.6015277777777778,43.27028508771931,8089.643265472998,107.86191020630663,7
4926,31.210919604568634,3,2,200,0.01485148514851485,0.009900990099009901,0.9900990099009901,202,5800,4200,1600,0.7241379310344828,74,42,32,213.3560314334103,0.42976536459616116,0.7811194762289926,0.12726545381632626,1030140.2178239799,-2242.674261025084,1027897.5435629549,4925,0,1587.1237623762377,79,123,34,37.591222379890574,0.6017932489451476,43.072916666666686,8018.930542153017,101.5054499006711,0
4927,31.37589782507785,1,0,201,0.004975124378109453,0.0,1.0,201,5300,3500,1800,0.660377358490566,71,35,36,216.1075113416518,0.42877383913764516,0.7851846027687512,0.1293630833507247,1036635.3666296384,-695.0621497853963,1035940.304479853,4926,0,1596.0149253731342,79,122,36,37.38750717590248,0.6031118143459915,42.94270833333334,8065.403318524591,102.09371289271634,0
4928,31.63245263553991,0,2,199,0.0,0.009950248756218905,0.9900497512437811,201,7100,5700,1400,0.8028169014084507,85,57,28,221.23534941737984,0.4289686981757877,0.7905789255989708,0.13309385547055153,1046599.7744941132,-991.0266379289415,1045608.7478561843,4927,1,1597.0149253731342,80,121,38,37.06871052675431,0.6045572916666666,42.75977366255143,8137.1392755748875,101.7142409446861,0
4929,31.270827469961198,1,0,200,0.005,0.0,1.0,200,5000,3300,1700,0.66,67,33,34,215.99686224664052,0.429151486599665,0.7847268588770859,0.13058892864269372,1036096.6662965561,-241.27421914783918,1035855.3920774083,4928,0,1602.6,71,129,36,37.017893272635305,0.610475352112676,42.578125,8049.795040118918,113.37739493125237,0
4930,31.048187448336844,1,0,201,0.004975124378109453,0.0,1.0,201,5350,3900,1450,0.7289719626168224,68,39,29,212.5911958355771,0.4300155472636816,0.7826876653176225,0.12931394673906846,1030492.6771077699,-1735.26589477083,1028757.411212999,4929,0,1595.6218905472638,73,128,37,36.87914321878015,0.6117294520547945,42.35641891891892,7999.366200266182,109.58035890775592,0
4931,30.91324016240586,1,1,201,0.0049504950495049506,0.0049504950495049506,0.995049504950495,202,6400,4800,1600,0.75,80,48,32,210.24234331423312,0.4306720317554143,0.7808492380637253,0.12864941592014753,1027736.9680297087,-3585.2343061538177,1024151.7337235549,4930,0,1588.7178217821781,76,126,42,36.71884563594076,0.6125274122807017,42.140151515151516,7971.283424453708,104.88530821649616,0
4932,31.062095983702008,0,1,200,0.0,0.004975124378109453,0.9950248756218906,201,5500,3500,2000,0.6363636363636364,75,35,40,207.6729049109877,0.43095771144278605,0.7785348411301638,0.1276488983360385,1033986.4864185626,-2753.8045453503055,1031232.6818732123,4931,1,1590.4179104477612,76,125,36,36.61939215994686,0.614172149122807,41.97781385281386,8014.709912028538,105.45670936879655,0
4933,30.634443246625228,1,1,200,0.004975124378109453,0.004975124378109453,0.9950248756218906,201,5700,4000,1700,0.7017543859649122,74,40,34,203.5624880313455,0.4317226368159204,0.7740101478949131,0.12564719088831333,1020943.9446868158,-4334.822095803049,1016609.1225910127,4932,0,1590.3482587064677,77,124,37,36.571487688806094,0.6152597402597403,41.82692307692308,7908.988472806619,102.71413601047557,0
4934,30.834260835321246,0,2,198,0.0,0.01,0.99,200,6000,4600,1400,0.7666666666666667,74,46,28,226.6388121819325,0.43086840452261305,0.7926149544803358,0.13236807710674336,1011509.8346814293,-150.52251149153926,1011359.3121699378,4933,1,1599.285,87,113,38,38.0513290047291,0.5908764367816092,43.85653409090909,7897.994439104133,90.781545277059,8
4935,31.3705909648579,2,0,200,0.01,0.0,1.0,200,5500,4300,1200,0.7818181818181819,67,43,24,221.54739310036942,0.43047162897822444,0.7893512336719903,0.13002227755209012,1030558.4283203833,163.50664639869865,1030721.934966782,4934,0,1600.14,69,131,38,37.996794871794876,0.6003925120772946,43.67559523809522,8041.048056096343,116.53692834922236,0
4936,31.626631149946576,0,0,200,0.0,0.0,1.0,200,5550,4100,1450,0.7387387387387387,70,41,29,219.7588135275201,0.43035804020100504,0.7857360222531291,0.12955607324228136,1040333.4190141313,174.4875671145919,1040507.906581246,4935,1,1601.14,72,128,38,37.87076958738989,0.6005497685185186,43.507420091324185,8111.996217469855,112.66661413152576,0
4937,32.130641563143804,4,1,203,0.0196078431372549,0.004901960784313725,0.9950980392156863,204,6350,4500,1850,0.7086614173228346,82,45,37,212.82400445979744,0.4324400737306417,0.7859133285833324,0.12688686973361935,1060349.3996193255,-2016.438929294798,1058332.9606900308,4936,0,1570.7254901960785,78,126,34,37.62307106685826,0.6020299145299146,43.090717299578046,8254.660076691607,105.8289753422001,0
4938,32.50069133962555,1,0,204,0.004901960784313725,0.0,1.0,204,6250,4400,1850,0.704,81,44,37,215.15463928668805,0.4325260995202678,0.7896099616317129,0.128937996061734,1074144.1954809348,-828.5786158821356,1073315.6168650526,4937,0,1571.549019607843,80,124,37,37.36963535414168,0.603125,42.90123456790122,8355.88761910739,104.44859523884239,0
4939,32.9304880923425,1,0,205,0.004878048780487805,0.0,1.0,205,5150,3100,2050,0.6019417475728155,72,31,41,213.71521940038804,0.4328720309261916,0.7896215441604528,0.1287078246465452,1089880.0963693552,434.792783138696,1090314.889152494,4938,0,1564.878048780488,85,120,39,37.22199009776689,0.603063725490196,42.720445736434115,8472.34129807956,99.67460350681836,0
4940,32.89614166899801,2,0,207,0.00966183574879227,0.0,1.0,207,4250,2700,1550,0.6352941176470588,58,27,31,207.81389033953843,0.43340974469615245,0.7850750232657262,0.1258320079626387,1090416.5090770086,-329.2606316495394,1090087.248445359,4939,0,1550.7487922705313,72,135,40,37.17209783492205,0.6105324074074074,42.52283105022831,8470.00542630423,117.63896425422541,0
4941,33.24298369378837,1,0,208,0.004807692307692308,0.0,1.0,208,5400,3700,1700,0.6851851851851852,71,37,34,203.67500147365644,0.4340422937569677,0.7816221055862229,0.12373273017792052,1102941.1797447507,-2071.6907180262006,1100869.4890267246,4940,0,1544.2884615384614,74,134,42,37.156166316205656,0.6107826576576576,42.402777777777786,8563.300257898534,115.72027375538559,0
4942,33.3598116812493,0,0,208,0.0,0.0,1.0,208,6450,4800,1650,0.7441860465116279,81,48,33,231.49136158007886,0.4340422937569677,0.8092801468567159,0.13144683401025367,1085275.5690910234,2196.3838356953156,1087471.9529267186,4941,1,1545.2884615384614,71,137,37,39.01703675344562,0.5867077464788732,44.92187500000001,8509.358214006186,119.85011569022798,8
4943,32.829250248186455,3,1,210,0.014218009478672985,0.004739336492890996,0.995260663507109,211,5550,3700,1850,0.6666666666666666,74,37,37,221.86037604231785,0.43596535770706385,0.8035925470990228,0.12703979494397732,1070693.1527567566,-241.12290068997754,1070452.0298560667,4942,0,1524.303317535545,65,146,39,38.93600914596466,0.5932692307692308,44.60227272727274,8384.515901454468,128.99255233006875,0
4944,33.210022475355544,1,1,210,0.004739336492890996,0.004739336492890996,0.995260663507109,211,5300,3500,1800,0.660377358490566,71,35,36,220.14693089062345,0.4365944482058226,0.8032547647572417,0.12675540679230318,1084884.1414762125,266.7828235793904,1085150.924299792,4943,0,1525.1895734597156,67,144,40,38.76628111390785,0.5942164179104478,44.39338235294118,8488.701516908444,126.69703756579767,0
4945,33.116743773892786,1,0,211,0.004739336492890996,0.0,1.0,211,5500,3800,1700,0.6909090909090909,72,38,34,218.6356201951296,0.43606033250583015,0.8025145969413618,0.12659363242756735,1083630.8656476198,-315.9387253094442,1083314.9269223104,4944,0,1526.170616113744,69,142,45,38.58844501968084,0.5952596618357489,44.18154761904762,8471.874140133797,122.78078463962025,0
4946,33.50141136036008,2,2,211,0.009389671361502348,0.009389671361502348,0.9906103286384976,213,6350,4400,1950,0.6929133858267716,83,44,39,211.97625486144938,0.4374630909144595,0.798473027708736,0.12387362393465899,1099184.51291089,-2349.796710288811,1096834.716200601,4945,0,1512.8309859154929,72,141,41,38.405539772727266,0.5972222222222222,43.83561643835615,8581.868389571655,119.19261652182854,0
4947,32.96928767631378,1,0,212,0.0047169811320754715,0.0,1.0,212,5450,3700,1750,0.6788990825688074,72,37,35,208.26815847180126,0.4379452442695759,0.7935802569718353,0.12219847092451255,1082998.7778874377,-2739.1677804345045,1080259.6101070032,4946,0,1518.3207547169811,63,149,45,38.34666836000341,0.6038359788359788,43.68489583333332,8450.52640505514,134.13533976278,0
4948,32.81648864482272,1,0,213,0.004694835680751174,0.0,1.0,213,5400,3900,1500,0.7222222222222222,69,39,30,202.79817130157892,0.4382990817019517,0.7885736139364821,0.11962699421897513,1079655.714432075,-4209.559095575347,1075446.1553364997,4947,0,1512.18779342723,66,147,46,38.28363335151622,0.6040088383838385,43.48569651741291,8417.898727470883,127.5439201131952,0
4949,32.787294066417225,2,0,215,0.009302325581395349,0.0,1.0,215,6650,4800,1850,0.7218045112781954,85,48,37,195.14280710352048,0.4393773092805912,0.7829857064221615,0.11606676279739331,1081274.3202459842,-7449.418779650079,1073824.9014663342,4948,0,1499.1116279069768,72,143,48,38.16755102418782,0.6038773148148149,43.179223744292194,8420.458313461335,116.95080990918521,0
4950,32.48346034086767,1,0,216,0.004629629629629629,0.0,1.0,216,6350,4600,1750,0.7244094488188977,81,46,35,194.90458021144337,0.43983006747057135,0.7827263687192791,0.11658837616284386,1073010.9346788984,-7723.050842824686,1065287.8838360738,4949,0,1493.1666666666667,75,141,43,37.95909321175277,0.6045833333333333,42.96874999999996,8349.264415738538,111.32352554318051,0
4951,32.47776386873434,3,0,219,0.0136986301369863,0.0,1.0,219,5850,3900,1950,0.6666666666666666,78,39,39,193.538337298861,0.4410293871224498,0.7847107073316848,0.11668851488087692,1075242.982710989,-8029.852186769545,1067213.1305242195,4950,0,1473.6986301369864,70,149,46,37.698842579394466,0.6099702380952381,42.678990610328626,8357.21098142209,119.38872830602985,0
4952,32.393804331355234,1,0,220,0.004545454545454545,0.0,1.0,220,6650,4300,2350,0.6466165413533834,90,43,47,194.48514038651655,0.4416761796042618,0.7852973618898795,0.1180035606394264,1074390.33631692,-8859.408922297373,1065530.9273946225,4951,0,1467.9954545454545,71,149,47,37.43891135827436,0.6117957746478873,42.44791666666667,8343.091792632908,117.50833510750574,0
4953,32.508610749598546,1,2,219,0.004524886877828055,0.00904977375565611,0.9909502262443439,221,7200,5300,1900,0.7361111111111112,91,53,38,193.49948846637764,0.44211658439599616,0.7848873572273516,0.1180662823494785,1079907.691636695,-9607.682815478562,1070300.0088212164,4952,0,1462.3484162895927,73,148,42,37.25623714342926,0.61287100456621,42.24380630630631,8379.29576908643,114.78487354912917,0
4954,32.66884738276493,0,1,218,0.0,0.0045662100456621,0.995433789954338,219,5600,3800,1800,0.6785714285714286,74,38,36,194.79098024889356,0.4416603828913745,0.7843212631522738,0.11926431153214909,1086282.0696049326,-7080.410166971588,1079201.659437961,4953,1,1476.5433789954338,75,144,45,37.09567942244666,0.6131944444444444,42.118969298245624,8424.676034905755,112.3290137987434,0
4955,33.04170237204116,2,1,219,0.00909090909090909,0.004545454545454545,0.9954545454545455,220,6650,5000,1650,0.7518796992481203,83,50,33,194.92033972934112,0.44222187629721876,0.7862059189303798,0.12008024416196666,1100575.1911300004,-7745.101969451079,1092830.0891605492,4954,0,1470.7363636363636,76,144,37,36.865685657878636,0.6149945175438596,41.89664502164503,8528.174236420109,112.2128189002646,0
4956,32.95662647718613,0,1,218,0.0,0.0045662100456621,0.995433789954338,219,6350,4400,1950,0.6929133858267716,83,44,39,198.02720048148538,0.44195886221775377,0.7893385928625916,0.12221626304945189,1098298.693720302,-6651.396878019039,1091647.296842283,4955,1,1478.4520547945206,75,144,39,36.71869469809583,0.616111111111111,41.831140350877206,8508.374675497265,113.44499567329687,0
4957,33.394707718987895,4,1,221,0.018018018018018018,0.0045045045045045045,0.9954954954954955,222,6000,4600,1400,0.7666666666666667,74,46,28,193.8589746400188,0.4434474066827008,0.7876930910378301,0.12086500008698828,1116040.552404057,-7129.104570853673,1108911.4478332032,4956,0,1458.8153153153153,72,150,40,36.4549987121463,0.6212384259259259,41.46689497716897,8633.637477919894,119.91163163777631,0
4958,33.21615218322499,1,0,222,0.0045045045045045045,0.0,1.0,222,6500,4900,1600,0.7538461538461538,81,49,32,191.0746676259549,0.4432809506338918,0.784879068736869,0.11948262124011298,1110981.8851150689,-8443.90111263586,1102537.984002433,4957,0,1459.7837837837837,74,148,46,36.419177138151994,0.6213400900900901,41.36111111111114,8590.988693833635,116.09444180856264,0
4959,33.534936830074116,0,2,220,0.0,0.009009009009009009,0.990990990990991,222,6400,4700,1700,0.734375,81,47,34,192.7481327204817,0.4430860441889854,0.7866239120476402,0.1209802109628564,1122798.5063239546,-7516.536896942047,1115281.9694270126,4958,1,1460.7837837837837,75,147,40,36.24028954802261,0.6222222222222222,41.228070175438624,8677.900320063107,115.70533760084142,0
4960,33.158392026286805,1,1,220,0.004524886877828055,0.004524886877828055,0.995475113122172,221,6900,4800,2100,0.6956521739130435,90,48,42,193.84896018451073,0.4429855683532154,0.7871748736791706,0.12213681479028717,1111355.5311935341,-8012.977176565359,1103342.5540169687,4959,0,1466.1719457013576,77,144,48,36.0735179071887,0.6227002164502164,41.09241452991456,8584.959217596517,111.49297685190282,0
4961,33.06053196477861,1,2,219,0.004524886877828055,0.00904977375565611,0.9909502262443439,221,5550,3900,1650,0.7027027027027027,72,39,33,194.48587212525527,0.4431612505141917,0.7884068818972547,0.1228155167087302,1108761.57101974,-6622.307776251241,1102139.2632434887,4960,0,1466.9864253393664,77,144,49,35.97534118840132,0.6235119047619048,41.01228632478635,8562.271586444404,111.19833229148576,0
4962,33.16904383015066,0,1,218,0.0,0.0045662100456621,0.995433789954338,219,6900,4900,2000,0.7101449275362319,89,49,40,198.87026685826163,0.44206882828536714,0.7911172492873892,0.12596415433617866,1113318.7323350932,-6418.801320443452,1106899.9310146498,4961,1,1481.2602739726028,77,142,38,35.75282846245041,0.6245941558441559,40.90544871794874,8593.918527627626,111.6093315276315,0
4963,33.4086321073,0,1,217,0.0,0.0045871559633027525,0.9954128440366973,218,6700,4900,1800,0.7313432835820896,85,49,36,202.50587296952148,0.4414930628954748,0.7947989887188522,0.1286476301755979,1122265.963105519,-4846.910287467235,1117419.0528180518,4962,2,1489.032110091743,76,142,38,35.55193110647181,0.6260964912280702,40.8008658008658,8659.488516989557,113.94063838144154,0
4964,33.35403286048606,0,0,217,0.0,0.0,1.0,217,6050,4200,1850,0.6942148760330579,79,42,37,206.6793797162758,0.4415402585765489,0.7979804092291218,0.13180646550772854,1121606.2189177773,-3087.42447763166,1118518.7944401456,4963,3,1496.8801843317972,77,140,39,35.30514573355994,0.6270292207792207,40.66506410256408,8649.865973795062,112.33592173759821,0
4965,33.393917455149776,0,1,216,0.0,0.004608294930875576,0.9953917050691244,217,6350,4100,2250,0.6456692913385826,86,41,45,210.81800621750173,0.4412771306252489,0.8016644693704957,0.13490218778550006,1123978.0431980842,-2359.037980146408,1121619.0052179378,4964,4,1497.8801843317972,65,152,40,35.076330170123896,0.6344551282051283,40.54608585858584,8664.182592253861,133.29511680390556,0
4966,32.82953472533899,0,0,216,0.0,0.0,1.0,216,6600,4600,2000,0.696969696969697,86,46,40,216.1272924823545,0.4406209625322997,0.8060066271507373,0.1386845336388355,1105811.4664090876,-2000.7923538124214,1103810.6740552753,4965,5,1505.7777777777778,64,152,40,34.83910636371122,0.6360677083333333,40.44871794871794,8520.947827108801,133.13980979857502,0
4967,32.88142781488287,1,1,216,0.004608294930875576,0.004608294930875576,0.9953917050691244,217,5800,4200,1600,0.7241379310344828,74,42,32,211.0416442579234,0.440886883427206,0.8024129008344285,0.13628500393472442,1109454.8739728634,-2371.763833359964,1107083.1101395034,4966,0,1499.8341013824884,67,150,41,34.74441758068954,0.6365049751243781,40.22671568627451,8541.716496396808,127.48830591637027,0
4968,32.82753854888358,0,1,215,0.0,0.004629629629629629,0.9953703703703703,216,6750,5400,1350,0.8,81,54,27,214.50561518376676,0.4406689635371806,0.8045315296709357,0.13904098911911567,1108746.3030342618,-2383.5384369818535,1106362.76459728,4967,1,1505.7314814814815,68,148,42,34.521544880731106,0.6372549019607843,40.096618357487905,8531.988279854728,125.47041588021659,0
4969,32.93175273654919,0,1,214,0.0,0.004651162790697674,0.9953488372093023,215,5750,4300,1450,0.7478260869565218,72,43,29,213.33546333787072,0.44076468883576037,0.8033143864842316,0.13880902174010287,1113394.7507874654,-1244.682992560748,1112150.0677949046,4968,2,1505.893023255814,70,145,44,34.417315504400804,0.6375,39.96478873239435,8563.415280261073,122.33450400372962,0
4970,32.78442148621629,0,1,213,0.0,0.004672897196261682,0.9953271028037384,214,4650,2900,1750,0.6236559139784946,64,29,35,219.42712585909806,0.44051974097962643,0.8014410800885852,0.13714962593906432,1096404.3801478408,666.1723830334117,1097070.5525308743,4969,3,1513.5,71,143,41,35.70243156560005,0.6226525821596245,41.37731481481482,8478.795117008141,119.41964953532593,8
4971,32.28561463963463,0,0,213,0.0,0.0,1.0,213,7000,4800,2200,0.6857142857142857,92,48,44,224.1418841054197,0.43998582691115246,0.8100937611031103,0.13613670224087104,1071111.4274114065,-1583.8133146322552,1069527.6140967743,4970,10,1521.5915492957747,62,151,41,36.63705950317736,0.6174395161290323,42.4107142857143,8316.428413870193,134.13594215919667,8
4972,32.74623872452516,0,3,210,0.0,0.014084507042253521,0.9859154929577465,213,6050,4200,1850,0.6942148760330579,79,42,37,226.91775517619146,0.4400494950837098,0.8111508871317852,0.13817545769036432,1087177.8016536995,689.989245728997,1087867.7908994285,4971,11,1522.5915492957747,63,150,42,36.470439615967685,0.6177248677248677,42.31770833333334,8438.125837999407,133.93850536506994,0
4973,32.408988838133105,3,2,211,0.014084507042253521,0.009389671361502348,0.9906103286384976,213,6150,4100,2050,0.6666666666666666,82,41,41,218.601004354806,0.4414668039684649,0.8039217948612287,0.13428796421364628,1078646.0649874266,-1591.3773700777665,1077054.687617349,4972,0,1518.530516431925,68,145,38,36.35885995708991,0.617953431372549,41.9987922705314,8361.558261529215,122.96409208131199,0
4974,32.516318735886955,0,0,211,0.0,0.0,1.0,211,5850,4000,1850,0.6837606837606838,77,40,37,233.79764138787397,0.44045738358534564,0.8127880368137141,0.1403630992610936,1075214.276883029,2226.5123843642787,1077440.7892673933,4973,1,1532.4502369668246,73,138,38,36.8225660043425,0.6068778538812785,42.83502252252253,8362.058375364866,114.54874486801187,8
4975,32.52480505105584,1,0,212,0.0047169811320754715,0.0,1.0,212,6050,4400,1650,0.7272727272727273,77,44,33,229.42413469866239,0.44105496810635186,0.8108494970315172,0.13882104421597066,1077896.3142152901,1009.0858367442252,1078905.4000520343,4974,0,1526.2169811320755,64,148,38,36.64150845523393,0.61474609375,42.548076923076934,8373.57360809637,130.8370876265058,0
4976,32.48578378306774,2,1,213,0.009345794392523364,0.004672897196261682,0.9953271028037384,214,6550,5300,1250,0.8091603053435115,78,53,25,224.38394898906105,0.44188952510493906,0.8085031731035537,0.13692392941526954,1079178.4400982417,-919.935989380172,1078258.5041088616,4975,0,1512.943925233645,68,146,42,36.45662508297215,0.6155024509803921,42.24033816425122,8373.524642392824,123.1400682704827,0
4977,32.18659480499751,1,0,214,0.004672897196261682,0.0,1.0,214,6350,5000,1350,0.7874015748031497,77,50,27,220.6875887456866,0.44268022465008117,0.8059953508127398,0.13560116708413353,1071313.737615021,-1864.8708911222247,1069448.8667238988,4976,0,1512.911214953271,73,141,39,36.296476894538706,0.615439497716895,41.99042792792794,8304.449552094615,113.75958290540568,0
4978,31.783489958794846,0,1,213,0.0,0.004672897196261682,0.9953271028037384,214,6750,4500,2250,0.6666666666666666,90,45,45,218.08704330147185,0.4427327856025039,0.8035761429552009,0.1344327595276243,1058843.378668301,-3365.9956453776304,1055477.3830229235,4977,1,1513.911214953271,74,140,39,36.24562819478075,0.6161317567567568,41.875000000000014,8204.113345613954,110.86639656235073,0
4979,32.17676754439247,0,2,211,0.0,0.009389671361502348,0.9906103286384976,213,7700,5700,2000,0.7402597402597403,97,57,40,226.27047494598602,0.44166611303038356,0.8096107252049971,0.14017769126464735,1073442.1614261062,-1722.3464614136838,1071719.8149646926,4978,2,1522.0093896713615,73,140,40,35.850136239781996,0.6184360730593608,41.69481981981983,8311.425738170092,113.85514709822044,0
4980,32.37654026175945,0,0,211,0.0,0.0,1.0,211,6250,4900,1350,0.784,76,49,27,228.78194524777032,0.4415688708342737,0.8101572804759356,0.14223793970654927,1081172.1093838876,1020.5316664961856,1082192.6410503837,4979,3,1536.2417061611375,62,149,40,35.65499040307102,0.626008064516129,41.567460317460316,8367.15152598049,134.95405687065306,0
4981,32.38167856118131,0,1,210,0.0,0.004739336492890996,0.995260663507109,211,6800,5000,1800,0.7352941176470589,86,50,36,227.00797371482082,0.4411664033701948,0.8091195690753064,0.1419023092969515,1082965.800687692,168.37440331240396,1083134.1750910042,4980,4,1537.2417061611375,63,148,41,35.50267463813717,0.6273148148148149,41.37369791666667,8374.753781529489,132.93259970681729,0
4982,32.43791531434118,0,0,210,0.0,0.0,1.0,210,5850,4100,1750,0.7008547008547008,76,41,35,227.29443222803798,0.44097222222222227,0.8062200795060483,0.14250196586234443,1085730.273951906,1506.0892341380322,1087236.3631860442,4981,5,1543.8761904761905,67,143,39,35.387556739688186,0.6259328358208955,41.268382352941174,8392.714302377788,125.2643925728028,0
4983,32.550857013528486,2,0,212,0.009433962264150943,0.0,1.0,212,6150,4900,1250,0.7967479674796748,74,49,25,224.55427217937327,0.4417461213448985,0.8059432823486157,0.1413887322875338,1090793.6787952397,438.4761279451868,1091232.1549231848,4982,0,1530.301886792453,69,143,43,35.30272221264202,0.6263586956521738,41.11607142857143,8426.893742029099,122.12889481201591,0
4984,33.00323352703611,0,2,210,0.0,0.009433962264150943,0.9905660377358491,212,5400,3500,1900,0.6481481481481481,73,35,38,212.85897349145472,0.44163387880413724,0.7922687561413786,0.1347724336203309,1107636.4312746145,-645.9292474293688,1106990.5020271852,4983,1,1531.301886792453,84,128,35,35.40434858016806,0.6216517857142857,40.919117647058826,8550.506862684693,101.79174836529397,8
4985,32.52692073016025,0,2,208,0.0,0.009523809523809525,0.9904761904761905,210,5200,3000,2200,0.5769230769230769,74,30,44,212.07514405572377,0.4404201792359687,0.7908818235017943,0.13479715348786886,1092802.6036794682,-848.7460800413364,1091953.8575994268,4984,8,1546.8761904761905,85,125,38,35.28510155288692,0.622671568627451,40.78246124031008,8431.548335103676,99.19468629533738,0
4986,32.40117011089635,0,1,207,0.0,0.004807692307692308,0.9951923076923077,208,6100,4600,1500,0.7540983606557377,76,46,30,214.23731689562885,0.4401254567694785,0.790131514991598,0.13655471786937734,1089408.9331935076,-1021.5906300985853,1088387.3425634091,4985,9,1560.6298076923076,88,120,40,35.12799392188724,0.6226325757575757,40.68352059925094,8402.15736162243,95.47906092752761,0
4987,32.3795129886085,0,0,207,0.0,0.0,1.0,207,6450,4500,1950,0.6976744186046512,84,45,39,219.96435091283837,0.4400698450666792,0.7953175828582737,0.14073261872440812,1089788.361864972,92.91792999887821,1089881.2797949708,4986,10,1569.12077294686,70,137,40,34.844704252431605,0.631547619047619,40.55164319248827,8400.811439121973,120.01159198745677,0
4988,32.299512751000606,0,0,207,0.0,0.0,1.0,207,6400,4500,1900,0.703125,83,45,38,215.87218960547412,0.4399848349827244,0.7914622791613137,0.13888254402765873,1088722.9775510067,-794.9973924544756,1087927.9801585523,4987,11,1570.12077294686,73,134,39,34.75258651847835,0.63199200913242,40.35754504504505,8386.32478451868,114.88116143176273,0
4989,32.6461933675401,1,0,208,0.004807692307692308,0.0,1.0,208,5900,3900,2000,0.6610169491525424,79,39,40,213.6965458327231,0.4402014237272389,0.7898364707649617,0.13838006939630484,1102330.7380005547,-387.14578480892123,1101943.5922157457,4988,0,1563.5673076923076,77,131,39,34.57756265309967,0.6324404761904762,40.13087606837607,8483.737670125038,110.17841130032517,0
4990,32.98308041649943,0,0,208,0.0,0.0,1.0,208,5900,3900,2000,0.6610169491525424,79,39,40,215.2709233351125,0.4402057785209959,0.7948880061729748,0.13836610927769,1111483.9310523036,354.03442195384196,1111837.9654742575,4989,1,1564.5673076923076,70,138,40,34.801615333898475,0.6331845238095238,40.39025821596243,8562.72899016954,122.32469985956486,8
4991,33.296741996855005,0,0,208,0.0,0.0,1.0,208,5450,4000,1450,0.7339449541284404,69,40,29,216.61350185079274,0.4403112613031091,0.7971658918601878,0.1398156051865945,1123322.4641217515,1615.3625322148164,1124937.8266539662,4990,2,1565.5673076923076,70,138,42,34.61686905770498,0.6346726190476191,40.24354460093897,8649.04367744011,123.557766820573,0
4992,33.167662813033054,1,1,208,0.004784688995215311,0.004784688995215311,0.9952153110047847,209,5750,3900,1850,0.6782608695652174,76,39,37,215.53112039724266,0.4406188657833395,0.7957596279040111,0.13970256022509545,1120227.2001237194,738.7647084262417,1120965.9648321457,4991,0,1559.0717703349283,76,133,43,34.49569279616905,0.6332236842105263,40.0974025974026,8620.361714880839,113.42581203790577,0
4993,32.63281529910561,0,0,208,0.0,0.0,1.0,208,6050,4200,1850,0.6942148760330579,79,42,37,217.84274894340672,0.4403373900656509,0.7965685015918673,0.14188192952922749,1103578.4394057163,431.31218296321094,1104009.7515886794,4992,1,1566.2932692307693,77,131,35,34.26513128615934,0.634469696969697,39.93055555555556,8486.798145496563,110.2181577337216,0
4994,32.15536971733116,0,1,207,0.0,0.004807692307692308,0.9951923076923077,208,6400,4800,1600,0.75,80,48,32,219.70200674518873,0.440050941409637,0.7984201730623068,0.1437129301662675,1088682.205741469,-162.86693816434808,1088519.3388033046,4993,2,1567.2932692307693,78,130,37,34.06405708977282,0.6355502136752137,39.781118143459906,8367.434353527542,107.27479940419926,0
4995,32.29989105879693,0,1,206,0.0,0.004830917874396135,0.9951690821256038,207,6200,4700,1500,0.7580645161290323,77,47,30,221.7368245225619,0.43965749730312836,0.7993895058651042,0.14561026012784042,1094704.0790421139,947.2412557386047,1095651.3202978524,4994,3,1561.280193236715,81,126,38,33.873861510937616,0.6356738683127572,39.64684959349593,8409.37839494464,103.81948635734125,0
4996,32.323067334476654,0,0,206,0.0,0.0,1.0,206,4950,3000,1950,0.6060606060606061,69,30,39,224.53893006460788,0.4393120017365222,0.8014851603296482,0.14756126645709267,1095707.2476200818,3055.7866089298595,1098763.0342290115,4995,4,1569.5873786407767,82,124,39,33.7744613679086,0.6355436991869918,39.62098393574297,8416.248468729755,102.63717644792384,0
4997,32.6798544006074,1,1,206,0.004830917874396135,0.004830917874396135,0.9951690821256038,207,5750,4400,1350,0.7652173913043478,71,44,27,212.95181785663968,0.43920508731610464,0.789903406571278,0.13659774384838766,1100662.9186842262,-272.36612375970526,1100390.5525604666,4996,0,1563.0,69,138,38,34.93438592970588,0.6330012077294687,40.46130952380953,8481.686616086234,122.92299443603237,8
4998,32.152406312863725,0,0,206,0.0,0.0,1.0,206,6900,5300,1600,0.7681159420289855,85,53,32,209.14689907221248,0.43831448812060936,0.78539500391265,0.134773005273603,1084234.549121751,-2747.1412368454294,1081487.4078849056,4997,1,1571.4708737864078,73,133,38,34.869719677669984,0.6325627853881279,40.301238738738746,8349.94009101948,114.38274097286958,0
4999,32.36120407812309,0,0,206,0.0,0.0,1.0,206,5850,4100,1750,0.7008547008547008,76,41,35,214.3519791342098,0.4380017167890125,0.7902701173064635,0.1386303024127277,1092340.5460891598,-220.928411448921,1092119.617677711,4998,2,1572.4708737864078,73,133,37,34.605139596200374,0.6338470319634704,40.17454954954955,8408.264426717295,115.18170447557938,0
5000,32.4873926434413,0,0,206,0.0,0.0,1.0,206,6650,4900,1750,0.7368421052631579,84,49,35,211.67024760179905,0.4377836648512116,0.7879677941915635,0.13742046563867094,1097721.9527955435,-1378.984490767285,1096342.9683047761,4999,3,1573.4708737864078,74,132,40,34.53912218838491,0.6347128378378378,40.04166666666668,8445.368445934619,114.12660062073809,0
